           1           1   1.9996233841660793     
           1           2  -2.3644274249965229E-003
           1           3   1.2676218267961121E-003
           1           4  -7.0692490014828847E-003
           1           5   2.1054437966289870E-003
           1           6   4.1039965293283013E-004
           1           7   3.8849715691320479E-009
           1           8  -1.0428411847626120E-008
           1           9   5.8138970239674794E-008
           1          10   6.9441546149914998E-012
           1          11   4.7705110487397695E-010
           1          12  -1.0137110090768840E-009
           1          13   6.7602300181194549E-012
           1          14  -1.1496120944349319E-009
           1          15   2.6569052987590337E-009
           1          16  -1.4672069765480446E-011
           1          17   7.5338056202841183E-010
           1          18  -1.8326214137979019E-009
           1          19   2.1234586256879383E-012
           1          20   1.4490818317077929E-012
           1          21   1.5620423162439950E-011
           1          22   1.1064550547112662E-003
           1          23  -1.1391068074414131E-005
           1          24   1.0724983963389671E-003
           1          25  -4.8680429686622212E-006
           1          26   1.3115829111023059E-006
           1          27   1.0703259295741828E-003
           1          28   3.7949861603525984E-004
           1          29  -2.2970739309391676E-005
           1          30   3.1102311215247709E-004
           1          31  -9.8166478419248630E-006
           1          32   2.6448501730049050E-006
           1          33   3.0664217483847772E-004
           1          34  -1.3625699629408097E-004
           1          35  -6.8235762591852522E-007
           1          36  -1.3829111907127521E-004
           1          37  -2.9163921295240007E-007
           1          38   7.8561810008956207E-008
           1          39  -1.3842126065781950E-004
           1          40  -6.5999533857860288E-012
           1          41   1.3207331177947819E-010
           1          42   6.7540532961597718E-012
           1          43   3.1583781823283846E-010
           1          44  -3.1809405232975831E-010
           1          45   2.3292151152342225E-012
           1          46  -3.1689601838359433E-010
           1          47   1.1999151208235001E-012
           1          48   1.4150837749293468E-010
           1          49  -7.0629998240906887E-010
           1          50   6.7610766855820519E-012
           1          51  -2.3138204885570627E-011
           1          52   1.9435347360164954E-012
           1          53  -5.0842171092083790E-011
           1          54   7.7500067536280382E-011
           1          55  -2.7233977066191217E-012
           1          56   6.9572259595726964E-011
           1          57  -2.8012453889953145E-014
           1          58  -2.2145857023870993E-011
           1          59   1.5432936911967095E-010
           2           1  -2.3644274249965229E-003
           2           2   1.9902591855042215     
           2           3   1.5983191602933280E-002
           2           4  -2.8569704125070421E-002
           2           5  -2.9391094460187402E-002
           2           6  -1.4425504064502217E-002
           2           7   2.4410559507688607E-008
           2           8  -4.7998771993536449E-008
           2           9   3.2492052485389357E-007
           2          10   3.5490102249196618E-011
           2          11   3.2409377272367291E-010
           2          12  -8.4401738400008948E-010
           2          13   9.8999526757593415E-011
           2          14   5.1944034800023268E-009
           2          15  -9.7375513327566916E-009
           2          16  -1.3414122549857315E-010
           2          17  -3.6179282930170695E-009
           2          18   6.3436244247205232E-009
           2          19   1.3357426034371713E-011
           2          20  -2.5122727063995710E-011
           2          21   1.6488108644705664E-010
           2          22   3.1740248079653362E-003
           2          23   4.4489499941377509E-004
           2          24   4.5001947816195971E-003
           2          25   1.9007527034469362E-004
           2          26  -5.1213012982999440E-005
           2          27   4.5850579206764145E-003
           2          28   1.5692388628589932E-002
           2          29  -4.8975898589988264E-004
           2          30   1.4232455865764363E-002
           2          31  -2.0927004096831517E-004
           2          32   5.6383924631892108E-005
           2          33   1.4139042199354806E-002
           2          34   5.4018463210040698E-003
           2          35   1.3319622392702393E-004
           2          36   5.7988904378758633E-003
           2          37   5.6910599213445805E-005
           2          38  -1.5333655758816399E-005
           2          39   5.8242962383757459E-003
           2          40  -5.4263915228066174E-011
           2          41  -5.6777839486578681E-010
           2          42   3.4145791846676872E-011
           2          43  -1.1472124853023709E-009
           2          44   9.7541699496440940E-010
           2          45   1.4503972214748505E-011
           2          46   9.8005883737962833E-010
           2          47   3.2598455517620683E-012
           2          48  -5.0069310266597965E-010
           2          49   2.1971528325441582E-009
           2          50   4.7985954843343635E-011
           2          51   1.5966258740492796E-010
           2          52   1.4439107768526204E-011
           2          53   3.6131176028304719E-010
           2          54  -1.8198078434511897E-010
           2          55  -1.6406838148010466E-011
           2          56  -2.2751417889277339E-010
           2          57   2.0446584560449982E-012
           2          58   1.6007171253125582E-010
           2          59  -5.1222819398639306E-010
           3           1   1.2676218267961121E-003
           3           2   1.5983191602933280E-002
           3           3   2.0348396787652507E-003
           3           4   5.2613595500784961E-002
           3           5  -4.9919721491470653E-003
           3           6   2.0919220645302403E-004
           3           7   9.5815858660504841E-009
           3           8   1.5312463257528488E-007
           3           9  -2.7491148274504425E-007
           3          10   5.5292207793517570E-013
           3          11  -5.1770747557304334E-011
           3          12   1.1313871830007749E-010
           3          13   2.6361605689504977E-011
           3          14  -8.1428066305039627E-010
           3          15   1.8553777538598873E-009
           3          16  -4.3363924953272390E-011
           3          17   2.4501228333538743E-011
           3          18  -2.7609113972299100E-010
           3          19   5.1772457948771065E-012
           3          20   8.8582969152380829E-011
           3          21  -1.6049755560941059E-010
           3          22  -2.9146669873095151E-004
           3          23   3.8625627101249497E-004
           3          24   8.5995271796853432E-004
           3          25   1.6506264783240163E-004
           3          26  -4.4472583615562890E-005
           3          27   9.3361988238097125E-004
           3          28   7.7969537179109288E-004
           3          29   4.5354287913116969E-004
           3          30   2.1317041365118126E-003
           3          31   1.9382618221226101E-004
           3          32  -5.2221572428631555E-005
           3          33   2.2182022748018448E-003
           3          34   3.1469822457831002E-004
           3          35  -2.6630962676483886E-005
           3          36   2.3531060426726675E-004
           3          37  -1.1381660650205161E-005
           3          38   3.0667090656906173E-006
           3          39   2.3023202552485513E-004
           3          40  -1.0635073664814051E-012
           3          41   5.2231796068191942E-011
           3          42  -4.7879531444301624E-011
           3          43  -4.1854081618884967E-011
           3          44  -1.1221686940944913E-010
           3          45   3.3487772248504817E-011
           3          46   1.9138823773177994E-011
           3          47   2.6035640359648361E-011
           3          48  -2.3042173739855026E-011
           3          49   4.1464440582406349E-011
           3          50   1.2740008990636688E-011
           3          51   8.1369910159762787E-011
           3          52  -4.1813816201875462E-012
           3          53   1.4813554568878856E-010
           3          54  -1.4316337561257604E-010
           3          55   7.8327477034156016E-012
           3          56  -1.1130383467738782E-010
           3          57   1.1724681637112614E-011
           3          58   6.1295932394031364E-011
           3          59  -2.4540270718529315E-010
           4           1  -7.0692490014828847E-003
           4           2  -2.8569704125070421E-002
           4           3   5.2613595500784961E-002
           4           4   1.8921691411523329     
           4           5 -0.15154217312585341     
           4           6   3.0176437176774300E-002
           4           7   6.6817967129311871E-008
           4           8  -2.9182431886959327E-007
           4           9   1.2631132524517775E-006
           4          10   6.4123905191995786E-011
           4          11  -1.5774281385431498E-009
           4          12   4.0497761424710853E-009
           4          13  -3.2440754869603989E-010
           4          14  -4.0017017015373961E-008
           4          15   8.4004825203198457E-008
           4          16  -5.5378974393555174E-012
           4          17   2.3803566870237028E-008
           4          18  -5.2091223222823334E-008
           4          19   3.9975610443150510E-011
           4          20   5.5883784520978802E-011
           4          21   2.6218152363593387E-010
           4          22   1.4808091017974506E-002
           4          23   1.2489566396857252E-003
           4          24   1.8531044151790070E-002
           4          25   5.3358818674373656E-004
           4          26  -1.4376935242315747E-004
           4          27   1.8769281739796053E-002
           4          28   6.1268183509119514E-002
           4          29  -4.6916019445973171E-003
           4          30   4.7282551684422088E-002
           4          31  -2.0050012511166294E-003
           4          32   5.4019144292474092E-004
           4          33   4.6387779023629797E-002
           4          34   9.0565922493657872E-003
           4          35  -4.1383702563345870E-003
           4          36  -3.2798781870959030E-003
           4          37  -1.7685874757773204E-003
           4          38   4.7649807238454151E-004
           4          39  -4.0691335316131389E-003
           4          40  -1.1850777113282003E-010
           4          41   2.0988056804406754E-009
           4          42  -2.4394852696227204E-010
           4          43   3.7377625444821508E-009
           4          44  -4.7518745594303948E-009
           4          45   3.7104112542212623E-010
           4          46  -3.5806184455832897E-009
           4          47   2.8621228898845365E-010
           4          48   1.7720332761632707E-009
           4          49  -8.0935226357891996E-009
           4          50   8.7085327672372795E-011
           4          51  -6.3806476974990847E-010
           4          52  -1.7625926947861823E-011
           4          53  -1.5366981925524117E-009
           4          54   1.8246208077838096E-009
           4          55  -1.7475071318729753E-011
           4          56   1.8202459456679072E-009
           4          57  -2.4621913449015984E-012
           4          58  -7.3408411415993981E-010
           4          59   4.0913920020102152E-009
           5           1   2.1054437966289870E-003
           5           2  -2.9391094460187402E-002
           5           3  -4.9919721491470653E-003
           5           4 -0.15154217312585341     
           5           5   1.3255914436171932E-002
           5           6  -1.5800492629754314E-003
           5           7  -1.5818111802771956E-007
           5           8  -4.2271635031351644E-007
           5           9  -3.8582097846015234E-007
           5          10  -1.1075148895067309E-010
           5          11  -1.0601960507032414E-010
           5          12  -6.8735259984321951E-010
           5          13  -5.8545589149269586E-010
           5          14   1.9132787992048775E-009
           5          15  -8.9114902442521828E-009
           5          16   7.9516221440965879E-010
           5          17   1.3693040698119942E-010
           5          18   6.2395450139596693E-009
           5          19  -8.4441976710676099E-011
           5          20  -2.4419606838237248E-010
           5          21  -1.6685542189590949E-010
           5          22  -3.6619876924052618E-004
           5          23  -5.2193088938437841E-004
           5          24  -1.9220531265803295E-003
           5          25  -2.2303498286376004E-004
           5          26   6.0092245867078318E-005
           5          27  -2.0215980045555247E-003
           5          28  -3.9019115281728176E-003
           5          29  -3.1786360297446077E-004
           5          30  -4.8494616407264808E-003
           5          31  -1.3584254649739471E-004
           5          32   3.6599599010667355E-005
           5          33  -4.9100831493999108E-003
           5          34  -8.3389295969043577E-004
           5          35   2.2547392610861516E-004
           5          36  -1.6175479088002549E-004
           5          37   9.6360010409124035E-005
           5          38  -2.5961868657269072E-005
           5          39  -1.1875367407316586E-004
           5          40   2.7667151959390342E-010
           5          41   5.6778753942389056E-011
           5          42  -2.8722172350609064E-011
           5          43  -3.3319170290083161E-011
           5          44   7.5745206574510775E-010
           5          45  -1.6051552910094858E-010
           5          46   3.6178676689730496E-010
           5          47  -7.0467517345033368E-011
           5          48  -1.4273656782093566E-011
           5          49   7.4926582786751946E-010
           5          50  -2.6866450527653345E-010
           5          51  -2.5749201628576514E-010
           5          52  -3.5628034371574378E-011
           5          53  -4.2232011375927441E-010
           5          54  -3.9005778071373034E-010
           5          55   3.9190231655966155E-011
           5          56  -3.2267185509806151E-010
           5          57  -6.2824553936177020E-011
           5          58  -1.8431371445763868E-010
           5          59  -6.9991935879769375E-010
           6           1   4.1039965293283013E-004
           6           2  -1.4425504064502217E-002
           6           3   2.0919220645302403E-004
           6           4   3.0176437176774300E-002
           6           5  -1.5800492629754314E-003
           6           6   1.1938409644522202E-003
           6           7  -4.3979482645447392E-008
           6           8   4.9807420921808185E-007
           6           9  -1.5488927665782411E-006
           6          10  -4.8110529281282248E-011
           6          11   1.1950922907910333E-010
           6          12  -6.9567687182045778E-010
           6          13  -1.4674052087934623E-010
           6          14   2.4609081297597314E-009
           6          15  -7.0292583772526854E-009
           6          16   2.1090656538550233E-010
           6          17  -2.8337841191321629E-009
           6          18   8.4884742607849126E-009
           6          19  -2.3613257863101234E-011
           6          20   2.6019716766652235E-010
           6          21  -8.1518759187634163E-010
           6          22   1.0860245391236050E-003
           6          23  -3.9807265542328419E-004
           6          24  -1.0062691999231029E-004
           6          25  -1.7011937487494583E-004
           6          26   4.5834733381515383E-005
           6          27  -1.7654592343703936E-004
           6          28   2.1303554421392766E-003
           6          29  -7.7378502810484856E-004
           6          30  -1.7629286139493063E-004
           6          31  -3.3068465995485312E-004
           6          32   8.9094368354260259E-005
           6          33  -3.2386683519981628E-004
           6          34   8.5177530506062353E-005
           6          35  -1.7138346663471879E-004
           6          36  -4.2571522503719018E-004
           6          37  -7.3242377618838503E-005
           6          38   1.9732902992436155E-005
           6          39  -4.5840131957264015E-004
           6          40   1.1710476916920969E-010
           6          41  -1.9499809683592775E-010
           6          42  -2.8518576646000058E-011
           6          43  -5.0045753298604137E-010
           6          44   8.3292989023238054E-010
           6          45  -1.0200517366279161E-010
           6          46   5.6353576230240671E-010
           6          47  -6.9467811907593428E-011
           6          48  -2.0888224469326941E-010
           6          49   1.2113825540821332E-009
           6          50  -8.1848692721235063E-011
           6          51   3.4461203866380744E-010
           6          52  -5.6103013270497211E-011
           6          53   6.2957325038807978E-010
           6          54  -1.1106285655600561E-009
           6          55   7.2701865757872392E-011
           6          56  -8.6803108024232029E-010
           6          57   3.7101573460629266E-011
           6          58   2.6195857804203307E-010
           6          59  -1.9147295834889538E-009
           7           1   3.8849715691320479E-009
           7           2   2.4410559507688607E-008
           7           3   9.5815858660504841E-009
           7           4   6.6817967129311871E-008
           7           5  -1.5818111802771956E-007
           7           6  -4.3979482645447392E-008
           7           7   2.0100296088131482     
           7           8  -2.6057528722898114E-003
           7           9  -1.1032032719047644E-003
           7          10  -6.0046994505294519E-003
           7          11   1.9027494611264894E-003
           7          12   8.1330052944025974E-004
           7          13   4.7808160343300876E-003
           7          14   1.0521156564645361E-003
           7          15   4.4974437463608704E-004
           7          16  -1.0896397099282178E-002
           7          17   3.5474504513825756E-005
           7          18   1.5140409361116152E-005
           7          19   9.7814932289543716E-004
           7          20   2.1185780757972385E-005
           7          21   9.0556932497634155E-006
           7          22   2.2217927024980599E-009
           7          23  -2.7280523786148689E-009
           7          24   7.2749672594807100E-009
           7          25   4.6608519777170500E-009
           7          26   4.9322546817302356E-009
           7          27   2.9738217088781987E-009
           7          28   3.6976607410062683E-008
           7          29  -1.2630992379121151E-009
           7          30   4.3305178152256369E-008
           7          31  -2.0651613895366206E-009
           7          32  -1.2172706131727653E-010
           7          33   4.0869997157455752E-008
           7          34   2.9876175838425579E-008
           7          35   5.3805733170309002E-009
           7          36   1.3532436501452607E-008
           7          37   1.9509038362388148E-009
           7          38   5.7553899221074436E-009
           7          39   2.3219497099388468E-008
           7          40  -2.2752803178739721E-003
           7          41   2.7632094298540996E-004
           7          42  -4.3304221998092640E-004
           7          43  -1.3386774802725458E-004
           7          44   1.1805933563276700E-004
           7          45  -2.1779817007827880E-005
           7          46  -2.5768926493122363E-005
           7          47  -3.9695373972816774E-004
           7          48  -5.9772586016043942E-005
           7          49  -5.7071597733253230E-005
           7          50   3.5071848868269773E-003
           7          51  -2.1933506393105872E-004
           7          52   1.2338345458138519E-003
           7          53  -6.7315016926669188E-005
           7          54  -9.3737722986547218E-005
           7          55   1.1719743875111540E-005
           7          56  -1.2618421528544531E-005
           7          57   1.2144212809863878E-003
           7          58  -3.0248480676092048E-005
           7          59  -2.9036816962968871E-005
           8           1  -1.0428411847626120E-008
           8           2  -4.7998771993536449E-008
           8           3   1.5312463257528488E-007
           8           4  -2.9182431886959327E-007
           8           5  -4.2271635031351644E-007
           8           6   4.9807420921808185E-007
           8           7  -2.6057528722898114E-003
           8           8   2.0010856922985383     
           8           9   2.9803022799031566E-004
           8          10   1.9028278809693985E-003
           8          11   5.4505584765451843E-004
           8          12  -2.1909768234698406E-004
           8          13   1.0521658323354405E-003
           8          14   8.4024430548756968E-003
           8          15  -1.2129268658201587E-004
           8          16   3.4821498945053443E-005
           8          17  -1.0774040499519685E-002
           8          18  -4.1599272144691703E-006
           8          19   2.1187655941053917E-005
           8          20   1.0510753763560850E-003
           8          21  -2.4005519275145464E-006
           8          22   5.8200044431487271E-008
           8          23   6.7360096482308092E-009
           8          24   1.0494083462888657E-007
           8          25   3.2864177151931230E-008
           8          26   3.4034842590446123E-008
           8          27   8.4925884469089683E-008
           8          28   9.4212361672721742E-008
           8          29   2.4774929655369397E-009
           8          30   1.3127627574850656E-007
           8          31  -5.7029862978308745E-008
           8          32  -1.7770994902549587E-008
           8          33   7.7169535464406277E-008
           8          34  -1.1514561032272056E-007
           8          35   2.0958297752355621E-008
           8          36  -1.8053138547055609E-007
           8          37   1.0189250037918525E-008
           8          38   4.1968030263973833E-008
           8          39  -9.8554694541167762E-008
           8          40  -1.3952841540786575E-004
           8          41  -1.2309499323009750E-003
           8          42   2.8404333469325910E-004
           8          43  -1.4324865514579353E-003
           8          44   7.8616000116646629E-006
           8          45   8.4635181445162164E-005
           8          46  -3.2686878706071073E-005
           8          47  -5.9733759373440775E-005
           8          48  -6.0275335070335626E-004
           8          49   1.5464254754014961E-005
           8          50  -5.8264578748940709E-005
           8          51   1.4758536125148241E-003
           8          52  -2.3086611551926243E-004
           8          53   2.5321081405149533E-003
           8          54   2.0669026772315343E-006
           8          55  -4.9278791020750100E-005
           8          56   2.6627402207458319E-005
           8          57  -3.0120264205892268E-005
           8          58   1.1102373917587717E-003
           8          59   7.8886029060959446E-006
           9           1   5.8138970239674794E-008
           9           2   3.2492052485389357E-007
           9           3  -2.7491148274504425E-007
           9           4   1.2631132524517775E-006
           9           5  -3.8582097846015234E-007
           9           6  -1.5488927665782411E-006
           9           7  -1.1032032719047644E-003
           9           8   2.9803022799031566E-004
           9           9   2.0005081798369035     
           9          10   8.1308612352199469E-004
           9          11  -2.1913403548725805E-004
           9          12   9.6396610335751994E-004
           9          13   4.4965352091883975E-004
           9          14  -1.2093299876748534E-004
           9          15   8.6345519750312526E-003
           9          16   1.7271194891284715E-005
           9          17  -5.3362515048499640E-006
           9          18  -1.0765618994835611E-002
           9          19   9.0105797675767987E-006
           9          20  -2.3935683994421072E-006
           9          21   1.0556127767434994E-003
           9          22  -1.1634222417595899E-007
           9          23  -2.7131818373668160E-008
           9          24  -1.8779992841158639E-007
           9          25  -6.2262964692202718E-008
           9          26  -3.1265033654881117E-008
           9          27  -1.6748475538310496E-007
           9          28   1.0097023723616993E-007
           9          29  -2.3579310971994906E-008
           9          30   7.2535939059495381E-008
           9          31   1.2977870158517799E-007
           9          32   3.7474935127426180E-008
           9          33   1.7197709384632533E-007
           9          34   5.2954001658408149E-007
           9          35   2.3189975441175985E-010
           9          36   5.3930214398720516E-007
           9          37  -1.2183763331288926E-008
           9          38  -4.7083871345473685E-008
           9          39   4.3389227888859710E-007
           9          40  -5.9954339662576632E-005
           9          41   7.8225687406945755E-006
           9          42  -2.5900032309489400E-005
           9          43   1.5554146064904096E-005
           9          44  -1.2460890059364073E-003
           9          45   1.9867642086615709E-004
           9          46  -6.5388513152850954E-004
           9          47   1.2141732549424266E-004
           9          48  -3.2624389538873005E-005
           9          49  -1.3774982407983906E-003
           9          50  -2.6184844138551552E-005
           9          51   2.3604083204859729E-006
           9          52  -1.3111450848652786E-005
           9          53   8.3783235796841248E-006
           9          54   1.4718186834815059E-003
           9          55  -1.1611975230416653E-004
           9          56   1.1255694826319172E-003
           9          57  -9.9463290455962673E-005
           9          58   2.6913028696737984E-005
           9          59   2.4673087537950052E-003
          10           1   6.9441546149914998E-012
          10           2   3.5490102249196618E-011
          10           3   5.5292207793517570E-013
          10           4   6.4123905191995786E-011
          10           5  -1.1075148895067309E-010
          10           6  -4.8110529281282248E-011
          10           7  -6.0046994505294519E-003
          10           8   1.9028278809693985E-003
          10           9   8.1308612352199469E-004
          10          10   8.0120980597203506E-005
          10          11  -2.1393500880509927E-005
          10          12  -9.1426870880455656E-006
          10          13  -6.2214856354143241E-003
          10          14   1.6773971769919601E-003
          10          15   7.1685046107000303E-004
          10          16  -1.2769792225869091E-003
          10          17   3.4255889328978987E-004
          10          18   1.4639643268404948E-004
          10          19  -8.7856521133370676E-005
          10          20   2.3822199751345225E-005
          10          21   1.0180575864436369E-005
          10          22   8.7679140672635258E-013
          10          23  -3.7415787355188127E-013
          10          24   4.7848364163033966E-012
          10          25   4.3382096519527787E-013
          10          26   4.1840962322617489E-012
          10          27   8.6586970879377593E-013
          10          28   2.5445426819150217E-011
          10          29  -1.8257285848912373E-012
          10          30   2.9834676203787524E-011
          10          31   1.3088918752649340E-012
          10          32  -1.0433505200051253E-012
          10          33   2.9299025017521602E-011
          10          34   2.7601035479900261E-011
          10          35   4.4889927811823687E-012
          10          36   1.4309029648499401E-011
          10          37  -1.3545153634522676E-013
          10          38   4.1910904516293470E-012
          10          39   2.1425174541225060E-011
          10          40   1.6276525518405744E-004
          10          41  -4.2308927734673144E-006
          10          42   9.5522305219814752E-005
          10          43  -6.0199300854906272E-005
          10          44  -1.8081547400607692E-006
          10          45  -3.0698951256042560E-006
          10          46  -1.1030954200636265E-005
          10          47   1.0060725888412077E-004
          10          48  -2.7172839389086467E-005
          10          49  -2.6159992293327437E-005
          10          50   6.8764248614675753E-004
          10          51  -6.5040517806961047E-005
          10          52   3.3303306687656635E-004
          10          53  -2.0315784834809661E-004
          10          54  -2.7795603565227464E-005
          10          55  -3.5258407370286255E-006
          10          56  -3.8278088981997750E-005
          10          57   3.3887363676968050E-004
          10          58  -9.1145862567963191E-005
          10          59  -8.7324022307759690E-005
          11           1   4.7705110487397695E-010
          11           2   3.2409377272367291E-010
          11           3  -5.1770747557304334E-011
          11           4  -1.5774281385431498E-009
          11           5  -1.0601960507032414E-010
          11           6   1.1950922907910333E-010
          11           7   1.9027494611264894E-003
          11           8   5.4505584765451843E-004
          11           9  -2.1913403548725805E-004
          11          10  -2.1393500880509927E-005
          11          11   6.4813712018990919E-006
          11          12   2.4632460880737828E-006
          11          13   1.6773966508017509E-003
          11          14  -4.4762487102030317E-004
          11          15  -1.9313903069507384E-004
          11          16   3.4255906931276992E-004
          11          17  -9.7837491099778619E-005
          11          18  -3.9442742478079757E-005
          11          19   2.3822151887223000E-005
          11          20  -5.8568394650233560E-006
          11          21  -2.7429498526586643E-006
          11          22   3.2655474194357942E-011
          11          23  -2.0404071390927987E-011
          11          24  -4.4292822577636478E-012
          11          25   5.5884141691798659E-012
          11          26   2.0411176663440062E-011
          11          27  -2.3974022304931054E-011
          11          28   5.6008943306034008E-011
          11          29  -3.1877797985324885E-011
          11          30  -2.2687287268167414E-011
          11          31  -2.3266714040858632E-011
          11          32  -6.2934925699743276E-012
          11          33  -3.8247174536941373E-011
          11          34  -1.6364386363660716E-011
          11          35   1.1146477278953013E-011
          11          36  -5.7146040163147197E-011
          11          37  -7.1434470538997577E-013
          11          38   2.0406352334698923E-011
          11          39  -2.8147458000550589E-011
          11          40  -4.4345979477444149E-005
          11          41   4.0614307143137607E-007
          11          42  -2.5500288168827538E-005
          11          43   1.5590585561961422E-005
          11          44   5.2309234236239551E-007
          11          45   8.9844545014657234E-007
          11          46   2.9361496213568072E-006
          11          47  -2.7172837473460192E-005
          11          48   7.0742516783659111E-006
          11          49   7.0482562544841173E-006
          11          50  -1.8478205571775377E-004
          11          51   1.8298624186942489E-005
          11          52  -8.9694355402523233E-005
          11          53   5.6060494496058788E-005
          11          54   7.4743255878004194E-006
          11          55   9.2115763028277264E-007
          11          56   1.0327596288776319E-005
          11          57  -9.1145817156597348E-005
          11          58   2.5135523224116742E-005
          11          59   2.3527344463246366E-005
          12           1  -1.0137110090768840E-009
          12           2  -8.4401738400008948E-010
          12           3   1.1313871830007749E-010
          12           4   4.0497761424710853E-009
          12           5  -6.8735259984321951E-010
          12           6  -6.9567687182045778E-010
          12           7   8.1330052944025974E-004
          12           8  -2.1909768234698406E-004
          12           9   9.6396610335751994E-004
          12          10  -9.1426870880455656E-006
          12          11   2.4632460880737828E-006
          12          12   1.7700166406510441E-006
          12          13   7.1685087305934161E-004
          12          14  -1.9313862073064563E-004
          12          15  -7.8229104119079528E-005
          12          16   1.4639609890383664E-004
          12          17  -3.9443477929550450E-005
          12          18  -2.2398225385210049E-005
          12          19   1.0180682349710191E-005
          12          20  -2.7429324222491671E-006
          12          21  -6.1083707655083322E-007
          12          22  -6.6236350436701560E-011
          12          23   3.8212809891386374E-011
          12          24   4.8010913209085152E-011
          12          25  -3.7774563690120523E-012
          12          26  -1.2553326502266522E-011
          12          27   5.6247687025729487E-011
          12          28   8.7486933758295060E-011
          12          29   5.6741124870524714E-011
          12          30   2.9816331016809912E-010
          12          31   6.0860898751800236E-011
          12          32   6.9140499166653616E-012
          12          33   3.3096812463770344E-010
          12          34   2.7616660485876487E-010
          12          35   1.1956355695324741E-011
          12          36   2.5611790583580218E-010
          12          37   1.7294715384130119E-012
          12          38  -1.1696719193936240E-011
          12          39   2.4910089773039820E-010
          12          40  -1.8951754545721096E-005
          12          41   5.2309150428078370E-007
          12          42  -1.1031011308424576E-005
          12          43   6.9313976979521979E-006
          12          44  -5.9422292178977055E-007
          12          45   5.3108703276810034E-007
          12          46   9.8894247336792166E-007
          12          47  -1.1479286738531320E-005
          12          48   3.0928310134238583E-006
          12          49   2.4601212382975908E-006
          12          50  -7.8968423295443504E-005
          12          51   7.4744714255120291E-006
          12          52  -3.8277985834050210E-005
          12          53   2.3392239592679419E-005
          12          54   4.0029370995376078E-006
          12          55   3.3427918627901521E-007
          12          56   4.9994868576469183E-006
          12          57  -3.9005846893704928E-005
          12          58   1.0509289481116821E-005
          12          59   1.1347588794299600E-005
          13           1   6.7602300181194549E-012
          13           2   9.8999526757593415E-011
          13           3   2.6361605689504977E-011
          13           4  -3.2440754869603989E-010
          13           5  -5.8545589149269586E-010
          13           6  -1.4674052087934623E-010
          13           7   4.7808160343300876E-003
          13           8   1.0521658323354405E-003
          13           9   4.4965352091883975E-004
          13          10  -6.2214856354143241E-003
          13          11   1.6773966508017509E-003
          13          12   7.1685087305934161E-004
          13          13  0.88532979247576338     
          13          14 -0.23852134934715211     
          13          15 -0.10193429379014420     
          13          16  0.19010484098899366     
          13          17  -5.1232018251004353E-002
          13          18  -2.1894471878412796E-002
          13          19   1.2215828364531398E-002
          13          20  -3.2900372438777518E-003
          13          21  -1.4060273910779088E-003
          13          22   1.8686348526125670E-011
          13          23  -1.4603542126720592E-011
          13          24   1.6474367560867006E-011
          13          25   1.2952108042751963E-012
          13          26   2.4399542933649700E-011
          13          27   5.7310615015435122E-012
          13          28   1.5126953481914852E-010
          13          29  -2.1105605480167403E-011
          13          30   1.5298287229938419E-010
          13          31  -5.7424153310104706E-012
          13          32   7.2874101119740234E-014
          13          33   1.3316599879873185E-010
          13          34   1.0575453999956677E-010
          13          35   2.1491324851532122E-011
          13          36   4.1436465314088475E-011
          13          37   6.1476203804739499E-012
          13          38   2.4073264378325824E-011
          13          39   8.1442807299785470E-011
          13          40  -2.1610545414368895E-002
          13          41   4.0517769390509332E-004
          13          42  -1.2853930458026842E-002
          13          43   8.0990188836160947E-003
          13          44   1.7315539989551333E-004
          13          45   4.3838257411405097E-004
          13          46   1.4796866411344483E-003
          13          47  -1.3580050244314613E-002
          13          48   3.6580682843686575E-003
          13          49   3.5235192669425966E-003
          13          50 -0.10002047176510626     
          13          51   9.5862478987607923E-003
          13          52  -4.8312039850713737E-002
          13          53   2.9509173542567161E-002
          13          54   4.0967518504110957E-003
          13          55   4.9187033260515061E-004
          13          56   5.5633245450958995E-003
          13          57  -4.9126826764472199E-002
          13          58   1.3237385980801987E-002
          13          59   1.2680939966135564E-002
          14           1  -1.1496120944349319E-009
          14           2   5.1944034800023268E-009
          14           3  -8.1428066305039627E-010
          14           4  -4.0017017015373961E-008
          14           5   1.9132787992048775E-009
          14           6   2.4609081297597314E-009
          14           7   1.0521156564645361E-003
          14           8   8.4024430548756968E-003
          14           9  -1.2093299876748534E-004
          14          10   1.6773971769919601E-003
          14          11  -4.4762487102030317E-004
          14          12  -1.9313862073064563E-004
          14          13 -0.23852134934715211     
          14          14   6.4302281267105521E-002
          14          15   2.7463839232473163E-002
          14          16  -5.1232023199638911E-002
          14          17   1.3756276875032721E-002
