           1           1   1.9999629521582112     
           1           2  -7.3875390055150097E-004
           1           3  -8.5133215345802320E-005
           1           4  -3.5836366830745326E-003
           1           5   6.9713696195327973E-004
           1           6  -6.0245055888312739E-006
           1           7   2.5365016639988818E-014
           1           8  -5.5047355986796941E-014
           1           9   9.9572365508843855E-015
           1          10  -4.8528778086071946E-014
           1          11   1.2490106914254866E-013
           1          12  -1.5482070848317346E-014
           1          13   1.0168292789455112E-013
           1          14  -2.7352988131350316E-013
           1          15   2.9432123299580118E-014
           1          16  -2.4029500439175051E-014
           1          17   6.6382428392695042E-014
           1          18  -2.8144534341487968E-016
           1          19  -1.5865196958235558E-015
           1          20   5.5430443133616237E-015
           1          21  -3.0414049084569774E-015
           1          22   2.9241192973280727E-005
           1          23   9.9991825665061946E-017
           1          24   2.9241192972392738E-005
           1          25  -1.1926441662589203E-015
           1          26   1.5685149171667272E-015
           1          27   2.9241192971816671E-005
           1          28  -1.4640668264204513E-004
           1          29  -1.6004049595379673E-015
           1          30  -1.4640668264710981E-004
           1          31   2.4497657334614664E-015
           1          32  -1.4314271828142599E-016
           1          33  -1.4640668264534934E-004
           1          34  -4.9817714209498550E-005
           1          35   2.1789342749977574E-015
           1          36  -4.9817714204938152E-005
           1          37  -1.5829313045154552E-015
           1          38  -2.9673881347448247E-016
           1          39  -4.9817714205091187E-005
           1          40  -2.1484960727563785E-014
           1          41   2.2871843230474136E-014
           1          42  -8.4148193346902520E-015
           1          43   5.7642597622134484E-014
           1          44  -4.8991043027486855E-016
           1          45   1.2564838239563745E-015
           1          46  -1.4903300831247310E-015
           1          47  -8.0644032173155190E-015
           1          48   2.6028425331849271E-014
           1          49  -6.3676061390905310E-015
           1          50  -1.6869723434809814E-014
           1          51   2.2403652499687592E-014
           1          52  -8.2411206272744950E-015
           1          53   4.5109075237809976E-014
           1          54  -5.6907654783827815E-015
           1          55  -1.3446862694553531E-015
           1          56  -5.1151007805569536E-015
           1          57  -8.7090639020925715E-015
           1          58   1.7824872977695378E-014
           1          59  -7.1219253680229246E-015
           2           1  -7.3875390055150097E-004
           2           2   1.9874573961567772     
           2           3   1.4858790751307742E-002
           2           4  -4.4061035885476538E-002
           2           5  -4.4623858716345013E-002
           2           6  -3.1911256999768546E-003
           2           7  -9.0516447567184142E-014
           2           8  -7.6217673612732081E-014
           2           9  -1.2956376001350828E-014
           2          10   3.1242435952340910E-014
           2          11   2.9758398981005878E-013
           2          12   2.9113697933121412E-014
           2          13  -7.3356992700473359E-014
           2          14  -6.1017702111051480E-013
           2          15  -8.2921734122571420E-014
           2          16   4.4488169715002298E-015
           2          17   1.3609885440758788E-013
           2          18   2.7355941260001573E-014
           2          19   5.9549419854621227E-015
           2          20   1.2792101880820670E-014
           2          21  -3.5176718826875859E-015
           2          22   6.2173960368781950E-003
           2          23   1.4030283818177682E-015
           2          24   6.2173960368788733E-003
           2          25  -4.8509949019649368E-015
           2          26   2.0188605545293480E-015
           2          27   6.2173960368683782E-003
           2          28   1.6699275287902805E-002
           2          29  -3.3697614949326603E-016
           2          30   1.6699275287891224E-002
           2          31   9.7281404449008775E-015
           2          32  -6.9241022582741745E-015
           2          33   1.6699275287910171E-002
           2          34   4.9752371873892070E-003
           2          35  -1.6815237442989226E-015
           2          36   4.9752371873984305E-003
           2          37  -8.5613124221376922E-015
           2          38   3.2574205554559272E-015
           2          39   4.9752371873868721E-003
           2          40   1.1665795266761078E-014
           2          41   5.2951181464696616E-014
           2          42   6.9330941120694457E-015
           2          43   1.1723515266023720E-013
           2          44   6.3238180037958573E-015
           2          45  -3.2324052383838852E-015
           2          46   7.8656968734476745E-015
           2          47   7.4945471941244220E-015
           2          48   5.1610139277390020E-014
           2          49   1.1673214784272199E-014
           2          50   2.3274100064500062E-014
           2          51   4.6908239994903441E-014
           2          52   7.3581238746513241E-015
           2          53   1.1605816969013627E-013
           2          54   1.9200298147038945E-015
           2          55   1.2328034860742928E-016
           2          56  -2.4172720198917702E-015
           2          57   7.7256286623008583E-015
           2          58   5.3109495118470824E-014
           2          59   6.7432410839512458E-015
           3           1  -8.5133215345802320E-005
           3           2   1.4858790751307742E-002
           3           3   7.7489754061356442E-004
           3           4   3.4904250862837799E-002
           3           5  -1.8218499648642956E-003
           3           6   5.6073736721667673E-004
           3           7  -2.5641929741895388E-013
           3           8  -5.8991334189361740E-014
           3           9   6.3067910162783720E-014
           3          10  -7.4526606512648893E-015
           3          11   1.0928117290642049E-014
           3          12   3.3676557915183969E-016
           3          13  -1.0827302448001056E-013
           3          14   7.7753154211997114E-014
           3          15  -2.1371453697774499E-014
           3          16  -5.2803647726301587E-016
           3          17   3.3482467109091489E-015
           3          18   5.7494090121490759E-016
           3          19  -2.0401586917866929E-015
           3          20   1.7503272855995125E-015
           3          21  -2.3143308158611094E-016
           3          22   3.6880988979948388E-004
           3          23   1.0989367805160019E-016
           3          24   3.6880988980000245E-004
           3          25  -5.1899575453340119E-017
           3          26  -2.1568759547010199E-017
           3          27   3.6880988980005590E-004
           3          28   7.8861489436881315E-004
           3          29   8.1147072127813102E-017
           3          30   7.8861489436864000E-004
           3          31   2.4388222864439206E-016
           3          32  -2.1242731588386515E-016
           3          33   7.8861489436898489E-004
           3          34  -2.8674164323568103E-005
           3          35   1.5556485610359501E-017
           3          36  -2.8674164323933147E-005
           3          37  -1.6542766504629725E-016
           3          38   2.2832433556988637E-016
           3          39  -2.8674164323721209E-005
           3          40  -2.4342232943374864E-015
           3          41   1.9999986906531169E-015
           3          42  -1.0777082560044399E-015
           3          43   4.3275695966687488E-015
           3          44   4.4696245806296977E-017
           3          45   8.5653178215294083E-017
           3          46   1.5142354544244985E-016
           3          47  -9.9485934961914040E-016
           3          48   1.9842492979291084E-015
           3          49   8.6893001301289710E-017
           3          50  -4.2039905072332209E-015
           3          51   2.2830167707400568E-015
           3          52  -1.7108648360313645E-015
           3          53   4.6597873428513382E-015
           3          54  -1.6618737541414243E-016
           3          55  -2.9951043234425579E-017
           3          56   4.0733727807642015E-017
           3          57  -1.8218248140798214E-015
           3          58   2.3136013242825209E-015
           3          59   1.9081976120796255E-016
           4           1  -3.5836366830745326E-003
           4           2  -4.4061035885476538E-002
           4           3   3.4904250862837799E-002
           4           4   1.8711097973166151     
           4           5  -7.8002811008120926E-002
           4           6   3.1099911780000971E-002
           4           7  -8.3862182464972976E-014
           4           8   2.0998974455588046E-013
           4           9  -2.9728937598660248E-014
           4          10   1.0018634210580100E-013
           4          11   8.2495673449513964E-014
           4          12   6.7209049583033097E-014
           4          13  -1.8669908071215979E-013
           4          14  -1.9030888428764655E-013
           4          15  -2.3329941648274418E-013
           4          16   1.3110971400769104E-014
           4          17   5.4524429998095098E-014
           4          18   3.7390475206820114E-014
           4          19   7.6937330410963904E-015
           4          20  -5.3688498687990110E-015
           4          21   5.8127766308150262E-015
           4          22   1.6970655234268356E-002
           4          23   5.2450360318753863E-015
           4          24   1.6970655234295594E-002
           4          25  -7.2267337216747684E-016
           4          26  -1.9900486483551804E-015
           4          27   1.6970655234302828E-002
           4          28   3.4861166567446561E-002
           4          29   4.4475987818661524E-015
           4          30   3.4861166567442231E-002
           4          31   8.8695130409509626E-015
           4          32  -8.3737845921633628E-015
           4          33   3.4861166567452598E-002
           4          34  -3.6065882432324350E-003
           4          35   1.5309122120055054E-015
           4          36  -3.6065882432556760E-003
           4          37  -5.1943605907777744E-015
           4          38   1.0753956024368411E-014
           4          39  -3.6065882432395847E-003
           4          40   3.7584240030887889E-014
           4          41   1.6941037599258361E-014
           4          42   1.6667455123382557E-014
           4          43   3.0700502896968646E-014
           4          44   1.3101419891347735E-014
           4          45   5.9009115780243787E-015
           4          46   1.8119490115706511E-014
           4          47   2.0830623197242542E-014
           4          48   1.6668084593304036E-014
           4          49   2.9634014860151949E-014
           4          50   4.2479140682176381E-014
           4          51   2.1987213355019656E-014
           4          52   2.9255853917880907E-014
           4          53   2.0855719355136839E-014
           4          54   1.1968320444359855E-015
           4          55  -1.6423652249731188E-015
           4          56   1.3996638455343824E-014
           4          57   2.3213093367320113E-014
           4          58   2.1011332183991630E-014
           4          59   3.1502711153138882E-014
           5           1   6.9713696195327973E-004
           5           2  -4.4623858716345013E-002
           5           3  -1.8218499648642956E-003
           5           4  -7.8002811008120926E-002
           5           5   4.3385960176181119E-003
           5           6  -1.2389701662607294E-003
           5           7   1.0219280890943888E-012
           5           8  -4.3488321042309352E-013
           5           9  -2.1244557451550999E-013
           5          10   3.7077169400079419E-014
           5          11  -4.8643804119200207E-014
           5          12   1.4882087200980183E-015
           5          13   4.7047319485340637E-013
           5          14  -4.1634353526162578E-013
           5          15   7.9935921900485853E-014
           5          16   3.1484423780662257E-015
           5          17  -1.0241454284860239E-014
           5          18  -8.8777507824798342E-016
           5          19   9.3718168826011078E-015
           5          20  -9.2441228441136677E-015
           5          21   1.1614677862719979E-015
           5          22  -8.6222204497157329E-004
           5          23  -2.5432938538962771E-016
           5          24  -8.6222204497274010E-004
           5          25   1.4366617766345163E-016
           5          26   3.7251473760003435E-017
           5          27  -8.6222204497280017E-004
           5          28  -1.8630935200275507E-003
           5          29  -1.8039348734046654E-016
           5          30  -1.8630935200270983E-003
           5          31  -6.0150619520781326E-016
           5          32   5.1559041336305750E-016
           5          33  -1.8630935200279791E-003
           5          34   3.5956794474777977E-005
           5          35  -2.4760959996419090E-017
           5          36   3.5956794475545118E-005
           5          37   4.1922198128256489E-016
           5          38  -5.3048909945715832E-016
           5          39   3.5956794475135696E-005
           5          40   1.2501366006540184E-014
           5          41  -8.1946257170164724E-015
           5          42   5.5569311420627016E-015
           5          43  -1.7991444585156581E-014
           5          44   3.3799066724954517E-016
           5          45  -1.7330988043474477E-016
           5          46   8.9721157061961213E-017
           5          47   5.3680304438259641E-015
           5          48  -8.1508984398657133E-015
           5          49   7.9781524671724417E-016
           5          50   2.0235374991718280E-014
           5          51  -1.0797585647631976E-014
           5          52   8.6874076875299977E-015
           5          53  -2.3210960214388022E-014
           5          54   8.3445359949259936E-016
           5          55   6.6143039493026826E-017
           5          56   3.9541808849751789E-016
           5          57   8.9339046143285857E-015
           5          58  -1.0902621164279778E-014
           5          59   5.9252279359605626E-016
           6           1  -6.0245055888312739E-006
           6           2  -3.1911256999768546E-003
           6           3   5.6073736721667673E-004
           6           4   3.1099911780000971E-002
           6           5  -1.2389701662607294E-003
           6           6   5.1995974104937384E-004
           6           7   1.8642769015912589E-013
           6           8   2.8875371807103326E-014
           6           9  -5.4904702773528009E-014
           6          10  -1.1089433042451852E-015
           6          11   5.0784216386011673E-015
           6          12   5.2879283977299212E-015
           6          13  -4.2948835673079586E-014
           6          14   4.5126058525343456E-014
           6          15   4.8513933392731674E-014
           6          16  -7.0314337559623873E-016
           6          17   1.2987406980656805E-015
           6          18   1.3763778600913598E-015
           6          19  -6.3577951018754363E-016
           6          20   8.8169375470681546E-016
           6          21   1.1565090327850895E-015
           6          22   2.7388220591767444E-004
           6          23   8.5293171320174377E-017
           6          24   2.7388220591812557E-004
           6          25  -6.0159528440188992E-018
           6          26  -3.5479927874222942E-017
           6          27   2.7388220591825855E-004
           6          28   5.5774278077872852E-004
           6          29   7.4175080739296235E-017
           6          30   5.5774278077867063E-004
           6          31   1.3518825993781777E-016
           6          32  -1.3037980022136987E-016
           6          33   5.5774278077881938E-004
           6          34  -6.6000118197663007E-005
           6          35   2.7539415921757822E-017
           6          36  -6.6000118198059879E-005
           6          37  -7.5621604360967327E-017
           6          38   1.7439321982808105E-016
           6          39  -6.6000118197778583E-005
           6          40  -7.8776190263851614E-016
           6          41   8.9848689663850857E-016
           6          42  -3.5669883491130790E-016
           6          43   1.8915212645248219E-015
           6          44   9.8015910365090497E-016
           6          45   1.0194460069769532E-016
           6          46   1.0614950022643198E-015
           6          47  -2.8832813658394162E-016
           6          48   8.9569846708675030E-016
           6          49   2.2002558456946661E-015
           6          50  -3.3064406055228334E-016
           6          51   1.2263402356175792E-015
           6          52   2.6120976641027050E-017
           6          53   2.2584816748896747E-015
           6          54   9.0125527966008855E-016
           6          55  -2.7425749290986669E-017
           6          56   1.1190272094285098E-015
           6          57  -7.4628334777664184E-017
           6          58   1.2023427331623649E-015
           6          59   2.4907010232120296E-015
           7           1   2.5365016639988818E-014
           7           2  -9.0516447567184142E-014
           7           3  -2.5641929741895388E-013
           7           4  -8.3862182464972976E-014
           7           5   1.0219280890943888E-012
           7           6   1.8642769015912589E-013
           7           7   1.9982921571896419     
           7           8  -4.0733838828008184E-013
           7           9  -1.6683604367809246E-012
           7          10  -3.3426472562315620E-004
           7          11   1.2708331565899900E-012
           7          12   2.3924012727480348E-012
           7          13  -8.2781618721030903E-002
           7          14  -2.8456421247158303E-012
           7          15  -5.2094509261912947E-012
           7          16  -5.2934811927035468E-003
           7          17   6.3710766263352925E-013
           7          18   1.4722492566428616E-012
           7          19  -9.9987406270835542E-004
           7          20   8.9534635131297002E-014
           7          21  -6.0728467610529635E-015
           7          22  -9.6777387857066465E-014
           7          23   6.6356496748303867E-016
           7          24  -9.8297019911345642E-014
           7          25  -3.7555486679205483E-014
           7          26  -3.8707499647750232E-014
           7          27  -1.0550718767930761E-013
           7          28  -3.3618084880760998E-013
           7          29   5.4567701440022415E-014
           7          30  -2.7873428676890796E-013
           7          31   5.1285668139776357E-014
           7          32   5.7475899555533897E-014
           7          33  -2.8993338952961960E-013
           7          34  -1.4127644440530352E-013
           7          35  -6.2811544920303117E-014
           7          36  -1.6062962008381485E-013
           7          37  -4.3300128256155970E-014
           7          38  -1.0171443973310394E-014
           7          39  -1.2754752528051109E-013
           7          40  -3.7773318458128487E-003
           7          41   2.6470457228054689E-013
           7          42  -1.6892741510687525E-003
           7          43   5.4988560363108951E-013
           7          44   4.4617944321839742E-013
           7          45  -2.3118893355212584E-014
           7          46   4.5197165779962967E-013
           7          47  -1.6892741511305186E-003
           7          48   2.3073474283551859E-013
           7          49   1.0490367119897134E-012
           7          50   3.4613996131578487E-003
           7          51   1.8240324615309556E-013
           7          52   1.5479850325125213E-003
           7          53   3.9800747333312847E-013
           7          54   3.4906049201804436E-013
           7          55   2.8978557627452834E-014
           7          56   3.5998610911852982E-013
           7          57   1.5479850325795870E-003
           7          58   2.3852924843636991E-013
           7          59   7.4578097332671928E-013
           8           1  -5.5047355986796941E-014
           8           2  -7.6217673612732081E-014
           8           3  -5.8991334189361740E-014
           8           4   2.0998974455588046E-013
           8           5  -4.3488321042309352E-013
           8           6   2.8875371807103326E-014
           8           7  -4.0733838828008184E-013
           8           8   1.9982921571924019     
           8           9   1.6976061669674719E-012
           8          10  -6.1691645715511445E-013
           8          11  -3.3426472769034664E-004
           8          12  -2.5134569447450572E-012
           8          13   1.5605607084356876E-012
           8          14  -8.2781618714929950E-002
           8          15   5.2489501460584176E-012
           8          16  -2.8238880418057777E-013
           8          17  -5.2934811938083193E-003
           8          18  -1.1007367096255681E-012
           8          19  -7.3712791513053100E-014
           8          20  -9.9987406264440072E-004
           8          21  -1.4010306451225571E-013
           8          22  -2.4825283201104898E-014
           8          23  -2.9606260890018437E-015
           8          24  -2.6252629772200244E-014
           8          25  -2.1100329350033838E-014
           8          26  -2.5002979832185917E-014
           8          27  -3.6257213790390505E-014
           8          28   3.1826229587636087E-014
           8          29   4.4215901162246499E-014
           8          30   6.2255374563483816E-014
           8          31   3.0922131592026494E-014
           8          32   3.4971339442383654E-014
           8          33   7.2941389824604065E-014
           8          34   3.4921422418751918E-014
           8          35  -4.8119589729779659E-014
           8          36   4.1554156452006949E-014
           8          37  -2.4348757077036245E-014
           8          38  -5.4557969382813338E-015
           8          39   4.7541685918616992E-014
           8          40  -3.2679067785146287E-013
           8          41  -1.6892741514103068E-003
           8          42  -1.2676251920969855E-013
           8          43  -3.7773318465903621E-003
           8          44  -4.6434103578244651E-013
           8          45  -2.1863219638666186E-014
           8          46  -4.6007682120421597E-013
           8          47  -1.7866086485674587E-013
           8          48  -1.6892741514229574E-003
           8          49  -1.0063564293959909E-012
           8          50  -2.1777978725934233E-013
           8          51   1.5479850321962834E-003
           8          52  -1.5471686974112553E-013
           8          53   3.4613996123346110E-003
           8          54  -4.4432324166525719E-013
           8          55   2.5359928576586639E-014
           8          56  -4.2880843054973403E-013
           8          57  -9.7312837041979572E-014
           8          58   1.5479850322313673E-003
           8          59  -1.0120004470927715E-012
           9           1   9.9572365508843855E-015
           9           2  -1.2956376001350828E-014
           9           3   6.3067910162783720E-014
           9           4  -2.9728937598660248E-014
           9           5  -2.1244557451550999E-013
           9           6  -5.4904702773528009E-014
           9           7  -1.6683604367809246E-012
           9           8   1.6976061669674719E-012
           9           9   1.9982921571935217     
           9          10   1.8207549183635319E-013
           9          11  -1.7049469475116652E-013
           9          12  -3.3426472850836358E-004
           9          13  -2.6303677118366675E-013
           9          14   2.1854480031224810E-013
           9          15  -8.2781618712689131E-002
           9          16   8.2941127381962187E-014
           9          17  -7.9732536084576797E-014
           9          18  -5.2934811943665221E-003
           9          19   3.3819118566789236E-014
           9          20  -2.4243438203133683E-014
           9          21  -9.9987406266729712E-004
           9          22   1.9922506012767444E-014
           9          23  -3.1161969443167117E-015
           9          24   1.9238387545462204E-014
           9          25   1.3416951344819084E-014
           9          26   1.2469000303525817E-014
           9          27   2.1891576251814330E-014
           9          28   7.4560791722059270E-014
           9          29  -1.9145988798374806E-014
           9          30   5.6152798816946354E-014
           9          31  -1.7175911381113726E-014
           9          32  -1.7807670045324791E-014
           9          33   5.5296432560560375E-014
           9          34   3.2933784316331486E-014
           9          35   2.2403994550917903E-014
           9          36   3.7991573531404914E-014
           9          37   1.5120351619850065E-014
           9          38   1.9204668619808282E-015
           9          39   2.8982467546156410E-014
           9          40   1.0630966186574511E-013
           9          41  -4.2785917766640508E-014
           9          42   4.0761390438090114E-014
           9          43  -7.8868945337269569E-014
           9          44  -1.6892741515985503E-003
           9          45   9.1393198109588687E-015
           9          46  -1.6892741515966015E-003
           9          47   6.1948774425111749E-014
           9          48  -3.1859951688580773E-014
           9          49  -3.7773318469743354E-003
           9          50   5.8116516156794806E-014
           9          51  -1.5584003542918473E-014
           9          52   4.8134514088341365E-014
           9          53  -3.9339367809317072E-014
           9          54   1.5479850321177559E-003
           9          55  -1.1981460281835984E-014
           9          56   1.5479850321125027E-003
           9          57   2.4162444912717226E-014
           9          58  -3.5581224923884880E-014
           9          59   3.4613996121459680E-003
          10           1  -4.8528778086071946E-014
          10           2   3.1242435952340910E-014
          10           3  -7.4526606512648893E-015
          10           4   1.0018634210580100E-013
          10           5   3.7077169400079419E-014
          10           6  -1.1089433042451852E-015
          10           7  -3.3426472562315620E-004
          10           8  -6.1691645715511445E-013
          10           9   1.8207549183635319E-013
          10          10   1.0221980260578568E-002
          10          11   1.7041489747127159E-015
          10          12  -1.2426285044345176E-014
          10          13  0.12177336408269049     
          10          14   2.2328840165730668E-013
          10          15   6.6340162530043045E-015
          10          16   1.5750878753610096E-003
          10          17   2.7358215519412976E-015
          10          18  -1.6358577903732852E-016
          10          19   2.5044434627710544E-003
          10          20   2.7592945289756088E-016
          10          21  -2.3920617006276124E-015
          10          22  -1.9680416210455137E-015
          10          23   4.1248462488995361E-016
          10          24  -1.2780901652797709E-015
          10          25  -1.6321252434420078E-016
          10          26   7.6545532708344227E-017
          10          27  -1.8370087257267512E-015
          10          28  -1.0503130696324870E-014
          10          29  -1.3161357339196535E-016
          10          30  -8.8905494079843951E-015
          10          31  -6.8230770922793163E-016
          10          32   9.3436799596514489E-017
          10          33  -1.0207218547523889E-014
          10          34  -3.5797665376040338E-015
          10          35  -1.2217786902309303E-016
          10          36  -3.9973136852704148E-015
          10          37  -1.1574513934350245E-015
          10          38   8.2183810824015358E-016
          10          39  -5.3242704079568258E-015
          10          40   3.9439963826908772E-003
          10          41   1.2382130910870703E-015
          10          42   1.7638088000394877E-003
          10          43   2.3510924110348164E-015
          10          44  -2.7567534301338459E-015
          10          45  -4.0156285467468430E-016
          10          46  -2.2893335447846108E-015
          10          47   1.7638088000397794E-003
          10          48   8.3559461433457827E-016
          10          49  -5.6628286044732579E-015
          10          50   5.0393896009961088E-003
          10          51  -7.7097616485444220E-016
          10          52   2.2536834317397952E-003
          10          53  -2.2715119715743803E-015
          10          54  -2.5352373737679013E-015
          10          55   5.1367972704398441E-016
          10          56  -3.9189910539839945E-015
          10          57   2.2536834317404405E-003
          10          58   5.6486933186494781E-016
          10          59  -4.8368698369466445E-015
          11           1   1.2490106914254866E-013
          11           2   2.9758398981005878E-013
          11           3   1.0928117290642049E-014
          11           4   8.2495673449513964E-014
          11           5  -4.8643804119200207E-014
          11           6   5.0784216386011673E-015
          11           7   1.2708331565899900E-012
          11           8  -3.3426472769034664E-004
          11           9  -1.7049469475116652E-013
          11          10   1.7041489747127159E-015
          11          11   1.0221980260179033E-002
          11          12   1.4758268392089935E-014
          11          13  -2.3466298348928660E-013
          11          14  0.12177336408082265     
          11          15   6.8218868054525927E-014
          11          16   9.0127016093288770E-016
          11          17   1.5750878752340471E-003
          11          18   2.2487911597972310E-015
          11          19   2.1943709870020367E-015
          11          20   2.5044434627194863E-003
          11          21   2.7333685445260492E-015
          11          22   3.3855264243157447E-015
          11          23   1.2170740190281296E-015
          11          24   3.5833937488476053E-015
          11          25  -2.9032293960312037E-017
          11          26   9.2591855397329687E-016
          11          27   4.3112050745576472E-015
          11          28   1.4854028081899897E-014
          11          29   2.7588067702443206E-015
          11          30   1.1360680506390451E-014
          11          31   9.9084122077849007E-016
          11          32   8.4395728792656283E-016
          11          33   1.4536213542799056E-014
          11          34   5.1016119594968205E-015
          11          35   6.4921978769780605E-016
          11          36   5.4139907172606554E-015
          11          37   1.5717351225423242E-015
          11          38   7.1758412380341788E-016
          11          39   5.3854683164363933E-015
          11          40  -1.6495051852194464E-015
          11          41   1.7638087999714844E-003
          11          42  -1.2926400401458427E-016
          11          43   3.9439963825373056E-003
          11          44   2.4567343602163727E-015
          11          45   6.5659632331368718E-016
          11          46   2.5547326840819062E-015
          11          47  -3.4260788650541940E-017
          11          48   1.7638087999726931E-003
          11          49   6.7277997409243007E-015
          11          50   2.5638128772764723E-015
          11          51   2.2536834316589688E-003
          11          52   1.2205405956755566E-015
          11          53   5.0393896008210969E-003
          11          54   4.4800589019816650E-015
          11          55  -2.5340800963304160E-016
          11          56   4.2951075638827940E-015
          11          57  -6.5377391000875917E-016
          11          58   2.2536834316580893E-003
          11          59   6.0884728248639108E-015
          12           1  -1.5482070848317346E-014
          12           2   2.9113697933121412E-014
          12           3   3.3676557915183969E-016
          12           4   6.7209049583033097E-014
          12           5   1.4882087200980183E-015
          12           6   5.2879283977299212E-015
          12           7   2.3924012727480348E-012
          12           8  -2.5134569447450572E-012
          12           9  -3.3426472850836358E-004
          12          10  -1.2426285044345176E-014
          12          11   1.4758268392089935E-014
          12          12   1.0221980260070164E-002
          12          13  -2.3208952121267501E-013
          12          14   1.8057560655093674E-013
          12          15  0.12177336408031172     
          12          16  -8.5325084671350471E-015
          12          17   1.3633977844276779E-014
          12          18   1.5750878752195246E-003
          12          19  -3.1318128429144720E-015
          12          20   1.5846970003591254E-015
          12          21   2.5044434626997243E-003
          12          22   4.9846536156461986E-016
          12          23   9.9519601951990320E-016
          12          24   1.7585042197220450E-015
          12          25  -9.3618411741103602E-017
          12          26  -1.5557140382112064E-016
          12          27   1.2317728377278824E-015
          12          28  -3.5570692709092511E-016
          12          29   1.2263685017066820E-015
          12          30   3.0295953806289424E-016
          12          31   6.7749720733457643E-016
          12          32  -2.8990567865035898E-016
          12          33   1.6839949964806038E-016
          12          34  -2.8737184304691766E-015
          12          35   1.2581056890185395E-015
          12          36  -1.0284256346507768E-015
          12          37   2.9069715801843454E-016
          12          38  -1.2203697062248172E-017
          12          39  -1.2704153565916542E-015
          12          40  -9.3615301057989320E-015
          12          41   4.7020221917437599E-015
          12          42  -3.8343080880492986E-015
          12          43   1.0132181010001629E-014
          12          44   1.7638087999537445E-003
          12          45  -1.9558859556954722E-016
          12          46   1.7638087999543031E-003
          12          47  -3.6620825729499762E-015
          12          48   4.8602750513451753E-015
          12          49   3.9439963824994574E-003
          12          50  -1.6530423948071804E-015
          12          51  -1.4432086168497671E-016
          12          52  -6.6440586756269515E-016
          12          53   1.9738984752271094E-015
          12          54   2.2536834316372596E-003
          12          55   8.0908019499610262E-016
          12          56   2.2536834316367613E-003
          12          57  -1.4466035249023623E-015
          12          58   8.1845066748215123E-016
          12          59   5.0393896007662944E-003
          13           1   1.0168292789455112E-013
          13           2  -7.3356992700473359E-014
          13           3  -1.0827302448001056E-013
          13           4  -1.8669908071215979E-013
          13           5   4.7047319485340637E-013
          13           6  -4.2948835673079586E-014
          13           7  -8.2781618721030903E-002
          13           8   1.5605607084356876E-012
          13           9  -2.6303677118366675E-013
          13          10  0.12177336408269049     
          13          11  -2.3466298348928660E-013
          13          12  -2.3208952121267501E-013
          13          13   1.4537805048408492     
          13          14  -1.8651746813702630E-014
          13          15   5.0528331518862046E-013
          13          16   1.8970566462541368E-002
          13          17  -4.7420400939301999E-014
          13          18  -5.1860967777150879E-014
          13          19   2.9871368670173939E-002
          13          20  -5.4515419956047140E-014
          13          21  -2.4583308479153576E-014
          13          22  -3.3755422906024689E-014
          13          23   4.8873896875414905E-015
          13          24  -2.5475494241966655E-014
          13          25  -4.6403464133100213E-016
          13          26   2.4395862943250093E-015
          13          27  -3.1853124851123024E-014
          13          28  -1.4189803206603405E-013
          13          29  -3.7194580059542419E-015
          13          30  -1.2495070064969896E-013
          13          31  -1.0152340300432496E-014
          13          32  -1.1523802243758437E-015
          13          33  -1.4019911531747707E-013
          13          34  -3.5604427913857202E-014
          13          35   1.0223384760027316E-015
          13          36  -3.9815158080244801E-014
          13          37  -1.2081294153834474E-014
          13          38   1.0192251644060020E-014
          13          39  -5.6927437596304304E-014
          13          40   4.7128277844423944E-002
          13          41  -3.8291852327843046E-014
          13          42   2.1076406549766030E-002
          13          43  -8.8941007336806877E-014
          13          44  -4.6620368156224945E-014
          13          45  -3.8717367994301070E-015
          13          46  -4.1282569810535685E-014
          13          47   2.1076406549771942E-002
          13          48  -4.1749156215464822E-014
          13          49  -1.0030301242358597E-013
          13          50   5.9890718699241723E-002
          13          51  -5.4327636139772650E-014
          13          52   2.6783942323693109E-002
          13          53  -1.2761666723370979E-013
          13          54  -4.3726632557861134E-014
          13          55   4.9760327234750049E-015
          13          56  -6.0640511709286748E-014
          13          57   2.6783942323698157E-002
          13          58  -4.0628524849983805E-014
          13          59  -8.6488325182210168E-014
          14           1  -2.7352988131350316E-013
          14           2  -6.1017702111051480E-013
          14           3   7.7753154211997114E-014
          14           4  -1.9030888428764655E-013
          14           5  -4.1634353526162578E-013
          14           6   4.5126058525343456E-014
          14           7  -2.8456421247158303E-012
          14           8  -8.2781618714929950E-002
          14           9   2.1854480031224810E-013
          14          10   2.2328840165730668E-013
          14          11  0.12177336408082265     
          14          12   1.8057560655093674E-013
          14          13  -1.8651746813702630E-014
          14          14   1.4537805048506134     
          14          15  -6.0933202927770935E-013
          14          16   9.6625832335384132E-014
          14          17   1.8970566461424525E-002
