           1           1   2.1773378562573420     
           1           2 -0.61318942544709321     
           1           3  -3.9327047081824495E-002
           1           4  0.11407435693454883     
           1           5   7.4603086373590435E-002
           1           6   3.6716398019612040E-003
           1           7  -3.0289224419038032E-014
           1           8   4.5072902739099691E-014
           1           9  -1.8096342244681011E-014
           1          10   2.5693983650912279E-014
           1          11   4.8620338661191695E-015
           1          12   1.5227633732515892E-014
           1          13  -1.6836285437204940E-014
           1          14  -1.2959903585478343E-013
           1          15  -7.8219879048096152E-014
           1          16   4.1509159308233980E-015
           1          17  -3.1222178133021264E-014
           1          18  -4.4467704329124068E-014
           1          19   2.7766792204220399E-015
           1          20  -2.8233834518150809E-016
           1          21   4.2253724230949804E-015
           1          22  -2.3163361386267030E-004
           1          23   4.6504015559215904E-015
           1          24  -2.3163361387590429E-004
           1          25  -1.1628704311370994E-015
           1          26  -7.1267509057317071E-015
           1          27  -2.3163361386981194E-004
           1          28  -1.8014083758804672E-003
           1          29  -9.5187106707403305E-015
           1          30  -1.8014083758975761E-003
           1          31   1.2529814633901761E-014
           1          32   8.3118744356941841E-015
           1          33  -1.8014083759008335E-003
           1          34  -1.7885040198572090E-003
           1          35   9.6173583805130184E-015
           1          36  -1.7885040198486217E-003
           1          37  -1.7415889486806079E-014
           1          38  -1.8040420363998120E-015
           1          39  -1.7885040198251660E-003
           1          40   2.0186686686224807E-014
           1          41   1.5865103317233828E-014
           1          42  -4.5857633937400511E-015
           1          43   3.7161983134660190E-014
           1          44   1.0163435813392649E-014
           1          45   8.0746935244504373E-015
           1          46   1.3700160855648585E-014
           1          47   8.2446276953032181E-015
           1          48   1.5752174015987714E-014
           1          49   2.0168572152402533E-014
           1          50   2.0202968210538933E-014
           1          51   4.8730863924552289E-015
           1          52   1.8680290478673679E-014
           1          53   2.1096633772846808E-014
           1          54   1.9824689432668843E-014
           1          55  -5.3062319826129162E-015
           1          56   9.9817635389323936E-015
           1          57   2.4067137424355253E-015
           1          58   4.4121784648067047E-015
           1          59   3.6122094167630409E-014
           2           1 -0.61318942544709321     
           2           2   2.1246394449386052     
           2           3  0.12575570114959916     
           2           4 -0.44032913905131987     
           2           5 -0.28170893647311962     
           2           6  -1.3699305471442217E-002
           2           7   1.0791464961112391E-013
           2           8  -2.1892664956891676E-013
           2           9   8.2906622730591965E-014
           2          10  -1.3943909208726581E-013
           2          11   1.8138083938992182E-013
           2          12  -5.4292444230035964E-014
           2          13   9.7867543050862265E-014
           2          14  -1.4742580586592651E-013
           2          15   1.6294470473542306E-013
           2          16  -3.9188011644500123E-014
           2          17   3.3873588097928135E-014
           2          18   1.2873276623096516E-013
           2          19  -7.4735010903556527E-015
           2          20   2.4202387199270834E-014
           2          21  -1.2234553918380266E-014
           2          22   2.6143341303849679E-004
           2          23  -8.5059793526924828E-015
           2          24   2.6143341307432186E-004
           2          25   7.0480859400918767E-015
           2          26   1.9148877136159506E-014
           2          27   2.6143341306862676E-004
           2          28   4.3551468156774881E-003
           2          29   3.3781790310471761E-014
           2          30   4.3551468157474026E-003
           2          31  -3.5147117416874153E-014
           2          32  -1.7313158357216366E-014
           2          33   4.3551468157322342E-003
           2          34   6.0655726995386353E-003
           2          35  -3.6314560062244557E-014
           2          36   6.0655726995040918E-003
           2          37   4.3607905913995230E-014
           2          38  -2.2309766659193594E-015
           2          39   6.0655726994351391E-003
           2          40  -9.8210077932078234E-014
           2          41   4.2911920184824568E-014
           2          42  -5.2768062102596462E-015
           2          43   1.0879008454267243E-013
           2          44  -1.4906521148611377E-014
           2          45  -3.4223121135017146E-014
           2          46  -2.9468123091185874E-014
           2          47  -3.9167243391624730E-014
           2          48   4.1631268021356529E-014
           2          49  -5.1191935826427540E-014
           2          50  -9.3296643191987839E-014
           2          51   6.6120752783589690E-014
           2          52  -6.5826325304679660E-014
           2          53   1.1144257990057078E-013
           2          54  -6.8835050466094700E-014
           2          55   2.4120141417808474E-014
           2          56  -2.3846449666750421E-014
           2          57  -2.0630726212236638E-014
           2          58   6.9680002209392739E-014
           2          59  -9.8789155659716659E-014
           3           1  -3.9327047081824495E-002
           3           2  0.12575570114959916     
           3           3   3.2416899875971794E-002
           3           4  0.10136078269291525     
           3           5   5.3707698688508429E-002
           3           6   2.4723125671274526E-003
           3           7  -6.3932455305069061E-013
           3           8   6.2574681172295390E-013
           3           9   2.5046201751468356E-014
           3          10   6.0535130982131583E-013
           3          11  -8.2770150082735626E-013
           3          12  -1.0285516258632048E-014
           3          13   9.7019429673023803E-013
           3          14  -1.2765500265634625E-012
           3          15  -2.2631627987649957E-014
           3          16   5.8455791295978286E-013
           3          17  -7.7519141658428451E-013
           3          18  -1.7988427686177387E-014
           3          19   3.2115630409803336E-014
           3          20  -4.0904932422532287E-014
           3          21   2.1773090899723773E-015
           3          22   2.1115654711166888E-003
           3          23  -2.4971575168800174E-015
           3          24   2.1115654711141869E-003
           3          25   1.5333138365299600E-015
           3          26   9.8646707197858007E-016
           3          27   2.1115654711162638E-003
           3          28   4.7138380735838887E-003
           3          29   4.4040057174103467E-016
           3          30   4.7138380735812068E-003
           3          31  -3.5748260892552014E-015
           3          32  -1.4571378884039554E-015
           3          33   4.7138380735822780E-003
           3          34   1.5446725423502703E-004
           3          35  -8.3388996556451935E-016
           3          36   1.5446725422970457E-004
           3          37   1.3480710578616168E-015
           3          38   1.9581880569748872E-015
           3          39   1.5446725422387718E-004
           3          40   4.7506175695241990E-014
           3          41  -3.0902118391682008E-014
           3          42   2.4079315313649862E-014
           3          43  -7.0589778760553541E-014
           3          44  -4.2189534443096550E-016
           3          45  -3.2222244796283453E-015
           3          46  -1.2910348349069475E-015
           3          47   2.1733750075220253E-014
           3          48  -3.1308524071559619E-014
           3          49   2.6546387813621146E-016
           3          50   6.2362187088025659E-014
           3          51  -4.0151061066753955E-014
           3          52   2.6169943698448463E-014
           3          53  -9.2861091717643686E-014
           3          54  -2.7636995664404691E-015
           3          55   1.6133529285694800E-015
           3          56   3.6426281148744813E-015
           3          57   3.2022885750460851E-014
           3          58  -4.0586131577637235E-014
           3          59  -7.4869951813189278E-017
           4           1  0.11407435693454883     
           4           2 -0.44032913905131987     
           4           3  0.10136078269291525     
           4           4  0.74141942436450958     
           4           5  0.41749846035312455     
           4           6   1.9591140836937186E-002
           4           7  -1.5446879477091110E-013
           4           8   8.8827807978009097E-014
           4           9   4.0824095748505991E-014
           4          10   9.5315099107429625E-014
           4          11  -1.9744762256330878E-013
           4          12  -2.5489371717020270E-015
           4          13   1.2471491009981218E-013
           4          14  -1.1930299437583776E-013
           4          15  -1.6167845383570018E-013
           4          16   1.3058744615214852E-013
           4          17  -1.6969553808271352E-013
           4          18  -1.3524412403696537E-013
           4          19  -6.7760067458437515E-015
           4          20   1.0345789766159439E-014
           4          21   1.8681507451499821E-014
           4          22   1.0640920397333702E-002
           4          23  -8.4072701311465255E-015
           4          24   1.0640920397302689E-002
           4          25   4.2354935464230907E-015
           4          26  -4.7203201608420184E-015
           4          27   1.0640920397316192E-002
           4          28   2.1833752608265016E-002
           4          29  -1.4956335722021551E-014
           4          30   2.1833752608215726E-002
           4          31  -3.3852321838379961E-016
           4          32   1.3859751231954874E-015
           4          33   2.1833752608228913E-002
           4          34  -2.3008406284930364E-003
           4          35   1.4237622662570585E-014
           4          36  -2.3008406285026043E-003
           4          37  -1.5335269763451848E-014
           4          38   1.1124786999246705E-014
           4          39  -2.3008406284972189E-003
           4          40   1.6772458722588388E-014
           4          41  -1.6501495863808385E-014
           4          42   2.2778892818654239E-015
           4          43  -5.1034268308327673E-014
           4          44   6.3968088839559411E-015
           4          45   9.8490766080536752E-016
           4          46   9.3768617896151735E-015
           4          47   7.5725232932858641E-015
           4          48  -1.7923599316312580E-014
           4          49   2.9557724065805245E-014
           4          50   1.7024838739024412E-014
           4          51  -3.0470152287153655E-014
           4          52   1.1119106609143553E-014
           4          53  -6.5311222582911117E-014
           4          54   2.2118370561574735E-014
           4          55  -4.0492889039853586E-015
           4          56   3.1899558324400417E-014
           4          57   1.7963356708065653E-014
           4          58  -3.4501984112967710E-014
           4          59   5.2542232406310065E-014
           5           1   7.4603086373590435E-002
           5           2 -0.28170893647311962     
           5           3   5.3707698688508429E-002
           5           4  0.41749846035312455     
           5           5  0.23570802607570168     
           5           6   1.1069319399762325E-002
           5           7   2.4127296970000879E-012
           5           8  -2.1667904127228466E-012
           5           9  -1.9257887210763145E-013
           5          10  -2.1286350900509120E-012
           5          11   2.9989223603698008E-012
           5          12   1.5393531654620013E-013
           5          13  -3.3597370258377274E-012
           5          14   4.6910234444516504E-012
           5          15   1.5348774768110295E-013
           5          16  -1.9873376001071786E-012
           5          17   2.7673070231647231E-012
           5          18   7.0623423096306539E-014
           5          19  -1.2865563535998650E-013
           5          20   1.7946387993245796E-013
           5          21   1.9492525872369160E-014
           5          22   5.8727533836404550E-003
           5          23  -4.4891250989337943E-015
           5          24   5.8727533836226749E-003
           5          25   2.2120162030924388E-015
           5          26  -2.9545791807042186E-015
           5          27   5.8727533836302383E-003
           5          28   1.1980869654773997E-002
           5          29  -8.8730639964962774E-015
           5          30   1.1980869654745506E-002
           5          31   4.5034818731161769E-016
           5          32   1.0800076965257948E-015
           5          33   1.1980869654753062E-002
           5          34  -1.3807729681603045E-003
           5          35   8.5218209438629429E-015
           5          36  -1.3807729681649637E-003
           5          37  -9.2616541606428382E-015
           5          38   6.1846011780040992E-015
           5          39  -1.3807729681607392E-003
           5          40  -1.8679177198271220E-013
           5          41   1.1271804674525467E-013
           5          42  -8.7121454826038710E-014
           5          43   2.4400602070088580E-013
           5          44   1.0152566699899728E-014
           5          45   1.1635927148108792E-015
           5          46   1.2062224086433642E-014
           5          47  -8.3582204009055142E-014
           5          48   1.1195560789322220E-013
           5          49   3.1449053769616493E-014
           5          50  -2.3818801981024989E-013
           5          51   1.3884691484578316E-013
           5          52  -1.0414737490689691E-013
           5          53   3.1268954081079221E-013
           5          54   2.1397657893492167E-014
           5          55  -2.6731954208266309E-015
           5          56   2.5986014046189014E-014
           5          57  -1.0118657760951340E-013
           5          58   1.3655560138936557E-013
           5          59   4.8553176439048294E-014
           6           1   3.6716398019612040E-003
           6           2  -1.3699305471442217E-002
           6           3   2.4723125671274526E-003
           6           4   1.9591140836937186E-002
           6           5   1.1069319399762325E-002
           6           6   5.1996118574249603E-004
           6           7   1.1454362348803635E-013
           6           8   2.1078239125127064E-014
           6           9  -4.7973788573411704E-014
           6          10  -6.6519791451575559E-014
           6          11   2.5655244542369444E-014
           6          12   5.3812362237348705E-014
           6          13  -1.0913928496531741E-013
           6          14   4.0495751619861257E-014
           6          15   7.8894812171937394E-014
           6          16  -6.3969631981714098E-014
           6          17   2.1828043233275326E-014
           6          18   4.6446970008693288E-014
           6          19  -4.2413578045927462E-015
           6          20   1.8526789330863786E-015
           6          21   3.5385083487867752E-015
           6          22   2.7388435719952301E-004
           6          23  -2.0714045591174243E-016
           6          24   2.7388435719868416E-004
           6          25   1.0134896334942998E-016
           6          26  -1.4287817703579396E-016
           6          27   2.7388435719903853E-004
           6          28   5.5773804424641264E-004
           6          29  -4.2277623479401148E-016
           6          30   5.5773804424506519E-004
           6          31   3.0274810843221618E-017
           6          32   5.4977115508591121E-017
           6          33   5.5773804424542157E-004
           6          34  -6.6004626485819344E-005
           6          35   4.0704705023282807E-016
           6          36  -6.6004626486027647E-005
           6          37  -4.4356265337761744E-016
           6          38   2.8904677566943261E-016
           6          39  -6.6004626485812406E-005
           6          40  -5.9486741805977646E-015
           6          41   6.4296348097648542E-016
           6          42  -2.8377766290773703E-015
           6          43   1.0594092869059137E-015
           6          44   2.3294125140278682E-015
           6          45   6.3239462764612683E-017
           6          46   2.4223071389386676E-015
           6          47  -2.6637301010243591E-015
           6          48   6.0772558253679733E-016
           6          49   5.6213350417137530E-015
           6          50  -7.4782219165215635E-015
           6          51   6.4307725130874696E-016
           6          52  -3.2272687028182883E-015
           6          53   1.5510085495796604E-015
           6          54   3.3750628589314654E-015
           6          55  -1.3100796000735283E-016
           6          56   3.5773320736998142E-015
           6          57  -3.1010756994130846E-015
           6          58   5.3526662165628953E-016
           6          59   7.5654682498090181E-015
           7           1  -3.0289224419038032E-014
           7           2   1.0791464961112391E-013
           7           3  -6.3932455305069061E-013
           7           4  -1.5446879477091110E-013
           7           5   2.4127296970000879E-012
           7           6   1.1454362348803635E-013
           7           7   2.0461788898334179     
           7           8   5.6009016868863171E-014
           7           9   1.7689842646273490E-014
           7          10  -5.6928782652944702E-002
           7          11   2.0859702853925910E-013
           7          12   6.5118049841217385E-014
           7          13 -0.27818167930675880     
           7          14  -1.3290809425248185E-012
           7          15  -3.2179293951717369E-013
           7          16 -0.16215121324156934     
           7          17  -7.8521390778352185E-014
           7          18  -4.4851275471380347E-014
           7          19  -9.1188677657507954E-003
           7          20  -1.4768112947816103E-013
           7          21  -2.7092949194881810E-013
           7          22  -2.1741944577793687E-013
           7          23   1.0685622087755051E-014
           7          24  -9.6349508732284194E-014
           7          25  -5.0122594785293921E-014
           7          26  -6.8655248334803945E-014
           7          27  -8.2257333634543520E-014
           7          28  -6.4696821394784678E-013
           7          29   2.7700793369168726E-014
           7          30  -5.9053798119491794E-013
           7          31  -4.8111192131980465E-014
           7          32   3.7774155565754623E-015
           7          33  -8.1818919980780421E-013
           7          34  -3.5835029289432109E-013
           7          35  -4.8335474698952799E-014
           7          36  -4.0847555517398277E-013
           7          37   3.0699900979977464E-015
           7          38  -7.1329840548591381E-014
           7          39  -2.3845658255512831E-013
           7          40  -1.6529011286673122E-002
           7          41   1.6527605022423342E-013
           7          42  -7.3919985674979864E-003
           7          43   3.1843744221354831E-013
           7          44   7.6840660570565156E-014
           7          45  -1.7121344198664867E-014
           7          46   4.2997831857516378E-014
           7          47  -7.3919985675875198E-003
           7          48   2.3090313298543275E-013
           7          49   8.8102810637258333E-014
           7          50  -1.2961489461272669E-002
           7          51   3.9844375628733664E-014
           7          52  -5.7965543050094350E-003
           7          53   4.3395311215971288E-013
           7          54  -5.6732992869540366E-014
           7          55   5.2462947207150309E-014
           7          56   7.4386623163252841E-014
           7          57  -5.7965543049140096E-003
           7          58   1.9103317018542842E-014
           7          59   1.4102065869214808E-013
           8           1   4.5072902739099691E-014
           8           2  -2.1892664956891676E-013
           8           3   6.2574681172295390E-013
           8           4   8.8827807978009097E-014
           8           5  -2.1667904127228466E-012
           8           6   2.1078239125127064E-014
           8           7   5.6009016868863171E-014
           8           8   2.0461788898335800     
           8           9  -3.0565827646711341E-015
           8          10  -9.1716564898369768E-014
           8          11  -5.6928782653195016E-002
           8          12   1.7272988594996264E-013
           8          13  -2.2843359148705389E-013
           8          14 -0.27818167930679294     
           8          15  -8.0463066765013025E-013
           8          16   2.3275738975092608E-013
           8          17 -0.16215121324184789     
           8          18  -2.5669397163419205E-013
           8          19   2.7544839239362906E-013
           8          20  -9.1188677653347219E-003
           8          21   4.7199408010484278E-013
           8          22   2.9053072237434122E-013
           8          23  -4.9090454504918134E-015
           8          24   5.0233942587502589E-014
           8          25   7.8341282220755208E-014
           8          26   8.9731394113137183E-014
           8          27   7.9215545256651632E-014
           8          28   6.3542110044900939E-013
           8          29  -3.7990829978943705E-014
           8          30   5.2406361261502431E-013
           8          31   6.1870398231866765E-014
           8          32  -1.7225447103540637E-014
           8          33   7.4456043174424754E-013
           8          34   2.8013315770680223E-013
           8          35   5.6981517596027882E-014
           8          36   2.7833612438458084E-013
           8          37  -2.0038161991452350E-014
           8          38   7.6510896791885395E-014
           8          39   2.1725360495867238E-013
           8          40   1.0011045811775254E-013
           8          41  -7.3919985675882614E-003
           8          42  -3.1077245811472753E-014
           8          43  -1.6529011286671023E-002
           8          44   8.5913481190358354E-014
           8          45   9.2989539211377972E-015
           8          46   1.2738031116010795E-013
           8          47   9.3500944833846411E-014
           8          48  -7.3919985676780091E-003
           8          49   2.6510141738073090E-013
           8          50   3.6887268413388075E-014
           8          51  -5.7965543048575652E-003
           8          52   5.0396590112883333E-014
           8          53  -1.2961489461454933E-002
           8          54   2.2980136673775298E-013
           8          55  -5.6784851893132397E-014
           8          56   4.0338229718300811E-014
           8          57  -9.7377618121785581E-014
           8          58  -5.7965543048584811E-003
           8          59   1.6539731823722592E-013
           9           1  -1.8096342244681011E-014
           9           2   8.2906622730591965E-014
           9           3   2.5046201751468356E-014
           9           4   4.0824095748505991E-014
           9           5  -1.9257887210763145E-013
           9           6  -4.7973788573411704E-014
           9           7   1.7689842646273490E-014
           9           8  -3.0565827646711341E-015
           9           9   2.0461788898335076     
           9          10  -1.6938707381175533E-014
           9          11   3.9409447927241104E-014
           9          12  -5.6928782652957310E-002
           9          13  -2.9270336154851861E-013
           9          14  -1.7662434015353057E-013
           9          15 -0.27818167930739418     
           9          16   2.8799618939645555E-013
           9          17  -7.3092573660282767E-015
           9          18 -0.16215121324178966     
           9          19   3.3370929717474462E-014
           9          20   7.1550296069922137E-014
           9          21  -9.1188677653590289E-003
           9          22   7.3144984275518383E-014
           9          23   1.4962239940547921E-014
           9          24  -3.3738173584910294E-014
           9          25   4.4373574253433744E-014
           9          26   9.2535517925412155E-015
           9          27   3.5846289301837064E-014
           9          28   3.9205760872862321E-014
           9          29   2.0688152251348452E-015
           9          30   1.2925819391178690E-013
           9          31   3.5658148036979264E-014
           9          32  -7.0880907620896595E-014
           9          33   1.2408346284267834E-015
           9          34  -2.0362874961148317E-014
           9          35  -3.6722644249672120E-015
           9          36  -1.0443646287005967E-013
           9          37  -1.8854083406363529E-014
           9          38   3.1040933318680720E-015
           9          39   1.2006547639450585E-013
           9          40   7.2582998639214580E-014
           9          41   7.4345911371676010E-015
           9          42   4.0153806928761027E-014
           9          43   3.6920661840300628E-014
           9          44  -7.3919985674593030E-003
           9          45  -2.9670835438802360E-014
           9          46  -7.3919985674581763E-003
           9          47   7.2792330973667219E-014
           9          48  -9.4255115865027328E-015
           9          49  -1.6529011286468075E-002
           9          50  -2.1902943868334912E-014
           9          51   4.8902938989958677E-014
           9          52   8.0290049782327788E-015
           9          53   2.4875934645507414E-014
           9          54  -5.7965543048977526E-003
           9          55   4.3815412459326608E-014
           9          56  -5.7965543049385976E-003
           9          57  -6.0767742834227922E-014
           9          58   1.0238934266409982E-014
           9          59  -1.2961489461114865E-002
          10           1   2.5693983650912279E-014
          10           2  -1.3943909208726581E-013
          10           3   6.0535130982131583E-013
          10           4   9.5315099107429625E-014
          10           5  -2.1286350900509120E-012
          10           6  -6.6519791451575559E-014
          10           7  -5.6928782652944702E-002
          10           8  -9.1716564898369768E-014
          10           9  -1.6938707381175533E-014
          10          10  0.19916830608625646     
          10          11  -1.4836482736813039E-013
          10          12   6.4241147124111109E-014
          10          13  0.29622577099891412     
          10          14   1.2500295937245554E-012
          10          15  -5.6699436812301940E-014
          10          16  0.17852195909976162     
          10          17   6.4534315391551189E-014
          10          18  -1.3961054534661343E-014
          10          19   1.0897440284824205E-002
          10          20   1.6617149279848920E-013
          10          21   3.1987991899393164E-013
          10          22   2.1304098388364919E-013
          10          23  -5.8255057856098678E-015
          10          24   9.2139952195279470E-014
          10          25   5.2609427712968824E-014
          10          26   7.7368391189911632E-014
          10          27   7.3494740276846383E-014
          10          28   5.7723173826089706E-013
          10          29  -3.5791059419925797E-014
          10          30   5.0807526615692650E-013
          10          31   5.4201614122146224E-014
          10          32  -3.6202746377855877E-015
          10          33   7.5982748150900887E-013
          10          34   3.2434458745894100E-013
          10          35   5.7619333004814070E-014
          10          36   3.7852202557070378E-013
          10          37  -2.3632179352124065E-015
          10          38   7.9737133435113122E-014
          10          39   1.9060851709569427E-013
          10          40   1.7061329610622122E-002
          10          41  -1.4544794405338402E-013
          10          42   7.6300585590944204E-003
          10          43  -2.8789275650920043E-013
          10          44  -1.8726936234364500E-014
          10          45   1.9123029068040691E-014
          10          46   1.8867936726896239E-014
          10          47   7.6300585591944766E-003
          10          48  -2.1378878485231456E-013
          10          49   5.2614163026376559E-014
          10          50   2.2177037952788137E-002
          10          51  -1.4505052974705945E-014
          10          52   9.9178728804022436E-003
          10          53  -4.0106600766171008E-013
          10          54   1.2476147502257784E-013
          10          55  -5.9367514208462928E-014
          10          56  -2.2566963488873659E-014
          10          57   9.9178728802967586E-003
          10          58   4.0014649579922512E-015
          10          59  -2.4779982753242447E-014
          11           1   4.8620338661191695E-015
          11           2   1.8138083938992182E-013
          11           3  -8.2770150082735626E-013
          11           4  -1.9744762256330878E-013
          11           5   2.9989223603698008E-012
          11           6   2.5655244542369444E-014
          11           7   2.0859702853925910E-013
          11           8  -5.6928782653195016E-002
          11           9   3.9409447927241104E-014
          11          10  -1.4836482736813039E-013
          11          11  0.19916830608715258     
          11          12  -1.7494686255226100E-014
          11          13  -8.1684659036795892E-014
          11          14  0.29622577099837655     
          11          15   4.3548324668574168E-013
          11          16  -4.7933792352017335E-013
          11          17  0.17852195910019142     
          11          18   2.2504394181499521E-013
          11          19  -3.2659335305607051E-013
          11          20   1.0897440284397248E-002
          11          21  -5.1272094209187102E-013
          11          22  -3.5588578563987619E-013
          11          23  -6.1993494198839698E-016
          11          24  -7.6007451671760178E-014
          11          25  -8.9172654459096551E-014
          11          26  -1.0217340963831059E-013
          11          27  -1.1697837120392069E-013
          11          28  -8.6905138443104553E-013
          11          29   4.5638625259959326E-014
          11          30  -7.4671310257445196E-013
          11          31  -7.0523674062812709E-014
          11          32   1.9311260703316156E-014
          11          33  -9.9641961299814518E-013
          11          34  -3.9023796041998013E-013
          11          35  -6.4540285918297519E-014
          11          36  -3.8898374908281146E-013
          11          37   2.3884037564962131E-014
          11          38  -8.6584252177084607E-014
          11          39  -3.1624929885674737E-013
          11          40  -1.4309571323006809E-013
          11          41   7.6300585593657121E-003
          11          42   2.0487734772589583E-014
          11          43   1.7061329610995130E-002
          11          44  -1.6133470427670549E-014
          11          45  -1.0336981904281141E-014
          11          46  -6.5049582474024925E-014
          11          47  -1.1613903198523512E-013
          11          48   7.6300585594702777E-003
          11          49  -1.2080223973920390E-013
          11          50  -8.0348705119859254E-014
          11          51   9.9178728803878714E-003
          11          52  -7.2465742174260273E-014
          11          53   2.2177037953347828E-002
          11          54  -1.8874534097115814E-013
          11          55   6.3905786978088584E-014
          11          56   2.6767216915191128E-014
          11          57   9.1995584327458912E-014
          11          58   9.9178728803861489E-003
          11          59  -2.7237110136746345E-014
          12           1   1.5227633732515892E-014
          12           2  -5.4292444230035964E-014
          12           3  -1.0285516258632048E-014
          12           4  -2.5489371717020270E-015
          12           5   1.5393531654620013E-013
          12           6   5.3812362237348705E-014
          12           7   6.5118049841217385E-014
          12           8   1.7272988594996264E-013
          12           9  -5.6928782652957310E-002
          12          10   6.4241147124111109E-014
          12          11  -1.7494686255226100E-014
          12          12  0.19916830608625774     
          12          13   2.4071716842044566E-013
          12          14  -2.4948619559150842E-013
          12          15  0.29622577099933278     
          12          16  -3.3432631663110612E-013
          12          17  -1.1285937462357509E-013
          12          18  0.17852195909989971     
          12          19  -3.3766338249779926E-014
          12          20  -7.5378505520751204E-014
          12          21   1.0897440284391805E-002
          12          22  -7.6660187047810609E-014
          12          23  -1.6268030041989934E-014
          12          24   4.4811298963149133E-014
          12          25  -5.4270149158001869E-014
          12          26  -5.3564927578033260E-015
          12          27  -3.6626665255052979E-014
          12          28  -2.4856199469045225E-014
          12          29  -3.8301017301022207E-015
          12          30  -1.2657824337582143E-013
          12          31  -3.8809189484177455E-014
          12          32   8.1154027465664631E-014
          12          33   2.5983336215310243E-014
          12          34   3.0773795831002343E-014
          12          35   4.9544232983834244E-015
          12          36   1.2890925979141469E-013
          12          37   2.0978518213145396E-014
          12          38  -4.2839341015086084E-015
          12          39  -1.2914187633466977E-013
          12          40  -4.6287951770140889E-014
          12          41   4.2636521483535583E-014
          12          42  -3.0663514262452285E-014
          12          43   6.4800378604679132E-014
          12          44   7.6300585590722021E-003
          12          45   3.1997044009370542E-014
          12          46   7.6300585590773316E-003
          12          47  -6.4792789189471733E-014
          12          48   5.8134866278564123E-014
          12          49   1.7061329610449844E-002
          12          50   5.6501136234954341E-014
          12          51  -1.6714602792122779E-014
          12          52   7.5456676497387409E-015
          12          53   6.3327381533140326E-014
          12          54   9.9178728803082684E-003
          12          55  -5.0458484791063255E-014
          12          56   9.9178728803504985E-003
          12          57   8.2319784669437901E-014
          12          58   3.0022804988621976E-014
          12          59   2.2177037952665637E-002
          13           1  -1.6836285437204940E-014
          13           2   9.7867543050862265E-014
          13           3   9.7019429673023803E-013
          13           4   1.2471491009981218E-013
          13           5  -3.3597370258377274E-012
          13           6  -1.0913928496531741E-013
          13           7 -0.27818167930675880     
          13           8  -2.2843359148705389E-013
          13           9  -2.9270336154851861E-013
          13          10  0.29622577099891412     
          13          11  -8.1684659036795892E-014
          13          12   2.4071716842044566E-013
          13          13  0.45902802631191814     
          13          14   2.1863483246065130E-012
          13          15   1.9685642005384807E-013
          13          16  0.27611159234749949     
          13          17   2.4293241029926804E-013
          13          18   1.3332737691662544E-013
          13          19   1.6780276171902437E-002
          13          20   2.6530524738915817E-013
          13          21   5.0191632534196673E-013
          13          22   3.3240612030487728E-013
          13          23  -9.5245775488543368E-015
          13          24   1.4433793793076782E-013
          13          25   8.1592178536242029E-014
          13          26   1.1950859358385366E-013
          13          27   1.1577201461689672E-013
          13          28   9.0635642737749635E-013
          13          29  -5.4898846410383395E-014
          13          30   8.0000322591493443E-013
          13          31   8.3724834093581316E-014
          13          32  -5.6461644945590080E-015
          13          33   1.1892805582359159E-012
          13          34   5.0856137376381229E-013
          13          35   8.8736257302804758E-014
          13          36   5.9244142866800688E-013
          13          37  -3.7433225155831234E-015
          13          38   1.2322178677489175E-013
          13          39   3.0186864466436136E-013
          13          40   2.6486365763355599E-002
          13          41  -2.2207485416564365E-013
          13          42   1.1845062864630712E-002
          13          43  -4.3718349253263344E-013
          13          44  -2.8229697225656825E-014
          13          45   2.9552954338893644E-014
          13          46   2.9887930238364779E-014
          13          47   1.1845062864785337E-002
          13          48  -3.2811410923330731E-013
          13          49   8.2817975567694990E-014
          13          50   3.3615543339406723E-002
          13          51  -1.7202602189958505E-014
          13          52   1.5033328001496014E-002
          13          53  -6.0957163795782865E-013
          13          54   1.9552079139756318E-013
          13          55  -9.1681996456762342E-014
          13          56  -3.2090974842746700E-014
          13          57   1.5033328001332901E-002
          13          58   1.1795902796207791E-014
          13          59  -3.1845403050678733E-014
          14           1  -1.2959903585478343E-013
          14           2  -1.4742580586592651E-013
          14           3  -1.2765500265634625E-012
          14           4  -1.1930299437583776E-013
          14           5   4.6910234444516504E-012
          14           6   4.0495751619861257E-014
          14           7  -1.3290809425248185E-012
          14           8 -0.27818167930679294     
          14           9  -1.7662434015353057E-013
          14          10   1.2500295937245554E-012
          14          11  0.29622577099837655     
          14          12  -2.4948619559150842E-013
          14          13   2.1863483246065130E-012
          14          14  0.45902802630837358     
          14          15   4.3197043164688864E-013
          14          16   6.5107641500361524E-013
          14          17  0.27611159234648786     
