           1           1   2.0025822087799625     
           1           2  0.48069793622990853     
           1           3  0.43848687073868586     
           1           4   1.1230859297659297     
           1           5  0.13906440491401675     
           1           6 -0.13480362536325802     
           1           7   4.5240084562043197E-002
           1           8   1.4641647307425678E-014
           1           9   2.2848601758831272E-014
           1          10   8.5996406841615167E-015
           1          11   2.3680438176037222E-013
           1          12   2.1612560536813161E-013
           1          13   4.0001327207455273E-014
           1          14  -3.1903646096363268E-013
           1          15  -3.0888130630725503E-013
           1          16  -6.7779646385940343E-014
           1          17   8.0351324622256940E-013
           1          18   7.8316365383750589E-013
           1          19   1.9434588357614186E-013
           1          20  -1.6054451654938577E-013
           1          21  -1.4966333362185058E-013
           1          22  -2.2269237813129966E-014
           1          23  -1.3923639557697059E-014
           1          24  -1.3597675455714137E-014
           1          25  -9.8829268022719395E-015
           1          26 -0.59244652092902528     
           1          27  -2.0945886391853172E-014
           1          28 -0.59244652092900241     
           1          29  -7.2020526901766324E-014
           1          30   1.2071796261480775E-014
           1          31 -0.59244652092898087     
           1          32 -0.26844998176966056     
           1          33   1.1462940722026981E-014
           1          34 -0.26844998176967566     
           1          35   3.2226285090676366E-014
           1          36  -5.6530237204759101E-015
           1          37 -0.26844998176968665     
           1          38   4.1360285773501662E-002
           1          39  -7.9725833397879243E-015
           1          40   4.1360285773506124E-002
           1          41  -1.9196167282959817E-014
           1          42   8.2211265432886169E-015
           1          43   4.1360285773516636E-002
           1          44  -1.6659634087005042E-002
           1          45   2.6150625731772855E-015
           1          46  -1.6659634087004278E-002
           1          47   1.0704791217252645E-014
           1          48  -2.8319071575498150E-015
           1          49  -1.6659634087015592E-002
           1          50  -1.9463126952902004E-013
           1          51  -9.2998418273067575E-014
           1          52  -9.6143024708523076E-014
           1          53  -1.9555856198746726E-013
           1          54  -2.2872945033007841E-014
           1          55  -3.4701168453414404E-016
           1          56  -2.4678983353110444E-014
           1          57  -8.3759378360105322E-014
           1          58  -8.0143229263473325E-014
           1          59  -5.4574838219430415E-014
           1          60  -1.4671051003678254E-013
           1          61  -6.0405481831944415E-014
           1          62  -6.2481269171201870E-014
           1          63  -1.4386201039252341E-013
           1          64  -2.4078862452445653E-014
           1          65   1.0314964005568506E-015
           1          66  -1.7471570523258256E-014
           1          67  -7.2065750940800183E-014
           1          68  -7.2297005458291881E-014
           1          69  -3.2667284925810217E-014
           2           1  0.48069793622990853     
           2           2   18.995405187783238     
           2           3   21.900821208172118     
           2           4   39.920151248326846     
           2           5   4.0481070324402193     
           2           6  -6.3172932764480088     
           2           7   1.0031908021647491     
           2           8   3.4579095877263382E-013
           2           9   5.2590188239569875E-013
           2          10   2.3632147184331459E-013
           2          11   4.6217832392225656E-012
           2          12   5.3621384413465396E-012
           2          13  -3.4637851819669660E-014
           2          14  -6.1917815879417482E-012
           2          15  -7.3355186030610128E-012
           2          16  -1.5785680844669153E-013
           2          17   1.6901184125222155E-011
           2          18   1.9732512616734331E-011
           2          19   5.5557182421515652E-013
           2          20  -3.6811227036516986E-012
           2          21  -4.1849750740160660E-012
           2          22  -6.3017235163124512E-014
           2          23  -2.7801412831611008E-013
           2          24  -3.2039350633789533E-013
           2          25  -2.7154737239140667E-014
           2          26  -22.678135969029192     
           2          27  -3.2297085517530960E-013
           2          28  -22.678135969028816     
           2          29  -1.2496874113045532E-012
           2          30   2.4410026459754226E-013
           2          31  -22.678135969028389     
           2          32  -8.7726871760751415     
           2          33   2.5010138878562972E-013
           2          34  -8.7726871760753475     
           2          35   8.4222811058243818E-013
           2          36  -1.4773340461046210E-013
           2          37  -8.7726871760753742     
           2          38   2.0053357207952764     
           2          39  -2.7559188158927705E-013
           2          40   2.0053357207953386     
           2          41  -6.7456871152543511E-013
           2          42   1.1156392820604873E-013
           2          43   2.0053357207952796     
           2          44 -0.19586838836817333     
           2          45   1.5757538123971263E-013
           2          46 -0.19586838836820161     
           2          47   3.5188662827046333E-013
           2          48  -4.1387355310991237E-014
           2          49 -0.19586838836816217     
           2          50  -4.3283339310754524E-012
           2          51  -2.2518589739300195E-012
           2          52  -1.9393416480319223E-012
           2          53  -4.9946936308591170E-012
           2          54  -6.0916847641292912E-014
           2          55  -1.5525239912719530E-014
           2          56  -6.7102500372721951E-014
           2          57  -1.9352500867683066E-012
           2          58  -2.2728724474625423E-012
           2          59  -1.7305017953968224E-013
           2          60  -2.8881922710333953E-012
           2          61  -1.5350094565744562E-012
           2          62  -1.2965251665747462E-012
           2          63  -3.4530262463403952E-012
           2          64  -6.5578698439960706E-014
           2          65   1.1841437985192784E-014
           2          66  -6.0999791792404884E-014
           2          67  -1.2750136997065144E-012
           2          68  -1.5332202263866489E-012
           2          69  -9.0992184949870354E-014
           3           1  0.43848687073868586     
           3           2   21.900821208172118     
           3           3   27.771123542305112     
           3           4   54.590660251076798     
           3           5   6.7187527220246803     
           3           6  -8.0454108710871353     
           3           7   1.6307192607852521     
           3           8   4.7365685362495447E-013
           3           9   7.7740765696843047E-013
           3          10   1.4641166277615360E-013
           3          11   6.4449397271940280E-012
           3          12   6.6992437841260363E-012
           3          13  -1.8225880007579334E-013
           3          14  -8.7558394757286545E-012
           3          15  -9.4754175190913546E-012
           3          16  -1.2658420144475372E-013
           3          17   2.2322309771164835E-011
           3          18   2.3865405075738975E-011
           3          19   4.3290900425543732E-013
           3          20  -4.7054114836970504E-012
           3          21  -4.8351449205937647E-012
           3          22   2.5760035390533147E-014
           3          23  -3.8523629179052511E-013
           3          24  -4.1253570351263279E-013
           3          25  -3.9916447931619471E-014
           3          26  -29.208421989160872     
           3          27  -5.7224781966623729E-013
           3          28  -29.208421989160321     
           3          29  -2.1435152274843612E-012
           3          30   2.4573764333847368E-013
           3          31  -29.208421989159664     
           3          32  -12.687322053573496     
           3          33   3.7492091942536642E-013
           3          34  -12.687322053573826     
           3          35   1.3170343209192565E-012
           3          36  -1.6704377455833621E-013
           3          37  -12.687322053573848     
           3          38   2.4068436090418293     
           3          39  -3.8633388495275824E-013
           3          40   2.4068436090419354     
           3          41  -9.8220562341157776E-013
           3          42   1.3087616594194116E-013
           3          43   2.4068436090418306     
           3          44 -0.44710761994352888     
           3          45   2.1367249552720407E-013
           3          46 -0.44710761994356801     
           3          47   5.0639975574869543E-013
           3          48  -4.3226933416341821E-014
           3          49 -0.44710761994350418     
           3          50  -5.5361299343359277E-012
           3          51  -2.6508305329051121E-012
           3          52  -2.4870601687545794E-012
           3          53  -5.8332132690644882E-012
           3          54  -3.9381236536978814E-014
           3          55  -2.2485969973674563E-014
           3          56  -4.4305865851720001E-014
           3          57  -2.4711575793146782E-012
           3          58  -2.6897353152928424E-012
           3          59  -1.4727251496909470E-013
           3          60  -3.9552982464958853E-012
           3          61  -1.9284316679438499E-012
           3          62  -1.7733521022960837E-012
           3          63  -4.3688464038327453E-012
           3          64  -8.2347815451309576E-014
           3          65   1.8711207594194836E-014
           3          66  -6.8790620087716528E-014
           3          67  -1.7446824310537179E-012
           3          68  -1.9202942019756951E-012
           3          69  -8.6548138844353132E-014
           4           1   1.1230859297659297     
           4           2   39.920151248326846     
           4           3   54.590660251076798     
           4           4   113.18730849462318     
           4           5   15.569202964811488     
           4           6  -15.890091050040574     
           4           7   3.7337282347813177     
           4           8   1.2199256594102512E-012
           4           9   1.3945453026231986E-012
           4          10   2.1568882778960037E-013
           4          11   1.4819032267131139E-011
           4          12   1.5210084866353410E-011
           4          13  -1.8077071152300655E-014
           4          14  -1.9290842760039177E-011
           4          15  -2.0019220167934054E-011
           4          16  -2.3810274472940470E-013
           4          17   5.7600516890857242E-011
           4          18   5.9336870773472733E-011
           4          19   1.1349516278894342E-012
           4          20  -1.3424311479416701E-011
           4          21  -1.3353665660434453E-011
           4          22   3.2288354059061208E-014
           4          23  -8.2106772892632360E-013
           4          24  -8.5524109790877152E-013
           4          25  -9.6224089134598485E-014
           4          26  -57.949510979969972     
           4          27  -4.8764470803115020E-013
           4          28  -57.949510979969233     
           4          29  -2.1047627716841883E-012
           4          30   4.8765698647471028E-013
           4          31  -57.949510979968551     
           4          32  -27.272599012857420     
           4          33   4.9116440029007747E-013
           4          34  -27.272599012857988     
           4          35   1.8507456475734139E-012
           4          36  -3.3633852365541162E-013
           4          37  -27.272599012857718     
           4          38   4.5359367119354621     
           4          39  -6.7823196740915068E-013
           4          40   4.5359367119356353     
           4          41  -1.6599488553389748E-012
           4          42   2.5895101790089078E-013
           4          43   4.5359367119352667     
           4          44  -1.1707413753316021     
           4          45   3.9280826869793314E-013
           4          46  -1.1707413753316565     
           4          47   9.2327798365584949E-013
           4          48  -7.7226522092015788E-014
           4          49  -1.1707413753314708     
           4          50  -1.5357002194964842E-011
           4          51  -7.1062702912334566E-012
           4          52  -6.9018277606811831E-012
           4          53  -1.5638956668591774E-011
           4          54  -1.1847974340679398E-013
           4          55  -4.8808460611390144E-014
           4          56  -1.2468318130541555E-013
           4          57  -6.8511270277336950E-012
           4          58  -7.1981369976340847E-012
           4          59  -4.0258354526310778E-013
           4          60  -9.1816441823075292E-012
           4          61  -4.3114142130326253E-012
           4          62  -4.1115294584166444E-012
           4          63  -9.7982786584182423E-012
           4          64  -2.0391072696925839E-013
           4          65   4.2800302270485133E-014
           4          66  -1.6344873416873547E-013
           4          67  -4.0553786276730233E-012
           4          68  -4.2893117976581821E-012
           4          69  -2.1591264951581992E-013
           5           1  0.13906440491401675     
           5           2   4.0481070324402193     
           5           3   6.7187527220246803     
           5           4   15.569202964811488     
           5           5   2.5953902516080936     
           5           6  -1.9882844819716206     
           5           7  0.60608411855291477     
           5           8  -1.5317386157070512E-013
           5           9   1.3540437181203081E-013
           5          10  -2.5485971985264981E-014
           5          11   1.2219046714992835E-012
           5          12   7.4878730104069715E-013
           5          13  -1.7909614963725986E-013
           5          14  -2.1573299125438038E-012
           5          15  -2.1035381412156984E-012
           5          16   3.2642860248609530E-015
           5          17  -5.6280105207239620E-013
           5          18  -6.4704816661414787E-013
           5          19   4.1560895196173120E-014
           5          20   9.5932636603729434E-013
           5          21   1.0219924590905905E-012
           5          22   4.0644311175193882E-014
           5          23  -1.0145705271269789E-013
           5          24  -9.6844178552606732E-014
           5          25  -1.4482725694100214E-014
           5          26  -7.1901014260370015     
           5          27  -2.7287833778448139E-014
           5          28  -7.1901014260369820     
           5          29  -2.8901758543974476E-013
           5          30  -5.6320343454185635E-013
           5          31  -7.1901014260373515     
           5          32  -4.0233602360075063     
           5          33   4.6390104319773110E-014
           5          34  -4.0233602360075675     
           5          35   2.5675475532686347E-013
           5          36   1.9165809037969028E-013
           5          37  -4.0233602360073366     
           5          38  0.50492032194627645     
           5          39  -8.4259671883942147E-014
           5          40  0.50492032194629433     
           5          41  -2.2588320180808669E-013
           5          42  -6.4940837322341004E-014
           5          43  0.50492032194615555     
           5          44 -0.22482393576840837     
           5          45   4.9400492329760774E-014
           5          46 -0.22482393576841100     
           5          47   1.2807286919354147E-013
           5          48   2.7161301847293360E-014
           5          49 -0.22482393576835419     
           5          50   9.0215540525736372E-013
           5          51   3.9573782862229619E-013
           5          52   3.9628585493988591E-013
           5          53   9.3423571148819172E-013
           5          54  -2.0405505023521800E-015
           5          55  -7.5763219729126358E-015
           5          56  -1.9558149748486133E-015
           5          57   4.0789055954650347E-013
           5          58   3.7913832305618607E-013
           5          59  -2.8628820568673757E-014
           5          60  -5.9131832189960962E-013
           5          61  -2.5746016094247059E-013
           5          62  -2.6418367540754300E-013
           5          63  -6.0741190624301978E-013
           5          64  -2.4860423532348229E-014
           5          65   7.1570823139408678E-015
           5          66  -1.5789667441072082E-014
           5          67  -2.5678905858990682E-013
           5          68  -2.5226775712560593E-013
           5          69  -1.1272217558043335E-014
           6           1 -0.13480362536325802     
           6           2  -6.3172932764480088     
           6           3  -8.0454108710871353     
           6           4  -15.890091050040574     
           6           5  -1.9882844819716206     
           6           6   2.3395918231927384     
           6           7 -0.47858102609380637     
           6           8   2.7164444112338195E-013
           6           9  -2.1788059004639864E-013
           6          10   3.1420397702151138E-015
           6          11  -2.6479321458595859E-012
           6          12  -2.3062674679625244E-012
           6          13   3.6240108074112430E-013
           6          14   2.9090764926737942E-012
           6          15   3.2257533193812751E-012
           6          16  -9.8851788948778090E-016
           6          17  -1.1800900718214009E-011
           6          18  -1.4001243913946205E-011
           6          19   1.5101822433267253E-013
           6          20   3.0995428150675076E-012
           6          21   3.7532670575124355E-012
           6          22  -8.0578021406541416E-014
           6          23   1.2297625924020562E-013
           6          24   1.2734497140516147E-013
           6          25   9.0079433241861492E-015
           6          26   8.4114777427588514     
           6          27   2.4422904353495810E-013
           6          28   8.4114777427587484     
           6          29   1.0755215573714894E-012
           6          30   7.2066742359253454E-013
           6          31   8.4114777427590823     
           6          32   3.7151622544133738     
           6          33  -1.3804219562180591E-013
           6          34   3.7151622544134488     
           6          35  -5.5472440779689368E-013
           6          36  -2.5010553002098856E-013
           6          37   3.7151622544132548     
           6          38 -0.69583160248371279     
           6          39   1.2490820722942410E-013
           6          40 -0.69583160248373543     
           6          41   3.5652967797097301E-013
           6          42   8.5401133491586573E-014
           6          43 -0.69583160248362086     
           6          44  0.13273660324778519     
           6          45  -6.6712316792724998E-014
           6          46  0.13273660324779338     
           6          47  -1.7261540377440582E-013
           6          48  -3.1220502921521778E-014
           6          49  0.13273660324774525     
           6          50   3.4753876210775706E-012
           6          51   1.8880271985956258E-012
           6          52   1.5576485057741028E-012
           6          53   4.1933804154447936E-012
           6          54  -2.7769229621857030E-014
           6          55   6.7553141147079437E-015
           6          56  -2.6257479816640963E-014
           6          57   1.5525355371118938E-012
           6          58   1.8997848377414901E-012
           6          59  -4.3837855081144587E-014
           6          60   1.5920948060059382E-012
           6          61   8.0857138186269844E-013
           6          62   7.1320883995539586E-013
           6          63   1.8248357008015147E-012
           6          64   7.9705405185648130E-015
           6          65  -5.6490652744476240E-015
           6          66   3.5574172095997815E-015
           6          67   7.0481099876323904E-013
           6          68   8.0594999881103754E-013
           6          69  -1.2399082909557902E-014
           7           1   4.5240084562043197E-002
           7           2   1.0031908021647491     
           7           3   1.6307192607852521     
           7           4   3.7337282347813177     
           7           5  0.60608411855291477     
           7           6 -0.47858102609380637     
           7           7  0.14327557491193516     
           7           8   1.9408748494999119E-013
           7           9   5.9220228634971492E-015
           7          10  -4.5424150495548140E-014
           7          11   3.6717093265573885E-013
           7          12   4.1815240467794235E-013
           7          13   3.5938280945987934E-014
           7          14  -5.9547438517186219E-013
           7          15  -5.3410396348963545E-013
           7          16   8.5326563978490090E-015
           7          17   1.0808581685629912E-012
           7          18   2.1241269365740640E-013
           7          19  -2.6577518961721912E-013
           7          20  -1.7665812047914474E-013
           7          21   1.3678609177095398E-013
           7          22   1.0938711233355598E-013
           7          23  -2.5133588768028171E-014
           7          24  -2.5716253035215441E-014
           7          25  -4.1442530386487378E-015
           7          26  -1.7670414273220831     
           7          27  -3.0244447413319702E-014
           7          28  -1.7670414273221700     
           7          29   8.9785659812092209E-014
           7          30   2.0719903356426878E-013
           7          31  -1.7670414273221802     
           7          32 -0.95400077657361781     
           7          33   2.0273266223195272E-014
           7          34 -0.95400077657359705     
           7          35   1.0769684744366100E-015
           7          36  -8.3099226772753749E-014
           7          37 -0.95400077657357263     
           7          38  0.12367984863985654     
           7          39  -2.3765366355255409E-014
           7          40  0.12367984863984596     
           7          41  -2.9246523493932384E-014
           7          42   3.7827062339412794E-014
           7          43  0.12367984863982609     
           7          44  -5.2528187178495694E-002
           7          45   1.3046632685673211E-014
           7          46  -5.2528187178491156E-002
           7          47   2.1790647694882383E-014
           7          48  -1.2438072488651606E-014
           7          49  -5.2528187178482295E-002
           7          50  -2.1504278852354344E-013
           7          51   3.9278487608897548E-014
           7          52  -9.7882903855204811E-014
           7          53   9.9255420704808283E-014
           7          54   4.5266893062835740E-014
           7          55  -1.7215181047005669E-015
           7          56   4.5303146872622284E-014
           7          57  -9.5241448593943319E-014
           7          58   3.5605925668169611E-014
           7          59   9.5895845664170935E-014
           7          60  -2.3520019095664541E-013
           7          61  -7.9264865116395615E-014
           7          62  -1.0514773222871596E-013
           7          63  -1.8472364372981890E-013
           7          64   1.0496929581455061E-015
           7          65   1.6277595331638422E-015
           7          66   3.0539245734499922E-015
           7          67  -1.0347123046780742E-013
           7          68  -7.8229169944396687E-014
           7          69   1.2281181869114678E-014
           8           1   1.4641647307425678E-014
           8           2   3.4579095877263382E-013
           8           3   4.7365685362495447E-013
           8           4   1.2199256594102512E-012
           8           5  -1.5317386157070512E-013
           8           6   2.7164444112338195E-013
           8           7   1.9408748494999119E-013
           8           8   1.9889701663460593     
           8           9   2.5192386154599064E-014
           8          10  -7.5449900233808902E-015
           8          11  -2.8009316423865602E-002
           8          12  -5.9589486123306665E-014
           8          13  -2.0432266989445215E-013
           8          14   9.0782843890406265E-002
           8          15  -2.8014428884275938E-014
           8          16   2.6738225349098865E-013
           8          17   6.9709681480515567E-002
           8          18  -4.6353546001584724E-013
           8          19  -7.0479039271376160E-013
           8          20  -8.3516698504543435E-002
           8          21   1.8980650384749377E-013
           8          22   1.3247736241339978E-013
           8          23   8.0169296202916990E-003
           8          24  -3.8720383236498022E-015
           8          25   1.5097522028123666E-014
           8          26  -5.9605116828133568E-013
           8          27  -6.4534349894654548E-015
           8          28  -6.1981890241820693E-013
           8          29   1.7873299347316142E-014
           8          30  -1.3773789733188655E-013
           8          31  -7.1837825957444789E-013
           8          32  -2.7584393612070532E-013
           8          33   2.3904542506088524E-015
           8          34  -2.7177711529960205E-013
           8          35  -8.1722636048029048E-015
           8          36   5.9680908027293128E-014
           8          37  -2.2935410582663153E-013
           8          38  -2.2164603563330556E-014
           8          39  -1.8722821397271416E-016
           8          40  -2.4064093124328062E-014
           8          41   5.4682651053334035E-015
           8          42  -3.0468435820018430E-014
           8          43  -4.6430897404139532E-014
           8          44  -1.1065912787882868E-013
           8          45   4.6842418517265795E-016
           8          46  -1.0871528301710338E-013
           8          47  -5.8915228805724852E-015
           8          48   1.1216109368101676E-014
           8          49  -9.4680765374448557E-014
           8          50  -6.3660794687488143E-002
           8          51   8.5094691709705026E-014
           8          52  -2.8469972884578053E-002
           8          53   1.7743272129335752E-013
           8          54   7.5296973517380370E-014
           8          55  -3.5933415159714221E-015
           8          56   7.6353853795119316E-014
           8          57  -2.8469972884571405E-002
           8          58   8.1568432563912691E-014
           8          59   1.7411419528379225E-013
           8          60   4.1136999839178151E-002
           8          61  -1.5789236237822435E-015
           8          62   1.8397025606156626E-002
           8          63   1.2915666799966244E-014
           8          64   6.3259944158010717E-014
           8          65   4.5712311875868608E-015
           8          66   6.3778301216676340E-014
           8          67   1.8397025606156948E-002
           8          68   4.3825078115207888E-015
           8          69   1.3713617914856661E-013
           9           1   2.2848601758831272E-014
           9           2   5.2590188239569875E-013
           9           3   7.7740765696843047E-013
           9           4   1.3945453026231986E-012
           9           5   1.3540437181203081E-013
           9           6  -2.1788059004639864E-013
           9           7   5.9220228634971492E-015
           9           8   2.5192386154599064E-014
           9           9   1.9889701663460748     
           9          10   3.5839007542920477E-014
           9          11   2.0418736146329829E-013
           9          12  -2.8009316424025661E-002
           9          13  -5.6827806349523473E-014
           9          14  -3.2998647217504505E-013
           9          15   9.0782843890382325E-002
           9          16   6.7791041877261633E-014
           9          17   6.1680174856516825E-013
           9          18   6.9709681479751692E-002
           9          19  -1.4041545703946183E-013
           9          20  -9.4778351833442920E-014
           9          21  -8.3516698504272166E-002
           9          22   1.8535520340811688E-014
           9          23  -1.7008868814262596E-014
           9          24   8.0169296202882694E-003
           9          25   6.9710269457938384E-015
           9          26  -8.3223815359571357E-013
           9          27   4.7305817342818417E-015
           9          28  -7.4653007918526439E-013
           9          29  -5.0976124175541927E-014
           9          30   1.6870227131382563E-013
           9          31  -6.9078196549309421E-013
           9          32  -2.7762153249849616E-013
           9          33  -2.5945821579562689E-015
           9          34  -3.1513096029545360E-013
           9          35   2.3478506862038415E-014
           9          36  -7.0290035009267282E-014
           9          37  -3.3044368181811249E-013
           9          38   5.9556737642540941E-014
           9          39  -1.2090351116548469E-015
           9          40   7.4300987604585953E-014
           9          41  -1.3092369147089686E-014
           9          42   3.4056917139356067E-014
           9          43   8.4172821160190361E-014
           9          44   7.5281350777533717E-015
           9          45  -1.5165174699303069E-016
           9          46   6.6656865600245220E-015
           9          47   9.3996633950737723E-015
           9          48  -1.2292152015347473E-014
           9          49  -3.9779774155667884E-015
           9          50  -1.2341343225139418E-013
           9          51  -2.8469972884447043E-002
           9          52  -5.6741937537453072E-014
           9          53  -6.3660794687192573E-002
           9          54   1.7249222883375337E-014
           9          55   1.2373611621690958E-015
           9          56   1.7429634124876736E-014
           9          57  -5.8570336081131024E-014
           9          58  -2.8469972884449118E-002
           9          59   3.1580640880155848E-014
           9          60  -1.3952532705584186E-013
           9          61   1.8397025606185717E-002
           9          62  -5.7523538883601962E-014
           9          63   4.1136999839222380E-002
           9          64   9.5306791972330252E-015
           9          65  -9.0220935075126166E-016
           9          66   1.2020224225694496E-014
           9          67  -5.8409819949500162E-014
           9          68   1.8397025606182650E-002
           9          69   2.6271086001060404E-014
          10           1   8.5996406841615167E-015
          10           2   2.3632147184331459E-013
          10           3   1.4641166277615360E-013
          10           4   2.1568882778960037E-013
          10           5  -2.5485971985264981E-014
          10           6   3.1420397702151138E-015
          10           7  -4.5424150495548140E-014
          10           8  -7.5449900233808902E-015
          10           9   3.5839007542920477E-014
          10          10   1.9889701663461843     
          10          11  -8.2477427665316700E-014
          10          12   3.9498612713906322E-013
          10          13  -2.8009316423802711E-002
          10          14  -3.9578149785280618E-014
          10          15  -6.2181293100649359E-013
          10          16   9.0782843889762516E-002
          10          17  -1.3575841839585911E-012
          10          18   1.4421484839655112E-012
          10          19   6.9709681477268984E-002
          10          20   4.8125392559938923E-013
          10          21  -2.4374946505645332E-013
          10          22  -8.3516698503091055E-002
          10          23   8.3046904856414815E-015
          10          24  -3.8043786870778350E-014
          10          25   8.0169296202457149E-003
          10          26  -1.4128096776819986E-013
          10          27   1.5927092027947172E-014
          10          28  -1.4815563145718395E-013
          10          29   1.3115852348709478E-015
          10          30  -3.3837654960770840E-015
          10          31  -1.4063152753575256E-013
          10          32  -3.8520205754138660E-014
          10          33  -1.2921683671750686E-014
          10          34  -1.5937696816714023E-014
          10          35   6.5247528433755355E-015
          10          36  -6.8842590554062600E-015
          10          37  -3.8825125341267826E-014
          10          38   6.8317135664972865E-015
          10          39   9.6763371767324177E-015
          10          40  -1.3464640780880316E-015
          10          41  -9.8727898967953907E-015
          10          42   1.3085840830972306E-014
          10          43   1.4051861486364225E-014
          10          44   1.6030447036572343E-014
          10          45   1.2474825310770762E-015
          10          46   2.3899758161232542E-014
          10          47   9.9597138582897909E-015
          10          48  -1.4536799679689374E-014
          10          49   1.7722215533285630E-014
          10          50   5.3197897476042694E-013
          10          51  -1.5515540241484168E-013
          10          52   2.3264246432064236E-013
          10          53  -3.3454489178907930E-013
          10          54  -2.8469972883935837E-002
          10          55   4.5542557195956914E-015
          10          56  -2.8469972883941312E-002
          10          57   2.3174170915574141E-013
          10          58  -1.4386061786275671E-013
          10          59  -6.3660794686057245E-002
          10          60   6.8911239561874817E-014
          10          61  -1.2232695325437026E-013
          10          62   3.8962322951307905E-014
          10          63  -2.9693348474468816E-013
          10          64   1.8397025606146145E-002
          10          65   2.7450472581551155E-015
          10          66   1.8397025606140701E-002
          10          67   3.5216079184718729E-014
          10          68  -1.3108839101022562E-013
          10          69   4.1136999839135199E-002
          11           1   2.3680438176037222E-013
          11           2   4.6217832392225656E-012
          11           3   6.4449397271940280E-012
          11           4   1.4819032267131139E-011
          11           5   1.2219046714992835E-012
          11           6  -2.6479321458595859E-012
          11           7   3.6717093265573885E-013
          11           8  -2.8009316423865602E-002
          11           9   2.0418736146329829E-013
          11          10  -8.2477427665316700E-014
          11          11   2.4014703254915033     
          11          12  -2.1339596756323074E-012
          11          13  -2.4111268537296821E-012
          11          14 -0.43287836940449831     
          11          15   1.6049579200375941E-012
          11          16   3.0734997880088591E-012
          11          17   4.0438472870962929     
          11          18  -1.0726225463387545E-011
          11          19  -8.6177731617453933E-012
          11          20  -1.1709869930701269     
          11          21   3.1929806021404017E-012
          11          22   1.8579582317102342E-012
          11          23  -2.8314456704600720E-002
          11          24   6.5926105720392831E-014
          11          25   1.2920177080987683E-013
          11          26  -6.8389838516484092E-012
          11          27   5.4204352177462475E-015
          11          28  -7.0605675339373196E-012
          11          29   1.8274102088378536E-013
          11          30  -1.6364968356390883E-012
          11          31  -8.2916922691043121E-012
          11          32  -3.4616026921578250E-012
          11          33  -1.9252349041388433E-014
          11          34  -3.3910699243845041E-012
          11          35  -3.9653850689562832E-014
          11          36   6.3097740636055111E-013
          11          37  -2.9711440035817075E-012
          11          38   9.6785980873927804E-013
          11          39  -1.2281988201764598E-014
          11          40   9.3825922175850459E-013
          11          41   2.3476821645010336E-015
          11          42  -2.5704793074082042E-013
          11          43   7.9515037487684088E-013
          11          44  -7.6755220081915047E-014
          11          45   1.1363792667262574E-014
          11          46  -6.2221408076937905E-014
          11          47  -2.2602659465168066E-015
          11          48   7.8593391840480780E-014
          11          49  -1.0229037261817344E-014
          11          50  -1.3419285294558865     
          11          51   1.5513562656722357E-012
          11          52 -0.60012868256191698     
          11          53   3.4961894490595065E-012
          11          54   1.0127870764264920E-012
          11          55  -7.7966620194589885E-015
          11          56   9.6948837846611155E-013
          11          57 -0.60012868256193630     
          11          58   1.5700149513798365E-012
          11          59   2.2475632466267829E-012
          11          60 -0.44941468558239134     
          11          61   5.1871180961624811E-013
          11          62 -0.20098435740979312     
          11          63   1.1286128281941513E-012
          11          64   6.5556240991247884E-013
          11          65   1.1150802815653933E-014
          11          66   6.7608418863328831E-013
          11          67 -0.20098435740978446     
          11          68   5.0983306118533123E-013
          11          69   1.4763572309117681E-012
          12           1   2.1612560536813161E-013
          12           2   5.3621384413465396E-012
          12           3   6.6992437841260363E-012
          12           4   1.5210084866353410E-011
          12           5   7.4878730104069715E-013
          12           6  -2.3062674679625244E-012
          12           7   4.1815240467794235E-013
          12           8  -5.9589486123306665E-014
          12           9  -2.8009316424025661E-002
          12          10   3.9498612713906322E-013
          12          11  -2.1339596756323074E-012
          12          12   2.4014703254856835     
          12          13  -8.5509377356628759E-013
          12          14   2.1837388668181586E-012
          12          15 -0.43287836939959440     
          12          16   1.0361598731800480E-012
          12          17  -9.0062957092139895E-012
          12          18   4.0438472870731079     
          12          19  -2.1097845692707473E-012
          12          20   2.2234852847805007E-012
          12          21  -1.1709869930638344     
          12          22   4.1155967522854295E-013
          12          23   1.2037593144498010E-013
          12          24  -2.8314456704398312E-002
          12          25   3.9897013644202401E-014
