           1           1   1.9995261697256490     
           1           2  -4.1055851311009688E-003
           1           3  -1.2675830909797238E-002
           1           4   5.8388352315368961E-003
           1           5  -1.8945538684498081E-002
           1           6  -3.6954722204135542E-003
           1           7  -6.4771045579495431E-004
           1           8  -7.2153059671307004E-012
           1           9  -5.0574006511801777E-012
           1          10   2.6317357213426135E-012
           1          11  -2.4167413005439716E-011
           1          12   1.2116971477478317E-011
           1          13   5.0075140670354156E-011
           1          14  -1.5357518183665540E-012
           1          15   3.8227233994025882E-013
           1          16  -1.5030685146534542E-012
           1          17  -1.7684113108851650E-011
           1          18   9.1610812563649927E-012
           1          19  -8.3093884079454211E-012
           1          20   1.3034292254610744E-012
           1          21  -1.8313808980599953E-013
           1          22  -5.3877540084321736E-013
           1          23  -2.2342953851647441E-013
           1          24   2.8145115960849969E-013
           1          25  -2.5780198184255799E-013
           1          26   9.6154218306475662E-004
           1          27   2.8088700761219705E-011
           1          28   9.6154210363955236E-004
           1          29   6.3321810639324030E-012
           1          30   3.2314546521634014E-012
           1          31   9.6154223334452850E-004
           1          32   1.9920261767573202E-003
           1          33   1.3647347557269755E-013
           1          34   1.9920261766877955E-003
           1          35   2.3816198123625913E-014
           1          36  -4.2733481282858481E-015
           1          37   1.9920261770893996E-003
           1          38   3.0959409943428573E-003
           1          39   2.6000920129878379E-013
           1          40   3.0959409945584687E-003
           1          41   2.1356650716534986E-014
           1          42   5.8773838058834409E-014
           1          43   3.0959409947009476E-003
           1          44   6.7592328685829313E-004
           1          45   1.8789596536135157E-014
           1          46   6.7592328674365924E-004
           1          47  -3.0230272315294113E-014
           1          48   7.2908187109707208E-015
           1          49   6.7592328698664163E-004
           1          50  -6.4043152531145178E-013
           1          51   2.4392113917182601E-013
           1          52  -2.3978709847147971E-013
           1          53   3.9969042917335119E-013
           1          54  -4.0790086618795417E-013
           1          55  -3.4909865876498005E-014
           1          56  -3.6589469289746411E-013
           1          57  -3.0652782700619325E-013
           1          58   2.2325058375688476E-013
           1          59  -7.3601631833856875E-013
           1          60  -4.4276308004012874E-013
           1          61   2.4789369693396805E-013
           1          62  -1.9557598778325510E-013
           1          63   6.1004409035866666E-013
           1          64  -2.1127810812932386E-013
           1          65   2.7017868079878736E-014
           1          66  -2.1368698437639397E-013
           1          67  -1.5271010071518684E-013
           1          68   3.8265873481864819E-013
           1          69  -5.1717489667776852E-013
           2           1  -4.1055851311009688E-003
           2           2   1.9668786539209244     
           2           3 -0.10302875568449067     
           2           4   6.0504039142345298E-002
           2           5 -0.16319572530211274     
           2           6  -4.1489575380408469E-002
           2           7  -7.4909087802678374E-003
           2           8  -1.2607385203829783E-010
           2           9  -5.3411093565647962E-011
           2          10   4.1234269045723518E-011
           2          11  -7.4943079927634527E-011
           2          12   9.0267965216197156E-011
           2          13   4.5086134313652062E-010
           2          14  -5.0199693008203967E-011
           2          15  -1.4364245841523218E-012
           2          16  -1.9282535739538274E-011
           2          17  -1.1622079945781445E-010
           2          18   6.2700479625471560E-011
           2          19  -4.7874908950490554E-011
           2          20   2.8627740761721332E-011
           2          21   1.7338701211270772E-012
           2          22  -3.3278159622223702E-012
           2          23  -4.8127320193342783E-012
           2          24   1.6253713448541094E-012
           2          25  -2.4326183226294733E-012
           2          26   5.4429346166062868E-003
           2          27   1.8473599655960274E-010
           2          28   5.4429340207685197E-003
           2          29   5.1510989428879726E-011
           2          30   1.9985001963258615E-011
           2          31   5.4429349982201801E-003
           2          32   1.8368013347573431E-002
           2          33   9.8600266762079523E-013
           2          34   1.8368013347571377E-002
           2          35   4.8168508989701647E-013
           2          36  -2.4980383852229376E-013
           2          37   1.8368013351702052E-002
           2          38   3.1018404315865972E-002
           2          39   1.7452735389809628E-012
           2          40   3.1018404316916673E-002
           2          41  -3.1686414840095216E-014
           2          42   4.7580314030538744E-013
           2          43   3.1018404317873491E-002
           2          44   7.4625586502607153E-003
           2          45   1.5509108550108334E-013
           2          46   7.4625586496256460E-003
           2          47  -1.4857608658096806E-013
           2          48   4.3235640250842095E-014
           2          49   7.4625586515818104E-003
           2          50   4.9491959653063706E-012
           2          51   2.5180904860592821E-012
           2          52   2.8914590596747518E-012
           2          53   4.7158212418131050E-012
           2          54  -3.3185253807273393E-012
           2          55  -1.8998043887072891E-013
           2          56  -2.9172712057790194E-012
           2          57   2.1629934787273072E-012
           2          58   2.5613109798223869E-012
           2          59  -6.0322302672654491E-012
           2          60  -2.2344693826591387E-011
           2          61   8.9380567460313782E-013
           2          62  -1.0019842436468148E-011
           2          63   2.4043194644930583E-012
           2          64  -3.2674232849588984E-012
           2          65   1.5948852163769793E-013
           2          66  -3.3668029115189220E-012
           2          67  -9.6695529551345696E-012
           2          68   1.8761421436533398E-012
           2          69  -7.7609682907577067E-012
           3           1  -1.2675830909797238E-002
           3           2 -0.10302875568449067     
           3           3   1.6627376159593752     
           3           4  0.20064621114224282     
           3           5 -0.53953010865807327     
           3           6 -0.17068844306170419     
           3           7  -3.2010913292355989E-002
           3           8  -2.2048138801591720E-010
           3           9  -1.4599207499914327E-010
           3          10   6.6249897440015886E-011
           3          11  -7.0795950688774286E-010
           3          12   3.1805675181412830E-010
           3          13   9.8817936372377256E-010
           3          14   6.9747991162022182E-011
           3          15   3.5538588101451854E-011
           3          16   3.3163813563742074E-012
           3          17  -6.4634783629326413E-010
           3          18   2.0671674678450627E-010
           3          19  -3.1913951561344630E-010
           3          20   8.7455484659466982E-011
           3          21   7.1938712648257506E-012
           3          22   1.5310796740158127E-011
           3          23  -3.1507997459561536E-012
           3          24   9.2965977481956332E-012
           3          25  -4.7708723972056179E-012
           3          26   7.3978689584591395E-003
           3          27   8.9912668222878674E-010
           3          28   7.3978664825948420E-003
           3          29   1.5699517494372110E-010
           3          30   6.9319204421604477E-011
           3          31   7.3978703378484428E-003
           3          32   5.2058369024862786E-002
           3          33   4.1133640937868260E-011
           3          34   5.2058369027587377E-002
           3          35  -9.9070585609898323E-012
           3          36  -1.6741681016760769E-011
           3          37   5.2058369032824417E-002
           3          38  0.10527128092780544     
           3          39  -1.1532988246178770E-011
           3          40  0.10527128092466219     
           3          41   4.2052448134156917E-012
           3          42   3.7912951233754013E-012
           3          43  0.10527128094318672     
           3          44   2.9044996074553891E-002
           3          45   8.5656457422708013E-012
           3          46   2.9044996077300489E-002
           3          47  -2.3998337335965274E-012
           3          48  -5.1330701734660434E-013
           3          49   2.9044996080739932E-002
           3          50   2.0305323583827738E-011
           3          51   7.0887480771915538E-012
           3          52   1.7223148687231528E-011
           3          53   2.4509410630495716E-011
           3          54   4.7848476935573128E-012
           3          55   3.4421487280894246E-012
           3          56   6.9587577712110714E-012
           3          57   1.0513499284929094E-011
           3          58   1.5256925009159988E-011
           3          59   1.2823624739898546E-011
           3          60   2.0593658663078479E-011
           3          61   1.4232753503751537E-011
           3          62   1.1382397313856753E-011
           3          63   3.0651915043524401E-011
           3          64   3.6978624393133721E-012
           3          65  -2.0108885389953120E-012
           3          66   1.4101847075402346E-012
           3          67   1.1173360171172440E-011
           3          68   1.5205287485565778E-011
           3          69   5.2503894154435483E-012
           4           1   5.8388352315368961E-003
           4           2   6.0504039142345298E-002
           4           3  0.20064621114224282     
           4           4  0.19892697900010836     
           4           5  0.33950256619034824     
           4           6 -0.29359209718024676     
           4           7  -5.6997527224607797E-002
           4           8  -2.5955308462584381E-010
           4           9  -7.8967160659153491E-011
           4          10   9.8432136054565103E-012
           4          11   2.6077385455406076E-010
           4          12   4.6361657097832876E-012
           4          13  -1.8139965134453993E-010
           4          14   1.1319228103895936E-010
           4          15   3.2132875135019840E-011
           4          16   3.8766682688231585E-011
           4          17   3.4696290089705556E-010
           4          18   1.4995236598752784E-010
           4          19  -3.6876730979619174E-012
           4          20  -1.0647254841520643E-010
           4          21  -1.7729380691083450E-011
           4          22   1.5240703262399829E-011
           4          23  -1.8448036163710587E-012
           4          24   1.4458312181183129E-012
           4          25   9.0563346451239778E-013
           4          26   4.3518699533660835E-003
           4          27   2.4542049162849904E-010
           4          28   4.3518694710026591E-003
           4          29  -4.1942171802289790E-011
           4          30  -4.3666447623944443E-011
           4          31   4.3518696525010163E-003
           4          32   4.3431885765420182E-002
           4          33  -9.3708705654684406E-013
           4          34   4.3431885760485206E-002
           4          35   1.6126313924233830E-012
           4          36   1.7371215596510832E-012
           4          37   4.3431885758247489E-002
           4          38  0.12556247058477810     
           4          39  -6.1741964436433113E-012
           4          40  0.12556247055862219     
           4          41  -5.8572795665218941E-013
           4          42  -4.8000777517456211E-012
           4          43  0.12556247057105308     
           4          44   4.8854820424004283E-002
           4          45   3.8905306808586706E-013
           4          46   4.8854820423821013E-002
           4          47   2.8619611583312661E-012
           4          48  -6.8676562461316585E-014
           4          49   4.8854820418743963E-002
           4          50  -2.0962699017445667E-011
           4          51  -2.3798441383409216E-012
           4          52  -1.3346781823963643E-011
           4          53   3.8527140804481819E-012
           4          54   4.8368794445408757E-013
           4          55   2.0948740815031529E-012
           4          56  -2.2173459150684391E-012
           4          57  -8.1748362324667334E-012
           4          58  -1.9357763938513831E-012
           4          59  -9.8834472460060072E-012
           4          60   9.9082140942360401E-012
           4          61   5.0179958835097384E-012
           4          62   3.9935146329668829E-012
           4          63   7.3364415698601201E-012
           4          64  -3.5482489097654069E-012
           4          65  -1.5792016260715181E-012
           4          66  -3.1053943921663662E-012
           4          67   9.6647822048480870E-013
           4          68  -4.6455853111288434E-012
           4          69  -4.4883098600013760E-012
           5           1  -1.8945538684498081E-002
           5           2 -0.16319572530211274     
           5           3 -0.53953010865807327     
           5           4  0.33950256619034824     
           5           5   1.1849947908432590     
           5           6 -0.59060775286235900     
           5           7 -0.11460491247705426     
           5           8   3.3965300011038455E-011
           5           9  -1.5073452874818883E-010
           5          10   1.5521978678935812E-010
           5          11  -1.7345781071008332E-009
           5          12   9.5638197645760326E-010
           5          13   1.1429750164933796E-009
           5          14   1.7702910658576973E-010
           5          15   1.1578780353067976E-010
           5          16   2.2901060046653837E-011
           5          17   2.2224137420317803E-010
           5          18   1.0145826074598291E-009
           5          19  -5.1909360732222411E-010
           5          20  -2.7851628925736273E-010
           5          21  -7.0520291100032967E-011
           5          22   2.3362678426852243E-011
           5          23  -2.9914056247337329E-011
           5          24   1.8849748077385126E-011
           5          25  -1.5590835360520924E-011
           5          26   4.7577361496751788E-003
           5          27   2.5560999084527464E-009
           5          28   4.7577308370603255E-003
           5          29   1.2389062942048273E-010
           5          30   8.2352226578879511E-011
           5          31   4.7577381152137457E-003
           5          32   6.9021793474987270E-002
           5          33  -1.1021760422691696E-011
           5          34   6.9021793463405742E-002
           5          35   1.1773899857918712E-011
           5          36   1.3764566229717806E-011
           5          37   6.9021793472138854E-002
           5          38  0.23027542134112999     
           5          39   3.5105324429890657E-012
           5          40  0.23027542127096115     
           5          41  -3.2969576806191494E-012
           5          42  -1.4955734252194453E-011
           5          43  0.23027542131236922     
           5          44   9.7204859840504504E-002
           5          45  -1.1722326149450761E-012
           5          46   9.7204859831626564E-002
           5          47   9.2771548464970515E-012
           5          48   5.8467954685249793E-013
           5          49   9.7204859828140477E-002
           5          50  -1.0855780507334955E-010
           5          51   6.7697895366115972E-012
           5          52  -6.3350210025244361E-011
           5          53   3.2510302087871984E-011
           5          54  -2.8577857371469733E-011
           5          55   3.2109000226716009E-012
           5          56  -3.5496290192342774E-011
           5          57  -4.6442026043387946E-011
           5          58   2.2647902484677786E-012
           5          59  -8.8578397231054336E-011
           5          60  -5.3453813951647046E-011
           5          61   2.6120624390688578E-011
           5          62  -2.6577341566374911E-011
           5          63   4.9624953872311026E-011
           5          64  -3.4083980875883233E-011
           5          65  -2.5014277817227631E-012
           5          66  -3.1419629813119627E-011
           5          67  -3.4325768374213452E-011
           5          68   5.9831311400774253E-013
           5          69  -6.5700879077854821E-011
           6           1  -3.6954722204135542E-003
           6           2  -4.1489575380408469E-002
           6           3 -0.17068844306170419     
           6           4 -0.29359209718024676     
           6           5 -0.59060775286235900     
           6           6  0.44739608003168663     
           6           7   8.6389668282460086E-002
           6           8   1.3080417534500702E-011
           6           9   2.6508363046793382E-010
           6          10  -2.4596572819761928E-010
           6          11   3.1022838466052389E-009
           6          12  -1.4219398782150324E-009
           6          13  -2.3552006976015568E-009
           6          14  -1.4107753673298614E-010
           6          15  -9.8428575725510074E-011
           6          16  -5.0619057411834532E-012
           6          17   1.3639962679486550E-010
           6          18  -9.2269843654700072E-010
           6          19   4.5739511588951099E-010
           6          20   1.3837852212944100E-010
           6          21   5.1149200274981353E-011
           6          22  -8.1731866817296356E-012
           6          23   2.2109739863723862E-011
           6          24  -2.0240260352329893E-011
           6          25   1.2800525209760272E-011
           6          26  -6.0256066962553504E-003
           6          27  -3.6163697327584764E-009
           6          28  -6.0255988548906618E-003
           6          29  -2.5477420106669757E-010
           6          30  -1.9707943750076290E-010
           6          31  -6.0256101286902588E-003
           6          32  -6.3906770265694010E-002
           6          33  -1.7029194351667829E-011
           6          34  -6.3906770258232604E-002
           6          35  -5.2847491641471496E-012
           6          36  -2.6593536044239166E-012
           6          37  -6.3906770274815408E-002
           6          38 -0.18830261530363981     
           6          39  -5.7200486844783707E-012
           6          40 -0.18830261525113726     
           6          41   3.7337334186506921E-013
           6          42   8.8325005200668274E-012
           6          43 -0.18830261529566808     
           6          44  -7.3990135919993510E-002
           6          45  -4.0496740588710476E-012
           6          46  -7.3990135910697252E-002
           6          47  -5.4736380880608077E-012
           6          48  -3.6952562091269051E-013
           6          49  -7.3990135916044128E-002
           6          50   5.8199809661815133E-011
           6          51  -1.0732277723830204E-011
           6          52   3.3069915864926665E-011
           6          53  -3.8148211717973456E-011
           6          54   2.2394289173521290E-011
           6          55  -3.2103083489318373E-012
           6          56   2.6193072798077495E-011
           6          57   2.4182555924441371E-011
           6          58  -1.0391480405156929E-011
           6          59   6.5437128112901344E-011
           6          60   3.2656471284445123E-011
           6          61  -2.6881279329047284E-011
           6          62   1.5671235137227087E-011
           6          63  -5.3984815769345396E-011
           6          64   2.2433676730865366E-011
           6          65   2.2777930580953431E-012
           6          66   2.1422704625197795E-011
           6          67   2.0812676238963423E-011
           6          68  -1.0467579152220987E-011
           6          69   4.4257274045622837E-011
           7           1  -6.4771045579495431E-004
           7           2  -7.4909087802678374E-003
           7           3  -3.2010913292355989E-002
           7           4  -5.6997527224607797E-002
           7           5 -0.11460491247705426     
           7           6   8.6389668282460086E-002
           7           7   1.6955390385538671E-002
           7           8  -2.7679012828796006E-011
           7           9   1.0157608426752029E-010
           7          10  -7.5336475923090986E-011
           7          11   3.6456815569744247E-011
           7          12   1.1493138916478695E-010
           7          13  -7.9236364086671025E-010
           7          14   3.8304685940811573E-011
           7          15  -9.5938729302763630E-011
           7          16   6.8023867761922425E-011
           7          17   7.2418579041916035E-010
           7          18  -1.0499167595597772E-009
           7          19   8.4956676385226101E-010
           7          20   1.0253961522398228E-011
           7          21   2.9062215038158779E-011
           7          22  -1.7691055841034447E-011
           7          23   2.3406588237322336E-011
           7          24  -2.8044443395535119E-011
           7          25   2.3463050405931634E-011
           7          26  -1.1633827333583481E-003
           7          27  -1.1701379410014932E-009
           7          28  -1.1633798499620168E-003
           7          29  -2.1944116141778588E-010
           7          30  -1.2473800427516213E-010
           7          31  -1.1633834809668384E-003
           7          32  -1.2073106023934584E-002
           7          33  -5.0632090265860785E-012
           7          34  -1.2073106014607791E-002
           7          35  -1.7715208896113622E-012
           7          36  -3.2986784768478897E-013
           7          37  -1.2073106025010367E-002
           7          38  -3.6193183274683717E-002
           7          39  -2.3544740923581821E-012
           7          40  -3.6193183259661234E-002
           7          41  -6.3050348184560375E-013
           7          42   1.3865673709176423E-012
           7          43  -3.6193183272820062E-002
           7          44  -1.4463862715331394E-002
           7          45  -1.3533925599280021E-012
           7          46  -1.4463862711739483E-002
           7          47  -1.1322769602716259E-012
           7          48  -1.3267663838177706E-013
           7          49  -1.4463862714711808E-002
           7          50   4.9610563676384261E-011
           7          51  -2.4096337244819823E-011
           7          52   2.3519749489323096E-011
           7          53  -5.6449998788640428E-011
           7          54   2.3006991885618394E-011
           7          55  -5.3024724996010663E-013
           7          56   2.4066567000026466E-011
           7          57   2.1863371575454052E-011
           7          58  -2.4161226729553772E-011
           7          59   5.5445949920336634E-011
           7          60   5.3157593810827039E-011
           7          61  -3.1654071588156221E-011
           7          62   2.3899408213701081E-011
           7          63  -6.9622413053900890E-011
           7          64   2.7101028096795306E-011
           7          65   4.6140474558990863E-013
           7          66   2.6948344306929446E-011
           7          67   2.4723361686803130E-011
           7          68  -2.8950529609728267E-011
           7          69   5.9538394072194152E-011
           8           1  -7.2153059671307004E-012
           8           2  -1.2607385203829783E-010
           8           3  -2.2048138801591720E-010
           8           4  -2.5955308462584381E-010
           8           5   3.3965300011038455E-011
           8           6   1.3080417534500702E-011
           8           7  -2.7679012828796006E-011
           8           8   1.9997115002938939     
           8           9  -4.4245662886068911E-012
           8          10   2.0060935640479684E-012
           8          11  -9.3155027764985846E-004
           8          12   2.4062962217242864E-011
           8          13   1.7463925225377861E-010
           8          14   2.1094464715948015E-003
           8          15   7.5220734690990543E-011
           8          16  -9.3016108017010667E-011
           8          17  -1.0246917504427834E-002
           8          18  -2.1603827460471293E-010
           8          19   2.7447990819970326E-010
           8          20   2.0788382566036749E-003
           8          21   1.1051317889855526E-010
           8          22   3.0617961923993831E-013
           8          23  -2.8173044815000987E-005
           8          24  -1.3562214101047113E-011
           8          25  -8.9036066357332888E-012
           8          26   1.2087472783861761E-010
           8          27  -9.4102544660894147E-011
           8          28   2.5660469308994908E-010
           8          29  -3.2926430481770782E-011
           8          30  -7.3093774738813823E-012
           8          31   1.7771784923463172E-010
           8          32   2.2453857372358320E-011
           8          33  -5.1251029750063054E-012
           8          34   4.5015654360731580E-011
           8          35  -1.0206741793791207E-011
           8          36  -8.8249833101968975E-013
           8          37   3.8572464373463700E-011
           8          38  -7.7318587074856119E-012
           8          39   1.3161908259727795E-012
           8          40  -1.3947983668213708E-011
           8          41   9.9003564047454875E-013
           8          42   1.0533346151100889E-011
           8          43  -2.1090519879263007E-011
           8          44   8.1030474577771744E-012
           8          45   4.4568209519451727E-012
           8          46   3.7647376025412764E-012
           8          47  -4.8262362538539699E-012
           8          48  -1.0260291690307515E-011
           8          49   2.0034102564646111E-011
           8          50   1.6382391803725625E-003
           8          51   1.8866802116779233E-011
           8          52   7.3264282729211094E-004
           8          53   5.2715808612181124E-011
           8          54  -3.0149442646073807E-011
           8          55  -1.0068933371608292E-011
           8          56  -3.7538982446976816E-011
           8          57   7.3264282942770874E-004
           8          58   2.5638903533607248E-011
           8          59  -6.0115684130012783E-011
           8          60   5.9250719915391399E-004
           8          61  -2.2410892292867590E-012
           8          62   2.6497727987300786E-004
           8          63   3.0634457380941219E-012
           8          64  -3.1403926934355336E-011
           8          65  -2.3441472966186391E-012
           8          66  -3.2408785856501597E-011
           8          67   2.6497727356540195E-004
           8          68  -1.1009668458050516E-012
           8          69  -7.9027233264295834E-011
           9           1  -5.0574006511801777E-012
           9           2  -5.3411093565647962E-011
           9           3  -1.4599207499914327E-010
           9           4  -7.8967160659153491E-011
           9           5  -1.5073452874818883E-010
           9           6   2.6508363046793382E-010
           9           7   1.0157608426752029E-010
           9           8  -4.4245662886068911E-012
           9           9   1.9997115003148414     
           9          10  -1.3494512382123351E-011
           9          11  -5.6609834443920266E-011
           9          12  -9.3155003768575400E-004
           9          13  -1.7414883731042768E-010
           9          14  -1.8728989960853075E-011
           9          15   2.1094463020343212E-003
           9          16   1.5366510884001346E-010
           9          17  -2.2104754806925355E-011
           9          18  -1.0246917075023065E-002
           9          19  -4.2808219559648427E-010
           9          20   7.0886880761659180E-011
           9          21   2.0788381496419069E-003
           9          22   1.3905226888167552E-011
           9          23  -1.2194715832682881E-011
           9          24  -2.8173047099743738E-005
           9          25   1.0576479359466386E-011
           9          26  -9.4809004085192643E-012
           9          27   7.6722710887444260E-012
           9          28   2.8001026113112959E-010
           9          29  -3.1402939838946707E-011
           9          30  -1.4081433730179252E-011
           9          31  -9.7476888257162306E-011
           9          32   2.7909612424526102E-011
           9          33  -1.6595367643230851E-011
           9          34   1.1640320283252876E-011
           9          35   8.4263793180107793E-012
           9          36  -9.3428878274743112E-012
           9          37   1.6297119793775805E-011
           9          38  -6.4280750010817626E-011
           9          39   4.8474394866471335E-012
           9          40  -4.8806508510956610E-011
           9          41  -4.2081885961029410E-012
           9          42   2.2051361648166092E-012
           9          43  -4.2162670605099979E-011
           9          44  -5.6099108912870101E-011
           9          45  -7.1946688625589954E-012
           9          46  -5.4927572549056091E-011
           9          47   4.3629352378104319E-012
           9          48   1.6219077478370205E-012
           9          49  -7.4625128690177011E-011
           9          50   3.9247324676371048E-012
           9          51   7.3264278918460561E-004
           9          52   9.4736145443298432E-012
           9          53   1.6382390715555079E-003
           9          54   4.8719890961568784E-011
           9          55   8.6971987799383965E-012
           9          56   5.9413187217994199E-011
           9          57   2.9581470508263585E-012
           9          58   7.3264277582950571E-004
           9          59   8.8673013164495376E-011
           9          60  -3.9988250758601860E-011
           9          61   2.6497725255196161E-004
           9          62  -2.4304070910610479E-011
           9          63   5.9250712818887123E-004
           9          64   4.0768914339499841E-011
           9          65  -4.1311110036699826E-013
           9          66   4.1031965058731145E-011
           9          67  -1.9350254618273478E-012
           9          68   2.6497725350867478E-004
           9          69   1.2353507185753532E-010
          10           1   2.6317357213426135E-012
          10           2   4.1234269045723518E-011
          10           3   6.6249897440015886E-011
          10           4   9.8432136054565103E-012
          10           5   1.5521978678935812E-010
          10           6  -2.4596572819761928E-010
          10           7  -7.5336475923090986E-011
          10           8   2.0060935640479684E-012
          10           9  -1.3494512382123351E-011
          10          10   1.9997115002944801     
          10          11  -6.0415387759371153E-011
          10          12  -8.9517181757453177E-011
          10          13  -9.3155036185586923E-004
          10          14   6.1981344043448091E-011
          10          15   7.2161438282687620E-011
          10          16   2.1094464635791053E-003
          10          17  -1.3387892140357113E-010
          10          18  -1.4577333989216242E-010
          10          19  -1.0246917489252036E-002
          10          20  -2.3619371329369956E-011
          10          21   3.5935642172768696E-011
          10          22   2.0788382830237984E-003
          10          23   8.5052807796705868E-012
          10          24  -6.4837356362029904E-013
          10          25  -2.8173050456941020E-005
          10          26  -1.8883692969373686E-012
          10          27  -2.9307184848947744E-011
          10          28  -4.8197636565357907E-011
          10          29   7.9017547389355156E-012
          10          30   1.8978843855783632E-011
          10          31   4.5170006454904114E-011
          10          32  -2.0711947347931057E-011
          10          33   1.3650585200060091E-012
          10          34  -1.3221968857612713E-011
          10          35  -1.8944454153292727E-011
          10          36   2.2564185789149685E-012
          10          37  -1.7105896758545840E-011
          10          38   5.4656837856869732E-011
          10          39   1.1289265032299793E-013
          10          40   4.6183118897904147E-011
          10          41   1.0977698677074473E-011
          10          42  -3.1095596734346210E-012
          10          43   3.8398056814119502E-011
          10          44   4.4812136341014161E-011
          10          45  -8.6556884191787638E-013
          10          46   4.3746800405967228E-011
          10          47  -7.2462381092780428E-012
          10          48   1.0710756560899545E-012
          10          49   5.0684944257185863E-011
          10          50   2.6229028315715537E-011
          10          51   1.8242718956931205E-011
          10          52   1.2997256772627991E-011
          10          53   3.6483867942108094E-011
          10          54   7.3264282452036446E-004
          10          55  -4.8070769318018214E-012
          10          56   7.3264282234957508E-004
          10          57   1.2188138768679322E-011
          10          58   2.2269170284846640E-011
          10          59   1.6382391658469530E-003
          10          60   5.2999063572801597E-011
          10          61   9.4530807154331529E-012
          10          62   2.6787616132599113E-011
          10          63   3.4552022795775102E-011
          10          64   2.6497726772440060E-004
          10          65   1.1318143039462433E-012
          10          66   2.6497726718678795E-004
          10          67   1.2743549099596738E-011
          10          68   7.8041959599855647E-012
          10          69   5.9250717142753638E-004
          11           1  -2.4167413005439716E-011
          11           2  -7.4943079927634527E-011
          11           3  -7.0795950688774286E-010
          11           4   2.6077385455406076E-010
          11           5  -1.7345781071008332E-009
          11           6   3.1022838466052389E-009
          11           7   3.6456815569744247E-011
          11           8  -9.3155027764985846E-004
          11           9  -5.6609834443920266E-011
          11          10  -6.0415387759371153E-011
          11          11   2.0209787038562195     
          11          12   7.7911523151499736E-010
          11          13   9.6485428189707222E-010
          11          14  -1.4447338703482041E-002
          11          15   1.1528650097633720E-009
          11          16   3.8600906361813612E-010
          11          17  -5.2976144009277935E-003
          11          18  -1.1642628751515037E-009
          11          19  -1.3409295181017216E-009
          11          20  -1.5217051800368815E-002
          11          21   4.9950562931460749E-010
          11          22   7.1921800588685221E-010
          11          23  -1.0720132458195506E-003
          11          24  -1.3898358863438999E-010
          11          25  -7.0124499814908230E-011
          11          26  -9.9527473296575289E-010
          11          27  -1.2110490126968051E-009
          11          28   6.1866662196232856E-010
          11          29  -5.7739285179462054E-010
          11          30  -2.2519644982252058E-010
          11          31  -5.4477186294386827E-011
          11          32   2.5755785611129001E-010
          11          33   8.1573664989637752E-011
          11          34  -1.2676946486528075E-010
          11          35   3.3538582782359372E-010
          11          36   3.3397973358235680E-010
          11          37  -2.2134544420129019E-011
          11          38  -7.9897252228574554E-010
          11          39  -2.8218641783130683E-010
          11          40  -4.5203841073125369E-010
          11          41  -2.0152311334084736E-011
          11          42  -3.1518204685410999E-010
          11          43  -5.2572776812422827E-010
          11          44  -2.9717034683272986E-010
          11          45   1.7955407449294648E-010
          11          46  -2.2769469064051580E-010
          11          47  -1.1567838699405112E-010
          11          48   8.7186885139504879E-011
          11          49  -2.2639766340572580E-010
          11          50  -1.2298003880594259E-002
          11          51  -1.3836616077489658E-010
          11          52  -5.4998346945396718E-003
          11          53  -1.0222206240874252E-010
          11          54   2.0592121625271681E-010
          11          55  -7.0468813928041572E-011
          11          56   2.3051391815825771E-011
          11          57  -5.4998346047781636E-003
          11          58   8.0284082610430648E-011
          11          59   3.8488695416173391E-010
          11          60  -2.9284553533600877E-003
          11          61   2.0630764941917937E-010
          11          62  -1.3096450746143105E-003
          11          63  -1.9707638680038600E-011
          11          64   3.3054449435938343E-011
          11          65  -5.4393080297113027E-011
          11          66   7.3428090342351206E-011
          11          67  -1.3096449442307079E-003
          11          68   7.5321828543536477E-011
          11          69   1.3868903842911756E-010
          12           1   1.2116971477478317E-011
          12           2   9.0267965216197156E-011
          12           3   3.1805675181412830E-010
          12           4   4.6361657097832876E-012
          12           5   9.5638197645760326E-010
          12           6  -1.4219398782150324E-009
          12           7   1.1493138916478695E-010
          12           8   2.4062962217242864E-011
          12           9  -9.3155003768575400E-004
          12          10  -8.9517181757453177E-011
          12          11   7.7911523151499736E-010
          12          12   2.0209787068458382     
          12          13  -1.5701102820673993E-009
          12          14  -2.1148220315305229E-009
          12          15  -1.4447340838524976E-002
          12          16   1.0875360918565799E-009
          12          17   4.7153676946140261E-009
          12          18  -5.2976086457592712E-003
          12          19  -3.0321290953379816E-009
          12          20  -4.7281572661466618E-010
          12          21  -1.5217052197609932E-002
          12          22  -1.3498228997985161E-009
          12          23  -3.8118935364294349E-010
          12          24  -1.0720133035902659E-003
          12          25   4.2772559747457481E-010
