           1           1   2.1997891618021921     
           1           2 -0.72400177712649882     
           1           3  0.28211276791135098     
           1           4  -7.4703464512799606E-003
           1           5  -4.2170358064680197E-002
           1           6  -2.3300138100289591E-002
           1           7  -1.2753574404457640E-003
           1           8   2.7485058701333006E-010
           1           9   3.2916917616197194E-010
           1          10  -1.7439344614518955E-011
           1          11  -4.5862400980825136E-010
           1          12  -1.0552207053646999E-009
           1          13   1.2024093204926099E-010
           1          14   2.4715871323278370E-010
           1          15   1.9135617320292072E-010
           1          16   1.8979309082485239E-010
           1          17   4.3301024051250283E-010
           1          18   5.6018252929213536E-010
           1          19   1.1672682541767946E-010
           1          20   2.4260446520176761E-010
           1          21   6.3014618276771131E-011
           1          22   1.2761765993437329E-010
           1          23   4.1735409129813837E-011
           1          24  -1.6905326212471504E-012
           1          25   9.6889689056382313E-012
           1          26   2.9225527666979100E-005
           1          27   3.0041991504601215E-011
           1          28   2.9225813654469883E-005
           1          29   8.7442557744870190E-011
           1          30  -2.2034988557992537E-010
           1          31   2.9225608857119601E-005
           1          32   5.1773287373429110E-004
           1          33  -3.4051688920385586E-011
           1          34   5.1773276014165895E-004
           1          35  -5.5502895895155077E-011
           1          36   1.2751840827543827E-010
           1          37   5.1773285180435440E-004
           1          38   1.6461372830728052E-003
           1          39  -3.8111776625883809E-012
           1          40   1.6461372990438797E-003
           1          41  -5.5726116046711288E-011
           1          42  -3.9807532275450665E-012
           1          43   1.6461372544721636E-003
           1          44   6.3902312084598725E-004
           1          45   6.5576260592128020E-011
           1          46   6.3902360278903186E-004
           1          47   5.7411461850023130E-011
           1          48  -3.2427273366755301E-010
           1          49   6.3902325958118972E-004
           1          50   4.0081837984656523E-011
           1          51  -4.9875015414808160E-011
           1          52   1.7864383020954069E-012
           1          53  -8.2427422961032683E-011
           1          54   2.4832145994518660E-011
           1          55   2.1324655314259331E-012
           1          56   4.4909992576165882E-011
           1          57   8.5460727653687380E-012
           1          58  -2.9599900154292048E-011
           1          59   9.8217639813715494E-011
           1          60   1.0111934608444770E-010
           1          61  -1.1221336341061905E-011
           1          62  -7.0080817252609597E-012
           1          63   5.5835288005032762E-012
           1          64  -1.7482140153424046E-011
           1          65   1.0761456561526834E-011
           1          66   2.8513897717365531E-013
           1          67   9.8866209303605773E-012
           1          68   2.1210624086059876E-011
           1          69   3.4902272615573772E-011
           2           1 -0.72400177712649882     
           2           2   2.6251905315334865     
           2           3  -1.0792102109201855     
           2           4   2.8976780904955774E-002
           2           5  0.16207626159699701     
           2           6   8.9530193959132587E-002
           2           7   4.9089992717808268E-003
           2           8  -1.0901364884997146E-011
           2           9  -9.4148657743619059E-011
           2          10   2.5355544273190289E-010
           2          11  -1.6359516690172566E-009
           2          12   8.3860070745009979E-010
           2          13  -1.3746026015111887E-009
           2          14   1.9029646844940164E-009
           2          15  -4.0170461534146093E-011
           2          16   8.3118717175712746E-010
           2          17   3.9280117439674687E-009
           2          18  -5.6777326974648329E-010
           2          19   2.5280337342217721E-009
           2          20   2.3753267083064361E-009
           2          21   7.1544244366313375E-010
           2          22   1.2636840145930887E-009
           2          23   1.0842995084482914E-010
           2          24   8.0999961297893098E-011
           2          25   1.0652890240125527E-010
           2          26  -2.0117702353868383E-004
           2          27  -1.1820965223613352E-010
           2          28  -2.0117686696676402E-004
           2          29  -1.1896740282668057E-010
           2          30   1.6035969623511346E-010
           2          31  -2.0117707429553926E-004
           2          32  -2.1209679677339777E-003
           2          33   1.3809625220024820E-010
           2          34  -2.1209673661454335E-003
           2          35   2.3471055891453133E-010
           2          36  -5.9331725118094728E-010
           2          37  -2.1209678460338242E-003
           2          38  -6.3880276939565443E-003
           2          39   2.3203763560755730E-011
           2          40  -6.3880276928217385E-003
           2          41   2.2121008255035760E-010
           2          42  -2.8757074462193956E-011
           2          43  -6.3880275625331061E-003
           2          44  -2.4735501783552929E-003
           2          45  -2.5377757543984438E-010
           2          46  -2.4735520425862943E-003
           2          47  -2.2228877751766183E-010
           2          48   1.2545132278435511E-009
           2          49  -2.4735507146209446E-003
           2          50   3.7340601069710007E-010
           2          51   2.6508188608668666E-010
           2          52   2.2869527088269451E-010
           2          53   4.8542627550068353E-010
           2          54   2.8282298726409800E-011
           2          55  -8.5216300405282383E-012
           2          56  -4.7580954907640613E-011
           2          57   2.0440757531745930E-010
           2          58   1.9019181987387355E-010
           2          59  -9.7258897094531349E-011
           2          60   2.7623882111950881E-010
           2          61   1.2407724087182909E-010
           2          62   3.2615168822574767E-010
           2          63   1.5481300554048899E-010
           2          64   2.2856271436135283E-010
           2          65  -4.1630075354933340E-011
           2          66   1.5938145545396405E-010
           2          67   2.6084879397974121E-010
           2          68  -2.3732987124576454E-012
           2          69   2.2456089563352538E-010
           3           1  0.28211276791135098     
           3           2  -1.0792102109201855     
           3           3   2.5633955490936100     
           3           4 -0.11354048700916683     
           3           5 -0.46528206848334286     
           3           6 -0.25252591563888593     
           3           7  -1.2514927048229955E-002
           3           8   3.7494736056160077E-009
           3           9   5.9353795264850494E-009
           3          10   5.9207979700096128E-010
           3          11  -1.4322795755300976E-008
           3          12  -1.4748285308432995E-008
           3          13  -4.1770852501365649E-009
           3          14   1.0572028632192565E-008
           3          15   4.9208431522278078E-009
           3          16   6.8223094867988178E-009
           3          17   2.0654081362893214E-008
           3          18   1.1097780239366702E-008
           3          19   1.1021100665480235E-008
           3          20   1.2214395718490026E-008
           3          21   3.6029043497331616E-009
           3          22   7.1908586699931640E-009
           3          23   1.2047867708189682E-009
           3          24   2.4745667525316593E-010
           3          25   5.4707269460437530E-010
           3          26   5.0646254852159235E-004
           3          27   2.8739461971771374E-010
           3          28   5.0646884108468296E-004
           3          29   1.4239840404308053E-009
           3          30  -4.1933891074782263E-009
           3          31   5.0646395965969087E-004
           3          32   5.4822834569839985E-003
           3          33  -3.3879048467543513E-010
           3          34   5.4822825606661851E-003
           3          35  -5.3920710865347000E-010
           3          36   1.1913414121501129E-009
           3          37   5.4822833188550310E-003
           3          38   1.4394889996472154E-002
           3          39  -3.8314750667352784E-011
           3          40   1.4394890317240257E-002
           3          41  -6.3684846080579147E-010
           3          42  -1.4121801330585222E-010
           3          43   1.4394889709232889E-002
           3          44   5.7454103011261764E-003
           3          45   7.4138461232406747E-010
           3          46   5.7454157077424049E-003
           3          47   6.5326253606518270E-010
           3          48  -3.6390403458975465E-009
           3          49   5.7454118642557145E-003
           3          50   2.0204336915296322E-009
           3          51  -2.8963456273299115E-010
           3          52   7.2753169347581464E-010
           3          53  -3.0414934412402324E-010
           3          54   6.5747884443032300E-010
           3          55   2.8379786222656130E-011
           3          56   8.7921341866575410E-010
           3          57   8.0308018251779888E-010
           3          58  -4.2245137747813370E-011
           3          59   1.9617052955061345E-009
           3          60   2.8854778744095117E-009
           3          61   2.2017416745827117E-010
           3          62   7.0442694415061057E-010
           3          63   8.2745153937595489E-010
           3          64   2.4833211566254636E-010
           3          65   1.1798443328783637E-010
           3          66   4.5243088062614310E-010
           3          67   8.9443373345273878E-010
           3          68   5.7771103170022405E-010
           3          69   1.3890864648216269E-009
           4           1  -7.4703464512799606E-003
           4           2   2.8976780904955774E-002
           4           3 -0.11354048700916683     
           4           4  0.15916725781733815     
           4           5  0.30500135096888042     
           4           6  0.15244129454229194     
           4           7   4.3766359862458803E-003
           4           8   1.3410722344115354E-009
           4           9  -5.6069974278077361E-009
           4          10  -9.1787716098971985E-009
           4          11  -5.3245322536360390E-009
           4          12   1.6765390632021446E-008
           4          13   2.5257135059834900E-008
           4          14   1.3230695092283591E-008
           4          15  -3.6858226047478004E-009
           4          16  -3.3513115545667601E-009
           4          17   2.5338465767243874E-008
           4          18  -8.1604395739333844E-009
           4          19  -6.9698116360022231E-009
           4          20   1.4880726805693152E-008
           4          21  -3.1392726325635113E-009
           4          22  -4.5197475394437451E-009
           4          23   1.0701832756583641E-009
           4          24  -2.3214014000813893E-010
           4          25  -3.2544929715362770E-010
           4          26   2.5149672050733715E-004
           4          27  -1.5124503772258886E-010
           4          28   2.5148900938779580E-004
           4          29   1.3181951776561083E-010
           4          30   3.5334692242743529E-009
           4          31   2.5149502425453660E-004
           4          32   1.9972708043638479E-003
           4          33   1.8212796444738364E-010
           4          34   1.9972707671274282E-003
           4          35   4.2514430604211438E-010
           4          36  -5.1268375923648927E-010
           4          37   1.9972707143279343E-003
           4          38   4.3050609896275530E-003
           4          39  -1.3143693555511285E-011
           4          40   4.3050603679114577E-003
           4          41   4.5321703439353872E-010
           4          42   3.3231421364728375E-010
           4          43   4.3050610568381841E-003
           4          44  -5.5435826151790154E-005
           4          45  -5.4085898656257422E-010
           4          46  -5.5439741077266619E-005
           4          47  -4.8107912927007764E-010
           4          48   2.6423376641097221E-009
           4          49  -5.5436960877313117E-005
           4          50   2.1827620043529174E-009
           4          51  -7.4084558069693352E-011
           4          52   1.0813653122691402E-009
           4          53  -4.6146016960599439E-010
           4          54  -3.8648048867160000E-010
           4          55  -3.6245863308621863E-011
           4          56  -5.4281235473574243E-010
           4          57   1.0328604360832539E-009
           4          58  -3.2192891391211824E-010
           4          59  -1.2615623972616358E-009
           4          60   2.6477170860380403E-009
           4          61  -2.9417840882487048E-010
           4          62   1.6106513628264340E-009
           4          63  -8.7730523309144608E-010
           4          64  -7.6700239920121249E-011
           4          65  -7.5687943361630731E-011
           4          66  -2.3624635323473028E-010
           4          67   1.4701870809163140E-009
           4          68  -5.2948880525188647E-010
           4          69  -7.8572522962212661E-010
           5           1  -4.2170358064680197E-002
           5           2  0.16207626159699701     
           5           3 -0.46528206848334286     
           5           4  0.30500135096888042     
           5           5  0.61157577852170153     
           5           6  0.30713762665388367     
           5           7   9.9298646160681150E-003
           5           8   8.3930258178085793E-009
           5           9   1.2462572198696836E-008
           5          10   5.4258246676112162E-010
           5          11  -3.0906168304482172E-008
           5          12  -3.3070756321033091E-008
           5          13  -6.0366370524246151E-009
           5          14   2.6383807880916980E-008
           5          15   3.6968247299495766E-009
           5          16   1.4133821020127210E-008
           5          17   5.2070605378669421E-008
           5          18   9.4271796346787382E-009
           5          19   2.9630203649608811E-008
           5          20   3.0637227514713005E-008
           5          21   9.3469925484786405E-009
           5          22   1.6762186123713395E-008
           5          23   2.1830990884742744E-009
           5          24   7.8111974417170847E-010
           5          25   1.4362696488829126E-009
           5          26   3.8875546254556117E-004
           5          27  -8.7864106320196140E-010
           5          28   3.8876175084261031E-004
           5          29   4.2550178154805197E-010
           5          30  -2.3092926171349736E-010
           5          31   3.8875705421153299E-004
           5          32   3.8060995117267945E-003
           5          33   4.8321172854818013E-010
           5          34   3.8061026080981070E-003
           5          35   9.8504496172415367E-010
           5          36  -2.5536819992047887E-009
           5          37   3.8061001613279607E-003
           5          38   7.0001999638098023E-003
           5          39   1.4153095183878230E-010
           5          40   7.0002001035888561E-003
           5          41   1.0469112788281613E-009
           5          42  -2.6370333574436318E-010
           5          43   7.0002005707915493E-003
           5          44  -1.0762934903830413E-003
           5          45  -1.1176550736010429E-009
           5          46  -1.0763015987559949E-003
           5          47  -9.9747875840936933E-010
           5          48   5.4815809458333336E-009
           5          49  -1.0762958251695032E-003
           5          50   4.6041589707482942E-009
           5          51   1.1261962913698395E-009
           5          52   2.2660138220026355E-009
           5          53   2.0251222121662932E-009
           5          54   1.1200358970333016E-009
           5          55  -7.7988944455200313E-011
           5          56   8.2835700100489861E-010
           5          57   2.2026093562128886E-009
           5          58   6.9679731954353854E-010
           5          59   1.7830798953948655E-009
           5          60   5.4444455716259683E-009
           5          61   8.2078605807720320E-010
           5          62   3.3283387260763519E-009
           5          63   1.2946666819237278E-009
           5          64   2.1737328636801597E-009
           5          65  -1.5812502901565648E-010
           5          66   1.8393580613060417E-009
           5          67   3.0392550742815512E-009
           5          68   3.1059356829225372E-010
           5          69   3.5880829303742797E-009
           6           1  -2.3300138100289591E-002
           6           2   8.9530193959132587E-002
           6           3 -0.25252591563888593     
           6           4  0.15244129454229194     
           6           5  0.30713762665388367     
           6           6  0.15451947020170781     
           6           7   4.9085860773548044E-003
           6           8   1.8984070720919855E-009
           6           9   7.1196570909849772E-009
           6          10   3.2809340529110164E-008
           6          11  -8.1451636909088520E-009
           6          12  -1.9622400626624678E-008
           6          13  -9.3754125748316522E-008
           6          14  -1.2283539783643378E-008
           6          15   1.4416261892159154E-008
           6          16   2.3645133081831767E-008
           6          17  -2.2416247951703359E-008
           6          18   2.8575576119272444E-008
           6          19   5.2976853658026877E-008
           6          20  -1.3344239409658517E-008
           6          21   1.8915271574527037E-008
           6          22   3.1206315989075535E-008
           6          23  -1.2256141274717943E-009
           6          24   1.5357303930005773E-009
           6          25   2.5658415123113492E-009
           6          26   1.9390285328951302E-004
           6          27  -1.3958512510484219E-009
           6          28   1.9389771281418973E-004
           6          29  -6.6913763216542709E-009
           6          30   1.0754426526182244E-008
           6          31   1.9390178691835075E-004
           6          32   1.7011017742138298E-003
           6          33   1.1503198543711048E-010
           6          34   1.7011025280589081E-003
           6          35  -7.3090295297821389E-011
           6          36  -1.4140000913868143E-010
           6          37   1.7011019549790199E-003
           6          38   3.2510894978465378E-003
           6          39   2.9763642450055198E-011
           6          40   3.2510893536265117E-003
           6          41   5.0396753671028385E-010
           6          42   8.4018916668102051E-011
           6          43   3.2510897444911722E-003
           6          44  -4.9785606576413727E-004
           6          45  -5.5298533579709292E-010
           6          46  -4.9786006850127793E-004
           6          47  -4.9982115011852267E-010
           6          48   2.7130408209366053E-009
           6          49  -4.9785722096119486E-004
           6          50  -2.1788925592466444E-009
           6          51   1.6218868793537418E-009
           6          52  -8.6910186278595634E-010
           6          53   3.3602933723684188E-009
           6          54   2.3334171321061171E-009
           6          55  -3.7230505261651430E-011
           6          56   2.1825758694406548E-009
           6          57  -9.0841356796033034E-010
           6          58   1.3952744421675251E-009
           6          59   4.8421718670611740E-009
           6          60  -2.9560653914944114E-009
           6          61   1.6557663007755898E-009
           6          62  -8.8356139565418283E-010
           6          63   3.4528569325665989E-009
           6          64   3.1054795639232788E-009
           6          65  -7.8083163781687980E-011
           6          66   2.9419295568782333E-009
           6          67  -1.0263819526749655E-009
           6          68   1.4079983495197172E-009
           6          69   6.3170539323476880E-009
           7           1  -1.2753574404457640E-003
           7           2   4.9089992717808268E-003
           7           3  -1.2514927048229955E-002
           7           4   4.3766359862458803E-003
           7           5   9.9298646160681150E-003
           7           6   4.9085860773548044E-003
           7           7   3.1291442747771254E-004
           7           8  -4.8819830735739252E-008
           7           9  -9.6102155574050000E-009
           7          10  -1.6248431875792716E-008
           7          11   1.4708871686295365E-007
           7          12   3.0791790059858893E-008
           7          13   5.1322703578372894E-008
           7          14  -1.3805771945433176E-007
           7          15  -3.3048042940480222E-008
           7          16  -6.4818826489042595E-008
           7          17  -2.7091047231374264E-007
           7          18  -6.4535170141381760E-008
           7          19  -1.2577691826400487E-007
           7          20  -1.6068131784120191E-007
           7          21  -3.8178760971291619E-008
           7          22  -7.4596477087993566E-008
           7          23  -1.3019076070738726E-008
           7          24  -3.0935369185715869E-009
           7          25  -6.0371210894383928E-009
           7          26  -2.4244474815179338E-006
           7          27  -2.2960714870551478E-010
           7          28  -2.4272855794731758E-006
           7          29  -1.7307312579820339E-009
           7          30   4.6878733114081835E-009
           7          31  -2.4238213812722757E-006
           7          32   1.9740790671750609E-004
           7          33   2.0260529426635870E-011
           7          34   1.9740808016430411E-004
           7          35  -9.2795115721577446E-011
           7          36   1.5132109338770543E-010
           7          37   1.9740808587097238E-004
           7          38   1.7782001689569269E-004
           7          39   3.7953165578167105E-011
           7          40   1.7782035495680424E-004
           7          41   5.3613126135578474E-011
           7          42  -2.0904001239418420E-010
           7          43   1.7782014529216244E-004
           7          44  -1.2690648374028848E-004
           7          45  -2.8099425471014240E-011
           7          46  -1.2690669919307890E-004
           7          47  -2.8044779106075286E-011
           7          48   1.4949682366785879E-010
           7          49  -1.2690654010233862E-004
           7          50  -2.5718936272554046E-008
           7          51  -2.7192368286743628E-009
           7          52  -1.1499673636322547E-008
           7          53  -6.0668604748937450E-009
           7          54  -5.3093674410407458E-009
           7          55  -3.1784163463049729E-012
           7          56  -5.3094321904892868E-009
           7          57  -1.1492605900080088E-008
           7          58  -2.7129988725014278E-009
           7          59  -1.1868534793085881E-008
           7          60  -3.1859449488972257E-008
           7          61  -3.3790814189312380E-009
           7          62  -1.4222993783011369E-008
           7          63  -7.5887196884519343E-009
           7          64  -6.5874890859857540E-009
           7          65  -4.0020633837442833E-012
           7          66  -6.5971215010295819E-009
           7          67  -1.4229900042121832E-008
           7          68  -3.3965059811893763E-009
           7          69  -1.4762639895220175E-008
           8           1   2.7485058701333006E-010
           8           2  -1.0901364884997146E-011
           8           3   3.7494736056160077E-009
           8           4   1.3410722344115354E-009
           8           5   8.3930258178085793E-009
           8           6   1.8984070720919855E-009
           8           7  -4.8819830735739252E-008
           8           8   2.3075187858671744     
           8           9   6.0351700073097752E-010
           8          10  -3.6982364712574344E-011
           8          11 -0.83609155361912202     
           8          12  -1.1803108751195920E-009
           8          13   1.3594852755263463E-010
           8          14  -1.4511830199443104E-002
           8          15  -9.4627747835646399E-010
           8          16   1.2860391568233070E-009
           8          17   3.4369206398877930E-002
           8          18   8.8190714436867225E-009
           8          19   2.0180476559296225E-011
           8          20   2.4124179532926660E-002
           8          21   5.0760868338627127E-009
           8          22  -1.3810457700847072E-008
           8          23   2.0474767086058393E-003
           8          24  -3.4291024695900726E-009
           8          25   4.0390882146831058E-009
           8          26  -1.5631228054975424E-009
           8          27  -4.4594738625904032E-010
           8          28   2.3994643623882200E-010
           8          29  -9.0647631425550300E-010
           8          30  -4.8344369831185783E-010
           8          31   8.7428639031956855E-010
           8          32   1.2657551992682259E-009
           8          33  -1.1786270726386359E-009
           8          34  -1.4445205069463487E-009
           8          35   1.2199200250563294E-009
           8          36  -1.2715118214702375E-010
           8          37   1.6101854169599176E-009
           8          38  -2.2645437269110052E-009
           8          39  -2.4335989835694253E-009
           8          40   5.1560772419582268E-009
           8          41  -2.2495434234027754E-009
           8          42   4.2961200393143223E-009
           8          43   3.4347952169389689E-009
           8          44   2.5381484119878177E-008
           8          45   5.7588343107528804E-009
           8          46   8.2104358356163114E-009
           8          47  -1.3837418778511497E-009
           8          48  -3.7367866495585954E-009
           8          49   1.8176291898572060E-008
           8          50   9.7361944343220142E-003
           8          51  -3.3067714247427838E-009
           8          52   4.3541581072676864E-003
           8          53  -5.5754316430926694E-009
           8          54  -1.7723655646667808E-009
           8          55   8.8344622132473244E-010
           8          56  -1.1330406015764083E-010
           8          57   4.3541585657176363E-003
           8          58  -1.1295399431116069E-009
           8          59  -7.9972091787648444E-011
           8          60   5.8030375147008649E-003
           8          61  -4.4357186817815404E-010
           8          62   2.5952002657674074E-003
           8          63  -9.2394787525109393E-010
           8          64   4.9710929284739209E-009
           8          65  -7.7327646404874138E-010
           8          66   2.5867762072257908E-009
           8          67   2.5951941511684791E-003
           8          68  -4.0473282041347932E-009
           8          69   6.3683099275037676E-009
           9           1   3.2916917616197194E-010
           9           2  -9.4148657743619059E-011
           9           3   5.9353795264850494E-009
           9           4  -5.6069974278077361E-009
           9           5   1.2462572198696836E-008
           9           6   7.1196570909849772E-009
           9           7  -9.6102155574050000E-009
           9           8   6.0351700073097752E-010
           9           9   2.3075187882408663     
           9          10  -8.0248069793987589E-010
           9          11  -7.9339855928445296E-010
           9          12 -0.83609156074843360     
           9          13   1.6592764377235809E-009
           9          14  -1.5523359970113650E-009
           9          15  -1.4511822120961509E-002
           9          16  -8.3565530366275672E-011
           9          17   1.9028655432954128E-008
           9          18   3.4369214336312473E-002
           9          19  -1.4576168109786519E-008
           9          20  -3.3222315140753194E-009
           9          21   2.4124181676362846E-002
           9          22  -5.6705413235981933E-010
           9          23   5.5231043243239641E-009
           9          24   2.0474590515518992E-003
           9          25   4.6048075275121665E-009
           9          26   1.4627491137369138E-009
           9          27   4.7868158065332798E-010
           9          28  -1.5160707825319627E-009
           9          29  -2.6975316144852182E-010
           9          30  -1.8401128570121472E-009
           9          31  -3.3518150724781447E-010
           9          32  -2.7372351892350137E-009
           9          33   1.2745111655582087E-010
           9          34  -3.3242013116311009E-009
           9          35   1.1902661306745085E-009
           9          36  -1.6054643685620358E-009
           9          37  -2.2236563606553323E-009
           9          38  -4.7860745449552839E-009
           9          39  -9.0872972576177765E-010
           9          40  -4.1598470990914635E-009
           9          41  -1.0407391629363508E-009
           9          42   3.3032426835657223E-009
           9          43  -4.0366259193646463E-009
           9          44   4.6310058573297082E-009
           9          45   2.6192451265836279E-009
           9          46   2.4748420836139284E-009
           9          47  -5.0912581844948889E-010
           9          48  -2.0056990129151484E-009
           9          49   4.2481662005967954E-009
           9          50  -6.1383341634499575E-009
           9          51   4.3541580359015373E-003
           9          52  -4.1531280994682812E-009
           9          53   9.7361945631478011E-003
           9          54   2.4672260953369037E-009
           9          55  -3.0384513067638730E-010
           9          56   5.3101607403529842E-010
           9          57  -3.0491297386681216E-009
           9          58   4.3541591442451287E-003
           9          59   4.4668527832629811E-009
           9          60  -2.9518205010348522E-009
           9          61   2.5951994349395729E-003
           9          62   9.9557236088980922E-010
           9          63   5.8030425039896092E-003
           9          64   2.3626706668270381E-009
           9          65  -8.8058903136102124E-012
           9          66   3.0759986868846321E-009
           9          67  -2.5564811852132203E-009
           9          68   2.5951973705375915E-003
           9          69   1.9476714506272095E-009
          10           1  -1.7439344614518955E-011
          10           2   2.5355544273190289E-010
          10           3   5.9207979700096128E-010
          10           4  -9.1787716098971985E-009
          10           5   5.4258246676112162E-010
          10           6   3.2809340529110164E-008
          10           7  -1.6248431875792716E-008
          10           8  -3.6982364712574344E-011
          10           9  -8.0248069793987589E-010
          10          10   2.3075187866860700     
          10          11   1.5256992188782362E-010
          10          12   3.1052885299586141E-009
          10          13 -0.83609155640688737     
          10          14   8.0665375231311655E-010
          10          15  -5.5958751806079525E-009
          10          16  -1.4511826726797131E-002
          10          17   1.1908140363265887E-009
          10          18   2.7683189082816747E-009
          10          19   3.4369203281373370E-002
          10          20  -1.7796802371323210E-008
          10          21   1.1163713477927127E-008
          10          22   2.4124188236699748E-002
          10          23   1.1786839171757375E-008
          10          24  -7.2669714642389649E-011
          10          25   2.0474642408456417E-003
          10          26  -1.8617946654790088E-009
          10          27  -7.3634220364010986E-010
          10          28   1.0049318889818392E-009
          10          29  -4.3841445836957599E-010
          10          30   1.4977909103471977E-010
          10          31   1.4615869454800273E-010
          10          32   5.4280016511408189E-010
          10          33  -3.1384214310848513E-010
          10          34  -2.9311296251576245E-009
          10          35   6.7292729379895714E-010
          10          36  -1.6673213659479760E-010
          10          37   7.1129223124540555E-010
          10          38  -1.0446011984592239E-008
          10          39  -1.2981433753500555E-009
          10          40  -4.3781357677435922E-009
          10          41  -2.1270618311388188E-009
          10          42   3.2139630111238943E-009
          10          43  -7.2530952311064556E-009
          10          44   8.6526531814267066E-009
          10          45   3.0374579237339833E-009
          10          46  -2.8775494643601971E-009
          10          47   2.9180317218164846E-010
          10          48  -1.9882048344205405E-009
          10          49   3.5704667608870805E-009
          10          50   2.0985613390393592E-009
          10          51  -2.6362449786283404E-009
          10          52   5.9940386177448961E-011
          10          53  -4.6793091130303026E-009
          10          54   4.3541580722588772E-003
          10          55   1.1570032092394590E-009
          10          56   4.3541589629389876E-003
          10          57   9.6328770571667001E-010
          10          58  -1.6732302897650855E-009
          10          59   9.7361957829502355E-003
          10          60   5.1309287611588280E-009
          10          61  -1.8806363886970765E-009
          10          62   4.8976974104429631E-009
          10          63  -4.4178467413433706E-009
          10          64   2.5951990622530684E-003
          10          65  -7.5381695322099772E-010
          10          66   2.5951974386400805E-003
          10          67  -7.5329836827554085E-010
          10          68  -4.9068891402489351E-009
          10          69   5.8030385510873580E-003
          11           1  -4.5862400980825136E-010
          11           2  -1.6359516690172566E-009
          11           3  -1.4322795755300976E-008
          11           4  -5.3245322536360390E-009
          11           5  -3.0906168304482172E-008
          11           6  -8.1451636909088520E-009
          11           7   1.4708871686295365E-007
          11           8 -0.83609155361912202     
          11           9  -7.9339855928445296E-010
          11          10   1.5256992188782362E-010
          11          11   2.2738191051681254     
          11          12   8.6004669963309817E-010
          11          13  -8.5813219218927819E-010
          11          14   3.1203322628715887E-002
          11          15   2.6313861417895388E-009
          11          16  -1.9473476183277556E-009
          11          17 -0.11628592085266318     
          11          18  -2.4680329229843481E-008
          11          19  -5.5827219200127285E-009
          11          20  -7.5180939813997968E-002
          11          21  -1.5497279995101592E-008
          11          22   3.9832233388027395E-008
          11          23  -6.0254750482057542E-003
          11          24   1.0597699978719826E-008
          11          25  -1.2001864642557621E-008
          11          26   6.5969121306421443E-009
          11          27   1.3769477940486630E-009
          11          28   6.4796345386960919E-010
          11          29   3.1188953528974530E-009
          11          30   1.3920391724345810E-009
          11          31  -5.7640798654413723E-010
          11          32  -1.2872894886975497E-009
          11          33   3.9412623900336354E-009
          11          34   7.0826440343023374E-009
          11          35  -3.7124944380722595E-009
          11          36   1.9548420562481485E-010
          11          37  -2.3664629611591812E-009
          11          38   8.0879899838806019E-009
          11          39   6.9770557732495926E-009
          11          40  -1.4203211563103676E-008
          11          41   6.9766982176082532E-009
          11          42  -1.2954630716303418E-008
          11          43  -9.2368412984099398E-009
          11          44  -7.6399283997633674E-008
          11          45  -1.7284212774989158E-008
          11          46  -2.4235781303834744E-008
          11          47   4.0144991732689172E-009
          11          48   1.1319650452492725E-008
          11          49  -5.4337455412563360E-008
          11          50  -2.2602800314283151E-002
          11          51   9.4460043318873763E-009
          11          52  -1.0108278217727557E-002
          11          53   1.5521343729789006E-008
          11          54   6.2644363114249582E-009
          11          55  -2.7054059356808489E-009
          11          56   1.2025246488376230E-009
          11          57  -1.0108279480621783E-002
          11          58   3.1745067777746051E-009
          11          59   2.6291789622757651E-009
          11          60  -1.5101355925736257E-002
          11          61   1.3136154582914765E-009
          11          62  -6.7535408201223838E-003
          11          63   2.6422640270105468E-009
          11          64  -1.3764619554120307E-008
          11          65   2.5319280474809701E-009
          11          66  -6.5775959341301053E-009
          11          67  -6.7535223743711223E-003
          11          68   1.1994714574628922E-008
          11          69  -1.7357105006006011E-008
          12           1  -1.0552207053646999E-009
          12           2   8.3860070745009979E-010
          12           3  -1.4748285308432995E-008
          12           4   1.6765390632021446E-008
          12           5  -3.3070756321033091E-008
          12           6  -1.9622400626624678E-008
          12           7   3.0791790059858893E-008
          12           8  -1.1803108751195920E-009
          12           9 -0.83609156074843360     
          12          10   3.1052885299586141E-009
          12          11   8.6004669963309817E-010
          12          12   2.2738191264285543     
          12          13  -7.1638030205261698E-009
          12          14   4.7653424097927232E-009
          12          15   3.1203298744273921E-002
          12          16   1.7728940423371482E-009
          12          17  -4.9876243272830091E-008
          12          18 -0.11628594778449168     
          12          19   4.3040892254519385E-008
          12          20   1.3897730866168708E-008
          12          21  -7.5180952335236279E-002
          12          22   2.5713525278280550E-009
          12          23  -1.6795848334227466E-008
          12          24  -6.0254203576197160E-003
          12          25  -1.3854785934383504E-008
