           1           1   2.0057177617979649     
           1           2   2.9481091016903885E-002
           1           3 -0.24229012836915859     
           1           4 -0.16866697730620647     
           1           5  -1.3559867028648120E-002
           1           6  -2.3240178910038268E-014
           1           7   2.1226022157695291E-014
           1           8  -4.8993519090044274E-014
           1           9   1.0092648317921423E-014
           1          10   1.0462811170430433E-014
           1          11   1.0432858279839704E-014
           1          12  -3.6543342737815167E-014
           1          13  -4.9142514297743136E-014
           1          14   2.6913605512993397E-014
           1          15   1.0986747984522165E-014
           1          16   6.8033964919148580E-018
           1          17  -5.1632833108156671E-015
           1          18   2.8128110224918956E-004
           1          19   2.3879112317525594E-006
           1          20   2.7481282699490207E-004
           1          21   2.7438491377734797E-006
           1          22   8.0225731483480082E-007
           1          23   2.7500651841931632E-004
           1          24   4.6950880014420340E-003
           1          25  -3.6546905825980561E-004
           1          26   5.6850384722675444E-003
           1          27  -4.1994515613349341E-004
           1          28  -1.2278604367259424E-004
           1          29   5.6553941751211374E-003
           1          30   3.3381536909543943E-003
           1          31  -5.3885522135717345E-004
           1          32   4.7977578850664331E-003
           1          33  -6.1917592588361286E-004
           1          34  -1.8103824613493330E-004
           1          35   4.7540497288972973E-003
           1          36   1.8619604998927820E-014
           1          37  -7.2110403890154184E-015
           1          38  -3.0118291767205112E-017
           1          39  -8.2038216888967186E-015
           1          40   8.3611898579692895E-015
           1          41   4.6333740089789038E-016
           1          42   7.4125834247979629E-015
           1          43   1.0504494765714623E-014
           1          44  -3.0227299641937374E-016
           1          45   1.8478218380074389E-014
           1          46   1.9366305868844049E-014
           1          47   1.4981456648906334E-014
           1          48   1.7752077721676385E-014
           1          49   2.6024823790598502E-014
           1          50   7.5696484115709168E-015
           1          51  -8.0888084696644612E-015
           1          52  -3.7025243313995505E-015
           1          53   3.4427364789919528E-015
           1          54   3.9842472102903542E-015
           1          55  -4.9438827965682694E-015
           2           1   2.9481091016903885E-002
           2           2   3.9160607349533888E-002
           2           3  0.14275456610334508     
           2           4   9.2991341746055958E-002
           2           5   4.2901033817624905E-003
           2           6   2.7305090539437307E-015
           2           7   4.9634303021247584E-015
           2           8   4.1670739475301958E-016
           2           9  -1.6830281843472803E-015
           2          10  -1.5966982553976656E-016
           2          11  -4.5411978759187312E-016
           2          12   5.3387140586359786E-015
           2          13  -1.4141738251203347E-014
           2          14   4.0150747982204583E-015
           2          15  -7.6852937802685722E-016
           2          16   7.0152422876390825E-015
           2          17   8.0646757436903810E-016
           2          18   2.2228008715618123E-003
           2          19   2.2304743071619500E-004
           2          20   1.6186297414266906E-003
           2          21   2.5629443952045411E-004
           2          22   7.4936898957236127E-005
           2          23   1.6367217948138153E-003
           2          24   6.2662313740972711E-003
           2          25   4.6814596075642071E-004
           2          26   4.9981587549598836E-003
           2          27   5.3792687455309204E-004
           2          28   1.5728224362624018E-004
           2          29   5.0361314885847240E-003
           2          30   8.6316731589968507E-004
           2          31   3.5775113811563553E-004
           2          32  -1.0587787681092149E-004
           2          33   4.1107682250949819E-004
           2          34   1.2019302394928490E-004
           2          35  -7.6859613709747928E-005
           2          36  -3.0071234615374591E-015
           2          37  -7.2694694969246185E-016
           2          38  -1.5660171443559888E-015
           2          39  -1.4949620007505558E-015
           2          40  -1.8539866574717420E-016
           2          41   5.4118293038542099E-016
           2          42  -4.5592358558182719E-016
           2          43  -8.1972793292093262E-016
           2          44  -3.0265165733568066E-016
           2          45  -1.1262054659621699E-016
           2          46  -3.6572103691429311E-015
           2          47   3.1095712807252640E-015
           2          48  -2.1622239961141042E-015
           2          49   5.6017153983934894E-015
           2          50  -1.7287413707751573E-015
           2          51  -3.5573450863405440E-016
           2          52  -9.3690065725677444E-016
           2          53  -1.7045129030271745E-015
           2          54   2.2104999531577636E-015
           2          55  -3.5554221228952522E-015
           3           1 -0.24229012836915859     
           3           2  0.14275456610334508     
           3           3  0.58221596327899805     
           3           4  0.38156212587477395     
           3           5   1.8552225295632187E-002
           3           6   2.6040023032470238E-014
           3           7   1.8324108155660615E-014
           3           8   1.3421127228743941E-014
           3           9   1.3150975758688759E-016
           3          10  -2.7827460479536203E-016
           3          11  -7.7916667519856044E-016
           3          12   3.3570541385045892E-014
           3          13  -4.3116588725907198E-014
           3          14   1.2542095006955640E-014
           3          15  -4.4435054798379423E-015
           3          16   2.6783760231734620E-014
           3          17   4.2033677442866330E-015
           3          18   8.1286525330726660E-003
           3          19   7.2468434092236864E-004
           3          20   6.1656918288316718E-003
           3          21   8.3270435484680654E-004
           3          22   2.4347107662932820E-004
           3          23   6.2244731727555342E-003
           3          24   2.2474711144104757E-002
           3          25   1.6154320086672440E-003
           3          26   1.8098970904759093E-002
           3          27   1.8562251194102573E-003
           3          28   5.4273407861715100E-004
           3          29   1.8230003473935677E-002
           3          30   2.6674276036510328E-003
           3          31   1.4009829876877977E-003
           3          32  -1.1274334164017292E-003
           3          33   1.6098107703305029E-003
           3          34   4.7068579609400255E-004
           3          35  -1.0137955045569592E-003
           3          36  -1.4260306010731477E-014
           3          37  -1.4470081850671030E-015
           3          38  -5.7654468964775960E-015
           3          39  -4.1972594726282550E-015
           3          40  -1.9640660694053360E-015
           3          41   2.0051424723995457E-015
           3          42  -2.8908074659503745E-015
           3          43  -4.8068129726515808E-015
           3          44  -1.1050246643509117E-015
           3          45  -3.3081199069762826E-015
           3          46  -1.6638349416852208E-014
           3          47   9.3659021185613053E-015
           3          48  -1.1010637628631477E-014
           3          49   1.6823252337567130E-014
           3          50  -7.6913654636648082E-015
           3          51   3.4046024249018181E-017
           3          52  -2.7070355274326312E-015
           3          53  -6.7555108463471778E-015
           3          54   7.7754971616652088E-015
           3          55  -1.2299900552301487E-014
           4           1 -0.16866697730620647     
           4           2   9.2991341746055958E-002
           4           3  0.38156212587477395     
           4           4  0.25142532928883704     
           4           5   1.2016101300708539E-002
           4           6   2.4590235232872690E-015
           4           7   6.8970257862847096E-015
           4           8   3.3004363784906140E-015
           4           9  -1.0566681525559024E-014
           4          10  -4.2630332206578062E-015
           4          11  -4.5248233362781955E-015
           4          12   1.4022391376971306E-014
           4          13  -3.1235643964698036E-014
           4          14   4.5929929408242090E-015
           4          15  -3.9581110884075168E-015
           4          16   1.7788028830703761E-014
           4          17   2.8682279471456879E-015
           4          18   4.5734298181581388E-003
           4          19   8.9952411939249553E-005
           4          20   4.3297748978177184E-003
           4          21   1.0336053926787714E-004
           4          22   3.0221184076087795E-005
           4          23   4.3370712102076677E-003
           4          24   1.3374703453077204E-002
           4          25   3.2283549183207555E-004
           4          26   1.2500234894195489E-002
           4          27   3.7095671695108398E-004
           4          28   1.0846248851518938E-004
           4          29   1.2526421046372024E-002
           4          30   1.7048882720241082E-003
           4          31   7.6421412201030554E-004
           4          32  -3.6514874730897819E-004
           4          33   8.7812638618739480E-004
           4          34   2.5675165300013063E-004
           4          35  -3.0316106503314871E-004
           4          36  -1.0105723704841611E-014
           4          37  -1.0408802684645176E-015
           4          38  -3.9926471767974397E-015
           4          39  -2.9905599726207011E-015
           4          40  -1.3824004587564216E-015
           4          41   1.3041663053485995E-015
           4          42  -2.0255885829630721E-015
           4          43  -3.5267209712553831E-015
           4          44  -9.4277263632886031E-016
           4          45  -2.2496186905069491E-015
           4          46  -1.2757888637468103E-014
           4          47   6.0974485977870866E-015
           4          48  -7.8805625532608748E-015
           4          49   1.0586118816961513E-014
           4          50  -5.3983069610757141E-015
           4          51  -2.3190941044721152E-017
           4          52  -1.8409329126277245E-015
           4          53  -4.9696459577354570E-015
           4          54   5.0137181773499954E-015
           4          55  -8.4288371941073065E-015
           5           1  -1.3559867028648120E-002
           5           2   4.2901033817624905E-003
           5           3   1.8552225295632187E-002
           5           4   1.2016101300708539E-002
           5           5   6.3176294336393039E-004
           5           6   2.9607090826263009E-014
           5           7   8.9853583581847830E-015
           5           8   1.0326486543925571E-014
           5           9   2.0354627506780714E-014
           5          10   6.0402728700320302E-015
           5          11   6.8428107378409985E-015
           5          12   1.7987409004194349E-014
           5          13   3.8853115606811709E-015
           5          14   6.0590149905319199E-015
           5          15   1.0326893962547658E-015
           5          16   1.0941526112543334E-015
           5          17   4.9186501957185960E-016
           5          18   3.4443033825326769E-004
           5          19   7.2614917028314402E-005
           5          20   1.4773746201254590E-004
           5          21   8.3438753033944266E-005
           5          22   2.4396319824341857E-005
           5          23   1.5362747813668022E-004
           5          24   8.4152462405950098E-004
           5          25   1.4706283563942655E-004
           5          26   4.4317376089912869E-004
           5          27   1.6898373161136786E-004
           5          28   4.9408466831260611E-005
           5          29   4.5510247291390821E-004
           5          30   7.4012385323624525E-005
           5          31   6.4718142991395484E-005
           5          32  -1.0129047365324984E-004
           5          33   7.4364902399942309E-005
           5          34   2.1743244189322868E-005
           5          35  -9.6040991081091986E-005
           5          36   4.7491730071885081E-016
           5          37   1.6439567772765513E-016
           5          38   1.7741122821299244E-016
           5          39   1.3708594501844738E-016
           5          40   1.1391583038648137E-016
           5          41   9.1339768843589805E-017
           5          42   9.3575640768018392E-018
           5          43   1.9558190852800945E-016
           5          44   9.3452996227505087E-017
           5          45   7.1670134687433553E-017
           5          46   1.4121344918003639E-015
           5          47   5.4030782293747435E-016
           5          48   3.6606142275188794E-016
           5          49   8.9834079206983866E-016
           5          50   1.3862146502987804E-016
           5          51   8.4345516706981032E-017
           5          52   1.6803113009920038E-016
           5          53   5.4404462907384605E-016
           5          54   4.3328487190116979E-016
           5          55   1.8884437043883107E-016
           6           1  -2.3240178910038268E-014
           6           2   2.7305090539437307E-015
           6           3   2.6040023032470238E-014
           6           4   2.4590235232872690E-015
           6           5   2.9607090826263009E-014
           6           6  0.19904435577071553     
           6           7   5.8197771393091374E-002
           6           8   6.6872616285219108E-002
           6           9  0.14097871691393624     
           6          10   4.1220194835188621E-002
           6          11   4.7364395690066022E-002
           6          12  0.11717822364036071     
           6          13   3.4261260488102782E-002
           6          14   3.9368176491506236E-002
           6          15   7.9568810592239685E-003
           6          16   2.3264789739773709E-003
           6          17   2.6732593769975693E-003
           6          18  -2.1992406672335536E-015
           6          19  -7.9266291650283043E-017
           6          20   3.4235230006873499E-016
           6          21  -3.8648809312862225E-016
           6          22   2.4174877427263500E-016
           6          23  -1.6728360340395700E-015
           6          24  -2.1422738378238157E-015
           6          25  -2.0445881982561755E-015
           6          26  -6.3083070851479571E-017
           6          27  -2.2112574621308356E-015
           6          28  -4.2287941436862358E-016
           6          29   5.5255303613306786E-015
           6          30  -4.8452908450800135E-015
           6          31   2.8893151287559449E-015
           6          32   1.1573068921428205E-016
           6          33   4.3911727151577992E-015
           6          34   2.5340862773033129E-015
           6          35  -9.4020790396641560E-015
           6          36   6.5174656156408804E-003
           6          37   1.2518672946966773E-003
           6          38   2.4065483211064250E-003
           6          39   1.4969915901641420E-003
           6          40   1.4384681576384618E-003
           6          41   2.3256220582207476E-004
           6          42   8.0852424568924697E-004
           6          43   2.4626959361684336E-003
           6          44   7.2005769651021124E-004
           6          45   1.7341904680242847E-003
           6          46   1.2965629487719746E-002
           6          47   2.2867574305433344E-003
           6          48   5.0464655068995067E-003
           6          49   3.1863045710745258E-003
           6          50   2.6276169633075307E-003
           6          51   3.4413551023254244E-004
           6          52   1.6954532558574838E-003
           6          53   5.1295503205236416E-003
           6          54   1.4998086303803662E-003
           6          55   3.6820546011251737E-003
           7           1   2.1226022157695291E-014
           7           2   4.9634303021247584E-015
           7           3   1.8324108155660615E-014
           7           4   6.8970257862847096E-015
           7           5   8.9853583581847830E-015
           7           6   5.8197771393091374E-002
           7           7   1.7016210190979129E-002
           7           8   1.9552612883473128E-002
           7           9   4.1220194898165093E-002
           7          10   1.2052205482080471E-002
           7          11   1.3848683434749954E-002
           7          12   3.4261265260522256E-002
           7          13   1.0017510910093928E-002
           7          14   1.1510701354700954E-002
           7          15   2.3264801611363501E-003
           7          16   6.8022974554643955E-004
           7          17   7.8162346023092732E-004
           7          18  -6.4497556631318385E-017
           7          19   1.7996999464227625E-016
           7          20   1.2836359028408091E-016
           7          21   1.2042325156543915E-016
           7          22   1.3893470035040936E-016
           7          23  -4.4437133229800242E-016
           7          24   6.9575663969440328E-016
           7          25  -1.8438334291747452E-016
           7          26   1.8383220512552756E-016
           7          27  -1.7149070373024564E-016
           7          28   1.5253916798003322E-017
           7          29   1.8513984021714575E-015
           7          30  -1.2811463109398004E-015
           7          31   9.4936272708682050E-016
           7          32  -1.1385690031430344E-016
           7          33   1.4040714126013500E-015
           7          34   7.7606260877591295E-016
           7          35  -2.8882488668922960E-015
           7          36   1.9056153212318641E-003
           7          37   3.6602839778672046E-004
           7          38   7.0364089700445211E-004
           7          39   4.3769929573944172E-004
           7          40   4.2058786681155026E-004
           7          41   6.7997919542602035E-005
           7          42   2.3640112292657798E-004
           7          43   7.2005767030602810E-004
           7          44   2.1053474763991595E-004
           7          45   5.0705291300203869E-004
           7          46   3.7909677869140297E-003
           7          47   6.6861572466549721E-004
           7          48   1.4755155692632214E-003
           7          49   9.3163066241258184E-004
           7          50   7.6827826012476792E-004
           7          51   1.0062038521619298E-004
           7          52   4.9572669674556732E-004
           7          53   1.4998084007319266E-003
           7          54   4.3852295869574183E-004
           7          55   1.0765810017743301E-003
           8           1  -4.8993519090044274E-014
           8           2   4.1670739475301958E-016
           8           3   1.3421127228743941E-014
           8           4   3.3004363784906140E-015
           8           5   1.0326486543925571E-014
           8           6   6.6872616285219108E-002
           8           7   1.9552612883473128E-002
           8           8   2.2467086753173281E-002
           8           9   4.7364395760250089E-002
           8          10   1.3848683434112684E-002
           8          11   1.5912940843254359E-002
           8          12   3.9368181811253899E-002
           8          13   1.1510701306738189E-002
           8          14   1.3226463770707988E-002
           8          15   2.6732607003111882E-003
           8          16   7.8162344830130781E-004
           8          17   8.9813070989438050E-004
           8          18  -2.6500712439656900E-016
           8          19   2.5285902999483524E-016
           8          20  -1.6817005178103562E-016
           8          21   1.9130243628349191E-016
           8          22   1.7511976625814616E-016
           8          23  -8.2253939645062494E-016
           8          24  -1.0799539648755030E-016
           8          25  -2.4691166252419071E-016
           8          26  -6.0130080998734922E-016
           8          27  -2.3732093643719177E-016
           8          28   5.7537903944226176E-018
           8          29   1.3119869462486126E-015
           8          30  -1.6871743700607669E-015
           8          31   1.0766691583066307E-015
           8          32  -3.0741734154568850E-016
           8          33   1.5970386464618587E-015
           8          34   8.8696897706742948E-016
           8          35  -3.4965068010045480E-015
           8          36   2.1896625783698062E-003
           8          37   4.2058786803631090E-004
           8          38   8.0852421977024196E-004
           8          39   5.0294188852339735E-004
           8          40   4.8327986378609753E-004
           8          41   7.8133555167465119E-005
           8          42   2.7163860753507503E-004
           8          43   8.2738804488516793E-004
           8          44   2.4191664142144198E-004
           8          45   5.8263321903616945E-004
           8          46   4.3560419599507627E-003
           8          47   7.6827826439978175E-004
           8          48   1.6954530066063543E-003
           8          49   1.0704976894434269E-003
           8          50   8.8279630061054658E-004
           8          51   1.1561866116117590E-004
           8          52   5.6961873934816660E-004
           8          53   1.7233668795674944E-003
           8          54   5.0388832505363795E-004
           8          55   1.2370540401854275E-003
           9           1   1.0092648317921423E-014
           9           2  -1.6830281843472803E-015
           9           3   1.3150975758688759E-016
           9           4  -1.0566681525559024E-014
           9           5   2.0354627506780714E-014
           9           6  0.14097871691393624     
           9           7   4.1220194898165093E-002
           9           8   4.7364395760250089E-002
           9           9   9.9852108570183784E-002
           9          10   2.9195352745904509E-002
           9          11   3.3547154381414972E-002
           9          12   8.2994745342599568E-002
           9          13   2.4266493389196130E-002
           9          14   2.7883609095689283E-002
           9          15   5.6356829512833398E-003
           9          16   1.6477936257403556E-003
           9          17   1.8934105189166758E-003
           9          18  -1.6689454086631573E-015
           9          19  -2.5596471128387927E-017
           9          20   4.8468132935358398E-017
           9          21  -2.3864174133222830E-016
           9          22   1.8148783390082174E-016
           9          23  -1.3763675281619432E-015
           9          24  -1.8690303073531503E-015
           9          25  -1.3768826181968623E-015
           9          26  -5.8939200683488931E-016
           9          27  -1.4843097925407235E-015
           9          28  -2.7557704370235968E-016
           9          29   3.3746789685107012E-015
           9          30  -3.4680113035579969E-015
           9          31   2.0266467139416193E-015
           9          32   9.9379606884624457E-017
           9          33   3.0874291853164262E-015
           9          34   1.7881880386424283E-015
           9          35  -6.6434799455189218E-015
           9          36   4.6161768137860017E-003
           9          37   8.8666992977262671E-004
           9          38   1.7045049742168410E-003
           9          39   1.0602860492834119E-003
           9          40   1.0188351958044328E-003
           9          41   1.6471866912537970E-004
           9          42   5.7265984915633682E-004
           9          43   1.7442730887085567E-003
           9          44   5.1000094810500123E-004
           9          45   1.2282887707103325E-003
           9          46   9.1832687346623740E-003
           9          47   1.6196597346511640E-003
           9          48   3.5742999562000180E-003
           9          49   2.2567890879786781E-003
           9          50   1.8610830063179816E-003
           9          51   2.4374357408553309E-004
           9          52   1.2008520596970883E-003
           9          53   3.6331470929319779E-003
           9          54   1.0622812965921861E-003
           9          55   2.6079178747054621E-003
          10           1   1.0462811170430433E-014
          10           2  -1.5966982553976656E-016
          10           3  -2.7827460479536203E-016
          10           4  -4.2630332206578062E-015
          10           5   6.0402728700320302E-015
          10           6   4.1220194835188621E-002
          10           7   1.2052205482080471E-002
          10           8   1.3848683434112684E-002
          10           9   2.9195352745904509E-002
          10          10   8.5363106915131749E-003
          10          11   9.8087163086627589E-003
          10          12   2.4266496732320834E-002
          10          13   7.0951815094197459E-003
          10          14   8.1527752897212740E-003
          10          15   1.6477944640613056E-003
          10          16   4.8179169017876751E-004
          10          17   5.5360661666673016E-004
          10          18   3.8472781752517121E-017
          10          19   2.6123023897887109E-016
          10          20  -1.8724922436499909E-016
          10          21   2.3899281792787475E-016
          10          22   1.4334400645168355E-016
          10          23  -5.8205490937337087E-016
          10          24   4.0438223361574279E-016
          10          25   1.1712083692055091E-016
          10          26  -6.2919239194698024E-016
          10          27   1.6317638849994015E-016
          10          28   9.4028593325319841E-017
          10          29   5.7200083334307446E-016
          10          30  -9.8388578491035865E-016
          10          31   7.0040010914254851E-016
          10          32  -2.3293047737385817E-016
          10          33   1.0266319760536921E-015
          10          34   5.5907090210207032E-016
          10          35  -2.1957008204164511E-015
          10          36   1.3497052024817329E-003
          10          37   2.5924982195747108E-004
          10          38   4.9837329118024407E-004
          10          39   3.1001273446952635E-004
          10          40   2.9789308766119691E-004
          10          41   4.8161423106766347E-005
          10          42   1.6743768898765227E-004
          10          43   5.1000092876597497E-004
          10          44   1.4911710722869361E-004
          10          45   3.5913436829945533E-004
          10          46   2.6850586723509862E-003
          10          47   4.7356573595280858E-004
          10          48   1.0450750568535391E-003
          10          49   6.5985340159676871E-004
          10          50   5.4415450646864494E-004
          10          51   7.1267194322419816E-005
          10          52   3.5111225972619384E-004
          10          53   1.0622811323143136E-003
          10          54   3.1059611673184522E-004
          10          55   7.6251852238913044E-004
          11           1   1.0432858279839704E-014
          11           2  -4.5411978759187312E-016
          11           3  -7.7916667519856044E-016
          11           4  -4.5248233362781955E-015
          11           5   6.8428107378409985E-015
          11           6   4.7364395690066022E-002
          11           7   1.3848683434749954E-002
          11           8   1.5912940843254359E-002
          11           9   3.3547154381414972E-002
          11          10   9.8087163086627589E-003
          11          11   1.1270784194802088E-002
          11          12   2.7883612822231306E-002
          11          13   8.1527752561254708E-003
          11          14   9.3680118771516229E-003
          11          15   1.8934114533848201E-003
          11          16   5.5360660824271954E-004
          11          17   6.3612612587792287E-004
          11          18  -3.4564274054139241E-016
          11          19   9.6019015134424743E-017
          11          20  -5.2027740341750036E-017
          11          21   4.0036778897500695E-017
          11          22   9.6122732553393629E-017
          11          23  -5.2224158152227583E-016
          11          24  -2.0634071914799897E-016
          11          25  -2.3749422656958354E-016
          11          26  -3.8613974322378106E-016
          11          27  -2.4003417151719519E-016
          11          28  -1.6960423306636909E-017
          11          29   9.6392101393271528E-016
          11          30  -1.1468028014058877E-015
          11          31   7.2519506377329707E-016
          11          32  -6.8283746061356044E-017
          11          33   1.0881885993137069E-015
          11          34   6.1566004045493670E-016
          11          35  -2.3300777879383055E-015
          11          36   1.5508895950368435E-003
          11          37   2.9789308854237583E-004
          11          38   5.7265982994991716E-004
          11          39   3.5622262056459353E-004
          11          40   3.4229644313266350E-004
          11          41   5.5340269742689857E-005
          11          42   1.9239562031063558E-004
          11          43   5.8602066023597616E-004
          11          44   1.7134420880777790E-004
          11          45   4.1266622814495162E-004
          11          46   3.0852882165347843E-003
          11          47   5.4415450952158284E-004
          11          48   1.2008518813786135E-003
          11          49   7.5820984679055990E-004
          11          50   6.2526510279643972E-004
          11          51   8.1890141594535037E-005
          11          52   4.0344835990702019E-004
          11          53   1.2206226604750178E-003
          11          54   3.5689296063507397E-004
          11          55   8.7617802778097839E-004
          12           1  -3.6543342737815167E-014
          12           2   5.3387140586359786E-015
          12           3   3.3570541385045892E-014
          12           4   1.4022391376971306E-014
          12           5   1.7987409004194349E-014
          12           6  0.11717822364036071     
          12           7   3.4261265260522256E-002
          12           8   3.9368181811253899E-002
          12           9   8.2994745342599568E-002
          12          10   2.4266496732320834E-002
          12          11   2.7883612822231306E-002
          12          12   6.8983297930473295E-002
          12          13   2.0169743714311451E-002
          12          14   2.3176205983699700E-002
          12          15   4.6842483155439072E-003
          12          16   1.3696076557998312E-003
          12          17   1.5737586926973753E-003
          12          18  -1.3676370873063895E-015
          12          19  -1.7886810394195913E-016
          12          20   4.8671083700389624E-016
          12          21  -3.7943685548525781E-016
          12          22   9.7902215901613922E-017
          12          23  -7.1036219445704673E-016
          12          24  -1.2040077040862408E-015
          12          25  -1.4593282722547425E-015
          12          26   7.1255908042357714E-016
          12          27  -1.5955569412054260E-015
          12          28  -3.3484817428341521E-016
          12          29   3.9818603497159425E-015
          12          30  -2.8129930663810326E-015
          12          31   1.6814528225478178E-015
          12          32   1.6039703643570056E-016
          12          33   2.5626960582093776E-015
          12          34   1.4852759432988797E-015
          12          35  -5.4443579561481677E-015
          12          36   3.8368585761741490E-003
          12          37   7.3697937958611863E-004
          12          38   1.4167448068549144E-003
          12          39   8.8128505156940000E-004
          12          40   8.4683206827257526E-004
          12          41   1.3691031860007166E-004
          12          42   4.7598151936126092E-004
          12          43   1.4497991367259297E-003
          12          44   4.2390090122841970E-004
          12          45   1.0209249978995320E-003
          12          46   7.6329189334069323E-003
          12          47   1.3462234212565747E-003
          12          48   2.9708748156718002E-003
          12          49   1.8757904898632947E-003
          12          50   1.5468888176981663E-003
          12          51   2.0259397773162758E-004
          12          52   9.9812024318589277E-004
          12          53   3.0197871841449934E-003
          12          54   8.8294345462826827E-004
          12          55   2.1676405534637269E-003
          13           1  -4.9142514297743136E-014
          13           2  -1.4141738251203347E-014
          13           3  -4.3116588725907198E-014
          13           4  -3.1235643964698036E-014
          13           5   3.8853115606811709E-015
          13           6   3.4261260488102782E-002
          13           7   1.0017510910093928E-002
          13           8   1.1510701306738189E-002
          13           9   2.4266493389196130E-002
          13          10   7.0951815094197459E-003
          13          11   8.1527752561254708E-003
          13          12   2.0169743714311451E-002
          13          13   5.8973486873740008E-003
          13          14   6.7763958666118710E-003
          13          15   1.3696081639057048E-003
          13          16   4.0045396835743823E-004
          13          17   4.6014485320589125E-004
          13          18  -7.1057014246660890E-016
          13          19   1.6141513456737976E-016
          13          20  -7.4727368157867193E-016
          13          21   1.3462739358640386E-016
          13          22   1.0042626213748295E-016
          13          23  -1.0799459962973017E-015
          13          24  -1.9142585075154293E-015
          13          25  -4.8315740418383960E-017
          13          26  -2.3787801331692443E-015
          13          27  -3.1747808955023838E-017
          13          28   2.9215920037054034E-017
          13          29  -1.3921916926479899E-015
          13          30  -1.1917167902567476E-015
          13          31   4.7575507181518676E-016
          13          32  -2.7933028724212191E-016
          13          33   7.3105141972090353E-016
          13          34   4.2893925027448648E-016
          13          35  -1.9193695347522771E-015
          13          36   1.1218433515238514E-003
          13          37   2.1548237986484858E-004
          13          38   4.1423620673580703E-004
          13          39   2.5767532377654465E-004
          13          40   2.4760175721568248E-004
          13          41   4.0030646850073370E-005
          13          42   1.3917028536300567E-004
          13          43   4.2390082675467932E-004
          13          44   1.2394264690940410E-004
          13          45   2.9850407528966686E-004
          13          46   2.2317578790463180E-003
          13          47   3.9361674787302182E-004
          13          48   8.6864190952129158E-004
          13          49   5.4845469232882478E-004
          13          50   4.5228848059645382E-004
          13          51   5.9235622701429948E-005
          13          52   2.9183628653730204E-004
          13          53   8.8294319644379555E-004
          13          54   2.5816021744901182E-004
          13          55   6.3378753611021560E-004
          14           1   2.6913605512993397E-014
          14           2   4.0150747982204583E-015
          14           3   1.2542095006955640E-014
          14           4   4.5929929408242090E-015
          14           5   6.0590149905319199E-015
          14           6   3.9368176491506236E-002
          14           7   1.1510701354700954E-002
          14           8   1.3226463770707988E-002
          14           9   2.7883609095689283E-002
          14          10   8.1527752897212740E-003
          14          11   9.3680118771516229E-003
          14          12   2.3176205983699700E-002
          14          13   6.7763958666118710E-003
          14          14   7.7864720869136395E-003
          14          15   1.5737592590783676E-003
          14          16   4.6014484810020709E-004
          14          17   5.2873313867007931E-004
          14          18   4.8771549372792373E-017
          14          19   1.6394132236217135E-016
          14          20   6.4926590334786824E-017
          14          21   1.2995083260293604E-016
          14          22   1.0816085002915478E-016
          14          23  -3.1907989521535397E-016
          14          24   6.5964982435762959E-016
          14          25  -6.6431413891671413E-017
          14          26   1.5544988703482806E-016
          14          27  -4.9020691526040049E-017
          14          28   2.9904079845015624E-017
          14          29   1.2882120014316123E-015
          14          30  -8.3517035528916619E-016
          14          31   6.5552907130345755E-016
          14          32  -8.1652864796303709E-017
          14          33   9.6510568317946365E-016
          14          34   5.2944921172950930E-016
          14          35  -1.9573232647853669E-015
          14          36   1.2890631117891919E-003
          14          37   2.4760175896841043E-004
          14          38   4.7598143978415998E-004
          14          39   2.9608389999146698E-004
          14          40   2.8450878744110797E-004
          14          41   4.5997536220539502E-005
          14          42   1.5991473397327673E-004
          14          43   4.8708664902648871E-004
          14          44   1.4241729372590451E-004
          14          45   3.4299850478408981E-004
          14          46   2.5644193125677478E-003
          14          47   4.5228848499776619E-004
          14          48   9.9811996157666313E-004
          14          49   6.3020626846737378E-004
          14          50   5.1970571063430192E-004
          14          51   6.8065167943950975E-005
          14          52   3.3533682857394778E-004
          14          53   1.0145529701583618E-003
          14          54   2.9664107095964928E-004
          14          55   7.2825865786135043E-004
          15           1   1.0986747984522165E-014
          15           2  -7.6852937802685722E-016
          15           3  -4.4435054798379423E-015
          15           4  -3.9581110884075168E-015
          15           5   1.0326893962547658E-015
          15           6   7.9568810592239685E-003
          15           7   2.3264801611363501E-003
          15           8   2.6732607003111882E-003
          15           9   5.6356829512833398E-003
          15          10   1.6477944640613056E-003
          15          11   1.8934114533848201E-003
          15          12   4.6842483155439072E-003
          15          13   1.3696081639057048E-003
          15          14   1.5737592590783676E-003
