           1           1   2.3731035792321329     
           1           2 -0.58687792593069932     
           1           3 -0.52556535106089763     
           1           4  -8.7448549659607272E-002
           1           5 -0.11247255591360708     
           1           6  -3.7695198338947997E-014
           1           7  -6.5591467307827097E-013
           1           8   8.8636326329325908E-016
           1           9  -8.4519393923154596E-014
           1          10   2.3270646082580108E-013
           1          11   1.8086080660237829E-014
           1          12   1.0840001926269997E-014
           1          13  -2.9862845576653225E-013
           1          14  -1.4251958368590907E-015
           1          15   1.2841378501023421E-015
           1          16   2.1943210383517851E-014
           1          17  -6.6601441288980708E-016
           1          18  0.17550800990748269     
           1          19   2.9649254761818338E-015
           1          20  0.17550800990748100     
           1          21  -1.5450408117096679E-015
           1          22   1.7700248462141230E-015
           1          23  0.17550800990747845     
           1          24  0.12841978685947095     
           1          25  -4.4524206154951283E-015
           1          26  0.12841978685947220     
           1          27  -1.5374020647065383E-015
           1          28  -1.7610663021052307E-016
           1          29  0.12841978685947317     
           1          30   6.6759913323481121E-002
           1          31   2.9945062025575424E-015
           1          32   6.6759913323479608E-002
           1          33   3.0487374510212980E-015
           1          34  -6.8270804290570048E-016
           1          35   6.6759913323479830E-002
           1          36   4.3905211516832083E-014
           1          37   1.2143696006482708E-013
           1          38   1.6803038573095732E-014
           1          39   2.7121266202322598E-013
           1          40  -1.4282938428940339E-015
           1          41   5.1929669723627530E-016
           1          42  -3.2302383175775909E-015
           1          43   1.4788717115701636E-014
           1          44   1.1874771907022047E-013
           1          45  -6.3681278408291015E-015
           1          46   2.0728364549619914E-014
           1          47   9.1465128546130229E-014
           1          48   1.1570857357080282E-014
           1          49   2.0974135185770427E-013
           1          50  -2.6677907295550381E-015
           1          51  -5.8401793298127275E-016
           1          52  -1.6061344775994281E-015
           1          53   9.6778527240051994E-015
           1          54   9.6454380288921381E-014
           1          55  -4.8513583242647251E-015
           2           1 -0.58687792593069932     
           2           2   1.0425517227773164     
           2           3   1.7944137097419453     
           2           4 -0.31424410887647775     
           2           5   1.4336351580083796E-002
           2           6  -4.7046484526918340E-013
           2           7  -9.0179418844195741E-013
           2           8   9.8029271188519580E-015
           2           9   5.7190554318365592E-013
           2          10   7.7934892218090142E-013
           2          11  -7.9136553206635046E-014
           2          12  -2.8979516880460864E-013
           2          13  -5.6374254059940933E-013
           2          14   1.2920253910119639E-014
           2          15   3.4384191388176211E-015
           2          16   3.9263067274068200E-014
           2          17   2.0627095703923495E-015
           2          18 -0.26384606037718339     
           2          19   5.1897714754400081E-015
           2          20 -0.26384606037718017     
           2          21  -1.7248702949307454E-015
           2          22   2.0602528234075776E-015
           2          23 -0.26384606037717578     
           2          24 -0.25195712749508453     
           2          25  -1.7440830255516078E-015
           2          26 -0.25195712749507865     
           2          27   5.6165348645522407E-015
           2          28   3.5306008931181037E-015
           2          29 -0.25195712749508509     
           2          30  -2.6114966306589361E-002
           2          31  -2.5706199516684944E-015
           2          32  -2.6114966306594094E-002
           2          33  -5.4748321809192977E-015
           2          34  -2.9692130813323737E-015
           2          35  -2.6114966306586957E-002
           2          36   8.0733418505911522E-014
           2          37   1.1399524652608107E-013
           2          38   3.9923085135391145E-014
           2          39   2.4150926182752980E-013
           2          40   6.2662506517536184E-015
           2          41  -8.3330998209526005E-016
           2          42   8.0392387065356032E-015
           2          43   4.4589092993420826E-014
           2          44   1.1111920704567672E-013
           2          45   1.9323086304140188E-014
           2          46   8.8903793108068514E-014
           2          47   1.1327066006685768E-013
           2          48   3.8094171504653543E-014
           2          49   2.5469586312215135E-013
           2          50   5.7244969605193533E-015
           2          51   1.2933113446123509E-015
           2          52   7.2004549503402787E-015
           2          53   4.4305452543636918E-014
           2          54   1.0775464649747533E-013
           2          55   1.4745663596246945E-014
           3           1 -0.52556535106089763     
           3           2   1.7944137097419453     
           3           3   3.2034399096894703     
           3           4 -0.60357371786988090     
           3           5  -8.9733377408548264E-005
           3           6  -8.7391043858095745E-013
           3           7  -1.9455345190503858E-012
           3           8   8.3135405480730271E-014
           3           9   1.0284433749650114E-012
           3          10   1.6893476907404909E-012
           3          11  -2.4655521915283694E-013
           3          12  -5.2941004369217166E-013
           3          13  -1.2013585074233666E-012
           3          14   7.0477138404873523E-014
           3          15   6.5489934704164232E-015
           3          16   8.0077427090593405E-014
           3          17   2.5365500209159702E-015
           3          18 -0.44772468040542052     
           3          19   1.0328801502427117E-014
           3          20 -0.44772468040541485     
           3          21  -3.5656226290441625E-015
           3          22   4.2410264612207852E-015
           3          23 -0.44772468040540730     
           3          24 -0.43684393853724190     
           3          25  -4.2909116012013569E-015
           3          26 -0.43684393853723064     
           3          27   1.0052331699634630E-014
           3          28   6.5064498708602030E-015
           3          29 -0.43684393853724246     
           3          30  -3.2599549177131967E-002
           3          31  -4.0574200640634702E-015
           3          32  -3.2599549177141113E-002
           3          33  -9.4310134892505249E-015
           3          34  -5.6689590616958023E-015
           3          35  -3.2599549177127832E-002
           3          36   1.5949968859802362E-013
           3          37   2.4473204256650445E-013
           3          38   7.7739931896860733E-014
           3          39   5.2232157861793739E-013
           3          40   8.8020194809957352E-015
           3          41  -1.4223628020879850E-015
           3          42   1.1662953219265586E-014
           3          43   8.5916186907035052E-014
           3          44   2.3875992652090266E-013
           3          45   2.8779867612049778E-014
           3          46   1.6878428809475471E-013
           3          47   2.3884160307624343E-013
           3          48   7.2940671397395183E-014
           3          49   5.3792842383605713E-013
           3          50   6.0895554971151297E-015
           3          51   2.2601772997533197E-015
           3          52   9.0788562823827560E-015
           3          53   8.4011729992123095E-014
           3          54   2.2979451661474801E-013
           3          55   1.7488867630780834E-014
           4           1  -8.7448549659607272E-002
           4           2 -0.31424410887647775     
           4           3 -0.60357371786988090     
           4           4  0.12892690231590095     
           4           5   9.1891457231944185E-003
           4           6   1.8202370206721950E-013
           4           7   4.0591467956447340E-013
           4           8   5.3032408121239563E-015
           4           9  -2.0482226937481760E-013
           4          10  -2.9531439782181393E-013
           4          11   1.2671158930896628E-014
           4          12   1.0782968684991589E-013
           4          13   2.3771136189944025E-013
           4          14   1.9245540372850312E-015
           4          15  -1.4717032702134757E-015
           4          16  -1.7246535845985322E-014
           4          17  -8.4457507269619475E-016
           4          18   7.6036279855251729E-002
           4          19  -2.3260298743681071E-015
           4          20   7.6036279855250744E-002
           4          21   8.4549698685847483E-016
           4          22  -1.0001333044553560E-015
           4          23   7.6036279855249411E-002
           4          24   7.7680218168029863E-002
           4          25   1.2289228969886485E-015
           4          26   7.7680218168027490E-002
           4          27  -1.9031196591921419E-015
           4          28  -1.2985895376186758E-015
           4          29   7.7680218168029794E-002
           4          30   1.1347083402049119E-003
           4          31   5.7458204376163154E-016
           4          32   1.1347083402068799E-003
           4          33   1.6545079985258204E-015
           4          34   1.1996185677626163E-015
           4          35   1.1347083402041816E-003
           4          36  -3.5988767865530632E-014
           4          37  -5.7747795587407305E-014
           4          38  -1.7157133020819079E-014
           4          39  -1.2407337002797721E-013
           4          40  -2.5086470541348736E-015
           4          41   2.4467781369441732E-016
           4          42  -2.9390295289631173E-015
           4          43  -1.8642787358236713E-014
           4          44  -5.6323389214338817E-014
           4          45  -7.1865607982036450E-015
           4          46  -3.6099515324423740E-014
           4          47  -5.3238320769856837E-014
           4          48  -1.5818859470349693E-014
           4          49  -1.2024946535654971E-013
           4          50  -2.3438956657610666E-015
           4          51  -4.0846466401911209E-016
           4          52  -3.0336802456331429E-015
           4          53  -1.7898554117063859E-014
           4          54  -5.1819516145787540E-014
           4          55  -6.1133264939934578E-015
           5           1 -0.11247255591360708     
           5           2   1.4336351580083796E-002
           5           3  -8.9733377408548264E-005
           5           4   9.1891457231944185E-003
           5           5   5.5330429709824665E-003
           5           6   1.0247567663890119E-014
           5           7   2.7696887040206577E-014
           5           8   1.0491442801512595E-014
           5           9  -6.2871462055498056E-015
           5          10   7.5381022158293314E-015
           5          11  -1.6909462556262358E-014
           5          12   4.7066457786899024E-015
           5          13   9.7120255402239499E-015
           5          14   7.6102849756380593E-015
           5          15  -1.3919975903832789E-016
           5          16  -1.3727626300661024E-015
           5          17  -1.8360886861328971E-016
           5          18  -5.0072582417769046E-003
           5          19  -2.2948136973245593E-016
           5          20  -5.0072582417768664E-003
           5          21   1.0487194815586879E-016
           5          22  -1.2140788631513991E-016
           5          23  -5.0072582417768022E-003
           5          24  -2.7791877066830183E-003
           5          25   2.5375392428165327E-016
           5          26  -2.7791877066831697E-003
           5          27  -5.7813923133392948E-018
           5          28  -4.4026591067222144E-017
           5          29  -2.7791877066831233E-003
           5          30  -3.0198065142169272E-003
           5          31  -1.1443739125571255E-016
           5          32  -3.0198065142167788E-003
           5          33  -7.3589798779876027E-017
           5          34   7.9488126844756160E-017
           5          35  -3.0198065142168968E-003
           5          36  -3.5640564656349293E-015
           5          37  -7.1763017452945101E-015
           5          38  -1.5064990852945481E-015
           5          39  -1.5828765632305989E-014
           5          40  -4.3056730366312985E-016
           5          41  -1.4025008494117353E-017
           5          42  -3.6510071633168258E-016
           5          43  -1.4736293098620408E-015
           5          44  -6.9956610338760519E-015
           5          45  -8.8031143620699469E-016
           5          46  -2.5634940878313672E-015
           5          47  -5.2106371437585368E-015
           5          48  -1.2390193377987697E-015
           5          49  -1.1939334293404679E-014
           5          50  -5.9236149234467393E-016
           5          51   1.0423940443471380E-017
           5          52  -6.6878962166235193E-016
           5          53  -1.2355589059526757E-015
           5          54  -5.3827862640575336E-015
           5          55  -1.4107132786697143E-015
           6           1  -3.7695198338947997E-014
           6           2  -4.7046484526918340E-013
           6           3  -8.7391043858095745E-013
           6           4   1.8202370206721950E-013
           6           5   1.0247567663890119E-014
           6           6   1.3318551663534284E-002
           6           7 -0.20557869679503063     
           6           8  0.11338808695436425     
           6           9  -2.1408554681414543E-002
           6          10  0.33045205536263683     
           6          11 -0.18226269050178343     
           6          12   9.6380171002106961E-003
           6          13 -0.14876775232056111     
           6          14   8.2053690869286100E-002
           6          15  -2.3269834333386973E-004
           6          16   3.5918186434568317E-003
           6          17  -1.9810877830135319E-003
           6          18   1.1379976985255766E-013
           6          19  -5.2821268459445297E-017
           6          20   1.1392587656057755E-013
           6          21  -2.0841892587562502E-017
           6          22  -1.8697211542229979E-018
           6          23   1.1396131425201388E-013
           6          24   1.1352357958884261E-013
           6          25  -2.6037419264788116E-017
           6          26   1.1335741149999267E-013
           6          27   1.7547790588661967E-017
           6          28  -5.8936476267800383E-017
           6          29   1.1359732514806692E-013
           6          30   2.7797538564933929E-015
           6          31   2.7289109926740912E-017
           6          32   2.9911638820190133E-015
           6          33  -7.0650625474761057E-019
           6          34   7.5615929582274894E-017
           6          35   2.7854387440131441E-015
           6          36  -1.1413299043149057E-003
           6          37   7.8785682812634837E-003
           6          38  -5.1041825016134076E-004
           6          39   1.7617014242279405E-002
           6          40  -4.3454686661521169E-003
           6          41  -9.7011684007349402E-018
           6          42  -4.3454686661520371E-003
           6          43  -5.1041825016163501E-004
           6          44   7.8785682812632131E-003
           6          45  -9.7167633316112868E-003
           6          46  -1.7915904778218223E-003
           6          47   1.2367298761016008E-002
           6          48  -8.0122361924910360E-004
           6          49   2.7654120727679973E-002
           6          50  -6.8212532191614444E-003
           6          51  -1.6742612765448095E-016
           6          52  -6.8212532191622927E-003
           6          53  -8.0122361924923804E-004
           6          54   1.2367298761015711E-002
           6          55  -1.5252785889785674E-002
           7           1  -6.5591467307827097E-013
           7           2  -9.0179418844195741E-013
           7           3  -1.9455345190503858E-012
           7           4   4.0591467956447340E-013
           7           5   2.7696887040206577E-014
           7           6 -0.20557869679503063     
           7           7   3.1732129471447426     
           7           8  -1.7502034558293780     
           7           9  0.33045205536278577     
           7          10  -5.1006974790427684     
           7          11   2.8133183948448623     
           7          12 -0.14876775232058134     
           7          13   2.2963067921959799     
           7          14  -1.2665409319479881     
           7          15   3.5918186434578904E-003
           7          16  -5.5441568610471864E-002
           7          17   3.0579109122170350E-002
           7          18   2.3242628360759765E-013
           7          19   8.1532345306880872E-016
           7          20   2.3047976169236805E-013
           7          21   3.2170533443962246E-016
           7          22   2.8860107888560897E-017
           7          23   2.2993276269372237E-013
           7          24   2.5894837516223523E-013
           7          25   4.0190096160419160E-016
           7          26   2.6151326510048841E-013
           7          27  -2.7085917542924957E-016
           7          28   9.0971483164809537E-016
           7          29   2.5781007451643218E-013
           7          30   1.2923934069566857E-014
           7          31  -4.2122145087191687E-016
           7          32   9.6607115635263326E-015
           7          33   1.0905287554536071E-017
           7          34  -1.1671707744792850E-015
           7          35   1.2836184906030636E-014
           7          36   1.7617014242222177E-002
           7          37 -0.12160975463326078     
           7          38   7.8785682812543348E-003
           7          39 -0.27192767808704993     
           7          40   6.7074544433920205E-002
           7          41   1.4974252513940277E-016
           7          42   6.7074544433918984E-002
           7          43   7.8785682812588763E-003
           7          44 -0.12160975463325660     
           7          45  0.14998324091407286     
           7          46   2.7654120727663184E-002
           7          47 -0.19089561886264356     
           7          48   1.2367298760991479E-002
           7          49 -0.42685558038375054     
           7          50  0.10528955270290959     
           7          51   2.5843084144610813E-015
           7          52  0.10528955270292269     
           7          53   1.2367298760993553E-002
           7          54 -0.19089561886263895     
           7          55  0.23543459716427440     
           8           1   8.8636326329325908E-016
           8           2   9.8029271188519580E-015
           8           3   8.3135405480730271E-014
           8           4   5.3032408121239563E-015
           8           5   1.0491442801512595E-014
           8           6  0.11338808695436425     
           8           7  -1.7502034558293780     
           8           8  0.96533456399557949     
           8           9 -0.18226269050183838     
           8          10   2.8133183948444427     
           8          11  -1.5517015904767262     
           8          12   8.2053690869292234E-002
           8          13  -1.2665409319479106     
           8          14  0.69856777750743804     
           8          15  -1.9810877830146586E-003
           8          16   3.0579109122178726E-002
           8          17  -1.6866079696908842E-002
           8          18  -1.3191466652674293E-014
           8          19  -4.4969623815422826E-016
           8          20  -1.2117851537765916E-014
           8          21  -1.7743838735958843E-016
           8          22  -1.5917954896020152E-017
           8          23  -1.1816151162245949E-014
           8          24  -2.0815713677507454E-014
           8          25  -2.2167073676091661E-016
           8          26  -2.2230393154913850E-014
           8          27   1.4939390225795845E-016
           8          28  -5.0175833412296337E-016
           8          29  -2.0187877551397804E-014
           8          30  -1.1106870351449839E-014
           8          31   2.3232706133105083E-016
           8          32  -9.3070216169479508E-015
           8          33  -6.0148727093082057E-018
           8          34   6.4375960802804801E-016
           8          35  -1.1058471806561194E-014
           8          36  -9.7167633315868342E-003
           8          37   6.7074544433965849E-002
           8          38  -4.3454686661500274E-003
           8          39  0.14998324091418266     
           8          40  -3.6995342393286133E-002
           8          41  -8.2591332301928461E-017
           8          42  -3.6995342393285460E-002
           8          43  -4.3454686661525323E-003
           8          44   6.7074544433963545E-002
           8          45  -8.2724100442265983E-002
           8          46  -1.5252785889780759E-002
           8          47  0.10528955270295218     
           8          48  -6.8212532191506735E-003
           8          49  0.23543459716434142     
           8          50  -5.8073045229812041E-002
           8          51  -1.4253898472179880E-015
           8          52  -5.8073045229819265E-002
           8          53  -6.8212532191518184E-003
           8          54  0.10528955270294964     
           8          55 -0.12985527679429165     
           9           1  -8.4519393923154596E-014
           9           2   5.7190554318365592E-013
           9           3   1.0284433749650114E-012
           9           4  -2.0482226937481760E-013
           9           5  -6.2871462055498056E-015
           9           6  -2.1408554681414543E-002
           9           7  0.33045205536278577     
           9           8 -0.18226269050183838     
           9           9   3.4412616711319836E-002
           9          10 -0.53117644287002808     
           9          11  0.29297335585464956     
           9          12  -1.5492376447749173E-002
           9          13  0.23913280068628004     
           9          14 -0.13189504175567707     
           9          15   3.7404481608743816E-004
           9          16  -5.7735741675806456E-003
           9          17   3.1844473185061598E-003
           9          18  -1.3956194003364389E-013
           9          19   8.4906155166263527E-017
           9          20  -1.3976464693620728E-013
           9          21   3.3501750671194217E-017
           9          22   3.0054339669057475E-018
           9          23  -1.3982161031886889E-013
           9          24  -1.3629844793427318E-013
           9          25   4.1853163030651695E-017
           9          26  -1.3603134542145499E-013
           9          27  -2.8206733274145823E-017
           9          28   9.4735884709780650E-017
           9          29  -1.3641698828888914E-013
           9          30  -6.1935312863105307E-015
           9          31  -4.3865160178775098E-017
           9          32  -6.5333567572766067E-015
           9          33   1.1356548506609880E-018
           9          34  -1.2154683212812123E-016
           9          35  -6.2026693088526700E-015
           9          36   1.8346006595416312E-003
           9          37  -1.2664196837745991E-002
           9          38   8.2045835726189296E-004
           9          39  -2.8318005009638832E-002
           9          40   6.9850090239469845E-003
           9          41   1.5593887340713475E-017
           9          42   6.9850090239468570E-003
           9          43   8.2045835726236600E-004
           9          44  -1.2664196837745556E-002
           9          45   1.5618955000994618E-002
           9          46   2.8798448720340738E-003
           9          47  -1.9879488286366851E-002
           9          48   1.2879057797027364E-003
           9          49  -4.4451887166225876E-002
           9          50   1.0964643620974669E-002
           9          51   2.6912471412330763E-016
           9          52   1.0964643620976032E-002
           9          53   1.2879057797029526E-003
           9          54  -1.9879488286366372E-002
           9          55   2.4517688485561070E-002
          10           1   2.3270646082580108E-013
          10           2   7.7934892218090142E-013
          10           3   1.6893476907404909E-012
          10           4  -2.9531439782181393E-013
          10           5   7.5381022158293314E-015
          10           6  0.33045205536263683     
          10           7  -5.1006974790427684     
          10           8   2.8133183948444427     
          10           9 -0.53117644287002808     
          10          10   8.1989816649788523     
          10          11  -4.5221944708254975     
          10          12  0.23913280068620479     
          10          13  -3.6911378029646484     
          10          14   2.0358678242834314     
          10          15  -5.7735741675797453E-003
          10          16   8.9118087552260111E-002
          10          17  -4.9153582633391861E-002
          10          18  -2.1982745339682769E-013
          10          19  -1.3105701857910552E-015
          10          20  -2.1669856807104459E-013
          10          21  -5.1711675695735767E-016
          10          22  -4.6390419430943241E-017
          10          23  -2.1581930895421393E-013
          10          24  -2.4639390583887837E-013
          10          25  -6.4602510320344370E-016
          10          26  -2.5051677053784611E-013
          10          27   4.3538543939076996E-016
          10          28  -1.4622971183264162E-015
          10          29  -2.4456417448105615E-013
          10          30  -3.4540112865264112E-014
          10          31   6.7708131422970761E-016
          10          32  -2.9294731894185291E-014
          10          33  -1.7529416919995709E-017
          10          34   1.8761378849050087E-015
          10          35  -3.4399062786152641E-014
          10          36  -2.8318005009534072E-002
          10          37  0.19547839341920750     
          10          38  -1.2664196837725576E-002
          10          39  0.43710297581780971     
          10          40 -0.10781720779561448     
          10          41  -2.4069967355002234E-016
          10          42 -0.10781720779561252     
          10          43  -1.2664196837732877E-002
          10          44  0.19547839341920079     
          10          45 -0.24108660577520966     
          10          46  -4.4451887166178858E-002
          10          47  0.30685012891086660     
          10          48  -1.9879488286318459E-002
          10          49  0.68613774714925257     
          10          50 -0.16924491516540338     
          10          51  -4.1540784165066882E-015
          10          52 -0.16924491516542445     
          10          53  -1.9879488286321793E-002
          10          54  0.30685012891085922     
          10          55 -0.37844313515606215     
          11           1   1.8086080660237829E-014
          11           2  -7.9136553206635046E-014
          11           3  -2.4655521915283694E-013
          11           4   1.2671158930896628E-014
          11           5  -1.6909462556262358E-014
          11           6 -0.18226269050178343     
          11           7   2.8133183948448623     
          11           8  -1.5517015904767262     
          11           9  0.29297335585464956     
          11          10  -4.5221944708254975     
          11          11   2.4942418055788456     
          11          12 -0.13189504175564715     
          11          13   2.0358678242836104     
          11          14  -1.1228943537745812     
          11          15   3.1844473185070107E-003
          11          16  -4.9153582633412657E-002
          11          17   2.7110935075686893E-002
          11          18   3.7030530758925553E-014
          11          19   7.2285236020841633E-016
          11          20   3.5304776452078839E-014
          11          21   2.8521865697836969E-016
          11          22   2.5586896864972374E-017
          11          23   3.4819816138833340E-014
          11          24   4.8882873226360705E-014
          11          25   3.5631878068315084E-016
          11          26   5.1156862449350914E-014
          11          27  -2.4013928889280115E-016
          11          28   8.0653820357446456E-016
          11          29   4.7873674600538448E-014
          11          30   1.9029022859773810E-014
          11          31  -3.7344800862189717E-016
          11          32   1.6135903470798335E-014
          11          33   9.6684485337799241E-018
          11          34  -1.0347944069535854E-015
          11          35   1.8951225894989112E-014
          11          36   1.5618955000950601E-002
          11          37 -0.10781720779570393     
          11          38   6.9850090239415193E-003
          11          39 -0.24108660577542210     
          11          40   5.9467187618650337E-002
          11          41   1.3275925929979397E-016
          11          42   5.9467187618649255E-002
          11          43   6.9850090239455473E-003
          11          44 -0.10781720779570023     
          11          45  0.13297267394603346     
          11          46   2.4517688485545776E-002
          11          47 -0.16924491516549711     
          11          48   1.0964643620954050E-002
          11          49 -0.37844313515622635     
          11          50   9.3347985255958207E-002
          11          51   2.2912053245278613E-015
          11          52   9.3347985255969823E-002
          11          53   1.0964643620955889E-002
          11          54 -0.16924491516549303     
          11          55  0.20873244059499002     
          12           1   1.0840001926269997E-014
          12           2  -2.8979516880460864E-013
          12           3  -5.2941004369217166E-013
          12           4   1.0782968684991589E-013
          12           5   4.7066457786899024E-015
          12           6   9.6380171002106961E-003
          12           7 -0.14876775232058134     
          12           8   8.2053690869292234E-002
          12           9  -1.5492376447749173E-002
          12          10  0.23913280068620479     
          12          11 -0.13189504175564715     
          12          12   6.9745852229778889E-003
          12          13 -0.10765631106505687     
          12          14   5.9378444121582614E-002
          12          15  -1.6839298062589693E-004
          12          16   2.5992322874922951E-003
          12          17  -1.4336211933600063E-003
          12          18   7.0411311764726000E-014
          12          19  -3.8224298071006777E-017
          12          20   7.0502569330792842E-014
          12          21  -1.5082309415961384E-017
          12          22  -1.3530303376575076E-018
          12          23   7.0528213941760050E-014
          12          24   6.9471410590058457E-014
          12          25  -1.8842070704276541E-017
          12          26   6.9351162463813289E-014
          12          27   1.2698520833300625E-017
          12          28  -4.2649589868498835E-017
          12          29   6.9524776825278677E-014
          12          30   2.4408297772311226E-015
          12          31   1.9747861086321192E-017
          12          32   2.5938173912481804E-015
          12          33  -5.1126575473401196E-019
          12          34   5.4719735356415908E-017
          12          35   2.4449436662270053E-015
          12          36  -8.2592742909778504E-004
          12          37   5.7013538512523856E-003
          12          38  -3.6936597518961599E-004
          12          39   1.2748614775180973E-002
          12          40  -3.1446137966693825E-003
          12          41  -7.0202848853921714E-018
          12          42  -3.1446137966693252E-003
          12          43  -3.6936597518982898E-004
          12          44   5.7013538512521895E-003
          12          45  -7.0315702123363074E-003
          12          46  -1.2964907970510668E-003
          12          47   8.9496395669239216E-003
          12          48  -5.7980831088103144E-004
          12          49   2.0012002445763125E-002
          12          50  -4.9362240603945100E-003
          12          51  -1.2115851048377724E-016
          12          52  -4.9362240603951241E-003
          12          53  -5.7980831088112880E-004
          12          54   8.9496395669237064E-003
          12          55  -1.1037732551213176E-002
          13           1  -2.9862845576653225E-013
          13           2  -5.6374254059940933E-013
          13           3  -1.2013585074233666E-012
          13           4   2.3771136189944025E-013
          13           5   9.7120255402239499E-015
          13           6 -0.14876775232056111     
          13           7   2.2963067921959799     
          13           8  -1.2665409319479106     
          13           9  0.23913280068628004     
          13          10  -3.6911378029646484     
          13          11   2.0358678242836104     
          13          12 -0.10765631106505687     
          13          13   1.6617305462055614     
          13          14 -0.91653683287890919     
          13          15   2.5992322874927075E-003
          13          16  -4.0120487559708311E-002
          13          17   2.2128680660944897E-002
          13          18   1.4869746904000851E-013
          13          19   5.9001170558272542E-016
          13          20   1.4728886155934097E-013
          13          21   2.3280320509934497E-016
          13          22   2.0884719328158642E-017
          13          23   1.4689302379590202E-013
          13          24   1.6443344133599057E-013
          13          25   2.9083705483738051E-016
          13          26   1.6628953302745702E-013
          13          27  -1.9600820197848783E-016
          13          28   6.5831836112864816E-016
          13          29   1.6360970604054812E-013
          13          30   1.2887597796716899E-014
          13          31  -3.0481839535109515E-016
          13          32   1.0526155268312712E-014
          13          33   7.8916499768387857E-018
          13          34  -8.4462726634929528E-016
          13          35   1.2824097803620509E-014
          13          36   1.2748614775137822E-002
          13          37  -8.8003329815263570E-002
          13          38   5.7013538512449887E-003
          13          39 -0.19678142771326976     
          13          40   4.8538731731084299E-002
          13          41   1.0836170886904418E-016
          13          42   4.8538731731083411E-002
          13          43   5.7013538512482760E-003
          13          44  -8.8003329815260545E-002
          13          45  0.10853590369232848     
          13          46   2.0012002445748255E-002
          13          47 -0.13814229095125030     
          13          48   8.9496395669049524E-003
          13          49 -0.30889555313454142     
          13          50   7.6193157864340305E-002
          13          51   1.8701439405749137E-015
          13          52   7.6193157864349784E-002
          13          53   8.9496395669064546E-003
          13          54 -0.13814229095124697     
          13          55  0.17037308040505342     
          14           1  -1.4251958368590907E-015
          14           2   1.2920253910119639E-014
          14           3   7.0477138404873523E-014
          14           4   1.9245540372850312E-015
          14           5   7.6102849756380593E-015
          14           6   8.2053690869286100E-002
          14           7  -1.2665409319479881     
          14           8  0.69856777750743804     
          14           9 -0.13189504175567707     
          14          10   2.0358678242834314     
          14          11  -1.1228943537745812     
          14          12   5.9378444121582614E-002
          14          13 -0.91653683287890919     
          14          14  0.50552104728523539     
          14          15  -1.4336211933607143E-003
          14          16   2.2128680660952315E-002
          14          17  -1.2205198330790199E-002
          14          18  -1.1004538245460874E-014
          14          19  -3.2542427605675367E-016
          14          20  -1.0227612863637092E-014
          14          21  -1.2840391769383480E-016
          14          22  -1.1519084459317635E-017
          14          23  -1.0009286317938967E-014
          14          24  -1.6479400709687963E-014
          14          25  -1.6041281405752242E-016
          14          26  -1.7503138525856804E-014
          14          27   1.0810942668578746E-016
          14          28  -3.6309919626549078E-016
          14          29  -1.6025064872545694E-014
          14          30  -8.1525527083311204E-015
          14          31   1.6812430108904363E-016
          14          32  -6.8500857945738613E-015
          14          33  -4.3526839473867333E-018
          14          34   4.6585892125090733E-016
          14          35  -8.1175289298417965E-015
          14          36  -7.0315702123180859E-003
          14          37   4.8538731731120305E-002
          14          38  -3.1446137966676352E-003
          14          39  0.10853590369241457     
          14          40  -2.6771810600913014E-002
          14          41  -5.9767510249229103E-017
          14          42  -2.6771810600912525E-002
          14          43  -3.1446137966694484E-003
          14          44   4.8538731731118633E-002
          14          45  -5.9863588384389849E-002
          14          46  -1.1037732551208792E-002
          14          47   7.6193157864375791E-002
          14          48  -4.9362240603863464E-003
          14          49  0.17037308040511237     
          14          50  -4.2024764938867858E-002
          14          51  -1.0314884132308860E-015
          14          52  -4.2024764938873090E-002
          14          53  -4.9362240603871748E-003
          14          54   7.6193157864373959E-002
          14          55  -9.3970231141767044E-002
          15           1   1.2841378501023421E-015
          15           2   3.4384191388176211E-015
          15           3   6.5489934704164232E-015
          15           4  -1.4717032702134757E-015
          15           5  -1.3919975903832789E-016
          15           6  -2.3269834333386973E-004
          15           7   3.5918186434578904E-003
          15           8  -1.9810877830146586E-003
          15           9   3.7404481608743816E-004
          15          10  -5.7735741675797453E-003
          15          11   3.1844473185070107E-003
          15          12  -1.6839298062589693E-004
          15          13   2.5992322874927075E-003
          15          14  -1.4336211933607143E-003
