           1           1   1.9998886863359946     
           1           2  -1.4687332636387281E-002
           1           3  -2.1334567383091713E-003
           1           4   5.4509004700713223E-002
           1           5  -1.1118889879312036E-005
           1           6  -8.2686287981288218E-014
           1           7   1.9503172967429469E-014
           1           8  -3.3496878002020366E-015
           1           9   5.4905154866817369E-014
           1          10  -1.2904429254996512E-014
           1          11  -6.1294494201227400E-015
           1          12  -6.4623740581767476E-014
           1          13   4.1023910309681183E-014
           1          14   6.8390922250527220E-016
           1          15   4.7146465198509511E-015
           1          16  -1.0171701792016225E-014
           1          17   7.0242380652384516E-017
           1          18   9.9634103599086435E-004
           1          19   7.6143405293959302E-016
           1          20   9.9634103598988011E-004
           1          21   4.0208442897968637E-015
           1          22  -1.7260793321200875E-015
           1          23   9.9634103598791272E-004
           1          24  -9.6619465263774948E-003
           1          25  -8.2197599772362720E-016
           1          26  -9.6619465263636309E-003
           1          27  -2.7097818954421337E-015
           1          28   2.9778575564579758E-015
           1          29  -9.6619465263678150E-003
           1          30  -1.4195428950415839E-002
           1          31   3.3129918147856751E-015
           1          32  -1.4195428950423500E-002
           1          33   3.8335164001568475E-015
           1          34  -3.3520618298832793E-015
           1          35  -1.4195428950420060E-002
           1          36   2.1344402211849577E-014
           1          37  -6.9618139900504598E-015
           1          38   3.3612757296663107E-015
           1          39  -3.2046908259079938E-015
           1          40  -1.2254698123006675E-015
           1          41  -1.3608916597780201E-015
           1          42  -4.6383012442516402E-016
           1          43   9.9587961759501947E-015
           1          44  -2.9888312363269830E-015
           1          45   4.8813957562319601E-015
           1          46   3.9142609830681995E-014
           1          47  -6.2126085011566011E-015
           1          48   2.3458164977871440E-014
           1          49  -2.2937773549248711E-014
           1          50   3.4112959710650955E-015
           1          51   4.0307882991299618E-015
           1          52   9.7969369890947107E-016
           1          53   1.4212770193990183E-014
           1          54  -5.0758139292241735E-015
           1          55   7.0184607115659717E-016
           2           1  -1.4687332636387281E-002
           2           2   3.1483230347598742E-004
           2           3  -2.0246462602791303E-002
           2           4  -1.2378798083140879E-003
           2           5  -9.6575312301140897E-005
           2           6   2.4955677254150547E-016
           2           7  -2.8309778380127214E-017
           2           8  -8.4375590670501295E-017
           2           9  -1.6735881351064477E-016
           2          10  -4.3274619459649291E-017
           2          11   1.4751045326944208E-016
           2          12   2.5379801144056682E-016
           2          13  -1.9563766402249172E-016
           2          14  -1.8860418594792732E-016
           2          15  -1.6804993940269858E-019
           2          16   6.6923267004410994E-017
           2          17  -3.5334016189701762E-019
           2          18  -2.5469214906951392E-005
           2          19  -7.4603109731781464E-018
           2          20  -2.5469214906876104E-005
           2          21  -1.4892399861792555E-017
           2          22  -2.1423109323516273E-018
           2          23  -2.5469214906913631E-005
           2          24   2.0049359330138019E-004
           2          25  -5.9801056692919699E-018
           2          26   2.0049359330123363E-004
           2          27  -1.0308708168979818E-017
           2          28   1.5821887368139092E-017
           2          29   2.0049359330132251E-004
           2          30   3.5243441730923490E-004
           2          31  -3.6267578724590125E-017
           2          32   3.5243441730918622E-004
           2          33  -7.0427401949489144E-018
           2          34   4.0361983260336926E-017
           2          35   3.5243441730912822E-004
           2          36  -5.7048775529493321E-017
           2          37   4.4376748580642928E-017
           2          38   1.0610462171892071E-017
           2          39   2.9412664790731558E-018
           2          40   2.5874566204735265E-017
           2          41   7.0149486489650218E-018
           2          42   3.1978087352913911E-019
           2          43  -2.0023484292013917E-017
           2          44   3.2298908183066780E-018
           2          45  -6.6591754591065026E-018
           2          46  -1.2250896746451938E-016
           2          47   1.6627316170151987E-017
           2          48  -1.2173954362503363E-016
           2          49   1.0207422259709404E-016
           2          50   8.4403821975556873E-018
           2          51  -2.8942394071438622E-017
           2          52   3.8401212632216936E-017
           2          53  -4.3746811891986970E-017
           2          54   6.5404290481868589E-018
           2          55   5.7144091921159930E-017
           3           1  -2.1334567383091713E-003
           3           2  -2.0246462602791303E-002
           3           3   1.9836674473515994     
           3           4   8.1939213572003233E-002
           3           5   9.4627385042838144E-003
           3           6   3.5098094399379645E-014
           3           7  -1.1265061178823458E-014
           3           8   1.0664322576645006E-014
           3           9  -2.3149923963367788E-014
           3          10   1.3534483630480979E-014
           3          11  -1.0062233353646150E-014
           3          12   2.1683248359298751E-014
           3          13  -1.0378463533610894E-014
           3          14   1.7973868840819846E-014
           3          15  -3.3755388211304249E-015
           3          16   7.7020306110912484E-016
           3          17  -1.5941054126403084E-017
           3          18   1.7760214966802189E-003
           3          19   1.8315651125987756E-016
           3          20   1.7760214966735573E-003
           3          21  -1.4363859365842281E-015
           3          22   1.4519983639402198E-015
           3          23   1.7760214966786492E-003
           3          24  -1.2671237456084021E-002
           3          25   1.1756776574483928E-015
           3          26  -1.2671237456079659E-002
           3          27   2.9583686405797779E-015
           3          28  -3.6923151176063658E-015
           3          29  -1.2671237456085352E-002
           3          30  -2.4281918037809862E-002
           3          31   1.1655227410497303E-015
           3          32  -2.4281918037799579E-002
           3          33  -2.0688115260673555E-015
           3          34  -1.5358068020076709E-015
           3          35  -2.4281918037796373E-002
           3          36  -9.7818582588819840E-015
           3          37   6.6761209317518766E-016
           3          38  -3.4586253616854581E-015
           3          39   2.0180093902338234E-015
           3          40  -1.6503593574562283E-015
           3          41   2.9288652362696585E-016
           3          42   3.0231678566840168E-016
           3          43  -5.2097460309583688E-015
           3          44   1.8352854007957365E-015
           3          45  -2.8619514646739508E-015
           3          46  -1.6185958186245371E-014
           3          47   2.8430041380904568E-015
           3          48  -4.9719856093977084E-015
           3          49   6.5176710358812664E-015
           3          50  -3.2827915836180001E-015
           3          51  -6.9117757073457632E-017
           3          52  -4.4636449509061637E-015
           3          53  -5.9493223908410683E-015
           3          54   3.0096370404943482E-015
           3          55  -6.0999470245686522E-015
           4           1   5.4509004700713223E-002
           4           2  -1.2378798083140879E-003
           4           3   8.1939213572003233E-002
           4           4   4.8751662560174852E-003
           4           5   3.9085108304840995E-004
           4           6  -8.0603147151476700E-016
           4           7   6.6596025579384033E-017
           4           8   3.4965644867957222E-016
           4           9   5.4183687845274026E-016
           4          10   2.0693764310267077E-016
           4          11  -5.8204495296274973E-016
           4          12  -8.6774767739532908E-016
           4          13   6.9082608017492028E-016
           4          14   7.6163394779799506E-016
           4          15  -1.0942850879249688E-017
           4          16  -2.4580662723778053E-016
           4          17   1.2447042909665119E-018
           4          18   1.0061436360450432E-004
           4          19   2.8334846173636273E-017
           4          20   1.0061436360420210E-004
           4          21   5.0371689429493504E-017
           4          22   1.2909712579263464E-017
           4          23   1.0061436360435882E-004
           4          24  -7.8755424676471987E-004
           4          25   2.6218354992377907E-017
           4          26  -7.8755424676416096E-004
           4          27   4.8386285093909921E-017
           4          28  -7.1331336261125107E-017
           4          29  -7.8755424676451029E-004
           4          30  -1.3912613050321523E-003
           4          31   1.3860437929760685E-016
           4          32  -1.3912613050319363E-003
           4          33   1.9079370731140307E-017
           4          34  -1.5506853590551321E-016
           4          35  -1.3912613050317099E-003
           4          36   1.7825653832535735E-016
           4          37  -1.6244649317966471E-016
           4          38  -5.1252053069434753E-017
           4          39  -4.0422120286198415E-018
           4          40  -1.0170024787588385E-016
           4          41  -2.5033174706886964E-017
           4          42  -1.4869998042310376E-019
           4          43   5.6474693304040785E-017
           4          44  -5.7118966883221637E-018
           4          45   1.4950971085084707E-017
           4          46   3.9930131067179268E-016
           4          47  -5.2032647283787822E-017
           4          48   4.3486130284414668E-016
           4          49  -3.5666897829517872E-016
           4          50  -4.2592933171596172E-017
           4          51   1.0718718914327614E-016
           4          52  -1.5783004431028213E-016
           4          53   1.4198511219941627E-016
           4          54  -1.4048895189625365E-017
           4          55  -2.3302332099504171E-016
           5           1  -1.1118889879312036E-005
           5           2  -9.6575312301140897E-005
           5           3   9.4627385042838144E-003
           5           4   3.9085108304840995E-004
           5           5   4.5140352979833701E-005
           5           6   1.6752686111409838E-016
           5           7  -5.3773768547769667E-017
           5           8   5.0911116416696854E-017
           5           9  -1.1047329705872863E-016
           5          10   6.4539494597441028E-017
           5          11  -4.7834815170795511E-017
           5          12   1.0348740911200729E-016
           5          13  -4.9549926221660548E-017
           5          14   8.5737494393871423E-017
           5          15  -1.6119934726882719E-017
           5          16   3.6859450463229856E-018
           5          17  -7.7501131525276179E-020
           5          18   8.4717290226673181E-006
           5          19   8.6975559826853041E-019
           5          20   8.4717290226355442E-006
           5          21  -6.8572348562495348E-018
           5          22   6.9291986765863750E-018
           5          23   8.4717290226598270E-006
           5          24  -6.0441367029528378E-005
           5          25   5.6166713388365679E-018
           5          26  -6.0441367029507555E-005
           5          27   1.4123576115946545E-017
           5          28  -1.7616064332285687E-017
           5          29  -6.0441367029534687E-005
           5          30  -1.1582594360975298E-004
           5          31   5.5559392337115626E-018
           5          32  -1.1582594360970389E-004
           5          33  -9.8790009442784300E-018
           5          34  -7.3342310798618137E-018
           5          35  -1.1582594360968861E-004
           5          36  -4.6685364211206977E-017
           5          37   3.1904456442132257E-018
           5          38  -1.6505635816135521E-017
           5          39   9.6328814370715498E-018
           5          40  -7.8750696138550904E-018
           5          41   1.3993504829003451E-018
           5          42   1.4444995984157980E-018
           5          43  -2.4862763400085554E-017
           5          44   8.7590066549352200E-018
           5          45  -1.3656843146220540E-017
           5          46  -7.7259455162579940E-017
           5          47   1.3573354841992152E-017
           5          48  -2.3732564041824698E-017
           5          49   3.1120779892855361E-017
           5          50  -1.5663664103979241E-017
           5          51  -3.3104288283872296E-019
           5          52  -2.1301450575010889E-017
           5          53  -2.8399121030299484E-017
           5          54   1.4376560446054991E-017
           5          55  -2.9102240091551559E-017
           6           1  -8.2686287981288218E-014
           6           2   2.4955677254150547E-016
           6           3   3.5098094399379645E-014
           6           4  -8.0603147151476700E-016
           6           5   1.6752686111409838E-016
           6           6   4.6717164743731875E-027
           6           7  -9.9200067944879774E-028
           6           8   4.6242754591707027E-028
           6           9  -3.0540526270993270E-027
           6          10   6.0387494980208984E-028
           6          11   7.1663540624455928E-028
           6          12   3.3579690025254328E-027
           6          13  -1.6048136043657128E-027
           6          14   4.1014743812821247E-028
           6          15  -3.6330768083597116E-028
           6          16   3.8869132547326934E-028
           6          17  -3.6905004202610026E-029
           6          18  -9.8345798847916355E-018
           6          19  -9.7274362768334764E-030
           6          20  -9.8345798848323974E-018
           6          21  -1.8684163583551135E-028
           6          22   8.2237165190135827E-029
           6          23  -9.8345798847136816E-018
           6          24   1.7566133930837129E-016
           6          25   9.0278006108040928E-029
           6          26   1.7566133930794890E-016
           6          27   2.1042230517768822E-028
           6          28  -1.2422405119536687E-028
           6          29   1.7566133930806201E-016
           6          30   1.5809981653823573E-016
           6          31  -1.3282738086779726E-028
           6          32   1.5809981653878623E-016
           6          33  -1.9739253933521852E-028
           6          34   6.9154139672703706E-029
           6          35   1.5809981653871649E-016
           6          36  -1.1634490874293995E-027
           6          37   2.8144873422567450E-028
           6          38  -2.9584201461210576E-028
           6          39   1.2528572638728619E-028
           6          40  -1.7635920574447185E-029
           6          41   7.4647793255463353E-029
           6          42   4.3160065148186333E-029
           6          43  -5.7497655024772989E-028
           6          44   1.6080718597550293E-028
           6          45  -2.0271789748124574E-028
           6          46  -2.1219896788842300E-027
           6          47   2.5177333091520511E-028
           6          48  -1.0643831435889147E-027
           6          49   9.4903950759320925E-028
           6          50  -2.7324540022004684E-028
           6          51  -1.7442546871122611E-028
           6          52  -1.9638224992519127E-028
           6          53  -8.2733903884146745E-028
           6          54   1.9400844186792023E-028
           6          55  -2.4130895745936574E-028
           7           1   1.9503172967429469E-014
           7           2  -2.8309778380127214E-017
           7           3  -1.1265061178823458E-014
           7           4   6.6596025579384033E-017
           7           5  -5.3773768547769667E-017
           7           6  -9.9200067944879774E-028
           7           7   3.4338774304795833E-028
           7           8  -1.6976818078184692E-028
           7           9   5.9465183992240132E-028
           7          10  -1.5794698401305900E-028
           7          11  -3.2139216342633583E-028
           7          12  -7.2325014385209715E-028
           7          13   6.1590107251857354E-028
           7          14  -4.6014909637617457E-029
           7          15   7.9738736607238376E-029
           7          16  -1.4043562275461066E-028
           7          17  -5.3294119156611906E-030
           7          18  -3.5564038514880300E-019
           7          19   2.3811786541200280E-029
           7          20  -3.5564038510785350E-019
           7          21   5.9456388738771579E-029
           7          22  -3.5761351407942504E-029
           7          23  -3.5564038515017234E-019
           7          24  -2.2335810554688041E-017
           7          25  -2.8853318803293265E-029
           7          26  -2.2335810554578488E-017
           7          27  -6.0407938783007856E-029
           7          28   7.3820434777657880E-029
           7          29  -2.2335810554655432E-017
           7          30  -7.1523886236774764E-019
           7          31   2.8243372442716394E-029
           7          32  -7.1523886258536231E-019
           7          33   7.4948710063433874E-029
           7          34  -6.7974163584391999E-030
           7          35  -7.1523886249588823E-019
           7          36   2.6975830031924259E-028
           7          37  -8.5189352252000407E-029
           7          38   3.8982521559367510E-029
           7          39  -7.1673202942646506E-029
           7          40  -5.6828821981517958E-030
           7          41  -1.5696982253985109E-029
           7          42  -7.1741229647914127E-030
           7          43   1.2289357006494180E-028
           7          44  -4.6629068018513701E-029
           7          45   8.6248625020974153E-029
           7          46   4.9632960160588657E-028
           7          47  -1.2103352391786979E-028
           7          48   2.6588431359397345E-028
           7          49  -3.5623129120331988E-028
           7          50   3.4987526748211876E-029
           7          51   3.5750039678430411E-029
           7          52   3.5977573482107281E-029
           7          53   1.6878300472307521E-028
           7          54  -1.4366221340314255E-028
           7          55   1.8502049632994707E-029
           8           1  -3.3496878002020366E-015
           8           2  -8.4375590670501295E-017
           8           3   1.0664322576645006E-014
           8           4   3.4965644867957222E-016
           8           5   5.0911116416696854E-017
           8           6   4.6242754591707027E-028
           8           7  -1.6976818078184692E-028
           8           8   1.6263512995972701E-028
           8           9  -2.3948158576484793E-028
           8          10   1.5620440357739870E-029
           8          11   3.8842839210972966E-028
           8          12   2.6873999909277118E-028
           8          13  -2.0081742976991332E-028
           8          14   7.9733932917598262E-029
           8          15  -6.4295109673184542E-029
           8          16   4.3512472234327195E-029
           8          17  -2.5829876635341112E-030
           8          18   7.8796629628133736E-018
           8          19  -1.1514960756374867E-029
           8          20   7.8796629627762155E-018
           8          21  -2.4144052987286175E-029
           8          22   1.6806531810118808E-029
           8          23   7.8796629627896153E-018
           8          24  -5.1974393611841078E-017
           8          25   2.8554468785475940E-029
           8          26  -5.1974393611823014E-017
           8          27   4.6474138568376491E-029
           8          28  -3.1230956032444212E-029
           8          29  -5.1974393611776249E-017
           8          30  -1.0679642082061653E-016
           8          31  -5.3666956685629744E-030
           8          32  -1.0679642082046098E-016
           8          33  -4.1109801181610488E-029
           8          34  -2.7738496998986100E-029
           8          35  -1.0679642082051184E-016
           8          36  -1.1899081978900778E-028
           8          37   2.3095297420617238E-029
           8          38  -3.4507150337365627E-029
           8          39   3.2103068995054636E-029
           8          40  -1.3142895235198564E-029
           8          41   7.6021143340703320E-030
           8          42   7.5594034330911698E-030
           8          43  -5.7893090452726520E-029
           8          44   2.2305570930494454E-029
           8          45  -3.2040481364003855E-029
           8          46  -2.2356809943060888E-028
           8          47   5.2371528266551851E-029
           8          48  -7.5622937493444820E-029
           8          49   1.3214487709813438E-028
           8          50  -2.5545430566755365E-029
           8          51  -5.1398951578715751E-030
           8          52  -4.4499915836593967E-029
           8          53  -8.3898184365776622E-029
           8          54   7.7358637662422307E-029
           8          55  -3.7804255261338630E-029
           9           1   5.4905154866817369E-014
           9           2  -1.6735881351064477E-016
           9           3  -2.3149923963367788E-014
           9           4   5.4183687845274026E-016
           9           5  -1.1047329705872863E-016
           9           6  -3.0540526270993270E-027
           9           7   5.9465183992240132E-028
           9           8  -2.3948158576484793E-028
           9           9   2.0453264862206938E-027
           9          10  -4.4636628721160225E-028
           9          11  -1.9266844417435600E-028
           9          12  -2.2230976814726331E-027
           9          13   9.7532432026048470E-028
           9          14  -2.9588408270850098E-028
           9          15   2.2110268561953433E-028
           9          16  -2.3538527698364796E-028
           9          17   2.5996188399079449E-029
           9          18   6.6687157533515297E-018
           9          19  -4.4604811299513885E-030
           9          20   6.6687157533719877E-018
           9          21   1.1564206120581113E-028
           9          22  -4.8062760838918818E-029
           9          23   6.6687157532849495E-018
           9          24  -1.1764145300104344E-016
           9          25  -4.6615374233053244E-029
           9          26  -1.1764145300075575E-016
           9          27  -1.2314613029192083E-028
           9          28   7.0541331515157083E-029
           9          29  -1.1764145300077862E-016
           9          30  -1.0688533456665245E-016
           9          31   8.5036623255627444E-029
           9          32  -1.0688533456695185E-016
           9          33   1.1211925023299454E-028
           9          34  -6.2002106217210231E-029
           9          35  -1.0688533456695720E-016
           9          36   7.5793704725106259E-028
           9          37  -1.7864469169159739E-028
           9          38   1.9755782282716473E-028
           9          39  -6.5867394085994670E-029
           9          40   1.0443754593462756E-029
           9          41  -4.7852772623785191E-029
           9          42  -2.6358882408390960E-029
           9          43   3.7790873212637950E-028
           9          44  -1.0111580028581940E-028
           9          45   1.2250319703946603E-028
           9          46   1.3724090577696576E-027
           9          47  -1.3981326804113868E-028
           9          48   6.9924305893675443E-028
           9          49  -5.7066410787451563E-028
           9          50   1.8692198803565942E-028
           9          51   1.1806864813807652E-028
           9          52   1.2262222863990232E-028
           9          53   5.3980297797239341E-028
           9          54  -7.9081086251633731E-029
           9          55   1.6723754032213856E-028
          10           1  -1.2904429254996512E-014
          10           2  -4.3274619459649291E-017
          10           3   1.3534483630480979E-014
          10           4   2.0693764310267077E-016
          10           5   6.4539494597441028E-017
          10           6   6.0387494980208984E-028
          10           7  -1.5794698401305900E-028
          10           8   1.5620440357739870E-029
          10           9  -4.4636628721160225E-028
          10          10   2.4578066422210557E-028
          10          11  -3.7713324030233868E-028
          10          12   4.9614570715648700E-028
          10          13  -3.2614297483871153E-028
          10          14   1.1111927681116966E-028
          10          15  -1.5483806776984264E-029
          10          16   6.3443840952110758E-029
          10          17   5.4588815300257081E-030
          10          18   5.6855243249892213E-018
          10          19   6.0288340083790901E-031
          10          20   5.6855243249470565E-018
          10          21  -3.0478670998894497E-029
          10          22   1.9327700716944845E-029
          10          23   5.6855243250119842E-018
          10          24  -2.4091431495018609E-017
          10          25  -4.1163937297303103E-030
          10          26  -2.4091431495098906E-017
          10          27   1.5620723433062726E-029
          10          28  -4.9186940020198614E-029
          10          29  -2.4091431495158773E-017
          10          30  -7.4016671795215853E-017
          10          31  -7.4860295071944481E-030
          10          32  -7.4016671795156331E-017
          10          33  -2.4234387623563915E-029
          10          34   3.2021743340861016E-029
          10          35  -7.4016671795121178E-017
          10          36  -1.7087963827154640E-028
          10          37   4.7113188716337769E-029
          10          38  -2.5981579895916605E-029
          10          39   3.0620574573675762E-029
          10          40   5.7859750234275185E-030
          10          41   6.7007959261194958E-030
          10          42  -6.0076166288575981E-031
          10          43  -8.1972035090234801E-029
          10          44   2.6608450269864719E-029
          10          45  -5.2563052986337478E-029
          10          46  -2.8987868035724277E-028
          10          47   5.0785788476654245E-029
          10          48  -1.7822458706170086E-028
          10          49   1.7224035846062034E-028
          10          50  -3.2925751906417267E-029
          10          51  -2.6732993342735363E-029
          10          52  -1.4862513916689433E-029
          10          53  -9.6786681154533442E-029
          10          54   3.0772286388549763E-029
          10          55  -2.9552856085753181E-029
          11           1  -6.1294494201227400E-015
          11           2   1.4751045326944208E-016
          11           3  -1.0062233353646150E-014
          11           4  -5.8204495296274973E-016
          11           5  -4.7834815170795511E-017
          11           6   7.1663540624455928E-028
          11           7  -3.2139216342633583E-028
          11           8   3.8842839210972966E-028
          11           9  -1.9266844417435600E-028
          11          10  -3.7713324030233868E-028
          11          11   1.9496410456094264E-027
          11          12   3.0894981785873979E-028
          11          13  -3.6115779472841252E-028
          11          14  -1.4488286036782222E-028
          11          15  -1.6988658942925759E-028
          11          16   1.1557423516730031E-028
          11          17  -1.3997232916800285E-029
          11          18  -1.2082976385031497E-017
          11          19  -4.8003660943636963E-029
          11          20  -1.2082976385002988E-017
          11          21  -4.5071388751121385E-029
          11          22   2.1781767688519967E-029
          11          23  -1.2082976385100926E-017
          11          24   9.3967861049669036E-017
          11          25   8.7821545156645234E-029
          11          26   9.3967861049687008E-017
          11          27   1.0747444611806941E-028
          11          28  -9.7509762874260524E-030
          11          29   9.3967861050027401E-017
          11          30   1.6686139531424941E-016
          11          31  -4.3481257174600761E-029
          11          32   1.6686139531459222E-016
          11          33  -1.0007709970675343E-028
          11          34  -9.1564462033075455E-029
          11          35   1.6686139531430694E-016
          11          36  -1.5712044793847686E-028
          11          37   4.8821895547107906E-029
          11          38  -4.6971331498908480E-029
          11          39   6.1054012911361852E-029
          11          40  -1.8803893452212833E-029
          11          41   1.9918846586492306E-029
          11          42   2.3610187205009483E-029
          11          43  -6.7868398001127323E-029
          11          44   3.1555810954889212E-029
          11          45  -3.0242782958955528E-029
          11          46  -3.6097935004836855E-028
          11          47   1.0982018751990482E-028
          11          48  -8.8320881930211268E-029
          11          49   2.6975931253772103E-028
          11          50  -1.1682301441890138E-029
          11          51  -4.6119362359404404E-030
          11          52  -6.8148700265697315E-029
          11          53  -1.4691065085531293E-028
          11          54   2.1241777279093309E-028
          11          55   5.5477146758484413E-031
          12           1  -6.4623740581767476E-014
          12           2   2.5379801144056682E-016
          12           3   2.1683248359298751E-014
          12           4  -8.6774767739532908E-016
          12           5   1.0348740911200729E-016
          12           6   3.3579690025254328E-027
          12           7  -7.2325014385209715E-028
          12           8   2.6873999909277118E-028
          12           9  -2.2230976814726331E-027
          12          10   4.9614570715648700E-028
          12          11   3.0894981785873979E-028
          12          12   2.4759335155126532E-027
          12          13  -1.2672560443875989E-027
          12          14   2.4411091390205041E-028
          12          15  -2.3688655489555957E-028
          12          16   3.0582436059232896E-028
          12          17  -2.0034173405485560E-029
          12          18  -1.2833809401752005E-017
          12          19  -9.2609856985702154E-030
          12          20  -1.2833809401772314E-017
          12          21  -1.4014072822653897E-028
          12          22   6.1791953295352308E-029
          12          23  -1.2833809401676670E-017
          12          24   1.7403485186846570E-016
          12          25   5.2517603100211934E-029
          12          26   1.7403485186810011E-016
          12          27   1.3718210775978617E-028
          12          28  -9.9817905794274853E-029
          12          29   1.7403485186817458E-016
          12          30   1.9396269038221253E-016
          12          31  -1.0146450279128854E-028
          12          32   1.9396269038257477E-016
          12          33  -1.4076909855507631E-028
          12          34   7.5987376140570791E-029
          12          35   1.9396269038252547E-016
          12          36  -8.4597253881829314E-028
          12          37   2.2005058435182746E-028
          12          38  -1.9524522723300492E-028
          12          39   9.7631550495055151E-029
          12          40   2.2222043018872641E-030
          12          41   5.3227230056717527E-029
          12          42   2.6879462969278536E-029
          12          43  -4.1331998400355011E-028
          12          44   1.1700892219178634E-028
          12          45  -1.5949817595368335E-028
          12          46  -1.5384347091048070E-027
          12          47   1.9388912078157665E-028
          12          48  -8.1295535093535322E-028
          12          49   7.3286359534651303E-028
          12          50  -1.8563091280855999E-028
          12          51  -1.3512636785174580E-028
          12          52  -1.1656421844258721E-028
          12          53  -5.8885050449516993E-028
          12          54   1.4389995678142871E-028
          12          55  -1.4476793320166676E-028
          13           1   4.1023910309681183E-014
          13           2  -1.9563766402249172E-016
          13           3  -1.0378463533610894E-014
          13           4   6.9082608017492028E-016
          13           5  -4.9549926221660548E-017
          13           6  -1.6048136043657128E-027
          13           7   6.1590107251857354E-028
          13           8  -2.0081742976991332E-028
          13           9   9.7532432026048470E-028
          13          10  -3.2614297483871153E-028
          13          11  -3.6115779472841252E-028
          13          12  -1.2672560443875989E-027
          13          13   1.2714424936938314E-027
          13          14   5.2152308122447065E-029
          13          15   9.6007701338762269E-029
          13          16  -2.9339355561505320E-028
          13          17  -2.2236277978345704E-029
          13          18   1.1179893730691592E-017
          13          19   5.1649976339094322E-029
          13          20   1.1179893730742196E-017
          13          21   1.1242482559894229E-028
          13          22  -6.7017706925473224E-029
          13          23   1.1179893730664241E-017
          13          24  -1.3211879026026771E-016
          13          25  -3.2994444676535351E-029
          13          26  -1.3211879025997837E-016
          13          27  -8.1955645962399083E-029
          13          28   1.4629604944557120E-028
          13          29  -1.3211879026013478E-016
          13          30  -1.6461470017399091E-016
          13          31   5.9687767103308237E-029
          13          32  -1.6461470017432484E-016
          13          33   1.3241043191192704E-028
          13          34  -4.8307041355683273E-029
          13          35  -1.6461470017413867E-016
          13          36   4.5625272624652916E-028
          13          37  -1.7646185296717277E-028
          13          38   2.6150926935712526E-029
          13          39  -1.4253170521332598E-028
          13          40  -3.7327513333148159E-029
          13          41  -2.5499152238688978E-029
          13          42  -5.2857322216656127E-030
          13          43   1.9673606658008242E-028
          13          44  -8.0983983292474022E-029
          13          45   1.7285179504590546E-028
          13          46   8.3958184366477306E-028
          13          47  -2.3956821466217550E-028
          13          48   5.1956095493406350E-028
          13          49  -7.1239415631211774E-028
          13          50   2.8883457631681314E-029
          13          51   7.3714425590241992E-029
          13          52   1.4675026370780516E-029
          13          53   2.6304061535337442E-028
          13          54  -2.7830062671914890E-028
          13          55  -3.4316507009260973E-029
          14           1   6.8390922250527220E-016
          14           2  -1.8860418594792732E-016
          14           3   1.7973868840819846E-014
          14           4   7.6163394779799506E-016
          14           5   8.5737494393871423E-017
          14           6   4.1014743812821247E-028
          14           7  -4.6014909637617457E-029
          14           8   7.9733932917598262E-029
          14           9  -2.9588408270850098E-028
          14          10   1.1111927681116966E-028
          14          11  -1.4488286036782222E-028
          14          12   2.4411091390205041E-028
          14          13   5.2152308122447065E-029
          14          14   2.1074256220494785E-028
          14          15  -4.0872129529175484E-029
          14          16  -2.4118098277478655E-029
          14          17  -9.3973367535108764E-030
          14          18   1.6443265981554041E-017
          14          19   1.4399652240273299E-029
          14          20   1.6443265981506546E-017
          14          21  -4.4015314919182559E-030
          14          22   4.2831153243966678E-030
          14          23   1.6443265981545536E-017
          14          24  -1.1821292110906696E-016
          14          25   9.3405872793279459E-030
          14          26  -1.1821292110900972E-016
          14          27   2.5153086743823015E-029
          14          28  -8.3617316489588725E-030
          14          29  -1.1821292110909132E-016
          14          30  -2.2501972471150795E-016
          14          31   1.0098078932915802E-029
          14          32  -2.2501972471145239E-016
          14          33  -4.2840064478559516E-030
          14          34  -1.3714497026236917E-029
          14          35  -2.2501972471138045E-016
          14          36  -9.7429634774928501E-029
          14          37  -6.7560048809211342E-030
          14          38  -5.4455155684644101E-029
          14          39  -5.7524339351931581E-030
          14          40  -2.4064067813008635E-029
          14          41   4.1557849540643255E-030
          14          42   5.4459459247514192E-030
          14          43  -5.8523539807333092E-029
          14          44   1.2741707631641475E-029
          14          45  -3.5211680493350559E-030
          14          46  -1.6021074926502938E-028
          14          47  -9.6223153059614290E-030
          14          48  -3.3341212034349016E-029
          14          49  -1.9726493314793575E-029
          14          50  -5.0785714921776038E-029
          14          51  -2.4614248250123447E-030
          14          52  -5.3409560612632735E-029
          14          53  -7.5050683868483585E-029
          14          54  -2.7361741458581789E-029
          14          55  -8.5899808937806625E-029
          15           1   4.7146465198509511E-015
          15           2  -1.6804993940269858E-019
          15           3  -3.3755388211304249E-015
          15           4  -1.0942850879249688E-017
          15           5  -1.6119934726882719E-017
          15           6  -3.6330768083597116E-028
          15           7   7.9738736607238376E-029
          15           8  -6.4295109673184542E-029
          15           9   2.2110268561953433E-028
          15          10  -1.5483806776984264E-029
          15          11  -1.6988658942925759E-028
          15          12  -2.3688655489555957E-028
          15          13   9.6007701338762269E-029
          15          14  -4.0872129529175484E-029
