           1           1   2.2725786131592782     
           1           2 -0.86211285686232420     
           1           3  0.30276358191287622     
           1           4  -1.3909995401337815E-002
           1           5  -4.6817226763928181E-002
           1           6  -4.0850261227577244E-003
           1           7   1.7879128384096978E-003
           1           8   2.1675874728435506E-011
           1           9  -4.3996067517541307E-010
           1          10   1.0939336763077294E-009
           1          11  -5.4659624932618725E-011
           1          12   1.1623598382989995E-009
           1          13  -2.9023913730326559E-009
           1          14   3.7925220879038435E-010
           1          15   3.4734677743282292E-011
           1          16   4.2751826969147614E-010
           1          17   9.7667116612564828E-010
           1          18   2.2259638539328272E-010
           1          19   5.4667718016061921E-010
           1          20   8.4347505612458096E-011
           1          21   9.9422548970854778E-011
           1          22   1.8686951141860000E-010
           1          23   8.9048870556829262E-012
           1          24  -1.1562958154872637E-012
           1          25   6.9378427172936770E-012
           1          26  -1.0983849978588744E-004
           1          27  -2.6915342237731894E-004
           1          28   5.6208601038303520E-005
           1          29  -1.8299535948621199E-004
           1          30  -1.2907720943723677E-004
           1          31   1.4462285608526687E-004
           1          32  -1.3899050421631520E-003
           1          33   5.3478844956465071E-005
           1          34  -1.4228981852636964E-003
           1          35   3.6358720469924612E-005
           1          36   2.5645653290212240E-005
           1          37  -1.4404669646683112E-003
           1          38  -5.3988925354715913E-003
           1          39   9.7056756992721532E-005
           1          40  -5.4587667176788004E-003
           1          41   6.5988350918821676E-005
           1          42   4.6546094451706613E-005
           1          43  -5.4906488781187720E-003
           1          44  -2.2563750297466927E-003
           1          45   2.3865290967574367E-004
           1          46  -2.4035991993741988E-003
           1          47   1.6225854666768966E-004
           1          48   1.1445203092588357E-004
           1          49  -2.4819944279846308E-003
           1          50  -1.6940201454957988E-010
           1          51  -8.5124481759685319E-011
           1          52  -8.5825609062733488E-011
           1          53  -1.3393803927772792E-010
           1          54   5.4316762629808117E-011
           1          55   1.9987906871484719E-011
           1          56   1.8982632571262320E-011
           1          57  -7.8910392654102410E-011
           1          58  -3.3426513776127663E-011
           1          59   3.5992053589263486E-011
           1          60   7.1956483176921753E-011
           1          61   3.6067764935257142E-011
           1          62   8.5847164022791796E-012
           1          63   3.0986381443507541E-011
           1          64   6.8972155510517927E-012
           1          65   2.7370774120151764E-011
           1          66   1.0830639022197351E-010
           1          67  -5.4644795433432689E-011
           1          68  -4.7050489245494177E-011
           1          69  -7.5272345066782251E-011
           2           1 -0.86211285686232420     
           2           2   2.7431447989038360     
           2           3  -1.1536845363034796     
           2           4   5.2225456671839351E-002
           2           5  0.17672105353151224     
           2           6   1.4827180453299645E-002
           2           7  -6.7915187291579769E-003
           2           8  -6.1455488993442462E-011
           2           9  -5.1641169603890316E-010
           2          10  -6.9592858523215816E-010
           2          11   1.7008873259889261E-010
           2          12   1.3180793322204346E-009
           2          13   1.9804907627991388E-009
           2          14  -1.2648905889283607E-009
           2          15   1.9377035335944015E-010
           2          16  -2.2941189087025265E-009
           2          17  -3.4618724083645940E-009
           2          18  -7.9245685840539590E-010
           2          19  -2.4213118567038736E-009
           2          20  -1.7615407932673905E-010
           2          21  -3.2950538762118533E-010
           2          22  -9.6228891297725970E-010
           2          23  -2.5554869468970809E-011
           2          24   6.7615416955776397E-012
           2          25  -4.4315487394422626E-011
           2          26   2.4147025830847653E-004
           2          27   5.1236779246619066E-004
           2          28  -7.4633247306420122E-005
           2          29   3.4835846281670857E-004
           2          30   2.4571422777919531E-004
           2          31  -2.4293592235222943E-004
           2          32   5.5196575208974691E-003
           2          33  -2.2583498373875978E-004
           2          34   5.6589831770729217E-003
           2          35  -1.5353884438168148E-004
           2          36  -1.0829890767678275E-004
           2          37   5.7331739094983007E-003
           2          38   2.0717103044793544E-002
           2          39  -3.4371620060146511E-004
           2          40   2.0929141060819501E-002
           2          41  -2.3369077632805040E-004
           2          42  -1.6483810839943358E-004
           2          43   2.1042048286220666E-002
           2          44   8.5933246319855258E-003
           2          45  -9.0172579341046247E-004
           2          46   9.1495962644355944E-003
           2          47  -6.1307743499724424E-004
           2          48  -4.3244535489112674E-004
           2          49   9.4458047011824250E-003
           2          50   6.6035496126463567E-010
           2          51   3.3177523550441348E-010
           2          52   3.4026204867716636E-010
           2          53   5.2525265318248418E-010
           2          54  -2.2517529493867249E-010
           2          55  -7.5850793652397027E-011
           2          56  -8.6214097278483987E-011
           2          57   3.0833664426458958E-010
           2          58   1.3237642966439500E-010
           2          59  -1.6673654559055035E-010
           2          60  -2.5490885811748291E-010
           2          61  -1.2859216113981259E-010
           2          62  -2.5565123018400663E-011
           2          63  -9.3536267114152829E-011
           2          64  -4.6211485025127781E-011
           2          65  -1.0021020917340316E-010
           2          66  -4.3306836693349507E-010
           2          67   2.2143038414929214E-010
           2          68   1.9346614240208307E-010
           2          69   2.3801683862008547E-010
           3           1  0.30276358191287622     
           3           2  -1.1536845363034796     
           3           3   2.6414169312344891     
           3           4 -0.16710219919020575     
           3           5 -0.53849789592283925     
           3           6 -0.11188949382101848     
           3           7   1.3138029228850500E-002
           3           8   5.1956874535784308E-011
           3           9  -4.9118276857567812E-009
           3          10   1.3466201128038001E-008
           3          11   2.8671936989153253E-010
           3          12   1.3332712126666359E-008
           3          13  -3.6066477806153063E-008
           3          14   4.7809013857567240E-009
           3          15   5.0485923560128364E-010
           3          16   3.9594864365031608E-009
           3          17   1.0684454600064150E-008
           3          18   2.0080124265032592E-009
           3          19   5.7160500016868189E-009
           3          20   1.2439750227599421E-009
           3          21   1.1280980024007574E-009
           3          22   1.8239893774181629E-009
           3          23   1.2567373146603398E-010
           3          24  -1.2717920716983221E-011
           3          25   2.2993007362191604E-011
           3          26  -1.8256256850673568E-003
           3          27  -4.1751080889092154E-003
           3          28   7.5005835653544121E-004
           3          29  -2.8386138988356563E-003
           3          30  -2.0022486768755876E-003
           3          31   2.1215539008427814E-003
           3          32  -8.0260256539351153E-003
           3          33   3.2125859312712429E-004
           3          34  -8.2242364372391626E-003
           3          35   2.1840918560632212E-004
           3          36   1.5405086431045240E-004
           3          37  -8.3297825905152643E-003
           3          38  -3.9691214808147357E-002
           3          39   1.4389088922442230E-003
           3          40  -4.0578873581413183E-002
           3          41   9.7830600677734601E-004
           3          42   6.9006668102425091E-004
           3          43  -4.1051540521520283E-002
           3          44  -1.7284028759410985E-002
           3          45   2.6077653554122063E-003
           3          46  -1.8892750870462965E-002
           3          47   1.7730025046999894E-003
           3          48   1.2506194996595838E-003
           3          49  -1.9749377268556835E-002
           3          50  -1.4319908661523496E-009
           3          51  -8.2213154439151569E-010
           3          52  -7.4580887533855860E-010
           3          53  -1.1974975043458519E-009
           3          54   6.0485847726526414E-010
           3          55   2.2495599772605840E-010
           3          56   1.9485717256298014E-010
           3          57  -6.6131498604320135E-010
           3          58  -2.2887875827027070E-010
           3          59   4.0362597759596794E-010
           3          60   1.0676639914201618E-009
           3          61   4.6846555031657377E-010
           3          62   2.0437937464191039E-010
           3          63   4.9389416274466681E-010
           3          64  -1.4761989193559269E-011
           3          65   3.2275317965022476E-010
           3          66   1.1388686097068741E-009
           3          67  -5.0008422641523882E-010
           3          68  -4.6339568529439620E-010
           3          69  -1.0709552391434845E-009
           4           1  -1.3909995401337815E-002
           4           2   5.2225456671839351E-002
           4           3 -0.16710219919020575     
           4           4  0.23358993528011537     
           4           5  0.36947753191925037     
           4           6   3.3494305168145271E-002
           4           7  -1.5026519095933494E-002
           4           8  -1.1962570519601400E-009
           4           9  -4.4527684106944788E-010
           4          10  -3.0314212691110000E-009
           4          11   3.4932568397387251E-009
           4          12   1.2570470539430196E-009
           4          13   8.1751686289285272E-009
           4          14  -3.6185296141830433E-009
           4          15   4.8832955418733505E-010
           4          16  -5.4332113486573296E-009
           4          17  -6.5978875469227428E-009
           4          18  -1.0598774387059380E-010
           4          19  -6.5816681248901896E-009
           4          20  -1.0416288273512126E-009
           4          21  -5.7227983119004281E-010
           4          22  -2.8966808330248392E-009
           4          23  -8.1952119105685326E-011
           4          24   4.5336859121452937E-011
           4          25  -8.6245515272071247E-011
           4          26   4.0374035013991030E-003
           4          27   6.7154847261257141E-003
           4          28  -1.0544260105450247E-004
           4          29   4.5657975297322823E-003
           4          30   3.2205460438550059E-003
           4          31  -2.3114304148976017E-003
           4          32   1.5362819914691269E-002
           4          33   3.2508702857494704E-004
           4          34   1.5162287440736159E-002
           4          35   2.2103008085927077E-004
           4          36   1.5591135993726435E-004
           4          37   1.5055506545871618E-002
           4          38   5.0906755663257176E-002
           4          39  -1.7731969141103971E-003
           4          40   5.2000637630073038E-002
           4          41  -1.2055846747637748E-003
           4          42  -8.5038112880640943E-004
           4          43   5.2583117071756474E-002
           4          44   1.9325417661620242E-002
           4          45  -1.8535384580586288E-003
           4          46   2.0468858575980926E-002
           4          47  -1.2602091235964764E-003
           4          48  -8.8891165081466490E-004
           4          49   2.1077727816438716E-002
           4          50   7.6269266727048672E-012
           4          51   3.4008398563892867E-010
           4          52   1.0240845165772442E-010
           4          53   3.3244476621243664E-010
           4          54  -5.7176341799014863E-010
           4          55  -1.5183031446663016E-010
           4          56  -1.8640106699355246E-010
           4          57   1.5338573858063342E-012
           4          58  -1.0483209856272146E-010
           4          59  -5.7398472868468253E-010
           4          60  -1.2395417559800435E-009
           4          61  -4.4198529635459787E-010
           4          62  -2.9820433976912522E-010
           4          63  -5.0823516970205294E-010
           4          64  -6.9328167480906849E-011
           4          65  -2.6435287520248684E-010
           4          66  -9.5901569042863889E-010
           4          67   2.4574749507057785E-010
           4          68   3.0726099795198697E-010
           4          69   6.9753299268370256E-010
           5           1  -4.6817226763928181E-002
           5           2  0.17672105353151224     
           5           3 -0.53849789592283925     
           5           4  0.36947753191925037     
           5           5  0.61480605806838495     
           5           6   6.2925754377698359E-002
           5           7  -2.3975864850035895E-002
           5           8  -1.8984784610767418E-009
           5           9  -2.8443867729344754E-008
           5          10   3.9680756470616328E-008
           5          11   5.1134478408869376E-009
           5          12   7.4187319002564770E-008
           5          13  -1.0279429317559101E-007
           5          14  -3.9205121604397969E-009
           5          15   4.6504508685275728E-009
           5          16  -1.6082462683229911E-008
           5          17  -8.3483277866387219E-009
           5          18  -1.3957799867600833E-010
           5          19  -1.2639270863602776E-008
           5          20  -1.3842388358320656E-010
           5          21  -6.5495935092727400E-010
           5          22  -6.3589323044171858E-009
           5          23  -5.5796847395821704E-011
           5          24   8.9134913397012824E-011
           5          25  -2.9284133199268158E-010
           5          26   2.2112340771263724E-003
           5          27   2.7650921968451299E-003
           5          28   5.0537866676626558E-004
           5          29   1.8799895932903200E-003
           5          30   1.3260634419075797E-003
           5          31  -4.0289363271388636E-004
           5          32   2.3851803258025703E-002
           5          33   1.1732541906242597E-004
           5          34   2.3779452759395796E-002
           5          35   7.9782068111061526E-005
           5          36   5.6283661517549360E-005
           5          37   2.3740929389179467E-002
           5          38   8.1012309049908249E-002
           5          39  -2.4931491649711410E-003
           5          40   8.2550328852029731E-002
           5          41  -1.6950753464135635E-003
           5          42  -1.1956522661194851E-003
           5          43   8.3369306083786038E-002
           5          44   3.0902378094028148E-002
           5          45  -3.0436640494592173E-003
           5          46   3.2780003355274465E-002
           5          47  -2.0693679076162967E-003
           5          48  -1.4596665660987055E-003
           5          49   3.3779817416450059E-002
           5          50   4.0432033256293468E-010
           5          51   7.3496983050104735E-010
           5          52   3.8924500263560736E-010
           5          53   8.1232315261099086E-010
           5          54  -1.0974001876590151E-009
           5          55  -2.6954152409209121E-010
           5          56  -4.2829731048424634E-010
           5          57   1.4390383058609633E-010
           5          58  -9.4583338325485851E-011
           5          59  -1.1418686273764476E-009
           5          60  -1.7348620876431659E-009
           5          61  -5.9161905261093333E-010
           5          62  -4.0297656733705819E-010
           5          63  -5.2729399379165100E-010
           5          64  -3.3720664469768871E-010
           5          65  -4.0554082129329230E-010
           5          66  -1.8648867134693789E-009
           5          67   5.8556859841782718E-010
           5          68   6.9456125897329676E-010
           5          69   6.1263703121152954E-010
           6           1  -4.0850261227577244E-003
           6           2   1.4827180453299645E-002
           6           3 -0.11188949382101848     
           6           4   3.3494305168145271E-002
           6           5   6.2925754377698359E-002
           6           6   8.3179276112486308E-003
           6           7  -2.2055991627840969E-003
           6           8   1.8543333009977775E-011
           6           9   1.4282385354834310E-008
           6          10  -2.1697578506033584E-008
           6          11  -5.0856347818725958E-011
           6          12  -3.7188279424341962E-008
           6          13   5.6477870921388487E-008
           6          14  -7.7940457293828161E-010
           6          15  -3.7760962460862465E-009
           6          16   5.8451995624768105E-009
           6          17  -1.3658397432113718E-009
           6          18  -2.7921501545536960E-009
           6          19   4.3242731712859584E-009
           6          20  -2.8053948918002335E-010
           6          21  -1.9082122629712089E-009
           6          22   2.9406618639268837E-009
           6          23  -1.7645467845938431E-011
           6          24  -1.1378871512669423E-010
           6          25   1.8507587342576106E-010
           6          26   7.8723733164693722E-005
           6          27   5.6426757658669573E-005
           6          28   4.3919248380218198E-005
           6          29   3.8349156760231337E-005
           6          30   2.7051764277257091E-005
           6          31   2.5363494722978818E-005
           6          32   2.0085545127641203E-003
           6          33  -5.2893948255289106E-005
           6          34   2.0411885044945956E-003
           6          35  -3.5962142953999067E-005
           6          36  -2.5365438054805874E-005
           6          37   2.0585636921260199E-003
           6          38   7.2942128436651104E-003
           6          39  -2.7753081512505188E-004
           6          40   7.4654210069126951E-003
           6          41  -1.8869141015421230E-004
           6          42  -1.3309695863488087E-004
           6          43   7.5565873237131440E-003
           6          44   2.8528474327797135E-003
           6          45  -3.1493782709522726E-004
           6          46   3.0471314764012620E-003
           6          47  -2.1412423473271577E-004
           6          48  -1.5103643993391491E-004
           6          49   3.1505854841863946E-003
           6          50  -2.5012727432264545E-011
           6          51  -1.1635152225758199E-010
           6          52  -4.5796211537428230E-011
           6          53  -1.7654123176643726E-010
           6          54   1.9881725597647484E-010
           6          55   6.4962997683720604E-011
           6          56   1.7813101197525854E-010
           6          57   1.6595055164973266E-010
           6          58   3.1116351302740930E-013
           6          59   3.5293634078989519E-010
           6          60  -2.5505397071145749E-010
           6          61  -2.7801732767494030E-010
           6          62  -7.6683612103400076E-011
           6          63  -4.4486038180043304E-010
           6          64   3.2422166736537468E-010
           6          65   1.5989719366486991E-011
           6          66   1.5027597346343690E-010
           6          67   1.2572504437755785E-010
           6          68  -4.5602556614128528E-011
           6          69   7.5783920127624507E-010
           7           1   1.7879128384096978E-003
           7           2  -6.7915187291579769E-003
           7           3   1.3138029228850500E-002
           7           4  -1.5026519095933494E-002
           7           5  -2.3975864850035895E-002
           7           6  -2.2055991627840969E-003
           7           7   9.7705295896246560E-004
           7           8  -1.2265982143362993E-009
           7           9   1.4534478524904918E-009
           7          10   7.9945435078636577E-010
           7          11   3.3052024901308429E-009
           7          12  -3.9604428652006383E-009
           7          13  -2.1865225016426136E-009
           7          14  -1.3850974832703310E-009
           7          15   2.1413487502135552E-009
           7          16   1.3667760528142559E-009
           7          17  -2.2770344823483600E-009
           7          18   3.3092212160198682E-009
           7          19   2.2821677334706185E-009
           7          20  -1.8124430127300736E-009
           7          21   2.0278976970111029E-009
           7          22   1.7042614001374515E-009
           7          23  -1.6926447185362795E-010
           7          24   1.2619396567232864E-010
           7          25   1.9177139390636808E-010
           7          26  -2.3623508557721340E-004
           7          27  -3.8664856161976313E-004
           7          28   2.3266526510591398E-006
           7          29  -2.6288590364148903E-004
           7          30  -1.8542058723843886E-004
           7          31   1.2932168521805716E-004
           7          32  -9.5431214514673937E-004
           7          33   2.8730443996846211E-005
           7          34  -9.7203399678750103E-004
           7          35   1.9532716644997470E-005
           7          36   1.3778260214681036E-005
           7          37  -9.8147344972513242E-004
           7          38  -3.2491773259529775E-003
           7          39   1.7467428642956338E-004
           7          40  -3.3569333891299924E-003
           7          41   1.1875989466093523E-004
           7          42   8.3769492802094654E-005
           7          43  -3.4143123427135009E-003
           7          44  -1.2513197169355906E-003
           7          45   1.2821352711674794E-004
           7          46  -1.3304141090870816E-003
           7          47   8.7171555163923916E-005
           7          48   6.1488071629965880E-005
           7          49  -1.3725310207447182E-003
           7          50   2.5614108479134326E-010
           7          51   3.6373549764858199E-010
           7          52  -4.6395819137901154E-011
           7          53   1.6495965441383395E-010
           7          54  -4.6726307503071264E-011
           7          55  -2.5171554340522358E-010
           7          56  -1.0028788626944060E-010
           7          57  -4.4378935592683535E-010
           7          58  -1.7711460498425119E-010
           7          59   8.9815114794359860E-011
           7          60   2.1552585565250935E-010
           7          61   3.8798520209146274E-010
           7          62  -5.0903035651347218E-011
           7          63   2.6924668582223174E-010
           7          64  -3.1083675412058464E-011
           7          65  -2.0632129820662328E-010
           7          66   3.9350448814150164E-013
           7          67  -4.3284657168718523E-010
           7          68  -1.4073187925177097E-010
           7          69   8.1970276473650346E-011
           8           1   2.1675874728435506E-011
           8           2  -6.1455488993442462E-011
           8           3   5.1956874535784308E-011
           8           4  -1.1962570519601400E-009
           8           5  -1.8984784610767418E-009
           8           6   1.8543333009977775E-011
           8           7  -1.2265982143362993E-009
           8           8   2.3327422690976314     
           8           9  -4.5050719416743967E-003
           8          10  -3.0630843803587282E-003
           8          11 -0.88306449691244959     
           8          12   1.2595150988193773E-002
           8          13   8.5636603044648863E-003
           8          14   1.0464513901566979E-002
           8          15  -1.3281873160309873E-002
           8          16  -9.0302406749344869E-003
           8          17   6.9454061281716550E-002
           8          18  -2.1622313440801282E-002
           8          19  -1.4700889172122573E-002
           8          20   3.9392727223325236E-002
           8          21  -1.3321033958039264E-002
           8          22  -9.0568897444436112E-003
           8          23   1.7361093790858274E-003
           8          24  -1.1840461914033021E-003
           8          25  -8.0502471982218764E-004
           8          26  -1.6084438577606768E-009
           8          27   1.7513919301894889E-009
           8          28   8.5951185079874269E-010
           8          29   1.5836789042734679E-011
           8          30   1.5235557161420563E-009
           8          31   1.0673779095767036E-009
           8          32  -1.6915524835444928E-012
           8          33  -2.0537429512771799E-010
           8          34   1.4562039529676091E-009
           8          35  -2.8150040079817871E-010
           8          36  -7.2245703615341897E-011
           8          37  -3.9767645930560981E-010
           8          38  -8.5160224152481346E-010
           8          39   1.6739537895697190E-009
           8          40  -2.1260624454058603E-010
           8          41  -8.4198240047057319E-010
           8          42  -4.8381562365534527E-010
           8          43  -6.1948163723481419E-010
           8          44   1.2766375170388272E-009
           8          45  -1.0661408981237443E-009
           8          46   1.6195422726565281E-009
           8          47  -8.6787770618359032E-010
           8          48   5.2355917140704562E-010
           8          49   2.4736637885910168E-010
           8          50   8.6242116011933743E-003
           8          51   1.1769453294875522E-003
           8          52   3.6559339037287664E-003
           8          53   2.0188821058347199E-004
           8          54   8.0020016228098253E-004
           8          55   4.1424346868014429E-004
           8          56   1.4058901635956550E-004
           8          57   3.3721928293415642E-003
           8          58   1.1281523783906558E-004
           8          59   8.9649805322205835E-005
           8          60   5.5068976506061317E-003
           8          61   7.1958594434660180E-004
           8          62   2.0612460742495944E-003
           8          63  -1.4329073290853512E-003
           8          64   4.8924614472948148E-004
           8          65   4.2724380700645418E-004
           8          66  -4.0035420668163834E-004
           8          67   1.7686019649324847E-003
           8          68  -6.3076758436539111E-004
           8          69  -9.9545922153147890E-004
           9           1  -4.3996067517541307E-010
           9           2  -5.1641169603890316E-010
           9           3  -4.9118276857567812E-009
           9           4  -4.4527684106944788E-010
           9           5  -2.8443867729344754E-008
           9           6   1.4282385354834310E-008
           9           7   1.4534478524904918E-009
           9           8  -4.5050719416743967E-003
           9           9   2.3359515588684818     
           9          10  -2.1605601467608523E-003
           9          11   1.2595145770567272E-002
           9          12 -0.89203690064122410     
           9          13   6.0404317195996982E-003
           9          14  -1.3281858490376332E-002
           9          15   1.9925569305749867E-002
           9          16  -6.3696723836884029E-003
           9          17  -2.1622359381706223E-002
           9          18   8.4856303476607026E-002
           9          19  -1.0369481592784564E-002
           9          20  -1.3321052092620633E-002
           9          21   4.8881694658502728E-002
           9          22  -6.3884273532396913E-003
           9          23  -1.1840413547981839E-003
           9          24   2.5795428461773962E-003
           9          25  -5.6784379597366182E-004
           9          26  -1.9940417961284188E-009
           9          27  -4.4827721718931461E-009
           9          28  -2.1056711208730584E-009
           9          29   1.1393312974264834E-009
           9          30   1.3224276870041630E-009
           9          31   2.1143817629848836E-009
           9          32   8.1237210747629223E-009
           9          33  -2.0359509435544483E-011
           9          34   5.7157893671766738E-009
           9          35  -9.4417945127934811E-010
           9          36   2.3648340618804820E-010
           9          37   9.0730000845554424E-009
           9          38   1.8836399029284356E-009
           9          39  -1.8590515326499822E-009
           9          40   1.1326634759389536E-009
           9          41  -6.5044086235986852E-010
           9          42  -4.2079058780538281E-010
           9          43   5.4687676690078685E-010
           9          44  -7.1750374596640049E-009
           9          45   8.1685678293260160E-010
           9          46  -4.7558286334053826E-009
           9          47  -1.8994286607269943E-009
           9          48  -2.0325563738678387E-009
           9          49  -2.6651664494258187E-009
           9          50   3.3343151475250996E-004
           9          51   3.9157940410814527E-003
           9          52   1.0004868911024794E-003
           9          53   7.6618158431440682E-003
           9          54   1.8378267000345111E-004
           9          55   4.4873894813641515E-004
           9          56   4.7979874765171802E-004
           9          57   1.1282039935043013E-004
           9          58   3.2918277743212128E-003
           9          59   6.3213384558683948E-005
           9          60  -1.3742189963770854E-003
           9          61   2.9742099379371032E-003
           9          62   6.4088349949824092E-004
           9          63   5.4650552453097707E-003
           9          64  -2.4465825927305406E-004
           9          65   5.4390636399578125E-004
           9          66   3.0733986766289802E-004
           9          67  -6.3075752151068600E-004
           9          68   2.2179129931887438E-003
           9          69  -7.0218733053614951E-004
          10           1   1.0939336763077294E-009
          10           2  -6.9592858523215816E-010
          10           3   1.3466201128038001E-008
          10           4  -3.0314212691110000E-009
          10           5   3.9680756470616328E-008
          10           6  -2.1697578506033584E-008
          10           7   7.9945435078636577E-010
          10           8  -3.0630843803587282E-003
          10           9  -2.1605601467608523E-003
          10          10   2.3376602257957177     
          10          11   8.5636641709781400E-003
          10          12   6.0404195779085526E-003
          10          13 -0.89681397645984107     
          10          14  -9.0302502119289762E-003
          10          15  -6.3696404228518189E-003
          10          16   2.4963530632580378E-002
          10          17  -1.4700856979981573E-002
          10          18  -1.0369563598304626E-002
          10          19   9.3057790735335905E-002
          10          20  -9.0568826090406552E-003
          10          21  -6.3884585049789992E-003
          10          22   5.3934451061649444E-002
          10          23  -8.0502772233881316E-004
          10          24  -5.6784006012122409E-004
          10          25   3.0286660490832220E-003
          10          26   1.3421886086601094E-009
          10          27   4.5947639945883917E-009
          10          28   6.3270889193466697E-009
          10          29  -1.8406823283941375E-009
          10          30  -1.9485844116709180E-009
          10          31  -5.9158117906966767E-009
          10          32  -1.1926397560377598E-008
          10          33   7.6562545862255518E-010
          10          34  -1.0493134021007242E-008
          10          35   1.6629404369006131E-009
          10          36  -4.7179712835083409E-010
          10          37  -1.0523111748526471E-008
          10          38  -2.0327119949386530E-009
          10          39   1.2412159060934798E-010
          10          40  -2.0398524807513861E-009
          10          41   1.9869084640784954E-009
          10          42   8.5100777655332634E-010
          10          43   1.2498008377519522E-009
          10          44   7.0975465923409489E-009
          10          45   4.6534188145482036E-010
          10          46   2.7652009331821400E-009
          10          47   4.4101524172765622E-009
          10          48   1.2571327976493535E-009
          10          49   4.2666786946796409E-009
          10          50   2.2667974481618659E-004
          10          51   1.8379643960665261E-004
          10          52   1.4058641629739244E-004
          10          53   9.6825853476988880E-005
          10          54   3.7704354373937271E-003
          10          55   5.5151406738855862E-004
          10          56   3.4302080568225334E-003
          10          57   6.1633482689585047E-004
          10          58   4.3474864984104604E-004
          10          59   7.2258157600113950E-003
          10          60  -9.3434121726649645E-004
          10          61  -2.4464376526016503E-004
          10          62  -4.0036157631065709E-004
          10          63  -6.8717303631254739E-004
          10          64   3.1677139556782947E-003
          10          65   7.5158564963806929E-004
          10          66   2.7040649002614244E-003
          10          67   4.0722271418645048E-004
          10          68   2.8725351675515853E-004
          10          69   5.4768975966595851E-003
          11           1  -5.4659624932618725E-011
          11           2   1.7008873259889261E-010
          11           3   2.8671936989153253E-010
          11           4   3.4932568397387251E-009
          11           5   5.1134478408869376E-009
          11           6  -5.0856347818725958E-011
          11           7   3.3052024901308429E-009
          11           8 -0.88306449691244959     
          11           9   1.2595145770567272E-002
          11          10   8.5636641709781400E-003
          11          11   2.3430992686851644     
          11          12  -3.5151812428768345E-002
          11          13  -2.3900285338465541E-002
          11          14  -3.9333600560802338E-002
          11          15   3.7172431676659609E-002
          11          16   2.5273245440470216E-002
          11          17 -0.20771221526213995     
          11          18   6.0911957395111328E-002
          11          19   4.1413689651911507E-002
          11          20 -0.11313912615132712     
          11          21   3.7886506880535492E-002
          11          22   2.5758802927468492E-002
          11          23  -4.8775388969447648E-003
          11          24   3.3420911056184976E-003
          11          25   2.2722645584754069E-003
          11          26  -5.7060286428602617E-009
          11          27  -2.3965983386683610E-009
          11          28   5.3979031043102366E-009
          11          29  -1.3014260392987587E-010
          11          30   8.9238853409087654E-010
          11          31  -1.2542270291819322E-009
          11          32  -7.9255305661359630E-010
          11          33   6.5318341149725864E-010
          11          34  -3.3111235978419424E-009
          11          35   7.0852296348086918E-010
          11          36   6.0195926973387895E-010
          11          37   1.0556962899507360E-009
          11          38   2.3422027140330790E-009
          11          39  -4.5401686365312642E-009
          11          40   4.4891150984411219E-010
          11          41   2.2912931187151338E-009
          11          42   1.3925142411247512E-009
          11          43   1.7325775864979456E-009
          11          44  -3.4509335945951602E-009
          11          45   2.8985745035165016E-009
          11          46  -4.4383489938691774E-009
          11          47   2.4526969842120113E-009
          11          48  -1.3831861883562766E-009
          11          49  -7.3956570698846812E-010
          11          50  -1.9699762967866210E-002
          11          51  -3.3068896468912354E-003
          11          52  -8.2141990140142257E-003
          11          53  -2.5400736556759247E-004
          11          54  -2.2483395285710097E-003
          11          55  -1.2140583203810958E-003
          11          56  -3.0770863224354643E-004
          11          57  -7.3826152550238062E-003
          11          58  -1.7915066972327704E-004
          11          59  -3.4145002873316459E-005
          11          60  -1.3784599029535874E-002
          11          61  -2.0743457440717521E-003
          11          62  -5.0398437658700666E-003
          11          63   3.9588775398013525E-003
          11          64  -1.4103452033488988E-003
          11          65  -1.2135532117139997E-003
          11          66   1.0996347723919481E-003
          11          67  -4.2086103257490915E-003
          11          68   1.7408607112326857E-003
          11          69   2.7541784601464460E-003
          12           1   1.1623598382989995E-009
          12           2   1.3180793322204346E-009
          12           3   1.3332712126666359E-008
          12           4   1.2570470539430196E-009
          12           5   7.4187319002564770E-008
          12           6  -3.7188279424341962E-008
          12           7  -3.9604428652006383E-009
          12           8   1.2595150988193773E-002
          12           9 -0.89203690064122410     
          12          10   6.0404195779085526E-003
          12          11  -3.5151812428768345E-002
          12          12   2.3681402726086120     
          12          13  -1.6858217236209595E-002
          12          14   3.7172392230155789E-002
          12          15  -6.5812588285431156E-002
          12          16   1.7827017324500628E-002
          12          17   6.0912076587184449E-002
          12          18 -0.25110167410159351     
          12          19   2.9211751903268135E-002
          12          20   3.7886554605043532E-002
          12          21 -0.14012680705523717     
          12          22   1.8169404245619400E-002
          12          23   3.3420778484134330E-003
          12          24  -7.2582158562201678E-003
          12          25   1.6027959092106293E-003
