           1           1   2.0264147051150201     
           1           2  0.94388458597342229     
           1           3   1.1850338425399041     
           1           4   1.8169182594307649     
           1           5  0.56288252841921294     
           1           6 -0.51065924291797971     
           1           7   1.7185325617184145E-002
           1           8   3.5187241193284523E-013
           1           9   3.6994888782191484E-013
           1          10  -4.2000159623045127E-014
           1          11   4.6644138368863157E-012
           1          12   4.5191241362334021E-012
           1          13  -1.2357612879496194E-012
           1          14  -5.7221414906198746E-012
           1          15  -5.3794137411208003E-012
           1          16   1.1464940890300838E-012
           1          17   1.6501001303326702E-011
           1          18   1.5878288344562092E-011
           1          19  -4.5995525620002484E-012
           1          20  -4.3090122923881460E-012
           1          21  -4.0978277422312785E-012
           1          22   1.3161084613743951E-012
           1          23  -1.0425752168751897E-013
           1          24  -1.2182764856433281E-013
           1          25   6.3135565405147734E-015
           1          26  -1.1335343622385610     
           1          27   1.3729255759629330E-014
           1          28  -1.1335343622386511     
           1          29  -5.9622391732282004E-014
           1          30  -1.7086488540687430E-014
           1          31  -1.1335343622386778     
           1          32 -0.46421973201717698     
           1          33   5.5315078179122491E-015
           1          34 -0.46421973201715233     
           1          35   2.0801032606976806E-014
           1          36  -1.7806038122353483E-014
           1          37 -0.46421973201713673     
           1          38   9.8048075957995626E-002
           1          39   5.2233839543778816E-015
           1          40   9.8048075957967495E-002
           1          41   3.9752672751344725E-015
           1          42   1.7044197339006389E-014
           1          43   9.8048075957978542E-002
           1          44   1.3946491245255724E-002
           1          45  -3.3906842371880510E-015
           1          46   1.3946491245269484E-002
           1          47  -1.5221654105154008E-015
           1          48  -1.3351690338288105E-014
           1          49   1.3946491245258942E-002
           1          50  -4.0814581234059458E-012
           1          51  -1.7644822010215287E-012
           1          52  -1.8240674485192414E-012
           1          53  -3.9586850170769591E-012
           1          54   5.8317067453319873E-013
           1          55  -1.9019164449697407E-015
           1          56   5.7813051157019525E-013
           1          57  -1.8068769753634572E-012
           1          58  -1.7656040951025643E-012
           1          59   1.3077920173490701E-012
           1          60  -2.2334256011194856E-012
           1          61  -9.7043752745157092E-013
           1          62  -9.9715485844383225E-013
           1          63  -2.1674169567075364E-012
           1          64   2.3318300266779393E-013
           1          65  -4.4235154986611176E-016
           1          66   2.2514645498743946E-013
           1          67  -1.0125365164805464E-012
           1          68  -9.7570842244283171E-013
           1          69   5.1008859105011226E-013
           2           1  0.94388458597342229     
           2           2   26.054144516087774     
           2           3   34.095678173839907     
           2           4   44.787216479622003     
           2           5   12.786684575402946     
           2           6  -13.200104150143350     
           2           7  0.19005814463218151     
           2           8   7.5407657036878264E-012
           2           9   6.6598378741018220E-012
           2          10   1.9858235523888484E-013
           2          11   9.0922305868534642E-011
           2          12   7.3366385114954222E-011
           2          13  -1.0289513162045184E-011
           2          14  -1.2026222687856418E-010
           2          15  -9.5985191356708785E-011
           2          16   9.7484392503692141E-012
           2          17   2.9240689407427121E-010
           2          18   2.3814288271903710E-010
           2          19  -3.8467858096777529E-011
           2          20  -7.1052747764880411E-011
           2          21  -5.6477012846939653E-011
           2          22   1.1132162588298988E-011
           2          23  -2.8840210322854064E-012
           2          24  -2.7523841805574970E-012
           2          25  -5.8549207848380408E-014
           2          26  -29.646677410849726     
           2          27   1.4441077455844457E-013
           2          28  -29.646677410850941     
           2          29  -7.3192137336372463E-013
           2          30   5.3966655090412534E-014
           2          31  -29.646677410851112     
           2          32  -10.788193788158132     
           2          33   7.0655232650825038E-014
           2          34  -10.788193788157855     
           2          35   3.0332390176664811E-013
           2          36  -5.4807669708803085E-013
           2          37  -10.788193788157731     
           2          38   2.7053608776691531     
           2          39   8.0747067725420169E-014
           2          40   2.7053608776689582     
           2          41  -1.6349563542503578E-013
           2          42   2.7679735507549237E-013
           2          43   2.7053608776689417     
           2          44  0.53155651892323041     
           2          45   1.8663395041870049E-014
           2          46  0.53155651892337374     
           2          47   1.6552752819583384E-013
           2          48  -1.7924195102210082E-015
           2          49  0.53155651892331235     
           2          50  -6.4591781935185877E-011
           2          51  -2.3955585411928867E-011
           2          52  -2.8947209312762081E-011
           2          53  -5.3040389686466983E-011
           2          54   4.8489314215144637E-012
           2          55  -5.3534371014617948E-014
           2          56   4.7576683487752409E-012
           2          57  -2.8870088433212968E-011
           2          58  -2.3773177390120831E-011
           2          59   1.0912996798781171E-011
           2          60  -4.4967484115205046E-011
           2          61  -1.6573823803728999E-011
           2          62  -2.0166555087766786E-011
           2          63  -3.7410438130394352E-011
           2          64   2.0751034330304603E-012
           2          65  -7.5000418214684125E-014
           2          66   1.8884997536613253E-012
           2          67  -2.0057403594844158E-011
           2          68  -1.6527563733859206E-011
           2          69   4.2944459748286281E-012
           3           1   1.1850338425399041     
           3           2   34.095678173839907     
           3           3   49.019182850487695     
           3           4   67.976628860879231     
           3           5   20.921520800484064     
           3           6  -19.693125696877736     
           3           7  0.43875723540387224     
           3           8   1.4211863395570989E-011
           3           9   1.2462644702133770E-011
           3          10  -1.1787664218514418E-012
           3          11   1.7759738666765394E-010
           3          12   1.5022080414934037E-010
           3          13  -3.1496585752103368E-011
           3          14  -2.2538802134449803E-010
           3          15  -1.8587096375038901E-010
           3          16   2.9511948797530553E-011
           3          17   6.0336485536990492E-010
           3          18   5.1459843355865176E-010
           3          19  -1.1776180557287731E-010
           3          20  -1.5283527595243461E-010
           3          21  -1.2905769752719092E-010
           3          22   3.4054441818247423E-011
           3          23  -4.7806880276339878E-012
           3          24  -4.5347391782770820E-012
           3          25  -5.4091570786769005E-014
           3          26  -42.517716477095199     
           3          27   4.5976509655779730E-013
           3          28  -42.517716477097451     
           3          29  -1.5659784239490505E-012
           3          30  -5.2348173310512842E-013
           3          31  -42.517716477098219     
           3          32  -17.177778907652371     
           3          33   2.9867787779552489E-014
           3          34  -17.177778907651838     
           3          35   6.5503314513356185E-013
           3          36  -7.4658752262425139E-013
           3          37  -17.177778907651472     
           3          38   3.8112885528626848     
           3          39   2.0751104611227169E-013
           3          40   3.8112885528623073     
           3          41  -3.6575452337744981E-013
           3          42   3.5627318462259446E-013
           3          43   3.8112885528622300     
           3          44  0.67459501604496763     
           3          45  -1.2005708805435732E-015
           3          46  0.67459501604521421     
           3          47   3.2619893041627409E-013
           3          48   7.0977951910717335E-014
           3          49  0.67459501604514183     
           3          50  -1.4237945870394012E-010
           3          51  -5.5597235091789480E-011
           3          52  -6.3777457116216056E-011
           3          53  -1.2338403463582210E-010
           3          54   1.4919111939503897E-011
           3          55  -7.8195958511090327E-014
           3          56   1.4784526039783004E-011
           3          57  -6.3651152585089612E-011
           3          58  -5.5240472771583053E-011
           3          59   3.3530461051288856E-011
           3          60  -8.6505884153410593E-011
           3          61  -3.2895233168028389E-011
           3          62  -3.8795560777800548E-011
           3          63  -7.4153664782381822E-011
           3          64   6.1112698372611229E-012
           3          65  -1.4448062899890841E-013
           3          66   5.7303762079019480E-012
           3          67  -3.8585117192584990E-011
           3          68  -3.2829415973792492E-011
           3          69   1.2986048611845432E-011
           4           1   1.8169182594307649     
           4           2   44.787216479622003     
           4           3   67.976628860879231     
           4           4   96.978854310988879     
           4           5   30.936976297434079     
           4           6  -27.862896469883481     
           4           7  0.73236126350094932     
           4           8   1.2034086624072591E-011
           4           9   7.9718227261119155E-012
           4          10   7.5219947803891704E-013
           4          11   1.1143918973046208E-010
           4          12   5.9612638650258802E-011
           4          13   2.8489629218480126E-012
           4          14  -1.7704494816969804E-010
           4          15  -1.1257181578693061E-010
           4          16  -1.9205435942527336E-012
           4          17   2.5822717860109799E-010
           4          18   1.0457455600914643E-010
           4          19   9.7904433608872882E-012
           4          20  -4.2435474905856057E-011
           4          21  -1.2815844026356054E-012
           4          22  -2.5514436522037307E-012
           4          23  -6.4079014126778707E-012
           4          24  -5.9108744606207498E-012
           4          25  -3.5900893565636032E-013
           4          26  -58.841816225607687     
           4          27   2.8401696549772976E-015
           4          28  -58.841816225609222     
           4          29  -7.5668415626585501E-013
           4          30   5.6613423441162642E-013
           4          31  -58.841816225609094     
           4          32  -25.086913257135116     
           4          33   2.9758951238003424E-013
           4          34  -25.086913257135016     
           4          35   3.9866411029428310E-013
           4          36  -1.6624749804845196E-012
           4          37  -25.086913257134952     
           4          38   5.2293402157859719     
           4          39   2.2110352159155438E-013
           4          40   5.2293402157857027     
           4          41  -3.0577376828641563E-013
           4          42   7.5498273243272978E-013
           4          43   5.2293402157858164     
           4          44  0.86913721211165673     
           4          45   2.6827866757665341E-014
           4          46  0.86913721211190875     
           4          47   4.0903986620795863E-013
           4          48   4.5987081179898174E-014
           4          49  0.86913721211172379     
           4          50  -2.8714098963884452E-011
           4          51   1.7979861271446627E-012
           4          52  -1.2996478041775635E-011
           4          53   5.4494354018758809E-012
           4          54  -1.4441734167856115E-012
           4          55  -1.0888752929950032E-013
           4          56  -1.6332108072562017E-012
           4          57  -1.2807070180100468E-011
           4          58   2.3647758765034395E-012
           4          59  -2.9387995020005186E-012
           4          60  -5.9822973986801019E-011
           4          61  -1.6923512405015031E-011
           4          62  -2.6925687103442350E-011
           4          63  -3.8740239201988247E-011
           4          64   1.1180688190827878E-013
           4          65  -2.2857972474718976E-013
           4          66  -5.0424160922910733E-013
           4          67  -2.6595278931094684E-011
           4          68  -1.6834052924580181E-011
           4          69  -8.3318242829943957E-013
           5           1  0.56288252841921294     
           5           2   12.786684575402946     
           5           3   20.921520800484064     
           5           4   30.936976297434079     
           5           5   10.324246324713389     
           5           6  -8.8226786261102816     
           5           7  0.27304660413752851     
           5           8   1.1394052590147758E-011
           5           9   1.0688138624119797E-011
           5          10  -2.7535386393995003E-012
           5          11   1.5876650240811584E-010
           5          12   1.4785085156883021E-010
           5          13  -4.6984336539192549E-011
           5          14  -1.8400944683461797E-010
           5          15  -1.6441059172549229E-010
           5          16   4.3605822784522828E-011
           5          17   5.9927426445389506E-010
           5          18   5.5420595977347337E-010
           5          19  -1.7541430352530051E-010
           5          20  -1.6299237322111736E-010
           5          21  -1.5083824910702413E-010
           5          22   5.0607806256572821E-011
           5          23  -2.6300312401338175E-012
           5          24  -2.5077276339168548E-012
           5          25   1.1557556544599894E-013
           5          26  -17.946857961341067     
           5          27   6.9563315494692390E-013
           5          28  -17.946857961341991     
           5          29  -1.3760192043580323E-012
           5          30  -1.9473216734385294E-012
           5          31  -17.946857961343795     
           5          32  -8.2482847130167993     
           5          33  -1.6015779903467572E-013
           5          34  -8.2482847130166217     
           5          35   5.6047873297774132E-013
           5          36   2.1420516713194139E-013
           5          37  -8.2482847130159094     
           5          38   1.5902449265571572     
           5          39   2.0173717789983488E-013
           5          40   1.5902449265569976     
           5          41  -3.0074541126101853E-013
           5          42  -9.7263672426801494E-014
           5          43   1.5902449265567347     
           5          44  0.24310009738583377     
           5          45  -3.8557972975138822E-014
           5          46  0.24310009738594066     
           5          47   2.1709448039966913E-013
           5          48   1.5657519922017324E-013
           5          49  0.24310009738599136     
           5          50  -1.5734886699190020E-010
           5          51  -6.6173958145380056E-011
           5          52  -7.0421892819756390E-011
           5          53  -1.4746822081690358E-010
           5          54   2.2335154079047258E-011
           5          55  -3.2755129885846069E-014
           5          56   2.2276854677976597E-011
           5          57  -7.0357206658486322E-011
           5          58  -6.5964714886415344E-011
           5          59   5.0059473345988782E-011
           5          60  -7.4742299987726179E-011
           5          61  -3.0544824928209420E-011
           5          62  -3.3488935724882745E-011
           5          63  -6.8607861534523371E-011
           5          64   8.7556107187782860E-012
           5          65  -8.4273322480552908E-014
           5          66   8.5232574440445790E-012
           5          67  -3.3367854762332262E-011
           5          68  -3.0518301594730359E-011
           5          69   1.9176452450783965E-011
           6           1 -0.51065924291797971     
           6           2  -13.200104150143350     
           6           3  -19.693125696877736     
           6           4  -27.862896469883481     
           6           5  -8.8226786261102816     
           6           6   8.0467344449212668     
           6           7 -0.19964091773327236     
           6           8  -1.5147197822480711E-012
           6           9  -1.1894752412982106E-012
           6          10   4.1581960877671207E-012
           6          11  -5.8501579649652662E-012
           6          12   3.9850926743858708E-012
           6          13   7.2820514789190378E-011
           6          14   2.3554640069320897E-011
           6          15   8.9700695466159869E-012
           6          16  -6.7373327402982785E-011
           6          17   3.7381264295758555E-011
           6          18   6.5685331732008269E-011
           6          19   2.7147138485668244E-010
           6          20  -2.0163448060449549E-011
           6          21  -2.7437208673892650E-011
           6          22  -7.8228358080159507E-011
           6          23   1.7338795272305826E-012
           6          24   1.6136827708983668E-012
           6          25  -2.7709758686646500E-013
           6          26   16.957310491823090     
           6          27  -9.8402826257965289E-013
           6          28   16.957310491824565     
           6          29   1.9544145818525631E-012
           6          30   2.4851917104945794E-012
           6          31   16.957310491826910     
           6          32   7.1753640327442616     
           6          33   2.8252699316912695E-013
           6          34   7.1753640327438486     
           6          35  -7.6486683671367824E-013
           6          36  -5.1306507155588886E-013
           6          37   7.1753640327429364     
           6          38  -1.5229055058108476     
           6          39  -2.2637204841364408E-013
           6          40  -1.5229055058106014     
           6          41   3.7628196606301158E-013
           6          42   2.2132674391528402E-013
           6          43  -1.5229055058102365     
           6          44 -0.25952347636405060     
           6          45   5.1692535539372117E-014
           6          46 -0.25952347636418482     
           6          47  -2.2402211422921556E-013
           6          48  -1.7431667382849156E-013
           6          49 -0.25952347636427725     
           6          50  -2.3833652090074720E-011
           6          51  -1.2850592390179774E-011
           6          52  -1.0614129824220322E-011
           6          53  -2.9143635375340305E-011
           6          54  -3.4619984577336818E-011
           6          55   3.0669206622128111E-014
           6          56  -3.4566132068777127E-011
           6          57  -1.0668762786485645E-011
           6          58  -1.3013441203522849E-011
           6          59  -7.7496804402300487E-011
           6          60   5.2605517122653227E-012
           6          61   3.0747501403662134E-013
           6          62   2.4020798376006120E-012
           6          63   9.4413034317867521E-013
           6          64  -1.3389646925547284E-011
           6          65   6.5973028879313469E-014
           6          66  -1.3212225060886033E-011
           6          67   2.3068530938430998E-012
           6          68   2.8185227366934484E-013
           6          69  -2.9628568583654846E-011
           7           1   1.7185325617184145E-002
           7           2  0.19005814463218151     
           7           3  0.43875723540387224     
           7           4  0.73236126350094932     
           7           5  0.27304660413752851     
           7           6 -0.19964091773327236     
           7           7   9.7540619951394930E-003
           7           8   4.5346257498673910E-013
           7           9  -3.4565407217478592E-015
           7          10   6.3778199044108759E-013
           7          11   5.4553834796423982E-012
           7          12   1.0308676016911839E-012
           7          13   1.2201652805427159E-011
           7          14  -6.1732571359925957E-012
           7          15  -1.8415385150943169E-012
           7          16  -1.1270610278003546E-011
           7          17   2.1391918233881052E-011
           7          18   4.6966890352497554E-012
           7          19   4.5514889922084632E-011
           7          20  -5.9316678487028781E-012
           7          21  -1.1385231968094102E-012
           7          22  -1.3098579131558846E-011
           7          23  -7.2353549777419696E-014
           7          24  -4.9186011725953320E-014
           7          25  -6.6964078399816956E-014
           7          26 -0.38367787448695767     
           7          27  -3.9665458070826968E-014
           7          28 -0.38367787448676971     
           7          29   1.2440034772858933E-013
           7          30   4.1045785041481191E-013
           7          31 -0.38367787448652563     
           7          32 -0.21020988459579865     
           7          33   1.7413425434449083E-014
           7          34 -0.21020988459587348     
           7          35  -4.5159963821762609E-014
           7          36  -1.6785976601261083E-013
           7          37 -0.21020988459596418     
           7          38   3.1280113870292559E-002
           7          39  -3.8617285943099597E-015
           7          40   3.1280113870323152E-002
           7          41   1.8392550903293383E-014
           7          42   7.3875124112123442E-014
           7          43   3.1280113870365195E-002
           7          44   2.8289033475140776E-003
           7          45   2.2289484401167234E-015
           7          46   2.8289033475039902E-003
           7          47  -3.8436683711597611E-015
           7          48  -2.3609051195060434E-014
           7          49   2.8289033474875012E-003
           7          50  -5.7762223027294241E-012
           7          51  -4.8695504959884704E-013
           7          52  -2.5846119275479002E-012
           7          53  -1.0749588597866980E-012
           7          54  -5.8152147412069563E-012
           7          55  -7.9304583112951234E-016
           7          56  -5.8165891659097700E-012
           7          57  -2.5829247549135643E-012
           7          58  -4.8087784615328485E-013
           7          59  -1.2999612680081253E-011
           7          60  -2.5550333218418424E-012
           7          61  -3.1532664942230493E-013
           7          62  -1.1444567618178045E-012
           7          63  -7.1341848743321964E-013
           7          64  -2.2108358332901187E-012
           7          65  -2.3978091824195949E-015
           7          66  -2.2177016317347643E-012
           7          67  -1.1410380926868472E-012
           7          68  -3.1477652891311452E-013
           7          69  -4.9552680340590957E-012
           8           1   3.5187241193284523E-013
           8           2   7.5407657036878264E-012
           8           3   1.4211863395570989E-011
           8           4   1.2034086624072591E-011
           8           5   1.1394052590147758E-011
           8           6  -1.5147197822480711E-012
           8           7   4.5346257498673910E-013
           8           8   2.0063997323434757     
           8           9   9.8978847796452659E-003
           8          10   4.3383155615975989E-003
           8          11  0.34101171030889110     
           8          12  0.15861065961485246     
           8          13   6.9520216506165494E-002
           8          14 -0.28215376462490160     
           8          15 -0.14583128422120956     
           8          16  -6.3918922455067251E-002
           8          17   1.7270888689869188     
           8          18  0.58876306483759155     
           8          19  0.25805917356237074     
           8          20 -0.55850732017071003     
           8          21 -0.16946821485125693     
           8          22  -7.4279162674157115E-002
           8          23   9.4670143823160705E-003
           8          24  -8.2209622349225196E-004
           8          25  -3.6033080994099932E-004
           8          26  -9.5964361011812483E-012
           8          27  -7.9552660046503350E-014
           8          28  -9.3925275820168637E-012
           8          29   1.6598944025191841E-013
           8          30  -1.3440263258490082E-013
           8          31  -9.4377854688914268E-012
           8          32  -5.3647811593063679E-012
           8          33  -7.4488569372482669E-014
           8          34  -5.4537941250907442E-012
           8          35   4.7203610542108733E-014
           8          36   7.0400311742419600E-014
           8          37  -5.4907082274734715E-012
           8          38  -1.1509464680499793E-012
           8          39   3.3561364040516216E-014
           8          40  -1.1006800106907885E-012
           8          41  -2.6878821664525918E-014
           8          42   1.3400049183020592E-014
           8          43  -1.1117235842189009E-012
           8          44  -3.3413575677414211E-013
           8          45  -7.6243184584558130E-015
           8          46  -3.8049699447793679E-013
           8          47  -4.1603408782317209E-016
           8          48  -7.8385372499916612E-015
           8          49  -3.2112361317436850E-013
           8          50 -0.56551883733822050     
           8          51  -7.5195172466483703E-002
           8          52 -0.25290771256899958     
           8          53 -0.16814151721502726     
           8          54  -3.2958596116971987E-002
           8          55   2.2265478181018621E-015
           8          56  -3.2958596116988252E-002
           8          57 -0.25290771256904021     
           8          58  -7.5195172466525434E-002
           8          59  -7.3697661360515865E-002
           8          60 -0.12867474657289177     
           8          61  -2.8682455431293691E-002
           8          62  -5.7545096064915965E-002
           8          63  -6.4135920105907893E-002
           8          64  -1.2571730779996569E-002
           8          65   9.8890050702388799E-016
           8          66  -1.2571730780003971E-002
           8          67  -5.7545096064889910E-002
           8          68  -2.8682455431278633E-002
           8          69  -2.8111244618880104E-002
           9           1   3.6994888782191484E-013
           9           2   6.6598378741018220E-012
           9           3   1.2462644702133770E-011
           9           4   7.9718227261119155E-012
           9           5   1.0688138624119797E-011
           9           6  -1.1894752412982106E-012
           9           7  -3.4565407217478592E-015
           9           8   9.8978847796452659E-003
           9           9   2.0125214666829256     
           9          10  -3.1994206940499578E-003
           9          11  0.15861065961461251     
           9          12  0.43911068227890104     
           9          13  -5.1269765002781326E-002
           9          14 -0.14583128422048569     
           9          15 -0.37234883157733406     
           9          16   4.7138923009144733E-002
           9          17  0.58876306483663432     
           9          18   2.0912324362238310     
           9          19 -0.19031346348377556     
           9          20 -0.16946821485114866     
           9          21 -0.66332157224331723     
           9          22   5.4779392331135039E-002
           9          23  -8.2209622346406433E-004
           9          24   8.9585567881365590E-003
           9          25   2.6573674361423321E-004
           9          26  -7.5999216944222500E-012
           9          27  -6.3735366886433056E-014
           9          28  -7.5407605868886770E-012
           9          29   9.4215249145101325E-014
           9          30  -1.2628856707199202E-013
           9          31  -7.6353770959926937E-012
           9          32  -4.5492721288222147E-012
           9          33   4.9125161933985962E-014
           9          34  -4.3037859981305107E-012
           9          35   6.9931973066514912E-015
           9          36   1.6208343188524080E-013
           9          37  -4.1135209753515940E-012
           9          38  -1.0845335686705259E-012
           9          39   6.6438249953678181E-015
           9          40  -1.2464457993133549E-012
           9          41  -4.8539047157444042E-014
           9          42  -1.4405770766448014E-013
           9          43  -1.3055656972195491E-012
           9          44  -2.0249123450979321E-013
           9          45  -3.3790962954003208E-015
           9          46  -1.4061765509729791E-013
           9          47   3.6526298858505131E-015
           9          48   4.5924891298958156E-014
           9          49  -8.4848848042204833E-014
           9          50 -0.16814151721484577     
           9          51 -0.29941511083506872     
           9          52  -7.5195172466591978E-002
           9          53 -0.66951254131788152     
           9          54   2.4306303442071513E-002
           9          55  -7.2944667893257383E-014
           9          56   2.4306303441991493E-002
           9          57  -7.5195172466527155E-002
           9          58 -0.29941511083513317     
           9          59   5.4350546778339393E-002
           9          60  -6.4135920105717392E-002
           9          61  -7.5284883530826407E-002
           9          62  -2.8682455431084421E-002
           9          63 -0.16834211725304701     
           9          64   9.2713992440961734E-003
           9          65   2.5553545419359872E-014
           9          66   9.2713992442299050E-003
           9          67  -2.8682455431154601E-002
           9          68  -7.5284883530744806E-002
           9          69   2.0731478956349778E-002
          10           1  -4.2000159623045127E-014
          10           2   1.9858235523888484E-013
          10           3  -1.1787664218514418E-012
          10           4   7.5219947803891704E-013
          10           5  -2.7535386393995003E-012
          10           6   4.1581960877671207E-012
          10           7   6.3778199044108759E-013
          10           8   4.3383155615975989E-003
          10           9  -3.1994206940499578E-003
          10          10   2.0184186285628831     
          10          11   6.9520216505995283E-002
          10          12  -5.1269765002150386E-002
          10          13  0.53361094739756920     
          10          14  -6.3918922455993885E-002
          10          15   4.7138923008665269E-002
          10          16 -0.45923514208010907     
          10          17  0.25805917356224367     
          10          18 -0.19031346348113670     
          10          19   2.4420175969150959     
          10          20  -7.4279162673221599E-002
          10          21   5.4779392330016684E-002
          10          22 -0.76429077111153676     
          10          23  -3.6033081025920772E-004
          10          24   2.6573674364987934E-004
          10          25   8.4687516817368962E-003
          10          26  -3.5660973324081343E-013
          10          27  -6.6458189750579905E-015
          10          28  -3.2886102077618523E-013
          10          29  -1.2421211277624383E-013
          10          30   2.2140447267614444E-014
          10          31  -2.8564272701404458E-013
          10          32   3.3814051373954873E-013
          10          33   6.4644666236495042E-014
          10          34   9.0574993837432664E-014
          10          35   5.2641641993268576E-013
          10          36  -6.3062873792297466E-015
          10          37  -1.8821947906381130E-013
          10          38  -8.1222946785040863E-013
          10          39  -5.3936597473326416E-014
          10          40  -7.5342885287534695E-013
          10          41  -3.3382937547318194E-013
          10          42   1.6903644828405898E-013
          10          43  -6.5342425691930836E-013
          10          44  -6.1995123803094989E-013
          10          45  -1.3265333278144488E-014
          10          46  -5.4232754597946033E-013
          10          47   1.1866006346843903E-013
          10          48  -7.1863835119623556E-014
          10          49  -5.4368977329579816E-013
          10          50  -7.3697661359903605E-002
          10          51   2.4306303441869289E-002
          10          52  -3.2958596116643479E-002
          10          53   5.4350546777196897E-002
          10          54 -0.34421641076902854     
          10          55   1.1454455561900603E-015
          10          56 -0.34421641076918263     
          10          57  -3.2958596116920695E-002
          10          58   2.4306303441679972E-002
          10          59 -0.76969129345021470     
          10          60  -2.8111244619593183E-002
          10          61   9.2713992440328300E-003
          10          62  -1.2571730780367083E-002
          10          63   2.0731478956597195E-002
          10          64  -9.2373896646110468E-002
          10          65   5.9464954194377029E-014
          10          66  -9.2373896646342366E-002
          10          67  -1.2571730780113840E-002
          10          68   9.2713992440863237E-003
          10          69 -0.20655431224766208     
          11           1   4.6644138368863157E-012
          11           2   9.0922305868534642E-011
          11           3   1.7759738666765394E-010
          11           4   1.1143918973046208E-010
          11           5   1.5876650240811584E-010
          11           6  -5.8501579649652662E-012
          11           7   5.4553834796423982E-012
          11           8  0.34101171030889110     
          11           9  0.15861065961461251     
          11          10   6.9520216505995283E-002
          11          11   8.2647456536413184     
          11          12   2.5416886439395450     
          11          13   1.1140407917419772     
          11          14  -6.8780127120750860     
          11          15  -2.3369029542913999     
          11          16  -1.0242817205958257     
          11          17   27.339675105183691     
          11          18   9.4347529951921860     
          11          19   4.1353215004200221     
          11          20  -7.8053248903530124     
          11          21  -2.7156777371886869     
          11          22  -1.1903014886055834     
          11          23  -5.0945959300403666E-002
          11          24  -1.3173847460907296E-002
          11          25  -5.7741940542158539E-003
          11          26  -1.0754714906973061E-010
          11          27  -4.7932737190512559E-013
          11          28  -1.0553694246209968E-010
          11          29   1.6214278991548083E-012
          11          30  -1.3846981020038932E-012
          11          31  -1.0598236807835083E-010
          11          32  -6.4591071159742365E-011
          11          33  -1.5623421968976208E-012
          11          34  -6.5655836511449543E-011
          11          35   1.2151478560120259E-012
          11          36   8.9419083695128252E-013
          11          37  -6.6341606135140591E-011
          11          38  -2.1856562078369675E-011
          11          39   8.2175410841755667E-013
          11          40  -2.1142315362464970E-011
          11          41  -6.9746833140836177E-013
          11          42   3.3834083193530048E-013
          11          43  -2.1259560006633514E-011
          11          44  -5.1987972976090466E-012
          11          45  -2.1903641045636050E-013
          11          46  -5.8553767898011391E-012
          11          47   1.2948068925437593E-013
          11          48  -1.9225380283669773E-013
          11          49  -4.9499247183161123E-012
          11          50  -7.7440378014892355     
          11          51  -1.2049802730887145     
          11          52  -3.4632389888919506     
          11          53  -2.6944178021750047     
          11          54 -0.52815169972346176     
          11          55   4.7327281617113910E-014
          11          56 -0.52815169972372678     
          11          57  -3.4632389888925394     
          11          58  -1.2049802730892782     
          11          59  -1.1809831030138167     
          11          60  -3.0392727384638114     
          11          61 -0.45962781711564810     
          11          62  -1.3592040890734727     
          11          63  -1.0277590434191020     
          11          64 -0.20145824647244595     
          11          65   4.2092087419637534E-014
          11          66 -0.20145824647256325     
          11          67  -1.3592040890730903     
          11          68 -0.45962781711532252     
          11          69 -0.45047433374010237     
          12           1   4.5191241362334021E-012
          12           2   7.3366385114954222E-011
          12           3   1.5022080414934037E-010
          12           4   5.9612638650258802E-011
          12           5   1.4785085156883021E-010
          12           6   3.9850926743858708E-012
          12           7   1.0308676016911839E-012
          12           8  0.15861065961485246     
          12           9  0.43911068227890104     
          12          10  -5.1269765002150386E-002
          12          11   2.5416886439395450     
          12          12   9.8367525013573704     
          12          13 -0.82158273474247334     
          12          14  -2.3369029542871260     
          12          15  -8.3233618327922336     
          12          16  0.75538722044973894     
          12          17   9.4347529951898448     
          12          18   33.174967460987418     
          12          19  -3.0497166464284136     
          12          20  -2.7156777371893970     
          12          21  -9.4849421043520596     
          12          22  0.87782346879449180     
          12          23  -1.3173847460788890E-002
          12          24  -5.9093841014174184E-002
          12          25   4.2583522768060381E-003
