           1           1   2.3009578519599390     
           1           2 -0.51929653920048158     
           1           3 -0.58668605088850234     
           1           4  -3.1588082835650011E-002
           1           5  -5.5123149393500021E-002
           1           6  -1.6055898719801642E-013
           1           7  -7.2245204485033160E-014
           1           8   1.1601414549843938E-013
           1           9   3.7959873704538044E-013
           1          10  -7.9611349019112880E-014
           1          11  -1.1675561525323297E-013
           1          12  -1.5678662507483205E-013
           1          13   7.2254978148298499E-014
           1          14   6.8456835029162561E-014
           1          15   7.2733275389376448E-015
           1          16  -1.1824769861217059E-014
           1          17  -4.5930698836170254E-015
           1          18  0.15613370664849724     
           1          19   4.0636857618326915E-015
           1          20  0.15613370664848991     
           1          21  -4.1315508780300797E-016
           1          22   1.2617165933273001E-015
           1          23  0.15613370664849976     
           1          24  0.12194747116400527     
           1          25   1.1061027352182398E-015
           1          26  0.12194747116399664     
           1          27  -3.6287783120296504E-016
           1          28   9.2097405177947823E-016
           1          29  0.12194747116400259     
           1          30   4.5273183876838534E-002
           1          31   2.5468097806567020E-015
           1          32   4.5273183876848130E-002
           1          33  -3.0115685507365590E-015
           1          34  -3.6058435470415622E-015
           1          35   4.5273183876843870E-002
           1          36  -1.3340518608641067E-014
           1          37   2.2314830555570757E-014
           1          38  -4.3372044540302544E-015
           1          39   5.2936579850816359E-014
           1          40  -1.1630642067297900E-014
           1          41   2.3614164375974045E-015
           1          42  -1.6979493416151587E-014
           1          43  -2.6841456298131339E-015
           1          44   2.6814982177869890E-014
           1          45  -1.8179632399443924E-014
           1          46   9.4533039300721540E-015
           1          47  -4.3563838699590353E-015
           1          48   1.6175020994351289E-014
           1          49  -1.2053477003214253E-014
           1          50  -1.2108112871324495E-014
           1          51  -3.5696380753839502E-015
           1          52  -8.8921952150070087E-015
           1          53   2.0362552128630296E-015
           1          54  -2.8196879716142242E-015
           1          55  -2.7419130588785563E-014
           2           1 -0.51929653920048158     
           2           2  0.94109466075706416     
           2           3   1.6213469816571144     
           2           4 -0.41556608383380123     
           2           5  -4.2639191500894472E-002
           2           6   1.1056540875071558E-012
           2           7  -4.3960883688740260E-013
           2           8  -1.7472034230655833E-013
           2           9  -1.4541962302310462E-012
           2          10   5.2489573643590755E-013
           2          11   2.6865212538245399E-013
           2          12   7.0379500721409843E-013
           2          13  -1.9925388327100638E-013
           2          14  -1.1344857321744073E-013
           2          15  -2.9852070374677110E-014
           2          16  -5.0868441678128505E-015
           2          17   4.2127796216857917E-015
           2          18 -0.17660761382478909     
           2          19  -2.7732975767102831E-015
           2          20 -0.17660761382478307     
           2          21   3.3646841710759346E-015
           2          22   1.3130171804705361E-016
           2          23 -0.17660761382477805     
           2          24 -0.18035672560593957     
           2          25   1.0048661745787617E-015
           2          26 -0.18035672560593716     
           2          27  -1.8900961661033999E-015
           2          28   1.3474708335352506E-015
           2          29 -0.18035672560596161     
           2          30   8.3444108083401657E-003
           2          31  -2.3521127102528826E-015
           2          32   8.3444108083416957E-003
           2          33  -5.1087311653414650E-016
           2          34  -2.0163619363623801E-015
           2          35   8.3444108083503103E-003
           2          36  -1.8933174543268515E-013
           2          37   3.7477776518621435E-014
           2          38  -8.5233980824131958E-014
           2          39   8.6108355505942945E-014
           2          40   1.3665982737131702E-014
           2          41  -5.1655965886844748E-016
           2          42   4.3649986013732987E-015
           2          43  -8.4149173678591849E-014
           2          44   3.9642955547126181E-014
           2          45   1.8213923119212003E-014
           2          46  -1.8539179368723111E-013
           2          47   2.2428704524383254E-014
           2          48  -8.5041257334307340E-014
           2          49   4.4890692430058270E-014
           2          50   2.4118448137271872E-015
           2          51   1.7863068194088278E-015
           2          52   1.4429118823735347E-014
           2          53  -8.6380477654068195E-014
           2          54   2.0721746780845022E-014
           2          55   2.0362231680463159E-014
           3           1 -0.58668605088850234     
           3           2   1.6213469816571144     
           3           3   2.8403914930863463     
           3           4 -0.75583757570926102     
           3           5  -8.5484789853483054E-002
           3           6   1.4247001226809423E-012
           3           7  -8.3251396627379720E-013
           3           8  -3.8315760991122628E-013
           3           9  -1.7546540569656398E-012
           3          10   9.7653879780224565E-013
           3          11   5.9412664116908531E-013
           3          12   8.9187868417196753E-013
           3          13  -3.6656451559710385E-013
           3          14  -2.4978594784984691E-013
           3          15  -4.2807871051029703E-014
           3          16  -1.0507237932048861E-014
           3          17   8.4666984953871552E-015
           3          18 -0.29529350167826984     
           3          19  -4.3906059004131049E-015
           3          20 -0.29529350167826007     
           3          21   6.0174690390477405E-015
           3          22   4.3018577605257653E-016
           3          23 -0.29529350167824947     
           3          24 -0.30729545156916138     
           3          25   1.9850944459169120E-015
           3          26 -0.30729545156915838     
           3          27  -3.4712477704277328E-015
           3          28   2.5759437723522380E-015
           3          29 -0.30729545156920174     
           3          30   2.2001577091545273E-002
           3          31  -3.8613518349135606E-015
           3          32   2.2001577091549505E-002
           3          33  -1.3836716686902838E-015
           3          34  -4.1952369212856915E-015
           3          35   2.2001577091564421E-002
           3          36  -2.7105195070213867E-013
           3          37   7.2750968702534211E-014
           3          38  -1.2198518358331769E-013
           3          39   1.6730722933074788E-013
           3          40   2.7993127215438940E-014
           3          41  -5.7249673686706034E-016
           3          42   1.0366689682610680E-014
           3          43  -1.1977199868854510E-013
           3          44   7.7351873622498360E-014
           3          45   4.1482960021708102E-014
           3          46  -2.6149045112100425E-013
           3          47   4.1453778128194874E-014
           3          48  -1.1896758481995584E-013
           3          49   8.2831553071862707E-014
           3          50   7.5093319969461645E-015
           3          51   2.6824556195685430E-015
           3          52   2.9718535533242782E-014
           3          53  -1.2354942730304045E-013
           3          54   3.8603914196523695E-014
           3          55   4.3790903233367009E-014
           4           1  -3.1588082835650011E-002
           4           2 -0.41556608383380123     
           4           3 -0.75583757570926102     
           4           4  0.21729491123139849     
           4           5   2.9015101665185263E-002
           4           6  -7.9772293378133124E-013
           4           7   2.2722389842353153E-013
           4           8   6.7528763152809343E-014
           4           9   1.0701430682582921E-012
           4          10  -2.4758799206235274E-013
           4          11  -1.1218473570098795E-013
           4          12  -5.0376206526595651E-013
           4          13   8.7891456804039026E-014
           4          14   4.4742168737835989E-014
           4          15   1.8964326060330504E-014
           4          16   4.2814387957117740E-015
           4          17  -1.4370209216779372E-015
           4          18   7.0385742613307878E-002
           4          19   8.9651309656251758E-016
           4          20   7.0385742613305727E-002
           4          21  -1.6727215493320938E-015
           4          22  -2.3077567890431896E-016
           4          23   7.0385742613301883E-002
           4          24   7.6736856508952234E-002
           4          25  -6.5879839876846208E-016
           4          26   7.6736856508952137E-002
           4          27   1.0167012023922770E-015
           4          28  -8.1059265405913303E-016
           4          29   7.6736856508963905E-002
           4          30  -1.0144639085247233E-002
           4          31   8.7688589585325354E-016
           4          32  -1.0144639085249261E-002
           4          33   6.5214586059485014E-016
           4          34   1.5014960680161802E-015
           4          35  -1.0144639085253128E-002
           4          36   1.3234852485127896E-013
           4          37  -2.1660657428689793E-014
           4          38   5.9265556331618660E-014
           4          39  -5.0011136945589496E-014
           4          40  -5.0826620845159235E-015
           4          41  -4.0822558883216221E-017
           4          42   3.8191383440627728E-016
           4          43   5.8494905287156823E-014
           4          44  -2.3354330167942194E-014
           4          45  -6.0458419175153383E-015
           4          46   1.2689725742567258E-013
           4          47  -1.0492001148151015E-014
           4          48   5.6296373581960973E-014
           4          49  -2.0462009212936937E-014
           4          50   7.4702359387314632E-016
           4          51  -4.5413016509227692E-016
           4          52  -5.8348806415346442E-015
           4          53   5.8814644795726710E-014
           4          54  -9.8152826521513703E-015
           4          55  -5.9648296223187245E-015
           5           1  -5.5123149393500021E-002
           5           2  -4.2639191500894472E-002
           5           3  -8.5484789853483054E-002
           5           4   2.9015101665185263E-002
           5           5   5.0028019232549424E-003
           5           6  -1.2780077029990775E-013
           5           7   2.8838739428226844E-014
           5           8  -4.9725220582754935E-015
           5           9   1.7174951224682828E-013
           5          10  -2.6974833317255778E-014
           5          11   4.6068377618717951E-015
           5          12  -7.9948916962025323E-014
           5          13   8.3127809915483280E-015
           5          14  -2.9525708362551112E-015
           5          15   2.8107738127713613E-015
           5          16   8.6335474023993821E-016
           5          17   1.1920257840205325E-016
           5          18   5.7105649182424157E-003
           5          19   2.6738462898384430E-017
           5          20   5.7105649182422969E-003
           5          21  -2.0880720786148762E-016
           5          22  -5.8040893555600503E-017
           5          23   5.7105649182415770E-003
           5          24   7.2959856428245883E-003
           5          25  -1.1036528334524562E-016
           5          26   7.2959856428247661E-003
           5          27   1.4052660924431174E-016
           5          28  -1.2604112589345007E-016
           5          29   7.2959856428261669E-003
           5          30  -2.3255129749262856E-003
           5          31   5.7806624985762306E-017
           5          32  -2.3255129749267626E-003
           5          33   1.5173828097897810E-016
           5          34   2.7558757618794667E-016
           5          35  -2.3255129749271720E-003
           5          36   2.1194575773026011E-014
           5          37  -3.1758535843615144E-015
           5          38   9.4524926610931145E-015
           5          39  -7.3742136350916819E-015
           5          40   2.6302694290893920E-016
           5          41  -5.7666688505155830E-017
           5          42   1.0936667721924522E-015
           5          43   9.3154275105331497E-015
           5          44  -3.4963077503948365E-015
           5          45   1.1077754249802170E-015
           5          46   1.9926836156559142E-014
           5          47  -1.1312848474458788E-015
           5          48   8.5875721743095499E-015
           5          49  -2.0876066870769483E-015
           5          50   1.0237319105938813E-015
           5          51   1.9954838946055145E-017
           5          52   9.4779631793524179E-017
           5          53   9.2291428607474349E-015
           5          54  -1.0771693290970136E-015
           5          55   1.3018555486930677E-015
           6           1  -1.6055898719801642E-013
           6           2   1.1056540875071558E-012
           6           3   1.4247001226809423E-012
           6           4  -7.9772293378133124E-013
           6           5  -1.2780077029990775E-013
           6           6   4.3565421810484217     
           6           7  0.11250047682094266     
           6           8  -1.6555935305309855E-002
           6           9  -6.4713117183523758     
           6          10 -0.16711089293236858     
           6          11   2.4592581386105539E-002
           6          12   2.8259609434040733     
           6          13   7.2975754715452382E-002
           6          14  -1.0739348917089497E-002
           6          15  -7.9598024713747481E-002
           6          16  -2.0554869808192718E-003
           6          17   3.0249213546623514E-004
           6          18  -1.1459819545556605E-013
           6          19   5.8660620052386811E-016
           6          20  -1.1370161949903884E-013
           6          21   1.0301911207805062E-015
           6          22   2.1137741030362366E-015
           6          23  -1.1375769188857712E-013
           6          24  -1.2973631125323685E-014
           6          25   2.7892902654859896E-015
           6          26  -5.0321782521150899E-015
           6          27  -5.4805450495026999E-016
           6          28  -5.6985707504030879E-015
           6          29  -7.5085736461001626E-015
           6          30   9.1065914639356606E-014
           6          31  -2.3712481792882325E-015
           6          32   7.8991771048499348E-014
           6          33   4.8525092043855014E-016
           6          34   1.9103655347200561E-015
           6          35   8.7792235931567754E-014
           6          36 -0.58057249280196910     
           6          37  -6.7047701325228361E-003
           6          38 -0.25963991195434888     
           6          39  -1.4992321789805869E-002
           6          40   9.8669573400340937E-004
           6          41   3.8103427855361562E-015
           6          42   9.8669573398312699E-004
           6          43 -0.25963991195434610     
           6          44  -6.7047701325060874E-003
           6          45   2.2063187343163704E-003
           6          46 -0.57228933445768970     
           6          47  -6.6091116689674136E-003
           6          48 -0.25593557092908187     
           6          49  -1.4778422962747128E-002
           6          50   9.7261832400893922E-004
           6          51  -4.6541981289830787E-015
           6          52   9.7261832402286558E-004
           6          53 -0.25593557092909353     
           6          54  -6.6091116689917899E-003
           6          55   2.1748406886619165E-003
           7           1  -7.2245204485033160E-014
           7           2  -4.3960883688740260E-013
           7           3  -8.3251396627379720E-013
           7           4   2.2722389842353153E-013
           7           5   2.8838739428226844E-014
           7           6  0.11250047682094266     
           7           7   9.5317760309885466E-002
           7           8  0.62753240475781669     
           7           9 -0.16711089293214393     
           7          10 -0.14158727578574462     
           7          11 -0.93215160918703310     
           7          12   7.2975754715128807E-002
           7          13   6.1829831240987829E-002
           7          14  0.40706183777595178     
           7          15  -2.0554869807649437E-003
           7          16  -1.7415429773217164E-003
           7          17  -1.1465593075135134E-002
           7          18   7.7975648640216628E-014
           7          19  -1.3005630321838140E-016
           7          20   7.6582191344325621E-014
           7          21   1.3741838840371264E-016
           7          22   1.1494509792046268E-015
           7          23   7.7203830634644751E-014
           7          24   8.8171268768188600E-014
           7          25   5.2392181168153088E-017
           7          26   8.9075432782617519E-014
           7          27  -2.4133687993216591E-016
           7          28  -5.1774879193326665E-016
           7          29   8.8618239032957069E-014
           7          30  -8.0569798859647858E-015
           7          31  -4.0254734670264399E-016
           7          32  -9.6894200945217976E-015
           7          33  -6.2779858959717284E-016
           7          34   1.8182448523491516E-016
           7          35  -9.1476481493245660E-015
           7          36  -1.4992321789854029E-002
           7          37  -5.6807196776873427E-003
           7          38  -6.7047701325340051E-003
           7          39  -1.2702475360429609E-002
           7          40  -3.7399490593380449E-002
           7          41   1.2480602755672553E-016
           7          42  -3.7399490593380769E-002
           7          43  -6.7047701325331334E-003
           7          44  -5.6807196776874945E-003
           7          45  -8.3627803290667838E-002
           7          46  -1.4778422962622023E-002
           7          47  -5.5996715722671040E-003
           7          48  -6.6091116689321215E-003
           7          49  -1.2521246287265383E-002
           7          50  -3.6865903648730110E-002
           7          51  -4.3254058120658274E-016
           7          52  -3.6865903648730519E-002
           7          53  -6.6091116689323756E-003
           7          54  -5.5996715722677927E-003
           7          55  -8.2434666610516780E-002
           8           1   1.1601414549843938E-013
           8           2  -1.7472034230655833E-013
           8           3  -3.8315760991122628E-013
           8           4   6.7528763152809343E-014
           8           5  -4.9725220582754935E-015
           8           6  -1.6555935305309855E-002
           8           7  0.62753240475781669     
           8           8   4.2671605304964659     
           8           9   2.4592581386198020E-002
           8          10 -0.93215160918670337     
           8          11  -6.3385420816583347     
           8          12  -1.0739348917124136E-002
           8          13  0.40706183777586646     
           8          14   2.7679816921952503     
           8          15   3.0249213547093277E-004
           8          16  -1.1465593075140182E-002
           8          17  -7.7964939910684206E-002
           8          18   5.0643883128655528E-014
           8          19  -9.8891879073352086E-016
           8          20   4.1014363930885899E-014
           8          21   7.4909512557716670E-016
           8          22   7.4317749757202943E-015
           8          23   4.5248564005271682E-014
           8          24   4.9406753408886107E-014
           8          25  -1.4403421951156866E-016
           8          26   5.4127007103685348E-014
           8          27  -1.5416741940887987E-015
           8          28  -2.4965859361546586E-015
           8          29   5.1464249815031745E-014
           8          30   1.1070782195207306E-014
           8          31  -2.3102756209405219E-015
           8          32   2.1426498779613466E-015
           8          33  -4.3529943014620833E-015
           8          34   8.9304960828651745E-016
           8          35   4.2463872254320967E-015
           8          36   2.2063187343042273E-003
           8          37  -3.7399490593409378E-002
           8          38   9.8669573398139226E-004
           8          39  -8.3627803290731981E-002
           8          40 -0.25431297078967369     
           8          41   1.6498198756043085E-016
           8          42 -0.25431297078967224     
           8          43   9.8669573398683236E-004
           8          44  -3.7399490593413409E-002
           8          45 -0.56866109024565981     
           8          46   2.1748406886467758E-003
           8          47  -3.6865903648742725E-002
           8          48   9.7261832401406706E-004
           8          49  -8.2434666610557955E-002
           8          50 -0.25068463043220507     
           8          51  -2.1048104815534725E-015
           8          52 -0.25068463043221034     
           8          53   9.7261832401443482E-004
           8          54  -3.6865903648743023E-002
           8          55 -0.56054787456081723     
           9           1   3.7959873704538044E-013
           9           2  -1.4541962302310462E-012
           9           3  -1.7546540569656398E-012
           9           4   1.0701430682582921E-012
           9           5   1.7174951224682828E-013
           9           6  -6.4713117183523758     
           9           7 -0.16711089293214393     
           9           8   2.4592581386198020E-002
           9           9   9.6126408550018176     
           9          10  0.24823050822320966     
           9          11  -3.6530407257663322E-002
           9          12  -4.1977498228321766     
           9          13 -0.10839992751591768     
           9          14   1.5952485160629637E-002
           9          15  0.11823680540235559     
           9          16   3.0532694125538279E-003
           9          17  -4.4932903656323686E-004
           9          18   1.4204988199761693E-013
           9          19  -8.7135884877301091E-016
           9          20   1.4071808667629433E-013
           9          21  -1.5302704748382218E-015
           9          22  -3.1398504948332540E-015
           9          23   1.4080137794180416E-013
           9          24  -1.4063540570877545E-014
           9          25  -4.1432783227591862E-015
           9          26  -2.5859964180110687E-014
           9          27   8.1409324018629817E-016
           9          28   8.4647929808568476E-015
           9          29  -2.2181467366271256E-014
           9          30  -1.2753842127835544E-013
           9          31   3.5223086319470133E-015
           9          32  -1.0960320025639662E-013
           9          33  -7.2080329703638023E-016
           9          34  -2.8377025534042889E-015
           9          35  -1.2267562080416139E-013
           9          36  0.86239623533686949     
           9          37   9.9594255545598122E-003
           9          38  0.38567532115063935     
           9          39   2.2269952556806451E-002
           9          40  -1.4656613893695783E-003
           9          41  -5.6599741019940861E-015
           9          42  -1.4656613893394496E-003
           9          43  0.38567532115063535     
           9          44   9.9594255545349328E-003
           9          45  -3.2773184985910586E-003
           9          46  0.85009223426659775     
           9          47   9.8173321900427313E-003
           9          48  0.38017280459292868     
           9          49   2.1952222134705074E-002
           9          50  -1.4447504686265558E-003
           9          51   6.9134569665462793E-015
           9          52  -1.4447504686472407E-003
           9          53  0.38017280459294600     
           9          54   9.8173321900789402E-003
           9          55  -3.2305602583974219E-003
          10           1  -7.9611349019112880E-014
          10           2   5.2489573643590755E-013
          10           3   9.7653879780224565E-013
          10           4  -2.4758799206235274E-013
          10           5  -2.6974833317255778E-014
          10           6 -0.16711089293236858     
          10           7 -0.14158727578574462     
          10           8 -0.93215160918670337     
          10           9  0.24823050822320966     
          10          10  0.21031711822911370     
          10          11   1.3846402447456154     
          10          12 -0.10839992751558275     
          10          13  -9.1843506805477010E-002
          10          14 -0.60465936777844753     
          10          15   3.0532694124772329E-003
          10          16   2.5869294979353774E-003
          10          17   1.7031265563715113E-002
          10          18  -9.9290188918509529E-014
          10          19   1.9318873640746413E-016
          10          20  -9.7220314198336616E-014
          10          21  -2.0412455342802807E-016
          10          22  -1.7074219145073981E-015
          10          23  -9.8143712034707658E-014
          10          24  -1.0928809759821523E-013
          10          25  -7.7824596171835827E-017
          10          26  -1.1063116440182326E-013
          10          27   3.5848756060968878E-016
          10          28   7.6907641086883387E-016
          10          29  -1.0995203789580104E-013
          10          30   4.4534105292643452E-015
          10          31   5.9795343500661298E-016
          10          32   6.8782761708948200E-015
          10          33   9.3254700649966509E-016
          10          34  -2.7008642934734325E-016
          10          35   6.0735151948878321E-015
          10          36   2.2269952556907932E-002
          10          37   8.4382765714524216E-003
          10          38   9.9594255545897917E-003
          10          39   1.8868560026711497E-002
          10          40   5.5554095812529132E-002
          10          41  -1.8538985164975575E-016
          10          42   5.5554095812529618E-002
          10          43   9.9594255545884976E-003
          10          44   8.4382765714526471E-003
          10          45  0.12422273466535928     
          10          46   2.1952222134548754E-002
          10          47   8.3178857815645758E-003
          10          48   9.8173321900035058E-003
          10          49   1.8599358036661833E-002
          10          50   5.4761493031659544E-002
          10          51   6.4250610128428456E-016
          10          52   5.4761493031660141E-002
          10          53   9.8173321900038822E-003
          10          54   8.3178857815655975E-003
          10          55  0.12245042096816988     
          11           1  -1.1675561525323297E-013
          11           2   2.6865212538245399E-013
          11           3   5.9412664116908531E-013
          11           4  -1.1218473570098795E-013
          11           5   4.6068377618717951E-015
          11           6   2.4592581386105539E-002
          11           7 -0.93215160918703310     
          11           8  -6.3385420816583347     
          11           9  -3.6530407257663322E-002
          11          10   1.3846402447456154     
          11          11   9.4154216683006151     
          11          12   1.5952485160621199E-002
          11          13 -0.60465936777853480     
          11          14  -4.1116260594953884     
          11          15  -4.4932903656853124E-004
          11          16   1.7031265563728637E-002
          11          17  0.11581098226467214     
          11          18  -7.5173292699787298E-014
          11          19   1.4689635708825792E-015
          11          20  -6.0869375088771643E-014
          11          21  -1.1127237756118064E-015
          11          22  -1.1039335897573474E-014
          11          23  -6.7158956922368785E-014
          11          24  -7.4462733941440437E-014
          11          25   2.1395186683235875E-016
          11          26  -8.1474311421772150E-014
          11          27   2.2900396377404102E-015
          11          28   3.7084883270027679E-015
          11          29  -7.7518988202327247E-014
          11          30  -1.4863322137396536E-014
          11          31   3.4317385387554708E-015
          11          32  -1.6012613363010620E-015
          11          33   6.4660416133502522E-015
          11          34  -1.3265571994955453E-015
          11          35  -4.7262029949051257E-015
          11          36  -3.2773184985606801E-003
          11          37   5.5554095812591756E-002
          11          38  -1.4656613893313658E-003
          11          39  0.12422273466549850     
          11          40  0.37776255562486349     
          11          41  -2.4506818138046585E-016
          11          42  0.37776255562486138     
          11          43  -1.4656613893394357E-003
          11          44   5.5554095812597751E-002
          11          45  0.84470275373128656     
          11          46  -3.2305602583627968E-003
          11          47   5.4761493031697646E-002
          11          48  -1.4447504686287416E-003
          11          49  0.12245042096827435     
          11          50  0.37237293227274693     
          11          51   3.1265357175793595E-015
          11          52  0.37237293227275475     
          11          53  -1.4447504686292967E-003
          11          54   5.4761493031698097E-002
          11          55  0.83265118954277872     
          12           1  -1.5678662507483205E-013
          12           2   7.0379500721409843E-013
          12           3   8.9187868417196753E-013
          12           4  -5.0376206526595651E-013
          12           5  -7.9948916962025323E-014
          12           6   2.8259609434040733     
          12           7   7.2975754715128807E-002
          12           8  -1.0739348917124136E-002
          12           9  -4.1977498228321766     
          12          10 -0.10839992751558275     
          12          11   1.5952485160621199E-002
          12          12   1.8331178539681581     
          12          13   4.7337228487860865E-002
          12          14  -6.9663001839813665E-003
          12          15  -5.1632900512633056E-002
          12          16  -1.3333340264072933E-003
          12          17   1.9621776284762301E-004
          12          18  -7.3568794254381021E-014
          12          19   3.8051421125917813E-016
          12          20  -7.2987211767480481E-014
          12          21   6.6825471912826738E-016
          12          22   1.3711431704585170E-015
          12          23  -7.3023584279499262E-014
          12          24  -6.5139733588407719E-015
          12          25   1.8093306623702592E-015
          12          26  -1.3625861529050558E-015
          12          27  -3.5550685876133392E-016
          12          28  -3.6964954554827040E-015
          12          29  -2.9689511031328144E-015
          12          30   5.7466348192405631E-014
          12          31  -1.5381590406577626E-015
          12          32   4.9634205911941116E-014
          12          33   3.1476801828664741E-016
          12          34   1.2391980071327185E-015
          12          35   5.5342808975980492E-014
          12          36 -0.37660032229465790     
          12          37  -4.3491874384769241E-003
          12          38 -0.16842078419984133     
          12          39  -9.7250787593060658E-003
          12          40   6.4004053936488059E-004
          12          41   2.4716574396428962E-015
          12          42   6.4004053935172445E-004
          12          43 -0.16842078419983955     
          12          44  -4.3491874384660595E-003
          12          45   1.4311741543597337E-003
          12          46 -0.37122728078692435     
          12          47  -4.2871366030484016E-003
          12          48 -0.16601788698838021     
          12          49  -9.5863288732754813E-003
          12          50   6.3090893701248790E-004
          12          51  -3.0190416134579883E-015
          12          52   6.3090893702152234E-004
          12          53 -0.16601788698838779     
          12          54  -4.2871366030642136E-003
          12          55   1.4107552707824378E-003
          13           1   7.2254978148298499E-014
          13           2  -1.9925388327100638E-013
          13           3  -3.6656451559710385E-013
          13           4   8.7891456804039026E-014
          13           5   8.3127809915483280E-015
          13           6   7.2975754715452382E-002
          13           7   6.1829831240987829E-002
          13           8  0.40706183777586646     
          13           9 -0.10839992751591768     
          13          10  -9.1843506805477010E-002
          13          11 -0.60465936777853480     
          13          12   4.7337228487860865E-002
          13          13   4.0107195331283457E-002
          13          14  0.26404905709602178     
          13          15  -1.3333340263779645E-003
          13          16  -1.1296877731563917E-003
          13          17  -7.4373934365285386E-003
          13          18   3.9309891711273348E-014
          13          19  -8.4363703612788692E-017
          13          20   3.8405996894962936E-014
          13          21   8.9139272018500172E-017
          13          22   7.4561508613895459E-016
          13          23   3.8809236042508773E-014
          13          24   4.2584218904540331E-014
          13          25   3.3985268951813700E-017
          13          26   4.3170723541709499E-014
          13          27  -1.5654814496217509E-016
          13          28  -3.3584843292999202E-016
          13          29   4.2874155385950016E-014
          13          30  -3.4145253139866063E-016
          13          31  -2.6112063934610839E-016
          13          32  -1.4003685432512151E-015
          13          33  -4.0723450406250354E-016
          13          34   1.1794420264348207E-016
          13          35  -1.0489369964557229E-015
          13          36  -9.7250787593804282E-003
          13          37  -3.6849159889706311E-003
          13          38  -4.3491874385034532E-003
          13          39  -8.2397226427142062E-003
          13          40  -2.4259950972090487E-002
          13          41   8.0958004013537502E-017
          13          42  -2.4259950972090698E-002
          13          43  -4.3491874385028877E-003
          13          44  -3.6849159889707295E-003
          13          45  -5.4246899504409814E-002
          13          46  -9.5863288732368351E-003
          13          47  -3.6323424636984952E-003
          13          48  -4.2871366030445175E-003
          13          49  -8.1221646663908534E-003
          13          50  -2.3913828794724368E-002
          13          51  -2.8057636954509249E-016
          13          52  -2.3913828794724631E-002
          13          53  -4.2871366030446823E-003
          13          54  -3.6323424636989414E-003
          13          55  -5.3472946787294716E-002
          14           1   6.8456835029162561E-014
          14           2  -1.1344857321744073E-013
          14           3  -2.4978594784984691E-013
          14           4   4.4742168737835989E-014
          14           5  -2.9525708362551112E-015
          14           6  -1.0739348917089497E-002
          14           7  0.40706183777595178     
          14           8   2.7679816921952503     
          14           9   1.5952485160629637E-002
          14          10 -0.60465936777844753     
          14          11  -4.1116260594953884     
          14          12  -6.9663001839813665E-003
          14          13  0.26404905709602178     
          14          14   1.7955084167964666     
          14          15   1.9621776285003775E-004
          14          16  -7.4373934365333716E-003
          14          17  -5.0573566371258261E-002
          14          18   3.2672487834072286E-014
          14          19  -6.4148257096383662E-016
          14          20   2.6426101588798354E-014
          14          21   4.8591600397771845E-016
          14          22   4.8207741251569972E-015
          14          23   2.9172702801297818E-014
          14          24   3.1993916847794154E-014
          14          25  -9.3430767323692096E-017
          14          26   3.5055806766475344E-014
          14          27  -1.0000387644359745E-015
          14          28  -1.6194619618550637E-015
          14          29   3.3328554329385750E-014
          14          30   7.0104293076252588E-015
          14          31  -1.4986079330707544E-015
          14          32   1.2190121291488339E-015
          14          33  -2.8236595381321157E-015
          14          34   5.7929504838002963E-016
          14          35   2.5836447510926349E-015
          14          36   1.4311741543472298E-003
          14          37  -2.4259950972114339E-002
          14          38   6.4004053934852909E-004
          14          39  -5.4246899504462785E-002
          14          40 -0.16496535394034084     
          14          41   1.0701896913546030E-016
          14          42 -0.16496535394033993     
          14          43   6.4004053935205751E-004
          14          44  -2.4259950972116955E-002
          14          45 -0.36887374534293504     
          14          46   1.4107552707680673E-003
          14          47  -2.3913828794737555E-002
          14          48   6.3090893701377854E-004
          14          49  -5.3472946787332630E-002
          14          50 -0.16261175612963044     
          14          51  -1.3653287325009167E-015
          14          52 -0.16261175612963386     
          14          53   6.3090893701401793E-004
          14          54  -2.3913828794737753E-002
          14          55 -0.36361094064646804     
          15           1   7.2733275389376448E-015
          15           2  -2.9852070374677110E-014
          15           3  -4.2807871051029703E-014
          15           4   1.8964326060330504E-014
          15           5   2.8107738127713613E-015
          15           6  -7.9598024713747481E-002
          15           7  -2.0554869807649437E-003
          15           8   3.0249213547093277E-004
          15           9  0.11823680540235559     
          15          10   3.0532694124772329E-003
          15          11  -4.4932903656853124E-004
          15          12  -5.1632900512633056E-002
          15          13  -1.3333340263779645E-003
          15          14   1.9621776285003775E-004
