           1           1   2.0061344161911192     
           1           2   2.7532998657502313E-002
           1           3 -0.25882996499614863     
           1           4 -0.18476862907436875     
           1           5  -1.5885610239134894E-002
           1           6   3.3986362831396395E-010
           1           7  -3.6847553131912792E-010
           1           8  -3.0928915419902105E-009
           1           9  -9.0703953838870285E-013
           1          10  -3.3281975959712640E-010
           1          11  -3.6729830124208849E-009
           1          12   1.3229098252398511E-010
           1          13  -2.2966191858649783E-010
           1          14  -2.1795936928158610E-009
           1          15  -1.0681534266233779E-011
           1          16  -2.9407822132016709E-011
           1          17  -3.2012433536806849E-010
           1          18   2.4174347451492231E-003
           1          19   2.6608152783738582E-005
           1          20   2.3859262551637855E-003
           1          21  -1.9770858055016588E-006
           1          22   3.7467345635601261E-006
           1          23   2.4293533632113841E-003
           1          24   1.0715504298609809E-002
           1          25   6.4367956395926934E-006
           1          26   1.0707882043433561E-002
           1          27  -4.7818759893138900E-007
           1          28   9.0632657545391612E-007
           1          29   1.0718387514402818E-002
           1          30   6.3230059282395838E-003
           1          31  -4.9726621375207562E-004
           1          32   6.9118513126900701E-003
           1          33   3.6949723949644510E-005
           1          34  -7.0021520515842057E-005
           1          35   6.1002644038828224E-003
           1          36  -6.5077127679530940E-011
           1          37  -2.3405632902917824E-011
           1          38  -2.4593482017890430E-011
           1          39  -4.4238040718318991E-011
           1          40  -2.3662542491123559E-010
           1          41  -7.0808901478957299E-012
           1          42  -2.4045550864390984E-010
           1          43  -8.7581763688667212E-012
           1          44  -2.8109667724518343E-011
           1          45  -5.6970411878861504E-010
           1          46  -5.8965040980960426E-011
           1          47  -3.6247314780248037E-011
           1          48  -1.9368819382999452E-011
           1          49  -7.7224462879028174E-011
           1          50  -3.3130877250654251E-010
           1          51  -1.2428009287343174E-012
           1          52  -3.4677448345870331E-010
           1          53  -3.9437325338964923E-012
           1          54  -6.2027007423708653E-011
           1          55  -8.4536198804273396E-010
           2           1   2.7532998657502313E-002
           2           2   4.6428893779499131E-002
           2           3  0.15622645279279473     
           2           4  0.10511268825759640     
           2           5   6.7531856577636657E-003
           2           6   5.5632313351164690E-010
           2           7   5.5552872436147421E-010
           2           8   1.4016366045451189E-009
           2           9   4.7175732123185204E-010
           2          10   4.1210116205402600E-010
           2          11   1.2395073404209937E-009
           2          12   3.6281384237333783E-010
           2          13   3.3228435168249028E-010
           2          14   9.8784569449154346E-010
           2          15   3.3221110380544167E-011
           2          16   3.0052829010966063E-011
           2          17   1.2571693831150537E-010
           2          18   1.4754441254777627E-003
           2          19   3.5526454680662547E-004
           2          20   1.0547522905144701E-003
           2          21  -2.6398265157782274E-005
           2          22   5.0025896128850524E-005
           2          23   1.6345787825572718E-003
           2          24   3.2730952789078206E-003
           2          25   4.0227216453786203E-004
           2          26   2.7967386170895444E-003
           2          27  -2.9891204787602311E-005
           2          28   5.6645166495893214E-005
           2          29   3.4532861389930344E-003
           2          30  -8.2669036637347663E-004
           2          31   3.4445848378760792E-004
           2          32  -1.2345861463623306E-003
           2          33  -2.5595238607576197E-005
           2          34   4.8504216300643475E-005
           2          35  -6.7239633679605699E-004
           2          36   2.5534735653551173E-011
           2          37   1.4273308344239976E-011
           2          38   7.9414291095477160E-012
           2          39   2.2364080294250000E-011
           2          40   4.3544718331468573E-011
           2          41   3.2149593814779356E-012
           2          42   4.9218117199850162E-011
           2          43  -2.6626650459266500E-012
           2          44   1.5612844899442001E-011
           2          45   1.2406795657849579E-010
           2          46   3.5242859575042050E-011
           2          47   2.5802726926063225E-011
           2          48   1.0508341669479905E-011
           2          49   4.9150917069335454E-011
           2          50   8.5811919707198079E-011
           2          51  -1.1245259021227639E-012
           2          52   9.8445001245073178E-011
           2          53   2.0629247356651641E-012
           2          54   4.0671786932974193E-011
           2          55   2.5955482494285731E-010
           3           1 -0.25882996499614863     
           3           2  0.15622645279279473     
           3           3  0.58803947769962450     
           3           4  0.39816591672964502     
           3           5   2.6240476775141866E-002
           3           6  -3.9241377838542443E-010
           3           7   7.6552933342470605E-010
           3           8   4.8339671827229763E-009
           3           9  -6.9749637608023641E-011
           3          10   5.6095082898412335E-010
           3          11   4.5204007645200146E-009
           3          12  -1.0515181169247933E-010
           3          13   4.6549865858921035E-010
           3          14   3.4803831030887731E-009
           3          15   1.4329099614490923E-011
           3          16   5.3747120485172681E-011
           3          17   4.6996512507252397E-010
           3          18   4.6486548419393814E-003
           3          19   1.0597324358797670E-003
           3          20   3.3937568356130435E-003
           3          21  -7.8744452778670084E-005
           3          22   1.4922422153810665E-004
           3          23   5.1233438353980344E-003
           3          24   9.4386478355503716E-003
           3          25   1.0883980002411725E-003
           3          26   8.1498049142960625E-003
           3          27  -8.0874486400687833E-005
           3          28   1.5326066715664038E-004
           3          29   9.9261769137584006E-003
           3          30  -3.8749896804806594E-003
           3          31   1.2143120884056567E-003
           3          32  -5.3129359076740336E-003
           3          33  -9.0230341072931896E-005
           3          34   1.7099087038412037E-004
           3          35  -3.3310602874572527E-003
           3          36   3.5951433793431969E-011
           3          37   3.3530745931699907E-011
           3          38   3.6488677492454076E-012
           3          39   5.4885894631490862E-011
           3          40   1.8668643597007078E-010
           3          41   1.1501888818244290E-011
           3          42   2.0765582952252402E-010
           3          43  -3.8452465569931748E-011
           3          44   4.3103236202725191E-011
           3          45   5.1732994828655047E-010
           3          46   1.4807346651611138E-011
           3          47   6.1087081187659720E-011
           3          48  -1.2235975150600303E-011
           3          49   1.2726664024106348E-010
           3          50   3.4578384058130072E-010
           3          51  -5.3369487564398312E-012
           3          52   3.9348971120056250E-010
           3          53  -4.7402466001743530E-011
           3          54   1.2391030715170631E-010
           3          55   1.0284616406503191E-009
           4           1 -0.18476862907436875     
           4           2  0.10511268825759640     
           4           3  0.39816591672964502     
           4           4  0.27272011277299280     
           4           5   1.7747991856527975E-002
           4           6  -2.7636909405848701E-009
           4           7   1.5377445754001864E-009
           4           8   3.4079156474813669E-008
           4           9  -1.9156785075263676E-009
           4          10   1.1486560013169247E-009
           4          11   2.6401392059915572E-008
           4          12  -1.5433771262412792E-009
           4          13   9.2098823160517770E-010
           4          14   2.0684865068066998E-008
           4          15  -1.0170590982500412E-010
           4          16   8.4402345298175958E-011
           4          17   1.7437997848529716E-009
           4          18   2.8610011111029738E-003
           4          19  -3.7541832098771273E-005
           4          20   2.9054569637607950E-003
           4          21   2.7894169512268033E-006
           4          22  -5.2862593564492570E-006
           4          23   2.8441850327380492E-003
           4          24   6.1309567398939594E-003
           4          25  -7.4458723916748758E-004
           4          26   7.0126710349591118E-003
           4          27   5.5326959353602600E-005
           4          28  -1.0484744539550935E-004
           4          29   5.7974318103803891E-003
           4          30  -2.1148857130334426E-003
           4          31   4.9350284387865927E-004
           4          32  -2.6992746662297218E-003
           4          33  -3.6670073484530838E-005
           4          34   6.9491591817115418E-005
           4          35  -1.8938300994786931E-003
           4          36  -4.2896501986272549E-011
           4          37   3.2321065524226436E-011
           4          38  -2.2930330643896031E-011
           4          39   6.5729344900790690E-011
           4          40   5.2941626617735597E-010
           4          41   4.5675814954570315E-011
           4          42   5.0075140088542104E-010
           4          43  -6.6577347700778307E-011
           4          44   5.4495549674339687E-011
           4          45   1.2959785628255054E-009
           4          46  -1.1717847607351038E-010
           4          47   6.1038230586148043E-011
           4          48  -5.8594048525005705E-011
           4          49   1.4177325677784170E-010
           4          50   9.7154575544660622E-010
           4          51   4.8761625711256480E-011
           4          52   9.4407034133486446E-010
           4          53  -1.0206286207087683E-010
           4          54   1.2984744015023969E-010
           4          55   2.4177128961328318E-009
           5           1  -1.5885610239134894E-002
           5           2   6.7531856577636657E-003
           5           3   2.6240476775141866E-002
           5           4   1.7747991856527975E-002
           5           5   1.1814398450360230E-003
           5           6  -2.4830470660886715E-009
           5           7  -4.7357556710750276E-009
           5           8  -4.6460777361530139E-008
           5           9  -1.8653033136328439E-009
           5          10  -3.5777062094825529E-009
           5          11  -3.5053557748413422E-008
           5          12  -1.4678005954407114E-009
           5          13  -2.8096073518841786E-009
           5          14  -2.7542209289458342E-008
           5          15  -1.1187341927386849E-010
           5          16  -2.1526580993029064E-010
           5          17  -2.1090191181581451E-009
           5          18   2.0079043446428836E-004
           5          19   5.6294653402395422E-005
           5          20   1.3412827741627416E-004
           5          21  -4.1830270657993092E-006
           5          22   7.9270237453984804E-006
           5          23   2.2600665843291261E-004
           5          24   3.8962694214821959E-004
           5          25   6.7412330634076200E-005
           5          26   3.0979961227680096E-004
           5          27  -5.0091354884665957E-006
           5          28   9.4925352592758908E-006
           5          29   4.1982313015596472E-004
           5          30  -1.9067353860486151E-004
           5          31   5.8532693005789366E-005
           5          32  -2.5998592182116840E-004
           5          33  -4.3493144119034766E-006
           5          34   8.2421613203300785E-006
           5          35  -1.6445486286050993E-004
           5          36  -6.8525983762601920E-011
           5          37  -6.4514173678582569E-011
           5          38  -3.7766936079062037E-011
           5          39  -1.1780047258845002E-010
           5          40  -5.8547540411275556E-010
           5          41  -5.7004307922770401E-011
           5          42  -5.1828630688042396E-010
           5          43  -2.6971462748642533E-011
           5          44  -7.5494198812554517E-011
           5          45  -1.3633036723284082E-009
           5          46  -1.2772467316671482E-010
           5          47  -1.1598082268688619E-010
           5          48  -6.7333860592694781E-011
           5          49  -2.2073556284603101E-010
           5          50  -1.0717449748719189E-009
           5          51  -8.2319075684309417E-011
           5          52  -9.7505679074478754E-010
           5          53  -5.0846508188225547E-011
           5          54  -1.2952158168323478E-010
           5          55  -2.4688825198374279E-009
           6           1   3.3986362831396395E-010
           6           2   5.5632313351164690E-010
           6           3  -3.9241377838542443E-010
           6           4  -2.7636909405848701E-009
           6           5  -2.4830470660886715E-009
           6           6  0.18261657411900004     
           6           7   9.5836031487423951E-002
           6           8  -7.1211564233666595E-003
           6           9  0.13793733861060006     
           6          10   7.2388649474924946E-002
           6          11  -5.3788843486295467E-003
           6          12  0.10836157497481158     
           6          13   5.6867472374660819E-002
           6          14  -4.2255731896023154E-003
           6          15   8.3329397306947609E-003
           6          16   4.3730736523154247E-003
           6          17  -3.2494368946215329E-004
           6          18   1.5572208288986793E-010
           6          19  -3.8941557366669524E-011
           6          20   8.2460876014933887E-011
           6          21  -4.8947668899854043E-012
           6          22   5.5614582652408688E-011
           6          23   2.0938656887845924E-010
           6          24   8.6563294198291882E-010
           6          25   5.8774179122830669E-011
           6          26   9.1399811272727435E-010
           6          27   2.7720317430846399E-010
           6          28  -2.3283200809696835E-010
           6          29   1.0943754471968120E-009
           6          30   1.3129377793638698E-009
           6          31   1.8394672831932017E-010
           6          32   1.0696044493419576E-009
           6          33   1.5773639457471047E-011
           6          34  -1.9648389965365744E-010
           6          35   7.6887663315709850E-010
           6          36   5.1999544892839160E-003
           6          37   1.6102019361447922E-003
           6          38   2.2635573642743193E-003
           6          39   2.4161761514145258E-003
           6          40  -1.1964712266138252E-004
           6          41   1.4138267831173885E-005
           6          42  -5.1485537243929532E-005
           6          43   2.4274274386427933E-003
           6          44   1.2711656302735598E-003
           6          45  -2.1156299669314552E-004
           6          46   9.5168959635774618E-003
           6          47   2.7899964096838249E-003
           6          48   4.1676772408960564E-003
           6          49   4.5479959882423716E-003
           6          50  -2.0731259827902650E-004
           6          51   2.0182016675289192E-005
           6          52  -1.1001337580881505E-004
           6          53   4.4015982945106785E-003
           6          54   2.3060299019253432E-003
           6          55  -3.8366044706354371E-004
           7           1  -3.6847553131912792E-010
           7           2   5.5552872436147421E-010
           7           3   7.6552933342470605E-010
           7           4   1.5377445754001864E-009
           7           5  -4.7357556710750276E-009
           7           6   9.5836031487423951E-002
           7           7   5.1574592363092482E-002
           7           8   1.3494965085463625E-002
           7           9   7.2388648730764546E-002
           7          10   3.8956277099430316E-002
           7          11   1.0193266061588142E-002
           7          12   5.6867472622916103E-002
           7          13   3.0603484506984927E-002
           7          14   8.0076844722860117E-003
           7          15   4.3730751313270791E-003
           7          16   2.3533889694340496E-003
           7          17   6.1578600162108630E-004
           7          18   9.1999419064664676E-011
           7          19  -1.4244522321543249E-010
           7          20  -5.9457918216850833E-011
           7          21   8.8465075894353517E-012
           7          22   1.5103679726395076E-010
           7          23   2.7826790866598164E-010
           7          24   2.5710223912832919E-010
           7          25   5.4054248854111583E-010
           7          26  -4.0296302837394797E-011
           7          27   4.7595474436353646E-010
           7          28  -3.3887622835399323E-010
           7          29   1.4441263560226583E-010
           7          30   1.8677002954745484E-009
           7          31  -2.4144649318589172E-010
           7          32   1.2630924783895508E-009
           7          33   3.0638119211457373E-011
           7          34  -4.1822318288716736E-010
           7          35   1.2868002899425032E-010
           7          36   2.7289031114931042E-003
           7          37   8.6132935846810566E-004
           7          38   1.1906337283670570E-003
           7          39   1.3002757924338022E-003
           7          40   1.5664829222505251E-004
           7          41   2.8538652881368096E-005
           7          42   1.6765641847637047E-004
           7          43   1.2711655662008465E-003
           7          44   6.8929137261813901E-004
           7          45   4.0092193336830869E-004
           7          46   4.9944070923578715E-003
           7          47   1.4940147412274231E-003
           7          48   2.1910721796597160E-003
           7          49   2.4475253578995822E-003
           7          50   2.9281639568873476E-004
           7          51   4.0738494658622340E-005
           7          52   3.0853100270408995E-004
           7          53   2.3060297587222788E-003
           7          54   1.2484353748783573E-003
           7          55   7.2705467234848069E-004
           8           1  -3.0928915419902105E-009
           8           2   1.4016366045451189E-009
           8           3   4.8339671827229763E-009
           8           4   3.4079156474813669E-008
           8           5  -4.6460777361530139E-008
           8           6  -7.1211564233666595E-003
           8           7   1.3494965085463625E-002
           8           8  0.23218568777623161     
           8           9  -5.3788906162551223E-003
           8          10   1.0193254828920917E-002
           8          11  0.17537878597148801     
           8          12  -4.2255941225991687E-003
           8          13   8.0076546272433331E-003
           8          14  0.13777506176562720     
           8          15  -3.2493486941379847E-004
           8          16   6.1578145364639815E-004
           8          17   1.0594815329183988E-002
           8          18   1.2497868473132179E-010
           8          19  -1.4967626339413428E-009
           8          20  -1.5632151315288650E-009
           8          21   1.4313823077994090E-010
           8          22   1.6579205079463134E-009
           8          23   2.3150269485645082E-009
           8          24  -2.7750373326194658E-009
           8          25   7.1550186033750718E-009
           8          26  -7.4735627755294523E-009
           8          27   4.4146308172817675E-009
           8          28  -2.8651397788589243E-009
           8          29  -5.7826324604425695E-009
           8          30   1.5754826521528805E-008
           8          31  -4.5032785557428628E-009
           8          32   9.2840769656830527E-009
           8          33   2.9641252292601656E-010
           8          34  -4.2256745536738745E-009
           8          35  -3.7615531692206192E-009
           8          36  -2.0277766223638703E-004
           8          37   1.5664772991391527E-004
           8          38  -5.1486769069486800E-005
           8          39   3.4022518911440815E-004
           8          40   2.9578459913589092E-003
           8          41   2.8366587157775138E-004
           8          42   2.6219347031697050E-003
           8          43  -1.3143980417772570E-004
           8          44   2.4908358563105964E-004
           8          45   6.8980087892210641E-003
           8          46  -3.7111464580090150E-004
           8          47   2.9281644563813083E-004
           8          48  -1.1001535423621989E-004
           8          49   6.4042821082030128E-004
           8          50   5.4129500946464015E-003
           8          51   4.0492977465296043E-004
           8          52   4.9334537825051761E-003
           8          53  -2.2414540998263587E-004
           8          54   4.2477848759982879E-004
           8          55   1.2509242487594748E-002
           9           1  -9.0703953838870285E-013
           9           2   4.7175732123185204E-010
           9           3  -6.9749637608023641E-011
           9           4  -1.9156785075263676E-009
           9           5  -1.8653033136328439E-009
           9           6  0.13793733861060006     
           9           7   7.2388648730764546E-002
           9           8  -5.3788906162551223E-003
           9           9  0.10418938957083289     
           9          10   5.4677937281057527E-002
           9          11  -4.0628837268373219E-003
           9          12   8.1849675100894748E-002
           9          13   4.2954193929410057E-002
           9          14  -3.1917422714202752E-003
           9          15   6.2941906275468130E-003
           9          16   3.3031510964931354E-003
           9          17  -2.4544279863393032E-004
           9          18   1.1743399231532371E-010
           9          19  -3.3239437037136336E-011
           9          20   6.6626956273263039E-011
           9          21  -3.4129595560645940E-012
           9          22   4.1469122144462626E-011
           9          23   1.5625525396179418E-010
           9          24   6.5509574834058887E-010
           9          25   3.6276423360872269E-011
           9          26   7.0124074718338217E-010
           9          27   2.0998531493986142E-010
           9          28  -1.7700999739847354E-010
           9          29   8.2423764999061958E-010
           9          30   9.9287601310587812E-010
           9          31   1.3753126191032039E-010
           9          32   8.1074791841112610E-010
           9          33   1.2019269152051953E-011
           9          34  -1.4861041915500391E-010
           9          35   5.8129421577192311E-010
           9          36   3.9277260928172429E-003
           9          37   1.2162475921044056E-003
           9          38   1.7097521401575166E-003
           9          39   1.8250309824166630E-003
           9          40  -9.0374168863373424E-005
           9          41   1.0679170612994949E-005
           9          42  -3.8889086115438822E-005
           9          43   1.8335295269025138E-003
           9          44   9.6016039758843260E-004
           9          45  -1.5980188469427026E-004
           9          46   7.1884784137633594E-003
           9          47   2.1073918358317681E-003
           9          48   3.1480072895692084E-003
           9          49   3.4352766794707645E-003
           9          50  -1.5659135241549398E-004
           9          51   1.5244243634491752E-005
           9          52  -8.3097485019527654E-005
           9          53   3.3246968824227705E-003
           9          54   1.7418332715559090E-003
           9          55  -2.8979388400475486E-004
          10           1  -3.3281975959712640E-010
          10           2   4.1210116205402600E-010
          10           3   5.6095082898412335E-010
          10           4   1.1486560013169247E-009
          10           5  -3.5777062094825529E-009
          10           6   7.2388649474924946E-002
          10           7   3.8956277099430316E-002
          10           8   1.0193254828920917E-002
          10           9   5.4677937281057527E-002
          10          10   2.9425177319164691E-002
          10          11   7.6993573415520926E-003
          10          12   4.2954194558499297E-002
          10          13   2.3115991189403148E-002
          10          14   6.0485053424504248E-003
          10          15   3.3031522476036608E-003
          10          16   1.7776053792261230E-003
          10          17   4.6512633377385269E-004
          10          18   6.9299445570948744E-011
          10          19  -1.0723975069352947E-010
          10          20  -4.5521859102100172E-011
          10          21   6.6557563660344961E-012
          10          22   1.1413374936080386E-010
          10          23   2.1015390689602495E-010
          10          24   1.9349114506588584E-010
          10          25   4.0894148352732262E-010
          10          26  -3.1914051575165850E-011
          10          27   3.5945848229008837E-010
          10          28  -2.5587469591448968E-010
          10          29   1.0866334394836677E-010
          10          30   1.4104516537469515E-009
          10          31  -1.8225154767791950E-010
          10          32   9.5362387970636244E-010
          10          33   2.3133067278270374E-011
          10          34  -3.1588267784016379E-010
          10          35   9.6958332048407179E-011
          10          36   2.0612457310990968E-003
          10          37   6.5059526050141169E-004
          10          38   8.9933155710587485E-004
          10          39   9.8214841368270416E-004
          10          40   1.1832233427003247E-004
          10          41   2.1556329380600372E-005
          10          42   1.2663721452925301E-004
          10          43   9.6016036306492128E-004
          10          44   5.2064833268212877E-004
          10          45   3.0283141952890542E-004
          10          46   3.7724682327985037E-003
          10          47   1.1284869129611190E-003
          10          48   1.6550012897321295E-003
          10          49   1.8487102210897912E-003
          10          50   2.2117521959289004E-004
          10          51   3.0771333635821966E-005
          10          52   2.3304509396123834E-004
          10          53   1.7418331870091431E-003
          10          54   9.4299134327447060E-004
          10          55   5.4917174686010533E-004
          11           1  -3.6729830124208849E-009
          11           2   1.2395073404209937E-009
          11           3   4.5204007645200146E-009
          11           4   2.6401392059915572E-008
          11           5  -3.5053557748413422E-008
          11           6  -5.3788843486295467E-003
          11           7   1.0193266061588142E-002
          11           8  0.17537878597148801     
          11           9  -4.0628837268373219E-003
          11          10   7.6993573415520926E-003
          11          11  0.13247034674452318     
          11          12  -3.1917543638153587E-003
          11          13   6.0484894646159132E-003
          11          14  0.10406680661940429     
          11          15  -2.4543585051530528E-004
          11          16   4.6512341106895536E-004
          11          17   8.0026717745632272E-003
          11          18   9.2708807236332440E-011
          11          19  -1.1449363216768230E-009
          11          20  -1.1654278832583615E-009
          11          21   1.0918587775090134E-010
          11          22   1.2502671356251947E-009
          11          23   1.7404980082983643E-009
          11          24  -2.0941853094552356E-009
          11          25   5.3734741811763241E-009
          11          26  -5.6064689882291840E-009
          11          27   3.3368430506943639E-009
          11          28  -2.1685136767068247E-009
          11          29  -4.3798176349994427E-009
          11          30   1.1903726728312567E-008
          11          31  -3.4068420836549748E-009
          11          32   7.0224469283271336E-009
          11          33   2.2428876310418110E-010
          11          34  -3.1925669096832737E-009
          11          35  -2.8401390321440274E-009
          11          36  -1.5316579622826778E-004
          11          37   1.1832205182596894E-004
          11          38  -3.8889948565611502E-005
          11          39   2.5698516828555541E-004
          11          40   2.2341749142859310E-003
          11          41   2.1426374997988911E-004
          11          42   1.9804481900316554E-003
          11          43  -9.9281553826669001E-005
          11          44   1.8814241271138113E-004
          11          45   5.2103315181086978E-003
          11          46  -2.8031721832339596E-004
          11          47   2.2117551804225435E-004
          11          48  -8.3098850198636668E-005
          11          49   4.8374005452410038E-004
          11          50   4.0886095317041998E-003
          11          51   3.0585904294050419E-004
          11          52   3.7264275126734020E-003
          11          53  -1.6930567481423766E-004
          11          54   3.2085152927665021E-004
          11          55   9.4487122867437396E-003
          12           1   1.3229098252398511E-010
          12           2   3.6281384237333783E-010
          12           3  -1.0515181169247933E-010
          12           4  -1.5433771262412792E-009
          12           5  -1.4678005954407114E-009
          12           6  0.10836157497481158     
          12           7   5.6867472622916103E-002
          12           8  -4.2255941225991687E-003
          12           9   8.1849675100894748E-002
          12          10   4.2954194558499297E-002
          12          11  -3.1917543638153587E-003
          12          12   6.4299919038949646E-002
          12          13   3.3744191805616178E-002
          12          14  -2.5073957336507937E-003
          12          15   4.9446249758234211E-003
          12          16   2.5949075972925171E-003
          12          17  -1.9281701773424617E-004
          12          18   9.2508068064958127E-011
          12          19  -2.5322422176372657E-011
          12          20   5.1659541179444484E-011
          12          21  -2.7398750931147661E-012
          12          22   3.2688657881652943E-011
          12          23   1.2335916244191876E-010
          12          24   5.1498369797972598E-010
          12          25   3.0278652559779728E-011
          12          26   5.4912597560344015E-010
          12          27   1.6482879305878874E-010
          12          28  -1.3880552277374665E-010
          12          29   6.4865705061838017E-010
          12          30   7.7993563761118140E-010
          12          31   1.0834339641441147E-010
          12          32   6.3650300593698839E-010
          12          33   9.4198128522684766E-012
          12          34  -1.1670358994615410E-010
          12          35   4.5673886836286631E-010
          12          36   3.0855647192737446E-003
          12          37   9.5546647437370186E-004
          12          38   1.3431565104086078E-003
          12          39   1.4337178721843568E-003
          12          40  -7.0996836198455526E-005
          12          41   8.3893826396691551E-006
          12          42  -3.0550878650519093E-005
          12          43   1.4403942372676600E-003
          12          44   7.5428807886424899E-004
          12          45  -1.2553850838658938E-004
          12          46   5.6471645055212903E-003
          12          47   1.6555364703946564E-003
          12          48   2.4730289193593941E-003
          12          49   2.6987035391208801E-003
          12          50  -1.2301626100514677E-004
          12          51   1.1975629712631003E-005
          12          52  -6.5280511501747952E-005
          12          53   2.6118337109334584E-003
          12          54   1.3683589503903292E-003
          12          55  -2.2765871633554006E-004
          13           1  -2.2966191858649783E-010
          13           2   3.3228435168249028E-010
          13           3   4.6549865858921035E-010
          13           4   9.2098823160517770E-010
          13           5  -2.8096073518841786E-009
          13           6   5.6867472374660819E-002
          13           7   3.0603484506984927E-002
          13           8   8.0076546272433331E-003
          13           9   4.2954193929410057E-002
          13          10   2.3115991189403148E-002
          13          11   6.0484894646159132E-003
          13          12   3.3744191805616178E-002
          13          13   1.8159586359419597E-002
          13          14   4.7516070780417481E-003
          13          15   2.5949084635832958E-003
          13          16   1.3964609231996825E-003
          13          17   3.6539565638360504E-004
          13          18   5.4586462046965366E-011
          13          19  -8.4715564385104860E-011
          13          20  -3.5059161478207866E-011
          13          21   5.2635550332588380E-012
          13          22   8.9595546420330917E-011
          13          23   1.6502911809905627E-010
          13          24   1.5263710720146120E-010
          13          25   3.2034460846642877E-010
          13          26  -2.3356052423416145E-011
          13          27   2.8245287967809998E-010
          13          28  -2.0113982589918049E-010
          13          29   8.5588751464377472E-011
          13          30   1.1083222186965283E-009
          13          31  -1.4333998837087882E-010
          13          32   7.4964224306073676E-010
          13          33   1.8185326058012196E-011
          13          34  -2.4817591028339874E-010
          13          35   7.6388046026675221E-011
          13          36   1.6192847293179098E-003
          13          37   5.1109817644415137E-004
          13          38   7.0650181539310742E-004
          13          39   7.7156150432429276E-004
          13          40   9.2952073888908583E-005
          13          41   1.6934316915734047E-005
          13          42   9.9484149608871093E-005
          13          43   7.5428804832514053E-004
          13          44   4.0901374971397445E-004
          13          45   2.3789942060330719E-004
          13          46   2.9635962898752338E-003
          13          47   8.8652290800026248E-004
          13          48   1.3001449882633349E-003
          13          49   1.4523198524486408E-003
          13          50   1.7375161304403718E-004
          13          51   2.4173480860613545E-005
          13          52   1.8307645185373084E-004
          13          53   1.3683588748222319E-003
          13          54   7.4080027176440125E-004
          13          55   4.3142036117967933E-004
          14           1  -2.1795936928158610E-009
          14           2   9.8784569449154346E-010
          14           3   3.4803831030887731E-009
          14           4   2.0684865068066998E-008
          14           5  -2.7542209289458342E-008
          14           6  -4.2255731896023154E-003
          14           7   8.0076844722860117E-003
          14           8  0.13777506176562720     
          14           9  -3.1917422714202752E-003
          14          10   6.0485053424504248E-003
          14          11  0.10406680661940429     
          14          12  -2.5073957336507937E-003
          14          13   4.7516070780417481E-003
          14          14   8.1753392408993861E-002
          14          15  -1.9281082887754680E-004
          14          16   3.6539431954507069E-004
          14          17   6.2867842990413855E-003
          14          18   7.4622315276583175E-011
          14          19  -8.9878748800441792E-010
          14          20  -9.1453112612882597E-010
          14          21   8.5725961898683680E-011
          14          22   9.8228461785829575E-010
          14          23   1.3693966836248901E-009
          14          24  -1.6403833379210663E-009
          14          25   4.2235912403459741E-009
          14          26  -4.4022674663242394E-009
          14          27   2.6212076557255498E-009
          14          28  -1.7032340711291736E-009
          14          29  -3.4349279279792428E-009
          14          30   9.3527655979126751E-009
          14          31  -2.6760505635062227E-009
          14          32   5.5177281893363759E-009
          14          33   1.7617457572398030E-010
          14          34  -2.5079903649836777E-009
          14          35  -2.2296626856708900E-009
          14          36  -1.2032481833818276E-004
          14          37   9.2952120298700540E-005
          14          38  -3.0551370376617755E-005
          14          39   2.0188388385591430E-004
          14          40   1.7551358054499486E-003
          14          41   1.6832253258315094E-004
          14          42   1.5558117262007513E-003
          14          43  -7.7994149146525804E-005
          14          44   1.4780199316768660E-004
          14          45   4.0931617969092553E-003
          14          46  -2.2021312330968318E-004
          14          47   1.7375233828363217E-004
          14          48  -6.5281236639126345E-005
          14          49   3.8001928918808775E-004
          14          50   3.2119530739948558E-003
          14          51   2.4027848259930242E-004
          14          52   2.9274280690861198E-003
          14          53  -1.3300408141223024E-004
          14          54   2.5205638133045562E-004
          14          55   7.4227730092931328E-003
          15           1  -1.0681534266233779E-011
          15           2   3.3221110380544167E-011
          15           3   1.4329099614490923E-011
          15           4  -1.0170590982500412E-010
          15           5  -1.1187341927386849E-010
          15           6   8.3329397306947609E-003
          15           7   4.3730751313270791E-003
          15           8  -3.2493486941379847E-004
          15           9   6.2941906275468130E-003
          15          10   3.3031522476036608E-003
          15          11  -2.4543585051530528E-004
          15          12   4.9446249758234211E-003
          15          13   2.5949084635832958E-003
          15          14  -1.9281082887754680E-004
