           1           1   1.9862971504133071     
           1           2   1.5671923944857776E-002
           1           3  -3.7324499600642852E-002
           1           4  -2.5090462255303328E-002
           1           5  -6.1115282419540538E-003
           1           6  -2.2552392120117521E-011
           1           7  -1.0614927521503732E-011
           1           8  -2.5122234188455205E-011
           1           9   3.9262985799581484E-012
           1          10   1.6321705525161300E-011
           1          11  -2.0420381273054058E-011
           1          12  -1.1498000830019483E-011
           1          13  -6.0223592607892630E-012
           1          14  -1.1461482126695165E-011
           1          15   4.7649625159395573E-013
           1          16   4.9893930289808977E-013
           1          17   2.7098740182847538E-014
           1          18   4.4429527014103413E-003
           1          19   1.8683218207375969E-004
           1          20   3.6365950626274144E-003
           1          21   4.6863953365401179E-005
           1          22  -2.4260508843433040E-004
           1          23   4.4215069642607003E-003
           1          24   1.4789646148714133E-002
           1          25   1.8274753148868887E-004
           1          26   1.4000917572645717E-002
           1          27   4.5839380996698267E-005
           1          28  -2.3730109367636003E-004
           1          29   1.4768669272130764E-002
           1          30   4.9597877477621823E-003
           1          31  -1.6771296947807271E-005
           1          32   5.0321717396063434E-003
           1          33  -4.2068191520775468E-006
           1          34   2.1777843417598211E-005
           1          35   4.9617128586348916E-003
           1          36   6.3827637341769718E-012
           1          37   1.0423316710645887E-012
           1          38   2.7571505369953198E-012
           1          39   2.5379656467183421E-012
           1          40   3.0974351214756679E-012
           1          41  -5.0304033109739801E-014
           1          42   3.0010050868107396E-012
           1          43   2.7272793652541222E-012
           1          44   1.3177526526054978E-012
           1          45   6.4021998899110641E-012
           1          46   5.7456451988402931E-012
           1          47   1.1795005060900099E-012
           1          48   2.5621434494651229E-012
           1          49   2.7319376541050114E-012
           1          50   2.7454759167973485E-012
           1          51  -5.0180219310826651E-014
           1          52   2.6753461000650796E-012
           1          53   2.5062948599492244E-012
           1          54   1.2037607577178378E-012
           1          55   5.8579492872864910E-012
           2           1   1.5671923944857776E-002
           2           2   3.2304299463099129E-004
           2           3   1.7942635007048152E-002
           2           4  -7.0475918961168454E-004
           2           5   4.0699883502372019E-004
           2           6   2.6973848385844975E-012
           2           7   2.4550335665381881E-013
           2           8   1.3319449161433062E-012
           2           9  -9.0856092348626167E-011
           2          10  -5.1972228794170984E-012
           2          11  -4.8832158950825353E-011
           2          12   5.8861529839374175E-012
           2          13   2.3000023646970067E-013
           2          14   3.6580116431167622E-012
           2          15  -1.8513510440431590E-012
           2          16  -1.3111217718502422E-013
           2          17  -9.4111240925342090E-013
           2          18   1.5616464268396093E-004
           2          19   3.0155557720987427E-005
           2          20   2.6014874386188548E-005
           2          21   7.5640538027236618E-006
           2          22  -3.9157556624185273E-005
           2          23   1.5270320368483684E-004
           2          24   3.3520522971886669E-004
           2          25   4.7326499944632880E-005
           2          26   1.3094657960165907E-004
           2          27   1.1871118304926299E-005
           2          28  -6.1454346877971400E-005
           2          29   3.2977280438288873E-004
           2          30  -4.2792501045809260E-005
           2          31   1.7376929088361947E-005
           2          32  -1.1779038414136508E-004
           2          33   4.3587322348199424E-006
           2          34  -2.2564268116887419E-005
           2          35  -4.4787129623642999E-005
           2          36  -1.1522165486576264E-012
           2          37  -9.6438246703330287E-014
           2          38  -4.4979946319488988E-013
           2          39  -8.0774342376213616E-014
           2          40  -2.4503724056273664E-013
           2          41   7.4093580614456859E-015
           2          42  -2.0436752756469124E-013
           2          43  -5.2179790012654405E-013
           2          44   3.8721261469159225E-014
           2          45  -6.2193605952499507E-013
           2          46  -1.9389748916195696E-012
           2          47  -1.7848595980819628E-013
           2          48  -7.6878806978868277E-013
           2          49  -1.4242751890344191E-013
           2          50  -3.3249995078994544E-013
           2          51  -1.5344384185920278E-014
           2          52  -4.1151647406081011E-013
           2          53  -9.8276543243414565E-013
           2          54   1.4972560829759567E-014
           2          55  -1.1587553149847885E-012
           3           1  -3.7324499600642852E-002
           3           2   1.7942635007048152E-002
           3           3   1.8859507185288016     
           3           4  -3.2765209765467859E-002
           3           5   4.6920814109518399E-002
           3           6   2.6642753643402762E-011
           3           7   1.5603980613616585E-011
           3           8   2.2565243894726410E-011
           3           9  -2.5895243937748588E-010
           3          10  -7.6628828632666759E-012
           3          11  -2.3504034863145708E-010
           3          12   3.4315764165675793E-011
           3          13  -3.1229583566575774E-012
           3          14   6.8261110169592511E-011
           3          15   2.1980315415895973E-012
           3          16  -1.5048717213027715E-012
           3          17   2.1099885544609313E-012
           3          18   9.1271486315284509E-003
           3          19   8.1389166457588669E-004
           3          20   5.6144360571933182E-003
           3          21   2.0415210683461058E-004
           3          22  -1.0568535723889669E-003
           3          23   9.0337251717462139E-003
           3          24   1.7883959875754672E-002
           3          25   8.3577032031166044E-004
           3          26   1.4276819402288869E-002
           3          27   2.0964002779836222E-004
           3          28  -1.0852634248884798E-003
           3          29   1.7788025003348862E-002
           3          30  -6.0293698709377687E-003
           3          31   9.2914064117389410E-004
           3          32  -1.0039488700677222E-002
           3          33   2.3306043626993050E-004
           3          34  -1.2065065436385203E-003
           3          35  -6.1360221413980891E-003
           3          36  -1.4832526370906701E-012
           3          37  -2.4514393088575909E-012
           3          38  -1.9318013177306025E-012
           3          39  -3.6666620356358827E-012
           3          40  -1.0329550453240510E-013
           3          41  -5.9467407029537317E-013
           3          42  -4.3029204878151323E-013
           3          43  -7.0082606364976480E-013
           3          44   3.1226795004277048E-012
           3          45  -5.9267501731621449E-012
           3          46   1.5986467246167028E-011
           3          47  -5.6184474637396940E-012
           3          48   5.1950434132721117E-012
           3          49  -4.2250750084172655E-012
           3          50   1.1930953268116193E-011
           3          51  -3.0289461814618252E-012
           3          52  -4.0563382816508044E-013
           3          53  -1.8992274479716787E-012
           3          54   2.1659134442537944E-012
           3          55  -7.5610583611759059E-012
           4           1  -2.5090462255303328E-002
           4           2  -7.0475918961168454E-004
           4           3  -3.2765209765467859E-002
           4           4   3.9740232179577058E-003
           4           5  -7.8941163420315186E-004
           4           6  -1.3095190524752061E-011
           4           7   8.6438798678551382E-013
           4           8  -1.4320100816656188E-011
           4           9   4.0967267147112877E-010
           4          10  -4.1259410106407832E-011
           4          11   4.6871707254988948E-010
           4          12  -2.6945104732920253E-011
           4          13   3.2764029383421233E-012
           4          14  -3.3568201228543194E-011
           4          15   8.2914398758217664E-012
           4          16  -7.4291073415812836E-013
           4          17   9.3802465279572032E-012
           4          18  -7.7285202897769099E-004
           4          19  -3.3828688956765205E-004
           4          20   6.8717605260802716E-004
           4          21  -8.4854016771627392E-005
           4          22   4.3927186359994446E-004
           4          23  -7.3402139524014255E-004
           4          24  -1.2625099515281286E-003
           4          25  -6.4897712650107515E-004
           4          26   1.5384406733949191E-003
           4          27  -1.6278584317942974E-004
           4          28   8.4270895710411987E-004
           4          29  -1.1880163900563614E-003
           4          30   4.4744704207222923E-004
           4          31  -1.5651137877897953E-004
           4          32   1.1229419109602555E-003
           4          33  -3.9258448512783868E-005
           4          34   2.0323295795967818E-004
           4          35   4.6541237337198639E-004
           4          36   5.2282631211784029E-012
           4          37   9.1591084220360429E-014
           4          38   2.1355092674560248E-012
           4          39  -4.1216951024730130E-013
           4          40   2.6119234939771041E-012
           4          41   4.1253656583789305E-014
           4          42   2.3873721093788231E-012
           4          43   2.4169854101010651E-012
           4          44  -6.8040710608555239E-013
           4          45   6.4441052198462356E-012
           4          46   8.6059520549276160E-012
           4          47   1.7950377108940478E-013
           4          48   3.4820444952094575E-012
           4          49  -7.6089109710237938E-013
           4          50   4.1119906102963449E-012
           4          51   1.8423298169485239E-013
           4          52   4.3846480624655407E-012
           4          53   4.4616649544766480E-012
           4          54  -1.0178616653982254E-012
           4          55   1.1552402742870722E-011
           5           1  -6.1115282419540538E-003
           5           2   4.0699883502372019E-004
           5           3   4.6920814109518399E-002
           5           4  -7.8941163420315186E-004
           5           5   1.1814372943439863E-003
           5           6  -1.8842345188921760E-012
           5           7  -2.8059583658759530E-013
           5           8   1.3977329987646817E-012
           5           9   8.1177838864063734E-011
           5          10   2.3169668394048182E-011
           5          11  -3.1445696794267331E-011
           5          12  -4.7022485593168249E-012
           5          13  -1.5626292460949641E-012
           5          14   3.4018674066122318E-012
           5          15   1.9420471131351601E-012
           5          16   4.6281492796634151E-013
           5          17  -4.9182007804689329E-013
           5          18   2.2249199168711010E-004
           5          19   2.4049052998561743E-005
           5          20   1.1869757341278965E-004
           5          21   6.0323320664558510E-006
           5          22  -3.1228145817159623E-005
           5          23   2.1973149442951147E-004
           5          24   4.1561377631849051E-004
           5          25   2.8798620782332566E-005
           5          26   2.9132045694261425E-004
           5          27   7.2236874604547345E-006
           5          28  -3.7395548766778943E-005
           5          29   4.1230809344654570E-004
           5          30  -1.6810965737475831E-004
           5          31   2.5004930020301439E-005
           5          32  -2.7602953857197392E-004
           5          33   6.2720967911666058E-006
           5          34  -3.2469370439130702E-005
           5          35  -1.7097987184055182E-004
           5          36   1.1705014599951662E-012
           5          37   1.1777296237728400E-013
           5          38   4.0544373269095930E-013
           5          39   1.7160384744532411E-013
           5          40  -1.5717306019535286E-013
           5          41  -4.8410453965537531E-014
           5          42  -1.6392286062862285E-013
           5          43   5.1709374283319268E-013
           5          44   2.3466339356134206E-013
           5          45  -5.1937924227245501E-013
           5          46   2.6129488876926077E-012
           5          47   1.7140809782143925E-013
           5          48   9.9721767016296497E-013
           5          49   3.9800514821214272E-013
           5          50   2.5299443128507811E-014
           5          51  -1.2446456008251563E-013
           5          52  -2.8440243164449762E-013
           5          53   9.3118467296410389E-013
           5          54   3.3634218563437280E-013
           5          55  -8.4664400041706635E-013
           6           1  -2.2552392120117521E-011
           6           2   2.6973848385844975E-012
           6           3   2.6642753643402762E-011
           6           4  -1.3095190524752061E-011
           6           5  -1.8842345188921760E-012
           6           6   9.0468851222059987E-004
           6           7   1.6441383394221753E-004
           6           8   4.1240653658542717E-005
           6           9  -3.0300559363119754E-002
           6          10  -5.5066810066403751E-003
           6          11  -1.3812654522591897E-003
           6          12   1.9341725874268997E-003
           6          13   3.5150750377513070E-004
           6          14   8.8170191828314671E-005
           6          15  -6.5143031376939213E-004
           6          16  -1.1838785279554077E-004
           6          17  -2.9695749392876766E-005
           6          18   2.1175488046881747E-013
           6          19   5.6574485635246519E-014
           6          20   1.1402996828048779E-013
           6          21   5.7810974543883927E-013
           6          22   8.2585639344597012E-015
           6          23   6.0817817734035971E-013
           6          24  -1.4905040446088323E-012
           6          25   1.6200724489854811E-012
           6          26   2.9419537153141433E-012
           6          27  -2.3091446346850982E-012
           6          28   5.6969255407710349E-013
           6          29   1.0095866882324127E-012
           6          30   3.3647411082016810E-012
           6          31   1.3844800563783550E-012
           6          32  -8.4974591163013931E-014
           6          33  -8.3410515513227896E-013
           6          34   3.2107556836288608E-012
           6          35   6.7713286687933060E-012
           6          36  -4.2167617680373068E-004
           6          37  -4.7289599403405275E-005
           6          38  -1.5850652707230807E-004
           6          39  -6.3451274211127315E-005
           6          40  -1.1861861816006919E-005
           6          41   9.0744192224804552E-006
           6          42  -4.0456523300479833E-006
           6          43  -1.8786543500337453E-004
           6          44  -3.3344139540301580E-005
           6          45  -1.9134368067043637E-005
           6          46  -7.6563924168046929E-004
           6          47  -8.0810096719076006E-005
           6          48  -2.9947573219460719E-004
           6          49  -1.2032628640203368E-004
           6          50  -2.0269957534095395E-005
           6          51   1.2953621458868490E-005
           6          52  -9.1124157069067541E-006
           6          53  -3.4138526426065252E-004
           6          54  -6.0903129989601537E-005
           6          55  -3.4776493448966916E-005
           7           1  -1.0614927521503732E-011
           7           2   2.4550335665381881E-013
           7           3   1.5603980613616585E-011
           7           4   8.6438798678551382E-013
           7           5  -2.8059583658759530E-013
           7           6   1.6441383394221753E-004
           7           7   8.5311545112190640E-005
           7           8  -2.1349445564612023E-004
           7           9  -5.5066811082101503E-003
           7          10  -2.8573231296445639E-003
           7          11   7.1505289447066573E-003
           7          12   3.5150742277769060E-004
           7          13   1.8239126547057847E-004
           7          14  -4.5643899336543877E-004
           7          15  -1.1838788332289645E-004
           7          16  -6.1429442021468985E-005
           7          17   1.5372889201311642E-004
           7          18   3.0192913775488024E-013
           7          19   1.0368596444121394E-013
           7          20   1.0074134878457500E-013
           7          21   7.9043340082886740E-014
           7          22   1.2721544258872880E-013
           7          23  -5.5745280622393704E-014
           7          24  -5.1915958076469069E-013
           7          25  -2.7020264584005116E-013
           7          26   5.2256818618514232E-015
           7          27  -2.7990412387335558E-013
           7          28   1.6999270912365707E-013
           7          29  -3.8743434528863301E-013
           7          30   1.6602580487098290E-012
           7          31   6.5866985037703308E-013
           7          32   7.0746796998204084E-013
           7          33  -4.0462282435990146E-013
           7          34   3.9144440836315880E-013
           7          35   5.1054925731088474E-013
           7          36  -7.6633444421850744E-005
           7          37  -2.0148752067933148E-005
           7          38  -2.9603869846394940E-005
           7          39  -3.2923788225488457E-005
           7          40   4.3908773801865256E-005
           7          41   3.3695695585766238E-006
           7          42   3.8441181525949498E-005
           7          43  -3.3344140865388972E-005
           7          44  -2.1690724319884728E-005
           7          45   9.9054720106557233E-005
           7          46  -1.3914367388663776E-004
           7          47  -3.5665719770942885E-005
           7          48  -5.5563930275005103E-005
           7          49  -6.2435264364793234E-005
           7          50   7.9955742191056392E-005
           7          51   4.8100192662248846E-006
           7          52   7.2150808554191068E-005
           7          53  -6.0903132004607423E-005
           7          54  -3.7866865213518032E-005
           7          55   1.8003081377437335E-004
           8           1  -2.5122234188455205E-011
           8           2   1.3319449161433062E-012
           8           3   2.2565243894726410E-011
           8           4  -1.4320100816656188E-011
           8           5   1.3977329987646817E-012
           8           6   4.1240653658542717E-005
           8           7  -2.1349445564612023E-004
           8           8   8.8289652003560766E-004
           8           9  -1.3812653120047758E-003
           8          10   7.1505285029556890E-003
           8          11  -2.9570684279677552E-002
           8          12   8.8170186426902498E-005
           8          13  -4.5643907973173082E-004
           8          14   1.8875825192994466E-003
           8          15  -2.9695747479002976E-005
           8          16   1.5372883978127439E-004
           8          17  -6.3573876767712581E-004
           8          18  -7.8783492383909200E-013
           8          19  -3.1534233485440779E-013
           8          20  -2.9603712544396988E-013
           8          21   1.4374432532303687E-013
           8          22  -5.7151743285808233E-013
           8          23   9.3714137427019927E-013
           8          24   1.2347484643900490E-012
           8          25   2.4113755014497314E-012
           8          26   2.1842009980030976E-012
           8          27  -6.4069499145496066E-013
           8          28  -3.5134395081203065E-013
           8          29   2.6250084836777719E-012
           8          30  -4.3924562655396637E-012
           8          31  -1.5141432924487115E-012
           8          32  -3.4473133068015965E-012
           8          33   9.8218643985032773E-013
           8          34   8.5288550070903681E-013
           8          35   2.8092893157812111E-012
           8          36  -1.9222308327925881E-005
           8          37   4.3908770387175081E-005
           8          38  -4.0456521938779232E-006
           8          39   8.2392673134046380E-005
           8          40  -1.8418569824207764E-004
           8          41  -6.4451529964868160E-006
           8          42  -1.5636876173600564E-004
           8          43  -1.1743877924158636E-005
           8          44   6.0795652920161713E-005
           8          45  -4.0963624783318405E-004
           8          46  -3.4902026145849956E-005
           8          47   7.9955739285646307E-005
           8          48  -9.1124164377031725E-006
           8          49   1.5624594056171497E-004
           8          50  -3.3436902183442359E-004
           8          51  -9.2003775748855537E-006
           8          52  -2.9466063646225001E-004
           8          53  -2.0101535832252852E-005
           8          54   1.0406154809607607E-004
           8          55  -7.4450916571161031E-004
           9           1   3.9262985799581484E-012
           9           2  -9.0856092348626167E-011
           9           3  -2.5895243937748588E-010
           9           4   4.0967267147112877E-010
           9           5   8.1177838864063734E-011
           9           6  -3.0300559363119754E-002
           9           7  -5.5066811082101503E-003
           9           8  -1.3812653120047758E-003
           9           9   1.0148508412739392     
           9          10  0.18443421420890449     
           9          11   4.6262459166454106E-002
           9          12  -6.4780872656374638E-002
           9          13  -1.1772973624061900E-002
           9          14  -2.9530673430543698E-003
           9          15   2.1818230945428532E-002
           9          16   3.9651417207379521E-003
           9          17   9.9459404523455797E-004
           9          18  -5.1295528577099287E-013
           9          19   9.2066702457232425E-013
           9          20  -9.3914441271823821E-012
           9          21  -1.8656293308804397E-011
           9          22  -3.9325890991210703E-012
           9          23  -1.4113465844618975E-011
           9          24   5.7577696971524383E-011
           9          25  -4.8330053651955655E-011
           9          26  -1.1647444748147335E-010
           9          27   7.8827369602186659E-011
           9          28  -2.6781758827477238E-011
           9          29  -2.6838128557937071E-011
           9          30  -1.2014299049704990E-010
           9          31  -4.4812953139136784E-011
           9          32  -1.1322996982857977E-011
           9          33   2.8327117074814167E-011
           9          34  -1.0955924413785409E-010
           9          35  -2.3441791795654226E-010
           9          36   1.4123119565089893E-002
           9          37   1.5838615118580906E-003
           9          38   5.3088288047994396E-003
           9          39   2.1251613967780457E-003
           9          40   3.9728706652792083E-004
           9          41  -3.0392778810983125E-004
           9          42   1.3550025716716450E-004
           9          43   6.2921410945898787E-003
           9          44   1.1167888913294528E-003
           9          45   6.4086372386254649E-004
           9          46   2.5643408731176771E-002
           9          47   2.7065571199958471E-003
           9          48   1.0030283438635303E-002
           9          49   4.0300653069377957E-003
           9          50   6.7889780610456887E-004
           9          51  -4.3385316696111290E-004
           9          52   3.0520039171259275E-004
           9          53   1.1433951382847285E-002
           9          54   2.0398168899578039E-003
           9          55   1.1647624325243720E-003
          10           1   1.6321705525161300E-011
          10           2  -5.1972228794170984E-012
          10           3  -7.6628828632666759E-012
          10           4  -4.1259410106407832E-011
          10           5   2.3169668394048182E-011
          10           6  -5.5066810066403751E-003
          10           7  -2.8573231296445639E-003
          10           8   7.1505285029556890E-003
          10           9  0.18443421420890449     
          10          10   9.5699772597779037E-002
          10          11 -0.23949128269207018     
          10          12  -1.1772970694079728E-002
          10          13  -6.1087954835289462E-003
          10          14   1.5287422907739961E-002
          10          15   3.9651426700484686E-003
          10          16   2.0574444560613366E-003
          10          17  -5.1488120417030750E-003
          10          18  -7.0488071610303570E-012
          10          19  -2.4480748311435541E-012
          10          20  -4.7328373031623873E-012
          10          21  -2.3903636234105870E-012
          10          22  -5.5913413080860894E-012
          10          23   4.8130962162342834E-012
          10          24   2.1563152230313121E-011
          10          25   1.0804631400414835E-011
          10          26  -3.5735499385629507E-012
          10          27   9.8149364330535518E-012
          10          28  -7.9721567743054312E-012
          10          29   1.6949878488639403E-011
          10          30  -5.9063134368529824E-011
          10          31  -2.1457157487048743E-011
          10          32  -2.9756386489765101E-011
          10          33   1.3703344080888944E-011
          10          34  -1.3894287075765816E-011
          10          35  -2.0625439673610859E-011
          10          36   2.5666692561864641E-003
          10          37   6.7483827014242956E-004
          10          38   9.9151673364651052E-004
          10          39   1.1027100902755162E-003
          10          40  -1.4706280659156209E-003
          10          41  -1.1285634421369923E-004
          10          42  -1.2875030574738965E-003
          10          43   1.1167889160727125E-003
          10          44   7.2648324452378023E-004
          10          45  -3.3176205786265207E-003
          10          46   4.6603123825638346E-003
          10          47   1.1945450783008534E-003
          10          48   1.8609920580534695E-003
          10          49   2.0911322698515347E-003
          10          50  -2.6779422045541228E-003
          10          51  -1.6110104882740783E-004
          10          52  -2.4165330749023129E-003
          10          53   2.0398169211942401E-003
          10          54   1.2682676111463983E-003
          10          55  -6.0297372192080079E-003
          11           1  -2.0420381273054058E-011
          11           2  -4.8832158950825353E-011
          11           3  -2.3504034863145708E-010
          11           4   4.6871707254988948E-010
          11           5  -3.1445696794267331E-011
          11           6  -1.3812654522591897E-003
          11           7   7.1505289447066573E-003
          11           8  -2.9570684279677552E-002
          11           9   4.6262459166454106E-002
          11          10 -0.23949128269207018     
          11          11  0.99040527278678492     
          11          12  -2.9530674620018675E-003
          11          13   1.5287426744828079E-002
          11          14  -6.3220440293264679E-002
          11          15   9.9459408212519088E-004
          11          16  -5.1488106103993363E-003
          11          17   2.1292676952190705E-002
          11          18   2.9625899995687161E-011
          11          19   1.1689597880629253E-011
          11          20   8.2862657613168478E-012
          11          21  -4.5314857144356944E-012
          11          22   1.7677128182123367E-011
          11          23  -2.8277868226239224E-011
          11          24  -3.9020345015557746E-011
          11          25  -7.7873027806277301E-011
          11          26  -8.3296331560331805E-011
          11          27   2.2183765102152702E-011
          11          28   8.0138534435122041E-012
          11          29  -8.5915871750369965E-011
          11          30   1.4168347769102772E-010
          11          31   5.1543121837369677E-011
          11          32   1.0644484231119407E-010
          11          33  -3.2687937090349588E-011
          11          34  -2.9643575091804320E-011
          11          35  -9.9618506644766328E-011
          11          36   6.4380915554519084E-004
          11          37  -1.4706280414857689E-003
          11          38   1.3550027743443479E-004
          11          39  -2.7595620330923554E-003
          11          40   6.1688963636801165E-003
          11          41   2.1586627526880970E-004
          11          42   5.2372290287292225E-003
          11          43   3.9333548351214598E-004
          11          44  -2.0362171701713040E-003
          11          45   1.3719868500215971E-002
          11          46   1.1689669937887488E-003
          11          47  -2.6779422713763554E-003
          11          48   3.0520046298039604E-004
          11          49  -5.2331153851196618E-003
          11          50   1.1198957696367163E-002
          11          51   3.0814648453493737E-004
          11          52   9.8690123385517716E-003
          11          53   6.7325694287307357E-004
          11          54  -3.4853135179470948E-003
          11          55   2.4935703089753101E-002
          12           1  -1.1498000830019483E-011
          12           2   5.8861529839374175E-012
          12           3   3.4315764165675793E-011
          12           4  -2.6945104732920253E-011
          12           5  -4.7022485593168249E-012
          12           6   1.9341725874268997E-003
          12           7   3.5150742277769060E-004
          12           8   8.8170186426902498E-005
          12           9  -6.4780872656374638E-002
          12          10  -1.1772970694079728E-002
          12          11  -2.9530674620018675E-003
          12          12   4.1351509911086992E-003
          12          13   7.5150304433895324E-004
          12          14   1.8850288637914533E-004
          12          15  -1.3927209625100533E-003
          12          16  -2.5310649369669400E-004
          12          17  -6.3487833673419615E-005
          12          18   2.1053131535766535E-013
          12          19   9.6072366190896089E-015
          12          20   4.8216348513897261E-013
          12          21   1.2080363952604707E-012
          12          22   1.6224092620944014E-013
          12          23   1.0708427559723725E-012
          12          24  -3.4280125598421151E-012
          12          25   3.2217615609606297E-012
          12          26   7.0921902400036063E-012
          12          27  -4.9974870499326226E-012
          12          28   1.5320316206882813E-012
          12          29   1.9448015731864429E-012
          12          30   7.5030250346645914E-012
          12          31   2.8977784697692080E-012
          12          32   3.9601321256941843E-013
          12          33  -1.7988615203893192E-012
          12          34   6.9451304477021974E-012
          12          35   1.4793250846260558E-011
          12          36  -9.0151968431967822E-004
          12          37  -1.0110247330645612E-004
          12          38  -3.3887794020077803E-004
          12          39  -1.3565521425497803E-004
          12          40  -2.5359988943727350E-005
          12          41   1.9400592102972959E-005
          12          42  -8.6493771409858043E-006
          12          43  -4.0164561575291541E-004
          12          44  -7.1287872964482667E-005
          12          45  -4.0908197372442373E-005
          12          46  -1.6368931550615117E-003
          12          47  -1.7276738956792625E-004
          12          48  -6.4026208348963074E-004
          12          49  -2.5725075446177923E-004
          12          50  -4.3336021842206395E-005
          12          51   2.7694105817510478E-005
          12          52  -1.9481831331838667E-005
          12          53  -7.2986227970400915E-004
          12          54  -1.3020742647696005E-004
          12          55  -7.4350177280330598E-005
          13           1  -6.0223592607892630E-012
          13           2   2.3000023646970067E-013
          13           3  -3.1229583566575774E-012
          13           4   3.2764029383421233E-012
          13           5  -1.5626292460949641E-012
          13           6   3.5150750377513070E-004
          13           7   1.8239126547057847E-004
          13           8  -4.5643907973173082E-004
          13           9  -1.1772973624061900E-002
          13          10  -6.1087954835289462E-003
          13          11   1.5287426744828079E-002
          13          12   7.5150304433895324E-004
          13          13   3.8994222500848136E-004
          13          14  -9.7584077045414575E-004
          13          15  -2.5310661728548847E-004
          13          16  -1.3133267780712416E-004
          13          17   3.2866368255929303E-004
          13          18   3.2730314985986340E-013
          13          19   1.0085164911376949E-013
          13          20   4.1864097738909121E-013
          13          21   1.3868360994811548E-013
          13          22   4.2887046524621947E-013
          13          23  -4.2351572350052820E-013
          13          24  -1.5768109614601332E-012
          13          25  -7.9777807709265372E-013
          13          26   4.9423557425436230E-013
          13          27  -6.5362794702907909E-013
          13          28   6.4923895140381160E-013
          13          29  -1.2699253627217645E-012
          13          30   3.8373053083314577E-012
          13          31   1.3444006801654390E-012
          13          32   2.0756437985621985E-012
          13          33  -8.8106355124092633E-013
          13          34   9.1972932994235082E-013
          13          35   1.3866161098573916E-012
          13          36  -1.6383798192968322E-004
          13          37  -4.3076894192226963E-005
          13          38  -6.3291403937440640E-005
          13          39  -7.0389199851381896E-005
          13          40   9.3874476649840572E-005
          13          41   7.2039494725140860E-006
          13          42   8.2185073524524725E-005
          13          43  -7.1287892599648082E-005
          13          44  -4.6373543435704773E-005
          13          45   2.1177339313889948E-004
          13          46  -2.9748132685222876E-004
          13          47  -7.6251294893144475E-005
          13          48  -1.1879254890782758E-004
          13          49  -1.3348306917321920E-004
          13          50   1.7094085770661730E-004
          13          51   1.0283549620605148E-005
          13          52   1.5425435091467152E-004
          13          53  -1.3020746132438394E-004
          13          54  -8.0957219042470703E-005
          13          55   3.8489570473313085E-004
          14           1  -1.1461482126695165E-011
          14           2   3.6580116431167622E-012
          14           3   6.8261110169592511E-011
          14           4  -3.3568201228543194E-011
          14           5   3.4018674066122318E-012
          14           6   8.8170191828314671E-005
          14           7  -4.5643899336543877E-004
          14           8   1.8875825192994466E-003
          14           9  -2.9530673430543698E-003
          14          10   1.5287422907739961E-002
          14          11  -6.3220440293264679E-002
          14          12   1.8850288637914533E-004
          14          13  -9.7584077045414575E-004
          14          14   4.0355440148536880E-003
          14          15  -6.3487833471009153E-005
          14          16   3.2866350870164519E-004
          14          17  -1.3591733090758103E-003
          14          18  -1.1362244257051007E-012
          14          19  -4.2861279531984948E-013
          14          20  -1.1446607276519365E-012
          14          21   3.6891491850717665E-013
          14          22  -1.5407505145040451E-012
          14          23   2.5234885910797055E-012
          14          24   3.6242252031286243E-012
          14          25   5.5861845577588222E-012
          14          26   3.7947870355208275E-012
          14          27  -1.2617097604122964E-012
          14          28  -1.3105564230072136E-012
          14          29   6.5470721069194643E-012
          14          30  -9.6222995541855622E-012
          14          31  -3.1327415157776578E-012
          14          32  -8.0522686341175006E-012
          14          33   2.1260484868497082E-012
          14          34   1.6878415584777013E-012
          14          35   5.7626378690617921E-012
          14          36  -4.1096211197058771E-005
          14          37   9.3874451341729645E-005
          14          38  -8.6493778715016447E-006
          14          39   1.7615084509889090E-004
          14          40  -3.9377854197436714E-004
          14          41  -1.3779370131237645E-005
          14          42  -3.3430751447329849E-004
          14          43  -2.5107747098263437E-005
          14          44   1.2997764556951899E-004
          14          45  -8.7577898783670546E-004
          14          46  -7.4618563661854479E-005
          14          47   1.7094081880027177E-004
          14          48  -1.9481834789713333E-005
          14          49   3.3404492688857970E-004
          14          50  -7.1486194178262499E-004
          14          51  -1.9669883402394141E-005
          14          52  -6.2996767321440658E-004
          14          53  -4.2975947694335063E-005
          14          54   2.2247766675316508E-004
          14          55  -1.5917182305790185E-003
          15           1   4.7649625159395573E-013
          15           2  -1.8513510440431590E-012
          15           3   2.1980315415895973E-012
          15           4   8.2914398758217664E-012
          15           5   1.9420471131351601E-012
          15           6  -6.5143031376939213E-004
          15           7  -1.1838788332289645E-004
          15           8  -2.9695747479002976E-005
          15           9   2.1818230945428532E-002
          15          10   3.9651426700484686E-003
          15          11   9.9459408212519088E-004
          15          12  -1.3927209625100533E-003
          15          13  -2.5310661728548847E-004
          15          14  -6.3487833471009153E-005
