           1           1   1.9999320991513594     
           1           2  -1.2110917663496023E-003
           1           3  -1.6553485768659065E-004
           1           4  -4.1064938259459654E-003
           1           5   1.3152494517060553E-003
           1           6   7.2295152575234617E-005
           1           7   8.0218720178739558E-011
           1           8  -5.8132514672070988E-011
           1           9   4.4210538003219874E-011
           1          10  -1.0488069419534430E-012
           1          11   4.4010504360491906E-012
           1          12   2.8394101671569820E-012
           1          13  -1.1634653925115408E-011
           1          14   1.2158788147065719E-011
           1          15   1.1022686310992897E-011
           1          16  -7.0149354191114266E-013
           1          17   1.7640012850242572E-012
           1          18   4.6632148733252705E-013
           1          19  -2.4461188973714110E-013
           1          20   5.6485622295713321E-013
           1          21   5.4752236562159538E-013
           1          22   1.3772197395666954E-004
           1          23   3.6555621246447804E-005
           1          24   1.3817995498680377E-004
           1          25  -1.7238783728393815E-005
           1          26  -1.7363926916399378E-005
           1          27   1.1338343838488361E-004
           1          28  -2.3803205613182865E-004
           1          29   3.0220929663401564E-005
           1          30  -2.3765343795259907E-004
           1          31  -1.4251490666949565E-005
           1          32  -1.4354947912621896E-005
           1          33  -2.5815298936871569E-004
           1          34  -1.1240022353128882E-004
           1          35   1.6396920356160441E-005
           1          36  -1.1219479744748855E-004
           1          37  -7.7324114953933712E-006
           1          38  -7.7885441641402404E-006
           1          39  -1.2331721895770810E-004
           1          40  -9.9063848818511441E-013
           1          41   7.3985642484253114E-013
           1          42  -1.1719562101935016E-013
           1          43   2.1397591628195959E-012
           1          44   5.1640653353915049E-013
           1          45   6.4223186406126859E-014
           1          46   2.4253217317314594E-013
           1          47  -4.7775401681393809E-013
           1          48   7.3056136629607001E-013
           1          49   8.1595847702336023E-013
           1          50  -4.0166669065327671E-013
           1          51   5.6022318025456955E-013
           1          52   8.7970919602237956E-014
           1          53   1.7523620375192053E-012
           1          54   7.2992371918707530E-013
           1          55   7.0045266010917376E-014
           1          56   5.6017584506782742E-013
           1          57  -2.3291649815674850E-013
           1          58   7.0783039378155600E-013
           1          59   1.3487331098206201E-012
           2           1  -1.2110917663496023E-003
           2           2   1.9831918373957189     
           2           3   1.6282749811041677E-002
           2           4  -4.9345341884123893E-002
           2           5  -4.0632777032863776E-002
           2           6  -4.3634708706945307E-003
           2           7   3.1143683779808398E-010
           2           8  -2.5468025048963526E-010
           2           9   1.4367509390172028E-010
           2          10  -7.8998653952402086E-013
           2          11   3.5030828514592898E-011
           2          12   2.2832655597642941E-011
           2          13  -1.3253294371137047E-010
           2          14   5.5947460553616473E-011
           2          15   3.9935433709111637E-012
           2          16   1.0520870733576314E-011
           2          17   2.5216971023381731E-011
           2          18   2.4693388065769669E-011
           2          19  -2.4576446177159585E-012
           2          20   3.7757662907700837E-012
           2          21   2.5793472438916722E-012
           2          22   6.8361093124052674E-003
           2          23   1.3069627938813854E-003
           2          24   6.8524833443184014E-003
           2          25  -6.1633333571228441E-004
           2          26  -6.2080753126042651E-004
           2          27   5.9659402607093980E-003
           2          28   1.6703053509545839E-002
           2          29  -8.6530115148753558E-004
           2          30   1.6692212747814787E-002
           2          31   4.0805598416883285E-004
           2          32   4.1101821674089257E-004
           2          33   1.7279166592070759E-002
           2          34   5.1205763145969543E-003
           2          35   4.4533987606159859E-004
           2          36   5.1261556729796289E-003
           2          37  -2.1001198499324194E-004
           2          38  -2.1153654195005001E-004
           2          39   4.8240712697845897E-003
           2          40   6.4197682301455449E-012
           2          41   1.0673603040058526E-011
           2          42   4.7784457586020197E-012
           2          43   2.8304831113396260E-011
           2          44   1.2210838116860170E-011
           2          45   4.6475343115632076E-013
           2          46   1.0341502165509156E-011
           2          47   3.9269420075406287E-012
           2          48   1.1000765123401497E-011
           2          49   2.3155750297503850E-011
           2          50  -2.5240713339474864E-012
           2          51   4.7028288240820511E-012
           2          52   9.0653864407138887E-013
           2          53   1.3801825503347547E-011
           2          54   5.0906041234016230E-012
           2          55   4.5468692272860904E-013
           2          56   3.4297026454500867E-012
           2          57  -8.5742668928950672E-013
           2          58   4.5268223584960606E-012
           2          59   8.7908357678439956E-012
           3           1  -1.6553485768659065E-004
           3           2   1.6282749811041677E-002
           3           3   8.4589125589630370E-004
           3           4   3.3569543292989029E-002
           3           5  -1.7336991494194837E-003
           3           6   5.5156155242407317E-004
           3           7  -6.8593678885664106E-010
           3           8   6.5978733026830043E-010
           3           9  -2.1283996770100158E-011
           3          10  -2.8806664244802438E-012
           3          11   2.9862488781108316E-011
           3          12   5.6185993929328018E-011
           3          13  -8.1916826814022253E-011
           3          14   3.0219457774696024E-010
           3          15   4.5056040720098238E-010
           3          16   4.8675977186745259E-012
           3          17  -2.7948758937532265E-012
           3          18   5.5200509594772323E-012
           3          19  -2.2770944675945267E-012
           3          20   8.0154521422823727E-012
           3          21   1.1860629937656620E-011
           3          22   3.0287928372978862E-004
           3          23  -2.2546661603729755E-004
           3          24   3.0005456131665755E-004
           3          25   1.0632481663488132E-004
           3          26   1.0709667193783474E-004
           3          27   4.5299368830852032E-004
           3          28   7.1271329497878361E-004
           3          29  -3.5330462828637142E-004
           3          30   7.0828697542586316E-004
           3          31   1.6661027648729549E-004
           3          32   1.6781976658038916E-004
           3          33   9.4794163381429607E-004
           3          34  -2.3202477400053357E-005
           3          35  -1.5726329611767356E-004
           3          36  -2.5172725134634144E-005
           3          37   7.4161768529838507E-005
           3          38   7.4700138575090652E-005
           3          39   8.1502726774291105E-005
           3          40  -1.1682254018168266E-012
           3          41   6.2211851785050709E-012
           3          42   4.3744787323730056E-012
           3          43   1.6284628696537365E-011
           3          44   1.4439137917661715E-011
           3          45   3.7266762924367059E-012
           3          46   1.1724221457130895E-011
           3          47  -4.0410096379315263E-012
           3          48   1.8382545466333620E-012
           3          49   2.4180653211471137E-011
           3          50  -4.8745487392963521E-012
           3          51   8.3679313807079031E-012
           3          52   2.1640863882930879E-012
           3          53   2.0516287758329148E-011
           3          54   1.4680511077079719E-011
           3          55   3.2809873770687390E-012
           3          56   1.1872965523380591E-011
           3          57  -4.6538009610612376E-012
           3          58   3.1974915965540440E-012
           3          59   2.5021803554862184E-011
           4           1  -4.1064938259459654E-003
           4           2  -4.9345341884123893E-002
           4           3   3.3569543292989029E-002
           4           4   1.8591344495330766     
           4           5  -6.8869705304609147E-002
           4           6   3.4491789167836122E-002
           4           7   5.3916851973164620E-010
           4           8  -4.4507924921652559E-010
           4           9   1.1335111045610258E-010
           4          10  -1.1724388740012892E-011
           4          11  -3.8503592381450645E-011
           4          12   6.6453494876934235E-011
           4          13  -2.9937155777091750E-010
           4          14   3.7313410513472939E-010
           4          15  -7.0258338397803689E-011
           4          16   4.6222307402028483E-011
           4          17  -1.8326435489768609E-010
           4          18  -1.7048074296676338E-010
           4          19  -1.9969044283829011E-011
           4          20  -8.3931427151836347E-012
           4          21  -6.5822521580350758E-011
           4          22   1.6227012279998142E-002
           4          23  -7.9103681284255906E-004
           4          24   1.6217101804427529E-002
           4          25   3.7303528197269505E-004
           4          26   3.7574331383455860E-004
           4          27   1.6753681050077164E-002
           4          28   3.1734554825215644E-002
           4          29  -2.8992226927876015E-003
           4          30   3.1698232266465808E-002
           4          31   1.3672068151585424E-003
           4          32   1.3771318668485358E-003
           4          33   3.3664841677850811E-002
           4          34  -6.4131708142534209E-003
           4          35  -6.3305422135402833E-003
           4          36  -6.4924819720555572E-003
           4          37   2.9853379726417538E-003
           4          38   3.0070097896806318E-003
           4          39  -2.1983270481460392E-003
           4          40  -8.8508090625780573E-012
           4          41  -1.8422296850032931E-011
           4          42  -1.8171499038919348E-011
           4          43  -2.7814267821577068E-011
           4          44   9.2125357653298828E-012
           4          45   3.5625374409479598E-012
           4          46   1.1662444444083700E-011
           4          47   9.3558061268074628E-012
           4          48   7.3525583206531095E-013
           4          49  -2.2517365006955194E-011
           4          50  -1.7269658687430902E-011
           4          51   2.6356828647159361E-011
           4          52  -2.3417929632171639E-012
           4          53   5.5273472289478933E-011
           4          54   4.2181682408899208E-011
           4          55   9.5618890358397766E-012
           4          56   6.6171843127782420E-012
           4          57   5.1733216969296181E-011
           4          58  -6.8852383429128493E-011
           4          59   5.4338461325665027E-012
           5           1   1.3152494517060553E-003
           5           2  -4.0632777032863776E-002
           5           3  -1.7336991494194837E-003
           5           4  -6.8869705304609147E-002
           5           5   3.6419846862436288E-003
           5           6  -1.1463493035738302E-003
           5           7   2.6623570572589333E-010
           5           8  -7.0669633164034914E-010
           5           9  -9.1462675878208699E-010
           5          10   7.2488765002150713E-011
           5          11  -1.4582149432645424E-010
           5          12  -1.5669094112659236E-010
           5          13   6.4199573369376361E-010
           5          14  -1.2880808850552318E-009
           5          15  -1.3504871873298999E-009
           5          16   7.7361770169422767E-012
           5          17  -1.0654691560178296E-011
           5          18  -9.4421787449064134E-012
           5          19   1.8690447512953757E-011
           5          20  -3.5657107203415248E-011
           5          21  -3.5663609489789382E-011
           5          22  -6.9169582788215539E-004
           5          23   2.9472580466239631E-004
           5          24  -6.8800340115648311E-004
           5          25  -1.3898584902435511E-004
           5          26  -1.3999480451712965E-004
           5          27  -8.8792261732250526E-004
           5          28  -1.5419862835246243E-003
           5          29   5.1581663757312331E-004
           5          30  -1.5355239572676263E-003
           5          31  -2.4324718253758540E-004
           5          32  -2.4501300967114391E-004
           5          33  -1.8854142516237411E-003
           5          34   6.2738085741469854E-005
           5          35   2.8879205486045310E-004
           5          36   6.6356170096991586E-005
           5          37  -1.3618770960793490E-004
           5          38  -1.3717635156782642E-004
           5          39  -1.2953834279406891E-004
           5          40   3.9531407225846928E-011
           5          41  -2.6017109688859195E-011
           5          42  -2.9993065141213217E-012
           5          43  -8.0561967126249264E-011
           5          44  -4.3386562044793986E-011
           5          45  -1.0755688865682355E-011
           5          46  -2.9083607587692376E-011
           5          47   2.4954939137490672E-011
           5          48  -1.7241994163280985E-011
           5          49  -6.5786910329515475E-011
           5          50   4.1901964397934784E-011
           5          51  -3.0590772078842359E-011
           5          52   2.6845261344576211E-013
           5          53  -8.7189477924560592E-011
           5          54  -4.6096324886000416E-011
           5          55  -9.7043846813546387E-012
           5          56  -3.2528698196400118E-011
           5          57   2.3894774367196929E-011
           5          58  -1.9337383141166323E-011
           5          59  -7.3921136530812266E-011
           6           1   7.2295152575234617E-005
           6           2  -4.3634708706945307E-003
           6           3   5.5156155242407317E-004
           6           4   3.4491789167836122E-002
           6           5  -1.1463493035738302E-003
           6           6   6.6494161598997783E-004
           6           7   3.7578253356572108E-010
           6           8  -5.8941880147548140E-010
           6           9  -4.6031023223224845E-010
           6          10  -2.2364512736396530E-011
           6          11  -6.9871700433876070E-011
           6          12  -1.9043239528281701E-010
           6          13  -1.7471258345161790E-010
           6          14  -6.0052787078787363E-010
           6          15  -1.6396812401183933E-009
           6          16  -6.7086682316885094E-012
           6          17  -7.7264282588092312E-012
           6          18  -2.7991165368367343E-011
           6          19  -5.9120304288440542E-012
           6          20  -1.6596398276713678E-011
           6          21  -4.7657768476260383E-011
           6          22   3.1185684040705699E-004
           6          23   8.3565702022766596E-005
           6          24   3.1290377721903626E-004
           6          25  -3.9407624371249754E-005
           6          26  -3.9693699942912591E-005
           6          27   2.5621928919852496E-004
           6          28   5.6304653316881822E-004
           6          29   8.0446684469217059E-005
           6          30   5.6405439323883400E-004
           6          31  -3.7936777162291224E-005
           6          32  -3.8212176500618977E-005
           6          33   5.0948555528446962E-004
           6          34  -1.5042517459116746E-004
           6          35  -9.7379855324815454E-005
           6          36  -1.5164518196020803E-004
           6          37   4.5922089761675725E-005
           6          38   4.6255458004496440E-005
           6          39  -8.5590182542749104E-005
           6          40  -1.0911356152174944E-011
           6          41  -1.8590553608499048E-011
           6          42  -1.7796413189006909E-011
           6          43  -4.0522406499048880E-011
           6          44  -4.7099124740254621E-011
           6          45  -1.2225589277624564E-011
           6          46  -4.1484305030839909E-011
           6          47   8.5752758196104920E-012
           6          48  -1.2625014570140315E-014
           6          49  -8.3350050718471223E-011
           6          50  -9.8923887700216596E-012
           6          51  -1.8849772012155040E-011
           6          52  -1.5204028614960743E-011
           6          53  -4.1487562263314768E-011
           6          54  -4.7947710380078372E-011
           6          55  -1.0485076255865021E-011
           6          56  -4.3889343963108319E-011
           6          57   8.3083012235559470E-012
           6          58  -5.0548993403229059E-012
           6          59  -8.9151726716436430E-011
           7           1   8.0218720178739558E-011
           7           2   3.1143683779808398E-010
           7           3  -6.8593678885664106E-010
           7           4   5.3916851973164620E-010
           7           5   2.6623570572589333E-010
           7           6   3.7578253356572108E-010
           7           7   2.0301333495115723     
           7           8   6.2204243130551187E-003
           7           9  -2.9334652255609576E-003
           7          10  -2.6436510192449452E-002
           7          11  -3.2718753016666375E-003
           7          12   1.5429401293559080E-003
           7          13  -3.0320050906105324E-002
           7          14   3.2378907812107019E-002
           7          15  -1.5269145287404058E-002
           7          16  -2.0576656997294419E-002
           7          17  -3.8001753096663644E-003
           7          18   1.7920750449836407E-003
           7          19  -1.7375112049311948E-003
           7          20   7.8513555803138126E-004
           7          21  -3.7025187152605189E-004
           7          22   7.4128010789198012E-012
           7          23  -1.0417004216792498E-010
           7          24  -1.1289004040224244E-010
           7          25   1.2696464078583165E-010
           7          26   1.3177285321862875E-011
           7          27  -1.2550790944922555E-010
           7          28  -3.8537449207889340E-010
           7          29   1.9893484731515857E-010
           7          30  -1.8580438631311971E-010
           7          31  -1.0044235010826033E-010
           7          32  -1.4940085207355111E-010
           7          33  -2.7846233569772840E-010
           7          34  -1.0031251003293769E-010
           7          35  -3.4306096568580751E-011
           7          36  -2.5964740774437315E-010
           7          37  -1.1053900173151808E-010
           7          38   2.6962663313576029E-010
           7          39  -1.5949659485791710E-010
           7          40  -1.7246957540367158E-002
           7          41  -2.2101771403666920E-003
           7          42  -7.8697402179201455E-003
           7          43  -4.7260441547430790E-003
           7          44   1.0422683343027698E-003
           7          45   1.1173266301696621E-004
           7          46   1.0707825082436010E-003
           7          47  -7.7101803821270111E-003
           7          48  -2.0874076543731857E-003
           7          49   2.1642874735025952E-003
           7          50  -4.7849084339797740E-003
           7          51  -1.3982489422335246E-003
           7          52  -2.2389840690810407E-003
           7          53  -7.0291137334410560E-004
           7          54   6.5938187727973693E-004
           7          55   3.4712642303667650E-004
           7          56   1.9159095487042467E-004
           7          57  -1.7432711846362271E-003
           7          58  -2.9905290756749903E-004
           7          59   2.9378794551405100E-004
           8           1  -5.8132514672070988E-011
           8           2  -2.5468025048963526E-010
           8           3   6.5978733026830043E-010
           8           4  -4.4507924921652559E-010
           8           5  -7.0669633164034914E-010
           8           6  -5.8941880147548140E-010
           8           7   6.2204243130551187E-003
           8           8   2.0302232711763875     
           8           9  -2.9547456155957219E-003
           8          10  -3.2718732089555558E-003
           8          11  -2.6483840927605400E-002
           8          12   1.5541424117319911E-003
           8          13   3.2378903170204643E-002
           8          14  -2.9851646325280777E-002
           8          15  -1.5379993706367473E-002
           8          16  -3.8001737727813394E-003
           8          17  -2.0631630639364629E-002
           8          18   1.8050853633891687E-003
           8          19   7.8513556850712957E-004
           8          20  -1.7261530944992101E-003
           8          21  -3.7293963281516326E-004
           8          22   1.1452246229222528E-010
           8          23   5.4896584688962672E-011
           8          24   1.8160637145094647E-010
           8          25  -2.1036535116996828E-010
           8          26  -1.3655180867194534E-011
           8          27   1.8166414660396166E-010
           8          28   4.4128827093751966E-010
           8          29  -1.4819027160223258E-010
           8          30   2.7030173942896815E-010
           8          31   1.5618733142260381E-010
           8          32   1.5496003950515184E-010
           8          33   5.3515659041858415E-010
           8          34   2.5697388942031390E-010
           8          35   9.5326950027477873E-012
           8          36   4.2360323060617980E-010
           8          37   3.3360063530854899E-011
           8          38  -2.3074143852273349E-010
           8          39   1.2499067680047209E-010
           8          40  -4.7235204731321621E-003
           8          41  -7.8995918211529348E-003
           8          42  -2.2135607088797533E-003
           8          43  -1.7316906759397371E-002
           8          44   1.0769485333899319E-003
           8          45   1.1277015383658035E-004
           8          46   1.0514424932306667E-003
           8          47  -2.0874072873430637E-003
           8          48  -7.7403775659942407E-003
           8          49   2.1799999344103570E-003
           8          50  -7.0143472757216475E-004
           8          51  -2.2356774121126896E-003
           8          52  -1.4002293969722240E-003
           8          53  -4.8126185055835172E-003
           8          54   1.9204132272411401E-004
           8          55   3.4570289144254357E-004
           8          56   6.6510940697642271E-004
           8          57  -2.9905244437016134E-004
           8          58  -1.7475971662422954E-003
           8          59   2.9592091837045865E-004
           9           1   4.4210538003219874E-011
           9           2   1.4367509390172028E-010
           9           3  -2.1283996770100158E-011
           9           4   1.1335111045610258E-010
           9           5  -9.1462675878208699E-010
           9           6  -4.6031023223224845E-010
           9           7  -2.9334652255609576E-003
           9           8  -2.9547456155957219E-003
           9           9   2.0253511423367661     
           9          10   1.5429395833160297E-003
           9          11   1.5541392932222416E-003
           9          12  -2.3921114095698519E-002
           9          13  -1.5269143929448751E-002
           9          14  -1.5379986633995436E-002
           9          15  -5.5212748743465379E-002
           9          16   1.7920745829508140E-003
           9          17   1.8050835116578535E-003
           9          18  -1.7655106506636011E-002
           9          19  -3.7025163528088924E-004
           9          20  -3.7293944715514150E-004
           9          21  -2.3411188180426281E-003
           9          22   2.4988585102724156E-010
           9          23  -8.4823848625655526E-011
           9          24   1.3624179600962677E-010
           9          25  -1.6991234493279397E-010
           9          26   1.3490213619122932E-011
           9          27   8.7262816729293831E-011
           9          28   8.7796033636571756E-011
           9          29   6.6053691815725517E-011
           9          30   1.5948989337510391E-010
           9          31   1.2009518761310283E-010
           9          32   1.7217480038245344E-011
           9          33   5.6648581917754462E-010
           9          34   3.2750260788661718E-010
           9          35  -5.0203151704836989E-011
           9          36   3.5654131360677432E-010
           9          37  -1.5824302351571354E-010
           9          38   8.7822176003240069E-011
           9          39  -7.5957329273426508E-011
           9          40   2.2275034917414701E-003
           9          41   1.0769480552927325E-003
           9          42   1.0707824909446787E-003
           9          43   2.2448717116184879E-003
           9          44  -6.1237396788405857E-003
           9          45  -2.7552783550413541E-005
           9          46  -6.1240847259351385E-003
           9          47   9.5745506282985098E-004
           9          48   9.6440536264454145E-004
           9          49  -1.3634580024193627E-002
           9          50   3.3078025243283221E-004
           9          51   1.9204080240929597E-004
           9          52   1.9159074522046748E-004
           9          53   3.3388234477325820E-004
           9          54  -1.9190076548292571E-003
           9          55  -6.0926680431152864E-004
           9          56  -1.9266409166134343E-003
           9          57   6.0975127499816330E-004
           9          58   6.1417744165988308E-004
           9          59  -3.3737390665410684E-003
          10           1  -1.0488069419534430E-012
          10           2  -7.8998653952402086E-013
          10           3  -2.8806664244802438E-012
          10           4  -1.1724388740012892E-011
          10           5   7.2488765002150713E-011
          10           6  -2.2364512736396530E-011
          10           7  -2.6436510192449452E-002
          10           8  -3.2718732089555558E-003
          10           9   1.5429395833160297E-003
          10          10   1.5585497529370508E-002
          10          11  -1.2311778518491940E-003
          10          12   5.8059532750445470E-004
          10          13  0.12086448006006772     
          10          14  -2.5077359635522919E-002
          10          15   1.1825905455631225E-002
          10          16   1.2134275123146900E-003
          10          17  -2.5058418737496113E-003
          10          18   1.1816969702176843E-003
          10          19   3.1297300380336134E-003
          10          20  -1.3588079961985387E-003
          10          21   6.4078254815851967E-004
          10          22  -6.7680474034894502E-012
          10          23  -9.7459616951600955E-012
          10          24  -3.7009965505706344E-012
          10          25  -2.2435374489675018E-012
          10          26  -4.0307649749588439E-012
          10          27   1.6695149721059452E-011
          10          28  -1.2066649487751247E-011
          10          29   1.3163602946632928E-012
          10          30  -1.1232198905096351E-011
          10          31   3.0634722355230094E-012
          10          32  -7.8274025258476430E-012
          10          33  -1.1837289714669054E-011
          10          34  -3.6334523632314644E-011
          10          35   1.7436054628318768E-011
          10          36  -4.7507102994155907E-012
          10          37   5.9967382183879202E-011
          10          38  -1.9238487701053142E-011
          10          39   4.8160090752628490E-011
          10          40   7.6781407580650309E-003
          10          41   9.7754266561071897E-004
          10          42   3.7105918967214910E-003
          10          43  -6.6969365187288668E-004
          10          44  -4.6098633831050616E-004
          10          45  -4.9644858478546867E-004
          10          46   1.4138914333527638E-005
          10          47   3.0016392878159824E-003
          10          48  -3.4434940880093449E-004
          10          49   4.2630992265125519E-004
          10          50   7.6136193809804697E-003
          10          51   5.9253385529349804E-004
          10          52   3.5638883250492864E-003
          10          53  -1.0375868453836904E-003
          10          54  -2.7942530599912662E-004
          10          55  -3.7245240734061150E-004
          10          56   1.4694365403080810E-004
          10          57   3.0320082258799078E-003
          10          58  -4.8938970477209671E-004
          10          59   5.5179377896947277E-004
          11           1   4.4010504360491906E-012
          11           2   3.5030828514592898E-011
          11           3   2.9862488781108316E-011
          11           4  -3.8503592381450645E-011
          11           5  -1.4582149432645424E-010
          11           6  -6.9871700433876070E-011
          11           7  -3.2718753016666375E-003
          11           8  -2.6483840927605400E-002
          11           9   1.5541392932222416E-003
          11          10  -1.2311778518491940E-003
          11          11   1.5567686713699597E-002
          11          12   5.8481004663644780E-004
          11          13  -2.5077360147405733E-002
          11          14  0.12050169919488135     
          11          15   1.1911754177901659E-002
          11          16  -2.5058418656226586E-003
          11          17   1.1771768890188321E-003
          11          18   1.1902754895808947E-003
          11          19  -1.3588080610868814E-003
          11          20   3.1100729117781215E-003
          11          21   6.4543419780552550E-004
          11          22   3.6381844747753901E-012
          11          23  -5.2394284731626331E-012
          11          24   1.0757478478093110E-011
          11          25   9.7904361039717600E-012
          11          26   4.1878870391429901E-012
          11          27  -8.2116567415400522E-012
          11          28   4.7257252059812645E-011
          11          29  -1.1642337841229079E-011
          11          30   5.3576453553619536E-011
          11          31   1.6592730518012269E-011
          11          32   1.3782820147241213E-011
          11          33   3.5479270580820107E-011
          11          34   4.1954317066593208E-011
          11          35  -3.5781523474466956E-012
          11          36   5.9937223823387312E-011
          11          37  -3.5070735032218548E-011
          11          38  -1.3233780376041562E-011
          11          39  -1.3146965093765744E-011
          11          40  -6.7402137967206258E-004
          11          41   3.6969801120193772E-003
          11          42   9.8334888799043551E-004
          11          43   7.6891387774769646E-003
          11          44   1.6999509113816661E-005
          11          45  -4.9603230701528915E-004
          11          46  -4.6709079276602576E-004
          11          47  -3.4434939771827745E-004
          11          48   2.9966577797806344E-003
          11          49   4.2940463160080934E-004
          11          50  -1.0400343695959116E-003
          11          51   3.5495094804729801E-003
          11          52   5.9581756138078735E-004
          11          53   7.6157156383713301E-003
          11          54   1.4957009613504325E-004
          11          55  -3.7155618139313661E-004
          11          56  -2.8301351603775391E-004
          11          57  -4.8938970328350545E-004
          11          58   3.0249284726739630E-003
          11          59   5.5579938650808145E-004
          12           1   2.8394101671569820E-012
          12           2   2.2832655597642941E-011
          12           3   5.6185993929328018E-011
          12           4   6.6453494876934235E-011
          12           5  -1.5669094112659236E-010
          12           6  -1.9043239528281701E-010
          12           7   1.5429401293559080E-003
          12           8   1.5541424117319911E-003
          12           9  -2.3921114095698519E-002
          12          10   5.8059532750445470E-004
          12          11   5.8481004663644780E-004
          12          12   1.6532019251620192E-002
          12          13   1.1825904290146147E-002
          12          14   1.1911753076536732E-002
          12          15  0.14014379544201688     
          12          16   1.1816969141938260E-003
          12          17   1.1902753000949762E-003
          12          18   3.1399027576194845E-003
          12          19   6.4078244560842506E-004
          12          20   6.4543426659849780E-004
          12          21   4.1743731987661263E-003
          12          22   1.5142062181837906E-011
          12          23  -5.0395009578734272E-012
          12          24   2.0323414153756501E-011
          12          25   1.2418811049668823E-011
          12          26  -1.0481241906793231E-011
          12          27  -2.0975381457667135E-012
          12          28   1.0008190977861528E-010
          12          29   1.1062014957993043E-011
          12          30   9.1078980142393859E-011
          12          31   2.9043452012300137E-011
          12          32  -1.0991685869846242E-011
          12          33   2.2439531332112295E-011
          12          34   2.3640945778844308E-011
          12          35   3.8849547031244593E-011
          12          36   1.0823449775470582E-010
          12          37   4.9511967901732343E-011
          12          38  -7.9441687724074330E-011
          12          39   6.6797412071563696E-011
          12          40   3.1785307883162167E-004
          12          41   1.6999513907500313E-005
          12          42   1.4138928676658976E-005
          12          43   3.1810481576580093E-004
          12          44   3.7250115154050592E-003
          12          45   6.8885889376561174E-004
          12          46   3.7336417583901061E-003
          12          47  -3.1547630369379231E-004
          12          48  -3.1776648731191221E-004
          12          49   7.2738113168819120E-003
          12          50   4.9045636622032512E-004
          12          51   1.4957020271970893E-004
          12          52   1.4694375994142605E-004
          12          53   4.9285418732278330E-004
          12          54   3.7961456803441399E-003
          12          55   5.8260849281138163E-004
          12          56   3.8034448520622832E-003
          12          57  -1.9713261520381734E-004
          12          58  -1.9856373245983049E-004
          12          59   7.6040957776354551E-003
          13           1  -1.1634653925115408E-011
          13           2  -1.3253294371137047E-010
          13           3  -8.1916826814022253E-011
          13           4  -2.9937155777091750E-010
          13           5   6.4199573369376361E-010
          13           6  -1.7471258345161790E-010
          13           7  -3.0320050906105324E-002
          13           8   3.2378903170204643E-002
          13           9  -1.5269143929448751E-002
          13          10  0.12086448006006772     
          13          11  -2.5077360147405733E-002
          13          12   1.1825904290146147E-002
          13          13  0.97501307552265026     
          13          14 -0.30434781804843702     
          13          15  0.14352340872871339     
          13          16   1.0729811368665495E-002
          13          17  -2.1272363394884385E-002
          13          18   1.0031555319736648E-002
          13          19   2.6078445925160024E-002
          13          20  -1.3382837205991155E-002
          13          21   6.3110380054865276E-003
          13          22  -5.3246420787308134E-011
          13          23  -8.2039628184616154E-011
          13          24  -4.1228527808233283E-011
          13          25  -8.8336292301744370E-012
          13          26  -3.4530879661086383E-011
          13          27   1.2278028260293847E-010
          13          28  -1.2788794066351841E-010
          13          29   3.5427377030928521E-011
          13          30  -1.1417432812876012E-010
          13          31   1.4369801525911394E-011
          13          32  -8.3730776021353241E-011
          13          33  -1.3429403145853409E-010
          13          34  -3.0473438020056231E-010
          13          35   1.4819641096033498E-010
          13          36  -5.7488133327911457E-011
          13          37   4.9366663145445420E-010
          13          38  -1.4286030390251824E-010
          13          39   3.9343290006604468E-010
          13          40   5.8845120362892619E-002
          13          41   3.4515776779101897E-003
          13          42   2.7467197866264031E-002
          13          43  -1.3044232699435797E-002
          13          44  -1.6276835185190523E-003
          13          45  -3.1385943041347423E-003
          13          46   2.2362417517309487E-003
          13          47   2.2985134269587253E-002
          13          48  -6.0152096312912915E-003
          13          49   6.5988646234895094E-003
          13          50   6.0100733172817028E-002
          13          51   8.9562313813438144E-004
          13          52   2.7309068717246608E-002
          13          53  -1.5183789004524764E-002
          13          54  -4.2235593923063610E-004
          13          55  -2.3130910969906947E-003
          13          56   3.0237894704031672E-003
          13          57   2.4005863474776425E-002
          13          58  -6.8533582508950343E-003
          13          59   7.3154305518667324E-003
          14           1   1.2158788147065719E-011
          14           2   5.5947460553616473E-011
          14           3   3.0219457774696024E-010
          14           4   3.7313410513472939E-010
          14           5  -1.2880808850552318E-009
          14           6  -6.0052787078787363E-010
          14           7   3.2378907812107019E-002
          14           8  -2.9851646325280777E-002
          14           9  -1.5379986633995436E-002
          14          10  -2.5077359635522919E-002
          14          11  0.12050169919488135     
          14          12   1.1911753076536732E-002
          14          13 -0.30434781804843702     
          14          14  0.97061023536910640     
          14          15  0.14456530223957276     
          14          16  -2.1272363279868152E-002
          14          17   1.0422075948468820E-002
