           1           1   2.0099539185528310     
           1           2   1.9543262953231083E-002
           1           3 -0.28813470898621052     
           1           4 -0.21247472724400782     
           1           5  -1.1324118286728992E-002
           1           6  -1.5547744270059139E-011
           1           7  -3.3933685756511103E-011
           1           8  -1.7319646445745502E-011
           1           9   5.5106205488007537E-011
           1          10   8.0384585130862637E-011
           1          11   2.0266015197261504E-011
           1          12  -1.9474176744976914E-011
           1          13  -1.4464864891050074E-011
           1          14   8.6770838971469776E-012
           1          15  -5.1073084959687485E-012
           1          16  -1.3496732326430318E-012
           1          17   3.9485809505517528E-012
           1          18   4.9666645669225167E-003
           1          19   7.1357163236634579E-005
           1          20   4.9661116239299221E-003
           1          21  -3.8079254167898370E-005
           1          22   3.8249995311724985E-005
           1          23   5.0105086620137480E-003
           1          24   1.7927096225844548E-002
           1          25   2.7466108444374002E-005
           1          26   1.7926883270197098E-002
           1          27  -1.4657077391337647E-005
           1          28   1.4722834816184279E-005
           1          29   1.7943972201759639E-002
           1          30   1.0897679746560324E-002
           1          31  -1.1969842110643250E-003
           1          32   1.0906954490708045E-002
           1          33   6.3876235386298901E-004
           1          34  -6.4162628196347390E-004
           1          35   1.0162214632342084E-002
           1          36   1.8913790790557636E-011
           1          37   1.2679766374864889E-011
           1          38   7.7282852142164858E-012
           1          39   3.0538455979564412E-011
           1          40   6.5334376018539730E-012
           1          41   5.1652794865416538E-013
           1          42   3.7269206420811359E-012
           1          43   8.9226840183648927E-012
           1          44   1.3074009067044503E-011
           1          45   8.8587615343794177E-012
           1          46   1.7994267987130826E-011
           1          47   8.8199474059678661E-012
           1          48   4.5494201371781410E-012
           1          49   2.7915419996870483E-011
           1          50  -4.8638334150729815E-012
           1          51  -2.2992386890460667E-012
           1          52   6.5398463485690892E-012
           1          53   2.6084748081994481E-012
           1          54   1.1321083881314689E-011
           1          55   8.9958627757854306E-012
           2           1   1.9543262953231083E-002
           2           2   5.9974573657935543E-002
           2           3  0.18220808302503777     
           2           4  0.12953860069272397     
           2           5   6.4454500112451941E-003
           2           6  -1.6090265257560923E-010
           2           7  -1.8993015151798355E-010
           2           8  -4.9422295825352681E-011
           2           9  -1.4906190806706614E-010
           2          10  -1.7923519823015548E-010
           2          11  -4.6022279033699645E-011
           2          12  -8.1301199946069945E-011
           2          13  -1.0461858345247467E-010
           2          14  -3.8907222075867891E-011
           2          15  -1.9509611435927715E-012
           2          16  -5.1065514450222180E-012
           2          17  -4.4537080640274505E-012
           2          18   6.0842098786868391E-004
           2          19   1.0868665813027888E-004
           2          20   6.0757888574266910E-004
           2          21  -5.7999889232446776E-005
           2          22   5.8259920512041441E-005
           2          23   6.7520154104910640E-004
           2          24  -1.0019292086313203E-003
           2          25   1.7328453906034682E-004
           2          26  -1.0032717919143950E-003
           2          27  -9.2472113894830543E-005
           2          28   9.2886688023105209E-005
           2          29  -8.9545762693435805E-004
           2          30  -3.8180645928380637E-003
           2          31   8.3348030549422914E-004
           2          32  -3.8245227511044138E-003
           2          33  -4.4478100645407490E-004
           2          34   4.4677520693647827E-004
           2          35  -3.3059478218935316E-003
           2          36  -5.5426684410495634E-012
           2          37  -3.0751568285605620E-013
           2          38   8.6262414198747601E-013
           2          39  -7.5076641758168909E-012
           2          40  -3.2650211006124848E-012
           2          41  -1.6781586830392362E-013
           2          42   9.3191318862090247E-013
           2          43  -2.2360608224302852E-012
           2          44  -1.8472061120236227E-012
           2          45   4.9999157042039681E-014
           2          46  -7.3661193734380546E-012
           2          47   9.8856262013662580E-013
           2          48   1.6126928088933420E-012
           2          49  -8.5509841677561847E-012
           2          50   5.1628920321539899E-012
           2          51   2.0748125538062748E-012
           2          52  -1.5779747977211113E-012
           2          53   1.3693805887270721E-012
           2          54  -1.7605230016441497E-012
           2          55  -1.5120539214850035E-012
           3           1 -0.28813470898621052     
           3           2  0.18220808302503777     
           3           3  0.61387604840755938     
           3           4  0.43778718952728762     
           3           5   2.1916808703035952E-002
           3           6  -1.9152166211288758E-010
           3           7  -2.2139374372630179E-010
           3           8  -4.5522685005073726E-011
           3           9  -1.9823045791805661E-010
           3          10  -2.4498858963654193E-010
           3          11  -5.2088866211898078E-011
           3          12  -5.2628911990553632E-011
           3          13  -8.8638885883502965E-011
           3          14  -5.3553742934086857E-011
           3          15   1.1321171115159933E-011
           3          16   4.1481577562023047E-012
           3          17  -8.3976012481698528E-012
           3          18   1.0186455583913602E-003
           3          19   3.4642177485850545E-004
           3          20   1.0159614891160529E-003
           3          21  -1.8486560268766929E-004
           3          22   1.8569441202936064E-004
           3          23   1.2314981582226196E-003
           3          24  -6.2127039543289318E-003
           3          25   5.6753368181534491E-004
           3          26  -6.2171011195740720E-003
           3          27  -3.0286048362077652E-004
           3          28   3.0421827725295950E-004
           3          29  -5.8639930466636899E-003
           3          30  -1.3701075039163218E-002
           3          31   2.7979028506319435E-003
           3          32  -1.3722754376602378E-002
           3          33  -1.4930815249690275E-003
           3          34   1.4997758399900090E-003
           3          35  -1.1981954667838692E-002
           3          36  -6.8003628190522462E-012
           3          37  -3.9241923817041643E-013
           3          38   2.2864718188787083E-012
           3          39  -1.2375280374024947E-011
           3          40  -6.8012567722145422E-012
           3          41  -1.1443480685758756E-012
           3          42   1.5500892489206001E-012
           3          43  -3.2550447361919222E-012
           3          44  -3.3092662575682865E-012
           3          45   2.1836238712212457E-012
           3          46  -9.1899904107776839E-012
           3          47   5.8664586915818072E-012
           3          48   6.4728850054558372E-012
           3          49  -1.1463475650900551E-011
           3          50   2.1695610563261176E-011
           3          51   6.2549579924495352E-012
           3          52  -6.2222285999181118E-012
           3          53   1.0325411191425719E-011
           3          54  -1.1239461264008369E-012
           3          55  -1.5603524489130478E-012
           4           1 -0.21247472724400782     
           4           2  0.12953860069272397     
           4           3  0.43778718952728762     
           4           4  0.31249905410092849     
           4           5   1.5671440133023677E-002
           4           6   4.3724018122897078E-010
           4           7   5.4608978384041923E-010
           4           8   2.2191033535743385E-010
           4           9   3.7439059052735269E-010
           4          10   4.5814121230066773E-010
           4          11   1.9142150080826083E-010
           4          12   3.2970343668345049E-010
           4          13   3.8888208029530257E-010
           4          14   1.2659991620327078E-010
           4          15   3.8572935445429183E-011
           4          16   4.0793260843414708E-011
           4          17   8.0035030686910516E-012
           4          18   6.7578400317497083E-004
           4          19   3.8118410968442009E-004
           4          20   6.7283052408237789E-004
           4          21  -2.0341627699443595E-004
           4          22   2.0432827663820663E-004
           4          23   9.0999566541095770E-004
           4          24  -4.5113618524985936E-003
           4          25   6.8040033685713101E-004
           4          26  -4.5166336736523361E-003
           4          27  -3.6309097479329724E-004
           4          28   3.6471885139624689E-004
           4          29  -4.0933021537040322E-003
           4          30  -9.7453856976974212E-003
           4          31   2.0748704120815936E-003
           4          32  -9.7614626806264704E-003
           4          33  -1.1072402573507165E-003
           4          34   1.1122046341042724E-003
           4          35  -8.4705194274312980E-003
           4          36   2.0850304127735933E-011
           4          37   5.4817491476484597E-012
           4          38   2.7964282963137244E-012
           4          39   2.2900455770596645E-011
           4          40   4.7831052162471127E-012
           4          41  -2.3624528810976955E-012
           4          42   7.5607832209243156E-013
           4          43   8.1832607250980553E-012
           4          44   6.0975100003878879E-012
           4          45   9.9684626474141446E-012
           4          46   2.4806826214800438E-011
           4          47   1.2817596369470143E-011
           4          48   8.0663649503997072E-012
           4          49   3.0496073375060168E-011
           4          50   2.5693027620980467E-011
           4          51   2.7240805894017280E-012
           4          52  -3.5189676834870296E-012
           4          53   2.0041140200571225E-011
           4          54   1.0637039473664907E-011
           4          55   1.0032037759204090E-011
           5           1  -1.1324118286728992E-002
           5           2   6.4454500112451941E-003
           5           3   2.1916808703035952E-002
           5           4   1.5671440133023677E-002
           5           5   7.8839545150603146E-004
           5           6   2.4466340997319134E-010
           5           7   1.6653578893795442E-010
           5           8  -1.4166785766425424E-010
           5           9   2.1879378867560898E-010
           5          10   1.4800186650631377E-010
           5          11  -1.2753402694290813E-010
           5          12   1.5912649666126728E-010
           5          13   1.0887810002253582E-010
           5          14  -9.1103827159347007E-011
           5          15   1.3665047861876926E-011
           5          16   9.4955621950424126E-012
           5          17  -7.4835066927427208E-012
           5          18   2.9039412464213532E-005
           5          19   3.1445543531476373E-005
           5          20   2.8795762765912445E-005
           5          21  -1.6780697487040345E-005
           5          22   1.6855933632606651E-005
           5          23   4.8360554765785303E-005
           5          24  -2.3363523570610898E-004
           5          25   5.9460627801160914E-005
           5          26  -2.3409595356615938E-004
           5          27  -3.1730754678696511E-005
           5          28   3.1873018921173450E-005
           5          29  -1.9710073252134403E-004
           5          30  -4.8562615832261035E-004
           5          31   1.1120172580739862E-004
           5          32  -4.8648779748264629E-004
           5          33  -5.9342032326246594E-005
           5          34   5.9608096060046903E-005
           5          35  -4.1730028737298511E-004
           5          36   1.1190530009271239E-011
           5          37  -3.8311310197351248E-013
           5          38   2.5856960777041769E-012
           5          39   7.4791005120340471E-012
           5          40  -1.0518932651538609E-012
           5          41   9.1519391001793178E-013
           5          42  -4.2490767644092084E-012
           5          43   2.3623470851492386E-012
           5          44   3.7354544419291838E-012
           5          45  -4.5504495228675421E-012
           5          46   1.3624733725399433E-011
           5          47   5.5384656598243658E-013
           5          48   3.8129032280602636E-012
           5          49   9.2538397659242078E-012
           5          50  -7.2551589846129177E-013
           5          51   1.1671180606419907E-012
           5          52  -5.1456709893595678E-012
           5          53   3.8925169072397330E-012
           5          54   4.5888281017508660E-012
           5          55  -6.0375337144202911E-012
           6           1  -1.5547744270059139E-011
           6           2  -1.6090265257560923E-010
           6           3  -1.9152166211288758E-010
           6           4   4.3724018122897078E-010
           6           5   2.4466340997319134E-010
           6           6  0.32227400886989710     
           6           7   7.7039214931313521E-002
           6           8  -4.1111444391790680E-002
           6           9  0.28879730069620546     
           6          10   7.1660639758409722E-002
           6          11  -3.8241205014582370E-002
           6          12  0.20813315983192465     
           6          13   6.2665104653471179E-002
           6          14  -3.3440799375129171E-002
           6          15   1.7916646597853927E-002
           6          16   9.1189963244836282E-003
           6          17  -4.8662893724809725E-003
           6          18  -1.6214091551488447E-011
           6          19   1.9603119422777097E-011
           6          20   8.3552618035801628E-012
           6          21   5.1689758659880660E-012
           6          22  -1.1252634426466526E-011
           6          23   2.7079564480913729E-012
           6          24  -5.0471549378714663E-011
           6          25   3.1097170632334047E-011
           6          26  -8.3716588070310292E-011
           6          27   5.7251681182311189E-012
           6          28  -4.0205488825509938E-012
           6          29  -3.8977286489271511E-011
           6          30  -2.2400855979311994E-010
           6          31   6.8543490823717364E-011
           6          32  -8.9290518888431383E-011
           6          33   1.8574983783583089E-010
           6          34  -1.0904195712180254E-010
           6          35  -7.3676107408689668E-011
           6          36   1.2115557257162369E-002
           6          37  -5.4990924418930366E-004
           6          38   5.6452364667545401E-003
           6          39   4.5877201715973735E-003
           6          40   2.9345527063983268E-004
           6          41  -9.3814162818362825E-004
           6          42  -9.7943439559824595E-004
           6          43   4.5563292412667301E-003
           6          44   2.0674468795090842E-003
           6          45  -2.5405132991420071E-003
           6          46   1.5642021681560720E-002
           6          47   4.7968317459521140E-006
           6          48   7.1232214148287884E-003
           6          49   5.5916918333874105E-003
           6          50  -2.5598756427916338E-006
           6          51  -8.4451674724472347E-004
           6          52  -1.2719000273682022E-003
           6          53   6.1429852498524236E-003
           6          54   2.5092208574945488E-003
           6          55  -3.0340022254944474E-003
           7           1  -3.3933685756511103E-011
           7           2  -1.8993015151798355E-010
           7           3  -2.2139374372630179E-010
           7           4   5.4608978384041923E-010
           7           5   1.6653578893795442E-010
           7           6   7.7039214931313521E-002
           7           7  0.32158472636970870     
           7           8   4.1295771235101766E-002
           7           9   7.1660639812317198E-002
           7          10  0.28815614150817909     
           7          11   3.8412662794843518E-002
           7          12   6.2665104219329998E-002
           7          13  0.20757248337816672     
           7          14   3.3590734921110942E-002
           7          15   9.1189969056189694E-003
           7          16   1.7835056143596061E-002
           7          17   4.8881078548221116E-003
           7          18  -7.7012261384475924E-012
           7          19   2.0394728597022592E-011
           7          20   5.6381759120768609E-012
           7          21   3.2136534039627053E-012
           7          22  -1.5376774404279311E-011
           7          23  -4.0768111909726885E-012
           7          24  -4.9107541962709666E-011
           7          25   2.1576419325133200E-011
           7          26  -9.2196024338952579E-011
           7          27  -6.1042261958386461E-012
           7          28  -7.0520701973030018E-013
           7          29  -5.4800367020065314E-011
           7          30  -1.4717133591569501E-010
           7          31   8.3511061835183963E-011
           7          32  -1.1976409322186182E-010
           7          33   2.0985386045711684E-010
           7          34  -1.5070793184519647E-010
           7          35  -1.3867778558897996E-010
           7          36   4.5898744514679783E-003
           7          37   5.6152282445295207E-003
           7          38  -5.5279944771406816E-004
           7          39   1.2100544208789824E-002
           7          40   9.8537502793535187E-004
           7          41   9.3573509828653021E-004
           7          42  -2.9632025665237165E-004
           7          43   2.0674468728755597E-003
           7          44   4.5378314670452228E-003
           7          45   2.5519039264358147E-003
           7          46   5.5928595871739054E-003
           7          47   7.0896747579141644E-003
           7          48   3.2303293458053016E-006
           7          49   1.5616963990188790E-002
           7          50   1.2784424297791076E-003
           7          51   8.4171246680755799E-004
           7          52   1.7315871439721551E-006
           7          53   2.5092209245283666E-003
           7          54   6.1205347487043767E-003
           7          55   3.0476055283508029E-003
           8           1  -1.7319646445745502E-011
           8           2  -4.9422295825352681E-011
           8           3  -4.5522685005073726E-011
           8           4   2.2191033535743385E-010
           8           5  -1.4166785766425424E-010
           8           6  -4.1111444391790680E-002
           8           7   4.1295771235101766E-002
           8           8  0.37693215045778583     
           8           9  -3.8241205030924083E-002
           8          10   3.8412662714172034E-002
           8          11  0.33963942592951457     
           8          12  -3.3440799496318854E-002
           8          13   3.3590734759238017E-002
           8          14  0.25259308984033740     
           8          15  -4.8662892274261831E-003
           8          16   4.8881078510908697E-003
           8          17   2.4386433841765347E-002
           8          18  -3.4459297644681546E-012
           8          19   1.0100176426341062E-011
           8          20  -2.0152102156959447E-012
           8          21   3.1796519411006279E-012
           8          22  -5.2145415689903061E-012
           8          23   2.1136354149299675E-012
           8          24  -1.6671900397955931E-011
           8          25   7.6789161949099659E-012
           8          26  -1.8983782257070061E-011
           8          27   9.1958665195732740E-012
           8          28   2.3149370808909573E-011
           8          29   2.0595513785008021E-012
           8          30   1.4316217166724854E-010
           8          31   3.7956681814980526E-011
           8          32  -6.0460269532497013E-011
           8          33   8.5271964029040802E-011
           8          34  -4.5165749700046609E-011
           8          35  -1.0899792458374203E-010
           8          36  -2.4493547605657787E-003
           8          37   9.8537501109617403E-004
           8          38  -9.7943439777432233E-004
           8          39   2.4591818912155531E-003
           8          40   6.9358954287382516E-003
           8          41  -1.4855096677871002E-003
           8          42   6.9474058635049588E-003
           8          43   1.7115324170759063E-004
           8          44  -1.7192063579306392E-004
           8          45   1.3428772977192454E-002
           8          46  -2.9845908565761131E-003
           8          47   1.2784424034399003E-003
           8          48  -1.2719000239683953E-003
           8          49   2.9973465944067692E-003
           8          50   8.8031310923794587E-003
           8          51  -1.4320419876345631E-003
           8          52   8.8142272608887403E-003
           8          53  -6.8852282337733377E-005
           8          54   6.9160913273385704E-005
           8          55   1.7695543971383856E-002
           9           1   5.5106205488007537E-011
           9           2  -1.4906190806706614E-010
           9           3  -1.9823045791805661E-010
           9           4   3.7439059052735269E-010
           9           5   2.1879378867560898E-010
           9           6  0.28879730069620546     
           9           7   7.1660639812317198E-002
           9           8  -3.8241205030924083E-002
           9           9  0.25883312928305513     
           9          10   6.6555520307234023E-002
           9          11  -3.5516893365593862E-002
           9          12  0.18669412034150906     
           9          13   5.7794462357574988E-002
           9          14  -3.0841614881911835E-002
           9          15   1.6123982029535827E-002
           9          16   8.2971833490140465E-003
           9          17  -4.4277345621883983E-003
           9          18  -1.4414056786628756E-011
           9          19   1.7812084372020515E-011
           9          20   7.5614621009441442E-012
           9          21   4.5080814726996398E-012
           9          22  -1.0031947306176505E-011
           9          23   2.5217804705882359E-012
           9          24  -4.4585930300958086E-011
           9          25   2.8367789953260837E-011
           9          26  -7.4611700186493337E-011
           9          27   4.7293051954185889E-012
           9          28  -3.4516500914616529E-012
           9          29  -3.4228019169013764E-011
           9          30  -2.0063670712029492E-010
           9          31   6.1578774945091602E-011
           9          32  -7.9518511231696418E-011
           9          33   1.6684801753111702E-010
           9          34  -9.8144784728545159E-011
           9          35  -6.5524456882713897E-011
           9          36   1.0875247659069467E-002
           9          37  -4.3745687704086563E-004
           9          38   5.0457010743663652E-003
           9          39   4.1983982718553758E-003
           9          40   2.3344584075440174E-004
           9          41  -8.2254858478796489E-004
           9          42  -9.0987644530644211E-004
           9          43   4.0909634623730960E-003
           9          44   1.8901491241493037E-003
           9          45  -2.3140788900940252E-003
           9          46   1.4038125780368896E-002
           9          47   7.0944782149603416E-005
           9          48   6.3730621367869599E-003
           9          49   5.1264617103699960E-003
           9          50  -3.7859265290810917E-005
           9          51  -7.4011042259680194E-004
           9          52  -1.1778361437571009E-003
           9          53   5.5140110821702889E-003
           9          54   2.2988481391104315E-003
           9          55  -2.7721698617420602E-003
          10           1   8.0384585130862637E-011
          10           2  -1.7923519823015548E-010
          10           3  -2.4498858963654193E-010
          10           4   4.5814121230066773E-010
          10           5   1.4800186650631377E-010
          10           6   7.1660639758409722E-002
          10           7  0.28815614150817909     
          10           8   3.8412662714172034E-002
          10           9   6.6555520307234023E-002
          10          10  0.25823764668263072     
          10          11   3.5676136295001042E-002
          10          12   5.7794461966021657E-002
          10          13  0.18617702267871764     
          10          14   3.0979896564992473E-002
          10          15   8.2971838810463328E-003
          10          16   1.6049744619643393E-002
          10          17   4.4475867330451080E-003
          10          18  -6.9096710785367757E-012
          10          19   1.8699364084952973E-011
          10          20   5.1738864286455193E-012
          10          21   2.7656303111394720E-012
          10          22  -1.3649358041301964E-011
          10          23  -3.3458635734018217E-012
          10          24  -4.3080051591102540E-011
          10          25   2.0249595053455280E-011
          10          26  -8.1762673967926527E-011
          10          27  -5.7376210156974308E-012
          10          28  -1.8542231813782875E-013
          10          29  -4.7589528836656250E-011
          10          30  -1.3096226679662997E-010
          10          31   7.5117343108867262E-011
          10          32  -1.0638956444084092E-010
          10          33   1.8879220672612868E-010
          10          34  -1.3536856694329530E-010
          10          35  -1.2325886356053963E-010
          10          36   4.2001167123085475E-003
          10          37   5.0185352261022820E-003
          10          38  -4.3976235043160887E-004
          10          39   1.0860849448680879E-002
          10          40   9.1519176688396929E-004
          10          41   8.2029770413286117E-004
          10          42  -2.3572833571055781E-004
          10          43   1.8901491177937435E-003
          10          44   4.0740520031881944E-003
          10          45   2.3244542729118655E-003
          10          46   5.1273128737866353E-003
          10          47   6.3426055991995939E-003
          10          48   6.9803005764458581E-005
          10          49   1.4014486241942762E-002
          10          50   1.1837291254453730E-003
          10          51   7.3751045155725993E-004
          10          52   3.7416915942779490E-005
          10          53   2.2988481987325600E-003
          10          54   5.4934428349450275E-003
          10          55   2.7845992007839177E-003
          11           1   2.0266015197261504E-011
          11           2  -4.6022279033699645E-011
          11           3  -5.2088866211898078E-011
          11           4   1.9142150080826083E-010
          11           5  -1.2753402694290813E-010
          11           6  -3.8241205014582370E-002
          11           7   3.8412662794843518E-002
          11           8  0.33963942592951457     
          11           9  -3.5516893365593862E-002
          11          10   3.5676136295001042E-002
          11          11  0.30605325071603318     
          11          12  -3.0841614989440290E-002
          11          13   3.0979896464721310E-002
          11          14  0.22769840456142254     
          11          15  -4.4277344343017664E-003
          11          16   4.4475867317473067E-003
          11          17   2.2010705669631373E-002
          11          18  -3.0375660853477783E-012
          11          19   9.1208935703232222E-012
          11          20  -1.7718385653212187E-012
          11          21   2.8364300616113886E-012
          11          22  -4.6387716675519387E-012
          11          23   1.9730533845453734E-012
          11          24  -1.4601849463186645E-011
          11          25   6.9922621602248001E-012
          11          26  -1.6615236595001263E-011
          11          27   8.1636547286016136E-012
          11          28   2.0888979397414415E-011
          11          29   2.2383885329425633E-012
          11          30   1.2909865814507576E-010
          11          31   3.4140338283404853E-011
          11          32  -5.4028947052644468E-011
          11          33   7.6459640980391638E-011
          11          34  -4.0761104922673290E-011
          11          35  -9.7602488503279632E-011
          11          36  -2.2413632406823886E-003
          11          37   9.1519175324141899E-004
          11          38  -9.0987644618545111E-004
          11          39   2.2504914447913408E-003
          11          40   6.2451379915322023E-003
          11          41  -1.3234060326188077E-003
          11          42   6.2553923707264073E-003
          11          43   1.3588754577523697E-004
          11          44  -1.3649682292285090E-004
          11          45   1.2114880144000098E-002
          11          46  -2.7361550742096841E-003
          11          47   1.1837291037661282E-003
          11          48  -1.1778361397305314E-003
          11          49   2.7479666255701340E-003
          11          50   7.9291206570360276E-003
          11          51  -1.2761580368764172E-003
          11          52   7.9390089606326385E-003
          11          53  -8.6178261527670736E-005
          11          54   8.6564580890455007E-005
          11          55   1.5961158420164580E-002
          12           1  -1.9474176744976914E-011
          12           2  -8.1301199946069945E-011
          12           3  -5.2628911990553632E-011
          12           4   3.2970343668345049E-010
          12           5   1.5912649666126728E-010
          12           6  0.20813315983192465     
          12           7   6.2665104219329998E-002
          12           8  -3.3440799496318854E-002
          12           9  0.18669412034150906     
          12          10   5.7794461966021657E-002
          12          11  -3.0841614989440290E-002
          12          12  0.13537419807438308     
          12          13   4.8584772233884264E-002
          12          14  -2.5926927425685475E-002
          12          15   1.1933976168342922E-002
          12          16   6.5267180391908649E-003
          12          17  -3.4829379705985600E-003
          12          18  -9.4760750240141890E-012
          12          19   1.1427219012712782E-011
          12          20   5.9592854729234212E-012
          12          21   3.9243542666537985E-012
          12          22  -8.1722604444487897E-012
          12          23   9.4881193878134173E-013
          12          24  -3.2397232588430417E-011
          12          25   1.7072712792064454E-011
          12          26  -5.4781605777215782E-011
          12          27   4.4986515322984683E-012
          12          28  -4.6878487022114004E-012
          12          29  -2.8113088049425107E-011
          12          30  -1.4790340924415262E-010
          12          31   4.3612823643557515E-011
          12          32  -6.0365943743382523E-011
          12          33   1.2053854416146190E-010
          12          34  -7.1657908262069916E-011
          12          35  -5.0783225092655284E-011
          12          36   7.9072379460796809E-003
          12          37  -6.8071760794991736E-005
          12          38   3.5914265873240149E-003
          12          39   3.3866023140927065E-003
          12          40   3.6326028895583562E-005
          12          41  -5.1950453167009495E-004
          12          42  -7.8242613274007926E-004
          12          43   2.9884342212033533E-003
          12          44   1.5180553688683941E-003
          12          45  -1.8278636212045148E-003
          12          46   1.0200321542304124E-002
          12          47   3.4697174177405490E-004
          12          48   4.5614887630329891E-003
          12          49   4.1763128247444868E-003
          12          50  -1.8515911951970084E-004
          12          51  -4.6629105082762431E-004
          12          52  -1.0004591072520666E-003
          12          53   4.0202616598393939E-003
          12          54   1.8671889588067481E-003
          12          55  -2.2256442986301633E-003
          13           1  -1.4464864891050074E-011
          13           2  -1.0461858345247467E-010
          13           3  -8.8638885883502965E-011
          13           4   3.8888208029530257E-010
          13           5   1.0887810002253582E-010
          13           6   6.2665104653471179E-002
          13           7  0.20757248337816672     
          13           8   3.3590734759238017E-002
          13           9   5.7794462357574988E-002
          13          10  0.18617702267871764     
          13          11   3.0979896464721310E-002
          13          12   4.8584772233884264E-002
          13          13  0.13493950036096344     
          13          14   2.6043173849530903E-002
          13          15   6.5267184427208937E-003
          13          16   1.1875579676052087E-002
          13          17   3.4985540711930936E-003
          13          18  -4.8695439234270774E-012
          13          19   1.2573977050509703E-011
          13          20   4.2119971601416287E-012
          13          21   2.8365843816412628E-012
          13          22  -1.0488774250796904E-011
          13          23  -2.7130520434101409E-012
          13          24  -3.2018979983182102E-011
          13          25   1.2451619500160516E-011
          13          26  -5.9772774877123041E-011
          13          27  -2.1865650966265689E-012
          13          28  -1.4116208185693217E-012
          13          29  -3.6530717829054748E-011
          13          30  -9.7221746727187325E-011
          13          31   5.3977409016101278E-011
          13          32  -7.9870417857076929E-011
          13          33   1.3708141925133382E-010
          13          34  -9.7743420725189721E-011
          13          35  -9.1643411543652093E-011
          13          36   3.3870837282517761E-003
          13          37   3.5707929579582320E-003
          13          38  -6.8717580236471324E-005
          13          39   7.8927707317851207E-003
          13          40   7.8628040973967100E-004
          13          41   5.1758363754870649E-004
          13          42  -3.6835077852682236E-005
          13          43   1.5180553668124857E-003
          13          44   2.9748519191472363E-003
          13          45   1.8360590236197270E-003
          13          46   4.1762424978981829E-003
          13          47   4.5379753079896621E-003
          13          48   3.4706625525003990E-004
          13          49   1.0178167217049165E-002
          13          50   1.0048941278193667E-003
          13          51   4.6415149480302174E-004
          13          52   1.8603992327567861E-004
          13          53   1.8671890065002810E-003
          13          54   4.0035555285404395E-003
          13          55   2.2356232394718074E-003
          14           1   8.6770838971469776E-012
          14           2  -3.8907222075867891E-011
          14           3  -5.3553742934086857E-011
          14           4   1.2659991620327078E-010
          14           5  -9.1103827159347007E-011
          14           6  -3.3440799375129171E-002
          14           7   3.3590734921110942E-002
          14           8  0.25259308984033740     
          14           9  -3.0841614881911835E-002
          14          10   3.0979896564992473E-002
          14          11  0.22769840456142254     
          14          12  -2.5926927425685475E-002
          14          13   2.6043173849530903E-002
          14          14  0.16984434812530907     
          14          15  -3.4829378686442388E-003
          14          16   3.4985540773403295E-003
          14          17   1.6564581983258168E-002
          14          18  -2.3894308318344509E-012
          14          19   6.7844694257667517E-012
          14          20  -1.4476089529324533E-012
          14          21   2.0311321968779798E-012
          14          22  -3.0739465785207326E-012
          14          23   1.4817868011375188E-012
          14          24  -1.0378966087692415E-011
          14          25   5.3185745531311923E-012
          14          26  -1.1251276174446901E-011
          14          27   5.7075600560651152E-012
          14          28   1.5475182469198833E-011
          14          29   1.8458964298263367E-012
          14          30   9.4061041688477839E-011
          14          31   2.4979821801821036E-011
          14          32  -3.8817422313018882E-011
          14          33   5.4095967444902095E-011
          14          34  -3.0239630421559297E-011
          14          35  -6.9685529214952244E-011
          14          36  -1.8074937946209687E-003
          14          37   7.8628040064285698E-004
          14          38  -7.8242613881967821E-004
          14          39   1.8153398337269686E-003
          14          40   4.6246198934125340E-003
          14          41  -9.1002565608084120E-004
          14          42   4.6316711985985824E-003
          14          43   8.9970464479934096E-006
          14          44  -9.0373827068877073E-006
          14          45   9.0818654010993878E-003
          14          46  -2.2286229199349307E-003
          14          47   1.0048941144740404E-003
          14          48  -1.0004591093132045E-003
          14          49   2.2386529014748976E-003
          14          50   5.8848034208855461E-003
          14          51  -8.7853499762814854E-004
          14          52   5.8916107408186324E-003
          14          53  -1.8116292340997892E-004
          14          54   1.8197515023697479E-004
          14          55   1.1953079258063071E-002
          15           1  -5.1073084959687485E-012
          15           2  -1.9509611435927715E-012
          15           3   1.1321171115159933E-011
          15           4   3.8572935445429183E-011
          15           5   1.3665047861876926E-011
          15           6   1.7916646597853927E-002
          15           7   9.1189969056189694E-003
          15           8  -4.8662892274261831E-003
          15           9   1.6123982029535827E-002
          15          10   8.2971838810463328E-003
          15          11  -4.4277344343017664E-003
          15          12   1.1933976168342922E-002
          15          13   6.5267184427208937E-003
          15          14  -3.4829378686442388E-003
