           1           1   2.2429946592586103     
           1           2 -0.41568172864654668     
           1           3 -0.47879302819208658     
           1           4   4.4524736857297076E-002
           1           5  -3.5138627170256953E-003
           1           6   2.6317876695085318E-013
           1           7   3.7402398644543265E-013
           1           8  -5.4541791584481600E-013
           1           9  -5.3705936224853303E-013
           1          10  -7.2925511931950161E-013
           1          11   9.0632148024133530E-013
           1          12   1.7441741415471006E-013
           1          13   2.6966020393137836E-013
           1          14  -3.3022040719542959E-013
           1          15   2.6694547657374681E-015
           1          16  -9.4078319740855376E-015
           1          17   7.1848129199813312E-015
           1          18   9.9095796513892748E-002
           1          19  -4.5284100130045793E-015
           1          20   9.9095796513886752E-002
           1          21   2.8737480501201729E-015
           1          22  -1.3200268754216342E-016
           1          23   9.9095796513901532E-002
           1          24   7.4015040223659206E-002
           1          25  -3.3984842333600296E-015
           1          26   7.4015040223674167E-002
           1          27  -2.6671386364275618E-015
           1          28  -2.4329667314718961E-015
           1          29   7.4015040223649173E-002
           1          30   1.6535188384167645E-002
           1          31   9.9076878125618324E-015
           1          32   1.6535188384153660E-002
           1          33   2.5754137426871441E-015
           1          34  -6.7266242789833248E-016
           1          35   1.6535188384164689E-002
           1          36  -1.4016118084297629E-014
           1          37  -7.5308973750301304E-015
           1          38   1.5956805326859241E-015
           1          39  -1.8609130701310813E-014
           1          40   2.1432787077940909E-014
           1          41  -1.1847983050717092E-015
           1          42   2.8755139561929636E-014
           1          43  -5.4424005641653309E-015
           1          44  -5.5478185416827552E-016
           1          45   6.5737631663493423E-014
           1          46   4.5060219965252518E-015
           1          47  -1.3054885489943408E-014
           1          48  -1.0996853712153480E-014
           1          49  -2.7888418346006746E-014
           1          50   2.2329720901017865E-014
           1          51   6.1240877903191409E-015
           1          52   2.1153957485091943E-014
           1          53  -2.1199067942790880E-015
           1          54  -1.0938766127132663E-014
           1          55   4.5687530809294424E-014
           2           1 -0.41568172864654668     
           2           2  0.68503721315064114     
           2           3   1.3112349075833518     
           2           4 -0.51238616968605732     
           2           5  -3.8426386599543727E-002
           2           6  -8.6971817917664010E-013
           2           7  -1.5548754259367961E-012
           2           8   1.7660354620294427E-012
           2           9   1.5745852713555898E-012
           2          10   2.5986239271167511E-012
           2          11  -2.9951047342682493E-012
           2          12  -5.7999659501292971E-013
           2          13  -1.0031586010419626E-012
           2          14   1.1356967205660448E-012
           2          15   1.0544911834024320E-014
           2          16   2.4619251615744227E-014
           2          17  -2.3682332162111130E-014
           2          18  -6.7378445146757587E-002
           2          19   4.1041519286883561E-016
           2          20  -6.7378445146756505E-002
           2          21  -1.4910154477586473E-015
           2          22   1.3857814726173182E-015
           2          23  -6.7378445146766261E-002
           2          24  -8.5965740020455983E-002
           2          25   5.0172030698698985E-015
           2          26  -8.5965740020458939E-002
           2          27   3.4305382745562514E-015
           2          28   9.1494865242690617E-016
           2          29  -8.5965740020444575E-002
           2          30   3.3465447301890508E-002
           2          31  -4.2576775585968987E-015
           2          32   3.3465447301899119E-002
           2          33  -1.5964044832456919E-015
           2          34  -5.8765457415277459E-016
           2          35   3.3465447301886726E-002
           2          36   7.2819601586411304E-014
           2          37   7.9668010100618383E-014
           2          38   2.8202261898907102E-014
           2          39   1.6819923764710910E-013
           2          40  -8.0474731255896769E-014
           2          41   2.9788587411346978E-016
           2          42  -8.2691609175633071E-014
           2          43   3.2882029859795765E-014
           2          44   7.6001098506096373E-014
           2          45  -1.8493575883317589E-013
           2          46   6.6196967337562588E-014
           2          47   6.9661195616063432E-014
           2          48   3.4055956299037389E-014
           2          49   1.6804553832605606E-013
           2          50  -7.8180272795044971E-014
           2          51  -2.7749694551880525E-016
           2          52  -7.6851313217441739E-014
           2          53   2.8321621544115409E-014
           2          54   6.9702588811829275E-014
           2          55  -1.7101795327848365E-013
           3           1 -0.47879302819208658     
           3           2   1.3112349075833518     
           3           3   2.5602798943702241     
           3           4  -1.0231635300703616     
           3           5  -7.7822903105478208E-002
           3           6  -1.0759789557193976E-012
           3           7  -3.3772679945968282E-012
           3           8   3.3895478786405744E-012
           3           9   2.0164891838558949E-012
           3          10   5.6325280529719660E-012
           3          11  -5.7521665130627536E-012
           3          12  -7.3497021276078663E-013
           3          13  -2.1726499636292041E-012
           3          14   2.1832711931409595E-012
           3          15   1.3445041657368441E-014
           3          16   5.2030554257064874E-014
           3          17  -4.5506809550376345E-014
           3          18 -0.11970430761301874     
           3          19   1.0443694247761129E-016
           3          20 -0.11970430761301754     
           3          21  -2.5405610850169422E-015
           3          22   2.7653682187050112E-015
           3          23 -0.11970430761303480     
           3          24 -0.16106969465172591     
           3          25   9.5471146909868664E-015
           3          26 -0.16106969465172943     
           3          27   6.4732287605527539E-015
           3          28   1.4524271323363874E-015
           3          29 -0.16106969465170456     
           3          30   6.9920573150916168E-002
           3          31  -6.9838814558838066E-015
           3          32   6.9920573150931239E-002
           3          33  -2.7999514138790868E-015
           3          34  -1.2886588506391017E-015
           3          35   6.9920573150908091E-002
           3          36   7.7303497997943355E-014
           3          37   1.7370728000453065E-013
           3          38   2.7048897527683542E-014
           3          39   3.6814562100562994E-013
           3          40  -1.5486185392441005E-013
           3          41   4.1037370579541050E-016
           3          42  -1.5815382164489334E-013
           3          43   3.5338224252155055E-014
           3          44   1.6744463190563640E-013
           3          45  -3.5347736084476839E-013
           3          46   7.1889677488330231E-014
           3          47   1.5161722898864389E-013
           3          48   3.9030076919997669E-014
           3          49   3.6392187050439424E-013
           3          50  -1.5036759889686536E-013
           3          51   4.1680267630038888E-016
           3          52  -1.4788261606659602E-013
           3          53   2.8913031763439285E-014
           3          54   1.5203727800832578E-013
           3          55  -3.2927005121120613E-013
           4           1   4.4524736857297076E-002
           4           2 -0.51238616968605732     
           4           3  -1.0231635300703616     
           4           4  0.41889573160816002     
           4           5   3.2332102818827882E-002
           4           6   8.0291355033597698E-013
           4           7   1.2968307021425830E-012
           4           8  -1.5040864394957242E-012
           4           9  -1.4310442279572954E-012
           4          10  -2.1543069062983311E-012
           4          11   2.5523009465932458E-012
           4          12   5.3239329411783163E-013
           4          13   8.3255753291340410E-013
           4          14  -9.6959084037233519E-013
           4          15  -1.0618067309129703E-014
           4          16  -1.9902025512176024E-014
           4          17   2.0137337295169397E-014
           4          18   4.2607552709172700E-002
           4          19   2.6566349781510312E-016
           4          20   4.2607552709172603E-002
           4          21   8.5175227152789368E-016
           4          22  -1.1313806210518633E-015
           4          23   4.2607552709178716E-002
           4          24   6.1375692443188627E-002
           4          25  -3.7053339808823021E-015
           4          26   6.1375692443189064E-002
           4          27  -2.4875881960545412E-015
           4          28  -4.3307947840105263E-016
           4          29   6.1375692443180509E-002
           4          30  -2.9961095291461050E-002
           4          31   2.2045354556509907E-015
           4          32  -2.9961095291466316E-002
           4          33   9.7905881273954629E-016
           4          34   5.7727576263469638E-016
           4          35  -2.9961095291457521E-002
           4          36  -7.0907023178188315E-014
           4          37  -6.7782700456810502E-014
           4          38  -2.9144686225633270E-014
           4          39  -1.4308482449852124E-013
           4          40   6.9203957573285363E-014
           4          41  -8.8454153104309206E-017
           4          42   7.0062284001508402E-014
           4          43  -3.2083199768138853E-014
           4          44  -6.5675722258606153E-014
           4          45   1.5649773030140349E-013
           4          46  -6.6975582457051401E-014
           4          47  -5.8543802365566921E-014
           4          48  -3.1902461042219520E-014
           4          49  -1.4126312838963245E-013
           4          50   6.6785538758219434E-014
           4          51  -5.8939954521352942E-016
           4          52   6.5840943161379283E-014
           4          53  -2.8335602010556977E-014
           4          54  -5.8861291405075268E-014
           4          55   1.4675526048141436E-013
           5           1  -3.5138627170256953E-003
           5           2  -3.8426386599543727E-002
           5           3  -7.7822903105478208E-002
           5           4   3.2332102818827882E-002
           5           5   2.5171084957911274E-003
           5           6   5.3298026367332146E-014
           5           7   4.6156788029083175E-014
           5           8  -1.0625312823381863E-013
           5           9  -9.5559895935814975E-014
           5          10  -7.4988838622763552E-014
           5          11   1.8045065293301890E-013
           5          12   3.5532150097481643E-014
           5          13   2.9671380975548422E-014
           5          14  -6.8605230997335977E-014
           5          15  -7.2599797759911991E-016
           5          16  -8.2340546477952179E-016
           5          17   1.4265405389422507E-015
           5          18   2.9949683778820288E-003
           5          19   3.4654744572797506E-017
           5          20   2.9949683778820401E-003
           5          21   5.7099053727452559E-017
           5          22  -8.7288150344541728E-017
           5          23   2.9949683778824677E-003
           5          24   4.5276487817942227E-003
           5          25  -2.7666268086667183E-016
           5          26   4.5276487817942105E-003
           5          27  -1.8454114140701101E-016
           5          28  -2.6014725694785085E-017
           5          29   4.5276487817936251E-003
           5          30  -2.3737568242729046E-003
           5          31   1.4011648941472673E-016
           5          32  -2.3737568242732693E-003
           5          33   6.7893534013353087E-017
           5          34   4.6835881651747559E-017
           5          35  -2.3737568242726218E-003
           5          36  -4.5917045041918791E-015
           5          37  -2.7081590829614899E-015
           5          38  -1.8789987910845802E-015
           5          39  -5.3926651242511566E-015
           5          40   4.8880286157622875E-015
           5          41  -3.1773032745597934E-018
           5          42   4.9318230273986373E-015
           5          43  -2.0849199784343615E-015
           5          44  -2.5665012667435573E-015
           5          45   1.1010531884576520E-014
           5          46  -4.4082591464197585E-015
           5          47  -2.1617092311408076E-015
           5          48  -2.0821853949834119E-015
           5          49  -5.6404510917835555E-015
           5          50   4.7281288205286165E-015
           5          51  -6.4703935040157189E-017
           5          52   4.6585603466970233E-015
           5          53  -1.8332687353166923E-015
           5          54  -2.1928903148786668E-015
           5          55   1.0385472159275789E-014
           6           1   2.6317876695085318E-013
           6           2  -8.6971817917664010E-013
           6           3  -1.0759789557193976E-012
           6           4   8.0291355033597698E-013
           6           5   5.3298026367332146E-014
           6           6   4.2087688104260490     
           6           7 -0.34289543647863591     
           6           8 -0.71528344323151105     
           6           9  -7.0986035258332914     
           6          10  0.57833510558949697     
           6          11   1.2064130392524828     
           6          12   2.6916630878128078     
           6          13 -0.21929429505915815     
           6          14 -0.45745017799534499     
           6          15  -5.4588283141713462E-002
           6          16   4.4473987566543112E-003
           6          17   9.2773200155126540E-003
           6          18   1.6917655300038794E-014
           6          19  -6.0575610171469784E-015
           6          20   6.0821203489712949E-015
           6          21   1.5543666229456652E-014
           6          22  -1.1988850063028304E-014
           6          23   7.7692949286659672E-015
           6          24  -8.6633918375354907E-014
           6          25   8.2948276624048081E-015
           6          26  -5.9866082365169052E-014
           6          27  -9.2882179319292868E-015
           6          28   2.1157813982922636E-014
           6          29  -4.4235041036846279E-014
           6          30  -6.9346121160538710E-014
           6          31   3.3569392932285585E-014
           6          32  -5.8154118556546203E-014
           6          33   2.5235284988880196E-014
           6          34  -2.6079933078036841E-014
           6          35  -9.4144787357571179E-014
           6          36 -0.44620632574581326     
           6          37   1.6257634495531269E-002
           6          38 -0.19954953527157651     
           6          39   3.6353175885312852E-002
           6          40   3.3913594476966930E-002
           6          41  -1.9528259203502982E-015
           6          42   3.3913594476914118E-002
           6          43 -0.19954953527162414     
           6          44   1.6257634495509887E-002
           6          45   7.5833102611804440E-002
           6          46 -0.41315542434705027     
           6          47   1.5053416976224155E-002
           6          48 -0.18476872282257503     
           6          49   3.3660463652533439E-002
           6          50   3.1401584219658461E-002
           6          51  -1.0409795708114408E-014
           6          52   3.1401584219735754E-002
           6          53 -0.18476872282249740     
           6          54   1.5053416976251260E-002
           6          55   7.0216076916389314E-002
           7           1   3.7402398644543265E-013
           7           2  -1.5548754259367961E-012
           7           3  -3.3772679945968282E-012
           7           4   1.2968307021425830E-012
           7           5   4.6156788029083175E-014
           7           6 -0.34289543647863591     
           7           7   4.1697272721088083     
           7           8 -0.75716212679744566     
           7           9  0.57833510558800727     
           7          10  -7.0327551948752500     
           7          11   1.2770465627852692     
           7          12 -0.21929429505863010     
           7          13   2.6666945822203685     
           7          14 -0.48423314275233320     
           7          15   4.4473987566520535E-003
           7          16  -5.4081909272340481E-002
           7          17   9.8204920306888908E-003
           7          18   1.8604305102066742E-013
           7          19   1.8486946558097705E-015
           7          20   1.9497239761866399E-013
           7          21   7.6000175389863804E-015
           7          22   2.0480044594312598E-015
           7          23   1.4815169922422046E-013
           7          24   2.1374637045129251E-013
           7          25  -2.6710601084490297E-014
           7          26   2.2851603259373294E-013
           7          27  -5.2609670687559609E-016
           7          28  -6.4120397824224767E-015
           7          29   2.3677199645059304E-013
           7          30  -5.3159490941417480E-014
           7          31  -2.1577072002480549E-014
           7          32  -7.3872215760846199E-014
           7          33  -1.9424516324179330E-014
           7          34   1.3949140547871720E-014
           7          35  -4.6647134966311922E-014
           7          36   3.6353175885619322E-002
           7          37 -0.19769846642504946     
           7          38   1.6257634495627973E-002
           7          39 -0.44206720997383170     
           7          40   3.5899180338273426E-002
           7          41   1.7159875438310411E-014
           7          42   3.5899180338339255E-002
           7          43   1.6257634495664555E-002
           7          44 -0.19769846642502142     
           7          45   8.0273007572954275E-002
           7          46   3.3660463652604722E-002
           7          47 -0.18305476430006787     
           7          48   1.5053416976300773E-002
           7          49 -0.40932289658014898     
           7          50   3.3240095961415576E-002
           7          51   1.1266986565372771E-014
           7          52   3.3240095961353508E-002
           7          53   1.5053416976231287E-002
           7          54 -0.18305476430007589     
           7          55   7.4327114148299067E-002
           8           1  -5.4541791584481600E-013
           8           2   1.7660354620294427E-012
           8           3   3.3895478786405744E-012
           8           4  -1.5040864394957242E-012
           8           5  -1.0625312823381863E-013
           8           6 -0.71528344323151105     
           8           7 -0.75716212679744566     
           8           8   2.9532506157854628     
           8           9   1.2064130392518118     
           8          10   1.2770465627850660     
           8          11  -4.9810184826413586     
           8          12 -0.45745017799524296     
           8          13 -0.48423314275226415     
           8          14   1.8887128349462814     
           8          15   9.2773200155303048E-003
           8          16   9.8204920306856850E-003
           8          17  -3.8304047588310082E-002
           8          18  -1.5620657990989389E-013
           8          19   8.0003122417258892E-017
           8          20  -1.4772527527995860E-013
           8          21  -4.2377963424728646E-015
           8          22   5.1539659281263445E-015
           8          23  -1.4205971299670915E-013
           8          24  -1.5621582415556234E-013
           8          25  -4.5770442876655854E-015
           8          26  -1.6988807020604555E-013
           8          27   4.8231197995836828E-015
           8          28  -1.0835688906281909E-014
           8          29  -1.7323835351272484E-013
           8          30   1.1284298574640612E-013
           8          31  -3.1346808078779647E-015
           8          32   1.1512502758537271E-013
           8          33   1.8315515831837058E-015
           8          34   6.2280363233027594E-015
           8          35   1.1090580160298472E-013
           8          36   7.5833102611928077E-002
           8          37   3.5899180338305220E-002
           8          38   3.3913594476998890E-002
           8          39   8.0273007572961422E-002
           8          40 -0.14002189582370475     
           8          41  -6.6596968801051223E-015
           8          42 -0.14002189582370361     
           8          43   3.3913594477005850E-002
           8          44   3.5899180338294381E-002
           8          45 -0.31309847740017144     
           8          46   7.0216076916508829E-002
           8          47   3.3240095961411212E-002
           8          48   3.1401584219737509E-002
           8          49   7.4327114148311210E-002
           8          50 -0.12965034883861815     
           8          51   7.5247459810695122E-015
           8          52 -0.12965034883863089     
           8          53   3.1401584219728405E-002
           8          54   3.3240095961398423E-002
           8          55 -0.28990699330972974     
           9           1  -5.3705936224853303E-013
           9           2   1.5745852713555898E-012
           9           3   2.0164891838558949E-012
           9           4  -1.4310442279572954E-012
           9           5  -9.5559895935814975E-014
           9           6  -7.0986035258332914     
           9           7  0.57833510558800727     
           9           8   1.2064130392518118     
           9           9   11.972663333786656     
           9          10 -0.97543291270133980     
           9          11  -2.0347631908020181     
           9          12  -4.5398191124613305     
           9          13  0.36986665844935418     
           9          14  0.77154569249972860     
           9          15   9.2069818189829927E-002
           9          16  -7.5010821256056483E-003
           9          17  -1.5647335251409922E-002
           9          18  -3.9940286404084006E-014
           9          19   1.0216817775247569E-014
           9          20  -2.1664831022124056E-014
           9          21  -2.6216294805140810E-014
           9          22   2.0220662422054814E-014
           9          23  -2.4510457370234663E-014
           9          24   1.3229806728989758E-013
           9          25  -1.3990241693632744E-014
           9          26   8.7150836914555352E-014
           9          27   1.5665715920763721E-014
           9          28  -3.5685241861238605E-014
           9          29   6.0787173315164267E-014
           9          30   1.2170710911839437E-013
           9          31  -5.6618888269384047E-014
           9          32   1.0283042742730412E-013
           9          33  -4.2562395576039008E-014
           9          34   4.3986997917923114E-014
           9          35   1.6353309368331733E-013
           9          36  0.75258156003767551     
           9          37  -2.7420489637137887E-002
           9          38  0.33656470537135885     
           9          39  -6.1314078804900425E-002
           9          40  -5.7199426286271303E-002
           9          41   3.2936798355786764E-015
           9          42  -5.7199426286182208E-002
           9          43  0.33656470537143923     
           9          44  -2.7420489637101818E-002
           9          45 -0.12790180544999810     
           9          46  0.69683717117506228     
           9          47  -2.5389429459342829E-002
           9          48  0.31163505679925274     
           9          49  -5.6772490181105417E-002
           9          50  -5.2962613652303522E-002
           9          51   1.7557394061121680E-014
           9          52  -5.2962613652433869E-002
           9          53  0.31163505679912173     
           9          54  -2.5389429459388557E-002
           9          55 -0.11842800439269052     
          10           1  -7.2925511931950161E-013
          10           2   2.5986239271167511E-012
          10           3   5.6325280529719660E-012
          10           4  -2.1543069062983311E-012
          10           5  -7.4988838622763552E-014
          10           6  0.57833510558949697     
          10           7  -7.0327551948752500     
          10           8   1.2770465627850660     
          10           9 -0.97543291270133980     
          10          10   11.861602067329208     
          10          11  -2.1538952699858052     
          10          12  0.36986665844941624     
          10          13  -4.4977066729765234     
          10          14  0.81671843935731714     
          10          15  -7.5010821256211637E-003
          10          16   9.1215756706185702E-002
          10          17  -1.6563461310056222E-002
          10          18  -3.1473838434585249E-013
          10          19  -3.1180497178676268E-015
          10          20  -3.2979881985537719E-013
          10          21  -1.2818359413088677E-014
          10          22  -3.4542100864811622E-015
          10          23  -2.5082998367663141E-013
          10          24  -3.5875392460492857E-013
          10          25   4.5050696670668686E-014
          10          26  -3.8366476682081976E-013
          10          27   8.8732646210074863E-016
          10          28   1.0814689582029539E-014
          10          29  -3.9758945995156919E-013
          10          30   8.6404833649640862E-014
          10          31   3.6392371805866089E-014
          10          32   1.2133937818166017E-013
          10          33   3.2761823297312370E-014
          10          34  -2.3526932158917237E-014
          10          35   7.5420948535342217E-014
          10          36  -6.1314078805575267E-002
          10          37  0.33344265129034933     
          10          38  -2.7420489637371613E-002
          10          39  0.74560043488291361     
          10          40  -6.0548359770321171E-002
          10          41  -2.8942229372991179E-014
          10          42  -6.0548359770432200E-002
          10          43  -2.7420489637433310E-002
          10          44  0.33344265129030198     
          10          45 -0.13539024837263774     
          10          46  -5.6772490181371871E-002
          10          47  0.30874425605463740     
          10          48  -2.5389429459537455E-002
          10          49  0.69037314420076268     
          10          50  -5.6063488639768434E-002
          10          51  -1.9003151315971415E-014
          10          52  -5.6063488639663747E-002
          10          53  -2.5389429459420271E-002
          10          54  0.30874425605465095     
          10          55 -0.12536177165423798     
          11           1   9.0632148024133530E-013
          11           2  -2.9951047342682493E-012
          11           3  -5.7521665130627536E-012
          11           4   2.5523009465932458E-012
          11           5   1.8045065293301890E-013
          11           6   1.2064130392524828     
          11           7   1.2770465627852692     
          11           8  -4.9810184826413586     
          11           9  -2.0347631908020181     
          11          10  -2.1538952699858052     
          11          11   8.4010970798751767     
          11          12  0.77154569249998584     
          11          13  0.81671843935733079     
          11          14  -3.1855452730574507     
          11          15  -1.5647335251448399E-002
          11          16  -1.6563461310053450E-002
          11          17   6.4604462614021071E-002
          11          18   2.6439176277241470E-013
          11          19  -1.3493505403858552E-016
          11          20   2.5008700485826492E-013
          11          21   7.1475620100433702E-015
          11          22  -8.6927941061566877E-015
          11          23   2.4053134090730871E-013
          11          24   2.6528502338331314E-013
          11          25   7.7197451753275478E-015
          11          26   2.8834493909539733E-013
          11          27  -8.1347816325880331E-015
          11          28   1.8275715046280466E-014
          11          29   2.9399560178668846E-013
          11          30  -1.9156459210940900E-013
          11          31   5.2870226989119683E-015
          11          32  -1.9541353487006956E-013
          11          33  -3.0891358284919783E-015
          11          34  -1.0504345236101979E-014
          11          35  -1.8829729404432708E-013
          11          36 -0.12790180545027785     
          11          37  -6.0548359770384454E-002
          11          38  -5.7199426286357033E-002
          11          39 -0.13539024837267141     
          11          40  0.23616405845965027     
          11          41   1.1232393577191499E-014
          11          42  0.23616405845964838     
          11          43  -5.7199426286368781E-002
          11          44  -6.0548359770366177E-002
          11          45  0.52807888855796792     
          11          46 -0.11842800439295806     
          11          47  -5.6063488639770009E-002
          11          48  -5.2962613652466330E-002
          11          49 -0.12536177165427842     
          11          50  0.21867117554948801     
          11          51  -1.2691404721480621E-014
          11          52  0.21867117554950952     
          11          53  -5.2962613652450974E-002
          11          54  -5.6063488639748409E-002
          11          55  0.48896361324847659     
          12           1   1.7441741415471006E-013
          12           2  -5.7999659501292971E-013
          12           3  -7.3497021276078663E-013
          12           4   5.3239329411783163E-013
          12           5   3.5532150097481643E-014
          12           6   2.6916630878128078     
          12           7 -0.21929429505863010     
          12           8 -0.45745017799524296     
          12           9  -4.5398191124613305     
          12          10  0.36986665844941624     
          12          11  0.77154569249998584     
          12          12   1.7214179501488394     
          12          13 -0.14024680042183521     
          12          14 -0.29255628286672947     
          12          15  -3.4911223062582611E-002
          12          16   2.8442757512344456E-003
          12          17   5.9331887695343978E-003
          12          18   1.2914956931489082E-014
          12          19  -3.8740339815379842E-015
          12          20   5.9852321644169269E-015
          12          21   9.9407485950457586E-015
          12          22  -7.6673123741164938E-015
          12          23   7.0642426169726667E-015
          12          24  -5.2512834262803447E-014
          12          25   5.3048486254085326E-015
          12          26  -3.5393814574488013E-014
          12          27  -5.9401583895517623E-015
          12          28   1.3531203418815299E-014
          12          29  -2.5397186376878265E-014
          12          30  -4.5665153029879064E-014
          12          31   2.1468866527492255E-014
          12          32  -3.8507454034097959E-014
          12          33   1.6138896711725510E-014
          12          34  -1.6679080358340798E-014
          12          35  -6.1524815899501939E-014
          12          36 -0.28536542410772225     
          12          37   1.0397357668656310E-002
          12          38 -0.12761929734656308     
          12          39   2.3249198533468299E-002
          12          40   2.1688996126988182E-002
          12          41  -1.2489042956463258E-015
          12          42   2.1688996126954400E-002
          12          43 -0.12761929734659350     
          12          44   1.0397357668642632E-002
          12          45   4.8498069703640040E-002
          12          46 -0.26422815206426553     
          12          47   9.6272160922455680E-003
          12          48 -0.11816642191698251     
          12          49   2.1527109616370971E-002
          12          50   2.0082472796684125E-002
          12          51  -6.6574487982775494E-015
          12          52   2.0082472796733558E-002
          12          53 -0.11816642191693286     
          12          54   9.6272160922629031E-003
          12          55   4.4905774329706903E-002
          13           1   2.6966020393137836E-013
          13           2  -1.0031586010419626E-012
          13           3  -2.1726499636292041E-012
          13           4   8.3255753291340410E-013
          13           5   2.9671380975548422E-014
          13           6 -0.21929429505915815     
          13           7   2.6666945822203685     
          13           8 -0.48423314275226415     
          13           9  0.36986665844935418     
          13          10  -4.4977066729765234     
          13          11  0.81671843935733079     
          13          12 -0.14024680042183521     
          13          13   1.7054496687134639     
          13          14 -0.30968497794726052     
          13          15   2.8442757512398506E-003
          13          16  -3.4587378272283434E-002
          13          17   6.2805673330596987E-003
          13          18   1.2057805295259687E-013
          13          19   1.1823085063150133E-015
          13          20   1.2628869987066341E-013
          13          21   4.8604918915341000E-015
          13          22   1.3097744864180388E-015
          13          23   9.6345134117719106E-014
          13          24   1.3807376645163913E-013
          13          25  -1.7082415839594524E-014
          13          26   1.4751951084838238E-013
          13          27  -3.3645827326229504E-016
          13          28  -4.1007362431457102E-015
          13          29   1.5279950463487248E-013
          13          30  -3.3960001297729707E-014
          13          31  -1.3799334405891688E-014
          13          32  -4.7206553758955596E-014
          13          33  -1.2422695553837739E-014
          13          34   8.9209905344311971E-015
          13          35  -2.9795109144597693E-014
          13          36   2.3249198533720275E-002
          13          37 -0.12643547045759818     
          13          38   1.0397357668743192E-002
          13          39 -0.28271830671033116     
          13          40   2.2958851614725356E-002
          13          41   1.0974374072138245E-014
          13          42   2.2958851614767458E-002
          13          43   1.0397357668766585E-002
          13          44 -0.12643547045758025     
          13          45   5.1337552895889330E-002
          13          46   2.1527109616468389E-002
          13          47 -0.11707028214383397     
          13          48   9.6272160923177499E-003
          13          49 -0.26177710901868967     
          13          50   2.1258268953392931E-002
          13          51   7.2056540083100579E-015
          13          52   2.1258268953353237E-002
          13          53   9.6272160922733132E-003
          13          54 -0.11707028214383909     
          13          55   4.7534934463732803E-002
          14           1  -3.3022040719542959E-013
          14           2   1.1356967205660448E-012
          14           3   2.1832711931409595E-012
          14           4  -9.6959084037233519E-013
          14           5  -6.8605230997335977E-014
          14           6 -0.45745017799534499     
          14           7 -0.48423314275233320     
          14           8   1.8887128349462814     
          14           9  0.77154569249972860     
          14          10  0.81671843935731714     
          14          11  -3.1855452730574507     
          14          12 -0.29255628286672947     
          14          13 -0.30968497794726052     
          14          14   1.2079016097799267     
          14          15   5.9331887695470084E-003
          14          16   6.2805673330585442E-003
          14          17  -2.4496853035004970E-002
          14          18  -9.9860153448653969E-014
          14          19   5.1164951371751829E-017
          14          20  -9.4436045915745242E-014
          14          21  -2.7102272665697925E-015
          14          22   3.2961515515469904E-015
          14          23  -9.0812709601394187E-014
          14          24  -1.0044459813018256E-013
          14          25  -2.9271888562480481E-015
          14          26  -1.0918850440757819E-013
          14          27   3.0845632339043645E-015
          14          28  -6.9298232271213642E-015
          14          29  -1.1133113431111840E-013
          14          30   7.2886997598817608E-014
          14          31  -2.0047441431672796E-015
          14          32   7.4346447632654906E-014
          14          33   1.1713448782616179E-015
          14          34   3.9830592356302784E-015
          14          35   7.1648096797179656E-014
          14          36   4.8498069703729926E-002
          14          37   2.2958851614748966E-002
          14          38   2.1688996127013464E-002
          14          39   5.1337552895901237E-002
          14          40  -8.9549173511440983E-002
          14          41  -4.2591221033095327E-015
          14          42  -8.9549173511440261E-002
          14          43   2.1688996127017916E-002
          14          44   2.2958851614742037E-002
          14          45 -0.20023803930048875     
          14          46   4.4905774329793376E-002
          14          47   2.1258268953393181E-002
          14          48   2.0082472796739165E-002
          14          49   4.7534934463747347E-002
          14          50  -8.2916186184095061E-002
          14          51   4.8123529504041946E-015
          14          52  -8.2916186184103208E-002
          14          53   2.0082472796733340E-002
          14          54   2.1258268953384986E-002
          14          55 -0.18540622874267740     
          15           1   2.6694547657374681E-015
          15           2   1.0544911834024320E-014
          15           3   1.3445041657368441E-014
          15           4  -1.0618067309129703E-014
          15           5  -7.2599797759911991E-016
          15           6  -5.4588283141713462E-002
          15           7   4.4473987566520535E-003
          15           8   9.2773200155303048E-003
          15           9   9.2069818189829927E-002
          15          10  -7.5010821256211637E-003
          15          11  -1.5647335251448399E-002
          15          12  -3.4911223062582611E-002
          15          13   2.8442757512398506E-003
          15          14   5.9331887695470084E-003
