           1           1   2.4393713183486945     
           1           2  -1.1118382915301586     
           1           3  0.28733343123714572     
           1           4  -3.6222633529382486E-002
           1           5   7.9371501607807243E-003
           1           6  -1.6495015952062965E-002
           1           7  -3.6362779160916260E-004
           1           8  -2.9652270047180449E-010
           1           9   3.7589320067032925E-011
           1          10   4.5120843367300165E-011
           1          11  -4.5225188974147184E-011
           1          12   1.0430609159504665E-010
           1          13   1.2998839544648973E-010
           1          14   2.4476138873419309E-010
           1          15  -2.2465016301420889E-010
           1          16  -1.9721477516921867E-014
           1          17  -8.0058119487036564E-011
           1          18   1.7883777258478693E-011
           1          19  -1.3743517041973497E-010
           1          20  -2.7520365163651929E-012
           1          21  -2.3584127256784474E-012
           1          22   5.7554790475518660E-013
           1          23   5.4475579020847038E-012
           1          24   1.2011964917141356E-012
           1          25   3.4671219463753864E-012
           1          26  -4.5644700124291009E-004
           1          27   8.7578967396092440E-005
           1          28  -3.0281531113537203E-004
           1          29   1.2771761766875792E-004
           1          30   3.1113036331359813E-004
           1          31  -9.4643096490190290E-005
           1          32  -5.3491476950614917E-004
           1          33   2.5160642690497497E-005
           1          34  -4.9076761754415560E-004
           1          35   3.6691405455372366E-005
           1          36   8.9397808415993393E-005
           1          37  -4.3095643267121317E-004
           1          38   5.5340796394492899E-004
           1          39  -5.7160915150630950E-005
           1          40   4.5313197199067058E-004
           1          41  -8.3358173914889391E-005
           1          42  -2.0307279045176459E-004
           1          43   3.1726097163735009E-004
           1          44   2.7363248690542494E-004
           1          45  -6.6833072988965920E-005
           1          46   1.5639138063236913E-004
           1          47  -9.7463582158811770E-005
           1          48  -2.3743201323259350E-004
           1          49  -2.4702878771985554E-006
           1          50  -1.0820653185166727E-010
           1          51   1.6418860024231692E-011
           1          52  -4.2873118734815557E-011
           1          53   1.0206832435210576E-010
           1          54  -2.5966875654441052E-011
           1          55  -1.5648169499926945E-011
           1          56   1.5529730914675504E-012
           1          57  -6.1607199359401575E-011
           1          58   5.5477790471079051E-011
           1          59  -6.2112109265681574E-012
           1          60   6.9111425839857255E-011
           1          61  -1.3077420838993033E-011
           1          62   2.0047532329991189E-011
           1          63  -7.3249055276295466E-012
           1          64  -1.9237430276174018E-011
           1          65  -2.0714296538179679E-011
           1          66   6.5150050611795828E-012
           1          67   5.5037464979509135E-012
           1          68   2.3144161867639886E-012
           1          69   9.9420140964317201E-012
           2           1  -1.1118382915301586     
           2           2   2.8702976600682240     
           2           3  -1.0950415455508133     
           2           4  0.14129432672026063     
           2           5  -3.2778395375992239E-002
           2           6   6.4161514012710252E-002
           2           7   1.4055314488472478E-003
           2           8   1.0817642581717503E-009
           2           9  -1.3662131441425310E-010
           2          10  -2.1354682512692435E-010
           2          11   2.3468955775578377E-010
           2          12  -2.9448254435136711E-010
           2          13  -4.7422756315054640E-010
           2          14  -8.6610106978985905E-010
           2          15   8.1602892037637614E-010
           2          16   3.1285262296527726E-011
           2          17   3.2094781240046178E-010
           2          18  -3.2056006951698125E-011
           2          19   5.2488180572078629E-010
           2          20   1.1620885074991000E-011
           2          21   3.3473054781393665E-012
           2          22  -7.4354561847806681E-012
           2          23  -2.3191250951417186E-011
           2          24  -5.4091418726745533E-012
           2          25  -1.5587578880656597E-011
           2          26   1.0933433698702979E-003
           2          27  -3.6725031635378470E-004
           2          28   4.4911044510712608E-004
           2          29  -5.3556654338329671E-004
           2          30  -1.3046825835080274E-003
           2          31  -4.2383271992064953E-004
           2          32   1.3993679135503808E-003
           2          33  -1.0389770742169060E-004
           2          34   1.2170697823532259E-003
           2          35  -1.5151269011560195E-004
           2          36  -3.6915452927977171E-004
           2          37   9.7008793692897972E-004
           2          38  -2.1943817160479705E-003
           2          39   2.1678234729455856E-004
           2          40  -1.8140853402077229E-003
           2          41   3.1613518881742258E-004
           2          42   7.7015249364105346E-004
           2          43  -1.2987955713951696E-003
           2          44  -1.0545027706822022E-003
           2          45   2.5842358246254649E-004
           2          46  -6.0116645252611942E-004
           2          47   3.7686264910333916E-004
           2          48   9.1807873083320712E-004
           2          49   1.3104263292314927E-005
           2          50   3.5599438729837207E-010
           2          51  -5.0720302399172238E-011
           2          52   1.3794604267556893E-010
           2          53  -3.6612271459449055E-010
           2          54   9.0023540710582569E-011
           2          55   6.0582008587900443E-011
           2          56  -1.7403451670919301E-011
           2          57   2.1082194619950935E-010
           2          58  -2.0225061802686787E-010
           2          59  -3.5912478998865055E-013
           2          60  -2.7555631718829023E-010
           2          61   5.0675987698032913E-011
           2          62  -8.1273792329355285E-011
           2          63   2.7480979402307377E-011
           2          64   7.3010600227029231E-011
           2          65   8.0510371430391536E-011
           2          66  -2.6997115484487826E-011
           2          67  -2.4645147886290871E-011
           2          68  -9.4447984919189586E-012
           2          69  -4.2524238910150036E-011
           3           1  0.28733343123714572     
           3           2  -1.0950415455508133     
           3           3   2.5797836634523175     
           3           4 -0.37571255143294313     
           3           5  0.10076891996770637     
           3           6 -0.16979984715089147     
           3           7  -3.6062524821741898E-003
           3           8   1.0285128071082846E-009
           3           9  -2.1309111304902451E-010
           3          10  -1.1306234115212402E-009
           3          11   7.2113158493929683E-010
           3          12   9.8786804190905694E-010
           3          13   1.7105355171022977E-009
           3          14   9.4292590455470968E-010
           3          15  -1.7447946597288909E-009
           3          16  -7.3995174222528160E-010
           3          17  -3.3647193243269723E-010
           3          18   1.0132557400019945E-010
           3          19  -9.9388212310225074E-010
           3          20  -6.5470261551265882E-011
           3          21  -9.2246783220908769E-012
           3          22  -6.1962589702418706E-011
           3          23   6.7145606769086405E-011
           3          24  -1.2087956246749570E-012
           3          25   3.1272000515469221E-011
           3          26  -1.2056939433186453E-003
           3          27   9.7934960874682120E-004
           3          28   5.1230902097586912E-004
           3          29   1.4281969443252791E-003
           3          30   3.4792315450837023E-003
           3          31   2.8401955876757143E-003
           3          32  -1.5687498730757165E-003
           3          33   2.8537302445843962E-004
           3          34  -1.0680232068854556E-003
           3          35   4.1615408578745869E-004
           3          36   1.0139617436887454E-003
           3          37  -3.8964261188608514E-004
           3          38   4.7591667557282565E-003
           3          39  -6.3070318094970556E-004
           3          40   3.6527328514083870E-003
           3          41  -9.1975826408186934E-004
           3          42  -2.2406763817312825E-003
           3          43   2.1535548193014941E-003
           3          44   2.6205283098232803E-003
           3          45  -6.9239011694862513E-004
           3          46   1.4059141232534299E-003
           3          47  -1.0097222839561726E-003
           3          48  -2.4597906238028326E-003
           3          49  -2.3989086062688202E-004
           3          50  -2.2352653222461437E-010
           3          51   1.2761818283446587E-011
           3          52  -4.4831146203429372E-011
           3          53   6.8157888485739916E-010
           3          54  -1.0261835926698156E-010
           3          55  -1.5469420986013668E-010
           3          56   1.8973320721746906E-010
           3          57  -2.4199321530973004E-010
           3          58   4.1108761682521941E-010
           3          59   3.1164859635379202E-010
           3          60   7.2357156902248735E-010
           3          61  -1.6006819623875425E-010
           3          62   2.1435489793735359E-010
           3          63  -1.1144061242347682E-010
           3          64  -1.9956673857055267E-010
           3          65  -2.1836857791509894E-010
           3          66   6.7136419855130626E-011
           3          67   5.9817170330160780E-011
           3          68   3.7974277417569180E-012
           3          69   1.0582825985856136E-010
           4           1  -3.6222633529382486E-002
           4           2  0.14129432672026063     
           4           3 -0.37571255143294313     
           4           4  0.67656318115886971     
           4           5 -0.27244954496904428     
           4           6  0.32391408272194450     
           4           7   7.5654316371634991E-003
           4           8   2.2878730394563659E-012
           4           9   3.1437075990540000E-010
           4          10  -2.6120213160036315E-010
           4          11   1.6265632337738862E-009
           4          12  -1.0356452441851812E-009
           4          13  -1.7751128313712374E-009
           4          14   1.8406528233431509E-009
           4          15   1.3807526366841249E-009
           4          16   2.8478574312002821E-009
           4          17   1.3215096155219687E-009
           4          18  -3.1793932780636577E-010
           4          19   2.1968609383643465E-010
           4          20   4.8211685359603486E-010
           4          21  -3.3793056106182394E-010
           4          22   5.1898595507097908E-010
           4          23  -1.6432439615635010E-010
           4          24   5.4364971534466979E-011
           4          25  -3.9776947768364180E-011
           4          26   4.5143656905065419E-003
           4          27  -2.1299310268420063E-003
           4          28   7.7797473450934274E-004
           4          29  -3.1060968019946903E-003
           4          30  -7.5667708211156889E-003
           4          31  -4.2847750234749921E-003
           4          32   2.2168909654232418E-003
           4          33  -6.6547812534429262E-004
           4          34   1.0493093982037846E-003
           4          35  -9.7046164543208380E-004
           4          36  -2.3644023049121032E-003
           4          37  -5.3260437254477704E-004
           4          38  -2.5954540600661726E-003
           4          39   1.3724269435720056E-003
           4          40  -1.8785148210323770E-004
           4          41   2.0014216782887661E-003
           4          42   4.8757402671084048E-003
           4          43   3.0743929072761071E-003
           4          44  -5.3055656056009148E-003
           4          45   1.2860188748979365E-003
           4          46  -3.0495808510750395E-003
           4          47   1.8754188269177444E-003
           4          48   4.5687290811029079E-003
           4          49   7.2766155310771338E-006
           4          50  -1.5312839122976616E-009
           4          51   3.3530932069466315E-010
           4          52  -7.4689015349132706E-010
           4          53   2.6927990676356604E-011
           4          54  -4.2027072828476855E-011
           4          55   1.6301697759370563E-010
           4          56  -6.6230019552834799E-010
           4          57  -3.6122262115696895E-010
           4          58  -2.3958074432754959E-010
           4          59  -1.1743509584322906E-009
           4          60  -1.6003037367455580E-009
           4          61   5.5700681735634050E-010
           4          62  -5.6990190406330706E-010
           4          63   4.7581196059422988E-010
           4          64   3.0383251179584198E-010
           4          65   4.5185689449292965E-010
           4          66  -1.8671249424517923E-010
           4          67  -2.3326273903533048E-010
           4          68   1.6170914854736925E-010
           4          69  -3.5182711342996176E-010
           5           1   7.9371501607807243E-003
           5           2  -3.2778395375992239E-002
           5           3  0.10076891996770637     
           5           4 -0.27244954496904428     
           5           5  0.11086829472837484     
           5           6 -0.13078733643033102     
           5           7  -3.0784402695093493E-003
           5           8  -8.9897199479051790E-010
           5           9   2.4321767996855072E-011
           5          10   2.1688352904548846E-010
           5          11  -7.6581296118240114E-010
           5          12   1.1651010887967621E-010
           5          13   4.3631104310639334E-010
           5          14  -3.9202837725435238E-010
           5          15  -5.1146479507102480E-010
           5          16  -1.0539319066354827E-009
           5          17  -5.4980798776637249E-010
           5          18   3.8812357309139965E-011
           5          19  -1.4304799615692577E-010
           5          20  -1.9557155964108778E-010
           5          21   1.7513554441385445E-010
           5          22  -1.5376815018435478E-010
           5          23   7.6954566052020822E-011
           5          24  -1.2248815934559093E-011
           5          25   3.0303741889075981E-011
           5          26  -3.2986265403321885E-003
           5          27   1.6029520254940172E-003
           5          28  -4.8667612562320619E-004
           5          29   2.3376057640609950E-003
           5          30   5.6946526845608183E-003
           5          31   3.3235159718259244E-003
           5          32  -1.0524596850633120E-003
           5          33   3.8383113140825977E-004
           5          34  -3.7906020294112481E-004
           5          35   5.5974101841129408E-004
           5          36   1.3636890625925257E-003
           5          37   5.3333639951675402E-004
           5          38   8.8398438357936314E-004
           5          39  -4.6043306756323897E-004
           5          40   7.6260766492488490E-005
           5          41  -6.7145296744854392E-004
           5          42  -1.6357543207668320E-003
           5          43  -1.0181827658467804E-003
           5          44   2.1339741838662454E-003
           5          45  -5.0148206516473150E-004
           5          46   1.2542546854607901E-003
           5          47  -7.3131811161605430E-004
           5          48  -1.7815723336330491E-003
           5          49   6.2235548439166588E-005
           5          50   5.9862560158652432E-010
           5          51  -1.3471631809154734E-010
           5          52   2.9131271615352797E-010
           5          53  -2.0664198670089983E-011
           5          54   1.5143551475372950E-011
           5          55  -6.5067701940671808E-011
           5          56   2.6442601076720283E-010
           5          57   1.3834667496848542E-010
           5          58   9.2293396474520670E-011
           5          59   4.6774745250573385E-010
           5          60   7.2144215768529785E-010
           5          61  -2.2039515810319150E-010
           5          62   2.6512717470315623E-010
           5          63  -1.8219379133061403E-010
           5          64  -1.1115030440390655E-010
           5          65  -1.8087122109144664E-010
           5          66   8.5539697963761569E-011
           5          67   1.2960403016787187E-010
           5          68  -5.9380062682212586E-011
           5          69   1.6259019486716562E-010
           6           1  -1.6495015952062965E-002
           6           2   6.4161514012710252E-002
           6           3 -0.16979984715089147     
           6           4  0.32391408272194450     
           6           5 -0.13078733643033102     
           6           6  0.15552801542846839     
           6           7   3.6793975608632669E-003
           6           8  -3.6215817169613769E-009
           6           9   2.7011665166375136E-009
           6          10  -8.0262145184296235E-010
           6          11   1.5812656004908855E-009
           6          12  -4.8738512626471003E-009
           6          13   1.0651514563284295E-009
           6          14   7.0441876793094091E-011
           6          15   5.9417984601406609E-010
           6          16   1.1481916327509818E-009
           6          17   8.5808837431473451E-010
           6          18  -1.5470056380247291E-009
           6          19   6.9576732656560903E-010
           6          20   2.3145158409473477E-010
           6          21  -2.5749404887892548E-010
           6          22   1.3187513701818685E-010
           6          23  -1.0095621710419088E-010
           6          24   5.8878293419718769E-012
           6          25  -4.9825547672581634E-011
           6          26   7.6380137384350491E-003
           6          27  -3.8076161627148362E-003
           6          28   9.5860272437206799E-004
           6          29  -5.5527041150447935E-003
           6          30  -1.3526924133441519E-002
           6          31  -8.0920670614307664E-003
           6          32   1.6230868012074406E-003
           6          33  -6.9476707158448291E-004
           6          34   4.0422215099168539E-004
           6          35  -1.0131829518879535E-003
           6          36  -2.4683374691775129E-003
           6          37  -1.2472751311483530E-003
           6          38  -1.0819134279857912E-003
           6          39   4.4003056662713464E-004
           6          40  -3.0997844299733113E-004
           6          41   6.4169914253305645E-004
           6          42   1.5632739499439122E-003
           6          43   7.3596741227091415E-004
           6          44  -2.5343672798087942E-003
           6          45   5.7801203980181433E-004
           6          46  -1.5203961779637312E-003
           6          47   8.4292282885334974E-004
           6          48   2.0534534505328604E-003
           6          49  -1.4646602649832853E-004
           6          50  -6.5112275457039857E-010
           6          51   1.4435136803777453E-010
           6          52  -3.2008518749363567E-010
           6          53  -3.3575392395227444E-012
           6          54  -1.5752091003908088E-011
           6          55   7.4894379757003928E-011
           6          56  -3.0243422757777584E-010
           6          57  -1.4601626096006373E-010
           6          58  -1.1995302435415544E-010
           6          59  -5.4042864845190941E-010
           6          60  -9.2839898892074568E-010
           6          61   2.5951434741236838E-010
           6          62  -3.4630083615435394E-010
           6          63   2.1680253140648385E-010
           6          64   1.2082332415118813E-010
           6          65   2.1291528529718703E-010
           6          66  -1.1347481448845684E-010
           6          67  -1.8597562111304032E-010
           6          68   6.8496609036401450E-011
           6          69  -2.1247271969787974E-010
           7           1  -3.6362779160916260E-004
           7           2   1.4055314488472478E-003
           7           3  -3.6062524821741898E-003
           7           4   7.5654316371634991E-003
           7           5  -3.0784402695093493E-003
           7           6   3.6793975608632669E-003
           7           7   9.2180289238739650E-005
           7           8  -6.1191273771829219E-010
           7           9   5.4521778995881011E-010
           7          10  -1.8265402562584739E-010
           7          11   3.6307721267279787E-010
           7          12  -1.0007586927291972E-009
           7          13   4.0861664537393323E-010
           7          14  -9.1951854446548000E-012
           7          15   2.1093447302742280E-010
           7          16   3.0270923470099394E-010
           7          17   1.2502508831796806E-010
           7          18  -3.0773899759174782E-010
           7          19   1.5269612598269600E-010
           7          20   4.0301704249619373E-011
           7          21   6.3588896128463029E-011
           7          22   1.1036823585549608E-010
           7          23   4.5524807330613650E-012
           7          24   2.1219408363035457E-011
           7          25   2.9220962439704104E-011
           7          26   7.5443426712343688E-004
           7          27  -3.8230421359358003E-004
           7          28   8.3770699389649147E-005
           7          29  -5.5751708996367919E-004
           7          30  -1.3581893673809866E-003
           7          31  -8.2496093550204564E-004
           7          32   9.8183006056560369E-005
           7          33  -5.6837167510569555E-005
           7          34  -1.5258134722495762E-006
           7          35  -8.2886086032518368E-005
           7          36  -2.0192385389299262E-004
           7          37  -1.3662812794763731E-004
           7          38  -6.4652599682232993E-006
           7          39  -1.5015719300468402E-005
           7          40  -3.2806343340267225E-005
           7          41  -2.1897685579915115E-005
           7          42  -5.3345076620278263E-005
           7          43  -6.8498821666297563E-005
           7          44  -5.8127635774668271E-005
           7          45   9.0996390731885358E-006
           7          46  -4.2164750540040421E-005
           7          47   1.3270132114437717E-005
           7          48   3.2327435524774574E-005
           7          49  -2.0535001625697287E-005
           7          50  -1.0383323782969760E-011
           7          51  -4.7957317911782048E-012
           7          52  -4.8664076633201661E-012
           7          53  -1.5720985286810710E-011
           7          54  -8.4889717709424316E-012
           7          55   2.0362327863767300E-012
           7          56  -1.2819375743343635E-011
           7          57  -1.6673535428152479E-012
           7          58  -7.9669663043927453E-012
           7          59  -2.7830486388653116E-011
           7          60  -2.3148583734174488E-011
           7          61   2.5763500044234583E-011
           7          62  -8.2823182314733854E-012
           7          63   5.0257071364895597E-011
           7          64   2.8974792536757375E-011
           7          65   5.5950195358492398E-012
           7          66   2.5303432056712123E-011
           7          67  -3.9150106106477530E-012
           7          68   2.3991507956268015E-011
           7          69   5.7423987831397561E-011
           8           1  -2.9652270047180449E-010
           8           2   1.0817642581717503E-009
           8           3   1.0285128071082846E-009
           8           4   2.2878730394563659E-012
           8           5  -8.9897199479051790E-010
           8           6  -3.6215817169613769E-009
           8           7  -6.1191273771829219E-010
           8           8   2.2843113026506501     
           8           9   5.4654182148147420E-004
           8          10   7.9702808467312536E-004
           8          11 -0.62089158015681889     
           8          12  -1.7880094551944925E-003
           8          13  -2.6074745503217064E-003
           8          14  -7.7916372932432146E-005
           8          15   5.4467228315377200E-003
           8          16   7.9430151974409016E-003
           8          17 -0.19837611304065828     
           8          18   1.2438065807282622E-005
           8          19   1.8139002546972084E-005
           8          20  -1.9770888013254571E-003
           8          21   2.0899637148773962E-003
           8          22   3.0478187622022318E-003
           8          23   4.0995170836478798E-004
           8          24   5.7793558103829995E-004
           8          25   8.4281108494254199E-004
           8          26   5.4968024680738640E-011
           8          27   2.6641527203904919E-010
           8          28   2.0191658042811449E-010
           8          29  -1.4922130780738482E-010
           8          30   2.4148384318429538E-010
           8          31  -4.6413923318494820E-010
           8          32  -1.0990896624831763E-010
           8          33   4.2773069058614638E-011
           8          34   4.7677210253559959E-010
           8          35  -4.0102345464744374E-010
           8          36   1.8907458747229342E-010
           8          37   5.5323359604330817E-011
           8          38   1.0477590130249185E-009
           8          39  -1.7861656746634084E-010
           8          40   1.2485967047289680E-009
           8          41   8.4031945333958692E-010
           8          42   7.7239989965833709E-012
           8          43   7.5384828984312682E-010
           8          44   5.5586115080533326E-010
           8          45  -9.2331477213647594E-011
           8          46   5.9405696945975879E-010
           8          47  -3.5448475504659616E-010
           8          48   1.5292565418229119E-010
           8          49   9.8743962724837093E-010
           8          50  -1.2331447192425668E-003
           8          51  -1.7818670659383308E-004
           8          52  -4.8023887571340806E-004
           8          53  -5.2852854507212058E-004
           8          54  -2.5983132590801469E-004
           8          55   1.4222414313493783E-004
           8          56  -3.2307091269719105E-004
           8          57  -3.8504982555325672E-004
           8          58  -1.9648396172975094E-004
           8          59  -7.4353256490545638E-004
           8          60   2.4020592837588188E-003
           8          61   4.6379804881565960E-004
           8          62   1.0540446107347558E-003
           8          63   1.1267740700406366E-003
           8          64   6.7635563278816454E-004
           8          65  -4.4337733198739738E-005
           8          66   7.7068781856687459E-004
           8          67   1.0243679449801141E-003
           8          68   5.7000324314350264E-004
           8          69   1.6883304908068524E-003
           9           1   3.7589320067032925E-011
           9           2  -1.3662131441425310E-010
           9           3  -2.1309111304902451E-010
           9           4   3.1437075990540000E-010
           9           5   2.4321767996855072E-011
           9           6   2.7011665166375136E-009
           9           7   5.4521778995881011E-010
           9           8   5.4654182148147420E-004
           9           9   2.2854184080599742     
           9          10   1.9416725155824578E-003
           9          11  -1.7880096778007681E-003
           9          12 -0.62451346624763482     
           9          13  -6.3521706987119831E-003
           9          14   5.4467257114479634E-003
           9          15   1.0955257639787495E-002
           9          16   1.9350292279433211E-002
           9          17   1.2438018681910137E-005
           9          18 -0.19835092148109432     
           9          19   4.4187218232142185E-005
           9          20   2.0899593092274260E-003
           9          21   2.2564130484294268E-003
           9          22   7.4248609862979488E-003
           9          23   5.7793522371352580E-004
           9          24   1.5806358388622808E-003
           9          25   2.0531876215063405E-003
           9          26  -1.3825971650492946E-011
           9          27  -3.5582560538521534E-010
           9          28  -5.3096972381157627E-011
           9          29  -5.0942012019740893E-010
           9          30   1.6512374751840988E-010
           9          31  -4.8128960525844245E-010
           9          32  -6.4373601440545838E-010
           9          33   8.4944577553038267E-011
           9          34  -9.5293757736671291E-011
           9          35   2.3887643889854963E-010
           9          36  -1.0570197900328522E-010
           9          37  -2.9120014597782407E-010
           9          38  -6.5330306084965076E-010
           9          39   1.2202100179599700E-010
           9          40  -1.1203911927851215E-009
           9          41   7.4587044545459902E-011
           9          42   9.3740510530017762E-011
           9          43  -9.7498969574163044E-010
           9          44  -4.4641834680652892E-010
           9          45   1.1725760014332044E-010
           9          46  -3.9805901634412690E-010
           9          47   1.3543364439232481E-010
           9          48  -9.9962498182161046E-011
           9          49  -5.1758254648852800E-010
           9          50  -5.4232016622378972E-004
           9          51  -1.0367171028204259E-003
           9          52  -1.5968772459117893E-004
           9          53  -2.1580873867455934E-003
           9          54  -8.5278255925948666E-004
           9          55   8.9526777144985852E-005
           9          56  -5.6735651573751463E-004
           9          57  -1.9648252320259382E-004
           9          58  -7.8309860267471924E-004
           9          59  -1.8113933420345341E-003
           9          60   1.1039343618032529E-003
           9          61   2.0843676368805840E-003
           9          62   4.9443935275862510E-004
           9          63   4.6167732415593188E-003
           9          64   1.7686202359824910E-003
           9          65   3.3401727953380471E-005
           9          66   1.7565616720711368E-003
           9          67   5.7000358709122765E-004
           9          68   2.1789882786020821E-003
           9          69   4.1129598428518372E-003
          10           1   4.5120843367300165E-011
          10           2  -2.1354682512692435E-010
          10           3  -1.1306234115212402E-009
          10           4  -2.6120213160036315E-010
          10           5   2.1688352904548846E-010
          10           6  -8.0262145184296235E-010
          10           7  -1.8265402562584739E-010
          10           8   7.9702808467312536E-004
          10           9   1.9416725155824578E-003
          10          10   2.2869185176147040     
          10          11  -2.6074757901528717E-003
          10          12  -6.3521704238547411E-003
          10          13 -0.62942106942905429     
          10          14   7.9430192554157085E-003
          10          15   1.9350290290234030E-002
          10          16   2.5905028143183947E-002
          10          17   1.8140512818980842E-005
          10          18   4.4186989248724509E-005
          10          19 -0.19831677954680499     
          10          20   3.0478139004767508E-003
          10          21   7.4248619877544204E-003
          10          22   7.9927744159817241E-003
          10          23   8.4281026426399127E-004
          10          24   2.0531879973508995E-003
          10          25   3.1669060511127132E-003
          10          26   4.7390864132568826E-010
          10          27  -5.4432026552632950E-011
          10          28  -1.4411389768761379E-010
          10          29   3.3904762864598958E-010
          10          30  -5.9032778926247289E-010
          10          31   1.3696065413838617E-009
          10          32   5.6628158522564801E-010
          10          33   2.2660067537734670E-010
          10          34  -4.6271403646722865E-011
          10          35   3.8401503476337805E-010
          10          36   1.1851979710084929E-010
          10          37   2.9717922224575544E-010
          10          38   4.6121316736030682E-010
          10          39   2.8287638304781186E-010
          10          40   3.5305975300081557E-010
          10          41   1.5518784236914237E-010
          10          42  -2.8263421279702684E-010
          10          43   3.2627203718215872E-010
          10          44   2.5291483068710886E-010
          10          45   9.1640994696138800E-011
          10          46   4.0737683717870911E-011
          10          47   2.3901434577682496E-010
          10          48   9.6981193387665071E-012
          10          49  -1.5589526437239661E-011
          10          50  -7.9085263167246746E-004
          10          51  -8.5278009973937976E-004
          10          52  -3.2307127255388823E-004
          10          53  -1.8777468395700552E-003
          10          54  -1.6955270860155155E-003
          10          55   9.0322634888371361E-005
          10          56  -1.5370980372338278E-003
          10          57  -1.9634856431095734E-004
          10          58  -4.7833519902053782E-004
          10          59  -3.3222464702995134E-003
          10          60   1.6098766174123026E-003
          10          61   1.7686199339953434E-003
          10          62   7.7068738837073958E-004
          10          63   4.0030073573737810E-003
          10          64   3.4507733735509314E-003
          10          65   7.0853081036150278E-005
          10          66   3.5750702430913609E-003
          10          67   7.8161047968695885E-004
          10          68   1.9040794008485069E-003
          10          69   7.7653545873022246E-003
          11           1  -4.5225188974147184E-011
          11           2   2.3468955775578377E-010
          11           3   7.2113158493929683E-010
          11           4   1.6265632337738862E-009
          11           5  -7.6581296118240114E-010
          11           6   1.5812656004908855E-009
          11           7   3.6307721267279787E-010
          11           8 -0.62089158015681889     
          11           9  -1.7880096778007681E-003
          11          10  -2.6074757901528717E-003
          11          11   1.3579949623835250     
          11          12   5.5326435996889013E-003
          11          13   8.0683162205614223E-003
          11          14  -8.4627265373510632E-004
          11          15  -1.6116777559685623E-002
          11          16  -2.3503283749480013E-002
          11          17  0.43217764806523995     
          11          18   2.5529713007501991E-004
          11          19   3.7230363721592569E-004
          11          20   3.7034082688667622E-003
          11          21  -6.2661110677290459E-003
          11          22  -9.1379459471696931E-003
          11          23  -1.1002044805317824E-003
          11          24  -1.7464642313423536E-003
          11          25  -2.5468909705491909E-003
          11          26  -1.8611751378946903E-009
          11          27  -1.9468625642668646E-009
          11          28  -3.8933634130961980E-011
          11          29  -1.5615212904189911E-009
          11          30   4.7597799293974591E-010
          11          31   2.3913590832259801E-010
          11          32  -1.1759882636601277E-009
          11          33  -9.3475270445736218E-012
          11          34  -1.4673436380524021E-009
          11          35   1.3883454339587046E-010
          11          36  -6.3800769586235011E-011
          11          37  -1.1648601553528674E-009
          11          38  -6.0889979214687276E-010
          11          39  -6.8185500157527590E-011
          11          40  -1.4622760677860074E-009
          11          41  -7.9012939824885467E-010
          11          42  -6.6157062697501201E-010
          11          43  -1.4418861501047226E-009
          11          44  -6.1651042989211830E-010
          11          45  -1.5791404331315545E-010
          11          46  -2.1173534844378107E-010
          11          47  -1.3598429895183129E-010
          11          48   1.2329584830550762E-010
          11          49  -1.5977034454341367E-010
          11          50   2.4019096357852055E-003
          11          51   5.0323234133201511E-004
          11          52   9.1109824661092390E-004
          11          53   1.4032754428960361E-003
          11          54   7.3382430650762321E-004
          11          55  -3.2404505762591469E-004
          11          56   8.4998474927779554E-004
          11          57   6.9421539460509272E-004
          11          58   5.0730659799897207E-004
          11          59   1.9643102391530770E-003
          11          60  -5.6903426169395855E-003
          11          61  -1.4303342316405983E-003
          11          62  -2.5126079713787249E-003
          11          63  -3.4052926683650745E-003
          11          64  -2.0858586678340158E-003
          11          65   7.5582751376346093E-005
          11          66  -2.3287834894952422E-003
          11          67  -2.4620105721090886E-003
          11          68  -1.7219798753351358E-003
          11          69  -5.1019500019273143E-003
          12           1   1.0430609159504665E-010
          12           2  -2.9448254435136711E-010
          12           3   9.8786804190905694E-010
          12           4  -1.0356452441851812E-009
          12           5   1.1651010887967621E-010
          12           6  -4.8738512626471003E-009
          12           7  -1.0007586927291972E-009
          12           8  -1.7880094551944925E-003
          12           9 -0.62451346624763482     
          12          10  -6.3521704238547411E-003
          12          11   5.5326435996889013E-003
          12          12   1.3692022004295454     
          12          13   1.9655560245151211E-002
          12          14  -1.6116780074257011E-002
          12          15  -3.3493109148104244E-002
          12          16  -5.7257071816194188E-002
          12          17   2.5529633812341963E-004
          12          18  0.43269477616691698     
          12          19   9.0696361322717596E-004
          12          20  -6.2660979438903010E-003
          12          21  -8.9894313640029137E-003
          12          22  -2.2261141141717521E-002
          12          23  -1.7464611056217970E-003
          12          24  -4.6378931884886012E-003
          12          25  -6.2045257749122514E-003
