           1           1   2.1092847977381579     
           1           2  0.69916262625790337     
           1           3   2.8154799399703641     
           1           4  -8.2873633282703025     
           1           5  -6.4475631814148464     
           1           6  -6.4399814088128524     
           1           7 -0.34867474654181363     
           1           8   9.9479677116889935E-014
           1           9  -1.4661136653986509E-013
           1          10   4.2879659301475546E-014
           1          11  -3.4316404272956239E-013
           1          12  -1.3671716042897246E-012
           1          13   1.9161447657318487E-013
           1          14   1.3887194072359964E-013
           1          15   7.1004982863045573E-012
           1          16   2.5254740065312465E-012
           1          17  -5.7324152137556460E-012
           1          18  -4.3816173741486754E-012
           1          19   2.4121658201397753E-013
           1          20   4.0670094761468699E-013
           1          21   3.9481391942283547E-012
           1          22  -2.7713674646996141E-012
           1          23   3.0900915156006791E-013
           1          24   6.1697914236173988E-014
           1          25   3.5990108138561655E-013
           1          26  0.45255120951310024     
           1          27  -1.3761278628123297E-013
           1          28  0.45255120951336603     
           1          29  -2.3841873242840495E-013
           1          30   7.2130690330043783E-013
           1          31  0.45255120951297156     
           1          32   1.1568027219460713     
           1          33  -7.6709405182517658E-013
           1          34   1.1568027219448780     
           1          35   4.4160871870146740E-013
           1          36  -9.1996286637324685E-013
           1          37   1.1568027219449868     
           1          38   2.1394930557186758     
           1          39   2.9270876438741130E-013
           1          40   2.1394930557189147     
           1          41   2.2882245297613256E-013
           1          42   1.9118866696373240E-013
           1          43   2.1394930557192140     
           1          44  0.42044380009831633     
           1          45  -7.7907521125400274E-014
           1          46  0.42044380009847848     
           1          47   2.9750916246782473E-014
           1          48  -2.6757208559890293E-014
           1          49  0.42044380009769017     
           1          50   2.5072947105272496E-012
           1          51  -1.1622962311423700E-012
           1          52   8.3788437483667481E-013
           1          53  -2.8262267397227465E-012
           1          54  -7.0661882038182146E-013
           1          55   2.6322817661273889E-013
           1          56  -1.7760926206467269E-013
           1          57   7.2324856569466579E-013
           1          58  -1.7273502091310360E-012
           1          59  -2.0625742117000563E-012
           1          60   1.2527537574334550E-012
           1          61  -2.9589720239976302E-013
           1          62   1.4791485559843583E-012
           1          63  -5.6311624693098543E-013
           1          64   7.0966791636612985E-013
           1          65  -4.7267241221122011E-014
           1          66   5.1328445115458728E-013
           1          67   4.1557149149088389E-013
           1          68  -7.2380962210796525E-013
           1          69   1.6663635213752160E-012
           2           1  0.69916262625790337     
           2           2   10.308871292069071     
           2           3   21.453170290959832     
           2           4  -38.764602056888286     
           2           5  -38.675021230289893     
           2           6  -27.647739333239315     
           2           7  -1.2583574622332356     
           2           8   2.5390270298615564E-013
           2           9  -1.0235326874540954E-012
           2          10   2.9487873932814784E-013
           2          11  -1.4162786638651058E-012
           2          12  -7.6263772752408005E-012
           2          13   1.1706384596574918E-012
           2          14  -1.5575214023298269E-012
           2          15   4.0984122081259740E-011
           2          16   1.6496509201803211E-011
           2          17  -3.1932049425726132E-011
           2          18  -2.3125892385528238E-011
           2          19   1.8798153231899391E-012
           2          20   2.1872272378683821E-013
           2          21   2.2221121082765704E-011
           2          22  -1.7539319504571365E-011
           2          23   1.9284628837447730E-012
           2          24   3.8292151905687504E-013
           2          25   2.2474966692733793E-012
           2          26  -2.4988919031225585     
           2          27  -1.1560197525474416E-012
           2          28  -2.4988919031218964     
           2          29  -1.3105884150862184E-012
           2          30   4.2694203443374810E-012
           2          31  -2.4988919031242069     
           2          32   3.3798995232697147     
           2          33  -4.7222647197099518E-012
           2          34   3.3798995232626088     
           2          35   2.7085205733547662E-012
           2          36  -5.7009708013255644E-012
           2          37   3.3798995232632771     
           2          38   7.7473740896261631     
           2          39   1.8175109003929220E-012
           2          40   7.7473740896275132     
           2          41   1.4660524737593402E-012
           2          42   1.1813176489316138E-012
           2          43   7.7473740896293357     
           2          44   1.5225932997114315     
           2          45  -4.8673604695916648E-013
           2          46   1.5225932997124956     
           2          47   1.7924882049349271E-013
           2          48  -1.6540529436530773E-013
           2          49   1.5225932997075695     
           2          50   1.5928740922178086E-011
           2          51  -6.9644544319478935E-012
           2          52   5.3396449358402961E-012
           2          53  -1.6988409433342394E-011
           2          54  -4.6459979475195550E-012
           2          55   1.6619289803904087E-012
           2          56  -1.3263810808615836E-012
           2          57   4.6290942319799253E-012
           2          58  -1.0522535199407806E-011
           2          59  -1.3437070927180166E-011
           2          60   7.8238081253754613E-012
           2          61  -1.8640595716779843E-012
           2          62   9.2781962958160672E-012
           2          63  -3.5475377271868494E-012
           2          64   4.4329876259042905E-012
           2          65  -2.9912605502103872E-013
           2          66   3.1929728748134751E-012
           2          67   2.5718357697303906E-012
           2          68  -4.5487946513701216E-012
           2          69   1.0417292429794957E-011
           3           1   2.8154799399703641     
           3           2   21.453170290959832     
           3           3   77.823089539201746     
           3           4  -198.67514135443423     
           3           5  -163.65624150666531     
           3           6  -152.25481807132158     
           3           7  -8.0142950596379663     
           3           8   2.2241282868900225E-012
           3           9  -3.6030454680345220E-012
           3          10   9.5951524263428948E-013
           3          11  -8.8782396043438963E-012
           3          12  -3.3884654587934907E-011
           3          13   4.5004302070731642E-012
           3          14   5.5084653135121067E-012
           3          15   1.7121235973174501E-010
           3          16   6.1041304810556822E-011
           3          17  -1.3787022394357531E-010
           3          18  -1.1253819686328429E-010
           3          19   6.4903070774233795E-012
           3          20   1.1090207387175595E-011
           3          21   9.8531096910814874E-011
           3          22  -6.5725665878224391E-011
           3          23   7.3095590713865941E-012
           3          24   1.4793153932095338E-012
           3          25   8.4686579663658880E-012
           3          26   6.4503068870176650     
           3          27  -3.4153674286215077E-012
           3          28   6.4503068870231690     
           3          29  -5.6407521066799323E-012
           3          30   1.6796222803651776E-011
           3          31   6.4503068870141407     
           3          32   25.525455490928895     
           3          33  -1.8059222291680606E-011
           3          34   25.525455490900942     
           3          35   1.0434271752310544E-011
           3          36  -2.1643382138168084E-011
           3          37   25.525455490903379     
           3          38   49.050356155281442     
           3          39   6.9308113075776226E-012
           3          40   49.050356155287041     
           3          41   5.3977619454855044E-012
           3          42   4.5070767177371280E-012
           3          43   49.050356155294118     
           3          44   9.6623481938781701     
           3          45  -1.8662168568680058E-012
           3          46   9.6623481938819626     
           3          47   7.1310183795991879E-013
           3          48  -6.2489139858256885E-013
           3          49   9.6623481938633837     
           3          50   5.8676492704415535E-011
           3          51  -2.7171936860015742E-011
           3          52   1.9536182030444626E-011
           3          53  -6.6101195966188555E-011
           3          54  -1.7143040209221935E-011
           3          55   6.2130587679110422E-012
           3          56  -4.6654170844192850E-012
           3          57   1.6846440308294594E-011
           3          58  -4.0501513126049171E-011
           3          59  -4.9727355402932708E-011
           3          60   2.9574661427054548E-011
           3          61  -6.9510372689673583E-012
           3          62   3.4931824615117840E-011
           3          63  -1.3220827883895196E-011
           3          64   1.6710629802330253E-011
           3          65  -1.1174465116539803E-012
           3          66   1.2050297995835466E-011
           3          67   9.8042447398935918E-012
           3          68  -1.7048404160173200E-011
           3          69   3.9222641354416481E-011
           4           1  -8.2873633282703025     
           4           2  -38.764602056888286     
           4           3  -198.67514135443423     
           4           4   567.46381704183534     
           4           5   441.07871419149745     
           4           6   443.13038439447388     
           4           7   24.105689810166183     
           4           8  -6.8976896837893030E-012
           4           9   8.9547459944848445E-012
           4          10  -2.6772222451190219E-012
           4          11   2.5745668559159478E-011
           4          12   9.2885131485400921E-011
           4          13  -1.1792855175126374E-011
           4          14  -2.5643835932624658E-011
           4          15  -4.6472090310159808E-010
           4          16  -1.4669692897071139E-010
           4          17   3.7348655523504257E-010
           4          18   3.1475488262929656E-010
           4          19  -1.1849623820285007E-011
           4          20  -4.1427449000377931E-011
           4          21  -2.6790637296663748E-010
           4          22   1.6496822182512238E-010
           4          23  -1.8674864393532994E-011
           4          24  -3.7219001996667668E-012
           4          25  -2.1608498758304003E-011
           4          26  -33.289110946076974     
           4          27   6.0335804386628125E-012
           4          28  -33.289110946101985     
           4          29   1.6108954720867347E-011
           4          30  -4.5394943715561999E-011
           4          31  -33.289110946077180     
           4          32  -79.151901553171939     
           4          33   4.6801543416352891E-011
           4          34  -79.151901553096678     
           4          35  -2.7149413637889081E-011
           4          36   5.5907419739108244E-011
           4          37  -79.151901553103315     
           4          38  -147.29520754689185     
           4          39  -1.7927393831131512E-011
           4          40  -147.29520754690770     
           4          41  -1.3449455185192908E-011
           4          42  -1.1774304885645885E-011
           4          43  -147.29520754692575     
           4          44  -29.038471607966962     
           4          45   4.8507843560387337E-012
           4          46  -29.038471607976003     
           4          47  -1.8994542335119231E-012
           4          48   1.6742975545082556E-012
           4          49  -29.038471607928805     
           4          50  -1.4928499148844273E-010
           4          51   7.2790282034292139E-011
           4          52  -4.9732446069359646E-011
           4          53   1.7634572742464546E-010
           4          54   4.0831160041396157E-011
           4          55  -1.5743901580739887E-011
           4          56   9.1358301827696117E-012
           4          57  -4.2884830014427382E-011
           4          58   1.0659900333417936E-010
           4          59   1.2015174651381968E-010
           4          60  -7.5453810823652995E-011
           4          61   1.7824950255704440E-011
           4          62  -8.8842597342967946E-011
           4          63   3.3978540028576343E-011
           4          64  -4.2711999392015779E-011
           4          65   2.8295633245848545E-012
           4          66  -3.0867921208983305E-011
           4          67  -2.5122560179740619E-011
           4          68   4.3470429681033161E-011
           4          69  -1.0016281150292681E-010
           5           1  -6.4475631814148464     
           5           2  -38.675021230289893     
           5           3  -163.65624150666531     
           5           4   441.07871419149745     
           5           5   353.74616035446519     
           5           6   340.90014072938163     
           5           7   18.221564995060618     
           5           8  -5.2039479806658939E-012
           5           9   7.4507613852858601E-012
           5          10  -2.1009271055313212E-012
           5          11   1.9428589002398401E-011
           5          12   7.3853017863160577E-011
           5          13  -9.5597682813341921E-012
           5          14  -1.4918177170228629E-011
           5          15  -3.7025326130671705E-010
           5          16  -1.2941422875360688E-010
           5          17   2.9983871927494585E-010
           5          18   2.4749516837652018E-010
           5          19  -1.3512230334487577E-011
           5          20  -2.7247405261134587E-011
           5          21  -2.1442157363408431E-010
           5          22   1.3981141887655873E-010
           5          23  -1.5585639905541792E-011
           5          24  -3.1556622736096487E-012
           5          25  -1.8038661421907416E-011
           5          26  -19.618706023638250     
           5          27   5.4323910858678114E-012
           5          28  -19.618706023655818     
           5          29   1.3387296931064791E-011
           5          30  -3.7155066457501020E-011
           5          31  -19.618706023635717     
           5          32  -58.947692384642671     
           5          33   3.9110353603829257E-011
           5          34  -58.947692384580975     
           5          35  -2.2718231200999044E-011
           5          36   4.6568959608485950E-011
           5          37  -58.947692384586418     
           5          38  -111.47223559030779     
           5          39  -1.4988858024122174E-011
           5          40  -111.47223559032051     
           5          41  -1.1299297172355324E-011
           5          42  -9.7691909573048809E-012
           5          43  -111.47223559033557     
           5          44  -21.961560586679816     
           5          45   4.0510805612780035E-012
           5          46  -21.961560586687607     
           5          47  -1.5809008067141789E-012
           5          48   1.3808896169540172E-012
           5          49  -21.961560586648066     
           5          50  -1.2496637933624111E-010
           5          51   5.8270117889465212E-011
           5          52  -4.1615860433193778E-011
           5          53   1.4167987069942025E-010
           5          54   3.6318032207377403E-011
           5          55  -1.3212510255088219E-011
           5          56   9.7593873362664436E-012
           5          57  -3.5882559174612470E-011
           5          58   8.6626461821625482E-011
           5          59   1.0544407433025011E-010
           5          60  -6.3030411755728595E-011
           5          61   1.4788833033190444E-011
           5          62  -7.4385667330582190E-011
           5          63   2.8128325311056077E-011
           5          64  -3.5596928037006997E-011
           5          65   2.3762386843190653E-012
           5          66  -2.5679316224141946E-011
           5          67  -2.0926846727294948E-011
           5          68   3.6285353467275605E-011
           5          69  -8.3537221691923446E-011
           6           1  -6.4399814088128524     
           6           2  -27.647739333239315     
           6           3  -152.25481807132158     
           6           4   443.13038439447388     
           6           5   340.90014072938163     
           6           6   347.20972725926481     
           6           7   18.993669548433274     
           6           8  -5.2486647012467626E-012
           6           9   6.8781658947612027E-012
           6          10  -2.0782506045700601E-012
           6          11   2.0219469641572960E-011
           6          12   7.2246344833897712E-011
           6          13  -8.9404231191836098E-012
           6          14  -2.1826692013819067E-011
           6          15  -3.5957921382766125E-010
           6          16  -1.0964691465455212E-010
           6          17   2.8836020235880280E-010
           6          18   2.4514224602958614E-010
           6          19  -8.0479069711359745E-012
           6          20  -3.4155044247606083E-011
           6          21  -2.0718941873784671E-010
           6          22   1.2485424048909559E-010
           6          23  -1.4205276777715550E-011
           6          24  -2.8177630753909584E-012
           6          25  -1.6426131441801512E-011
           6          26  -28.045411260902370     
           6          27   4.0808354788514051E-012
           6          28  -28.045411260921757     
           6          29   1.2644416721267317E-011
           6          30  -3.5288235260298020E-011
           6          31  -28.045411260902139     
           6          32  -62.643299561823952     
           6          33   3.5716300352961189E-011
           6          34  -62.643299561766625     
           6          35  -2.0766999037141233E-011
           6          36   4.2741857610367842E-011
           6          37  -62.643299561771911     
           6          38  -116.00897527622523     
           6          39  -1.3675642520030867E-011
           6          40  -116.00897527623736     
           6          41  -1.0153678261447702E-011
           6          42  -9.0432000644408861E-012
           6          43  -116.00897527625102     
           6          44  -22.876369285949579     
           6          45   3.7048206175460710E-012
           6          46  -22.876369285956400     
           6          47  -1.4626510795905800E-012
           6          48   1.3015094948162880E-012
           6          49  -22.876369285920578     
           6          50  -1.1342533508658600E-010
           6          51   5.6166466053154394E-011
           6          52  -3.7792595286743902E-011
           6          53   1.3590387139367545E-010
           6          54   3.0442917869865831E-011
           6          55  -1.1949534937891786E-011
           6          56   6.3722899704085814E-012
           6          57  -3.2591265930180936E-011
           6          58   8.1832759581957427E-011
           6          59   8.9960112514564637E-011
           6          60  -5.7368202464830191E-011
           6          61   1.3575786011010808E-011
           6          62  -6.7488425775021866E-011
           6          63   2.5896991413571143E-011
           6          64  -3.2487703931649344E-011
           6          65   2.1469649571201494E-012
           6          66  -2.3489796077114720E-011
           6          67  -1.9121208700760183E-011
           6          68   3.3048493718100946E-011
           6          69  -7.6165904776701665E-011
           7           1 -0.34867474654181363     
           7           2  -1.2583574622332356     
           7           3  -8.0142950596379663     
           7           4   24.105689810166183     
           7           5   18.221564995060618     
           7           6   18.993669548433274     
           7           7   1.0486163099202122     
           7           8  -2.8729663711018409E-013
           7           9   3.5142642471203957E-013
           7          10  -1.1878190075741531E-013
           7          11   1.1531937270643128E-012
           7          12   3.8833579440164196E-012
           7          13  -4.7229309529370357E-013
           7          14  -1.3406314319232325E-012
           7          15  -1.9485659770312282E-011
           7          16  -5.3102975943875371E-012
           7          17   1.5391001650300599E-011
           7          18   1.3149690560930354E-011
           7          19  -2.0763533963849882E-013
           7          20  -2.0108126080719841E-012
           7          21  -1.1040269415531752E-011
           7          22   6.3917728802199976E-012
           7          23  -7.3954563811480565E-013
           7          24  -1.4270373537819784E-013
           7          25  -8.5703189997877020E-013
           7          26  -1.7119677161903670     
           7          27   1.6263603469597386E-013
           7          28  -1.7119677161914635     
           7          29   7.9424468406124433E-013
           7          30  -1.9378913265516772E-012
           7          31  -1.7119677161904852     
           7          32  -3.4839148171205725     
           7          33   1.8713866809799672E-012
           7          34  -3.4839148171175598     
           7          35  -1.1289424433794639E-012
           7          36   2.2566322668451333E-012
           7          37  -3.4839148171178147     
           7          38  -6.4004984624282883     
           7          39  -7.1600571085184389E-013
           7          40  -6.4004984624289332     
           7          41  -5.0823286624206773E-013
           7          42  -4.8296291879842931E-013
           7          43  -6.4004984624296544     
           7          44  -1.2626270437164728     
           7          45   1.9440200690703935E-013
           7          46  -1.2626270437168210     
           7          47  -8.2164803953977419E-014
           7          48   7.1688713308240034E-014
           7          49  -1.2626270437149583     
           7          50  -5.8939226203100284E-012
           7          51   3.0676892356184789E-012
           7          52  -1.9644618403345151E-012
           7          53   7.3947286227447679E-012
           7          54   1.4565383999515169E-012
           7          55  -6.1972978333654219E-013
           7          56   2.0690028453187214E-013
           7          57  -1.6943192406270254E-012
           7          58   4.3993184380551894E-012
           7          59   4.3912439291990180E-012
           7          60  -2.9858820851246020E-012
           7          61   7.1579059781902872E-013
           7          62  -3.5061058360219029E-012
           7          63   1.3695226470410670E-012
           7          64  -1.6983895213246266E-012
           7          65   1.1129003524510101E-013
           7          66  -1.2310044425662442E-012
           7          67  -9.9724613815676021E-013
           7          68   1.7264477969217004E-012
           7          69  -3.9792281440928762E-012
           8           1   9.9479677116889935E-014
           8           2   2.5390270298615564E-013
           8           3   2.2241282868900225E-012
           8           4  -6.8976896837893030E-012
           8           5  -5.2039479806658939E-012
           8           6  -5.2486647012467626E-012
           8           7  -2.8729663711018409E-013
           8           8   1.9967634895380260     
           8           9  -3.5251547436514723E-004
           8          10   3.1878936399085361E-004
           8          11   2.2831784004611187E-002
           8          12  -5.3370155449948705E-004
           8          13   4.8264088101306410E-004
           8          14   7.4259899123756162E-002
           8          15   1.7223844624666841E-002
           8          16  -1.5575992751127829E-002
           8          17   8.2504208990998168E-003
           8          18   9.5526682516263537E-003
           8          19  -8.6387386025086419E-003
           8          20  -1.5304833486199081E-002
           8          21  -3.9619168913287194E-003
           8          22   3.5828695696377855E-003
           8          23  -3.1298331081361039E-004
           8          24  -2.1428271718511305E-004
           8          25   1.9378170917508952E-004
           8          26   3.0758026324054509E-013
           8          27   1.6133732407076710E-014
           8          28   3.0877045475453280E-013
           8          29  -4.8175028642656260E-014
           8          30   1.3996720948980753E-014
           8          31   3.8010492048370380E-013
           8          32   1.0153603887084160E-012
           8          33  -6.8875125867883951E-015
           8          34   1.0117099688951196E-012
           8          35   2.0890476997313716E-014
           8          36  -1.7414585024397328E-014
           8          37   9.8506727748334968E-013
           8          38   1.7699303185839288E-012
           8          39   8.1818877027134583E-017
           8          40   1.7709225515514493E-012
           8          41  -7.5876790598949999E-015
           8          42   7.5664753851798326E-015
           8          43   1.7839726278747800E-012
           8          44   3.4142208098881082E-013
           8          45  -4.9627066255012796E-015
           8          46   3.4630799214533405E-013
           8          47   5.1587512283319389E-015
           8          48  -7.6223805958224393E-015
           8          49   3.3442484667237935E-013
           8          50  -4.9036541595292457E-002
           8          51  -5.6134939929541198E-003
           8          52  -2.1930727292454960E-002
           8          53  -1.2552609827087044E-002
           8          54   5.0764358160717117E-003
           8          55  -5.7829377076343967E-015
           8          56   5.0764358160735757E-003
           8          57  -2.1930727292448424E-002
           8          58  -5.6134939929544936E-003
           8          59   1.1351667640744736E-002
           8          60   7.6051734502655070E-003
           8          61  -5.5265994670357301E-004
           8          62   3.4014909667894212E-003
           8          63  -1.2356239559321207E-003
           8          64   4.9978547252234253E-004
           8          65   2.3894743192400269E-015
           8          66   4.9978547251914045E-004
           8          67   3.4014909667890126E-003
           8          68  -5.5265994671515294E-004
           8          69   1.1174084649418648E-003
           9           1  -1.4661136653986509E-013
           9           2  -1.0235326874540954E-012
           9           3  -3.6030454680345220E-012
           9           4   8.9547459944848445E-012
           9           5   7.4507613852858601E-012
           9           6   6.8781658947612027E-012
           9           7   3.5142642471203957E-013
           9           8  -3.5251547436514723E-004
           9           9   1.9987605744481409     
           9          10  -1.8606376505479578E-003
           9          11  -5.3370155450276372E-004
           9          12   2.5855331617408824E-002
           9          13  -2.8169691223971032E-003
           9          14   1.7223844624631418E-002
           9          15  -2.3317321438547103E-002
           9          16   9.0910431246747941E-002
           9          17   9.5526682516313896E-003
           9          18  -4.5867741291779673E-002
           9          19   5.0420635417783806E-002
           9          20  -3.9619168912730929E-003
           9          21   7.1403781827517991E-003
           9          22  -2.0911682670337273E-002
           9          23  -2.1428271719036801E-004
           9          24   9.0097979747684269E-004
           9          25  -1.1310212471324307E-003
           9          26  -2.1035701200590495E-013
           9          27  -1.1351248589880886E-015
           9          28  -2.2747429575867937E-013
           9          29   4.1624378367567051E-015
           9          30   1.0959102161466652E-014
           9          31  -2.6045066549894225E-013
           9          32  -1.1441277759701189E-012
           9          33   1.0273312390736507E-015
           9          34  -1.1429728269399663E-012
           9          35  -8.8732198613058727E-015
           9          36  -1.1902760855463207E-014
           9          37  -1.1301103056537166E-012
           9          38  -2.2030475653766100E-012
           9          39   3.5326565381268995E-016
           9          40  -2.1972917635891824E-012
           9          41   6.3092617915952558E-015
           9          42   3.7057255502096118E-015
           9          43  -2.2031255758779016E-012
           9          44  -4.2806290519404271E-013
           9          45  -3.0044405648871064E-015
           9          46  -4.3529188302538428E-013
           9          47  -4.4823659115255298E-016
           9          48  -6.0398511339146736E-015
           9          49  -4.3425212842229228E-013
           9          50  -1.2552609827081177E-002
           9          51   9.8710657109216809E-003
           9          52  -5.6134939929489581E-003
           9          53   2.2077010832857333E-002
           9          54  -2.9628992296511558E-002
           9          55  -5.3691342381976735E-015
           9          56  -2.9628992296509969E-002
           9          57  -5.6134939929452553E-003
           9          58   9.8710657109173094E-003
           9          59  -6.6254845971995144E-002
           9          60  -1.2356239559692598E-003
           9          61   6.5324424292236569E-003
           9          62  -5.5265994672217336E-004
           9          63   1.4605280215548772E-002
           9          64  -2.9170347958400586E-003
           9          65  -7.4717555355494779E-016
           9          66  -2.9170347958313359E-003
           9          67  -5.5265994672289414E-004
           9          68   6.5324424292149746E-003
           9          69  -6.5218369731632588E-003
          10           1   4.2879659301475546E-014
          10           2   2.9487873932814784E-013
          10           3   9.5951524263428948E-013
          10           4  -2.6772222451190219E-012
          10           5  -2.1009271055313212E-012
          10           6  -2.0782506045700601E-012
          10           7  -1.1878190075741531E-013
          10           8   3.1878936399085361E-004
          10           9  -1.8606376505479578E-003
          10          10   1.9983857172714856     
          10          11   4.8264088099609286E-004
          10          12  -2.8169691223799065E-003
          10          13   2.5287805161286731E-002
          10          14  -1.5575992751133631E-002
          10          15   9.0910431246651838E-002
          10          16  -5.0018651351625698E-003
          10          17  -8.6387386024722387E-003
          10          18   5.0420635417795276E-002
          10          19  -3.5709644667264291E-002
          10          20   3.5828695696852207E-003
          10          21  -2.0911682670208546E-002
          10          22   2.9273631862290067E-003
          10          23   1.9378170916330649E-004
          10          24  -1.1310212471525587E-003
          10          25   6.7311628450647770E-004
          10          26   9.1259273796931450E-014
          10          27   7.9691075998839569E-016
          10          28   1.0259908513945151E-013
          10          29  -2.1464414247309968E-014
          10          30   7.5497172590044722E-015
          10          31   1.0450935261694087E-013
          10          32   3.7790853400919605E-013
          10          33   2.0313599663509668E-015
          10          34   3.7163334129153209E-013
          10          35   1.0471243302746096E-014
          10          36   1.1045863837852226E-015
          10          37   3.7169725716769212E-013
          10          38   6.8660044462184551E-013
          10          39   2.1614139775906198E-015
          10          40   6.8884790609821735E-013
          10          41  -2.4515139620509271E-015
          10          42  -2.5172115483428756E-015
          10          43   6.8833140919468862E-013
          10          44   1.3786025376917516E-013
          10          45  -1.6414671821593848E-015
          10          46   1.3489363046561964E-013
          10          47   4.4677595253975886E-016
          10          48   2.0081010631786849E-015
          10          49   1.3887849058636020E-013
          10          50   1.1351667640743768E-002
          10          51  -2.9628992296505688E-002
          10          52   5.0764358160670540E-003
          10          53  -6.6254845971952081E-002
          10          54   3.9018000691494019E-003
          10          55   6.0729582546383573E-015
          10          56   3.9018000691481425E-003
          10          57   5.0764358160637129E-003
          10          58  -2.9628992296498936E-002
          10          59   8.7288425352867668E-003
          10          60   1.1174084649004962E-003
          10          61  -2.9170347958544997E-003
          10          62   4.9978547250678705E-004
          10          63  -6.5218369732452644E-003
          10          64   5.9447560371961340E-003
          10          65  -5.0060123179937325E-015
          10          66   5.9447560371909281E-003
          10          67   4.9978547250803388E-004
          10          68  -2.9170347958660924E-003
          10          69   1.3291344966765624E-002
          11           1  -3.4316404272956239E-013
          11           2  -1.4162786638651058E-012
          11           3  -8.8782396043438963E-012
          11           4   2.5745668559159478E-011
          11           5   1.9428589002398401E-011
          11           6   2.0219469641572960E-011
          11           7   1.1531937270643128E-012
          11           8   2.2831784004611187E-002
          11           9  -5.3370155450276372E-004
          11          10   4.8264088099609286E-004
          11          11   2.2185137538105506     
          11          12  -8.0801374698914817E-004
          11          13   7.3070888284903102E-004
          11          14  -1.8692178453634400     
          11          15   2.6076564914829001E-002
          11          16  -2.3581749309266643E-002
          11          17  -1.3199604173816852     
          11          18   1.4462553465669957E-002
          11          19  -1.3078881797573404E-002
          11          20  0.68481875526283797     
          11          21  -5.9982649208172537E-003
          11          22   5.4243946661689758E-003
          11          23   2.4375664568976989E-002
          11          24  -3.2441985542817556E-004
          11          25   2.9338172913028344E-004
          11          26  -2.0648677733277621E-012
          11          27   9.3371413640002425E-014
          11          28  -2.0906458273107595E-012
          11          29  -3.5288408566517531E-013
          11          30   2.2259935086513151E-014
          11          31  -1.5037834476135438E-012
          11          32  -3.6494435874428251E-012
          11          33  -4.6994010834769512E-014
          11          34  -3.6410310958168795E-012
          11          35   1.5323347809946866E-013
          11          36  -4.1060206870716071E-014
          11          37  -3.8643069848118654E-012
          11          38  -6.8551062717461664E-012
          11          39   2.6739255992657208E-015
          11          40  -6.8495427792097624E-012
          11          41  -4.7224611782563740E-014
          11          42   2.9885199693901672E-014
          11          43  -6.7449798990225962E-012
          11          44  -1.3491734770101904E-012
          11          45  -2.4081933116061191E-014
          11          46  -1.3472583163177117E-012
          11          47   1.5279785972681614E-014
          11          48  -2.8389873471600074E-014
          11          49  -1.3960815134713303E-012
          11          50   1.4687998871355052     
          11          51  -8.4987204479926963E-003
          11          52  0.65685086382978364     
          11          53  -1.9004406515333326E-002
          11          54   7.6856248402038122E-003
          11          55  -4.7609507581308265E-015
          11          56   7.6856248402070847E-003
          11          57  0.65685086382975855     
          11          58  -8.4987204480191925E-003
          11          59   1.7186203462141836E-002
          11          60   6.9454538992336723E-002
          11          61  -8.3671638286875627E-004
          11          62   3.1067636865523860E-002
          11          63  -1.8707105755303359E-003
          11          64   7.5666546006984323E-004
          11          65   1.5274677505373419E-014
          11          66   7.5666546008871485E-004
          11          67   3.1067636865545402E-002
          11          68  -8.3671638285447571E-004
          11          69   1.6917346275738207E-003
          12           1  -1.3671716042897246E-012
          12           2  -7.6263772752408005E-012
          12           3  -3.3884654587934907E-011
          12           4   9.2885131485400921E-011
          12           5   7.3853017863160577E-011
          12           6   7.2246344833897712E-011
          12           7   3.8833579440164196E-012
          12           8  -5.3370155449948705E-004
          12           9   2.5855331617408824E-002
          12          10  -2.8169691223799065E-003
          12          11  -8.0801374698914817E-004
          12          12   2.2230913459404364     
          12          13  -4.2648363232493944E-003
          12          14   2.6076564914935037E-002
          12          15  -2.0169478546393411     
          12          16  0.13763662024648593     
          12          17   1.4462553465471496E-002
          12          18  -1.4018942596893509     
          12          19   7.6335858871420872E-002
          12          20  -5.9982649211013910E-003
          12          21  0.71880036807226588     
          12          22  -3.1659879806096476E-002
          12          23  -3.2441985537015779E-004
          12          24   2.6213581043651193E-002
          12          25  -1.7123441144297983E-003
