           1           1   2.0000197941220517     
           1           2   5.2130645292205836E-005
           1           3  -2.9815851872909871E-004
           1           4  -1.4012055556400792E-004
           1           5  -8.5442466851402561E-005
           1           6   1.0781043602453630E-005
           1           7   1.5845489842522835E-005
           1           8   1.7065352189740175E-009
           1           9  -9.7764930845453633E-010
           1          10  -2.9163224199589559E-009
           1          11   1.3492519415885414E-010
           1          12  -6.3475427234157176E-011
           1          13   1.9480284197266452E-011
           1          14  -4.0055119869235032E-011
           1          15   2.7053740570067569E-011
           1          16   1.3894279368800067E-010
           1          17   7.0070866723003313E-010
           1          18  -3.1929826678725673E-010
           1          19   3.6536321022655169E-010
           1          20  -8.5475843597704202E-011
           1          21   4.1682577869145443E-011
           1          22   1.9940675552597278E-011
           1          23   1.5746449617191873E-011
           1          24  -6.1711202834836518E-012
           1          25   2.9797573616810027E-011
           1          26  -3.2374232518957524E-005
           1          27  -1.8591508064067115E-004
           1          28  -2.8440380331236169E-004
           1          29   9.1148168699768539E-006
           1          30   1.8703064879674441E-005
           1          31   4.5268600938400042E-005
           1          32  -8.6271718508888062E-005
           1          33  -1.2267645683061806E-005
           1          34  -1.0290064552495210E-004
           1          35   6.0169299838988080E-007
           1          36   1.2349819024409783E-006
           1          37  -8.1148051362808839E-005
           1          38  -7.4614975923171988E-005
           1          39  -1.7152127835861232E-005
           1          40  -9.7865825669036396E-005
           1          41   8.4114534079610448E-007
           1          42   1.7263888215959032E-006
           1          43  -6.7451167143395345E-005
           1          44  -1.5241963443723017E-005
           1          45  -1.8017963097755877E-006
           1          46  -1.7684359129189144E-005
           1          47   8.8371938047095143E-008
           1          48   1.8137738209141307E-007
           1          49  -1.4489432340521073E-005
           1          50  -2.3513792080346195E-011
           1          51   6.2384428832393420E-012
           1          52  -1.1073647807814892E-011
           1          53   1.7977746101778732E-011
           1          54   4.7289528018007507E-011
           1          55  -5.9989898347020842E-013
           1          56   4.5875184941896663E-011
           1          57  -1.0535325403962933E-011
           1          58   7.8375697918250628E-012
           1          59   1.0748670043044682E-010
           1          60   4.6058514948478380E-012
           1          61  -5.0478794220387396E-013
           1          62   1.4290431933271457E-012
           1          63   3.9799005854561288E-012
           1          64   4.3098496437083201E-011
           1          65  -1.2785439330622980E-012
           1          66   4.1564689443491595E-011
           1          67   2.5789995535099309E-012
           1          68   1.2173309133151172E-012
           1          69   9.8046610751616663E-011
           2           1   5.2130645292205836E-005
           2           2   1.9988832322099583     
           2           3  -6.2584561816548335E-003
           2           4   1.1020973881937968E-003
           2           5  -7.8298188547540268E-003
           2           6   2.7708904095230335E-004
           2           7  -7.5628831104964975E-005
           2           8   3.2022169384337419E-008
           2           9  -1.7995576401390760E-008
           2          10  -4.8126330102465976E-008
           2          11   1.1317115689458063E-009
           2          12  -5.6240015974136857E-010
           2          13  -3.8053432390594250E-010
           2          14   3.0844500204773566E-010
           2          15  -1.4400022832073638E-010
           2          16   3.4889018736569940E-010
           2          17   3.3482128104711636E-009
           2          18  -1.3652364183975472E-009
           2          19   4.0245601239795350E-009
           2          20  -1.6791077549004465E-010
           2          21   4.5132237465625986E-011
           2          22  -3.3171323799139940E-010
           2          23   1.4618188227467015E-010
           2          24  -6.3577855338233956E-011
           2          25   1.6230298188998394E-010
           2          26   7.0875134907489820E-004
           2          27  -1.2057333326591865E-003
           2          28  -9.2578123070459896E-004
           2          29   5.9109494286241717E-005
           2          30   1.2129009835706421E-004
           2          31   1.2122911517965355E-003
           2          32   7.5237632778034477E-004
           2          33  -9.1329368987984691E-005
           2          34   6.2860494860124123E-004
           2          35   4.4904746947449430E-006
           2          36   9.2057969508528760E-006
           2          37   7.9051923212431169E-004
           2          38   5.7864646906553353E-004
           2          39  -1.0052375479453865E-004
           2          40   4.4236700742364334E-004
           2          41   4.9243091937183375E-006
           2          42   1.0112057216336472E-005
           2          43   6.2063220067352107E-004
           2          44   7.1486746812449351E-005
           2          45  -1.3530575199764986E-005
           2          46   5.3150117378861023E-005
           2          47   6.6556949644183994E-007
           2          48   1.3641180652291004E-006
           2          49   7.7137624760371926E-005
           2          50   3.0206113667163155E-010
           2          51  -7.6204564740508283E-011
           2          52   1.3019414295696108E-010
           2          53  -1.3487045487105033E-010
           2          54   9.2438461437911603E-011
           2          55  -5.5808513285722840E-012
           2          56   9.1870408136388555E-011
           2          57   1.3048787154966539E-010
           2          58  -6.5840369454987182E-011
           2          59   2.2171696373505210E-010
           2          60   3.2717315817955263E-010
           2          61  -7.6992403231809555E-011
           2          62   1.4206265418651389E-010
           2          63  -1.3824365053723014E-010
           2          64   1.5518218552493542E-010
           2          65  -8.4646469831947755E-012
           2          66   1.3983213616163576E-010
           2          67   1.5257139397522099E-010
           2          68  -6.5783311734983808E-011
           2          69   3.5540283570445265E-010
           3           1  -2.9815851872909871E-004
           3           2  -6.2584561816548335E-003
           3           3   1.9635392521202730     
           3           4   2.9604470663827667E-002
           3           5  -5.8256571834425161E-002
           3           6  -2.0784443482695411E-002
           3           7  -6.1045853807333000E-003
           3           8   4.3701623506166791E-008
           3           9  -2.4969102489814652E-008
           3          10  -7.3779314775292012E-008
           3          11   1.1716219061393237E-009
           3          12   2.3742069419710178E-010
           3          13   9.9930569795726016E-009
           3          14   5.0021913417424012E-009
           3          15  -3.2378510796781364E-009
           3          16  -8.4874310278004057E-009
           3          17   1.6865471420211474E-009
           3          18   1.9310960943338410E-009
           3          19   4.4451762398353166E-008
           3          20   1.3964893566341738E-009
           3          21  -1.2196305233182335E-009
           3          22  -7.2751746490370592E-009
           3          23   7.2805152935016399E-010
           3          24  -3.5817550289045858E-010
           3          25   1.8253920311764577E-010
           3          26   1.2122275886366361E-003
           3          27  -2.8100744239121281E-003
           3          28  -2.5973158667042784E-003
           3          29   1.3775222674865375E-004
           3          30   2.8258702312944291E-004
           3          31   2.3856755791813555E-003
           3          32   5.8245167063254435E-003
           3          33   6.7380384168989991E-005
           3          34   5.9160725718083382E-003
           3          35  -3.2118426662724802E-006
           3          36  -6.6791984105042788E-006
           3          37   5.7963568171730323E-003
           3          38   1.4819065893369739E-002
           3          39  -5.7539914414890710E-004
           3          40   1.4039009183928615E-002
           3          41   2.8186488862451738E-005
           3          42   5.7880420764984461E-005
           3          43   1.5059394802050798E-002
           3          44   3.8951534376202176E-003
           3          45   1.0224198553883037E-004
           3          46   4.0337739895601708E-003
           3          47  -5.0022526421838378E-006
           3          48  -1.0278015939127697E-005
           3          49   3.8524481535474053E-003
           3          50   3.6070233330086569E-009
           3          51  -1.0570170456138484E-009
           3          52   1.4560184942264562E-009
           3          53  -1.8707016550827915E-009
           3          54  -2.5993106515740085E-009
           3          55  -1.5630494756209147E-010
           3          56  -2.2737921256053611E-009
           3          57   1.3172608787148298E-009
           3          58  -1.0418085910995144E-009
           3          59  -5.5693096523076689E-009
           3          60   3.0509407318423223E-009
           3          61  -7.6653701510608711E-010
           3          62   1.3998706394322940E-009
           3          63  -1.8077293004144157E-009
           3          64  -1.5002976808344711E-009
           3          65  -3.2039690163671037E-011
           3          66  -1.7695262243255019E-009
           3          67   1.5332213968553445E-009
           3          68  -7.9283947389249249E-010
           3          69  -3.4356288212962671E-009
           4           1  -1.4012055556400792E-004
           4           2   1.1020973881937968E-003
           4           3   2.9604470663827667E-002
           4           4   1.1428047325598659E-003
           4           5   2.3369650764307293E-002
           4           6  -3.7181103228824618E-004
           4           7   4.5429110900544941E-005
           4           8  -3.1874765243110553E-008
           4           9   2.0699549076352581E-008
           4          10   1.0465318297831944E-007
           4          11  -7.9319928659029424E-009
           4          12   3.6180630618520055E-009
           4          13   5.4304193684978663E-010
           4          14   8.9444359535474825E-010
           4          15  -5.6059768172817346E-010
           4          16  -1.8970156801629628E-009
           4          17   1.8658925692075891E-008
           4          18  -1.1379361303754574E-008
           4          19  -4.4688280766030445E-008
           4          20  -1.4268882777838618E-009
           4          21   9.0481876222454317E-010
           4          22   3.6670466196047122E-009
           4          23   6.7951874620054961E-010
           4          24  -4.1151335643626768E-010
           4          25  -1.6013953458862946E-009
           4          26  -2.0010752398350370E-003
           4          27   6.4575582145756675E-003
           4          28   6.7528201326736946E-003
           4          29  -3.1656768559729727E-004
           4          30  -6.4961157523905932E-004
           4          31  -4.6978718465906181E-003
           4          32  -1.4656436228320700E-004
           4          33   3.9106810588430073E-004
           4          34   3.8353490563722287E-004
           4          35  -1.9180044518757837E-005
           4          36  -3.9368154109278703E-005
           4          37  -3.0989623263163432E-004
           4          38  -1.2987016256290357E-005
           4          39   5.5718673017447382E-004
           4          40   7.4231460576235130E-004
           4          41  -2.7325370369915072E-005
           4          42  -5.6082599937001224E-005
           4          43  -2.4570273861015767E-004
           4          44   5.1669520629666301E-005
           4          45   4.5960952644873231E-005
           4          46   1.1397125734080604E-004
           4          47  -2.2540816268856913E-006
           4          48  -4.6265352134178340E-006
           4          49   3.2473821011614541E-005
           4          50   8.2244655442027693E-010
           4          51  -2.7611189805835251E-010
           4          52   3.5811362130822338E-010
           4          53  -4.5108086512605900E-010
           4          54  -7.6370133739062539E-010
           4          55   5.5410185975615785E-011
           4          56  -6.8654858405355770E-010
           4          57   3.8846385231146550E-010
           4          58  -2.5191462158160626E-010
           4          59  -1.8153876450915149E-009
           4          60   1.2604317779285566E-009
           4          61  -4.0437661486303819E-010
           4          62   5.5440373734028789E-010
           4          63  -7.1356998375372314E-010
           4          64  -1.2892038124491489E-009
           4          65   9.0165114474771280E-011
           4          66  -1.1896967771639379E-009
           4          67   5.7029433037311880E-010
           4          68  -3.6663985274269650E-010
           4          69  -2.9849790372341289E-009
           5           1  -8.5442466851402561E-005
           5           2  -7.8298188547540268E-003
           5           3  -5.8256571834425161E-002
           5           4   2.3369650764307293E-002
           5           5   1.9170876606079756     
           5           6  -2.4601152501951187E-002
           5           7   2.2203789070948037E-002
           5           8   8.3109558579762864E-008
           5           9  -4.9772768031059875E-008
           5          10  -1.8589704213378852E-007
           5          11   9.4748577384105617E-009
           5          12  -4.8347146886755020E-009
           5          13   7.7438406145577007E-009
           5          14  -4.4269262852848707E-009
           5          15   4.2852882515330470E-009
           5          16   1.3569342300309990E-008
           5          17   5.5913992412486653E-008
           5          18  -2.3056379844283045E-008
           5          19   5.0539162218792679E-008
           5          20  -6.2667112850200641E-009
           5          21   4.9801497170523915E-009
           5          22  -3.7728859649308228E-009
           5          23   3.5459412634957395E-010
           5          24  -1.4465447101771616E-011
           5          25   3.3462582476981266E-009
           5          26  -7.3591777450004309E-004
           5          27   4.2634294978089564E-003
           5          28   5.0433574224695629E-003
           5          29  -2.0878053766532816E-004
           5          30  -4.2917708051436534E-004
           5          31  -2.5170926076628318E-003
           5          32   4.8387543422008430E-003
           5          33   2.9329077423310458E-003
           5          34   8.8138617083962627E-003
           5          35  -1.4420861473742931E-004
           5          36  -2.9565681466262516E-004
           5          37   3.6138280416510953E-003
           5          38   1.2082092990967214E-002
           5          39  -2.6961163215863393E-003
           5          40   8.4274364480105123E-003
           5          41   1.3223121778098944E-004
           5          42   2.7137836440894493E-004
           5          43   1.3208170110344128E-002
           5          44  -3.3408654066810150E-003
           5          45  -3.5937741855939578E-003
           5          46  -8.2125260485019780E-003
           5          47   1.7619763964198804E-004
           5          48   3.6168046248855735E-004
           5          49  -1.8398631060349427E-003
           5          50  -2.6501217252184039E-009
           5          51   6.7939542689547397E-010
           5          52  -1.8781984658607423E-009
           5          53   2.4144610105919417E-009
           5          54   4.9920184114224537E-009
           5          55  -5.6856626235481024E-010
           5          56   4.5435376880173797E-009
           5          57  -1.4978532954933372E-009
           5          58   6.1149200111181154E-010
           5          59   9.4016167278309969E-009
           5          60  -2.4772198547308629E-009
           5          61   2.5920950447616905E-010
           5          62  -1.1976305929854210E-009
           5          63  -5.9238689570424274E-011
           5          64   4.7499728746012472E-009
           5          65   3.3013466816754989E-010
           5          66   5.2663078043236585E-009
           5          67  -1.0634187500813785E-009
           5          68   7.3397267217996254E-010
           5          69   1.1482252281505611E-008
           6           1   1.0781043602453630E-005
           6           2   2.7708904095230335E-004
           6           3  -2.0784443482695411E-002
           6           4  -3.7181103228824618E-004
           6           5  -2.4601152501951187E-002
           6           6   7.3937518221473897E-004
           6           7  -3.3411944858481509E-004
           6           8  -1.4027551896791070E-008
           6           9   6.6864775931516223E-009
           6          10  -2.9435183667475802E-009
           6          11   2.7928422182403664E-008
           6          12  -1.5184275828190826E-008
           6          13  -4.1883822645078511E-008
           6          14  -3.5665890479907786E-009
           6          15   1.9822886157842395E-009
           6          16   6.0483712250723835E-009
           6          17  -7.3760458997752257E-008
           6          18   4.2290046624047459E-008
           6          19   1.3171015144908167E-007
           6          20   5.5648089852513573E-009
           6          21  -3.2365085971949445E-009
           6          22  -1.0086294589855877E-008
           6          23  -2.6897201026668759E-009
           6          24   1.5444084850797923E-009
           6          25   4.7889602608559304E-009
           6          26  -5.6717496445666659E-004
           6          27   1.7877581771668680E-003
           6          28   1.8563691591666036E-003
           6          29  -8.7797855331641749E-005
           6          30  -1.7985915237102805E-004
           6          31  -1.3137437584201305E-003
           6          32  -3.3994388380756304E-004
           6          33   2.2430498217219585E-004
           6          34  -3.5887630463189566E-005
           6          35  -1.0996231654800348E-005
           6          36  -2.2573556856429212E-005
           6          37  -4.3362795353923359E-004
           6          38  -6.1077308915328306E-004
           6          39   4.9272533318815964E-004
           6          40   5.7146848290291660E-005
           6          41  -2.4163798559378815E-005
           6          42  -4.9593799430490608E-005
           6          43  -8.1656715301460926E-004
           6          44   2.9743760062894936E-005
           6          45   1.1004983236924318E-004
           6          46   1.7892328418318951E-004
           6          47  -5.3966590435903245E-006
           6          48  -1.1076717901893386E-005
           6          49  -1.6220095866091026E-005
           6          50  -3.3936409278614557E-009
           6          51   1.0577991315650541E-009
           6          52  -1.4596246952537892E-009
           6          53   1.7049328879573963E-009
           6          54   2.5822661690222830E-009
           6          55  -2.0805537335176940E-010
           6          56   2.3219962269967636E-009
           6          57  -1.5238067907814823E-009
           6          58   9.2223722429531362E-010
           6          59   5.9925709281142403E-009
           6          60  -4.9794946632270134E-009
           6          61   1.5167342217833691E-009
           6          62  -2.1771988393158407E-009
           6          63   2.6530633362232868E-009
           6          64   3.9356287662445480E-009
           6          65  -2.5830968560858883E-010
           6          66   3.6168968082616922E-009
           6          67  -2.2663367601156000E-009
           6          68   1.3512119060543542E-009
           6          69   9.0231976225096103E-009
           7           1   1.5845489842522835E-005
           7           2  -7.5628831104964975E-005
           7           3  -6.1045853807333000E-003
           7           4   4.5429110900544941E-005
           7           5   2.2203789070948037E-002
           7           6  -3.3411944858481509E-004
           7           7   3.4537301460950219E-004
           7           8  -1.1220728638999641E-008
           7           9   5.3583403687287869E-009
           7          10  -2.1457514224054773E-009
           7          11  -4.1622848548181243E-010
           7          12   4.4461248751439015E-010
           7          13   6.9615489257711576E-009
           7          14  -3.6281796413127735E-009
           7          15   1.4999823945205502E-009
           7          16  -6.2284735501103426E-009
           7          17  -8.9848985787342878E-008
           7          18   3.6235333098829617E-008
           7          19  -1.5543382385662645E-007
           7          20   7.3317346603386572E-009
           7          21  -2.9317407715094660E-009
           7          22   1.2599194546555935E-008
           7          23  -3.2146215810080741E-009
           7          24   1.2953468150755372E-009
           7          25  -5.5326256666735909E-009
           7          26  -6.1485507860499218E-005
           7          27   2.1036942648516908E-004
           7          28   2.2378895174261803E-004
           7          29  -1.0234934749180342E-005
           7          30  -2.1241630497764155E-005
           7          31  -1.4967218057526530E-004
           7          32   1.6387839293815240E-004
           7          33  -1.2832730420798982E-004
           7          34  -1.0079735204213572E-005
           7          35   6.2895646223963611E-006
           7          36   1.2911216264222426E-005
           7          37   2.1747537505554230E-004
           7          38   2.7678852939176375E-004
           7          39  -3.1454387825466954E-004
           7          40  -1.4959412437104381E-004
           7          41   1.5425582761236463E-005
           7          42   3.1659667717597200E-005
           7          43   4.0816100702473473E-004
           7          44  -7.0101255377148585E-005
           7          45  -8.0592933544141747E-005
           7          46  -1.7935035853384473E-004
           7          47   3.9520334476111202E-006
           7          48   8.1115196341921961E-006
           7          49  -3.6440684651339105E-005
           7          50  -3.5047400753309860E-009
           7          51   8.7042584762808398E-010
           7          52  -1.4883466031214435E-009
           7          53   1.2625195109600388E-009
           7          54  -2.7130954003284294E-009
           7          55   2.2158618142332973E-010
           7          56  -2.3753369012430457E-009
           7          57  -1.6566700550124753E-009
           7          58   6.1660602208516801E-010
           7          59  -6.2731043162212363E-009
           7          60  -5.8144660890025937E-009
           7          61   1.3301707780458629E-009
           7          62  -2.4931392188087265E-009
           7          63   2.1187055029646689E-009
           7          64  -4.4671171591242287E-009
           7          65   2.7677665805620917E-010
           7          66  -4.0412453639480461E-009
           7          67  -2.6933980074355514E-009
           7          68   1.0279528049556136E-009
           7          69  -1.0201079407908090E-008
           8           1   1.7065352189740175E-009
           8           2   3.2022169384337419E-008
           8           3   4.3701623506166791E-008
           8           4  -3.1874765243110553E-008
           8           5   8.3109558579762864E-008
           8           6  -1.4027551896791070E-008
           8           7  -1.1220728638999641E-008
           8           8   1.9997323857221083     
           8           9   2.5912166682499717E-005
           8          10  -1.2781307848693270E-006
           8          11   1.8612822027941312E-004
           8          12  -2.3719849369211406E-004
           8          13   1.1602573072521031E-005
           8          14   1.8714638190790959E-003
           8          15  -1.7460498333261000E-004
           8          16   8.5914402652056870E-006
           8          17  -8.2108909935269935E-003
           8          18   1.2849841717780634E-003
           8          19  -6.3104483721286236E-005
           8          20   2.7112827304033821E-003
           8          21  -1.9660310526335654E-004
           8          22   9.6682029184167087E-006
           8          23  -1.1739812844920586E-005
           8          24   1.4945926278510491E-005
           8          25  -7.3255677353870669E-007
           8          26  -8.1584802950945876E-009
           8          27   9.7940761221414220E-011
           8          28  -4.1884009988073218E-009
           8          29   5.5497726189429476E-009
           8          30  -1.9564995692603284E-009
           8          31  -5.5310459826382844E-009
           8          32  -1.0570832138058486E-008
           8          33  -1.7378535310782956E-009
           8          34  -1.3255721027160830E-008
           8          35  -2.9993501672232057E-009
           8          36  -9.2143370720051865E-010
           8          37  -1.3449104516644244E-008
           8          38  -1.6030935779125411E-008
           8          39   2.6215498964471210E-009
           8          40  -5.7929306171099344E-009
           8          41   3.8983134207284118E-009
           8          42   1.2387618734490061E-009
           8          43  -7.4736970427481554E-009
           8          44   6.9801879739879630E-009
           8          45  -1.5519484020116326E-009
           8          46   2.5332419852141660E-009
           8          47  -1.6833280179733245E-009
           8          48   1.9054357699736245E-009
           8          49   1.6669472871265057E-009
           8          50   1.8627332539433066E-003
           8          51  -4.7459597573275172E-005
           8          52   8.3630237396498022E-004
           8          53  -1.2490368691545290E-004
           8          54   2.3410724377870234E-006
           8          55  -2.7970740140270567E-007
           8          56   2.9564539075922346E-006
           8          57   8.3139310427457914E-004
           8          58  -5.3769893310647371E-005
           8          59   5.9180840734494021E-006
           8          60   4.8187334817038744E-004
           8          61  -1.9864586161990797E-005
           8          62   2.1601316265370852E-004
           8          63  -5.6115793249104505E-005
           8          64   9.8005964355212888E-007
           8          65  -7.8003692662361894E-008
           8          66   1.4620060838858386E-006
           8          67   2.1465515139955902E-004
           8          68  -2.2834896605336388E-005
           8          69   2.5172986843935500E-006
           9           1  -9.7764930845453633E-010
           9           2  -1.7995576401390760E-008
           9           3  -2.4969102489814652E-008
           9           4   2.0699549076352581E-008
           9           5  -4.9772768031059875E-008
           9           6   6.6864775931516223E-009
           9           7   5.3583403687287869E-009
           9           8   2.5912166682499717E-005
           9           9   1.9997729305566891     
           9          10  -2.6113517496851542E-006
           9          11  -2.3720266055615139E-004
           9          12  -1.8525920670291762E-004
           9          13   2.3857101573956964E-005
           9          14  -1.7460274089546834E-004
           9          15   1.5982730512792208E-003
           9          16   1.7589448202532428E-005
           9          17   1.2849835486281533E-003
           9          18  -6.1998490518228094E-003
           9          19  -1.2937617066246344E-004
           9          20  -1.9659631957146705E-004
           9          21   2.4036292782345838E-003
           9          22   1.9798686362298952E-005
           9          23   1.4945281132220659E-005
           9          24   1.1658946928394226E-005
           9          25  -1.5028354043882836E-006
           9          26   2.3871725007905776E-009
           9          27  -1.1930201858415748E-009
           9          28   3.1494546926153438E-009
           9          29  -8.1025028336591258E-009
           9          30   2.8726266689763277E-009
           9          31   2.8254533637254478E-009
           9          32   6.5614624655498591E-009
           9          33   1.1737401632726588E-009
           9          34   7.4688939722763650E-009
           9          35   1.4586584894626723E-009
           9          36   2.2239580892890580E-010
           9          37   7.8992815361345137E-009
           9          38   9.5514260183545595E-009
           9          39  -1.5796961578577626E-009
           9          40   4.4763696723431511E-009
           9          41  -2.2508407467323027E-009
           9          42  -5.0515878844954778E-010
           9          43   5.1746427359071819E-009
           9          44  -3.1985034986428819E-009
           9          45   8.6192554927610774E-010
           9          46  -1.0261500843215333E-009
           9          47   8.9179287313710361E-010
           9          48  -1.0648196184534481E-009
           9          49  -6.5024007249394667E-010
           9          50  -1.2131339367251422E-004
           9          51   7.4610002645834569E-004
           9          52  -5.2275496126625978E-005
           9          53   1.6791875244815701E-003
           9          54   5.5661069207105010E-006
           9          55   1.3629806490316372E-007
           9          56   5.2676310332600184E-006
           9          57  -5.3768516998565904E-005
           9          58   7.4726860269430911E-004
           9          59   1.2111648912512508E-005
           9          60  -5.2230024137796586E-005
           9          61   1.7674179565658690E-004
           9          62  -2.5077854004203947E-005
           9          63   4.0020244204595442E-004
           9          64   2.4631095601835505E-006
           9          65   2.5843533547474894E-007
           9          66   2.5265416324440089E-006
           9          67  -2.2834034428082969E-005
           9          68   1.7893621443931899E-004
           9          69   5.1441485135684494E-006
          10           1  -2.9163224199589559E-009
          10           2  -4.8126330102465976E-008
          10           3  -7.3779314775292012E-008
          10           4   1.0465318297831944E-007
          10           5  -1.8589704213378852E-007
          10           6  -2.9435183667475802E-009
          10           7  -2.1457514224054773E-009
          10           8  -1.2781307848693270E-006
          10           9  -2.6113517496851542E-006
          10          10   1.9997198931574831     
          10          11   1.1559841302276495E-005
          10          12   2.3838529912216027E-005
          10          13   3.0055588864441623E-004
          10          14   8.6427136439822159E-006
          10          15   1.7608073006505685E-005
          10          16   1.9556391718324193E-003
          10          17  -6.3268325699702212E-005
          10          18  -1.2943149421875064E-004
          10          19  -8.8304958931957264E-003
          10          20   9.7300043967849110E-006
          10          21   1.9813244341018513E-005
          10          22   2.8060766717930815E-003
          10          23  -7.3347062849039504E-007
          10          24  -1.5026246589674909E-006
          10          25  -1.8950986779054674E-005
          10          26   3.4852371784400119E-009
          10          27  -6.6173090132185843E-009
          10          28  -3.9880938251685534E-010
          10          29   1.7631677204274318E-008
          10          30  -7.2650821298349676E-009
          10          31  -1.2065099789125867E-008
          10          32   2.5788044274235549E-008
          10          33   4.6392958848254083E-009
          10          34   2.3788972010016396E-008
          10          35   3.3084633496137916E-009
          10          36   8.5525288385450328E-011
          10          37   2.7115807711163090E-008
          10          38   3.6853872274027122E-008
          10          39  -5.2466140950744381E-009
          10          40   3.1720163384646249E-008
          10          41  -7.8237227947886137E-009
          10          42  -4.9068894260508139E-010
          10          43   3.1255564092513824E-008
          10          44   3.6218169769029357E-009
          10          45   1.7889068805140073E-009
          10          46   4.7294042528676899E-009
          10          47   2.0665314508910803E-009
          10          48  -1.9883687748403834E-009
          10          49   3.2094303560028198E-009
          10          50   6.0155395584385089E-006
          10          51   5.5742517636482180E-006
          10          52   2.9754201083319611E-006
          10          53   1.2599426274804445E-005
          10          54   8.5918014111193851E-004
          10          55   4.4820516782496342E-006
          10          56   8.6525943257034169E-004
          10          57   2.2850994791685738E-006
          10          58   4.6382406226791918E-006
          10          59   1.9170092291723858E-003
          10          60   2.5918479446532273E-006
          10          61   2.4655528747253551E-006
          10          62   1.4707754879678962E-006
          10          63   5.6642424656375322E-006
          10          64   2.2674929286635844E-004
          10          65   2.6204387856764616E-006
          10          66   2.3030101103148527E-004
          10          67   9.0563656725185735E-007
          10          68   1.8486338891472708E-006
          10          69   5.0458109532966911E-004
          11           1   1.3492519415885414E-010
          11           2   1.1317115689458063E-009
          11           3   1.1716219061393237E-009
          11           4  -7.9319928659029424E-009
          11           5   9.4748577384105617E-009
          11           6   2.7928422182403664E-008
          11           7  -4.1622848548181243E-010
          11           8   1.8612822027941312E-004
          11           9  -2.3720266055615139E-004
          11          10   1.1559841302276495E-005
          11          11   2.0459901544171544     
          11          12  -8.5749554885855631E-003
          11          13   4.2043574451759610E-004
          11          14  -2.7315088781397850E-002
          11          15   6.3737129361598555E-003
          11          16  -3.1248449206502254E-004
          11          17   7.1863701364633339E-002
          11          18  -2.7661467708887250E-003
          11          19   1.3568742477730256E-004
          11          20  -3.4183126229426118E-002
          11          21   1.5598495404540124E-003
          11          22  -7.6531493960838571E-005
          11          23  -1.2118485053354722E-003
          11          24   5.9111646934993569E-004
          11          25  -2.8985170641800164E-005
          11          26  -3.1462579651455214E-008
          11          27  -1.6760294109920356E-008
          11          28   2.3236272259201579E-008
          11          29   9.4464654730703899E-008
          11          30  -3.2252591601170156E-008
          11          31   4.2950569577294483E-009
          11          32   1.0548847799631509E-009
          11          33  -1.2168222558538857E-009
          11          34  -3.0959549384190386E-009
          11          35   6.9123618156265174E-010
          11          36  -1.3601155946425444E-009
          11          37  -5.6286070282339705E-009
          11          38  -1.0731700462164178E-008
          11          39   2.0488593498841936E-009
          11          40  -7.7077596381237417E-009
          11          41   4.4957575311663840E-010
          11          42  -3.7102617649467735E-010
          11          43  -9.1313086326178210E-009
          11          44  -1.3477199536189652E-009
          11          45  -2.1476729430626391E-010
          11          46  -2.4396736054030966E-009
          11          47   2.8115481630816355E-010
          11          48   8.0757956699801511E-010
          11          49  -1.0780767412395116E-009
          11          50  -2.6304770751057079E-002
          11          51   1.9603259036966407E-003
          11          52  -1.1224142136597733E-002
          11          53   2.7318053229920562E-003
          11          54  -9.6108695493793330E-005
          11          55  -4.0506864812525311E-005
          11          56  -5.7570259780730774E-005
          11          57  -1.1937591315588678E-002
          11          58   1.2458506052596015E-003
          11          59  -1.3663514883354379E-004
          11          60  -8.1286122158833862E-003
          11          61   1.0523911188593778E-003
          11          62  -3.9249995772120431E-003
          11          63   3.0586963823366307E-003
          11          64  -5.1611237880266508E-005
          11          65   2.1055340727649458E-005
          11          66  -6.4375992756115981E-005
          11          67  -3.5541678028642412E-003
          11          68   1.3950078200347434E-003
          11          69  -1.5296658308219211E-004
          12           1  -6.3475427234157176E-011
          12           2  -5.6240015974136857E-010
          12           3   2.3742069419710178E-010
          12           4   3.6180630618520055E-009
          12           5  -4.8347146886755020E-009
          12           6  -1.5184275828190826E-008
          12           7   4.4461248751439015E-010
          12           8  -2.3719849369211406E-004
          12           9  -1.8525920670291762E-004
          12          10   2.3838529912216027E-005
          12          11  -8.5749554885855631E-003
          12          12   2.0325677274358709     
          12          13   8.6296934546076362E-004
          12          14   6.3737167147210746E-003
          12          15  -1.7338251752034621E-002
          12          16  -6.4143081795413359E-004
          12          17  -2.7661147732022449E-003
          12          18   6.7533674087987244E-002
          12          19   2.7839435560419144E-004
          12          20   1.5598456008884874E-003
          12          21  -3.1741548868463650E-002
          12          22  -1.5702301145104143E-004
          12          23   5.9111968441984543E-004
          12          24  -2.8657930059426809E-004
          12          25  -5.9492398173804331E-005
