           1           1   2.4507849256288013E-005
           1           2  -5.0171518843725640E-003
           1           3   2.0395012273636873E-004
           1           4  -6.5394643863212439E-005
           1           5   2.2788037730311996E-019
           1           6  -2.3594941019807033E-018
           1           7   4.2678708129466545E-019
           1           8   2.8575731407963221E-018
           1           9  -2.9109160626679900E-018
           1          10   5.7887672192013224E-018
           1          11  -1.0137144933933977E-017
           1          12  -4.4623696135356638E-018
           1          13  -8.4061629784331841E-018
           1          14  -1.1106895724296533E-005
           1          15   1.5623914779911769E-018
           1          16  -1.1106895724293648E-005
           1          17   1.1790068838131189E-018
           1          18  -6.8041044211023666E-019
           1          19  -1.1106895724291983E-005
           1          20  -4.9365277871778869E-005
           1          21   2.6670836930061286E-018
           1          22  -4.9365277871764443E-005
           1          23   1.9441048363810279E-018
           1          24  -5.9033070990870061E-018
           1          25  -4.9365277871778869E-005
           2           1  -5.0171518843725640E-003
           2           2   1.0270918825896076     
           2           3  -4.1751878424919384E-002
           2           4   1.3387337960796757E-002
           2           5  -4.6650787363747899E-017
           2           6   4.8302648494874191E-016
           2           7  -8.7370196656241172E-017
           2           8  -5.8499129475428208E-016
           2           9   5.9591145091273050E-016
           2          10  -1.1850539824321144E-015
           2          11   2.0752370098080121E-015
           2          12   9.1351900695949921E-016
           2          13   1.7208770947849715E-015
           2          14   2.2737606319488232E-003
           2          15  -3.1984672608184371E-016
           2          16   2.2737606319482326E-003
           2          17  -2.4136171831942900E-016
           2          18   1.3929098780074630E-016
           2          19   2.2737606319478917E-003
           2          20   1.0105868299864167E-002
           2          21  -5.4599503351816207E-016
           2          22   1.0105868299861213E-002
           2          23  -3.9798960493297168E-016
           2          24   1.2085021425784733E-015
           2          25   1.0105868299864167E-002
           3           1   2.0395012273636873E-004
           3           2  -4.1751878424919384E-002
           3           3   1.6972379799303529E-003
           3           4  -5.4420302257985145E-004
           3           5   1.8963814586160333E-018
           3           6  -1.9635305679515534E-017
           3           7   3.5516489718089312E-018
           3           8   2.3780234107814672E-017
           3           9  -2.4224144764726024E-017
           3          10   4.8173129045400194E-017
           3          11  -8.4359583407415439E-017
           3          12  -3.7135075414344455E-017
           3          13  -6.9954648131903750E-017
           3          14  -9.2429683343556889E-005
           3          15   1.3001954205214504E-017
           3          16  -9.2429683343532874E-005
           3          17   9.8114932953169863E-018
           3          18  -5.6622591288334006E-018
           3          19  -9.2429683343519010E-005
           3          20  -4.1080938500880792E-004
           3          21   2.2195013558654275E-017
           3          22  -4.1080938500868784E-004
           3          23   1.6178507377204795E-017
           3          24  -4.9126310302417293E-017
           3          25  -4.1080938500880792E-004
           4           1  -6.5394643863212439E-005
           4           2   1.3387337960796757E-002
           4           3  -5.4420302257985145E-004
           4           4   1.7449346131012179E-004
           4           5  -6.0805646229150620E-019
           4           6   6.2958717789889235E-018
           4           7  -1.1388020586720291E-018
           4           8  -7.6249031851504248E-018
           4           9   7.7672388647093263E-018
           4          10  -1.5446250168589677E-017
           4          11   2.7049088470066204E-017
           4          12   1.1907004511557224E-017
           4          13   2.2430284619517048E-017
           4          14   2.9636688340975211E-005
           4          15  -4.1689514738604296E-018
           4          16   2.9636688340967510E-005
           4          17  -3.1459608908543032E-018
           4          18   1.8155488911861026E-018
           4          19   2.9636688340963065E-005
           4          20   1.3172207531859335E-004
           4          21  -7.1166174735944168E-018
           4          22   1.3172207531855486E-004
           4          23  -5.1874826745666911E-018
           4          24   1.5751878564412199E-017
           4          25   1.3172207531859335E-004
           5           1   2.2788037730311996E-019
           5           2  -4.6650787363747899E-017
           5           3   1.8963814586160333E-018
           5           4  -6.0805646229150620E-019
           5           5   2.1188912097820532E-033
           5           6  -2.1939191831200568E-032
           5           7   3.9683776449119655E-033
           5           8   2.6570460699600230E-032
           5           9  -2.7066457106116715E-032
           5          10   5.3825468087252686E-032
           5          11  -9.4257818716123817E-032
           5          12  -4.1492277048243255E-032
           5          13  -7.8162696822748932E-032
           5          14  -1.0327481460535386E-019
           5          15   1.4527523642592154E-032
           5          16  -1.0327481460532703E-019
           5          17   1.0962713648051984E-032
           5          18  -6.3266338325988125E-033
           5          19  -1.0327481460531153E-019
           5          20  -4.5901123470506328E-019
           5          21   2.4799240108974358E-032
           5          22  -4.5901123470492914E-019
           5          23   1.8076794050692220E-032
           5          24  -5.4890489777718111E-032
           5          25  -4.5901123470506328E-019
           6           1  -2.3594941019807033E-018
           6           2   4.8302648494874191E-016
           6           3  -1.9635305679515534E-017
           6           4   6.2958717789889235E-018
           6           5  -2.1939191831200568E-032
           6           6   2.2716038274363624E-031
           6           7  -4.1088942182796981E-032
           6           8  -2.7511296079795669E-031
           6           9   2.8024855259234171E-031
           6          10  -5.5731378011231903E-031
           6          11   9.7595400691490600E-031
           6          12   4.2961480111494835E-031
           6          13   8.0930365453479086E-031
           6          14   1.0693168004560208E-018
           6          15  -1.5041929786471399E-031
           6          16   1.0693168004557429E-018
           6          17  -1.1350893174920100E-031
           6          18   6.5506540712595588E-032
           6          19   1.0693168004555825E-018
           6          20   4.7526439698177963E-018
           6          21  -2.5677358210134565E-031
           6          22   4.7526439698164073E-018
           6          23  -1.8716876569233328E-031
           6          24   5.6834111132386988E-031
           6          25   4.7526439698177963E-018
           7           1   4.2678708129466545E-019
           7           2  -8.7370196656241172E-017
           7           3   3.5516489718089312E-018
           7           4  -1.1388020586720291E-018
           7           5   3.9683776449119655E-033
           7           6  -4.1088942182796981E-032
           7           7   7.4321990010317051E-033
           7           8   4.9762640841834961E-032
           7           9  -5.0691570577580644E-032
           7          10   1.0080733890360827E-031
           7          11  -1.7653130039163495E-031
           7          12  -7.7709050806661658E-032
           7          13  -1.4638745835815377E-031
           7          14  -1.9341883324178263E-019
           7          15   2.7207956592128500E-032
           7          16  -1.9341883324173236E-019
           7          17   2.0531581596855831E-032
           7          18  -1.1848872727831676E-032
           7          19  -1.9341883324170335E-019
           7          20  -8.5966184302325412E-019
           7          21   4.6445400124804262E-032
           7          22  -8.5966184302300288E-019
           7          23   3.3855228183151156E-032
           7          24  -1.0280197093015013E-031
           7          25  -8.5966184302325412E-019
           8           1   2.8575731407963221E-018
           8           2  -5.8499129475428208E-016
           8           3   2.3780234107814672E-017
           8           4  -7.6249031851504248E-018
           8           5   2.6570460699600230E-032
           8           6  -2.7511296079795669E-031
           8           7   4.9762640841834961E-032
           8           8   3.3318812147114322E-031
           8           9  -3.3940781456612036E-031
           8          10   6.7496031785276945E-031
           8          11  -1.1819736927807721E-030
           8          12  -5.2030463459267022E-031
           8          13  -9.8014416904265576E-031
           8          14  -1.2950449697756334E-018
           8          15   1.8217216354760933E-031
           8          16  -1.2950449697752969E-018
           8          17   1.3747017817705585E-031
           8          18  -7.9334689215648149E-032
           8          19  -1.2950449697751028E-018
           8          20  -5.7559066346121388E-018
           8          21   3.1097737894869526E-031
           8          22  -5.7559066346104563E-018
           8          23   2.2667928569494086E-031
           8          24  -6.8831547117073707E-031
           8          25  -5.7559066346121388E-018
           9           1  -2.9109160626679900E-018
           9           2   5.9591145091273050E-016
           9           3  -2.4224144764726024E-017
           9           4   7.7672388647093263E-018
           9           5  -2.7066457106116715E-032
           9           6   2.8024855259234171E-031
           9           7  -5.0691570577580644E-032
           9           8  -3.3940781456612036E-031
           9           9   3.4574361198686068E-031
           9          10  -6.8755994478363536E-031
           9          11   1.2040378455572085E-030
           9          12   5.3001727119199421E-031
           9          13   9.9844072743543358E-031
           9          14   1.3192198479814761E-018
           9          15  -1.8557280983329104E-031
           9          16   1.3192198479811332E-018
           9          17  -1.4003636305242862E-031
           9          18   8.0815646629519993E-032
           9          19   1.3192198479809354E-018
           9          20   5.8633533604814782E-018
           9          21  -3.1678245941795446E-031
           9          22   5.8633533604797649E-018
           9          23  -2.3091075583795218E-031
           9          24   7.0116440157168884E-031
           9          25   5.8633533604814782E-018
          10           1   5.7887672192013224E-018
          10           2  -1.1850539824321144E-015
          10           3   4.8173129045400194E-017
          10           4  -1.5446250168589677E-017
          10           5   5.3825468087252686E-032
          10           6  -5.5731378011231903E-031
          10           7   1.0080733890360827E-031
          10           8   6.7496031785276945E-031
          10           9  -6.8755994478363536E-031
          10          10   1.3673099408958601E-030
          10          11  -2.3943991035767345E-030
          10          12  -1.0540141106901769E-030
          10          13  -1.9855402316191689E-030
          10          14  -2.6234547635549369E-018
          10          15   3.6903771019541080E-031
          10          16  -2.6234547635542555E-018
          10          17   2.7848206216948994E-031
          10          18  -1.6071331358786816E-031
          10          19  -2.6234547635538619E-018
          10          20  -1.1660105271685522E-017
          10          21   6.2996660749327251E-031
          10          22  -1.1660105271682114E-017
          10          23   4.5919861142632895E-031
          10          24  -1.3943643223325904E-030
          10          25  -1.1660105271685522E-017
          11           1  -1.0137144933933977E-017
          11           2   2.0752370098080121E-015
          11           3  -8.4359583407415439E-017
          11           4   2.7049088470066204E-017
          11           5  -9.4257818716123817E-032
          11           6   9.7595400691490600E-031
          11           7  -1.7653130039163495E-031
          11           8  -1.1819736927807721E-030
          11           9   1.2040378455572085E-030
          11          10  -2.3943991035767345E-030
          11          11   4.1930120565441935E-030
          11          12   1.8457632511179165E-030
          11          13   3.4770285862103432E-030
          11          14   4.5941286216454762E-018
          11          15  -6.4624964395340615E-031
          11          16   4.5941286216442829E-018
          11          17  -4.8767084921794855E-031
          11          18   2.8143715077176276E-031
          11          19   4.5941286216435935E-018
          11          20   2.0418885853957668E-017
          11          21  -1.1031818281646308E-030
          11          22   2.0418885853951699E-017
          11          23  -8.0413716793610739E-031
          11          24   2.4417760623206218E-030
          11          25   2.0418885853957668E-017
          12           1  -4.4623696135356638E-018
          12           2   9.1351900695949921E-016
          12           3  -3.7135075414344455E-017
          12           4   1.1907004511557224E-017
          12           5  -4.1492277048243255E-032
          12           6   4.2961480111494835E-031
          12           7  -7.7709050806661658E-032
          12           8  -5.2030463459267022E-031
          12           9   5.3001727119199421E-031
          12          10  -1.0540141106901769E-030
          12          11   1.8457632511179165E-030
          12          12   8.1250469429492641E-031
          12          13   1.5305874395226398E-030
          12          14   2.0223347003039682E-018
          12          15  -2.8447899213539090E-031
          12          16   2.0223347003034428E-018
          12          17  -2.1467263150915502E-031
          12          18   1.2388858972706770E-031
          12          19   2.0223347003031392E-018
          12          20   8.9883903575199060E-018
          12          21  -4.8562046811894122E-031
          12          22   8.9883903575172790E-018
          12          23  -3.5398105548444181E-031
          12          24   1.0748694405151212E-030
          12          25   8.9883903575199060E-018
          13           1  -8.4061629784331841E-018
          13           2   1.7208770947849715E-015
          13           3  -6.9954648131903750E-017
          13           4   2.2430284619517048E-017
          13           5  -7.8162696822748932E-032
          13           6   8.0930365453479086E-031
          13           7  -1.4638745835815377E-031
          13           8  -9.8014416904265576E-031
          13           9   9.9844072743543358E-031
          13          10  -1.9855402316191689E-030
          13          11   3.4770285862103432E-030
          13          12   1.5305874395226398E-030
          13          13   2.8833038460872051E-030
          13          14   3.8096519472815113E-018
          13          15  -5.3589840800653698E-031
          13          16   3.8096519472805214E-018
          13          17  -4.0439795081099816E-031
          13          18   2.3337996773172299E-031
          13          19   3.8096519472799498E-018
          13          20   1.6932231258903488E-017
          13          21  -9.1480651631552948E-031
          13          22   1.6932231258898539E-017
          13          23  -6.6682563332586570E-031
          13          24   2.0248272734064927E-030
          13          25   1.6932231258903488E-017
          14           1  -1.1106895724296533E-005
          14           2   2.2737606319488232E-003
          14           3  -9.2429683343556889E-005
          14           4   2.9636688340975211E-005
          14           5  -1.0327481460535386E-019
          14           6   1.0693168004560208E-018
          14           7  -1.9341883324178263E-019
          14           8  -1.2950449697756334E-018
          14           9   1.3192198479814761E-018
          14          10  -2.6234547635549369E-018
          14          11   4.5941286216454762E-018
          14          12   2.0223347003039682E-018
          14          13   3.8096519472815113E-018
          14          14   5.0336172440241852E-006
          14          15  -7.0807189342105083E-019
          14          16   5.0336172440228774E-006
          14          17  -5.3432295832243550E-019
          14          18   3.0836030331392416E-019
          14          19   5.0336172440221218E-006
          14          20   2.2372219936112683E-005
          14          21  -1.2087156305072491E-018
          14          22   2.2372219936106144E-005
          14          23  -8.8106342865824967E-019
          14          24   2.6753639494186184E-018
          14          25   2.2372219936112683E-005
          15           1   1.5623914779911769E-018
          15           2  -3.1984672608184371E-016
          15           3   1.3001954205214504E-017
          15           4  -4.1689514738604296E-018
          15           5   1.4527523642592154E-032
          15           6  -1.5041929786471399E-031
          15           7   2.7207956592128500E-032
          15           8   1.8217216354760933E-031
          15           9  -1.8557280983329104E-031
          15          10   3.6903771019541080E-031
          15          11  -6.4624964395340615E-031
          15          12  -2.8447899213539090E-031
          15          13  -5.3589840800653698E-031
          15          14  -7.0807189342105083E-019
          15          15   9.9603482336302777E-032
          15          16  -7.0807189342086690E-019
          15          17   7.5162462788933972E-032
          15          18  -4.3376612332332264E-032
          15          19  -7.0807189342076069E-019
          15          20  -3.1470688696089854E-018
          15          21   1.7002833620632260E-031
          15          22  -3.1470688696080660E-018
          15          23   1.2393795950510941E-031
          15          24  -3.7633970272654285E-031
          15          25  -3.1470688696089854E-018
          16           1  -1.1106895724293648E-005
          16           2   2.2737606319482326E-003
          16           3  -9.2429683343532874E-005
          16           4   2.9636688340967510E-005
          16           5  -1.0327481460532703E-019
          16           6   1.0693168004557429E-018
          16           7  -1.9341883324173236E-019
          16           8  -1.2950449697752969E-018
          16           9   1.3192198479811332E-018
          16          10  -2.6234547635542555E-018
          16          11   4.5941286216442829E-018
          16          12   2.0223347003034428E-018
          16          13   3.8096519472805214E-018
          16          14   5.0336172440228774E-006
          16          15  -7.0807189342086690E-019
          16          16   5.0336172440215695E-006
          16          17  -5.3432295832229674E-019
          16          18   3.0836030331384404E-019
          16          19   5.0336172440208140E-006
          16          20   2.2372219936106872E-005
          16          21  -1.2087156305069350E-018
          16          22   2.2372219936100333E-005
          16          23  -8.8106342865802087E-019
          16          24   2.6753639494179232E-018
          16          25   2.2372219936106872E-005
          17           1   1.1790068838131189E-018
          17           2  -2.4136171831942900E-016
          17           3   9.8114932953169863E-018
          17           4  -3.1459608908543032E-018
          17           5   1.0962713648051984E-032
          17           6  -1.1350893174920100E-031
          17           7   2.0531581596855831E-032
          17           8   1.3747017817705585E-031
          17           9  -1.4003636305242862E-031
          17          10   2.7848206216948994E-031
          17          11  -4.8767084921794855E-031
          17          12  -2.1467263150915502E-031
          17          13  -4.0439795081099816E-031
          17          14  -5.3432295832243550E-019
          17          15   7.5162462788933972E-032
          17          16  -5.3432295832229674E-019
          17          17   5.6718858417250649E-032
          17          18  -3.2732721124456604E-032
          17          19  -5.3432295832221653E-019
          17          20  -2.3748310928280154E-018
          17          21   1.2830624184425934E-031
          17          22  -2.3748310928273213E-018
          17          23   9.3525668490045841E-032
          17          24  -2.8399226853007869E-031
          17          25  -2.3748310928280154E-018
          18           1  -6.8041044211023666E-019
          18           2   1.3929098780074630E-016
          18           3  -5.6622591288334006E-018
          18           4   1.8155488911861026E-018
          18           5  -6.3266338325988125E-033
          18           6   6.5506540712595588E-032
          18           7  -1.1848872727831676E-032
          18           8  -7.9334689215648149E-032
          18           9   8.0815646629519993E-032
          18          10  -1.6071331358786816E-031
          18          11   2.8143715077176276E-031
          18          12   1.2388858972706770E-031
          18          13   2.3337996773172299E-031
          18          14   3.0836030331392416E-019
          18          15  -4.3376612332332264E-032
          18          16   3.0836030331384404E-019
          18          17  -3.2732721124456604E-032
          18          18   1.8890207985666706E-032
          18          19   3.0836030331379777E-019
          18          20   1.3705262420370836E-018
          18          21  -7.4046138268852770E-032
          18          22   1.3705262420366830E-018
          18          23  -5.3974105087629207E-032
          18          24   1.6389327970799907E-031
          18          25   1.3705262420370836E-018
          19           1  -1.1106895724291983E-005
          19           2   2.2737606319478917E-003
          19           3  -9.2429683343519010E-005
          19           4   2.9636688340963065E-005
          19           5  -1.0327481460531153E-019
          19           6   1.0693168004555825E-018
          19           7  -1.9341883324170335E-019
          19           8  -1.2950449697751028E-018
          19           9   1.3192198479809354E-018
          19          10  -2.6234547635538619E-018
          19          11   4.5941286216435935E-018
          19          12   2.0223347003031392E-018
          19          13   3.8096519472799498E-018
          19          14   5.0336172440221218E-006
          19          15  -7.0807189342076069E-019
          19          16   5.0336172440208140E-006
          19          17  -5.3432295832221653E-019
          19          18   3.0836030331379777E-019
          19          19   5.0336172440200593E-006
          19          20   2.2372219936103514E-005
          19          21  -1.2087156305067538E-018
          19          22   2.2372219936096975E-005
          19          23  -8.8106342865788875E-019
          19          24   2.6753639494175222E-018
          19          25   2.2372219936103514E-005
          20           1  -4.9365277871778869E-005
          20           2   1.0105868299864167E-002
          20           3  -4.1080938500880792E-004
          20           4   1.3172207531859335E-004
          20           5  -4.5901123470506328E-019
          20           6   4.7526439698177963E-018
          20           7  -8.5966184302325412E-019
          20           8  -5.7559066346121388E-018
          20           9   5.8633533604814782E-018
          20          10  -1.1660105271685522E-017
          20          11   2.0418885853957668E-017
          20          12   8.9883903575199060E-018
          20          13   1.6932231258903488E-017
          20          14   2.2372219936112683E-005
          20          15  -3.1470688696089854E-018
          20          16   2.2372219936106872E-005
          20          17  -2.3748310928280154E-018
          20          18   1.3705262420370836E-018
          20          19   2.2372219936103514E-005
          20          20   9.9434700853347793E-005
          20          21  -5.3722106022321479E-018
          20          22   9.9434700853318737E-005
          20          23  -3.9159403363473504E-018
          20          24   1.1890818825487320E-017
          20          25   9.9434700853347793E-005
          21           1   2.6670836930061286E-018
          21           2  -5.4599503351816207E-016
          21           3   2.2195013558654275E-017
          21           4  -7.1166174735944168E-018
          21           5   2.4799240108974358E-032
          21           6  -2.5677358210134565E-031
          21           7   4.6445400124804262E-032
          21           8   3.1097737894869526E-031
          21           9  -3.1678245941795446E-031
          21          10   6.2996660749327251E-031
          21          11  -1.1031818281646308E-030
          21          12  -4.8562046811894122E-031
          21          13  -9.1480651631552948E-031
          21          14  -1.2087156305072491E-018
          21          15   1.7002833620632260E-031
          21          16  -1.2087156305069350E-018
          21          17   1.2830624184425934E-031
          21          18  -7.4046138268852770E-032
          21          19  -1.2087156305067538E-018
          21          20  -5.3722106022321479E-018
          21          21   2.9024723267685886E-031
          21          22  -5.3722106022305779E-018
          21          23   2.1156855717463013E-031
          21          24  -6.4243148936223574E-031
          21          25  -5.3722106022321479E-018
          22           1  -4.9365277871764443E-005
          22           2   1.0105868299861213E-002
          22           3  -4.1080938500868784E-004
          22           4   1.3172207531855486E-004
          22           5  -4.5901123470492914E-019
          22           6   4.7526439698164073E-018
          22           7  -8.5966184302300288E-019
          22           8  -5.7559066346104563E-018
          22           9   5.8633533604797649E-018
          22          10  -1.1660105271682114E-017
          22          11   2.0418885853951699E-017
          22          12   8.9883903575172790E-018
          22          13   1.6932231258898539E-017
          22          14   2.2372219936106144E-005
          22          15  -3.1470688696080660E-018
          22          16   2.2372219936100333E-005
          22          17  -2.3748310928273213E-018
          22          18   1.3705262420366830E-018
          22          19   2.2372219936096975E-005
          22          20   9.9434700853318737E-005
          22          21  -5.3722106022305779E-018
          22          22   9.9434700853289680E-005
          22          23  -3.9159403363462057E-018
          22          24   1.1890818825483846E-017
          22          25   9.9434700853318737E-005
          23           1   1.9441048363810279E-018
          23           2  -3.9798960493297168E-016
          23           3   1.6178507377204795E-017
          23           4  -5.1874826745666911E-018
          23           5   1.8076794050692220E-032
          23           6  -1.8716876569233328E-031
          23           7   3.3855228183151156E-032
          23           8   2.2667928569494086E-031
          23           9  -2.3091075583795218E-031
          23          10   4.5919861142632895E-031
          23          11  -8.0413716793610739E-031
          23          12  -3.5398105548444181E-031
          23          13  -6.6682563332586570E-031
          23          14  -8.8106342865824967E-019
          23          15   1.2393795950510941E-031
          23          16  -8.8106342865802087E-019
          23          17   9.3525668490045841E-032
          23          18  -5.3974105087629207E-032
          23          19  -8.8106342865788875E-019
          23          20  -3.9159403363473504E-018
          23          21   2.1156855717463013E-031
          23          22  -3.9159403363462057E-018
          23          23   1.5421767839829440E-031
          23          24  -4.6828457944072454E-031
          23          25  -3.9159403363473504E-018
          24           1  -5.9033070990870061E-018
          24           2   1.2085021425784733E-015
          24           3  -4.9126310302417293E-017
          24           4   1.5751878564412199E-017
          24           5  -5.4890489777718111E-032
          24           6   5.6834111132386988E-031
          24           7  -1.0280197093015013E-031
          24           8  -6.8831547117073707E-031
          24           9   7.0116440157168884E-031
          24          10  -1.3943643223325904E-030
          24          11   2.4417760623206218E-030
          24          12   1.0748694405151212E-030
          24          13   2.0248272734064927E-030
          24          14   2.6753639494186184E-018
          24          15  -3.7633970272654285E-031
          24          16   2.6753639494179232E-018
          24          17  -2.8399226853007869E-031
          24          18   1.6389327970799907E-031
          24          19   2.6753639494175222E-018
          24          20   1.1890818825487320E-017
          24          21  -6.4243148936223574E-031
          24          22   1.1890818825483846E-017
          24          23  -4.6828457944072454E-031
          24          24   1.4219540173313976E-030
          24          25   1.1890818825487320E-017
          25           1  -4.9365277871778869E-005
          25           2   1.0105868299864167E-002
          25           3  -4.1080938500880792E-004
          25           4   1.3172207531859335E-004
          25           5  -4.5901123470506328E-019
          25           6   4.7526439698177963E-018
          25           7  -8.5966184302325412E-019
          25           8  -5.7559066346121388E-018
          25           9   5.8633533604814782E-018
          25          10  -1.1660105271685522E-017
          25          11   2.0418885853957668E-017
          25          12   8.9883903575199060E-018
          25          13   1.6932231258903488E-017
          25          14   2.2372219936112683E-005
          25          15  -3.1470688696089854E-018
          25          16   2.2372219936106872E-005
          25          17  -2.3748310928280154E-018
          25          18   1.3705262420370836E-018
          25          19   2.2372219936103514E-005
          25          20   9.9434700853347793E-005
          25          21  -5.3722106022321479E-018
          25          22   9.9434700853318737E-005
          25          23  -3.9159403363473504E-018
          25          24   1.1890818825487320E-017
          25          25   9.9434700853347793E-005
