           1           1   2.4508009180097241E-005
           1           2  -5.0171681940929941E-003
           1           3   2.0395038953458406E-004
           1           4  -6.5394757155580222E-005
           1           5   3.3679348006738106E-019
           1           6  -6.2262997139289061E-019
           1           7   6.1063229500941565E-019
           1           8   3.0932184438970822E-018
           1           9   1.6996693278880897E-018
           1          10  -2.8351345093309913E-018
           1          11   1.0119107774564586E-018
           1          12   2.4759472264512602E-018
           1          13   4.0215839444377088E-018
           1          14  -1.1106925603213362E-005
           1          15  -8.2637303504663030E-019
           1          16  -1.1106925603210272E-005
           1          17  -2.4921055913545471E-020
           1          18  -7.4589127234045797E-019
           1          19  -1.1106925603211044E-005
           1          20  -4.9365349250313110E-005
           1          21   1.9209958924550847E-018
           1          22  -4.9365349250314073E-005
           1          23   4.7869966980388762E-019
           1          24   4.9597422287419963E-018
           1          25  -4.9365349250310224E-005
           2           1  -5.0171681940929941E-003
           2           2   1.0270918581285793     
           2           3  -4.1751796322027156E-002
           2           4   1.3387317315347542E-002
           2           5  -6.8946829738589660E-017
           2           6   1.2746197645862996E-016
           2           7  -1.2500586670643212E-016
           2           8  -6.3322961404410116E-016
           2           9  -3.4794857589986036E-016
           2          10   5.8039584454466316E-016
           2          11  -2.0715377289957068E-016
           2          12  -5.0686465732565628E-016
           2          13  -8.2328037775885403E-016
           2          14   2.2737593029732218E-003
           2          15   1.6917132996910353E-016
           2          16   2.2737593029725891E-003
           2          17   5.1017252431173342E-018
           2          18   1.5269546948257070E-016
           2          19   2.2737593029727469E-003
           2          20   1.0105849819498912E-002
           2          21  -3.9325754375985164E-016
           2          22   1.0105849819499108E-002
           2          23  -9.7997219611509618E-017
           2          24  -1.0153358756349833E-015
           2          25   1.0105849819498320E-002
           3           1   2.0395038953458406E-004
           3           2  -4.1751796322027156E-002
           3           3   1.6972313452978530E-003
           3           4  -5.4420112614578329E-004
           3           5   2.8027230179198911E-018
           3           6  -5.1813929180592509E-018
           3           7   5.0815508315830177E-018
           3           8   2.5741099650831236E-017
           3           9   1.4144283158840613E-017
           3          10  -2.3593380568445801E-017
           3          11   8.4209041917646959E-018
           3          12   2.0604301132377980E-017
           3          13   3.3466757988657056E-017
           3          14  -9.2429449763166047E-005
           3          15  -6.8768989418979812E-018
           3          16  -9.2429449763140324E-005
           3          17  -2.0738767575247750E-019
           3          18  -6.2071469953513105E-018
           3          19  -9.2429449763146748E-005
           3          20  -4.1080783572124477E-004
           3          21   1.5986115301389648E-017
           3          22  -4.1080783572125274E-004
           3          23   3.9836358559007308E-018
           3          24   4.1273909770056754E-017
           3          25  -4.1080783572122075E-004
           4           1  -6.5394757155580222E-005
           4           2   1.3387317315347542E-002
           4           3  -5.4420112614578329E-004
           4           4   1.7449292727171823E-004
           4           5  -8.9866654115973954E-019
           4           6   1.6613644738671664E-018
           4           7  -1.6293510562222221E-018
           4           8  -8.2536393503590495E-018
           4           9  -4.5352301823149907E-018
           4          10   7.5649936059135116E-018
           4          11  -2.7000830246390876E-018
           4          12  -6.6065736475772822E-018
           4          13  -1.0730798388995908E-017
           4          14   2.9636626020080195E-005
           4          15   2.2050123920583480E-018
           4          16   2.9636626020071945E-005
           4          17   6.6496890365555034E-020
           4          18   1.9902627855543125E-018
           4          19   2.9636626020074008E-005
           4          20   1.3172163444210940E-004
           4          21  -5.1257961820083228E-018
           4          22   1.3172163444211195E-004
           4          23  -1.2773150371880780E-018
           4          24  -1.3234087527038055E-017
           4          25   1.3172163444210170E-004
           5           1   3.3679348006738106E-019
           5           2  -6.8946829738589660E-017
           5           3   2.8027230179198911E-018
           5           4  -8.9866654115973954E-019
           5           5   4.6282767148631916E-033
           5           6  -8.5562933047193142E-033
           5           7   8.3914190731071367E-033
           5           8   4.2507565452306308E-032
           5           9   2.3357162293218343E-032
           5          10  -3.8960929500228091E-032
           5          11   1.3905860315003261E-032
           5          12   3.4024913110318626E-032
           5          13   5.5265331511717140E-032
           5          14  -1.5263337381942672E-019
           5          15  -1.1356167213011228E-032
           5          16  -1.5263337381938423E-019
           5          17  -3.4246964273592881E-034
           5          18  -1.0250172321929609E-032
           5          19  -1.5263337381939485E-019
           5          20  -6.7838752819859459E-019
           5          21   2.6398671840734368E-032
           5          22  -6.7838752819860779E-019
           5          23   6.5783771548153879E-033
           5          24   6.8157671770895662E-032
           5          25  -6.7838752819855492E-019
           6           1  -6.2262997139289061E-019
           6           2   1.2746197645862996E-016
           6           3  -5.1813929180592509E-018
           6           4   1.6613644738671664E-018
           6           5  -8.5562933047193142E-033
           6           6   1.5818015997461512E-032
           6           7  -1.5513213071669785E-032
           6           8  -7.8583719186772405E-032
           6           9  -4.3180376554605807E-032
           6          10   7.2027054725982770E-032
           6          11  -2.5707758381759045E-032
           6          12  -6.2901843207549270E-032
           6          13  -1.0216899617912675E-031
           6          14   2.8217325690442966E-019
           6          15   2.0994141767695310E-032
           6          16   2.8217325690435113E-019
           6          17   6.3312349103950668E-034
           6          18   1.8949489456560724E-032
           6          19   2.8217325690437078E-019
           6          20   1.2541347510381726E-018
           6          21  -4.8803214034067211E-032
           6          22   1.2541347510381971E-018
           6          23  -1.2161443205179919E-032
           6          24  -1.2600306044056605E-031
           6          25   1.2541347510380993E-018
           7           1   6.1063229500941565E-019
           7           2  -1.2500586670643212E-016
           7           3   5.0815508315830177E-018
           7           4  -1.6293510562222221E-018
           7           5   8.3914190731071367E-033
           7           6  -1.5513213071669785E-032
           7           7   1.5214283500892118E-032
           7           8   7.7069461802561406E-032
           7           9   4.2348318658549532E-032
           7          10  -7.0639140020360803E-032
           7          11   2.5212386524026417E-032
           7          12   6.1689765419131915E-032
           7          13   1.0020026577920813E-031
           7          14  -2.7673596095666647E-019
           7          15  -2.0589598249955363E-032
           7          16  -2.7673596095658943E-019
           7          17  -6.2092361132720378E-034
           7          18  -1.8584345064903381E-032
           7          19  -2.7673596095660869E-019
           7          20  -1.2299683864628138E-018
           7          21   4.7862807700680596E-032
           7          22  -1.2299683864628377E-018
           7          23   1.1927100069391991E-032
           7          24   1.2357506305535923E-031
           7          25  -1.2299683864627418E-018
           8           1   3.0932184438970822E-018
           8           2  -6.3322961404410116E-016
           8           3   2.5741099650831236E-017
           8           4  -8.2536393503590495E-018
           8           5   4.2507565452306308E-032
           8           6  -7.8583719186772405E-032
           8           7   7.7069461802561406E-032
           8           8   3.9040300137618611E-031
           8           9   2.1451960764806338E-031
           8          10  -3.5782956872374285E-031
           8          11   1.2771584413100558E-031
           8          12   3.1249562421391566E-031
           8          13   5.0757438269270887E-031
           8          14  -1.4018334528270313E-018
           8          15  -1.0429865170857198E-031
           8          16  -1.4018334528266411E-018
           8          17  -3.1453501272461753E-033
           8          18  -9.4140842848183216E-032
           8          19  -1.4018334528267385E-018
           8          20  -6.2305268317956304E-018
           8          21   2.4245379873686772E-031
           8          22  -6.2305268317957521E-018
           8          23   6.0417908155808558E-032
           8          24   6.2598173626353647E-031
           8          25  -6.2305268317952668E-018
           9           1   1.6996693278880897E-018
           9           2  -3.4794857589986036E-016
           9           3   1.4144283158840613E-017
           9           4  -4.5352301823149907E-018
           9           5   2.3357162293218343E-032
           9           6  -4.3180376554605807E-032
           9           7   4.2348318658549532E-032
           9           8   2.1451960764806338E-031
           9           9   1.1787476505882753E-031
           9          10  -1.9662107723789483E-031
           9          11   7.0177618196702058E-032
           9          12   1.7171086918338163E-031
           9          13   2.7890322831439597E-031
           9          14  -7.7028291593131219E-019
           9          15  -5.7310281334608753E-032
           9          16  -7.7028291593109783E-019
           9          17  -1.7283147743079665E-033
           9          18  -5.1728743376105917E-032
           9          19  -7.7028291593115137E-019
           9          20  -3.4235653073518060E-018
           9          21   1.3322411353005541E-031
           9          22  -3.4235653073518727E-018
           9          23   3.3198581739416332E-032
           9          24   3.4396599407470258E-031
           9          25  -3.4235653073516057E-018
          10           1  -2.8351345093309913E-018
          10           2   5.8039584454466316E-016
          10           3  -2.3593380568445801E-017
          10           4   7.5649936059135116E-018
          10           5  -3.8960929500228091E-032
          10           6   7.2027054725982770E-032
          10           7  -7.0639140020360803E-032
          10           8  -3.5782956872374285E-031
          10           9  -1.9662107723789483E-031
          10          10   3.2797391362685907E-031
          10          11  -1.1705982091195608E-031
          10          12  -2.8642242515132235E-031
          10          13  -4.6522470834987495E-031
          10          14   1.2848709105191057E-018
          10          15   9.5596451430413350E-032
          10          16   1.2848709105187480E-018
          10          17   2.8829165645505770E-033
          10          18   8.6286163469310507E-032
          10          19   1.2848709105188374E-018
          10          20   5.7106803003157749E-018
          10          21  -2.2222456777131365E-031
          10          22   5.7106803003158858E-018
          10          23  -5.5376915501096910E-032
          10          24  -5.7375269638432720E-031
          10          25   5.7106803003154413E-018
          11           1   1.0119107774564586E-018
          11           2  -2.0715377289957068E-016
          11           3   8.4209041917646959E-018
          11           4  -2.7000830246390876E-018
          11           5   1.3905860315003261E-032
          11           6  -2.5707758381759045E-032
          11           7   2.5212386524026417E-032
          11           8   1.2771584413100558E-031
          11           9   7.0177618196702058E-032
          11          10  -1.1705982091195608E-031
          11          11   4.1780767014078273E-032
          11          12   1.0222934325053635E-031
          11          13   1.6604711161635962E-031
          11          14  -4.5859366379811694E-019
          11          15  -3.4120102298728249E-032
          11          16  -4.5859366379798925E-019
          11          17  -1.0289650570635053E-033
          11          18  -3.0797092156508855E-032
          11          19  -4.5859366379802122E-019
          11          20  -2.0382450721399532E-018
          11          21   7.9315966986151400E-032
          11          22  -2.0382450721399929E-018
          11          23   1.9765022588321059E-032
          11          24   2.0478271318527507E-031
          11          25  -2.0382450721398342E-018
          12           1   2.4759472264512602E-018
          12           2  -5.0686465732565628E-016
          12           3   2.0604301132377980E-017
          12           4  -6.6065736475772822E-018
          12           5   3.4024913110318626E-032
          12           6  -6.2901843207549270E-032
          12           7   6.1689765419131915E-032
          12           8   3.1249562421391566E-031
          12           9   1.7171086918338163E-031
          12          10  -2.8642242515132235E-031
          12          11   1.0222934325053635E-031
          12          12   2.5013515472117855E-031
          12          13   4.0628471859956906E-031
          12          14  -1.1220887604371096E-018
          12          15  -8.3485199026259554E-032
          12          16  -1.1220887604367972E-018
          12          17  -2.5176757041321975E-033
          12          18  -7.5354444884300096E-032
          12          19  -1.1220887604368752E-018
          12          20  -4.9871859709588036E-018
          12          21   1.9407061654811893E-031
          12          22  -4.9871859709589014E-018
          12          23   4.8361134151875115E-032
          12          24   5.0106313919367536E-031
          12          25  -4.9871859709585124E-018
          13           1   4.0215839444377088E-018
          13           2  -8.2328037775885403E-016
          13           3   3.3466757988657056E-017
          13           4  -1.0730798388995908E-017
          13           5   5.5265331511717140E-032
          13           6  -1.0216899617912675E-031
          13           7   1.0020026577920813E-031
          13           8   5.0757438269270887E-031
          13           9   2.7890322831439597E-031
          13          10  -4.6522470834987495E-031
          13          11   1.6604711161635962E-031
          13          12   4.0628471859956906E-031
          13          13   6.5991232920270147E-031
          13          14  -1.8225647521880741E-018
          13          15  -1.3560173351651251E-031
          13          16  -1.8225647521875669E-018
          13          17  -4.0893618736579576E-033
          13          18  -1.2239526854660245E-031
          13          19  -1.8225647521876936E-018
          13          20  -8.1004905171098678E-018
          13          21   3.1522128874922774E-031
          13          22  -8.1004905171100250E-018
          13          23   7.8551092915957051E-032
          13          24   8.1385719946018765E-031
          13          25  -8.1004905171093933E-018
          14           1  -1.1106925603213362E-005
          14           2   2.2737593029732218E-003
          14           3  -9.2429449763166047E-005
          14           4   2.9636626020080195E-005
          14           5  -1.5263337381942672E-019
          14           6   2.8217325690442966E-019
          14           7  -2.7673596095666647E-019
          14           8  -1.4018334528270313E-018
          14           9  -7.7028291593131219E-019
          14          10   1.2848709105191057E-018
          14          11  -4.5859366379811694E-019
          14          12  -1.1220887604371096E-018
          14          13  -1.8225647521880741E-018
          14          14   5.0336114797728763E-006
          14          15   3.7450874745951657E-019
          14          16   5.0336114797714753E-006
          14          17   1.1294116627394364E-020
          14          18   3.3803475464255364E-019
          14          19   5.0336114797718259E-006
          14          20   2.2372166481198319E-005
          14          21  -8.7058717437172213E-019
          14          22   2.2372166481198756E-005
          14          23  -2.1694465591731451E-019
          14          24  -2.2477340995322089E-018
          14          25   2.2372166481197014E-005
          15           1  -8.2637303504663030E-019
          15           2   1.6917132996910353E-016
          15           3  -6.8768989418979812E-018
          15           4   2.2050123920583480E-018
          15           5  -1.1356167213011228E-032
          15           6   2.0994141767695310E-032
          15           7  -2.0589598249955363E-032
          15           8  -1.0429865170857198E-031
          15           9  -5.7310281334608753E-032
          15          10   9.5596451430413350E-032
          15          11  -3.4120102298728249E-032
          15          12  -8.3485199026259554E-032
          15          13  -1.3560173351651251E-031
          15          14   3.7450874745951657E-019
          15          15   2.7864049994185196E-032
          15          16   3.7450874745941233E-019
          15          17   8.4030034673594137E-034
          15          18   2.5150326573214190E-032
          15          19   3.7450874745943838E-019
          15          20   1.6645249798276875E-018
          15          21  -6.4773078641139963E-032
          15          22   1.6645249798277200E-018
          15          23  -1.6141029493856619E-032
          15          24  -1.6723501319490692E-031
          15          25   1.6645249798275902E-018
          16           1  -1.1106925603210272E-005
          16           2   2.2737593029725891E-003
          16           3  -9.2429449763140324E-005
          16           4   2.9636626020071945E-005
          16           5  -1.5263337381938423E-019
          16           6   2.8217325690435113E-019
          16           7  -2.7673596095658943E-019
          16           8  -1.4018334528266411E-018
          16           9  -7.7028291593109783E-019
          16          10   1.2848709105187480E-018
          16          11  -4.5859366379798925E-019
          16          12  -1.1220887604367972E-018
          16          13  -1.8225647521875669E-018
          16          14   5.0336114797714753E-006
          16          15   3.7450874745941233E-019
          16          16   5.0336114797700743E-006
          16          17   1.1294116627391219E-020
          16          18   3.3803475464245956E-019
          16          19   5.0336114797704241E-006
          16          20   2.2372166481192095E-005
          16          21  -8.7058717437147985E-019
          16          22   2.2372166481192529E-005
          16          23  -2.1694465591725414E-019
          16          24  -2.2477340995315834E-018
          16          25   2.2372166481190787E-005
          17           1  -2.4921055913545471E-020
          17           2   5.1017252431173342E-018
          17           3  -2.0738767575247750E-019
          17           4   6.6496890365555034E-020
          17           5  -3.4246964273592881E-034
          17           6   6.3312349103950668E-034
          17           7  -6.2092361132720378E-034
          17           8  -3.1453501272461753E-033
          17           9  -1.7283147743079665E-033
          17          10   2.8829165645505770E-033
          17          11  -1.0289650570635053E-033
          17          12  -2.5176757041321975E-033
          17          13  -4.0893618736579576E-033
          17          14   1.1294116627394364E-020
          17          15   8.4030034673594137E-034
          17          16   1.1294116627391219E-020
          17          17   2.5341063946981737E-035
          17          18   7.5846218135570203E-034
          17          19   1.1294116627392006E-020
          17          20   5.0197330179630355E-020
          17          21  -1.9533714751682821E-033
          17          22   5.0197330179631330E-020
          17          23  -4.8676745423559136E-034
          17          24  -5.0433314469144285E-033
          17          25   5.0197330179627418E-020
          18           1  -7.4589127234045797E-019
          18           2   1.5269546948257070E-016
          18           3  -6.2071469953513105E-018
          18           4   1.9902627855543125E-018
          18           5  -1.0250172321929609E-032
          18           6   1.8949489456560724E-032
          18           7  -1.8584345064903381E-032
          18           8  -9.4140842848183216E-032
          18           9  -5.1728743376105917E-032
          18          10   8.6286163469310507E-032
          18          11  -3.0797092156508855E-032
          18          12  -7.5354444884300096E-032
          18          13  -1.2239526854660245E-031
          18          14   3.3803475464255364E-019
          18          15   2.5150326573214190E-032
          18          16   3.3803475464245956E-019
          18          17   7.5846218135570203E-034
          18          18   2.2700896921708257E-032
          18          19   3.3803475464248305E-019
          18          20   1.5024142879687391E-018
          18          21  -5.8464727177747512E-032
          18          22   1.5024142879687684E-018
          18          23  -1.4569029379544328E-032
          18          24  -1.5094773362829251E-031
          18          25   1.5024142879686513E-018
          19           1  -1.1106925603211044E-005
          19           2   2.2737593029727469E-003
          19           3  -9.2429449763146748E-005
          19           4   2.9636626020074008E-005
          19           5  -1.5263337381939485E-019
          19           6   2.8217325690437078E-019
          19           7  -2.7673596095660869E-019
          19           8  -1.4018334528267385E-018
          19           9  -7.7028291593115137E-019
          19          10   1.2848709105188374E-018
          19          11  -4.5859366379802122E-019
          19          12  -1.1220887604368752E-018
          19          13  -1.8225647521876936E-018
          19          14   5.0336114797718259E-006
          19          15   3.7450874745943838E-019
          19          16   5.0336114797704241E-006
          19          17   1.1294116627392006E-020
          19          18   3.3803475464248305E-019
          19          19   5.0336114797707748E-006
          19          20   2.2372166481193650E-005
          19          21  -8.7058717437154032E-019
          19          22   2.2372166481194087E-005
          19          23  -2.1694465591726921E-019
          19          24  -2.2477340995317398E-018
          19          25   2.2372166481192342E-005
          20           1  -4.9365349250313110E-005
          20           2   1.0105849819498912E-002
          20           3  -4.1080783572124477E-004
          20           4   1.3172163444210940E-004
          20           5  -6.7838752819859459E-019
          20           6   1.2541347510381726E-018
          20           7  -1.2299683864628138E-018
          20           8  -6.2305268317956304E-018
          20           9  -3.4235653073518060E-018
          20          10   5.7106803003157749E-018
          20          11  -2.0382450721399532E-018
          20          12  -4.9871859709588036E-018
          20          13  -8.1004905171098678E-018
          20          14   2.2372166481198319E-005
          20          15   1.6645249798276875E-018
          20          16   2.2372166481192095E-005
          20          17   5.0197330179630355E-020
          20          18   1.5024142879687391E-018
          20          19   2.2372166481193650E-005
          20          20   9.9434339553961266E-005
          20          21  -3.8693731686894171E-018
          20          22   9.9434339553963204E-005
          20          23  -9.6422260217974639E-019
          20          24  -9.9901793537847662E-018
          20          25   9.9434339553955452E-005
          21           1   1.9209958924550847E-018
          21           2  -3.9325754375985164E-016
          21           3   1.5986115301389648E-017
          21           4  -5.1257961820083228E-018
          21           5   2.6398671840734368E-032
          21           6  -4.8803214034067211E-032
          21           7   4.7862807700680596E-032
          21           8   2.4245379873686772E-031
          21           9   1.3322411353005541E-031
          21          10  -2.2222456777131365E-031
          21          11   7.9315966986151400E-032
          21          12   1.9407061654811893E-031
          21          13   3.1522128874922774E-031
          21          14  -8.7058717437172213E-019
          21          15  -6.4773078641139963E-032
          21          16  -8.7058717437147985E-019
          21          17  -1.9533714751682821E-033
          21          18  -5.8464727177747512E-032
          21          19  -8.7058717437154032E-019
          21          20  -3.8693731686894171E-018
          21          21   1.5057221464671680E-031
          21          22  -3.8693731686894926E-018
          21          23   3.7521615593308046E-032
          21          24   3.8875636038143505E-031
          21          25  -3.8693731686891906E-018
          22           1  -4.9365349250314073E-005
          22           2   1.0105849819499108E-002
          22           3  -4.1080783572125274E-004
          22           4   1.3172163444211195E-004
          22           5  -6.7838752819860779E-019
          22           6   1.2541347510381971E-018
          22           7  -1.2299683864628377E-018
          22           8  -6.2305268317957521E-018
          22           9  -3.4235653073518727E-018
          22          10   5.7106803003158858E-018
          22          11  -2.0382450721399929E-018
          22          12  -4.9871859709589014E-018
          22          13  -8.1004905171100250E-018
          22          14   2.2372166481198756E-005
          22          15   1.6645249798277200E-018
          22          16   2.2372166481192529E-005
          22          17   5.0197330179631330E-020
          22          18   1.5024142879687684E-018
          22          19   2.2372166481194087E-005
          22          20   9.9434339553963204E-005
          22          21  -3.8693731686894926E-018
          22          22   9.9434339553965142E-005
          22          23  -9.6422260217976507E-019
          22          24  -9.9901793537849604E-018
          22          25   9.9434339553957390E-005
          23           1   4.7869966980388762E-019
          23           2  -9.7997219611509618E-017
          23           3   3.9836358559007308E-018
          23           4  -1.2773150371880780E-018
          23           5   6.5783771548153879E-033
          23           6  -1.2161443205179919E-032
          23           7   1.1927100069391991E-032
          23           8   6.0417908155808558E-032
          23           9   3.3198581739416332E-032
          23          10  -5.5376915501096910E-032
          23          11   1.9765022588321059E-032
          23          12   4.8361134151875115E-032
          23          13   7.8551092915957051E-032
          23          14  -2.1694465591731451E-019
          23          15  -1.6141029493856619E-032
          23          16  -2.1694465591725414E-019
          23          17  -4.8676745423559136E-034
          23          18  -1.4569029379544328E-032
          23          19  -2.1694465591726921E-019
          23          20  -9.6422260217974639E-019
          23          21   3.7521615593308046E-032
          23          22  -9.6422260217976507E-019
          23          23   9.3501423223084400E-033
          23          24   9.6875554018450494E-032
          23          25  -9.6422260217968996E-019
          24           1   4.9597422287419963E-018
          24           2  -1.0153358756349833E-015
          24           3   4.1273909770056754E-017
          24           4  -1.3234087527038055E-017
          24           5   6.8157671770895662E-032
          24           6  -1.2600306044056605E-031
          24           7   1.2357506305535923E-031
          24           8   6.2598173626353647E-031
          24           9   3.4396599407470258E-031
          24          10  -5.7375269638432720E-031
          24          11   2.0478271318527507E-031
          24          12   5.0106313919367536E-031
          24          13   8.1385719946018765E-031
          24          14  -2.2477340995322089E-018
          24          15  -1.6723501319490692E-031
          24          16  -2.2477340995315834E-018
          24          17  -5.0433314469144285E-033
          24          18  -1.5094773362829251E-031
          24          19  -2.2477340995317398E-018
          24          20  -9.9901793537847662E-018
          24          21   3.8875636038143505E-031
          24          22  -9.9901793537849604E-018
          24          23   9.6875554018450494E-032
          24          24   1.0037144508474930E-030
          24          25  -9.9901793537841823E-018
          25           1  -4.9365349250310224E-005
          25           2   1.0105849819498320E-002
          25           3  -4.1080783572122075E-004
          25           4   1.3172163444210170E-004
          25           5  -6.7838752819855492E-019
          25           6   1.2541347510380993E-018
          25           7  -1.2299683864627418E-018
          25           8  -6.2305268317952668E-018
          25           9  -3.4235653073516057E-018
          25          10   5.7106803003154413E-018
          25          11  -2.0382450721398342E-018
          25          12  -4.9871859709585124E-018
          25          13  -8.1004905171093933E-018
          25          14   2.2372166481197014E-005
          25          15   1.6645249798275902E-018
          25          16   2.2372166481190787E-005
          25          17   5.0197330179627418E-020
          25          18   1.5024142879686513E-018
          25          19   2.2372166481192342E-005
          25          20   9.9434339553955452E-005
          25          21  -3.8693731686891906E-018
          25          22   9.9434339553957390E-005
          25          23  -9.6422260217968996E-019
          25          24  -9.9901793537841823E-018
          25          25   9.9434339553949652E-005
