           1           1   2.4078749035073640E-005
           1           2   6.9826306697562211E-003
           1           3  -2.7608357631880219E-004
           1           4   8.1248843699265852E-005
           1           5   6.6574010312721373E-019
           1           6  -4.3535288996572695E-020
           1           7   1.1859010378992447E-018
           1           8  -6.7741079895750829E-018
           1           9  -2.5026254871166376E-019
           1          10  -4.5158948261130825E-018
           1          11   1.4832579736114625E-018
           1          12  -2.4859166382891205E-018
           1          13  -2.9977490564782336E-018
           1          14   1.1987632727938081E-005
           1          15   1.4769030403295080E-018
           1          16   1.1987632727938659E-005
           1          17  -2.4499919044796450E-019
           1          18   1.3066828060427029E-019
           1          19   1.1987632727939105E-005
           1          20   6.9796116898373462E-005
           1          21  -3.1671041327855167E-018
           1          22   6.9796116898378463E-005
           1          23   7.5994310932236695E-020
           1          24  -3.0620024783163294E-018
           1          25   6.9796116898390701E-005
           2           1   6.9826306697562211E-003
           2           2   2.0249029973066275     
           2           3  -8.0061869016144399E-002
           2           4   2.3561467698823328E-002
           2           5   1.9305852817669905E-016
           2           6  -1.2628206687409984E-017
           2           7   3.4390819386793617E-016
           2           8  -1.9644436755945232E-015
           2           9  -7.2571888784365511E-017
           2          10  -1.3095985959457035E-015
           2          11   4.3011335672712668E-016
           2          12  -7.2091774946620691E-016
           2          13  -8.6931824365985865E-016
           2          14   3.4763106609234044E-003
           2          15   4.2830286315632996E-016
           2          16   3.4763106609235722E-003
           2          17  -7.1050423520624333E-017
           2          18   3.7900035852233901E-017
           2          19   3.4763106609237019E-003
           2          20   2.0240275186709844E-002
           2          21  -9.1844510145354984E-016
           2          22   2.0240275186711294E-002
           2          23   2.2048124027141357E-017
           2          24  -8.8796466928787326E-016
           2          25   2.0240275186714844E-002
           3           1  -2.7608357631880219E-004
           3           2  -8.0061869016144399E-002
           3           3   3.1655357877539854E-003
           3           4  -9.3158790179815329E-004
           3           5  -7.6332147513195645E-018
           3           6   4.9975478053812256E-019
           3           7  -1.3598611512611229E-017
           3           8   7.7672807580694172E-017
           3           9   2.8691075732519541E-018
           3          10   5.1783487769268722E-017
           3          11  -1.7003552933780351E-017
           3          12   2.8507239213146818E-017
           3          13   3.4371200879873363E-017
           3          14  -1.3744852422692348E-004
           3          15  -1.6936351471019891E-017
           3          16  -1.3744852422693010E-004
           3          17   2.8096092056452531E-018
           3          18  -1.4995106345641666E-018
           3          19  -1.3744852422693522E-004
           3          20  -8.0027253751364089E-004
           3          21   3.6315685052832108E-017
           3          22  -8.0027253751369836E-004
           3          23  -8.7316349982349796E-019
           3          24   3.5110279917104096E-017
           3          25  -8.0027253751383854E-004
           4           1   8.1248843699265852E-005
           4           2   2.3561467698823328E-002
           4           3  -9.3158790179815329E-004
           4           4   2.7415770629685019E-004
           4           5   2.2464095291322814E-018
           4           6  -1.4685914114939433E-019
           4           7   4.0014936261337111E-018
           4           8  -2.2857719431279852E-017
           4           9  -8.4448639746453887E-019
           4          10  -1.5237621033493108E-017
           4          11   5.0051867227420932E-018
           4          12  -8.3879296431855375E-018
           4          13  -1.0115335642603197E-017
           4          14   4.0449829684339961E-005
           4          15   4.9833383915988875E-018
           4          16   4.0449829684341912E-005
           4          17  -8.2666545363559671E-019
           4          18   4.4082158061403284E-019
           4          19   4.0449829684343410E-005
           4          20   2.3551280769264926E-004
           4          21  -1.0686598133432549E-017
           4          22   2.3551280769266617E-004
           4          23   2.5629699352422220E-019
           4          24  -1.0331977147418301E-017
           4          25   2.3551280769270743E-004
           5           1   6.6574010312721373E-019
           5           2   1.9305852817669905E-016
           5           3  -7.6332147513195645E-018
           5           4   2.2464095291322814E-018
           5           5   1.8571740785678792E-032
           5           6   2.0919913995854210E-034
           5           7   2.9805065159348017E-032
           5           8  -1.8287391848732631E-031
           5           9  -7.8075336876237589E-033
           5          10  -1.1310535174974203E-031
           5          11   4.8918806133933230E-032
           5          12  -5.8915644737443524E-032
           5          13  -8.4262785830863147E-032
           5          14   3.3143897235115342E-019
           5          15   3.5070580435416614E-032
           5          16   3.3143897235117220E-019
           5          17  -5.6085571061639092E-033
           5          18   5.0720363292047468E-034
           5          19   3.3143897235118043E-019
           5          20   1.9297520851435038E-018
           5          21  -8.2469028423222244E-032
           5          22   1.9297520851436386E-018
           5          23  -2.3008183464872359E-033
           5          24  -8.0345900243254356E-032
           5          25   1.9297520851439706E-018
           6           1  -4.3535288996572695E-020
           6           2  -1.2628206687409984E-017
           6           3   4.9975478053812256E-019
           6           4  -1.4685914114939433E-019
           6           5   2.0919913995854210E-034
           6           6   1.2172834923887763E-032
           6           7  -2.7680547788537059E-032
           6           8   5.0079756566751684E-032
           6           9  -7.1500867252171073E-033
           6          10   1.0876198972503619E-031
           6          11   6.5018584626313097E-032
           6          12   8.8519378800616155E-032
           6          13  -6.3897756465812981E-033
           6          14  -2.1678363906913209E-020
           6          15  -5.2005238767808796E-032
           6          16  -2.1678363906890484E-020
           6          17   1.0417732521961829E-032
           6          18  -2.6819614060483053E-032
           6          19  -2.1678363906926113E-020
           6          20  -1.2621460380715706E-019
           6          21   4.9351681713788499E-032
           6          22  -1.2621460380719635E-019
           6          23  -3.7817561338545092E-032
           6          24   4.2461229400364720E-032
           6          25  -1.2621460380727242E-019
           7           1   1.1859010378992447E-018
           7           2   3.4390819386793617E-016
           7           3  -1.3598611512611229E-017
           7           4   4.0014936261337111E-018
           7           5   2.9805065159348017E-032
           7           6  -2.7680547788537059E-032
           7           7   1.1232611159818508E-031
           7           8  -4.1351219963348037E-031
           7           9   3.7269464799774361E-033
           7          10  -4.3481994610020523E-031
           7          11  -6.9895559745904719E-032
           7          12  -2.9984959952295400E-031
           7          13  -1.2270586269801235E-031
           7          14   5.9041120422906717E-019
           7          15   1.7690819257248708E-031
           7          16   5.9041120422904541E-019
           7          17  -3.3127872855892506E-032
           7          18   6.2565546866441854E-032
           7          19   5.9041120422914084E-019
           7          20   3.4375678695205099E-018
           7          21  -2.4809672949265591E-031
           7          22   3.4375678695208204E-018
           7          23   8.3303380089055096E-032
           7          24  -2.2877261810592397E-031
           7          25   3.4375678695215368E-018
           8           1  -6.7741079895750829E-018
           8           2  -1.9644436755945232E-015
           8           3   7.7672807580694172E-017
           8           4  -2.2857719431279852E-017
           8           5  -1.8287391848732631E-031
           8           6   5.0079756566751684E-032
           8           7  -4.1351219963348037E-031
           8           8   2.0241121518287843E-030
           8           9   4.6624925911277449E-032
           8          10   1.5851431344230505E-030
           8          11  -2.0551186683089758E-031
           8          12   9.6220622820884828E-031
           8          13   8.0641833497043046E-031
           8          14  -3.3725107638030418E-018
           8          15  -5.6982501125718428E-031
           8          16  -3.3725107638031300E-018
           8          17   1.0012826546152957E-031
           8          18  -1.1991714163661549E-031
           8          19  -3.3725107638033642E-018
           8          20  -1.9635903131322617E-017
           8          21   1.0274715988479220E-030
           8          22  -1.9635903131324121E-017
           8          23  -1.3924780500428987E-031
           8          24   9.7694344442612024E-031
           8          25  -1.9635903131327732E-017
           9           1  -2.5026254871166376E-019
           9           2  -7.2571888784365511E-017
           9           3   2.8691075732519541E-018
           9           4  -8.4448639746453887E-019
           9           5  -7.8075336876237589E-033
           9           6  -7.1500867252171073E-033
           9           7   3.7269464799774361E-033
           9           8   4.6624925911277449E-032
           9           9   7.3802101591530307E-033
           9          10  -1.6301073519034934E-032
           9          11  -5.7973853217282435E-032
           9          12  -2.6982006436839947E-032
           9          13   3.8580967312943147E-032
           9          14  -1.2459081139143920E-019
           9          15   1.5662589407045600E-032
           9          16  -1.2459081139146013E-019
           9          17  -3.7239072977599780E-033
           9          18   1.5352652543331720E-032
           9          19  -1.2459081139144289E-019
           9          20  -7.2541320589038699E-019
           9          21   5.4936124767162472E-033
           9          22  -7.2541320589042002E-019
           9          23   2.2896544136748299E-032
           9          24   8.6132391882108730E-033
           9          25  -7.2541320589051324E-019
          10           1  -4.5158948261130825E-018
          10           2  -1.3095985959457035E-015
          10           3   5.1783487769268722E-017
          10           4  -1.5237621033493108E-017
          10           5  -1.1310535174974203E-031
          10           6   1.0876198972503619E-031
          10           7  -4.3481994610020523E-031
          10           8   1.5851431344230505E-030
          10           9  -1.6301073519034934E-032
          10          10   1.6836934626146755E-030
          10          11   2.8494105130436059E-031
          10          12   1.1651311639882521E-030
          10          13   4.6398625495019127E-031
          10          14  -2.2482789221790505E-018
          10          15  -6.8734921179454667E-031
          10          16  -2.2482789221789611E-018
          10          17   1.2891743032304727E-031
          10          18  -2.4562282371855327E-031
          10          19  -2.2482789221793344E-018
          10          20  -1.3090216832442578E-017
          10          21   9.5685039421289007E-031
          10          22  -1.3090216832443771E-017
          10          23  -3.2767040026368065E-031
          10          24   8.8140578203702878E-031
          10          25  -1.3090216832446512E-017
          11           1   1.4832579736114625E-018
          11           2   4.3011335672712668E-016
          11           3  -1.7003552933780351E-017
          11           4   5.0051867227420932E-018
          11           5   4.8918806133933230E-032
          11           6   6.5018584626313097E-032
          11           7  -6.9895559745904719E-032
          11           8  -2.0551186683089758E-031
          11           9  -5.7973853217282435E-032
          11          10   2.8494105130436059E-031
          11          11   4.7034169076908709E-031
          11          12   3.1721983151933293E-031
          11          13  -2.5077112445234477E-031
          11          14   7.3841777196547412E-019
          11          15  -1.8518906455932143E-031
          11          16   7.3841777196564264E-019
          11          17   4.0744632087101561E-032
          11          18  -1.4075890890607711E-031
          11          19   7.3841777196547518E-019
          11          20   4.2993459594827972E-018
          11          21   4.9111567139099211E-032
          11          22   4.2993459594829366E-018
          11          23  -2.0624441416185145E-031
          11          24   1.8078279761022130E-032
          11          25   4.2993459594833873E-018
          12           1  -2.4859166382891205E-018
          12           2  -7.2091774946620691E-016
          12           3   2.8507239213146818E-017
          12           4  -8.3879296431855375E-018
          12           5  -5.8915644737443524E-032
          12           6   8.8519378800616155E-032
          12           7  -2.9984959952295400E-031
          12           8   9.6220622820884828E-031
          12           9  -2.6982006436839947E-032
          12          10   1.1651311639882521E-030
          12          11   3.1721983151933293E-031
          12          12   8.4041653777066549E-031
          12          13   2.2744138412298603E-031
          12          14  -1.2376461093954202E-018
          12          15  -4.9523503233137865E-031
          12          16  -1.2376461093953149E-018
          12          17   9.4594356437413531E-032
          12          18  -1.9818008035631965E-031
          12          19  -1.2376461093956028E-018
          12          20  -7.2059711903235375E-018
          12          21   6.3006608065883677E-031
          12          22  -7.2059711903242662E-018
          12          23  -2.6963126594208850E-031
          12          24   5.7266360568383299E-031
          12          25  -7.2059711903259040E-018
          13           1  -2.9977490564782336E-018
          13           2  -8.6931824365985865E-016
          13           3   3.4371200879873363E-017
          13           4  -1.0115335642603197E-017
          13           5  -8.4262785830863147E-032
          13           6  -6.3897756465812981E-033
          13           7  -1.2270586269801235E-031
          13           8   8.0641833497043046E-031
          13           9   3.8580967312943147E-032
          13          10   4.6398625495019127E-031
          13          11  -2.5077112445234477E-031
          13          12   2.2744138412298603E-031
          13          13   3.8474508585883640E-031
          13          14  -1.4924286239153794E-018
          13          15  -1.3569584011743181E-031
          13          16  -1.4924286239154745E-018
          13          17   2.0761554295079485E-032
          13          18   9.6905520263951316E-033
          13          19  -1.4924286239154961E-018
          13          20  -8.6894364518279385E-018
          13          21   3.5169729006704400E-031
          13          22  -8.6894364518285332E-018
          13          23   2.7333278153056565E-032
          13          24   3.4515528956672086E-031
          13          25  -8.6894364518300031E-018
          14           1   1.1987632727938081E-005
          14           2   3.4763106609234044E-003
          14           3  -1.3744852422692348E-004
          14           4   4.0449829684339961E-005
          14           5   3.3143897235115342E-019
          14           6  -2.1678363906913209E-020
          14           7   5.9041120422906717E-019
          14           8  -3.3725107638030418E-018
          14           9  -1.2459081139143920E-019
          14          10  -2.2482789221790505E-018
          14          11   7.3841777196547412E-019
          14          12  -1.2376461093954202E-018
          14          13  -1.4924286239153794E-018
          14          14   5.9680566563869382E-006
          14          15   7.3529528717854257E-019
          14          16   5.9680566563872253E-006
          14          17  -1.2197664914771301E-019
          14          18   6.5062739622168556E-020
          14          19   5.9680566563874464E-006
          14          20   3.4748076578654889E-005
          14          21  -1.5767618168074188E-018
          14          22   3.4748076578657383E-005
          14          23   3.7847159691133754E-020
          14          24  -1.5244344720358114E-018
          14          25   3.4748076578663468E-005
          15           1   1.4769030403295080E-018
          15           2   4.2830286315632996E-016
          15           3  -1.6936351471019891E-017
          15           4   4.9833383915988875E-018
          15           5   3.5070580435416614E-032
          15           6  -5.2005238767808796E-032
          15           7   1.7690819257248708E-031
          15           8  -5.6982501125718428E-031
          15           9   1.5662589407045600E-032
          15          10  -6.8734921179454667E-031
          15          11  -1.8518906455932143E-031
          15          12  -4.9523503233137865E-031
          15          13  -1.3569584011743181E-031
          15          14   7.3529528717854257E-019
          15          15   2.9183742165063262E-031
          15          16   7.3529528717848113E-019
          15          17  -5.5716917452111803E-032
          15          18   1.1645488652526283E-031
          15          19   7.3529528717865032E-019
          15          20   4.2811243631827524E-018
          15          21  -3.7221772471424101E-031
          15          22   4.2811243631831823E-018
          15          23   1.5836800207594462E-031
          15          24  -3.3843846556144954E-031
          15          25   4.2811243631841522E-018
          16           1   1.1987632727938659E-005
          16           2   3.4763106609235722E-003
          16           3  -1.3744852422693010E-004
          16           4   4.0449829684341912E-005
          16           5   3.3143897235117220E-019
          16           6  -2.1678363906890484E-020
          16           7   5.9041120422904541E-019
          16           8  -3.3725107638031300E-018
          16           9  -1.2459081139146013E-019
          16          10  -2.2482789221789611E-018
          16          11   7.3841777196564264E-019
          16          12  -1.2376461093953149E-018
          16          13  -1.4924286239154745E-018
          16          14   5.9680566563872253E-006
          16          15   7.3529528717848113E-019
          16          16   5.9680566563875125E-006
          16          17  -1.2197664914769931E-019
          16          18   6.5062739622119445E-020
          16          19   5.9680566563877344E-006
          16          20   3.4748076578656556E-005
          16          21  -1.5767618168074092E-018
          16          22   3.4748076578659050E-005
          16          23   3.7847159691061532E-020
          16          24  -1.5244344720358125E-018
          16          25   3.4748076578665148E-005
          17           1  -2.4499919044796450E-019
          17           2  -7.1050423520624333E-017
          17           3   2.8096092056452531E-018
          17           4  -8.2666545363559671E-019
          17           5  -5.6085571061639092E-033
          17           6   1.0417732521961829E-032
          17           7  -3.3127872855892506E-032
          17           8   1.0012826546152957E-031
          17           9  -3.7239072977599780E-033
          17          10   1.2891743032304727E-031
          17          11   4.0744632087101561E-032
          17          12   9.4594356437413531E-032
          17          13   2.0761554295079485E-032
          17          14  -1.2197664914771301E-019
          17          15  -5.5716917452111803E-032
          17          16  -1.2197664914769931E-019
          17          17   1.0719646634898749E-032
          17          18  -2.3254468738414215E-032
          17          19  -1.2197664914773256E-019
          17          20  -7.1018643469762263E-019
          17          21   6.8205588445499390E-032
          17          22  -7.1018643469769851E-019
          17          23  -3.1850378175813654E-032
          17          24   6.1609936576294681E-032
          17          25  -7.1018643469786742E-019
          18           1   1.3066828060427029E-019
          18           2   3.7900035852233901E-017
          18           3  -1.4995106345641666E-018
          18           4   4.4082158061403284E-019
          18           5   5.0720363292047468E-034
          18           6  -2.6819614060483053E-032
          18           7   6.2565546866441854E-032
          18           8  -1.1991714163661549E-031
          18           9   1.5352652543331720E-032
          18          10  -2.4562282371855327E-031
          18          11  -1.4075890890607711E-031
          18          12  -1.9818008035631965E-031
          18          13   9.6905520263951316E-033
          18          14   6.5062739622168556E-020
          18          15   1.1645488652526283E-031
          18          16   6.5062739622119445E-020
          18          17  -2.3254468738414215E-032
          18          18   5.9140384625855826E-032
          18          19   6.5062739622198408E-020
          18          20   3.7880821932658437E-019
          18          21  -1.1307739164190162E-031
          18          22   3.7880821932667797E-019
          18          23   8.3234893364546987E-032
          18          24  -9.7779235793547005E-032
          18          25   3.7880821932686324E-019
          19           1   1.1987632727939105E-005
          19           2   3.4763106609237019E-003
          19           3  -1.3744852422693522E-004
          19           4   4.0449829684343410E-005
          19           5   3.3143897235118043E-019
          19           6  -2.1678363906926113E-020
          19           7   5.9041120422914084E-019
          19           8  -3.3725107638033642E-018
          19           9  -1.2459081139144289E-019
          19          10  -2.2482789221793344E-018
          19          11   7.3841777196547518E-019
          19          12  -1.2376461093956028E-018
          19          13  -1.4924286239154961E-018
          19          14   5.9680566563874464E-006
          19          15   7.3529528717865032E-019
          19          16   5.9680566563877344E-006
          19          17  -1.2197664914773256E-019
          19          18   6.5062739622198408E-020
          19          19   5.9680566563879563E-006
          19          20   3.4748076578657857E-005
          19          21  -1.5767618168075933E-018
          19          22   3.4748076578660351E-005
          19          23   3.7847159691171358E-020
          19          24  -1.5244344720359753E-018
          19          25   3.4748076578666436E-005
          20           1   6.9796116898373462E-005
          20           2   2.0240275186709844E-002
          20           3  -8.0027253751364089E-004
          20           4   2.3551280769264926E-004
          20           5   1.9297520851435038E-018
          20           6  -1.2621460380715706E-019
          20           7   3.4375678695205099E-018
          20           8  -1.9635903131322617E-017
          20           9  -7.2541320589038699E-019
          20          10  -1.3090216832442578E-017
          20          11   4.2993459594827972E-018
          20          12  -7.2059711903235375E-018
          20          13  -8.6894364518279385E-018
          20          14   3.4748076578654889E-005
          20          15   4.2811243631827524E-018
          20          16   3.4748076578656556E-005
          20          17  -7.1018643469762263E-019
          20          18   3.7880821932658437E-019
          20          19   3.4748076578657857E-005
          20          20   2.0231524186904772E-004
          20          21  -9.1804336615241768E-018
          20          22   2.0231524186906224E-004
          20          23   2.2034583424727388E-019
          20          24  -8.8757682508636616E-018
          20          25   2.0231524186909767E-004
          21           1  -3.1671041327855167E-018
          21           2  -9.1844510145354984E-016
          21           3   3.6315685052832108E-017
          21           4  -1.0686598133432549E-017
          21           5  -8.2469028423222244E-032
          21           6   4.9351681713788499E-032
          21           7  -2.4809672949265591E-031
          21           8   1.0274715988479220E-030
          21           9   5.4936124767162472E-033
          21          10   9.5685039421289007E-031
          21          11   4.9111567139099211E-032
          21          12   6.3006608065883677E-031
          21          13   3.5169729006704400E-031
          21          14  -1.5767618168074188E-018
          21          15  -3.7221772471424101E-031
          21          16  -1.5767618168074092E-018
          21          17   6.8205588445499390E-032
          21          18  -1.1307739164190162E-031
          21          19  -1.5767618168075933E-018
          21          20  -9.1804336615241768E-018
          21          21   5.7393661907547169E-031
          21          22  -9.1804336615249456E-018
          21          23  -1.4591400332481982E-031
          21          24   5.3594297681531844E-031
          21          25  -9.1804336615267483E-018
          22           1   6.9796116898378463E-005
          22           2   2.0240275186711294E-002
          22           3  -8.0027253751369836E-004
          22           4   2.3551280769266617E-004
          22           5   1.9297520851436386E-018
          22           6  -1.2621460380719635E-019
          22           7   3.4375678695208204E-018
          22           8  -1.9635903131324121E-017
          22           9  -7.2541320589042002E-019
          22          10  -1.3090216832443771E-017
          22          11   4.2993459594829366E-018
          22          12  -7.2059711903242662E-018
          22          13  -8.6894364518285332E-018
          22          14   3.4748076578657383E-005
          22          15   4.2811243631831823E-018
          22          16   3.4748076578659050E-005
          22          17  -7.1018643469769851E-019
          22          18   3.7880821932667797E-019
          22          19   3.4748076578660351E-005
          22          20   2.0231524186906224E-004
          22          21  -9.1804336615249456E-018
          22          22   2.0231524186907675E-004
          22          23   2.2034583424738366E-019
          22          24  -8.8757682508643904E-018
          22          25   2.0231524186911220E-004
          23           1   7.5994310932236695E-020
          23           2   2.2048124027141357E-017
          23           3  -8.7316349982349796E-019
          23           4   2.5629699352422220E-019
          23           5  -2.3008183464872359E-033
          23           6  -3.7817561338545092E-032
          23           7   8.3303380089055096E-032
          23           8  -1.3924780500428987E-031
          23           9   2.2896544136748299E-032
          23          10  -3.2767040026368065E-031
          23          11  -2.0624441416185145E-031
          23          12  -2.6963126594208850E-031
          23          13   2.7333278153056565E-032
          23          14   3.7847159691133754E-020
          23          15   1.5836800207594462E-031
          23          16   3.7847159691061532E-020
          23          17  -3.1850378175813654E-032
          23          18   8.3234893364546987E-032
          23          19   3.7847159691171358E-020
          23          20   2.2034583424727388E-019
          23          21  -1.4591400332481982E-031
          23          22   2.2034583424738366E-019
          23          23   1.1763526730547458E-031
          23          24  -1.2470660942733619E-031
          23          25   2.2034583424759050E-019
          24           1  -3.0620024783163294E-018
          24           2  -8.8796466928787326E-016
          24           3   3.5110279917104096E-017
          24           4  -1.0331977147418301E-017
          24           5  -8.0345900243254356E-032
          24           6   4.2461229400364720E-032
          24           7  -2.2877261810592397E-031
          24           8   9.7694344442612024E-031
          24           9   8.6132391882108730E-033
          24          10   8.8140578203702878E-031
          24          11   1.8078279761022130E-032
          24          12   5.7266360568383299E-031
          24          13   3.4515528956672086E-031
          24          14  -1.5244344720358114E-018
          24          15  -3.3843846556144954E-031
          24          16  -1.5244344720358125E-018
          24          17   6.1609936576294681E-032
          24          18  -9.7779235793547005E-032
          24          19  -1.5244344720359753E-018
          24          20  -8.8757682508636616E-018
          24          21   5.3594297681531844E-031
          24          22  -8.8757682508643904E-018
          24          23  -1.2470660942733619E-031
          24          24   5.0212028519367653E-031
          24          25  -8.8757682508661098E-018
          25           1   6.9796116898390701E-005
          25           2   2.0240275186714844E-002
          25           3  -8.0027253751383854E-004
          25           4   2.3551280769270743E-004
          25           5   1.9297520851439706E-018
          25           6  -1.2621460380727242E-019
          25           7   3.4375678695215368E-018
          25           8  -1.9635903131327732E-017
          25           9  -7.2541320589051324E-019
          25          10  -1.3090216832446512E-017
          25          11   4.2993459594833873E-018
          25          12  -7.2059711903259040E-018
          25          13  -8.6894364518300031E-018
          25          14   3.4748076578663468E-005
          25          15   4.2811243631841522E-018
          25          16   3.4748076578665148E-005
          25          17  -7.1018643469786742E-019
          25          18   3.7880821932686324E-019
          25          19   3.4748076578666436E-005
          25          20   2.0231524186909767E-004
          25          21  -9.1804336615267483E-018
          25          22   2.0231524186911220E-004
          25          23   2.2034583424759050E-019
          25          24  -8.8757682508661098E-018
          25          25   2.0231524186914765E-004
