           1           1   1.2670380321443353E-002
           1           2 -0.20553031447937001     
           1           3   4.0563146421625521E-002
           1           4   1.4288334748237441E-003
           1           5  -6.7087085362861715E-019
           1           6  -3.0784744022573820E-018
           1           7  -2.3149861693593298E-017
           1           8  -4.4441405083696534E-017
           1           9  -3.1082943029249713E-017
           1          10  -3.5181856239326764E-018
           1          11   8.9708176551044904E-017
           1          12   7.8888097263819108E-017
           1          13  -1.0054267330798560E-017
           1          14  -2.3401472203567360E-004
           1          15  -1.0107034132700407E-018
           1          16  -2.3401472203560399E-004
           1          17   2.0570920334887794E-017
           1          18   2.5348092386863029E-017
           1          19  -2.3401472203560015E-004
           1          20   2.3360323980241389E-003
           1          21  -1.8255604564085352E-017
           1          22   2.3360323980239897E-003
           1          23  -2.6317942328653901E-017
           1          24  -9.2151059750246376E-017
           1          25   2.3360323980239498E-003
           2           1 -0.20553031447937001     
           2           2   3.3339733376824663     
           2           3 -0.65798784478473471     
           2           4  -2.3177567363322979E-002
           2           5   1.0882411894769860E-017
           2           6   4.9936923435663202E-017
           2           7   3.7552135242426111E-016
           2           8   7.2089832594044126E-016
           2           9   5.0420641635627615E-016
           2          10   5.7069620590624082E-017
           2          11  -1.4551851854599075E-015
           2          12  -1.2796691991850847E-015
           2          13   1.6309350421481924E-016
           2          14   3.7960280743423924E-003
           2          15   1.6394945148031712E-017
           2          16   3.7960280743412635E-003
           2          17  -3.3368751515723463E-016
           2          18  -4.1117955953595291E-016
           2          19   3.7960280743412011E-003
           2          20  -3.7893532886880570E-002
           2          21   2.9613003334378716E-016
           2          22  -3.7893532886878155E-002
           2          23   4.2691180738306171E-016
           2          24   1.4948119795600432E-015
           2          25  -3.7893532886877510E-002
           3           1   4.0563146421625521E-002
           3           2 -0.65798784478473471     
           3           3  0.12985946797805342     
           3           4   4.5742890095656734E-003
           3           5  -2.1477360564847322E-018
           3           6  -9.8554743240546521E-018
           3           7  -7.4112315944327899E-017
           3           8  -1.4227538367904350E-016
           3           9  -9.9509402032446108E-017
           3          10  -1.1263172452725742E-017
           3          11   2.8719310773163492E-016
           3          12   2.5255354291300441E-016
           3          13  -3.2187882885498857E-017
           3          14  -7.4917825621099402E-004
           3          15  -3.2356811319961329E-018
           3          16  -7.4917825621077122E-004
           3          17   6.5856054230627393E-017
           3          18   8.1149764798858727E-017
           3          19  -7.4917825621075886E-004
           3          20   7.4786093079106455E-003
           3          21  -5.8443767445169650E-017
           3          22   7.4786093079101676E-003
           3          23  -8.4254657011864286E-017
           3          24  -2.9501379080398410E-016
           3          25   7.4786093079100410E-003
           4           1   1.4288334748237441E-003
           4           2  -2.3177567363322979E-002
           4           3   4.5742890095656734E-003
           4           4   1.6112895169545543E-004
           4           5  -7.5653824796867141E-020
           4           6  -3.4715826721389938E-019
           4           7  -2.6106001940104336E-018
           4           8  -5.0116386123249506E-018
           4           9  -3.5052104490555722E-018
           4          10  -3.9674431726497906E-019
           4          11   1.0116353445571234E-017
           4          12   8.8961776423500319E-018
           4          13  -1.1338155100805421E-018
           4          14  -2.6389742056934120E-005
           4          15  -1.1397660002003338E-019
           4          16  -2.6389742056926273E-005
           4          17   2.3197740586110438E-018
           4          18   2.8584937473407254E-018
           4          19  -2.6389742056925836E-005
           4          20   2.6343339378067277E-004
           4          21  -2.0586768701934971E-018
           4          22   2.6343339378065596E-004
           4          23  -2.9678633185162181E-018
           4          24  -1.0391836359386875E-017
           4          25   2.6343339378065146E-004
           5           1  -6.7087085362861715E-019
           5           2   1.0882411894769860E-017
           5           3  -2.1477360564847322E-018
           5           4  -7.5653824796867141E-020
           5           5   3.5521246468560609E-035
           5           6   1.6299895486333689E-034
           5           7   1.2257380664005347E-033
           5           8   2.3530819603336372E-033
           5           9   1.6457785791979281E-033
           5          10   1.8628076923288243E-034
           5          11  -4.7498653910501139E-033
           5          12  -4.1769642117961989E-033
           5          13   5.3235299459856906E-034
           5          14   1.2390603308729402E-020
           5          15   5.3514688937813095E-035
           5          16   1.2390603308725717E-020
           5          17  -1.0891883696369085E-033
           5          18  -1.3421299081805846E-033
           5          19   1.2390603308725512E-020
           5          20  -1.2368816161850097E-019
           5          21   9.6659711127118546E-034
           5          22  -1.2368816161849307E-019
           5          23   1.3934814889409314E-033
           5          24   4.8792110851481583E-033
           5          25  -1.2368816161849095E-019
           6           1  -3.0784744022573820E-018
           6           2   4.9936923435663202E-017
           6           3  -9.8554743240546521E-018
           6           4  -3.4715826721389938E-019
           6           5   1.6299895486333689E-034
           6           6   7.4796528635490624E-034
           6           7   5.6246343702023435E-033
           6           8   1.0797760168175118E-032
           6           9   7.5521051487639493E-033
           6          10   8.5480025941580290E-034
           6          11  -2.1796056486023325E-032
           6          12  -1.9167142730392232E-032
           6          13   2.4428473199761169E-033
           6          14   5.6857672245163671E-020
           6          15   2.4556678703323605E-034
           6          16   5.6857672245146771E-020
           6          17  -4.9980387387940698E-033
           6          18  -6.1587301706286780E-033
           6          19   5.6857672245145832E-020
           6          20  -5.6757695962689354E-019
           6          21   4.4354952197573657E-033
           6          22  -5.6757695962685733E-019
           6          23   6.3943709441562959E-033
           6          24   2.2389594580828489E-032
           6          25  -5.6757695962684760E-019
           7           1  -2.3149861693593298E-017
           7           2   3.7552135242426111E-016
           7           3  -7.4112315944327899E-017
           7           4  -2.6106001940104336E-018
           7           5   1.2257380664005347E-033
           7           6   5.6246343702023435E-033
           7           7   4.2296764803935199E-032
           7           8   8.1198224130286507E-032
           7           9   5.6791178630934808E-032
           7          10   6.4280241429368403E-033
           7          11  -1.6390446279078757E-031
           7          12  -1.4413525834243548E-031
           7          13   1.8370000918163893E-032
           7          14   4.2756478589850227E-019
           7          15   1.8466410349850303E-033
           7          16   4.2756478589837511E-019
           7          17  -3.7584819759248569E-032
           7          18  -4.6313119106550873E-032
           7          19   4.2756478589836808E-019
           7          20  -4.2681297288676406E-018
           7          21   3.3354541069005895E-032
           7          22  -4.2681297288673679E-018
           7          23   4.8085117377036932E-032
           7          24   1.6836781801457731E-031
           7          25  -4.2681297288672955E-018
           8           1  -4.4441405083696534E-017
           8           2   7.2089832594044126E-016
           8           3  -1.4227538367904350E-016
           8           4  -5.0116386123249506E-018
           8           5   2.3530819603336372E-033
           8           6   1.0797760168175118E-032
           8           7   8.1198224130286507E-032
           8           8   1.5587839004884905E-031
           8           9   1.0902353578278293E-031
           8          10   1.2340048878265927E-032
           8          11  -3.1465175569178183E-031
           8          12  -2.7670028821866187E-031
           8          13   3.5265379249239045E-032
           8          14   8.2080748909605747E-019
           8          15   3.5450458998922838E-033
           8          16   8.2080748909581346E-019
           8          17  -7.2152577930119881E-032
           8          18  -8.8908526286069498E-032
           8          19   8.2080748909579988E-019
           8          20  -8.1936421366555675E-018
           8          21   6.4031599438830125E-032
           8          22  -8.1936421366550452E-018
           8          23   9.2310278486086958E-032
           8          24   3.2322017740238612E-031
           8          25  -8.1936421366549050E-018
           9           1  -3.1082943029249713E-017
           9           2   5.0420641635627615E-016
           9           3  -9.9509402032446108E-017
           9           4  -3.5052104490555722E-018
           9           5   1.6457785791979281E-033
           9           6   7.5521051487639493E-033
           9           7   5.6791178630934808E-032
           9           8   1.0902353578278293E-031
           9           9   7.6252592491203437E-032
           9          10   8.6308035387028895E-033
           9          11  -2.2007185816474075E-031
           9          12  -1.9352806867109654E-031
           9          13   2.4665101655642945E-032
           9          14   5.7408428859315749E-019
           9          15   2.4794549032575665E-033
           9          16   5.7408428859298675E-019
           9          17  -5.0464526605126689E-032
           9          18  -6.2183872273162242E-032
           9          19   5.7408428859297732E-019
           9          20  -5.7307484148190430E-018
           9          21   4.4784600164656777E-032
           9          22  -5.7307484148186770E-018
           9          23   6.4563105549734710E-032
           9          24   2.2606473267849020E-031
           9          25  -5.7307484148185800E-018
          10           1  -3.5181856239326764E-018
          10           2   5.7069620590624082E-017
          10           3  -1.1263172452725742E-017
          10           4  -3.9674431726497906E-019
          10           5   1.8628076923288243E-034
          10           6   8.5480025941580290E-034
          10           7   6.4280241429368403E-033
          10           8   1.2340048878265927E-032
          10           9   8.6308035387028895E-033
          10          10   9.7689491320940503E-034
          10          11  -2.4909277313243882E-032
          10          12  -2.1904864941051325E-032
          10          13   2.7917692985526700E-033
          10          14   6.4978888554840224E-020
          10          15   2.8064210611014074E-034
          10          16   6.4978888554820893E-020
          10          17  -5.7119292678834344E-033
          10          18  -7.0384070538633947E-033
          10          19   6.4978888554819822E-020
          10          20  -6.4864632246755450E-019
          10          21   5.0690353331279036E-033
          10          22  -6.4864632246751309E-019
          10          23   7.3077053729364170E-033
          10          24   2.5587592907120094E-032
          10          25  -6.4864632246750202E-019
          11           1   8.9708176551044904E-017
          11           2  -1.4551851854599075E-015
          11           3   2.8719310773163492E-016
          11           4   1.0116353445571234E-017
          11           5  -4.7498653910501139E-033
          11           6  -2.1796056486023325E-032
          11           7  -1.6390446279078757E-031
          11           8  -3.1465175569178183E-031
          11           9  -2.2007185816474075E-031
          11          10  -2.4909277313243882E-032
          11          11   6.3514722809809878E-031
          11          12   5.5853945797836307E-031
          11          13  -7.1185707604705448E-032
          11          14  -1.6568590261171003E-018
          11          15  -7.1559304407718044E-033
          11          16  -1.6568590261166077E-018
          11          17   1.4564517452538290E-031
          11          18   1.7946826293955080E-031
          11          19  -1.6568590261165803E-018
          11          20   1.6539456707250441E-017
          11          21  -1.2925239461908064E-031
          11          22   1.6539456707249384E-017
          11          23  -1.8633494472801708E-031
          11          24  -6.5244320436462512E-031
          11          25   1.6539456707249103E-017
          12           1   7.8888097263819108E-017
          12           2  -1.2796691991850847E-015
          12           3   2.5255354291300441E-016
          12           4   8.8961776423500319E-018
          12           5  -4.1769642117961989E-033
          12           6  -1.9167142730392232E-032
          12           7  -1.4413525834243548E-031
          12           8  -2.7670028821866187E-031
          12           9  -1.9352806867109654E-031
          12          10  -2.1904864941051325E-032
          12          11   5.5853945797836307E-031
          12          12   4.9117167220098490E-031
          12          13  -6.2599700955000397E-032
          12          14  -1.4570183123763422E-018
          12          15  -6.2928236681247606E-033
          12          16  -1.4570183123759091E-018
          12          17   1.2807829938920418E-031
          12          18   1.5782184330196417E-031
          12          19  -1.4570183123758850E-018
          12          20   1.4544563489927501E-017
          12          21  -1.1366272139630058E-031
          12          22   1.4544563489926573E-017
          12          23  -1.6386030581045122E-031
          12          24  -5.7374929403171380E-031
          12          25   1.4544563489926324E-017
          13           1  -1.0054267330798560E-017
          13           2   1.6309350421481924E-016
          13           3  -3.2187882885498857E-017
          13           4  -1.1338155100805421E-018
          13           5   5.3235299459856906E-034
          13           6   2.4428473199761169E-033
          13           7   1.8370000918163893E-032
          13           8   3.5265379249239045E-032
          13           9   2.4665101655642945E-032
          13          10   2.7917692985526700E-033
          13          11  -7.1185707604705448E-032
          13          12  -6.2599700955000397E-032
          13          13   7.9783154881374301E-033
          13          14   1.8569660223278548E-019
          13          15   8.0201872803846279E-034
          13          16   1.8569660223273025E-019
          13          17  -1.6323545705845196E-032
          13          18  -2.0114352585926839E-032
          13          19   1.8569660223272720E-019
          13          20  -1.8537008067067693E-018
          13          21   1.4486284066945166E-032
          13          22  -1.8537008067066511E-018
          13          23   2.0883953050801762E-032
          13          24   7.3124197225346137E-032
          13          25  -1.8537008067066195E-018
          14           1  -2.3401472203567360E-004
          14           2   3.7960280743423924E-003
          14           3  -7.4917825621099402E-004
          14           4  -2.6389742056934120E-005
          14           5   1.2390603308729402E-020
          14           6   5.6857672245163671E-020
          14           7   4.2756478589850227E-019
          14           8   8.2080748909605747E-019
          14           9   5.7408428859315749E-019
          14          10   6.4978888554840224E-020
          14          11  -1.6568590261171003E-018
          14          12  -1.4570183123763422E-018
          14          13   1.8569660223278548E-019
          14          14   4.3221188898925829E-006
          14          15   1.8667117506852539E-020
          14          16   4.3221188898912979E-006
          14          17  -3.7993320500724917E-019
          14          18  -4.6816485721484629E-019
          14          19   4.3221188898912268E-006
          14          20  -4.3145190469521212E-005
          14          21   3.3717063886610715E-019
          14          22  -4.3145190469518461E-005
          14          23   4.8607743432671090E-019
          14          24   1.7019776901448290E-018
          14          25  -4.3145190469517723E-005
          15           1  -1.0107034132700407E-018
          15           2   1.6394945148031712E-017
          15           3  -3.2356811319961329E-018
          15           4  -1.1397660002003338E-019
          15           5   5.3514688937813095E-035
          15           6   2.4556678703323605E-034
          15           7   1.8466410349850303E-033
          15           8   3.5450458998922838E-033
          15           9   2.4794549032575665E-033
          15          10   2.8064210611014074E-034
          15          11  -7.1559304407718044E-033
          15          12  -6.2928236681247606E-033
          15          13   8.0201872803846279E-034
          15          14   1.8667117506852539E-020
          15          15   8.0622788241556409E-035
          15          16   1.8667117506846990E-020
          15          17  -1.6409214932080868E-033
          15          18  -2.0219916723358744E-033
          15          19   1.8667117506846680E-020
          15          20  -1.8634293985608137E-019
          15          21   1.4562310977360894E-033
          15          22  -1.8634293985606948E-019
          15          23   2.0993556205094617E-033
          15          24   7.3507967608833146E-033
          15          25  -1.8634293985606630E-019
          16           1  -2.3401472203560399E-004
          16           2   3.7960280743412635E-003
          16           3  -7.4917825621077122E-004
          16           4  -2.6389742056926273E-005
          16           5   1.2390603308725717E-020
          16           6   5.6857672245146771E-020
          16           7   4.2756478589837511E-019
          16           8   8.2080748909581346E-019
          16           9   5.7408428859298675E-019
          16          10   6.4978888554820893E-020
          16          11  -1.6568590261166077E-018
          16          12  -1.4570183123759091E-018
          16          13   1.8569660223273025E-019
          16          14   4.3221188898912979E-006
          16          15   1.8667117506846990E-020
          16          16   4.3221188898900130E-006
          16          17  -3.7993320500713616E-019
          16          18  -4.6816485721470704E-019
          16          19   4.3221188898899410E-006
          16          20  -4.3145190469508385E-005
          16          21   3.3717063886600690E-019
          16          22  -4.3145190469505627E-005
          16          23   4.8607743432656636E-019
          16          24   1.7019776901443231E-018
          16          25  -4.3145190469504895E-005
          17           1   2.0570920334887794E-017
          17           2  -3.3368751515723463E-016
          17           3   6.5856054230627393E-017
          17           4   2.3197740586110438E-018
          17           5  -1.0891883696369085E-033
          17           6  -4.9980387387940698E-033
          17           7  -3.7584819759248569E-032
          17           8  -7.2152577930119881E-032
          17           9  -5.0464526605126689E-032
          17          10  -5.7119292678834344E-033
          17          11   1.4564517452538290E-031
          17          12   1.2807829938920418E-031
          17          13  -1.6323545705845196E-032
          17          14  -3.7993320500724917E-019
          17          15  -1.6409214932080868E-033
          17          16  -3.7993320500713616E-019
          17          17   3.3397794911344492E-032
          17          18   4.1153744078941411E-032
          17          19  -3.7993320500712991E-019
          17          20   3.7926514548378862E-018
          17          21  -2.9638777812964227E-032
          17          22   3.7926514548376443E-018
          17          23  -4.2728338162404801E-032
          17          24  -1.4961130296062507E-031
          17          25   3.7926514548375796E-018
          18           1   2.5348092386863029E-017
          18           2  -4.1117955953595291E-016
          18           3   8.1149764798858727E-017
          18           4   2.8584937473407254E-018
          18           5  -1.3421299081805846E-033
          18           6  -6.1587301706286780E-033
          18           7  -4.6313119106550873E-032
          18           8  -8.8908526286069498E-032
          18           9  -6.2183872273162242E-032
          18          10  -7.0384070538633947E-033
          18          11   1.7946826293955080E-031
          18          12   1.5782184330196417E-031
          18          13  -2.0114352585926839E-032
          18          14  -4.6816485721484629E-019
          18          15  -2.0219916723358744E-033
          18          16  -4.6816485721470704E-019
          18          17   4.1153744078941411E-032
          18          18   5.0710852504208784E-032
          18          19  -4.6816485721469934E-019
          18          20   4.6734165464321015E-018
          18          21  -3.6521772774675480E-032
          18          22   4.6734165464318034E-018
          18          23  -5.2651113593633478E-032
          18          24  -1.8435544291779319E-031
          18          25   4.6734165464317240E-018
          19           1  -2.3401472203560015E-004
          19           2   3.7960280743412011E-003
          19           3  -7.4917825621075886E-004
          19           4  -2.6389742056925836E-005
          19           5   1.2390603308725512E-020
          19           6   5.6857672245145832E-020
          19           7   4.2756478589836808E-019
          19           8   8.2080748909579988E-019
          19           9   5.7408428859297732E-019
          19          10   6.4978888554819822E-020
          19          11  -1.6568590261165803E-018
          19          12  -1.4570183123758850E-018
          19          13   1.8569660223272720E-019
          19          14   4.3221188898912268E-006
          19          15   1.8667117506846680E-020
          19          16   4.3221188898899410E-006
          19          17  -3.7993320500712991E-019
          19          18  -4.6816485721469934E-019
          19          19   4.3221188898898698E-006
          19          20  -4.3145190469507673E-005
          19          21   3.3717063886600132E-019
          19          22  -4.3145190469504915E-005
          19          23   4.8607743432655827E-019
          19          24   1.7019776901442950E-018
          19          25  -4.3145190469504184E-005
          20           1   2.3360323980241389E-003
          20           2  -3.7893532886880570E-002
          20           3   7.4786093079106455E-003
          20           4   2.6343339378067277E-004
          20           5  -1.2368816161850097E-019
          20           6  -5.6757695962689354E-019
          20           7  -4.2681297288676406E-018
          20           8  -8.1936421366555675E-018
          20           9  -5.7307484148190430E-018
          20          10  -6.4864632246755450E-019
          20          11   1.6539456707250441E-017
          20          12   1.4544563489927501E-017
          20          13  -1.8537008067067693E-018
          20          14  -4.3145190469521212E-005
          20          15  -1.8634293985608137E-019
          20          16  -4.3145190469508385E-005
          20          17   3.7926514548378862E-018
          20          18   4.6734165464321015E-018
          20          19  -4.3145190469507673E-005
          20          20   4.3069325672749550E-004
          20          21  -3.3657777134792991E-018
          20          22   4.3069325672746801E-004
          20          23  -4.8522273498782305E-018
          20          24  -1.6989849998781363E-017
          20          25   4.3069325672746064E-004
          21           1  -1.8255604564085352E-017
          21           2   2.9613003334378716E-016
          21           3  -5.8443767445169650E-017
          21           4  -2.0586768701934971E-018
          21           5   9.6659711127118546E-034
          21           6   4.4354952197573657E-033
          21           7   3.3354541069005895E-032
          21           8   6.4031599438830125E-032
          21           9   4.4784600164656777E-032
          21          10   5.0690353331279036E-033
          21          11  -1.2925239461908064E-031
          21          12  -1.1366272139630058E-031
          21          13   1.4486284066945166E-032
          21          14   3.3717063886610715E-019
          21          15   1.4562310977360894E-033
          21          16   3.3717063886600690E-019
          21          17  -2.9638777812964227E-032
          21          18  -3.6521772774675480E-032
          21          19   3.3717063886600132E-019
          21          20  -3.3657777134792991E-018
          21          21   2.6302848813167241E-032
          21          22  -3.3657777134790842E-018
          21          23   3.7919141801860179E-032
          21          24   1.3277212398390442E-031
          21          25  -3.3657777134790272E-018
          22           1   2.3360323980239897E-003
          22           2  -3.7893532886878155E-002
          22           3   7.4786093079101676E-003
          22           4   2.6343339378065596E-004
          22           5  -1.2368816161849307E-019
          22           6  -5.6757695962685733E-019
          22           7  -4.2681297288673679E-018
          22           8  -8.1936421366550452E-018
          22           9  -5.7307484148186770E-018
          22          10  -6.4864632246751309E-019
          22          11   1.6539456707249384E-017
          22          12   1.4544563489926573E-017
          22          13  -1.8537008067066511E-018
          22          14  -4.3145190469518461E-005
          22          15  -1.8634293985606948E-019
          22          16  -4.3145190469505627E-005
          22          17   3.7926514548376443E-018
          22          18   4.6734165464318034E-018
          22          19  -4.3145190469504915E-005
          22          20   4.3069325672746801E-004
          22          21  -3.3657777134790842E-018
          22          22   4.3069325672744047E-004
          22          23  -4.8522273498779208E-018
          22          24  -1.6989849998780278E-017
          22          25   4.3069325672743315E-004
          23           1  -2.6317942328653901E-017
          23           2   4.2691180738306171E-016
          23           3  -8.4254657011864286E-017
          23           4  -2.9678633185162181E-018
          23           5   1.3934814889409314E-033
          23           6   6.3943709441562959E-033
          23           7   4.8085117377036932E-032
          23           8   9.2310278486086958E-032
          23           9   6.4563105549734710E-032
          23          10   7.3077053729364170E-033
          23          11  -1.8633494472801708E-031
          23          12  -1.6386030581045122E-031
          23          13   2.0883953050801762E-032
          23          14   4.8607743432671090E-019
          23          15   2.0993556205094617E-033
          23          16   4.8607743432656636E-019
          23          17  -4.2728338162404801E-032
          23          18  -5.2651113593633478E-032
          23          19   4.8607743432655827E-019
          23          20  -4.8522273498782305E-018
          23          21   3.7919141801860179E-032
          23          22  -4.8522273498779208E-018
          23          23   5.4665611516186204E-032
          23          24   1.9140911436785137E-031
          23          25  -4.8522273498778384E-018
          24           1  -9.2151059750246376E-017
          24           2   1.4948119795600432E-015
          24           3  -2.9501379080398410E-016
          24           4  -1.0391836359386875E-017
          24           5   4.8792110851481583E-033
          24           6   2.2389594580828489E-032
          24           7   1.6836781801457731E-031
          24           8   3.2322017740238612E-031
          24           9   2.2606473267849020E-031
          24          10   2.5587592907120094E-032
          24          11  -6.5244320436462512E-031
          24          12  -5.7374929403171380E-031
          24          13   7.3124197225346137E-032
          24          14   1.7019776901448290E-018
          24          15   7.3507967608833146E-033
          24          16   1.7019776901443231E-018
          24          17  -1.4961130296062507E-031
          24          18  -1.8435544291779319E-031
          24          19   1.7019776901442950E-018
          24          20  -1.6989849998781363E-017
          24          21   1.3277212398390442E-031
          24          22  -1.6989849998780278E-017
          24          23   1.9140911436785137E-031
          24          24   6.7021017504280627E-031
          24          25  -1.6989849998779989E-017
          25           1   2.3360323980239498E-003
          25           2  -3.7893532886877510E-002
          25           3   7.4786093079100410E-003
          25           4   2.6343339378065146E-004
          25           5  -1.2368816161849095E-019
          25           6  -5.6757695962684760E-019
          25           7  -4.2681297288672955E-018
          25           8  -8.1936421366549050E-018
          25           9  -5.7307484148185800E-018
          25          10  -6.4864632246750202E-019
          25          11   1.6539456707249103E-017
          25          12   1.4544563489926324E-017
          25          13  -1.8537008067066195E-018
          25          14  -4.3145190469517723E-005
          25          15  -1.8634293985606630E-019
          25          16  -4.3145190469504895E-005
          25          17   3.7926514548375796E-018
          25          18   4.6734165464317240E-018
          25          19  -4.3145190469504184E-005
          25          20   4.3069325672746064E-004
          25          21  -3.3657777134790272E-018
          25          22   4.3069325672743315E-004
          25          23  -4.8522273498778384E-018
          25          24  -1.6989849998779989E-017
          25          25   4.3069325672742584E-004
