           1           1   1.9998467542269380     
           1           2  -1.0639379739490705E-003
           1           3  -4.2563535707036120E-003
           1           4   4.1003170819653625E-003
           1           5  -6.4871383607545217E-003
           1           6  -7.2230377535019482E-003
           1           7  -6.1653730851664594E-004
           1           8  -5.2809189206982645E-011
           1           9   3.2966574486931710E-011
           1          10   1.3085768894294354E-010
           1          11  -3.6980337745989291E-010
           1          12   3.4805930135868672E-010
           1          13   8.6209422702131702E-010
           1          14   3.9150662861924324E-010
           1          15  -3.7142524500721389E-010
           1          16  -1.4720438998805866E-009
           1          17   4.3197716949220793E-010
           1          18  -4.1649952422667796E-010
           1          19  -1.4398955394445012E-009
           1          20   1.4576518984765983E-010
           1          21  -1.8706881326428802E-010
           1          22  -6.0660052407052797E-010
           1          23   2.3845102489041418E-011
           1          24  -3.0207546591008628E-011
           1          25  -9.2172705870392225E-011
           1          26   6.5549556210749258E-005
           1          27  -9.0317744236083277E-012
           1          28   6.5550627139727513E-005
           1          29  -2.9481796732600474E-010
           1          30   5.2918495705562057E-012
           1          31   6.5549998589300122E-005
           1          32   1.1724141419458905E-003
           1          33   2.5740951023477742E-012
           1          34   1.1724141382518200E-003
           1          35   3.8269750221257112E-012
           1          36   2.0645208212446023E-012
           1          37   1.1724141427636042E-003
           1          38   2.7620059347123783E-003
           1          39  -8.1658480572659368E-012
           1          40   2.7620059402871018E-003
           1          41  -7.0437842108246827E-012
           1          42  -3.9771898955832258E-012
           1          43   2.7620059317936202E-003
           1          44   9.5003898318653940E-004
           1          45   4.4056120770254521E-012
           1          46   9.5003898423790326E-004
           1          47   9.2869797428131789E-013
           1          48   6.2913521435996685E-012
           1          49   9.5003899444583617E-004
           1          50   1.2606457734302966E-010
           1          51  -5.4464484856698161E-011
           1          52   5.9689673406991746E-011
           1          53  -1.2132469756983681E-010
           1          54  -2.1194787082311507E-010
           1          55   1.7208737143731831E-012
           1          56  -2.1348033552547157E-010
           1          57   5.8934194634256995E-011
           1          58  -5.6111315424561581E-011
           1          59  -4.7894729429158022E-010
           1          60   1.7023992700801994E-010
           1          61  -6.0076578036645849E-011
           1          62   6.9884716767590047E-011
           1          63  -1.4625724027887051E-010
           1          64  -2.7040111064989042E-010
           1          65  -4.8415771488115624E-013
           1          66  -2.8024099103184037E-010
           1          67   8.0020935189267198E-011
           1          68  -6.8314198501458240E-011
           1          69  -6.0020891668620557E-010
           2           1  -1.0639379739490705E-003
           2           2   1.9927963869802259     
           2           3  -2.9330086608137039E-002
           2           4   3.0014261733888249E-002
           2           5  -4.4521544063176315E-002
           2           6  -5.7093872459129509E-002
           2           7  -4.9407614040262240E-003
           2           8  -5.9806827498021503E-010
           2           9   2.8153567483876741E-010
           2          10   1.2779644593254061E-009
           2          11  -2.6997229064062040E-009
           2          12   2.7042492287944274E-009
           2          13   6.5630601654635037E-009
           2          14   3.0696367073617556E-009
           2          15  -2.8826734757691735E-009
           2          16  -1.1342269404804505E-008
           2          17   3.3447211914393420E-009
           2          18  -3.2497405998891646E-009
           2          19  -1.1115178331891076E-008
           2          20   1.1907980863974244E-009
           2          21  -1.4784457965806065E-009
           2          22  -4.7512527294106252E-009
           2          23   1.8424013515449403E-010
           2          24  -2.3269026488937322E-010
           2          25  -7.0696841922778893E-010
           2          26   2.5178789549729422E-004
           2          27   8.1819324404497493E-010
           2          28   2.5179506974644335E-004
           2          29  -1.4654480474623250E-009
           2          30   9.9628972438027804E-011
           2          31   2.5179036951901050E-004
           2          32   8.1052632138542517E-003
           2          33   1.6569608211183263E-011
           2          34   8.1052631781569750E-003
           2          35   3.3173677719158253E-011
           2          36   1.6029170887940807E-011
           2          37   8.1052632167077782E-003
           2          38   2.0860359124382905E-002
           2          39  -6.0848562679312888E-011
           2          40   2.0860359176221970E-002
           2          41  -5.9466272134969919E-011
           2          42  -3.2585319103192565E-011
           2          43   2.0860359102212265E-002
           2          44   7.4376380887202914E-003
           2          45   3.4497781072916342E-011
           2          46   7.4376380919626891E-003
           2          47   1.0364053583011023E-011
           2          48   4.9336380238100881E-011
           2          49   7.4376381739923482E-003
           2          50   1.0366313730811761E-009
           2          51  -4.3157152115445616E-010
           2          52   4.8982256220848280E-010
           2          53  -9.7262026996126299E-010
           2          54  -1.6677805413084919E-009
           2          55   1.8124740729363539E-011
           2          56  -1.6942446037468887E-009
           2          57   4.9089212318979237E-010
           2          58  -4.5693346135755776E-010
           2          59  -3.7766287349668638E-009
           2          60   1.3294248192682112E-009
           2          61  -4.7099281723111288E-010
           2          62   5.4590121453689040E-010
           2          63  -1.1409599563655342E-009
           2          64  -2.0854052351120736E-009
           2          65  -5.7436758765350316E-012
           2          66  -2.1552785741654008E-009
           2          67   6.2195633562913300E-010
           2          68  -5.2977735829797594E-010
           2          69  -4.6238119759757032E-009
           3           1  -4.2563535707036120E-003
           3           2  -2.9330086608137039E-002
           3           3   1.8832497287193664     
           3           4  0.12089930599552637     
           3           5 -0.17917307699355695     
           3           6 -0.23651246719491170     
           3           7  -2.0746624325034553E-002
           3           8  -1.4158592843916806E-009
           3           9   9.9065631031398646E-010
           3          10   3.7854942361413888E-009
           3          11  -9.6218851992704266E-009
           3          12   1.1275038330501985E-008
           3          13   2.3170034736184034E-008
           3          14   1.1828335456726190E-008
           3          15  -1.2458162090657913E-008
           3          16  -4.2962101986600148E-008
           3          17   1.2228981482411307E-008
           3          18  -1.3768145196577050E-008
           3          19  -4.0601317146502460E-008
           3          20   3.9856861189854148E-009
           3          21  -6.0965503858270582E-009
           3          22  -1.6425486074840025E-008
           3          23   7.0492262626979606E-010
           3          24  -9.9860963471747424E-010
           3          25  -2.6986846391395002E-009
           3          26   1.2851973652699160E-003
           3          27  -4.8603347946611093E-009
           3          28   1.2852333943742947E-003
           3          29  -1.5301221847874250E-008
           3          30   1.7387317287589047E-010
           3          31   1.2852127028004196E-003
           3          32   3.0950691635749816E-002
           3          33   8.2127798017124332E-011
           3          34   3.0950691520494900E-002
           3          35  -9.4492817622124302E-011
           3          36  -1.9222025160529066E-010
           3          37   3.0950691265018759E-002
           3          38   8.5199591353398108E-002
           3          39  -1.8481904832602901E-010
           3          40   8.5199591224399629E-002
           3          41  -6.0354560384766809E-012
           3          42   4.7120744664719139E-011
           3          43   8.5199591274337377E-002
           3          44   3.0398570177037357E-002
           3          45   9.6777618430313167E-011
           3          46   3.0398570303088721E-002
           3          47  -5.7775890268355613E-011
           3          48   9.2848351554307887E-011
           3          49   3.0398570463569925E-002
           3          50   3.1612900069059373E-009
           3          51  -1.7880216953581283E-009
           3          52   1.5916448951652799E-009
           3          53  -3.9498453394394845E-009
           3          54  -5.4801633483968736E-009
           3          55   1.9840284135357738E-010
           3          56  -5.5463171944688292E-009
           3          57   1.5683207530120924E-009
           3          58  -1.8532163439906338E-009
           3          59  -1.2390542905569951E-008
           3          60   5.0754995993581860E-009
           3          61  -2.1195037951771904E-009
           3          62   2.1030549414083169E-009
           3          63  -4.9510977012316857E-009
           3          64  -7.8629858436618480E-009
           3          65  -8.6266381602252330E-011
           3          66  -7.9873501102549251E-009
           3          67   2.2901548509687698E-009
           3          68  -2.2380103351177824E-009
           3          69  -1.7435251355689961E-008
           4           1   4.1003170819653625E-003
           4           2   3.0014261733888249E-002
           4           3  0.12089930599552637     
           4           4   3.6828158299713712E-002
           4           5  0.20860829006802234     
           4           6  -8.5130496125566057E-002
           4           7  -6.0097173904911736E-003
           4           8   2.5111610724775813E-010
           4           9   2.7877910712554169E-010
           4          10  -7.3225939534252650E-010
           4          11   3.6035903275119582E-009
           4          12   4.9749284395700576E-009
           4          13  -5.1739364079838068E-009
           4          14  -1.5778296392806909E-009
           4          15  -8.4278385693943431E-009
           4          16   7.7404162697429464E-009
           4          17  -2.4595483489635693E-009
           4          18  -7.4602938273509202E-009
           4          19   7.9893204923401479E-009
           4          20   8.7083519098285605E-010
           4          21   1.2107617868106207E-010
           4          22   3.0018829463768249E-009
           4          23  -1.1616496403138691E-010
           4          24   3.3078289396217008E-010
           4          25   1.0409964913100977E-009
           4          26   2.0775639609672399E-004
           4          27   2.6134881155250841E-010
           4          28   2.0775335927039433E-004
           4          29   1.9608102403980453E-009
           4          30  -1.1683250074374358E-009
           4          31   2.0774754864692627E-004
           4          32   8.8368546766656453E-003
           4          33  -2.9627220901928027E-010
           4          34   8.8368549656751803E-003
           4          35  -3.8568453800565117E-010
           4          36  -1.8174634349272206E-010
           4          37   8.8368546076407518E-003
           4          38   2.8103818226188633E-002
           4          39   8.8207363320816435E-010
           4          40   2.8103817701323724E-002
           4          41   7.4225468414723033E-010
           4          42   4.1168220394121659E-010
           4          43   2.8103818542306726E-002
           4          44   1.0389543110777649E-002
           4          45  -4.7558874585758395E-010
           4          46   1.0389543127571246E-002
           4          47  -1.3671908522391627E-010
           4          48  -6.6546595728482159E-010
           4          49   1.0389541963420325E-002
           4          50  -6.3540953984645904E-010
           4          51  -1.1469920007595079E-009
           4          52  -6.3395497235351773E-010
           4          53  -2.5887319245100140E-009
           4          54   1.1304813075081995E-009
           4          55  -1.8965396318492993E-010
           4          56   1.3245190075869791E-009
           4          57  -5.6816247384507543E-010
           4          58  -9.4588183222024513E-010
           4          59   3.0775800816637456E-009
           4          60  -1.7411508622737632E-009
           4          61  -2.3519910752299945E-009
           4          62  -1.1734279436745780E-010
           4          63  -4.0055346018278724E-009
           4          64   1.6390189731466190E-009
           4          65   5.4401195946740251E-011
           4          66   2.6694263264398146E-009
           4          67  -1.1881129144802384E-009
           4          68  -1.4887737437459721E-009
           4          69   3.1746495277843787E-009
           5           1  -6.4871383607545217E-003
           5           2  -4.4521544063176315E-002
           5           3 -0.17917307699355695     
           5           4  0.20860829006802234     
           5           5   1.7273191500990925     
           5           6 -0.50959454162016682     
           5           7  -3.3431101388306010E-002
           5           8  -2.2808329186511865E-009
           5           9   3.4517062568297155E-009
           5          10   6.1524849436810856E-009
           5          11  -1.6591443057310069E-008
           5          12   3.4059618441711991E-008
           5          13   3.2132241452672817E-008
           5          14   2.1918359806998666E-008
           5          15  -4.3865894978190245E-008
           5          16  -7.1616724816173343E-008
           5          17   2.3187521256511201E-008
           5          18  -3.9701146771633435E-008
           5          19  -6.5387454673807200E-008
           5          20   2.1235682591859620E-008
           5          21   1.0455500631504991E-008
           5          22  -3.2072966531686811E-008
           5          23   1.2243577468209611E-009
           5          24   3.9335306105911940E-009
           5          25   4.4852538219590065E-010
           5          26   8.0526709745039858E-004
           5          27  -2.4528599466989591E-008
           5          28   8.0534856258307496E-004
           5          29  -4.4325947469533897E-008
           5          30  -2.0116828393882810E-009
           5          31   8.0529444377004916E-004
           5          32   4.8764526838879912E-002
           5          33  -2.3313253558833368E-009
           5          34   4.8764529094780316E-002
           5          35  -2.9039477471404141E-009
           5          36  -1.2974920398648699E-009
           5          37   4.8764526480044659E-002
           5          38  0.16369455729252869     
           5          39   6.9358052056965836E-009
           5          40  0.16369455333660060     
           5          41   5.7361704408036117E-009
           5          42   3.1644210790617476E-009
           5          43  0.16369455981894854     
           5          44   6.1209934205242650E-002
           5          45  -3.7802665289648114E-009
           5          46   6.1209934423248749E-002
           5          47  -1.1133711983163283E-009
           5          48  -5.2026146689380875E-009
           5          49   6.1209925279350132E-002
           5          50   6.4635317291575049E-009
           5          51  -5.7977051596011924E-009
           5          52   7.4232753771552863E-011
           5          53  -1.3177134112187041E-008
           5          54  -1.0639794112981326E-008
           5          55  -1.5880843613828817E-009
           5          56  -9.0951429892249706E-009
           5          57   5.9706800797554071E-010
           5          58  -4.1990731785377090E-009
           5          59  -1.9450401598424106E-008
           5          60   3.3686856875197216E-010
           5          61  -1.4418681551300934E-008
           5          62   5.3731529142143083E-009
           5          63  -2.2400876836477193E-008
           5          64  -1.1255196796171895E-008
           5          65   4.7307673828471004E-010
           5          66  -3.1978172811886336E-009
           5          67  -3.0347454650948297E-009
           5          68  -7.6601313029693146E-009
           5          69  -2.9062930117933613E-008
           6           1  -7.2230377535019482E-003
           6           2  -5.7093872459129509E-002
           6           3 -0.23651246719491170     
           6           4  -8.5130496125566057E-002
           6           5 -0.50959454162016682     
           6           6  0.19815997825453122     
           6           7   1.3861395606412677E-002
           6           8   1.7810890463950958E-009
           6           9  -8.7618068592377279E-011
           6          10  -3.7987348015598869E-009
           6          11   1.3426762638420436E-008
           6          12  -4.6211151178501779E-010
           6          13  -1.6391611282953623E-008
           6          14  -1.6674246144295854E-008
           6          15  -3.7745785376190563E-009
           6          16   4.1497335097267694E-008
           6          17  -1.7687837641096246E-008
           6          18  -4.6044457528480772E-009
           6          19   3.7306196214604002E-008
           6          20  -1.0540678835694179E-008
           6          21  -1.0337496244385366E-008
           6          22   1.7758845798298027E-008
           6          23  -9.7175031132009714E-010
           6          24  -2.2150451214110852E-009
           6          25   9.9384087510750021E-010
           6          26  -4.6160552121014294E-004
           6          27   1.2327668758478882E-008
           6          28  -4.6166267210086655E-004
           6          29   3.0498633193048437E-008
           6          30  -4.7720640461921926E-011
           6          31  -4.6163088151591125E-004
           6          32  -2.0361782695305690E-002
           6          33   7.1269198845188467E-010
           6          34  -2.0361783369222890E-002
           6          35   9.1399685986315550E-010
           6          36   4.3467170873878053E-010
           6          37  -2.0361782519536631E-002
           6          38  -6.5189960168130778E-002
           6          39  -2.1329748848337930E-009
           6          40  -6.5189958922407962E-002
           6          41  -1.7834534380884908E-009
           6          42  -9.9417764564642772E-010
           6          43  -6.5189960947769618E-002
           6          44  -2.4134582332366872E-002
           6          45   1.1687892689297279E-009
           6          46  -2.4134582453333678E-002
           6          47   3.7442649622871902E-010
           6          48   1.6069901081930998E-009
           6          49  -2.4134579612176250E-002
           6          50  -5.0878185061950243E-009
           6          51  -7.1014681321946545E-010
           6          52  -1.4248231588759032E-009
           6          53  -1.5287776540117328E-009
           6          54   5.9719282256258750E-009
           6          55   4.6415320376774915E-010
           6          56   5.5010310504266158E-009
           6          57  -1.5844654146136156E-009
           6          58  -1.1980841566693422E-009
           6          59   1.2021656443518342E-008
           6          60  -4.1598172922208397E-009
           6          61   1.2915934525300528E-009
           6          62  -3.4626704587213041E-009
           6          63  -1.4857467599582359E-010
           6          64   7.0028226597502463E-009
           6          65  -1.3403170505579162E-010
           6          66   4.5095051920460767E-009
           6          67  -8.6993213075295758E-010
           6          68  -7.9758290762372267E-010
           6          69   1.6851131205863161E-008
           7           1  -6.1653730851664594E-004
           7           2  -4.9407614040262240E-003
           7           3  -2.0746624325034553E-002
           7           4  -6.0097173904911736E-003
           7           5  -3.3431101388306010E-002
           7           6   1.3861395606412677E-002
           7           7   9.8138842211539356E-004
           7           8   1.0370176282611307E-009
           7           9  -9.3398601634209696E-009
           7          10  -6.6643074698108389E-009
           7          11   1.0207148728509481E-008
           7          12  -9.2826927341155954E-008
           7          13  -6.5999248022563919E-008
           7          14  -1.4346742023852084E-008
           7          15   1.2958431886185056E-007
           7          16   9.2454621046184516E-008
           7          17  -1.4655214472066483E-008
           7          18   1.3242318217527221E-007
           7          19   9.4455676169058259E-008
           7          20  -6.1697222816703112E-009
           7          21   5.2962918880722389E-008
           7          22   3.8235390178242695E-008
           7          23  -8.5086177677776007E-010
           7          24   7.5714026236584207E-009
           7          25   5.4024054030067159E-009
           7          26  -3.4292818560918906E-005
           7          27   9.6761221272495439E-009
           7          28  -3.4370614777542944E-005
           7          29   1.4928307602338246E-008
           7          30   5.0627330667902590E-009
           7          31  -3.4304572930633561E-005
           7          32  -1.4434180591285347E-003
           7          33   4.3483961778579603E-011
           7          34  -1.4434180723020122E-003
           7          35   5.5636483363988770E-011
           7          36   2.7307586577868327E-011
           7          37  -1.4434180421848629E-003
           7          38  -4.5810538736944569E-003
           7          39  -1.3901125142250514E-010
           7          40  -4.5810538115296688E-003
           7          41  -1.1505433378696575E-010
           7          42  -6.4866006648613837E-011
           7          43  -4.5810539282485074E-003
           7          44  -1.6927689886668661E-003
           7          45   8.8945558418921532E-011
           7          46  -1.6927690917897108E-003
           7          47   4.1572138280570111E-011
           7          48   1.1327818956423264E-010
           7          49  -1.6927688211943472E-003
           7          50  -4.6053908056997883E-009
           7          51   1.8675908142761833E-008
           7          52  -2.0034063198821300E-009
           7          53   4.1765297570783014E-008
           7          54   1.3329821802953937E-008
           7          55   3.0367448306690241E-011
           7          56   1.3298665636862846E-008
           7          57  -2.0139737575609988E-009
           7          58   1.8643620588038104E-008
           7          59   2.9718674075236088E-008
           7          60  -5.6759363945815528E-009
           7          61   2.3764650674498221E-008
           7          62  -2.6442660323532241E-009
           7          63   5.2944782421739549E-008
           7          64   1.6825010199298700E-008
           7          65  -8.6760418013250000E-012
           7          66   1.6659332409689462E-008
           7          67  -2.4721484426762950E-009
           7          68   2.3625854781334943E-008
           7          69   3.7705704645277089E-008
           8           1  -5.2809189206982645E-011
           8           2  -5.9806827498021503E-010
           8           3  -1.4158592843916806E-009
           8           4   2.5111610724775813E-010
           8           5  -2.2808329186511865E-009
           8           6   1.7810890463950958E-009
           8           7   1.0370176282611307E-009
           8           8   1.9980104655130078     
           8           9   8.1887290730772028E-012
           8          10   7.4144201656122302E-012
           8          11  -2.0531999964298917E-002
           8          12   7.4156744547110298E-011
           8          13   1.5304176160949381E-010
           8          14   4.9576652417604337E-003
           8          15  -9.3672255607572807E-011
           8          16  -8.3296699236474342E-011
           8          17  -5.8435210365146720E-002
           8          18   4.4100364950550724E-010
           8          19   1.1024859833657502E-010
           8          20   4.3368559126260239E-003
           8          21   2.0823605724950775E-010
           8          22  -1.6785432793058400E-010
           8          23  -5.6853349110588434E-004
           8          24   7.5691215563344644E-010
           8          25   1.4288284243580709E-010
           8          26   4.5757985832368885E-010
           8          27  -6.8034995972627739E-011
           8          28  -3.1717697106505240E-010
           8          29   6.8624100200087926E-011
           8          30  -4.3338922606942133E-012
           8          31   3.9557921181068072E-010
           8          32  -1.4115759226519189E-010
           8          33   3.5680320311131490E-010
           8          34   3.9897305494609856E-010
           8          35   2.2893524101548598E-010
           8          36   1.7418102155973459E-010
           8          37   5.0088732249894227E-010
           8          38   2.4350553219312418E-010
           8          39   3.5394113763562947E-010
           8          40  -4.1930286690072367E-010
           8          41   4.5166226422879395E-010
           8          42   2.0687897364081042E-012
           8          43   2.5481985315136531E-012
           8          44  -7.4686751956368760E-010
           8          45   5.3923834275570128E-010
           8          46  -2.8911433563462550E-010
           8          47   1.8797833765270087E-010
           8          48   6.2900541931520928E-010
           8          49  -6.8704075463047970E-010
           8          50   2.4268876751829642E-003
           8          51  -1.1748584196431475E-010
           8          52   1.0853089746736986E-003
           8          53  -1.5972738908430484E-010
           8          54   4.6148890989834625E-011
           8          55  -3.7011341746119758E-011
           8          56  -1.0223208594912570E-010
           8          57   1.0853088831681407E-003
           8          58   7.8935980121026469E-011
           8          59  -1.2616861715271637E-010
           8          60   1.0658666732291748E-003
           8          61   1.1236362751701479E-011
           8          62   4.7691313682995604E-004
           8          63  -3.3360786469470785E-010
           8          64   1.7043907156796953E-010
           8          65   1.1643753575496283E-010
           8          66  -1.7932594475924667E-010
           8          67   4.7691326991546100E-004
           8          68  -2.7313233681605480E-010
           8          69  -1.8425559960167509E-010
           9           1   3.2966574486931710E-011
           9           2   2.8153567483876741E-010
           9           3   9.9065631031398646E-010
           9           4   2.7877910712554169E-010
           9           5   3.4517062568297155E-009
           9           6  -8.7618068592377279E-011
           9           7  -9.3398601634209696E-009
           9           8   8.1887290730772028E-012
           9           9   1.9980104654312365     
           9          10  -4.3416098271858647E-011
           9          11   1.3374747294923883E-010
           9          12  -2.0532000786049671E-002
           9          13  -4.1635511596575803E-010
           9          14  -1.9382785079648940E-010
           9          15   4.9576665301526782E-003
           9          16   2.7721684366446842E-010
           9          17  -2.9407585264498715E-010
           9          18  -5.8435209465419191E-002
           9          19   9.5762934431212199E-010
           9          20  -2.8554997494149859E-010
           9          21   4.3368549550611580E-003
           9          22   2.9448976258863307E-009
           9          23   2.4744783463877046E-009
           9          24  -5.6853396651125653E-004
           9          25   1.6580166775387751E-009
           9          26  -1.5733281287604363E-010
           9          27  -5.8441544572807280E-010
           9          28   1.1139321400920750E-009
           9          29  -3.8337130256538010E-010
           9          30   2.6030154184556170E-010
           9          31  -6.2154137826403239E-010
           9          32   2.2532722221266881E-010
           9          33  -5.2834985649859321E-010
           9          34  -4.2777434651696268E-010
           9          35   5.0093363650973501E-010
           9          36  -6.9950805080291361E-010
           9          37  -4.0654852541377653E-010
           9          38   3.2920462510630469E-010
           9          39   1.4348047950554496E-009
           9          40   1.2469338931809074E-009
           9          41   2.9175840295100772E-010
           9          42  -2.7636298662061192E-010
           9          43  -5.9390858430039160E-010
           9          44   3.4785860486110782E-009
           9          45  -3.6319313121418660E-009
           9          46   9.9279407908404080E-011
           9          47  -1.9697751927673125E-010
           9          48  -2.4201898578402392E-009
           9          49   3.1782501019493192E-009
           9          50  -3.3729034951308912E-010
           9          51   1.0853096245290864E-003
           9          52   1.4282575431590408E-010
           9          53   2.4268879823767871E-003
           9          54   3.4973186656796565E-010
           9          55   1.9228711286937492E-010
           9          56  -4.2248023926928086E-010
           9          57  -8.1183154572754199E-011
           9          58   1.0853085477076797E-003
           9          59   7.2803835833232244E-010
           9          60  -6.0724615873891663E-010
           9          61   4.7691233911762560E-004
           9          62  -3.1731308252074160E-010
           9          63   1.0658676354728211E-003
           9          64  -1.1957517654531159E-009
           9          65  -1.1002789406399442E-009
           9          66  -2.8032742154047302E-010
           9          67  -3.8123891996327645E-010
           9          68   4.7691356183330561E-004
           9          69  -1.5372560997588269E-009
          10           1   1.3085768894294354E-010
          10           2   1.2779644593254061E-009
          10           3   3.7854942361413888E-009
          10           4  -7.3225939534252650E-010
          10           5   6.1524849436810856E-009
          10           6  -3.7987348015598869E-009
          10           7  -6.6643074698108389E-009
          10           8   7.4144201656122302E-012
          10           9  -4.3416098271858647E-011
          10          10   1.9980104655350779     
          10          11   7.8621074738440336E-011
          10          12  -2.8310197957605310E-010
          10          13  -2.0531999676701128E-002
          10          14  -6.3115637987266188E-011
          10          15   6.7533937209846018E-010
          10          16   4.9576645520748907E-003
          10          17  -2.8710330174461923E-011
          10          18  -8.5353003788021797E-010
          10          19  -5.8435210972618695E-002
          10          20  -1.6703600803956789E-009
          10          21  -4.2137489656389471E-010
          10          22   4.3368578847701716E-003
          10          23   3.2081460126834034E-009
          10          24  -2.9892562990066571E-009
          10          25  -5.6853244814872891E-004
          10          26  -7.6800636221155136E-010
          10          27   2.9277666805265011E-010
          10          28  -3.1456016778987962E-010
          10          29  -8.3090401999842692E-010
          10          30   8.2839553068248821E-010
          10          31   2.3448067786434501E-010
          10          32  -1.9561455910999539E-010
          10          33  -5.6551941987027784E-010
          10          34  -1.7744110005437494E-009
          10          35   6.6975445901823929E-010
          10          36  -1.0076361315354143E-009
          10          37  -4.7490574476581848E-010
          10          38  -8.6733062494376365E-010
          10          39   1.4288281308072800E-009
          10          40   4.4798317803094550E-010
          10          41   8.3103573759816581E-010
          10          42   5.7709244553578241E-010
          10          43   4.5187051620267701E-010
          10          44   3.9334771426792881E-009
          10          45  -2.2262513291409239E-009
          10          46   9.6891986268773356E-010
          10          47   2.4689311226264013E-010
          10          48  -3.3889630061612928E-009
          10          49   4.5608424270951013E-009
          10          50   4.4926649588592805E-010
          10          51   4.9619857994589317E-010
          10          52   2.0129724723574362E-011
          10          53   2.1730328094663603E-010
          10          54   1.0853090304809253E-003
          10          55   2.0938121617177339E-010
          10          56   1.0853086328410427E-003
          10          57   2.1216115039660640E-011
          10          58  -6.3553284591335787E-010
          10          59   2.4268880387037445E-003
          10          60  -4.4040264572100737E-011
          10          61  -6.9220733002950049E-010
          10          62  -1.6103875177131020E-010
          10          63   1.0232922926980276E-009
          10          64   4.7691189341790281E-004
          10          65  -1.0116679340673258E-009
          10          66   4.7691279535952896E-004
          10          67  -6.2259235311304785E-010
          10          68   8.6428078040733103E-010
          10          69   1.0658656685274619E-003
          11           1  -3.6980337745989291E-010
          11           2  -2.6997229064062040E-009
          11           3  -9.6218851992704266E-009
          11           4   3.6035903275119582E-009
          11           5  -1.6591443057310069E-008
          11           6   1.3426762638420436E-008
          11           7   1.0207148728509481E-008
          11           8  -2.0531999964298917E-002
          11           9   1.3374747294923883E-010
          11          10   7.8621074738440336E-011
          11          11   1.7911998210088882     
          11          12   1.2333023872990179E-009
          11          13   7.2436617901822098E-010
          11          14   5.6424789662427810E-002
          11          15  -1.7159183240966769E-009
          11          16  -7.7321109541103605E-010
          11          17 -0.58890317502487965     
          11          18   3.6492951768080095E-009
          11          19   1.9363118304929761E-009
          11          20   3.6306129566176543E-002
          11          21   1.4095585449715176E-009
          11          22  -1.7474075782262372E-009
          11          23  -4.9823468669860094E-003
          11          24   7.9791558967728937E-009
          11          25   1.8021524100222865E-009
          11          26   4.6742664135488056E-009
          11          27  -1.4197987465065948E-009
          11          28  -4.3047853635911504E-009
          11          29   9.3244736374420538E-010
          11          30  -8.1015991830123022E-010
          11          31   6.5516645002153392E-010
          11          32  -2.6629268677459051E-009
          11          33   2.3236141580175532E-009
          11          34   2.6726418578001438E-009
          11          35   5.2753650483531140E-010
          11          36   2.1262282022330736E-009
          11          37   3.6723812303726341E-009
          11          38   2.4476004824143592E-009
          11          39   4.0277664703473193E-009
          11          40  -4.0317198407889619E-009
          11          41   5.6328659665822012E-009
          11          42   1.8260624583776674E-010
          11          43   3.1931730115929245E-010
          11          44  -6.9913670658654283E-009
          11          45   5.0200053939093100E-009
          11          46  -2.5329540605448960E-009
          11          47   1.3347279862270890E-009
          11          48   6.0381219486179161E-009
          11          49  -6.3237877966396725E-009
          11          50   1.8609374384173753E-002
          11          51  -9.6814377088111359E-010
          11          52   8.3219355064897901E-003
          11          53  -8.7361840071104035E-010
          11          54   2.7320231743132445E-010
          11          55  -1.8010564861029451E-010
          11          56  -1.0551060177464711E-009
          11          57   8.3219346524564079E-003
          11          58   5.2340480170484649E-010
          11          59  -1.3806012474741614E-010
          11          60   1.8621069008889969E-002
          11          61  -3.8369171338412111E-011
          11          62   8.3293337256705492E-003
          11          63  -3.7745373506446744E-009
          11          64   2.2264178142165220E-009
          11          65   1.4021358347632452E-009
          11          66  -1.0455442714949262E-009
          11          67   8.3293347707472463E-003
          11          68  -2.5840982422441205E-009
          11          69  -1.1957612625762559E-009
          12           1   3.4805930135868672E-010
          12           2   2.7042492287944274E-009
          12           3   1.1275038330501985E-008
          12           4   4.9749284395700576E-009
          12           5   3.4059618441711991E-008
          12           6  -4.6211151178501779E-010
          12           7  -9.2826927341155954E-008
          12           8   7.4156744547110298E-011
          12           9  -2.0532000786049671E-002
          12          10  -2.8310197957605310E-010
          12          11   1.2333023872990179E-009
          12          12   1.7911998141274135     
          12          13  -3.2513603649697576E-009
          12          14  -1.3342170510771689E-009
          12          15   5.6424802190345735E-002
          12          16   6.0407677818230532E-010
          12          17  -2.5702561988472095E-009
          12          18 -0.58890316705402990     
          12          19   7.9427503532625288E-009
          12          20  -3.7155902530075502E-009
          12          21   3.6306117614647235E-002
          12          22   3.1215670657711025E-008
          12          23   2.4658900185658972E-008
          12          24  -4.9823513587585119E-003
          12          25   1.6296915613008001E-008
