           1           1   1.9911497937181140     
           1           2   6.5953259911313532E-003
           1           3  -2.2905344030454827E-002
           1           4   6.2829860405836293E-003
           1           5   2.3844785941780236E-004
           1           6   5.8991958801800544E-014
           1           7  -2.1010717618031475E-013
           1           8  -1.4409960481809062E-013
           1           9  -4.3989709652553117E-014
           1          10   1.4899837140205662E-013
           1          11   8.9001475182749176E-014
           1          12   1.5281521418111183E-014
           1          13  -4.0021659616047583E-014
           1          14  -2.7950069472193474E-014
           1          15  -3.1790304392430574E-015
           1          16   1.3863083422504211E-015
           1          17   1.0071382513764238E-014
           1          18   3.8492808752631944E-003
           1          19  -6.2160037216263310E-016
           1          20   3.8492808752551093E-003
           1          21  -1.4826943210868699E-015
           1          22   3.2627498716821347E-015
           1          23   3.8492808752637305E-003
           1          24  -4.2055316412213900E-004
           1          25   2.7028366239365652E-015
           1          26  -4.2055316414119803E-004
           1          27  -9.2664817950137967E-016
           1          28  -3.3351467821585084E-015
           1          29  -4.2055316411905976E-004
           1          30   2.8573208594172778E-003
           1          31   8.1894076933229207E-015
           1          32   2.8573208594477387E-003
           1          33   1.3012939635298375E-014
           1          34   1.0343339091931182E-014
           1          35   2.8573208594106095E-003
           1          36  -1.0664166592283121E-014
           1          37   1.3787860674921440E-014
           1          38   2.4767565967463701E-014
           1          39   1.8184366582425511E-014
           1          40   8.1400215250427663E-015
           1          41  -3.3865830946961021E-015
           1          42  -1.2298878987022959E-014
           1          43   4.1563573137663163E-015
           1          44   1.5138910860149230E-014
           1          45   1.5352899145921087E-014
           1          46  -1.2523800077852948E-014
           1          47   7.7116990721679456E-015
           1          48  -2.4037719133151262E-014
           1          49   4.8279205994361968E-014
           1          50   1.3025975928120743E-014
           1          51   3.8077768393356666E-015
           1          52   2.9033469336586126E-014
           1          53  -1.2886227724381008E-014
           1          54   1.4309662155715225E-014
           1          55   3.6207441345085213E-014
           2           1   6.5953259911313532E-003
           2           2   1.1366513399413750E-002
           2           3  0.10216433881759296     
           2           4  -2.2363075024735907E-002
           2           5   1.9203074235504838E-003
           2           6  -3.1305881724947101E-015
           2           7  -6.8308623385232479E-015
           2           8   1.7845074970777917E-014
           2           9   6.6831165771001286E-015
           2          10   1.6986126431140857E-015
           2          11  -1.1662121933142595E-014
           2          12  -7.8690941183000910E-015
           2          13  -3.0326548329547933E-015
           2          14   7.4980342519631168E-015
           2          15   9.8318236576256034E-015
           2          16   2.2463852106828024E-015
           2          17  -4.7809885490263120E-015
           2          18  -7.0063637554345170E-005
           2          19  -3.4856242982138285E-016
           2          20  -7.0063637557220135E-005
           2          21   4.1321138127122707E-016
           2          22  -9.9989440859191657E-016
           2          23  -7.0063637555606084E-005
           2          24   8.5341287854597870E-004
           2          25   1.0740895830006117E-015
           2          26   8.5341287855544943E-004
           2          27  -4.1228851149298887E-015
           2          28   1.6514315267572407E-015
           2          29   8.5341287855620436E-004
           2          30   5.1994288591599375E-003
           2          31   7.5339188705485206E-016
           2          32   5.1994288591545364E-003
           2          33   3.2150267479167614E-015
           2          34   1.1527875447561950E-015
           2          35   5.1994288591502942E-003
           2          36  -1.2940279520165042E-015
           2          37  -2.9769141735003878E-016
           2          38   2.6739313737188096E-015
           2          39  -1.0078246881893177E-015
           2          40  -1.1548196172080954E-015
           2          41   1.2695724571550540E-015
           2          42   2.5135626496119276E-016
           2          43  -3.7615466540267803E-015
           2          44  -3.9132473976317464E-016
           2          45  -5.1411182777069633E-015
           2          46   1.6701649597334843E-015
           2          47   4.6555233967371314E-016
           2          48  -2.6440040192404796E-015
           2          49   3.3493926064923112E-015
           2          50  -1.0877562714684618E-015
           2          51  -2.7288776507458438E-015
           2          52  -4.8231652519788117E-015
           2          53   3.0235656119906936E-015
           2          54   3.7492267266966278E-015
           2          55  -2.2541273794639089E-015
           3           1  -2.2905344030454827E-002
           3           2  0.10216433881759296     
           3           3   1.0109814025814194     
           3           4 -0.22522193749736480     
           3           5   1.8720631179642917E-002
           3           6  -4.0620624811062691E-014
           3           7  -4.9937277847420497E-014
           3           8   1.8644301683899482E-013
           3           9   6.8385012014587504E-014
           3          10   1.0023863897236661E-014
           3          11  -1.2654653082990261E-013
           3          12  -7.2115917644654011E-014
           3          13  -3.3896479436498829E-014
           3          14   8.0469962897804657E-014
           3          15   9.5560923783115641E-014
           3          16   2.6499678601641334E-014
           3          17  -4.9549389467271417E-014
           3          18  -6.6877034288577593E-004
           3          19  -3.3286659960240101E-015
           3          20  -6.6877034291571910E-004
           3          21   3.7448996344411069E-015
           3          22  -9.4667269941192649E-015
           3          23  -6.6877034289791152E-004
           3          24   8.4768837730080614E-003
           3          25   1.1079227265525067E-014
           3          26   8.4768837731066145E-003
           3          27  -3.9774322319404286E-014
           3          28   1.4129328777711360E-014
           3          29   8.4768837731127068E-003
           3          30   5.0504377491855608E-002
           3          31   9.3256219047746886E-015
           3          32   5.0504377491799778E-002
           3          33   3.0841112181918866E-014
           3          34   1.3645853618467211E-014
           3          35   5.0504377491756229E-002
           3          36  -6.7635621025853719E-015
           3          37  -2.3444630795303620E-015
           3          38   2.8269373912743655E-014
           3          39  -1.1390653671799472E-014
           3          40  -8.9831729163331661E-015
           3          41   1.0631713162962156E-014
           3          42   1.0723685111124025E-016
           3          43  -3.2565021553910007E-014
           3          44  -8.6830115583040875E-015
           3          45  -5.1841764738130606E-014
           3          46   1.4099666753997967E-014
           3          47   1.1107613594899159E-015
           3          48  -2.6528997571594670E-014
           3          49   2.8879136676534493E-014
           3          50  -1.5803891755907777E-014
           3          51  -2.4771726941795860E-014
           3          52  -4.6996293352565238E-014
           3          53   2.5974768404234790E-014
           3          54   3.7883971234041762E-014
           3          55  -2.1711918523750688E-014
           4           1   6.2829860405836293E-003
           4           2  -2.2363075024735907E-002
           4           3 -0.22522193749736480     
           4           4   5.0327427529896454E-002
           4           5  -4.1601369869781520E-003
           4           6   9.3626094170143549E-015
           4           7   1.0672027205361255E-014
           4           8  -4.1762236916581946E-014
           4           9  -1.5274327996894527E-014
           4          10  -2.1376767921483028E-015
           4          11   2.8531615445070311E-014
           4          12   1.5822908924207736E-014
           4          13   7.7517260854817930E-015
           4          14  -1.8144022550236938E-014
           4          15  -2.1219165622589185E-014
           4          16  -6.0742437230382023E-015
           4          17   1.1116371885519370E-014
           4          18   1.4359036005688443E-004
           4          19   7.3759294713628048E-016
           4          20   1.4359036006362402E-004
           4          21  -8.1908320507763388E-016
           4          22   2.0885558662494588E-015
           4          23   1.4359036005957411E-004
           4          24  -1.8894339171598225E-003
           4          25  -2.4893613216266024E-015
           4          26  -1.8894339171819487E-003
           4          27   8.8224478502584450E-015
           4          28  -3.0568953443398880E-015
           4          29  -1.8894339171832773E-003
           4          30  -1.1218387969334664E-002
           4          31  -2.1610072162615685E-015
           4          32  -1.1218387969322164E-002
           4          33  -6.8480647484570293E-015
           4          34  -3.1405655462482253E-015
           4          35  -1.1218387969312358E-002
           4          36   1.2808904174181148E-015
           4          37   4.8270620432085012E-016
           4          38  -6.3984325117884546E-015
           4          39   2.5727889637117266E-015
           4          40   1.8956282171522566E-015
           4          41  -2.2886520738928107E-015
           4          42   8.4205885440023746E-017
           4          43   7.0669817337724598E-015
           4          44   2.1068984790324079E-015
           4          45   1.1570862736564067E-014
           4          46  -3.0311942509001541E-015
           4          47  -1.1845242424610091E-016
           4          48   5.9528537301268479E-015
           4          49  -6.3217891829226617E-015
           4          50   3.7049263305624585E-015
           4          51   5.4267201299609529E-015
           4          52   1.0408455332150391E-014
           4          53  -5.6166942068343337E-015
           4          54  -8.4880242771631373E-015
           4          55   4.7722111456303063E-015
           5           1   2.3844785941780236E-004
           5           2   1.9203074235504838E-003
           5           3   1.8720631179642917E-002
           5           4  -4.1601369869781520E-003
           5           5   3.4752628137775152E-004
           5           6  -7.1465671682461591E-016
           5           7  -1.0163858286610428E-015
           5           8   3.3964410088607147E-015
           5           9   1.2512219572073015E-015
           5          10   2.3573679947382573E-016
           5          11  -2.2957663849422275E-015
           5          12  -1.3472155726084873E-015
           5          13  -6.2659289652566218E-016
           5          14   1.4682222397314931E-015
           5          15   1.7737635255412748E-015
           5          16   4.8014455165234038E-016
           5          17  -9.0979971256882335E-016
           5          18  -1.1607959228976867E-005
           5          19  -6.2100789862995402E-017
           5          20  -1.1607959229529404E-005
           5          21   6.9925215787855399E-017
           5          22  -1.7573240222865432E-016
           5          23  -1.1607959229202407E-005
           5          24   1.5683696740666399E-004
           5          25   2.0464416867070372E-016
           5          26   1.5683696740847279E-004
           5          27  -7.3954907915048311E-016
           5          28   2.6667269563330923E-016
           5          29   1.5683696740859403E-004
           5          30   9.3851815623819561E-004
           5          31   1.6970908550240958E-016
           5          32   9.3851815623717430E-004
           5          33   5.7660061583335062E-016
           5          34   2.4925365626313556E-016
           5          35   9.3851815623636342E-004
           5          36  -1.4316229987134411E-016
           5          37  -4.1955446350502502E-017
           5          38   5.2437539981951227E-016
           5          39  -2.0335192022871722E-016
           5          40  -1.7089970164547050E-016
           5          41   2.0115409389182329E-016
           5          42   5.4215263052712827E-018
           5          43  -6.1425781981423474E-016
           5          44  -1.4513261285558569E-016
           5          45  -9.5437646806689101E-016
           5          46   2.6466599983125526E-016
           5          47   3.1261126127510845E-017
           5          48  -4.9569767213224535E-016
           5          49   5.5645120235131025E-016
           5          50  -2.7689957000094752E-016
           5          51  -4.6374086031274692E-016
           5          52  -8.6600743105202028E-016
           5          53   4.8844691432742719E-016
           5          54   7.0281215145266062E-016
           5          55  -3.9575916832395407E-016
           6           1   5.8991958801800544E-014
           6           2  -3.1305881724947101E-015
           6           3  -4.0620624811062691E-014
           6           4   9.3626094170143549E-015
           6           5  -7.1465671682461591E-016
           6           6   3.8353041255802420E-027
           6           7  -4.7537852209950809E-027
           6           8  -1.1835196322529814E-026
           6           9  -4.0125129373711873E-027
           6          10   3.9631558807389426E-027
           6          11   8.1249916134508288E-027
           6          12   2.8378154664964235E-027
           6          13   5.8199583316820315E-028
           6          14  -4.3637716890388108E-027
           6          15  -3.7412489932495261E-027
           6          16  -1.3206454096985642E-027
           6          17   2.3845808803825321E-027
           6          18   1.2472365735939621E-016
           6          19   1.0694966461713032E-028
           6          20   1.2472365736047917E-016
           6          21  -1.6200790897289489E-028
           6          22   4.2875672355078911E-028
           6          23   1.2472365735986598E-016
           6          24  -3.4882444080563737E-016
           6          25  -4.0084496538266395E-028
           6          26  -3.4882444081038242E-016
           6          27   1.4768548272423876E-027
           6          28  -4.8670252039587553E-028
           6          29  -3.4882444080994913E-016
           6          30  -1.8570440902071919E-015
           6          31  -2.9111710765181057E-028
           6          32  -1.8570440902040187E-015
           6          33  -8.1279376749732239E-028
           6          34  -4.3269166561630520E-028
           6          35  -1.8570440902031462E-015
           6          36  -4.4440257746208108E-028
           6          37   4.0775643651043714E-028
           6          38  -6.0595977205499533E-028
           6          39   1.0255314415782782E-027
           6          40   3.9110853918882701E-028
           6          41  -3.6981107098453830E-028
           6          42  -1.5240089339410626E-028
           6          43   1.0618271701244628E-027
           6          44   1.0835539095267420E-027
           6          45   2.5210100860630122E-027
           6          46  -7.0878822440924427E-028
           6          47   4.0817331968253511E-028
           6          48   4.5201407779174406E-028
           6          49   4.1824252256869191E-028
           6          50   1.3270840257192375E-027
           6          51   9.1891003363745841E-028
           6          52   2.5622701232764981E-027
           6          53  -1.0790540061670948E-027
           6          54  -1.1844359372566674E-027
           6          55   1.7575735447475681E-027
           7           1  -2.1010717618031475E-013
           7           2  -6.8308623385232479E-015
           7           3  -4.9937277847420497E-014
           7           4   1.0672027205361255E-014
           7           5  -1.0163858286610428E-015
           7           6  -4.7537852209950809E-027
           7           7   2.5584671797260781E-026
           7           8   5.9432238547194365E-027
           7           9   1.1571688387437294E-027
           7          10  -1.6345232559632474E-026
           7          11  -3.5092203780808264E-027
           7          12   2.6516660757559069E-027
           7          13   5.5212707516876605E-027
           7          14  -7.6972084578087597E-028
           7          15  -4.7628388330121182E-027
           7          16  -1.1511724186628249E-027
           7          17   1.3420806926242559E-027
           7          18  -3.5739077290890865E-016
           7          19   2.4597094174309045E-028
           7          20  -3.5739077290665877E-016
           7          21  -7.0981811216645690E-029
           7          22   1.9174193828006663E-028
           7          23  -3.5739077290830704E-016
           7          24  -3.9263218156743165E-016
           7          25  -8.1154956666907006E-028
           7          26  -3.9263218157016830E-016
           7          27   2.2383851525739271E-027
           7          28  -5.7639948794547942E-028
           7          29  -3.9263218157286631E-016
           7          30  -2.9844157641006888E-015
           7          31  -1.1624382683999272E-027
           7          32  -2.9844157641011211E-015
           7          33  -3.0094076327209149E-027
           7          34  -1.5752347535017611E-027
           7          35  -2.9844157640952007E-015
           7          36   1.9524373310408222E-027
           7          37  -1.2393648793108646E-027
           7          38  -3.8443889282835987E-027
           7          39  -1.3923731129803874E-027
           7          40  -1.6199704911666560E-028
           7          41  -3.6648163943095209E-028
           7          42   1.0522004309636235E-027
           7          43   1.6525240736645965E-027
           7          44  -1.5075944859038081E-027
           7          45   1.0274807899359193E-027
           7          46   3.4759343043565610E-028
           7          47  -1.1425784779538780E-027
           7          48   3.8018164767001625E-027
           7          49  -6.7965525676671867E-027
           7          50  -9.4243008458278717E-028
           7          51   1.0800387172620692E-027
           7          52  -4.7988195359716874E-028
           7          53  -3.5777151088418208E-028
           7          54  -3.3578055057550279E-027
           7          55  -2.5335082050847843E-027
           8           1  -1.4409960481809062E-013
           8           2   1.7845074970777917E-014
           8           3   1.8644301683899482E-013
           8           4  -4.1762236916581946E-014
           8           5   3.3964410088607147E-015
           8           6  -1.1835196322529814E-026
           8           7   5.9432238547194365E-027
           8           8   4.4348431833387503E-026
           8           9   1.5607416285527293E-026
           8          10  -8.6435699719507672E-027
           8          11  -2.9662963822822923E-026
           8          12  -1.4021428242589195E-026
           8          13  -3.5971699120013377E-027
           8          14   1.6866615592638227E-026
           8          15   1.7628179286873988E-026
           8          16   4.9098722826799810E-027
           8          17  -9.8352592092984469E-027
           8          18  -3.8549992611823377E-016
           8          19  -5.6154425825407611E-028
           8          20  -3.8549992612321015E-016
           8          21   7.7371457802447563E-028
           8          22  -1.9390437419259917E-027
           8          23  -3.8549992612047699E-016
           8          24   1.5801531952965155E-015
           8          25   1.8573160524279643E-027
           8          26   1.5801531953160252E-015
           8          27  -7.1714990313380776E-027
           8          28   2.7301008828462828E-027
           8          29   1.5801531953155689E-015
           8          30   9.0040260796074506E-015
           8          31   1.2131084186591981E-027
           8          32   9.0040260795950623E-015
           8          33   4.7105192208980048E-027
           8          34   1.8690420934943182E-027
           8          35   9.0040260795895892E-015
           8          36  -2.7986772807634227E-028
           8          37  -1.3523648491671511E-027
           8          38   3.5374183149562235E-027
           8          39  -3.3835094098059160E-027
           8          40  -2.1101057372730614E-027
           8          41   2.1045239903600876E-027
           8          42   7.7478771873738323E-028
           8          43  -6.0665111350003600E-027
           8          44  -2.8058922581350618E-027
           8          45  -1.0569455952477538E-026
           8          46   3.3471482047839412E-027
           8          47  -4.5635027362967362E-028
           8          48  -3.2154117585205759E-027
           8          49   1.8092235494111230E-027
           8          50  -3.9716040516705492E-027
           8          51  -4.7079029991098021E-027
           8          52  -1.0558765016257885E-026
           8          53   5.4869640500761219E-027
           8          54   5.9749026893572130E-027
           8          55  -6.4325703941307503E-027
           9           1  -4.3989709652553117E-014
           9           2   6.6831165771001286E-015
           9           3   6.8385012014587504E-014
           9           4  -1.5274327996894527E-014
           9           5   1.2512219572073015E-015
           9           6  -4.0125129373711873E-027
           9           7   1.1571688387437294E-027
           9           8   1.5607416285527293E-026
           9           9   5.5319491027767322E-027
           9          10  -2.5041216499762734E-027
           9          11  -1.0424005756864721E-026
           9          12  -5.1449843196779889E-027
           9          13  -1.4447416556685002E-027
           9          14   6.0195501548380399E-027
           9          15   6.4788471127404182E-027
           9          16   1.7666343310990359E-027
           9          17  -3.5493895911347062E-027
           9          18  -1.2624526878249845E-016
           9          19  -2.0995837624000708E-028
           9          20  -1.2624526878434414E-016
           9          21   2.8157889540036014E-028
           9          22  -7.0320920831818200E-028
           9          23  -1.2624526878332355E-016
           9          24   5.7834878274265543E-016
           9          25   6.8864688954080897E-028
           9          26   5.7834878274969602E-016
           9          27  -2.6478841847812990E-027
           9          28   1.0111401307716572E-027
           9          29   5.7834878274963162E-016
           9          30   3.3279993980344798E-015
           9          31   4.6018903863347558E-028
           9          32   3.3279993980300764E-015
           9          33   1.7924406275790954E-027
           9          34   7.0618031206812035E-028
           9          35   3.3279993980279311E-015
           9          36  -2.0582283645811456E-028
           9          37  -4.4683169808469083E-028
           9          38   1.3816078005437080E-027
           9          39  -1.1550383414278202E-027
           9          40  -7.6626625624607629E-028
           9          41   7.7838183142418094E-028
           9          42   2.5834573025982267E-028
           9          43  -2.2574523029806412E-027
           9          44  -9.2160744370136316E-028
           9          45  -3.8102576837170030E-027
           9          46   1.2026963332971626E-027
           9          47  -1.0175058660680527E-028
           9          48  -1.2746912117013413E-027
           9          49   9.0224439987325809E-028
           9          50  -1.3560407849361372E-027
           9          51  -1.7358381633570265E-027
           9          52  -3.7677681369598400E-027
           9          53   2.0021858874995577E-027
           9          54   2.2446791221155013E-027
           9          55  -2.2218632837062142E-027
          10           1   1.4899837140205662E-013
          10           2   1.6986126431140857E-015
          10           3   1.0023863897236661E-014
          10           4  -2.1376767921483028E-015
          10           5   2.3573679947382573E-016
          10           6   3.9631558807389426E-027
          10           7  -1.6345232559632474E-026
          10           8  -8.6435699719507672E-027
          10           9  -2.5041216499762734E-027
          10          10   1.1286225614099461E-026
          10          11   5.2153551011326869E-027
          10          12   2.9669001554025434E-028
          10          13  -3.3836612300786993E-027
          10          14  -1.1698556141162055E-027
          10          15   8.7464899935973785E-028
          10          16   4.0388718913054639E-028
          10          17   1.8284453124026571E-028
          10          18   2.8044313629671630E-016
          10          19  -8.5415042998576451E-029
          10          20   2.8044313629576582E-016
          10          21  -6.6932065019076276E-029
          10          22   1.3364177438566957E-028
          10          23   2.8044313629661493E-016
          10          24   6.6880417741968354E-017
          10          25   3.3024417313280272E-028
          10          26   6.6880417741676832E-017
          10          27  -5.3306606941149029E-028
          10          28  -8.1733787955674088E-029
          10          29   6.6880417743407852E-017
          10          30   8.0209977584229706E-016
          10          31   7.1820547682869461E-028
          10          32   8.0209977584393404E-016
          10          33   1.3343257774291465E-027
          10          34   9.2900952056843397E-028
          10          35   8.0209977584065081E-016
          10          36  -8.8791495185913311E-028
          10          37   1.0042032076988025E-027
          10          38   2.1797339503469950E-027
          10          39   1.2320012190002889E-027
          10          40   5.0088660051972690E-028
          10          41  -1.2670086474896982E-028
          10          42  -9.1550071548134112E-028
          10          43  -7.5207418162292175E-029
          10          44   1.0414457984259841E-027
          10          45   5.4945985208902506E-028
          10          46  -7.6978415894732428E-028
          10          47   5.9663360487805509E-028
          10          48  -2.1074515424563402E-027
          10          49   3.9583318608816997E-027
          10          50   8.0094386487474331E-028
          10          51  -6.4838900613292635E-030
          10          52   1.6271539065557313E-027
          10          53  -6.5632357908336824E-028
          10          54   1.5100707463944033E-027
          10          55   2.4582139354725740E-027
          11           1   8.9001475182749176E-014
          11           2  -1.1662121933142595E-014
          11           3  -1.2654653082990261E-013
          11           4   2.8531615445070311E-014
          11           5  -2.2957663849422275E-015
          11           6   8.1249916134508288E-027
          11           7  -3.5092203780808264E-027
          11           8  -2.9662963822822923E-026
          11           9  -1.0424005756864721E-026
          11          10   5.2153551011326869E-027
          11          11   2.0114032155423864E-026
          11          12   9.1428202768698829E-027
          11          13   2.9028769733555395E-027
          11          14  -1.1584882988278447E-026
          11          15  -1.1872843996531803E-026
          11          16  -3.5563665146127351E-027
          11          17   6.7269057852927587E-027
          11          18   2.3510465217654096E-016
          11          19   3.7979967413740886E-028
          11          20   2.3510465218005021E-016
          11          21  -4.9893567229211876E-028
          11          22   1.2748516700888493E-027
          11          23   2.3510465217804488E-016
          11          24  -1.0725747863855820E-015
          11          25  -1.3023827076584004E-027
          11          26  -1.0725747863989513E-015
          11          27   4.8291306254797766E-027
          11          28  -1.7239291721978151E-027
          11          29  -1.0725747863987205E-015
          11          30  -6.0911054617608083E-015
          11          31  -9.7119030809896669E-028
          11          32  -6.0911054617524747E-015
          11          33  -3.2397972201301802E-027
          11          34  -1.4494367469675051E-027
          11          35  -6.0911054617484295E-015
          11          36  -3.6664717970579131E-029
          11          37   7.9746369168897094E-028
          11          38  -2.6581701407916301E-027
          11          39   2.2480052581868265E-027
          11          40   1.2591480182420496E-027
          11          41  -1.3123321696860725E-027
          11          42  -3.2717762789652649E-028
          11          43   3.8651667054740952E-027
          11          44   2.0430935906313220E-027
          11          45   7.1279438405138757E-027
          11          46  -2.0714048234993888E-027
          11          47   4.3112336140601914E-028
          11          48   2.3632655243124539E-027
          11          49  -1.3409211808182033E-027
          11          50   2.8606514236171935E-027
          11          51   3.0638466288894734E-027
          11          52   6.9457129511111210E-027
          11          53  -3.4482833994289997E-027
          11          54  -4.1942857002332623E-027
          11          55   4.1007032986158001E-027
          12           1   1.5281521418111183E-014
          12           2  -7.8690941183000910E-015
          12           3  -7.2115917644654011E-014
          12           4   1.5822908924207736E-014
          12           5  -1.3472155726084873E-015
          12           6   2.8378154664964235E-027
          12           7   2.6516660757559069E-027
          12           8  -1.4021428242589195E-026
          12           9  -5.1449843196779889E-027
          12          10   2.9669001554025434E-028
          12          11   9.1428202768698829E-027
          12          12   5.6496213545952414E-027
          12          13   1.7695185603847542E-027
          12          14  -5.5879523929050647E-027
          12          15  -6.9386051346580129E-027
          12          16  -1.5943765218983749E-027
          12          17   3.4765222567945893E-027
          12          18   8.6581888513051266E-017
          12          19   2.3847431036301718E-028
          12          20   8.6581888515005213E-017
          12          21  -3.0301472879550105E-028
          12          22   7.3264389976207190E-028
          12          23   8.6581888513941607E-017
          12          24  -6.0483920695931121E-016
          12          25  -7.3240919174875471E-028
          12          26  -6.0483920696619166E-016
          12          27   2.8857736358879836E-027
          12          28  -1.1805196012300708E-027
          12          29  -6.0483920696649902E-016
          12          30  -3.6250512181466894E-015
          12          31  -4.6238017358424044E-028
          12          32  -3.6250512181425771E-015
          12          33  -2.1296961782553845E-027
          12          34  -7.2482161069024026E-028
          12          35  -3.6250512181399431E-015
          12          36   7.6859623666831122E-028
          12          37   3.3975787814831189E-028
          12          38  -1.6522577897653457E-027
          12          39   8.9503551255644661E-028
          12          40   8.7630986663555393E-028
          12          41  -9.1408750741382575E-028
          12          42  -2.8139429955624749E-028
          12          43   2.6578929824382399E-027
          12          44   4.5309950182287863E-028
          12          45   3.7732474457746010E-027
          12          46  -1.2816972669905781E-027
          12          47  -2.3044818236119622E-028
          12          48   1.6291388758460923E-027
          12          49  -1.8604208283854921E-027
          12          50   9.2408466627658454E-028
          12          51   1.9431915848464964E-027
          12          52   3.6717723480609300E-027
          12          53  -2.2279892145288818E-027
          12          54  -2.5041401163594489E-027
          12          55   1.9345774777061520E-027
          13           1  -4.0021659616047583E-014
          13           2  -3.0326548329547933E-015
          13           3  -3.3896479436498829E-014
          13           4   7.7517260854817930E-015
          13           5  -6.2659289652566218E-016
          13           6   5.8199583316820315E-028
          13           7   5.5212707516876605E-027
          13           8  -3.5971699120013377E-027
          13           9  -1.4447416556685002E-027
          13          10  -3.3836612300786993E-027
          13          11   2.9028769733555395E-027
          13          12   1.7695185603847542E-027
          13          13   2.3024800307918720E-027
          13          14  -2.4593016985455335E-027
          13          15  -3.0802077992692841E-027
          13          16  -1.1819588711529986E-027
          13          17   1.5847724512690155E-027
          13          18  -6.7414781053775444E-017
          13          19   1.2068415323747953E-028
          13          20  -6.7414781052482809E-017
          13          21  -7.3370432338227595E-029
          13          22   2.2229687624104807E-028
          13          23  -6.7414781053394437E-017
          13          24  -2.8079171846599367E-016
          13          25  -4.6570499821388696E-028
          13          26  -2.8079171846919028E-016
          13          27   1.3163105310971237E-027
          13          28  -2.7588300206615266E-028
          13          29  -2.8079171846982832E-016
          13          30  -1.7306611829772423E-015
          13          31  -6.1486004103511622E-028
          13          32  -1.7306611829759056E-015
          13          33  -1.2937693577870922E-027
          13          34  -8.3297587981112467E-028
          13          35  -1.7306611829734755E-015
          13          36   1.2582390977914389E-028
          13          37  -2.7298957469878121E-028
          13          38  -1.6386444266178048E-027
          13          39   5.0750029504806981E-029
          13          40  -2.3593041535581390E-029
          13          41  -1.7190450587931102E-028
          13          42   4.1799126840923471E-028
          13          43   7.4288123438472973E-028
          13          44   2.2556076627897662E-028
          13          45   1.4673075347958611E-027
          13          46  -5.0514830851063940E-029
          13          47  -1.2887238902184913E-029
          13          48   1.4787942407198239E-027
          13          49  -1.8492887991456095E-027
          13          50   5.3005072750619555E-028
          13          51   6.2622804859083682E-028
          13          52   8.8830510947289990E-028
          13          53  -3.5849531373718914E-028
          13          54  -1.6653618536998900E-027
          13          55  -1.3007813617671269E-028
          14           1  -2.7950069472193474E-014
          14           2   7.4980342519631168E-015
          14           3   8.0469962897804657E-014
          14           4  -1.8144022550236938E-014
          14           5   1.4682222397314931E-015
          14           6  -4.3637716890388108E-027
          14           7  -7.6972084578087597E-028
          14           8   1.6866615592638227E-026
          14           9   6.0195501548380399E-027
          14          10  -1.1698556141162055E-027
          14          11  -1.1584882988278447E-026
          14          12  -5.5879523929050647E-027
          14          13  -2.4593016985455335E-027
          14          14   7.0145066554933891E-027
          14          15   7.5270166013848495E-027
          14          16   2.3102798271956910E-027
          14          17  -4.1573627727843389E-027
          14          18  -9.3425883344993103E-017
          14          19  -2.5112547872566007E-028
          14          20  -9.3425883347359476E-017
          14          21   2.9527011962209160E-028
          14          22  -7.6419149527613182E-028
          14          23  -9.3425883345944037E-017
          14          24   6.7885465018765534E-016
          14          25   8.7337863566088914E-028
          14          26   6.7885465019593365E-016
          14          27  -3.0927314905588161E-027
          14          28   1.0419591104881406E-027
          14          29   6.7885465019610572E-016
          14          30   3.9272963312973492E-015
          14          31   7.4886509047315867E-028
          14          32   3.9272963312924646E-015
          14          33   2.2557741551020976E-027
          14          34   1.0875524208761123E-027
          14          35   3.9272963312893281E-015
          14          36  -1.0653450881972318E-028
          14          37  -3.0384341229963734E-028
          14          38   2.0695510567664904E-027
          14          39  -1.1744227116947741E-027
          14          40  -6.7350058185033880E-028
          14          41   7.7962498857284863E-028
          14          42   1.7530547412187883E-029
          14          43  -2.3863184197568892E-027
          14          44  -1.1034215918800227E-027
          14          45  -4.3301511221640303E-027
          14          46   1.1277945667582548E-027
          14          47  -1.7744832106929731E-028
          14          48  -1.8640932917321600E-027
          14          49   1.5471018260207891E-027
          14          50  -1.6575584792087297E-027
          14          51  -1.8905322106006980E-027
          14          52  -4.0051084592294226E-027
          14          53   1.9949351960268158E-027
          14          54   2.8921332122070831E-027
          14          55  -2.0835590923603768E-027
          15           1  -3.1790304392430574E-015
          15           2   9.8318236576256034E-015
          15           3   9.5560923783115641E-014
          15           4  -2.1219165622589185E-014
          15           5   1.7737635255412748E-015
          15           6  -3.7412489932495261E-027
          15           7  -4.7628388330121182E-027
          15           8   1.7628179286873988E-026
          15           9   6.4788471127404182E-027
          15          10   8.7464899935973785E-028
          15          11  -1.1872843996531803E-026
          15          12  -6.9386051346580129E-027
          15          13  -3.0802077992692841E-027
          15          14   7.5270166013848495E-027
