           1           1   1.1791159528830053     
           1           2  -7.8683846076662886E-002
           1           3 -0.44865307668307686     
           1           4  -4.4220667098986408E-002
           1           5  -2.0886455317076225E-003
           1           6   1.8495919251586864E-014
           1           7  -1.3915617344668310E-013
           1           8   2.3403890254558331E-013
           1           9  -1.9667594986341916E-015
           1          10   5.7155250134097685E-015
           1          11  -4.7928748897832859E-014
           1          12   4.3593001810398464E-014
           1          13   1.3839795479188120E-014
           1          14  -6.2800311298163253E-014
           1          15  -1.8802639378848617E-014
           1          16   3.1138919229941660E-015
           1          17   3.6152340342163657E-014
           1          18   3.0192940189964130E-003
           1          19  -8.5666962578385114E-017
           1          20   3.0192940189608772E-003
           1          21  -7.6986969256554503E-015
           1          22  -3.3574708631035495E-015
           1          23   3.0192940189652340E-003
           1          24  -1.3490861415182301E-003
           1          25   1.1856442863106253E-014
           1          26  -1.3490861414503039E-003
           1          27   2.7515261490875754E-014
           1          28   1.8211594794915901E-014
           1          29  -1.3490861414783950E-003
           1          30  -3.9451903873342431E-003
           1          31  -1.8031438010644324E-014
           1          32  -3.9451903874119969E-003
           1          33  -3.2172516096352877E-014
           1          34  -1.7593768986555946E-014
           1          35  -3.9451903873656668E-003
           1          36   1.6016447848671531E-014
           1          37   5.5515599946430892E-015
           1          38  -5.8469915619209260E-014
           1          39   4.1521416891439550E-014
           1          40  -2.5345762417445245E-014
           1          41   2.2888705335538557E-014
           1          42  -9.6757980434721416E-015
           1          43   1.3160991902645305E-014
           1          44  -8.0684052776355257E-015
           1          45  -3.0810577013786702E-014
           1          46  -2.6025582723832726E-014
           1          47   3.3100116109066928E-014
           1          48   3.8975266800010768E-014
           1          49   6.3464797247532488E-014
           1          50  -1.4163020065947358E-014
           1          51  -1.7103945919457857E-014
           1          52  -2.7906411723877936E-014
           1          53  -2.6371645958877488E-014
           1          54   3.7528690399918799E-014
           1          55  -1.0879119276141614E-013
           2           1  -7.8683846076662886E-002
           2           2  0.45342994345746113     
           2           3  0.10988182340141027     
           2           4  0.20839175852147401     
           2           5   1.2552157882090655E-002
           2           6   2.5141597297000343E-015
           2           7  -2.9082082673688029E-015
           2           8   5.6864239273679458E-015
           2           9  -1.4135982946457944E-015
           2          10  -1.9762294886995536E-015
           2          11   1.7675875677135409E-015
           2          12  -3.0828380222921872E-016
           2          13   1.1183877165077410E-014
           2          14  -4.0362200115084763E-015
           2          15  -4.3232867074398504E-015
           2          16  -9.0863205650146850E-015
           2          17   1.0601557928424136E-015
           2          18  -4.2901598005040984E-004
           2          19   4.2217447130055022E-017
           2          20  -4.2901598005484374E-004
           2          21  -1.0541517247248980E-015
           2          22   5.2902803806799903E-017
           2          23  -4.2901598005490912E-004
           2          24   5.6648182840305632E-003
           2          25  -4.7235825331209788E-015
           2          26   5.6648182840454697E-003
           2          27   3.4246989590139641E-015
           2          28  -3.6012923013421934E-015
           2          29   5.6648182840432484E-003
           2          30   3.3895615016191524E-002
           2          31   5.1808349623114343E-015
           2          32   3.3895615016184995E-002
           2          33  -1.3555368599299187E-015
           2          34   5.1108111785905952E-016
           2          35   3.3895615016178784E-002
           2          36  -3.3148395946466693E-015
           2          37  -7.6122316215265961E-016
           2          38   2.1277683714527155E-015
           2          39   1.0261667853050792E-015
           2          40  -1.0699719336979198E-015
           2          41   1.2364805514652093E-017
           2          42  -1.5185758898116276E-015
           2          43  -2.4212991899150044E-015
           2          44  -1.3716586114471426E-015
           2          45  -3.0159183483422855E-015
           2          46   3.2167461150457259E-015
           2          47  -2.1431589656744177E-016
           2          48  -2.8332924586616820E-015
           2          49  -1.1612595557060859E-015
           2          50   9.7655095526934106E-016
           2          51  -8.4122841263772836E-016
           2          52   1.4887064550349607E-015
           2          53   1.8176545514427172E-015
           2          54   1.9721656965484082E-016
           2          55   1.5918042483987177E-015
           3           1 -0.44865307668307686     
           3           2  0.10988182340141027     
           3           3  0.18500379074727716     
           3           4   5.3483034655961485E-002
           3           5   3.0092203251231133E-003
           3           6  -6.5234104478056634E-015
           3           7   5.0938310508030598E-014
           3           8  -8.5465265577771195E-014
           3           9   4.3155612868807320E-016
           3          10  -2.4731958455130026E-015
           3          11   1.7993101147585164E-014
           3          12  -1.6047656264909799E-014
           3          13  -3.2236308448435134E-015
           3          14   2.2627538991485870E-014
           3          15   6.0982755357389885E-015
           3          16  -2.6626572835123005E-015
           3          17  -1.3319592578270479E-014
           3          18  -1.1860052029470870E-003
           3          19   3.8550873049308700E-017
           3          20  -1.1860052029347640E-003
           3          21   2.6481439496581114E-015
           3          22   1.2711667745092446E-015
           3          23  -1.1860052029363201E-003
           3          24   1.5103350066750364E-003
           3          25  -5.1694408788535410E-015
           3          26   1.5103350066525971E-003
           3          27  -9.6128077582596361E-015
           3          28  -7.5712394313221865E-015
           3          29   1.5103350066622801E-003
           3          30   7.4997507572884484E-003
           3          31   7.5071201648335357E-015
           3          32   7.4997507573159776E-003
           3          33   1.1720769221959472E-014
           3          34   6.7602659203722418E-015
           3          35   7.4997507572978359E-003
           3          36  -6.4943927638044542E-015
           3          37  -2.3095505852617596E-015
           3          38   2.2033230769409609E-014
           3          39  -1.5119682881082472E-014
           3          40   9.2252972363616914E-015
           3          41  -8.4078432673140004E-015
           3          42   3.3508660256403009E-015
           3          43  -5.3482135200727728E-015
           3          44   2.8417421094883652E-015
           3          45   1.0879342613020343E-014
           3          46   1.0251602798829948E-014
           3          47  -1.2172191170891213E-014
           3          48  -1.5028524496823302E-014
           3          49  -2.3623435093594138E-014
           3          50   5.3789466936867511E-015
           3          51   6.1561464555459859E-015
           3          52   1.0551627652276845E-014
           3          53   1.0123394517434293E-014
           3          54  -1.3937659694012656E-014
           3          55   4.0410422076069536E-014
           4           1  -4.4220667098986408E-002
           4           2  0.20839175852147401     
           4           3   5.3483034655961485E-002
           4           4   9.5835080127326819E-002
           4           5   5.7683760866796135E-003
           4           6   9.6575495443390144E-016
           4           7  -3.0819877200229492E-016
           4           8   9.0695466164306654E-016
           4           9  -6.5009816486817640E-016
           4          10  -9.5072682878682102E-016
           4          11   1.1459998159997320E-015
           4          12  -4.1392957781596722E-016
           4          13   4.9862054380020017E-015
           4          14  -1.3398989040873575E-015
           4          15  -1.8750540542190068E-015
           4          16  -4.1462607704853044E-015
           4          17   1.6622079711999463E-016
           4          18  -2.1622920684765819E-004
           4          19   1.9732430755348636E-017
           4          20  -2.1622920684943902E-004
           4          21  -4.3056746626587610E-016
           4          22   5.6680157509581554E-017
           4          23  -2.1622920684947561E-004
           4          24   2.6070226628324093E-003
           4          25  -2.2306960464902711E-015
           4          26   2.6070226628387497E-003
           4          27   1.3484784426354814E-015
           4          28  -1.8590971039415075E-015
           4          29   2.6070226628378203E-003
           4          30   1.5564509852452949E-002
           4          31   2.4753827651318371E-015
           4          32   1.5564509852450505E-002
           4          33  -3.5931972732244530E-016
           4          34   4.2609257101557028E-016
           4          35   1.5564509852447355E-002
           4          36  -1.6300453352995480E-015
           4          37  -4.3591216803349344E-016
           4          38   1.4184610542696595E-015
           4          39   1.8402729593169576E-016
           4          40  -2.8709102456528874E-016
           4          41  -1.4243474462614840E-016
           4          42  -6.0813173598319153E-016
           4          43  -1.2257587275438400E-015
           4          44  -5.3011805053265010E-016
           4          45  -1.1463251588991786E-015
           4          46   1.6868267754037536E-015
           4          47  -3.0171101756594832E-016
           4          48  -1.6280782342405793E-015
           4          49  -9.8004184931157875E-016
           4          50   5.3959122294596214E-016
           4          51  -2.6668428887862914E-016
           4          52   8.7531494870973251E-016
           4          53   1.0455242702704891E-015
           4          54  -2.2240239686502849E-016
           4          55   1.4919578155791159E-015
           5           1  -2.0886455317076225E-003
           5           2   1.2552157882090655E-002
           5           3   3.0092203251231133E-003
           5           4   5.7683760866796135E-003
           5           5   3.4748927085615546E-004
           5           6   6.9128491974693124E-017
           5           7  -8.9183958805203504E-017
           5           8   1.7280680243028932E-016
           5           9  -3.9816395480994959E-017
           5          10  -5.4468796930795825E-017
           5          11   4.5415770177653433E-017
           5          12  -4.2469646616955686E-018
           5          13   3.0935024078270754E-016
           5          14  -1.1412374198874483E-016
           5          15  -1.2194497977424904E-016
           5          16  -2.5009554525049314E-016
           5          17   2.9856490101866222E-017
           5          18  -1.1607424180012825E-005
           5          19   1.1557391467927468E-018
           5          20  -1.1607424180138162E-005
           5          21  -2.9806420605932586E-017
           5          22   1.5087803522722981E-018
           5          23  -1.1607424180138869E-005
           5          24   1.5682194083101229E-004
           5          25  -1.2937286364777168E-016
           5          26   1.5682194083142960E-004
           5          27   9.5946133842527719E-017
           5          28  -1.0103773605291036E-016
           5          29   1.5682194083136249E-004
           5          30   9.3846461195681776E-004
           5          31   1.4131359284348805E-016
           5          32   9.3846461195663149E-004
           5          33  -3.8719119359255965E-017
           5          34   1.5099135490922350E-017
           5          35   9.3846461195646355E-004
           5          36  -9.0571309159878626E-017
           5          37  -2.2246150769402170E-017
           5          38   5.5709443498663663E-017
           5          39   3.1634593176755378E-017
           5          40  -3.0660905434747863E-017
           5          41   2.4331684912470874E-018
           5          42  -4.2112559004609168E-017
           5          43  -6.6862662365365693E-017
           5          44  -3.7207364706365305E-017
           5          45  -8.5139853783907969E-017
           5          46   8.8150243270091445E-017
           5          47  -2.5619828144440182E-018
           5          48  -7.7434521431494887E-017
           5          49  -2.7578419412459736E-017
           5          50   2.5762944806718224E-017
           5          51  -2.4590924302431643E-017
           5          52   3.9085840467060224E-017
           5          53   4.9296989601679650E-017
           5          54   6.6006634780321697E-018
           5          55   3.6058541054391016E-017
           6           1   1.8495919251586864E-014
           6           2   2.5141597297000343E-015
           6           3  -6.5234104478056634E-015
           6           4   9.6575495443390144E-016
           6           5   6.9128491974693124E-017
           6           6   1.0666116846140691E-027
           6           7  -3.0793647680089210E-027
           6           8   4.8807941432824520E-027
           6           9   1.5532759821261393E-028
           6          10   1.4375892296259517E-028
           6          11  -8.1902766399949470E-028
           6          12   3.4074151239292733E-028
           6          13   8.8430309327174011E-028
           6          14  -2.0171464191623665E-027
           6          15  -4.6318134351940391E-029
           6          16  -5.3649770508142335E-028
           6          17   1.4799896629252401E-027
           6          18   2.8943516679711483E-017
           6          19   1.6462875589277870E-030
           6          20   2.8943516679021994E-017
           6          21  -1.2645154855816251E-028
           6          22  -1.7083055656536832E-028
           6          23   2.8943516678795111E-017
           6          24   1.2808038119151167E-017
           6          25  -5.6240480899392376E-029
           6          26   1.2808038120673228E-017
           6          27   8.6980876457143418E-028
           6          28   1.3092382115260161E-027
           6          29   1.2808038121525512E-017
           6          30   2.2164020108231073E-016
           6          31   5.6141126816898678E-029
           6          32   2.2164020108083268E-016
           6          33  -1.0354976446302410E-027
           6          34  -1.1703683975364701E-027
           6          35   2.2164020108132059E-016
           6          36   2.3008989213170248E-028
           6          37   6.9931002454527806E-028
           6          38  -1.4239241584198532E-027
           6          39   6.7375947371868822E-028
           6          40  -7.7693324641339814E-028
           6          41   2.4325348684756028E-028
           6          42  -4.3673138116150787E-028
           6          43   5.0844995757811011E-028
           6          44  -6.8531123174882938E-028
           6          45  -8.1842481320734638E-028
           6          46  -8.0569302275988996E-028
           6          47   2.1422835648061632E-028
           6          48   1.3674095052351228E-027
           6          49   1.1341768841534562E-027
           6          50  -1.4618346590106409E-028
           6          51  -2.9329178745529303E-028
           6          52  -4.4027650406553007E-028
           6          53  -7.9304775355344242E-028
           6          54   1.2866801799741249E-027
           6          55  -1.8815358936432792E-027
           7           1  -1.3915617344668310E-013
           7           2  -2.9082082673688029E-015
           7           3   5.0938310508030598E-014
           7           4  -3.0819877200229492E-016
           7           5  -8.9183958805203504E-017
           7           6  -3.0793647680089210E-027
           7           7   1.7601853141594190E-026
           7           8  -2.9300118647647266E-026
           7           9   6.1843830257059118E-029
           7          10  -7.0305265140628652E-028
           7          11   5.7542551405808190E-027
           7          12  -4.8264824609573955E-027
           7          13  -2.5662327912641023E-027
           7          14   8.6624767702841770E-027
           7          15   2.0559510338889242E-027
           7          16   4.1905208310945920E-028
           7          17  -5.3035453352557246E-027
           7          18  -3.3252835768572207E-016
           7          19   6.2542386780051282E-030
           7          20  -3.3252835768126298E-016
           7          21   9.4332214572269126E-028
           7          22   5.2536964352412690E-028
           7          23  -3.3252835768146641E-016
           7          24   2.1028679142378290E-017
           7          25  -1.0690572587784702E-027
           7          26   2.1028679133519444E-017
           7          27  -3.8107533173162479E-027
           7          28  -3.1970792843737209E-027
           7          29   2.1028679135530946E-017
           7          30  -4.5186802915205602E-016
           7          31   1.6938082678015310E-027
           7          32  -4.5186802914239001E-016
           7          33   4.4270053196081815E-027
           7          34   3.0421879748356793E-027
           7          35  -4.5186802914754600E-016
           7          36  -1.8265879711164648E-027
           7          37  -1.3008547701683722E-027
           7          38   7.4732636535760859E-027
           7          39  -4.9936276741586304E-027
           7          40   3.4462523044661164E-027
           7          41  -2.6059655668460751E-027
           7          42   1.4853456317275947E-027
           7          43  -1.8470309318870446E-027
           7          44   1.5829444219282601E-027
           7          45   4.0862934894655162E-027
           7          46   3.4682033262853118E-027
           7          47  -3.6176573932914926E-027
           7          48  -5.4016708280436642E-027
           7          49  -7.6940150490273130E-027
           7          50   1.5898881444555695E-027
           7          51   2.0814771877705064E-027
           7          52   3.3029703525614889E-027
           7          53   3.5157848086188394E-027
           7          54  -5.2227266141986391E-027
           7          55   1.3129533016604906E-026
           8           1   2.3403890254558331E-013
           8           2   5.6864239273679458E-015
           8           3  -8.5465265577771195E-014
           8           4   9.0695466164306654E-016
           8           5   1.7280680243028932E-016
           8           6   4.8807941432824520E-027
           8           7  -2.9300118647647266E-026
           8           8   4.8894015608734606E-026
           8           9  -1.8821355675558854E-028
           8          10   1.1520008310574283E-027
           8          11  -9.6576946620240278E-027
           8          12   8.2712680927705685E-027
           8          13   4.1059312632378319E-027
           8          14  -1.4189423773060556E-026
           8          15  -3.5884973683548214E-027
           8          16  -5.1142565653857473E-028
           8          17   8.5642711443645030E-027
           8          18   5.6561390273175168E-016
           8          19  -1.1552357784591081E-029
           8          20   5.6561390272427081E-016
           8          21  -1.5923404830579107E-027
           8          22  -8.3613235026914336E-028
           8          23   5.6561390272473496E-016
           8          24  -2.0296810946659488E-017
           8          25   1.8766575738826699E-027
           8          26  -2.0296810931846085E-017
           8          27   6.2571413307901120E-027
           8          28   4.9458000852582198E-027
           8          29  -2.0296810935779395E-017
           8          30   8.1873533932413259E-016
           8          31  -2.9667464634973786E-027
           8          32   8.1873533930792071E-016
           8          33  -7.2465426668833663E-027
           8          34  -4.7539937542353840E-027
           8          35   8.1873533931667371E-016
           8          36   3.0690164439498066E-027
           8          37   1.9353133627324820E-027
           8          38  -1.2370743436894746E-026
           8          39   8.4090478165215564E-027
           8          40  -5.6551951279623490E-027
           8          41   4.4382002407737383E-027
           8          42  -2.3927772736110764E-027
           8          43   2.9748351766987461E-027
           8          44  -2.4435806663472636E-027
           8          45  -6.7617480566591809E-027
           8          46  -5.6626696317252288E-027
           8          47   6.2194826117923706E-027
           8          48   8.7742289973510952E-027
           8          49   1.2899373110045563E-026
           8          50  -2.7048671231764702E-027
           8          51  -3.5007946609480298E-027
           8          52  -5.5559852717198704E-027
           8          53  -5.7574792751182404E-027
           8          54   8.5122649794458182E-027
           8          55  -2.2039668275805867E-026
           9           1  -1.9667594986341916E-015
           9           2  -1.4135982946457944E-015
           9           3   4.3155612868807320E-016
           9           4  -6.5009816486817640E-016
           9           5  -3.9816395480994959E-017
           9           6   1.5532759821261393E-028
           9           7   6.1843830257059118E-029
           9           8  -1.8821355675558854E-028
           9           9   6.1804990289870272E-029
           9          10   1.3984418253193256E-029
           9          11   7.0116853660929572E-029
           9          12  -1.7915798981817915E-028
           9          13   8.6403154867933149E-029
           9          14  -1.2426937551917978E-028
           9          15   1.2948811021034926E-028
           9          16  -1.1115294279900869E-028
           9          17   1.6389375867541562E-028
           9          18  -8.6646639743569474E-018
           9          19   7.3445777484379505E-031
           9          20  -8.6646639742943022E-018
           9          21   2.0229923192661444E-029
           9          22  -2.5000985198459542E-029
           9          23  -8.6646639743817318E-018
           9          24  -2.0347198855980069E-017
           9          25  -6.2156207385453857E-029
           9          26  -2.0347198856081829E-017
           9          27   4.1300892925030307E-029
           9          28   2.5667756868566518E-028
           9          29  -2.0347198855666226E-017
           9          30  -1.0875025514974257E-016
           9          31   9.8054542193768028E-029
           9          32  -1.0875025514961537E-016
           9          33  -6.8275075313963065E-029
           9          34  -2.0586809073623673E-028
           9          35  -1.0875025514973871E-016
           9          36  -1.9604840855175544E-029
           9          37   1.5654773683749078E-028
           9          38  -2.7797122224438690E-029
           9          39  -8.4833629623020437E-029
           9          40  -4.3397810961008412E-029
           9          41  -7.7864452900619526E-029
           9          42  -4.7704197727552578E-029
           9          43   6.7510202788070774E-029
           9          44  -1.2498744371477269E-028
           9          45  -9.3357231437038905E-030
           9          46  -7.1197237732257758E-029
           9          47  -1.4803619091260567E-028
           9          48   1.3832277313087216E-028
           9          49  -8.6275701886919973E-029
           9          50   4.3747520621574384E-029
           9          51   3.3115174107343941E-029
           9          52   4.7994173872340980E-029
           9          53  -5.7710262367734829E-029
           9          54   1.0855787358837715E-028
           9          55   1.6690431936478609E-028
          10           1   5.7155250134097685E-015
          10           2  -1.9762294886995536E-015
          10           3  -2.4731958455130026E-015
          10           4  -9.5072682878682102E-016
          10           5  -5.4468796930795825E-017
          10           6   1.4375892296259517E-028
          10           7  -7.0305265140628652E-028
          10           8   1.1520008310574283E-027
          10           9   1.3984418253193256E-029
          10          10   3.9484215829558818E-029
          10          11  -2.3223327358485524E-028
          10          12   1.6903336948719721E-028
          10          13   7.5226134788297659E-029
          10          14  -3.6231984922469947E-028
          10          15  -4.4567074312964464E-029
          10          16   4.2896831596343095E-031
          10          17   2.4288191971377571E-028
          10          18   1.3950310150576007E-017
          10          19  -3.0213595921037979E-031
          10          20   1.3950310150421172E-017
          10          21  -3.1066493958809587E-029
          10          22  -2.6231243982721420E-029
          10          23   1.3950310150414596E-017
          10          24  -2.7522520910285954E-017
          10          25   5.2517873584364203E-029
          10          26  -2.7522520909999265E-017
          10          27   1.5033336932768127E-028
          10          28   1.9121755895307356E-028
          10          29  -2.7522520910000729E-017
          10          30  -1.3860027935950075E-016
          10          31  -7.3886793873790910E-029
          10          32  -1.3860027935985049E-016
          10          33  -1.8888104245249232E-028
          10          34  -1.6337297826720026E-028
          10          35  -1.3860027935963410E-016
          10          36   8.5415025511231946E-029
          10          37   8.4009519287607288E-029
          10          38  -3.2163176159634102E-028
          10          39   1.8691250150812310E-028
          10          40  -1.4527760950787681E-028
          10          41   9.3823833020580365E-029
          10          42  -6.3353171581074472E-029
          10          43   9.7788756497472438E-029
          10          44  -8.1439870154294983E-029
          10          45  -1.5779243175717821E-028
          10          46  -1.6851414708083848E-028
          10          47   1.2423415897664381E-028
          10          48   2.5835690426231517E-028
          10          49   3.0691722894691614E-028
          10          50  -6.1910886129742917E-029
          10          51  -7.6614404068455745E-029
          10          52  -1.3388766848775777E-028
          10          53  -1.6241837738640462E-028
          10          54   2.3343040895312396E-028
          10          55  -5.1872355960631820E-028
          11           1  -4.7928748897832859E-014
          11           2   1.7675875677135409E-015
          11           3   1.7993101147585164E-014
          11           4   1.1459998159997320E-015
          11           5   4.5415770177653433E-017
          11           6  -8.1902766399949470E-028
          11           7   5.7542551405808190E-027
          11           8  -9.6576946620240278E-027
          11           9   7.0116853660929572E-029
          11          10  -2.3223327358485524E-028
          11          11   1.9568720533376253E-027
          11          12  -1.7532272501562898E-027
          11          13  -6.4316711268223408E-028
          11          14   2.6503803458791226E-027
          11          15   7.6020774430167014E-028
          11          16  -6.0341779165449853E-029
          11          17  -1.5461299494482837E-027
          11          18  -1.2077770397418794E-016
          11          19   3.1666378728694575E-030
          11          20  -1.2077770397271617E-016
          11          21   3.1739175114931353E-028
          11          22   1.4567469984515905E-028
          11          23  -1.2077770397287197E-016
          11          24   3.7979060648123842E-017
          11          25  -4.5386891890274395E-028
          11          26   3.7979060645278932E-017
          11          27  -1.1644588485640803E-027
          11          28  -8.1000772329611759E-028
          11          29   3.7979060646335470E-017
          11          30   5.2831397636710693E-017
          11          31   6.9758078658970935E-028
          11          32   5.2831397639920469E-017
          11          33   1.3561111478506409E-027
          11          34   7.8316102686454490E-028
          11          35   5.2831397638063004E-017
          11          36  -6.4369176779600252E-028
          11          37  -2.7004090769477299E-028
          11          38   2.4188174214632452E-027
          11          39  -1.6991949867031280E-027
          11          40   1.0654810863996334E-027
          11          41  -9.2575830047141186E-028
          11          42   4.1999387490523560E-028
          11          43  -5.5338754795103676E-028
          11          44   3.7429976571350003E-028
          11          45   1.2902798448897761E-027
          11          46   1.0835456865679237E-027
          11          47  -1.3279756401359354E-027
          11          48  -1.6397170497577938E-027
          11          49  -2.5979050172241092E-027
          11          50   5.6998539360767188E-028
          11          51   7.0219470256090728E-028
          11          52   1.1354891911908894E-027
          11          53   1.0999309872249713E-027
          11          54  -1.5841612741625374E-027
          11          55   4.4497023438349317E-027
          12           1   4.3593001810398464E-014
          12           2  -3.0828380222921872E-016
          12           3  -1.6047656264909799E-014
          12           4  -4.1392957781596722E-016
          12           5  -4.2469646616955686E-018
          12           6   3.4074151239292733E-028
          12           7  -4.8264824609573955E-027
          12           8   8.2712680927705685E-027
          12           9  -1.7915798981817915E-028
          12          10   1.6903336948719721E-028
          12          11  -1.7532272501562898E-027
          12          12   1.8053844682575381E-027
          12          13   3.0483618375890548E-028
          12          14  -1.8979169592924216E-027
          12          15  -8.7208957680604540E-028
          12          16   3.1383421542166442E-028
          12          17   9.2399639614181498E-028
          12          18   1.1839154233759060E-016
          12          19  -4.2698769333279273E-030
          12          20   1.1839154233627414E-016
          12          21  -2.9736181941599093E-028
          12          22  -6.7968529623422444E-029
          12          23   1.1839154233658200E-016
          12          24  -1.1330894975265600E-017
          12          25   5.1801630166437968E-028
          12          26  -1.1330894972785432E-017
          12          27   8.5479027390265546E-028
          12          28   1.4853702683700296E-028
          12          29  -1.1330894974497558E-017
          12          30   4.8212252243038291E-017
          12          31  -7.9324033455059103E-028
          12          32   4.8212252240174258E-017
          12          33  -9.6421488728058787E-028
          12          34  -2.1912040702970107E-028
          12          35   4.8212252241973138E-017
          12          36   5.8026632080687160E-028
          12          37  -9.8372450246712392E-029
          12          38  -1.9311365445672565E-027
          12          39   1.5616776864521466E-027
          12          40  -7.7865294925002527E-028
          12          41   9.1814577561941034E-028
          12          42  -2.3962861711347999E-028
          12          43   3.2343804495750543E-028
          12          44  -4.3634387947488964E-029
          12          45  -1.0252180181203724E-027
          12          46  -7.5294660284776270E-028
          12          47   1.3928076951429361E-027
          12          48   1.0684911093084289E-027
          12          49   2.3088911087226896E-027
          12          50  -5.6050980982431198E-028
          12          51  -6.3973425879026970E-028
          12          52  -1.0341844131722640E-027
          12          53  -7.8866639309911187E-028
          12          54   1.0724655738106237E-027
          12          55  -3.9925250559881959E-027
          13           1   1.3839795479188120E-014
          13           2   1.1183877165077410E-014
          13           3  -3.2236308448435134E-015
          13           4   4.9862054380020017E-015
          13           5   3.0935024078270754E-016
          13           6   8.8430309327174011E-028
          13           7  -2.5662327912641023E-027
          13           8   4.1059312632378319E-027
          13           9   8.6403154867933149E-029
          13          10   7.5226134788297659E-029
          13          11  -6.4316711268223408E-028
          13          12   3.0483618375890548E-028
          13          13   9.1937358253241126E-028
          13          14  -1.6909681345864671E-027
          13          15  -1.4711161159386189E-028
          13          16  -5.9148542702341512E-028
          13          17   1.1894568941591448E-027
          13          18   1.6748469442090376E-017
          13          19   2.0197275965024723E-030
          13          20   1.6748469441432355E-017
          13          21  -1.2707924499020489E-028
          13          22  -1.3269343325418550E-028
          13          23   1.6748469441263921E-017
          13          24   1.2515429575752842E-016
          13          25  -1.2606337427110855E-028
          13          26   1.2515429575907415E-016
          13          27   7.6448192751407940E-028
          13          28   9.4188368406732409E-028
          13          29   1.2515429575964181E-016
          13          30   8.6395949953913112E-016
          13          31   1.2801276844178817E-028
          13          32   8.6395949953778030E-016
          13          33  -8.5317211001366194E-028
          13          34  -8.9951633731952529E-028
          13          35   8.6395949953807819E-016
          13          36   1.2552097669797024E-028
          13          37   5.2209007287266477E-028
          13          38  -1.1078320212311647E-027
          13          39   5.8285493800893261E-028
          13          40  -6.4267845861880610E-028
          13          41   2.1252787375537072E-028
          13          42  -3.7471801100118322E-028
          13          43   3.5197306189319911E-028
          13          44  -5.5855330152524308E-028
          13          45  -7.2096940440118018E-028
          13          46  -5.7676619978704124E-028
          13          47   1.9807398211473500E-028
          13          48   1.0268951818392926E-027
          13          49   9.1373569565563406E-028
          13          50  -1.0787807386989209E-028
          13          51  -2.6070562319034280E-028
          13          52  -3.3718853734978412E-028
          13          53  -5.9648618124397426E-028
          13          54   1.0264572962900465E-027
          13          55  -1.5269665303890961E-027
          14           1  -6.2800311298163253E-014
          14           2  -4.0362200115084763E-015
          14           3   2.2627538991485870E-014
          14           4  -1.3398989040873575E-015
          14           5  -1.1412374198874483E-016
          14           6  -2.0171464191623665E-027
          14           7   8.6624767702841770E-027
          14           8  -1.4189423773060556E-026
          14           9  -1.2426937551917978E-028
          14          10  -3.6231984922469947E-028
          14          11   2.6503803458791226E-027
          14          12  -1.8979169592924216E-027
          14          13  -1.6909681345864671E-027
          14          14   4.7409807282281914E-027
          14          15   7.2212186972017909E-028
          14          16   6.5781701357414285E-028
          14          17  -3.1318006104493862E-027
          14          18  -1.3528342150821821E-016
          14          19   4.2196957806316803E-031
          14          20  -1.3528342150610347E-016
          14          21   4.2921833348448094E-028
          14          22   3.3286422679859846E-028
          14          23  -1.3528342150595559E-016
          14          24  -1.4120293731610128E-017
          14          25  -2.8868649322306545E-028
          14          26  -1.4120293735964764E-017
          14          27  -2.0716300189172439E-027
          14          28  -2.2751326535090128E-027
          14          29  -1.4120293736109095E-017
          14          30  -4.1013709481706441E-016
          14          31   4.9214205462346407E-028
          14          32  -4.1013709481250080E-016
          14          33   2.4261604011277503E-027
          14          34   2.0982399932538592E-027
          14          35  -4.1013709481463610E-016
          14          36  -8.0875995491287660E-028
          14          37  -1.0841630320331486E-027
          14          38   3.7826024982630857E-027
          14          39  -2.2691114035670419E-027
          14          40   1.8611550808147201E-027
          14          41  -1.0810047528737563E-027
          14          42   9.0002990734188663E-028
          14          43  -1.0797222017261471E-027
          14          44   1.1664379354592651E-027
          14          45   2.1124688158693766E-027
          14          46   1.8887560558327476E-027
          14          47  -1.3837144429840152E-027
          14          48  -3.0514213942273273E-027
          14          49  -3.5825944227374388E-027
          14          50   6.5587051792983864E-028
          14          51   9.5823385126786268E-028
          14          52   1.4923972974090079E-027
          14          53   1.8945533304956950E-027
          14          54  -2.9214854670316202E-027
          14          55   6.0632725609874038E-027
          15           1  -1.8802639378848617E-014
          15           2  -4.3232867074398504E-015
          15           3   6.0982755357389885E-015
          15           4  -1.8750540542190068E-015
          15           5  -1.2194497977424904E-016
          15           6  -4.6318134351940391E-029
          15           7   2.0559510338889242E-027
          15           8  -3.5884973683548214E-027
          15           9   1.2948811021034926E-028
          15          10  -4.4567074312964464E-029
          15          11   7.6020774430167014E-028
          15          12  -8.7208957680604540E-028
          15          13  -1.4711161159386189E-028
          15          14   7.2212186972017909E-028
