           1           1   4.6590466123492051     
           1           2  -4.0401973539994893     
           1           3   5.6950747830573816     
           1           4  -2.5613096290404176     
           1           5  -8.8602642545278481E-003
           1           6   6.0650382857909487E-013
           1           7  -7.6454247384277534E-013
           1           8  -2.0414836223201180E-014
           1           9  -5.7537778266312948E-013
           1          10   6.1408848423274755E-013
           1          11   1.2906777564942617E-013
           1          12   1.9789834292557719E-013
           1          13  -1.9089731057492280E-013
           1          14  -4.4290063826519182E-014
           1          15   1.8906703442736409E-014
           1          16  -1.6050669010459180E-014
           1          17   1.8428029847630113E-014
           1          18  0.10471126431997259     
           1          19  -3.9916374732585832E-015
           1          20  0.10471126432010236     
           1          21   1.5120511621802593E-014
           1          22   1.6217180565717880E-014
           1          23  0.10471126432000560     
           1          24   9.9809222690308882E-002
           1          25  -1.5207743860446773E-015
           1          26   9.9809222690103061E-002
           1          27  -1.7879348844374148E-014
           1          28   1.5297909772260794E-014
           1          29   9.9809222690235441E-002
           1          30 -0.14488232551640531     
           1          31   7.1311123382627914E-015
           1          32 -0.14488232551625549     
           1          33   1.0975823313338070E-015
           1          34  -1.7965863207626788E-014
           1          35 -0.14488232551636238     
           1          36  -5.1654333980264923E-014
           1          37   1.1992773191157988E-014
           1          38   5.8295512638658989E-016
           1          39  -1.2517131314349338E-014
           1          40  -7.1070484807682500E-015
           1          41  -1.6358959978801631E-015
           1          42  -4.0275601395947637E-014
           1          43   1.1425408172162381E-014
           1          44   5.9783905164976143E-014
           1          45  -1.2257173934954897E-014
           1          46  -1.1881838363632937E-013
           1          47   8.9127235500903230E-014
           1          48  -5.9812503026549786E-014
           1          49   2.2541366091163772E-013
           1          50  -3.8319926111193499E-014
           1          51   1.9940788462158091E-014
           1          52   1.1014367286360091E-014
           1          53  -7.0996488916127016E-014
           1          54   4.5632054807033793E-014
           1          55  -1.9514822894105281E-014
           2           1  -4.0401973539994893     
           2           2   15.888834847028496     
           2           3   3.0602209392837052     
           2           4  -13.516525330625987     
           2           5  0.24166727836106586     
           2           6  -1.8030495633832327E-011
           2           7   1.1238041085651187E-011
           2           8   2.4046230019011899E-013
           2           9   1.6690370805730103E-011
           2          10  -1.0472091680311233E-011
           2          11  -3.2265133289744803E-013
           2          12  -5.4687452471871830E-012
           2          13   3.4697831857852061E-012
           2          14   1.0813762824170362E-013
           2          15  -2.7527542677471853E-013
           2          16   1.5213107704802000E-013
           2          17  -1.1514321450066440E-014
           2          18  -2.0391598874690611     
           2          19   8.8337049421841924E-015
           2          20  -2.0391598874692725     
           2          21  -4.0079553863275767E-014
           2          22   2.3164310562789134E-015
           2          23  -2.0391598874690962     
           2          24  -2.1729458332809615     
           2          25  -2.1752943529657887E-016
           2          26  -2.1729458332803953     
           2          27   3.4260426154017427E-014
           2          28  -4.9853877528468036E-014
           2          29  -2.1729458332808713     
           2          30   3.7327130054512958     
           2          31   1.6472252448218119E-015
           2          32   3.7327130054507927     
           2          33  -2.5251318187935223E-014
           2          34   4.1761253143756519E-014
           2          35   3.7327130054512314     
           2          36   7.1536505216469782E-013
           2          37  -1.5876849941605793E-013
           2          38   2.5480361691043847E-013
           2          39  -3.5494258940050762E-013
           2          40  -4.1969317399597798E-015
           2          41   1.5659195938269128E-015
           2          42   3.2693281676235291E-014
           2          43   2.7970461351672579E-013
           2          44  -2.0495007457959814E-013
           2          45   6.2437904755066936E-015
           2          46   3.9121584459802307E-012
           2          47  -1.1223507918084752E-012
           2          48   1.8085274180907711E-012
           2          49  -2.4985897283796754E-012
           2          50   5.5130282268442368E-015
           2          51  -1.4779319432701450E-014
           2          52  -2.5228848961984341E-014
           2          53   1.7738973593352880E-012
           2          54  -1.0784601192972576E-012
           2          55  -3.5101408509750383E-014
           3           1   5.6950747830573816     
           3           2   3.0602209392837052     
           3           3   12.127398597401823     
           3           4  -13.294750459805041     
           3           5  0.14028413729699901     
           3           6  -1.0563655339625393E-011
           3           7   5.8951694014852645E-012
           3           8   1.1891084194072288E-013
           3           9   9.7536374093470922E-012
           3          10  -5.6686655230156569E-012
           3          11   2.1673707045938582E-014
           3          12  -3.1791614869642043E-012
           3          13   1.9006435088634077E-012
           3          14  -9.1045110636835946E-015
           3          15  -1.4408245015125592E-013
           3          16   6.9642346657981019E-014
           3          17   2.5410121863292058E-014
           3          18  -1.1303185810088738     
           3          19  -1.4096645697468227E-015
           3          20  -1.1303185810087792     
           3          21   1.0663557972774345E-015
           3          22   3.0401827600778998E-014
           3          23  -1.1303185810088379     
           3          24  -1.2254595205992329     
           3          25  -2.8511438370415714E-015
           3          26  -1.2254595205992338     
           3          27  -9.7419454856598353E-015
           3          28  -4.9300325618035140E-015
           3          29  -1.2254595205993055     
           3          30   2.1524703547720301     
           3          31   1.3774458142179678E-014
           3          32   2.1524703547719723     
           3          33  -1.4351797447729876E-014
           3          34  -5.0518646127723680E-015
           3          35   2.1524703547720647     
           3          36   3.6993711660574150E-013
           3          37  -8.1161884243951126E-014
           3          38   1.6559979197171751E-013
           3          39  -2.5154459267309544E-013
           3          40  -1.5378252256915663E-014
           3          41  -1.9045274985733646E-015
           3          42  -5.0673549406004738E-014
           3          43   2.0100747704643777E-013
           3          44  -2.5803708261076290E-014
           3          45  -1.7814961299578636E-014
           3          46   2.3148190848806461E-012
           3          47  -5.6598977404225427E-013
           3          48   1.0613967685733734E-012
           3          49  -1.2118916264603489E-012
           3          50  -6.4741637396529516E-014
           3          51   2.5997845229671033E-014
           3          52   3.3385724941552030E-015
           3          53   1.0190969744660224E-012
           3          54  -6.1517030980081098E-013
           3          55  -5.7453243567395641E-014
           4           1  -2.5613096290404176     
           4           2  -13.516525330625987     
           4           3  -13.294750459805041     
           4           4   21.405417897184545     
           4           5 -0.29244559578913110     
           4           6   2.1909099012359815E-011
           4           7  -1.3017101909135206E-011
           4           8  -2.7183046464144013E-013
           4           9  -2.0257650487787713E-011
           4          10   1.2292328242097110E-011
           4          11   1.9681006435409849E-013
           4          12   6.6221182779459346E-012
           4          13  -4.0936586275977358E-012
           4          14  -6.4256064153167604E-014
           4          15   3.1855738347799206E-013
           4          16  -1.6679858932353003E-013
           4          17  -1.5805570057666408E-014
           4          18   2.4181556676595291     
           4          19  -4.6319808254813383E-015
           4          20   2.4181556676595850     
           4          21   2.5954269831325415E-014
           4          22  -2.9728375730622074E-014
           4          23   2.4181556676595193     
           4          24   2.5962499814707738     
           4          25   2.7881810760979994E-015
           4          26   2.5962499814703937     
           4          27  -1.4003466183723175E-014
           4          28   3.8081220087238147E-014
           4          29   2.5962499814707813     
           4          30  -4.5037561062378799     
           4          31  -1.3871115976050265E-014
           4          32  -4.5037561062374873     
           4          33   3.0273302603813365E-014
           4          34  -2.3391657821294502E-014
           4          35  -4.5037561062378701     
           4          36  -8.2367912878190114E-013
           4          37   1.8193475410440154E-013
           4          38  -3.2473436316527194E-013
           4          39   4.7168900761696778E-013
           4          40   1.7071208873910836E-014
           4          41   7.1214389739250790E-016
           4          42   2.4978419260315426E-014
           4          43  -3.7428316986992668E-013
           4          44   1.6168256067529971E-013
           4          45   1.2310643845337364E-014
           4          46  -4.7748204636406081E-012
           4          47   1.2789322816130806E-012
           4          48  -2.1992543279537537E-012
           4          49   2.8025827962119328E-012
           4          50   5.6285502505618676E-014
           4          51  -1.4155365853977868E-014
           4          52   1.3865786684508629E-014
           4          53  -2.1367789959694671E-012
           4          54   1.2950000906145403E-012
           4          55   7.6833811241542723E-014
           5           1  -8.8602642545278481E-003
           5           2  0.24166727836106586     
           5           3  0.14028413729699901     
           5           4 -0.29244559578913110     
           5           5   4.4372938484102172E-003
           5           6  -3.3185091483679464E-013
           5           7   2.0123872665232236E-013
           5           8   4.2472079422394414E-015
           5           9   3.0698389640686833E-013
           5          10  -1.8894706354026667E-013
           5          11  -4.2265307863606387E-015
           5          12  -1.0045024697021484E-013
           5          13   6.2787065329785909E-014
           5          14   1.4015825079126036E-015
           5          15  -4.9267397449384729E-015
           5          16   2.6416442241984918E-015
           5          17   4.9326107278640037E-017
           5          18  -3.7007663959970773E-002
           5          19   1.0908435079586575E-016
           5          20  -3.7007663959972896E-002
           5          21  -5.3822677893431139E-016
           5          22   2.7860264269854544E-016
           5          23  -3.7007663959970960E-002
           5          24  -3.9606145859686283E-002
           5          25  -2.6131865812681915E-017
           5          26  -3.9606145859678560E-002
           5          27   3.8834069143300320E-016
           5          28  -7.2031524660115562E-016
           5          29  -3.9606145859685658E-002
           5          30   6.8420699515786901E-002
           5          31   1.3438491089268368E-016
           5          32   6.8420699515779546E-002
           5          33  -4.6115602542010946E-016
           5          34   5.2879414915299009E-016
           5          35   6.8420699515786304E-002
           5          36   1.2766733534391857E-014
           5          37  -2.8258012271976829E-015
           5          38   4.8222136185771372E-015
           5          39  -6.8868660977425275E-015
           5          40  -1.8220571760907500E-016
           5          41   5.8941347180085030E-018
           5          42   3.4414708746905475E-017
           5          43   5.4496545755645764E-015
           5          44  -3.0062058007352459E-015
           5          45  -5.9537482306805005E-017
           5          46   7.2188229261892445E-014
           5          47  -1.9912899379779796E-014
           5          48   3.3300712895078381E-014
           5          49  -4.3939364857618963E-014
           5          50  -4.5075691347098267E-016
           5          51   9.5496892067553666E-018
           5          52  -3.1712691682121463E-016
           5          53   3.2484523933200177E-014
           5          54  -1.9713565215283868E-014
           5          55  -9.4573230294523375E-016
           6           1   6.0650382857909487E-013
           6           2  -1.8030495633832327E-011
           6           3  -1.0563655339625393E-011
           6           4   2.1909099012359815E-011
           6           5  -3.3185091483679464E-013
           6           6   2.4818739789570591E-023
           6           7  -1.5045609974798030E-023
           6           8  -3.1749068556765862E-025
           6           9  -2.2958791524091750E-023
           6          10   1.4127878684646971E-023
           6          11   3.1462989427428405E-025
           6          12   7.5123828137821215E-024
           6          13  -4.6948499965146087E-024
           6          14  -1.0431809550865745E-025
           6          15   3.6834532618419815E-025
           6          16  -1.9742975256645279E-025
           6          17  -3.9129775179197398E-027
           6          18   2.7673113462855525E-012
           6          19  -8.1124313286749163E-027
           6          20   2.7673113462857105E-012
           6          21   4.0082394761488606E-026
           6          22  -2.1038632074232434E-026
           6          23   2.7673113462855667E-012
           6          24   2.9617654615473525E-012
           6          25   1.9733394312878920E-027
           6          26   2.9617654615467770E-012
           6          27  -2.8835915861264504E-026
           6          28   5.3702456332835065E-026
           6          29   2.9617654615473065E-012
           6          30  -5.1168638326468484E-012
           6          31  -1.0139694412268836E-026
           6          32  -5.1168638326463031E-012
           6          33   3.4486236300085722E-026
           6          34  -3.9342322837645460E-026
           6          35  -5.1168638326468048E-012
           6          36  -9.5446650887412431E-025
           6          37   2.1125577958207179E-025
           6          38  -3.6076131372316078E-025
           6          39   5.1536419385654333E-025
           6          40   1.3716922226556879E-026
           6          41  -4.2116317303504635E-028
           6          42  -2.0875529580960964E-027
           6          43  -4.0783186766962789E-025
           6          44   2.2417408592988048E-025
           6          45   4.6022772441754637E-027
           6          46  -5.3990314051735399E-024
           6          47   1.4886246392933567E-024
           6          48  -2.4905338560428079E-024
           6          49   3.2844186809934125E-024
           6          50   3.4184935653210961E-026
           6          51  -9.5556029511381899E-028
           6          52   2.3591364055249963E-026
           6          53  -2.4293387590723460E-024
           6          54   1.4742382428091054E-024
           6          55   7.0987097047483210E-026
           7           1  -7.6454247384277534E-013
           7           2   1.1238041085651187E-011
           7           3   5.8951694014852645E-012
           7           4  -1.3017101909135206E-011
           7           5   2.0123872665232236E-013
           7           6  -1.5045609974798030E-023
           7           7   9.1548597320691635E-024
           7           8   1.9355064525319035E-025
           7           9   1.3919296847408117E-023
           7          10  -8.5875724748267229E-024
           7          11  -2.0110718543147120E-025
           7          12  -4.5553780915936916E-024
           7          13   2.8526195810931962E-024
           7          14   6.6806609969648674E-026
           7          15  -2.2414465800626699E-025
           7          16   1.2064512147347378E-025
           7          17   7.8920299108781982E-028
           7          18  -1.6807678748960577E-012
           7          19   5.2420766743871807E-027
           7          20  -1.6807678748961639E-012
           7          21  -2.5507145113085972E-026
           7          22   1.1324275895849628E-026
           7          23  -1.6807678748960688E-012
           7          24  -1.7978248261480476E-012
           7          25  -1.0622001147241455E-027
           7          26  -1.7978248261476825E-012
           7          27   1.8948547104783835E-026
           7          28  -3.3750612328872617E-026
           7          29  -1.7978248261480133E-012
           7          30   3.1036392534101610E-012
           7          31   5.5163260312410522E-027
           7          32   3.1036392534098177E-012
           7          33  -2.0928013506371742E-026
           7          34   2.5303191203559329E-026
           7          35   3.1036392534101307E-012
           7          36   5.8103732776996443E-025
           7          37  -1.2865109585340884E-025
           7          38   2.1789744705693652E-025
           7          39  -3.1027808862088606E-025
           7          40  -7.6794982849680204E-027
           7          41   3.9423187310446658E-028
           7          42   4.7028698829219300E-027
           7          43   2.4540771845123116E-025
           7          44  -1.4053939726868844E-025
           7          45  -1.7329553069849345E-027
           7          46   3.2718782943951239E-024
           7          47  -9.0694127592205592E-025
           7          48   1.5097211015284754E-024
           7          49  -2.0034831985873120E-024
           7          50  -1.7377602380977229E-026
           7          51  -1.1267371818128792E-027
           7          52  -1.5193507800867968E-026
           7          53   1.4737069345541664E-024
           7          54  -8.9453316150957556E-025
           7          55  -4.1217918578279562E-026
           8           1  -2.0414836223201180E-014
           8           2   2.4046230019011899E-013
           8           3   1.1891084194072288E-013
           8           4  -2.7183046464144013E-013
           8           5   4.2472079422394414E-015
           8           6  -3.1749068556765862E-025
           8           7   1.9355064525319035E-025
           8           8   4.0959507367558705E-027
           8           9   2.9373656629671088E-025
           8          10  -1.8146178724985458E-025
           8          11  -4.3556404848954151E-027
           8          12  -9.6140248531106919E-026
           8          13   6.0265861302855128E-026
           8          14   1.4482264064596653E-027
           8          15  -4.7390059181149571E-027
           8          16   2.5561884684514735E-027
           8          17  -4.2344615524360154E-031
           8          18  -3.5501554773182791E-014
           8          19   1.1411484318245214E-028
           8          20  -3.5501554773185139E-014
           8          21  -5.5128547889709300E-028
           8          22   2.2353879591145567E-028
           8          23  -3.5501554773183044E-014
           8          24  -3.7962776651293764E-014
           8          25  -2.0967949112869595E-029
           8          26  -3.7962776651285881E-014
           8          27   4.1568348549560585E-028
           8          28  -7.2509484962609490E-028
           8          29  -3.7962776651292968E-014
           8          30   6.5510919640606509E-014
           8          31   1.0960218991132617E-028
           8          32   6.5510919640599126E-014
           8          33  -4.4185540105729319E-028
           8          34   5.4962149472593306E-028
           8          35   6.5510919640605828E-014
           8          36   1.2287098509523746E-026
           8          37  -2.7210770992927906E-027
           8          38   4.5893811865390842E-027
           8          39  -6.5243013133456883E-027
           8          40  -1.5519078880335778E-028
           8          41   9.8176926465899493E-030
           8          42   1.3632279769489461E-028
           8          43   5.1588434833507069E-027
           8          44  -3.0157106512636257E-027
           8          45  -2.5164939677919329E-029
           8          46   6.9030694501130708E-026
           8          47  -1.9186797698585399E-026
           8          48   3.1856988916370953E-026
           8          49  -4.2411082109228878E-026
           8          50  -3.3060249282819426E-028
           8          51  -4.2181387058773550E-029
           8          52  -3.3023435833307071E-028
           8          53   3.1108711492631571E-026
           8          54  -1.8885188663100078E-026
           8          55  -8.5018550170696928E-028
           9           1  -5.7537778266312948E-013
           9           2   1.6690370805730103E-011
           9           3   9.7536374093470922E-012
           9           4  -2.0257650487787713E-011
           9           5   3.0698389640686833E-013
           9           6  -2.2958791524091750E-023
           9           7   1.3919296847408117E-023
           9           8   2.9373656629671088E-025
           9           9   2.1238274364768009E-023
           9          10  -1.3069946592329316E-023
           9          11  -2.9142554583752468E-025
           9          12  -6.9494393482252516E-024
           9          13   4.3432468582722765E-024
           9          14   9.6629121994696804E-026
           9          15  -3.4077160906297790E-025
           9          16   1.8266874219901487E-025
           9          17   3.5625936863883537E-027
           9          18  -2.5600398750036100E-012
           9          19   7.5161768427566785E-027
           9          20  -2.5600398750037558E-012
           9          21  -3.7122189598588316E-026
           9          22   1.9410358552129467E-026
           9          23  -2.5600398750036225E-012
           9          24  -2.7398915690653790E-012
           9          25  -1.8206149207140146E-027
           9          26  -2.7398915690648463E-012
           9          27   2.6727894308635878E-026
           9          28  -4.9721066758299287E-026
           9          29  -2.7398915690653358E-012
           9          30   4.7334606793217185E-012
           9          31   9.3570508455035216E-027
           9          32   4.7334606793212128E-012
           9          33  -3.1902579499121107E-026
           9          34   3.6446412514998105E-026
           9          35   4.7334606793216781E-012
           9          36   8.8302495090959689E-025
           9          37  -1.9544506926922291E-025
           9          38   3.3369640382257543E-025
           9          39  -4.7666467746510374E-025
           9          40  -1.2666001179235459E-026
           9          41   3.9461519489593843E-028
           9          42   2.0551906104648310E-027
           9          43   3.7720243573508849E-025
           9          44  -2.0754170954087077E-025
           9          45  -4.2192198014854130E-027
           9          46   4.9943805808388829E-024
           9          47  -1.3772279116525552E-024
           9          48   2.3038868097479187E-024
           9          49  -3.0387278735318303E-024
           9          50  -3.1502289479308917E-026
           9          51   8.2236561362338497E-028
           9          52  -2.1855594763381779E-026
           9          53   2.2473168644970008E-024
           9          54  -1.3637865642778355E-024
           9          55  -6.5601683817974238E-026
          10           1   6.1408848423274755E-013
          10           2  -1.0472091680311233E-011
          10           3  -5.6686655230156569E-012
          10           4   1.2292328242097110E-011
          10           5  -1.8894706354026667E-013
          10           6   1.4127878684646971E-023
          10           7  -8.5875724748267229E-024
          10           8  -1.8146178724985458E-025
          10           9  -1.3069946592329316E-023
          10          10   8.0577498060652731E-024
          10          11   1.8612695554776711E-025
          10          12   4.2771954230060491E-024
          10          13  -2.6769167474496810E-024
          10          14  -6.1798536598988596E-026
          10          15   2.1025116350331956E-025
          10          16  -1.1303522509986598E-025
          10          17  -1.1551518782375503E-027
          10          18   1.5774176924739231E-012
          10          19  -4.8375282481197140E-027
          10          20   1.5774176924740196E-012
          10          21   2.3635180029748862E-026
          10          22  -1.1007553977818639E-026
          10          23   1.5774176924739324E-012
          10          24   1.6875503761025629E-012
          10          25   1.0324837094241425E-027
          10          26   1.6875503761022249E-012
          10          27  -1.7408818002089386E-026
          10          28   3.1379298428446472E-026
          10          29   1.6875503761025326E-012
          10          30  -2.9138842526675187E-012
          10          31  -5.3448006612657829E-027
          10          32  -2.9138842526671992E-012
          10          33   1.9645778887979735E-026
          10          34  -2.3379655822879289E-026
          10          35  -2.9138842526674912E-012
          10          36  -5.4496271956561344E-025
          10          37   1.2065112745566674E-025
          10          38  -2.0481655045723822E-025
          10          39   2.9191352572097501E-025
          10          40   7.3774429785070086E-027
          10          41  -3.3384544753659814E-028
          10          42  -3.5168088838297955E-027
          10          43  -2.3091688031640284E-025
          10          44   1.3075299137124561E-025
          10          45   1.9037684502787177E-027
          10          46  -3.0725980727234390E-024
          10          47   8.5044174329024954E-025
          10          48  -1.4176566848042052E-024
          10          49   1.8780327159667229E-024
          10          50   1.7192926213809540E-026
          10          51   6.1172100933901243E-028
          10          52   1.4033421821948938E-026
          10          53  -1.3835558173803180E-024
          10          54   8.3975493723156687E-025
          10          55   3.9178788984216513E-026
          11           1   1.2906777564942617E-013
          11           2  -3.2265133289744803E-013
          11           3   2.1673707045938582E-014
          11           4   1.9681006435409849E-013
          11           5  -4.2265307863606387E-015
          11           6   3.1462989427428405E-025
          11           7  -2.0110718543147120E-025
          11           8  -4.3556404848954151E-027
          11           9  -2.9142554583752468E-025
          11          10   1.8612695554776711E-025
          11          11   7.1608978509568533E-027
          11          12   9.5609451917298823E-026
          11          13  -6.1507809116914665E-026
          11          14  -2.4133680440806652E-027
          11          15   4.9284346663088241E-027
          11          16  -2.7962359157731226E-027
          11          17   4.3451931758677341E-028
          11          18   3.6050759089664793E-014
          11          19  -2.0198428876859591E-028
          11          20   3.6050759089670082E-014
          11          21   8.7771088383140076E-028
          11          22   1.7057174050098533E-028
          11          23   3.6050759089665822E-014
          11          24   3.8263563844593267E-014
          11          25  -1.5990263851381594E-029
          11          26   3.8263563844580967E-014
          11          27  -8.1442448825325481E-028
          11          28   1.0463114075787859E-027
          11          29   3.8263563844590793E-014
          11          30  -6.5385568770029043E-014
          11          31   6.4309062128450432E-029
          11          32  -6.5385568770018555E-014
          11          33   4.4384593280476013E-028
          11          34  -9.4316621222527930E-028
          11          35  -6.5385568770027402E-014
          11          36  -1.2840287699438426E-026
          11          37   2.8566244961432597E-027
          11          38  -4.3277634796132482E-027
          11          39   5.8770337717882207E-027
          11          40  -2.0615940264347224E-029
          11          41  -4.7825070981363901E-029
          11          42  -1.0777530586532777E-027
          11          43  -4.6110462572768019E-027
          11          44   4.2611848095232379E-027
          11          45  -2.6494294670238666E-028
          11          46  -6.8101229276624828E-026
          11          47   2.0250084469965471E-026
          11          48  -3.1545342346681183E-026
          11          49   4.5430533933823415E-026
          11          50  -5.8997678326829465E-028
          11          51   5.0965864698129418E-028
          11          52   5.7186873338251704E-028
          11          53  -3.1100948392324311E-026
          11          54   1.8940127410016348E-026
          11          55   3.4454381800416682E-028
          12           1   1.9789834292557719E-013
          12           2  -5.4687452471871830E-012
          12           3  -3.1791614869642043E-012
          12           4   6.6221182779459346E-012
          12           5  -1.0045024697021484E-013
          12           6   7.5123828137821215E-024
          12           7  -4.5553780915936916E-024
          12           8  -9.6140248531106919E-026
          12           9  -6.9494393482252516E-024
          12          10   4.2771954230060491E-024
          12          11   9.5609451917298823E-026
          12          12   2.2739668178296884E-024
          12          13  -1.4213186409065310E-024
          12          14  -3.1704703135281648E-026
          12          15   1.1152495700815099E-025
          12          16  -5.9794603578842048E-026
          12          17  -1.1273201146589242E-027
          12          18   8.3775161597860625E-013
          12          19  -2.4672443945808110E-027
          12          20   8.3775161597865421E-013
          12          21   1.2176126973905575E-026
          12          22  -6.3166083006992878E-027
          12          23   8.3775161597861028E-013
          12          24   8.9658116189918179E-013
          12          25   5.9247358533359652E-028
          12          26   8.9658116189900721E-013
          12          27  -8.7812822043262635E-027
          12          28   1.6298303429220698E-026
          12          29   8.9658116189916776E-013
          12          30  -1.5488843532784066E-012
          12          31  -3.0464381574329144E-027
          12          32  -1.5488843532782408E-012
          12          33   1.0439422246059310E-026
          12          34  -1.1960941139263213E-026
          12          35  -1.5488843532783933E-012
          12          36  -2.8899473442848874E-025
          12          37   6.3966052973367840E-026
          12          38  -1.0916984752671851E-025
          12          39   1.5591815102496048E-025
          12          40   4.1290337358960752E-027
          12          41  -1.3249274806382859E-028
          12          42  -7.5587280460472083E-028
          12          43  -1.2338066322402978E-025
          12          44   6.8022636478365600E-026
          12          45   1.3549338294763553E-027
          12          46  -1.6341920417572803E-024
          12          47   4.5075429857829039E-025
          12          48  -7.5385630396170855E-025
          12          49   9.9460791356704443E-025
          12          50   1.0226740544352020E-026
          12          51  -2.2769940357377426E-028
          12          52   7.1730430260050280E-027
          12          53  -7.3537224794569864E-025
          12          54   4.4626669173683263E-025
          12          55   2.1421578658992814E-026
          13           1  -1.9089731057492280E-013
          13           2   3.4697831857852061E-012
          13           3   1.9006435088634077E-012
          13           4  -4.0936586275977358E-012
          13           5   6.2787065329785909E-014
          13           6  -4.6948499965146087E-024
          13           7   2.8526195810931962E-024
          13           8   6.0265861302855128E-026
          13           9   4.3432468582722765E-024
          13          10  -2.6769167474496810E-024
          13          11  -6.1507809116914665E-026
          13          12  -1.4213186409065310E-024
          13          13   8.8935296421162557E-025
          13          14   2.0417958345455846E-026
          13          15  -6.9840690276301502E-026
          13          16   3.7531015628539294E-026
          13          17   4.3640298187905328E-028
          13          18  -5.2408813195667485E-013
          13          19   1.5968059260656350E-027
          13          20  -5.2408813195670666E-013
          13          21  -7.8141271205971335E-027
          13          22   3.7053818212839572E-027
          13          23  -5.2408813195667808E-013
          13          24  -5.6071381689592355E-013
          13          25  -3.4755542351553480E-028
          13          26  -5.6071381689581157E-013
          13          27   5.7364347852025397E-027
          13          28  -1.0388023954421134E-026
          13          29  -5.6071381689591366E-013
          13          30   9.6825962770228975E-013
          13          31   1.7970628757935613E-027
          13          32   9.6825962770218453E-013
          13          33  -6.5277864250933650E-027
          13          34   7.7210928707577221E-027
          13          35   9.6825962770228066E-013
          13          36   1.8101678233871464E-025
          13          37  -4.0074330466979961E-026
          13          38   6.8089455648130135E-026
          13          39  -9.7077301818283854E-026
          13          40  -2.4727120219689402E-027
          13          41   1.0633029741891445E-028
          13          42   1.0545970686110974E-027
          13          43   7.6796894801294689E-026
          13          44  -4.3296650492609375E-026
          13          45  -6.6772369238735510E-028
          13          46   1.0210954546995512E-024
          13          47  -2.8246157911618460E-025
          13          48   4.7110593745567197E-025
          13          49  -6.2367934639794792E-025
          13          50  -5.8244439814709632E-027
          13          51  -1.4666314091908514E-028
          13          52  -4.6338590705656084E-027
          13          53   4.5973788389371042E-025
          13          54  -2.7903259125490987E-025
          13          55  -1.3079807901766593E-026
          14           1  -4.4290063826519182E-014
          14           2   1.0813762824170362E-013
          14           3  -9.1045110636835946E-015
          14           4  -6.4256064153167604E-014
          14           5   1.4015825079126036E-015
          14           6  -1.0431809550865745E-025
          14           7   6.6806609969648674E-026
          14           8   1.4482264064596653E-027
          14           9   9.6629121994696804E-026
          14          10  -6.1798536598988596E-026
          14          11  -2.4133680440806652E-027
          14          12  -3.1704703135281648E-026
          14          13   2.0417958345455846E-026
          14          14   8.1362268267205180E-028
          14          15  -1.6372544983560617E-027
          14          16   9.3073228349663313E-028
          14          17  -1.5003762809136406E-028
          14          18  -1.1964872591893251E-014
          14          19   6.8191945602172755E-029
          14          20  -1.1964872591895048E-014
          14          21  -2.9556908745001581E-028
          14          22  -6.1946085946945548E-029
          14          23  -1.1964872591893602E-014
          14          24  -1.2695434989134246E-014
          14          25   5.8073090400285396E-030
          14          26  -1.2695434989130106E-014
          14          27   2.7556356554050623E-028
          14          28  -3.5141986947153650E-028
          14          29  -1.2695434989133402E-014
          14          30   2.1685509457143072E-014
          14          31  -2.3700031580327657E-029
          14          32   2.1685509457139550E-014
          14          33  -1.4724284084060569E-028
          14          34   3.1819407147072067E-028
          14          35   2.1685509457142510E-014
          14          36   4.2664308316433115E-027
          14          37  -9.4933807776543393E-028
          14          38   1.4318762985357357E-027
          14          39  -1.9404861871529427E-027
          14          40   9.2336380944851428E-030
          14          41   1.6380639086130607E-029
          14          42   3.7030009222883751E-028
          14          43   1.5219363620402455E-027
          14          44  -1.4303303463362894E-027
          14          45   9.1830084262111676E-029
          14          46   2.2575287633796728E-026
          14          47  -6.7310782511429400E-027
          14          48   1.0458776128521599E-026
          14          49  -1.5109637094623451E-026
          14          50   2.0822933699531733E-028
          14          51  -1.7541487769527085E-028
          14          52  -1.9297130565126728E-028
          14          53   1.0315519634331583E-026
          14          54  -6.2828483845366911E-027
          14          55  -1.0738865940607439E-028
          15           1   1.8906703442736409E-014
          15           2  -2.7527542677471853E-013
          15           3  -1.4408245015125592E-013
          15           4   3.1855738347799206E-013
          15           5  -4.9267397449384729E-015
          15           6   3.6834532618419815E-025
          15           7  -2.2414465800626699E-025
          15           8  -4.7390059181149571E-027
          15           9  -3.4077160906297790E-025
          15          10   2.1025116350331956E-025
          15          11   4.9284346663088241E-027
          15          12   1.1152495700815099E-025
          15          13  -6.9840690276301502E-026
          15          14  -1.6372544983560617E-027
