           1           1   1.9983919814028237     
           1           2  -1.3263171686692280E-002
           1           3   7.6810165818740539E-003
           1           4  -4.3105699125446602E-002
           1           5   9.7901767260938286E-003
           1           6  -4.7490450323584786E-004
           1           7   2.6375251320158227E-014
           1           8  -1.4277962446483849E-015
           1           9  -5.0868930248523177E-015
           1          10  -2.0937832248924315E-013
           1          11   5.0977549314972028E-014
           1          12   5.4925796864650368E-014
           1          13   1.8780410975374413E-013
           1          14  -1.3603824876067411E-014
           1          15  -4.0705522329051594E-014
           1          16  -9.6895810882755831E-014
           1          17   1.8074829466840907E-014
           1          18   1.4987387005227003E-014
           1          19   4.2621602295015249E-015
           1          20   1.8709444660802980E-015
           1          21  -2.1445049221213645E-015
           1          22   1.3487781551293897E-003
           1          23  -3.8474087715331545E-015
           1          24   1.3487781551179737E-003
           1          25   6.2786350945431611E-015
           1          26   8.1779813666493908E-015
           1          27   1.3487781551267124E-003
           1          28   2.7574259477214291E-003
           1          29   2.7035679072077742E-015
           1          30   2.7574259477282795E-003
           1          31   8.8552725525770796E-017
           1          32  -9.1593883627003405E-015
           1          33   2.7574259477321349E-003
           1          34   1.0895173556627188E-004
           1          35  -1.2909655198728794E-015
           1          36   1.0895173556562093E-004
           1          37  -3.3801334655805166E-015
           1          38   5.0088522313194643E-018
           1          39   1.0895173556184877E-004
           1          40   1.6258966917094109E-014
           1          41  -1.1630438588504252E-014
           1          42   1.2630609037485998E-014
           1          43  -1.1355614622649892E-014
           1          44  -2.9421188498294297E-015
           1          45  -2.3919371091491899E-015
           1          46  -6.6657978523714413E-015
           1          47   1.3512917479428608E-014
           1          48  -8.5962949895721524E-015
           1          49  -1.0202571160812626E-014
           1          50   5.3993086136212838E-014
           1          51  -3.8994922201569606E-015
           1          52   1.9758534351164185E-014
           1          53  -3.2867203104695627E-014
           1          54  -2.8906015226413223E-015
           1          55   9.6562104326860523E-016
           1          56  -2.6636575452031562E-015
           1          57   1.9419413742963503E-014
           1          58  -7.1904424073376557E-015
           1          59  -1.0114940938062446E-014
           2           1  -1.3263171686692280E-002
           2           2   1.8879994039795853     
           2           3   1.1172052978096571E-002
           2           4 -0.36724423713639476     
           2           5  0.16807444822908074     
           2           6  -4.0926035844890372E-003
           2           7   7.5723136469804719E-015
           2           8  -5.9785436069145064E-014
           2           9  -1.9383355721305849E-014
           2          10  -2.3051258151899190E-013
           2          11   7.7804342336641012E-013
           2          12  -7.0077859183346108E-014
           2          13   1.8973670590911056E-013
           2          14  -6.4266750262875363E-013
           2          15   2.8279327982457994E-015
           2          16  -9.3003361777286273E-014
           2          17   3.4289216609378119E-013
           2          18  -1.1491099724546648E-014
           2          19   6.3121628117374447E-015
           2          20  -1.4282502971741186E-014
           2          21  -2.8858202504208699E-015
           2          22   1.4815626696270619E-002
           2          23  -1.0338547539166448E-014
           2          24   1.4815626696301324E-002
           2          25   1.2159679325906613E-014
           2          26  -2.1676698704840817E-015
           2          27   1.4815626696280977E-002
           2          28   4.0471677051899715E-003
           2          29   8.1036518546167409E-015
           2          30   4.0471677051674461E-003
           2          31  -2.1474438146641081E-014
           2          32   6.3784643131006201E-015
           2          33   4.0471677051881049E-003
           2          34  -2.5400592924324464E-002
           2          35   5.1537074508207722E-016
           2          36  -2.5400592924314909E-002
           2          37   2.5319489587180188E-015
           2          38  -4.7890907361408212E-015
           2          39  -2.5400592924342658E-002
           2          40   4.2134395974056413E-014
           2          41  -5.9077924051097948E-014
           2          42   2.7606709183898731E-015
           2          43  -9.6197285643520553E-014
           2          44   7.9106273332317172E-015
           2          45  -6.3485379104948027E-015
           2          46   2.0003409049320765E-014
           2          47   9.7894573099866146E-015
           2          48  -6.3158566324202608E-014
           2          49   2.8584129807325259E-014
           2          50   4.2938743904385114E-014
           2          51  -8.5192182609411419E-014
           2          52   1.4741304744797193E-014
           2          53  -2.0496466657685977E-013
           2          54   1.8449403319077026E-014
           2          55   9.5284396021846240E-016
           2          56   1.3598718122303599E-014
           2          57   2.8270963205994869E-014
           2          58  -8.0073402209900892E-014
           2          59   1.4772296419229816E-014
           3           1   7.6810165818740539E-003
           3           2   1.1172052978096571E-002
           3           3   3.2076755134952473E-003
           3           4  -4.9642654394931117E-002
           3           5  -4.5902621475358757E-002
           3           6  -8.1268175522913823E-004
           3           7   5.9609512666424238E-014
           3           8  -5.7725695684100173E-014
           3           9   1.3377801226185443E-015
           3          10   5.2491312171403870E-015
           3          11  -1.6513666301333639E-015
           3          12   7.0975781678642987E-015
           3          13  -7.2437152425303401E-015
           3          14   7.3423287289878543E-016
           3          15  -1.1297728779479197E-014
           3          16   4.2215458159185095E-015
           3          17  -1.4102798059600230E-015
           3          18   5.8365824577883545E-015
           3          19   7.2698503435108431E-016
           3          20  -4.6225541947364615E-016
           3          21   1.3434943280300758E-015
           3          22  -3.0497542230704796E-003
           3          23   4.6513778972787336E-017
           3          24  -3.0497542230703296E-003
           3          25  -3.2075934046859218E-018
           3          26   1.1078684816239447E-016
           3          27  -3.0497542230703708E-003
           3          28   8.6283134900614060E-004
           3          29  -8.0491890986517654E-017
           3          30   8.6283134900729907E-004
           3          31  -3.4131419388273453E-016
           3          32  -3.5981475977482010E-017
           3          33   8.6283134900641968E-004
           3          34   9.3141802229426713E-003
           3          35   9.4496717265286819E-017
           3          36   9.3141802229420728E-003
           3          37  -1.3308753069959250E-016
           3          38  -8.4743115698774167E-016
           3          39   9.3141802229420798E-003
           3          40   2.3346139527968674E-016
           3          41   1.0134494135647801E-017
           3          42  -1.6997745497511146E-017
           3          43   4.3910840415209447E-018
           3          44   7.9306194504704383E-017
           3          45  -1.8762341020107584E-016
           3          46  -1.1808723490445900E-016
           3          47   8.7938303556611898E-017
           3          48  -2.8720433484312741E-017
           3          49  -6.2095622154356120E-017
           3          50  -1.7837231487023096E-015
           3          51   6.7415766966484359E-016
           3          52  -1.1908512514604708E-015
           3          53   6.7596164381486758E-016
           3          54  -1.0132047650705412E-015
           3          55   2.5129381646736105E-016
           3          56  -6.0637898788663768E-016
           3          57  -1.1582214688229626E-015
           3          58   5.4982504117003061E-016
           3          59  -1.8606749942268834E-015
           4           1  -4.3105699125446602E-002
           4           2 -0.36724423713639476     
           4           3  -4.9642654394931117E-002
           4           4  0.79129358914889891     
           4           5  0.68051544444288847     
           4           6   1.2762085707006886E-002
           4           7  -8.7107590098458360E-014
           4           8   6.5057507004081582E-014
           4           9   3.6487151088627847E-014
           4          10  -4.5230630724724324E-014
           4          11  -7.2253990274594652E-014
           4          12  -9.7341104922115752E-014
           4          13   7.9010955215268397E-014
           4          14   7.3413377448971971E-014
           4          15   1.6870422559963505E-013
           4          16  -4.7224069816104765E-014
           4          17  -2.4380705129271755E-014
           4          18  -8.6236026202213969E-014
           4          19  -1.1885427665967685E-014
           4          20   8.9104619242190337E-015
           4          21  -2.0215729745541808E-014
           4          22   4.4857817723645360E-002
           4          23   2.3436729560259388E-016
           4          24   4.4857817723639455E-002
           4          25  -9.9120752898299129E-016
           4          26  -1.1601669409008794E-015
           4          27   4.4857817723642529E-002
           4          28  -1.3437064951092287E-002
           4          29   4.7273702750204868E-016
           4          30  -1.3437064951107292E-002
           4          31   7.4301544516470124E-015
           4          32  -4.5283274745054454E-016
           4          33  -1.3437064951095940E-002
           4          34 -0.13891676697841701     
           4          35  -1.5303431499707638E-015
           4          36 -0.13891676697840888     
           4          37   1.6365958669904384E-015
           4          38   1.3380721739054091E-014
           4          39 -0.13891676697840627     
           4          40  -8.3973235047572824E-015
           4          41   6.0538457800212349E-015
           4          42  -3.9639353136029663E-017
           4          43   1.0598879141785524E-014
           4          44  -2.1688125866669370E-015
           4          45   3.4282967886687703E-015
           4          46  -5.6630253450665279E-016
           4          47  -2.3341168911446331E-015
           4          48   7.1790533382663748E-015
           4          49  -2.4788223974922292E-015
           4          50   1.9366568713657833E-014
           4          51   8.2958552528656019E-016
           4          52   1.4942929664332478E-014
           4          53   1.5123928434686125E-014
           4          54   1.3212535273259514E-014
           4          55  -3.8844513203473891E-015
           4          56   7.5407087828273931E-015
           4          57   1.3019691903872388E-014
           4          58   2.0648747884979251E-015
           4          59   2.6015177155415547E-014
           5           1   9.7901767260938286E-003
           5           2  0.16807444822908074     
           5           3  -4.5902621475358757E-002
           5           4  0.68051544444288847     
           5           5  0.72316648026734542     
           5           6   1.1498335666441720E-002
           5           7  -6.3578870336407645E-014
           5           8   5.4329984594892552E-014
           5           9   1.9723615711161617E-015
           5          10  -1.1542644525490287E-013
           5          11   1.4949928302460633E-013
           5          12  -1.1548143664313148E-013
           5          13   1.3683709545522305E-013
           5          14  -1.0908014297086246E-013
           5          15   1.6773008529156553E-013
           5          16  -7.5597099620381470E-014
           5          17   7.3191537652804042E-014
           5          18  -8.8789517483807142E-014
           5          19  -9.9029152914436467E-015
           5          20   4.8624607658642086E-015
           5          21  -2.0928767729018668E-014
           5          22   4.8743877194313640E-002
           5          23  -2.7943074299717863E-015
           5          24   4.8743877194316117E-002
           5          25   2.6255838008245569E-015
           5          26  -1.5330185841023053E-015
           5          27   4.8743877194313667E-002
           5          28  -1.2116785865587561E-002
           5          29   2.8330702124293745E-015
           5          30  -1.2116785865608621E-002
           5          31   1.3153877524851569E-015
           5          32   1.0930735837139114E-015
           5          33  -1.2116785865591412E-002
           5          34 -0.14504897587142235     
           5          35  -1.4100720305487806E-015
           5          36 -0.14504897587141163     
           5          37   2.2438731807016450E-015
           5          38   1.1929263212855498E-014
           5          39 -0.14504897587141696     
           5          40   3.9920278895565875E-015
           5          41  -1.0999716058505310E-014
           5          42   1.0845982816009177E-015
           5          43  -1.6963805158568490E-014
           5          44   1.3779539062055017E-017
           5          45   1.5432162408571119E-015
           5          46   4.9130982513282702E-015
           5          47   8.1613485467989121E-016
           5          48  -1.0949271722300610E-014
           5          49   5.3574881252223962E-015
           5          50   3.2738545406179922E-014
           5          51  -2.3354222647135947E-014
           5          52   1.9493195067110022E-014
           5          53  -4.3816353835387243E-014
           5          54   1.8322051260329256E-014
           5          55  -3.5593050850597838E-015
           5          56   1.1329673928420061E-014
           5          57   2.1394100477956504E-014
           5          58  -2.0775874907994031E-014
           5          59   2.9888509149532355E-014
           6           1  -4.7490450323584786E-004
           6           2  -4.0926035844890372E-003
           6           3  -8.1268175522913823E-004
           6           4   1.2762085707006886E-002
           6           5   1.1498335666441720E-002
           6           6   2.0781203702594289E-004
           6           7  -1.4940022440081158E-014
           6           8  -4.1395456162886745E-015
           6           9   4.0146542777004726E-014
           6          10  -1.3244277267992167E-015
           6          11  -4.7719798161348838E-016
           6          12  -8.1670722931028552E-016
           6          13   1.8402503890474447E-015
           6          14   6.4611218884755681E-016
           6          15   1.9340080825916443E-015
           6          16  -1.0752098837044999E-015
           6          17  -1.0394495852788533E-016
           6          18  -9.2846927749420030E-016
           6          19  -1.8488117055968083E-016
           6          20   1.3534241937496310E-016
           6          21  -3.5559442809496182E-016
           6          22   7.6202191959179257E-004
           6          23  -7.7048758772443060E-018
           6          24   7.6202191959172556E-004
           6          25  -2.7373163775766181E-018
           6          26  -2.0621285519130564E-017
           6          27   7.6202191959175614E-004
           6          28  -2.1879334866087177E-004
           6          29   1.6971405559215731E-017
           6          30  -2.1879334866114461E-004
           6          31   1.0067501484395641E-016
           6          32  -1.7889209174500376E-018
           6          33  -2.1879334866093335E-004
           6          34  -2.3374216984182340E-003
           6          35  -2.5283219910398640E-017
           6          36  -2.3374216984180891E-003
           6          37   2.9484071808831192E-017
           6          38   2.1740335704920694E-016
           6          39  -2.3374216984180757E-003
           6          40  -7.5355232941213135E-017
           6          41   3.9014110826057131E-017
           6          42   1.1641793258420520E-017
           6          43   7.8586644852382060E-017
           6          44  -5.0484650475561232E-017
           6          45   4.9905409590422272E-017
           6          46  -1.1335294960719786E-017
           6          47  -1.8969001360084924E-017
           6          48   5.3776493503353836E-017
           6          49  -6.2241770359671470E-017
           6          50   4.6125444745999739E-016
           6          51  -6.3224727735779734E-017
           6          52   3.0543813237341344E-016
           6          53   6.0923647288655334E-017
           6          54   1.2675521374307347E-016
           6          55  -6.3442682349851777E-017
           6          56   2.7349075697123319E-017
           6          57   2.8798840696052422E-016
           6          58  -3.7592987735844022E-017
           6          59   1.9615373231603267E-016
           7           1   2.6375251320158227E-014
           7           2   7.5723136469804719E-015
           7           3   5.9609512666424238E-014
           7           4  -8.7107590098458360E-014
           7           5  -6.3578870336407645E-014
           7           6  -1.4940022440081158E-014
           7           7   1.9855028396294321     
           7           8   6.4531713306306301E-016
           7           9   3.4861002973231077E-014
           7          10   4.3720096091264704E-002
           7          11   1.5900583801020839E-013
           7          12  -3.0377263204873233E-013
           7          13  -4.3714261228725820E-002
           7          14  -2.3568755454228586E-013
           7          15   2.8042238670034884E-013
           7          16   2.5934952437967156E-002
           7          17   1.3949269257046560E-013
           7          18  -1.7000897217789690E-013
           7          19  -7.9939609491861297E-004
           7          20  -4.7134944059809178E-015
           7          21   1.2852484918348470E-014
           7          22   1.8092799672624393E-014
           7          23   4.8965191841904042E-015
           7          24   1.4432069054072084E-014
           7          25   3.7023567238777589E-015
           7          26   1.4574609720674872E-014
           7          27  -6.3810387181748499E-016
           7          28   3.0745280830680157E-014
           7          29   3.1258114314121655E-015
           7          30   4.7120114612493654E-014
           7          31  -9.4764561795491345E-015
           7          32  -2.1787798574207486E-014
           7          33   4.7200939284456141E-014
           7          34   2.8529807136756980E-014
           7          35  -1.3938616991216634E-015
           7          36   3.5214293406156756E-014
           7          37   4.9751317061134611E-015
           7          38   2.4782059605561120E-014
           7          39   3.0416681689138558E-014
           7          40  -2.5243205557986632E-003
           7          41   1.1231040240606374E-014
           7          42  -1.1289104719650867E-003
           7          43   1.1570334534220770E-015
           7          44   1.1197368986887165E-014
           7          45  -9.5030904202213412E-016
           7          46   4.7328406384969144E-015
           7          47  -1.1289104719547985E-003
           7          48   9.0730645652820358E-015
           7          49   2.6011094320099951E-014
           7          50  -1.2612447866922089E-002
           7          51  -2.4936406021678572E-014
           7          52  -5.6404581586309488E-003
           7          53  -3.0000253583435218E-014
           7          54   3.5580479534891833E-014
           7          55   1.7072647190650764E-014
           7          56   4.0111468833926124E-014
           7          57  -5.6404581586280474E-003
           7          58  -2.1551445524015717E-014
           7          59   8.3918332352552144E-014
           8           1  -1.4277962446483849E-015
           8           2  -5.9785436069145064E-014
           8           3  -5.7725695684100173E-014
           8           4   6.5057507004081582E-014
           8           5   5.4329984594892552E-014
           8           6  -4.1395456162886745E-015
           8           7   6.4531713306306301E-016
           8           8   1.9855028396292189     
           8           9   3.3223424011907595E-014
           8          10  -2.3395239738543809E-013
           8          11   4.3720096091885194E-002
           8          12   1.4412559687371316E-013
           8          13   1.3376647879648020E-013
           8          14  -4.3714261229447868E-002
           8          15  -1.3926143224707457E-013
           8          16  -7.7895372443957679E-014
           8          17   2.5934952438302471E-002
           8          18   9.1446164876552603E-014
           8          19  -4.6043016946849352E-015
           8          20  -7.9939609490705082E-004
           8          21   5.4413396531629635E-016
           8          22   1.0753719287977833E-014
           8          23   4.4655636157967441E-015
           8          24  -2.1278627417022314E-015
           8          25  -7.1863137276239036E-015
           8          26   4.0063656869964338E-015
           8          27   3.2369194743441093E-015
           8          28  -2.8686267723573109E-014
           8          29   4.4791571438977039E-015
           8          30  -9.6844542070262175E-015
           8          31  -8.2974148419353535E-015
           8          32  -7.6468424574307540E-015
           8          33  -1.7224324926104962E-014
           8          34  -2.5855384718686954E-014
           8          35  -3.5518783301663137E-016
           8          36  -2.1912984060476776E-014
           8          37   1.3008184922718922E-015
           8          38  -6.5150176695371102E-015
           8          39  -2.4055092985688341E-014
           8          40   5.0419385463559815E-014
           8          41  -1.1289104719603899E-003
           8          42   1.4693487312283885E-014
           8          43  -2.5243205558268108E-003
           8          44  -1.8274634193057867E-015
           8          45  -6.1311612965488252E-016
           8          46  -1.5461481921164084E-014
           8          47   9.3874764190392399E-015
           8          48  -1.1289104719636339E-003
           8          49  -7.3845009967988149E-015
           8          50   7.7055983122020272E-014
           8          51  -5.6404581586722430E-003
           8          52   2.8366767485313052E-014
           8          53  -1.2612447867037514E-002
           8          54  -2.6021882131716062E-014
           8          55  -2.3914229179759912E-015
           8          56  -1.9828051960740904E-014
           8          57   3.6360291947451154E-014
           8          58  -5.6404581586604330E-003
           8          59  -5.1388580890599248E-014
           9           1  -5.0868930248523177E-015
           9           2  -1.9383355721305849E-014
           9           3   1.3377801226185443E-015
           9           4   3.6487151088627847E-014
           9           5   1.9723615711161617E-015
           9           6   4.0146542777004726E-014
           9           7   3.4861002973231077E-014
           9           8   3.3223424011907595E-014
           9           9   1.9855028396292647     
           9          10   7.2292866137851615E-014
           9          11  -3.1887079782188920E-013
           9          12   4.3720096091738894E-002
           9          13  -5.9876582858545977E-014
           9          14   3.8180656553032892E-013
           9          15  -4.3714261229307674E-002
           9          16   4.4949287347767944E-014
           9          17  -2.2365095886378470E-013
           9          18   2.5934952438228374E-002
           9          19   4.8568733670287678E-015
           9          20  -1.1619049093084271E-014
           9          21  -7.9939609493636017E-004
           9          22  -2.9034342247530262E-014
           9          23  -8.4484405946852859E-015
           9          24  -1.1461475927167723E-014
           9          25   7.3451951848043069E-015
           9          26  -2.4488604590096811E-014
           9          27   4.2658454097314896E-015
           9          28   6.8459950726269468E-015
           9          29  -1.1080626798823278E-014
           9          30  -3.0558989793802258E-014
           9          31   2.4787886384614085E-014
           9          32   3.1715960800249972E-014
           9          33  -2.5473678919635506E-014
           9          34   3.1793896507918079E-015
           9          35   8.3082171455399722E-017
           9          36  -2.8849786974721052E-014
           9          37  -9.8091492499458839E-015
           9          38  -9.3409257110069589E-015
           9          39  -2.9130376128972299E-015
           9          40  -2.4079696570034066E-014
           9          41  -1.0051313080461426E-014
           9          42   2.6941990305395914E-014
           9          43   2.7065020146918467E-014
           9          44  -1.1289104719704466E-003
           9          45   8.6792982590962344E-015
           9          46  -1.1289104719235613E-003
           9          47   1.8288051194942307E-014
           9          48   4.4528589799794310E-015
           9          49  -2.5243205558111723E-003
           9          50  -5.3371803504507480E-014
           9          51   3.5097250626613863E-014
           9          52   4.6335548245523716E-015
           9          53   6.2429553714104322E-014
           9          54  -5.6404581586301343E-003
           9          55  -1.9744305862780373E-014
           9          56  -5.6404581586709350E-003
           9          57  -1.2341581749618438E-014
           9          58   1.1651487066832216E-014
           9          59  -1.2612447866998170E-002
          10           1  -2.0937832248924315E-013
          10           2  -2.3051258151899190E-013
          10           3   5.2491312171403870E-015
          10           4  -4.5230630724724324E-014
          10           5  -1.1542644525490287E-013
          10           6  -1.3244277267992167E-015
          10           7   4.3720096091264704E-002
          10           8  -2.3395239738543809E-013
          10           9   7.2292866137851615E-014
          10          10   9.6270162903523151E-004
          10          11  -1.6510840546419207E-015
          10          12  -5.1139105970423705E-015
          10          13  -9.6257315361766176E-004
          10          14  -3.8038555593146079E-017
          10          15   4.6000258723267948E-015
          10          16   5.7107882275620229E-004
          10          17   1.5182218539933615E-017
          10          18  -2.8092491440532752E-015
          10          19  -1.7602429677113515E-005
          10          20  -9.6095887888687767E-018
          10          21   2.5417934088181460E-016
          10          22  -7.7469265804139955E-015
          10          23   1.0781310259641821E-016
          10          24  -7.8275223742106581E-015
          10          25   8.1539688447961697E-017
          10          26   3.2092692530115577E-016
          10          27  -8.1593802586828086E-015
          10          28   1.5159221442011533E-015
          10          29   6.8822426130617263E-017
          10          30   1.8764638058871485E-015
          10          31  -2.0866942361877072E-016
          10          32  -4.7975024292579311E-016
          10          33   1.8782557726483266E-015
          10          34   2.2352777256180732E-014
          10          35  -3.0689418385936735E-017
          10          36   2.2499952467960848E-014
          10          37   1.0954713491687318E-016
          10          38   5.4571016682335053E-016
          10          39   2.2394319897077830E-014
          10          40  -5.5584678296657816E-005
          10          41   3.8034034556964674E-016
          10          42  -2.4858223836019152E-005
          10          43   3.2295883971219084E-016
          10          44   2.0587051079723579E-016
          10          45  -2.0909649223191834E-017
          10          46   6.3582528184392724E-017
          10          47  -2.4858223835792612E-005
          10          48   3.3284085546961816E-016
          10          49   4.8181266918793391E-016
          10          50  -2.7772180512378511E-004
          10          51   1.1560432719456494E-016
          10          52  -1.2420096701834353E-004
          10          53   8.2572752753668466E-016
          10          54   5.8030227216118589E-016
          10          55   3.7592331499516773E-016
          10          56   6.8003531950216512E-016
          10          57  -1.2420096701827967E-004
          10          58   1.9009494567407932E-016
          10          59   1.3935047234968202E-015
          11           1   5.0977549314972028E-014
          11           2   7.7804342336641012E-013
          11           3  -1.6513666301333639E-015
          11           4  -7.2253990274594652E-014
          11           5   1.4949928302460633E-013
          11           6  -4.7719798161348838E-016
          11           7   1.5900583801020839E-013
          11           8   4.3720096091885194E-002
          11           9  -3.1887079782188920E-013
          11          10  -1.6510840546419207E-015
          11          11   9.6270162906265965E-004
          11          12  -3.8630394456276176E-015
          11          13  -5.5421365737735907E-016
          11          14  -9.6257315364732380E-004
          11          15   3.9688236963476835E-015
          11          16   3.6120873001934429E-016
          11          17   5.7107882277175137E-004
          11          18  -2.1605099979079425E-015
          11          19  -1.6538805339106443E-016
          11          20  -1.7602429677110612E-005
          11          21   1.4065278550578869E-016
          11          22   1.1657298719594353E-014
          11          23   9.8322649031857171E-017
          11          24   1.1373666463270298E-014
          11          25  -1.5825073788076565E-016
          11          26   8.8181413278587572E-017
          11          27   1.1491810868379171E-014
          11          28  -2.6898064836286322E-016
          11          29   9.8636526665575508E-017
          11          30   1.4940439976385880E-016
          11          31  -1.8267002940650783E-016
          11          32  -1.6833939564769094E-016
          11          33  -1.6604761360443972E-017
          11          34  -2.6906985296672344E-014
          11          35  -7.8248218193599618E-018
          11          36  -2.6820202861270234E-014
          11          37   2.8632878283096454E-017
          11          38  -1.4348381164812214E-016
          11          39  -2.6867360800557995E-014
          11          40   9.0803753066500827E-016
          11          41  -2.4858223836271236E-005
          11          42   2.3316445345678658E-016
          11          43  -5.5584678298072456E-005
          11          44   1.4148033669633538E-016
          11          45  -1.3504038763137595E-017
          11          46  -1.5874456222701385E-016
          11          47   1.1631339964656831E-016
          11          48  -2.4858223836342661E-005
          11          49   2.4373457760559976E-016
          11          50   6.8678701913093009E-016
          11          51  -1.2420096702102883E-004
          11          52   1.7296412783089081E-016
          11          53  -2.7772180513029797E-004
          11          54   3.3491259218041236E-016
          11          55  -5.2683234777120894E-017
          11          56   4.7129590811667706E-016
          11          57   3.4897037449069336E-016
          11          58  -1.2420096702076878E-004
          11          59   8.9855287924016449E-016
          12           1   5.4925796864650368E-014
          12           2  -7.0077859183346108E-014
          12           3   7.0975781678642987E-015
          12           4  -9.7341104922115752E-014
          12           5  -1.1548143664313148E-013
          12           6  -8.1670722931028552E-016
          12           7  -3.0377263204873233E-013
          12           8   1.4412559687371316E-013
          12           9   4.3720096091738894E-002
          12          10  -5.1139105970423705E-015
          12          11  -3.8630394456276176E-015
          12          12   9.6270162905619271E-004
          12          13   5.3864519181430067E-015
          12          14   5.2489547539195715E-015
          12          15  -9.6257315364099119E-004
          12          16  -2.9880611873450039E-015
          12          17  -3.0510397810698342E-015
          12          18   5.7107882276819443E-004
          12          19   2.2952941156448498E-016
          12          20  -3.1357286762490401E-016
          12          21  -1.7602429677696630E-005
          12          22  -8.4859726592322155E-015
          12          23  -1.8600900659209586E-016
          12          24  -8.0990747940958329E-015
          12          25   1.6173247729859421E-016
          12          26  -5.3916285118458080E-016
          12          27  -7.7528037441080880E-015
          12          28   2.0110808483702932E-015
          12          29  -2.4396921351271581E-016
          12          30   1.1875382547661870E-015
          12          31   5.4576192099391540E-016
          12          32   6.9828510725744957E-016
          12          33   1.2994963255503415E-015
          12          34   2.3107396971686852E-014
          12          35   1.8258567734942418E-018
          12          36   2.2402177024402441E-014
          12          37  -2.1597987734195641E-016
          12          38  -2.0563489083119388E-016
          12          39   2.2973255169382374E-014
          12          40  -1.4303167753924462E-016
          12          41  -3.0282783117028445E-016
          12          42   7.6633103617109259E-016
          12          43   4.1361974067199989E-016
          12          44  -2.4858223836408858E-005
          12          45   1.9109406333269864E-016
          12          46  -2.4858223835376535E-005
          12          47   5.7581469160966528E-016
          12          48   1.6536624229252439E-017
          12          49  -5.5584678297540763E-005
          12          50   7.5932099149067545E-016
          12          51   3.6539222575674431E-016
          12          52   9.6713205477437989E-016
          12          53   4.6367938785787127E-016
          12          54  -1.2420096701968312E-004
          12          55  -4.3470123751349546E-016
          12          56  -1.2420096702058143E-004
          12          57   5.9336352020417032E-016
          12          58  -1.5084216834342578E-016
          12          59  -2.7772180512849565E-004
          13           1   1.8780410975374413E-013
          13           2   1.8973670590911056E-013
          13           3  -7.2437152425303401E-015
          13           4   7.9010955215268397E-014
          13           5   1.3683709545522305E-013
          13           6   1.8402503890474447E-015
          13           7  -4.3714261228725820E-002
          13           8   1.3376647879648020E-013
          13           9  -5.9876582858545977E-014
          13          10  -9.6257315361766176E-004
          13          11  -5.5421365737735907E-016
          13          12   5.3864519181430067E-015
          13          13   9.6244470024166241E-004
          13          14   2.2427670614736175E-015
          13          15  -4.8726756136411139E-015
          13          16  -5.7100261139052537E-004
          13          17  -1.3232551989830019E-015
          13          18   2.9709714506009834E-015
          13          19   1.7600080474728790E-005
          13          20   4.9947309440974922E-017
          13          21  -2.5911796648194772E-016
          13          22   9.0956885201309749E-015
          13          23  -1.0779357337103351E-016
          13          24   9.1762639920474638E-015
          13          25  -8.1540564566743822E-017
          13          26  -3.2088330152204174E-016
          13          27   9.5080914979479030E-015
          13          28  -2.0774796244194205E-015
          13          29  -6.8807870173447653E-017
          13          30  -2.4379523931160247E-015
          13          31   2.0864242374332617E-016
          13          32   4.7967867175205344E-016
          13          33  -2.4397536767734622E-015
          13          34  -2.6875992468689246E-014
          13          35   3.0683025274604876E-017
          13          36  -2.7023136402164506E-014
          13          37  -1.0952972627330833E-016
          13          38  -5.4565112765555321E-016
          13          39  -2.6917525118142729E-014
          13          40   5.5577259730520030E-005
          13          41  -3.2334953365873407E-016
          13          42   2.4854906152383177E-005
          13          43  -1.9559367180729554E-016
          13          44  -2.1287632030400093E-016
          13          45   2.0894493098201776E-017
          13          46  -7.0651865161875622E-017
          13          47   2.4854906152156663E-005
          13          48  -2.7587090174493978E-016
          13          49  -4.9750988376620754E-016
          13          50   2.7768474051302736E-004
          13          51   1.6890599297415500E-016
          13          52   1.2418439122050069E-004
          13          53  -1.8946263558181277E-016
          13          54  -6.1549140892107475E-016
          13          55  -3.7586489690259866E-016
          13          56  -7.1517702241699454E-016
          13          57   1.2418439122043685E-004
          13          58   9.4457302625747907E-017
          13          59  -1.4721093809998233E-015
          14           1  -1.3603824876067411E-014
          14           2  -6.4266750262875363E-013
          14           3   7.3423287289878543E-016
          14           4   7.3413377448971971E-014
          14           5  -1.0908014297086246E-013
          14           6   6.4611218884755681E-016
          14           7  -2.3568755454228586E-013
          14           8  -4.3714261229447868E-002
          14           9   3.8180656553032892E-013
          14          10  -3.8038555593146079E-017
          14          11  -9.6257315364732380E-004
          14          12   5.2489547539195715E-015
          14          13   2.2427670614736175E-015
          14          14   9.6244470027355769E-004
          14          15  -5.3544340727761583E-015
          14          16  -1.3630589712468920E-015
          14          17  -5.7100261140739968E-004
