           1           1   2.2703135513978254     
           1           2 -0.47876946488360339     
           1           3 -0.56427174455237261     
           1           4   1.7142901187607112E-002
           1           5  -2.2107473367710247E-002
           1           6   5.4251535429601952E-014
           1           7  -3.6615630895055175E-013
           1           8   4.0514623746713138E-013
           1           9  -2.9691467092952424E-013
           1          10   4.9089683436822498E-013
           1          11  -6.2047615484624179E-013
           1          12   9.9390253315983276E-014
           1          13  -2.1683813599110972E-013
           1          14   2.6938465845044111E-013
           1          15  -4.2630803583141977E-015
           1          16   2.1562912335810167E-016
           1          17  -8.3480245276827190E-015
           1          18  0.13228871945813522     
           1          19  -2.6803963665600282E-016
           1          20  0.13228871945814397     
           1          21  -1.4282586385668810E-015
           1          22   6.4763725364955563E-016
           1          23  0.13228871945814974     
           1          24  0.10137470238008958     
           1          25   1.3874291885995434E-015
           1          26  0.10137470238009026     
           1          27   4.9077671474218663E-015
           1          28   2.7951306978103355E-015
           1          29  0.10137470238008564     
           1          30   2.9207223744077790E-002
           1          31   1.2288723611228632E-015
           1          32   2.9207223744074064E-002
           1          33  -4.9377486399006750E-015
           1          34  -4.9308392770583521E-016
           1          35   2.9207223744079192E-002
           1          36   4.3712545423763570E-014
           1          37   3.6709186710280562E-014
           1          38   2.2530771620842702E-014
           1          39   6.3018048005994147E-014
           1          40  -2.4527585941960307E-014
           1          41   2.3055966353759301E-015
           1          42  -2.6206030979742776E-014
           1          43   1.7498772905227508E-014
           1          44   3.2525886158595042E-014
           1          45  -5.9385702403376404E-014
           1          46   1.2743271180126087E-014
           1          47   2.0200204799149046E-014
           1          48   1.5297703824388340E-015
           1          49   5.3690104343995599E-014
           1          50  -2.4403108893780110E-014
           1          51  -4.3312813396133810E-015
           1          52  -2.2157007542623445E-014
           1          53   5.9938935533633915E-015
           1          54   1.8874897716985527E-014
           1          55  -5.4153543925840487E-014
           2           1 -0.47876946488360339     
           2           2  0.82618933016476104     
           2           3   1.4809788518220619     
           2           4 -0.44255744709055728     
           2           5  -3.9303354477976012E-002
           2           6  -6.7670507433249588E-013
           2           7   1.0215086721071351E-012
           2           8  -1.1604556814629025E-012
           2           9   1.1603666418792833E-012
           2          10  -1.6196396378652561E-012
           2          11   1.9424369655858750E-012
           2          12  -4.5871455667181756E-013
           2          13   6.9735110279895249E-013
           2          14  -8.1208792392691636E-013
           2          15   7.7748678296105950E-015
           2          16  -1.5951006212653783E-014
           2          17   1.9467888649700692E-014
           2          18 -0.12292660738451784     
           2          19   1.7055006982928779E-015
           2          20 -0.12292660738451522     
           2          21  -2.0721049715145421E-016
           2          22  -3.0811938034026158E-015
           2          23 -0.12292660738451379     
           2          24 -0.14401645136352983     
           2          25  -1.3341418496307000E-015
           2          26 -0.14401645136352365     
           2          27  -1.3623422903179267E-015
           2          28   2.0866178711829142E-015
           2          29 -0.14401645136351962     
           2          30   1.4140016167637687E-002
           2          31  -1.8525336830030841E-015
           2          32   1.4140016167632160E-002
           2          33   2.4870858068028500E-015
           2          34   2.3747267526020050E-016
           2          35   1.4140016167634224E-002
           2          36   6.6566576651406397E-014
           2          37  -5.6980528873015659E-014
           2          38   2.7484605814557842E-014
           2          39  -1.4294229133984531E-013
           2          40   5.9965997208555250E-014
           2          41  -9.4044314741685424E-016
           2          42   6.0871411557060958E-014
           2          43   2.8905861967489496E-014
           2          44  -5.9942986353815526E-014
           2          45   1.3308826392418312E-013
           2          46   6.1119640722315538E-014
           2          47  -6.3604239971037491E-014
           2          48   3.0555950021765002E-014
           2          49  -1.2333149336201048E-013
           2          50   6.4368631020691438E-014
           2          51   1.0878626359587350E-015
           2          52   5.5085355462849184E-014
           2          53   2.7745353961161372E-014
           2          54  -5.9094574338774941E-014
           2          55   1.3392622825149498E-013
           3           1 -0.56427174455237261     
           3           2   1.4809788518220619     
           3           3   2.6980720355572601     
           3           4 -0.82860097779343889     
           3           5  -7.7073073853541951E-002
           3           6  -1.0686067296283087E-012
           3           7   1.9778807325731960E-012
           3           8  -2.1313999291588779E-012
           3           9   1.8166234294438975E-012
           3          10  -3.1555199208076017E-012
           3          11   3.5757786439286284E-012
           3          12  -7.1377424913952378E-013
           3          13   1.3553714699829050E-012
           3          14  -1.4934645143586916E-012
           3          15   1.1026069407204976E-014
           3          16  -3.1645685970199678E-014
           3          17   3.5508731632481436E-014
           3          18 -0.21134581597987750     
           3          19   3.1634207727226543E-015
           3          20 -0.21134581597987129     
           3          21  -5.9980829793196523E-016
           3          22  -5.6910034837824963E-015
           3          23 -0.21134581597986773     
           3          24 -0.25551258362054097     
           3          25  -2.3008966838156766E-015
           3          26 -0.25551258362052920     
           3          27  -1.8346181939564772E-015
           3          28   4.3309730028964169E-015
           3          29 -0.25551258362052237     
           3          30   3.0863140147783762E-002
           3          31  -3.2978309586702014E-015
           3          32   3.0863140147772836E-002
           3          33   3.9424811589826368E-015
           3          34   3.7324882851166393E-016
           3          35   3.0863140147777465E-002
           3          36   1.0802595652008291E-013
           3          37  -1.0771814341823638E-013
           3          38   4.4459477459457128E-014
           3          39  -2.7284278551324017E-013
           3          40   1.0963617158835949E-013
           3          41  -1.4260976756045594E-015
           3          42   1.1108898764405042E-013
           3          43   4.6386412983095437E-014
           3          44  -1.1389870721625299E-013
           3          45   2.4260663809144917E-013
           3          46   9.4434391395406349E-014
           3          47  -1.2227759443632543E-013
           3          48   4.7669145036652159E-014
           3          49  -2.3668488925611550E-013
           3          50   1.1788997554296077E-013
           3          51   1.4041712335411046E-015
           3          52   1.0078713844809485E-013
           3          53   4.3049248439897353E-014
           3          54  -1.1400385377024886E-013
           3          55   2.4487880350015516E-013
           4           1   1.7142901187607112E-002
           4           2 -0.44255744709055728     
           4           3 -0.82860097779343889     
           4           4  0.26579912396007516     
           4           5   2.6443132643115770E-002
           4           6   5.3870557657605847E-013
           4           7  -7.3291783563552655E-013
           4           8   6.8074261038920096E-013
           4           9  -8.8924841355617551E-013
           4          10   1.1816310214472082E-012
           4          11  -1.1455041309367204E-012
           4          12   3.5860083357501182E-013
           4          13  -5.0466684334516093E-013
           4          14   4.7767841597648626E-013
           4          15  -6.2512760215804947E-015
           4          16   1.2034413421713045E-014
           4          17  -1.1190440296613297E-014
           4          18   5.8515305285370411E-002
           4          19  -1.0000659819609331E-015
           4          20   5.8515305285367775E-002
           4          21   2.9692749386753991E-016
           4          22   1.7871195167084966E-015
           4          23   5.8515305285366213E-002
           4          24   7.4992256839849822E-002
           4          25   6.4087851031283161E-016
           4          26   7.4992256839845992E-002
           4          27   2.3520463295674239E-016
           4          28  -1.5985799166693236E-015
           4          29   7.4992256839844104E-002
           4          30  -1.2065609247301542E-002
           4          31   9.7367539191924802E-016
           4          32  -1.2065609247297750E-002
           4          33  -9.1235490717782628E-016
           4          34  -8.4517934426000726E-017
           4          35  -1.2065609247299615E-002
           4          36  -6.1902700622141994E-014
           4          37   3.8636972905882453E-014
           4          38  -2.6658897908455311E-014
           4          39   9.8083974251021372E-014
           4          40  -3.4807264003346120E-014
           4          41   2.9233374378124651E-016
           4          42  -3.5153708506014735E-014
           4          43  -2.6914841703690630E-014
           4          44   4.0932353765156791E-014
           4          45  -7.6681059234328292E-014
           4          46  -5.4045026384611665E-014
           4          47   4.4188155441332118E-014
           4          48  -2.5619376100230806E-014
           4          49   8.6350137990934114E-014
           4          50  -3.7411874256597070E-014
           4          51  -1.3830360894718480E-016
           4          52  -3.2062899566104893E-014
           4          53  -2.4454341087048151E-014
           4          54   4.1617832290455912E-014
           4          55  -7.7648771449949476E-014
           5           1  -2.2107473367710247E-002
           5           2  -3.9303354477976012E-002
           5           3  -7.7073073853541951E-002
           5           4   2.6443132643115770E-002
           5           5   2.8805973643827526E-003
           5           6   5.6557781428826880E-014
           5           7  -9.5154368859658344E-014
           5           8   6.7812786488927943E-014
           5           9  -9.1153832935579100E-014
           5          10   1.5518993681452883E-013
           5          11  -1.1459151165792684E-013
           5          12   3.7045719342694952E-014
           5          13  -6.5796270692391721E-014
           5          14   4.7675504280158094E-014
           5          15  -6.2947509841111336E-016
           5          16   1.5912234231302932E-015
           5          17  -1.0921029557495074E-015
           5          18   4.4727921776085864E-003
           5          19  -9.7356031947449767E-017
           5          20   4.4727921776082299E-003
           5          21   4.4728982654163906E-017
           5          22   1.7220558187169605E-016
           5          23   4.4727921776080131E-003
           5          24   6.4475701386699068E-003
           5          25   4.9632206987733636E-017
           5          26   6.4475701386695165E-003
           5          27  -2.7943218647535933E-017
           5          28  -1.8944925341783980E-016
           5          29   6.4475701386693769E-003
           5          30  -1.5150171450782931E-003
           5          31   8.4629766707356111E-017
           5          32  -1.5150171450778744E-003
           5          33  -3.9567029341569542E-017
           5          34  -3.2911082561183100E-018
           5          35  -1.5150171450781149E-003
           5          36  -7.0413514552915879E-015
           5          37   4.8651465334491220E-015
           5          38  -3.0776308930381310E-015
           5          39   1.2249681692027477E-014
           5          40  -3.4382955944238573E-015
           5          41   5.0859925559382288E-018
           5          42  -3.4553827345457041E-015
           5          43  -3.0504612756664790E-015
           5          44   5.1389562908301239E-015
           5          45  -7.5253949405525936E-015
           5          46  -5.9096485438570813E-015
           5          47   5.5233859432671013E-015
           5          48  -2.7443296046177640E-015
           5          49   1.1013467807523343E-014
           5          50  -3.6897159066137683E-015
           5          51   3.1599429899960335E-017
           5          52  -3.1775212105476539E-015
           5          53  -2.6744833765198035E-015
           5          54   5.2798443792813787E-015
           5          55  -7.6531478360128230E-015
           6           1   5.4251535429601952E-014
           6           2  -6.7670507433249588E-013
           6           3  -1.0686067296283087E-012
           6           4   5.3870557657605847E-013
           6           5   5.6557781428826880E-014
           6           6   2.9142219375971545     
           6           7  -9.2437169030291543E-013
           6           8   2.0511370379963036E-014
           6           9  -4.7822130569009058     
           6          10   6.9344530118089236E-013
           6          11   2.6034729927435394E-014
           6          12   1.9958681739242017     
           6          13  -4.0800696154975326E-013
           6          14  -4.3742787170221310E-014
           6          15  -4.4203199060373129E-002
           6          16   3.3298017121375191E-014
           6          17   1.3825312422665996E-014
           6          18   7.0116365789862228E-014
           6          19  -6.4798491806258585E-015
           6          20   6.0128911385951364E-014
           6          21   2.4191778573398005E-014
           6          22   1.6225519079451660E-015
           6          23   3.3624298646171898E-014
           6          24   9.2016165408117730E-015
           6          25   1.8576590736230816E-014
           6          26   2.8692234309923063E-014
           6          27  -5.2039915414512935E-015
           6          28   3.0589407119905316E-014
           6          29   4.6970180876021099E-014
           6          30  -2.2093744249074127E-014
           6          31  -1.2072276034193127E-014
           6          32  -6.1395650685504927E-014
           6          33  -3.7269656591852178E-015
           6          34  -3.2337339256716433E-014
           6          35  -5.0138499089298891E-014
           6          36 -0.35156855270496495     
           6          37   1.4068607390171898E-013
           6          38 -0.15722623651989850     
           6          39   2.8796409701215099E-013
           6          40  -1.0625181290358485E-014
           6          41   2.6644145517370723E-015
           6          42  -1.7357643100624430E-014
           6          43 -0.15722623651988410     
           6          44   1.4052647934192937E-013
           6          45   1.6653345369276980E-016
           6          46 -0.33347989417123614     
           6          47   8.8311302715028053E-014
           6          48 -0.14913674249925388     
           6          49   1.9452495170213610E-013
           6          50   3.0990834898324996E-014
           6          51  -1.8212357795760899E-014
           6          52   1.0293849106445862E-014
           6          53 -0.14913674249926889     
           6          54   9.3418328628303710E-014
           6          55  -1.2378986724571734E-014
           7           1  -3.6615630895055175E-013
           7           2   1.0215086721071351E-012
           7           3   1.9778807325731960E-012
           7           4  -7.3291783563552655E-013
           7           5  -9.5154368859658344E-014
           7           6  -9.2437169030291543E-013
           7           7   2.9142219375996690     
           7           8   9.9954766685111831E-014
           7           9   1.2467804566540888E-012
           7          10  -4.7822130569035552     
           7          11  -1.1857181902883871E-013
           7          12  -6.1572968945711303E-013
           7          13   1.9958681739255217     
           7          14   6.8604844027459596E-014
           7          15   1.2647868863345358E-014
           7          16  -4.4203199060414394E-002
           7          17  -1.2458458743802442E-014
           7          18  -1.5936379291769685E-013
           7          19   3.2974037767932599E-015
           7          20  -1.6018971328664259E-013
           7          21   3.3688294398491276E-015
           7          22  -5.2668538058775976E-015
           7          23  -1.5733852020180420E-013
           7          24  -1.5706777383486694E-013
           7          25  -1.6061184384927527E-015
           7          26  -1.5153380760594808E-013
           7          27   6.8605545513888652E-015
           7          28   3.6036572082254743E-015
           7          29  -1.4671789131533046E-013
           7          30   5.7229358061175281E-014
           7          31   4.4944133096173983E-015
           7          32   5.6836285659421226E-014
           7          33  -1.7639604442573029E-015
           7          34  -4.6985577142861945E-015
           7          35   5.2933852075799141E-014
           7          36   1.6275869541004217E-013
           7          37 -0.15722623652017731     
           7          38   8.0477291497512172E-014
           7          39 -0.35156855270557813     
           7          40  -7.6583704655341201E-015
           7          41  -9.5502245988783466E-016
           7          42  -1.4638464051995315E-014
           7          43   7.4620865042615115E-014
           7          44 -0.15722623652016623     
           7          45  -1.1611371586374464E-014
           7          46   1.7560952692007608E-013
           7          47 -0.14913674249946224     
           7          48   7.3684114365589053E-014
           7          49 -0.33347989417168039     
           7          50  -2.9620403351931087E-015
           7          51  -1.5314491939310404E-015
           7          52  -8.9303564542969475E-015
           7          53   7.1179173666277017E-014
           7          54 -0.14913674249947179     
           7          55  -2.7656696377421019E-014
           8           1   4.0514623746713138E-013
           8           2  -1.1604556814629025E-012
           8           3  -2.1313999291588779E-012
           8           4   6.8074261038920096E-013
           8           5   6.7812786488927943E-014
           8           6   2.0511370379963036E-014
           8           7   9.9954766685111831E-014
           8           8   2.9142219375990921     
           8           9  -6.1284310959352855E-014
           8          10  -1.0780265569003371E-013
           8          11  -4.7822130569029691     
           8          12  -9.4091401336964125E-015
           8          13   6.1735339062601992E-014
           8          14   1.9958681739253357     
           8          15   5.9804591834318308E-015
           8          16  -4.0592529336772149E-016
           8          17  -4.4203199060421007E-002
           8          18   1.6544715447393704E-013
           8          19  -1.2531018620340933E-015
           8          20   1.6555283602134090E-013
           8          21   2.1434999429094423E-015
           8          22   1.5631664770870179E-016
           8          23   1.6302779244705755E-013
           8          24   1.9093534531221874E-013
           8          25   1.8569765568587861E-015
           8          26   1.9547594188103677E-013
           8          27  -3.2041179554682086E-016
           8          28   1.5672958555997751E-015
           8          29   1.9571666078582695E-013
           8          30  -2.8433810537514789E-014
           8          31  -1.2622836246200207E-015
           8          32  -3.2035838626372920E-014
           8          33   1.6003916743663735E-016
           8          34  -2.1572771006166379E-015
           8          35  -2.9934717112122499E-014
           8          36   4.3125225612843078E-015
           8          37  -1.0577910075601069E-014
           8          38   2.3887142264241706E-015
           8          39  -2.4581031654497463E-014
           8          40 -0.15722623652010875     
           8          41  -2.3802631188140387E-015
           8          42 -0.15722623652011017     
           8          43   3.4243441415816294E-015
           8          44  -9.9763947103037378E-015
           8          45 -0.35156855270543219     
           8          46   1.8183371475197800E-014
           8          47  -7.6275791238276653E-015
           8          48   1.0687631335495060E-014
           8          49  -2.3475145438575426E-014
           8          50 -0.14913674249944794     
           8          51  -1.6420494646074682E-015
           8          52 -0.14913674249944830     
           8          53   8.9303564543322759E-015
           8          54  -9.3857213667332879E-015
           8          55 -0.33347989417164853     
           9           1  -2.9691467092952424E-013
           9           2   1.1603666418792833E-012
           9           3   1.8166234294438975E-012
           9           4  -8.8924841355617551E-013
           9           5  -9.1153832935579100E-014
           9           6  -4.7822130569009058     
           9           7   1.2467804566540888E-012
           9           8  -6.1284310959352855E-014
           9           9   7.8475703674271307     
           9          10  -6.9499961341540989E-013
           9          11   2.6645352591756153E-015
           9          12  -3.2752024538882889     
           9          13   4.8461235024890739E-013
           9          14   5.2874371547741822E-014
           9          15   7.2537068291237156E-002
           9          16  -5.0546372643012912E-014
           9          17  -2.2267777899375571E-014
           9          18  -1.2796777380662323E-013
           9          19   1.0633376599960409E-014
           9          20  -1.1157844729741304E-013
           9          21  -3.9698499922332431E-014
           9          22  -2.6625936822339202E-015
           9          23  -6.8084606462221766E-014
           9          24  -2.5407137365271409E-014
           9          25  -3.0484025127048429E-014
           9          26  -5.7391072967431806E-014
           9          27   8.5397052216437165E-015
           9          28  -5.0196953171070410E-014
           9          29  -8.7385025587870165E-014
           9          30   3.3750798324616007E-014
           9          31   1.9810500817528771E-014
           9          32   9.8244887706280425E-014
           9          33   6.1159184920124067E-015
           9          34   5.3065294727145164E-014
           9          35   7.9771999058932880E-014
           9          36  0.57692096180145080     
           9          37  -2.1629920077259792E-013
           9          38  0.25800689764651191     
           9          39  -4.3998138465895464E-013
           9          40   1.8922363675957221E-014
           9          41  -4.3722812919389451E-015
           9          42   2.9972552217929488E-014
           9          43  0.25800689764648826     
           9          44  -2.1603552280424967E-013
           9          45   3.0531133177239775E-015
           9          46  0.54723762920903185     
           9          47  -1.3110346142042562E-013
           9          48  0.24473210775142729     
           9          49  -2.8829716391954192E-013
           9          50  -4.9437884341860602E-014
           9          51   2.9886322014188331E-014
           9          52  -1.5477202852663041E-014
           9          53  0.24473210775145199     
           9          54  -1.3947176746853754E-013
           9          55   2.3474278076923108E-014
          10           1   4.9089683436822498E-013
          10           2  -1.6196396378652561E-012
          10           3  -3.1555199208076017E-012
          10           4   1.1816310214472082E-012
          10           5   1.5518993681452883E-013
          10           6   6.9344530118089236E-013
          10           7  -4.7822130569035552     
          10           8  -1.0780265569003371E-013
          10           9  -6.9499961341540989E-013
          10          10   7.8475703674290527     
          10          11   1.0225154056618074E-013
          10          12   4.4664272280670325E-013
          10          13  -3.2752024538894431     
          10          14  -7.4065753529555707E-014
          10          15  -8.2676920865029667E-015
          10          16   7.2537068291282439E-002
          10          17   1.9590882735491717E-014
          10          18   2.5072305977204211E-013
          10          19  -5.4110111490844497E-015
          10          20   2.5207838797178643E-013
          10          21  -5.5282200459367918E-015
          10          22   8.6428616552155719E-015
          10          23   2.4739960471848470E-013
          10          24   2.4717889249849121E-013
          10          25   2.6356265006379171E-015
          10          26   2.3809770166159436E-013
          10          27  -1.1258110828810314E-014
          10          28  -5.9135703878477140E-015
          10          29   2.3019482457841320E-013
          10          30  -9.4391028842384430E-014
          10          31  -7.3752934651460009E-015
          10          32  -9.3746000422360640E-014
          10          33   2.8946438703089102E-015
          10          34   7.7102926719466662E-015
          10          35  -8.7342140580217536E-014
          10          36  -1.6775469902085333E-013
          10          37  0.25800689764688972     
          10          38  -8.7652107794150631E-014
          10          39  0.57692096180227859     
          10          40   9.5314381386997644E-015
          10          41   1.5671836171375473E-015
          10          42   2.0991021421001812E-014
          10          43  -7.8048678631143961E-014
          10          44  0.25800689764687151     
          10          45   1.2273168592414788E-014
          10          46  -1.9398371797761833E-013
          10          47  0.24473210775169355     
          10          48  -7.8784201384960046E-014
          10          49  0.54723762920959163     
          10          50   1.9853910181961602E-015
          10          51   2.5130949145380595E-015
          10          52   1.1774435593142269E-014
          10          53  -7.4690253981652408E-014
          10          54  0.24473210775170931     
          10          55   3.8949746205984541E-014
          11           1  -6.2047615484624179E-013
          11           2   1.9424369655858750E-012
          11           3   3.5757786439286284E-012
          11           4  -1.1455041309367204E-012
          11           5  -1.1459151165792684E-013
          11           6   2.6034729927435394E-014
          11           7  -1.1857181902883871E-013
          11           8  -4.7822130569029691     
          11           9   2.6645352591756153E-015
          11          10   1.0225154056618074E-013
          11          11   7.8475703674286841     
          11          12   5.6343818499723066E-014
          11          13  -7.0235484094575062E-014
          11          14  -3.2752024538893849     
          11          15  -1.0720591081539700E-014
          11          16  -2.2334564771500706E-017
          11          17   7.2537068291298773E-002
          11          18  -2.7513570767493768E-013
          11          19   2.0563293443552838E-015
          11          20  -2.7530913018245064E-013
          11          21  -3.5174649130861991E-015
          11          22  -2.5651427025506153E-016
          11          23  -2.7116555546207967E-013
          11          24  -3.1937383604287155E-013
          11          25  -3.0472825085820797E-015
          11          26  -3.2682491583791871E-013
          11          27   5.2579299211244374E-016
          11          28  -2.5719189770602838E-015
          11          29  -3.2721993348385608E-013
          11          30   4.8559794579153470E-014
          11          31   2.0713965375420754E-015
          11          32   5.4470691596165274E-014
          11          33  -2.6262289301212548E-016
          11          34   3.5400731100198594E-015
          11          35   5.1022769318885037E-014
          11          36  -1.4280243654250189E-014
          11          37   1.4908213552483613E-014
          11          38  -7.1435912740789540E-015
          11          39   3.4864472420024374E-014
          11          40  0.25800689764679668     
          11          41   3.9059912420517869E-015
          11          42  0.25800689764679902     
          11          43  -8.8401508335831685E-015
          11          44   1.3917686447696795E-014
          11          45  0.57692096180208285     
          11          46  -3.6665115388260316E-014
          11          47   1.0194102506506545E-014
          11          48  -2.0591167659847824E-014
          11          49   3.3330976867282971E-014
          11          50  0.24473210775168866     
          11          51   2.6945890044992434E-015
          11          52  0.24473210775168922     
          11          53  -1.7711526689729164E-014
          11          54   1.3078947647061236E-014
          11          55  0.54723762920958074     
          12           1   9.9390253315983276E-014
          12           2  -4.5871455667181756E-013
          12           3  -7.1377424913952378E-013
          12           4   3.5860083357501182E-013
          12           5   3.7045719342694952E-014
          12           6   1.9958681739242017     
          12           7  -6.1572968945711303E-013
          12           8  -9.4091401336964125E-015
          12           9  -3.2752024538882889     
          12          10   4.4664272280670325E-013
          12          11   5.6343818499723066E-014
          12          12   1.3669136575672096     
          12          13  -2.6750823778343263E-013
          12          14  -4.6032622158519146E-014
          12          15  -3.0273520713037218E-002
          12          16   2.2542731570318687E-014
          12          17   9.8243895657601373E-015
          12          18   4.9306039563796920E-014
          12          19  -4.4378654160099034E-015
          12          20   4.2465914545824016E-014
          12          21   1.6568264860801005E-014
          12          22   1.1112399065520835E-015
          12          23   2.4313654984862732E-014
          12          24   6.0596739803370410E-015
          12          25   1.2722581541277053E-014
          12          26   1.9408246782436602E-014
          12          27  -3.5640666076094369E-015
          12          28   2.0949819690180843E-014
          12          29   3.1926295378982777E-014
          12          30  -1.3830666428393129E-014
          12          31  -8.2679603816792611E-015
          12          32  -4.0747430460337956E-014
          12          33  -2.5524933597232411E-015
          12          34  -2.2146928969001499E-014
          12          35  -3.3037725749778606E-014
          12          36 -0.24077935734537381     
          12          37   9.5413260625676230E-014
          12          38 -0.10767980212059017     
          12          39   1.9512169657787131E-013
          12          40  -6.0099494825217010E-015
          12          41   1.8247821613536408E-015
          12          42  -1.0621711843406029E-014
          12          43 -0.10767980212058029     
          12          44   9.5302238323213778E-014
          12          45   2.9472951856845318E-015
          12          46 -0.22839094676803143     
          12          47   5.9594690293707332E-014
          12          48 -0.10213953648376391     
          12          49   1.3122836151069355E-013
          12          50   2.2423903012214118E-014
          12          51  -1.2473128702974090E-014
          12          52   8.2520795752216193E-015
          12          53 -0.10213953648377420     
          12          54   6.3091892821276575E-014
          12          55  -5.7939764097626619E-015
          13           1  -2.1683813599110972E-013
          13           2   6.9735110279895249E-013
          13           3   1.3553714699829050E-012
          13           4  -5.0466684334516093E-013
          13           5  -6.5796270692391721E-014
          13           6  -4.0800696154975326E-013
          13           7   1.9958681739255217     
          13           8   6.1735339062601992E-014
          13           9   4.8461235024890739E-013
          13          10  -3.2752024538894431     
          13          11  -7.0235484094575062E-014
          13          12  -2.6750823778343263E-013
          13          13   1.3669136575678384     
          13          14   4.2386233411694124E-014
          13          15   5.2475385148287678E-015
          13          16  -3.0273520713059377E-002
          13          17  -8.4306476730223378E-015
          13          18  -1.0780921429002990E-013
          13          19   2.2582985769789088E-015
          13          20  -1.0837486378889239E-013
          13          21   2.3072159932752617E-015
          13          22  -3.6071191944040995E-015
          13          23  -1.0642216229340271E-013
          13          24  -1.0688548219670478E-013
          13          25  -1.0999850881565861E-015
          13          26  -1.0309542525925006E-013
          13          27   4.6985997558834362E-015
          13          28   2.4680428895424793E-015
          13          29  -9.9797140413911870E-014
          13          30   3.9768572802801215E-014
          13          31   3.0780965476220394E-015
          13          32   3.9499368633209147E-014
          13          33  -1.2080866132170802E-015
          13          34  -3.2179092759926836E-015
          13          35   3.6826702255293558E-014
          13          36   8.4307560932469379E-014
          13          37 -0.10767980212075942     
          13          38   4.2972569946895067E-014
          13          39 -0.24077935734574521     
          13          40  -4.8819455422441109E-015
          13          41  -6.5406786919031443E-016
          13          42  -9.6645781655118478E-015
          13          43   3.8958419823485146E-014
          13          44 -0.10767980212075183     
          13          45  -7.1470607209722384E-015
          13          46   9.4507734971211187E-014
          13          47 -0.10213953648388602     
          13          48   3.8944542035678171E-014
          13          49 -0.22839094676828964     
          13          50  -1.6861512186239039E-015
          13          51  -1.0488462346394625E-015
          13          52  -5.7727260471601388E-015
          13          53   3.7230635241412063E-014
          13          54 -0.10213953648389258     
          13          55  -1.8172963134280146E-014
          14           1   2.6938465845044111E-013
          14           2  -8.1208792392691636E-013
          14           3  -1.4934645143586916E-012
          14           4   4.7767841597648626E-013
          14           5   4.7675504280158094E-014
          14           6  -4.3742787170221310E-014
          14           7   6.8604844027459596E-014
          14           8   1.9958681739253357     
          14           9   5.2874371547741822E-014
          14          10  -7.4065753529555707E-014
          14          11  -3.2752024538893849     
          14          12  -4.6032622158519146E-014
          14          13   4.2386233411694124E-014
          14          14   1.3669136575678542     
          14          15   4.9732353651922702E-015
          14          16  -2.8080836266611559E-016
          14          17  -3.0273520713067076E-002
          14          18   1.1533239488663236E-013
          14          19  -8.5821402030233307E-016
          14          20   1.1540477318916083E-013
          14          21   1.4680224802600221E-015
          14          22   1.0705685047229245E-016
          14          23   1.1367544226804454E-013
          14          24   1.3362315453361893E-013
          14          25   1.2717907177009128E-015
          14          26   1.3673288068913712E-013
          14          27  -2.1944097566184441E-016
          14          28   1.0733965992623727E-015
          14          29   1.3689774225809761E-013
          14          30  -2.0110237496033299E-014
          14          31  -8.6450234978362592E-016
          14          32  -2.2577164647798931E-014
          14          33   1.0960629893947022E-016
          14          34  -1.4774580658753975E-015
          14          35  -2.1138165954619042E-014
          14          36   9.9243530060672750E-015
          14          37  -7.2546135765094608E-015
          14          38   4.7557444093931903E-015
          14          39  -1.6861512186428752E-014
          14          40 -0.10767980212072373     
          14          41  -1.6301748823987110E-015
          14          42 -0.10767980212072470     
          14          43   5.4661136728052211E-015
          14          44  -6.8421830700942907E-015
          14          45 -0.24077935734567055     
          14          46   1.9068080447943204E-014
          14          47  -5.2332270461233164E-015
          14          48   1.0277369233425925E-014
          14          49  -1.6100835942222155E-014
          14          50 -0.10213953648388695     
          14          51  -1.1245932316054635E-015
          14          52 -0.10213953648388717     
          14          53   9.0752058645751922E-015
          14          54  -6.4362577767154275E-015
          14          55 -0.22839094676829177     
          15           1  -4.2630803583141977E-015
          15           2   7.7748678296105950E-015
          15           3   1.1026069407204976E-014
          15           4  -6.2512760215804947E-015
          15           5  -6.2947509841111336E-016
          15           6  -4.4203199060373129E-002
          15           7   1.2647868863345358E-014
          15           8   5.9804591834318308E-015
          15           9   7.2537068291237156E-002
          15          10  -8.2676920865029667E-015
          15          11  -1.0720591081539700E-014
          15          12  -3.0273520713037218E-002
          15          13   5.2475385148287678E-015
          15          14   4.9732353651922702E-015
