           1           1   2.0058342496329891     
           1           2   2.6351043000294311E-002
           1           3 -0.26922532796391047     
           1           4 -0.19544291002077041     
           1           5  -1.4631053276447717E-002
           1           6   4.9713664989601614E-015
           1           7   5.7326603401409820E-014
           1           8  -1.8043733614747557E-014
           1           9  -2.4369994296062788E-015
           1          10  -1.0357013806694085E-014
           1          11   6.4983201242934435E-015
           1          12   2.2147874794374043E-014
           1          13   1.9252490324673250E-014
           1          14   7.0109472655378775E-015
           1          15  -2.8218619872323905E-015
           1          16  -4.6930986071808895E-015
           1          17  -4.3359219561103510E-015
           1          18   3.5624535610068358E-003
           1          19   1.9393074342675657E-016
           1          20   3.5624535610103356E-003
           1          21   6.6380418227036683E-016
           1          22  -5.3965720794482830E-016
           1          23   3.5624535610056978E-003
           1          24   1.3631839640592823E-002
           1          25   5.6204046664576508E-016
           1          26   1.3631839640596714E-002
           1          27   4.8870494430949696E-016
           1          28   3.5547056886179296E-015
           1          29   1.3631839640591038E-002
           1          30   7.0421144485731633E-003
           1          31  -3.8655897736445790E-015
           1          32   7.0421144485723324E-003
           1          33  -9.9153949825104432E-016
           1          34  -6.8038482619258822E-015
           1          35   7.0421144485797301E-003
           1          36  -5.6620492802222425E-015
           1          37  -1.1565683883977956E-014
           1          38  -1.1200677497515562E-015
           1          39  -2.6640981393789911E-014
           1          40   6.9038404656078636E-015
           1          41   6.0433182360375255E-016
           1          42   2.5568461851021997E-015
           1          43  -2.8377916678079745E-015
           1          44  -1.3839453455873571E-014
           1          45   6.5548114774691672E-015
           1          46  -1.1879684038378395E-014
           1          47  -6.4562194293010147E-015
           1          48  -7.1649984112615800E-015
           1          49  -1.9325891896896611E-014
           1          50  -2.5830136390768062E-015
           1          51  -8.8786193981683877E-016
           1          52  -1.1778876375218044E-015
           1          53  -1.0396202430252146E-014
           1          54  -7.1249834503051813E-015
           1          55   6.9724856943908099E-015
           2           1   2.6351043000294311E-002
           2           2   5.0467298917574829E-002
           2           3  0.16315738905809882     
           2           4  0.11354744678927482     
           2           5   7.2827473992987434E-003
           2           6   1.2694137471227277E-014
           2           7   2.5197189617195097E-015
           2           8  -9.2570625434864198E-016
           2           9   2.9488606885358633E-015
           2          10  -3.5310364954896950E-015
           2          11  -4.3506567934039949E-015
           2          12   7.6967044355436425E-015
           2          13   5.1453345329741968E-015
           2          14  -6.6314804043715746E-015
           2          15  -1.4411998991747101E-016
           2          16   2.9379731976086328E-016
           2          17   1.3175964541164077E-015
           2          18   1.0780686746567089E-003
           2          19  -3.8855986467880825E-016
           2          20   1.0780686746561215E-003
           2          21   2.2075579799037929E-016
           2          22   1.6975818496972554E-016
           2          23   1.0780686746567356E-003
           2          24   1.4545755796784650E-003
           2          25   8.5922673550302165E-017
           2          26   1.4545755796780604E-003
           2          27  -1.0769766556255403E-015
           2          28  -2.0507508517752442E-015
           2          29   1.4545755796777538E-003
           2          30  -1.4651259167423095E-003
           2          31   1.9302334995396590E-015
           2          32  -1.4651259167435169E-003
           2          33  -1.1349101648493549E-015
           2          34   3.6945359026658807E-015
           2          35  -1.4651259167437918E-003
           2          36  -2.6914078199462183E-015
           2          37  -1.8846383873348339E-015
           2          38  -1.6454690799096063E-015
           2          39  -4.6802177998240625E-015
           2          40  -9.0885834571813819E-016
           2          41  -8.2395162824090537E-017
           2          42  -2.6517842515310290E-016
           2          43  -1.1711589861367267E-015
           2          44  -2.0114103482720815E-015
           2          45  -3.8925866309575375E-016
           2          46  -4.0909195790359204E-015
           2          47  -3.3980279661566082E-015
           2          48   2.6085684816483214E-016
           2          49  -4.1292622721135753E-015
           2          50   2.7226110106017296E-016
           2          51   1.0052890078033645E-015
           2          52   3.2563910722387597E-016
           2          53   8.9792799443554965E-016
           2          54  -1.9761119423789948E-015
           2          55  -1.4595078956760225E-015
           3           1 -0.26922532796391047     
           3           2  0.16315738905809882     
           3           3  0.59097296261715204     
           3           4  0.41347854958090879     
           3           5   2.6910420333017705E-002
           3           6   2.2913915049713701E-014
           3           7   2.3305732761234970E-015
           3           8   1.2758297324756242E-014
           3           9  -4.1454137209740513E-015
           3          10  -6.8431983228273926E-015
           3          11  -5.4280872311842135E-015
           3          12   1.1804224946669211E-014
           3          13   1.6175323357561792E-014
           3          14  -1.6910844348636026E-014
           3          15  -1.1122323701826535E-015
           3          16   1.9529224616577590E-015
           3          17   5.8490345772910574E-015
           3          18   2.9632278524307715E-003
           3          19  -1.3437139280151157E-015
           3          20   2.9632278524283147E-003
           3          21   6.2974078333233238E-016
           3          22   6.5887034375661788E-016
           3          23   2.9632278524311826E-003
           3          24   2.4839682222746419E-003
           3          25   1.6867085148001851E-016
           3          26   2.4839682222725238E-003
           3          27  -3.6645025794075258E-015
           3          28  -7.4901932865289329E-015
           3          29   2.4839682222724028E-003
           3          30  -5.9744818776636755E-003
           3          31   7.1379470705274897E-015
           3          32  -5.9744818776676558E-003
           3          33  -3.6449796759924907E-015
           3          34   1.3742348566102921E-014
           3          35  -5.9744818776697739E-003
           3          36  -8.4763625694115593E-015
           3          37  -4.2703116723759775E-015
           3          38  -5.4739070246760404E-015
           3          39  -1.0845225643964279E-014
           3          40  -4.0302851756475652E-015
           3          41  -3.4103126285992303E-016
           3          42  -1.0681882387325201E-015
           3          43  -3.6175980547867833E-015
           3          44  -4.2421699039830148E-015
           3          45  -1.8946566508525564E-015
           3          46  -1.2832446129738100E-014
           3          47  -1.0188972684637084E-014
           3          48   1.5534644200488575E-015
           3          49  -1.0264099290768256E-014
           3          50   1.8445864284144283E-015
           3          51   3.5297749337237320E-015
           3          52   1.7779430359956167E-015
           3          53   4.3504959447186503E-015
           3          54  -5.2139883465872115E-015
           3          55  -5.0747390154011218E-015
           4           1 -0.19544291002077041     
           4           2  0.11354744678927482     
           4           3  0.41347854958090879     
           4           4  0.29384190995428094     
           4           5   1.9225695727850930E-002
           4           6  -1.1753736550378579E-014
           4           7   1.2452838072490019E-014
           4           8   2.1753531933380618E-014
           4           9  -2.4015059638899685E-014
           4          10   2.7471965310780407E-015
           4          11   6.0356080152472998E-015
           4          12  -5.6519093865816449E-015
           4          13   1.7499428176974920E-014
           4          14  -8.1350110556869056E-015
           4          15  -2.9729262898833246E-015
           4          16   1.9286206535441691E-015
           4          17   4.6686847971740004E-015
           4          18   1.9695386494752985E-003
           4          19  -1.0251925492229451E-015
           4          20   1.9695386494741045E-003
           4          21   4.6079959848095483E-016
           4          22   4.3937336055054037E-016
           4          23   1.9695386494761854E-003
           4          24   2.0159208414998542E-003
           4          25  -1.2111559979545161E-016
           4          26   2.0159208414979903E-003
           4          27  -2.7173462172569403E-015
           4          28  -5.5358353180729324E-015
           4          29   2.0159208414973575E-003
           4          30  -3.2662478555181970E-003
           4          31   5.1961742797470543E-015
           4          32  -3.2662478555218239E-003
           4          33  -2.6207336402972373E-015
           4          34   1.1009093934760333E-014
           4          35  -3.2662478555227675E-003
           4          36  -6.5630793361590854E-015
           4          37  -3.4389757188213500E-015
           4          38  -4.0280830080855782E-015
           4          39  -8.0019658917559382E-015
           4          40  -2.7771617101432690E-015
           4          41  -8.3867008527721446E-017
           4          42  -4.9190483106636224E-016
           4          43  -2.6792856191079342E-015
           4          44  -3.0635451796427055E-015
           4          45  -8.3979771543435212E-016
           4          46  -1.1058728639884818E-014
           4          47  -7.5456270705613456E-015
           4          48   3.0579444622936179E-016
           4          49  -7.3033535978523546E-015
           4          50   1.9043203643727855E-015
           4          51   2.5222678627459154E-015
           4          52   1.8540479475880726E-015
           4          53   2.7055474250524727E-015
           4          54  -3.3979648472628179E-015
           4          55  -2.6171477738903645E-015
           5           1  -1.4631053276447717E-002
           5           2   7.2827473992987434E-003
           5           3   2.6910420333017705E-002
           5           4   1.9225695727850930E-002
           5           5   1.2617910488891457E-003
           5           6  -1.1589713935231404E-014
           5           7  -5.7518273012005800E-015
           5           8   8.0127287651223040E-015
           5           9  -9.9947082183577775E-015
           5          10  -4.9133720324666056E-015
           5          11   5.5327594532886094E-015
           5          12  -6.3963616176197504E-015
           5          13  -2.5166653641248117E-015
           5          14   3.0761350834254759E-015
           5          15  -7.6287291522311706E-016
           5          16  -2.0596281858802012E-016
           5          17   6.4278435249110379E-016
           5          18   1.2149814781469539E-004
           5          19  -6.8111158167570743E-017
           5          20   1.2149814781462650E-004
           5          21   2.9552796099688344E-017
           5          22   2.8374283874651466E-017
           5          23   1.2149814781476658E-004
           5          24   1.2322369374148822E-004
           5          25  -1.3395869299330142E-017
           5          26   1.2322369374135616E-004
           5          27  -1.7883561004779485E-016
           5          28  -3.6652532029292586E-016
           5          29   1.2322369374130886E-004
           5          30  -1.9754856133334648E-004
           5          31   3.4294729984217519E-016
           5          32  -1.9754856133359761E-004
           5          33  -1.6965767524179430E-016
           5          34   7.4611981444254958E-016
           5          35  -1.9754856133365366E-004
           5          36  -7.2571825197282832E-016
           5          37  -3.0719738709038907E-016
           5          38  -3.9444022988789662E-016
           5          39  -6.9347152429553531E-016
           5          40  -1.0307360913506240E-016
           5          41  -2.5988431100878853E-018
           5          42   5.2948820756720443E-017
           5          43  -3.0491879235921915E-016
           5          44  -2.7326381798035854E-016
           5          45   1.3247624586685728E-016
           5          46  -1.3918110687068955E-015
           5          47  -6.7928452248907017E-016
           5          48  -2.7899125202852017E-016
           5          49  -8.8010232710188608E-016
           5          50   3.1676836790444624E-016
           5          51   1.6463738295866636E-016
           5          52   3.1215189032087214E-016
           5          53  -1.1163484711300566E-016
           5          54  -3.9688186440886793E-016
           5          55   2.4374683670332665E-016
           6           1   4.9713664989601614E-015
           6           2   1.2694137471227277E-014
           6           3   2.2913915049713701E-014
           6           4  -1.1753736550378579E-014
           6           5  -1.1589713935231404E-014
           6           6  0.23304991593226335     
           6           7   3.2508717939806576E-015
           6           8  -1.4793721803130520E-014
           6           9  0.18212457959325559     
           6          10   4.4313511193827656E-015
           6          11  -7.0776717819849657E-016
           6          12  0.13014141670857154     
           6          13   3.6732769603808717E-015
           6          14  -1.2788381464900760E-014
           6          15   1.1993919045223759E-002
           6          16  -1.6658766380245147E-016
           6          17   5.6179019769508606E-015
           6          18   1.7362275819504200E-015
           6          19   8.7571870977408788E-017
           6          20   1.3850951894866535E-015
           6          21  -6.8976818470980173E-016
           6          22   8.8626273536238419E-017
           6          23  -6.5786467079097826E-016
           6          24   4.9925619942772201E-015
           6          25   2.0106180202215232E-016
           6          26   1.5479991641369914E-015
           6          27  -1.9929241241999886E-015
           6          28   1.8284551603597673E-015
           6          29   6.3696544551215450E-015
           6          30   1.3362688468936997E-014
           6          31  -1.0841218055802964E-015
           6          32   5.2796282719255334E-015
           6          33  -3.3361140153724301E-015
           6          34  -9.8061528258754720E-016
           6          35   7.1026334602429252E-015
           6          36   6.7026697249493866E-003
           6          37   6.0980951191449544E-016
           6          38   2.9975250469688472E-003
           6          39  -9.7345092056609615E-016
           6          40   1.8182070432582682E-015
           6          41   4.2017956581804145E-016
           6          42   2.1099658478740741E-015
           6          43   2.9975250469685042E-003
           6          44   3.3931462240647718E-016
           6          45   5.0185550160009794E-015
           6          46   1.4691142921697039E-002
           6          47  -1.8382647834490970E-015
           6          48   6.5700791958706838E-003
           6          49   1.1506637656588810E-015
           6          50   3.8324378393017437E-015
           6          51  -2.3322922372755125E-015
           6          52   1.4977168810714658E-015
           6          53   6.5700791958713482E-003
           6          54   1.3335686721570980E-017
           6          55   7.8127608549306396E-015
           7           1   5.7326603401409820E-014
           7           2   2.5197189617195097E-015
           7           3   2.3305732761234970E-015
           7           4   1.2452838072490019E-014
           7           5  -5.7518273012005800E-015
           7           6   3.2508717939806576E-015
           7           7  0.23304991593226737     
           7           8   5.7037707890114767E-015
           7           9  -1.1310397063372971E-015
           7          10  0.18212457959325470     
           7          11   1.2767564783191420E-015
           7          12   6.6431235512540119E-015
           7          13  0.13014141670859067     
           7          14  -5.2839677078264107E-015
           7          15  -7.8001298996213807E-015
           7          16   1.1993919045214711E-002
           7          17   3.7097061533764895E-015
           7          18  -1.8961006473615894E-017
           7          19  -1.2560555360633329E-016
           7          20   1.2526357465328835E-016
           7          21  -2.1819199914455513E-016
           7          22  -7.3851942323332463E-016
           7          23   4.9859728037657789E-016
           7          24  -1.3725010851432097E-015
           7          25   1.0285366473125727E-015
           7          26   6.4997929172345873E-016
           7          27   2.1600438965622124E-015
           7          28   6.3648807770456767E-016
           7          29  -1.2858091143493811E-015
           7          30  -8.0372079476417953E-016
           7          31  -4.1168295548602710E-015
           7          32   1.0128651366345994E-015
           7          33  -1.0820820670695096E-015
           7          34  -6.6634082578585233E-016
           7          35   4.1324586612420066E-015
           7          36  -2.4493211278622673E-015
           7          37   2.9975250469677101E-003
           7          38  -6.6691986135023131E-016
           7          39   6.7026697249465226E-003
           7          40   1.3606737264702882E-016
           7          41  -3.5197882514497337E-016
           7          42  -4.0939474033038640E-016
           7          43  -1.1708570311215176E-015
           7          44   2.9975250469665270E-003
           7          45  -1.8695982262337076E-015
           7          46  -3.8992246931275229E-015
           7          47   6.5700791958686134E-003
           7          48  -2.6313586726240567E-016
           7          49   1.4691142921689838E-002
           7          50  -8.5218290757347622E-016
           7          51   4.8177899293176122E-016
           7          52  -2.6085904269985484E-016
           7          53  -1.8758323887258519E-015
           7          54   6.5700791958695579E-003
           7          55   2.7556082415894172E-015
           8           1  -1.8043733614747557E-014
           8           2  -9.2570625434864198E-016
           8           3   1.2758297324756242E-014
           8           4   2.1753531933380618E-014
           8           5   8.0127287651223040E-015
           8           6  -1.4793721803130520E-014
           8           7   5.7037707890114767E-015
           8           8  0.23304991593225460     
           8           9  -7.6882944455295214E-015
           8          10   2.4771851236948300E-015
           8          11  0.18212457959324896     
           8          12  -1.9706458687096648E-014
           8          13  -2.3765711620881251E-015
           8          14  0.13014141670859780     
           8          15   8.6354534634123943E-015
           8          16   3.9061635870309158E-015
           8          17   1.1993919045212036E-002
           8          18  -9.9095218810969350E-016
           8          19   4.4967490520037695E-016
           8          20  -7.2018105641320369E-016
           8          21   5.7812627520977327E-016
           8          22  -5.9429337491401231E-016
           8          23  -8.1148980502296762E-016
           8          24   9.6930977630282864E-016
           8          25  -5.1014983933750923E-016
           8          26  -6.8698506946870345E-015
           8          27   7.2954756028595758E-016
           8          28  -3.1121012327203912E-015
           8          29  -2.0806917444376632E-015
           8          30  -8.5096608263334827E-015
           8          31   4.8219925455631319E-015
           8          32  -1.9504934495058288E-015
           8          33   5.0097568356872884E-017
           8          34   8.1800418986689177E-016
           8          35  -4.2036557167401255E-015
           8          36   3.6552792043175942E-015
           8          37  -1.4272437398600038E-015
           8          38   9.6884306133299371E-016
           8          39   1.1358101958957326E-015
           8          40   2.9975250469678979E-003
           8          41   6.5049625100394088E-016
           8          42   2.9975250469670735E-003
           8          43   2.1792463666961592E-016
           8          44  -2.6270218639321120E-016
           8          45   6.7026697249503494E-003
           8          46   4.3745389255444060E-015
           8          47   1.6020171300643490E-015
           8          48   1.4406878467988627E-015
           8          49  -7.2554809382738348E-016
           8          50   6.5700791958701980E-003
           8          51   1.1889554502739962E-015
           8          52   6.5700791958701052E-003
           8          53   4.6416863408452137E-015
           8          54   2.8906998322808405E-015
           8          55   1.4691142921679822E-002
           9           1  -2.4369994296062788E-015
           9           2   2.9488606885358633E-015
           9           3  -4.1454137209740513E-015
           9           4  -2.4015059638899685E-014
           9           5  -9.9947082183577775E-015
           9           6  0.18212457959325559     
           9           7  -1.1310397063372971E-015
           9           8  -7.6882944455295214E-015
           9           9  0.14232728795174021     
           9          10   5.8460181140437154E-016
           9          11   2.4702462297909216E-015
           9          12  0.10170332270194134     
           9          13   8.1445267197060330E-016
           9          14  -7.8340112175103237E-015
           9          15   9.3730454913436550E-003
           9          16  -3.1880964881938319E-016
           9          17   4.5896446365655490E-015
           9          18   1.1887208232225741E-015
           9          19   6.8435940524447204E-017
           9          20   9.1431677933699576E-016
           9          21  -5.3904220542003015E-016
           9          22   6.9259938344668662E-017
           9          23  -6.8222190290445907E-016
           9          24   3.7177882611061174E-015
           9          25   1.5712640795877375E-016
           9          26   1.0259204918672864E-015
           9          27  -1.5574365982035047E-015
           9          28   1.4289068762525202E-015
           9          29   4.7939627986039085E-015
           9          30   1.0738938889775584E-014
           9          31  -8.4722291050558387E-016
           9          32   4.4221636430703502E-015
           9          33  -2.6071168491707528E-015
           9          34  -7.6633430812290763E-016
           9          35   5.8468114580694749E-015
           9          36   5.2380233690522138E-003
           9          37   4.2918142997862004E-016
           9          38   2.3425152796799514E-003
           9          39  -8.6641306108706024E-016
           9          40   1.4707202469766485E-015
           9          41   3.2836324558271556E-016
           9          42   1.6987279638502645E-015
           9          43   2.3425152796796834E-003
           9          44   2.1785687403397264E-016
           9          45   4.0332320816460331E-015
           9          46   1.1480880469985591E-002
           9          47  -1.5404344466670560E-015
           9          48   5.1344061063301584E-003
           9          49   6.6694696640486619E-016
           9          50   3.1040708198259049E-015
           9          51  -1.8226470561178178E-015
           9          52   1.2793585635327978E-015
           9          53   5.1344061063306780E-003
           9          54  -9.3458227268129774E-017
           9          55   6.3499552838131039E-015
          10           1  -1.0357013806694085E-014
          10           2  -3.5310364954896950E-015
          10           3  -6.8431983228273926E-015
          10           4   2.7471965310780407E-015
          10           5  -4.9133720324666056E-015
          10           6   4.4313511193827656E-015
          10           7  0.18212457959325470     
          10           8   2.4771851236948300E-015
          10           9   5.8460181140437154E-016
          10          10  0.14232728795173635     
          10          11  -5.5511151231263073E-016
          10          12   6.2450045135162563E-015
          10          13  0.10170332270195404     
          10          14  -5.2388648974494857E-015
          10          15  -5.9985653597104305E-015
          10          16   9.3730454913363761E-003
          10          17   2.7972416050125592E-015
          10          18  -1.8938591184261149E-016
          10          19  -9.8158622171603778E-017
          10          20  -7.6676833619457250E-017
          10          21  -1.7051336815918891E-016
          10          22  -5.7714047627852921E-016
          10          23   2.1507716221813103E-016
          10          24  -1.6559789416304135E-015
          10          25   8.0378404660103293E-016
          10          26  -7.5444630347848664E-017
          10          27   1.6880378823167207E-015
          10          28   4.9740470020939879E-016
          10          29  -1.5882306282621419E-015
          10          30  -9.1154937906507213E-016
          10          31  -3.2172328787879411E-015
          10          32   5.0808189489442755E-016
          10          33  -8.4562888925341415E-016
          10          34  -5.2073411945563522E-016
          10          35   2.9459916315193698E-015
          10          36  -1.8601656673332884E-015
          10          37   2.3425152796790112E-003
          10          38  -4.9687630312291413E-016
          10          39   5.2380233690498589E-003
          10          40   8.0881482067420763E-017
          10          41  -2.7506551675349468E-016
          10          42  -3.4542681215391322E-016
          10          43  -8.9055011195240670E-016
          10          44   2.3425152796780866E-003
          10          45  -1.5180998819142678E-015
          10          46  -2.9285926982089900E-015
          10          47   5.1344061063284263E-003
          10          48  -1.5227619512555325E-016
          10          49   1.1480880469979707E-002
          10          50  -7.2186180644090033E-016
          10          51   3.7650215917706233E-016
          10          52  -2.5999168096208116E-016
          10          53  -1.4124985903141418E-015
          10          54   5.1344061063291644E-003
          10          55   2.0287591051548317E-015
          11           1   6.4983201242934435E-015
          11           2  -4.3506567934039949E-015
          11           3  -5.4280872311842135E-015
          11           4   6.0356080152472998E-015
          11           5   5.5327594532886094E-015
          11           6  -7.0776717819849657E-016
          11           7   1.2767564783191420E-015
          11           8  0.18212457959324896     
          11           9   2.4702462297909216E-015
          11          10  -5.5511151231263073E-016
          11          11  0.14232728795173513     
          11          12  -9.3397511946589795E-015
          11          13  -3.6359804056472370E-015
          11          14  0.10170332270196197     
          11          15   7.3066552808142705E-015
          11          16   2.8885314279358529E-015
          11          17   9.3730454913345026E-003
          11          18  -7.8664661506683416E-016
          11          19   3.5141335595704917E-016
          11          20  -5.7504354141215068E-016
          11          21   4.5179593566123091E-016
          11          22  -4.6443025146909329E-016
          11          23  -6.4639978879489097E-016
          11          24   8.0306702220000842E-016
          11          25  -3.9867349725158838E-016
          11          26  -5.3231047012778576E-015
          11          27   5.7012911666952108E-016
          11          28  -2.4320546368509439E-015
          11          29  -1.5804577368695586E-015
          11          30  -6.4933369971343425E-015
          11          31   3.7683058655026691E-015
          11          32  -1.3674582933905238E-015
          11          33   3.9150404921274862E-017
          11          34   6.3925648112324455E-016
          11          35  -3.1282666122172498E-015
          11          36   3.1684724288715952E-015
          11          37  -1.1563016169558498E-015
          11          38   8.9663519664550093E-016
          11          39   7.9591281482148397E-016
          11          40   2.3425152796792120E-003
          11          41   5.0835185143566860E-016
          11          42   2.3425152796785671E-003
          11          43   3.0986498089633651E-016
          11          44  -2.4627652348014687E-016
          11          45   5.2380233690529701E-003
          11          46   4.1021873398160489E-015
          11          47   1.1621563086871493E-015
          11          48   1.4317973889843193E-015
          11          49  -7.6739829768536073E-016
          11          50   5.1344061063297837E-003
          11          51   9.2914863611946558E-016
          11          52   5.1344061063297109E-003
          11          53   3.9334854817773825E-015
          11          54   2.1692717067089582E-015
          11          55   1.1480880469972145E-002
          12           1   2.2147874794374043E-014
          12           2   7.6967044355436425E-015
          12           3   1.1804224946669211E-014
          12           4  -5.6519093865816449E-015
          12           5  -6.3963616176197504E-015
          12           6  0.13014141670857154     
          12           7   6.6431235512540119E-015
          12           8  -1.9706458687096648E-014
          12           9  0.10170332270194134     
          12          10   6.2450045135162563E-015
          12          11  -9.3397511946589795E-015
          12          12   7.2674509558015840E-002
          12          13   4.7514076007011759E-015
          12          14  -1.3530843112619965E-014
          12          15   6.6977308710423214E-003
          12          16   1.5645037348958867E-016
          12          17   2.5483087862100034E-015
          12          18   9.9344482970424850E-016
          12          19   4.8902516472560649E-017
          12          20   7.9736294387884067E-016
          12          21  -3.8518532993046453E-016
          12          22   4.9491323562461515E-017
          12          23  -3.4348145175936822E-016
          12          24   3.0615979799833490E-015
          12          25   1.1227838318011196E-016
          12          26   1.1380603341411728E-015
          12          27  -1.1129030786326016E-015
          12          28   1.0210591323555770E-015
          12          29   3.8306038947720425E-015
          12          30   7.8598137661829225E-015
          12          31  -6.0540312618668924E-016
          12          32   3.3460129301181386E-015
          12          33  -1.8629768756840145E-015
          12          34  -5.4760226628449536E-016
          12          35   4.3640286497366186E-015
          12          36   3.7429532220389201E-003
          12          37   4.0276755455091547E-016
          12          38   1.6738995792872869E-003
          12          39  -4.0454293560923252E-016
          12          40   8.6812067950919754E-016
          12          41   2.3463970690061644E-016
          12          42   1.0310220559251879E-015
          12          43   1.6738995792870955E-003
          12          44   2.5161621917930045E-016
          12          45   2.4732819958741370E-015
          12          46   8.2039341024841318E-003
          12          47  -8.9012998361096300E-016
          12          48   3.6689110614682350E-003
          12          49   9.4737585831727230E-016
          12          50   1.8174481017375544E-015
          12          51  -1.3024154706224596E-015
          12          52   5.1369498932375408E-016
          12          53   3.6689110614686058E-003
          12          54   1.4338573731103227E-016
          12          55   3.6416182569444843E-015
          13           1   1.9252490324673250E-014
          13           2   5.1453345329741968E-015
          13           3   1.6175323357561792E-014
          13           4   1.7499428176974920E-014
          13           5  -2.5166653641248117E-015
          13           6   3.6732769603808717E-015
          13           7  0.13014141670859067     
          13           8  -2.3765711620881251E-015
          13           9   8.1445267197060330E-016
          13          10  0.10170332270195404     
          13          11  -3.6359804056472370E-015
          13          12   4.7514076007011759E-015
          13          13   7.2674509558035977E-002
          13          14  -6.0576543781122860E-015
          13          15  -4.2601555963476184E-015
          13          16   6.6977308710381373E-003
          13          17   1.7852472972147452E-015
          13          18   5.6616829292846226E-017
          13          19  -7.0141560134939016E-017
          13          20   1.3715576120776537E-016
          13          21  -1.2184435153971593E-016
          13          22  -4.1240934853768484E-016
          13          23   3.4563546468053146E-016
          13          24  -7.3679662071640312E-016
          13          25   5.7436286077386979E-016
          13          26   3.9261147393087882E-016
          13          27   1.2062273085437456E-015
          13          28   3.5543226788655498E-016
          13          29  -6.8838546445729817E-016
          13          30  -5.8948952135532686E-016
          13          31  -2.2989496841226601E-015
          13          32   4.2494151046605910E-016
          13          33  -6.0426408068022750E-016
          13          34  -3.7210285501095619E-016
          13          35   2.1670074503883576E-015
          13          36  -1.3144596088673671E-015
          13          37   1.6738995792868695E-003
          13          38  -3.4843547318262809E-016
          13          39   3.7429532220378072E-003
          13          40   4.4452289071946596E-018
          13          41  -1.9655455687488012E-016
          13          42  -3.0016137145251995E-016
          13          43  -6.2988080463269655E-016
          13          44   1.6738995792862086E-003
          13          45  -1.2040065125449637E-015
          13          46  -2.0601467580489679E-015
          13          47   3.6689110614675550E-003
          13          48  -9.4515324386529865E-017
          13          49   8.2039341024811776E-003
          13          50  -6.3274038786239958E-016
          13          51   2.6903850374617373E-016
          13          52  -3.0260082634054661E-016
          13          53  -9.9518917412438338E-016
          13          54   3.6689110614680828E-003
          13          55   1.1880687406097509E-015
          14           1   7.0109472655378775E-015
          14           2  -6.6314804043715746E-015
          14           3  -1.6910844348636026E-014
          14           4  -8.1350110556869056E-015
          14           5   3.0761350834254759E-015
          14           6  -1.2788381464900760E-014
          14           7  -5.2839677078264107E-015
          14           8  0.13014141670859780     
          14           9  -7.8340112175103237E-015
          14          10  -5.2388648974494857E-015
          14          11  0.10170332270196197     
          14          12  -1.3530843112619965E-014
          14          13  -6.0576543781122860E-015
          14          14   7.2674509558047912E-002
          14          15   4.5887772748282130E-015
          14          16   1.7453486572671147E-015
          14          17   6.6977308710373775E-003
          14          18  -5.9769593062785595E-016
          14          19   2.5111070727921467E-016
          14          20  -4.4648996025992729E-016
          14          21   3.2284144875697232E-016
          14          22  -3.3186959730259124E-016
          14          23  -4.9747925092095575E-016
          14          24   2.3198924219048420E-016
          14          25  -2.8488155663748978E-016
          14          26  -4.1456113478785310E-015
          14          27   4.0739921605277937E-016
          14          28  -1.7378820401910372E-015
          14          29  -1.4712146284676330E-015
          14          30  -5.2029113695894726E-015
          14          31   2.6927318927685885E-015
          14          32  -1.5400937648943738E-015
          14          33   2.7975845833761404E-017
          14          34   4.5679580581107909E-016
          14          35  -2.7983209063174895E-015
          14          36   1.9107979087888285E-015
          14          37  -9.0595933532830197E-016
          14          38   4.8274101729934785E-016
          14          39   3.9063804274757900E-016
          14          40   1.6738995792871575E-003
          14          41   3.6325481316144109E-016
          14          42   1.6738995792866971E-003
          14          43   6.3425827090498312E-017
          14          44  -2.5570908238028684E-016
          14          45   3.7429532220403542E-003
          14          46   2.1571286423781165E-015
          14          47   6.5572547392010744E-016
          14          48   6.7675899606550157E-016
          14          49  -9.3870224093692383E-016
          14          50   3.6689110614688417E-003
          14          51   6.6394508697016154E-016
          14          52   3.6689110614687901E-003
          14          53   2.4643915380592581E-015
          14          54   1.3754188760154144E-015
          14          55   8.2039341024764817E-003
          15           1  -2.8218619872323905E-015
          15           2  -1.4411998991747101E-016
          15           3  -1.1122323701826535E-015
          15           4  -2.9729262898833246E-015
          15           5  -7.6287291522311706E-016
          15           6   1.1993919045223759E-002
          15           7  -7.8001298996213807E-015
          15           8   8.6354534634123943E-015
          15           9   9.3730454913436550E-003
          15          10  -5.9985653597104305E-015
          15          11   7.3066552808142705E-015
          15          12   6.6977308710423214E-003
          15          13  -4.2601555963476184E-015
          15          14   4.5887772748282130E-015
