           1           1   2.3131098572543656     
           1           2   2.2898529524181019     
           1           3  -1.8537951592230257     
           1           4   3.3403369423292282     
           1           5  -1.2100803868859815     
           1           6   1.0187124691301553E-002
           1           7   2.3987816872255345E-014
           1           8  -1.6175014031769617E-014
           1           9  -5.7598800438136976E-015
           1          10  -1.3683182386630516E-012
           1          11   2.9599784538550992E-013
           1          12  -6.7438336219031014E-014
           1          13   1.6959554085721577E-012
           1          14  -3.6987764762249379E-013
           1          15   4.7919542191459413E-014
           1          16  -4.4098650322405127E-013
           1          17   1.0423182709575659E-013
           1          18  -1.4793998910596173E-015
           1          19  -1.0051070689304662E-013
           1          20   1.4320155302536156E-014
           1          21  -4.6949850546550811E-015
           1          22 -0.57667095259717716     
           1          23  -9.9974776503540125E-016
           1          24 -0.57667095259716650     
           1          25  -4.1796908646135983E-015
           1          26   2.9582102721513274E-015
           1          27 -0.57667095259718726     
           1          28 -0.40650191386813295     
           1          29  -4.0289483486271300E-016
           1          30 -0.40650191386813639     
           1          31   8.9630686438724978E-015
           1          32   3.1134191739684628E-017
           1          33 -0.40650191386812984     
           1          34  -4.2173035294874595E-002
           1          35  -3.2976792547687925E-015
           1          36  -4.2173035294870355E-002
           1          37  -8.5973867377879075E-015
           1          38   1.4756780727292596E-015
           1          39  -4.2173035294866178E-002
           1          40  -1.4338634418091214E-013
           1          41   1.6757910092297288E-014
           1          42  -7.3891268323895812E-014
           1          43   3.4119172383771006E-014
           1          44  -7.3447810861021533E-016
           1          45  -6.2831095769332051E-015
           1          46  -1.5904879632336958E-015
           1          47  -6.6064707506083367E-014
           1          48   1.0819000473675328E-014
           1          49   8.2320470926444784E-016
           1          50   1.9691242345344368E-013
           1          51  -2.3030205791502755E-014
           1          52   9.6685583719071135E-014
           1          53  -4.4413865875279452E-014
           1          54   5.7082318265698187E-015
           1          55   6.7575350675560267E-015
           1          56   4.5077789516164693E-015
           1          57   8.7665822440887647E-014
           1          58  -1.1327971575329631E-014
           1          59   1.2945459819306608E-014
           2           1   2.2898529524181019     
           2           2   18.764431934295381     
           2           3  -13.399170161968794     
           2           4   27.102521401858880     
           2           5  -10.126620388811698     
           2           6   5.9663989236241298E-002
           2           7   4.2757363162528801E-013
           2           8  -9.3852832704798430E-014
           2           9  -5.4772904141783899E-014
           2          10  -1.7469718063157435E-011
           2          11   3.2546688945925774E-012
           2          12   3.1314231827086880E-014
           2          13   2.1284780419111087E-011
           2          14  -3.8634988935744598E-012
           2          15  -6.9939759451645615E-014
           2          16  -5.6810946857309861E-012
           2          17   8.7966205939201414E-013
           2          18  -2.3009173281183940E-014
           2          19  -1.0900276518624955E-012
           2          20   3.0897068016960552E-013
           2          21   6.1680163856012025E-014
           2          22  -4.6716514706938916     
           2          23  -1.5417129002697650E-015
           2          24  -4.6716514706938650     
           2          25  -3.8269414184650422E-014
           2          26  -2.2169005686138981E-015
           2          27  -4.6716514706939831     
           2          28  -3.2087522758331599     
           2          29  -9.7840778301052102E-015
           2          30  -3.2087522758330804     
           2          31   7.0922823811335141E-014
           2          32   3.2493184487068702E-014
           2          33  -3.2087522758330014     
           2          34 -0.29083213865433960     
           2          35   1.4706926258662766E-014
           2          36 -0.29083213865437130     
           2          37  -5.7648992538771770E-014
           2          38  -1.3269205611514562E-014
           2          39 -0.29083213865437629     
           2          40  -1.8901425772686993E-012
           2          41   1.5781986333687378E-013
           2          42  -8.9376481647883757E-013
           2          43   3.2812216927939535E-013
           2          44  -3.4917842480608276E-014
           2          45   1.8193357807379940E-014
           2          46   2.9375561446216913E-014
           2          47  -8.7411112089210530E-013
           2          48   1.4753356932284347E-013
           2          49   2.4034836950079998E-014
           2          50   2.7408544885134192E-012
           2          51  -2.5086700456614149E-013
           2          52   1.2902267313855657E-012
           2          53  -5.0150065564087772E-013
           2          54   3.1773584829371890E-014
           2          55  -1.1088049874514754E-014
           2          56  -2.2907254399076754E-014
           2          57   1.2344917834271930E-012
           2          58  -2.1769575591664767E-013
           2          59  -5.5762379046853514E-015
           3           1  -1.8537951592230257     
           3           2  -13.399170161968794     
           3           3   10.879111663592289     
           3           4  -20.419414219982212     
           3           5   7.4351767355669320     
           3           6  -6.1014031970551656E-002
           3           7  -7.6290730870451295E-013
           3           8   1.4231350258706096E-013
           3           9   3.4378351622829295E-014
           3          10   6.3705138988733961E-012
           3          11  -1.1750861049012638E-012
           3          12  -1.1215570705198561E-013
           3          13  -6.4464436628906662E-012
           3          14   1.2228408700079393E-012
           3          15   1.3735496747418261E-013
           3          16   1.1867178616161010E-012
           3          17  -1.7915500653329975E-013
           3          18  -1.2582799565244396E-014
           3          19   5.9405017470413266E-013
           3          20  -1.5616482658116955E-013
           3          21  -4.1027051480615473E-014
           3          22   3.5271389151206098     
           3          23   5.0037562746834322E-015
           3          24   3.5271389151205961     
           3          25   3.0682499574724196E-014
           3          26   3.5496201308758784E-015
           3          27   3.5271389151206822     
           3          28   2.4718162231984704     
           3          29   5.8781876594640327E-015
           3          30   2.4718162231984055     
           3          31  -4.8939734863758289E-014
           3          32  -2.7117699777676123E-014
           3          33   2.4718162231983531     
           3          34  0.25284710922250742     
           3          35  -8.2144698069945082E-015
           3          36  0.25284710922253084     
           3          37   3.7968972664070049E-014
           3          38   1.1990182614910885E-014
           3          39  0.25284710922253956     
           3          40   4.5006490153990173E-013
           3          41  -4.7808586952791555E-014
           3          42   2.3256468820730708E-013
           3          43  -8.9928744434855334E-014
           3          44   1.4392334745894408E-014
           3          45  -6.9084863649568211E-015
           3          46  -1.6785102732297545E-014
           3          47   2.2694454242976318E-013
           3          48  -4.1289355749684990E-014
           3          49  -1.9999852758936875E-014
           3          50  -1.2454848257023662E-012
           3          51   1.1396522079736348E-013
           3          52  -5.9859818226797383E-013
           3          53   2.0970009479912761E-013
           3          54  -6.2234661064849494E-015
           3          55   6.2817513455182111E-015
           3          56   2.1521144184023508E-014
           3          57  -5.7106787827487882E-013
           3          58   9.4662344646114825E-014
           3          59   2.2821464470890530E-014
           4           1   3.3403369423292282     
           4           2   27.102521401858880     
           4           3  -20.419414219982212     
           4           4   40.023290884459939     
           4           5  -14.796701208819293     
           4           6  0.10115907917965748     
           4           7  -1.9060945307492435E-012
           4           8   3.3885535368087282E-013
           4           9  -1.2264938912746295E-013
           4          10  -4.5140461391158706E-011
           4          11   8.3568951444711039E-012
           4          12  -2.8165817668062334E-013
           4          13   6.1888668219678994E-011
           4          14  -1.1394210778630934E-011
           4          15   4.4779353480187000E-013
           4          16  -1.9411509490000876E-011
           4          17   3.4038909200537032E-012
           4          18  -2.3059884424924670E-013
           4          19  -1.6965562296816975E-012
           4          20   4.4497811733739252E-013
           4          21   8.3047225637401414E-014
           4          22  -6.9048849099137026     
           4          23  -5.3890279369345902E-015
           4          24  -6.9048849099136698     
           4          25  -5.8079469896917006E-014
           4          26  -5.0592419791713996E-015
           4          27  -6.9048849099138412     
           4          28  -4.7824958374620277     
           4          29  -1.3274319485975377E-014
           4          30  -4.7824958374619051     
           4          31   1.0100884190822512E-013
           4          32   5.0448360526437219E-014
           4          33  -4.7824958374617932     
           4          34 -0.45686170997403758     
           4          35   1.9723594059204970E-014
           4          36 -0.45686170997408460     
           4          37  -8.0514130519933329E-014
           4          38  -2.1465617255018819E-014
           4          39 -0.45686170997409647     
           4          40  -6.0977653397160055E-012
           4          41   5.1353531630622148E-013
           4          42  -2.7939884759956304E-012
           4          43   1.1131323631901444E-012
           4          44  -7.1938258217433837E-014
           4          45   2.1874088260273866E-014
           4          46   9.3962254241045041E-015
           4          47  -2.7729395122368877E-012
           4          48   4.9969960722625483E-013
           4          49  -2.9758112483545945E-014
           4          50   5.7660667770581530E-012
           4          51  -5.0606533524867066E-013
           4          52   2.6680733197615571E-012
           4          53  -1.0434990201904088E-012
           4          54   4.9573214354546130E-014
           4          55  -1.5253192302706068E-014
           4          56  -2.0474944323434246E-014
           4          57   2.5978585534602532E-012
           4          58  -4.6232745214742878E-013
           4          59   1.4322513155006187E-014
           5           1  -1.2100803868859815     
           5           2  -10.126620388811698     
           5           3   7.4351767355669320     
           5           4  -14.796701208819293     
           5           5   5.4985799637772370     
           5           6  -3.5068664901654459E-002
           5           7   3.1804839119971227E-012
           5           8  -5.4119291608676369E-013
           5           9   9.0704023235081114E-014
           5          10   3.8352037098445771E-011
           5          11  -6.7512534905749594E-012
           5          12   4.9702039419007287E-013
           5          13  -5.6093085795038766E-011
           5          14   9.8072200300875646E-012
           5          15  -7.6287449015936782E-013
           5          16   1.8887296393978040E-011
           5          17  -3.2219403581091990E-012
           5          18   2.9671402430410084E-013
           5          19   8.8608010682356096E-013
           5          20  -2.1363916326764573E-013
           5          21  -2.7372558740663480E-014
           5          22   2.5516718227162380     
           5          23   1.4345613304486821E-015
           5          24   2.5516718227162252     
           5          25   2.1206435852855056E-014
           5          26   1.6087759854314280E-015
           5          27   2.5516718227162887     
           5          28   1.7602183684228818     
           5          29   5.1258311712118612E-015
           5          30   1.7602183684228372     
           5          31  -3.7992058031607283E-014
           5          32  -1.8282050466261314E-014
           5          33   1.7602183684227950     
           5          34  0.16400859840494136     
           5          35  -7.7218093007171630E-015
           5          36  0.16400859840495885     
           5          37   3.0551392629205210E-014
           5          38   7.6574607778749210E-015
           5          39  0.16400859840496251     
           5          40   5.8050006626671498E-012
           5          41  -4.5650277721378928E-013
           5          42   2.6215833123579242E-012
           5          43  -1.0075263599323162E-012
           5          44   5.6371237758454667E-014
           5          45  -9.0957442673424773E-015
           5          46   2.3779885300873748E-014
           5          47   2.6124903998957382E-012
           5          48  -4.5122424964360289E-013
           5          49   7.3973354547393209E-014
           5          50  -4.2318546363271090E-012
           5          51   3.4693140094663846E-013
           5          52  -1.9266045018560912E-012
           5          53   7.4324069407057648E-013
           5          54  -3.7176956352936373E-014
           5          55   5.9636716150787187E-015
           5          56  -9.3187205899317619E-015
           5          57  -1.8985626494124064E-012
           5          58   3.2996275305611537E-013
           5          59  -4.4380631970469865E-014
           6           1   1.0187124691301553E-002
           6           2   5.9663989236241298E-002
           6           3  -6.1014031970551656E-002
           6           4  0.10115907917965748     
           6           5  -3.5068664901654459E-002
           6           6   4.4821279570267017E-004
           6           7   2.5060087767878924E-013
           6           8  -4.9383599973244939E-014
           6           9   2.7222827788183160E-015
           6          10   2.1117652594672114E-012
           6          11  -4.1752833320454083E-013
           6          12   2.5628874637867622E-014
           6          13  -3.2586203543293497E-012
           6          14   6.4291849112169377E-013
           6          15  -3.8791584468070994E-014
           6          16   1.1559674053313472E-012
           6          17  -2.2776165288891362E-013
           6          18   1.3548247199226228E-014
           6          19   2.1862826259244107E-014
           6          20  -4.4198298626405374E-015
           6          21   4.1977267661627332E-016
           6          22  -1.7541416499293343E-002
           6          23  -5.9689063016784552E-017
           6          24  -1.7541416499293336E-002
           6          25  -1.6888156948886488E-016
           6          26  -3.4954259569043417E-017
           6          27  -1.7541416499293718E-002
           6          28  -1.2738776189182822E-002
           6          29  -1.5597136363621948E-017
           6          30  -1.2738776189182453E-002
           6          31   2.0152932469620756E-016
           6          32   1.5866687424279428E-016
           6          33  -1.2738776189182259E-002
           6          34  -1.5590677220043881E-003
           6          35   1.5033146035407353E-017
           6          36  -1.5590677220045004E-003
           6          37  -1.3824672264961746E-016
           6          38  -7.7793316024833506E-017
           6          39  -1.5590677220045897E-003
           6          40   3.4983382973318393E-013
           6          41  -3.0769586485087398E-014
           6          42   1.5634331030089040E-013
           6          43  -6.8871571441217555E-014
           6          44   1.8257717130984738E-015
           6          45  -2.6946374177174259E-017
           6          46   1.8238516347741550E-015
           6          47   1.5628709872724619E-013
           6          48  -3.0790299877096276E-014
           6          49   4.1166382795336878E-015
           6          50  -2.0070723040605962E-013
           6          51   1.7759093278603518E-014
           6          52  -8.9616481928758808E-014
           6          53   3.9937247097882393E-014
           6          54  -1.1700482684998118E-015
           6          55  -1.2930119973331964E-017
           6          56  -1.1855235492399612E-015
           6          57  -8.9621085562075147E-014
           6          58   1.7802323171716035E-014
           6          59  -2.6080563307916194E-015
           7           1   2.3987816872255345E-014
           7           2   4.2757363162528801E-013
           7           3  -7.6290730870451295E-013
           7           4  -1.9060945307492435E-012
           7           5   3.1804839119971227E-012
           7           6   2.5060087767878924E-013
           7           7  0.43117139126608439     
           7           8  -1.0538792061254426E-013
           7           9  -3.8209886643603640E-014
           7          10   3.6964189350752736     
           7          11   1.8296475445823489E-013
           7          12   5.2419873997067621E-013
           7          13  -5.6884377657970617     
           7          14  -2.0272672429656722E-013
           7          15  -5.7777393980274372E-013
           7          16   2.0132200389581061     
           7          17   1.1513012765363318E-013
           7          18   1.3539169785303875E-013
           7          19   4.0382798756619626E-002
           7          20  -4.0471098694538531E-014
           7          21   3.8727593180965525E-014
           7          22   1.1176091352415797E-013
           7          23   9.2813076915840475E-016
           7          24   1.0165017923116892E-013
           7          25   3.3132997745459337E-015
           7          26   1.4205627073959708E-015
           7          27   1.1652936822099089E-013
           7          28  -4.0256245569113060E-013
           7          29   3.4911215743054217E-015
           7          30  -3.9379250650086122E-013
           7          31  -7.7181755734970961E-016
           7          32  -3.1776091457668668E-015
           7          33  -4.0314997081540399E-013
           7          34  -4.5084589990775795E-013
           7          35   1.3150297269963084E-016
           7          36  -4.4547054264498064E-013
           7          37  -2.1354892076497093E-015
           7          38  -1.8166395478325518E-015
           7          39  -4.4619000203856929E-013
           7          40  0.60945736179512133     
           7          41   2.1094237467886297E-015
           7          42  0.27255761807233947     
           7          43   2.4424906541755047E-014
           7          44   1.8426232761825771E-014
           7          45  -2.1996814637984343E-015
           7          46   2.0802803923913912E-014
           7          47  0.27255761807231932     
           7          48   3.3181790648485117E-014
           7          49   5.2081602919251982E-014
           7          50 -0.35414397320520985     
           7          51  -1.0248746296071789E-014
           7          52 -0.15837799958177384     
           7          53  -4.6671000397680952E-014
           7          54  -4.0046091442925128E-014
           7          55   1.1832809615297295E-015
           7          56  -4.3317346237748392E-014
           7          57 -0.15837799958174686     
           7          58  -4.5317916086418765E-014
           7          59  -1.0344763240466400E-013
           8           1  -1.6175014031769617E-014
           8           2  -9.3852832704798430E-014
           8           3   1.4231350258706096E-013
           8           4   3.3885535368087282E-013
           8           5  -5.4119291608676369E-013
           8           6  -4.9383599973244939E-014
           8           7  -1.0538792061254426E-013
           8           8  0.43117139126790316     
           8           9  -6.1523702798993352E-014
           8          10  -2.5401902803422420E-013
           8          11   3.6964189350743450     
           8          12  -7.8179129836542041E-013
           8          13   4.4009240696139948E-013
           8          14  -5.6884377657998337     
           8          15   1.1015632850330811E-012
           8          16  -2.2593038551121653E-013
           8          17   2.0132200389605721     
           8          18  -3.3514857555871928E-013
           8          19   4.2368886177258370E-014
           8          20   4.0382798755855473E-002
           8          21  -3.6494245125862180E-014
           8          22  -1.1704009241954312E-014
           8          23  -7.3832907078402428E-016
           8          24  -2.3977661649502329E-014
           8          25  -4.6575479845902543E-015
           8          26  -1.8000361281278927E-016
           8          27  -2.8762524566652939E-014
           8          28   4.9955669331757460E-014
           8          29  -5.2583415555569412E-015
           8          30   6.1387186441723124E-014
           8          31   4.8968155181316947E-015
           8          32  -1.1830260025935627E-014
           8          33   7.1907549300945436E-014
           8          34   9.0328733219943911E-014
           8          35   1.0367173489811178E-015
           8          36   7.2967684738734807E-014
           8          37   9.9199211271147407E-016
           8          38   1.0211211180121063E-014
           8          39   7.2359173315382233E-014
           8          40  -4.6795900487949439E-014
           8          41  0.27255761807256862     
           8          42  -3.7608804959176698E-014
           8          43  0.60945736179567533     
           8          44  -4.5567716266958794E-014
           8          45  -2.5029414385791970E-015
           8          46  -3.9150974129320566E-014
           8          47  -2.1718737919229107E-014
           8          48  0.27255761807258844     
           8          49  -1.1004391842206479E-013
           8          50   3.0406233086919392E-014
           8          51 -0.15837799958133253     
           8          52   2.3286927941511636E-014
           8          53 -0.35414397320429536     
           8          54   3.7733705049447603E-014
           8          55   6.3714157106736522E-015
           8          56   3.3984967617861722E-014
           8          57   9.5617957995831320E-015
           8          58 -0.15837799958135310     
           8          59   9.1208290919908753E-014
           9           1  -5.7598800438136976E-015
           9           2  -5.4772904141783899E-014
           9           3   3.4378351622829295E-014
           9           4  -1.2264938912746295E-013
           9           5   9.0704023235081114E-014
           9           6   2.7222827788183160E-015
           9           7  -3.8209886643603640E-014
           9           8  -6.1523702798993352E-014
           9           9  0.43117139126744414     
           9          10  -5.4407173211145733E-013
           9          11   8.2556184111126580E-013
           9          12   3.6964189350737398     
           9          13   6.8145489251491614E-013
           9          14  -9.2159613274134164E-013
           9          15  -5.6884377657994429     
           9          16  -1.8168105908600185E-013
           9          17   2.1997681454166665E-013
           9          18   2.0132200389609389     
           9          19  -3.4219046866900920E-014
           9          20   5.9374380412258151E-014
           9          21   4.0382798755515883E-002
           9          22   1.9573207393541030E-014
           9          23  -2.9002399572354058E-015
           9          24   1.5925573752888797E-014
           9          25   2.6422081574150163E-015
           9          26   9.8296984413794572E-016
           9          27   1.7668150256150202E-014
           9          28   2.5699457313610003E-015
           9          29   1.8607868577487627E-015
           9          30   1.6584140493241120E-015
           9          31  -1.7668739474147755E-015
           9          32  -2.3362142454749481E-015
           9          33   3.8359084866170875E-015
           9          34  -6.8976793484303780E-015
           9          35  -1.3101199058671838E-015
           9          36  -5.7389345863970517E-015
           9          37   1.5095597551441890E-015
           9          38  -4.4840342692425186E-016
           9          39  -7.3771473857497311E-015
           9          40  -5.3455503912224957E-014
           9          41   3.0725422206501150E-014
           9          42  -2.2828960943854595E-014
           9          43   8.4147966372682858E-014
           9          44  0.27255761807258200     
           9          45  -2.1842419871273139E-015
           9          46  0.27255761807258810     
           9          47  -3.3280669886614842E-014
           9          48   4.0129358169771428E-014
           9          49  0.60945736179577037     
           9          50   7.0842637311940040E-014
           9          51  -6.3313937426201455E-014
           9          52   3.0681186757863395E-014
           9          53  -1.5962925425938574E-013
           9          54 -0.15837799958129883     
           9          55   1.8402114333934758E-015
           9          56 -0.15837799958131246     
           9          57   4.2041890802035504E-014
           9          58  -7.6079767485914778E-014
           9          59 -0.35414397320426722     
          10           1  -1.3683182386630516E-012
          10           2  -1.7469718063157435E-011
          10           3   6.3705138988733961E-012
          10           4  -4.5140461391158706E-011
          10           5   3.8352037098445771E-011
          10           6   2.1117652594672114E-012
          10           7   3.6964189350752736     
          10           8  -2.5401902803422420E-013
          10           9  -5.4407173211145733E-013
          10          10   31.689284633337362     
          10          11   7.1338490670313235E-012
          10          12   2.6386115514753355E-012
          10          13  -48.766800150507805     
          10          14  -1.0306422382200129E-011
          10          15  -2.0935475575356165E-012
          10          16   17.259272816375937     
          10          17   4.0190073491430263E-012
          10          18   1.4915846335838145E-013
          10          19  0.34620047850805674     
          10          20  -2.8611835123371409E-013
          10          21   3.1173934961214501E-013
          10          22   5.9100073414132173E-012
          10          23   7.9568362345821538E-015
          10          24   5.8233283305948059E-012
          10          25   2.8404815978773676E-014
          10          26   1.2178439934665327E-014
          10          27   5.9508871553097154E-012
          10          28  -1.3244968194944353E-013
          10          29   2.9929276740790204E-014
          10          30  -5.7265180140677201E-014
          10          31  -6.6167679285623460E-015
          10          32  -2.7241544435987979E-014
          10          33  -1.3748643084804930E-013
          10          34  -3.6123855042183763E-012
          10          35   1.1273708973820758E-015
          10          36  -3.5663027334886577E-012
          10          37  -1.8307482598964048E-014
          10          38  -1.5573994376308176E-014
          10          39  -3.5724706365066906E-012
          10          40   5.2248590186964758     
          10          41   4.2854608750530285E-013
          10          42   2.3366279877318434     
          10          43   1.1275425038092944E-012
          10          44   2.1142809725204183E-014
          10          45  -1.8857800815723067E-014
          10          46   4.1557035590500018E-014
          10          47   2.3366279877316711     
          10          48   6.9499961341534113E-013
          10          49   1.4052647934192641E-013
          10          50  -3.0360652743091632     
          10          51  -3.2640556923978860E-013
          10          52  -1.3577696674966340     
          10          53  -9.3347551910482314E-013
          10          54  -2.6381674622654793E-013
          10          55   1.0144230902891071E-014
          10          56  -2.9190538874956439E-013
          10          57  -1.3577696674964028     
          10          58  -6.2705396430828236E-013
          10          59  -7.0900230131342299E-013
          11           1   2.9599784538550992E-013
          11           2   3.2546688945925774E-012
          11           3  -1.1750861049012638E-012
          11           4   8.3568951444711039E-012
          11           5  -6.7512534905749594E-012
          11           6  -4.1752833320454083E-013
          11           7   1.8296475445823489E-013
          11           8   3.6964189350743450     
          11           9   8.2556184111126580E-013
          11          10   7.1338490670313235E-012
          11          11   31.689284633187771     
          11          12   4.8954174047821709E-012
          11          13  -1.0558665053394998E-011
          11          14  -48.766800150313607     
          11          15  -8.4039442072025914E-012
          11          16   3.1343816431217218E-012
          11          17   17.259272816319935     
          11          18   3.4433567108749242E-012
          11          19   4.6497528050081742E-013
          11          20  0.34620047849995850     
          11          21  -1.8615317620707046E-013
          11          22  -1.0372142022505030E-012
          11          23  -6.3296721740719302E-015
          11          24  -1.1424358428338053E-012
          11          25  -3.9929014099535870E-014
          11          26  -1.5431653775158674E-015
          11          27  -1.1834563238927943E-012
          11          28  -1.9637142710379203E-013
          11          29  -4.5079598708734314E-014
          11          30  -9.8369386250245295E-014
          11          31   4.1980247227360493E-014
          11          32  -1.0142045147785547E-013
          11          33  -8.1786424665957018E-015
          11          34   7.2882636480015377E-013
          11          35   8.8877456081331789E-015
          11          36   5.7999063581087366E-013
          11          37   8.5043175477905668E-015
          11          38   8.7540396048184498E-014
          11          39   5.7477388629305948E-013
          11          40   1.1339817973521284E-012
          11          41   2.3366279877233653     
          11          42   3.6426417437951048E-013
          11          43   5.2248590186778738     
          11          44   4.6454506907878133E-013
          11          45  -2.1457639153058911E-014
          11          46   5.1950110879772637E-013
          11          47   5.0048853950101693E-013
          11          48   2.3366279877235345     
          11          49   9.6878061128791200E-013
          11          50  -6.3171690101169923E-013
          11          51  -1.3577696674867823     
          11          52  -1.9945156637390208E-013
          11          53  -3.0360652742877536     
          11          54  -1.7347234759768137E-013
          11          55   5.4621948842457795E-014
          11          56  -2.0559942637277183E-013
          11          57  -3.1702418468170608E-013
          11          58  -1.3577696674869590     
          11          59  -3.2923663795259148E-013
          12           1  -6.7438336219031014E-014
          12           2   3.1314231827086880E-014
          12           3  -1.1215570705198561E-013
          12           4  -2.8165817668062334E-013
          12           5   4.9702039419007287E-013
          12           6   2.5628874637867622E-014
          12           7   5.2419873997067621E-013
          12           8  -7.8179129836542041E-013
          12           9   3.6964189350737398     
          12          10   2.6386115514753355E-012
          12          11   4.8954174047821709E-012
          12          12   31.689284633211130     
          12          13  -5.3912430075797141E-012
          12          14  -4.5434767059759995E-012
          12          15  -48.766800150354200     
          12          16   2.4187318814483555E-012
          12          17   6.9777517097691371E-013
          12          18   17.259272816338630     
          12          19  -2.1357655227705358E-013
          12          20   4.8518827844290533E-013
          12          21  0.34620047849735902     
          12          22   3.4813623433839611E-014
          12          23  -2.4863667004130769E-014
          12          24   3.5425736132797985E-015
          12          25   2.2651568404779962E-014
          12          26   8.4269699197769241E-015
          12          27   1.8481627810610568E-014
          12          28  -7.1060107157991461E-014
          12          29   1.5952467891954138E-014
          12          30  -7.8874639934598868E-014
          12          31  -1.5147355430783940E-014
          12          32  -2.0028292109031264E-014
          12          33  -6.0207047807585091E-014
          12          34  -6.8629643704814681E-014
          12          35  -1.1231617230050833E-014
          12          36  -5.8695760877581628E-014
          12          37   1.2941408858632996E-014
          12          38  -3.8441486411399437E-015
          12          39  -7.2740108285250898E-014
          12          40   7.4605599476029405E-013
          12          41   1.0252909632413374E-013
          12          42   3.4280911442863099E-013
          12          43   3.6171066142287701E-013
          12          44   2.3366279877255844     
          12          45  -1.8725438662031895E-014
          12          46   2.3366279877256373     
          12          47   2.5317248297795722E-013
          12          48   1.8318679906315131E-013
          12          49   5.2248590186833965     
          12          50  -9.2641172511057795E-014
          12          51  -4.4933501364141699E-013
          12          52  -4.9914933297752905E-014
          12          53  -1.1594059046160516E-012
          12          54  -1.3577696674877171     
          12          55   1.5776075418498144E-014
          12          56  -1.3577696674878337     
          12          57   4.7538362135672183E-014
          12          58  -5.5876137050603388E-013
          12          59  -3.0360652742902481     
          13           1   1.6959554085721577E-012
          13           2   2.1284780419111087E-011
          13           3  -6.4464436628906662E-012
          13           4   6.1888668219678994E-011
          13           5  -5.6093085795038766E-011
          13           6  -3.2586203543293497E-012
          13           7  -5.6884377657970617     
          13           8   4.4009240696139948E-013
          13           9   6.8145489251491614E-013
          13          10  -48.766800150507805     
          13          11  -1.0558665053394998E-011
          13          12  -5.3912430075797141E-012
          13          13   75.047475019921492     
          13          14   1.5209167258944809E-011
          13          15   5.2717830101300489E-012
          13          16  -26.560382095020355     
          13          17  -5.9552363040892961E-012
          13          18  -9.5584651305101964E-013
          13          19 -0.53276966465981501     
          13          20   4.4492187711853522E-013
          13          21  -4.9431986282044159E-013
          13          22  -7.7923018733610286E-012
          13          23  -1.2244815462763488E-014
          13          24  -7.6589111058907513E-012
          13          25  -4.3712314751696460E-014
          13          26  -1.8741462715570687E-014
          13          27  -7.8552120254060006E-012
          13          28   1.0743155199434563E-012
          13          29  -4.6058315116770525E-014
          13          30   9.5861371043441471E-013
          13          31   1.0182577579374307E-014
          13          32   4.1922150300078224E-014
          13          33   1.0820665982586411E-012
          13          34   5.6238833316599615E-012
          13          35  -1.7349167671163217E-015
          13          36   5.5529663230698251E-012
          13          37   2.8173477422836012E-014
          13          38   2.3966898593087768E-014
          13          39   5.5624581401716761E-012
          13          40  -8.0405619289776649     
          13          41  -6.2860827654275535E-013
          13          42  -3.5958486100985034     
          13          43  -1.6657786261475691E-012
          13          44  -1.3072182225570704E-013
          13          45   2.9020364905641232E-014
          13          46  -1.6186357809644351E-013
          13          47  -3.5958486100982379     
          13          48  -1.0385026172343640E-012
          13          49  -4.3656744885822415E-013
          13          50   4.6722161825127557     
          13          51   4.8427928334148520E-013
          13          52   2.0894785979350283     
          13          53   1.3962164757685876E-012
          13          54   4.6298381795039675E-013
          13          55  -1.5611008163980811E-014
          13          56   5.0626863812297004E-013
          13          57   2.0894785979346722     
          13          58   9.4690921770278955E-013
          13          59   1.2188722253725254E-012
          14           1  -3.6987764762249379E-013
          14           2  -3.8634988935744598E-012
          14           3   1.2228408700079393E-012
          14           4  -1.1394210778630934E-011
          14           5   9.8072200300875646E-012
          14           6   6.4291849112169377E-013
          14           7  -2.0272672429656722E-013
          14           8  -5.6884377657998337     
          14           9  -9.2159613274134164E-013
          14          10  -1.0306422382200129E-011
          14          11  -48.766800150313607     
          14          12  -4.5434767059759995E-012
          14          13   1.5209167258944809E-011
          14          14   75.047475019678075     
          14          15   8.3320017552068829E-012
          14          16  -4.4568793100551977E-012
          14          17  -26.560382094953788     
