           1           1   2.1209696643447815     
           1           2 -0.40551943400669027     
           1           3 -0.12707144727985253     
           1           4   2.5045992308972680E-002
           1           5   1.6748755233154684E-002
           1           6   4.0661321562077818E-004
           1           7  -4.6566345707618354E-015
           1           8   9.8785175092714679E-016
           1           9   1.7954703301549595E-014
           1          10   8.6828031983456383E-014
           1          11   4.1586286720611735E-014
           1          12   2.6320573839713554E-013
           1          13  -5.0072413538395103E-014
           1          14  -2.8367701242068911E-014
           1          15  -8.0132036605728305E-014
           1          16  -1.8406251964690883E-014
           1          17  -7.9237414972882272E-014
           1          18  -1.1081305521020309E-013
           1          19   4.4945187437140736E-015
           1          20   5.9881916662563544E-014
           1          21   5.2073615812400986E-014
           1          22  -1.3123652982444996E-003
           1          23  -2.0103921952583298E-015
           1          24  -1.3123652982596826E-003
           1          25   1.3251001949555980E-014
           1          26   1.8093765915382960E-014
           1          27  -1.3123652982563899E-003
           1          28   4.4399099978117615E-005
           1          29  -6.0029383631086129E-015
           1          30   4.4399100002332241E-005
           1          31  -1.2940150691415557E-014
           1          32  -1.8138949672245487E-014
           1          33   4.4399099998835506E-005
           1          34  -9.3600047039480518E-005
           1          35   9.7709390706823603E-015
           1          36  -9.3600047071879379E-005
           1          37   1.3824335399969804E-014
           1          38   2.1407959135976593E-015
           1          39  -9.3600047050931807E-005
           1          40   2.7909976950027431E-014
           1          41   1.1330571442423387E-014
           1          42  -1.0211123078431242E-014
           1          43  -1.7249808495317911E-014
           1          44   2.3701287521538365E-014
           1          45   3.4146915178739666E-015
           1          46  -3.0802611927543969E-015
           1          47   2.4359762098793966E-014
           1          48  -9.5131836687979367E-015
           1          49   9.4502879220537303E-015
           1          50  -4.2481469912947425E-014
           1          51  -1.1845442153149443E-014
           1          52  -2.0205060912474077E-016
           1          53   2.3518262549287784E-014
           1          54  -5.8284995684623648E-014
           1          55   4.1052670976313342E-015
           1          56  -4.2156593444368549E-014
           1          57  -4.4770232396336048E-014
           1          58   8.0837486874469328E-015
           1          59  -1.0575490887405270E-013
           2           1 -0.40551943400669027     
           2           2   1.3598335539390296     
           2           3  0.42600979122212790     
           2           4  -8.5421820524851574E-002
           2           5  -5.7519115732293423E-002
           2           6  -1.4078365364069848E-003
           2           7   2.2313134281751106E-014
           2           8  -1.1764520088824027E-014
           2           9  -5.8912532079092731E-014
           2          10  -3.4017584188151976E-013
           2          11  -1.7980880264640999E-013
           2          12  -8.1687389622539408E-013
           2          13   1.4224484447614599E-013
           2          14   9.7763935337792041E-014
           2          15   2.3930812600630227E-013
           2          16   1.5573931026791626E-013
           2          17   2.6953644976799013E-013
           2          18   3.2638006437577689E-013
           2          19  -7.8784258499384707E-014
           2          20  -1.9593252221500372E-013
           2          21  -1.5035510021032284E-013
           2          22   4.4011913261087828E-003
           2          23   3.3276768692461072E-015
           2          24   4.4011913261505827E-003
           2          25  -5.3314508950717623E-014
           2          26  -5.6666229676083088E-014
           2          27   4.4011913261405525E-003
           2          28  -8.7142045715782980E-005
           2          29   2.1408175903406848E-014
           2          30  -8.7142045781676071E-005
           2          31   5.7349551567583871E-014
           2          32   5.6682173307705430E-014
           2          33  -8.7142045781457523E-005
           2          34   3.6408268622571010E-004
           2          35  -2.6595157371486145E-014
           2          36   3.6408268632339986E-004
           2          37  -5.0578334688316400E-014
           2          38  -7.2420534350583422E-015
           2          39   3.6408268626432830E-004
           2          40  -5.1126304679063308E-014
           2          41  -3.6358485316763686E-014
           2          42   3.0452804786656915E-014
           2          43   5.8680719901023584E-014
           2          44  -6.9933774461824330E-014
           2          45  -1.0369769517536597E-014
           2          46   2.4279508642912486E-014
           2          47  -5.6500074681668774E-014
           2          48   2.4141613948067310E-014
           2          49  -3.0440302230092724E-014
           2          50   1.2622251258908436E-013
           2          51   4.8983675791451516E-014
           2          52   8.5997419576049726E-015
           2          53  -6.3136230540636992E-014
           2          54   1.8223431719686721E-013
           2          55  -1.8426096754466156E-014
           2          56   1.2655932814418478E-013
           2          57   1.3395957644708798E-013
           2          58  -7.5919037540218735E-015
           2          59   3.3814116798780288E-013
           3           1 -0.12707144727985253     
           3           2  0.42600979122212790     
           3           3  0.14727081124177493     
           3           4  -9.5104349166740654E-002
           3           5  -7.7865768290297538E-002
           3           6  -2.1778112411647487E-003
           3           7  -3.3013753836416471E-015
           3           8   1.1366854260483573E-014
           3           9  -2.7907212732455799E-014
           3          10  -9.3077158170317619E-014
           3          11  -5.7779803061822687E-014
           3          12  -2.4560588987242771E-013
           3          13   4.1937287124931389E-014
           3          14   3.1103613960949720E-014
           3          15   7.3084746311324871E-014
           3          16   3.8129118950749519E-014
           3          17   8.4536885301974009E-014
           3          18   9.7175467547966676E-014
           3          19  -1.7196178070885916E-014
           3          20  -6.2083570386308858E-014
           3          21  -4.4794424868440262E-014
           3          22   8.5690037245788480E-004
           3          23   8.0071953475382610E-016
           3          24   8.5690037247021197E-004
           3          25  -1.6098411362450443E-014
           3          26  -1.6889751229967524E-014
           3          27   8.5690037246723930E-004
           3          28   4.8277112713800488E-004
           3          29   6.8839685662614872E-015
           3          30   4.8277112711859717E-004
           3          31   1.7049132842244422E-014
           3          32   1.7745231534820971E-014
           3          33   4.8277112712049691E-004
           3          34   1.4854775891784448E-003
           3          35  -8.8012285743287424E-015
           3          36   1.4854775892075656E-003
           3          37  -1.4147940451770720E-014
           3          38  -2.8419481538611210E-015
           3          39   1.4854775891876451E-003
           3          40  -1.6101984603905923E-014
           3          41  -1.0693782108879939E-014
           3          42   8.8567082442355857E-015
           3          43   1.7072866581238191E-014
           3          44  -2.1291952758324436E-014
           3          45  -2.8097761888931114E-015
           3          46   7.1012571164097176E-015
           3          47  -1.7021764224273939E-014
           3          48   6.9470299340396033E-015
           3          49  -9.3467522714026943E-015
           3          50   3.6013607562727701E-014
           3          51   1.4801393275266215E-014
           3          52   1.7873440361625566E-015
           3          53  -1.6867771088924054E-014
           3          54   5.4819041596549026E-014
           3          55  -5.9990098977302551E-015
           3          56   3.8219185778008118E-014
           3          57   3.9258994995016929E-014
           3          58  -1.5391070783855082E-015
           3          59   1.0146799241279826E-013
           4           1   2.5045992308972680E-002
           4           2  -8.5421820524851574E-002
           4           3  -9.5104349166740654E-002
           4           4  0.34380325249732790     
           4           5  0.29999372892326220     
           4           6   8.6893664561023196E-003
           4           7  -1.5828481923191680E-014
           4           8  -4.2579067912427393E-014
           4           9   5.6231301383884666E-014
           4          10  -4.2347539674126418E-014
           4          11   2.0968536970863725E-014
           4          12   1.0828248535401357E-014
           4          13   2.3952243611178422E-015
           4          14  -9.7141470465419762E-015
           4          15  -8.8216794362308663E-015
           4          16   4.2055679124384395E-014
           4          17  -2.0794722626431454E-014
           4          18   4.2136626992060422E-016
           4          19  -3.1749468925337753E-014
           4          20   1.8195916290142669E-014
           4          21  -6.2440135527925536E-017
           4          22   2.3175563517581058E-003
           4          23   9.2873980078596442E-016
           4          24   2.3175563517588062E-003
           4          25   1.0198413952282038E-015
           4          26   4.1466840055997890E-017
           4          27   2.3175563517587282E-003
           4          28  -2.5140583420801823E-003
           4          29  -2.4848683713959233E-015
           4          30  -2.5140583420813403E-003
           4          31   2.0405659962445508E-016
           4          32  -4.2571421582784996E-015
           4          33  -2.5140583420904350E-003
           4          34  -6.8138390685765970E-003
           4          35   4.3210628986073437E-015
           4          36  -6.8138390685766300E-003
           4          37  -4.5637351520300400E-015
           4          38   3.4168049457248201E-015
           4          39  -6.8138390685651756E-003
           4          40   4.1546498572770444E-015
           4          41  -6.5294738522982059E-016
           4          42   1.0288537782271756E-015
           4          43   2.1601120375200398E-015
           4          44   2.2561271551294453E-015
           4          45  -1.3614516007670366E-015
           4          46   6.9227627105540306E-016
           4          47   8.4305817095129947E-016
           4          48   1.2858411234819963E-015
           4          49   1.4143347424034375E-015
           4          50   8.3563074041512298E-015
           4          51  -1.0644867441070497E-015
           4          52   4.0271931435380168E-015
           4          53  -9.7647710168080875E-015
           4          54  -2.5700092447461866E-015
           4          55   2.4753068810164608E-015
           4          56  -2.5199053995236878E-015
           4          57   3.4833154712193502E-015
           4          58  -3.6569005766951633E-015
           4          59  -3.5181320853840832E-015
           5           1   1.6748755233154684E-002
           5           2  -5.7519115732293423E-002
           5           3  -7.7865768290297538E-002
           5           4  0.29999372892326220     
           5           5  0.26198513377452198     
           5           6   7.5917072747254842E-003
           5           7   7.5472337008848048E-014
           5           8   2.2051469179016393E-014
           5           9  -3.8433862210444000E-014
           5          10  -4.1488958129528758E-014
           5          11   1.6109997460226833E-014
           5          12   4.6939823735801600E-016
           5          13   4.2365482826409668E-015
           5          14  -7.4601077609279750E-015
           5          15  -5.2470584421235946E-015
           5          16   3.8869964445378658E-014
           5          17  -1.5041941490927253E-014
           5          18   3.9769919775548866E-015
           5          19  -2.8840455673804255E-014
           5          20   1.3646871004765984E-014
           5          21  -1.7179221026690477E-015
           5          22   2.0864433542914997E-003
           5          23   8.4978945601419335E-016
           5          24   2.0864433542925986E-003
           5          25   2.7974448892803064E-016
           5          26  -6.1055588223339653E-016
           5          27   2.0864433542924152E-003
           5          28  -2.2021300207564522E-003
           5          29  -1.9295196507860134E-015
           5          30  -2.2021300207582242E-003
           5          31   8.3617881402877627E-016
           5          32  -3.0813917841295687E-015
           5          33  -2.2021300207661870E-003
           5          34  -5.9624414392206336E-003
           5          35   3.4778502046289075E-015
           5          36  -5.9624414392195424E-003
           5          37  -4.5749169780591169E-015
           5          38   2.9122629363928021E-015
           5          39  -5.9624414392101905E-003
           5          40   3.1113279153363995E-015
           5          41  -9.1788398174437589E-016
           5          42   1.2769324902334876E-015
           5          43   2.7227339986205450E-015
           5          44   1.1222086676610004E-015
           5          45  -1.3084350484774027E-015
           5          46   8.3328821231311807E-016
           5          47   1.1617251157781380E-016
           5          48   1.4747721128827329E-015
           5          49   7.7345876813680646E-016
           5          50   9.0006487966889073E-015
           5          51  -3.3053551675717141E-016
           5          52   3.7306210268313821E-015
           5          53  -9.1852786602570119E-015
           5          54  -2.4202421830072761E-016
           5          55   1.9525369167467125E-015
           5          56  -8.3550367902551243E-016
           5          57   4.6928424726415389E-015
           5          58  -3.2511815288227634E-015
           5          59   6.1808829707027873E-016
           6           1   4.0661321562077818E-004
           6           2  -1.4078365364069848E-003
           6           3  -2.1778112411647487E-003
           6           4   8.6893664561023196E-003
           6           5   7.5917072747254842E-003
           6           6   2.2003955942692346E-004
           6           7  -2.4219341309456249E-015
           6           8   1.2706166568580577E-014
           6           9  -1.8445894300414779E-015
           6          10  -1.2543602816941769E-015
           6          11   3.8569598991129902E-016
           6          12  -1.4735907934906690E-016
           6          13   1.5494988623426176E-016
           6          14  -2.0371891460388277E-016
           6          15  -1.3902661413393452E-016
           6          16   1.1525544574071414E-015
           6          17  -3.6614128298955163E-016
           6          18   1.7867008208583936E-016
           6          19  -8.4961621977204718E-016
           6          20   3.4931398538250650E-016
           6          21  -7.8909251127660550E-017
           6          22   6.1386762675680434E-005
           6          23   2.5348218151985331E-017
           6          24   6.1386762675720740E-005
           6          25  -2.6473439444406322E-018
           6          26  -2.9204223732054767E-017
           6          27   6.1386762675713381E-005
           6          28  -6.3927328823539333E-005
           6          29  -5.1673434080999054E-017
           6          30  -6.3927328823604060E-005
           6          31   3.5864018446834914E-017
           6          32  -7.7930169360484711E-017
           6          33  -6.3927328823835104E-005
           6          34  -1.7295966238355651E-004
           6          35   9.5557111909217701E-017
           6          36  -1.7295966238350507E-004
           6          37  -1.4300629655745159E-016
           6          38   8.3024309072221938E-017
           6          39  -1.7295966238324562E-004
           6          40   6.8688745400909557E-017
           6          41  -2.1092344622061548E-017
           6          42   3.8182697107314958E-017
           6          43   1.1972657942146080E-016
           6          44   2.2182807550741146E-017
           6          45  -4.0090346948381642E-017
           6          46   3.2851063483394688E-017
           6          47  -1.3087389945620778E-017
           6          48   6.0572494174504664E-017
           6          49   2.4707413081425668E-017
           6          50   2.7791249324423200E-016
           6          51   1.0221907300700923E-017
           6          52   1.0605574196000486E-016
           6          53  -2.5717838032720527E-016
           6          54   2.8675298659395961E-017
           6          55   5.2967663863392564E-017
           6          56   1.8342303152683769E-019
           6          57   1.5933115027059214E-016
           6          58  -8.5966754389489329E-017
           6          59   8.3710685580921949E-017
           7           1  -4.6566345707618354E-015
           7           2   2.2313134281751106E-014
           7           3  -3.3013753836416471E-015
           7           4  -1.5828481923191680E-014
           7           5   7.5472337008848048E-014
           7           6  -2.4219341309456249E-015
           7           7   1.9986950745620828     
           7           8  -1.7902346272080689E-015
           7           9   2.8310687127941586E-015
           7          10  -7.6858022223213508E-003
           7          11   4.5519686110718986E-015
           7          12  -7.5369615062936785E-014
           7          13   3.0840173957978594E-003
           7          14   2.8933019174947548E-015
           7          15   1.0796268393176106E-014
           7          16   2.8488411073268232E-003
           7          17  -4.9155287045605957E-015
           7          18   5.8322975355490384E-014
           7          19  -1.2951848832651242E-003
           7          20   6.5283878563500186E-015
           7          21  -3.6155079581254308E-014
           7          22   5.5195311435692775E-018
           7          23   2.5710221956171051E-015
           7          24   7.5970422888921692E-016
           7          25   6.5994732466489908E-016
           7          26  -6.0099229462488456E-015
           7          27   4.2203868288226248E-015
           7          28  -9.7363305172231426E-015
           7          29  -2.1051690724879466E-015
           7          30  -1.7025225457811412E-014
           7          31   8.3493437253894453E-016
           7          32   8.8068488939947996E-015
           7          33  -2.7905935598165347E-014
           7          34  -1.4551633592892257E-014
           7          35  -2.7639075289244655E-015
           7          36  -8.9707961571903808E-015
           7          37  -4.9890535466174128E-016
           7          38  -2.6435838414263177E-015
           7          39  -5.2391667525502296E-015
           7          40   3.5723773066049574E-003
           7          41  -8.8345705805213039E-015
           7          42   1.5976156995349635E-003
           7          43   2.3367944948851819E-015
           7          44   6.0947883025186507E-015
           7          45   9.0790769171115449E-016
           7          46   3.1928940828068797E-015
           7          47   1.5976156995415381E-003
           7          48  -2.7499839428193793E-015
           7          49   5.1157537407642363E-015
           7          50   3.8091853815520041E-003
           7          51   4.8982356799093193E-015
           7          52   1.7035194905057494E-003
           7          53  -6.1736911156213409E-015
           7          54   9.1640291275535318E-015
           7          55  -1.1475613755026454E-015
           7          56   8.9658640754774921E-015
           7          57   1.7035194904937701E-003
           7          58  -5.0385585460835129E-016
           7          59   2.5017206188582265E-014
           8           1   9.8785175092714679E-016
           8           2  -1.1764520088824027E-014
           8           3   1.1366854260483573E-014
           8           4  -4.2579067912427393E-014
           8           5   2.2051469179016393E-014
           8           6   1.2706166568580577E-014
           8           7  -1.7902346272080689E-015
           8           8   1.9986950745620842     
           8           9   4.1355807667287057E-015
           8          10   2.2209209298018625E-013
           8          11  -7.6858022222874960E-003
           8          12  -1.3321407778960070E-013
           8          13  -6.5902307482684774E-014
           8          14   3.0840173957897244E-003
           8          15   2.4228015427230089E-014
           8          16  -1.4457177317274424E-013
           8          17   2.8488411072652453E-003
           8          18   8.5108840548048237E-014
           8          19   8.4845135474645501E-014
           8          20  -1.2951848832277726E-003
           8          21  -4.9311750971621493E-014
           8          22   9.1556328382297925E-015
           8          23  -2.7817144561249748E-015
           8          24   7.5356524115346173E-015
           8          25  -3.2592896962837566E-015
           8          26   9.1478606365295147E-015
           8          27   6.0761037511615286E-015
           8          28  -6.6575782541045608E-015
           8          29   6.0137908879401310E-016
           8          30   4.6229503467061987E-015
           8          31   2.8501510343428361E-015
           8          32  -1.4348683120192740E-015
           8          33   4.0516112792780599E-015
           8          34  -6.7900253105942170E-015
           8          35   4.5923548634747513E-015
           8          36  -1.0037579268843433E-014
           8          37  -2.6261084193248020E-015
           8          38  -4.6372497751679747E-015
           8          39  -1.2539873515669181E-014
           8          40   1.0813019316741051E-014
           8          41   1.5976156995368242E-003
           8          42   1.3710566563367510E-014
           8          43   3.5723773066057502E-003
           8          44   2.4988149570359368E-016
           8          45  -1.4624636556581530E-015
           8          46   3.6191007330745024E-015
           8          47   6.3924729496334784E-015
           8          48   1.5976156995365319E-003
           8          49  -1.4356869642781509E-015
           8          50  -8.5283830778687410E-014
           8          51   1.7035194904983682E-003
           8          52  -4.1842248524499865E-014
           8          53   3.8091853815518024E-003
           8          54   2.3104660003790689E-014
           8          55   9.3651948688735364E-016
           8          56   1.9350040775419078E-014
           8          57  -3.5259054248330819E-014
           8          58   1.7035194905002929E-003
           8          59   4.8298740224286818E-014
           9           1   1.7954703301549595E-014
           9           2  -5.8912532079092731E-014
           9           3  -2.7907212732455799E-014
           9           4   5.6231301383884666E-014
           9           5  -3.8433862210444000E-014
           9           6  -1.8445894300414779E-015
           9           7   2.8310687127941586E-015
           9           8   4.1355807667287057E-015
           9           9   1.9986950745620737     
           9          10  -9.1350538244940476E-015
           9          11  -2.2039119661198303E-015
           9          12  -7.6858022223657884E-003
           9          13   1.9910288695523953E-015
           9          14   1.5373986805844090E-015
           9          15   3.0840173958450543E-003
           9          16  -2.1397705655956493E-014
           9          17  -1.3725321877308758E-014
           9          18   2.8488411072841221E-003
           9          19   1.5956799683663906E-014
           9          20   1.1508602773026356E-014
           9          21  -1.2951848832343971E-003
           9          22  -1.2574186642905041E-014
           9          23  -3.2631659841792530E-015
           9          24  -2.1954736017981958E-014
           9          25  -1.1955171994031205E-015
           9          26   9.3700732125386473E-016
           9          27  -9.2341562206763583E-015
           9          28   2.6862152674972754E-015
           9          29  -5.0276153190300982E-016
           9          30   1.3798173929662561E-014
           9          31   4.9734453033192226E-015
           9          32   4.1364841531216431E-016
           9          33  -2.2552685015487047E-016
           9          34   1.3312656536125303E-014
           9          35   2.6433382721408111E-015
           9          36  -2.0100625137080948E-015
           9          37  -1.6223247884087364E-015
           9          38  -2.0369950641548632E-015
           9          39   7.4292125972336220E-015
           9          40  -6.8796422551808798E-015
           9          41  -2.9154941807128834E-015
           9          42   4.6017605958431676E-015
           9          43  -4.0410654423422732E-015
           9          44   1.5976156995261941E-003
           9          45  -1.2685786658751891E-016
           9          46   1.5976156995158805E-003
           9          47  -8.0502011307031448E-018
           9          48   3.7975197530841561E-015
           9          49   3.5723773065745269E-003
           9          50   1.4747968471451360E-014
           9          51   4.3010029131956808E-015
           9          52  -4.1088551831767748E-016
           9          53   7.5539075862495897E-015
           9          54   1.7035194905097137E-003
           9          55   1.0742466850608372E-015
           9          56   1.7035194905243968E-003
           9          57   2.3176989841222810E-015
           9          58  -3.9315745754484194E-015
           9          59   3.8091853816024182E-003
          10           1   8.6828031983456383E-014
          10           2  -3.4017584188151976E-013
          10           3  -9.3077158170317619E-014
          10           4  -4.2347539674126418E-014
          10           5  -4.1488958129528758E-014
          10           6  -1.2543602816941769E-015
          10           7  -7.6858022223213508E-003
          10           8   2.2209209298018625E-013
          10           9  -9.1350538244940476E-015
          10          10   2.9612923978804645E-005
          10          11  -8.7328990983057778E-016
          10          12   3.2184541490160960E-016
          10          13  -1.3093257432062558E-005
          10          14   2.3015791001150964E-016
          10          15  -6.1322220764935233E-017
          10          16  -1.1019108648205059E-005
          10          17   3.3362563149786074E-016
          10          18  -2.3796967136669951E-016
          10          19   5.0132236808887994E-006
          10          20  -1.6747323675096118E-016
          10          21   1.4522485759807342E-016
          10          22  -1.4684523355255648E-015
          10          23  -8.8238010222957240E-018
          10          24  -1.4721938096880878E-015
          10          25  -2.0729119899155807E-018
          10          26   2.3137516984787413E-017
          10          27  -1.4847080212523234E-015
          10          28   6.1525280545056834E-016
          10          29   6.6763046223176818E-018
          10          30   6.4585524136256698E-016
          10          31  -3.5662519311507412E-018
          10          32  -3.4474692403392619E-017
          10          33   6.8645403877225771E-016
          10          34   1.2514053633687526E-015
          10          35   1.1133778310600370E-017
          10          36   1.2267959743691930E-015
          10          37   1.7257906240166805E-018
          10          38   1.0484349231071255E-017
          10          39   1.2134598303614792E-015
          10          40  -1.3385217398936125E-005
          10          41   2.2486292176867371E-016
          10          42  -5.9860511986183302E-006
          10          43   4.1638302684281583E-016
          10          44  -3.0287039457845308E-017
          10          45  -3.5505266446675781E-018
          10          46  -1.9457299710605470E-017
          10          47  -5.9860511986436404E-006
          10          48   2.0134629606748947E-016
          10          49  -3.6295150031757935E-017
          10          50  -1.4695508855004624E-005
          10          51   1.6941855379133273E-016
          10          52  -6.5720313531209602E-006
          10          53   4.4593987096202912E-016
          10          54  -4.3168398881925412E-017
          10          55   4.6264064750126931E-018
          10          56  -4.1659197928111342E-017
          10          57  -6.5720313530752221E-006
          10          58   1.9018642522986122E-016
          10          59  -1.0901314031145746E-016
          11           1   4.1586286720611735E-014
          11           2  -1.7980880264640999E-013
          11           3  -5.7779803061822687E-014
          11           4   2.0968536970863725E-014
          11           5   1.6109997460226833E-014
          11           6   3.8569598991129902E-016
          11           7   4.5519686110718986E-015
          11           8  -7.6858022222874960E-003
          11           9  -2.2039119661198303E-015
          11          10  -8.7328990983057778E-016
          11          11   2.9612923978595394E-005
          11          12   5.2473564027492879E-016
          11          13   4.0215154984052955E-016
          11          14  -1.3093257432533835E-005
          11          15  -1.4468339178682043E-016
          11          16   5.6518442812380955E-016
          11          17  -1.1019108647961783E-005
          11          18  -3.2959481345748487E-016
          11          19  -3.2994606743480487E-016
          11          20   5.0132236807447292E-006
          11          21   1.8929899939838886E-016
          11          22  -4.2931962706136327E-016
          11          23   1.0823167793396293E-017
          11          24  -4.2366941551187695E-016
          11          25   1.2057155370227878E-017
          11          26  -3.4047969022490376E-017
          11          27  -4.1822569791782036E-016
          11          28   4.1213123106441086E-017
          11          29  -2.3754884374062492E-018
          11          30  -5.0658865542413684E-019
          11          31  -1.0310746671999600E-017
          11          32   5.3638895236371802E-018
          11          33   1.5291314202014700E-018
          11          34  -2.0957535963727033E-016
          11          35  -1.7049700901436779E-017
          11          36  -1.9743723433638641E-016
          11          37   9.6529262123216462E-018
          11          38   1.7229530033035156E-017
          11          39  -1.8833567321541128E-016
          11          40  -7.4921758250321854E-017
          11          41  -5.9860511985277705E-006
          11          42  -6.7257380627236863E-017
          11          43  -1.3385217398718285E-005
          11          44   3.6110073333631206E-018
          11          45   5.5506109581280385E-018
          11          46  -8.8945606301720800E-018
          11          47  -3.9021722619017086E-017
          11          48  -5.9860511985268515E-006
          11          49   1.5744119028035421E-017
          11          50   3.4106660417930758E-016
          11          51  -6.5720313530783985E-006
          11          52   1.6722585018883197E-016
          11          53  -1.4695508854971739E-005
          11          54  -9.1931503320462104E-017
          11          55  -3.6493283601076890E-018
          11          56  -7.8112637242060080E-017
          11          57   1.4113665307826679E-016
          11          58  -6.5720313530847614E-006
          11          59  -1.9427632381526813E-016
          12           1   2.6320573839713554E-013
          12           2  -8.1687389622539408E-013
          12           3  -2.4560588987242771E-013
          12           4   1.0828248535401357E-014
          12           5   4.6939823735801600E-016
          12           6  -1.4735907934906690E-016
          12           7  -7.5369615062936785E-014
          12           8  -1.3321407778960070E-013
          12           9  -7.6858022223657884E-003
          12          10   3.2184541490160960E-016
          12          11   5.2473564027492879E-016
          12          12   2.9612923979167650E-005
          12          13  -5.1163754629416706E-017
          12          14  -2.5412131912122299E-016
          12          15  -1.3093257432540452E-005
          12          16  -1.8865964833508910E-017
          12          17  -1.4128223686611924E-016
          12          18  -1.1019108648119012E-005
          12          19  -1.6921388946049138E-017
          12          20   4.5169831857614623E-017
          12          21   5.0132236808074749E-006
          12          22  -2.4472391305453061E-015
          12          23   1.2258459809629471E-017
          12          24  -2.4123405631041203E-015
          12          25   3.7623675495483710E-018
          12          26  -2.8929403689553221E-018
          12          27  -2.4613202158315539E-015
          12          28   6.4695350895198138E-016
          12          29   2.4337417605800326E-018
          12          30   6.0300950048874509E-016
          12          31  -1.8029337288883710E-017
          12          32  -1.9066672617418928E-018
          12          33   6.5721361809341827E-016
          12          34   5.5134794936987137E-016
          12          35  -1.1147885738334651E-017
          12          36   6.1172667582726826E-016
          12          37   5.8785026314313068E-018
          12          38   8.3964987013819680E-018
          12          39   5.7525570729408077E-016
          12          40  -1.2772685097349497E-016
          12          41  -8.9664525516189443E-017
          12          42  -8.7606288393887995E-017
          12          43  -2.0926557766844057E-016
          12          44  -5.9860511985922145E-006
          12          45   1.3371802514868581E-018
          12          46  -5.9860511985512867E-006
          12          47  -6.9827066831032705E-017
          12          48  -1.1565218455218370E-016
          12          49  -1.3385217398830706E-005
          12          50  -1.9830290668805565E-016
          12          51  -1.3186365400883729E-016
          12          52  -5.9341645976913013E-017
          12          53  -2.8539885773155106E-016
          12          54  -6.5720313531790836E-006
          12          55  -4.7832743768171979E-018
          12          56  -6.5720313532374128E-006
          12          57  -7.3322665925168972E-017
          12          58  -9.9416257019295668E-017
          12          59  -1.4695508855299017E-005
          13           1  -5.0072413538395103E-014
          13           2   1.4224484447614599E-013
          13           3   4.1937287124931389E-014
          13           4   2.3952243611178422E-015
          13           5   4.2365482826409668E-015
          13           6   1.5494988623426176E-016
          13           7   3.0840173957978594E-003
          13           8  -6.5902307482684774E-014
          13           9   1.9910288695523953E-015
          13          10  -1.3093257432062558E-005
          13          11   4.0215154984052955E-016
          13          12  -5.1163754629416706E-017
          13          13   3.1073176149369795E-005
          13          14  -1.4898208399381578E-016
          13          15  -1.4639058669238047E-017
          13          16   5.7637563906045411E-006
          13          17  -1.7767670151069931E-016
          13          18   9.9378352294875482E-017
          13          19  -2.6959754378539353E-006
          13          20   7.8501743002288828E-017
          13          21  -5.8923211701046401E-017
          13          22   5.3413536721277908E-016
          13          23  -1.8698314454446973E-017
          13          24   5.5324074098206375E-016
          13          25  -8.8949716537881840E-018
          13          26  -9.8470290935912557E-018
          13          27   5.4165816958198285E-016
          13          28  -1.3227633262085147E-016
          13          29   2.7011139217247548E-017
          13          30  -1.9840744633211825E-016
          13          31   8.8713776273273376E-018
          13          32   2.6570921416632722E-017
          13          33  -1.8871040241335563E-016
          13          34  -2.7555286283321030E-016
          13          35  -1.5043085542129853E-017
          13          36  -1.9979228421929451E-016
          13          37   3.3397102999622293E-018
          13          38  -1.0875207074473842E-017
          13          39  -2.1564772810162830E-016
          13          40  -1.9951547226089716E-006
          13          41  -6.8961505038073179E-017
          13          42  -8.9226031759875770E-007
          13          43  -8.8655074001256679E-017
          13          44   2.1515589772343631E-017
          13          45   2.6644343214995391E-018
          13          46   2.4057747405280758E-017
          13          47  -8.9226031758801266E-007
          13          48  -5.7034407637980358E-017
          13          49   6.2822951390205902E-017
          13          50   6.8933417182704107E-006
          13          51  -6.4811149475644023E-017
          13          52   3.0827961350649907E-006
          13          53  -1.9801989180481177E-016
          13          54   1.6386699397566971E-017
          13          55  -6.3250254857236827E-018
          13          56   1.3563115066078464E-019
          13          57   3.0827961350535113E-006
          13          58  -7.3028321976108568E-017
          13          59  -6.1257422745445027E-017
          14           1  -2.8367701242068911E-014
          14           2   9.7763935337792041E-014
          14           3   3.1103613960949720E-014
          14           4  -9.7141470465419762E-015
          14           5  -7.4601077609279750E-015
          14           6  -2.0371891460388277E-016
          14           7   2.8933019174947548E-015
          14           8   3.0840173957897244E-003
          14           9   1.5373986805844090E-015
          14          10   2.3015791001150964E-016
          14          11  -1.3093257432533835E-005
          14          12  -2.5412131912122299E-016
          14          13  -1.4898208399381578E-016
          14          14   3.1073176149750892E-005
          14          15   1.3072090068405713E-016
          14          16  -1.2356633101691845E-016
          14          17   5.7637563907948898E-006
