           1           1   1.9783326357306532     
           1           2   1.8705315150513491E-002
           1           3  -4.8132992769835070E-002
           1           4  -2.5891951006914431E-002
           1           5  -2.0957485227854357E-003
           1           6   1.5307175654213451E-013
           1           7  -3.3006540006484393E-014
           1           8  -9.0415351216648182E-014
           1           9  -5.5135479331560920E-014
           1          10   3.6978257835393666E-014
           1          11   7.4893183439007012E-014
           1          12   3.3703906321011472E-014
           1          13  -2.5901019428499369E-014
           1          14  -1.8120333405408499E-014
           1          15   5.8951558797554642E-015
           1          16  -2.1439815299558596E-015
           1          17   1.0017496613300154E-014
           1          18   5.7916744818598542E-003
           1          19  -3.7301472593167429E-015
           1          20   5.7916744818549536E-003
           1          21   6.2713407494376902E-015
           1          22   3.7373420758972091E-015
           1          23   5.7916744818603009E-003
           1          24   1.6416307335617959E-002
           1          25   1.8436327890435778E-015
           1          26   1.6416307335620828E-002
           1          27  -1.0104978971275920E-014
           1          28  -1.2055721324056839E-014
           1          29   1.6416307335608497E-002
           1          30   6.1947764341004127E-003
           1          31  -2.5553662876925355E-016
           1          32   6.1947764341001490E-003
           1          33  -1.3519411424933631E-017
           1          34   4.9351495017504506E-015
           1          35   6.1947764340961626E-003
           1          36  -4.2599491509104878E-014
           1          37   2.1827542971115734E-015
           1          38  -1.9466341961398282E-014
           1          39  -1.0499691512014416E-015
           1          40   8.5949519963067672E-015
           1          41   6.2791243300271362E-015
           1          42   1.1035556745924508E-014
           1          43  -1.4323352444979967E-014
           1          44   4.5237773267291594E-015
           1          45   3.2535118253539252E-014
           1          46  -3.7282405154168755E-014
           1          47   8.7458611337079092E-015
           1          48  -1.0156118611280291E-014
           1          49   2.4403078633283755E-014
           1          50   1.7296621507958678E-014
           1          51  -8.0718833292327230E-015
           1          52   6.7550330374840819E-015
           1          53  -2.2474497503660188E-014
           1          54   7.8324004540969569E-015
           1          55   1.6737761988788256E-014
           2           1   1.8705315150513491E-002
           2           2   2.2137732658834551E-004
           2           3  -9.7253534257410422E-003
           2           4  -6.7695116458625279E-004
           2           5  -1.9490300271001549E-004
           2           6   1.2400368022206380E-015
           2           7  -1.4153404347076339E-015
           2           8  -2.3011713488387972E-015
           2           9   3.9172038892798464E-015
           2          10   6.8123158154292581E-015
           2          11   4.0821790894781394E-014
           2          12   4.8411634813438607E-017
           2          13  -5.1632727700974242E-016
           2          14  -8.3204333111095183E-016
           2          15   1.6336509233098189E-016
           2          16   1.9496830452371867E-016
           2          17   9.6673648233380914E-016
           2          18   4.9096033994295448E-005
           2          19  -1.6786582963156578E-017
           2          20   4.9096033994404777E-005
           2          21   6.0308133163460042E-017
           2          22   4.9365343571667985E-017
           2          23   4.9096033994389327E-005
           2          24   2.3231367283464325E-004
           2          25   3.6040163689743030E-017
           2          26   2.3231367283443497E-004
           2          27  -2.1933213531565216E-016
           2          28  -1.0154181675287202E-016
           2          29   2.3231367283425955E-004
           2          30   1.9368186737188093E-004
           2          31   1.2309685019745945E-016
           2          32   1.9368186737254078E-004
           2          33   1.3522367438895092E-016
           2          34   6.4934566615089430E-017
           2          35   1.9368186737189977E-004
           2          36  -3.9827926533706712E-016
           2          37   1.2798335008314249E-016
           2          38  -1.2620999217326196E-016
           2          39   2.6323792002256585E-016
           2          40   2.4691888209287971E-016
           2          41   6.3462690242327108E-017
           2          42   3.3320206329469985E-016
           2          43  -7.4649280811976536E-017
           2          44   1.9006434931047456E-016
           2          45   6.9640522583904348E-016
           2          46  -8.0550515566639211E-017
           2          47   1.6729517965507299E-016
           2          48  -1.3004310228948477E-016
           2          49   4.9712955719876590E-016
           2          50   3.7072621602358746E-016
           2          51  -6.8939115313536863E-017
           2          52   2.5614061034255974E-016
           2          53  -2.3274304143849906E-016
           2          54   2.6424183453105887E-016
           2          55   6.1123555795476851E-016
           3           1  -4.8132992769835070E-002
           3           2  -9.7253534257410422E-003
           3           3   1.9316205113088261     
           3           4   9.0619442894798202E-002
           3           5   3.6511443878464951E-002
           3           6  -2.4119984062723207E-016
           3           7   1.7831595501003095E-013
           3           8  -4.2459145072805045E-014
           3           9   3.8744698768869220E-014
           3          10  -8.0742688559534535E-014
           3          11   2.7250376127357004E-014
           3          12   2.8257980164830317E-014
           3          13   2.1355127407613906E-014
           3          14  -9.9064189652506417E-014
           3          15  -1.0299185550798795E-016
           3          16  -1.5211545080721945E-014
           3          17   1.3850503554720479E-014
           3          18   1.0387284047264980E-003
           3          19  -3.7580953294995830E-015
           3          20   1.0387284046942027E-003
           3          21  -3.6303770882502885E-016
           3          22  -3.0121552854294339E-015
           3          23   1.0387284047078168E-003
           3          24  -1.6453981394463815E-002
           3          25  -3.9196001213778032E-015
           3          26  -1.6453981394414872E-002
           3          27   2.6023648131537153E-014
           3          28  -2.2984175940140986E-015
           3          29  -1.6453981394402309E-002
           3          30  -2.8286140135031640E-002
           3          31  -2.6131414967843447E-014
           3          32  -2.8286140135169561E-002
           3          33  -2.8185269536966856E-014
           3          34  -3.9242033774977690E-015
           3          35  -2.8286140135043832E-002
           3          36   1.2514773500398874E-014
           3          37  -1.5097471001319305E-014
           3          38  -6.0195448766324915E-015
           3          39  -4.0514925535838628E-014
           3          40   1.3691185956195443E-014
           3          41  -1.0052004363694087E-015
           3          42   4.6919458890607199E-016
           3          43  -6.7558633161517419E-015
           3          44  -2.3472886661342655E-014
           3          45   2.6463766844127515E-014
           3          46  -4.0778190257107479E-014
           3          47  -9.0307639619876945E-015
           3          48   1.4015418637070154E-014
           3          49  -3.6391179308516627E-014
           3          50   1.4698542599989931E-014
           3          51  -1.3406885876613122E-015
           3          52   1.8061742579200113E-014
           3          53   1.1447456390255779E-014
           3          54  -3.0995065574770378E-014
           3          55   3.5546375283571905E-014
           4           1  -2.5891951006914431E-002
           4           2  -6.7695116458625279E-004
           4           3   9.0619442894798202E-002
           4           4   4.5338019032511896E-003
           4           5   1.7270627525695370E-003
           4           6   9.2450238368859635E-016
           4           7   1.2208268727499175E-014
           4           8   1.3774688766932588E-014
           4           9  -6.4562780454936547E-014
           4          10  -8.9071924405210723E-014
           4          11  -3.5527453479720437E-013
           4          12   2.8102307957844573E-015
           4          13   3.7052888177000604E-015
           4          14   5.6580877572839637E-015
           4          15  -1.6401917388416662E-015
           4          16  -2.6647939765311906E-015
           4          17  -7.7765521282816560E-015
           4          18  -2.0810165435173250E-005
           4          19  -1.3059068817866886E-016
           4          20  -2.0810165436620169E-005
           4          21  -9.1905379200197044E-017
           4          22  -1.8509369963240089E-016
           4          23  -2.0810165436049414E-005
           4          24  -9.6324981797323028E-004
           4          25  -2.0476206196618021E-016
           4          26  -9.6324981797098284E-004
           4          27   1.3339068170738299E-015
           4          28   3.6958382922132347E-017
           4          29  -9.6324981797024992E-004
           4          30  -1.3926315731800126E-003
           4          31  -1.2150441544968702E-015
           4          32  -1.3926315731864389E-003
           4          33  -1.3137360706614932E-015
           4          34  -2.4197563490288455E-016
           4          35  -1.3926315731805302E-003
           4          36   2.2723411873492368E-016
           4          37  -1.2198660488374162E-015
           4          38  -4.3492024105737287E-016
           4          39  -2.9716998473950529E-015
           4          40  -1.5178741928801507E-015
           4          41  -1.2190696754043967E-016
           4          42  -2.1633797593204907E-015
           4          43  -5.3069688535906966E-016
           4          44  -1.6382628189641395E-015
           4          45  -3.7466902666488133E-015
           4          46  -2.4970512554088997E-015
           4          47  -1.1154101160310656E-015
           4          48   3.0882040031505269E-016
           4          49  -3.3071811553636913E-015
           4          50  -1.9935871482137754E-015
           4          51   3.3986121685532097E-017
           4          52  -1.7108769151601905E-015
           4          53   3.3635471754910794E-016
           4          54  -2.1283903838631806E-015
           4          55  -4.0706678897016977E-015
           5           1  -2.0957485227854357E-003
           5           2  -1.9490300271001549E-004
           5           3   3.6511443878464951E-002
           5           4   1.7270627525695370E-003
           5           5   6.9084978365202825E-004
           5           6   1.8619769255576538E-015
           5           7   2.0064639328861367E-015
           5           8   1.8824046427902664E-015
           5           9  -4.6701234736616741E-014
           5          10   3.1931266162487665E-014
           5          11  -6.3278725907851061E-014
           5          12   1.8561180239077616E-015
           5          13  -5.2842094729117160E-016
           5          14  -5.7068635169545161E-017
           5          15  -1.1135909659046866E-015
           5          16   4.9536627049327224E-016
           5          17  -1.2325788939714173E-015
           5          18   1.6144484875000011E-005
           5          19  -6.8739618775780902E-017
           5          20   1.6144484874392983E-005
           5          21  -1.0623445529133700E-017
           5          22  -5.9133882252836902E-017
           5          23   1.6144484874646916E-005
           5          24  -3.2061378207316358E-004
           5          25  -7.5137945956440254E-017
           5          26  -3.2061378207224082E-004
           5          27   4.9757125413703428E-016
           5          28  -3.6181381457983129E-017
           5          29  -3.2061378207199622E-004
           5          30  -5.3795694523725308E-004
           5          31  -4.9338008401440530E-016
           5          32  -5.3795694523985776E-004
           5          33  -5.3233329793333955E-016
           5          34  -7.7092387460135112E-017
           5          35  -5.3795694523748076E-004
           5          36  -3.5087432868019417E-016
           5          37  -9.3179862665465145E-017
           5          38  -3.7606501587655189E-016
           5          39  -3.3238578941179305E-016
           5          40  -1.1462677335377823E-016
           5          41  -2.2748842128102218E-017
           5          42  -3.6580818315315016E-016
           5          43  -3.9304948349569791E-016
           5          44  -2.5276661218832301E-016
           5          45  -3.4268175919245247E-016
           5          46  -1.4855533814002705E-015
           5          47   5.6876308247656012E-017
           5          48  -5.9129073676537432E-017
           5          49  -1.8166757679761856E-016
           5          50  -1.7585797925246903E-016
           5          51  -2.0481275625626679E-017
           5          52  -1.0603714000734328E-016
           5          53  -1.0024339503677444E-016
           5          54  -3.5742069385870915E-016
           5          55  -3.2947070180453458E-016
           6           1   1.5307175654213451E-013
           6           2   1.2400368022206380E-015
           6           3  -2.4119984062723207E-016
           6           4   9.2450238368859635E-016
           6           5   1.8619769255576538E-015
           6           6   3.5181101141579874E-003
           6           7  -1.2859993018393689E-015
           6           8  -2.4373813514375064E-015
           6           9  -8.5273296735375842E-002
           6          10   3.7950545483944609E-014
           6          11   8.8201256194520017E-014
           6          12   2.4123293595465587E-003
           6          13  -1.6060490068935118E-015
           6          14  -2.0285998629607921E-015
           6          15  -1.9905239827394264E-003
           6          16   6.4092611426480595E-016
           6          17  -3.0860120773905375E-016
           6          18   5.7847937453383823E-016
           6          19  -4.2506558545025994E-016
           6          20   6.7059858367867627E-016
           6          21   5.5483846880030574E-017
           6          22   1.2660551802623606E-017
           6          23   6.9755048485890668E-016
           6          24   1.1964963550307787E-015
           6          25  -8.6913774370854040E-016
           6          26   1.5228890581076410E-015
           6          27   1.1157407870906013E-016
           6          28   2.2635980171112003E-017
           6          29   2.1403802968408497E-015
           6          30  -1.9203032992512746E-016
           6          31  -2.3182086422497165E-016
           6          32   1.8283397699425558E-016
           6          33  -4.9113523179080931E-018
           6          34  -4.1678584152315470E-016
           6          35  -3.8168911413216377E-016
           6          36  -1.1008544493782768E-003
           6          37   4.3075013499670189E-017
           6          38  -4.9231707642771120E-004
           6          39   2.5856697154474223E-016
           6          40   4.4140072727547747E-016
           6          41  -5.6056161285815006E-017
           6          42   3.1701393897118346E-016
           6          43  -4.9231707642770177E-004
           6          44   1.1812552075819022E-016
           6          45   8.1321346276927789E-016
           6          46  -1.3253129267451905E-003
           6          47   3.6459347368435202E-016
           6          48  -5.9269795914939207E-004
           6          49   1.0102866893763052E-015
           6          50   7.3530040766551195E-016
           6          51  -5.7294694626392475E-018
           6          52   5.6632284040243619E-016
           6          53  -5.9269795914970442E-004
           6          54  -2.0134820189181973E-016
           6          55   9.5665933941974091E-016
           7           1  -3.3006540006484393E-014
           7           2  -1.4153404347076339E-015
           7           3   1.7831595501003095E-013
           7           4   1.2208268727499175E-014
           7           5   2.0064639328861367E-015
           7           6  -1.2859993018393689E-015
           7           7   3.5181101141588292E-003
           7           8  -3.0078343244907546E-015
           7           9  -5.2948097295502095E-015
           7          10  -8.5273296735386722E-002
           7          11   8.3128382649677590E-014
           7          12   1.2390397952435905E-016
           7          13   2.4123293595465101E-003
           7          14  -2.3662356660658287E-015
           7          15  -1.4124613208644360E-015
           7          16  -1.9905239827394472E-003
           7          17   3.1435256145091045E-015
           7          18   2.9478264872539680E-016
           7          19  -1.1972210437149550E-016
           7          20  -4.9498266630858714E-016
           7          21   5.1169149855646374E-017
           7          22  -4.4183543834720063E-017
           7          23   3.0642088976313874E-016
           7          24  -1.6416771355610122E-015
           7          25  -3.0941743515557607E-016
           7          26  -3.0721692841521375E-015
           7          27  -4.6071031648550830E-016
           7          28   7.3437143962834315E-017
           7          29  -2.1136038974805900E-015
           7          30  -3.0341597742089094E-015
           7          31  -4.0924643809878038E-016
           7          32  -4.5887737782864481E-015
           7          33   6.5153802695553342E-016
           7          34  -2.4470397809417668E-016
           7          35  -3.1847481685736478E-015
           7          36   3.0607874362213044E-016
           7          37  -4.9231707642796024E-004
           7          38   1.3635959901373354E-016
           7          39  -1.1008544493782764E-003
           7          40   4.8304171399544613E-016
           7          41  -3.5760559283553147E-017
           7          42   3.7319805787903483E-016
           7          43   1.6897714374660214E-016
           7          44  -4.9231707642789107E-004
           7          45   9.0911707415625154E-016
           7          46   8.8521719251652420E-017
           7          47  -5.9269795914901053E-004
           7          48   2.0306598470885145E-016
           7          49  -1.3253129267450240E-003
           7          50   4.6430873333397002E-016
           7          51  -4.4787003604639738E-017
           7          52   4.4151592375630405E-016
           7          53   1.7275914585609259E-016
           7          54  -5.9269795914931715E-004
           7          55   1.1809172414359477E-015
           8           1  -9.0415351216648182E-014
           8           2  -2.3011713488387972E-015
           8           3  -4.2459145072805045E-014
           8           4   1.3774688766932588E-014
           8           5   1.8824046427902664E-015
           8           6  -2.4373813514375064E-015
           8           7  -3.0078343244907546E-015
           8           8   3.5181101141616234E-003
           8           9  -2.7925903776926386E-014
           8          10  -7.8232234058950301E-015
           8          11  -8.5273296735420112E-002
           8          12   5.7236946979970574E-015
           8          13  -3.7670536720373071E-015
           8          14   2.4123293595479790E-003
           8          15  -5.9383565637538202E-015
           8          16  -1.2756993812007567E-015
           8          17  -1.9905239827444285E-003
           8          18   1.2861100665882075E-016
           8          19   1.9596242173861417E-016
           8          20  -1.5627312402238628E-016
           8          21   3.6523029700636828E-016
           8          22  -1.9105157322708354E-016
           8          23   2.8806640561362642E-016
           8          24  -1.5694281123460066E-015
           8          25   8.3131488474540481E-017
           8          26  -3.2704945012947937E-015
           8          27  -7.6481047263300295E-016
           8          28  -4.4981805277982645E-016
           8          29  -3.2102297183087076E-015
           8          30  -3.8656337944788183E-015
           8          31   1.1453329250411068E-015
           8          32  -1.9400433909790766E-015
           8          33   3.1467639456392613E-015
           8          34  -9.7312926275119681E-016
           8          35  -2.5699582344371126E-015
           8          36   1.9282281527770520E-016
           8          37  -3.2081076415725086E-016
           8          38   6.5271469530821767E-016
           8          39   8.9038748162656445E-016
           8          40  -4.9231707642776942E-004
           8          41  -1.0590543154159757E-016
           8          42  -4.9231707642862876E-004
           8          43   3.5240128144157362E-016
           8          44   1.5343070103269671E-016
           8          45  -1.1008544493792865E-003
           8          46  -5.5992520055182446E-016
           8          47   2.1625445710419036E-015
           8          48  -1.0310720308689784E-015
           8          49   2.7229686739996609E-015
           8          50  -5.9269795914986814E-004
           8          51  -7.5749512012957698E-016
           8          52  -5.9269795914935401E-004
           8          53  -8.1382417352424824E-016
           8          54  -6.1215664021131364E-016
           8          55  -1.3253129267458293E-003
           9           1  -5.5135479331560920E-014
           9           2   3.9172038892798464E-015
           9           3   3.8744698768869220E-014
           9           4  -6.4562780454936547E-014
           9           5  -4.6701234736616741E-014
           9           6  -8.5273296735375842E-002
           9           7  -5.2948097295502095E-015
           9           8  -2.7925903776926386E-014
           9           9   2.0668867377100248     
           9          10  -3.5971225997855072E-014
           9          11  -2.9034066817423820E-014
           9          12  -5.8470960519088393E-002
           9          13   1.3922673777755357E-014
           9          14  -1.0477025063487799E-014
           9          15   4.8247080571219181E-002
           9          16   5.0993280778510730E-015
           9          17   5.6709086211637061E-014
           9          18  -3.2465196397949946E-015
           9          19   1.0302859852478190E-014
           9          20  -5.4793125119352713E-015
           9          21  -1.3448134216968430E-015
           9          22  -3.0684572755008185E-016
           9          23  -6.1325503255995601E-015
           9          24   3.1620905136679366E-016
           9          25   2.1066469777164957E-014
           9          26  -7.5950866631029291E-015
           9          27  -2.7043524493198234E-015
           9          28  -5.4867884112082806E-016
           9          29  -2.2562017210339177E-014
           9          30   1.4324842156925631E-014
           9          31   5.6188298309246592E-015
           9          32   5.2390503739768424E-015
           9          33   1.1941413596910867E-016
           9          34   1.0102360021142930E-014
           9          35   1.8922256055651200E-014
           9          36   2.6682930628661297E-002
           9          37   4.0589005680796708E-015
           9          38   1.1932969344898379E-002
           9          39   5.1435093163798573E-015
           9          40   1.4769882907862686E-015
           9          41   1.3587167826160423E-015
           9          42   4.4916124313822137E-015
           9          43   1.1932969344898150E-002
           9          44   2.2405037894412949E-015
           9          45   7.5148220979315283E-015
           9          46   3.2123440934696254E-002
           9          47  -2.6938900329204207E-015
           9          48   1.4366039520650593E-002
           9          49  -1.0749485069433407E-014
           9          50  -3.1643524606161932E-015
           9          51   1.3883615846347093E-016
           9          52   9.3142453385514079E-016
           9          53   1.4366039520658163E-002
           9          54   1.1024249004995545E-014
           9          55   9.5882774376471192E-015
          10           1   3.6978257835393666E-014
          10           2   6.8123158154292581E-015
          10           3  -8.0742688559534535E-014
          10           4  -8.9071924405210723E-014
          10           5   3.1931266162487665E-014
          10           6   3.7950545483944609E-014
          10           7  -8.5273296735386722E-002
          10           8  -7.8232234058950301E-015
          10           9  -3.5971225997855072E-014
          10          10   2.0668867377100577     
          10          11  -5.8114971168699014E-014
          10          12   1.6466862595709841E-015
          10          13  -5.8470960519080704E-002
          10          14   2.0063161201844260E-015
          10          15   3.0398535251496828E-014
          10          16   4.8247080571214310E-002
          10          17  -3.0516171187211505E-014
          10          18  -6.7984097347547368E-015
          10          19   2.9018442737334924E-015
          10          20   1.2344077206112281E-014
          10          21  -1.2402354372270867E-015
          10          22   1.0709395798453802E-015
          10          23  -7.0805038328953072E-015
          10          24  -1.6588293896503866E-015
          10          25   7.4997010433845901E-015
          10          26   3.3013857200827107E-014
          10          27   1.1166818706291543E-014
          10          28  -1.7797924566755390E-015
          10          29   9.7798752313148630E-015
          10          30   9.6087411241720272E-015
          10          31   9.9196005720376762E-015
          10          32   4.7289737331639544E-014
          10          33  -1.5792177407896454E-014
          10          34   5.9312559631410587E-015
          10          35   1.3258711105392841E-014
          10          36  -9.5406538572206934E-015
          10          37   1.1932969344903083E-002
          10          38  -4.2543280096701830E-015
          10          39   2.6682930628658317E-002
          10          40  -4.1104814864356687E-016
          10          41   8.6677422293588954E-016
          10          42   2.2511289707316529E-015
          10          43  -5.0450095490095492E-015
          10          44   1.1932969344901408E-002
          10          45   3.2250677822753815E-015
          10          46  -4.6989322155521762E-015
          10          47   1.4366039520639740E-002
          10          48  -6.0642680113631720E-015
          10          49   3.2123440934688628E-002
          10          50   2.3461728436771634E-015
          10          51   1.0855655347647566E-015
          10          52   2.8987229283572447E-015
          10          53  -5.3299378799387398E-015
          10          54   1.4366039520647175E-002
          10          55   1.7883914835148396E-015
          11           1   7.4893183439007012E-014
          11           2   4.0821790894781394E-014
          11           3   2.7250376127357004E-014
          11           4  -3.5527453479720437E-013
          11           5  -6.3278725907851061E-014
          11           6   8.8201256194520017E-014
          11           7   8.3128382649677590E-014
          11           8  -8.5273296735420112E-002
          11           9  -2.9034066817423820E-014
          11          10  -5.8114971168699014E-014
          11          11   2.0668867377100346     
          11          12  -1.1876198809102068E-013
          11          13   9.8314748269573426E-014
          11          14  -5.8470960519092743E-002
          11          15   1.2745593426163881E-013
          11          16   2.5137010528641923E-014
          11          17   4.8247080571315604E-002
          11          18  -9.9575514244636874E-015
          11          19  -4.7497691028431825E-015
          11          20  -3.0524144823292943E-015
          11          21  -8.8525258394116922E-015
          11          22   4.6307906152740333E-015
          11          23  -1.3822327403962483E-014
          11          24   2.9236762847340823E-014
          11          25  -2.0148517916443897E-015
          11          26   7.0467307568204230E-014
          11          27   1.8537363210971702E-014
          11          28   1.0902824035690228E-014
          11          29   6.9006845546070465E-014
          11          30   1.0242052189600514E-013
          11          31  -2.7760735715547486E-014
          11          32   5.5748180863681865E-014
          11          33  -7.6271473937471249E-014
          11          34   2.3587018644027511E-014
          11          35   7.1016675659834950E-014
          11          36  -1.3787040085977420E-014
          11          37   6.3450492689826055E-015
          11          38  -1.9895990779374151E-014
          11          39  -2.4780416434111441E-014
          11          40   1.1932969344893650E-002
          11          41   2.5669703466248775E-015
          11          42   1.1932969344914481E-002
          11          43  -1.2616941996376752E-014
          11          44  -5.1495944010729322E-015
          11          45   2.6682930628672046E-002
          11          46   2.6005131208151067E-015
          11          47  -5.4138442860673930E-014
          11          48   2.0085306031217276E-014
          11          49  -6.9850646534225236E-014
          11          50   1.4366039520654742E-002
          11          51   1.8360270844069720E-014
          11          52   1.4366039520642280E-002
          11          53   1.4818983713749123E-014
          11          54   1.3115295524959714E-014
          11          55   3.2123440934695213E-002
          12           1   3.3703906321011472E-014
          12           2   4.8411634813438607E-017
          12           3   2.8257980164830317E-014
          12           4   2.8102307957844573E-015
          12           5   1.8561180239077616E-015
          12           6   2.4123293595465587E-003
          12           7   1.2390397952435905E-016
          12           8   5.7236946979970574E-015
          12           9  -5.8470960519088393E-002
          12          10   1.6466862595709841E-015
          12          11  -1.1876198809102068E-013
          12          12   1.6541077109779247E-003
          12          13  -4.1140390248141367E-016
          12          14   3.6789673277205434E-015
          12          15  -1.3648803597312697E-003
          12          16  -1.2965025103853223E-016
          12          17  -4.3957147492258708E-015
          12          18   2.0436472060191800E-016
          12          19  -2.9144382001178890E-016
          12          20   2.6751738342453072E-016
          12          21   3.8033302191734034E-017
          12          22   8.6697004096655193E-018
          12          23   2.8598331098077105E-016
          12          24   7.1427920143451238E-018
          12          25  -5.9594790629582999E-016
          12          26   2.3097578520340638E-016
          12          27   7.6494910040736089E-017
          12          28   1.5529928634112022E-017
          12          29   6.5435665306077061E-016
          12          30  -7.4379659055587084E-016
          12          31  -1.5889725751278241E-016
          12          32  -4.8689684252128471E-016
          12          33  -3.5345261305647370E-018
          12          34  -2.8585096442124142E-016
          12          35  -8.7401981765191103E-016
          12          36  -7.5484377144296316E-004
          12          37  -1.1118493278838848E-016
          12          38  -3.3757639706715641E-004
          12          39  -1.3739043811054202E-016
          12          40  -7.3219179674908867E-016
          12          41  -3.8439852052514415E-017
          12          42  -8.1746895629628349E-016
          12          43  -3.3757639706715001E-004
          12          44  -5.9725987176795226E-017
          12          45  -1.7563698264603644E-015
          12          46  -9.0875247589960171E-004
          12          47   8.0549445152094945E-017
          12          48  -4.0640646217827769E-004
          12          49   3.1386975267097550E-016
          12          50  -7.4166035454997087E-016
          12          51  -3.9120282426479821E-018
          12          52  -8.5755563755804051E-016
          12          53  -4.0640646217849187E-004
          12          54  -3.0751361743477923E-016
          12          55  -2.1298626518050437E-015
          13           1  -2.5901019428499369E-014
          13           2  -5.1632727700974242E-016
          13           3   2.1355127407613906E-014
          13           4   3.7052888177000604E-015
          13           5  -5.2842094729117160E-016
          13           6  -1.6060490068935118E-015
          13           7   2.4123293595465101E-003
          13           8  -3.7670536720373071E-015
          13           9   1.3922673777755357E-014
          13          10  -5.8470960519080704E-002
          13          11   9.8314748269573426E-014
          13          12  -4.1140390248141367E-016
          13          13   1.6541077109774635E-003
          13          14  -2.7908871638422997E-015
          13          15  -5.5854707794664171E-016
          13          16  -1.3648803597309305E-003
          13          17   3.1200153680251141E-015
          13          18   1.3080945663438396E-016
          13          19  -8.2080511599518421E-017
          13          20  -4.1065804618137034E-016
          13          21   3.5076242129711520E-017
          13          22  -3.0297054744540068E-017
          13          23   1.3879055501945253E-016
          13          24  -3.1293183237656783E-016
          13          25  -2.1212951478554441E-016
          13          26  -1.2937467321497485E-015
          13          27  -3.1587973234370503E-016
          13          28   5.0262773083987808E-017
          13          29  -6.3651039758277802E-016
          13          30  -6.1880529270986190E-016
          13          31  -2.8067385125948781E-016
          13          32  -1.6846377073539756E-015
          13          33   4.4672988606078302E-016
          13          34  -1.6780318319450955E-016
          13          35  -7.2204003339522656E-016
          13          36   4.3648454804961351E-016
          13          37  -3.3757639706723968E-004
          13          38   1.9484214182395945E-016
          13          39  -7.5484377144276736E-004
          13          40   5.6976454702536723E-016
          13          41  -2.4518879595443594E-017
          13          42   4.9445590647617145E-016
          13          43   2.1722583448810159E-016
          13          44  -3.3757639706719230E-004
          13          45   1.1568030604605650E-015
          13          46   3.3353108144264232E-016
          13          47  -4.0640646217791074E-004
          13          48   2.6125037192164385E-016
          13          49  -9.0875247589925195E-004
          13          50   6.0557011201346420E-016
          13          51  -3.0710420478410719E-017
          13          52   5.8995971831204107E-016
          13          53   2.4049128845033546E-016
          13          54  -4.0640646217812108E-004
          13          55   1.4519508438983787E-015
          14           1  -1.8120333405408499E-014
          14           2  -8.3204333111095183E-016
          14           3  -9.9064189652506417E-014
          14           4   5.6580877572839637E-015
          14           5  -5.7068635169545161E-017
          14           6  -2.0285998629607921E-015
          14           7  -2.3662356660658287E-015
          14           8   2.4123293595479790E-003
          14           9  -1.0477025063487799E-014
          14          10   2.0063161201844260E-015
          14          11  -5.8470960519092743E-002
          14          12   3.6789673277205434E-015
          14          13  -2.7908871638422997E-015
          14          14   1.6541077109781630E-003
          14          15  -3.8686798380159308E-015
          14          16  -7.0273834359068851E-016
          14          17  -1.3648803597340923E-003
          14          18   1.7454074940502191E-016
          14          19   1.3434996251673187E-016
          14          20  -2.0804116139816927E-017
          14          21   2.5040487764512777E-016
          14          22  -1.3100628255769111E-016
          14          23   2.8380337936222951E-016
          14          24  -1.3905393249928090E-016
          14          25   5.6947918613436220E-017
          14          26  -1.3052080095583958E-015
          14          27  -5.2423984271522299E-016
          14          28  -3.0841830526030457E-016
          14          29  -1.2640015465217965E-015
          14          30  -1.5087957967369226E-015
          14          31   7.8521566499564722E-016
          14          32  -1.8882417366271103E-016
          14          33   2.1572548531830656E-015
          14          34  -6.6723696799566786E-016
          14          35  -6.2092000065413297E-016
          14          36   2.4405433254296068E-016
          14          37  -1.7740342750588792E-016
          14          38   4.9751348365752266E-016
          14          39   7.0555896330504533E-016
          14          40  -3.3757639706704626E-004
          14          41  -7.2615508924362966E-017
          14          42  -3.3757639706763552E-004
          14          43   2.9164847857446937E-016
          14          44   1.4773652204477968E-016
          14          45  -7.5484377144331965E-004
          14          46  -2.4921572780705475E-016
          14          47   1.5338525771507652E-015
          14          48  -6.4668890292145058E-016
          14          49   1.9814387625235672E-015
          14          50  -4.0640646217842335E-004
          14          51  -5.1932273574427609E-016
          14          52  -4.0640646217807088E-004
          14          53  -4.9777712266235556E-016
          14          54  -3.6850761293361414E-016
          14          55  -9.0875247589963576E-004
          15           1   5.8951558797554642E-015
          15           2   1.6336509233098189E-016
          15           3  -1.0299185550798795E-016
          15           4  -1.6401917388416662E-015
          15           5  -1.1135909659046866E-015
          15           6  -1.9905239827394264E-003
          15           7  -1.4124613208644360E-015
          15           8  -5.9383565637538202E-015
          15           9   4.8247080571219181E-002
          15          10   3.0398535251496828E-014
          15          11   1.2745593426163881E-013
          15          12  -1.3648803597312697E-003
          15          13  -5.5854707794664171E-016
          15          14  -3.8686798380159308E-015
