           1           1   2.2334200297388058     
           1           2 -0.38862589765621181     
           1           3 -0.43573514319437751     
           1           4   5.4166169992867885E-002
           1           5   2.2138443936839391E-004
           1           6   9.6318052383220418E-013
           1           7   1.2082732826704686E-012
           1           8  -2.9487366964282442E-013
           1           9  -1.2002335602658989E-012
           1          10  -1.7714831582480118E-012
           1          11   5.6093424722687320E-013
           1          12   4.6590189978725186E-013
           1          13   6.5885287327679104E-013
           1          14  -1.9020904214762121E-013
           1          15  -1.8508897746896734E-014
           1          16  -1.4729533184969012E-014
           1          17  -1.9808774141730857E-015
           1          18   8.7303344108773190E-002
           1          19  -4.3645508353198256E-015
           1          20   8.7303344108765571E-002
           1          21  -3.2408789426192049E-015
           1          22   2.5882264903540014E-015
           1          23   8.7303344108786041E-002
           1          24   6.2655432643703601E-002
           1          25   7.8895262426754629E-015
           1          26   6.2655432643711276E-002
           1          27   4.7682034266566085E-015
           1          28  -2.4405687429258642E-015
           1          29   6.2655432643695524E-002
           1          30   1.2343499949610972E-002
           1          31  -2.3594183333513220E-015
           1          32   1.2343499949601055E-002
           1          33  -7.5964779488536245E-015
           1          34  -7.2188852600399543E-015
           1          35   1.2343499949616850E-002
           1          36  -1.5314968232494213E-013
           1          37  -7.0981793564531119E-014
           1          38  -7.6771945092296039E-014
           1          39  -1.5021648071909583E-013
           1          40   2.1922754943144430E-015
           1          41   7.3180476406599540E-016
           1          42   1.3808859153725639E-014
           1          43  -6.6026694493609730E-014
           1          44  -6.8584909632153563E-014
           1          45   2.0611068108657802E-014
           1          46  -1.5741713525193505E-013
           1          47  -6.6799423391151593E-014
           1          48  -5.9791992576735196E-014
           1          49  -1.6274005151618647E-013
           1          50   1.8944030523419970E-014
           1          51  -5.5819271090594917E-015
           1          52   2.4034690518660471E-015
           1          53  -6.6085165598200373E-014
           1          54  -6.5756903083124985E-014
           1          55   1.7553481777026019E-014
           2           1 -0.38862589765621181     
           2           2  0.64586074029650908     
           2           3   1.2844878918243965     
           2           4 -0.58914296417780421     
           2           5  -3.9950522014537311E-002
           2           6  -2.6146603769869774E-012
           2           7  -3.5699158030455213E-012
           2           8   1.3977437963907263E-012
           2           9   3.9531968408014910E-012
           2          10   5.9586155672073021E-012
           2          11  -2.1969720328403782E-012
           2          12  -1.4497756699446603E-012
           2          13  -2.1754245291297342E-012
           2          14   7.9879517117875972E-013
           2          15   3.3778301236831725E-014
           2          16   4.1261912994588933E-014
           2          17  -1.3477081668358382E-014
           2          18  -5.2245892295907058E-002
           2          19  -3.8762921763387515E-015
           2          20  -5.2245892295915169E-002
           2          21  -5.3409428841861332E-016
           2          22   8.5193273972003417E-016
           2          23  -5.2245892295920471E-002
           2          24  -6.1144741816222925E-002
           2          25   4.5757200219516964E-015
           2          26  -6.1144741816209144E-002
           2          27   4.5886009326297289E-015
           2          28   4.1772585093898782E-015
           2          29  -6.1144741816218061E-002
           2          30   4.9791992564161863E-002
           2          31  -9.7979671058470653E-015
           2          32   4.9791992564162869E-002
           2          33  -2.7435000498260732E-015
           2          34   4.9684418152368433E-015
           2          35   4.9791992564168663E-002
           2          36   3.0669603188329751E-013
           2          37   1.4849004625145481E-013
           2          38   1.4231399869434886E-013
           2          39   3.2302159311268554E-013
           2          40  -7.1922748566519369E-014
           2          41   2.4859274839437892E-015
           2          42  -6.7210914125595540E-014
           2          43   1.3550599588072563E-013
           2          44   1.4374063693341161E-013
           2          45  -1.4720855371713887E-013
           2          46   3.2316824459070633E-013
           2          47   1.6572362454518915E-013
           2          48   1.4246397534170415E-013
           2          49   3.9223337033968166E-013
           2          50  -7.2542290391522854E-014
           2          51   2.2959750570411681E-015
           2          52  -6.8297249761552074E-014
           2          53   1.5037502887887438E-013
           2          54   1.7044608067121925E-013
           2          55  -1.6889067550223809E-013
           3           1 -0.43573514319437751     
           3           2   1.2844878918243965     
           3           3   2.6114414544406621     
           3           4  -1.2223288052532091     
           3           5  -8.3469662935080735E-002
           3           6  -6.9024202840416032E-012
           3           7  -6.7985189399284070E-012
           3           8   2.9379131852529006E-012
           3           9   1.0649436763047029E-011
           3          10   1.1412227885850857E-011
           3          11  -4.6044497232461910E-012
           3          12  -3.8964354178894509E-012
           3          13  -4.1645765897875058E-012
           3          14   1.6765849459423620E-012
           3          15   8.5350826377478034E-014
           3          16   7.8628592040467810E-014
           3          17  -2.9241672076307505E-014
           3          18  -9.4486627650435612E-002
           3          19  -8.8384004067825229E-015
           3          20  -9.4486627650453861E-002
           3          21  -1.6628656904729236E-015
           3          22   2.2171820444348568E-015
           3          23  -9.4486627650461494E-002
           3          24 -0.11724361429621409     
           3          25   1.0894759971276676E-014
           3          26 -0.11724361429618399     
           3          27   1.0395374133728709E-014
           3          28   8.3200347448283363E-015
           3          29 -0.11724361429620526     
           3          30  0.10615956063381575     
           3          31  -2.0878141894981609E-014
           3          32  0.10615956063381618     
           3          33  -7.0155300733267430E-015
           3          34   9.1681050694433063E-015
           3          35  0.10615956063383096     
           3          36   7.7680171489911666E-013
           3          37   2.7764556949083687E-013
           3          38   3.5677596191799116E-013
           3          39   6.0343029350825662E-013
           3          40  -1.5294810156172657E-013
           3          41   5.3196309024614676E-015
           3          42  -1.4114037914333828E-013
           3          43   3.4435730306131388E-013
           3          44   2.6812222456185266E-013
           3          45  -3.1089338668329439E-013
           3          46   8.2893651695315753E-013
           3          47   3.1200503082908640E-013
           3          48   3.6819165909937151E-013
           3          49   7.4069327060476301E-013
           3          50  -1.5175835563492102E-013
           3          51   3.8579738875860319E-015
           3          52  -1.4567414704620732E-013
           3          53   3.8366668026165965E-013
           3          54   3.2205198102411361E-013
           3          55  -3.5749025299284928E-013
           4           1   5.4166169992867885E-002
           4           2 -0.58914296417780421     
           4           3  -1.2223288052532091     
           4           4  0.58251507996900664     
           4           5   4.0019512611390112E-002
           4           6   1.6055474370174543E-012
           4           7   3.9298210164276475E-012
           4           8  -1.4717939185086924E-012
           4           9  -2.3732142863915055E-012
           4          10  -6.5691711921897520E-012
           4          11   2.3040721777932927E-012
           4          12   8.6906066592745933E-013
           4          13   2.3963520688270919E-012
           4          14  -8.4004313582646167E-013
           4          15  -2.1354264384939264E-014
           4          16  -4.5100322469738160E-014
           4          17   1.5090975988831941E-014
           4          18   3.9266848952121944E-002
           4          19   4.5417574598752380E-015
           4          20   3.9266848952131214E-002
           4          21   1.0222333565425016E-015
           4          22  -1.2428583997964304E-015
           4          23   3.9266848952133462E-002
           4          24   5.1890529440963312E-002
           4          25  -5.7724181020990583E-015
           4          26   5.1890529440948345E-002
           4          27  -5.3165168142536102E-015
           4          28  -3.8213814726373296E-015
           4          29   5.1890529440959642E-002
           4          30  -5.1773384957385482E-002
           4          31   1.0177421164492193E-014
           4          32  -5.1773384957385003E-002
           4          33   3.8914939363311094E-015
           4          34  -3.8968979637223343E-015
           4          35  -5.1773384957393198E-002
           4          36  -1.9649308988691490E-013
           4          37  -1.6224976657454484E-013
           4          38  -9.1799103401383600E-014
           4          39  -3.5504342428758396E-013
           4          40   7.6961206745714989E-014
           4          41  -2.6022048204403491E-015
           4          42   7.0492530837922610E-014
           4          43  -8.6587588179909908E-014
           4          44  -1.5784820868263040E-013
           4          45   1.5608059085017373E-013
           4          46  -2.0233273219933775E-013
           4          47  -1.8289725034634938E-013
           4          48  -9.0012575601361097E-014
           4          49  -4.2868176594499178E-013
           4          50   7.5657402771654224E-014
           4          51  -1.4634589551193798E-015
           4          52   7.3885850631589345E-014
           4          53  -9.6998655812314825E-014
           4          54  -1.8778837629403342E-013
           4          55   1.7959927740617013E-013
           5           1   2.2138443936839391E-004
           5           2  -3.9950522014537311E-002
           5           3  -8.3469662935080735E-002
           5           4   4.0019512611390112E-002
           5           5   2.7548873776266670E-003
           5           6   7.8597076919347394E-014
           5           7   2.8478426990380994E-013
           5           8  -8.8636573092948786E-014
           5           9  -1.1226075114456290E-013
           5          10  -4.7558278058836554E-013
           5          11   1.3795647949236314E-013
           5          12   4.1131693687791379E-014
           5          13   1.7346981221527537E-013
           5          14  -5.0313953817379038E-014
           5          15  -1.1012391183755692E-015
           5          16  -3.2620089312261531E-015
           5          17   9.0548398625325419E-016
           5          18   2.5662975888974004E-003
           5          19   3.1954266751326960E-016
           5          20   2.5662975888980509E-003
           5          21   7.5468123498137102E-017
           5          22  -8.9632504347770057E-017
           5          23   2.5662975888981737E-003
           5          24   3.4741158218952409E-003
           5          25  -4.0980664721357867E-016
           5          26   3.4741158218941984E-003
           5          27  -3.7351672807355483E-016
           5          28  -2.5925860989935190E-016
           5          29   3.4741158218950016E-003
           5          30  -3.5838440717141699E-003
           5          31   7.0439359282377251E-016
           5          32  -3.5838440717141208E-003
           5          33   2.7984984962731384E-016
           5          34  -2.5695289148277455E-016
           5          35  -3.5838440717147093E-003
           5          36  -1.0214267864236325E-014
           5          37  -1.1787293798331666E-014
           5          38  -4.8251593025808269E-015
           5          39  -2.5836422997872540E-014
           5          40   4.7427445513766327E-015
           5          41  -1.8030412862927119E-016
           5          42   4.2791487227545496E-015
           5          43  -4.4832370821589036E-015
           5          44  -1.1488023001518347E-014
           5          45   9.4781884728198470E-015
           5          46  -1.0259141880311848E-014
           5          47  -1.3298443184279845E-014
           5          48  -4.5720967713414178E-015
           5          49  -3.1072275465343603E-014
           5          50   4.5636774879829392E-015
           5          51  -9.1988211287037716E-017
           5          52   4.4676895272467420E-015
           5          53  -5.0431854198157227E-015
           5          54  -1.3636821344760606E-014
           5          55   1.0961331122511626E-014
           6           1   9.6318052383220418E-013
           6           2  -2.6146603769869774E-012
           6           3  -6.9024202840416032E-012
           6           4   1.6055474370174543E-012
           6           5   7.8597076919347394E-014
           6           6   4.8226621299855230     
           6           7   1.1866063687193673E-012
           6           8   2.1768697955337757E-013
           6           9  -7.8048817168334281     
           6          10   2.1727064591914313E-013
           6          11  -3.6232128408641984E-013
           6          12   2.8480119332874465     
           6          13   1.5432100042289676E-014
           6          14   1.2312373343092986E-013
           6          15  -5.3868529202262129E-002
           6          16  -1.3339156168523658E-014
           6          17   4.0223900599212215E-015
           6          18   3.5360542322848763E-013
           6          19   3.3439136187875481E-015
           6          20   3.6807324748155121E-013
           6          21  -2.5143889909491914E-015
           6          22  -6.2000341302531754E-015
           6          23   3.6335732730252337E-013
           6          24   7.9116227958312619E-013
           6          25   9.1341905290092658E-015
           6          26   7.8620638836245239E-013
           6          27   7.3102170625380523E-015
           6          28   1.1735779267730813E-014
           6          29   7.6677624024286077E-013
           6          30   3.5811314170816764E-014
           6          31  -1.4267130186622784E-016
           6          32   3.8409458727394751E-014
           6          33  -4.8075806288184179E-015
           6          34  -1.5489716481483314E-015
           6          35   4.9124919103584935E-014
           6          36 -0.48709048309011727     
           6          37  -2.0299387171185401E-013
           6          38 -0.21783348627654781     
           6          39  -5.0460330358603755E-013
           6          40  -1.5707921074969988E-014
           6          41  -6.5433143095810756E-015
           6          42  -3.6675523729101656E-014
           6          43 -0.21783348627658816     
           6          44  -2.0917295673328340E-013
           6          45   2.8633345694473178E-014
           6          46 -0.54263795489324007     
           6          47  -1.8472029461591433E-013
           6          48 -0.24267507086256176     
           6          49  -3.3882618932778996E-013
           6          50   2.3271315430228867E-014
           6          51   1.1064305566949598E-014
           6          52   4.8051840284557557E-015
           6          53 -0.24267507086253498     
           6          54  -1.6470505515009393E-013
           6          55  -8.6868012783014592E-014
           7           1   1.2082732826704686E-012
           7           2  -3.5699158030455213E-012
           7           3  -6.7985189399284070E-012
           7           4   3.9298210164276475E-012
           7           5   2.8478426990380994E-013
           7           6   1.1866063687193673E-012
           7           7   4.8226621299874832     
           7           8   9.4586491417025798E-013
           7           9  -2.5719426588466376E-012
           7          10  -7.8048817168353946     
           7          11  -1.4956091920481640E-012
           7          12   9.2154062159011119E-013
           7          13   2.8480119332883649     
           7          14   5.3671650457332021E-013
           7          15  -2.1132401384349464E-014
           7          16  -5.3868529202324128E-002
           7          17  -1.2894362227261480E-014
           7          18   2.0830510692606718E-013
           7          19   7.1165203738494620E-015
           7          20   2.2038496863262008E-013
           7          21  -4.3674004854808587E-015
           7          22   6.5871043086933317E-015
           7          23   2.1600516036790569E-013
           7          24   1.0765564183323317E-013
           7          25  -5.5818862509770961E-015
           7          26   1.3283332069491457E-013
           7          27   8.2384365593365731E-015
           7          28   8.6256271009972813E-015
           7          29   9.4582746584978426E-014
           7          30  -4.1396470248683255E-013
           7          31  -3.2518778997253603E-015
           7          32  -4.4705224077028312E-013
           7          33  -1.1410324999018675E-014
           7          34  -4.7706809168811543E-015
           7          35  -4.1827591051042951E-013
           7          36  -1.6070478281449141E-014
           7          37 -0.21783348627674939     
           7          38  -1.6445178552260131E-014
           7          39 -0.48709048309050496     
           7          40  -4.5740754933687455E-014
           7          41  -4.9401494763382407E-015
           7          42  -4.3159269560999469E-014
           7          43   2.7096380694757727E-015
           7          44 -0.21783348627674232     
           7          45  -9.3090465891343399E-014
           7          46  -5.7148730192579933E-014
           7          47 -0.24267507086273074     
           7          48  -2.9393154576951019E-014
           7          49 -0.54263795489372513     
           7          50  -4.0534632941846560E-014
           7          51   9.5182300132966040E-015
           7          52  -4.0895238584415239E-014
           7          53  -3.4260788650541940E-014
           7          54 -0.24267507086274723     
           7          55  -1.0326114963099542E-013
           8           1  -2.9487366964282442E-013
           8           2   1.3977437963907263E-012
           8           3   2.9379131852529006E-012
           8           4  -1.4717939185086924E-012
           8           5  -8.8636573092948786E-014
           8           6   2.1768697955337757E-013
           8           7   9.4586491417025798E-013
           8           8   4.8226621299811043     
           8           9  -7.5717210279435676E-014
           8          10  -4.5457387853886644E-013
           8          11  -7.8048817168288949     
           8          12   2.2787327580431338E-014
           8          13   2.4686849786625942E-013
           8          14   2.8480119332857226     
           8          15   2.5500435096859064E-015
           8          16  -2.5095539795544353E-014
           8          17  -5.3868529202197278E-002
           8          18  -1.1776701987711816E-013
           8          19   8.1223936931874879E-015
           8          20  -1.0791648538420561E-013
           8          21   2.2390441357925747E-015
           8          22  -1.3963989662224239E-015
           8          23  -9.9257648616023064E-014
           8          24  -1.1739750427285621E-013
           8          25  -3.2405108823207437E-015
           8          26  -9.9907352966217395E-014
           8          27   3.8509184278005676E-015
           8          28  -8.9285808196266016E-015
           8          29  -1.1025087693546047E-013
           8          30   1.4127258927245536E-013
           8          31  -7.4016930688808087E-016
           8          32   1.2640640134267497E-013
           8          33   6.2500491041098257E-015
           8          34   1.0549054335563807E-014
           8          35   1.4418525838338968E-013
           8          36  -7.1755101860304649E-014
           8          37  -1.1632535212857675E-013
           8          38  -3.2862601528904634E-014
           8          39  -2.6287045457040747E-013
           8          40 -0.21783348627617335     
           8          41  -6.9630648344268191E-015
           8          42 -0.21783348627617413     
           8          43  -3.5979899615234956E-014
           8          44  -1.0953629496490702E-013
           8          45 -0.48709048308933456     
           8          46  -4.4846071300952417E-014
           8          47  -1.0224004802494857E-013
           8          48  -3.2885152934092332E-014
           8          49  -2.2895097276376397E-013
           8          50 -0.24267507086221174     
           8          51   1.2362671234146424E-015
           8          52 -0.24267507086223952     
           8          53  -2.6298407895808396E-015
           8          54  -1.1486319707876280E-013
           8          55 -0.54263795489249300     
           9           1  -1.2002335602658989E-012
           9           2   3.9531968408014910E-012
           9           3   1.0649436763047029E-011
           9           4  -2.3732142863915055E-012
           9           5  -1.1226075114456290E-013
           9           6  -7.8048817168334281     
           9           7  -2.5719426588466376E-012
           9           8  -7.5717210279435676E-014
           9           9   12.631234984305978     
           9          10   7.0277117458772409E-013
           9          11   1.3888890038060708E-013
           9          12  -4.6091547921698064     
           9          13  -4.0967229608668276E-013
           9          14  -3.5943470422239443E-014
           9          15   8.7179546763045873E-002
           9          16   2.8864063916778093E-014
           9          17  -9.5990923543176621E-015
           9          18  -5.4441445288946784E-013
           9          19  -5.4117102883218164E-015
           9          20  -5.6782883564147466E-013
           9          21   4.0692273552508725E-015
           9          22   1.0033987810607105E-014
           9          23  -5.6019670255993224E-013
           9          24  -1.2515787010766384E-012
           9          25  -1.4782556757330490E-014
           9          26  -1.2435582045673930E-012
           9          27  -1.1830681470042907E-014
           9          28  -1.8992906110923581E-014
           9          29  -1.2121129148650326E-012
           9          30  -7.5369143673942319E-014
           9          31   2.3089584247411464E-016
           9          32  -7.9573919045045261E-014
           9          33   7.7804741739580804E-015
           9          34   2.5068188835688337E-015
           9          35  -9.6915565323269635E-014
           9          36  0.78829565568696192     
           9          37   3.5794978092695828E-013
           9          38  0.35253653449677125     
           9          39   8.8244689333549786E-013
           9          40   1.2930628789931120E-014
           9          41   1.0589544290239205E-014
           9          42   4.6865289426989420E-014
           9          43  0.35253653449683653     
           9          44   3.6794872704248860E-013
           9          45  -7.4280859241326880E-014
           9          46  0.87819236323296934     
           9          47   3.3172770086409287E-013
           9          48  0.39273956430204049     
           9          49   6.2164162706324078E-013
           9          50  -5.1580267834694382E-014
           9          51  -1.7906209040029731E-014
           9          52  -2.1694451790565950E-014
           9          53  0.39273956430199713     
           9          54   2.9933694412065392E-013
           9          55   1.0947492912194434E-013
          10           1  -1.7714831582480118E-012
          10           2   5.9586155672073021E-012
          10           3   1.1412227885850857E-011
          10           4  -6.5691711921897520E-012
          10           5  -4.7558278058836554E-013
          10           6   2.1727064591914313E-013
          10           7  -7.8048817168353946     
          10           8  -4.5457387853886644E-013
          10           9   7.0277117458772409E-013
          10          10   12.631234984307211     
          10          11   6.7877647946801289E-013
          10          12  -2.2903900998016979E-013
          10          13  -4.6091547921705800     
          10          14  -2.3306356844443599E-013
          10          15   1.0323339405537979E-014
          10          16   8.7179546763132748E-002
          10          17   8.8467644668299705E-015
          10          18  -3.4358483732925137E-013
          10          19  -1.1517207354827179E-014
          10          20  -3.6313459827748485E-013
          10          21   7.0680970966775683E-015
          10          22  -1.0660412983555433E-014
          10          23  -3.5604642072592843E-013
          10          24  -1.8758772102244635E-013
          10          25   9.0335919812505770E-015
          10          26  -2.2833467781171698E-013
          10          27  -1.3332889832240834E-014
          10          28  -1.3959509798163516E-014
          10          29  -1.6643085820290024E-013
          10          30   6.9011410378866797E-013
          10          31   5.2627618690329520E-015
          10          32   7.4366218898373183E-013
          10          33   1.8466198661154822E-014
          10          34   7.7207565575674420E-015
          10          35   6.9709126034120060E-013
          10          36  -1.8988977057432521E-013
          10          37  0.35253653449704303     
          10          38  -6.9930172763577048E-014
          10          39  0.78829565568746762     
          10          40   2.5415433646536201E-014
          10          41   7.9950204445256913E-015
          10          42   2.1237785835515055E-014
          10          43  -1.0093315072623454E-013
          10          44  0.35253653449703148     
          10          45   4.1957756713451033E-014
          10          46  -1.4802048475814900E-013
          10          47  0.39273956430225332     
          10          48  -5.9986737799277989E-014
          10          49  0.87819236323361871     
          10          50   1.1447006537101956E-014
          10          51  -1.5404077126916679E-014
          10          52   1.2029873625030163E-014
          10          53  -5.2118032112247192E-014
          10          54  0.39273956430228002     
          10          55   4.6023081179402681E-014
          11           1   5.6093424722687320E-013
          11           2  -2.1969720328403782E-012
          11           3  -4.6044497232461910E-012
          11           4   2.3040721777932927E-012
          11           5   1.3795647949236314E-013
          11           6  -3.6232128408641984E-013
          11           7  -1.4956091920481640E-012
          11           8  -7.8048817168288949     
          11           9   1.3888890038060708E-013
          11          10   6.7877647946801289E-013
          11          11   12.631234984302875     
          11          12  -4.2826853174915414E-014
          11          13  -3.7876299319172801E-013
          11          14  -4.6091547921685612     
          11          15  -4.0132827616723432E-015
          11          16   4.0221406934215498E-014
          11          17   8.7179546762970156E-002
          11          18   1.8875837489241686E-013
          11          19  -1.3145088816972005E-014
          11          20   1.7281650409728529E-013
          11          21  -3.6236157888776531E-015
          11          22   2.2598988830495774E-015
          11          23   1.5880324856340525E-013
          11          24   1.8541943135461786E-013
          11          25   5.2443657583606070E-015
          11          26   1.5711378636466315E-013
          11          27  -6.2322348155567763E-015
          11          28   1.4449802892704007E-014
          11          29   1.7385349960587074E-013
          11          30  -2.2101316021500733E-013
          11          31   1.1978724063557839E-015
          11          32  -1.9695407516097376E-013
          11          33  -1.0114930855034863E-014
          11          34  -1.7072338698916511E-014
          11          35  -2.2572695464604837E-013
          11          36   1.1714934577966574E-013
          11          37   1.8666925644117427E-013
          11          38   5.3641119324154829E-014
          11          39   4.2187434101670362E-013
          11          40  0.35253653449628342     
          11          41   1.1268858558732745E-014
          11          42  0.35253653449628464     
          11          43   5.8685695192295384E-014
          11          44   1.7568195162520617E-013
          11          45  0.78829565568595950     
          11          46   7.3711869941206487E-014
          11          47   1.6369371136359945E-013
          11          48   5.3731324944905623E-014
          11          49   3.6657135660256301E-013
          11          50  0.39273956430160573     
          11          51  -2.0007453162996729E-015
          11          52  0.39273956430165069     
          11          53   4.7635506650323123E-015
          11          54   1.8412224869757132E-013
          11          55  0.87819236323205452     
          12           1   4.6590189978725186E-013
          12           2  -1.4497756699446603E-012
          12           3  -3.8964354178894509E-012
          12           4   8.6906066592745933E-013
          12           5   4.1131693687791379E-014
          12           6   2.8480119332874465     
          12           7   9.2154062159011119E-013
          12           8   2.2787327580431338E-014
          12           9  -4.6091547921698064     
          12          10  -2.2903900998016979E-013
          12          11  -4.2826853174915414E-014
          12          12   1.6818868404061404     
          12          13   1.3949952304415092E-013
          12          14   1.0255685189974884E-014
          12          15  -3.1811934956585151E-002
          12          16  -1.0343722406380707E-014
          12          17   3.5566168066214487E-015
          12          18   1.9990256506823334E-013
          12          19   1.9747404303889449E-015
          12          20   2.0844650511852912E-013
          12          21  -1.4848665857445327E-015
          12          22  -3.6614157728278693E-015
          12          23   2.0566152939675897E-013
          12          24   4.5769393056460724E-013
          12          25   5.3941750274798550E-015
          12          26   4.5476724050088011E-013
          12          27   4.3170317280958219E-015
          12          28   6.9305372219867459E-015
          12          29   4.4329281160276504E-013
          12          30   2.7442196807173500E-014
          12          31  -8.4254206350655615E-017
          12          32   2.8976525047903453E-014
          12          33  -2.8391055877600126E-015
          12          34  -9.1474161352079080E-016
          12          35   3.5304515315419166E-014
          12          36 -0.28765015484001266     
          12          37  -1.2985099107076792E-013
          12          38 -0.12864105999212469     
          12          39  -3.2029934260435766E-013
          12          40  -4.4990053349458492E-015
          12          41  -3.8641390863913178E-015
          12          42  -1.6882328868206287E-014
          12          43 -0.12864105999214850     
          12          44  -1.3350084926422312E-013
          12          45   2.7589042161935140E-014
          12          46 -0.32045358545473762     
          12          47  -1.2019898965043296E-013
          12          48 -0.14331120014207327     
          12          49  -2.2493118478905672E-013
          12          50   1.9063743639247122E-014
          12          51   6.5339999856697059E-015
          12          52   8.1601392309949006E-015
          12          53 -0.14331120014205745     
          12          54  -1.0837511443817505E-013
          12          55  -3.9400774309861220E-014
          13           1   6.5885287327679104E-013
          13           2  -2.1754245291297342E-012
          13           3  -4.1645765897875058E-012
          13           4   2.3963520688270919E-012
          13           5   1.7346981221527537E-013
          13           6   1.5432100042289676E-014
          13           7   2.8480119332883649     
          13           8   2.4686849786625942E-013
          13           9  -4.0967229608668276E-013
          13          10  -4.6091547921705800     
          13          11  -3.7876299319172801E-013
          13          12   1.3949952304415092E-013
          13          13   1.6818868404065419     
          13          14   1.3287634881287147E-013
          13          15  -4.8251333484294889E-015
          13          16  -3.1811934956619096E-002
          13          17  -4.1328702612974944E-015
          13          18   1.2579364900560190E-013
          13          19   4.2026445979254851E-015
          13          20   1.3292738331363216E-013
          13          21  -2.5791582252371180E-015
          13          22   3.8899991687839968E-015
          13          23   1.3034089770315155E-013
          13          24   6.8708979714879743E-014
          13          25  -3.2963699766983824E-015
          13          26   8.3577599559650862E-014
          13          27   4.8651895986502296E-015
          13          28   5.0938440748268166E-015
          13          29   6.0988811752430798E-014
          13          30  -2.5166085378598839E-013
          13          31  -1.9203889499991632E-015
          13          32  -2.7120062276305397E-013
          13          33  -6.7383409585824008E-015
          13          34  -2.8173145484748325E-015
          13          35  -2.5420682768321848E-013
          13          36   5.9723059830929515E-014
          13          37 -0.12864105999223294     
          13          38   2.1241688963336003E-014
          13          39 -0.28765015484021750     
          13          40  -1.2932797194276091E-014
          13          41  -2.9173938131285174E-015
          13          42  -1.1408083679109726E-014
          13          43   3.2553820750180762E-014
          13          44 -0.12864105999222872     
          13          45  -2.3490757949939933E-014
          13          46   4.3354209111612363E-014
          13          47 -0.14331120014216100     
          13          48   1.7125190154843040E-014
          13          49 -0.32045358545499725     
          13          50  -8.2525132560906655E-015
          13          51   5.6209686540314206E-015
          13          52  -8.4653421425495701E-015
          13          53   1.4252488078625447E-014
          13          54 -0.14331120014217077     
          13          55  -2.5906577230672134E-014
          14           1  -1.9020904214762121E-013
          14           2   7.9879517117875972E-013
          14           3   1.6765849459423620E-012
          14           4  -8.4004313582646167E-013
          14           5  -5.0313953817379038E-014
          14           6   1.2312373343092986E-013
          14           7   5.3671650457332021E-013
          14           8   2.8480119332857226     
          14           9  -3.5943470422239443E-014
          14          10  -2.3306356844443599E-013
          14          11  -4.6091547921685612     
          14          12   1.0255685189974884E-014
          14          13   1.3287634881287147E-013
          14          14   1.6818868404056453     
          14          15   1.5664552988070568E-015
          14          16  -1.4575824271514937E-014
          14          17  -3.1811934956556737E-002
          14          18  -6.8288983036556564E-014
          14          19   4.7966607532455134E-015
          14          20  -6.2471772742960958E-014
          14          21   1.3222623202749944E-015
          14          22  -8.2464017014714908E-016
          14          23  -5.7358316776213920E-014
          14          24  -6.7222061899533790E-014
          14          25  -1.9136761842425703E-015
          14          26  -5.6893293618918006E-014
          14          27   2.2741509442062370E-015
          14          28  -5.2727526905774121E-015
          14          29  -6.3001637704126047E-014
          14          30   8.0695323198459155E-014
          14          31  -4.3710526714312365E-016
          14          32   7.1916130402996334E-014
          14          33   3.6909519996164039E-015
          14          34   6.2297195662517573E-015
          14          35   8.2415393185133506E-014
          14          36  -4.1825917729276796E-014
          14          37  -6.7707666730199012E-014
          14          38  -1.9162622877377800E-014
          14          39  -1.5302906511416303E-013
          14          40 -0.12864105999194353     
          14          41  -4.1120217851064708E-015
          14          42 -0.12864105999194397     
          14          43  -2.1003164485389192E-014
          14          44  -6.3698395516564865E-014
          14          45 -0.28765015483963990     
          14          46  -2.5875135367670055E-014
          14          47  -5.9277235897603475E-014
          14          48  -1.9147877727831997E-014
          14          49  -1.3274581087130422E-013
          14          50 -0.14331120014191112     
          14          51   7.3007468184944356E-016
          14          52 -0.14331120014192752     
          14          53  -1.2784912017949068E-015
          14          54  -6.6731884774962058E-014
          14          55 -0.32045358545439601     
          15           1  -1.8508897746896734E-014
          15           2   3.3778301236831725E-014
          15           3   8.5350826377478034E-014
          15           4  -2.1354264384939264E-014
          15           5  -1.1012391183755692E-015
          15           6  -5.3868529202262129E-002
          15           7  -2.1132401384349464E-014
          15           8   2.5500435096859064E-015
          15           9   8.7179546763045873E-002
          15          10   1.0323339405537979E-014
          15          11  -4.0132827616723432E-015
          15          12  -3.1811934956585151E-002
          15          13  -4.8251333484294889E-015
          15          14   1.5664552988070568E-015
