           1           1   2.0111198346794152     
           1           2   1.8249965893941462E-002
           1           3 -0.29271320185490246     
           1           4 -0.22190635418015026     
           1           5  -1.0491096364640446E-002
           1           6  -4.0352938900935814E-013
           1           7   5.5771407329102102E-014
           1           8  -6.7549888199738844E-014
           1           9   6.6068939951420309E-014
           1          10  -9.2629874446560873E-015
           1          11   1.3963111818984731E-014
           1          12  -2.8360492202852671E-014
           1          13  -7.4563455935519762E-015
           1          14  -1.1717755860859886E-014
           1          15   5.2144768458159252E-015
           1          16  -6.6941578471868955E-015
           1          17   7.7177729383460295E-015
           1          18   5.4148665386266025E-003
           1          19   1.8998760425603573E-016
           1          20   5.4148665386366431E-003
           1          21  -2.7890563630901077E-016
           1          22   3.5614274914186010E-016
           1          23   5.4148665386376908E-003
           1          24   1.9834701895704056E-002
           1          25   1.7060944584883951E-016
           1          26   1.9834701895677983E-002
           1          27   4.5916761418268129E-017
           1          28  -1.6208828567988461E-015
           1          29   1.9834701895689675E-002
           1          30   1.2591066996150238E-002
           1          31  -5.4032469840486457E-015
           1          32   1.2591066996176729E-002
           1          33   7.6178711281942704E-015
           1          34   1.1694296515684738E-015
           1          35   1.2591066996164685E-002
           1          36   1.5007271878717967E-013
           1          37  -1.1176292537419202E-014
           1          38   7.9642751409619173E-014
           1          39  -2.1350634251190104E-014
           1          40   7.7692467779933788E-015
           1          41   1.4486017692070453E-015
           1          42   1.2727823842670159E-014
           1          43   6.4949244503100435E-014
           1          44  -1.2512238574537149E-014
           1          45   2.9345555829777045E-014
           1          46   1.2367345800965951E-013
           1          47  -3.2494102998930960E-015
           1          48   4.2937179259586067E-014
           1          49  -1.0401511771326669E-014
           1          50   1.5569760663368448E-014
           1          51   2.9565496275340803E-016
           1          52   1.6863837553703540E-014
           1          53   5.3170800859601329E-014
           1          54  -5.9383900084959726E-015
           1          55   2.5047713489384806E-014
           2           1   1.8249965893941462E-002
           2           2   6.2236749637565772E-002
           2           3  0.18610086086217359     
           2           4  0.13524399343736110     
           2           5   6.1884122819512409E-003
           2           6  -3.5625451514355158E-014
           2           7   5.3621278125206147E-016
           2           8  -2.5411527171372893E-014
           2           9  -8.4120736522554349E-015
           2          10  -3.4926421537039460E-015
           2          11  -1.6177598175739975E-014
           2          12  -1.0858368530440105E-014
           2          13  -3.0940677715326209E-015
           2          14  -1.1832367351953343E-014
           2          15  -1.7834057826572112E-015
           2          16   2.0891957797602219E-015
           2          17  -2.2477939981970934E-015
           2          18   4.8763392886100424E-004
           2          19  -2.6709717415012362E-016
           2          20   4.8763392886098152E-004
           2          21  -2.2537381197130513E-016
           2          22   4.3182469005021332E-017
           2          23   4.8763392886074332E-004
           2          24  -1.9650522303630014E-003
           2          25   4.5944033302199436E-016
           2          26  -1.9650522303647118E-003
           2          27   4.2245076001149464E-016
           2          28  -7.8622572608680158E-016
           2          29  -1.9650522303639277E-003
           2          30  -4.5509580266977056E-003
           2          31   2.4585924641689945E-016
           2          32  -4.5509580266954765E-003
           2          33  -9.8880447702103205E-016
           2          34  -1.1490765703938713E-016
           2          35  -4.5509580266955077E-003
           2          36   8.0890248000465039E-015
           2          37  -6.6697314389983969E-016
           2          38   3.7570571485869372E-015
           2          39  -3.3980175963470908E-017
           2          40   9.8381281698644563E-016
           2          41   1.1347856463142349E-016
           2          42   3.2104258770577497E-016
           2          43   3.5531228607346432E-015
           2          44  -2.1803592653399612E-016
           2          45   2.8725768025392518E-015
           2          46   5.6410374807745489E-015
           2          47   8.7705152921366172E-016
           2          48   1.9963005331961812E-015
           2          49  -1.4521825726767981E-015
           2          50  -5.0593776275522884E-017
           2          51  -6.9825491830160077E-018
           2          52   2.6017288354245214E-016
           2          53   1.2260524093860972E-015
           2          54  -1.4767023171855881E-015
           2          55  -7.4538126006881733E-016
           3           1 -0.29271320185490246     
           3           2  0.18610086086217359     
           3           3  0.61661019072359624     
           3           4  0.44969577531586191     
           3           5   2.0635296188971156E-002
           3           6  -7.1975976318481690E-015
           3           7  -1.0281053821980159E-015
           3           8  -3.2348194095864945E-014
           3           9  -8.5076496509582690E-015
           3          10  -2.6366687568029366E-015
           3          11  -2.1312138666568797E-014
           3          12  -6.6777720954889282E-015
           3          13  -3.3224010294728409E-015
           3          14  -1.1177078449282197E-014
           3          15  -4.6822216563047131E-015
           3          16   7.8799604059632310E-015
           3          17  -6.4248209277053432E-015
           3          18   5.4533970414839838E-004
           3          19  -8.4513277458034590E-016
           3          20   5.4533970414659080E-004
           3          21  -6.3706818360753088E-016
           3          22   6.9653348463143942E-017
           3          23   5.4533970414568506E-004
           3          24  -9.4099210083017602E-003
           3          25   1.3676124522673163E-015
           3          26  -9.4099210083024437E-003
           3          27   1.2767200308402849E-015
           3          28  -2.1102552712546562E-015
           3          29  -9.4099210083020829E-003
           3          30  -1.6019425387151703E-002
           3          31   1.6831890015149330E-015
           3          32  -1.6019425387149511E-002
           3          33  -4.3259224575587518E-015
           3          34  -5.5190991900998030E-016
           3          35  -1.6019425387147519E-002
           3          36  -4.7620421725395799E-016
           3          37  -2.1702051663633756E-018
           3          38  -1.9578100544640094E-015
           3          39   3.7968378776751480E-015
           3          40   2.0787087220488233E-015
           3          41   9.4269385895439084E-017
           3          42  -7.9531101211652871E-016
           3          43  -3.3890330603410488E-017
           3          44   1.5943544159671318E-015
           3          45   4.6207804633360226E-015
           3          46  -3.1642702639613396E-015
           3          47   3.3392476239623103E-015
           3          48  -8.7402158382486188E-016
           3          49  -2.3701931972377240E-015
           3          50  -2.3294165224631879E-015
           3          51  -7.2423504774507006E-017
           3          52  -1.6084398280646045E-015
           3          53  -4.9882214285061784E-015
           3          54  -3.3529103386793394E-015
           3          55  -5.4402510062891942E-015
           4           1 -0.22190635418015026     
           4           2  0.13524399343736110     
           4           3  0.44969577531586191     
           4           4  0.32800251657002033     
           4           5   1.5052517640034371E-002
           4           6   8.9600818053462122E-014
           4           7  -5.7147773951857363E-015
           4           8   4.2954054583542056E-014
           4           9   7.8330364030982597E-014
           4          10  -6.1757309219497870E-015
           4          11   4.4776284308093286E-014
           4          12   5.9023733581057286E-014
           4          13  -5.6153912686928832E-015
           4          14   3.7277986975028030E-014
           4          15   1.4619091122248286E-015
           4          16   5.5119656983449259E-015
           4          17  -1.2278882195190006E-015
           4          18   3.7217114546966260E-004
           4          19  -6.1541292710131536E-016
           4          20   3.7217114546830301E-004
           4          21  -4.6200225458604209E-016
           4          22   4.9045459229986067E-017
           4          23   3.7217114546763970E-004
           4          24  -6.9318804978310946E-003
           4          25   9.9372209462280431E-016
           4          26  -6.9318804978314753E-003
           4          27   9.2819101255147536E-016
           4          28  -1.5272194083269076E-015
           4          29  -6.9318804978312663E-003
           4          30  -1.1705470028156091E-002
           4          31   1.2482898141795429E-015
           4          32  -1.1705470028154617E-002
           4          33  -3.1799840977979434E-015
           4          34  -4.0659194367349929E-016
           4          35  -1.1705470028153114E-002
           4          36   1.6826832266794756E-015
           4          37  -1.2597373367485417E-017
           4          38  -5.7269075786326463E-016
           4          39   2.7199189350070406E-015
           4          40   2.3370850764072438E-015
           4          41   6.2023868330035095E-017
           4          42   2.2485650613563164E-016
           4          43   8.9248780521280493E-016
           4          44   1.1543641986711945E-015
           4          45   5.1520855398154078E-015
           4          46   3.9829592546444672E-016
           4          47   2.3689761744897655E-015
           4          48   6.2729157842614518E-016
           4          49  -1.8418498129269715E-015
           4          50  -7.2806279831343464E-016
           4          51  -5.3996175918316469E-017
           4          52  -2.0961939260506410E-016
           4          53  -2.4105150234514133E-015
           4          54  -2.4852594821285536E-015
           4          55  -1.7523779530831053E-015
           5           1  -1.0491096364640446E-002
           5           2   6.1884122819512409E-003
           5           3   2.0635296188971156E-002
           5           4   1.5052517640034371E-002
           5           5   6.9083296752638394E-004
           5           6   1.7214378306905601E-014
           5           7   1.0148345554804980E-014
           5           8   3.8278896050678840E-014
           5           9   1.5470285794743304E-014
           5          10   9.2190946159818325E-015
           5          11   3.5147382419619556E-014
           5          12   1.1647744243127059E-014
           5          13   6.8845633463941722E-015
           5          14   2.6587863024035339E-014
           5          15   7.5179710542405192E-016
           5          16   8.0095478480453354E-016
           5          17   1.8506971403783503E-015
           5          18   1.6143191985635290E-005
           5          19  -2.8206040508649504E-017
           5          20   1.6143191985571393E-005
           5          21  -2.1105028933018335E-017
           5          22   2.1863409653986422E-018
           5          23   1.6143191985540852E-005
           5          24  -3.2061656320331175E-004
           5          25   4.5465998941739214E-017
           5          26  -3.2061656320332493E-004
           5          27   4.2486819189395433E-017
           5          28  -6.9650363215400616E-017
           5          29  -3.2061656320331734E-004
           5          30  -5.3795314741925083E-004
           5          31   5.8039778193979975E-017
           5          32  -5.3795314741918773E-004
           5          33  -1.4684160991732732E-016
           5          34  -1.8806127911733397E-017
           5          35  -5.3795314741911682E-004
           5          36   4.3155819672906560E-016
           5          37   1.3674615997553605E-016
           5          38   1.3025935023514606E-016
           5          39   4.3098270171057670E-016
           5          40   5.7775123307873789E-016
           5          41   2.5994790532034836E-018
           5          42   4.8023214579205000E-016
           5          43   1.9976465478457633E-016
           5          44   1.9039162577895750E-016
           5          45   1.2865354045717742E-015
           5          46   4.5444390539783698E-016
           5          47   2.7207772952993844E-016
           5          48   2.2584188435203206E-016
           5          49   2.8206986395406588E-016
           5          50   5.3236441370683011E-016
           5          51  -2.5210276722580311E-018
           5          52   5.5588486003710209E-016
           5          53   8.5076592414727948E-017
           5          54   5.0289615507466277E-017
           5          55   1.1863212187138588E-015
           6           1  -4.0352938900935814E-013
           6           2  -3.5625451514355158E-014
           6           3  -7.1975976318481690E-015
           6           4   8.9600818053462122E-014
           6           5   1.7214378306905601E-014
           6           6  0.40741339038418745     
           6           7  -1.4415552085367267E-015
           6           8  -2.7325364193586665E-014
           6           9  0.37148320205897384     
           6          10  -1.5676696052402406E-014
           6          11  -1.4474532683550478E-014
           6          12  0.27923330332858437     
           6          13  -2.7339241981394480E-015
           6          14  -2.5188184871183239E-014
           6          15   2.1419792302876550E-002
           6          16  -1.2350038526565132E-014
           6          17  -6.7220534694101275E-016
           6          18  -1.7658486174159843E-015
           6          19   1.5159210715538321E-015
           6          20   4.5477506845856990E-016
           6          21  -1.3087722451298096E-015
           6          22   7.0118238030394816E-016
           6          23  -1.8772468423124456E-015
           6          24  -2.1506829772863864E-014
           6          25   2.7018228060060009E-015
           6          26  -2.2494851321129906E-014
           6          27   2.9684557375983170E-015
           6          28  -2.1372148338107005E-016
           6          29  -1.9479212182288519E-014
           6          30  -3.1974984599565881E-014
           6          31  -6.1740717391467833E-015
           6          32  -2.0243479769496692E-014
           6          33  -6.3897406016542297E-015
           6          34   9.2977803748598968E-016
           6          35  -1.8734677257297230E-014
           6          36   1.1846586686000624E-002
           6          37  -2.6744286039243059E-015
           6          38   5.2979546262476255E-003
           6          39  -3.3384753295173653E-015
           6          40   2.4997365288825790E-015
           6          41   9.9170452293242919E-016
           6          42   2.2633804552807391E-015
           6          43   5.2979546262500940E-003
           6          44  -1.9576625476941389E-015
           6          45   5.4279497563314294E-015
           6          46   1.4261940946163770E-002
           6          47  -1.5152267461571167E-015
           6          48   6.3781338893409509E-003
           6          49  -9.8610898092987842E-015
           6          50  -4.1850203857940471E-015
           6          51  -2.1612877983579703E-015
           6          52   1.3075478200175183E-015
           6          53   6.3781338893400428E-003
           6          54  -5.8015658249699342E-016
           6          55   5.3789438181350846E-015
           7           1   5.5771407329102102E-014
           7           2   5.3621278125206147E-016
           7           3  -1.0281053821980159E-015
           7           4  -5.7147773951857363E-015
           7           5   1.0148345554804980E-014
           7           6  -1.4415552085367267E-015
           7           7  0.40741339038412039     
           7           8   5.0289633568567638E-015
           7           9   2.5644417145365139E-014
           7          10  0.37148320205895863     
           7          11   1.7586626599452870E-014
           7          12  -4.0488445929298678E-014
           7          13  0.27923330332853613     
           7          14   2.7049543160906353E-014
           7          15   2.2055382693786374E-014
           7          16   2.1419792302849894E-002
           7          17  -2.3336150720143500E-014
           7          18  -2.0404854339718454E-015
           7          19  -5.1892829178499940E-016
           7          20   5.7739375349642470E-015
           7          21  -1.8946910458577579E-015
           7          22   4.7261366824471827E-015
           7          23  -2.1625529686685123E-015
           7          24   5.3110008293271777E-015
           7          25  -6.5395042724314120E-016
           7          26   7.0828881407580974E-016
           7          27   3.4745477600660056E-015
           7          28   6.4040561286922904E-015
           7          29  -2.6473845534638527E-015
           7          30  -5.8750773432016224E-015
           7          31  -7.7319757474983878E-015
           7          32   1.5757758269547726E-015
           7          33  -6.9861851746598859E-015
           7          34  -2.6758128879702809E-015
           7          35   6.9720974661040387E-015
           7          36   8.4597585013612697E-015
           7          37   5.2979546262550649E-003
           7          38   4.0602287157409656E-015
           7          39   1.1846586686021055E-002
           7          40   3.7301704693820659E-015
           7          41   3.0979668706953477E-015
           7          42   4.9474855635944781E-016
           7          43   6.8482546022874402E-015
           7          44   5.2979546262563893E-003
           7          45   9.3964549682801213E-015
           7          46   2.4887969289622003E-014
           7          47   6.3781338893520532E-003
           7          48   6.8057538771260084E-015
           7          49   1.4261940946179471E-002
           7          50  -1.2424225060217453E-014
           7          51  -1.7602020100591067E-015
           7          52   7.0687542191166797E-015
           7          53   9.2612549573711789E-016
           7          54   6.3781338893489203E-003
           7          55  -1.2016212677656846E-014
           8           1  -6.7549888199738844E-014
           8           2  -2.5411527171372893E-014
           8           3  -3.2348194095864945E-014
           8           4   4.2954054583542056E-014
           8           5   3.8278896050678840E-014
           8           6  -2.7325364193586665E-014
           8           7   5.0289633568567638E-015
           8           8  0.40741339038416380     
           8           9   1.2684298056342413E-014
           8          10   3.7643499428696714E-016
           8          11  0.37148320205896829     
           8          12  -6.8042793621714281E-014
           8          13  -3.1944932810112903E-014
           8          14  0.27923330332857643     
           8          15   1.0854164789186882E-014
           8          16  -2.5265380065864207E-014
           8          17   2.1419792302853010E-002
           8          18  -1.5379395186958052E-015
           8          19  -1.0695690430054170E-015
           8          20   4.7582329003031753E-015
           8          21  -3.0027376608072003E-015
           8          22   7.6414037296922661E-015
           8          23  -1.8857615342025533E-015
           8          24  -5.5251411126631813E-015
           8          25  -2.1531729449068557E-015
           8          26  -1.7598175639280949E-014
           8          27   7.2462553165960206E-015
           8          28   1.1331372403107276E-014
           8          29  -1.2508447508883032E-014
           8          30  -1.7329180802456055E-014
           8          31  -2.7867038055404944E-014
           8          32  -1.2664258956661977E-014
           8          33  -5.2190072632404111E-015
           8          34   3.3574461373762416E-015
           8          35  -9.7575166124719949E-015
           8          36   8.9819644777389129E-015
           8          37  -1.9177639077466724E-015
           8          38   3.0581006477126138E-015
           8          39   6.7641205137025651E-015
           8          40   5.2979546262542972E-003
           8          41   3.9773503126313321E-015
           8          42   5.2979546262514401E-003
           8          43   8.7575346280344135E-015
           8          44   6.2881015498728043E-016
           8          45   1.1846586686014411E-002
           8          46   3.5802957820685322E-014
           8          47   5.5936158482872145E-015
           8          48   9.0801931945660996E-015
           8          49  -4.0949231852605017E-015
           8          50   6.3781338893293474E-003
           8          51  -3.8989418765377667E-015
           8          52   6.3781338893483114E-003
           8          53   4.0538319229233011E-015
           8          54   9.0529526149824013E-015
           8          55   1.4261940946161544E-002
           9           1   6.6068939951420309E-014
           9           2  -8.4120736522554349E-015
           9           3  -8.5076496509582690E-015
           9           4   7.8330364030982597E-014
           9           5   1.5470285794743304E-014
           9           6  0.37148320205897384     
           9           7   2.5644417145365139E-014
           9           8   1.2684298056342413E-014
           9           9  0.33872173244450315     
           9          10   1.0267828254306721E-014
           9          11   2.1094237467877974E-014
           9          12  0.25460744318031936     
           9          13   1.5980272660698347E-014
           9          14   2.8033131371785203E-015
           9          15   1.9530759715734716E-002
           9          16  -9.8439052048648890E-015
           9          17   1.3652273755937472E-015
           9          18  -2.9933045916646298E-016
           9          19   1.3822295245426952E-015
           9          20   1.7254537914060359E-015
           9          21  -1.1933498324767101E-015
           9          22   6.3934427121162100E-016
           9          23  -4.0090431524473510E-016
           9          24  -1.6025444677030751E-014
           9          25   2.4635459802723589E-015
           9          26  -1.6926328647895780E-014
           9          27   2.7066657402990535E-015
           9          28  -1.9487491665233726E-016
           9          29  -1.4176643736769839E-014
           9          30  -2.7951048287000545E-014
           9          31  -5.6295760354386479E-015
           9          32  -1.7254158986954687E-014
           9          33  -5.8262225255148325E-015
           9          34   8.4778172142251030E-016
           9          35  -1.5878419930777555E-014
           9          36   1.0801824533756343E-002
           9          37  -2.0880378589355209E-015
           9          38   4.8307227877002444E-003
           9          39  -2.2604531094150282E-015
           9          40   2.7681849867899899E-015
           9          41   9.0424450570928225E-016
           9          42   2.5530792757688658E-015
           9          43   4.8307227877024935E-003
           9          44  -1.4344536843069466E-015
           9          45   6.0416081859582249E-015
           9          46   1.3004166321982018E-002
           9          47  -9.5970865802985639E-016
           9          48   5.8156399773321120E-003
           9          49  -8.0475448353822809E-015
           9          50  -3.2272361866203525E-015
           9          51  -1.9706812540089297E-015
           9          52   1.7811273289591867E-015
           9          53   5.8156399773312837E-003
           9          54  -1.0698364937000715E-016
           9          55   6.2211520657218244E-015
          10           1  -9.2629874446560873E-015
          10           2  -3.4926421537039460E-015
          10           3  -2.6366687568029366E-015
          10           4  -6.1757309219497870E-015
          10           5   9.2190946159818325E-015
          10           6  -1.5676696052402406E-014
          10           7  0.37148320205895863     
          10           8   3.7643499428696714E-016
          10           9   1.0267828254306721E-014
          10          10  0.33872173244453119     
          10          11   1.2203779653496838E-014
          10          12  -4.6782022700142534E-014
          10          13  0.25460744318030681     
          10          14   2.1782922687840767E-014
          10          15   1.9355177183211225E-014
          10          16   1.9530759715712828E-002
          10          17  -2.1498861718649565E-014
          10          18  -2.0466649040709454E-015
          10          19  -4.7316300830439785E-016
          10          20   5.0785928839937928E-015
          10          21  -1.7275963174254394E-015
          10          22   4.3093335042924970E-015
          10          23  -2.1579682303659547E-015
          10          24   4.3684739721696213E-015
          10          25  -5.9627575500576014E-016
          10          26   1.7168019625058319E-016
          10          27   3.1681220597207152E-015
          10          28   5.8392735484985114E-015
          10          29  -2.8880524262249263E-015
          10          30  -5.4750538491608474E-015
          10          31  -7.0500734600382771E-015
          10          32   1.3186954781349789E-015
          10          33  -6.3700695474131822E-015
          10          34  -2.4398268624507643E-015
          10          35   6.2391140070861267E-015
          10          36   7.2955964186549593E-015
          10          37   4.8307227877076239E-003
          10          38   3.5153087038497510E-015
          10          39   1.0801824533776309E-002
          10          40   3.3463629003221973E-015
          10          41   2.8247528316259061E-015
          10          42   3.9646562942363683E-016
          10          43   6.0573291174592647E-015
          10          44   4.8307227877088322E-003
          10          45   8.4453928225758368E-015
          10          46   2.2189390082305582E-014
          10          47   5.8156399773429540E-003
          10          48   5.9805676036472910E-015
          10          49   1.3004166321997943E-002
          10          50  -1.1394612467116594E-014
          10          51  -1.6049663129751966E-015
          10          52   6.3793371626874595E-015
          10          53   6.1921496576078372E-016
          10          54   5.8156399773400987E-003
          10          55  -1.1103693919184421E-014
          11           1   1.3963111818984731E-014
          11           2  -1.6177598175739975E-014
          11           3  -2.1312138666568797E-014
          11           4   4.4776284308093286E-014
          11           5   3.5147382419619556E-014
          11           6  -1.4474532683550478E-014
          11           7   1.7586626599452870E-014
          11           8  0.37148320205896829     
          11           9   2.1094237467877974E-014
          11          10   1.2203779653496838E-014
          11          11  0.33872173244451270     
          11          12  -5.4865834098194455E-014
          11          13  -2.0206059048177849E-014
          11          14  0.25460744318032302     
          11          15   1.0446504772332332E-014
          11          16  -2.2353104610350893E-014
          11          17   1.9530759715714090E-002
          11          18  -1.1543175626839650E-015
          11          19  -9.7524324711572421E-016
          11          20   4.5865860375347333E-015
          11          21  -2.7379224832094964E-015
          11          22   6.9674985201138389E-015
          11          23  -1.4714657578831093E-015
          11          24  -4.5106634292797029E-015
          11          25  -1.9632815057366414E-015
          11          26  -1.5518959055932596E-014
          11          27   6.6072010293820604E-015
          11          28   1.0332040589046582E-014
          11          29  -1.0878102673026139E-014
          11          30  -1.5801903409530094E-014
          11          31  -2.5409411097687922E-014
          11          32  -1.1548389199273988E-014
          11          33  -4.7587383082970094E-015
          11          34   3.0613533195519263E-015
          11          35  -8.8979954524580510E-015
          11          36   8.4927724575134533E-015
          11          37  -1.5794657248768829E-015
          11          38   2.9243100996279026E-015
          11          39   6.5459790365984816E-015
          11          40   4.8307227877065345E-003
          11          41   3.6265821231108417E-015
          11          42   4.8307227877039290E-003
          11          43   8.1208911123509253E-015
          11          44   7.4238033255513702E-016
          11          45   1.0801824533769381E-002
          11          46   3.3011787747838639E-014
          11          47   5.3040796581249605E-015
          11          48   8.4426823171446230E-015
          11          49  -3.2781394786185469E-015
          11          50   5.8156399773217817E-003
          11          51  -3.5550890136854068E-015
          11          52   5.8156399773390734E-003
          11          53   3.8595428936138987E-015
          11          54   8.4581864082111657E-015
          11          55   1.3004166321980547E-002
          12           1  -2.8360492202852671E-014
          12           2  -1.0858368530440105E-014
          12           3  -6.6777720954889282E-015
          12           4   5.9023733581057286E-014
          12           5   1.1647744243127059E-014
          12           6  0.27923330332858437     
          12           7  -4.0488445929298678E-014
          12           8  -6.8042793621714281E-014
          12           9  0.25460744318031936     
          12          10  -4.6782022700142534E-014
          12          11  -5.4865834098194455E-014
          12          12  0.19138113662451867     
          12          13  -2.8954269537528887E-014
          12          14  -5.1056381344949386E-014
          12          15   1.4680713787390210E-002
          12          16  -1.0541047201773068E-014
          12          17  -3.0526796368501863E-015
          12          18  -4.6210897881131896E-016
          12          19   1.0389488703904521E-015
          12          20   1.0598481513851127E-015
          12          21  -8.9698977418396210E-016
          12          22   4.8057184862219881E-016
          12          23  -5.3845743434803362E-016
          12          24  -1.2683017561295954E-014
          12          25   1.8517629541653096E-015
          12          26  -1.3360083527103502E-014
          12          27   2.0345590480866911E-015
          12          28  -1.4654188463481900E-016
          12          29  -1.1293294273134313E-014
          12          30  -2.1210571399568692E-014
          12          31  -4.2316522084107928E-015
          12          32  -1.3170113677227644E-014
          12          33  -4.3793857456460537E-015
          12          34   6.3731270378954323E-016
          12          35  -1.2136033234657935E-014
          12          36   8.1194227123266762E-003
          12          37  -2.3466878397090940E-015
          12          38   3.6311162245631920E-003
          12          39  -3.4368395716161126E-015
          12          40   1.0720591081536668E-015
          12          41   6.7967345231258186E-016
          12          42   9.1007930358433242E-016
          12          43   3.6311162245648834E-003
          12          44  -1.8555171505188484E-015
          12          45   2.2863655413374318E-015
          12          46   9.7748600803149975E-003
          12          47  -1.6570946004268450E-015
          12          48   4.3714503220259786E-003
          12          49  -8.1414367435195256E-015
          12          50  -3.6399919536855840E-015
          12          51  -1.4812894740428310E-015
          12          52   1.2446640940133591E-016
          12          53   4.3714503220253567E-003
          12          54  -1.0162769063792876E-015
          12          55   1.9606712087227862E-015
          13           1  -7.4563455935519762E-015
          13           2  -3.0940677715326209E-015
          13           3  -3.3224010294728409E-015
          13           4  -5.6153912686928832E-015
          13           5   6.8845633463941722E-015
          13           6  -2.7339241981394480E-015
          13           7  0.27923330332853613     
          13           8  -3.1944932810112903E-014
          13           9   1.5980272660698347E-014
          13          10  0.25460744318030681     
          13          11  -2.0206059048177849E-014
          13          12  -2.8954269537528887E-014
          13          13  0.19138113662448397     
          13          14  -5.7167812150815678E-015
          13          15   1.5024711075978248E-014
          13          16   1.4680713787371819E-002
          13          17  -1.7854370325948166E-014
          13          18  -1.5429852623220080E-015
          13          19  -3.5564636361169023E-016
          13          20   3.8127461009013511E-015
          13          21  -1.2985827585537525E-015
          13          22   3.2391846372939711E-015
          13          23  -1.6266848781935491E-015
          13          24   3.2949901382777497E-015
          13          25  -4.4812974203241305E-016
          13          26   1.4039854185532821E-016
          13          27   2.3813210032769057E-015
          13          28   4.3891268168477648E-015
          13          29  -2.1594941838180682E-015
          13          30  -4.0832986308862491E-015
          13          31  -5.2989347395498226E-015
          13          32   1.0231701215818203E-015
          13          33  -4.7882999841377255E-015
          13          34  -1.8338292632608451E-015
          13          35   4.7218393701699533E-015
          13          36   5.7469220354766648E-015
          13          37   3.6311162245682609E-003
          13          38   2.7599992603877244E-015
          13          39   8.1194227123406112E-003
          13          40   2.0963184530278789E-015
          13          41   2.1232415797323764E-015
          13          42  -1.2109183013947478E-016
          13          43   4.6707294065403970E-015
          13          44   3.6311162245691686E-003
          13          45   5.4110904125492798E-015
          13          46   1.6996007465991392E-014
          13          47   4.3714503220335515E-003
          13          48   4.6373224271006874E-015
          13          49   9.7748600803256782E-003
          13          50  -9.0695951183300538E-015
          13          51  -1.2063471085327153E-015
          13          52   4.2906758875027595E-015
          13          53   6.0750558229794027E-016
          13          54   4.3714503220314040E-003
          13          55  -9.4744091044818290E-015
          14           1  -1.1717755860859886E-014
          14           2  -1.1832367351953343E-014
          14           3  -1.1177078449282197E-014
          14           4   3.7277986975028030E-014
          14           5   2.6587863024035339E-014
          14           6  -2.5188184871183239E-014
          14           7   2.7049543160906353E-014
          14           8  0.27923330332857643     
          14           9   2.8033131371785203E-015
          14          10   2.1782922687840767E-014
          14          11  0.25460744318032302     
          14          12  -5.1056381344949386E-014
          14          13  -5.7167812150815678E-015
          14          14  0.19138113662451883     
          14          15   7.0989221445660888E-015
          14          16  -1.6075519821551199E-014
          14          17   1.4680713787374507E-002
          14          18  -9.2370019716776094E-016
          14          19  -7.3308147706260868E-016
          14          20   3.3914637577904339E-015
          14          21  -2.0579910350338878E-015
          14          22   5.2371907370771000E-015
          14          23  -1.1621240100596262E-015
          14          24  -3.6278969374944462E-015
          14          25  -1.4757082914402691E-015
          14          26  -1.1902308329079232E-014
          14          27   4.9664478847170605E-015
          14          28   7.7660613097897342E-015
          14          29  -8.4140335486465956E-015
          14          30  -1.2056468030632694E-014
          14          31  -1.9099341465981160E-014
          14          32  -8.8593463533255068E-015
          14          33  -3.5770226306612266E-015
          14          34   2.3012580115878703E-015
          14          35  -6.8671254810997021E-015
          14          36   5.9678824382292106E-015
          14          37  -1.0073051334019700E-015
          14          38   2.0118455512641020E-015
          14          39   5.3222400445140927E-015
          14          40   3.6311162245678714E-003
          14          41   2.7259379530100493E-015
          14          42   3.6311162245659129E-003
          14          43   5.9179007180776289E-015
          14          44   7.3794865617510252E-016
          14          45   8.1194227123363646E-003
          14          46   2.4311715834945957E-014
          14          47   4.2029639317486822E-015
          14          48   6.1218391467221522E-015
          14          49  -1.9802952680447738E-015
          14          50   4.3714503220181541E-003
          14          51  -2.6722127283243951E-015
          14          52   4.3714503220311507E-003
          14          53   2.6772204245184561E-015
          14          54   6.5740056627572319E-015
          14          55   9.7748600803137589E-003
          15           1   5.2144768458159252E-015
          15           2  -1.7834057826572112E-015
          15           3  -4.6822216563047131E-015
          15           4   1.4619091122248286E-015
          15           5   7.5179710542405192E-016
          15           6   2.1419792302876550E-002
          15           7   2.2055382693786374E-014
          15           8   1.0854164789186882E-014
          15           9   1.9530759715734716E-002
          15          10   1.9355177183211225E-014
          15          11   1.0446504772332332E-014
          15          12   1.4680713787390210E-002
          15          13   1.5024711075978248E-014
          15          14   7.0989221445660888E-015
