           1           1   2.2508673609244205     
           1           2 -0.43805321803460473     
           1           3 -0.52397554552291914     
           1           4   3.0086853054847179E-002
           1           5  -1.0668688526796626E-002
           1           6   4.2878746076846590E-014
           1           7   1.0546070748869066E-013
           1           8  -1.6444114510754880E-013
           1           9  -4.4151348180535328E-014
           1          10  -2.2136957399772135E-013
           1          11   3.2221696522718295E-013
           1          12   5.6553563046553104E-014
           1          13   1.1973646659646166E-013
           1          14  -1.1111063600422469E-013
           1          15  -2.9753919000862802E-015
           1          16  -6.5158007715996353E-015
           1          17   1.5002894990481952E-015
           1          18  0.11325678899977873     
           1          19  -2.3793993295348506E-015
           1          20  0.11325678899977841     
           1          21  -2.3430034252176670E-015
           1          22   9.4991474065198228E-015
           1          23  0.11325678899977538     
           1          24   8.7725438741463019E-002
           1          25   7.7179931216142737E-015
           1          26   8.7725438741460576E-002
           1          27   4.1112170180520400E-015
           1          28  -3.9032803704432236E-015
           1          29   8.7725438741451278E-002
           1          30   2.2412370039792073E-002
           1          31  -5.4784423479933496E-015
           1          32   2.2412370039794717E-002
           1          33  -7.3670589354819353E-015
           1          34  -3.9595927220181512E-015
           1          35   2.2412370039793291E-002
           1          36  -8.1771977704384828E-015
           1          37   1.0426190985245979E-015
           1          38   3.1973022697947460E-015
           1          39   9.6529419754263871E-016
           1          40   9.3560924049762234E-015
           1          41   3.4008350653588398E-015
           1          42   5.7207456377110070E-015
           1          43   5.5802072624092850E-016
           1          44  -9.6864977889663149E-015
           1          45   1.0488770853825180E-014
           1          46  -2.9259488397611225E-014
           1          47  -2.2343947386579455E-014
           1          48  -1.8772243372601752E-014
           1          49  -2.2123589203871252E-014
           1          50   6.4293629473208640E-016
           1          51  -8.0607242600772245E-015
           1          52  -2.5229690613037475E-015
           1          53  -1.5860164323231474E-014
           1          54  -1.4226550726385042E-014
           1          55   2.9250434723940150E-015
           2           1 -0.43805321803460473     
           2           2  0.73786383242616238     
           2           3   1.3739138141835259     
           2           4 -0.47524159479544470     
           2           5  -3.9615257676641424E-002
           2           6  -7.4145188857716068E-014
           2           7  -4.9775840425415786E-013
           2           8   7.2667556313569673E-013
           2           9   5.5236475877047625E-014
           2          10   8.7033261357434796E-013
           2          11  -1.1835259119258512E-012
           2          12  -3.8459031222516241E-014
           2          13  -3.2710195804561833E-013
           2          14   4.7633063378958757E-013
           2          15   2.7795495011607229E-015
           2          16   1.3899788689995072E-015
           2          17  -1.2900932986855870E-014
           2          18  -8.7960356553506772E-002
           2          19   3.1018061371262812E-015
           2          20  -8.7960356553502109E-002
           2          21   1.3728386098886563E-015
           2          22  -4.1580205100909221E-015
           2          23  -8.7960356553500124E-002
           2          24 -0.10896308361726677     
           2          25   1.8350741783864317E-016
           2          26 -0.10896308361727375     
           2          27  -1.4488552516563177E-015
           2          28   1.8715503226780228E-015
           2          29 -0.10896308361727669     
           2          30   2.3820427584464034E-002
           2          31  -1.3425206393338431E-015
           2          32   2.3820427584468506E-002
           2          33  -6.5678513893275901E-016
           2          34  -2.2457461968067243E-015
           2          35   2.3820427584474085E-002
           2          36   2.1082759754877641E-014
           2          37   1.8826491013409333E-014
           2          38   1.0609477181482877E-014
           2          39   5.1656645202583440E-014
           2          40  -4.0301597658615311E-014
           2          41   9.3904865387648181E-016
           2          42  -3.9480720793972366E-014
           2          43   8.9491730556577196E-015
           2          44   2.1266915973804662E-014
           2          45  -9.2235925098138779E-014
           2          46   1.9484797159693881E-014
           2          47   2.0819100390274403E-014
           2          48   6.0764710652201574E-015
           2          49   3.9675355483772690E-014
           2          50  -3.4790282464022931E-014
           2          51   9.5254868966046037E-016
           2          52  -3.2879069212362288E-014
           2          53   6.4766204326039973E-015
           2          54   1.6875070766964693E-014
           2          55  -7.6338078822423906E-014
           3           1 -0.52397554552291914     
           3           2   1.3739138141835259     
           3           3   2.6009856002912071     
           3           4 -0.92183721604134361     
           3           5  -7.8773243502179430E-002
           3           6   4.7781786505267296E-013
           3           7  -1.5303989950608828E-012
           3           8   1.6695705052804218E-012
           3           9  -8.9723906717656140E-013
           3          10   2.5969154305655090E-012
           3          11  -2.7090219218340640E-012
           3          12   3.3273946245959245E-013
           3          13  -9.9324398580659023E-013
           3          14   1.0919227206514340E-012
           3          15  -3.8137762966842615E-015
           3          16   9.9738614602886849E-015
           3          17  -2.8884113804785473E-014
           3          18 -0.15484063903007236     
           3          19   5.6967955206355566E-015
           3          20 -0.15484063903006332     
           3          21   2.3323719627666063E-015
           3          22  -6.7121939941312756E-015
           3          23 -0.15484063903005993     
           3          24 -0.19951570596988905     
           3          25   1.4884711141684429E-015
           3          26 -0.19951570596990298     
           3          27  -2.2214554089284335E-015
           3          28   3.0757539283665235E-015
           3          29 -0.19951570596991008     
           3          30   4.9709779874384519E-002
           3          31  -3.4192551327499994E-015
           3          32   4.9709779874393609E-002
           3          33  -2.3594712314747189E-015
           3          34  -4.9571040171244293E-015
           3          35   4.9709779874404281E-002
           3          36  -3.8096538904374099E-014
           3          37   6.9440217507088875E-014
           3          38  -1.3731297015596620E-014
           3          39   1.7370402273536528E-013
           3          40  -9.2880595523265693E-014
           3          41   2.3284843123477719E-015
           3          42  -9.1813346464478883E-014
           3          43  -1.7353927247071264E-014
           3          44   7.2624608168357244E-014
           3          45  -2.1334536594898262E-013
           3          46  -3.1147219087788525E-014
           3          47   6.4400260351136352E-014
           3          48  -1.9902981735041194E-014
           3          49   1.3467786500152447E-013
           3          50  -8.0767279814147542E-014
           3          51   6.7548537074571386E-016
           3          52  -7.7506185076990099E-014
           3          53  -1.8696422597465626E-014
           3          54   5.7902684766438090E-014
           3          55  -1.7754670894175179E-013
           4           1   3.0086853054847179E-002
           4           2 -0.47524159479544470     
           4           3 -0.92183721604134361     
           4           4  0.33800466623051983     
           4           5   2.9843724635354191E-002
           4           6   5.0095991604311119E-013
           4           7   1.3624163994372551E-013
           4           8  -3.4610273336638256E-013
           4           9  -7.6841560551728020E-013
           4          10  -2.6017349819501526E-013
           4          11   5.5804856601831318E-013
           4          12   3.1424119370818100E-013
           4          13   8.4980783167340533E-014
           4          14  -2.2756040490399652E-013
           4          15  -8.0907332609477697E-015
           4          16   2.8007362867832387E-015
           4          17   6.8655655314149673E-015
           4          18   4.8925515809925803E-002
           4          19  -1.9296977370502075E-015
           4          20   4.8925515809922486E-002
           4          21  -6.9075894729104297E-016
           4          22   1.7879491879620476E-015
           4          23   4.8925515809921452E-002
           4          24   6.7264062180599563E-002
           4          25  -1.1091521678833110E-015
           4          26   6.7264062180604905E-002
           4          27   5.2156194224819440E-016
           4          28  -8.5190878792761181E-016
           4          29   6.7264062180608195E-002
           4          30  -1.9970265841026465E-002
           4          31   1.6592168360647176E-015
           4          32  -1.9970265841030010E-002
           4          33   1.4051222371130358E-015
           4          34   2.1165552665212542E-015
           4          35  -1.9970265841033848E-002
           4          36  -7.1483924135999446E-014
           4          37  -1.8733058896321857E-015
           4          38  -3.3685803115428050E-014
           4          39  -1.0891359425187158E-014
           4          40   1.8985137344551467E-014
           4          41  -1.1059792948029023E-015
           4          42   1.8854994751558601E-014
           4          43  -3.2157485648737925E-014
           4          44  -2.2701624955525546E-015
           4          45   4.5296792110720923E-014
           4          46  -5.7992478064615606E-014
           4          47  -2.3354959944112764E-015
           4          48  -2.3318073563260944E-014
           4          49  -3.8003506923058162E-015
           4          50   1.7611285078375523E-014
           4          51   3.3544517354381882E-016
           4          52   1.6637490863046385E-014
           4          53  -2.3974572805216035E-014
           4          54  -5.2651633179386003E-016
           4          55   3.8144958363375895E-014
           5           1  -1.0668688526796626E-002
           5           2  -3.9615257676641424E-002
           5           3  -7.8773243502179430E-002
           5           4   2.9843724635354191E-002
           5           5   2.7139957891584511E-003
           5           6   8.2417696335692995E-014
           5           7  -1.3782084695830346E-014
           5           8  -2.7692754663571305E-014
           5           9  -1.2986189504506570E-013
           5          10   1.9139160220498166E-014
           5          11   4.4295639510873202E-014
           5          12   5.2327335543988064E-014
           5          13  -9.5376242240547827E-015
           5          14  -1.8209054664808014E-014
           5          15  -1.2460261539877169E-015
           5          16   6.4799223623198557E-016
           5          17   5.7130779468680251E-016
           5          18   3.6743526036290565E-003
           5          19  -1.5729561329762792E-016
           5          20   3.6743526036287638E-003
           5          21  -4.7467042509602644E-017
           5          22   1.0250607179274354E-016
           5          23   3.6743526036286901E-003
           5          24   5.4545342379463601E-003
           5          25  -1.4426153563854126E-016
           5          26   5.4545342379468467E-003
           5          27   2.1958402456640872E-017
           5          28  -5.2532730281959671E-017
           5          29   5.4545342379471954E-003
           5          30  -1.9066268507622211E-003
           5          31   1.7984508468080316E-016
           5          32  -1.9066268507625520E-003
           5          33   1.6847000388924233E-016
           5          34   2.1146420357270299E-016
           5          35  -1.9066268507628840E-003
           5          36  -1.1133747779808720E-014
           5          37   1.2574338703722346E-015
           5          38  -5.1723149611013056E-015
           5          39   2.2244771239747707E-015
           5          40   1.5134163467874996E-015
           5          41  -1.1839162458132301E-016
           5          42   1.5234038477134046E-015
           5          43  -5.0209244440233424E-015
           5          44   1.2857767184530676E-015
           5          45   3.6986068578564765E-015
           5          46  -8.9954005613151361E-015
           5          47   1.1138278323325501E-015
           5          48  -3.7567168880202098E-015
           5          49   2.4518931227661864E-015
           5          50   1.4628343430451303E-015
           5          51   7.7571179447322996E-017
           5          52   1.3951051047851636E-015
           5          53  -3.8322881695208089E-015
           5          54   1.2263915920371969E-015
           5          55   3.1524802836571925E-015
           6           1   4.2878746076846590E-014
           6           2  -7.4145188857716068E-014
           6           3   4.7781786505267296E-013
           6           4   5.0095991604311119E-013
           6           5   8.2417696335692995E-014
           6           6   2.7727083984745389     
           6           7  -7.5246856509466831E-002
           6           8  0.41119380828960139     
           6           9  -4.4937418787670049     
           6          10  0.12195294338451994     
           6          11 -0.66642378896268029     
           6          12   1.7976751486957894     
           6          13  -4.8786018767290058E-002
           6          14  0.26659597196244594     
           6          15  -3.9585536108050524E-002
           6          16   1.0742879262096421E-003
           6          17  -5.8705514631306119E-003
           6          18  -6.2801873421716045E-014
           6          19  -3.8214636891821292E-015
           6          20  -6.6319253392008527E-014
           6          21   2.2903750115910639E-015
           6          22  -1.5476514109166721E-015
           6          23  -6.9232310020076244E-014
           6          24  -2.5170827221903878E-013
           6          25  -2.8683865124213548E-015
           6          26  -2.4949355921573675E-013
           6          27   5.8102044647591730E-015
           6          28   1.7958684945867268E-015
           6          29  -2.3751654362572627E-013
           6          30  -1.2275959103677014E-013
           6          31   2.6997814621848327E-015
           6          32  -1.2086208871557952E-013
           6          33  -1.6210980216904004E-015
           6          34  -1.6659659237896800E-015
           6          35  -1.2198938415116436E-013
           6          36 -0.35101368430823665     
           6          37   4.2601335061466144E-003
           6          38 -0.15697809182917410     
           6          39   9.5259481129598006E-003
           6          40  -2.3279916284319163E-002
           6          41  -4.2050935528062086E-015
           6          42  -2.3279916284322411E-002
           6          43 -0.15697809182916714     
           6          44   4.2601335061516216E-003
           6          45  -5.2055475322253408E-002
           6          46 -0.29181586417152383     
           6          47   3.5416697301384947E-003
           6          48 -0.13050402184007739     
           6          49   7.9194142704240959E-003
           6          50  -1.9353800697943742E-002
           6          51   1.1778448416932944E-015
           6          52  -1.9353800697935505E-002
           6          53 -0.13050402184007737     
           6          54   3.5416697301236945E-003
           6          55  -4.3276413983583450E-002
           7           1   1.0546070748869066E-013
           7           2  -4.9775840425415786E-013
           7           3  -1.5303989950608828E-012
           7           4   1.3624163994372551E-013
           7           5  -1.3782084695830346E-014
           7           6  -7.5246856509466831E-002
           7           7   2.7920804761496520     
           7           8 -0.46751680597980538     
           7           9  0.12195294338464011     
           7          10  -4.5251382985177964     
           7          11  0.75770674305818431     
           7          12  -4.8786018767316267E-002
           7          13   1.8102349630036014     
           7          14 -0.30311277744526149     
           7          15   1.0742879261975838E-003
           7          16  -3.9862108314763708E-002
           7          17   6.6746663350658146E-003
           7          18   1.2251911216518290E-013
           7          19   1.7511535681121366E-015
           7          20   1.2328665572625635E-013
           7          21   1.0431002419132187E-015
           7          22   1.7280080220515525E-015
           7          23   1.2683630144900069E-013
           7          24   2.5131885795272179E-013
           7          25  -2.9636314457685341E-015
           7          26   2.4539217362267922E-013
           7          27   1.9566392701534624E-016
           7          28   6.9215008249259220E-016
           7          29   2.4716503183332945E-013
           7          30   5.4036176781493093E-014
           7          31  -2.9387066554388159E-016
           7          32   5.1537305843328551E-014
           7          33   9.3027618113641261E-016
           7          34   1.5865602522177695E-015
           7          35   5.4127500401642908E-014
           7          36   9.5259481129328812E-003
           7          37 -0.15807485043172584     
           7          38   4.2601335061402262E-003
           7          39 -0.35346611109845749     
           7          40   2.6468667293405815E-002
           7          41   1.4599556947977579E-015
           7          42   2.6468667293400021E-002
           7          43   4.2601335061356405E-003
           7          44 -0.15807485043171951     
           7          45   5.9185739341868257E-002
           7          46   7.9194142704217714E-003
           7          47 -0.13141581409688655     
           7          48   3.5416697301202424E-003
           7          49 -0.29385469363909850     
           7          50   2.2004774642656964E-002
           7          51  -3.6717510240622286E-015
           7          52   2.2004774642658778E-002
           7          53   3.5416697301249331E-003
           7          54 -0.13141581409688710     
           7          55   4.9204171930545736E-002
           8           1  -1.6444114510754880E-013
           8           2   7.2667556313569673E-013
           8           3   1.6695705052804218E-012
           8           4  -3.4610273336638256E-013
           8           5  -2.7692754663571305E-014
           8           6  0.41119380828960139     
           8           7 -0.46751680597980538     
           8           8   5.2613180519694254     
           8           9 -0.66642378896319721     
           8          10  0.75770674305774310     
           8          11  -8.5270435508643274     
           8          12  0.26659597196250384     
           8          13 -0.30311277744514237     
           8          14   3.4111559356953061     
           8          15  -5.8705514631049492E-003
           8          16   6.6746663350708349E-003
           8          17  -7.5115037642283194E-002
           8          18  -1.0897191081959224E-013
           8          19   5.4926184515247490E-015
           8          20  -1.1648228554606998E-013
           8          21  -5.8188015027579022E-015
           8          22  -6.7504935715186005E-015
           8          23  -1.2352349925272616E-013
           8          24  -2.0199276996280143E-013
           8          25   8.1112243344535632E-016
           8          26  -1.9238777237817489E-013
           8          27   7.0578985477111824E-015
           8          28  -8.5512346359245401E-015
           8          29  -2.0097659091810415E-013
           8          30  -2.1855330489590235E-014
           8          31   1.8884841388957777E-015
           8          32  -1.4180969791327990E-014
           8          33  -6.3765710900174772E-015
           8          34   7.3543554416691696E-015
           8          35  -1.6172525850747373E-014
           8          36  -5.2055475322158332E-002
           8          37   2.6468667293439926E-002
           8          38  -2.3279916284263756E-002
           8          39   5.9185739341940033E-002
           8          40 -0.29787180965720012     
           8          41  -8.5525400454665591E-015
           8          42 -0.29787180965719307     
           8          43  -2.3279916284282519E-002
           8          44   2.6468667293430566E-002
           8          45 -0.66606161497436345     
           8          46  -4.3276413983467495E-002
           8          47   2.2004774642674033E-002
           8          48  -1.9353800697899382E-002
           8          49   4.9204171930599110E-002
           8          50 -0.24763627013215894     
           8          51  -2.4531566640762313E-015
           8          52 -0.24763627013217554     
           8          53  -1.9353800697903992E-002
           8          54   2.2004774642684719E-002
           8          55 -0.55373153371003414     
           9           1  -4.4151348180535328E-014
           9           2   5.5236475877047625E-014
           9           3  -8.9723906717656140E-013
           9           4  -7.6841560551728020E-013
           9           5  -1.2986189504506570E-013
           9           6  -4.4937418787670049     
           9           7  0.12195294338464011     
           9           8 -0.66642378896319721     
           9           9   7.2830291436684753     
           9          10 -0.19764972372356168     
           9          11   1.0800762500366445     
           9          12  -2.9135007866522868     
           9          13   7.9067735991613153E-002
           9          14 -0.43207337799311035     
           9          15   6.4156469356841953E-002
           9          16  -1.7411036250712237E-003
           9          17   9.5144310796809219E-003
           9          18   1.0911881264984496E-013
           9          19   6.1934646382975705E-015
           9          20   1.1481944733784014E-013
           9          21  -3.7120218315529756E-015
           9          22   2.5082861085561316E-015
           9          23   1.1954065226944032E-013
           9          24   4.1738060248587098E-013
           9          25   4.6488078596546559E-015
           9          26   4.1379120643619575E-013
           9          27  -9.4166264082631263E-015
           9          28  -2.9105727336208966E-015
           9          29   3.9437999948450753E-013
           9          30   1.9661842277500527E-013
           9          31  -4.3755488412749381E-015
           9          32   1.9354313160825843E-013
           9          33   2.6273213849914787E-015
           9          34   2.7000390103950171E-015
           9          35   1.9537014475952076E-013
           9          36  0.56888957167801790     
           9          37  -6.9044189270650001E-003
           9          38  0.25441515079255822     
           9          39  -1.5438750066039628E-002
           9          40   3.7729872639559257E-002
           9          41   6.8152154091556999E-015
           9          42   3.7729872639564524E-002
           9          43  0.25441515079254684     
           9          44  -6.9044189270731290E-003
           9          45   8.4366560004482477E-002
           9          46  0.47294737897343381     
           9          47  -5.7400012189523682E-003
           9          48  0.21150849783299522     
           9          49  -1.2835032916478504E-002
           9          50   3.1366798166567650E-002
           9          51  -1.9089388176258308E-015
           9          52   3.1366798166554299E-002
           9          53  0.21150849783299513     
           9          54  -5.7400012189283830E-003
           9          55   7.0138292936958377E-002
          10           1  -2.2136957399772135E-013
          10           2   8.7033261357434796E-013
          10           3   2.5969154305655090E-012
          10           4  -2.6017349819501526E-013
          10           5   1.9139160220498166E-014
          10           6  0.12195294338451994     
          10           7  -4.5251382985177964     
          10           8  0.75770674305774310     
          10           9 -0.19764972372356168     
          10          10   7.3339134726340900     
          10          11  -1.2280189741463676     
          10          12   7.9067735991577598E-002
          10          13  -2.9338565382971740     
          10          14  0.49125634081944936     
          10          15  -1.7411036250499661E-003
          10          16   6.4604711266615295E-002
          10          17  -1.0817663932188869E-002
          10          18  -2.0653946570509823E-013
          10          19  -2.8381030365490305E-015
          10          20  -2.0778342725766047E-013
          10          21  -1.6905575946661166E-015
          10          22  -2.8005909383792662E-015
          10          23  -2.1353635520632332E-013
          10          24  -4.1685444020050355E-013
          10          25   4.8031717826535206E-015
          10          26  -4.0724903431260436E-013
          10          27  -3.1711347052609203E-016
          10          28  -1.1217709780796667E-015
          10          29  -4.1012231416803363E-013
          10          30  -8.5755952609131294E-014
          10          31   4.7627760547062077E-016
          10          32  -8.1706020423461086E-014
          10          33  -1.5077030950276459E-015
          10          34  -2.5713458553741321E-015
          10          35  -8.5903961240912774E-014
          10          36  -1.5438750065980777E-002
          10          37  0.25619267275114721     
          10          38  -6.9044189270478160E-003
          10          39  0.57286423160893385     
          10          40  -4.2897896784552893E-002
          10          41  -2.3661572383383342E-015
          10          42  -4.2897896784543491E-002
          10          43  -6.9044189270403974E-003
          10          44  0.25619267275113689     
          10          45  -9.5922613302009643E-002
          10          46  -1.2835032916462069E-002
          10          47  0.21298624394264865     
          10          48  -5.7400012189171403E-003
          10          49  0.47625171972809083     
          10          50  -3.5663244428752010E-002
          10          51   5.9508245996259426E-015
          10          52  -3.5663244428754931E-002
          10          53  -5.7400012189247323E-003
          10          54  0.21298624394264953     
          10          55  -7.9745438840881935E-002
          11           1   3.2221696522718295E-013
          11           2  -1.1835259119258512E-012
          11           3  -2.7090219218340640E-012
          11           4   5.5804856601831318E-013
          11           5   4.4295639510873202E-014
          11           6 -0.66642378896268029     
          11           7  0.75770674305818431     
          11           8  -8.5270435508643274     
          11           9   1.0800762500366445     
          11          10  -1.2280189741463676     
          11          11   13.819820622917824     
          11          12 -0.43207337799286916     
          11          13  0.49125634081954228     
          11          14  -5.5284768826274053     
          11          15   9.5144310796319541E-003
          11          16  -1.0817663932203302E-002
          11          17  0.12173930391089083     
          11          18   1.7890499758066840E-013
          11          19  -8.9019132243679636E-015
          11          20   1.9107709813482790E-013
          11          21   9.4305596692217438E-015
          11          22   1.0940557500154051E-014
          11          23   2.0248882716062318E-013
          11          24   3.2883182820315561E-013
          11          25  -1.3145900412695497E-015
          11          26   3.1326496227696432E-013
          11          27  -1.1438770228191584E-014
          11          28   1.3859027231188427E-014
          11          29   3.2718490192270240E-013
          11          30   3.6193452524345253E-014
          11          31  -3.0606753551904885E-015
          11          32   2.3755579114539163E-014
          11          33   1.0334539530338283E-014
          11          34  -1.1919239346531324E-014
          11          35   2.6983303628608467E-014
          11          36   8.4366560004262958E-002
          11          37  -4.2897896784633141E-002
          11          38   3.7729872639440207E-002
          11          39  -9.5922613302181797E-002
          11          40  0.48276227903974567     
          11          41   1.3861142914731534E-014
          11          42  0.48276227903973412     
          11          43   3.7729872639470627E-002
          11          44  -4.2897896784617980E-002
          11          45   1.0794892729055698     
          11          46   7.0138292936716071E-002
          11          47  -3.5663244428800416E-002
          11          48   3.1366798166471428E-002
          11          49  -7.9745438841014857E-002
          11          50  0.40134529776243100     
          11          51   3.9758428410994061E-015
          11          52  0.40134529776245786     
          11          53   3.1366798166478901E-002
          11          54  -3.5663244428817735E-002
          11          55  0.89743536824673165     
          12           1   5.6553563046553104E-014
          12           2  -3.8459031222516241E-014
          12           3   3.3273946245959245E-013
          12           4   3.1424119370818100E-013
          12           5   5.2327335543988064E-014
          12           6   1.7976751486957894     
          12           7  -4.8786018767316267E-002
          12           8  0.26659597196250384     
          12           9  -2.9135007866522868     
          12          10   7.9067735991577598E-002
          12          11 -0.43207337799286916     
          12          12   1.1655159778130213     
          12          13  -3.1630233309005003E-002
          12          14  0.17284650409074281     
          12          15  -2.5665134692271798E-002
          12          16   6.9651057015213862E-004
          12          17  -3.8061501455463015E-003
          12          18  -4.0806764134649633E-014
          12          19  -2.4776317298512615E-015
          12          20  -4.3087244319509240E-014
          12          21   1.4849560962834105E-015
          12          22  -1.0034140199450455E-015
          12          23  -4.4975913719400641E-014
          12          24  -1.6421491239748963E-013
          12          25  -1.8597076970195853E-015
          12          26  -1.6277901148208183E-013
          12          27   3.7670243942297257E-015
          12          28   1.1643446403596453E-015
          12          29  -1.5501375809533954E-013
          12          30  -7.8647658225129521E-014
          12          31   1.7503932415500624E-015
          12          32  -7.7417419672357778E-014
          12          33  -1.0510328561043606E-015
          12          34  -1.0801227930850387E-015
          12          35  -7.8148297463510823E-014
          12          36 -0.22757841303478871     
          12          37   2.7620416695545796E-003
          12          38 -0.10177616035146266     
          12          39   6.1761129298055096E-003
          12          40  -1.5093446895126164E-002
          12          41  -2.7263567210960416E-015
          12          42  -1.5093446895128272E-002
          12          43 -0.10177616035145812     
          12          44   2.7620416695578239E-003
          12          45  -3.3749973272292663E-002
          12          46 -0.18919772714106831     
          12          47   2.2962283600569365E-003
          12          48  -8.4611795815178997E-002
          12          49   5.1345227049379057E-003
          12          50  -1.2547964498052436E-002
          12          51   7.6365131006769349E-016
          12          52  -1.2547964498047095E-002
          12          53  -8.4611795815178983E-002
          12          54   2.2962283600473378E-003
          12          55  -2.8058101596898217E-002
          13           1   1.1973646659646166E-013
          13           2  -3.2710195804561833E-013
          13           3  -9.9324398580659023E-013
          13           4   8.4980783167340533E-014
          13           5  -9.5376242240547827E-015
          13           6  -4.8786018767290058E-002
          13           7   1.8102349630036014     
          13           8 -0.30311277744514237     
          13           9   7.9067735991613153E-002
          13          10  -2.9338565382971740     
          13          11  0.49125634081954228     
          13          12  -3.1630233309005003E-002
          13          13   1.1736590865746270     
          13          14 -0.19652203872755153     
          13          15   6.9651057014394650E-004
          13          16  -2.5844449250951383E-002
          13          17   4.3274950236308306E-003
          13          18   8.1452145878266785E-014
          13          19   1.1353538845543684E-015
          13          20   8.1949779883357760E-014
          13          21   6.7629015136146295E-016
          13          22   1.1203475560927110E-015
          13          23   8.4251179448476452E-014
          13          24   1.6415299480010074E-013
          13          25  -1.9214593943170208E-015
          13          26   1.6031045111965377E-013
          13          27   1.2685797730712541E-016
          13          28   4.4875292445054242E-016
          13          29   1.6145987712824537E-013
          13          30   3.5787984845722379E-014
          13          31  -1.9052994994695921E-016
          13          32   3.4167851193079156E-014
          13          33   6.0314109235986594E-016
          13          34   1.0286404220830229E-015
          13          35   3.5847194174234270E-014
          13          36   6.1761129297847311E-003
          13          37 -0.10248723970080070     
          13          38   2.7620416695489534E-003
          13          39 -0.22916843479730981     
          13          40   1.7160861718674113E-002
          13          41   9.4655682948043483E-016
          13          42   1.7160861718670355E-002
          13          43   2.7620416695459801E-003
          13          44 -0.10248723970079654     
          13          45   3.8372853355421087E-002
          13          46   5.1345227049336460E-003
          13          47  -8.5202952924131548E-002
          13          48   2.2962283600438701E-003
          13          49 -0.19051959462206286     
          13          50   1.4266713567679326E-002
          13          51  -2.3805660818087577E-015
          13          52   1.4266713567680502E-002
          13          53   2.2962283600469098E-003
          13          54  -8.5202952924131922E-002
          13          55   3.1901341352850249E-002
          14           1  -1.1111063600422469E-013
          14           2   4.7633063378958757E-013
          14           3   1.0919227206514340E-012
          14           4  -2.2756040490399652E-013
          14           5  -1.8209054664808014E-014
          14           6  0.26659597196244594     
          14           7 -0.30311277744526149     
          14           8   3.4111559356953061     
          14           9 -0.43207337799311035     
          14          10  0.49125634081944936     
          14          11  -5.5284768826274053     
          14          12  0.17284650409074281     
          14          13 -0.19652203872755153     
          14          14   2.2116102282152887     
          14          15  -3.8061501455288363E-003
          14          16   4.3274950236357867E-003
          14          17  -4.8700554496517952E-002
          14          18  -7.1313928705704920E-014
          14          19   3.5611186870587992E-015
          14          20  -7.6183252147942108E-014
          14          21  -3.7725982517508824E-015
          14          22  -4.3766573295715161E-015
          14          23  -8.0748396792822257E-014
          14          24  -1.3174451163624611E-013
          14          25   5.2588820445609074E-016
          14          26  -1.2551714727630722E-013
          14          27   4.5759621993482075E-015
          14          28  -5.5441610823999290E-015
          14          29  -1.3108567574269073E-013
          14          30  -1.4028108345721705E-014
          14          31   1.2243916479159644E-015
          14          32  -9.0524652103014674E-015
          14          33  -4.1342260833203582E-015
          14          34   4.7681689208414477E-015
          14          35  -1.0343683153458377E-014
          14          36  -3.3749973272223691E-002
          14          37   1.7160861718702972E-002
          14          38  -1.5093446895086961E-002
          14          39   3.8372853355482704E-002
          14          40 -0.19312407680963461     
          14          41  -5.5450074398077335E-015
          14          42 -0.19312407680963006     
          14          43  -1.5093446895099127E-002
          14          44   1.7160861718696907E-002
          14          45 -0.43183856383822444     
          14          46  -2.8058101596816949E-002
          14          47   1.4266713567695998E-002
          14          48  -1.2547964498020949E-002
          14          49   3.1901341352897392E-002
          14          50 -0.16055405212360446     
          14          51  -1.5904949735402557E-015
          14          52 -0.16055405212361523     
          14          53  -1.2547964498023936E-002
          14          54   1.4266713567702927E-002
          14          55 -0.35900977461144074     
          15           1  -2.9753919000862802E-015
          15           2   2.7795495011607229E-015
          15           3  -3.8137762966842615E-015
          15           4  -8.0907332609477697E-015
          15           5  -1.2460261539877169E-015
          15           6  -3.9585536108050524E-002
          15           7   1.0742879261975838E-003
          15           8  -5.8705514631049492E-003
          15           9   6.4156469356841953E-002
          15          10  -1.7411036250499661E-003
          15          11   9.5144310796319541E-003
          15          12  -2.5665134692271798E-002
          15          13   6.9651057014394650E-004
          15          14  -3.8061501455288363E-003
