           1           1   1.9809293075017100     
           1           2   1.7419317456022293E-002
           1           3  -4.4745238997276837E-002
           1           4  -2.3542213388997403E-002
           1           5  -3.2602036833009967E-003
           1           6  -3.3967466980698172E-011
           1           7   8.0050228860146209E-012
           1           8   3.9412490830882206E-011
           1           9   8.8981581012803671E-011
           1          10   9.1980295379666968E-011
           1          11  -7.0912387441559718E-011
           1          12  -2.1232161766140051E-011
           1          13  -5.2509122219402981E-012
           1          14   2.2049462704116827E-011
           1          15   2.1249639302078574E-012
           1          16   9.1946589800723928E-013
           1          17  -1.9466965759617415E-012
           1          18   5.3360345253059098E-003
           1          19  -9.7818103011982737E-005
           1          20   5.1210874500961009E-003
           1          21   2.1063781505183555E-004
           1          22  -7.3034473834332508E-005
           1          23   5.2279144546852844E-003
           1          24   1.5535424106407488E-002
           1          25  -1.0732794490714070E-004
           1          26   1.5299580018113101E-002
           1          27   2.3111591132829028E-004
           1          28  -8.0134861024181765E-005
           1          29   1.5416792683310827E-002
           1          30   5.0356582602359432E-003
           1          31   4.2249946211766120E-005
           1          32   5.1284989440764459E-003
           1          33  -9.0979427585232884E-005
           1          34   3.1545312401940014E-005
           1          35   5.0823578508360778E-003
           1          36   7.8571882621373097E-012
           1          37  -1.7026603725352449E-012
           1          38   4.6926225936649013E-012
           1          39  -4.6535613062471085E-012
           1          40  -4.8911989338986784E-012
           1          41  -8.6833299933443062E-013
           1          42  -4.9767846092219478E-012
           1          43   4.2644773414516471E-012
           1          44  -2.7171852740277814E-012
           1          45  -1.0514888892113367E-011
           1          46   9.3511319261828346E-012
           1          47  -4.2303154772235728E-013
           1          48   4.6199468025964191E-012
           1          49  -1.5415782216646872E-012
           1          50  -4.9643512606983019E-012
           1          51  -1.4563207160202059E-013
           1          52  -4.3614447865289206E-012
           1          53   4.3537078063312683E-012
           1          54  -8.5838790874892368E-013
           1          55  -1.0626884904664899E-011
           2           1   1.7419317456022293E-002
           2           2   1.7567880646570975E-004
           2           3   2.7178529346176738E-003
           2           4  -2.3497456746849281E-004
           2           5   3.2047144143124147E-005
           2           6  -4.9276316702093688E-012
           2           7  -8.4586326584203834E-012
           2           8   2.2851473607546096E-012
           2           9   1.7015418931454304E-010
           2          10   3.0750967281723307E-010
           2          11  -8.0109650863998396E-011
           2          12  -1.4858658326042720E-011
           2          13  -2.6867961225644269E-011
           2          14   7.4452225046081948E-012
           2          15   2.6964069387492080E-012
           2          16   4.8064251155573845E-012
           2          17  -1.1724990647102906E-012
           2          18   4.0621906160711425E-005
           2          19   8.9137746842172379E-006
           2          20   6.0209169697147236E-005
           2          21  -1.9194582017558036E-005
           2          22   6.6553413869997306E-006
           2          23   5.0474452793279547E-005
           2          24   1.0728317240605602E-004
           2          25   1.5441800218628530E-005
           2          26   1.4121522051376305E-004
           2          27  -3.3251784924903602E-005
           2          28   1.1529397694241070E-005
           2          29   1.2435125817719555E-004
           2          30   8.8326158798541205E-007
           2          31   1.0385272596834992E-006
           2          32   3.1653387352619835E-006
           2          33  -2.2363260881566137E-006
           2          34   7.7540128290312306E-007
           2          35   2.0311640797917572E-006
           2          36   1.1339752340265515E-012
           2          37   1.4268175726672047E-012
           2          38   2.2797008733745260E-012
           2          39   4.7745537159633630E-012
           2          40  -1.4316939577159783E-012
           2          41  -1.2068029474822839E-012
           2          42   1.4388131712548411E-013
           2          43   1.4415425450082239E-012
           2          44   1.2684566683852417E-012
           2          45  -9.3797842655275989E-013
           2          46   2.9832573425531272E-012
           2          47   2.9406266934668208E-012
           2          48   2.9053892994146853E-012
           2          49   7.6784323203310422E-012
           2          50  -1.6900773053476436E-012
           2          51  -1.0192689701909207E-012
           2          52  -2.4861796271253401E-013
           2          53   2.1142355843636805E-012
           2          54   2.6562246194085769E-012
           2          55  -1.8292642410554568E-012
           3           1  -4.4745238997276837E-002
           3           2   2.7178529346176738E-003
           3           3   1.9131565166208639     
           3           4   3.0817615249115023E-002
           3           5   4.2744966338529727E-002
           3           6   3.3719536862083509E-011
           3           7  -3.3737929232069377E-011
           3           8  -8.5432987649447049E-011
           3           9   1.6633894742921007E-010
           3          10   7.2135173353681156E-010
           3          11   1.2115574829007733E-010
           3          12   4.7540362886644327E-011
           3          13   3.1911105853322280E-011
           3          14   2.8620995527817531E-011
           3          15  -1.2306878871273065E-012
           3          16   1.8637449542232072E-011
           3          17   1.7806122167390778E-011
           3          18   4.0361319396237322E-003
           3          19  -2.5168378837949401E-004
           3          20   3.4830777868822588E-003
           3          21   5.4196642349916158E-004
           3          22  -1.8791605325569477E-004
           3          23   3.7579412860522200E-003
           3          24  -1.1473183951701688E-003
           3          25  -9.3115364916748072E-004
           3          26  -3.1934496987668865E-003
           3          27   2.0051105793684066E-003
           3          28  -6.9523234806044120E-004
           3          29  -2.1765386033260345E-003
           3          30  -1.3422241326985150E-002
           3          31  -3.2675274675859176E-003
           3          32  -2.0602356131544115E-002
           3          33   7.0361691433558880E-003
           3          34  -2.4396522596414126E-003
           3          35  -1.7033895463410120E-002
           3          36  -2.5195468953249593E-011
           3          37   9.9947857133813836E-013
           3          38   4.8220617865353167E-012
           3          39   2.0688884923050462E-013
           3          40   9.4067253124991558E-012
           3          41  -1.0912884018118558E-011
           3          42   2.1482540143850878E-012
           3          43  -4.6181894814506568E-012
           3          44  -9.6351114886840567E-012
           3          45   1.6137814364626132E-011
           3          46  -3.7617067152689038E-011
           3          47   2.2636577608714103E-011
           3          48  -3.1965731404007655E-012
           3          49  -5.3652696855785218E-011
           3          50   1.2294356322364645E-011
           3          51   6.2382586543277417E-012
           3          52   1.4643587176869533E-011
           3          53  -2.3408767836206448E-011
           3          54  -3.3602798840323981E-011
           3          55   4.8101172882534462E-012
           4           1  -2.3542213388997403E-002
           4           2  -2.3497456746849281E-004
           4           3   3.0817615249115023E-002
           4           4   2.2847995171542805E-003
           4           5   8.8397317943672907E-004
           4           6   2.7456062368192324E-011
           4           7   4.8518687916520903E-011
           4           8  -1.3657691273439893E-011
           4           9  -9.8233276357900573E-010
           4          10  -1.7486547495573666E-009
           4          11   4.9340795433980290E-010
           4          12   8.6059634273175926E-011
           4          13   1.5386637620880219E-010
           4          14  -4.5742717886067180E-011
           4          15  -1.5418722932269007E-011
           4          16  -2.7156087318606791E-011
           4          17   7.2032726524245865E-012
           4          18   1.7398279869069706E-004
           4          19  -1.7872417318131923E-004
           4          20  -2.1874843637995265E-004
           4          21   3.8485782343891640E-004
           4          22  -1.3344182647747498E-004
           4          23  -2.3564087911641359E-005
           4          24   3.4414466380811211E-004
           4          25  -3.7701931953813351E-004
           4          26  -4.8432336217708210E-004
           4          27   8.1185904128988986E-004
           4          28  -2.8149603798189259E-004
           4          29  -7.2581244863164659E-005
           4          30   1.6678559655718424E-004
           4          31  -1.7069780621030344E-004
           4          32  -2.0830840046667706E-004
           4          33   3.6757417246255006E-004
           4          34  -1.2744905295581987E-004
           4          35  -2.1889625600414876E-005
           4          36  -6.4727134178949521E-012
           4          37  -8.1784821464487752E-012
           4          38  -1.2960000117451688E-011
           4          39  -2.7154517484921798E-011
           4          40   8.2405880541446989E-012
           4          41   6.8676747014015782E-012
           4          42  -5.6883591281980203E-013
           4          43  -8.2276577341642237E-012
           4          44  -7.1844902708092029E-012
           4          45   5.7681134285592480E-012
           4          46  -1.7327372018656702E-011
           4          47  -1.6490457140744573E-011
           4          48  -1.6675747295131588E-011
           4          49  -4.3492122049102734E-011
           4          50   9.8378191698519580E-012
           4          51   5.8938054761991483E-012
           4          52   1.8768775765229952E-012
           4          53  -1.2131223865148420E-011
           4          54  -1.4894013782508142E-011
           4          55   1.1327051934736806E-011
           5           1  -3.2602036833009967E-003
           5           2   3.2047144143124147E-005
           5           3   4.2744966338529727E-002
           5           4   8.8397317943672907E-004
           5           5   9.7642438184397976E-004
           5           6   7.5384774219630303E-012
           5           7  -3.1594188236290313E-012
           5           8  -1.1205716189083037E-011
           5           9  -2.3748439765668361E-010
           5          10   1.0297843199028266E-010
           5          11   3.4889197019134870E-010
           5          12   2.1342248432901189E-011
           5          13  -6.8525242336603936E-012
           5          14  -3.0780245999958689E-011
           5          15  -4.1567136306251550E-012
           5          16   1.9126112042440288E-012
           5          17   5.4685681637032596E-012
           5          18   1.0307325353097143E-004
           5          19  -2.5046056127467668E-005
           5          20   4.8036659209037840E-005
           5          21   5.3933225761350708E-005
           5          22  -1.8700276246898505E-005
           5          23   7.5389413885388343E-005
           5          24   1.6780937370343250E-005
           5          25  -6.1015381540854640E-005
           5          26  -1.1729519668411461E-004
           5          27   1.3138819390772790E-004
           5          28  -4.5556252757502735E-005
           5          29  -5.0660411300006199E-005
           5          30  -2.5671274028103729E-004
           5          31  -8.6119400939756391E-005
           5          32  -4.4595283147358373E-004
           5          33   1.8544623881396827E-004
           5          34  -6.4299808453355519E-005
           5          35  -3.5190199190226925E-004
           5          36  -2.1915315813043641E-012
           5          37  -4.4087142806587929E-013
           5          38  -1.3511271698238710E-012
           5          39   1.4804137759885288E-012
           5          40   2.7882671879512224E-012
           5          41  -2.0220393697982627E-013
           5          42   2.7514606739571571E-012
           5          43  -3.8243728205369367E-012
           5          44   1.1740447614651941E-012
           5          45   4.2350506138658927E-012
           5          46  -5.0985203364264025E-012
           5          47   5.1901498800388525E-013
           5          48  -2.6180383636473923E-012
           5          49   1.3908960870171816E-012
           5          50   4.3714099965078905E-012
           5          51   1.2512534998928533E-013
           5          52   4.5157318582274753E-012
           5          53  -5.0360825031814795E-012
           5          54   1.0762234425882884E-012
           5          55   7.6972738365712444E-012
           6           1  -3.3967466980698172E-011
           6           2  -4.9276316702093688E-012
           6           3   3.3719536862083509E-011
           6           4   2.7456062368192324E-011
           6           5   7.5384774219630303E-012
           6           6   2.4763778063156073E-003
           6           7  -5.7050768491907398E-004
           6           8   1.2285096532017388E-003
           6           9  -6.2284431021924803E-002
           6          10   1.1167130685351575E-002
           6          11  -2.4046876433351287E-002
           6          12   2.3843808424245478E-003
           6          13   9.2058793458980491E-005
           6          14  -1.9823553237004920E-004
           6          15  -2.3060676367093998E-003
           6          16   6.3623691987360566E-004
           6          17  -1.3700483720270789E-003
           6          18  -1.7429093654451278E-013
           6          19  -4.9935362826194924E-013
           6          20   4.3525649033654580E-013
           6          21   7.3064953813043962E-013
           6          22   7.5060153823279289E-013
           6          23   5.9862292938773008E-013
           6          24  -1.5322380964989775E-012
           6          25  -3.0410993419127663E-012
           6          26  -5.9810988250972730E-012
           6          27   1.5398301647088475E-012
           6          28  -5.5519476350147531E-013
           6          29  -4.0975684855623147E-012
           6          30  -1.2008783584068616E-011
           6          31   4.8210300429864898E-013
           6          32  -6.9222512295171584E-012
           6          33  -1.2863190015573240E-012
           6          34   2.1104721101966728E-012
           6          35  -1.6736655034612895E-012
           6          36  -9.1462513596745698E-004
           6          37   3.9087273136750834E-006
           6          38  -5.4236754278656210E-004
           6          39   2.5644400965031417E-004
           6          40  -8.4169067984113930E-006
           6          41  -5.3107757965826569E-005
           6          42  -2.4489738115390509E-004
           6          43  -4.6468720814897536E-004
           6          44   1.0850522753924589E-004
           6          45  -5.4383427828845216E-004
           6          46  -1.5205211936996741E-003
           6          47   5.3453030743450393E-005
           6          48  -8.0307937899401483E-004
           6          49   3.5488926937065604E-004
           6          50  -1.1510372734299272E-004
           6          51  -5.3146274494120443E-005
           6          52  -3.3877090034445232E-004
           6          53  -7.2534269975950568E-004
           6          54   1.4974174029310698E-004
           6          55  -7.5203886374232345E-004
           7           1   8.0050228860146209E-012
           7           2  -8.4586326584203834E-012
           7           3  -3.3737929232069377E-011
           7           4   4.8518687916520903E-011
           7           5  -3.1594188236290313E-012
           7           6  -5.7050768491907398E-004
           7           7   1.0287960602718780E-003
           7           8  -4.2596134125684986E-004
           7           9   1.1167130688873603E-002
           7          10  -3.3949432689905669E-002
           7          11   8.3377770144426461E-003
           7          12   9.2058724004047244E-005
           7          13   2.6179661727094962E-003
           7          14   6.8734341994990537E-005
           7          15   6.3623689126340996E-004
           7          16  -6.9170756261573098E-004
           7          17   4.7503712082847899E-004
           7          18   4.5637247026131799E-014
           7          19  -5.1356892956827476E-013
           7          20   2.1074700421331851E-013
           7          21   1.3216413188652941E-012
           7          22   1.2990975068983583E-012
           7          23  -2.0608659311855879E-013
           7          24  -5.8579223862431519E-012
           7          25  -5.3936867853982225E-012
           7          26  -2.2658939525517658E-012
           7          27   3.4563066430532446E-012
           7          28  -1.9364477354343753E-013
           7          29  -5.4095287769802645E-014
           7          30  -2.6815098644066514E-011
           7          31   7.2306712186781504E-012
           7          32  -9.1192043597691115E-013
           7          33  -1.9203659943157347E-012
           7          34  -7.4735929541170661E-012
           7          35  -1.9960338536553726E-012
           7          36   2.4861136545588526E-004
           7          37  -1.2416236341742802E-004
           7          38   1.4417316395354030E-005
           7          39  -5.6825453214327738E-004
           7          40   7.7067220590581865E-005
           7          41   1.2703790928788314E-004
           7          42   1.0764482400875377E-005
           7          43   1.0850522657965031E-004
           7          44  -1.8937071579502732E-004
           7          45   1.8856374432775713E-004
           7          46   3.4352112813376549E-004
           7          47  -2.8618307598186443E-004
           7          48   6.8704987279619614E-005
           7          49  -9.0421995162820305E-004
           7          50   1.0607443191975048E-004
           7          51   1.1535468008069795E-004
           7          52   5.1297584852074546E-005
           7          53   1.4974173454566724E-004
           7          54  -3.4539444201272905E-004
           7          55   2.6075454340951371E-004
           8           1   3.9412490830882206E-011
           8           2   2.2851473607546096E-012
           8           3  -8.5432987649447049E-011
           8           4  -1.3657691273439893E-011
           8           5  -1.1205716189083037E-011
           8           6   1.2285096532017388E-003
           8           7  -4.2596134125684986E-004
           8           8   1.7482328482500541E-003
           8           9  -2.4046876140058460E-002
           8          10   8.3377774060141817E-003
           8          11  -4.8031704971357239E-002
           8          12  -1.9823552344677958E-004
           8          13   6.8734338549626683E-005
           8          14   2.5018761088403930E-003
           8          15  -1.3700483961684249E-003
           8          16   4.7503714949858917E-004
           8          17  -1.4940318872014927E-003
           8          18  -4.6535453628835875E-013
           8          19  -4.6745464530187948E-014
           8          20  -5.2228421283940495E-013
           8          21  -3.3142988955770242E-013
           8          22  -4.8416817003447305E-013
           8          23  -2.7458453466818425E-013
           8          24  -6.3648530168739479E-013
           8          25  -1.1557080671531155E-012
           8          26   6.1219830802111004E-012
           8          27  -3.4707703023775471E-013
           8          28   6.6583236281755905E-013
           8          29   6.5973780873490121E-012
           8          30   5.2760614640790903E-012
           8          31  -2.4541926208124769E-012
           8          32   9.2263325454698882E-012
           8          33   3.6230627778073496E-013
           8          34  -7.3369697731055176E-012
           8          35   3.2104025224478598E-014
           8          36  -5.3535028683640139E-004
           8          37   7.7067222855692043E-005
           8          38  -2.4489737825851956E-004
           8          39   1.9147022477077218E-004
           8          40  -2.5432673476497578E-004
           8          41  -6.5025788673836913E-005
           8          42  -3.9721541508146684E-004
           8          43  -1.9799377376638407E-005
           8          44   6.8650394740438689E-006
           8          45  -7.4536638971190849E-004
           8          46  -7.3972536414756290E-004
           8          47   1.0607443270629021E-004
           8          48  -3.3877090134653887E-004
           8          49   2.6497295897380367E-004
           8          50  -4.6533981908629363E-004
           8          51  -6.2322323240644311E-005
           8          52  -6.0228786586927544E-004
           8          53  -1.3162401490008840E-004
           8          54   4.5638014462302469E-005
           8          55  -1.2177278562236701E-003
           9           1   8.8981581012803671E-011
           9           2   1.7015418931454304E-010
           9           3   1.6633894742921007E-010
           9           4  -9.8233276357900573E-010
           9           5  -2.3748439765668361E-010
           9           6  -6.2284431021924803E-002
           9           7   1.1167130688873603E-002
           9           8  -2.4046876140058460E-002
           9           9   1.6239324943901625     
           9          10 -0.18559752499098256     
           9          11  0.39965866908935371     
           9          12  -7.2816959497720782E-002
           9          13  -8.0079561438378775E-003
           9          14   1.7244021418143823E-002
           9          15   5.5474588638169196E-002
           9          16  -1.3322395792893106E-002
           9          17   2.8687939527278473E-002
           9          18   1.4965040106288195E-012
           9          19   1.9508138745467372E-011
           9          20  -1.2130925827661323E-011
           9          21  -3.3160067720843764E-011
           9          22  -2.4550745022132512E-011
           9          23  -1.9044957161755322E-011
           9          24   3.9956917841232170E-011
           9          25   1.0216514689025749E-010
           9          26   2.0829760138182610E-010
           9          27  -6.9756396353389342E-011
           9          28   2.4016869271851383E-011
           9          29   1.3683811405230886E-010
           9          30   4.2636880750199191E-010
           9          31  -4.3791757177777629E-011
           9          32   2.3212486052216405E-010
           9          33   4.5016929775616824E-011
           9          34  -8.2975336372882541E-011
           9          35   2.8734602427958641E-011
           9          36   2.2458063565466396E-002
           9          37   8.7373918902602216E-004
           9          38   1.4283517809778153E-002
           9          39  -4.9651382374357195E-003
           9          40  -1.8814767678628922E-003
           9          41   1.1001397897530845E-003
           9          42   4.8714469854570751E-003
           9          43   1.2674351372460604E-002
           9          44  -2.4901500514294891E-003
           9          45   1.1057521548745751E-002
           9          46   3.8438081165634012E-002
           9          47   4.0991443016589330E-005
           9          48   2.1093762091506287E-002
           9          49  -6.5023932760340016E-003
           9          50  -8.8269617814632981E-005
           9          51   1.1504520590089077E-003
           9          52   6.3083702959807848E-003
           9          53   1.9411004092775061E-002
           9          54  -3.0473070150980339E-003
           9          55   1.4191017424537248E-002
          10           1   9.1980295379666968E-011
          10           2   3.0750967281723307E-010
          10           3   7.2135173353681156E-010
          10           4  -1.7486547495573666E-009
          10           5   1.0297843199028266E-010
          10           6   1.1167130685351575E-002
          10           7  -3.3949432689905669E-002
          10           8   8.3377774060141817E-003
          10           9 -0.18559752499098256     
          10          10   1.1530053173217667     
          10          11 -0.13857371539692509     
          10          12  -8.0079561216361075E-003
          10          13  -9.3135987037977902E-002
          10          14  -5.9790254712363692E-003
          10          15  -1.3322395473910105E-002
          10          16   2.1670918412354839E-002
          10          17  -9.9469753062254376E-003
          10          18   1.4854960439519949E-012
          10          19   1.6687101335373836E-011
          10          20  -1.0501185997721147E-011
          10          21  -4.2484815634354536E-011
          10          22  -4.8976804685470717E-011
          10          23   6.4668026315388060E-012
          10          24   2.2145017477499514E-010
          10          25   1.9524300381690573E-010
          10          26   8.2916745110493401E-011
          10          27  -1.1437506887881278E-010
          10          28   3.6160166983051989E-012
          10          29   6.9737393342079530E-012
          10          30   9.7684551577732889E-010
          10          31  -2.5344684728227020E-010
          10          32   4.0891291379611338E-011
          10          33   7.1907648782828261E-011
          10          34   2.7214361535927336E-010
          10          35   8.5729251623665255E-011
          10          36  -5.3069249791408658E-003
          10          37   4.1420496153277619E-003
          10          38   1.3322943103367714E-003
          10          39   1.9071184930087335E-002
          10          40  -2.0314512203468910E-003
          10          41  -4.3130907482351651E-003
          10          42   9.9473827854955994E-004
          10          43  -2.4901500186704810E-003
          10          44   6.3559520813663752E-003
          10          45  -3.8339763667729924E-003
          10          46  -6.6790054032243576E-003
          10          47   9.6733506285975653E-003
          10          48   2.7794153367228635E-004
          10          49   3.0528984918933407E-002
          10          50  -2.3642176390562082E-003
          10          51  -3.9071777898104908E-003
          10          52   2.0752112285145861E-004
          10          53  -3.0473067949609856E-003
          10          54   1.1678898497018727E-002
          10          55  -4.9204536377113403E-003
          11           1  -7.0912387441559718E-011
          11           2  -8.0109650863998396E-011
          11           3   1.2115574829007733E-010
          11           4   4.9340795433980290E-010
          11           5   3.4889197019134870E-010
          11           6  -2.4046876433351287E-002
          11           7   8.3377770144426461E-003
          11           8  -4.8031704971357239E-002
          11           9  0.39965866908935371     
          11          10 -0.13857371539692509     
          11          11   1.3870524398248714     
          11          12   1.7244020975436408E-002
          11          13  -5.9790250259471383E-003
          11          14  -8.3037590384300447E-002
          11          15   2.8687940656422377E-002
          11          16  -9.9469756163306638E-003
          11          17   3.8471078314452983E-002
          11          18   1.9600995678632405E-011
          11          19  -5.9997955128094558E-012
          11          20   8.7047888276675838E-012
          11          21   2.5851759266700789E-011
          11          22   1.2936249464112587E-011
          11          23   8.5613889512488500E-012
          11          24   5.8621567608583731E-011
          11          25   1.8818926170821850E-011
          11          26  -2.1813337568927111E-010
          11          27   3.8932567236380512E-011
          11          28  -3.3945203478472602E-011
          11          29  -2.1910951073337747E-010
          11          30  -1.4123621395857011E-010
          11          31   6.9799938410190604E-011
          11          32  -2.9038209853239654E-010
          11          33  -1.5639159340348351E-011
          11          34   2.6112022708221698E-010
          11          35   3.1687574821192314E-011
          11          36   1.1427730710830867E-002
          11          37  -2.0314512475442222E-003
          11          38   4.8714470303896137E-003
          11          39  -3.7071488141890729E-003
          11          40   7.5731136266456184E-003
          11          41   1.7398023830526256E-003
          11          42   1.1396182422537897E-002
          11          43  -2.3781641936551148E-003
          11          44   8.2458136249123040E-004
          11          45   2.0537636446918965E-002
          11          46   1.4382316275821656E-002
          11          47  -2.3642175475406114E-003
          11          48   6.3083705257238063E-003
          11          49  -4.8549180246965935E-003
          11          50   1.3666447884558921E-002
          11          51   1.6784745262571582E-003
          11          52   1.7354753951843559E-002
          11          53  -3.4492368158556101E-004
          11          54   1.1959555807001436E-004
          11          55   3.4347716519240262E-002
          12           1  -2.1232161766140051E-011
          12           2  -1.4858658326042720E-011
          12           3   4.7540362886644327E-011
          12           4   8.6059634273175926E-011
          12           5   2.1342248432901189E-011
          12           6   2.3843808424245478E-003
          12           7   9.2058724004047244E-005
          12           8  -1.9823552344677958E-004
          12           9  -7.2816959497720782E-002
          12          10  -8.0079561216361075E-003
          12          11   1.7244020975436408E-002
          12          12   5.3058010384569422E-003
          12          13   1.0902231857435752E-003
          12          14  -2.3476441855610486E-003
          12          15  -1.5883304105539029E-003
          12          16   2.9834563879158182E-005
          12          17  -6.4244628360013439E-005
          12          18  -2.0806560298435552E-013
          12          19  -1.5482850029804596E-012
          12          20   1.3483134366320144E-012
          12          21   2.7079660942124588E-012
          12          22   2.1162004846259449E-012
          12          23   1.7359679721129470E-012
          12          24  -4.9515859842600737E-012
          12          25  -7.3527348976936568E-012
          12          26  -1.8400905762377679E-011
          12          27   5.9062490997324193E-012
          12          28  -1.7698992844623761E-012
          12          29  -1.1760915490687228E-011
          12          30  -4.0212751930335891E-011
          12          31   6.3758905875429453E-012
          12          32  -2.1761470892381922E-011
          12          33  -3.7515921706707263E-012
          12          34   8.0804116059254772E-012
          12          35  -1.7209163329733967E-012
          12          36  -7.7287472391771375E-004
          12          37  -2.2013441085714237E-004
          12          38  -6.7880227066507504E-004
          12          39  -2.3712468422050307E-005
          12          40   4.7402904709923776E-004
          12          41  -4.0273095405889419E-005
          12          42   3.5693322579235169E-006
          12          43  -6.1989508687175076E-004
          12          44   4.7152083259386526E-005
          12          45  -2.7279112131106034E-005
          12          46  -1.5152725135453785E-003
          12          47  -2.5454477823118001E-004
          12          48  -9.8541849042802052E-004
          12          49  -1.1450550389631026E-004
          12          50   5.4812700866565026E-004
          12          51  -5.0637670315717724E-005
          12          52   9.6021672061111116E-005
          12          53  -9.1135111701871766E-004
          12          54  -8.4935381573676694E-006
          12          55   1.8863357483914163E-004
          13           1  -5.2509122219402981E-012
          13           2  -2.6867961225644269E-011
          13           3   3.1911105853322280E-011
          13           4   1.5386637620880219E-010
          13           5  -6.8525242336603936E-012
          13           6   9.2058793458980491E-005
          13           7   2.6179661727094962E-003
          13           8   6.8734338549626683E-005
          13           9  -8.0079561438378775E-003
          13          10  -9.3135987037977902E-002
          13          11  -5.9790250259471383E-003
          13          12   1.0902231857435752E-003
          13          13   8.0720841609781581E-003
          13          14   8.1399946571265522E-004
          13          15   2.9834498420294948E-005
          13          16  -1.5126294616146460E-003
          13          17   2.2275582480801750E-005
          13          18  -1.0077634755390257E-013
          13          19  -1.2885285290652978E-012
          13          20   1.3609020647151190E-012
          13          21   3.2986492509713478E-012
          13          22   4.5109126125062609E-012
          13          23  -3.2011806255156671E-013
          13          24  -1.9869688225498078E-011
          13          25  -1.7296191775066993E-011
          13          26  -7.0964206944855732E-012
          13          27   9.1333834158247939E-012
          13          28  -8.2705137113351935E-014
          13          29  -1.0455560868671705E-012
          13          30  -8.6604366065434888E-011
          13          31   2.1430023930869135E-011
          13          32  -4.6663300840813506E-012
          13          33  -6.3531888273763163E-012
          13          34  -2.4262991043576253E-011
          13          35  -9.3236169064229997E-012
          13          36   4.9489028424941661E-005
          13          37  -3.1528658793670823E-004
          13          38  -3.1834454760326712E-004
          13          39  -1.5203157333382399E-003
          13          40   7.2089588583678548E-005
          13          41   3.6034942364924664E-004
          13          42  -2.3768736103422917E-004
          13          43   4.7152086027685130E-005
          13          44  -5.0025336132464532E-004
          13          45   9.4584407656273248E-006
          13          46  -6.0368093086861836E-005
          13          47  -7.6523605865781621E-004
          13          48  -3.2717773953794494E-004
          13          49  -2.4513314171594491E-003
          13          50   2.0936733069317198E-005
          13          51   3.2664444103559342E-004
          13          52  -2.4428254942779982E-004
          13          53  -8.4935490722609397E-006
          13          54  -9.3290210729171403E-004
          13          55  -6.5405048925446757E-005
          14           1   2.2049462704116827E-011
          14           2   7.4452225046081948E-012
          14           3   2.8620995527817531E-011
          14           4  -4.5742717886067180E-011
          14           5  -3.0780245999958689E-011
          14           6  -1.9823553237004920E-004
          14           7   6.8734341994990537E-005
          14           8   2.5018761088403930E-003
          14           9   1.7244021418143823E-002
          14          10  -5.9790254712363692E-003
          14          11  -8.3037590384300447E-002
          14          12  -2.3476441855610486E-003
          14          13   8.1399946571265522E-004
          14          14   6.6972632552968177E-003
          14          15  -6.4244688907045427E-005
          14          16   2.2275619363726328E-005
          14          17  -1.5502523108228735E-003
          14          18  -1.8960417227925916E-012
          14          19   8.2794875795981021E-013
          14          20  -2.9223066401107151E-013
          14          21  -2.8076206415367146E-012
          14          22  -1.0461272066279433E-012
          14          23  -6.3292811280419388E-013
          14          24  -6.5601903338298286E-012
          14          25  -6.8163823584655118E-014
          14          26   1.9643534713634177E-011
          14          27  -4.3822934489211798E-012
          14          28   3.5171961836702089E-012
          14          29   1.9594292169049157E-011
          14          30   1.0146762279038759E-011
          14          31  -4.1414977824233959E-012
          14          32   2.4567482753029718E-011
          14          33   1.2619667127738013E-012
          14          34  -2.2334534192050923E-011
          14          35  -2.3635600578178404E-012
          14          36  -1.0656790159015461E-004
          14          37   7.2089572954924791E-005
          14          38   3.5693355031196294E-006
          14          39  -1.7704589828539612E-005
          14          40  -4.3704387089371969E-004
          14          41  -1.1098216235455656E-004
          14          42  -6.8091781773445454E-004
          14          43   5.8040610226896944E-004
          14          44  -2.0124432926406187E-004
          14          45  -1.1024105381217608E-003
          14          46   1.2999422015587332E-004
          14          47   2.0936701987054603E-005
          14          48   9.6021659169307822E-005
          14          49  -8.5493913508074269E-005
          14          50  -8.0059764953466575E-004
          14          51  -1.1000806327798517E-004
          14          52  -1.0423310903691725E-003
          14          53   6.2679993434833865E-004
          14          54  -2.1733048578458493E-004
          14          55  -1.9517773105690547E-003
          15           1   2.1249639302078574E-012
          15           2   2.6964069387492080E-012
          15           3  -1.2306878871273065E-012
          15           4  -1.5418722932269007E-011
          15           5  -4.1567136306251550E-012
          15           6  -2.3060676367093998E-003
          15           7   6.3623689126340996E-004
          15           8  -1.3700483961684249E-003
          15           9   5.5474588638169196E-002
          15          10  -1.3322395473910105E-002
          15          11   2.8687940656422377E-002
          15          12  -1.5883304105539029E-003
          15          13   2.9834498420294948E-005
          15          14  -6.4244688907045427E-005
