           1           1   1.9998087370655633     
           1           2  -1.8384866721230409E-003
           1           3  -3.4040113360792073E-006
           1           4  -5.3281657097430570E-003
           1           5   2.2120613778311609E-003
           1           6   4.1058464583166947E-004
           1           7   1.3997677391097175E-014
           1           8  -1.3616152246401666E-013
           1           9   1.5230135822423238E-014
           1          10  -4.8301011202183580E-014
           1          11  -9.3777978897634591E-015
           1          12  -7.1840384665059631E-014
           1          13   1.7288021498717225E-013
           1          14   7.6075152964186836E-014
           1          15   1.9543417367464953E-013
           1          16  -1.3687427167775218E-013
           1          17  -2.3105809504703135E-013
           1          18  -1.7849214005225791E-014
           1          19   9.6893329697766461E-015
           1          20   2.1884752981119125E-014
           1          21  -1.1789860040753605E-014
           1          22   5.2078932157419004E-004
           1          23   2.7803475836440510E-015
           1          24   5.2078932156991481E-004
           1          25  -4.4669035015541233E-015
           1          26   3.4075646119520951E-015
           1          27   5.2078932157655989E-004
           1          28  -2.1303408130047465E-004
           1          29  -5.7604696214389008E-015
           1          30  -2.1303408130287231E-004
           1          31   2.8736768563897603E-015
           1          32  -3.0611005759791837E-015
           1          33  -2.1303408130276185E-004
           1          34  -2.5188087940080392E-004
           1          35   3.8378447721561059E-015
           1          36  -2.5188087939858857E-004
           1          37   1.1419240699903318E-015
           1          38   1.9320682934596424E-015
           1          39  -2.5188087939781066E-004
           1          40  -4.4018566394627527E-014
           1          41   3.4153714071122696E-015
           1          42  -1.8170370138140878E-014
           1          43  -4.0572075290000060E-015
           1          44  -2.9986632896370183E-014
           1          45  -2.9203536296280542E-016
           1          46  -2.8635593113259376E-014
           1          47  -2.2970539123443636E-014
           1          48  -6.3915746104698304E-015
           1          49  -6.4682696206117089E-014
           1          50   2.5478559680779486E-014
           1          51   3.8790530848237100E-014
           1          52   1.0421228652137888E-014
           1          53   9.9517276378893755E-014
           1          54  -1.6661380412483335E-014
           1          55  -7.7356828216967966E-016
           1          56  -1.4199034971567720E-014
           1          57   1.7381588181912015E-014
           1          58   4.5302733000992482E-014
           1          59  -3.8857377673154306E-014
           2           1  -1.8384866721230409E-003
           2           2   1.9840747720698637     
           2           3   1.5612210942610626E-002
           2           4  -4.4887356887330518E-002
           2           5  -3.2541140332751808E-002
           2           6  -7.1183315037991121E-003
           2           7  -5.6356719316212923E-013
           2           8  -1.5017145915263724E-012
           2           9  -3.5070049562849495E-013
           2          10   3.8163181435674850E-013
           2          11  -1.2856933969876373E-013
           2          12   2.2623299104836738E-014
           2          13  -1.0584208321098156E-012
           2          14   3.2264027275105276E-013
           2          15  -7.5318523518035006E-014
           2          16   2.4206048401294027E-013
           2          17  -1.4044557814296724E-013
           2          18   2.9692390689174853E-014
           2          19   1.2539968912753835E-014
           2          20  -6.5949187845274868E-016
           2          21  -4.4474214936084538E-015
           2          22   5.9355652618720677E-003
           2          23   5.7954113702301105E-016
           2          24   5.9355652618655989E-003
           2          25  -1.8984527605965767E-015
           2          26   7.3534952113223914E-016
           2          27   5.9355652618714727E-003
           2          28   1.5335442007166314E-002
           2          29   4.5847218870714546E-016
           2          30   1.5335442007175995E-002
           2          31  -3.6029916759163005E-017
           2          32  -2.4336363248306640E-015
           2          33   1.5335442007168828E-002
           2          34   4.4510131530307558E-003
           2          35  -5.4384028694180787E-016
           2          36   4.4510131530248759E-003
           2          37   1.5840237837174066E-016
           2          38  -8.9775720416521411E-016
           2          39   4.4510131530252454E-003
           2          40   3.2331165120958651E-013
           2          41  -4.8436027265579063E-014
           2          42   1.4426051034297158E-013
           2          43  -1.0652346470694070E-013
           2          44   8.9883943127299716E-015
           2          45   1.3436878908256107E-015
           2          46   8.3949956461419457E-015
           2          47   1.4910752513446001E-013
           2          48  -5.3736498362697007E-014
           2          49   1.8373012263266564E-014
           2          50   1.4151743213523983E-013
           2          51  -1.1857995835975586E-014
           2          52   6.2861578650273749E-014
           2          53  -2.3268452888726991E-014
           2          54  -1.4583339833106893E-015
           2          55  -1.2845167663736161E-015
           2          56   3.1390673214612753E-015
           2          57   5.9505377898731278E-014
           2          58  -1.7009932154713005E-016
           2          59   5.5297424329573356E-015
           3           1  -3.4040113360792073E-006
           3           2   1.5612210942610626E-002
           3           3   2.5452463321010816E-003
           3           4   4.5718048897802434E-002
           3           5  -4.3710659056716335E-003
           3           6  -3.8563593984244140E-004
           3           7   4.6869442629443338E-013
           3           8   2.2849391205761364E-012
           3           9   5.1206899813442568E-013
           3          10   4.0052184626929308E-015
           3          11   1.5122710416633360E-014
           3          12  -1.5790301824532106E-015
           3          13  -3.4893885070245581E-014
           3          14  -1.4699695879397180E-013
           3          15   1.6289236647327392E-013
           3          16   1.5913055487867018E-015
           3          17  -5.6667711776576260E-016
           3          18  -3.5559590832376770E-014
           3          19  -9.6719750327196890E-016
           3          20  -2.5054366860069787E-015
           3          21   5.3681883901114271E-015
           3          22   4.6403731767699733E-004
           3          23   2.5360969413176004E-017
           3          24   4.6403731767704644E-004
           3          25  -4.4000124557188901E-017
           3          26  -1.5941236823609061E-018
           3          27   4.6403731767729911E-004
           3          28   1.7593687234624294E-003
           3          29   7.5364383409367105E-017
           3          30   1.7593687234628912E-003
           3          31  -1.2843695862574610E-016
           3          32   1.5544668036828834E-016
           3          33   1.7593687234620525E-003
           3          34   8.6005705670916689E-004
           3          35   6.0206919558317330E-017
           3          36   8.6005705670912905E-004
           3          37  -4.5109620256612639E-017
           3          38   1.6230872415729629E-017
           3          39   8.6005705670908199E-004
           3          40   2.1022781217066196E-015
           3          41   2.8444539113296696E-015
           3          42   1.0118386006393585E-015
           3          43   6.1058914698609381E-015
           3          44  -2.1969095144588408E-016
           3          45   2.0516443279157125E-017
           3          46  -2.0615033503450512E-016
           3          47   1.0089291646327996E-015
           3          48   2.6836611488452123E-015
           3          49  -4.8940933070848103E-016
           3          50   1.5597337218771982E-015
           3          51   4.2115851924890790E-015
           3          52   8.4845404736815262E-016
           3          53   9.3626660496578003E-015
           3          54   6.2838057516861545E-015
           3          55   2.4294370103527152E-017
           3          56   6.2932528481568357E-015
           3          57   6.8138604833274478E-016
           3          58   4.2067209941014208E-015
           3          59   1.3912744454551578E-014
           4           1  -5.3281657097430570E-003
           4           2  -4.4887356887330518E-002
           4           3   4.5718048897802434E-002
           4           4   1.8687786872103918     
           4           5 -0.12089521408005877     
           4           6   3.7019689983661515E-002
           4           7  -7.0137635568046293E-013
           4           8  -4.4576557561561388E-012
           4           9  -9.4069489661808530E-013
           4          10  -7.4281456391490037E-014
           4          11   4.2238227237265709E-014
           4          12   1.8474324326897188E-014
           4          13   2.1901953094181556E-013
           4          14  -2.2299710601888655E-013
           4          15  -1.4888223905596482E-013
           4          16   8.3407735036806993E-014
           4          17  -4.0591711831073188E-014
           4          18   3.3052355094965626E-014
           4          19  -1.9916060494970593E-014
           4          20   2.0906760941804862E-014
           4          21   1.8429306630882073E-014
           4          22   1.8594195464796660E-002
           4          23  -5.3777008295983740E-015
           4          24   1.8594195464785659E-002
           4          25  -1.5269554868461427E-015
           4          26   2.8305347521487701E-015
           4          27   1.8594195464799516E-002
           4          28   4.4900773547433673E-002
           4          29  -2.2122824624781916E-016
           4          30   4.4900773547444643E-002
           4          31   6.6218544515197485E-015
           4          32   5.5927689325317258E-015
           4          33   4.4900773547434797E-002
           4          34   4.1146467918672623E-004
           4          35  -9.6035714883610240E-016
           4          36   4.1146467921982476E-004
           4          37   1.5721141599120720E-015
           4          38  -1.1129270029139472E-014
           4          39   4.1146467918246749E-004
           4          40  -8.6503998863096904E-014
           4          41   1.5729477762829630E-014
           4          42  -2.8445420592497831E-014
           4          43   4.3170117082102376E-014
           4          44   3.8065939493108908E-015
           4          45   4.5070568288689858E-015
           4          46   1.5076949065459600E-014
           4          47  -3.0991674829312194E-014
           4          48   1.8620033977495216E-014
           4          49   1.0059686164454655E-014
           4          50  -9.5684185371168143E-014
           4          51   2.7343547158073231E-014
           4          52  -3.9187071152211657E-014
           4          53   2.8292413506827849E-014
           4          54  -1.0796887476612787E-015
           4          55  -1.3953200636730663E-014
           4          56  -1.7759222230401954E-014
           4          57  -4.0311203404524412E-014
           4          58   2.7957602240934473E-014
           4          59  -8.6025546621248537E-015
           5           1   2.2120613778311609E-003
           5           2  -3.2541140332751808E-002
           5           3  -4.3710659056716335E-003
           5           4 -0.12089521408005877     
           5           5   9.5199914611986194E-003
           5           6  -1.1833732816063469E-003
           5           7  -7.2892505456794931E-013
           5           8  -2.9944301374775363E-012
           5           9  -6.8297599091302687E-013
           5          10  -5.0604494953983642E-015
           5          11  -1.9110607904761988E-014
           5          12   3.8179583698820555E-015
           5          13   1.0473811325376607E-013
           5          14  -2.2087107802285179E-013
           5          15  -3.9884912333764203E-013
           5          16  -1.6791593313355248E-014
           5          17   8.0607977790926611E-014
           5          18   7.9967233008191366E-014
           5          19   3.8931621143576179E-015
           5          20  -1.1528089178507997E-014
           5          21  -1.3979733168617226E-014
           5          22  -1.3090160249722652E-003
           5          23   2.3672434424823719E-016
           5          24  -1.3090160249717925E-003
           5          25   1.0145719404106671E-016
           5          26  -1.4570095324045503E-016
           5          27  -1.3090160249726213E-003
           5          28  -3.6899897350756816E-003
           5          29  -1.0998325625558879E-016
           5          30  -3.6899897350766392E-003
           5          31  -1.6960197974795660E-016
           5          32  -3.6065298802016937E-016
           5          33  -3.6899897350754895E-003
           5          34  -8.2534529079870815E-004
           5          35   1.3548923501068620E-017
           5          36  -8.2534529080011642E-004
           5          37  -3.4073131488998484E-017
           5          38   4.6622027569396800E-016
           5          39  -8.2534529079840251E-004
           5          40  -8.1285134817448351E-016
           5          41  -4.9456252447092148E-015
           5          42  -8.7016628940296795E-016
           5          43  -1.1205274607474712E-014
           5          44   3.3277027390308401E-016
           5          45  -2.0649802355467919E-016
           5          46  -1.5976272174399038E-016
           5          47  -8.2584268378404402E-016
           5          48  -4.9350854502333233E-015
           5          49   6.7963927260464464E-016
           5          50   4.5861199135219410E-015
           5          51  -2.0510078016245269E-014
           5          52   1.7719278420534814E-015
           5          53  -4.4413490808437145E-014
           5          54  -1.3919484198827012E-014
           5          55   5.8917801483843429E-016
           5          56  -1.3224669016129512E-014
           5          57   2.0146200398711234E-015
           5          58  -2.0613330433838024E-014
           5          59  -3.0741269192200522E-014
           6           1   4.1058464583166947E-004
           6           2  -7.1183315037991121E-003
           6           3  -3.8563593984244140E-004
           6           4   3.7019689983661515E-002
           6           5  -1.1833732816063469E-003
           6           6   1.9532411151122128E-003
           6           7  -3.5794494067617863E-013
           6           8  -2.6516360077721126E-012
           6           9  -5.3615621463244945E-013
           6          10  -5.9922536219162761E-015
           6          11  -1.9559938368265883E-014
           6          12   1.3985341196640606E-014
           6          13   1.1639911064230134E-013
           6          14   2.1128707758787931E-012
           6          15  -6.4447207872768546E-013
           6          16  -1.2348626083111377E-014
           6          17  -3.5475137184685098E-013
           6          18   1.2306970915534912E-013
           6          19   2.7106881003739933E-015
           6          20   6.8992341979455285E-014
           6          21  -1.9225554622306506E-014
           6          22   3.8321881189016496E-004
           6          23  -2.4745385924744376E-016
           6          24   3.8321881188959728E-004
           6          25  -3.9984863463748586E-017
           6          26   1.2444395878069151E-016
           6          27   3.8321881189000185E-004
           6          28   3.2422075930535000E-004
           6          29  -9.3381068354573493E-017
           6          30   3.2422075930543711E-004
           6          31   4.1395266918397276E-016
           6          32   7.9357771154180422E-017
           6          33   3.2422075930575879E-004
           6          34  -7.9236981127009853E-004
           6          35  -9.7476104707287683E-017
           6          36  -7.9236981126866641E-004
           6          37   1.1197602560594371E-016
           6          38  -5.0827290337293045E-016
           6          39  -7.9236981127023254E-004
           6          40  -4.3103298264929934E-015
           6          41   3.3795962976602399E-015
           6          42  -1.5528274955117081E-015
           6          43   8.1585562321423518E-015
           6          44   2.4911051672635035E-015
           6          45   1.8891381241287569E-016
           6          46   2.9669654122894923E-015
           6          47  -1.6418117745683783E-015
           6          48   3.6177696102753342E-015
           6          49   5.6238701137863434E-015
           6          50   1.0658613716164542E-015
           6          51   6.0743286880796551E-014
           6          52   4.8715891791033981E-016
           6          53   1.3446661314357059E-013
           6          54  -1.9205123693039014E-014
           6          55  -6.4035325772238575E-016
           6          56  -1.9910855584631479E-014
           6          57   5.8645080715100315E-016
           6          58   6.0844605455521766E-014
           6          59  -4.3013581205538286E-014
           7           1   1.3997677391097175E-014
           7           2  -5.6356719316212923E-013
           7           3   4.6869442629443338E-013
           7           4  -7.0137635568046293E-013
           7           5  -7.2892505456794931E-013
           7           6  -3.5794494067617863E-013
           7           7   2.0448659360927937     
           7           8  -1.5445628852523222E-012
           7           9  -2.3321441400091366E-013
           7          10  -2.9031332604401338E-002
           7          11  -2.0625049824767809E-013
           7          12  -1.7424979170612036E-013
           7          13  0.11047696852296736     
           7          14   6.2751729810670030E-013
           7          15   5.4408208624220850E-013
           7          16  -4.5721635032235447E-002
           7          17   4.3110136229047797E-013
           7          18  -3.0671540069034114E-013
           7          19   8.7711645009069556E-004
           7          20  -4.3942703886442033E-014
           7          21   3.5939015028935939E-016
           7          22   2.2022567170126331E-013
           7          23  -1.3338874574709227E-015
           7          24   2.0438226967228415E-013
           7          25   2.2454039496867471E-015
           7          26  -6.1200439131400569E-016
           7          27   2.0010707530860995E-013
           7          28   4.2141979380129446E-013
           7          29   2.4381433190817296E-015
           7          30   4.2960466460401191E-013
           7          31   6.0482946175690110E-015
           7          32   1.0423014851177704E-014
           7          33   4.2274391053015980E-013
           7          34   1.7801784002656888E-013
           7          35   1.5351728842718762E-014
           7          36   1.8626327509519931E-013
           7          37   7.6715978998143020E-015
           7          38  -1.3971185763248990E-014
           7          39   1.7903293504344647E-013
           7          40  -2.4335746953902240E-002
           7          41  -9.1892670777279543E-014
           7          42  -1.0883276894361233E-002
           7          43  -2.0310972781958827E-013
           7          44  -7.3113828310967753E-014
           7          45   5.3341224909109209E-015
           7          46  -4.6982213960907485E-014
           7          47  -1.0883276894379406E-002
           7          48  -8.6797377434993635E-014
           7          49  -1.7675780088816139E-013
           7          50   2.1691522488959183E-003
           7          51  -1.8260075051947263E-013
           7          52   9.7007437657016136E-004
           7          53  -3.4048685840725402E-013
           7          54   3.3115302797289684E-014
           7          55   1.2967924263151146E-014
           7          56  -1.4733250426959800E-014
           7          57   9.7007437658130132E-004
           7          58  -1.5752657458892395E-013
           7          59   3.8606013459847902E-014
           8           1  -1.3616152246401666E-013
           8           2  -1.5017145915263724E-012
           8           3   2.2849391205761364E-012
           8           4  -4.4576557561561388E-012
           8           5  -2.9944301374775363E-012
           8           6  -2.6516360077721126E-012
           8           7  -1.5445628852523222E-012
           8           8   2.0448659360930312     
           8           9   1.8566149052184899E-012
           8          10   2.1278766136536165E-012
           8          11  -2.9031332604770681E-002
           8          12  -1.3509600881554673E-012
           8          13  -6.0722065938802194E-012
           8          14  0.11047696852421807     
           8          15   4.2788164504592441E-012
           8          16   3.5709018749753574E-012
           8          17  -4.5721635029358547E-002
           8          18  -2.7487458923586283E-012
           8          19  -2.4498996513649778E-013
           8          20   8.7711644984846853E-004
           8          21   2.8389888096641558E-014
           8          22   1.2383486231297934E-012
           8          23   4.2783393644874229E-014
           8          24   1.2378121207288694E-012
           8          25   1.3281586771402678E-013
           8          26   2.8599226520075812E-016
           8          27   1.2510590642511945E-012
           8          28   2.2241349078768598E-012
           8          29   4.4978058066232040E-015
           8          30   2.1487398091263845E-012
           8          31  -1.4729597797654207E-013
           8          32   8.6669256711519158E-014
           8          33   2.0950892628231688E-012
           8          34   1.0865436172798886E-012
           8          35   9.1575666989359532E-014
           8          36   1.2477124963912539E-012
           8          37   1.5214517286191695E-013
           8          38  -3.1321923399017079E-014
           8          39   1.1636774325896017E-012
           8          40   1.6301238351416815E-012
           8          41  -1.0883276894655784E-002
           8          42   6.6127958849190421E-013
           8          43  -2.4335746954476281E-002
           8          44  -4.9602054573633959E-013
           8          45   4.2717801680503998E-015
           8          46  -3.9174266180117337E-013
           8          47   5.9922692261707552E-013
           8          48  -1.0883276894566099E-002
           8          49  -1.3037780558400498E-012
           8          50  -3.7260554139177150E-013
           8          51   9.7007437569000387E-004
           8          52  -1.1140324706021380E-014
           8          53   2.1691522473270735E-003
           8          54   3.5239600950850991E-013
           8          55   1.2407037528962614E-013
           8          56  -2.0936269211346836E-014
           8          57   6.4870329973595181E-014
           8          58   9.7007437577092178E-004
           8          59   4.4243309103159101E-013
           9           1   1.5230135822423238E-014
           9           2  -3.5070049562849495E-013
           9           3   5.1206899813442568E-013
           9           4  -9.4069489661808530E-013
           9           5  -6.8297599091302687E-013
           9           6  -5.3615621463244945E-013
           9           7  -2.3321441400091366E-013
           9           8   1.8566149052184899E-012
           9           9   2.0448659360928358     
           9          10   4.6847948460273462E-013
           9          11  -1.0235639104957256E-012
           9          12  -2.9031332604370470E-002
           9          13  -1.3817760954534797E-012
           9          14   2.8131264678821211E-012
           9          15  0.11047696852257535     
           9          16   1.0097326281848472E-012
           9          17  -1.6904880273393983E-013
           9          18  -4.5721635032655618E-002
           9          19  -7.4776900369963838E-014
           9          20  -7.6724596728000583E-014
           9          21   8.7711645012375885E-004
           9          22   2.5364077868738100E-013
           9          23   9.0691634761564206E-015
           9          24   2.5169860203737299E-013
           9          25   2.2586079024576303E-014
           9          26   4.5106432505195111E-015
           9          27   2.5668289277611138E-013
           9          28   4.7834163471618372E-013
           9          29   3.7840490329301171E-015
           9          30   4.6879573689194000E-013
           9          31  -2.8786325506351370E-014
           9          32   1.1657962291255215E-014
           9          33   4.5890313220571943E-013
           9          34   2.2618957298512800E-013
           9          35   1.7656675462404599E-014
           9          36   2.5582482572279982E-013
           9          37   2.6312315987440277E-014
           9          38  -2.1320568231816984E-015
           9          39   2.3780889551133696E-013
           9          40   3.5183909328662409E-013
           9          41  -4.1332483768051487E-013
           9          42   1.5209451100532602E-013
           9          43  -9.1707440659461945E-013
           9          44  -1.0883276894344665E-002
           9          45   4.7724398952104428E-015
           9          46  -1.0883276894312090E-002
           9          47   1.3186751626730736E-013
           9          48  -4.0117625069386112E-013
           9          49  -2.4335746953893983E-002
           9          50  -1.7619353919655703E-013
           9          51  -3.0725573994805355E-013
           9          52  -5.6770542687125097E-014
           9          53  -6.0104807415861661E-013
           9          54   9.7007437669673719E-004
           9          55   1.9165211461567109E-014
           9          56   9.7007437662109111E-004
           9          57  -3.3361830042522103E-014
           9          58  -2.8386017494885785E-013
           9          59   2.1691522491384223E-003
          10           1  -4.8301011202183580E-014
          10           2   3.8163181435674850E-013
          10           3   4.0052184626929308E-015
          10           4  -7.4281456391490037E-014
          10           5  -5.0604494953983642E-015
          10           6  -5.9922536219162761E-015
          10           7  -2.9031332604401338E-002
          10           8   2.1278766136536165E-012
          10           9   4.6847948460273462E-013
          10          10   1.7992417415392892E-003
          10          11  -6.5676478334563086E-016
          10          12  -6.4088304263944019E-015
          10          13  -2.3265531923048744E-002
          10          14  -2.1330390253572493E-013
          10          15   7.0818232598665390E-014
          10          16   4.6665550817154098E-003
          10          17   1.4566998188205336E-014
          10          18  -1.6238801515760393E-014
          10          19  -5.8431784254671295E-004
          10          20  -6.7771165402124109E-015
          10          21   1.1694944727466437E-015
          10          22   1.2690262840178036E-015
          10          23   7.7914109055846875E-017
          10          24   7.0904924644495917E-016
          10          25  -4.9216623290278432E-017
          10          26   1.0567650060717259E-016
          10          27   1.2565941425598574E-015
          10          28   2.9906760484884193E-015
          10          29   2.8090545114119073E-016
          10          30   3.6974573355341626E-015
          10          31   1.3629768850657314E-016
          10          32   1.3207367041228896E-016
          10          33   3.2259675100151937E-015
          10          34   2.5371871426270364E-015
          10          35   2.0025913540630506E-016
          10          36   1.9974638614344529E-015
          10          37  -1.1840506437901746E-016
          10          38   7.6077791944629793E-017
          10          39   2.2320627798758732E-015
          10          40   1.2078627088990105E-003
          10          41  -2.4962651231669885E-015
          10          42   5.4017262488762017E-004
          10          43  -5.4535549270522180E-015
          10          44  -2.4295370851921320E-015
          10          45   1.4884050697279127E-016
          10          46  -2.1666742272367257E-015
          10          47   5.4017262488712013E-004
          10          48  -2.2806311282845201E-015
          10          49  -5.7276000492795643E-015
          10          50  -8.7337463937243033E-004
          10          51  -2.9824910987090550E-015
          10          52  -3.9058501279966545E-004
          10          53  -5.7921569829921127E-015
          10          54   1.6356553494988334E-015
          10          55   6.1647458277427417E-017
          10          56   1.0584710056137756E-015
          10          57  -3.9058501279974828E-004
          10          58  -2.9492077860795988E-015
          10          59   3.1330689927752162E-015
          11           1  -9.3777978897634591E-015
          11           2  -1.2856933969876373E-013
          11           3   1.5122710416633360E-014
          11           4   4.2238227237265709E-014
          11           5  -1.9110607904761988E-014
          11           6  -1.9559938368265883E-014
          11           7  -2.0625049824767809E-013
          11           8  -2.9031332604770681E-002
          11           9  -1.0235639104957256E-012
          11          10  -6.5676478334563086E-016
          11          11   1.7992417415261029E-003
          11          12   1.1562792552859836E-014
          11          13   6.1705604818482726E-014
          11          14  -2.3265531923817105E-002
          11          15  -5.6353373031371906E-014
          11          16  -2.5171030759935517E-014
          11          17   4.6665550818603147E-003
          11          18   6.2546054625670423E-014
          11          19   4.9263605618895890E-016
          11          20  -5.8431784257121310E-004
          11          21  -4.7058912264885839E-015
          11          22   1.6899050828097616E-015
          11          23  -3.3760969447970909E-016
          11          24  -3.5683783057581302E-015
          11          25  -3.4347523484678566E-015
          11          26   8.9500470601689800E-016
          11          27  -1.9078556778807624E-015
          11          28   4.3558216877475745E-015
          11          29   2.7457445851477460E-015
          11          30   1.2834480098924822E-014
          11          31   7.7810313707676988E-015
          11          32  -1.0135441714436771E-015
          11          33   1.0338214085937611E-014
          11          34   1.0570597323086181E-014
          11          35   6.7814468534316017E-016
          11          36   4.0300209266304696E-015
          11          37  -3.9950370756911684E-015
          11          38  -1.1115033425287646E-015
          11          39   4.6169985309638990E-015
          11          40  -1.2060038162348872E-015
          11          41   5.4017262488102139E-004
          11          42   5.0489408936155122E-015
          11          43   1.2078627088870219E-003
          11          44   9.6067596965562711E-016
          11          45   2.5722668262386801E-015
          11          46   5.7952367947880596E-015
          11          47  -4.1189941675600709E-017
          11          48   5.4017262488131814E-004
          11          49   5.1891813328958250E-015
          11          50   1.5273322022260884E-014
          11          51  -3.9058501283376464E-004
          11          52   3.6583878152340332E-015
          11          53  -8.7337463944214540E-004
          11          54  -8.5989412611881892E-015
          11          55  -2.0555877670065193E-015
          11          56  -8.4187112847373169E-015
          11          57   4.2308211513179485E-015
          11          58  -3.9058501283088191E-004
          11          59  -2.1567163067384356E-014
          12           1  -7.1840384665059631E-014
          12           2   2.2623299104836738E-014
          12           3  -1.5790301824532106E-015
          12           4   1.8474324326897188E-014
          12           5   3.8179583698820555E-015
          12           6   1.3985341196640606E-014
          12           7  -1.7424979170612036E-013
          12           8  -1.3509600881554673E-012
          12           9  -2.9031332604370470E-002
          12          10  -6.4088304263944019E-015
          12          11   1.1562792552859836E-014
          12          12   1.7992417414827574E-003
          12          13   7.9935600375220732E-015
          12          14  -1.3560319859183539E-014
          12          15  -2.3265531922322474E-002
          12          16   1.0753972649987834E-015
          12          17   2.1286510558772880E-014
          12          18   4.6665550815944926E-003
          12          19  -9.3556843079135235E-016
          12          20   2.3063290491130363E-015
          12          21  -5.8431784252944779E-004
          12          22  -1.4011956931918460E-015
          12          23  -6.4691452026727965E-016
          12          24  -2.1501308308494761E-015
          12          25  -3.4261101542255879E-016
          12          26   7.7042817564906786E-017
          12          27  -2.0944795935867109E-015
          12          28  -4.4243389567378107E-015
          12          29   1.0898406845169027E-016
          12          30  -1.4604671864441238E-015
          12          31   7.1904382275805400E-016
          12          32   6.6207486696443813E-016
          12          33  -3.4866823188785629E-015
          12          34  -5.1397961143349669E-015
          12          35  -4.1465205684123588E-016
          12          36  -5.1177235265042994E-015
          12          37  -1.8708048521520277E-016
          12          38  -2.6600996096142009E-015
          12          39  -4.5682598785104253E-015
          12          40  -5.7612878201412359E-015
          12          41   5.9324654496056689E-015
          12          42  -1.6607932756701568E-015
          12          43   1.3499358897969653E-014
          12          44   5.4017262486915339E-004
          12          45   3.3755687686613929E-016
          12          46   5.4017262486901634E-004
          12          47  -2.9579713477704743E-015
          12          48   5.6402577175277725E-015
          12          49   1.2078627088572464E-003
          12          50  -4.5760717806188487E-015
          12          51  -1.6197980456933373E-015
          12          52  -2.7872978617283131E-015
          12          53  -1.9766225331854682E-015
          12          54  -3.9058501279390817E-004
          12          55  -2.5782472267478974E-016
          12          56  -3.9058501279446453E-004
          12          57  -1.8097777948835961E-015
          12          58   1.1663643683695660E-017
          12          59  -8.7337463935815735E-004
          13           1   1.7288021498717225E-013
          13           2  -1.0584208321098156E-012
          13           3  -3.4893885070245581E-014
          13           4   2.1901953094181556E-013
          13           5   1.0473811325376607E-013
          13           6   1.1639911064230134E-013
          13           7  0.11047696852296736     
          13           8  -6.0722065938802194E-012
          13           9  -1.3817760954534797E-012
          13          10  -2.3265531923048744E-002
          13          11   6.1705604818482726E-014
          13          12   7.9935600375220732E-015
          13          13   1.1940917486302252     
          13          14   5.1927005176224347E-013
          13          15  -9.9639894046106912E-014
          13          16 -0.21755098852359522     
          13          17  -3.5438604904361587E-014
          13          18  -4.9685909141346556E-014
          13          19   3.7474676724557614E-002
          13          20   4.0709340263481899E-014
          13          21   2.4423512537280443E-014
          13          22  -2.0879164088591191E-014
          13          23  -2.6393127375845199E-015
          13          24  -4.8353696586834010E-015
          13          25   5.0546997345835500E-015
          13          26   1.7700058113957529E-016
          13          27  -1.0496486688279347E-014
          13          28  -5.1705941477308785E-014
          13          29  -5.6096146438016028E-015
          13          30  -3.4279604183939747E-014
          13          31  -1.0874776380448916E-015
          13          32   1.0459080517116493E-015
          13          33  -4.6894776435168114E-014
          13          34  -5.3209461690674693E-014
          13          35  -8.5080748521768153E-015
          13          36  -3.1568005397561559E-014
          13          37   5.0359823431591637E-015
          13          38  -2.0857397407602928E-014
          13          39  -3.7380271600238156E-014
          13          40  -7.5364949423402218E-003
          13          41   3.0070818204204385E-014
          13          42  -3.3704229988793270E-003
          13          43   7.1145190704436506E-014
          13          44   5.6267420363050418E-015
          13          45   1.0282705337158369E-015
          13          46  -1.1507391515909762E-015
          13          47  -3.3704229988820947E-003
          13          48   2.7496205656850174E-014
          13          49   7.2657766237472014E-015
          13          50   7.6325612746839230E-002
          13          51   2.1958759951427860E-014
          13          52   3.4133851711813316E-002
          13          53   5.1226058984944643E-014
          13          54   4.7444102615234711E-015
          13          55  -2.4261385594569863E-015
          13          56   6.8136372127662762E-015
          13          57   3.4133851711833273E-002
          13          58   3.5480055308665300E-014
          13          59   1.4120479687861914E-014
          14           1   7.6075152964186836E-014
          14           2   3.2264027275105276E-013
          14           3  -1.4699695879397180E-013
          14           4  -2.2299710601888655E-013
          14           5  -2.2087107802285179E-013
          14           6   2.1128707758787931E-012
          14           7   6.2751729810670030E-013
          14           8  0.11047696852421807     
          14           9   2.8131264678821211E-012
          14          10  -2.1330390253572493E-013
          14          11  -2.3265531923817105E-002
          14          12  -1.3560319859183539E-014
          14          13   5.1927005176224347E-013
          14          14   1.1940917486346785     
          14          15   3.1991075099321140E-013
          14          16   5.2224812473709732E-014
          14          17 -0.21755098852521051     
