           1           1   2.1639310031197052     
           1           2 -0.59315230212373504     
           1           3  -2.7793199785450824E-002
           1           4  0.10249547754070940     
           1           5   6.5299627194082957E-002
           1           6   4.9375757330625235E-003
           1           7   1.5068896230931657E-010
           1           8  -1.2496139384167082E-010
           1           9   2.8062312305469885E-011
           1          10  -1.3689775319026514E-011
           1          11   1.2782607006872324E-011
           1          12   5.9702140958504911E-012
           1          13   5.5829638421754851E-011
           1          14  -3.0230231294890689E-011
           1          15   6.2614942499864107E-011
           1          16   9.0272218444553993E-013
           1          17  -5.4156262042847223E-012
           1          18   2.2125259976224121E-011
           1          19  -7.1877104197255383E-012
           1          20   1.7988767812646595E-012
           1          21  -3.3992566809349747E-012
           1          22   1.5864102382945821E-004
           1          23   5.1017486492808549E-004
           1          24   2.6629608220923666E-004
           1          25  -1.3558842186870280E-004
           1          26  -1.5310972402640769E-004
           1          27  -1.9738217125920242E-004
           1          28  -1.5646489019331597E-003
           1          29   3.3501895204212490E-004
           1          30  -1.4939543497889899E-003
           1          31  -8.9037529911904648E-005
           1          32  -1.0054336326596107E-004
           1          33  -1.7984403572392877E-003
           1          34  -1.6081465615661191E-003
           1          35   8.3248383226369889E-004
           1          36  -1.4324791488991933E-003
           1          37  -2.2124807860502701E-004
           1          38  -2.4983864182502970E-004
           1          39  -2.1890927766647756E-003
           1          40  -7.9304061957208208E-012
           1          41   6.5276610768921307E-012
           1          42  -6.5455276703446551E-012
           1          43   1.7076746199979882E-011
           1          44   2.0929815437169016E-012
           1          45   1.5764125146479964E-012
           1          46   2.5475075476313434E-012
           1          47  -8.6704269882727811E-012
           1          48   3.4200916451333830E-012
           1          49  -2.6655704019411842E-012
           1          50  -1.8428318782623708E-011
           1          51   6.5317431684198546E-012
           1          52  -1.1044010564858849E-011
           1          53   1.6280797198377164E-011
           1          54  -5.4223403550650994E-012
           1          55  -1.3038092047370382E-012
           1          56  -1.3227377353672234E-012
           1          57  -1.3696755799098451E-011
           1          58   5.1344008928825084E-012
           1          59  -1.4538831478058029E-011
           2           1 -0.59315230212373504     
           2           2   2.1533698267436279     
           2           3   8.6226409359661194E-002
           2           4 -0.41071583658587985     
           2           5 -0.25308908147173392     
           2           6  -1.7965969480045092E-002
           2           7  -1.5493268696860150E-009
           2           8   9.5119602604912099E-010
           2           9  -1.5335948900370953E-009
           2          10   1.0634808781343960E-009
           2          11  -6.1172621374055942E-010
           2          12   1.2369628425159247E-009
           2          13   1.7026339719257607E-009
           2          14  -9.4927256086790830E-010
           2          15   2.0985923821913856E-009
           2          16   9.1729602649050161E-010
           2          17  -4.8665610085503525E-010
           2          18   1.0349713771294570E-009
           2          19   1.0237785667482001E-010
           2          20  -4.7338408424685196E-011
           2          21   1.0649059438573583E-010
           2          22  -2.1292012636711134E-006
           2          23  -2.1203441481443654E-003
           2          24  -4.4955579377219199E-004
           2          25   5.6352076252161602E-004
           2          26   6.3634127002220827E-004
           2          27   1.4775433870662809E-003
           2          28   3.2114827839249925E-003
           2          29  -1.6915170793160147E-003
           2          30   2.8545448608270551E-003
           2          31   4.4955216912533655E-004
           2          32   5.0764529228027174E-004
           2          33   4.3919006619477187E-003
           2          34   5.0917879927970516E-003
           2          35  -3.3455238644831535E-003
           2          36   4.3858289119439991E-003
           2          37   8.8913526460606210E-004
           2          38   1.0040328861628414E-003
           2          39   7.4264512544898863E-003
           2          40   1.8962180392727384E-010
           2          41  -1.2958523010292933E-010
           2          42   1.2558784311959921E-010
           2          43  -1.4285902100810421E-010
           2          44   1.0516776661323048E-010
           2          45  -4.8115519081639459E-011
           2          46   6.4856406911994338E-011
           2          47   1.5415475418925970E-010
           2          48  -4.1154531190470375E-011
           2          49   3.0030797162942263E-010
           2          50   2.7499979407718159E-010
           2          51  -1.2374193349716060E-010
           2          52   1.5527528688181148E-010
           2          53  -1.6796159706732621E-010
           2          54   1.5371858089898304E-010
           2          55  -2.5242848799965257E-011
           2          56   1.0887447054962742E-010
           2          57   1.8054362675835116E-010
           2          58  -6.2459539889305116E-011
           2          59   3.7892557854914073E-010
           3           1  -2.7793199785450824E-002
           3           2   8.6226409359661194E-002
           3           3   3.1881340314335399E-002
           3           4  0.11720903716566342     
           3           5   6.1276185638597214E-002
           3           6   3.1547238445769790E-003
           3           7  -1.7029647620897951E-009
           3           8   2.0477583846214053E-009
           3           9   1.9244405082441231E-009
           3          10   2.0484743851858659E-009
           3          11  -2.5088033450243052E-009
           3          12  -2.5780705552827130E-009
           3          13   3.6084749052060766E-009
           3          14  -4.4369189484725648E-009
           3          15  -4.5596672243497576E-009
           3          16   1.6761540767810587E-009
           3          17  -2.1072414524293024E-009
           3          18  -2.1878047059119981E-009
           3          19   1.4044450059014438E-010
           3          20  -1.8267452778204867E-010
           3          21  -1.9097969442762290E-010
           3          22   2.3152211142205832E-003
           3          23   7.0014927250972459E-004
           3          24   2.4629640367345418E-003
           3          25  -1.8607771813720784E-004
           3          26  -2.1012346810043758E-004
           3          27   1.8266248074725235E-003
           3          28   5.8928727697931463E-003
           3          29   1.5861016224544837E-003
           3          30   6.2275657552067591E-003
           3          31  -4.2153599957172976E-004
           3          32  -4.7600863517667904E-004
           3          33   4.7860177479408968E-003
           3          34   4.8802361909899318E-004
           3          35   1.0317159644984677E-003
           3          36   7.0573220368475790E-004
           3          37  -2.7419775217282013E-004
           3          38  -3.0963068462990586E-004
           3          39  -2.3195609180286225E-004
           3          40   3.7078652483713806E-010
           3          41  -3.2480788157686015E-010
           3          42   3.0333552705788312E-010
           3          43  -3.9047603918309625E-010
           3          44  -1.5840773995451405E-010
           3          45   9.5565789613930030E-011
           3          46  -2.1947215457032597E-010
           3          47   1.6642956167179674E-010
           3          48  -3.1297127547449598E-010
           3          49  -5.9088333819372501E-010
           3          50   4.4613601711704775E-010
           3          51  -3.3580209399866953E-010
           3          52   2.9886996497621569E-010
           3          53  -5.0811344724767778E-010
           3          54  -2.2658136527163108E-010
           3          55   6.6008526900462523E-011
           3          56  -2.6567542976193185E-010
           3          57   1.9814139815286209E-010
           3          58  -3.2612139657184475E-010
           3          59  -6.7298313329794477E-010
           4           1  0.10249547754070940     
           4           2 -0.41071583658587985     
           4           3  0.11720903716566342     
           4           4  0.71706320495595310     
           4           5  0.39213315683451400     
           4           6   2.3577097074104242E-002
           4           7  -1.9467222449593557E-009
           4           8   9.3756311422603123E-010
           4           9  -2.9619578913930254E-009
           4          10   2.0287543218573665E-009
           4          11  -9.0727241899458134E-010
           4          12   3.2553994799993514E-009
           4          13   3.6239523809391874E-009
           4          14  -1.6792407682497082E-009
           4          15   5.7599467422317752E-009
           4          16   1.5297711416950793E-009
           4          17  -7.5502443873996371E-010
           4          18   2.6622174311200190E-009
           4          19   1.0896598067596326E-010
           4          20  -6.5800639353913912E-011
           4          21   2.1178181876270909E-010
           4          22   1.0719364827261466E-002
           4          23   1.3771485329135639E-003
           4          24   1.1009965955538284E-002
           4          25  -3.6600284511575454E-004
           4          26  -4.1329940833474601E-004
           4          27   9.7583302869052816E-003
           4          28   2.5146888013267931E-002
           4          29   4.5008190398187278E-003
           4          30   2.6096633760432641E-002
           4          31  -1.1961762724067601E-003
           4          32  -1.3507513044891343E-003
           4          33   2.2006010433176751E-002
           4          34  -1.1306193100001204E-003
           4          35   5.5767935276625621E-003
           4          36   4.6173593324602170E-005
           4          37  -1.4821368052571069E-003
           4          38  -1.6736644675952970E-003
           4          39  -5.0223675410557313E-003
           4          40   4.2119713003825399E-010
           4          41  -1.9979407812764193E-010
           4          42   2.1040205958465684E-010
           4          43  -1.2306861402398287E-010
           4          44   3.1986037256947348E-010
           4          45  -8.6829038216494659E-011
           4          46   2.4632348974749807E-010
           4          47   2.5121789949170970E-010
           4          48  -6.1890903199784219E-011
           4          49   7.5566622512298612E-010
           4          50   4.3638764431645432E-010
           4          51  -1.7177766450817435E-010
           4          52   2.0682022969209366E-010
           4          53  -1.5606094385693953E-010
           4          54   3.2515540053447652E-010
           4          55  -8.3478557131214671E-011
           4          56   3.0143709574910891E-010
           4          57   2.2974230905304170E-010
           4          58  -6.4888852988298340E-011
           4          59   7.8478212480452865E-010
           5           1   6.5299627194082957E-002
           5           2 -0.25308908147173392     
           5           3   6.1276185638597214E-002
           5           4  0.39213315683451400     
           5           5  0.21557352195508572     
           5           6   1.3374435756407255E-002
           5           7   1.2561191913069726E-008
           5           8  -1.2259340144642028E-008
           5           9  -4.1963496718371560E-009
           5          10  -1.4485642367155219E-008
           5          11   1.5101252325416779E-008
           5          12   8.3844509761538295E-009
           5          13  -2.5641116435789242E-008
           5          14   2.6658717334011911E-008
           5          15   1.4645236463386171E-008
           5          16  -1.2311888940594147E-008
           5          17   1.2724648149647078E-008
           5          18   6.9110743642756107E-009
           5          19  -1.0732040726418167E-009
           5          20   1.0977682741788039E-009
           5          21   5.8365376705459491E-010
           5          22   5.6686474325461575E-003
           5          23   1.0120692921872666E-004
           5          24   5.6900040401888291E-003
           5          25  -2.6897610308758728E-005
           5          26  -3.0373534966011799E-005
           5          27   5.5980228107522330E-003
           5          28   1.3027601736149624E-002
           5          29   1.5423693950898888E-003
           5          30   1.3353066820843543E-002
           5          31  -4.0991328021897956E-004
           5          32  -4.6288409327624718E-004
           5          33   1.1951266553592330E-002
           5          34  -1.0656451207189171E-003
           5          35   2.8981709232492898E-003
           5          36  -4.5408450847864113E-004
           5          37  -7.7024292541119838E-004
           5          38  -8.6977680665403984E-004
           5          39  -3.0881249407495497E-003
           5          40  -2.5051917974743461E-009
           5          41   2.0873265920238905E-009
           5          42  -1.9670800489765983E-009
           5          43   2.3774491045796627E-009
           5          44   3.9597143701970711E-010
           5          45  -3.0418297649389883E-010
           5          46   8.6104000068925999E-010
           5          47  -1.3724783153384633E-009
           5          48   1.6968855221071434E-009
           5          49   1.8628355700329992E-009
           5          50  -3.1584383670338011E-009
           5          51   2.1370994853499943E-009
           5          52  -2.0326548950062692E-009
           5          53   3.1018069928080338E-009
           5          54   6.0812410349080975E-010
           5          55  -2.3156771571067593E-010
           5          56   9.6393408052792546E-010
           5          57  -1.6035493856865042E-009
           5          58   1.8541642798241052E-009
           5          59   2.0855359103805428E-009
           6           1   4.9375757330625235E-003
           6           2  -1.7965969480045092E-002
           6           3   3.1547238445769790E-003
           6           4   2.3577097074104242E-002
           6           5   1.3374435756407255E-002
           6           6   1.0421890832139373E-003
           6           7  -8.5314500633770106E-010
           6           8   3.2375177708916118E-009
           6           9   9.3748617042521585E-009
           6          10   1.4104705956830546E-009
           6          11  -3.9026281516451415E-009
           6          12  -1.0028759576933769E-008
           6          13   2.4754221175922001E-009
           6          14  -6.9029777983866605E-009
           6          15  -1.7804630667985635E-008
           6          16   1.1765725383978388E-009
           6          17  -3.2851572762058583E-009
           6          18  -8.4886242964911248E-009
           6          19   1.0120025205347033E-010
           6          20  -2.8297382921755363E-010
           6          21  -7.3340756826525221E-010
           6          22   2.8146348387508564E-004
           6          23  -3.8239404542191594E-004
           6          24   2.0077219407942267E-004
           6          25   1.0162834044034362E-004
           6          26   1.1476115911492423E-004
           6          27   5.4831610073654679E-004
           6          28   5.0398379139040541E-004
           6          29  -4.3240863317212639E-004
           6          30   4.1273865657493960E-004
           6          31   1.1492065276211840E-004
           6          32   1.2977115512206909E-004
           6          33   8.0573883759398697E-004
           6          34  -2.8496581476075738E-004
           6          35   8.5581899592611794E-005
           6          36  -2.6690662707889399E-004
           6          37  -2.2744981251407789E-005
           6          38  -2.5684179739937279E-005
           6          39  -3.4468897511541339E-004
           6          40   2.3860837991128973E-010
           6          41  -3.9143499602141273E-010
           6          42   3.4149628497253528E-010
           6          43  -6.1251652521298308E-010
           6          44  -7.6879869636650615E-010
           6          45   3.4312194708436825E-010
           6          46  -7.8872732065101356E-010
           6          47  -2.6940720006889243E-011
           6          48  -5.9349122995009835E-010
           6          49  -2.3419111626914187E-009
           6          50   3.0063804833177131E-010
           6          51  -4.4246210207203334E-010
           6          52   3.0596458187303643E-010
           6          53  -7.9780902065661404E-010
           6          54  -9.6424698672857108E-010
           6          55   2.5052976245610663E-010
           6          56  -9.7797390000937556E-010
           6          57   3.6190673288898025E-011
           6          58  -5.9027256977949727E-010
           6          59  -2.6116273142195234E-009
           7           1   1.5068896230931657E-010
           7           2  -1.5493268696860150E-009
           7           3  -1.7029647620897951E-009
           7           4  -1.9467222449593557E-009
           7           5   1.2561191913069726E-008
           7           6  -8.5314500633770106E-010
           7           7   1.9794053602077082     
           7           8   2.9877161615295501E-002
           7           9  -7.9403924223208390E-003
           7          10   1.0097038735004806E-002
           7          11  -3.0063450596884516E-002
           7          12   7.9899197543196986E-003
           7          13 -0.12092760730892282     
           7          14  -5.3449349296443960E-002
           7          15   1.4205161427579237E-002
           7          16  -8.9466762085569196E-002
           7          17  -4.0830546012458030E-002
           7          18   1.0851487121893773E-002
           7          19  -1.1352346483786014E-002
           7          20  -6.6192622633504013E-003
           7          21   1.7591880221563411E-003
           7          22  -7.4114984050342365E-010
           7          23  -2.0580039499890502E-010
           7          24  -2.7551420281019999E-010
           7          25   8.9162057642015609E-011
           7          26   2.6928174133986268E-010
           7          27  -1.4424917417476692E-010
           7          28  -1.9781121146854500E-009
           7          29  -3.9337495114312533E-010
           7          30  -3.7233152237875456E-009
           7          31   6.7196808868979790E-010
           7          32  -4.8822581733672210E-010
           7          33  -1.7223037733624077E-009
           7          34  -1.1189146852681332E-009
           7          35  -9.1883511095491760E-010
           7          36  -1.2479290593012601E-009
           7          37  -8.7735770167857234E-010
           7          38  -1.2346621990786871E-009
           7          39  -1.6692278273650977E-009
           7          40  -4.4087992214572685E-002
           7          41   2.2032407287639428E-003
           7          42  -1.9882438899687556E-002
           7          43  -2.5815374035007381E-003
           7          44  -5.8555325716642894E-004
           7          45  -3.9603412885932406E-004
           7          46   4.7679920570538922E-004
           7          47  -2.1081791742535501E-002
           7          48  -9.0248505829177653E-004
           7          49   5.0947784208916699E-004
           7          50  -2.6602590411990826E-002
           7          51   7.0963156812132609E-004
           7          52  -1.1731658562793922E-002
           7          53  -5.9933666205542885E-003
           7          54  -1.8860094562944782E-004
           7          55  -5.0734718309249235E-004
           7          56   7.8556816873437646E-004
           7          57  -1.3268113217176497E-002
           7          58  -2.5717445321836326E-003
           7          59   1.5167577371168364E-003
           8           1  -1.2496139384167082E-010
           8           2   9.5119602604912099E-010
           8           3   2.0477583846214053E-009
           8           4   9.3756311422603123E-010
           8           5  -1.2259340144642028E-008
           8           6   3.2375177708916118E-009
           8           7   2.9877161615295501E-002
           8           8   1.9866852132424344     
           8           9  -8.9664795327185024E-003
           8          10  -3.0063448449195215E-002
           8          11   2.7717819868325611E-003
           8          12   9.0224108427468617E-003
           8          13  -5.3449355332362398E-002
           8          14 -0.13395107790185340     
           8          15   1.6040805314407713E-002
           8          16  -4.0830559140261000E-002
           8          17  -9.9415552432718657E-002
           8          18   1.2253743876921618E-002
           8          19  -6.6192586164183324E-003
           8          20  -1.2965193782078381E-002
           8          21   1.9865234617415547E-003
           8          22   6.8646693111827000E-010
           8          23   2.8275090198633647E-010
           8          24   4.2097697278853847E-010
           8          25  -1.4455912410196981E-010
           8          26  -1.6962293007990363E-010
           8          27   2.9299122556910028E-010
           8          28   1.8795393868464383E-009
           8          29   3.4090057399566698E-010
           8          30   3.6757711388458789E-009
           8          31  -7.4548706868538765E-010
           8          32  -4.6320018028294048E-011
           8          33   1.9364760888561338E-009
           8          34   1.4096085367541729E-010
           8          35   7.1257784809643735E-010
           8          36   3.3595984413187935E-010
           8          37   5.6618437500381584E-010
           8          38   1.2334366953438922E-009
           8          39   6.9140418378285195E-010
           8          40  -2.4272448288064409E-003
           8          41  -2.0547597556856041E-002
           8          42   1.9962427493046705E-003
           8          43  -4.3821084575987011E-002
           8          44   4.7629126776197020E-004
           8          45  -2.8718892086551103E-004
           8          46  -5.9909700627161250E-004
           8          47  -9.0248366485027633E-004
           8          48  -2.1301689048180701E-002
           8          49   5.7531694044899708E-004
           8          50  -5.9268921773261542E-003
           8          51  -1.2786872897552683E-002
           8          52   6.2045743841832989E-004
           8          53  -2.7147535274753071E-002
           8          54   8.6032152460972810E-004
           8          55  -4.2192169249349789E-004
           8          56  -1.8620643816163291E-004
           8          57  -2.5717416284702140E-003
           8          58  -1.3894741298181971E-002
           8          59   1.7127649724390705E-003
           9           1   2.8062312305469885E-011
           9           2  -1.5335948900370953E-009
           9           3   1.9244405082441231E-009
           9           4  -2.9619578913930254E-009
           9           5  -4.1963496718371560E-009
           9           6   9.3748617042521585E-009
           9           7  -7.9403924223208390E-003
           9           8  -8.9664795327185024E-003
           9           9   1.9553302266785491     
           9          10   7.9899221248239255E-003
           9          11   9.0224086577728665E-003
           9          12   3.4322260321232465E-002
           9          13   1.4205152554443462E-002
           9          14   1.6040811574354694E-002
           9          15  -7.7857933820895550E-002
           9          16   1.0851477234669206E-002
           9          17   1.2253754591624089E-002
           9          18  -5.6565346484393590E-002
           9          19   1.7591900844715425E-003
           9          20   1.9865195745969811E-003
           9          21  -6.0185203890905058E-003
           9          22   4.4037065626715904E-010
           9          23   5.0071129406866308E-010
           9          24   5.4124121649256937E-010
           9          25  -1.3643666314808941E-010
           9          26   4.6187588912298197E-010
           9          27   5.2372635940686117E-010
           9          28   1.7583913862112499E-009
           9          29   4.4844956826615740E-010
           9          30   6.9662377572229058E-010
           9          31  -1.8645873647333564E-010
           9          32  -9.8353777206300612E-010
           9          33   1.0348795940796112E-009
           9          34  -2.8580084342616097E-009
           9          35  -2.4686405565070187E-010
           9          36  -3.1261068593770087E-009
           9          37  -7.1665334393859080E-010
           9          38   7.6163290055391579E-010
           9          39  -3.1301009728851375E-009
           9          40   6.4508859898715668E-004
           9          41   4.7628976015550659E-004
           9          42   4.7680038813594162E-004
           9          43   7.7474726504388105E-004
           9          44  -1.8882055550858680E-002
           9          45   2.1100801101518020E-003
           9          46  -1.8436795201996137E-002
           9          47  -7.6748615307060388E-004
           9          48  -8.6666541968379084E-004
           9          49  -4.5506141752198852E-002
           9          50   1.5751827793860835E-003
           9          51   8.6031858740903244E-004
           9          52   7.8557007010068153E-004
           9          53   1.7986781476855100E-003
           9          54  -9.7784235847853326E-003
           9          55   2.0310666995223851E-003
           9          56  -9.3498364761582971E-003
           9          57  -2.6697689554947284E-004
           9          58  -3.0148052938233172E-004
           9          59  -2.5031090269796646E-002
          10           1  -1.3689775319026514E-011
          10           2   1.0634808781343960E-009
          10           3   2.0484743851858659E-009
          10           4   2.0287543218573665E-009
          10           5  -1.4485642367155219E-008
          10           6   1.4104705956830546E-009
          10           7   1.0097038735004806E-002
          10           8  -3.0063448449195215E-002
          10           9   7.9899221248239255E-003
          10          10  0.10310651708570381     
          10          11   2.6781650850809819E-002
          10          12  -7.1177212867507486E-003
          10          13  0.17976689108681732     
          10          14   5.2627259771495474E-002
          10          15  -1.3986678130241887E-002
          10          16  0.10058837700454298     
          10          17   4.3060541798722533E-002
          10          18  -1.1444153298989203E-002
          10          19   1.1178022338247424E-002
          10          20   6.5860770773527189E-003
          10          21  -1.7503680670780839E-003
          10          22   8.4998600976851287E-010
          10          23   1.4827611744773160E-010
          10          24   4.7021287781607070E-010
          10          25   1.0339229849931576E-011
          10          26  -1.6821132246099766E-010
          10          27   2.0885160117933500E-010
          10          28   2.5238259925912046E-009
          10          29   3.8571436697445485E-010
          10          30   4.1317683688866766E-009
          10          31  -6.2599806673379556E-010
          10          32   4.2594054162684548E-010
          10          33   2.1424554611307242E-009
          10          34   8.4818347019818091E-010
          10          35   1.0042304520242500E-009
          10          36   1.3176119877370976E-009
          10          37   9.3886658620504155E-010
          10          38   1.3766287227976962E-009
          10          39   1.7458533780111037E-009
          10          40   1.4898515361347869E-002
          10          41  -2.3109548187199257E-003
          10          42   6.7835125723300681E-003
          10          43   4.2096251429980195E-003
          10          44   6.1417975977045972E-004
          10          45   5.2248823934232557E-004
          10          46  -6.8711303457484022E-004
          10          47   8.3658197272158223E-003
          10          48   1.6056693968825356E-003
          10          49  -9.2471045988771030E-004
          10          50   1.9942408646942290E-002
          10          51  -1.0054249260508562E-003
          10          52   8.8085925571781860E-003
          10          53   4.8291947995539328E-003
          10          54   2.6721381260471960E-004
          10          55   4.5931859742303011E-004
          10          56  -6.5549982734221398E-004
          10          57   1.0199596658097481E-002
          10          58   2.0388050951882339E-003
          10          59  -1.1987336113139890E-003
          11           1   1.2782607006872324E-011
          11           2  -6.1172621374055942E-010
          11           3  -2.5088033450243052E-009
          11           4  -9.0727241899458134E-010
          11           5   1.5101252325416779E-008
          11           6  -3.9026281516451415E-009
          11           7  -3.0063450596884516E-002
          11           8   2.7717819868325611E-003
          11           9   9.0224086577728665E-003
          11          10   2.6781650850809819E-002
          11          11  0.10963212944970210     
          11          12  -8.0374988175217436E-003
          11          13   5.2627265562461265E-002
          11          14  0.19259004376594308     
          11          15  -1.5794080201185414E-002
          11          16   4.3060556973502057E-002
          11          17  0.11108052758753534     
          11          18  -1.2922989861247453E-002
          11          19   6.5860731449375008E-003
          11          20   1.2782783399050745E-002
          11          21  -1.9765643068856654E-003
          11          22  -8.6582378123554159E-010
          11          23  -2.2157783737576942E-010
          11          24  -8.0408880765547250E-010
          11          25   1.0768575309372927E-010
          11          26   1.2892802899241559E-010
          11          27  -4.8570207543284855E-010
          11          28  -2.6810940873736798E-009
          11          29  -3.7316998265722919E-010
          11          30  -4.3323605621734536E-009
          11          31   7.1518319893862273E-010
          11          32   4.1978918060984617E-011
          11          33  -2.6186414023630151E-009
          11          34   3.8585130193914089E-011
          11          35  -7.3662899839972094E-010
          11          36  -4.5813343216539276E-010
          11          37  -6.4495767732141456E-010
          11          38  -1.3201516758910867E-009
          11          39  -7.9112772580488792E-010
          11          40   4.0400783117015785E-003
          11          41   7.7254156421324386E-003
          11          42  -2.0834882686301048E-003
          11          43   1.4802475053791665E-002
          11          44  -7.0763981025000677E-004
          11          45   3.9289067165688946E-004
          11          46   6.2528027575650593E-004
          11          47   1.6056685686970452E-003
          11          48   8.7570556587363169E-003
          11          49  -1.0442065616793252E-003
          11          50   4.7551866554407848E-003
          11          51   9.7083256637930382E-003
          11          52  -9.0614297000949371E-004
          11          53   2.0265860188741571E-002
          11          54  -7.1041194005259727E-004
          11          55   3.7628721605277869E-004
          11          56   2.7194427046926979E-004
          11          57   2.0388025785335658E-003
          11          58   1.0696369101150138E-002
          11          59  -1.3536442915208203E-003
          12           1   5.9702140958504911E-012
          12           2   1.2369628425159247E-009
          12           3  -2.5780705552827130E-009
          12           4   3.2553994799993514E-009
          12           5   8.3844509761538295E-009
          12           6  -1.0028759576933769E-008
          12           7   7.9899197543196986E-003
          12           8   9.0224108427468617E-003
          12           9   3.4322260321232465E-002
          12          10  -7.1177212867507486E-003
          12          11  -8.0374988175217436E-003
          12          12   8.1525784518871630E-002
          12          13  -1.3986662378489237E-002
          12          14  -1.5794095662536714E-002
          12          15  0.13735966650206208     
          12          16  -1.1444137759052864E-002
          12          17  -1.2923005191660713E-002
          12          18   6.5890025089558157E-002
          12          19  -1.7503706083955150E-003
          12          20  -1.9765601226833344E-003
          12          21   5.8709373579830292E-003
          12          22  -1.1020886339966281E-009
          12          23  -6.2172321497895368E-010
          12          24  -1.0651155244809454E-009
          12          25   1.9990555690059091E-010
          12          26  -5.3292337893245602E-010
          12          27  -8.5702107536608970E-010
          12          28  -2.7852862553558477E-009
          12          29  -5.3310397955259351E-010
          12          30  -1.8750113726039871E-009
          12          31   2.7983288459675522E-010
          12          32   8.6161187812948488E-010
          12          33  -2.2251462699824775E-009
          12          34   2.5547398301594073E-009
          12          35   4.0572397963479518E-010
          12          36   2.9577449792805320E-009
          12          37   5.9808506630329170E-010
          12          38  -6.7082591941349779E-010
          12          39   3.0479152949667111E-009
          12          40  -1.0737296831609823E-003
          12          41  -7.0763797820881332E-004
          12          42  -6.8711417712870391E-004
          12          43  -1.2633555427568146E-003
          12          44   5.2508709786018822E-003
          12          45  -2.6095962252055929E-003
          12          46   4.7002047360955182E-003
          12          47   8.1410231553995780E-004
          12          48   9.1930615172345893E-004
          12          49   1.5804550698136216E-002
          12          50  -1.2637809910167328E-003
          12          51  -7.1040859264058401E-004
          12          52  -6.5550212778600788E-004
          12          53  -1.4492954927145807E-003
          12          54   7.2240971742411906E-003
          12          55  -1.9096291522263872E-003
          12          56   6.8211352571335305E-003
          12          57   3.5447294386296998E-004
          12          58   4.0028402474468145E-004
          12          59   1.9129554312958069E-002
          13           1   5.5829638421754851E-011
          13           2   1.7026339719257607E-009
          13           3   3.6084749052060766E-009
          13           4   3.6239523809391874E-009
          13           5  -2.5641116435789242E-008
          13           6   2.4754221175922001E-009
          13           7 -0.12092760730892282     
          13           8  -5.3449355332362398E-002
          13           9   1.4205152554443462E-002
          13          10  0.17976689108681732     
          13          11   5.2627265562461265E-002
          13          12  -1.3986662378489237E-002
          13          13  0.32333581644485632     
          13          14  0.10216076637203104     
          13          15  -2.7151112627295568E-002
          13          16  0.18305445367169160     
          13          17   8.1873890358565751E-002
          13          18  -2.1759523249119617E-002
          13          19   2.0520873323764986E-002
          13          20   1.2420694589359828E-002
          13          21  -3.3010219326035060E-003
          13          22   1.5130364394042209E-009
          13          23   2.7170720077596156E-010
          13          24   8.1971639282575856E-010
          13          25   1.4433408466428877E-011
          13          26  -2.9995234418917098E-010
          13          27   3.6432950330588307E-010
          13          28   4.4694261907156896E-009
          13          29   6.9189574872902649E-010
          13          30   7.3174149994975078E-009
          13          31  -1.1124685776777170E-009
          13          32   7.7087080255280261E-010
          13          33   3.7786523466775963E-009
          13          34   1.5314643311938442E-009
          13          35   1.7839173770449426E-009
          13          36   2.3366292803073693E-009
          13          37   1.6679757530096877E-009
          13          38   2.4442644640049835E-009
          13          39   3.0991236570522316E-009
          13          40   2.9101860830716957E-002
          13          41  -3.8802718807173656E-003
          13          42   1.3175546363930169E-002
          13          43   7.9807380514372844E-003
          13          44   1.0312562735301273E-003
          13          45   9.4546268650075207E-004
          13          46  -1.2644886706976981E-003
          13          47   1.6038793809761545E-002
          13          48   3.1006585603676733E-003
          13          49  -1.7927439264033653E-003
          13          50   3.6688652215627525E-002
          13          51  -1.4289428082297382E-003
          13          52   1.6159740911669218E-002
          13          53   9.5092126832194562E-003
          13          54   3.7977530791897607E-004
          13          55   8.4086376581920543E-004
          13          56  -1.2615972724788313E-003
          13          57   1.8706220489418234E-002
          13          58   4.0578546791541804E-003
          13          59  -2.3907271295081907E-003
          14           1  -3.0230231294890689E-011
          14           2  -9.4927256086790830E-010
          14           3  -4.4369189484725648E-009
          14           4  -1.6792407682497082E-009
          14           5   2.6658717334011911E-008
          14           6  -6.9029777983866605E-009
          14           7  -5.3449349296443960E-002
          14           8 -0.13395107790185340     
          14           9   1.6040811574354694E-002
          14          10   5.2627259771495474E-002
          14          11  0.19259004376594308     
          14          12  -1.5794095662536714E-002
          14          13  0.10216076637203104     
          14          14  0.34822830262081289     
          14          15  -3.0659711637028568E-002
          14          16   8.1873912418844008E-002
          14          17  0.20300388161112692     
