           1           1   1.9998479449358637     
           1           2  -1.4395672376046492E-003
           1           3  -5.8029315824278848E-005
           1           4  -4.3584009533339501E-003
           1           5   1.9424278473315617E-003
           1           6   2.4144254982548210E-004
           1           7  -4.2159868172880529E-013
           1           8  -9.1067263331743626E-013
           1           9  -9.4813075115512132E-013
           1          10   9.1006294190223161E-014
           1          11   2.0894820878415415E-013
           1          12  -1.2525066801005077E-012
           1          13  -1.3607057844175931E-013
           1          14  -1.0864332013290427E-013
           1          15   6.7136432558733878E-012
           1          16   7.0092208204877238E-014
           1          17   1.3906700781875812E-014
           1          18  -8.5589044209561732E-013
           1          19  -2.0266390872181391E-015
           1          20   1.5600350340936896E-014
           1          21   1.1198026442298426E-014
           1          22   2.7678006847643179E-004
           1          23   5.5355513655235182E-005
           1          24   3.4635023185839093E-004
           1          25  -3.2799281537097718E-006
           1          26   1.6724727726860143E-006
           1          27   3.7070920711112793E-004
           1          28  -3.2858640127223730E-004
           1          29   6.1435814232595122E-005
           1          30  -2.5137458835313402E-004
           1          31  -3.6402047382676645E-006
           1          32   1.8561820646216123E-006
           1          33  -2.2433999660396246E-004
           1          34  -2.0911928955075258E-004
           1          35   2.0331112301533665E-005
           1          36  -1.8356739799453282E-004
           1          37  -1.2046607781721665E-006
           1          38   6.1427039442589765E-007
           1          39  -1.7462077189641967E-004
           1          40   4.2881365306555535E-014
           1          41   4.6034486959052648E-014
           1          42   1.8222872010254710E-014
           1          43   1.2443992247678160E-013
           1          44  -2.5520552541194622E-013
           1          45   2.8555381733457877E-014
           1          46  -2.0737804400951989E-013
           1          47   1.2408819855527432E-014
           1          48   6.0458269909329259E-014
           1          49  -4.6764350851615390E-013
           1          50   1.5556962260694147E-014
           1          51   4.6297890192178687E-014
           1          52   1.8979901417306612E-014
           1          53   9.9666833247456959E-014
           1          54  -1.7743937040335917E-013
           1          55   1.3478079620321535E-014
           1          56  -1.5792755339784138E-013
           1          57   1.1715648606008031E-014
           1          58   4.5305840983925024E-014
           1          59  -3.3005496088856011E-013
           2           1  -1.4395672376046492E-003
           2           2   1.9865530813047108     
           2           3   1.5915139130006618E-002
           2           4  -3.9901698284097363E-002
           2           5  -3.9886937497683635E-002
           2           6  -5.8688368437068697E-003
           2           7  -9.8527027254915963E-013
           2           8  -3.6227065478338689E-012
           2           9  -1.5708109511111166E-011
           2          10  -1.2048788431702772E-012
           2          11  -4.1075107418634817E-013
           2          12   1.3185333420903939E-011
           2          13   2.7020913963293511E-012
           2          14   2.4480357799362243E-012
           2          15   1.3399746877691274E-011
           2          16  -2.7987886254915653E-013
           2          17   9.9266737056297257E-014
           2          18  -4.9390598623904613E-013
           2          19  -4.0441908156748694E-014
           2          20   1.6167169697983050E-014
           2          21   1.2286121879206217E-012
           2          22   4.6750101064372525E-003
           2          23   1.2127607649511194E-003
           2          24   6.1991932279076749E-003
           2          25  -7.1858602802518976E-005
           2          26   3.6641518278498525E-005
           2          27   6.7328635392514009E-003
           2          28   1.6933657550728641E-002
           2          29  -5.4882060485622434E-004
           2          30   1.6243906667815586E-002
           2          31   3.2518761649632682E-005
           2          32  -1.6581684634195374E-005
           2          33   1.6002400595029859E-002
           2          34   4.2700684924880244E-003
           2          35   3.9673427378385690E-004
           2          36   4.7686792786392710E-003
           2          37  -2.3507338556370259E-005
           2          38   1.1986659866282567E-005
           2          39   4.9432605440633930E-003
           2          40  -4.3590791196138124E-013
           2          41   1.5776690847525370E-013
           2          42  -1.3751267259225704E-013
           2          43   3.8006137282140820E-013
           2          44   2.4535322894421337E-012
           2          45   4.8013840342198954E-013
           2          46   2.9129496920045205E-012
           2          47  -2.7098468795899305E-013
           2          48   3.1047087943020628E-013
           2          49   6.8171131482809454E-012
           2          50  -4.3094337044393691E-013
           2          51  -5.4501654334257310E-014
           2          52  -1.3779537151076336E-013
           2          53   1.9690537362511487E-014
           2          54   2.5019212553271363E-012
           2          55   6.2302413740528607E-014
           2          56   2.7362906454951762E-012
           2          57  -2.1028501756532823E-013
           2          58   5.2868099585403632E-014
           2          59   6.3082453257595849E-012
           3           1  -5.8029315824278848E-005
           3           2   1.5915139130006618E-002
           3           3   1.4197015835624612E-003
           3           4   3.9200622823000769E-002
           3           5  -3.0876571946440983E-003
           3           6   4.1081322954277097E-004
           3           7  -7.5598989344001864E-013
           3           8  -1.7752856620358040E-012
           3           9   4.6927171776239585E-012
           3          10   1.2428422463502818E-013
           3          11   1.5134141032747757E-013
           3          12   3.9262029072581189E-013
           3          13   6.8231080826161824E-013
           3          14   1.9536306868161830E-012
           3          15   1.2517026221790695E-011
           3          16  -2.8166755197256383E-013
           3          17  -1.3753650908138781E-013
           3          18  -1.0732124659734011E-012
           3          19  -2.3520197945926109E-014
           3          20   5.7223482634574706E-014
           3          21   2.8399138352532201E-013
           3          22   9.0097016453296675E-004
           3          23  -5.2172703550861855E-004
           3          24   2.4526960581105215E-004
           3          25   3.0913431713492226E-005
           3          26  -1.5763112016225801E-005
           3          27   1.5685624002751092E-005
           3          28   2.0054093108971688E-003
           3          29  -7.9502230932704807E-004
           3          30   1.0062346116197466E-003
           3          31   4.7106761461480579E-005
           3          32  -2.4020276302587157E-005
           3          33   6.5638815942499018E-004
           3          34   5.3247752560336970E-004
           3          35  -2.6963803412468951E-004
           3          36   1.9359972818524539E-004
           3          37   1.5976627138156514E-005
           3          38  -8.1466662446882806E-006
           3          39   7.4946552928714937E-005
           3          40   8.4341718578144662E-014
           3          41   5.2442153743460230E-014
           3          42   5.9870354311607606E-014
           3          43   1.2491321766707026E-013
           3          44  -1.0568981109683710E-013
           3          45   2.5137580974839070E-013
           3          46   1.7448449759497591E-013
           3          47   4.0337312253147294E-014
           3          48   6.6706133428872798E-014
           3          49   7.9856582360934199E-013
           3          50   9.5523819299238841E-014
           3          51   8.1178054818947730E-014
           3          52   4.8408085070002731E-014
           3          53   1.8764245157170682E-013
           3          54   2.0227932887993233E-013
           3          55   1.6939864318393042E-013
           3          56   4.0938615358076716E-013
           3          57   3.2015649493649016E-014
           3          58   7.9532536264070179E-014
           3          59   1.0937425936840223E-012
           4           1  -4.3584009533339501E-003
           4           2  -3.9901698284097363E-002
           4           3   3.9200622823000769E-002
           4           4   1.8759971619727567     
           4           5 -0.10482359101615088     
           4           6   3.8073556643662569E-002
           4           7  -2.4953541063051965E-012
           4           8  -4.1385860657205895E-012
           4           9  -1.1292290082717749E-011
           4          10   3.8339122116613251E-013
           4          11  -9.2742449697078530E-013
           4          12   2.8989464156901185E-011
           4          13   1.1876361019691479E-011
           4          14   2.3744706297672611E-011
           4          15   6.5750482420385595E-011
           4          16  -6.2521383903191801E-012
           4          17  -1.2273474225435727E-011
           4          18  -5.9710222537794815E-011
           4          19  -3.7844936981964006E-013
           4          20  -4.3422742724090724E-013
           4          21  -9.6798693485789712E-012
           4          22   1.8901264916676264E-002
           4          23  -1.8718663961068468E-003
           4          24   1.6548730185887713E-002
           4          25   1.1091181390593310E-004
           4          26  -5.6555171058036893E-005
           4          27   1.5725025750103840E-002
           4          28   4.5798377993314127E-002
           4          29  -6.1756192501632307E-003
           4          30   3.8036935950731099E-002
           4          31   3.6591852770188004E-004
           4          32  -1.8658600349688516E-004
           4          33   3.5319381794808404E-002
           4          34   4.2862827424045690E-003
           4          35  -7.6380991732527765E-003
           4          36  -5.3131937908636410E-003
           4          37   4.5257361219290813E-004
           4          38  -2.3077247519826772E-004
           4          39  -8.6743115228040801E-003
           4          40   1.6571887074103320E-012
           4          41  -4.8922658017780921E-013
           4          42   3.5610173848897567E-013
           4          43  -6.6608895670187189E-013
           4          44   4.1177816487578090E-012
           4          45   2.1953450521171364E-012
           4          46   7.8679593623816231E-012
           4          47  -1.1447545256421574E-012
           4          48   3.8677244179173752E-012
           4          49   1.7779695936890592E-011
           4          50   2.7901854141049522E-012
           4          51   1.8279056158948457E-012
           4          52   1.6223424259065065E-012
           4          53   7.6025715947712586E-012
           4          54   2.6960428996383027E-012
           4          55   4.2614524622715273E-012
           4          56   1.1511916517873655E-011
           4          57  -1.4813834248019089E-013
           4          58  -8.0410332709092829E-014
           4          59   8.7380082160968984E-012
           5           1   1.9424278473315617E-003
           5           2  -3.9886937497683635E-002
           5           3  -3.0876571946440983E-003
           5           4 -0.10482359101615088     
           5           5   7.4595398893875214E-003
           5           6  -1.6052367136316277E-003
           5           7   1.2259384570050632E-011
           5           8   2.6199438542736425E-011
           5           9   2.2970539184164817E-011
           5          10   2.3944325041385556E-014
           5          11   7.3095677097729982E-013
           5          12   7.4019888568389041E-012
           5          13   3.7266645742312657E-012
           5          14   1.2821240541758326E-011
           5          15   8.5656667047170336E-011
           5          16  -7.4019492279081103E-014
           5          17  -1.3317162199581112E-012
           5          18  -7.2415877703525637E-012
           5          19   1.4517619075704574E-013
           5          20   2.7730735996064826E-013
           5          21   2.3168054622885676E-012
           5          22  -1.7170707305179606E-003
           5          23   6.4865315504038625E-004
           5          24  -9.0185104617865569E-004
           5          25  -3.8434065361986506E-005
           5          26   1.9597968154815024E-005
           5          27  -6.1641380799802169E-004
           5          28  -4.0098515680647836E-003
           5          29   1.1267255069046752E-003
           5          30  -2.5937963087108535E-003
           5          31  -6.6760879803813480E-005
           5          32   3.4042134723966673E-005
           5          33  -2.0979852598673626E-003
           5          34  -8.1668269998207697E-004
           5          35   5.5209058977860701E-004
           5          36  -1.2282176270386058E-004
           5          37  -3.2712541485676184E-005
           5          38   1.6680501065060045E-005
           5          39   1.2012362415627099E-004
           5          40  -1.5365987702004024E-013
           5          41   9.8964031297896346E-014
           5          42   2.2458844003323306E-013
           5          43   4.8136223855391772E-013
           5          44   1.4803024540713025E-012
           5          45   6.1445071951441473E-013
           5          46   2.2874885639571315E-012
           5          47  -5.0183886996340539E-014
           5          48   1.8807437206815952E-013
           5          49   5.5863065595967821E-012
           5          50   1.5083599663841383E-014
           5          51   2.2711593712424177E-013
           5          52   2.0051498525920475E-013
           5          53   5.9380891133529582E-013
           5          54   2.2022838972745607E-012
           5          55   3.8568047292629385E-013
           5          56   2.5953252051117501E-012
           5          57   2.9167751373429572E-014
           5          58   4.6503602089809983E-013
           5          59   6.8358334625925335E-012
           6           1   2.4144254982548210E-004
           6           2  -5.8688368437068697E-003
           6           3   4.1081322954277097E-004
           6           4   3.8073556643662569E-002
           6           5  -1.6052367136316277E-003
           6           6   1.0421906219058531E-003
           6           7   2.2628602162140062E-012
           6           8   6.4367060253199372E-012
           6           9   3.1528415177348198E-011
           6          10  -1.4619122217765386E-012
           6          11  -5.3278873736470673E-012
           6          12  -4.2131208041176612E-011
           6          13  -1.4524376086195451E-011
           6          14  -5.4981619179146749E-011
           6          15  -4.6068089721344217E-010
           6          16   1.3114742673984938E-012
           6          17   4.8886253602439793E-012
           6          18   4.2137254145756766E-011
           6          19  -3.4810729800187907E-013
           6          20  -1.3233475257333043E-012
           6          21  -1.1149653403194258E-011
           6          22   2.4628481924365196E-005
           6          23   3.2389790317017799E-004
           6          24   4.3169984928572374E-004
           6          25  -1.9191644810684142E-005
           6          26   9.7860400183599832E-006
           6          27   5.7422999312212229E-004
           6          28   2.1355629949683483E-004
           6          29   3.6626141620552626E-004
           6          30   6.7386947867340192E-004
           6          31  -2.1701768827878299E-005
           6          32   1.1065981439429168E-005
           6          33   8.3504148478928480E-004
           6          34  -2.2748416854612098E-004
           6          35  -7.2490336919442804E-005
           6          36  -3.1858937492204939E-004
           6          37   4.2952062856155471E-006
           6          38  -2.1901743276782315E-006
           6          39  -3.5048852896903013E-004
           6          40  -5.8664585715365015E-013
           6          41  -1.2560603290152474E-012
           6          42  -1.3982115742495560E-012
           6          43  -3.7927569466058444E-012
           6          44  -7.7416461044960796E-012
           6          45  -4.5530393075323694E-012
           6          46  -1.3479266004721152E-011
           6          47  -1.0263373369824453E-013
           6          48  -2.0259273470134944E-012
           6          49  -3.4775967821954744E-011
           6          50  -8.0308831187148400E-013
           6          51  -1.5606983864721789E-012
           6          52  -1.1602350438942595E-012
           6          53  -4.0979646236716387E-012
           6          54  -1.1633183176033062E-011
           6          55  -3.2276146042898625E-012
           6          56  -1.5617445959974080E-011
           6          57  -2.3306969959862511E-013
           6          58  -2.2999314531619022E-012
           6          59  -3.8839986197142030E-011
           7           1  -4.2159868172880529E-013
           7           2  -9.8527027254915963E-013
           7           3  -7.5598989344001864E-013
           7           4  -2.4953541063051965E-012
           7           5   1.2259384570050632E-011
           7           6   2.2628602162140062E-012
           7           7   2.0644223683878171     
           7           8  -2.3735036129913893E-003
           7           9   1.4063628083871684E-004
           7          10  -5.1571915972245266E-002
           7          11   3.2011297597690225E-003
           7          12  -1.8967485065950041E-004
           7          13   4.4700069520042129E-002
           7          14   1.3197627382214557E-002
           7          15  -7.8198650420754727E-004
           7          16  -3.3911764343317496E-002
           7          17  -5.8555585190714875E-004
           7          18   3.4695599574304572E-005
           7          19  -3.3400899791528665E-003
           7          20   1.0154315919146694E-003
           7          21  -6.0166539105292335E-005
           7          22  -9.9884758217834014E-013
           7          23  -3.9445074266662072E-013
           7          24  -9.1395675413347263E-013
           7          25   2.7142780942735370E-012
           7          26  -6.8494348725640066E-013
           7          27  -1.6424379891276528E-012
           7          28  -3.1180256261067694E-012
           7          29   1.0347636146525037E-012
           7          30  -2.5107983060929090E-012
           7          31  -2.8814877513661732E-012
           7          32  -4.5774961379241036E-013
           7          33  -3.0988045198865592E-012
           7          34  -1.7890823927326986E-012
           7          35  -3.4822773711430872E-014
           7          36  -1.6829206343598021E-012
           7          37   8.0881480789148077E-013
           7          38  -5.2189461271410917E-013
           7          39  -1.8710633382923540E-012
           7          40  -3.1552331163876818E-002
           7          41  -3.3002290698674392E-004
           7          42  -1.4181927789157634E-002
           7          43  -8.7975304247559297E-004
           7          44   1.9554501337513664E-005
           7          45   5.3913752688315858E-006
           7          46   2.0990097524019653E-005
           7          47  -1.4103404490471073E-002
           7          48  -4.1282427280138099E-004
           7          49   5.4713940510048723E-005
           7          50  -1.1501815038181302E-002
           7          51  -1.8943321470666599E-005
           7          52  -5.7193642509692118E-003
           7          53   1.5515568901005236E-003
           7          54   1.1222524099309560E-006
           7          55  -1.0302081141436419E-005
           7          56  -4.2269155937728779E-005
           7          57  -5.8694101493486544E-003
           7          58   6.8423128019103280E-004
           7          59  -9.0646367961365044E-005
           8           1  -9.1067263331743626E-013
           8           2  -3.6227065478338689E-012
           8           3  -1.7752856620358040E-012
           8           4  -4.1385860657205895E-012
           8           5   2.6199438542736425E-011
           8           6   6.4367060253199372E-012
           8           7  -2.3735036129913893E-003
           8           8   2.0609779104639938     
           8           9  -7.1712032256263965E-005
           8          10   3.2011297473900765E-003
           8          11  -4.6926396479605330E-002
           8          12   9.6717362365469868E-005
           8          13   1.3197626962533213E-002
           8          14   6.3852638727040001E-002
           8          15   3.9874377502871277E-004
           8          16  -5.8555575135772146E-004
           8          17  -3.4761525798074441E-002
           8          18  -1.7691659813200859E-005
           8          19   1.0154316677995145E-003
           8          20  -1.8664810697250228E-003
           8          21   3.0679602826867860E-005
           8          22  -1.1687194345861357E-012
           8          23  -4.3271138336693297E-013
           8          24  -2.5455685216331350E-012
           8          25  -5.8158003118620819E-013
           8          26   1.2555173344373122E-012
           8          27  -3.7751655380731491E-012
           8          28  -6.8260305940112415E-012
           8          29   1.0743978471822106E-012
           8          30  -5.4954717658896989E-012
           8          31  -4.1112997057102052E-013
           8          32  -3.5608058494795439E-012
           8          33  -7.3973190980304233E-012
           8          34  -3.3408988689143985E-012
           8          35  -5.0962212143014366E-013
           8          36  -4.4100834393021673E-012
           8          37  -1.1340497515435062E-013
           8          38  -3.0174365638360832E-013
           8          39  -4.4431006774156528E-012
           8          40  -7.5506500163532921E-004
           8          41  -1.4677519656438480E-002
           8          42  -4.9730953062535955E-004
           8          43  -3.2816625529964595E-002
           8          44  -5.6488087877757397E-006
           8          45   8.7231980762699079E-007
           8          46  -1.5025349625554734E-005
           8          47  -4.1282426358568323E-004
           8          48  -1.4702501106001905E-002
           8          49  -2.7899260325951339E-005
           8          50   1.6135963174351150E-003
           8          51  -4.1347777558781804E-003
           8          52  -1.0217810841017707E-004
           8          53  -1.0451748700006414E-002
           8          54   2.4068317402455722E-005
           8          55   2.5898466298214425E-005
           8          56  -3.0870530172171316E-006
           8          57   6.8423127241747366E-004
           8          58  -4.8764453454744131E-003
           8          59   4.6221610069537047E-005
           9           1  -9.4813075115512132E-013
           9           2  -1.5708109511111166E-011
           9           3   4.6927171776239585E-012
           9           4  -1.1292290082717749E-011
           9           5   2.2970539184164817E-011
           9           6   3.1528415177348198E-011
           9           7   1.4063628083871684E-004
           9           8  -7.1712032256263965E-005
           9           9   2.0597718840074504     
           9          10  -1.8967484294818413E-004
           9          11   9.6717331727558755E-005
           9          12  -4.5299836340856811E-002
           9          13  -7.8198663534630967E-004
           9          14   3.9874390175968072E-004
           9          15   7.0558628390914396E-002
           9          16   3.4695579335924108E-005
           9          17  -1.7691651302136806E-005
           9          18  -3.5059056605804190E-002
           9          19  -6.0166553473152366E-005
           9          20   3.0679601477059432E-005
           9          21  -1.3505185573425152E-003
           9          22  -7.0358259114530991E-012
           9          23   7.1983272028167678E-012
           9          24  -5.2520796363985341E-012
           9          25  -2.1973325810512814E-013
           9          26  -1.4180075023478414E-012
           9          27  -2.8574331236608827E-014
           9          28  -8.0388963019496856E-012
           9          29  -3.4587444660644949E-012
           9          30  -1.1299196809570884E-011
           9          31   3.1475074657418730E-012
           9          32   1.6794943743996461E-012
           9          33  -1.3073832242910453E-011
           9          34  -7.0445155263070946E-012
           9          35  -2.7722367713662938E-012
           9          36  -1.1481489272060872E-011
           9          37  -1.6721644924418886E-012
           9          38   2.4188244225167930E-012
           9          39  -4.2610557894481420E-012
           9          40   4.4739097632460852E-005
           9          41  -5.6488099320583301E-006
           9          42   2.0990094608736881E-005
           9          43  -2.6580221751606230E-005
           9          44  -1.4772520584847570E-002
           9          45  -8.2356412465605028E-005
           9          46  -1.4876025295150235E-002
           9          47   3.2937157078699772E-005
           9          48  -1.6795039582020784E-005
           9          49  -3.3344839915111224E-002
           9          50  -9.5609422729960370E-005
           9          51   2.4068312070755455E-005
           9          52  -4.2269149198873408E-005
           9          53   4.6877897049606877E-005
           9          54  -3.7300040566290043E-003
           9          55  -4.7074108182503514E-004
           9          56  -4.3216256637756186E-003
           9          57   7.7809041611294136E-006
           9          58  -3.9675822344601799E-006
           9          59  -1.0126644765831933E-002
          10           1   9.1006294190223161E-014
          10           2  -1.2048788431702772E-012
          10           3   1.2428422463502818E-013
          10           4   3.8339122116613251E-013
          10           5   2.3944325041385556E-014
          10           6  -1.4619122217765386E-012
          10           7  -5.1571915972245266E-002
          10           8   3.2011297473900765E-003
          10           9  -1.8967484294818413E-004
          10          10   9.6095813479148678E-003
          10          11  -1.2060396012900344E-003
          10          12   7.1460500184475243E-005
          10          13  0.10081505876614544     
          10          14  -1.7934797637238417E-002
          10          15   1.0626747003522040E-003
          10          16  -1.3922912402620487E-003
          10          17  -2.2229020206001259E-003
          10          18   1.3171170118024154E-004
          10          19   4.3425425208028110E-003
          10          20  -1.4019643043618277E-003
          10          21   8.3069367712215291E-005
          10          22   2.9780869224726069E-013
          10          23  -5.1327552024680659E-013
          10          24  -3.2127737209675513E-014
          10          25   9.9452086213747495E-013
          10          26   7.3509763521821069E-013
          10          27  -2.2050263069222720E-013
          10          28   6.9903469914964317E-013
          10          29  -5.0132483900235638E-013
          10          30  -4.9692622879909371E-014
          10          31   1.9871795052841438E-012
          10          32   7.8904643996775070E-013
          10          33  -1.8985561639894513E-013
          10          34   3.3589484958451165E-013
          10          35  -2.6318715440304876E-013
          10          36   4.2757909181624071E-013
          10          37  -7.9270512612584782E-014
          10          38   4.2297332770588435E-013
          10          39   4.1716328569857096E-013
          10          40   5.0318547068407531E-003
          10          41   4.5842224667947123E-004
          10          42   3.0192581813429154E-003
          10          43  -6.5340131286741997E-004
          10          44  -2.7162479967022549E-005
          10          45   4.9011275963852409E-006
          10          46   2.1753146987723801E-005
          10          47   3.0906412603097203E-003
          10          48  -2.5514530418614239E-004
          10          49   3.3769854535244535E-005
          10          50   5.9537598464063507E-003
          10          51   2.7109925124837824E-004
          10          52   3.2526593854599467E-003
          10          53  -8.7949531984852884E-004
          10          54  -1.6063191260995707E-005
          10          55   7.6467410890093066E-006
          10          56   2.5441764816103477E-005
          10          57   3.3640312690102698E-003
          10          58  -3.7548264770524215E-004
          10          59   4.9731628223145910E-005
          11           1   2.0894820878415415E-013
          11           2  -4.1075107418634817E-013
          11           3   1.5134141032747757E-013
          11           4  -9.2742449697078530E-013
          11           5   7.3095677097729982E-013
          11           6  -5.3278873736470673E-012
          11           7   3.2011297597690225E-003
          11           8  -4.6926396479605330E-002
          11           9   9.6717331727558755E-005
          11          10  -1.2060396012900344E-003
          11          11   7.8593643121774217E-003
          11          12  -3.6438511735347171E-005
          11          13  -1.7934797010433903E-002
          11          14   7.4787857903623203E-002
          11          15  -5.4186986025951006E-004
          11          16  -2.2229023026061885E-003
          11          17  -4.6182051215214182E-003
          11          18  -6.7161327778779084E-005
          11          19  -1.4019644682844094E-003
          11          20   2.3079915606316666E-003
          11          21  -4.2358017241488649E-005
          11          22  -1.8654983659202398E-013
          11          23  -6.1538270297098905E-014
          11          24  -2.7725741273044562E-013
          11          25   6.9594573502769340E-013
          11          26   2.3860178096976538E-012
          11          27   5.7432111344063507E-013
          11          28   8.6817547744740454E-014
          11          29   8.9109046825812456E-014
          11          30  -1.5181129174894781E-013
          11          31   9.2413598015780255E-013
          11          32   3.7693268147720784E-012
          11          33   8.3569630312373171E-013
          11          34  -1.8633311052830894E-014
          11          35   2.8610978957859427E-013
          11          36   1.6295577020824271E-012
          11          37   2.6337803042460058E-013
          11          38   7.0440870721910468E-013
          11          39   1.4233346042079473E-012
          11          40  -8.9178674798537740E-004
          11          41   1.8184668140396260E-003
          11          42   7.7825008992899033E-004
          11          43   5.4745120900570737E-003
          11          44  -2.0755223367525892E-005
          11          45  -3.1493830433508212E-005
          11          46   2.3513525689101926E-005
          11          47  -2.5514535736907761E-004
          11          48   2.7203721949618565E-003
          11          49  -1.7219632986476584E-005
          11          50  -9.9423239925742232E-004
          11          51   2.0880602556932145E-003
          11          52   4.2503554857493920E-004
          11          53   5.8387092507958573E-003
          11          54  -1.7623960619359703E-005
          11          55  -2.5528297374866089E-005
          11          56   1.2841738810441131E-005
          11          57  -3.7548266885730408E-004
          11          58   2.8191272111835449E-003
          11          59  -2.5358720082321783E-005
          12           1  -1.2525066801005077E-012
          12           2   1.3185333420903939E-011
          12           3   3.9262029072581189E-013
          12           4   2.8989464156901185E-011
          12           5   7.4019888568389041E-012
          12           6  -4.2131208041176612E-011
          12           7  -1.8967485065950041E-004
          12           8   9.6717362365469868E-005
          12           9  -4.5299836340856811E-002
          12          10   7.1460500184475243E-005
          12          11  -3.6438511735347171E-005
          12          12   7.2465519593676673E-003
          12          13   1.0626753196770601E-003
          12          14  -5.4187019493032390E-004
          12          15   6.5674818083078138E-002
          12          16   1.3171173577932846E-004
          12          17  -6.7161336535198705E-005
          12          18  -5.7477127695196627E-003
          12          19   8.3069413266353336E-005
          12          20  -4.2358030572334910E-005
          12          21   1.5956233937239289E-003
          12          22  -1.9507196360348937E-012
          12          23   9.0779175515821875E-013
          12          24   4.1126545987484653E-013
          12          25  -1.0422182212665968E-012
          12          26   6.0056735896547726E-013
          12          27   2.5842476490499385E-012
          12          28  -2.4598375038875291E-012
          12          29   7.5815262405124358E-013
          12          30   1.1249519402889532E-012
          12          31  -1.2003859197097940E-012
          12          32   2.0409054396622197E-012
          12          33   9.8565185287915015E-013
          12          34   1.7074662154319655E-012
          12          35   3.6065173028549876E-012
          12          36   8.6078909873833523E-012
          12          37  -7.4095931239397105E-013
          12          38  -3.8016610916194616E-012
          12          39   2.0524440680460130E-012
          12          40   5.2840313608386116E-005
          12          41  -2.0755227308748715E-005
          12          42   2.1753150241175092E-005
          12          43  -1.9741457273082670E-005
          12          44   1.4694105213360618E-003
          12          45   6.6082899509080167E-004
          12          46   2.2999327241876189E-003
          12          47  -5.2748187958306421E-005
          12          48   2.6896904488959460E-005
          12          49   5.7930427536606356E-003
          12          50   5.8910427842993933E-005
          12          51  -1.7623965305024103E-005
          12          52   2.5441764291742615E-005
          12          53  -2.6572505132528710E-005
          12          54   1.7916650274513439E-003
          12          55   4.9307846715725785E-004
          12          56   2.4113599202692576E-003
          12          57  -2.8377839795300584E-005
          12          58   1.4470193557052046E-005
          12          59   5.8771398938209062E-003
          13           1  -1.3607057844175931E-013
          13           2   2.7020913963293511E-012
          13           3   6.8231080826161824E-013
          13           4   1.1876361019691479E-011
          13           5   3.7266645742312657E-012
          13           6  -1.4524376086195451E-011
          13           7   4.4700069520042129E-002
          13           8   1.3197626962533213E-002
          13           9  -7.8198663534630967E-004
          13          10  0.10081505876614544     
          13          11  -1.7934797010433903E-002
          13          12   1.0626753196770601E-003
          13          13   1.2569641151799567     
          13          14 -0.26981886695276835     
          13          15   1.5987339512693242E-002
          13          16  -2.5083612356937981E-002
          13          17  -2.3666230362273222E-002
          13          18   1.4022746326426642E-003
          13          19   5.3239696070933366E-002
          13          20  -1.8576581043093319E-002
          13          21   1.1007019020167234E-003
          13          22   2.9626930659156940E-012
          13          23  -5.5044677763098431E-012
          13          24  -2.9496363569837505E-013
          13          25   1.0390943517830764E-011
          13          26   8.2228181819917902E-012
          13          27  -2.7776438384712923E-012
          13          28   6.5710030665265988E-012
          13          29  -4.7945192675748415E-012
          13          30  -1.3558538408744586E-012
          13          31   1.9821406947391859E-011
          13          32   8.6598244715063141E-012
          13          33  -3.0750691898866649E-012
          13          34   3.1912755856607776E-012
          13          35  -2.9123611691982349E-012
          13          36   3.2731277688764956E-012
          13          37  -1.1728812718674073E-012
          13          38   4.5813288578984294E-012
          13          39   3.2023431757530535E-012
          13          40   5.1709392248507194E-002
          13          41   3.9707634472151577E-003
          13          42   3.1521244319796561E-002
          13          43  -1.0721515377262706E-002
          13          44  -2.3527613404052502E-004
          13          45   7.8540910742318411E-005
          13          46   3.2439505213877827E-004
          13          47   3.2665162996433697E-002
          13          48  -4.4583799382505711E-003
          13          49   5.9038269669604349E-004
          13          50   6.9475443040599910E-002
          13          51   1.3759940229194374E-003
          13          52   3.7362397758103523E-002
          13          53  -1.3704571291037217E-002
          13          54  -8.1530454640720593E-005
          13          55   9.9992499623691161E-005
          13          56   3.7990220006837636E-004
          13          57   3.8818750660683118E-002
          13          58  -5.9889845456246767E-003
          13          59   7.9335994920506296E-004
          14           1  -1.0864332013290427E-013
          14           2   2.4480357799362243E-012
          14           3   1.9536306868161830E-012
          14           4   2.3744706297672611E-011
          14           5   1.2821240541758326E-011
          14           6  -5.4981619179146749E-011
          14           7   1.3197627382214557E-002
          14           8   6.3852638727040001E-002
          14           9   3.9874390175968072E-004
          14          10  -1.7934797637238417E-002
          14          11   7.4787857903623203E-002
          14          12  -5.4187019493032390E-004
          14          13 -0.26981886695276835     
          14          14  0.86539928964498136     
          14          15  -8.1521261609912438E-003
          14          16  -2.3666229652332012E-002
          14          17  -5.9428437875520164E-002
