           1           1   2.0142127940490799     
           1           2  0.72617060031665193     
           1           3  0.82259169423749623     
           1           4   1.5638884670367466     
           1           5  0.31781869488445580     
           1           6 -0.32905542322981884     
           1           7   2.8680697685314262E-002
           1           8   2.1132626834596557E-013
           1           9   4.4415087505897328E-014
           1          10  -9.2503888396798781E-015
           1          11   2.6490986638608593E-012
           1          12   1.2188768377241194E-012
           1          13  -1.6049689331445808E-013
           1          14  -3.1269959334844699E-012
           1          15  -1.5841018231058945E-012
           1          16   1.2895566090719629E-013
           1          17   1.0886808296200701E-011
           1          18   5.3046037543955541E-012
           1          19  -7.5450673250431319E-013
           1          20  -2.4766554852058855E-012
           1          21  -1.1441635622746152E-012
           1          22   2.0642793811433784E-013
           1          23  -1.1100738831310272E-013
           1          24  -6.3552442697352428E-014
           1          25  -9.4186924223713675E-016
           1          26 -0.89777217520595576     
           1          27  -6.9634946229277798E-014
           1          28 -0.89777217520595087     
           1          29  -4.2609083444739043E-015
           1          30  -8.8549697885437167E-015
           1          31 -0.89777217520602581     
           1          32 -0.37608579319052593     
           1          33   1.3100976664361653E-014
           1          34 -0.37608579319053209     
           1          35   1.3284288144808428E-014
           1          36  -3.8495424704887411E-016
           1          37 -0.37608579319047819     
           1          38   7.9257901355746591E-002
           1          39   1.0988643196570188E-014
           1          40   7.9257901355753252E-002
           1          41  -1.5365840451201282E-014
           1          42  -6.6338004551870978E-015
           1          43   7.9257901355709162E-002
           1          44  -7.0695672720503080E-004
           1          45  -9.6737843855541393E-015
           1          46  -7.0695672720140653E-004
           1          47   6.5257444127918618E-015
           1          48   4.1405309043747900E-015
           1          49  -7.0695672718664533E-004
           1          50  -3.1985012372773386E-012
           1          51  -6.9317290993516195E-013
           1          52  -1.4308976535485640E-012
           1          53  -1.5397550180739754E-012
           1          54   1.1196119531433904E-013
           1          55   1.7789981734972115E-015
           1          56   1.1255197526235723E-013
           1          57  -1.4309638728959857E-012
           1          58  -6.9730460569194611E-013
           1          59   2.5118060553826661E-013
           1          60  -1.4472612519510280E-012
           1          61  -3.3473182883042095E-013
           1          62  -6.4610186783383569E-013
           1          63  -7.4788993197857357E-013
           1          64   4.1145830870536648E-014
           1          65  -1.2640097968240088E-015
           1          66   3.3301067445612768E-014
           1          67  -6.4816641370339411E-013
           1          68  -3.3102796362996748E-013
           1          69   7.2459044283333376E-014
           2           1  0.72617060031665193     
           2           2   23.124097105924442     
           2           3   28.757813260575652     
           2           4   44.492925868730360     
           2           5   7.9930601741831566     
           2           6  -10.278272557162463     
           2           7  0.43655806384029422     
           2           8   3.1198658022773467E-012
           2           9   1.2644890055987502E-012
           2          10  -1.0209485143643775E-013
           2          11   2.8605525452457572E-011
           2          12   3.0279916713674418E-011
           2          13  -1.0206180956191940E-013
           2          14  -4.7217196282002159E-011
           2          15  -3.9521588838747171E-011
           2          16   6.4443914774554897E-013
           2          17   9.2162496500718754E-011
           2          18   1.1311109817048827E-010
           2          19  -1.3452370136246768E-012
           2          20  -1.3144562698873070E-011
           2          21  -2.1679693916883549E-011
           2          22   3.1203645694130643E-013
           2          23  -1.9649858412410145E-012
           2          24  -1.7270152091045481E-012
           2          25  -8.8979187137920078E-014
           2          26  -27.201293334919733     
           2          27  -4.7863354352577991E-013
           2          28  -27.201293334919583     
           2          29  -1.5394705830669234E-013
           2          30  -2.1184662880732659E-013
           2          31  -27.201293334920820     
           2          32  -9.9952774740814085     
           2          33  -8.0278011596067261E-014
           2          34  -9.9952774740815720     
           2          35   1.9693389815324373E-013
           2          36  -1.8800335161379744E-013
           2          37  -9.9952774740804742     
           2          38   2.6406047057002242     
           2          39   3.4858920014345139E-013
           2          40   2.6406047057005555     
           2          41  -1.6409498023668791E-013
           2          42   8.2085250370087357E-014
           2          43   2.6406047056994160     
           2          44  0.23603269408434907     
           2          45  -1.9744072719415093E-013
           2          46  0.23603269408448585     
           2          47  -1.9827095649278426E-014
           2          48  -1.1300114754352784E-013
           2          49  0.23603269408485270     
           2          50  -2.0338201818396833E-011
           2          51  -1.3900408458091573E-011
           2          52  -9.0794815316991416E-012
           2          53  -3.0918606624340292E-011
           2          54   1.8598535672625544E-013
           2          55  -3.2529183739100244E-014
           2          56   1.0694065144432542E-013
           2          57  -9.1643100470545316E-012
           2          58  -1.4120712426792599E-011
           2          59   4.0033753547475054E-013
           2          60  -1.8508961640429949E-011
           2          61  -8.0597730986293398E-012
           2          62  -8.1945231832738845E-012
           2          63  -1.8043795381624916E-011
           2          64   3.5217792539959557E-013
           2          65   5.1538109745903561E-014
           2          66   1.5060782017641226E-013
           2          67  -8.3039231491861135E-012
           2          68  -8.0056497091349297E-012
           2          69   1.7877320589075218E-013
           3           1  0.82259169423749623     
           3           2   28.757813260575652     
           3           3   39.273019952769246     
           3           4   64.566636681847285     
           3           5   12.963955966480320     
           3           6  -14.422681764693603     
           3           7  0.84838186306569308     
           3           8   6.8395649747385407E-012
           3           9   2.6418090523376276E-012
           3          10  -3.3455361333064417E-013
           3          11   8.2666923177785087E-011
           3          12   4.8368837029255398E-011
           3          13  -5.1836381936218616E-012
           3          14  -1.0359830076330089E-010
           3          15  -6.3784608370027675E-011
           3          16   4.9332633593066279E-012
           3          17   3.2963169389255326E-010
           3          18   1.9933698863679083E-010
           3          19  -2.3723053361327233E-011
           3          20  -7.1842129814650185E-011
           3          21  -4.0609149912409389E-011
           3          22   6.2849578184208670E-012
           3          23  -3.7614213236807026E-012
           3          24  -2.7111469924874666E-012
           3          25  -5.7551671926122350E-014
           3          26  -37.324159075609892     
           3          27  -2.6497204633925578E-012
           3          28  -37.324159075609543     
           3          29  -1.1810825803722569E-013
           3          30  -2.0386393737137402E-013
           3          31  -37.324159075612442     
           3          32  -15.264783821218536     
           3          33   5.7238297938174123E-013
           3          34  -15.264783821218826     
           3          35   2.5182626546290725E-013
           3          36  -4.5092994843558189E-013
           3          37  -15.264783821216657     
           3          38   3.5017563400902540     
           3          39   2.6379274371624402E-013
           3          40   3.5017563400908216     
           3          41  -2.0139914005188373E-013
           3          42   2.3175156539388727E-013
           3          43   3.5017563400887464     
           3          44  0.18679451449462697     
           3          45  -1.9303654681762387E-013
           3          46  0.18679451449490181     
           3          47  -8.6524953709616437E-014
           3          48  -2.4652564746005724E-013
           3          49  0.18679451449557499     
           3          50  -9.3961911629317604E-011
           3          51  -2.5374497750838618E-011
           3          52  -4.1981698340392917E-011
           3          53  -5.6456307733681517E-011
           3          54   3.4607455458607895E-012
           3          55  -5.9608404676014221E-014
           3          56   3.3354349336784854E-012
           3          57  -4.2146728592012941E-011
           3          58  -2.5793529184001697E-011
           3          59   7.7295595500963356E-012
           3          60  -4.6400952413841727E-011
           3          61  -1.3355171926958106E-011
           3          62  -2.0614135921067893E-011
           3          63  -2.9898819074383149E-011
           3          64   1.5982588119116264E-012
           3          65   9.3128562233445042E-014
           3          66   1.2154766245083038E-012
           3          67  -2.0797704530940634E-011
           3          68  -1.3245871420080017E-011
           3          69   2.4637394628271292E-012
           4           1   1.5638884670367466     
           4           2   44.492925868730360     
           4           3   64.566636681847285     
           4           4   110.00304287758269     
           4           5   23.395759074764573     
           4           6  -24.119503274325591     
           4           7   1.6480776157585100     
           4           8   4.8212975070177472E-012
           4           9   3.1306589121192821E-012
           4          10   5.2314619448059528E-014
           4          11   3.2000930047689521E-011
           4          12   4.9051721889649886E-011
           4          13   4.9632404709508924E-012
           4          14  -7.6412519252352589E-011
           4          15  -7.0134590142793961E-011
           4          16  -2.0736310360916532E-012
           4          17  -6.3962868719922564E-012
           4          18   1.1997881793451393E-010
           4          19   1.9366493297197553E-011
           4          20   3.1010752837337543E-011
           4          21  -8.9165694029197443E-012
           4          22  -5.3175070805145615E-012
           4          23  -3.7265368914118682E-012
           4          24  -3.7187704818728973E-012
           4          25  -4.3282108935550494E-013
           4          26  -61.461917945121215     
           4          27   1.3058506972706175E-012
           4          28  -61.461917945120319     
           4          29  -2.2223154263173944E-013
           4          30  -1.0407747861786823E-013
           4          31  -61.461917945121982     
           4          32  -26.741011655649750     
           4          33  -1.2304814502638943E-012
           4          34  -26.741011655650347     
           4          35   4.4288439851591120E-013
           4          36  -9.9915888659648261E-013
           4          37  -26.741011655647707     
           4          38   5.6557971688336215     
           4          39   1.4165899283022269E-012
           4          40   5.6557971688346971     
           4          41  -3.2698694242204267E-013
           4          42   5.2861259253824926E-013
           4          43   5.6557971688314179     
           4          44  0.17167228417349320     
           4          45  -6.6682411402058650E-013
           4          46  0.17167228417403027     
           4          47  -1.9787341803333017E-013
           4          48  -5.0947752454371099E-013
           4          49  0.17167228417507613     
           4          50   2.7469899792445499E-011
           4          51  -1.0729964012508893E-011
           4          52   1.2367519569377739E-011
           4          53  -2.3466297105341153E-011
           4          54  -2.9173396109444101E-012
           4          55  -1.1302685400593806E-013
           4          56  -3.1406949370527167E-012
           4          57   1.2044799463975877E-011
           4          58  -1.1543220632693678E-011
           4          59  -6.5242137895749005E-012
           4          60  -2.2867391878627105E-011
           4          61  -1.3330671875506609E-011
           4          62  -9.9760878990830987E-012
           4          63  -2.9871354267416172E-011
           4          64   1.4311173879077463E-013
           4          65   1.7620032004869121E-013
           4          66  -6.0049215426361970E-013
           4          67  -1.0313813619376807E-011
           4          68  -1.3113204654571532E-011
           4          69  -1.8009650842325055E-012
           5           1  0.31781869488445580     
           5           2   7.9930601741831566     
           5           3   12.963955966480320     
           5           4   23.395759074764573     
           5           5   5.4271144688690605     
           5           6  -4.9959079350328297     
           5           7  0.41572575966771758     
           5           8   1.0564033498599547E-011
           5           9   1.4346811475029210E-012
           5          10  -8.8998074011411210E-013
           5          11   1.8508774334732407E-010
           5          12   1.8391138904141518E-011
           5          13  -1.9384509352133786E-011
           5          14  -1.6432017784960432E-010
           5          15  -3.0817490450282754E-011
           5          16   1.5175701914675305E-011
           5          17   8.3353069829822202E-010
           5          18   1.1573106159780958E-010
           5          19  -8.3546073105359817E-011
           5          20  -2.1798932334472214E-010
           5          21  -2.6573472956697625E-011
           5          22   2.2350815854756104E-011
           5          23  -4.8182312954494203E-012
           5          24  -1.1633269197353544E-012
           5          25   3.3133134062023849E-013
           5          26  -12.278387693457697     
           5          27  -5.4255614566632753E-012
           5          28  -12.278387693456956     
           5          29   5.4329670633172360E-013
           5          30   6.2549443976390976E-013
           5          31  -12.278387693459626     
           5          32  -5.9443806926138372     
           5          33   1.8444602874360762E-012
           5          34  -5.9443806926141693     
           5          35  -1.2394087749821871E-013
           5          36  -5.0978872965347060E-013
           5          37  -5.9443806926126799     
           5          38   1.1028267247307122     
           5          39  -5.5745456380086806E-013
           5          40   1.1028267247310535     
           5          41   3.0781882653985088E-014
           5          42   2.5160889065815250E-013
           5          43   1.1028267247298946     
           5          44  -1.0482609167236458E-002
           5          45   1.6657053667561438E-013
           5          46  -1.0482609167118958E-002
           5          47  -9.5976377761972513E-014
           5          48  -1.7460517134318357E-013
           5          49  -1.0482609166736909E-002
           5          50  -2.6923585854908422E-010
           5          51  -1.5680699886944842E-011
           5          52  -1.2038254325270539E-010
           5          53  -3.4935085060421987E-011
           5          54   1.2275876145350186E-011
           5          55  -2.8292791686097590E-014
           5          56   1.2224483706065206E-011
           5          57  -1.2046757247109119E-010
           5          58  -1.5892933037960568E-011
           5          59   2.7455361188256522E-011
           5          60  -8.8220390726103742E-011
           5          61  -6.7158485706469134E-012
           5          62  -3.9392671341921966E-011
           5          63  -1.5029689251403304E-011
           5          64   4.0208282551950345E-012
           5          65   4.4222999437898370E-014
           5          66   3.8263766791282090E-012
           5          67  -3.9474696417958004E-011
           5          68  -6.6574408715243830E-012
           5          69   8.4477527920200067E-012
           6           1 -0.32905542322981884     
           6           2  -10.278272557162463     
           6           3  -14.422681764693603     
           6           4  -24.119503274325591     
           6           5  -4.9959079350328297     
           6           6   5.3506621767780729     
           6           7 -0.33738269097773282     
           6           8  -7.4973011587363999E-012
           6           9   2.3532981820262586E-012
           6          10   5.9624172283893297E-013
           6          11  -1.5340464515207971E-010
           6          12   2.6347416221876985E-011
           6          13   1.3386372352730108E-011
           6          14   1.2015154917969349E-010
           6          15  -1.6717678729662596E-011
           6          16  -1.0582680099416241E-011
           6          17  -5.8049810678098494E-010
           6          18   1.5492746767823180E-010
           6          19   5.7968877160903825E-011
           6          20   1.4851938677222611E-010
           6          21  -4.6863718784123310E-011
           6          22  -1.5500726432598349E-011
           6          23   3.8076580488843107E-012
           6          24  -5.0076608889341468E-014
           6          25  -2.1830929053307804E-013
           6          26   13.649535052703545     
           6          27   8.9060731870697724E-012
           6          28   13.649535052703058     
           6          29  -6.2020852433787706E-013
           6          30  -5.3981325943488261E-013
           6          31   13.649535052707627     
           6          32   5.7911999848900440     
           6          33  -3.1529975649027935E-012
           6          34   5.7911999848902829     
           6          35   1.5257692986867140E-013
           6          36   4.1965768284418921E-013
           6          37   5.7911999848881504     
           6          38  -1.2767941351129974     
           6          39   1.1189996673272340E-012
           6          40  -1.2767941351132748     
           6          41  -3.1306014788301085E-014
           6          42  -1.9718268922555567E-013
           6          43  -1.2767941351119187     
           6          44  -5.5120080394505278E-002
           6          45  -3.6241673378402158E-013
           6          46  -5.5120080394601603E-002
           6          47   7.7391279118636062E-014
           6          48   1.3788814137992541E-013
           6          49  -5.5120080395057815E-002
           6          50   1.8526418924198375E-010
           6          51  -2.4373655853095014E-011
           6          52   8.2835848544965525E-011
           6          53  -5.4612543494059697E-011
           6          54  -8.5175916057796507E-012
           6          55   2.3740462754429468E-014
           6          56  -8.4693664214834123E-012
           6          57   8.2903775133890757E-011
           6          58  -2.4201962119877321E-011
           6          59  -1.9044964283027248E-011
           6          60   6.4014518077604021E-011
           6          61  -5.1436573405478653E-012
           6          62   2.8573929943834150E-011
           6          63  -1.1489158961509861E-011
           6          64  -2.8252699866070441E-012
           6          65  -3.7261627519705112E-014
           6          66  -2.6680953571502785E-012
           6          67   2.8646531325052063E-011
           6          68  -5.1891931632517337E-012
           6          69  -5.8666903849954515E-012
           7           1   2.8680697685314262E-002
           7           2  0.43655806384029422     
           7           3  0.84838186306569308     
           7           4   1.6480776157585100     
           7           5  0.41572575966771758     
           7           6 -0.33738269097773282     
           7           7   3.5076526324037190E-002
           7           8  -1.2667168748829019E-012
           7           9   6.4192536058957086E-013
           7          10   1.0278807049227698E-013
           7          11  -2.8374201392520139E-011
           7          12   8.3404552100340690E-012
           7          13   2.8684755109787936E-012
           7          14   1.9032983763651727E-011
           7          15  -7.6888074801880594E-012
           7          16  -2.1718430644179878E-012
           7          17  -1.1370351178999304E-010
           7          18   3.9248451275789472E-011
           7          19   1.2382193306479515E-011
           7          20   3.0773394454867441E-011
           7          21  -1.0208403167326316E-011
           7          22  -3.3198450157127208E-012
           7          23   5.3106428323701204E-013
           7          24  -2.3613472459304221E-013
           7          25  -6.8499420351085842E-014
           7          26 -0.81889579496902809     
           7          27   6.9020200148433246E-013
           7          28 -0.81889579496939935     
           7          29  -1.1434096999563242E-013
           7          30  -2.1724155190327812E-013
           7          31 -0.81889579496934317     
           7          32 -0.43693196545332741     
           7          33  -2.6980836487056554E-013
           7          34 -0.43693196545319313     
           7          35   4.8248144983718349E-014
           7          36   5.8789096827437548E-014
           7          37 -0.43693196545317620     
           7          38   6.8833738095263011E-002
           7          39   1.2817918064131336E-013
           7          40   6.8833738095222460E-002
           7          41  -2.1251841768994659E-014
           7          42  -2.1089947498320939E-014
           7          43   6.8833738095174221E-002
           7          44  -4.9515799143232866E-003
           7          45  -4.7766178661152297E-014
           7          46  -4.9515799142900632E-003
           7          47   7.9923941249713964E-016
           7          48   7.4609911251352620E-016
           7          49  -4.9515799142751359E-003
           7          50   3.7756170155810667E-011
           7          51  -5.6838011929130836E-012
           7          52   1.6887060833596663E-011
           7          53  -1.2699293068598674E-011
           7          54  -1.8240551500992122E-012
           7          55  -2.2570476872944369E-015
           7          56  -1.8278736519612202E-012
           7          57   1.6880280167481877E-011
           7          58  -5.7006186040151513E-012
           7          59  -4.0780758939159593E-012
           7          60   1.1186325020267593E-011
           7          61  -1.8704610918312598E-012
           7          62   5.0071887372745798E-012
           7          63  -4.1836424984639365E-012
           7          64  -5.3691103582296449E-013
           7          65   3.4794871448359120E-015
           7          66  -5.5229061350182782E-013
           7          67   5.0009827215823384E-012
           7          68  -1.8657436172301675E-012
           7          69  -1.2429528175781237E-012
           8           1   2.1132626834596557E-013
           8           2   3.1198658022773467E-012
           8           3   6.8395649747385407E-012
           8           4   4.8212975070177472E-012
           8           5   1.0564033498599547E-011
           8           6  -7.4973011587363999E-012
           8           7  -1.2667168748829019E-012
           8           8   2.0016603613889710     
           8           9  -8.3618693377340812E-005
           8          10   3.0991555838270668E-004
           8          11   8.2162115968870991E-002
           8          12  -1.7709694122671181E-003
           8          13   6.5637353260491861E-003
           8          14  -6.2863351800676578E-002
           8          15   1.3490638723031741E-003
           8          16  -5.0000288929049150E-003
           8          17  0.67202563618719757     
           8          18  -7.6004670074736724E-003
           8          19   2.8169573905481464E-002
           8          20 -0.22712008634932873     
           8          21   2.0362461643646610E-003
           8          22  -7.5469292401692221E-003
           8          23   3.2298868466756523E-003
           8          24   3.7937496271187711E-005
           8          25  -1.4060756131471170E-004
           8          26  -3.6780874186232476E-012
           8          27  -4.9653360014023757E-013
           8          28  -2.9417936086318060E-012
           8          29   2.4333433573409391E-013
           8          30   2.1339287580989545E-013
           8          31  -3.1753985402286830E-012
           8          32  -4.1825954367899234E-012
           8          33   1.9521009253806798E-012
           8          34  -3.7694592139843493E-012
           8          35  -4.8368473039123135E-013
           8          36  -1.0174052585460640E-012
           8          37  -2.7583661933432445E-012
           8          38   1.0307827500752120E-012
           8          39  -1.4942066253222343E-012
           8          40  -3.9256444620361236E-014
           8          41   3.7750367750838154E-013
           8          42   1.5240696307774980E-013
           8          43   1.4477672903015867E-012
           8          44   9.8722479366868432E-013
           8          45   6.0829942832085987E-013
           8          46   2.2549128612434575E-012
           8          47  -8.2350261501878578E-014
           8          48  -6.0720524092584320E-013
           8          49  -2.1145936164308388E-013
           8          50 -0.24885570386294037     
           8          51   1.1186256027426126E-003
           8          52 -0.11129165408466060     
           8          53   2.5013228917210245E-003
           8          54  -4.1459566320677819E-003
           8          55  -1.3498963748313901E-012
           8          56  -4.1459566298226802E-003
           8          57 -0.11129165408538856     
           8          58   1.1186256033613132E-003
           8          59  -9.2706408614450612E-003
           8          60  -3.1566655830670615E-002
           8          61   3.4209856586127785E-004
           8          62  -1.4117037651930453E-002
           8          63   7.6495564730652457E-004
           8          64  -1.2679182532864203E-003
           8          65   5.1927347219706755E-013
           8          66  -1.2679182552053317E-003
           8          67  -1.4117037651957768E-002
           8          68   3.4209856514706482E-004
           8          69  -2.8351514047876389E-003
           9           1   4.4415087505897328E-014
           9           2   1.2644890055987502E-012
           9           3   2.6418090523376276E-012
           9           4   3.1306589121192821E-012
           9           5   1.4346811475029210E-012
           9           6   2.3532981820262586E-012
           9           7   6.4192536058957086E-013
           9           8  -8.3618693377340812E-005
           9           9   2.0020332552941600     
           9          10  -1.4483692101869246E-003
           9          11  -1.7709694019150449E-003
           9          12   9.0059676552270373E-002
           9          13  -3.0675169045387446E-002
           9          14   1.3490638703012319E-003
           9          15  -6.8879443118697509E-002
           9          16   2.3367293772596328E-002
           9          17  -7.6004669540915507E-003
           9          18  0.70591958611929229     
           9          19 -0.13164858093937509     
           9          20   2.0362461453336768E-003
           9          21 -0.23620063696590118     
           9          22   3.5270058676578397E-002
           9          23   3.7937497158912609E-005
           9          24   3.0607062373881355E-003
           9          25   6.5711984519258807E-004
           9          26  -2.2135077347983072E-012
           9          27  -1.0315632884602562E-013
           9          28  -2.3190776926190203E-012
           9          29  -5.7639334624522600E-014
           9          30  -6.2774909595736951E-014
           9          31  -2.5145150748734568E-012
           9          32  -1.1838824481911206E-012
           9          33  -2.4818003429360867E-013
           9          34  -1.2493040965262396E-012
           9          35   7.4888046507828736E-014
           9          36   1.6488660364056235E-013
           9          37  -1.3316171315735123E-012
           9          38  -9.3168270765503925E-013
           9          39   2.0046779935033752E-013
           9          40  -7.5070487527726929E-013
           9          41  -6.0985672193670007E-014
           9          42  -2.0823680336036403E-014
           9          43  -1.0063451481693868E-012
           9          44  -4.9452092898285448E-013
           9          45  -8.0239241377446642E-014
           9          46  -6.9759609256637668E-013
           9          47   2.1107220118739296E-014
           9          48   9.4113660104318612E-014
           9          49  -3.0045214709289719E-013
           9          50   2.5013228715871040E-003
           9          51 -0.11628011599638935     
           9          52   1.1186255948288798E-003
           9          53 -0.26001024379992177     
           9          54   1.9375845334317028E-002
           9          55   2.1857077169383153E-013
           9          56   1.9375845333964987E-002
           9          57   1.1186255949268613E-003
           9          58 -0.11628011599647117     
           9          59   4.3325707289141153E-002
           9          60   7.6495564500905387E-004
           9          61  -1.5642611236907772E-002
           9          62   3.4209856438583829E-004
           9          63  -3.4977942071142409E-002
           9          64   5.9255294218466831E-003
           9          65  -8.4257560467480622E-014
           9          66   5.9255294221659564E-003
           9          67   3.4209856441079858E-004
           9          68  -1.5642611236792187E-002
           9          69   1.3249886589985308E-002
          10           1  -9.2503888396798781E-015
          10           2  -1.0209485143643775E-013
          10           3  -3.3455361333064417E-013
          10           4   5.2314619448059528E-014
          10           5  -8.8998074011411210E-013
          10           6   5.9624172283893297E-013
          10           7   1.0278807049227698E-013
          10           8   3.0991555838270668E-004
          10           9  -1.4483692101869246E-003
          10          10   2.0070105527789899     
          10          11   6.5637353212524233E-003
          10          12  -3.0675169043701284E-002
          10          13  0.19547440136862182     
          10          14  -5.0000288921092234E-003
          10          15   2.3367293772447423E-002
          10          16 -0.14918077215860684     
          10          17   2.8169573880168983E-002
          10          18 -0.13164858092994272     
          10          19   1.1583278160940327     
          10          20  -7.5469292303024281E-003
          10          21   3.5270058673042559E-002
          10          22 -0.35740562605628901     
          10          23  -1.4060756220413592E-004
          10          24   6.5711984543007291E-004
          10          25   8.0252446249172275E-004
          10          26  -7.5584868101485528E-014
          10          27   3.9484072452026410E-013
          10          28  -7.1015047060851795E-014
          10          29  -2.9557898772798374E-014
          10          30   1.2696791037783120E-014
          10          31   1.6250487386900613E-013
          10          32   3.2952077388857312E-013
          10          33  -3.2694591726315598E-013
          10          34   2.5673830815982943E-013
          10          35   5.0315938277671560E-014
          10          36   8.6295834059208316E-014
          10          37   8.4470987205615621E-014
          10          38  -9.2551111792558696E-014
          10          39   2.0567006612787208E-013
          10          40   2.7966862236791182E-014
          10          41  -3.9000639283666048E-014
          10          42  -6.8106831351480762E-015
          10          43  -9.5697854134508806E-014
          10          44  -7.8606805905389576E-014
          10          45  -8.1462561980680765E-014
          10          46  -2.0970740307143371E-013
          10          47   9.1015551099853836E-015
          10          48   5.8287667037386208E-014
          10          49   3.2868914428409408E-014
          10          50  -9.2706408506487391E-003
          10          51   1.9375845332757168E-002
          10          52  -4.1459566274601655E-003
          10          53   4.3325707285307179E-002
          10          54 -0.18286489670048789     
          10          55   1.4242656373930724E-013
          10          56 -0.18286489670071365     
          10          57  -4.1459566273907653E-003
          10          58   1.9375845332697931E-002
          10          59 -0.40889833972071971     
          10          60  -2.8351514050523937E-003
          10          61   5.9255294217721560E-003
          10          62  -1.2679182536460575E-003
          10          63   1.3249886589850353E-002
          10          64  -3.6005597745755541E-002
          10          65  -5.6530777400704193E-014
          10          66  -3.6005597745561280E-002
          10          67  -1.2679182536402868E-003
          10          68   5.9255294218432553E-003
          10          69  -8.0510964129972801E-002
          11           1   2.6490986638608593E-012
          11           2   2.8605525452457572E-011
          11           3   8.2666923177785087E-011
          11           4   3.2000930047689521E-011
          11           5   1.8508774334732407E-010
          11           6  -1.5340464515207971E-010
          11           7  -2.8374201392520139E-011
          11           8   8.2162115968870991E-002
          11           9  -1.7709694019150449E-003
          11          10   6.5637353212524233E-003
          11          11   3.1681004197326876     
          11          12  -3.7507553798149733E-002
          11          13  0.13901406442636444     
          11          14  -1.5756569428820841     
          11          15   2.8571970478288758E-002
          11          16 -0.10589615578784128     
          11          17   8.7842945589496786     
          11          18 -0.16097111740727432     
          11          19  0.59660646982914101     
          11          20  -2.2926825293365267     
          11          21   4.3125878985475735E-002
          11          22 -0.15983723527762178     
          11          23  -5.2657517598573074E-002
          11          24   8.0348235956704530E-004
          11          25  -2.9779428360144520E-003
          11          26  -3.0373310121004354E-011
          11          27  -5.9875570429577343E-012
          11          28  -1.3650845323522577E-011
          11          29   5.2346202303012639E-012
          11          30   4.5754849261810223E-012
          11          31  -1.6794507737364387E-011
          11          32  -6.4237176566069447E-011
          11          33   3.9767965947822065E-011
          11          34  -5.5405421523486736E-011
          11          35  -1.0665488206166814E-011
          11          36  -2.1638150534365749E-011
          11          37  -3.4679749231279306E-011
          11          38   2.5080758057873217E-011
          11          39  -3.1187270149671118E-011
          11          40   2.7469522199238371E-012
          11          41   8.4507154020013893E-012
          11          42   3.0896937294763602E-012
          11          43   3.3863446677794656E-011
          11          44   2.2141325680574823E-011
          11          45   1.2775804720283700E-011
          11          46   4.8757793339364728E-011
          11          47  -1.9913035274363565E-012
          11          48  -1.2848846225896249E-011
          11          49  -3.2768431412622838E-012
          11          50  -2.8667843458494500     
          11          51   2.3691493306678666E-002
          11          52  -1.2820649348178743     
          11          53   5.2975789578142633E-002
          11          54  -8.7807666478168442E-002
          11          55  -2.8692347855355965E-011
          11          56  -8.7807666430931325E-002
          11          57  -1.2820649348338782     
          11          58   2.3691493320154012E-002
          11          59 -0.19634391119995426     
          11          60 -0.93007203557893070     
          11          61   7.2453427342339012E-003
          11          62 -0.41594085910552248     
          11          63   1.6201078853218247E-002
          11          64  -2.6853378601496794E-002
          11          65   1.0961346786371833E-011
          11          66  -2.6853378641913329E-002
          11          67 -0.41594085910541517     
          11          68   7.2453427191249854E-003
          11          69  -6.0045979989563764E-002
          12           1   1.2188768377241194E-012
          12           2   3.0279916713674418E-011
          12           3   4.8368837029255398E-011
          12           4   4.9051721889649886E-011
          12           5   1.8391138904141518E-011
          12           6   2.6347416221876985E-011
          12           7   8.3404552100340690E-012
          12           8  -1.7709694122671181E-003
          12           9   9.0059676552270373E-002
          12          10  -3.0675169043701284E-002
          12          11  -3.7507553798149733E-002
          12          12   3.3353637144784845     
          12          13 -0.64967274178782652     
          12          14   2.8571970609441343E-002
          12          15  -1.7030723953743627     
          12          16  0.49489845650160741     
          12          17 -0.16097111720583321     
          12          18   9.5021382117827571     
          12          19  -2.7881996152868433     
          12          20   4.3125878828887847E-002
          12          21  -2.4850004986927421     
          12          22  0.74698840907504405     
          12          23   8.0348238332868661E-004
          12          24  -5.6240612126755136E-002
          12          25   1.3917212677461346E-002
