           1           1   1.9995418084400316     
           1           2  -3.7990875862461875E-003
           1           3  -1.2045553548181508E-002
           1           4   6.2421887324894615E-003
           1           5  -1.7549642389865505E-002
           1           6  -5.2537415014037208E-003
           1           7  -8.1588271891975183E-004
           1           8  -7.9993909116374956E-011
           1           9  -4.3609991664287020E-012
           1          10   1.2153410304889774E-011
           1          11   2.4305962457457058E-011
           1          12   1.9625635396037639E-011
           1          13  -2.4771720655854182E-011
           1          14  -9.7210089461865453E-013
           1          15  -3.3715241098731382E-012
           1          16   5.7824927097645352E-013
           1          17  -6.7338657871176760E-012
           1          18  -2.4908794849957618E-011
           1          19   4.0049356265096733E-012
           1          20   6.5688951833568911E-014
           1          21   2.0836648299872185E-012
           1          22  -1.5895809746474365E-013
           1          23  -1.0836049286068374E-013
           1          24  -3.5225713792111068E-013
           1          25   6.1517140077678070E-014
           1          26   5.9799456992875970E-004
           1          27   3.1918733688889010E-007
           1          28   1.0385984342037515E-003
           1          29  -6.4831893095513966E-008
           1          30  -1.0323617288805232E-004
           1          31   6.1613585179973326E-004
           1          32   2.0757772635686209E-003
           1          33  -2.0089409607671631E-008
           1          34   2.0479347794175912E-003
           1          35   4.0713822426665070E-009
           1          36   6.5234892503929607E-006
           1          37   2.0746309396334796E-003
           1          38   3.4855091427064134E-003
           1          39  -6.8322276042956048E-008
           1          40   3.3912446008274319E-003
           1          41   1.3863407808046225E-008
           1          42   2.2087065465046528E-005
           1          43   3.4816277767800354E-003
           1          44   8.6083137322220385E-004
           1          45  -4.0546811333820782E-008
           1          46   8.0489131239164485E-004
           1          47   8.2271091048413308E-009
           1          48   1.3107255590335231E-005
           1          49   8.5852803566974342E-004
           1          50  -7.6774810877153848E-013
           1          51   1.2556899412347140E-013
           1          52   3.0472319950369423E-014
           1          53   8.1070608416128120E-013
           1          54  -1.3017555028694371E-013
           1          55   7.8210605534269402E-014
           1          56   4.3104218970281469E-014
           1          57  -4.0414364450086388E-013
           1          58  -3.7921662895710941E-013
           1          59   6.2506532023640479E-014
           1          60  -5.6237819769606455E-013
           1          61  -2.2458997752385951E-013
           1          62  -1.9418448425314278E-014
           1          63  -1.5598443750877478E-013
           1          64   3.8323955869604658E-014
           1          65  -2.9206944872566908E-014
           1          66   5.6027145465595947E-014
           1          67  -1.9533027296755470E-013
           1          68  -3.4895445654176008E-014
           1          69   9.8208247993246346E-014
           2           1  -3.7990875862461875E-003
           2           2   1.9703666827672821     
           2           3  -9.4892367789204846E-002
           2           4   5.8933114378353746E-002
           2           5 -0.14467146260001273     
           2           6  -5.2726479142406787E-002
           2           7  -8.3173409896015738E-003
           2           8  -1.6103926420034795E-009
           2           9  -2.6404629898458298E-011
           2          10   4.1459733425853191E-010
           2          11   2.3810557213229272E-010
           2          12   2.0625182397385314E-010
           2          13  -1.9526531922946893E-010
           2          14  -1.0473598305572830E-011
           2          15  -5.3999905372016879E-011
           2          16  -2.1640233150871522E-012
           2          17  -5.8841478131385595E-011
           2          18  -2.1289878049481777E-010
           2          19   3.2725940546948489E-011
           2          20   4.0469022926261188E-012
           2          21   5.2364527825613697E-011
           2          22  -7.0420034082893502E-014
           2          23  -1.2068753287234793E-012
           2          24  -5.6420256530439122E-012
           2          25  -8.3430918805577262E-014
           2          26   3.0674427654016523E-003
           2          27   2.0372136942623126E-006
           2          28   5.8788377044242408E-003
           2          29  -4.1382485120131115E-007
           2          30  -6.5872703932134654E-004
           2          31   3.1831977669236704E-003
           2          32   1.8010061933742837E-002
           2          33  -1.0999757413920287E-007
           2          34   1.7856041635331787E-002
           2          35   2.2225886851396954E-008
           2          36   3.6083176453136241E-005
           2          37   1.8003722004158923E-002
           2          38   3.2425262197582114E-002
           2          39  -5.0926137228938944E-007
           2          40   3.1723306277978508E-002
           2          41   1.0336371386781857E-007
           2          42   1.6447652837035825E-004
           2          43   3.2396358383556145E-002
           2          44   8.4902441404965980E-003
           2          45  -2.9615347677870441E-007
           2          46   8.0813939144594015E-003
           2          47   6.0079692882369865E-008
           2          48   9.5796604657071526E-005
           2          49   8.4734099267868273E-003
           2          50  -3.3094625004316745E-012
           2          51   1.4152055595563788E-011
           2          52   1.7089727296102674E-012
           2          53   3.5522956377613156E-011
           2          54  -1.1609543210785703E-012
           2          55   1.0621283748698878E-012
           2          56  -8.1402021870962862E-013
           2          57  -2.2236694370426524E-012
           2          58   9.8881522902177449E-012
           2          59   7.0721532703966019E-014
           2          60  -5.8955700727629657E-012
           2          61  -8.5086230528338367E-012
           2          62  -1.0060776680924954E-012
           2          63  -1.6728703733670860E-011
           2          64  -1.2687932604427073E-012
           2          65  -5.0126900300322641E-013
           2          66  -5.9879793555102541E-013
           2          67  -2.1018443616678268E-012
           2          68  -6.8617303020526098E-012
           2          69  -2.8125992528291660E-012
           3           1  -1.2045553548181508E-002
           3           2  -9.4892367789204846E-002
           3           3   1.6840171938877684     
           3           4  0.19779030873810433     
           3           5 -0.48501628825383780     
           3           6 -0.21036991574748481     
           3           7  -3.4554915376926440E-002
           3           8  -1.7282334284115325E-009
           3           9  -1.2651326998346892E-010
           3          10   5.4772250060916312E-010
           3          11   2.9329443201001509E-010
           3          12  -1.0392105741726234E-011
           3          13  -5.8272966028428217E-010
           3          14   2.3311422773475441E-011
           3          15   3.3721521595273493E-010
           3          16   1.3736166912372757E-011
           3          17  -2.2727819052728402E-010
           3          18  -1.8905307392673799E-009
           3          19   5.2154909269531199E-011
           3          20   1.2110772874653575E-011
           3          21   4.5718473766623180E-010
           3          22   7.8983191210917442E-012
           3          23  -1.0338262256859168E-012
           3          24   2.2549012254544991E-011
           3          25  -5.6740202010367818E-013
           3          26   4.1833816235036601E-003
           3          27   4.5111935547458644E-006
           3          28   1.0406263484394071E-002
           3          29  -9.1695852157240545E-007
           3          30  -1.4580564231947506E-003
           3          31   4.4395958066658185E-003
           3          32   5.3668781377708981E-002
           3          33  -8.5405314616736278E-007
           3          34   5.2477803140891510E-002
           3          35   1.7285042756737706E-007
           3          36   2.7903145604318640E-004
           3          37   5.3619751935336503E-002
           3          38  0.11229383620131655     
           3          39  -8.2605123620705270E-007
           3          40  0.11115669676796161     
           3          41   1.6770600797527551E-007
           3          42   2.6644801697228205E-004
           3          43  0.11224701219535119     
           3          44   3.2964759609331040E-002
           3          45  -1.3986043853862392E-006
           3          46   3.1034036378510502E-002
           3          47   2.8374765460348413E-007
           3          48   4.5238351899045694E-004
           3          49   3.2885262667605594E-002
           3          50  -3.4733018708219681E-012
           3          51   2.2783838128305076E-010
           3          52   1.4495425547365755E-011
           3          53   5.3518741766680274E-010
           3          54   9.2271898716719979E-012
           3          55   1.5316903600482687E-011
           3          56  -4.6518045572400189E-012
           3          57  -1.0217436447716503E-011
           3          58   2.1772775836378694E-010
           3          59   2.3618836885144258E-011
           3          60   1.1433341750518013E-012
           3          61   1.0276420295798007E-010
           3          62   1.3774220800306839E-012
           3          63   2.2364485100552573E-010
           3          64  -7.6748959237289166E-013
           3          65  -6.9058191939974917E-012
           3          66   5.7595916529250147E-012
           3          67   3.7785608423577487E-012
           3          68   1.0703394523206318E-010
           3          69  -1.4995596232067612E-012
           4           1   6.2421887324894615E-003
           4           2   5.8933114378353746E-002
           4           3  0.19779030873810433     
           4           4  0.15763920905066159     
           4           5  0.32180449975145298     
           4           6 -0.25381915731654220     
           4           7  -4.1050426432075869E-002
           4           8  -7.7449514187114668E-010
           4           9  -3.1156855219552976E-010
           4          10  -1.9721706340224814E-010
           4          11  -1.2324050154037575E-010
           4          12  -1.9815949884157611E-010
           4          13   1.9414110857067719E-010
           4          14  -3.3602875488889024E-012
           4          15   1.7677537552036522E-010
           4          16  -1.5461362510833829E-011
           4          17  -2.4341827869784774E-011
           4          18   1.1917076260809521E-009
           4          19  -1.9026688388480982E-010
           4          20   3.0964119693416097E-012
           4          21  -2.2143867496475529E-010
           4          22   1.3682315498966264E-011
           4          23  -9.9420957375735159E-013
           4          24   5.1192680911716629E-012
           4          25  -4.1035801889240527E-013
           4          26   7.9611119107504940E-003
           4          27  -1.0131526088267474E-005
           4          28  -6.0430850955980088E-003
           4          29   2.0556419039469400E-006
           4          30   3.2812583366344755E-003
           4          31   7.3845040025296033E-003
           4          32   3.6748337812800708E-002
           4          33   8.3539363400798251E-007
           4          34   3.7911036526279383E-002
           4          35  -1.6927603509108104E-007
           4          36  -2.7241239440986293E-004
           4          37   3.6796205416022160E-002
           4          38  0.10271959092869870     
           4          39   3.7138221591949679E-006
           4          40  0.10784351092293859     
           4          41  -7.5361800926511292E-007
           4          42  -1.2005823556078274E-003
           4          43  0.10293056959183339     
           4          44   3.6692769482634037E-002
           4          45   2.6858235833478090E-006
           4          46   4.0398400713481705E-002
           4          47  -5.4496939133187196E-007
           4          48  -8.6826236836604878E-004
           4          49   3.6845349161281772E-002
           4          50  -9.2198469066814225E-012
           4          51  -5.3144464333889168E-011
           4          52  -1.7623017477156509E-011
           4          53  -1.4084030389488160E-010
           4          54   9.5949092919242158E-012
           4          55  -9.7472181225288248E-012
           4          56  -2.2466110272223609E-012
           4          57   1.2236637866107994E-012
           4          58  -2.0568776194309486E-011
           4          59  -1.3747800796494029E-012
           4          60  -4.3810064998162235E-012
           4          61  -1.4485437533975967E-012
           4          62  -7.4691572875617184E-012
           4          63  -1.2183711138677402E-011
           4          64   4.9206669262403861E-013
           4          65   6.1138843037048768E-013
           4          66  -4.2263853611465918E-012
           4          67  -5.5150744936313038E-012
           4          68  -1.3599688311575341E-011
           4          69   1.4475728817180064E-013
           5           1  -1.7549642389865505E-002
           5           2 -0.14467146260001273     
           5           3 -0.48501628825383780     
           5           4  0.32180449975145298     
           5           5   1.2814457291531092     
           5           6 -0.59752224078835403     
           5           7  -9.5905637630318064E-002
           5           8  -2.1407287473404066E-009
           5           9   5.5429907927090882E-010
           5          10   2.0437420129879380E-009
           5          11   2.3686314728442428E-010
           5          12  -1.1821808466301187E-011
           5          13  -6.7360393989611098E-010
           5          14  -6.3706359480956894E-011
           5          15   2.0169375411816641E-010
           5          16  -1.8038460125019883E-011
           5          17  -3.0366946259400063E-010
           5          18   3.1075132449959105E-009
           5          19  -4.4549101297763460E-010
           5          20   1.5714290742006611E-011
           5          21  -9.5716299994181111E-010
           5          22   5.3616243375723142E-011
           5          23  -8.5007691326747112E-012
           5          24  -4.9476132428949276E-011
           5          25   6.4850089441031646E-012
           5          26   7.4658902266398885E-003
           5          27  -6.8104994972104924E-006
           5          28  -1.9769764429683305E-003
           5          29   1.3783460387981927E-006
           5          30   2.2124890834952235E-003
           5          31   7.0770869252696038E-003
           5          32   7.0736137285848974E-002
           5          33   1.5272026704547501E-006
           5          34   7.2882731443096649E-002
           5          35  -3.0901475750880251E-007
           5          36  -5.0289456476477340E-004
           5          37   7.0824497625513044E-002
           5          38  0.22325043498783631     
           5          39   9.5002005394026537E-006
           5          40  0.23635660765327837     
           5          41  -1.9279191580475000E-006
           5          42  -3.0709022837823235E-003
           5          43  0.22379008614221851     
           5          44   8.4361245308126082E-002
           5          45   8.5410234692200265E-006
           5          46   9.6146164602077963E-002
           5          47  -1.7330009830345073E-006
           5          48  -2.7613097113777037E-003
           5          49   8.4846489722223722E-002
           5          50  -5.8498991907282402E-011
           5          51  -3.2990442629032114E-010
           5          52  -6.6975329733451662E-011
           5          53  -7.8523680961063257E-010
           5          54   2.8817671573126217E-011
           5          55  -4.0930472390834369E-011
           5          56  -1.1359123536025811E-012
           5          57  -4.7506148575603331E-012
           5          58  -2.3360360298094568E-010
           5          59  -2.6555141970526867E-012
           5          60  -4.2504392289392469E-011
           5          61  -1.0657312874983621E-010
           5          62  -2.8159823576960669E-011
           5          63  -2.3419279029537649E-010
           5          64   5.3447048892564211E-012
           5          65   5.0871464259513031E-012
           5          66  -1.6422761454044121E-011
           5          67  -3.1046012949568592E-011
           5          68  -1.4336946877693419E-010
           5          69   8.9242664320638913E-012
           6           1  -5.2537415014037208E-003
           6           2  -5.2726479142406787E-002
           6           3 -0.21036991574748481     
           6           4 -0.25381915731654220     
           6           5 -0.59752224078835403     
           6           6  0.41966253056119940     
           6           7   6.7534121346092046E-002
           6           8   3.0642152349717125E-009
           6           9  -6.3781448025040690E-010
           6          10  -2.5835211369167144E-009
           6          11  -4.9822952846864552E-010
           6          12   3.7469335866955604E-011
           6          13   1.5107601879266003E-009
           6          14   5.0666405073032685E-011
           6          15  -2.3327000134805527E-010
           6          16   1.6243852558642657E-011
           6          17   4.3277553093435227E-010
           6          18  -1.4980291199972764E-009
           6          19   4.8725584835160931E-010
           6          20  -2.2350289826250132E-011
           6          21   4.1267386726743930E-010
           6          22  -5.2514125011144189E-011
           6          23   8.3207347939077528E-012
           6          24   1.3110385723875355E-011
           6          25   1.0481649478261337E-012
           6          26  -5.2523168373193553E-003
           6          27   1.0946000247846584E-006
           6          28  -3.7050797180884949E-003
           6          29  -2.1628018654617401E-007
           6          30  -3.6251103710889803E-004
           6          31  -5.1885986852574853E-003
           6          32  -5.9432725665572395E-002
           6          33  -4.6896583383995103E-007
           6          34  -6.0099236048364972E-002
           6          35   9.4841334051622995E-008
           6          36   1.5613504273638383E-004
           6          37  -5.9460156952980930E-002
           6          38 -0.16809576614029204     
           6          39  -5.0806459735560931E-006
           6          40 -0.17510567165881735     
           6          41   1.0310430207399563E-006
           6          42   1.6424865826460007E-003
           6          43 -0.16838440082275158     
           6          44  -6.0294566854641823E-002
           6          45  -4.5567153908148153E-006
           6          46  -6.6581640561843652E-002
           6          47   9.2458651876039600E-007
           6          48   1.4731169480603661E-003
           6          49  -6.0553437496343100E-002
           6          50   5.0724029516496796E-011
           6          51   1.2023154484336975E-010
           6          52   3.7379503925695363E-011
           6          53   2.8984479601418512E-010
           6          54  -1.7562219260387183E-011
           6          55   2.0457455430778193E-011
           6          56   6.9319754678316459E-014
           6          57   1.2592661408740478E-011
           6          58   6.9208521430888519E-011
           6          59  -1.4323030609831580E-012
           6          60   3.8953536619087882E-011
           6          61   2.7558141922608426E-011
           6          62   1.9152696103644931E-011
           6          63   6.1406459489747600E-011
           6          64   3.3110786254318623E-012
           6          65  -1.9355326585772723E-013
           6          66   1.1183502103080864E-011
           6          67   2.3326894610104314E-011
           6          68   4.8779064232461761E-011
           6          69   8.8759764059371259E-012
           7           1  -8.1588271891975183E-004
           7           2  -8.3173409896015738E-003
           7           3  -3.4554915376926440E-002
           7           4  -4.1050426432075869E-002
           7           5  -9.5905637630318064E-002
           7           6   6.7534121346092046E-002
           7           7   1.0958884484168848E-002
           7           8   1.0756673432089026E-009
           7           9  -2.5570501945038918E-010
           7          10  -9.1686735648451226E-010
           7          11   3.8111660041166004E-012
           7          12  -1.4768916823014335E-010
           7          13  -3.1905187053220672E-010
           7          14   4.1759797371827675E-011
           7          15  -4.6265286695927953E-011
           7          16  -3.8061626400681420E-011
           7          17   4.5007638827135279E-010
           7          18  -3.6353926521554455E-010
           7          19  -4.5271055168510603E-010
           7          20  -3.0422413806685106E-011
           7          21   7.4442626787419146E-011
           7          22   3.0322232189507893E-011
           7          23   7.0558118684465173E-012
           7          24  -2.7517809643642470E-014
           7          25  -7.9206043638759662E-012
           7          26  -1.1128575526841641E-003
           7          27   7.1227466248313619E-007
           7          28  -1.0913508043054260E-004
           7          29  -1.4360783966267667E-007
           7          30  -2.3517197915630877E-004
           7          31  -1.0715360883570260E-003
           7          32  -9.3521019086001897E-003
           7          33  -3.6883110657827992E-007
           7          34  -9.8638756952707657E-003
           7          35   7.4774645145411776E-008
           7          36   1.1990787873266832E-004
           7          37  -9.3731723140252042E-003
           7          38  -2.6844148428867239E-002
           7          39  -1.2362589664546716E-006
           7          40  -2.8549745191914652E-002
           7          41   2.5087023921809435E-007
           7          42   3.9963733902420486E-004
           7          43  -2.6914376815902724E-002
           7          44  -9.7455419180750430E-003
           7          45  -7.9426127727116277E-007
           7          46  -1.0841366685867588E-002
           7          47   1.6116053177366736E-007
           7          48   2.5676147991757740E-004
           7          49  -9.7906625956709105E-003
           7          50   3.1954410072278741E-011
           7          51   1.7943644057898916E-011
           7          52   8.1759422812060749E-012
           7          53   4.6805340550734715E-011
           7          54  -1.6366748459263550E-011
           7          55   5.2801917102114697E-012
           7          56  -1.7324843310081411E-012
           7          57   1.2200256387661640E-011
           7          58   3.3524358273520620E-012
           7          59  -2.9006280142561092E-011
           7          60   3.2840145581296865E-011
           7          61   1.2312194174604161E-012
           7          62   8.9834670707940384E-012
           7          63   5.7322512080225701E-012
           7          64  -1.6093719941354625E-011
           7          65   1.4891887358004630E-012
           7          66  -6.5139269021909693E-012
           7          67   1.5456888031351367E-011
           7          68   1.5379877428313058E-012
           7          69  -3.4949634667381527E-011
           8           1  -7.9993909116374956E-011
           8           2  -1.6103926420034795E-009
           8           3  -1.7282334284115325E-009
           8           4  -7.7449514187114668E-010
           8           5  -2.1407287473404066E-009
           8           6   3.0642152349717125E-009
           8           7   1.0756673432089026E-009
           8           8   1.9997061318050524     
           8           9   1.7821734003333664E-008
           8          10  -3.6624329247595670E-009
           8          11  -9.0273356971418551E-004
           8          12  -6.2200599086427804E-008
           8          13   1.2860469638577293E-008
           8          14   2.1114782325064260E-003
           8          15  -3.1259537399399478E-008
           8          16   6.0785828874505538E-009
           8          17  -9.7398626704878182E-003
           8          18  -1.4906201982222788E-006
           8          19   3.0293406259601785E-007
           8          20   1.8695640548009431E-003
           8          21  -2.4931907521371736E-007
           8          22   5.0228518882729256E-008
           8          23  -1.9645254519554215E-006
           8          24  -8.4967453377478881E-008
           8          25   1.7258907303425760E-008
           8          26   4.6793556656510785E-010
           8          27  -1.0623104656772309E-009
           8          28  -4.4666074298182385E-010
           8          29  -3.3137721482386670E-011
           8          30  -2.7145206667660230E-009
           8          31   1.9252144568553015E-009
           8          32   4.6804255569624607E-010
           8          33  -1.2300171588403688E-011
           8          34   4.4057770659771140E-010
           8          35   1.8400649370240846E-010
           8          36   2.3917165615065253E-010
           8          37   2.6719783507729852E-010
           8          38  -9.9061861601453410E-010
           8          39  -2.1144281879437205E-010
           8          40  -6.3177534533275771E-010
           8          41  -2.5511237135065964E-011
           8          42  -1.5719645567316650E-010
           8          43  -6.0901417389026073E-010
           8          44  -4.9725533148619404E-010
           8          45   2.4958201067394524E-010
           8          46  -5.9063718189750051E-010
           8          47   8.6416129439945746E-011
           8          48   4.5923032372542891E-011
           8          49  -5.7173220466253021E-010
           8          50   1.3803808991869788E-003
           8          51   6.5262526853001374E-008
           8          52   6.9513971920235024E-004
           8          53  -1.0601585949894278E-007
           8          54  -1.3421000072723900E-008
           8          55  -1.8232404147610995E-005
           8          56   1.5866017634336158E-008
           8          57   6.2052912841750762E-004
           8          58  -3.3942414352568835E-008
           8          59   1.4873479428671057E-008
           8          60   4.2797870087407663E-004
           8          61   6.2740953773849626E-008
           8          62   2.5313386315015617E-004
           8          63  -5.0004900932644934E-008
           8          64  -1.2847355125902669E-008
           8          65  -1.4465583690367850E-005
           8          66   7.5515695084359755E-009
           8          67   1.9393994757359377E-004
           8          68  -1.5687465231113062E-008
           8          69   6.9267965837880800E-009
           9           1  -4.3609991664287020E-012
           9           2  -2.6404629898458298E-011
           9           3  -1.2651326998346892E-010
           9           4  -3.1156855219552976E-010
           9           5   5.5429907927090882E-010
           9           6  -6.3781448025040690E-010
           9           7  -2.5570501945038918E-010
           9           8   1.7821734003333664E-008
           9           9   1.9997095064598280     
           9          10  -7.9853794596591652E-007
           9          11  -6.1352241686120966E-008
           9          12  -1.0004582336912229E-003
           9          13   1.9829638792812079E-005
           9          14  -3.2839141162801442E-008
           9          15   2.0578828375331509E-003
           9          16   1.0873809543109322E-005
           9          17  -1.4879869879103875E-006
           9          18  -1.2109607641061740E-002
           9          19   4.8086388286496982E-004
           9          20  -2.4899324678667659E-007
           9          21   1.4734979383671841E-003
           9          22   8.0369542918918782E-005
           9          23  -8.5340585009257263E-008
           9          24  -1.3798008600266547E-004
           9          25   2.7599937063906360E-005
           9          26   5.8194292001372948E-010
           9          27   1.7845075107971324E-010
           9          28  -1.1859791477979962E-009
           9          29   6.4365625918001536E-010
           9          30  -3.9938257181446740E-009
           9          31   1.3970360557672783E-009
           9          32  -2.2402365255477424E-011
           9          33  -4.6980257627532686E-012
           9          34  -6.8202807448985862E-011
           9          35  -1.0496899180137265E-011
           9          36  -2.1410967182909760E-011
           9          37  -1.5450377561585416E-011
           9          38   8.5240726916374619E-011
           9          39  -2.0827264614902875E-011
           9          40   1.0852341358587927E-010
           9          41   1.5192514318472903E-011
           9          42  -1.9035826369310838E-011
           9          43   8.4448225787071535E-011
           9          44   1.4528840812923959E-010
           9          45   3.0091912311306026E-011
           9          46   1.2130299934169711E-010
           9          47  -2.7666260353457038E-011
           9          48   1.3851924789878906E-011
           9          49   1.6615882416458389E-010
           9          50  -7.2757158626300130E-008
           9          51   5.6557492564298859E-004
           9          52   1.9519078435682311E-008
           9          53   1.3843340691096803E-003
           9          54   1.0501299976466591E-005
           9          55  -6.2297687561149874E-010
           9          56  -6.2883364639518857E-006
           9          57  -3.4153510469906151E-008
           9          58   5.6577754041598513E-004
           9          59   2.3935060721319656E-005
           9          60  -3.3859150759646868E-008
           9          61   1.6695014141133720E-004
           9          62   3.9587811803223820E-008
           9          63   4.8433492559066087E-004
           9          64   4.9605139037488266E-006
           9          65  -3.7896522522229175E-009
           9          66  -1.2737365644600486E-005
           9          67  -1.6213651981710716E-008
           9          68   1.6799945496812738E-004
           9          69   1.1318009922571046E-005
          10           1   1.2153410304889774E-011
          10           2   4.1459733425853191E-010
          10           3   5.4772250060916312E-010
          10           4  -1.9721706340224814E-010
          10           5   2.0437420129879380E-009
          10           6  -2.5835211369167144E-009
          10           7  -9.1686735648451226E-010
          10           8  -3.6624329247595670E-009
          10           9  -7.9853794596591652E-007
          10          10   1.9997063167422700     
          10          11   1.2468630354238994E-008
          10          12   1.9829642134920923E-005
          10          13  -9.0675824491726000E-004
          10          14   6.5439675870238177E-009
          10          15   1.0873518699147794E-005
          10          16   2.1092734873554876E-003
          10          17   3.0189720443273086E-007
          10          18   4.8086366028644476E-004
          10          19  -9.8374402284742164E-003
          10          20   5.0541885137547705E-008
          10          21   8.0369311414692647E-005
          10          22   1.8532558255955917E-003
          10          23   1.7419844575563149E-008
          10          24   2.7600045922689628E-005
          10          25  -7.5647822222489126E-006
          10          26  -3.4169510609022418E-010
          10          27  -3.3305404693789520E-010
          10          28   1.0463235232007317E-009
          10          29  -2.7358303479685031E-010
          10          30   2.5009229401898180E-009
          10          31   3.5387303931392258E-011
          10          32  -2.7418923105421346E-010
          10          33  -5.2468270829132407E-011
          10          34  -1.6534870903320412E-010
          10          35  -6.0456076292740641E-011
          10          36  -7.9393114692950549E-011
          10          37  -3.8705929874178476E-010
          10          38   4.3301156015048830E-010
          10          39  -6.6390220224539793E-011
          10          40   3.9651917452621109E-010
          10          41   5.9120290485237664E-011
          10          42  -5.9775359905219961E-011
          10          43   4.4250348771443246E-010
          10          44   5.3251045188604210E-010
          10          45   1.2607134812330566E-010
          10          46   4.9223020143149884E-010
          10          47  -1.2480628147029847E-010
          10          48   1.0895792720329115E-010
          10          49   5.8209783266920961E-010
          10          50   1.4887143632563383E-008
          10          51   1.0501359307479945E-005
          10          52   1.6073716808957239E-008
          10          53   3.4505673538113611E-005
          10          54   6.1519438304353776E-004
          10          55   5.4472578936011831E-008
          10          56   6.9000772664135274E-004
          10          57  -1.2974410886385116E-008
          10          58  -2.0470168434555832E-005
          10          59   1.3826893061648728E-003
          10          60   6.8292422036854062E-009
          10          61   4.9604056533089799E-006
          10          62   7.6106067402424541E-009
          10          63   1.6575299000376632E-005
          10          64   1.9039182527899918E-004
          10          65   4.3647709779476105E-008
          10          66   2.5063479707460869E-004
          10          67  -1.2397873738087846E-008
          10          68  -1.9791000649146136E-005
          10          69   4.3136689111690279E-004
          11           1   2.4305962457457058E-011
          11           2   2.3810557213229272E-010
          11           3   2.9329443201001509E-010
          11           4  -1.2324050154037575E-010
          11           5   2.3686314728442428E-010
          11           6  -4.9822952846864552E-010
          11           7   3.8111660041166004E-012
          11           8  -9.0273356971418551E-004
          11           9  -6.1352241686120966E-008
          11          10   1.2468630354238994E-008
          11          11   2.0196655288834338     
          11          12  -3.2980189564513281E-006
          11          13   6.6859153913713120E-007
          11          14  -1.3605512053870863E-002
          11          15   5.8928551569029806E-007
          11          16  -1.1906724117843050E-007
          11          17  -8.1517136381960391E-003
          11          18  -2.8448151180712808E-005
          11          19   5.7707213023118022E-006
          11          20  -1.2497447021057722E-002
          11          21   1.6331406761651581E-006
          11          22  -3.3130244324076385E-007
          11          23  -4.5000434095096564E-004
          11          24  -9.3532524008754884E-007
          11          25   1.8982943728427063E-007
          11          26  -3.0846259807831583E-009
          11          27  -1.3474740694465872E-008
          11          28  -1.2602726483522550E-008
          11          29  -6.7438065284568567E-010
          11          30  -3.3785016109345931E-008
          11          31   1.5146151368615561E-008
          11          32   1.3766040918579497E-010
          11          33  -3.8699423919202331E-010
          11          34   2.8856301537682160E-011
          11          35  -1.7131287799513516E-010
          11          36  -3.0642478592275025E-010
          11          37   1.9999573583548541E-010
          11          38   3.7616710386909436E-011
          11          39   2.2319785811466308E-010
          11          40   7.9109299744181104E-012
          11          41   1.3998559222557175E-010
          11          42   8.7837123686627353E-011
          11          43   5.2556908298197541E-011
          11          44   6.6839957537399902E-011
          11          45  -2.1667001352422526E-010
          11          46   7.0258621226535467E-011
          11          47  -9.3238381164335554E-011
          11          48  -2.2297239562858225E-010
          11          49   6.8202333678109913E-011
          11          50  -1.2519318427742360E-002
          11          51   2.1721713990961571E-006
          11          52  -5.4855010338450659E-003
          11          53   4.1491239900292690E-006
          11          54  -4.4052924184947583E-007
          11          55  -2.6542017713717057E-005
          11          56  -3.0088586742921608E-007
          11          57  -5.5941463790971473E-003
          11          58   2.0182984147858630E-006
          11          59  -9.2232124423023544E-007
          11          60  -2.5684056298607445E-003
          11          61   1.5730255310302079E-006
          11          62   2.3382618915107831E-005
          11          63   1.6294105448295533E-008
          11          64  -3.1888272277959682E-007
          11          65  -2.7461647065772686E-004
          11          66   3.4581458055886292E-008
          11          67  -1.1003668795568460E-003
          11          68   8.4660564339608966E-008
          11          69  -4.1286837746282093E-008
          12           1   1.9625635396037639E-011
          12           2   2.0625182397385314E-010
          12           3  -1.0392105741726234E-011
          12           4  -1.9815949884157611E-010
          12           5  -1.1821808466301187E-011
          12           6   3.7469335866955604E-011
          12           7  -1.4768916823014335E-010
          12           8  -6.2200599086427804E-008
          12           9  -1.0004582336912229E-003
          12          10   1.9829642134920923E-005
          12          11  -3.2980189564513281E-006
          12          12   2.0143899636648488     
          12          13   1.0704696049631331E-003
          12          14   5.8745674672733925E-007
          12          15  -1.2658770656695588E-002
          12          16  -1.9209243999020713E-004
          12          17  -2.8446253531983702E-005
          12          18  -5.3516765560848431E-002
          12          19   9.2052854201556851E-003
          12          20   1.6332653902151808E-006
          12          21  -9.8818490011700136E-003
          12          22  -5.3072795580749732E-004
          12          23  -9.3566375457315301E-007
          12          24  -1.9393921906560819E-003
          12          25   3.0222465165164695E-004
