           1           1   2.2571835800405355     
           1           2 -0.83291055511111600     
           1           3  0.29352481243245049     
           1           4  -6.7708141181431940E-003
           1           5  -4.6861660239609179E-002
           1           6  -2.5487594496325455E-002
           1           7  -1.3622106748936318E-003
           1           8   2.2173044010383651E-010
           1           9  -1.4085906274049779E-011
           1          10  -2.4050169708561365E-010
           1          11  -5.9348529012738105E-010
           1          12   6.3505096813319995E-011
           1          13   6.0725711112768600E-010
           1          14   6.0304501154749239E-010
           1          15  -1.3268104535299845E-010
           1          16  -5.8248147718526259E-010
           1          17   1.0420202583624973E-009
           1          18   1.1603186190847377E-011
           1          19  -1.1120055519009436E-009
           1          20  -2.0564364205498202E-011
           1          21   2.1998218807590964E-010
           1          22  -2.2443267703022498E-010
           1          23  -7.3579208814242420E-012
           1          24   2.6723571995206727E-011
           1          25  -3.6039684449189592E-011
           1          26  -1.2432112015163305E-004
           1          27   1.3055091285840518E-005
           1          28   5.4568525849993041E-004
           1          29  -3.7572542278843341E-007
           1          30  -2.2258967977300578E-005
           1          31  -1.2395746681217497E-004
           1          32   7.2039935292753468E-004
           1          33  -3.1165825333847622E-006
           1          34   5.6044028390198996E-004
           1          35   8.9834226865332176E-008
           1          36   5.3140190788283036E-006
           1          37   7.2031257470178852E-004
           1          38   1.9871170065378753E-003
           1          39  -9.8162538366765982E-006
           1          40   1.4833909085119135E-003
           1          41   2.8239006005747487E-007
           1          42   1.6735124213660267E-005
           1          43   1.9868435179654790E-003
           1          44   9.3807225848368235E-004
           1          45  -1.1935739358008180E-005
           1          46   3.2553540045523809E-004
           1          47   3.4319150377631998E-007
           1          48   2.0350010168988068E-005
           1          49   9.3773973249986864E-004
           1          50  -1.0117500498637633E-010
           1          51   1.1690531065102982E-011
           1          52   2.2808156636588737E-011
           1          53  -1.1739790976476981E-010
           1          54   4.3044385874750715E-011
           1          55   6.4562545829870872E-011
           1          56   2.2452560064045618E-011
           1          57   6.8451475009029567E-011
           1          58  -1.9184168716790692E-011
           1          59   9.5113043751013512E-011
           1          60   1.9029477900831792E-011
           1          61   1.2163541875071475E-010
           1          62   1.9653166282161072E-010
           1          63  -1.6280240333738269E-010
           1          64  -6.9388846673224883E-012
           1          65   9.5922993464060246E-011
           1          66  -1.2383836489612880E-010
           1          67   3.4127068229401744E-010
           1          68   4.3299462599257174E-011
           1          69  -6.1848100912495801E-011
           2           1 -0.83291055511111600     
           2           2   2.7103792953668546     
           2           3  -1.1211899125351563     
           2           4   2.6053054366809797E-002
           2           5  0.17939124556938529     
           2           6   9.7498508371175352E-002
           2           7   5.2201812170790274E-003
           2           8  -7.8625732231294194E-010
           2           9   1.5467835287810362E-010
           2          10   8.6427535245317813E-010
           2          11   2.0666158177117840E-009
           2          12  -2.5641507236179668E-010
           2          13  -2.1050760034945299E-009
           2          14  -2.1952587857612977E-009
           2          15   4.9382661638063171E-010
           2          16   2.1355676380436531E-009
           2          17  -3.8093085980485903E-009
           2          18  -8.1519446231579342E-011
           2          19   4.1043374920432007E-009
           2          20   1.4919468973548251E-010
           2          21  -8.5338191836136190E-010
           2          22   8.0814762604727085E-010
           2          23   3.2945150266048432E-011
           2          24  -1.0242786941119829E-010
           2          25   1.3488537125817282E-010
           2          26   1.4018743056210870E-004
           2          27  -2.8206840563993695E-005
           2          28  -1.3074625068782869E-003
           2          29   8.1180981736130586E-007
           2          30   4.8093806861796169E-005
           2          31   1.3940178061799379E-004
           2          32  -2.6930240275373383E-003
           2          33   1.1978345797938135E-005
           2          34  -2.0782294914399257E-003
           2          35  -3.4530574042581232E-007
           2          36  -2.0424130317716423E-005
           2          37  -2.6926905125453102E-003
           2          38  -7.5073044291440894E-003
           2          39   3.5382982938112490E-005
           2          40  -5.6916208241668213E-003
           2          41  -1.0178975255184513E-006
           2          42  -6.0321883326906284E-005
           2          43  -7.5063186385367466E-003
           2          44  -3.5862375558540147E-003
           2          45   4.5376385560108004E-005
           2          46  -1.2575410255815773E-003
           2          47  -1.3047107756204595E-006
           2          48  -7.7365140209608859E-005
           2          49  -3.5849733841707872E-003
           2          50   3.9957173341066424E-010
           2          51  -5.0905446033327213E-011
           2          52  -9.0919520619068112E-011
           2          53   4.5518473673768155E-010
           2          54  -1.6610463799613136E-010
           2          55  -2.5547524267937736E-010
           2          56  -8.2823420684090582E-011
           2          57  -2.7400348353063100E-010
           2          58   7.2142383945757944E-011
           2          59  -3.6545216102743160E-010
           2          60  -4.7716340416868990E-011
           2          61  -4.7404766255840206E-010
           2          62  -7.5006926239259416E-010
           2          63   6.2531884271831626E-010
           2          64   1.6243742989840176E-011
           2          65  -3.7379998997021379E-010
           2          66   4.6926493788302041E-010
           2          67  -1.3138661227620092E-009
           2          68  -1.6920382584759085E-010
           2          69   2.1620940658806744E-010
           3           1  0.29352481243245049     
           3           2  -1.1211899125351563     
           3           3   2.6016445756352042     
           3           4 -0.11064463452504611     
           3           5 -0.51035550347499481     
           3           6 -0.27106166612393678     
           3           7  -1.3392898337721832E-002
           3           8   1.9994179179240430E-009
           3           9   4.0181080722790898E-011
           3          10  -1.9366179462848135E-009
           3          11  -6.3743850797934558E-009
           3          12   5.9499103179663419E-010
           3          13   6.5684303482166726E-009
           3          14   6.8870114812371567E-009
           3          15  -1.5189088184157047E-009
           3          16  -6.6211009162984501E-009
           3          17   1.1463568881060323E-008
           3          18   1.2703974334900003E-010
           3          19  -1.2308163870777609E-008
           3          20   1.0475369232946238E-010
           3          21   2.4621206496414283E-009
           3          22  -2.8717947328732688E-009
           3          23  -8.4572925037526315E-011
           3          24   3.0413187086808073E-010
           3          25  -3.9463900256669391E-010
           3          26  -2.8442863048439484E-003
           3          27   1.9827277488398292E-004
           3          28   7.3308556951334879E-003
           3          29  -5.7059735821602952E-006
           3          30  -3.3803829063195538E-004
           3          31  -2.8387637412881734E-003
           3          32   5.7227869281615013E-003
           3          33  -2.7554434931973900E-005
           3          34   4.3086397458887869E-003
           3          35   7.9457340654177611E-007
           3          36   4.6978957881419836E-005
           3          37   5.7220199394922991E-003
           3          38   1.6444268230290299E-002
           3          39  -1.2545605762020437E-004
           3          40   1.0006283546008729E-002
           3          41   3.6090449588194878E-006
           3          42   2.1388701122213364E-004
           3          43   1.6440772847041530E-002
           3          44   8.7884278837761683E-003
           3          45  -1.3180532185259568E-004
           3          46   2.0242659919394038E-003
           3          47   3.7898063562368036E-006
           3          48   2.2472235267740853E-004
           3          49   8.7847558569260128E-003
           3          50  -5.2672085067208743E-010
           3          51   1.0960307310743481E-010
           3          52   5.0069469098636641E-010
           3          53  -1.3251775790506766E-009
           3          54   2.1960415601808795E-010
           3          55   7.0336136128266348E-010
           3          56   1.0274067350419049E-011
           3          57   1.0014175457398710E-009
           3          58  -2.2863552462673130E-010
           3          59   4.8671073151861480E-010
           3          60   2.8595245984892107E-010
           3          61   1.3527163377819302E-009
           3          62   2.2250624656051921E-009
           3          63  -1.8274177671072403E-009
           3          64  -1.0081659039254490E-010
           3          65   1.0667151633711057E-009
           3          66  -1.4022100725080835E-009
           3          67   3.8331437348019118E-009
           3          68   4.8288556598080001E-010
           3          69  -7.4258918360409757E-010
           4           1  -6.7708141181431940E-003
           4           2   2.6053054366809797E-002
           4           3 -0.11064463452504611     
           4           4  0.15164327081811524     
           4           5  0.30378884484162649     
           4           6  0.14692571395168336     
           4           7   4.8845982004344386E-003
           4           8   3.0662839560073462E-009
           4           9  -1.1040314552592416E-009
           4          10   7.7698942332674281E-010
           4          11  -9.7995255700406624E-009
           4          12   6.6962281795166129E-010
           4          13  -1.7974747873000945E-009
           4          14   1.1769420503493367E-008
           4          15   7.0002901994146610E-011
           4          16  -1.2065256125405112E-010
           4          17   1.9443101282512543E-008
           4          18  -1.6655890349845294E-009
           4          19   2.3900967431487182E-010
           4          20   1.1800702114947389E-008
           4          21  -2.6090226908582275E-009
           4          22  -1.1687816137146666E-009
           4          23   7.7074973082932227E-010
           4          24  -3.1255650639199261E-010
           4          25   5.5115615638926462E-011
           4          26   5.0080102173284350E-003
           4          27  -2.7828710875504371E-004
           4          28  -9.2740779239847641E-003
           4          29   8.0087298229937416E-006
           4          30   4.7447885022259271E-004
           4          31   5.0002579608575863E-003
           4          32   2.4949023817823872E-003
           4          33   4.4572887437573127E-006
           4          34   2.7235754129338948E-003
           4          35  -1.2909488018847099E-007
           4          36  -7.5965817746867070E-006
           4          37   2.4950261759387770E-003
           4          38   2.8363661235682566E-003
           4          39   1.1301228591918203E-004
           4          40   8.6358896120830760E-003
           4          41  -3.2510850372507140E-006
           4          42  -1.9267498256539888E-004
           4          43   2.8395147395501807E-003
           4          44  -2.0571355263073834E-003
           4          45   8.4727912014512593E-005
           4          46   2.2910362646119285E-003
           4          47  -2.4361226637875789E-006
           4          48  -1.4445723767421011E-004
           4          49  -2.0547750298522535E-003
           4          50   2.4949892699332008E-009
           4          51  -9.6091434228498629E-011
           4          52  -4.0896806902821056E-010
           4          53   7.4399187555087479E-010
           4          54  -1.4174353626528421E-010
           4          55  -3.5835227347802832E-010
           4          56   2.7199918300285056E-010
           4          57   4.2386285673503700E-010
           4          58   1.2262394795563230E-010
           4          59  -3.2663677892306001E-010
           4          60   3.0072240511362615E-009
           4          61  -9.6670680795473257E-010
           4          62  -8.5299096882673730E-010
           4          63   1.0730884994650532E-009
           4          64  -2.8554480788069627E-010
           4          65  -6.6510610594715542E-010
           4          66   8.0443139920423034E-010
           4          67  -1.0786088972334499E-009
           4          68  -3.9105119357924570E-010
           4          69  -3.0640242234450192E-010
           5           1  -4.6861660239609179E-002
           5           2  0.17939124556938529     
           5           3 -0.51035550347499481     
           5           4  0.30378884484162649     
           5           5  0.64297450929928690     
           5           6  0.31338479618574983     
           5           7   1.1162922378203760E-002
           5           8  -3.5497967776609218E-009
           5           9   8.5054938499412803E-010
           5          10   3.7581617833169680E-009
           5          11   9.7283382700601446E-009
           5          12  -9.6372543009622639E-010
           5          13  -9.7793152969472972E-009
           5          14  -9.6542869333679022E-009
           5          15   1.9217564252055274E-009
           5          16   9.2126471418349998E-009
           5          17  -1.4847317913706059E-008
           5          18  -6.3176125916004661E-010
           5          19   1.5805269218526005E-008
           5          20  -7.3197917599588899E-010
           5          21  -3.6180859377147026E-009
           5          22   4.5668861179794718E-009
           5          23   1.1695646397841018E-010
           5          24  -4.5842537296233792E-010
           5          25   5.5154334562302412E-010
           5          26   2.8470503598135694E-003
           5          27  -1.4354438513173771E-004
           5          28  -4.5197716174234532E-003
           5          29   4.1309958054747059E-006
           5          30   2.4473972192734343E-004
           5          31   2.8430534632698109E-003
           5          32   4.4261312678704800E-003
           5          33   1.4129495743987676E-005
           5          34   5.1511786297938171E-003
           5          35  -4.0900193627119206E-007
           5          36  -2.4085841201279936E-005
           5          37   4.4265239603421998E-003
           5          38   4.4630990195323678E-003
           5          39   1.8914574957601328E-004
           5          40   1.4169498072909075E-002
           5          41  -5.4415318580564510E-006
           5          42  -3.2247178790437809E-004
           5          43   4.4683686949970186E-003
           5          44  -5.0563091931382651E-003
           5          45   1.7210374585624119E-004
           5          46   3.7759181143980258E-003
           5          47  -4.9482285096049301E-006
           5          48  -2.9342891818266199E-004
           5          49  -5.0515144495165247E-003
           5          50  -7.9574707028531801E-010
           5          51  -1.7963451816225025E-010
           5          52  -1.2889189687914917E-009
           5          53   1.7897907115381841E-009
           5          54   3.8857769030937570E-010
           5          55  -9.9776195025473531E-010
           5          56   5.9875810463852067E-010
           5          57  -2.1175473991761455E-009
           5          58   3.2681244973184520E-010
           5          59   8.8801324766399379E-010
           5          60  -5.2957407056144201E-010
           5          61  -2.0207481721667206E-009
           5          62  -3.2342965438915529E-009
           5          63   2.5252446948033616E-009
           5          64   2.1763650828046620E-010
           5          65  -1.5814751274186475E-009
           5          66   2.0599117766160792E-009
           5          67  -5.6453639561801646E-009
           5          68  -7.5355583003791627E-010
           5          69   1.2279971351873376E-009
           6           1  -2.5487594496325455E-002
           6           2   9.7498508371175352E-002
           6           3 -0.27106166612393678     
           6           4  0.14692571395168336     
           6           5  0.31338479618574983     
           6           6  0.15310548383980807     
           6           7   5.4372700394103302E-003
           6           8  -2.1716119662525242E-008
           6           9   3.6296900681446908E-009
           6          10   6.9467964794100540E-009
           6          11   6.3201996575815060E-008
           6          12  -3.4567085763557268E-009
           6          13  -1.8496921468378136E-008
           6          14  -6.3993860290045898E-008
           6          15   3.7348912725381448E-009
           6          16   1.6345395602092031E-008
           6          17  -1.0302082854802823E-007
           6          18   4.4859860141572922E-009
           6          19   2.6972362430208181E-008
           6          20  -4.4429841109891329E-008
           6          21   9.8587841768283581E-010
           6          22   1.1050577636607848E-008
           6          23  -2.5121311197802650E-009
           6          24   3.9040761047493164E-011
           6          25   7.7466460772348041E-010
           6          26   2.4399605126958833E-003
           6          27  -1.3177711854518365E-004
           6          28  -4.3230262890609885E-003
           6          29   3.7934447095923194E-006
           6          30   2.2468452190613377E-004
           6          31   2.4362911953946884E-003
           6          32   1.9056369792393004E-003
           6          33   1.0558730117799989E-005
           6          34   2.4474611711115838E-003
           6          35  -3.0478657762446312E-007
           6          36  -1.7999422615895230E-005
           6          37   1.9059308113699423E-003
           6          38   1.7257810034919732E-003
           6          39   1.0328290270544672E-004
           6          40   7.0259860886228284E-003
           6          41  -2.9712466789726146E-006
           6          42  -1.7608645400474498E-004
           6          43   1.7286585397115637E-003
           6          44  -2.4971196841194871E-003
           6          45   8.5447215236364536E-005
           6          46   1.8879656136624829E-003
           6          47  -2.4567778533682357E-006
           6          48  -1.4568359264178867E-004
           6          49  -2.4947391522220294E-003
           6          50  -1.1353801604361875E-008
           6          51   1.5696898048736322E-010
           6          52  -1.5568155583966916E-009
           6          53   1.0805593906387938E-009
           6          54   1.1778163522875089E-009
           6          55  -5.9427694586087703E-010
           6          56   4.8406299053807754E-010
           6          57  -5.8527536143785758E-009
           6          58   2.9335152657657698E-010
           6          59   2.6414216699128428E-009
           6          60  -1.2189796948838348E-008
           6          61  -7.1600907817611734E-010
           6          62  -4.0073253868063107E-009
           6          63   1.5761133429843145E-009
           6          64   1.1831395932537951E-009
           6          65  -8.4456614486651425E-010
           6          66   1.4924818178385746E-009
           6          67  -7.9941388008937553E-009
           6          68  -1.8648982541961651E-010
           6          69   3.0011152152551761E-009
           7           1  -1.3622106748936318E-003
           7           2   5.2201812170790274E-003
           7           3  -1.3392898337721832E-002
           7           4   4.8845982004344386E-003
           7           5   1.1162922378203760E-002
           7           6   5.4372700394103302E-003
           7           7   2.5205269785446514E-004
           7           8   1.7031903237644962E-009
           7           9   6.7429334754599913E-010
           7          10   4.1197053638142498E-009
           7          11  -5.0332089967729541E-009
           7          12  -1.0462160870060589E-009
           7          13  -1.1467268104793294E-008
           7          14   6.1797238540012251E-009
           7          15   9.8428406383784748E-010
           7          16   1.1400884068285321E-008
           7          17   9.8993513296780072E-009
           7          18   1.5729830551270609E-009
           7          19   1.8471884434361302E-008
           7          20   4.6653241657508571E-009
           7          21   9.0539110532245948E-010
           7          22   8.4643651355556385E-009
           7          23   2.7411418236024351E-010
           7          24   8.8424333241494104E-011
           7          25   5.0249896757857903E-010
           7          26  -5.6231213738980844E-005
           7          27   3.3429398967960158E-006
           7          28   1.1523776115448343E-004
           7          29  -9.5932185762843455E-008
           7          30  -5.6960430737944780E-006
           7          31  -5.6137226207712007E-005
           7          32   1.9898513056143270E-004
           7          33  -4.9948079201040173E-006
           7          34  -5.7354998578194404E-005
           7          35   1.4359936286088051E-007
           7          36   8.5163276469070806E-006
           7          37   1.9884599309901376E-004
           7          38   1.9967474926677856E-004
           7          39  -5.1119900919401186E-006
           7          40  -6.2682574018939715E-005
           7          41   1.4700643798620759E-007
           7          42   8.7161006688312516E-006
           7          43   1.9953230747126960E-004
           7          44  -1.1760088249497710E-004
           7          45   1.7305726166408810E-006
           7          46  -2.8790940218879458E-005
           7          47  -4.9723060782319909E-008
           7          48  -2.9505038412144008E-006
           7          49  -1.1755267174416636E-004
           7          50   1.1678436333227483E-009
           7          51   7.2899688971002825E-012
           7          52   8.3070079281748009E-011
           7          53   1.1536015912805715E-010
           7          54   9.3234860620494498E-010
           7          55  -4.6196782232324192E-011
           7          56   1.7691018369958107E-010
           7          57   4.3764526706650824E-010
           7          58   8.9744706993082717E-011
           7          59   2.0895880959192486E-009
           7          60   1.2640133045402995E-009
           7          61  -1.1504036260504561E-011
           7          62   1.9693064167940975E-010
           7          63   1.6570382483444733E-010
           7          64   1.0132730594231680E-009
           7          65  -5.0960988099698153E-011
           7          66   4.9874865903912310E-010
           7          67   4.1029909905083247E-010
           7          68   6.9046570594336942E-011
           7          69   2.2849748527567474E-009
           8           1   2.2173044010383651E-010
           8           2  -7.8625732231294194E-010
           8           3   1.9994179179240430E-009
           8           4   3.0662839560073462E-009
           8           5  -3.5497967776609218E-009
           8           6  -2.1716119662525242E-008
           8           7   1.7031903237644962E-009
           8           8   2.3180316096634703     
           8           9   1.5296887059717900E-004
           8          10  -4.4008725592309924E-006
           8          11 -0.85457497263490956     
           8          12  -4.3609243590401976E-004
           8          13   1.2545160850235501E-005
           8          14  -5.6388504916702505E-003
           8          15   4.3478696824877461E-004
           8          16  -1.2508906490823983E-005
           8          17   4.1102568824304568E-002
           8          18   8.1867307930219482E-004
           8          19  -2.3550165156626446E-005
           8          20   2.1792136176918813E-002
           8          21   5.5859487329834546E-004
           8          22  -1.6062330934337757E-005
           8          23   1.2641311704405384E-003
           8          24   6.8382775355639838E-005
           8          25  -1.9650764666822495E-006
           8          26  -2.0474306544514154E-009
           8          27   1.0889628448872366E-009
           8          28   5.5156896121971329E-010
           8          29   4.1491392193469801E-010
           8          30   1.0541154175679781E-009
           8          31   2.4123186857540504E-009
           8          32   4.1402572880229950E-009
           8          33  -6.6987510615123738E-010
           8          34   1.2816966600052200E-009
           8          35  -4.1291696491637052E-010
           8          36  -8.0258263455800440E-010
           8          37  -1.1993949200332578E-010
           8          38   1.0146858192706672E-008
           8          39  -3.1023349855470226E-009
           8          40   5.2483161232653191E-009
           8          41  -1.4801891628292210E-009
           8          42  -3.1509048589681378E-009
           8          43   1.9469760188686341E-010
           8          44   6.5571516767738123E-009
           8          45  -1.7172851231159016E-009
           8          46   1.5395005997399089E-009
           8          47  -1.6466773596005234E-009
           8          48  -4.1195805045105977E-010
           8          49  -3.6130867279307214E-009
           8          50   1.0943940596428527E-002
           8          51  -6.7183664911911470E-005
           8          52   3.2591421159293269E-003
           8          53  -6.9627829763691841E-006
           8          54   1.9319246962598628E-006
           8          55   5.4322737247266761E-005
           8          56  -4.2007611930205512E-007
           8          57   4.8933913522090887E-003
           8          58  -1.1967969059562200E-005
           8          59   7.7074269163535989E-007
           8          60   6.4763903434224756E-003
           8          61  -3.6743772173848026E-005
           8          62   1.2617784145827671E-003
           8          63   5.0381928073137110E-005
           8          64   1.0575073612143793E-006
           8          65   5.4303331118334681E-005
           8          66  -8.8508578432976824E-007
           8          67   2.8954415459893257E-003
           8          68   1.8437039454855720E-005
           8          69  -1.1872878350215441E-006
           9           1  -1.4085906274049779E-011
           9           2   1.5467835287810362E-010
           9           3   4.0181080722790898E-011
           9           4  -1.1040314552592416E-009
           9           5   8.5054938499412803E-010
           9           6   3.6296900681446908E-009
           9           7   6.7429334754599913E-010
           9           8   1.5296887059717900E-004
           9           9   2.3270983176167435     
           9          10  -2.6088833044823087E-004
           9          11  -4.3609303305911862E-004
           9          12 -0.88041719436044508     
           9          13   7.4351761919134399E-004
           9          14   4.3478861973865940E-004
           9          15   2.0125953220403614E-002
           9          16  -7.4129016446854970E-004
           9          17   8.1866798731610173E-004
           9          18   8.9615694264618212E-002
           9          19  -1.3957913168141159E-003
           9          20   5.5859497519245406E-004
           9          21   5.4894169236206741E-002
           9          22  -9.5239489350788895E-004
           9          23   6.8382765316012491E-005
           9          24   5.3164186683171211E-003
           9          25  -1.1658997776560563E-004
           9          26   3.5010051495207474E-010
           9          27   4.8850571544129294E-010
           9          28  -9.9916895427751313E-010
           9          29   4.0558917335011546E-010
           9          30  -4.2952222838426293E-010
           9          31   2.1119765268852960E-010
           9          32  -7.7016540392142777E-010
           9          33  -4.4650731399211788E-010
           9          34   6.4328746460432264E-010
           9          35  -2.5653028296690945E-010
           9          36   8.9922427242024824E-011
           9          37  -6.3074659983956147E-010
           9          38  -2.5471986953336972E-009
           9          39  -8.2887637016509604E-010
           9          40   9.3299032538344392E-010
           9          41  -9.1995745149738045E-010
           9          42   8.7388352021407626E-010
           9          43  -1.6841439859528141E-009
           9          44  -1.2386657889815139E-009
           9          45  -9.8955579715954920E-010
           9          46   9.9011993878232275E-010
           9          47  -2.7323750405548736E-010
           9          48   7.5758289697880458E-010
           9          49  -1.0173628782362387E-009
           9          50  -2.6802761825250292E-005
           9          51   4.1843749820614480E-003
           9          52  -4.0562945822267866E-005
           9          53   6.8746986682370875E-003
           9          54   2.0423711201974097E-005
           9          55   3.2398432793945186E-008
           9          56   6.9154736329048253E-005
           9          57  -1.1967158917148847E-005
           9          58   4.1843436468510155E-003
           9          59   4.5670122436039675E-005
           9          60   4.1205949198665471E-005
           9          61   3.9884459175268776E-003
           9          62  -2.4429974844141458E-005
           9          63   5.8066843030282252E-003
           9          64  -3.1421841822223634E-005
           9          65   5.0726208864700305E-007
           9          66   4.1654582819700817E-005
           9          67   1.8436891326679068E-005
           9          68   3.9879550498308465E-003
           9          69  -7.0261095186146532E-005
          10           1  -2.4050169708561365E-010
          10           2   8.6427535245317813E-010
          10           3  -1.9366179462848135E-009
          10           4   7.7698942332674281E-010
          10           5   3.7581617833169680E-009
          10           6   6.9467964794100540E-009
          10           7   4.1197053638142498E-009
          10           8  -4.4008725592309924E-006
          10           9  -2.6088833044823087E-004
          10          10   2.3180365337963043     
          10          11   1.2544809886582662E-005
          10          12   7.4351749021581593E-004
          10          13 -0.85458899998191851     
          10          14  -1.2507052892583883E-005
          10          15  -7.4128955120336942E-004
          10          16  -5.6248655130682768E-003
          10          17  -2.3552806303287230E-005
          10          18  -1.3957932461449486E-003
          10          19   4.1128902775877246E-002
          10          20  -1.6068125476929563E-005
          10          21  -9.5239567065196666E-004
          10          22   2.1810103300608057E-002
          10          23  -1.9663859568236250E-006
          10          24  -1.1658979035898573E-004
          10          25   1.2663329973440964E-003
          10          26  -7.4106671316006851E-010
          10          27   8.6688357160618043E-010
          10          28  -6.0715268824295930E-010
          10          29   8.7336280276739316E-010
          10          30   5.5459840753495801E-010
          10          31   2.0042478570526555E-010
          10          32  -6.2447249594160985E-010
          10          33  -8.0402979911753932E-010
          10          34  -9.9572752136127764E-010
          10          35  -8.2424321816998409E-010
          10          36  -4.7543800476362742E-010
          10          37  -2.0381176803689238E-009
          10          38  -2.1499594227951812E-009
          10          39  -1.9395581013140199E-009
          10          40  -2.1446166394572991E-009
          10          41  -1.8822953389813741E-009
          10          42  -1.0223970352750444E-009
          10          43  -3.6516381054666471E-009
          10          44  -2.9510963164488570E-010
          10          45  -7.7251945531299748E-010
          10          46  -1.3444146564183747E-009
          10          47  -3.4684245134489333E-010
          10          48  -1.3379304114254265E-009
          10          49  -3.2758355258782523E-009
          10          50   7.7232528228593050E-007
          10          51   2.0424053235337755E-005
          10          52  -4.2047710440320017E-007
          10          53   1.1861086734362158E-005
          10          54   4.8938942851345655E-003
          10          55  -3.1845049429042915E-005
          10          56   3.2596135546208082E-003
          10          57   1.9321036501635434E-006
          10          58   1.1451643571163568E-004
          10          59   1.0941094235801342E-002
          10          60  -1.1837948218690128E-006
          10          61  -3.1421139609515811E-005
          10          62  -8.8453446277464300E-007
          10          63  -8.5898219078669644E-005
          10          64   2.8969232658478802E-003
          10          65  -3.1842501671337072E-005
          10          66   1.2627685378668499E-003
          10          67   1.0572271532678377E-006
          10          68   6.2635527939488905E-005
          10          69   6.4757327469094905E-003
          11           1  -5.9348529012738105E-010
          11           2   2.0666158177117840E-009
          11           3  -6.3743850797934558E-009
          11           4  -9.7995255700406624E-009
          11           5   9.7283382700601446E-009
          11           6   6.3201996575815060E-008
          11           7  -5.0332089967729541E-009
          11           8 -0.85457497263490956     
          11           9  -4.3609303305911862E-004
          11          10   1.2544809886582662E-005
          11          11   2.2962149645505150     
          11          12   1.2434049136160017E-003
          11          13  -3.5768548532958768E-005
          11          14   7.1533170492025719E-003
          11          15  -1.2419248272437745E-003
          11          16   3.5729700295585230E-005
          11          17 -0.12870694324976512     
          11          18  -2.3358196036955730E-003
          11          19   6.7191808723958719E-005
          11          20  -6.4548377779307109E-002
          11          21  -1.6124230836248035E-003
          11          22   4.6364590708309407E-005
          11          23  -3.5266345674350085E-003
          11          24  -1.9703956720055148E-004
          11          25   5.6621634107547460E-006
          11          26   6.5398434977811045E-009
          11          27  -3.7198974625118073E-009
          11          28  -1.1318584001813341E-009
          11          29  -1.3768547425019776E-009
          11          30  -2.5572786160311900E-009
          11          31  -6.5553031693281525E-009
          11          32  -1.1671623376884373E-008
          11          33   1.8842164118513426E-009
          11          34  -3.2738302947494253E-009
          11          35   1.3040767998135561E-009
          11          36   2.2730249141255189E-009
          11          37   7.7578561559514060E-010
          11          38  -2.9381641151887383E-008
          11          39   9.0451160783057474E-009
          11          40  -1.5204225191145575E-008
          11          41   4.2081364777729100E-009
          11          42   9.1910127907462049E-009
          11          43  -5.6619529966444531E-010
          11          44  -1.9024885958729848E-008
          11          45   4.9612337366803901E-009
          11          46  -4.4591887529070611E-009
          11          47   4.8209170835650849E-009
          11          48   1.2347310568506847E-009
          11          49   1.0500833282099911E-008
          11          50  -2.6056348736089141E-002
          11          51   1.8982427183718135E-004
          11          52  -6.8422653132042006E-003
          11          53   3.6026478998518621E-006
          11          54  -5.4585041050668507E-006
          11          55  -1.5981474528764433E-004
          11          56   1.4371523414184819E-006
          11          57  -1.1650141920224379E-002
          11          58   2.7383421881440290E-005
          11          59  -1.7641939824789154E-006
          11          60  -1.6822645921115216E-002
          11          61   1.0522054185356018E-004
          11          62  -2.8316784869551574E-003
          11          63  -1.4559309404511194E-004
          11          64  -3.0284683637770541E-006
          11          65  -1.5586630597317892E-004
          11          66   2.5642161874288256E-006
          11          67  -7.5207663696116233E-003
          11          68  -5.3165022066678302E-005
          11          69   3.4234600750595901E-006
          12           1   6.3505096813319995E-011
          12           2  -2.5641507236179668E-010
          12           3   5.9499103179663419E-010
          12           4   6.6962281795166129E-010
          12           5  -9.6372543009622639E-010
          12           6  -3.4567085763557268E-009
          12           7  -1.0462160870060589E-009
          12           8  -4.3609243590401976E-004
          12           9 -0.88041719436044508     
          12          10   7.4351749021581593E-004
          12          11   1.2434049136160017E-003
          12          12   2.3698975574666692     
          12          13  -2.1199538181510035E-003
          12          14  -1.2419281367118951E-003
          12          15  -6.6441630317084679E-002
          12          16   2.1174317688224609E-003
          12          17  -2.3357990628278106E-003
          12          18 -0.26712401328335400     
          12          19   3.9824570640996995E-003
          12          20  -1.6124215941775105E-003
          12          21 -0.16009942985851203     
          12          22   2.7491442564498503E-003
          12          23  -1.9703940460850234E-004
          12          24  -1.5203010578078938E-002
          12          25   3.3594581775011083E-004
