           1           1   2.1475115341592739     
           1           2 -0.56524646249553290     
           1           3  -1.6084327280608851E-002
           1           4   8.5527006554916518E-002
           1           5   5.4112179136781818E-002
           1           6   7.7819770960953936E-003
           1           7  -9.8627963541786661E-011
           1           8   1.1344134038886656E-010
           1           9  -2.1130309925532965E-012
           1          10   1.4041661392477975E-010
           1          11   2.9442971860916650E-011
           1          12  -2.7390509171223445E-011
           1          13  -3.6858451210624598E-010
           1          14  -3.5576519806902578E-010
           1          15   1.0173618712844642E-010
           1          16   1.2632180771208332E-010
           1          17   4.7435396232200983E-011
           1          18  -2.1819397757531681E-011
           1          19  -4.0691802898541455E-012
           1          20  -3.0690404276881454E-012
           1          21   6.2124058662677639E-013
           1          22   5.3069066424428978E-004
           1          23  -1.7530616078024929E-006
           1          24   5.2849747393425128E-004
           1          25  -1.1944024421613175E-005
           1          26  -2.3417272407337758E-005
           1          27   3.9298471076985387E-004
           1          28  -1.7048013851698439E-003
           1          29   3.3235490458946950E-006
           1          30  -1.7006252176024277E-003
           1          31   2.2707609732127430E-005
           1          32   4.4505076601086498E-005
           1          33  -1.4430559712827018E-003
           1          34  -2.0817393525644169E-003
           1          35  -8.2124356105526108E-006
           1          36  -2.0920619900886830E-003
           1          37  -5.6123083304798435E-005
           1          38  -1.0999179730851477E-004
           1          39  -2.7286352630469771E-003
           1          40   1.6096488283117217E-010
           1          41   4.9050351417120988E-011
           1          42   8.0249178999948914E-011
           1          43   1.0202046323660640E-010
           1          44  -2.0674253797615191E-011
           1          45  -1.2067457903904232E-012
           1          46  -1.4968546715926547E-011
           1          47   7.6864035924923870E-011
           1          48   4.1093067917156295E-011
           1          49  -4.3551304588206619E-011
           1          50  -6.0989445098272104E-011
           1          51  -2.2008843505977619E-011
           1          52  -3.1861645807975631E-011
           1          53  -4.5671281346607229E-011
           1          54   5.0637773029220794E-012
           1          55  -4.6756398436879640E-013
           1          56   4.8287138504732977E-012
           1          57  -3.0264767336130696E-011
           1          58  -2.0480890583902251E-011
           1          59   1.1684826984374933E-011
           2           1 -0.56524646249553290     
           2           2   2.1733478922800114     
           2           3   4.5269102526650666E-002
           2           4 -0.36138559642021367     
           2           5 -0.22049427078136596     
           2           6  -2.7614750868849573E-002
           2           7   4.0349287336239617E-010
           2           8  -7.0971871601528362E-010
           2           9   4.1222666537375593E-011
           2          10  -1.8753365005229655E-010
           2          11  -4.2041511336179143E-011
           2          12   5.6142239478508158E-011
           2          13   8.4283075223634245E-010
           2          14   1.2062220811550491E-009
           2          15  -2.9599664226846801E-010
           2          16  -2.8163121129657418E-010
           2          17  -1.7231415085168098E-010
           2          18   6.1988055480412017E-011
           2          19   1.3595578891406006E-011
           2          20   7.5535135834859577E-012
           2          21  -1.3445716290452160E-012
           2          22   5.7823855259762219E-004
           2          23   6.6431591181999772E-007
           2          24   5.7904375679841431E-004
           2          25   4.4270781478602432E-006
           2          26   8.7146257950168789E-006
           2          27   6.2941286294228207E-004
           2          28   4.8845705507181529E-003
           2          29  -1.8317708243950880E-005
           2          30   4.8615603206591008E-003
           2          31  -1.2513320063152174E-004
           2          32  -2.4525072512542045E-004
           2          33   3.4421906246639607E-003
           2          34   6.6614401074038066E-003
           2          35   3.2753279893560236E-005
           2          36   6.7026116570195818E-003
           2          37   2.2383947709505119E-004
           2          38   4.3868807389089651E-004
           2          39   9.2414999206088082E-003
           2          40  -3.0511295410685424E-010
           2          41  -1.5220229971653876E-010
           2          42  -1.6755127539757883E-010
           2          43  -3.1109361595036950E-010
           2          44   5.9024770042009422E-011
           2          45   4.7962197612083112E-012
           2          46   3.7086759606706995E-011
           2          47  -1.5458468425192301E-010
           2          48  -1.2022293236258083E-010
           2          49   1.2082856690700165E-010
           2          50   1.4551609834013712E-010
           2          51   7.5472150151960303E-011
           2          52   8.3890236138313039E-011
           2          53   1.5383011251023130E-010
           2          54  -1.3032610275924781E-011
           2          55   1.2944354289772085E-012
           2          56  -1.1487776566698694E-011
           2          57   7.6553622633406465E-011
           2          58   6.9923027655924226E-011
           2          59  -3.0732428833821974E-011
           3           1  -1.6084327280608851E-002
           3           2   4.5269102526650666E-002
           3           3   3.3219969085067559E-002
           3           4  0.13069274143192275     
           3           5   6.9546268834487626E-002
           3           6   3.8320125166233466E-003
           3           7  -1.4179870222155110E-009
           3           8   7.5652799259762404E-010
           3           9   8.2993599021916363E-012
           3          10   2.5895692738261906E-011
           3          11   1.1563457373738306E-010
           3          12  -2.0796406981973171E-011
           3          13   1.7473616967078251E-009
           3          14   1.6060943812910767E-010
           3          15  -1.8178992559881381E-010
           3          16   1.0023869312000892E-009
           3          17   3.2153966634002180E-010
           3          18  -1.2222404107736834E-010
           3          19   1.1401792020808770E-010
           3          20   3.1413798086168768E-011
           3          21  -1.3661581809088915E-011
           3          22   1.4361812204276340E-003
           3          23   3.1525534813892344E-005
           3          24   1.4757568652959338E-003
           3          25   2.1529645866688276E-004
           3          26   4.2194255047400711E-004
           3          27   3.9177679911841477E-003
           3          28   5.6307421007494160E-003
           3          29   2.6994986253976985E-005
           3          30   5.6646287749102624E-003
           3          31   1.8434655492084815E-004
           3          32   3.6129387779023747E-004
           3          33   7.7556171793327954E-003
           3          34   5.3153493612294171E-004
           3          35  -5.7972355680311280E-006
           3          36   5.2423822174219883E-004
           3          37  -3.9647856548637555E-005
           3          38  -7.7701472058888961E-005
           3          39   7.4546151118014790E-005
           3          40   4.7415944260218905E-011
           3          41   1.9744510189483743E-011
           3          42   8.1533259031073876E-012
           3          43   5.4906938517309951E-011
           3          44  -7.6043938922710424E-012
           3          45  -2.3274339464582571E-012
           3          46  -1.2319028713435445E-011
           3          47  -1.0022106316546716E-012
           3          48   1.7103044142063744E-011
           3          49  -5.5774611005375961E-012
           3          50   2.8338604288580023E-010
           3          51   9.8125242082938454E-012
           3          52   1.2319022713688004E-010
           3          53   2.6571126738291217E-011
           3          54  -1.6691348041438943E-011
           3          55   1.5516290550434377E-012
           3          56  -1.7761316354162009E-011
           3          57   1.1652015781600202E-010
           3          58   5.6366924340598884E-012
           3          59  -2.9222608672710278E-011
           4           1   8.5527006554916518E-002
           4           2 -0.36138559642021367     
           4           3  0.13069274143192275     
           4           4  0.67248160174679117     
           4           5  0.36998164471833117     
           4           6   3.0947205047998510E-002
           4           7  -3.8925613746253970E-010
           4           8   1.5264292306873271E-009
           4           9  -1.5806975143605451E-010
           4          10  -2.3686238716209836E-010
           4          11  -1.5611630662365037E-010
           4          12   2.4978472884827363E-011
           4          13  -6.7516993733014532E-010
           4          14  -2.0855432673426261E-009
           4          15   3.0298069175872101E-010
           4          16   4.7476596551925950E-011
           4          17   3.5230967513546023E-012
           4          18  -1.1028824237220862E-011
           4          19  -1.6930623032661360E-011
           4          20  -2.9571314787939297E-011
           4          21   3.5090916539571893E-012
           4          22   8.9354590454010785E-003
           4          23   4.2100978744679643E-005
           4          24   8.9883717213390304E-003
           4          25   2.8772689821543159E-004
           4          26   5.6385117723301535E-004
           4          27   1.2251747620161650E-002
           4          28   2.5526190606489588E-002
           4          29  -2.3982800574778428E-005
           4          30   2.5496126062556190E-002
           4          31  -1.6365623377800767E-004
           4          32  -3.2074243566115879E-004
           4          33   2.3639811974973970E-002
           4          34  -1.8844509761732527E-003
           4          35  -5.5079438669539650E-005
           4          36  -1.9537109007447661E-003
           4          37  -3.7649415340749201E-004
           4          38  -7.3785804315497328E-004
           4          39  -6.2240342446519339E-003
           4          40   1.7319227273864141E-010
           4          41   1.0671637672680733E-010
           4          42   3.9157103509381439E-011
           4          43   2.6532186198526654E-010
           4          44  -3.4998519808702380E-011
           4          45   6.4186528402171812E-013
           4          46  -4.5270691029753215E-011
           4          47   4.9936383034526432E-011
           4          48   1.0664795834898093E-010
           4          49  -6.5698025444083409E-011
           4          50  -5.4847274100936818E-011
           4          51  -1.4261878201212425E-010
           4          52  -4.2524445003426479E-011
           4          53  -2.9595769711653697E-010
           4          54   7.2812850083757174E-012
           4          55   1.4292639925194309E-011
           4          56   1.6709036944897369E-012
           4          57  -2.7066761648082207E-011
           4          58  -1.4165560497604642E-010
           4          59   2.3317703006742781E-011
           5           1   5.4112179136781818E-002
           5           2 -0.22049427078136596     
           5           3   6.9546268834487626E-002
           5           4  0.36998164471833117     
           5           5  0.20492821209906939     
           5           6   1.8725460993283708E-002
           5           7   6.2326474827406412E-009
           5           8   1.9398330871052097E-009
           5           9  -6.8961037319292187E-010
           5          10  -1.4785368953495786E-009
           5          11  -8.5092636254182551E-010
           5          12   2.3350979421463189E-010
           5          13  -1.5211017535898848E-008
           5          14  -7.2027351827858619E-009
           5          15   2.1755658115037063E-009
           5          16  -8.1341382319138469E-009
           5          17  -3.3491256583752371E-009
           5          18   1.0938018683611537E-009
           5          19  -9.5410124207659638E-010
           5          20  -4.0351570569936592E-010
           5          21   1.2934520437760489E-010
           5          22   5.4665016262888918E-003
           5          23   7.5580205195172490E-007
           5          24   5.4674962732602283E-003
           5          25   5.3167562678612702E-006
           5          26   1.0389457290710478E-005
           5          27   5.5276701677157017E-003
           5          28   1.4245611771899367E-002
           5          29  -4.6660551805211622E-005
           5          30   1.4187069834237547E-002
           5          31  -3.1855021671219215E-004
           5          32  -6.2431406047347773E-004
           5          33   1.0573839964338760E-002
           5          34  -1.6819252728944674E-003
           5          35  -3.5106989714674960E-005
           5          36  -1.7260643920781198E-003
           5          37  -2.3995391410511338E-004
           5          38  -4.7026538570544727E-004
           5          39  -4.4477083409208834E-003
           5          40  -1.0612416661940913E-010
           5          41   2.4642954502489068E-011
           5          42  -6.3331039615625941E-011
           5          43   6.3515277649175311E-011
           5          44   7.3060415105981655E-012
           5          45   2.0950970604363873E-011
           5          46   5.1864870054747772E-013
           5          47   3.7958548807405328E-011
           5          48   6.0358847771012398E-011
           5          49  -4.1875463320801379E-011
           5          50  -2.3187448190707848E-009
           5          51  -4.9244981350957459E-010
           5          52  -1.0444388504977979E-009
           5          53  -1.0914514079681359E-009
           5          54   1.5523658368623955E-010
           5          55   2.5046051618553111E-011
           5          56   1.4997100205991388E-010
           5          57  -9.5403619341750614E-010
           5          58  -4.6049370761065754E-010
           5          59   2.9578849396891847E-010
           6           1   7.7819770960953936E-003
           6           2  -2.7614750868849573E-002
           6           3   3.8320125166233466E-003
           6           4   3.0947205047998510E-002
           6           5   1.8725460993283708E-002
           6           6   3.6985575376095865E-003
           6           7  -5.0815835315619961E-009
           6           8  -1.9904196364958213E-009
           6           9   6.9521826390749389E-010
           6          10   1.4363787774099700E-009
           6          11   1.0051146735190501E-009
           6          12  -2.4997159495165076E-010
           6          13   1.4260388763192825E-008
           6          14   8.3923896691228947E-009
           6          15  -2.2784757025737440E-009
           6          16   7.8798624620082174E-009
           6          17   4.6567995124184871E-009
           6          18  -1.2715694377886430E-009
           6          19   9.1032030588987039E-010
           6          20   5.3756073158667903E-010
           6          21  -1.4665488054753556E-010
           6          22   1.2514858073402917E-003
           6          23  -2.9558254990356863E-005
           6          24   1.2143999030658852E-003
           6          25  -2.0179400154084629E-004
           6          26  -3.9549241222243273E-004
           6          27  -1.0745126004157949E-003
           6          28   1.6568098880950315E-003
           6          29  -4.8738097613948459E-005
           6          30   1.5956428870118355E-003
           6          31  -3.3278786050070972E-004
           6          32  -6.5221855113711217E-004
           6          33  -2.1790767862485609E-003
           6          34  -9.3468319840079651E-004
           6          35  -9.2966866413183467E-006
           6          36  -9.4636454036043131E-004
           6          37  -6.3520774078936029E-005
           6          38  -1.2448972703402170E-004
           6          39  -1.6668468019756441E-003
           6          40   1.9206513817063517E-010
           6          41   5.6733854778406479E-011
           6          42   8.4844219733832299E-011
           6          43   1.2715472967412429E-010
           6          44  -3.0752202224547957E-011
           6          45  -2.0643547153405192E-011
           6          46  -2.9906108237370778E-011
           6          47  -6.2550770661977437E-012
           6          48   9.9768923105760034E-012
           6          49  -3.6558148662668617E-012
           6          50   2.1942488965720635E-009
           6          51   5.7723021693551444E-010
           6          52   9.7849864645955207E-010
           6          53   1.2941798296977894E-009
           6          54  -1.7007191689713329E-010
           6          55  -1.8140662515071608E-011
           6          56  -1.7162033311769118E-010
           6          57   8.9997508372780351E-010
           6          58   5.3493411588559266E-010
           6          59  -3.2206291023669836E-010
           7           1  -9.8627963541786661E-011
           7           2   4.0349287336239617E-010
           7           3  -1.4179870222155110E-009
           7           4  -3.8925613746253970E-010
           7           5   6.2326474827406412E-009
           7           6  -5.0815835315619961E-009
           7           7   1.7380790436465983     
           7           8  -5.3036285518133475E-004
           7           9  -3.6215974194602793E-003
           7          10  0.23058504690686610     
           7          11   2.2401844832975541E-004
           7          12   1.5295960455353418E-003
           7          13 -0.11411445343148079     
           7          14   1.1769673729068422E-003
           7          15   8.0365972176543593E-003
           7          16  -6.3201524515759250E-002
           7          17   7.1336982585295497E-004
           7          18   4.8738359065401433E-003
           7          19  -7.5343527876770506E-003
           7          20   7.9564401010256833E-005
           7          21   5.4367231169973648E-004
           7          22   3.7069184653125140E-010
           7          23   1.5235678078463745E-010
           7          24  -1.2367998114662039E-010
           7          25  -1.9117599312463618E-010
           7          26  -9.2645429970230025E-011
           7          27  -3.8901506739204752E-010
           7          28  -2.9740193149909921E-010
           7          29  -2.1474193043035495E-010
           7          30  -1.0145586745566891E-009
           7          31   1.9104517016621581E-010
           7          32   9.2469849311091282E-011
           7          33  -9.6624875396167408E-010
           7          34   1.2129859747827052E-009
           7          35  -8.0901376544881918E-011
           7          36   1.1419255721664666E-009
           7          37  -3.6843110184189401E-010
           7          38   4.1679213625895717E-010
           7          39   1.1492304831963304E-009
           7          40   6.2668743471932121E-005
           7          41   5.4798557418337114E-005
           7          42   5.0743664949099267E-005
           7          43   5.1547505233481679E-005
           7          44   3.7405942317831839E-004
           7          45   2.4278119642831737E-004
           7          46   1.5492064539728495E-004
           7          47   1.4558442459745111E-003
           7          48  -1.5880135778073184E-006
           7          49   2.2820886428075098E-004
           7          50  -1.8744136630445971E-002
           7          51   8.9164575633851338E-005
           7          52  -8.3781168734381808E-003
           7          53   1.8470067871361031E-004
           7          54   6.0851083902634497E-004
           7          55   4.8571075597892326E-005
           7          56   5.6148914685089633E-004
           7          57  -8.0970154338616557E-003
           7          58   6.0566055244434558E-005
           7          59   1.1498414914452076E-003
           8           1   1.1344134038886656E-010
           8           2  -7.0971871601528362E-010
           8           3   7.5652799259762404E-010
           8           4   1.5264292306873271E-009
           8           5   1.9398330871052097E-009
           8           6  -1.9904196364958213E-009
           8           7  -5.3036285518133475E-004
           8           8   1.7373104353933546     
           8           9  -7.0975782869998980E-003
           8          10   2.2401883072256659E-004
           8          11  0.23090961853455139     
           8          12   2.9975759745405248E-003
           8          13   1.1769669939062034E-003
           8          14 -0.11240868196070040     
           8          15   1.5750964338892622E-002
           8          16   7.1337246585792893E-004
           8          17  -6.2166667865736144E-002
           8          18   9.5517754824908183E-003
           8          19   7.9563365416855341E-005
           8          20  -7.4188966816631603E-003
           8          21   1.0655057757767124E-003
           8          22  -9.9342353388705806E-010
           8          23  -3.0922088957255460E-010
           8          24  -2.3018041875050807E-010
           8          25  -1.5426642551537387E-010
           8          26  -1.9140967346893846E-010
           8          27  -2.3739251264613931E-010
           8          28  -4.3643883691790921E-010
           8          29  -1.9117203151161763E-010
           8          30  -5.5243701153952325E-010
           8          31   1.8756076281671144E-010
           8          32  -5.5946499483093852E-010
           8          33  -4.2864776438914116E-010
           8          34   5.3472451923205427E-010
           8          35  -6.9286762702950420E-011
           8          36   6.9263602586560147E-010
           8          37   3.0116020616259843E-011
           8          38   2.0691611452584043E-010
           8          39   2.7696856417868911E-010
           8          40   5.1839755046008500E-005
           8          41   6.1400724495463488E-005
           8          42   5.4404611370488512E-005
           8          43   1.8847838863348104E-004
           8          44   3.0882365186257689E-004
           8          45   1.2077095960059405E-004
           8          46   7.2777502240527832E-004
           8          47  -1.5875933496227346E-006
           8          48   1.4534893653731687E-003
           8          49   4.4710997263523814E-004
           8          50   1.8496082204349956E-004
           8          51  -8.2630464973816199E-003
           8          52   8.8811779841017880E-005
           8          53  -1.8466292008345125E-002
           8          54   1.1052033477568263E-003
           8          55   2.2007956215845597E-005
           8          56   1.1879376948187230E-003
           8          57   6.0564700228966761E-005
           8          58  -8.0093727213529035E-003
           8          59   2.2536401339397372E-003
           9           1  -2.1130309925532965E-012
           9           2   4.1222666537375593E-011
           9           3   8.2993599021916363E-012
           9           4  -1.5806975143605451E-010
           9           5  -6.8961037319292187E-010
           9           6   6.9521826390749389E-010
           9           7  -3.6215974194602793E-003
           9           8  -7.0975782869998980E-003
           9           9   1.6898778193491735     
           9          10   1.5296017487443450E-003
           9          11   2.9975724002148604E-003
           9          12  0.25094256061772641     
           9          13   8.0366005072039521E-003
           9          14   1.5750965551978566E-002
           9          15  -7.1484448573825932E-003
           9          16   4.8738175233226317E-003
           9          17   9.5517783272648770E-003
           9          18   1.6663164085032793E-003
           9          19   5.4367298310463853E-004
           9          20   1.0655065503262114E-003
           9          21  -2.9833023023494854E-004
           9          22   8.5118136412313058E-011
           9          23   1.2344302653753972E-011
           9          24   4.1245660517923342E-012
           9          25  -5.4995300550561811E-011
           9          26  -4.6605879741908050E-012
           9          27   9.6309640612544641E-011
           9          28   7.9213732033797035E-011
           9          29   5.6789443612505078E-011
           9          30   1.4822884570369768E-010
           9          31   1.1422731459021771E-011
           9          32   9.5478927310752547E-011
           9          33   1.0034522812052060E-010
           9          34  -1.8389221915066975E-010
           9          35   1.1798171463065256E-011
           9          36  -2.0125617243389436E-010
           9          37   3.1568224652667924E-012
           9          38  -6.8503448725700592E-011
           9          39  -1.2639401688558970E-010
           9          40   3.5383236565694482E-004
           9          41   3.0882356680989081E-004
           9          42   1.5491876681787069E-004
           9          43   6.8939208338922883E-004
           9          44   2.1254147952055645E-003
           9          45  -1.0357484505597954E-005
           9          46   2.1124091367495310E-003
           9          47   2.0552058870874706E-004
           9          48   4.0272042679376718E-004
           9          49   6.3110110359360563E-003
           9          50   1.2621722968588964E-003
           9          51   1.1052045064226085E-003
           9          52   5.6149361094653787E-004
           9          53   2.4702718267552090E-003
           9          54  -8.7718579215525887E-004
           9          55  -2.1852079371884933E-005
           9          56  -9.0461805069470109E-004
           9          57   4.5781256152242138E-004
           9          58   8.9729654134967083E-004
           9          59  -2.7840441852661881E-003
          10           1   1.4041661392477975E-010
          10           2  -1.8753365005229655E-010
          10           3   2.5895692738261906E-011
          10           4  -2.3686238716209836E-010
          10           5  -1.4785368953495786E-009
          10           6   1.4363787774099700E-009
          10           7  0.23058504690686610     
          10           8   2.2401883072256659E-004
          10           9   1.5296017487443450E-003
          10          10   3.8603194558601318E-002
          10          11  -1.2260232143770645E-005
          10          12  -8.3664651254562435E-005
          10          13   3.6973968370782276E-002
          10          14  -4.0291144688929054E-004
          10          15  -2.7508673615179221E-003
          10          16   2.0361233055079100E-002
          10          17  -2.1254065685538342E-004
          10          18  -1.4519739488791877E-003
          10          19   2.3220976621749880E-003
          10          20  -2.5022395265836841E-005
          10          21  -1.7096118609211531E-004
          10          22   8.6512949917201447E-011
          10          23   2.8616298976351245E-011
          10          24   7.6180741345864167E-011
          10          25   2.5352665087780909E-011
          10          26   9.9075424670263766E-012
          10          27   1.0253280140349649E-010
          10          28   1.6358350880830932E-010
          10          29   4.5081729369257462E-011
          10          30   2.3059016424046972E-010
          10          31  -9.0769234438148301E-012
          10          32   1.2407815080665157E-010
          10          33   3.0061879501994307E-010
          10          34  -4.1371469991130743E-010
          10          35   5.4424407295399931E-011
          10          36  -3.6892850102506680E-010
          10          37   5.7162700939746563E-011
          10          38  -1.4448237231232538E-010
          10          39  -2.9749674463118527E-010
          10          40   7.6091766266858478E-004
          10          41  -3.4173713093365945E-006
          10          42   3.3798861432591187E-004
          10          43  -2.4372561540221926E-007
          10          44  -2.3291372006208408E-005
          10          45  -2.4748858891356922E-005
          10          46   6.0733467416129994E-008
          10          47   1.9475558644300111E-004
          10          48   7.8630758241724776E-006
          10          49   3.8375900406688158E-005
          10          50   5.5296677546024112E-003
          10          51  -3.3512873020512158E-005
          10          52   2.4686844871620811E-003
          10          53  -6.1570186887194829E-005
          10          54  -2.2871568551355119E-004
          10          55  -4.5530033089862474E-005
          10          56  -1.8721681858966597E-004
          10          57   2.2051790686699628E-003
          10          58  -2.0754177606659399E-005
          10          59  -3.8610697144050035E-004
          11           1   2.9442971860916650E-011
          11           2  -4.2041511336179143E-011
          11           3   1.1563457373738306E-010
          11           4  -1.5611630662365037E-010
          11           5  -8.5092636254182551E-010
          11           6   1.0051146735190501E-009
          11           7   2.2401844832975541E-004
          11           8  0.23090961853455139     
          11           9   2.9975724002148604E-003
          11          10  -1.2260232143770645E-005
          11          11   3.8585424495503930E-002
          11          12  -1.6405695747764300E-004
          11          13  -4.0290899445581641E-004
          11          14   3.6390184167037605E-002
          11          15  -5.3912966158751871E-003
          11          16  -2.1253881435078357E-004
          11          17   2.0052946055763150E-002
          11          18  -2.8456406163583484E-003
          11          19  -2.5021955957867980E-005
          11          20   2.2857952444014784E-003
          11          21  -3.3505438647412814E-004
          11          22  -1.1260147708225256E-010
          11          23  -5.0002394570855417E-011
          11          24  -3.6254976726518633E-011
          11          25   4.1369634642971300E-012
          11          26  -1.2794038736103820E-011
          11          27   2.5067766765525161E-011
          11          28  -3.8701198569737384E-011
          11          29   2.4495305959681314E-011
          11          30   3.5792227447958588E-011
          11          31  -1.3411062884947935E-011
          11          32  -1.7141752217812968E-011
          11          33   3.8508897867859734E-011
          11          34  -2.9856767374396529E-010
          11          35   1.3811707436710691E-011
          11          36  -2.6726266580657900E-010
          11          37   8.5336882148583567E-011
          11          38  -6.1703203798854858E-011
          11          39  -2.5651664386489986E-010
          11          40  -3.3838919401250982E-007
          11          41   3.4013695762776842E-004
          11          42  -3.2898400527512778E-006
          11          43   7.5529262841440609E-004
          11          44  -1.5967276405309819E-006
          11          45  -1.1622492637728925E-005
          11          46  -4.3959297306591418E-005
          11          47   7.8629293849935421E-006
          11          48   2.0615784670915182E-004
          11          49   7.5184694298575681E-005
          11          50  -6.1650428136372933E-005
          11          51   2.4330860096605090E-003
          11          52  -3.3404451996598021E-005
          11          53   5.4309182935150377E-003
          11          54  -3.6837377508610691E-004
          11          55  -2.2377640075595021E-005
          11          56  -4.4680532600890004E-004
          11          57  -2.0753880429255457E-005
          11          58   2.1751520811153419E-003
          11          59  -7.5672561174623394E-004
          12           1  -2.7390509171223445E-011
          12           2   5.6142239478508158E-011
          12           3  -2.0796406981973171E-011
          12           4   2.4978472884827363E-011
          12           5   2.3350979421463189E-010
          12           6  -2.4997159495165076E-010
          12           7   1.5295960455353418E-003
          12           8   2.9975759745405248E-003
          12           9  0.25094256061772641     
          12          10  -8.3664651254562435E-005
          12          11  -1.6405695747764300E-004
          12          12   3.7489275700947886E-002
          12          13  -2.7508545126825423E-003
          12          14  -5.3913056247148804E-003
          12          15   3.6089144849496871E-004
          12          16  -1.4519620039561585E-003
          12          17  -2.8456455551925551E-003
          12          18   1.0360959051048618E-003
          12          19  -1.7096040412977349E-004
          12          20  -3.3505529334287122E-004
          12          21   4.6686869581014211E-005
          12          22   5.9126468010375511E-012
          12          23   1.9480473989183043E-012
          12          24  -5.4645879579813755E-012
          12          25  -1.6368940811881571E-011
          12          26  -5.1768622990404316E-012
          12          27  -8.3312003386857639E-012
          12          28  -7.4352404792937673E-012
          12          29  -5.1061559796300181E-012
          12          30  -2.3640269658755688E-011
          12          31   1.0215835551438644E-011
          12          32  -4.3629493220962726E-012
          12          33  -3.6809924204419460E-011
          12          34   7.1792602680651494E-011
          12          35  -6.7462001739697867E-012
          12          36   6.3922864152925400E-011
          12          37  -1.9764714060114716E-011
          12          38   1.8718179651351095E-011
          12          39   5.8789023809465929E-011
          12          40  -2.2640979197986519E-006
          12          41  -1.5969383122382085E-006
          12          42   6.1456564445375587E-008
          12          43  -3.1960726806268414E-006
          12          44   3.2949176312146159E-004
          12          45   7.3700766106520176E-006
          12          46   3.3874435123412369E-004
          12          47   3.1232931240401132E-005
          12          48   6.1198448439000458E-005
          12          49   9.4003260712032953E-004
          12          50  -4.2067118932529547E-004
          12          51  -3.6837509888503015E-004
          12          52  -1.8721683683350506E-004
          12          53  -8.2339150323124089E-004
          12          54  -2.8718337386071113E-005
          12          55   4.4393474698964820E-006
          12          56  -2.3145033421927731E-005
          12          57  -1.8234053481213768E-004
          12          58  -3.5736770968758234E-004
          12          59  -2.1328388591806727E-004
          13           1  -3.6858451210624598E-010
          13           2   8.4283075223634245E-010
          13           3   1.7473616967078251E-009
          13           4  -6.7516993733014532E-010
          13           5  -1.5211017535898848E-008
          13           6   1.4260388763192825E-008
          13           7 -0.11411445343148079     
          13           8   1.1769669939062034E-003
          13           9   8.0366005072039521E-003
          13          10   3.6973968370782276E-002
          13          11  -4.0290899445581641E-004
          13          12  -2.7508545126825423E-003
          13          13  0.34921544691672940     
          13          14  -3.7409110484388176E-003
          13          15  -2.5542366684849428E-002
          13          16  0.19225835770511124     
          13          17  -2.0585412041123998E-003
          13          18  -1.4063689242136343E-002
          13          19   2.2243232359501798E-002
          13          20  -2.3811777194956624E-004
          13          21  -1.6269943452107370E-003
          13          22   2.1300501759207087E-010
          13          23   3.7999922797377752E-011
          13          24   6.2696163719973848E-010
          13          25   3.4724001880705958E-010
          13          26   1.4186386827246768E-010
          13          27   1.0003333966699688E-009
          13          28   1.3789479402409066E-009
          13          29   4.9686192793876631E-010
          13          30   2.4923390471764324E-009
          13          31  -2.5374401678333703E-010
          13          32   6.9655342788048298E-010
          13          33   2.8025131175247835E-009
          13          34  -3.8700483668795086E-009
          13          35   4.2829320405789958E-010
          13          36  -3.5097053468754696E-009
          13          37   7.2323481554200341E-010
          13          38  -1.3366170054598151E-009
          13          39  -3.0707872923754642E-009
          13          40   4.6850551724094674E-003
          13          41  -7.4180435590996999E-005
          13          42   2.0583822046027276E-003
          13          43  -4.9488929967376359E-005
          13          44  -5.0613668666042928E-004
          13          45  -3.9449368735950747E-004
          13          46  -1.4354211523428124E-004
          13          47  -2.2474709094229256E-004
          13          48   5.3026351782427031E-005
          13          49   3.9557609790217528E-005
          13          50   5.3761862701809542E-002
          13          51  -3.0248532814634182E-004
          13          52   2.4011043458744514E-002
          13          53  -5.7546143733660257E-004
          13          54  -2.0644030699044193E-003
          13          55  -3.4235775645058696E-004
          13          56  -1.7496860932604808E-003
          13          57   2.2029649176690150E-002
          13          58  -1.9199563753798213E-004
          13          59  -3.5989358521256085E-003
          14           1  -3.5576519806902578E-010
          14           2   1.2062220811550491E-009
          14           3   1.6060943812910767E-010
          14           4  -2.0855432673426261E-009
          14           5  -7.2027351827858619E-009
          14           6   8.3923896691228947E-009
          14           7   1.1769673729068422E-003
          14           8 -0.11240868196070040     
          14           9   1.5750965551978566E-002
          14          10  -4.0291144688929054E-004
          14          11   3.6390184167037605E-002
          14          12  -5.3913056247148804E-003
          14          13  -3.7409110484388176E-003
          14          14  0.34379456563826921     
          14          15  -5.0059679389791015E-002
          14          16  -2.0585414090703190E-003
          14          17  0.18927224801016421     
