           1           1   2.0822658586845293     
           1           2  0.24653167582866470     
           1           3 -0.47047512753370752     
           1           4  -1.0329029371282776     
           1           5 -0.77875137581837284     
           1           6 -0.56335936129928132     
           1           7   9.6783123193419492E-013
           1           8   6.4906585806178950E-013
           1           9  -1.5590437573006467E-012
           1          10  -8.8743035802049184E-013
           1          11  -9.1025355533747167E-013
           1          12   1.8420719229269403E-012
           1          13   1.6604139174176102E-012
           1          14   1.8657488901605327E-012
           1          15  -3.5931925092940578E-012
           1          16  -6.0602356395236044E-013
           1          17  -1.3519812947967030E-012
           1          18   2.1074592923619354E-012
           1          19  -2.1938365057264347E-014
           1          20   1.8826889714830126E-014
           1          21  -2.5057982960571858E-015
           1          22  0.51295014714334286     
           1          23   1.0721170491845584E-014
           1          24  0.51295014714335929     
           1          25   6.8976141343347462E-015
           1          26  -2.0531357429347093E-015
           1          27  0.51295014714336851     
           1          28  0.49261705400276873     
           1          29  -1.1514860620900941E-014
           1          30  0.49261705400277711     
           1          31  -6.1131689873898921E-015
           1          32  -2.9380096067870033E-015
           1          33  0.49261705400276068     
           1          34  0.25035059349704730     
           1          35   3.1581898469119198E-015
           1          36  0.25035059349704275     
           1          37   2.8075311175494303E-015
           1          38   2.7778758561412341E-015
           1          39  0.25035059349704164     
           1          40  -5.1391135893595890E-013
           1          41  -2.1316291889213410E-013
           1          42  -2.2008696319266793E-013
           1          43  -4.5485592925167868E-013
           1          44   4.3572904380969348E-013
           1          45   5.4606537998321480E-015
           1          46   4.2038882132007744E-013
           1          47  -2.2917519325839970E-013
           1          48  -2.0328138284688834E-013
           1          49   9.6231083306338391E-013
           1          50  -1.1890393643490647E-013
           1          51   8.8355877862496835E-014
           1          52  -5.0332324002810923E-014
           1          53   1.9051824213367618E-013
           1          54  -6.9475691192453962E-014
           1          55   6.3943066174961766E-016
           1          56  -4.7834400729736682E-014
           1          57  -4.8807090774281969E-014
           1          58   9.9797308154647402E-014
           1          59  -1.4298672595928708E-013
           2           1  0.24653167582866470     
           2           2   2.3499794680684385     
           2           3 -0.75111061343675212     
           2           4  -3.6500727936111343     
           2           5  -3.5467841472293333     
           2           6  -2.4963318588605841     
           2           7   1.0105891252035109E-011
           2           8   1.1179213305556329E-012
           2           9  -9.6093056090095214E-012
           2          10  -7.6429143938647120E-012
           2          11  -1.6975918777881240E-012
           2          12   7.7410932076385007E-012
           2          13   1.5569334341324371E-011
           2          14   3.6404117606941642E-012
           2          15  -1.6364655747404333E-011
           2          16  -7.7038526188868283E-012
           2          17  -3.3643509187024814E-012
           2          18   1.0139537588793475E-011
           2          19  -7.8217920638783200E-014
           2          20   9.8447878488655877E-014
           2          21  -8.0824809169582011E-014
           2          22   1.8084787704681968     
           2          23  -8.4286082345824518E-015
           2          24   1.8084787704681609     
           2          25  -8.0059154850640221E-015
           2          26  -1.5024553161511507E-014
           2          27   1.8084787704681784     
           2          28   2.0447402372951426     
           2          29  -2.5281241041325751E-015
           2          30   2.0447402372951373     
           2          31  -2.4621228168335511E-014
           2          32   1.4406323033164272E-014
           2          33   2.0447402372951382     
           2          34   1.0994262452387946     
           2          35   1.5403250287101504E-014
           2          36   1.0994262452388013     
           2          37   4.5845916399915855E-015
           2          38  -5.1962701721961181E-015
           2          39   1.0994262452388099     
           2          40  -4.4377710100870133E-012
           2          41  -3.4508481534196638E-013
           2          42  -1.9477712829897806E-012
           2          43  -8.0293419892108647E-013
           2          44   1.9333467943266568E-012
           2          45   1.1774739083045883E-015
           2          46   1.9558746723304290E-012
           2          47  -2.0078162177984901E-012
           2          48  -3.6747440199618287E-013
           2          49   4.3389036522890221E-012
           2          50  -1.5934969070386332E-013
           2          51   3.4686172778404840E-013
           2          52  -7.4000009473255850E-014
           2          53   7.6315146147255421E-013
           2          54  -4.0827447934924139E-013
           2          55  -1.0760656245072062E-014
           2          56  -3.9503182624546084E-013
           2          57  -3.8240078109016533E-014
           2          58   3.6555553260310431E-013
           2          59  -8.9634473398447634E-013
           3           1 -0.47047512753370752     
           3           2 -0.75111061343675212     
           3           3   2.3077694626908829     
           3           4   5.9569674341742829     
           3           5   4.4488813271247087     
           3           6   3.1789592197532177     
           3           7  -5.3120311516636478E-012
           3           8  -4.2305638398230147E-012
           3           9   6.9086502011024473E-012
           3          10   6.1457121142526144E-012
           3          11   5.5474575334375448E-012
           3          12  -9.7617487864691284E-012
           3          13  -1.0651628333270280E-011
           3          14  -1.1499908016310676E-011
           3          15   1.8859217544445484E-011
           3          16   3.3656416448632568E-012
           3          17   8.9653418678709901E-012
           3          18  -1.1190425552596325E-011
           3          19   1.8996499717816739E-013
           3          20  -1.8323750632971878E-013
           3          21   3.9847642441783321E-014
           3          22  -2.8691176219974470     
           3          23  -1.3196290445178552E-014
           3          24  -2.8691176219974350     
           3          25  -1.2457771267321513E-014
           3          26   2.1255105206728479E-014
           3          27  -2.8691176219974435     
           3          28  -2.8267674451500935     
           3          29   1.0709209945253431E-014
           3          30  -2.8267674451501090     
           3          31   2.1023575004013675E-014
           3          32  -2.9652292814884716E-014
           3          33  -2.8267674451500846     
           3          34  -1.4164621170786267     
           3          35   1.7312649727493616E-015
           3          36  -1.4164621170786058     
           3          37  -9.1015455375797966E-015
           3          38   1.7165888585625117E-014
           3          39  -1.4164621170786236     
           3          40   3.2630627519713830E-012
           3          41   1.2357231362638520E-012
           3          42   1.4744012997829978E-012
           3          43   2.7495382471559622E-012
           3          44  -2.2569554652124245E-012
           3          45  -3.4387832596992851E-015
           3          46  -2.2484307470610071E-012
           3          47   1.4704514783714368E-012
           3          48   1.2489332056427041E-012
           3          49  -5.0472539121106239E-012
           3          50   1.0853595214662126E-012
           3          51  -7.0092436722551431E-013
           3          52   4.7426007833918584E-013
           3          53  -1.5544250062358358E-012
           3          54   3.4544912726655693E-013
           3          55   1.2424659728481699E-015
           3          56   3.3816981504696116E-013
           3          57   4.7556326979715261E-013
           3          58  -7.1505893222943008E-013
           3          59   7.7063815274972332E-013
           4           1  -1.0329029371282776     
           4           2  -3.6500727936111343     
           4           3   5.9569674341742829     
           4           4   16.800775248552505     
           4           5   13.218294707573111     
           4           6   9.4131399041096717     
           4           7  -1.3419705361874058E-013
           4           8  -5.0643608814574543E-012
           4           9   1.7971300190292701E-011
           4          10  -6.1617392692795528E-013
           4          11   8.1842399987229279E-012
           4          12  -2.0555892738784772E-011
           4          13   5.2666385613107916E-012
           4          14  -1.7450765561133430E-011
           4          15   4.0846737378421924E-011
           4          16  -1.1507245420484673E-011
           4          17   1.6259231072451392E-011
           4          18  -2.4602558311435686E-011
           4          19   5.9221585918766228E-013
           4          20  -4.8292271591793329E-013
           4          21   1.3097547226363239E-013
           4          22  -8.1312263486746126     
           4          23  -2.2605733013829182E-014
           4          24  -8.1312263486745540     
           4          25  -2.1719160524144253E-014
           4          26   6.1796579873401112E-014
           4          27  -8.1312263486745859     
           4          28  -8.2280934097777880     
           4          29   2.5647754142144970E-014
           4          30  -8.2280934097778200     
           4          31   6.8582185278650424E-014
           4          32  -8.1599449887344818E-014
           4          33  -8.2280934097777649     
           4          34  -4.1838006058515669     
           4          35  -8.1440836467355789E-015
           4          36  -4.1838006058515242     
           4          37  -2.4697745758206762E-014
           4          38   4.4805184789487472E-014
           4          39  -4.1838006058515731     
           4          40  -2.2597181225470655E-013
           4          41   1.6871185649118290E-012
           4          42  -9.4573047011267416E-014
           4          43   3.7690667496398868E-012
           4          44  -4.8680183266289359E-012
           4          45  -8.3059534892821028E-015
           4          46  -4.8684906346025430E-012
           4          47  -5.5853805079167429E-014
           4          48   1.7376573120620914E-012
           4          49  -1.0901002413723864E-011
           4          50   4.5642172633154411E-012
           4          51  -1.6722167416192422E-012
           4          52   2.0177360684407982E-012
           4          53  -3.6997328139607311E-012
           4          54   8.3762931284859558E-013
           4          55   1.1799796437292834E-014
           4          56   8.1255730680578175E-013
           4          57   1.9917154767049074E-012
           4          58  -1.7191257451815503E-012
           4          59   1.8567903947321803E-012
           5           1 -0.77875137581837284     
           5           2  -3.5467841472293333     
           5           3   4.4488813271247087     
           5           4   13.218294707573111     
           5           5   10.693312662816844     
           5           6   7.6020638872515436     
           5           7  -3.7584966105720749E-012
           5           8  -3.8724886450457130E-012
           5           9   1.5943995636694829E-011
           5          10   1.4707210513004372E-012
           5          11   6.3996024174251276E-012
           5          12  -1.6651859920772973E-011
           5          13  -4.5100310180341021E-013
           5          14  -1.3617828022279878E-011
           5          15   3.3562562969657210E-011
           5          16  -6.1899824751952442E-012
           5          17   1.2688524122515757E-011
           5          18  -2.0355905920055278E-011
           5          19   4.4829519980934762E-013
           5          20  -3.7707632681854228E-013
           5          21   1.2274134960743599E-013
           5          22  -6.4152859667738475     
           5          23  -1.1796790648208711E-014
           5          24  -6.4152859667737907     
           5          25  -1.1447438473714771E-014
           5          26   4.9350809097348703E-014
           5          27  -6.4152859667738209     
           5          28  -6.5854372105873278     
           5          29   1.8643987843785357E-014
           5          30  -6.5854372105873464     
           5          31   5.8134976311284476E-014
           5          32  -6.2930043075235824E-014
           5          33  -6.5854372105873091     
           5          34  -3.3744603789135144     
           5          35  -1.2265376380873456E-014
           5          36  -3.3744603789134873     
           5          37  -1.9064685355350863E-014
           5          38   3.3401648575832667E-014
           5          39  -3.3744603789135250     
           5          40   1.0584700924906012E-012
           5          41   1.3121801183463004E-012
           5          42   4.6207934211269918E-013
           5          43   2.9457833899809089E-012
           5          44  -3.9916055148448450E-012
           5          45  -6.1561339396329061E-015
           5          46  -4.0020376389103838E-012
           5          47   5.1479907136920850E-013
           5          48   1.3571724061600578E-012
           5          49  -8.9435692385091325E-012
           5          50   3.3319863501830615E-012
           5          51  -1.3067984716826160E-012
           5          52   1.4750919763561447E-012
           5          53  -2.8894615734654687E-012
           5          54   7.2380082284712420E-013
           5          55   1.2869452104199662E-014
           5          56   7.0112596195433510E-013
           5          57   1.4415562177110228E-012
           5          58  -1.3472093933573781E-012
           5          59   1.6002948600548810E-012
           6           1 -0.56335936129928132     
           6           2  -2.4963318588605841     
           6           3   3.1789592197532177     
           6           4   9.4131399041096717     
           6           5   7.6020638872515436     
           6           6   5.4050236875303277     
           6           7  -4.1310730031685075E-012
           6           8  -4.2620627068234307E-012
           6           9   1.1888251161433162E-011
           6          10   2.5766874487014635E-012
           6          11   6.1858356665883141E-012
           6          12  -1.2595121578055154E-011
           6          13  -3.4011391932273886E-012
           6          14  -1.2966091770990573E-011
           6          15   2.5330863218758691E-011
           6          16  -2.5637702453006107E-012
           6          17   1.0992561620056782E-011
           6          18  -1.5340861176185536E-011
           6          19   3.1324687986166824E-013
           6          20  -2.7504508929447748E-013
           6          21   8.9285858392639478E-014
           6          22  -4.5677797068993407     
           6          23  -8.6964894561008352E-015
           6          24  -4.5677797068992998     
           6          25  -8.4188417752453624E-015
           6          26   3.5105878113848051E-014
           6          27  -4.5677797068993220     
           6          28  -4.6847464310403719     
           6          29   1.3380014094915321E-014
           6          30  -4.6847464310403861     
           6          31   4.1223857743542493E-014
           6          32  -4.4841090453047154E-014
           6          33  -4.6847464310403595     
           6          34  -2.3994084242267939     
           6          35  -8.4879938696856864E-015
           6          36  -2.3994084242267744     
           6          37  -1.3597227706633109E-014
           6          38   2.3847167124952910E-014
           6          39  -2.3994084242268010     
           6          40   1.5773698847610304E-012
           6          41   1.3255737515417545E-012
           6          42   6.9806619072057389E-013
           6          43   2.9716695873089840E-012
           6          44  -3.0140104965652806E-012
           6          45  -4.4184381445364492E-015
           6          46  -3.0209439688973205E-012
           6          47   7.3466047716163902E-013
           6          48   1.3573383885100835E-012
           6          49  -6.7521050208141724E-012
           6          50   2.2359281066881897E-012
           6          51  -9.9514323831710620E-013
           6          52   9.8908800966253871E-013
           6          53  -2.2020246676865438E-012
           6          54   5.4091383831721159E-013
           6          55   9.0029772546305424E-015
           6          56   5.2482262500735191E-013
           6          57   9.6577773254227993E-013
           6          58  -1.0237987721936010E-012
           6          59   1.1967745915131457E-012
           7           1   9.6783123193419492E-013
           7           2   1.0105891252035109E-011
           7           3  -5.3120311516636478E-012
           7           4  -1.3419705361874058E-013
           7           5  -3.7584966105720749E-012
           7           6  -4.1310730031685075E-012
           7           7   10.201980087736850     
           7           8  -9.3126475965491173E-002
           7           9  -1.4765888019319322     
           7          10  -8.6641967438893701     
           7          11  0.13749648232983536     
           7          12   2.1801079016864633     
           7          13   18.101531065569159     
           7          14 -0.26492891111293171     
           7          15  -4.2006428290377515     
           7          16  -10.937957071950258     
           7          17  0.15687347204317470     
           7          18   2.4873443320024151     
           7          19   4.0287603261260380E-002
           7          20  -4.5300848289384229E-004
           7          21  -7.1827828442470000E-003
           7          22   2.1041885868457592E-012
           7          23  -5.0324452231186430E-014
           7          24   2.1748421547672544E-012
           7          25  -4.3818996366629064E-014
           7          26  -1.8736232880939133E-014
           7          27   2.2046837136493186E-012
           7          28   1.4831477704612165E-012
           7          29   2.2693995368730225E-014
           7          30   1.4893991452989419E-012
           7          31  -2.5588316811089376E-015
           7          32   8.9445030998587950E-015
           7          33   1.4144107260588597E-012
           7          34   1.6272506373814970E-012
           7          35   9.7929763661506577E-015
           7          36   1.6123996772214990E-012
           7          37   1.1296740335810202E-014
           7          38   2.0908433167376027E-014
           7          39   1.6600423767680176E-012
           7          40  -4.8428522137299446     
           7          41   3.1688342028374450E-002
           7          42  -2.1657893509771338     
           7          43   7.0857286869587283E-002
           7          44  0.50244198016789487     
           7          45   1.6390847884721615E-015
           7          46  0.50244198016785568     
           7          47  -2.1657893509772270     
           7          48   3.1688342028277722E-002
           7          49   1.1234944224050194     
           7          50  0.85867358559876916     
           7          51  -4.7970215991672803E-003
           7          52  0.38401050157643052     
           7          53  -1.0726466385322278E-002
           7          54  -7.6060307291617071E-002
           7          55  -6.5707010956797162E-014
           7          56  -7.6060307291599377E-002
           7          57  0.38401050157653527     
           7          58  -4.7970215991800583E-003
           7          59 -0.17007601749346013     
           8           1   6.4906585806178950E-013
           8           2   1.1179213305556329E-012
           8           3  -4.2305638398230147E-012
           8           4  -5.0643608814574543E-012
           8           5  -3.8724886450457130E-012
           8           6  -4.2620627068234307E-012
           8           7  -9.3126475965491173E-002
           8           8   10.993061882005039     
           8           9 -0.17148030386802954     
           8          10  0.13749648233070200     
           8          11  -9.8321885831187643     
           8          12  0.25318190477803038     
           8          13 -0.26492891111199823     
           8          14   20.352023593977329     
           8          15 -0.48783216276727104     
           8          16  0.15687347203363800     
           8          17  -12.270550692180658     
           8          18  0.28886211335001655     
           8          19  -4.5300848220909467E-004
           8          20   4.4135775978878182E-002
           8          21  -8.3415625469795995E-004
           8          22   3.0128774718537121E-012
           8          23  -7.9830866245746209E-014
           8          24   3.0823421060163713E-012
           8          25  -3.4604139831247965E-014
           8          26   2.0799317820075747E-014
           8          27   3.0537034843500177E-012
           8          28   2.5354908927872705E-012
           8          29   6.2976617244207642E-015
           8          30   2.5046786631557210E-012
           8          31   3.6988770302596809E-014
           8          32  -4.2769093261533198E-014
           8          33   2.6083701261845511E-012
           8          34   1.8033005240523843E-012
           8          35  -6.0024162980940837E-014
           8          36   1.7504251605795496E-012
           8          37  -6.3296584273523157E-014
           8          38   1.9209158504361670E-014
           8          39   1.7437434625822899E-012
           8          40   7.0857286870775749E-002
           8          41  -2.4349724185077957     
           8          42   3.1688342028783720E-002
           8          43  -5.4447638511203067     
           8          44   5.8349963999842894E-002
           8          45  -2.1764792712873496E-014
           8          46   5.8349963999935112E-002
           8          47   3.1688342028762154E-002
           8          48  -2.4349724185078165     
           8          49  0.13047448598828515     
           8          50  -1.0726466380675551E-002
           8          51  0.42475977740306631     
           8          52  -4.7970215971569370E-003
           8          53  0.94979173638088232     
           8          54  -8.8330919137991678E-003
           8          55   3.7591787017132911E-014
           8          56  -8.8330919138569549E-003
           8          57  -4.7970215970651736E-003
           8          58  0.42475977740308413     
           8          59  -1.9751393970786374E-002
           9           1  -1.5590437573006467E-012
           9           2  -9.6093056090095214E-012
           9           3   6.9086502011024473E-012
           9           4   1.7971300190292701E-011
           9           5   1.5943995636694829E-011
           9           6   1.1888251161433162E-011
           9           7  -1.4765888019319322     
           9           8 -0.17148030386802954     
           9           9   8.2849305163795428     
           9          10   2.1801079016860609     
           9          11  0.25318190477751307     
           9          12  -5.8337710268787353     
           9          13  -4.2006428290383822     
           9          14 -0.48783216276825647     
           9          15   12.647852611353043     
           9          16   2.4873443320028801     
           9          17  0.28886211335196488     
           9          18  -7.7086474772656679     
           9          19  -7.1827828443154261E-003
           9          20  -8.3415625472744721E-004
           9          21   3.0962223876843394E-002
           9          22  -9.2666320643264500E-012
           9          23  -1.8462258241087004E-014
           9          24  -9.3253111484554319E-012
           9          25   1.2575996713056222E-014
           9          26   7.2993070433625098E-015
           9          27  -9.3284948093892434E-012
           9          28  -9.5250508056270651E-012
           9          29   3.6638542665445415E-014
           9          30  -9.5249786688441369E-012
           9          31   2.3720659483482442E-014
           9          32  -1.8936744950247062E-015
           9          33  -9.4784247176842695E-012
           9          34  -5.1963325120150680E-012
           9          35  -2.4144017456186954E-014
           9          36  -5.1567038527663604E-012
           9          37  -1.5202039730997276E-014
           9          38  -4.9283660702379173E-015
           9          39  -5.2154758927507345E-012
           9          40   1.1234944224051637     
           9          41   5.8349963999852872E-002
           9          42  0.50244198016800656     
           9          43  0.13047448598845945     
           9          44  -1.5134708575327762     
           9          45   3.9231817439220531E-014
           9          46  -1.5134708575327556     
           9          47  0.50244198016801200     
           9          48   5.8349963999879281E-002
           9          49  -3.3842237194081046     
           9          50 -0.17007601749358042     
           9          51  -8.8330919141672293E-003
           9          52  -7.6060307291602625E-002
           9          53  -1.9751393971591081E-002
           9          54  0.28526169669622581     
           9          55   5.6171783909530241E-014
           9          56  0.28526169669621748     
           9          57  -7.6060307291645507E-002
           9          58  -8.8330919141378847E-003
           9          59  0.63786454518951841     
          10           1  -8.8743035802049184E-013
          10           2  -7.6429143938647120E-012
          10           3   6.1457121142526144E-012
          10           4  -6.1617392692795528E-013
          10           5   1.4707210513004372E-012
          10           6   2.5766874487014635E-012
          10           7  -8.6641967438893701     
          10           8  0.13749648233070200     
          10           9   2.1801079016860609     
          10          10   8.8242558252400602     
          10          11 -0.20300652909921357     
          10          12  -3.2188178975595885     
          10          13  -17.875355760959025     
          10          14  0.39115399748616386     
          10          15   6.2020344538466592     
          10          16   10.720682226241390     
          10          17 -0.23161566411490103     
          10          18  -3.6724367849183466     
          10          19  -3.6354762290605025E-002
          10          20   6.6884387336752513E-004
          10          21   1.0605011777460692E-002
          10          22  -1.6286252996483075E-012
          10          23   9.1144970451444136E-014
          10          24  -1.6978697647557326E-012
          10          25   1.8411801757485700E-014
          10          26   3.6991697847966914E-014
          10          27  -1.7422111516364399E-012
          10          28  -4.9472434988473576E-013
          10          29  -3.6134487665269941E-014
          10          30  -4.4557163172796905E-013
          10          31   2.5308139147629350E-014
          10          32  -3.2288449232782259E-014
          10          33  -3.7298205911192463E-013
          10          34  -9.5016316368064469E-013
          10          35  -1.4249144696764564E-014
          10          36  -9.4674494128171435E-013
          10          37  -2.5061252559472121E-014
          10          38  -5.9864364609769594E-015
          10          39  -1.0240396800662888E-012
          10          40   4.7818061649132844     
          10          41  -4.6786217502438304E-002
          10          42   2.1384887279947709     
          10          43 -0.10461716274545554     
          10          44 -0.74182990529903470     
          10          45   2.5005200246284793E-014
          10          46 -0.74182990529896775     
          10          47   2.1384887279948872     
          10          48  -4.6786217502344074E-002
          10          49  -1.6587820959908204     
          10          50 -0.80173885222781294     
          10          51   7.0825572301324233E-003
          10          52 -0.35854851475676941     
          10          53   1.5837079421208187E-002
          10          54  0.11229915648443295     
          10          55   7.3600937440624858E-014
          10          56  0.11229915648440417     
          10          57 -0.35854851475688448     
          10          58   7.0825572301545341E-003
          10          59  0.25110854771491203     
          11           1  -9.1025355533747167E-013
          11           2  -1.6975918777881240E-012
          11           3   5.5474575334375448E-012
          11           4   8.1842399987229279E-012
          11           5   6.3996024174251276E-012
          11           6   6.1858356665883141E-012
          11           7  0.13749648232983536     
          11           8  -9.8321885831187643     
          11           9  0.25318190477751307     
          11          10 -0.20300652909921357     
          11          11   10.548736083025847     
          11          12 -0.37381014297814441     
          11          13  0.39115399748253243     
          11          14  -21.198092962690804     
          11          15  0.72025925657435885     
          11          16 -0.23161566410221285     
          11          17   12.688188601319229     
          11          18 -0.42649014741888502     
          11          19   6.6884387259372549E-004
          11          20  -4.2036392637988904E-002
          11          21   1.2315890786760519E-003
          11          22  -4.5717953816030138E-012
          11          23   9.2689309290226810E-014
          11          24  -4.6723312510298981E-012
          11          25   6.2226865594383020E-014
          11          26  -1.3356573818453113E-014
          11          27  -4.6283889765193806E-012
          11          28  -4.0616921176725662E-012
          11          29   2.5576908408895055E-014
          11          30  -4.0749799889940849E-012
          11          31  -5.6379124483327209E-014
          11          32   4.3639117786953287E-014
          11          33  -4.1870293982239615E-012
          11          34  -2.6864196683200981E-012
          11          35   6.1686632462442166E-014
          11          36  -2.5780749059998004E-012
          11          37   9.2956960325583047E-014
          11          38  -1.6817228264345950E-014
          11          39  -2.5961481286860615E-012
          11          40 -0.10461716274617122     
          11          41   2.5359237700005899     
          11          42  -4.6786217502600536E-002
          11          43   5.6704979354786333     
          11          44  -8.6150739740574994E-002
          11          45   4.8370623016267834E-014
          11          46  -8.6150739740725443E-002
          11          47  -4.6786217502595581E-002
          11          48   2.5359237700006059     
          11          49 -0.19263891037180519     
          11          50   1.5837079415617367E-002
          11          51 -0.41871273792949221     
          11          52   7.0825572277321280E-003
          11          53 -0.93627014505533146     
          11          54   1.3041608775990584E-002
          11          55  -5.3269390271632653E-014
          11          56   1.3041608776090065E-002
          11          57   7.0825572276176536E-003
          11          58 -0.41871273792949604     
          11          59   2.9161923759111766E-002
          12           1   1.8420719229269403E-012
          12           2   7.7410932076385007E-012
          12           3  -9.7617487864691284E-012
          12           4  -2.0555892738784772E-011
          12           5  -1.6651859920772973E-011
          12           6  -1.2595121578055154E-011
          12           7   2.1801079016864633     
          12           8  0.25318190477803038     
          12           9  -5.8337710268787353     
          12          10  -3.2188178975595885     
          12          11 -0.37381014297814441     
          12          12   4.6452769092990103     
          12          13   6.2020344538488290     
          12          14  0.72025925657746859     
          12          15  -9.8232782457226424     
          12          16  -3.6724367849198463     
          12          17 -0.42649014742323743     
          12          18   5.9527716507654356     
          12          19   1.0605011777521748E-002
          12          20   1.2315890788023658E-003
          12          21  -2.2586316223820489E-002
          12          22   1.0649091421142422E-011
          12          23  -2.3824252412237995E-014
          12          24   1.0702914540717308E-011
          12          25  -5.6115146096983494E-015
          12          26  -1.8276899170192280E-014
          12          27   1.0717268093985521E-011
          12          28   1.0291883134302982E-011
          12          29  -1.2599810436862568E-014
          12          30   1.0265082645085588E-011
          12          31  -2.5483550113960226E-014
          12          32   1.4617508458644626E-014
          12          33   1.0225057165933012E-011
          12          34   5.5148174276163903E-012
          12          35   1.7870114603571951E-014
          12          36   5.4886220853283545E-012
          12          37   1.5845953052334632E-014
          12          38  -4.2490569836747841E-016
          12          39   5.5524018184252743E-012
          12          40  -1.6587820959913853     
          12          41  -8.6150739740795249E-002
          12          42 -0.74182990529930459     
          12          43 -0.19263891037238637     
          12          44   1.1753738106172891     
          12          45  -4.0660436707664100E-014
          12          46   1.1753738106172591     
          12          47 -0.74182990529933934     
          12          48  -8.6150739740830415E-002
          12          49   2.6282157395131414     
          12          50  0.25110854771519281     
          12          51   1.3041608776684617E-002
          12          52  0.11229915648446326     
          12          53   2.9161923760591003E-002
          12          54 -0.21275095112902948     
          12          55  -5.0786894437010193E-014
          12          56 -0.21275095112901860     
          12          57  0.11229915648452064     
          12          58   1.3041608776658265E-002
          12          59 -0.47572558900209128     
          13           1   1.6604139174176102E-012
          13           2   1.5569334341324371E-011
          13           3  -1.0651628333270280E-011
          13           4   5.2666385613107916E-012
          13           5  -4.5100310180341021E-013
          13           6  -3.4011391932273886E-012
          13           7   18.101531065569159     
          13           8 -0.26492891111199823     
          13           9  -4.2006428290383822     
          13          10  -17.875355760959025     
          13          11  0.39115399748253243     
          13          12   6.2020344538488290     
          13          13   36.388968620879297     
          13          14 -0.75367748232805853     
          13          15  -11.950111062784000     
          13          16  -21.850664159260702     
          13          17  0.44627822218158286     
          13          18   7.0760695990019071     
          13          19   7.5135366210250298E-002
          13          20  -1.2887317265229971E-003
          13          21  -2.0433789832314520E-002
          13          22   1.4071871370432995E-012
          13          23  -1.7191396023798509E-013
          13          24   1.5483215797296621E-012
          13          25  -4.5655998932203248E-014
          13          26  -6.9224016811169706E-014
          13          27   1.6336967948509784E-012
          13          28  -7.3263594964602979E-013
          13          29   6.9046106931987284E-014
          13          30  -8.1450275653368538E-013
          13          31  -4.4028419309361596E-014
          13          32   5.8016496495045245E-014
          13          33  -9.6275451563643128E-013
          13          34   1.1098002058359811E-012
          13          35   2.7501442246097357E-014
          13          36   1.0991431313924274E-012
          13          37   4.6444533366651984E-014
          13          38   1.7007739382023660E-014
          13          39   1.2465458101078476E-012
          13          40  -9.7345275027003808     
          13          41   9.0147918317435016E-002
          13          42  -4.3534130449759356     
          13          43  0.20157687338769548     
          13          44   1.4293615786864520     
          13          45  -4.2148129349316777E-014
          13          46   1.4293615786863252     
          13          47  -4.3534130449761657     
          13          48   9.0147918317242698E-002
          13          49   3.1961496543692336     
          13          50   1.6472991127863919     
          13          51  -1.3646706759577885E-002
          13          52  0.73669455909301262     
          13          53  -3.0514963983607812E-002
          13          54 -0.21637857742202646     
          13          55  -1.4696400908703127E-013
          13          56 -0.21637857742197156     
          13          57  0.73669455909324300     
          13          58  -1.3646706759619782E-002
          13          59 -0.48383720799002994     
          14           1   1.8657488901605327E-012
          14           2   3.6404117606941642E-012
          14           3  -1.1499908016310676E-011
          14           4  -1.7450765561133430E-011
          14           5  -1.3617828022279878E-011
          14           6  -1.2966091770990573E-011
          14           7 -0.26492891111293171     
          14           8   20.352023593977329     
          14           9 -0.48783216276825647     
          14          10  0.39115399748616386     
          14          11  -21.198092962690804     
          14          12  0.72025925657746859     
          14          13 -0.75367748232805853     
          14          14   42.791235310758957     
          14          15  -1.3877991446409830     
          14          16  0.44627822216068591     
          14          17  -25.641665301550645     
