           1           1   1.9996986827612684     
           1           2  -2.1433179348753439E-003
           1           3   4.2352023512782513E-004
           1           4  -6.2249725229082571E-003
           1           5   2.5898842461311972E-003
           1           6   7.8838058729401635E-004
           1           7   1.4088948001420776E-012
           1           8   4.8756704648472213E-013
           1           9   4.6592942561576466E-013
           1          10  -3.3342757427447340E-012
           1          11  -9.4960965586580574E-013
           1          12  -1.6349859265124256E-012
           1          13   9.8976993937109872E-012
           1          14   3.0867689781502184E-012
           1          15   4.5125108875183755E-012
           1          16  -6.3665476947005855E-012
           1          17  -1.9893656206176968E-012
           1          18  -3.1645577843163021E-012
           1          19   7.1025898874885967E-014
           1          20   3.1085055239683128E-014
           1          21   3.6155049073246981E-014
           1          22   7.8862664268638562E-004
           1          23   3.0010530415340080E-005
           1          24   7.2229667769660856E-004
           1          25   3.1959266870558043E-006
           1          26  -9.2588752788566314E-006
           1          27   7.9674293319073218E-004
           1          28  -9.4226178356733058E-005
           1          29   5.3681141634635840E-005
           1          30  -2.1287346148496543E-004
           1          31   5.7165852958214773E-006
           1          32  -1.6561809314920456E-005
           1          33  -7.9708083888114733E-005
           1          34  -3.2585819270770775E-004
           1          35   4.2485075213143201E-006
           1          36  -3.3524833097341590E-004
           1          37   4.5240639635418737E-007
           1          38  -1.3107678294650896E-006
           1          39  -3.2470915200417683E-004
           1          40  -2.3708381528104905E-012
           1          41  -3.0186152715684402E-013
           1          42  -1.0667316619232418E-012
           1          43  -6.6112800485253156E-013
           1          44  -5.1694524573065986E-013
           1          45   4.5271622426248419E-015
           1          46  -5.1561760170231085E-013
           1          47  -1.0582162927843789E-012
           1          48  -2.9329895929085697E-013
           1          49  -1.1578031805319957E-012
           1          50   8.6206650627925655E-013
           1          51   1.3358115803965684E-013
           1          52   3.9583837476069684E-013
           1          53   3.0643606888402740E-013
           1          54   1.9929275969965868E-013
           1          55   3.2684939309417363E-015
           1          56   1.9879138273608762E-013
           1          57   3.9050420674866542E-013
           1          58   1.2718574248153017E-013
           1          59   4.5325781957524441E-013
           2           1  -2.1433179348753439E-003
           2           2   1.9871139048042346     
           2           3   1.6870823963636282E-002
           2           4  -3.7831668389445836E-002
           2           5  -3.3837819846258943E-002
           2           6  -1.2905617555075667E-002
           2           7  -2.7357826491834508E-011
           2           8  -6.8308596411851296E-012
           2           9  -1.5121296262408496E-011
           2          10   1.3808846750691728E-011
           2          11   3.2559383220279431E-012
           2          12   6.2052107313852382E-012
           2          13  -2.9925485460202488E-011
           2          14  -5.7074306874035753E-012
           2          15  -1.2366368302153672E-011
           2          16   2.4064311435957412E-011
           2          17   5.3918309889559415E-012
           2          18   9.9123661828743760E-012
           2          19   5.3671717845586442E-014
           2          20   2.8738324819850534E-014
           2          21  -5.3575054374622418E-014
           2          22   5.0021098736081886E-003
           2          23  -5.9441766933097701E-004
           2          24   6.3159048828416121E-003
           2          25  -6.3298784429991370E-005
           2          26   1.8339161845255835E-004
           2          27   4.8413472465936875E-003
           2          28   1.6817627406686800E-002
           2          29   8.5298681137047929E-004
           2          30   1.4932336836983751E-002
           2          31   9.0834918957553531E-005
           2          32  -2.6316553266692440E-004
           2          33   1.7048319316585001E-002
           2          34   5.8273781772674518E-003
           2          35  -1.8756394604959521E-004
           2          36   6.2419361685611425E-003
           2          37  -1.9973581594189234E-005
           2          38   5.7867762836175900E-005
           2          39   5.7766509259265242E-003
           2          40   1.0142519003425282E-011
           2          41   1.2547385278326605E-012
           2          42   4.8986296131340944E-012
           2          43   2.7922993235624588E-012
           2          44   1.5236558422350884E-012
           2          45   1.8470338473803818E-013
           2          46   1.7120596039933152E-012
           2          47   5.2886765325311592E-012
           2          48   1.3127644794541189E-012
           2          49   4.3072609001755049E-012
           2          50  -2.1346361623806983E-012
           2          51  -1.3435387528137317E-013
           2          52  -1.0924046195535140E-012
           2          53  -4.3565393673700724E-013
           2          54  -4.8995744426333201E-013
           2          55   4.5367542370910963E-014
           2          56  -5.2832526762387965E-013
           2          57  -1.3284715884065908E-012
           2          58  -1.6661937314266751E-013
           2          59  -1.5652149839211469E-012
           3           1   4.2352023512782513E-004
           3           2   1.6870823963636282E-002
           3           3   2.2675760489183202E-003
           3           4   4.3997227279026628E-002
           3           5  -4.3412053836216673E-003
           3           6  -4.3817075426867826E-004
           3           7   2.3371712874918332E-011
           3           8   5.9585370146103361E-012
           3           9   1.4986008484101341E-011
           3          10   1.6379024892680853E-013
           3          11   1.2164270004077095E-013
           3          12   2.6405447292876391E-014
           3          13   1.0091396756586611E-011
           3          14  -1.7096535967925556E-012
           3          15   1.2025461054455807E-011
           3          16  -4.3017196435010727E-013
           3          17   2.1849474131235734E-012
           3          18  -2.3744115838045063E-012
           3          19   5.4199158378737905E-013
           3          20   1.0702283296376137E-013
           3          21   4.5561457100505573E-013
           3          22  -2.1677763666663579E-005
           3          23  -6.8311462949571572E-004
           3          24   1.4881579996368424E-003
           3          25  -7.2746938817286482E-005
           3          26   2.1075533391348201E-004
           3          27  -2.0642520881292866E-004
           3          28   1.0129503486432704E-003
           3          29  -9.2421968387375558E-004
           3          30   3.0556815926170051E-003
           3          31  -9.8421273663721484E-005
           3          32   2.8514213630720158E-004
           3          33   7.6299428407576185E-004
           3          34   5.6813521584212954E-004
           3          35  -7.4755905042275198E-005
           3          36   7.3336240597554039E-004
           3          37  -7.9608567750741847E-006
           3          38   2.3063836066321178E-005
           3          39   5.4791742501144073E-004
           3          40  -3.7261352515540134E-014
           3          41   4.0675439310448198E-014
           3          42   5.8516250824967125E-015
           3          43  -1.0185548641454302E-013
           3          44   4.2103183525842575E-014
           3          45   2.5371820388165203E-014
           3          46  -4.0728829652463529E-015
           3          47   2.7911806541655394E-014
           3          48   1.3906915720390367E-014
           3          49   3.4532908578553250E-014
           3          50   4.3541323216293386E-013
           3          51  -1.1615059523894820E-013
           3          52   1.3508810053633696E-013
           3          53  -5.7829003106201803E-013
           3          54   4.2677490845478309E-013
           3          55   1.9442434508424533E-014
           3          56   3.4621278727360852E-013
           3          57   2.0323581352093546E-013
           3          58  -2.0875439034152484E-013
           3          59   8.9932027325424663E-013
           4           1  -6.2249725229082571E-003
           4           2  -3.7831668389445836E-002
           4           3   4.3997227279026628E-002
           4           4   1.8764915668539908     
           4           5 -0.12478060723019374     
           4           6   5.1515131316213970E-002
           4           7  -4.0583851603153119E-011
           4           8  -1.2469823691178477E-011
           4           9  -2.8571298984344064E-011
           4          10   8.0291758351698843E-013
           4          11   2.8392908935859836E-013
           4          12   1.1671437394273970E-012
           4          13  -3.0500075645774097E-011
           4          14  -4.6192261120297113E-011
           4          15   1.0469601342636149E-011
           4          16  -3.7069848506112342E-011
           4          17   8.6805025618727595E-012
           4          18  -1.1250709927763598E-011
           4          19  -5.2355780530917696E-012
           4          20  -2.0850658201297945E-012
           4          21  -1.1126916924580969E-012
           4          22   1.5582781981134275E-002
           4          23  -2.0272930015050577E-003
           4          24   2.0063533621391585E-002
           4          25  -2.1583735932275273E-004
           4          26   6.2548774363512362E-004
           4          27   1.5034434525709888E-002
           4          28   4.2598003960051020E-002
           4          29   1.1612079037210780E-003
           4          30   4.0031468656781061E-002
           4          31   1.2368136144770558E-004
           4          32  -3.5824792718733896E-004
           4          33   4.2912025201381029E-002
           4          34  -3.8060748902745186E-003
           4          35   2.6376357126673116E-003
           4          36  -9.6358110218688914E-003
           4          37   2.8080082161673807E-004
           4          38  -8.1380796135660234E-004
           4          39  -3.0926189954573920E-003
           4          40  -1.3406089077691294E-011
           4          41   1.2913125016402886E-012
           4          42  -7.0330077627387430E-012
           4          43  -9.3117327650796366E-012
           4          44  -2.8221957274616093E-012
           4          45  -3.1943045880298744E-013
           4          46  -3.9044411491452200E-012
           4          47  -6.0746295698332014E-012
           4          48  -1.3467514686067202E-012
           4          49  -5.4823696395513013E-012
           4          50  -4.1745107537766431E-012
           4          51   3.8673995902369391E-013
           4          52  -5.2644078579434855E-012
           4          53  -1.3601176889588801E-011
           4          54  -8.0915671241769541E-013
           4          55   1.3614720887663149E-013
           4          56  -3.0552706013167787E-012
           4          57  -1.9857508297755881E-012
           4          58  -2.5457518821857523E-012
           4          59  -1.7662496053793230E-012
           5           1   2.5898842461311972E-003
           5           2  -3.3837819846258943E-002
           5           3  -4.3412053836216673E-003
           5           4 -0.12478060723019374     
           5           5   1.0100986224111822E-002
           5           6  -1.6291900014600963E-003
           5           7  -2.9217789485699188E-011
           5           8  -8.5422830225076571E-012
           5           9  -1.8842085233510448E-011
           5          10  -4.8055158064448845E-013
           5          11  -2.0346270571003347E-013
           5          12  -2.1434098570165365E-013
           5          13   3.7283794011128383E-011
           5          14   1.7126365659729674E-011
           5          15   1.0698739314563657E-011
           5          16  -8.3232535028127381E-012
           5          17  -5.5752843030187715E-012
           5          18  -2.3354992603842609E-012
           5          19   1.2814940486487564E-012
           5          20   4.4880307989190860E-013
           5          21   3.9791773980158915E-013
           5          22  -7.0372973405943926E-004
           5          23   7.8118955688761952E-004
           5          24  -2.4303321786118925E-003
           5          25   8.3188841671747249E-005
           5          26  -2.4101460504086464E-004
           5          27  -4.9245507499159989E-004
           5          28  -3.0252081413089044E-003
           5          29   8.7560256634728706E-004
           5          30  -4.9604844197400650E-003
           5          31   9.3242996621195509E-005
           5          32  -2.7014312581571601E-004
           5          33  -2.7883994007902452E-003
           5          34  -4.7432894970387532E-004
           5          35  -3.6190390811676251E-005
           5          36  -3.9434124351548738E-004
           5          37  -3.8503295811512300E-006
           5          38   1.1167227122509808E-005
           5          39  -4.8412119499338982E-004
           5          40   9.0774668275716523E-013
           5          41   4.5069123178153662E-014
           5          42   3.2508755936138831E-013
           5          43   5.1026979364835179E-013
           5          44   1.6015211375146162E-013
           5          45   7.4299361001053367E-016
           5          46   1.6722883280604100E-013
           5          47   3.8110944716410686E-013
           5          48   7.2812730676500223E-014
           5          49   3.7034907012417459E-013
           5          50   3.5916817189770496E-012
           5          51   6.9427335643184973E-013
           5          52   1.7221016905984197E-012
           5          53   2.2124741892871465E-012
           5          54   4.8394905020901874E-013
           5          55  -1.3681084290827141E-014
           5          56   5.8419885112071343E-013
           5          57   1.6244445660176802E-012
           5          58   8.1092256946625845E-013
           5          59   1.1328597228992475E-012
           6           1   7.8838058729401635E-004
           6           2  -1.2905617555075667E-002
           6           3  -4.3817075426867826E-004
           6           4   5.1515131316213970E-002
           6           5  -1.6291900014600963E-003
           6           6   3.6985460234328980E-003
           6           7  -1.7738192979350016E-011
           6           8  -5.3387839326031544E-012
           6           9  -1.0853663635129936E-011
           6          10   1.4974875866112432E-012
           6          11   3.3172382229659101E-013
           6          12   8.6601723864918116E-013
           6          13  -1.8956449077581232E-010
           6          14  -5.1036924911756205E-011
           6          15  -1.0230604289482816E-010
           6          16   3.7509273069385534E-011
           6          17   8.8497704119763074E-012
           6          18   2.2084896036068731E-011
           6          19  -7.0746273833326429E-012
           6          20  -2.0291290315667503E-012
           6          21  -3.6793347140011928E-012
           6          22   1.0114003409837540E-003
           6          23   8.4691786893357525E-004
           6          24  -8.6047825277748679E-004
           6          25   9.0194231246333670E-005
           6          26  -2.6129057186663642E-004
           6          27   1.2404439307884723E-003
           6          28   1.2608722630813648E-003
           6          29   1.3966800496866070E-003
           6          30  -1.8261020122958764E-003
           6          31   1.4873554485735828E-004
           6          32  -4.3090594323991649E-004
           6          33   1.6386039345996192E-003
           6          34  -1.0102592925538506E-003
           6          35   2.6658508059890169E-004
           6          36  -1.5994700782150917E-003
           6          37   2.8383842564862534E-005
           6          38  -8.2249754427785805E-005
           6          39  -9.3815472740172898E-004
           6          40  -1.6207667482083877E-012
           6          41  -5.0800974501953163E-013
           6          42  -4.0798982950630419E-013
           6          43  -3.2665487761983101E-013
           6          44  -4.6884786490050080E-013
           6          45  -1.0696317383532098E-013
           6          46  -1.2058741312254132E-013
           6          47  -8.7388226677681518E-013
           6          48  -1.6888578029619723E-013
           6          49  -8.7845486676552913E-013
           6          50  -1.5258387574442310E-011
           6          51  -2.0295302779681562E-012
           6          52  -6.6134195556908322E-012
           6          53  -3.9252248018916587E-012
           6          54  -3.8790354166304906E-012
           6          55  -6.1387301646654065E-014
           6          56  -3.6210630962782677E-012
           6          57  -6.9172887425169162E-012
           6          58  -1.7011430280145704E-012
           6          59  -8.5743648354189047E-012
           7           1   1.4088948001420776E-012
           7           2  -2.7357826491834508E-011
           7           3   2.3371712874918332E-011
           7           4  -4.0583851603153119E-011
           7           5  -2.9217789485699188E-011
           7           6  -1.7738192979350016E-011
           7           7   1.9986086585204714     
           7           8   5.7762975124586542E-003
           7           9   6.1514574901924213E-004
           7          10  -5.1421260380481344E-005
           7          11  -3.8221875114357257E-003
           7          12  -4.0703971232870166E-004
           7          13   1.1738110417219508E-002
           7          14   1.1731961006391026E-002
           7          15   1.2495044988386564E-003
           7          16   1.2683776439688915E-003
           7          17  -4.6550887365726761E-003
           7          18  -4.9580725338145342E-004
           7          19   6.6327580887100659E-004
           7          20   2.6395837775709796E-004
           7          21   2.8108405824255029E-005
           7          22   6.2073425836281808E-012
           7          23   1.3278003794896624E-012
           7          24   7.4207677964921007E-012
           7          25  -5.6489657276886870E-013
           7          26   1.3401765715064672E-012
           7          27   2.0670290396956119E-011
           7          28   2.2142116057239578E-011
           7          29   4.9549067421890345E-012
           7          30   2.3642912529735847E-011
           7          31   3.9017924800258968E-012
           7          32   3.7228842962139431E-012
           7          33   1.5968269496582048E-011
           7          34   9.1306187005713687E-012
           7          35  -1.2526413832974186E-012
           7          36   6.5822540594403309E-012
           7          37  -3.6041435813618987E-012
           7          38   2.2515009435477860E-012
           7          39   7.9157315353174988E-012
           7          40   2.4292359339321695E-003
           7          41  -8.6050340110538327E-004
           7          42   1.6119756381962769E-003
           7          43  -1.0981600481337925E-003
           7          44  -9.1635442661550548E-005
           7          45   7.3024241853992248E-005
           7          46  -5.8665244793009968E-005
           7          47   1.0248309462378689E-003
           7          48  -4.6224591185071084E-004
           7          49  -1.0991276906608495E-004
           7          50   8.3407756683214753E-004
           7          51   6.9813454884510824E-004
           7          52  -8.3125488570585547E-006
           7          53   8.2853687330415669E-004
           7          54   7.4354272251256505E-005
           7          55  -5.3460928625321489E-005
           7          56   3.5158115241581988E-005
           7          57   4.2153986645270198E-004
           7          58   3.9008288682493189E-004
           7          59   9.3019800798011139E-005
           8           1   4.8756704648472213E-013
           8           2  -6.8308596411851296E-012
           8           3   5.9585370146103361E-012
           8           4  -1.2469823691178477E-011
           8           5  -8.5422830225076571E-012
           8           6  -5.3387839326031544E-012
           8           7   5.7762975124586542E-003
           8           8   1.9838667106030998     
           8           9  -1.7821008119871461E-003
           8          10  -3.8221874868712398E-003
           8          11   9.7033539485012268E-003
           8          12   1.1792213865519060E-003
           8          13   1.1731961158741647E-002
           8          14  -1.8203603391872634E-002
           8          15  -3.6194924922261962E-003
           8          16  -4.6550888046652077E-003
           8          17   1.3148862611864851E-002
           8          18   1.4361566262791228E-003
           8          19   2.6395837603312847E-004
           8          20  -1.0383961582284899E-005
           8          21  -8.1437356687067401E-005
           8          22   1.7409519873026775E-013
           8          23   4.3887949792134807E-012
           8          24   4.1143018054439876E-012
           8          25  -6.3915964288186534E-013
           8          26   2.1042156545493342E-012
           8          27   6.0582598890686556E-012
           8          28   7.8425526327729013E-012
           8          29  -8.0007013593742586E-013
           8          30   5.2062379607436321E-012
           8          31   1.3230483728460265E-012
           8          32  -9.2529376083666029E-014
           8          33   4.7559664369628746E-012
           8          34   2.2036038778252183E-012
           8          35   6.2886385083439280E-013
           8          36   2.4333019129267194E-012
           8          37  -1.1591595811716542E-012
           8          38   1.0253283254380173E-012
           8          39   2.2950649612973854E-012
           8          40  -1.0392995674403434E-003
           8          41   2.2932237169531427E-003
           8          42  -9.3947305662054866E-004
           8          43   6.3610237084363872E-003
           8          44   1.4559334116699113E-004
           8          45  -3.4914281215925083E-005
           8          46   2.8984733697946059E-004
           8          47  -4.6224591297260872E-004
           8          48   2.2045485467777652E-003
           8          49   3.1842203631177581E-004
           8          50   8.6840035816977484E-004
           8          51  -6.0417413904725068E-004
           8          52   6.4465186869810259E-004
           8          53  -2.1643801566258326E-003
           8          54  -1.1832517560447835E-004
           8          55   1.1876076880958860E-005
           8          56  -1.9888492940012056E-004
           8          57   3.9008306753008412E-004
           8          58  -5.7401206645606433E-004
           8          59  -2.6941443222412720E-004
           9           1   4.6592942561576466E-013
           9           2  -1.5121296262408496E-011
           9           3   1.4986008484101341E-011
           9           4  -2.8571298984344064E-011
           9           5  -1.8842085233510448E-011
           9           6  -1.0853663635129936E-011
           9           7   6.1514574901924213E-004
           9           8  -1.7821008119871461E-003
           9           9   2.0004125077330999     
           9          10  -4.0703970632238160E-004
           9          11   1.1792212802110348E-003
           9          12  -1.2450368009342024E-003
           9          13   1.2495046554953969E-003
           9          14  -3.6194927082017188E-003
           9          15   1.5401661533177763E-002
           9          16  -4.9580738188216545E-004
           9          17   1.4361567942351040E-003
           9          18  -1.8524249044813215E-004
           9          19   2.8108404716221720E-005
           9          20  -8.1437342567480431E-005
           9          21   7.4570853249247555E-004
           9          22   5.9819230645203181E-013
           9          23   1.4590813402540458E-013
           9          24   4.7923229487831709E-012
           9          25   4.2568249877910008E-012
           9          26   1.0280977733252569E-012
           9          27   1.7308902050123936E-011
           9          28   1.5700323989127801E-011
           9          29   2.3955456780864162E-012
           9          30   1.5329094984657788E-011
           9          31   7.2400297267438882E-013
           9          32   2.1940962953896705E-012
           9          33   8.9121171174830961E-012
           9          34   4.6680931915318810E-012
           9          35  -9.8074759610333920E-013
           9          36   4.2558389288762551E-012
           9          37  -8.5793594232920659E-013
           9          38   1.7183800492685351E-012
           9          39   6.3025625723881340E-012
           9          40  -1.1067983801184723E-004
           9          41   1.4559336360510773E-004
           9          42  -5.8665237645292112E-005
           9          43   3.3880329210235271E-004
           9          44   9.4147474855430164E-004
           9          45  -2.2552952148839614E-004
           9          46   1.4399443024421443E-003
           9          47  -9.0606360926009084E-005
           9          48   2.6250299740377086E-004
           9          49   1.9687597266644938E-003
           9          50   9.2500225025549652E-005
           9          51  -1.1832466913678975E-004
           9          52   3.5158356859988098E-005
           9          53  -2.5561119126649569E-004
           9          54   4.9443537702410496E-004
           9          55   1.8083673937649864E-004
           9          56   9.4746005208839806E-005
           9          57   7.5051156335555365E-005
           9          58  -2.1740444647364582E-004
           9          59   1.2149199213920426E-003
          10           1  -3.3342757427447340E-012
          10           2   1.3808846750691728E-011
          10           3   1.6379024892680853E-013
          10           4   8.0291758351698843E-013
          10           5  -4.8055158064448845E-013
          10           6   1.4974875866112432E-012
          10           7  -5.1421260380481344E-005
          10           8  -3.8221874868712398E-003
          10           9  -4.0703970632238160E-004
          10          10   1.2529608790334994E-004
          10          11   2.0649770897372462E-005
          10          12   2.1990886054992030E-006
          10          13  -7.9649932375304711E-003
          10          14  -2.6728649438976719E-003
          10          15  -2.8462267752630660E-004
          10          16   1.8382807596639471E-003
          10          17   5.9762564738979017E-004
          10          18   6.3653317877595579E-005
          10          19  -2.7159664958691912E-004
          10          20  -9.2478092013118714E-005
          10          21  -9.8455674870085480E-006
          10          22  -2.3664303178608293E-013
          10          23  -1.9285970604457712E-013
          10          24   9.1849240029184767E-014
          10          25  -4.7712576211835169E-014
          10          26  -2.6522524271002887E-014
          10          27   2.8255006361728491E-013
          10          28  -2.0418852508140680E-013
          10          29  -1.4496035762154724E-013
          10          30   1.8433836754968027E-013
          10          31   2.6426046417664810E-014
          10          32   3.9638176647481288E-014
          10          33   3.1990142447951997E-013
          10          34  -5.5454566803975015E-013
          10          35  -1.6926282427908379E-013
          10          36  -2.1785763279126671E-013
          10          37  -7.2472904622871899E-014
          10          38  -6.9683790680688005E-014
          10          39  -3.0935598179752703E-013
          10          40  -1.4559058667889652E-005
          10          41  -2.8010859535129349E-005
          10          42   1.4223349993830351E-005
          10          43   1.8078326079700718E-006
          10          44  -2.9834210289262590E-006
          10          45   2.9956147111575747E-006
          10          46   1.9687280454848699E-006
          10          47  -9.8639354782501075E-006
          10          48  -7.7319800737174622E-006
          10          49  -1.8893383619618097E-006
          10          50  -6.5744470509300815E-004
          10          51  -1.1395330635503944E-004
          10          52  -2.8048132714498635E-004
          10          53  -2.0484480308301104E-004
          10          54  -1.2136139887480038E-005
          10          55   1.9843954954962566E-006
          10          56  -7.9989930642785978E-006
          10          57  -2.9643656430541231E-004
          10          58  -9.9582535081974832E-005
          10          59  -2.3760226910577269E-005
          11           1  -9.4960965586580574E-013
          11           2   3.2559383220279431E-012
          11           3   1.2164270004077095E-013
          11           4   2.8392908935859836E-013
          11           5  -2.0346270571003347E-013
          11           6   3.3172382229659101E-013
          11           7  -3.8221875114357257E-003
          11           8   9.7033539485012268E-003
          11           9   1.1792212802110348E-003
          11          10   2.0649770897372462E-005
          11          11   7.2594789008651156E-005
          11          12  -6.3708872592780961E-006
          11          13  -2.6728649790415532E-003
          11          14  -1.1434585589499416E-003
          11          15   8.2464463329717233E-004
          11          16   5.9762565910340885E-004
          11          17   3.1304911050775077E-004
          11          18  -1.8437545938369143E-004
          11          19  -9.2478093084333120E-005
          11          20  -3.5580036077519337E-005
          11          21   2.8532723376217237E-005
          11          22  -1.3130833003737084E-013
          11          23  -9.7052497989255391E-014
          11          24   9.9168529144616545E-014
          11          25   4.2749884626339671E-015
          11          26   2.6514383809505025E-014
          11          27   5.5577129801743390E-014
          11          28  -8.9340727180540552E-014
          11          29  -1.4205965887331678E-013
          11          30   1.8415309920204998E-013
          11          31   2.8040558635095551E-014
          11          32   4.7293174597648856E-014
          11          33   8.0231098564299235E-014
          11          34  -1.3080364404674786E-013
          11          35  -6.0973975314057872E-014
          11          36   4.3717894101520696E-015
          11          37  -8.3969927831309080E-015
          11          38  -4.9038091655601114E-015
          11          39  -3.6757632260302398E-014
          11          40  -1.5606817630992990E-005
          11          41   5.1988149983070957E-006
          11          42  -4.6467161206683267E-006
          11          43   4.0837740261566918E-005
          11          44   1.5032202010240949E-006
          11          45   1.8388124133546570E-006
          11          46   1.4334688381873649E-006
          11          47  -7.7319255474741174E-006
          11          48   9.8692500946808012E-006
          11          49   5.4722185891300266E-006
          11          50  -2.2110246732820645E-004
          11          51  -4.7359231920881369E-005
          11          52  -9.2141347192856344E-005
          11          53  -9.1640165143229749E-005
          11          54   2.9899390087550982E-005
          11          55   1.9971232611697843E-006
          11          56   2.8427059610100860E-005
          11          57  -9.9582562210963829E-005
          11          58  -4.2286973447527611E-005
          11          59   6.8827457394307674E-005
          12           1  -1.6349859265124256E-012
          12           2   6.2052107313852382E-012
          12           3   2.6405447292876391E-014
          12           4   1.1671437394273970E-012
          12           5  -2.1434098570165365E-013
          12           6   8.6601723864918116E-013
          12           7  -4.0703971232870166E-004
          12           8   1.1792213865519060E-003
          12           9  -1.2450368009342024E-003
          12          10   2.1990886054992030E-006
          12          11  -6.3708872592780961E-006
          12          12   1.3174469574437001E-004
          12          13  -2.8462258218777173E-004
          12          14   8.2464434558151254E-004
          12          15  -8.7997219568899405E-003
          12          16   6.3653304873108538E-005
          12          17  -1.8437541868538283E-004
          12          18   2.0248967342046133E-003
          12          19  -9.8455627021688397E-006
          12          20   2.8532709752015492E-005
          12          21  -3.0048027106635046E-004
          12          22   5.3021355284945419E-014
          12          23   5.0062268279317565E-014
          12          24   4.3990109970662493E-014
          12          25  -2.3547448392457483E-013
          12          26  -1.2863107571839108E-013
          12          27  -1.2301388809376260E-014
          12          28   8.0623333698804898E-014
          12          29   1.2477544826887173E-013
          12          30   1.9572806493190800E-014
          12          31  -2.4404134558026131E-013
          12          32  -1.7274574637948306E-013
          12          33  -6.3199919036363768E-014
          12          34  -2.4939595835271727E-013
          12          35  -1.7693346746387165E-014
          12          36  -1.8642535375220731E-013
          12          37  -1.6494533068663018E-013
          12          38  -1.3347277915533547E-013
          12          39  -3.2925830311662124E-013
          12          40  -1.6624517980327781E-006
          12          41   1.5033781306636566E-006
          12          42   1.9688010332269052E-006
          12          43  -5.5804245894155596E-007
          12          44  -8.7595826752923694E-006
          12          45  -1.3011311240586685E-005
          12          46   1.9998435081648620E-005
          12          47  -3.2878959105971782E-006
          12          48   9.5237580843281814E-006
          12          49  -2.7440278240423348E-005
          12          50  -2.3548361913127544E-005
          12          51   2.9899315489214099E-005
          12          52  -7.9990229053811754E-006
          12          53   6.3197815790998581E-005
          12          54  -3.2496018515739772E-004
          12          55  -9.5137063383035495E-006
          12          56  -3.0393281843766251E-004
          12          57  -1.2420346948871200E-005
          12          58   3.5980059478026404E-005
          12          59  -7.3237301606706600E-004
          13           1   9.8976993937109872E-012
          13           2  -2.9925485460202488E-011
          13           3   1.0091396756586611E-011
          13           4  -3.0500075645774097E-011
          13           5   3.7283794011128383E-011
          13           6  -1.8956449077581232E-010
          13           7   1.1738110417219508E-002
          13           8   1.1731961158741647E-002
          13           9   1.2495046554953969E-003
          13          10  -7.9649932375304711E-003
          13          11  -2.6728649790415532E-003
          13          12  -2.8462258218777173E-004
          13          13   1.0585933997005854     
          13          14  0.36118257598613790     
          13          15   3.8463512644932162E-002
          13          16 -0.23671832011487404     
          13          17  -8.0725692249366349E-002
          13          18  -8.5986819874530589E-003
          13          19   3.6729401885266508E-002
          13          20   1.2534590369790308E-002
          13          21   1.3345742144064250E-003
          13          22   3.0345159458751499E-011
          13          23   2.8759987086484840E-011
          13          24  -1.4272874638374719E-011
          13          25   3.7887504800027761E-012
          13          26   2.2098847370985066E-012
          13          27  -1.9741807306015610E-011
          13          28   5.3220424662779284E-011
          13          29   3.2702751313684827E-011
          13          30  -2.0842843467226044E-011
          13          31   1.6830363011517296E-012
          13          32  -4.8913442874850814E-012
          13          33  -2.3622806831919497E-011
          13          34   7.1427857847981054E-011
          13          35   2.2297390226967108E-011
          13          36   2.3963902327405080E-011
          13          37   6.6883365382716220E-012
          13          38   1.0144884583108176E-011
          13          39   4.0340158722337403E-011
          13          40   6.8235218078857296E-003
          13          41   3.4974517793662004E-003
          13          42   7.6243800175863625E-004
          13          43  -2.5169801105990744E-005
          13          44   3.7253345174727737E-004
          13          45  -3.3335748614348278E-004
          13          46  -2.5800529013573559E-004
          13          47   3.4429649312257742E-003
          13          48   1.1537737385748869E-003
          13          49   2.8135233453949470E-004
          13          50   8.8006595581026970E-002
          13          51   1.5546935832461617E-002
          13          52   3.7379072733560045E-002
          13          53   2.7962435133695080E-002
          13          54   1.6558621943976979E-003
          13          55  -2.8824321318744110E-004
          13          56   1.1085976775191107E-003
          13          57   3.9696677625527393E-002
          13          58   1.3518263567962307E-002
          13          59   3.2252705412056529E-003
          14           1   3.0867689781502184E-012
          14           2  -5.7074306874035753E-012
          14           3  -1.7096535967925556E-012
          14           4  -4.6192261120297113E-011
          14           5   1.7126365659729674E-011
          14           6  -5.1036924911756205E-011
          14           7   1.1731961006391026E-002
          14           8  -1.8203603391872634E-002
          14           9  -3.6194927082017188E-003
          14          10  -2.6728649438976719E-003
          14          11  -1.1434585589499416E-003
          14          12   8.2464434558151254E-004
          14          13  0.36118257598613790     
          14          14  0.13680273317210825     
          14          15 -0.11143244506535428     
          14          16  -8.0725693252220093E-002
          14          17  -3.0693870112205437E-002
