           1           1  0.39435455445368506     
           1           2  0.63626406438747563     
           1           3 -0.22115114108087697     
           1           4 -0.10797222535109421     
           1           5   8.7493130260592633E-002
           1           6  -4.2942907400372876E-004
           1           7   2.3996336116773546E-015
           1           8   3.4739039062059253E-015
           1           9   3.8817200990039419E-015
           1          10  -2.0153105127553088E-015
           1          11   1.7800030984161799E-015
           1          12   8.1076579783468600E-015
           1          13   2.1131398766300378E-015
           1          14  -4.6391968066764130E-016
           1          15   1.8495452311086816E-015
           1          16  -5.9829294606547298E-016
           1          17   1.0803442329066964E-015
           1          18  -1.7684004863687492E-015
           1          19  -7.4085285927457650E-016
           1          20  -1.9454870819410227E-015
           1          21   1.3053256150333298E-015
           2           1  0.63626406438747563     
           2           2   1.0605277870185490     
           2           3 -0.57086408557810076     
           2           4 -0.26659462299970443     
           2           5  0.24723902838710959     
           2           6  -1.9171894351976901E-003
           2           7   5.5576272375640922E-015
           2           8   7.9744007657439229E-015
           2           9   1.2364198354762912E-014
           2          10  -6.0197715790434061E-016
           2          11   6.3624914306257737E-015
           2          12   2.1679636300533539E-014
           2          13   3.8371312924637986E-015
           2          14  -4.8750342334917041E-016
           2          15   2.2779819320656339E-015
           2          16  -9.0824898878149932E-016
           2          17   1.6796677756121738E-015
           2          18  -2.1701310813425164E-015
           2          19  -1.1276663267708256E-015
           2          20  -3.3743965637165146E-015
           2          21   1.7907784132162859E-015
           3           1 -0.22115114108087697     
           3           2 -0.57086408557810076     
           3           3   1.5693550805899970     
           3           4  0.52166657398582916     
           3           5  -1.0035943387556072     
           3           6   5.5308361886733812E-002
           3           7  -9.9349585966096575E-016
           3           8  -4.9410768269106909E-016
           3           9  -5.3099781047750897E-014
           3          10  -1.3749815665737515E-015
           3          11   6.2003385305596258E-016
           3          12  -7.5127097621583231E-014
           3          13  -3.7620201999336563E-015
           3          14  -2.2378745740618793E-015
           3          15   3.7413304594559387E-015
           3          16  -2.7509704900878820E-016
           3          17   8.1837161632420847E-016
           3          18  -3.9233471309182521E-015
           3          19   5.8912217063707978E-017
           3          20   1.7661249982951190E-015
           3          21   1.5152957253798590E-015
           4           1 -0.10797222535109421     
           4           2 -0.26659462299970443     
           4           3  0.52166657398582916     
           4           4  0.48065750547202679     
           4           5   1.7203408325888403E-002
           4           6 -0.10480150110017458     
           4           7  -1.6792149568363511E-014
           4           8  -3.2470762797555428E-014
           4           9   2.9062451450561773E-014
           4          10  -2.3220998974579239E-014
           4          11  -4.5099529127524226E-014
           4          12   3.7397626882850844E-014
           4          13  -6.5782295902083662E-016
           4          14   6.9797191950198543E-016
           4          15   1.0812993813649443E-015
           4          16  -3.6850746432247129E-016
           4          17  -2.5585515150397452E-016
           4          18  -9.8202027925490547E-017
           4          19   4.4543335494502607E-016
           4          20   1.7478778307496911E-015
           4          21   3.5137517515873433E-016
           5           1   8.7493130260592633E-002
           5           2  0.24723902838710959     
           5           3  -1.0035943387556072     
           5           4   1.7203408325888403E-002
           5           5   2.0810653779065813     
           5           6  -6.6781149572421039E-003
           5           7   1.1178671043548122E-014
           5           8   2.0178835668768054E-014
           5           9  -3.2234495855744758E-014
           5          10   1.8548935495062614E-014
           5          11   3.1353543134165278E-014
           5          12  -4.5983726735223306E-014
           5          13   5.9057095858684234E-015
           5          14   4.2360845702322193E-015
           5          15  -2.2269761206663804E-015
           5          16  -1.7827007856218072E-015
           5          17   1.0954173867758048E-016
           5          18  -2.8574873411197233E-015
           5          19   6.3845096695320646E-016
           5          20  -1.2206872813121155E-015
           5          21   4.7189089566159654E-016
           6           1  -4.2942907400372876E-004
           6           2  -1.9171894351976901E-003
           6           3   5.5308361886733812E-002
           6           4 -0.10480150110017458     
           6           5  -6.6781149572421039E-003
           6           6   9.9866280053321405E-002
           6           7  -4.3733398441149574E-015
           6           8  -1.2093362774837479E-014
           6           9   4.4984985847551595E-014
           6          10  -7.1113763277677531E-015
           6          11  -1.8312369377828959E-014
           6          12   6.2629993471030047E-014
           6          13  -1.8842782519533745E-015
           6          14  -2.8237102309759793E-015
           6          15   1.6207819255380938E-015
           6          16  -5.6195026192235023E-016
           6          17  -9.0953328138552691E-016
           6          18   1.5986890721449094E-015
           6          19  -1.8328139106013263E-016
           6          20  -2.4060587824123711E-016
           6          21  -6.2596981992220868E-016
           7           1   2.3996336116773546E-015
           7           2   5.5576272375640922E-015
           7           3  -9.9349585966096575E-016
           7           4  -1.6792149568363511E-014
           7           5   1.1178671043548122E-014
           7           6  -4.3733398441149574E-015
           7           7  0.59661120283799673     
           7           8   2.7658290461666950E-002
           7           9  -1.2603211840418264E-002
           7          10  0.64152904223627483     
           7          11   3.3096220090911791E-003
           7          12  -1.5081144429652507E-003
           7          13 -0.10760020488683605     
           7          14 -0.10421232850423964     
           7          15   4.7487029405578723E-002
           7          16   4.4164937043294522E-002
           7          17   7.3640415926087312E-003
           7          18  -3.3556150665925676E-003
           7          19  -2.0049506497094534E-002
           7          20  -1.1193344120936682E-002
           7          21   5.1005353113890923E-003
           8           1   3.4739039062059253E-015
           8           2   7.9744007657439229E-015
           8           3  -4.9410768269106909E-016
           8           4  -3.2470762797555428E-014
           8           5   2.0178835668768054E-014
           8           6  -1.2093362774837479E-014
           8           7   2.7658290461666950E-002
           8           8  0.62472934563039539     
           8           9  -2.0544362836157602E-002
           8          10   3.3096220090677256E-003
           8          11  0.64489369068991498     
           8          12  -2.4583614641994289E-003
           8          13 -0.10421232850426201     
           8          14 -0.21354518864123562     
           8          15   7.7408106320488571E-002
           8          16   7.3640415926029199E-003
           8          17   5.1651414680760455E-002
           8          18  -5.4699527659801961E-003
           8          19  -1.1193344120917046E-002
           8          20  -3.1428953421196164E-002
           8          21   8.3143288729016426E-003
           9           1   3.8817200990039419E-015
           9           2   1.2364198354762912E-014
           9           3  -5.3099781047750897E-014
           9           4   2.9062451450561773E-014
           9           5  -3.2234495855744758E-014
           9           6   4.4984985847551595E-014
           9           7  -1.2603211840418264E-002
           9           8  -2.0544362836157602E-002
           9           9  0.58900542539057787     
           9          10  -1.5081144429703744E-003
           9          11  -2.4583614641950626E-003
           9          12  0.64061892639078688     
           9          13   4.7487029405602496E-002
           9          14   7.7408106320520545E-002
           9          15  -7.8942765662287612E-002
           9          16  -3.3556150666017265E-003
           9          17  -5.4699527659869494E-003
           9          18   4.2139892814724272E-002
           9          19   5.1005353113859828E-003
           9          20   8.3143288728877753E-003
           9          21  -1.6971439022086747E-002
          10           1  -2.0153105127553088E-015
          10           2  -6.0197715790434061E-016
          10           3  -1.3749815665737515E-015
          10           4  -2.3220998974579239E-014
          10           5   1.8548935495062614E-014
          10           6  -7.1113763277677531E-015
          10           7  0.64152904223627483     
          10           8   3.3096220090677256E-003
          10           9  -1.5081144429703744E-003
          10          10  0.73793021446631202     
          10          11   3.0290499211455620E-004
          10          12  -1.3802645613738117E-004
          10          13  -4.6151401296189692E-002
          10          14  -1.2303180556823532E-002
          10          15   5.6062608452255684E-003
          10          16   4.0898104553127590E-002
          10          17   1.1935296151924331E-003
          10          18  -5.4386248487603688E-004
          10          19  -1.3984251115807074E-002
          10          20  -1.3820736566757233E-003
          10          21   6.2977742957558754E-004
          11           1   1.7800030984161799E-015
          11           2   6.3624914306257737E-015
          11           3   6.2003385305596258E-016
          11           4  -4.5099529127524226E-014
          11           5   3.1353543134165278E-014
          11           6  -1.8312369377828959E-014
          11           7   3.3096220090911791E-003
          11           8  0.64489369068991498     
          11           9  -2.4583614641950626E-003
          11          10   3.0290499211455620E-004
          11          11  0.73823815561767603     
          11          12  -2.2499547177913201E-004
          11          13  -1.2303180556854920E-002
          11          14  -5.8659137021199181E-002
          11          15   9.1387067374007567E-003
          11          16   1.1935296151851338E-003
          11          17   4.2111478033082225E-002
          11          18  -8.8654450656838984E-004
          11          19  -1.3820736566485488E-003
          11          20  -1.5389303408628374E-002
          11          21   1.0265935527398900E-003
          12           1   8.1076579783468600E-015
          12           2   2.1679636300533539E-014
          12           3  -7.5127097621583231E-014
          12           4   3.7397626882850844E-014
          12           5  -4.5983726735223306E-014
          12           6   6.2629993471030047E-014
          12           7  -1.5081144429652507E-003
          12           8  -2.4583614641994289E-003
          12           9  0.64061892639078688     
          12          10  -1.3802645613738117E-004
          12          11  -2.2499547177913201E-004
          12          12  0.73784691835957605     
          12          13   5.6062608452585325E-003
          12          14   9.1387067374438732E-003
          12          15  -4.2768138930460352E-002
          12          16  -5.4386248488759188E-004
          12          17  -8.8654450657662100E-004
          12          18   4.0569894801983197E-002
          12          19   6.2977742957117853E-004
          12          20   1.0265935527195638E-003
          12          21  -1.3604193474007402E-002
          13           1   2.1131398766300378E-015
          13           2   3.8371312924637986E-015
          13           3  -3.7620201999336563E-015
          13           4  -6.5782295902083662E-016
          13           5   5.9057095858684234E-015
          13           6  -1.8842782519533745E-015
          13           7 -0.10760020488683605     
          13           8 -0.10421232850426201     
          13           9   4.7487029405602496E-002
          13          10  -4.6151401296189692E-002
          13          11  -1.2303180556854920E-002
          13          12   5.6062608452585325E-003
          13          13  0.24811644636764218     
          13          14  0.39444887175364413     
          13          15 -0.17974077962573579     
          13          16  -2.0554461688697834E-002
          13          17  -2.6903907694914658E-002
          13          18   1.2259457917992230E-002
          13          19   2.7290367594377776E-002
          13          20   4.2184628256264199E-002
          13          21  -1.9222511493806393E-002
          14           1  -4.6391968066764130E-016
          14           2  -4.8750342334917041E-016
          14           3  -2.2378745740618793E-015
          14           4   6.9797191950198543E-016
          14           5   4.2360845702322193E-015
          14           6  -2.8237102309759793E-015
          14           7 -0.10421232850423964     
          14           8 -0.21354518864123562     
          14           9   7.7408106320520545E-002
          14          10  -1.2303180556823532E-002
          14          11  -5.8659137021199181E-002
          14          12   9.1387067374438732E-003
          14          13  0.39444887175364413     
          14          14  0.64912350483850656     
          14          15 -0.29299355115612197     
          14          16  -2.6903907694914474E-002
          14          17  -4.7905679194136561E-002
          14          18   1.9984013188998128E-002
          14          19   4.2184628256264234E-002
          14          20   7.0176366011674582E-002
          14          21  -3.1334413461636124E-002
          15           1   1.8495452311086816E-015
          15           2   2.2779819320656339E-015
          15           3   3.7413304594559387E-015
          15           4   1.0812993813649443E-015
          15           5  -2.2269761206663804E-015
          15           6   1.6207819255380938E-015
          15           7   4.7487029405578723E-002
          15           8   7.7408106320488571E-002
          15           9  -7.8942765662287612E-002
          15          10   5.6062608452255684E-003
          15          11   9.1387067374007567E-003
          15          12  -4.2768138930460352E-002
          15          13 -0.17974077962573579     
          15          14 -0.29299355115612197     
          15          15  0.13964660664979275     
          15          16   1.2259457917990909E-002
          15          17   1.9984013188995731E-002
          15          18  -1.3156132616347660E-002
          15          19  -1.9222511493804911E-002
          15          20  -3.1334413461634125E-002
          15          21   1.5689979830126977E-002
          16           1  -5.9829294606547298E-016
          16           2  -9.0824898878149932E-016
          16           3  -2.7509704900878820E-016
          16           4  -3.6850746432247129E-016
          16           5  -1.7827007856218072E-015
          16           6  -5.6195026192235023E-016
          16           7   4.4164937043294522E-002
          16           8   7.3640415926029199E-003
          16           9  -3.3556150666017265E-003
          16          10   4.0898104553127590E-002
          16          11   1.1935296151851338E-003
          16          12  -5.4386248488759188E-004
          16          13  -2.0554461688697834E-002
          16          14  -2.6903907694914474E-002
          16          15   1.2259457917990909E-002
          16          16   4.2460258197048323E-003
          16          17   1.8538450179698518E-003
          16          18  -8.4475219146677271E-004
          16          19  -2.8258921217831599E-003
          16          20  -2.8818926120501914E-003
          16          21   1.3132085346948591E-003
          17           1   1.0803442329066964E-015
          17           2   1.6796677756121738E-015
          17           3   8.1837161632420847E-016
          17           4  -2.5585515150397452E-016
          17           5   1.0954173867758048E-016
          17           6  -9.0953328138552691E-016
          17           7   7.3640415926087312E-003
          17           8   5.1651414680760455E-002
          17           9  -5.4699527659869494E-003
          17          10   1.1935296151924331E-003
          17          11   4.2111478033082225E-002
          17          12  -8.8654450657662100E-004
          17          13  -2.6903907694914658E-002
          17          14  -4.7905679194136561E-002
          17          15   1.9984013188995731E-002
          17          16   1.8538450179698518E-003
          17          17   6.1306932398752807E-003
          17          18  -1.3770216471743271E-003
          17          19  -2.8818926120494520E-003
          17          20  -5.7556996632510769E-003
          17          21   2.1406473967111907E-003
          18           1  -1.7684004863687492E-015
          18           2  -2.1701310813425164E-015
          18           3  -3.9233471309182521E-015
          18           4  -9.8202027925490547E-017
          18           5  -2.8574873411197233E-015
          18           6   1.5986890721449094E-015
          18           7  -3.3556150665925676E-003
          18           8  -5.4699527659801961E-003
          18           9   4.2139892814724272E-002
          18          10  -5.4386248487603688E-004
          18          11  -8.8654450656838984E-004
          18          12   4.0569894801983197E-002
          18          13   1.2259457917992230E-002
          18          14   1.9984013188998128E-002
          18          15  -1.3156132616347660E-002
          18          16  -8.4475219146677271E-004
          18          17  -1.3770216471743271E-003
          18          18   3.7362353592424341E-003
          18          19   1.3132085346946338E-003
          18          20   2.1406473967107804E-003
          18          21  -2.0333979556240792E-003
          19           1  -7.4085285927457650E-016
          19           2  -1.1276663267708256E-015
          19           3   5.8912217063707978E-017
          19           4   4.4543335494502607E-016
          19           5   6.3845096695320646E-016
          19           6  -1.8328139106013263E-016
          19           7  -2.0049506497094534E-002
          19           8  -1.1193344120917046E-002
          19           9   5.1005353113859828E-003
          19          10  -1.3984251115807074E-002
          19          11  -1.3820736566485488E-003
          19          12   6.2977742957117853E-004
          19          13   2.7290367594377776E-002
          19          14   4.2184628256264234E-002
          19          15  -1.9222511493804911E-002
          19          16  -2.8258921217831599E-003
          19          17  -2.8818926120494520E-003
          19          18   1.3132085346946338E-003
          19          19   3.1296139760570592E-003
          19          20   4.5125422386007768E-003
          19          21  -2.0562560020879459E-003
          20           1  -1.9454870819410227E-015
          20           2  -3.3743965637165146E-015
          20           3   1.7661249982951190E-015
          20           4   1.7478778307496911E-015
          20           5  -1.2206872813121155E-015
          20           6  -2.4060587824123711E-016
          20           7  -1.1193344120936682E-002
          20           8  -3.1428953421196164E-002
          20           9   8.3143288728877753E-003
          20          10  -1.3820736566757233E-003
          20          11  -1.5389303408628374E-002
          20          12   1.0265935527195638E-003
          20          13   4.2184628256264199E-002
          20          14   7.0176366011674582E-002
          20          15  -3.1334413461634125E-002
          20          16  -2.8818926120501914E-003
          20          17  -5.7556996632510769E-003
          20          18   2.1406473967107804E-003
          20          19   4.5125422386007768E-003
          20          20   7.7171826545578892E-003
          20          21  -3.3518812447140590E-003
          21           1   1.3053256150333298E-015
          21           2   1.7907784132162859E-015
          21           3   1.5152957253798590E-015
          21           4   3.5137517515873433E-016
          21           5   4.7189089566159654E-016
          21           6  -6.2596981992220868E-016
          21           7   5.1005353113890923E-003
          21           8   8.3143288729016426E-003
          21           9  -1.6971439022086747E-002
          21          10   6.2977742957558754E-004
          21          11   1.0265935527398900E-003
          21          12  -1.3604193474007402E-002
          21          13  -1.9222511493806393E-002
          21          14  -3.1334413461636124E-002
          21          15   1.5689979830126977E-002
          21          16   1.3132085346948591E-003
          21          17   2.1406473967111907E-003
          21          18  -2.0333979556240792E-003
          21          19  -2.0562560020879459E-003
          21          20  -3.3518812447140590E-003
          21          21   1.8887060450373490E-003
