           1           1  0.37881656950555298     
           1           2  0.64292242520889320     
           1           3 -0.18679022574683268     
           1           4 -0.16327433006995096     
           1           5   6.2763961261850937E-002
           1           6   3.9753011883224366E-002
           1           7  -2.7741841439396907E-016
           1           8   2.0236347610749891E-015
           1           9  -3.4501031245485515E-015
           1          10   9.5773287875085114E-016
           1          11   1.1329069705648951E-015
           1          12  -2.0022504447175942E-015
           1          13  -2.6564570604086890E-016
           1          14  -6.7672077274118617E-016
           1          15   1.2042135012987185E-015
           1          16  -1.7044210213732041E-015
           1          17  -3.4720305960085989E-016
           1          18  -7.2982193537729515E-016
           1          19   8.7364363887730506E-016
           1          20  -5.2144041138203113E-016
           1          21   6.5491946647256852E-016
           2           1  0.64292242520889320     
           2           2   1.1334826689068795     
           2           3 -0.51717020139234993     
           2           4 -0.43827039658279565     
           2           5  0.18910791008015937     
           2           6  0.11581203685396457     
           2           7  -8.9969341215011890E-016
           2           8   5.0755238447984517E-015
           2           9  -7.9078991832705439E-015
           2          10   1.6300020221709414E-015
           2          11   2.1930939683345036E-015
           2          12  -3.8338196768705932E-015
           2          13  -6.4288915563012300E-016
           2          14  -1.3798536096622706E-015
           2          15   2.3362383188960091E-015
           2          16  -3.3018465621350107E-015
           2          17   1.6454319962040696E-016
           2          18  -4.0324623441718028E-016
           2          19   1.3361960002540576E-015
           2          20  -1.4927988506519653E-015
           2          21   9.9508651337467379E-016
           3           1 -0.18679022574683268     
           3           2 -0.51717020139234993     
           3           3   1.0632835528288413     
           3           4  0.84171051462879132     
           3           5 -0.57257343670835126     
           3           6 -0.29853109391175103     
           3           7   4.1322746234753066E-015
           3           8  -9.4804177146394471E-015
           3           9   9.4253212730657569E-015
           3          10  -6.0986993940454434E-017
           3          11  -1.9332717861282849E-015
           3          12   2.5332483197147938E-015
           3          13   1.7035751920052423E-015
           3          14   9.0896260287014340E-016
           3          15  -3.0511032067432805E-015
           3          16   3.4017762541718220E-015
           3          17  -3.6523481161410382E-015
           3          18  -4.4018613008913677E-015
           3          19   5.0019606809880917E-016
           3          20   3.3135157913969699E-015
           3          21   2.1888182215827678E-016
           4           1 -0.16327433006995096     
           4           2 -0.43827039658279565     
           4           3  0.84171051462879132     
           4           4  0.70788129436988156     
           4           5 -0.40202490958761705     
           4           6 -0.26638118585330650     
           4           7  -3.2731154012068565E-015
           4           8  -4.5018638333911500E-015
           4           9   1.0048567155981831E-014
           4          10  -1.1070353020503755E-015
           4          11  -1.0143348462709229E-015
           4          12   2.6528689116409189E-015
           4          13   8.4713512680206309E-016
           4          14   8.2371215951955150E-016
           4          15  -1.0692766184245090E-015
           4          16   1.9503187867933596E-015
           4          17  -2.2165751412315171E-015
           4          18  -2.1880770922712524E-015
           4          19   2.6242169946157923E-016
           4          20   2.3234142213761486E-015
           4          21  -1.6050324890799893E-016
           5           1   6.2763961261850937E-002
           5           2  0.18910791008015937     
           5           3 -0.57257343670835126     
           5           4 -0.40202490958761705     
           5           5   1.3079600903300124     
           5           6  0.58042364547699277     
           5           7   5.6841229052198571E-015
           5           8  -3.5454995651325269E-015
           5           9  -6.1674834598048302E-015
           5          10  -2.3869482982015929E-016
           5          11  -1.0452798716016106E-015
           5          12  -6.8279834425727136E-017
           5          13  -3.8077465251894515E-015
           5          14   3.1165567251777541E-015
           5          15   6.3028269205218793E-015
           5          16  -3.8035211034067973E-015
           5          17   6.2042426312531856E-016
           5          18   4.7168379217380656E-015
           5          19  -1.9646405508084548E-015
           5          20  -1.8364795987390053E-015
           5          21   6.4902234679498753E-016
           6           1   3.9753011883224366E-002
           6           2  0.11581203685396457     
           6           3 -0.29853109391175103     
           6           4 -0.26638118585330650     
           6           5  0.58042364547699277     
           6           6  0.37177281200669904     
           6           7  -2.9161775424359856E-015
           6           8   3.2320201740482176E-015
           6           9  -1.2875929071125657E-015
           6          10  -7.4865217583567354E-016
           6          11   3.3691996190899613E-016
           6          12   1.0640396910574257E-016
           6          13  -7.3453356642531396E-016
           6          14  -1.5437969262630901E-015
           6          15   2.7290084067767388E-015
           6          16  -5.4107150023610376E-016
           6          17  -2.2349916834813995E-015
           6          18   3.0851836309352659E-015
           6          19  -5.7626349636696222E-016
           6          20  -2.2526901661175101E-015
           6          21   2.0052601601489367E-015
           7           1  -2.7741841439396907E-016
           7           2  -8.9969341215011890E-016
           7           3   4.1322746234753066E-015
           7           4  -3.2731154012068565E-015
           7           5   5.6841229052198571E-015
           7           6  -2.9161775424359856E-015
           7           7   2.1457885448528167     
           7           8  -1.9324819522381631E-015
           7           9  -1.4085412523845431E-015
           7          10  0.30348081420383677     
           7          11  -1.2273168592535910E-015
           7          12  -5.1458776205003803E-016
           7          13 -0.29554407268283373     
           7          14   4.8919202022545960E-015
           7          15   1.2349062744609896E-015
           7          16 -0.25042483028871498     
           7          17  -2.3106516700011070E-015
           7          18  -9.4320167995376458E-016
           7          19 -0.13813853911701698     
           7          20   1.8735013540549517E-016
           7          21   1.5736110331454611E-015
           8           1   2.0236347610749891E-015
           8           2   5.0755238447984517E-015
           8           3  -9.4804177146394471E-015
           8           4  -4.5018638333911500E-015
           8           5  -3.5454995651325269E-015
           8           6   3.2320201740482176E-015
           8           7  -1.9324819522381631E-015
           8           8   2.1457885448528189     
           8           9   1.0130785099704553E-015
           8          10  -8.8058900449272670E-016
           8          11  0.30348081420384443     
           8          12   8.7343327015432237E-016
           8          13   1.7069679003611782E-015
           8          14 -0.29554407268284366     
           8          15  -2.5515613927273861E-015
           8          16   6.1756155744774333E-016
           8          17 -0.25042483028870444     
           8          18   3.3514857555871913E-015
           8          19  -1.1449174941446927E-015
           8          20 -0.13813853911702145     
           8          21  -3.9174392896246246E-015
           9           1  -3.4501031245485515E-015
           9           2  -7.9078991832705439E-015
           9           3   9.4253212730657569E-015
           9           4   1.0048567155981831E-014
           9           5  -6.1674834598048302E-015
           9           6  -1.2875929071125657E-015
           9           7  -1.4085412523845431E-015
           9           8   1.0130785099704553E-015
           9           9   2.1457885448528220     
           9          10  -2.5551629768191114E-015
           9          11  -8.7454457738112001E-017
           9          12  0.30348081420384493     
           9          13   3.1439694597734658E-015
           9          14   1.5638532135930916E-015
           9          15 -0.29554407268285021     
           9          16  -3.0644974405302783E-016
           9          17  -3.8380756905986857E-016
           9          18 -0.25042483028870061     
           9          19  -4.8507205197001468E-016
           9          20   2.2328059540166478E-015
           9          21 -0.13813853911702212     
          10           1   9.5773287875085114E-016
          10           2   1.6300020221709414E-015
          10           3  -6.0986993940454434E-017
          10           4  -1.1070353020503755E-015
          10           5  -2.3869482982015929E-016
          10           6  -7.4865217583567354E-016
          10           7  0.30348081420383677     
          10           8  -8.8058900449272670E-016
          10           9  -2.5551629768191114E-015
          10          10   5.0916434331579732E-002
          10          11  -2.8677147462241592E-016
          10          12  -4.3542205109640139E-016
          10          13   1.9467155533241107E-002
          10          14   7.9298546895589794E-016
          10          15   2.6738119639387048E-016
          10          16   6.5815470116967461E-003
          10          17  -3.0422712959943254E-016
          10          18   4.8131800194778362E-017
          10          19  -2.7765612538381145E-003
          10          20  -6.7437375128598376E-017
          10          21   8.0337686915281370E-017
          11           1   1.1329069705648951E-015
          11           2   2.1930939683345036E-015
          11           3  -1.9332717861282849E-015
          11           4  -1.0143348462709229E-015
          11           5  -1.0452798716016106E-015
          11           6   3.3691996190899613E-016
          11           7  -1.2273168592535910E-015
          11           8  0.30348081420384443     
          11           9  -8.7454457738112001E-017
          11          10  -2.8677147462241592E-016
          11          11   5.0916434331582106E-002
          11          12   2.3428084288106693E-017
          11          13   1.6675029412827058E-016
          11          14   1.9467155533238981E-002
          11          15  -4.5688279548539157E-016
          11          16   3.8163916471489756E-017
          11          17   6.5815470116990359E-003
          11          18   1.0842021724855044E-018
          11          19   9.3675067702747583E-017
          11          20  -2.7765612538387351E-003
          11          21  -2.2808903203663800E-016
          12           1  -2.0022504447175942E-015
          12           2  -3.8338196768705932E-015
          12           3   2.5332483197147938E-015
          12           4   2.6528689116409189E-015
          12           5  -6.8279834425727136E-017
          12           6   1.0640396910574257E-016
          12           7  -5.1458776205003803E-016
          12           8   8.7343327015432237E-016
          12           9  0.30348081420384493     
          12          10  -4.3542205109640139E-016
          12          11   2.3428084288106693E-017
          12          12   5.0916434331582272E-002
          12          13   6.3920494331598521E-016
          12          14   2.3937828715764331E-016
          12          15   1.9467155533238141E-002
          12          16   1.4305370039588428E-016
          12          17  -4.0232032115505856E-016
          12          18   6.5815470116994991E-003
          12          19  -1.7818354485030913E-016
          12          20   1.5561011680598202E-016
          12          21  -2.7765612538391362E-003
          13           1  -2.6564570604086890E-016
          13           2  -6.4288915563012300E-016
          13           3   1.7035751920052423E-015
          13           4   8.4713512680206309E-016
          13           5  -3.8077465251894515E-015
          13           6  -7.3453356642531396E-016
          13           7 -0.29554407268283373     
          13           8   1.7069679003611782E-015
          13           9   3.1439694597734658E-015
          13          10   1.9467155533241107E-002
          13          11   1.6675029412827058E-016
          13          12   6.3920494331598521E-016
          13          13  0.56609005002978607     
          13          14  -1.0755285551056204E-015
          13          15  -6.0428008083479590E-016
          13          16  0.42449184915609328     
          13          17  -9.2287288921966137E-016
          13          18   9.1138034619131503E-016
          13          19  0.18528757320345490     
          13          20  -1.1241008124329710E-015
          13          21  -2.0244765065735582E-015
          14           1  -6.7672077274118617E-016
          14           2  -1.3798536096622706E-015
          14           3   9.0896260287014340E-016
          14           4   8.2371215951955150E-016
          14           5   3.1165567251777541E-015
          14           6  -1.5437969262630901E-015
          14           7   4.8919202022545960E-015
          14           8 -0.29554407268284366     
          14           9   1.5638532135930916E-015
          14          10   7.9298546895589794E-016
          14          11   1.9467155533238981E-002
          14          12   2.3937828715764331E-016
          14          13  -1.0755285551056204E-015
          14          14  0.56609005002977686     
          14          15   2.4914965923716892E-015
          14          16  -7.0776717819853729E-016
          14          17  0.42449184915609439     
          14          18  -3.0630879777060471E-015
          14          19   2.0643209364124004E-015
          14          20  0.18528757320345449     
          14          21   4.6870059916548357E-015
          15           1   1.2042135012987185E-015
          15           2   2.3362383188960091E-015
          15           3  -3.0511032067432805E-015
          15           4  -1.0692766184245090E-015
          15           5   6.3028269205218793E-015
          15           6   2.7290084067767388E-015
          15           7   1.2349062744609896E-015
          15           8  -2.5515613927273861E-015
          15           9 -0.29554407268285021     
          15          10   2.6738119639387048E-016
          15          11  -4.5688279548539157E-016
          15          12   1.9467155533238141E-002
          15          13  -6.0428008083479590E-016
          15          14   2.4914965923716892E-015
          15          15  0.56609005002977986     
          15          16   6.4455819154263239E-016
          15          17  -4.5796699765787707E-016
          15          18  0.42449184915609584     
          15          19  -1.1157524557048326E-015
          15          20  -4.6620693416876691E-016
          15          21  0.18528757320345568     
          16           1  -1.7044210213732041E-015
          16           2  -3.3018465621350107E-015
          16           3   3.4017762541718220E-015
          16           4   1.9503187867933596E-015
          16           5  -3.8035211034067973E-015
          16           6  -5.4107150023610376E-016
          16           7 -0.25042483028871498     
          16           8   6.1756155744774333E-016
          16           9  -3.0644974405302783E-016
          16          10   6.5815470116967461E-003
          16          11   3.8163916471489756E-017
          16          12   1.4305370039588428E-016
          16          13  0.42449184915609328     
          16          14  -7.0776717819853729E-016
          16          15   6.4455819154263239E-016
          16          16  0.36155940399746145     
          16          17   1.8041124150158794E-016
          16          18   1.8728508327514604E-015
          16          19  0.17895025978624582     
          16          20   9.1940344226770776E-017
          16          21  -1.4010060472857688E-015
          17           1  -3.4720305960085989E-016
          17           2   1.6454319962040696E-016
          17           3  -3.6523481161410382E-015
          17           4  -2.2165751412315171E-015
          17           5   6.2042426312531856E-016
          17           6  -2.2349916834813995E-015
          17           7  -2.3106516700011070E-015
          17           8 -0.25042483028870444     
          17           9  -3.8380756905986857E-016
          17          10  -3.0422712959943254E-016
          17          11   6.5815470116990359E-003
          17          12  -4.0232032115505856E-016
          17          13  -9.2287288921966137E-016
          17          14  0.42449184915609439     
          17          15  -4.5796699765787707E-016
          17          16   1.8041124150158794E-016
          17          17  0.36155940399746644     
          17          18  -3.8927194800919551E-015
          17          19   1.7676832220203664E-015
          17          20  0.17895025978624729     
          17          21   4.5785857744062852E-015
          18           1  -7.2982193537729515E-016
          18           2  -4.0324623441718028E-016
          18           3  -4.4018613008913677E-015
          18           4  -2.1880770922712524E-015
          18           5   4.7168379217380656E-015
          18           6   3.0851836309352659E-015
          18           7  -9.4320167995376458E-016
          18           8   3.3514857555871913E-015
          18           9 -0.25042483028870061     
          18          10   4.8131800194778362E-017
          18          11   1.0842021724855044E-018
          18          12   6.5815470116994991E-003
          18          13   9.1138034619131503E-016
          18          14  -3.0630879777060471E-015
          18          15  0.42449184915609584     
          18          16   1.8728508327514604E-015
          18          17  -3.8927194800919551E-015
          18          18  0.36155940399746400     
          18          19   3.9069225285515152E-016
          18          20  -2.3492492673415910E-015
          18          21  0.17895025978624701     
          19           1   8.7364363887730506E-016
          19           2   1.3361960002540576E-015
          19           3   5.0019606809880917E-016
          19           4   2.6242169946157923E-016
          19           5  -1.9646405508084548E-015
          19           6  -5.7626349636696222E-016
          19           7 -0.13813853911701698     
          19           8  -1.1449174941446927E-015
          19           9  -4.8507205197001468E-016
          19          10  -2.7765612538381145E-003
          19          11   9.3675067702747583E-017
          19          12  -1.7818354485030913E-016
          19          13  0.18528757320345490     
          19          14   2.0643209364124004E-015
          19          15  -1.1157524557048326E-015
          19          16  0.17895025978624582     
          19          17   1.7676832220203664E-015
          19          18   3.9069225285515152E-016
          19          19   9.8351132945824427E-002
          19          20   6.8001160258290838E-016
          19          21  -7.6810302909735562E-016
          20           1  -5.2144041138203113E-016
          20           2  -1.4927988506519653E-015
          20           3   3.3135157913969699E-015
          20           4   2.3234142213761486E-015
          20           5  -1.8364795987390053E-015
          20           6  -2.2526901661175101E-015
          20           7   1.8735013540549517E-016
          20           8 -0.13813853911702145     
          20           9   2.2328059540166478E-015
          20          10  -6.7437375128598376E-017
          20          11  -2.7765612538387351E-003
          20          12   1.5561011680598202E-016
          20          13  -1.1241008124329710E-015
          20          14  0.18528757320345449     
          20          15  -4.6620693416876691E-016
          20          16   9.1940344226770776E-017
          20          17  0.17895025978624729     
          20          18  -2.3492492673415910E-015
          20          19   6.8001160258290838E-016
          20          20   9.8351132945825440E-002
          20          21   2.3297336282368519E-015
          21           1   6.5491946647256852E-016
          21           2   9.9508651337467379E-016
          21           3   2.1888182215827678E-016
          21           4  -1.6050324890799893E-016
          21           5   6.4902234679498753E-016
          21           6   2.0052601601489367E-015
          21           7   1.5736110331454611E-015
          21           8  -3.9174392896246246E-015
          21           9 -0.13813853911702212     
          21          10   8.0337686915281370E-017
          21          11  -2.2808903203663800E-016
          21          12  -2.7765612538391362E-003
          21          13  -2.0244765065735582E-015
          21          14   4.6870059916548357E-015
          21          15  0.18528757320345568     
          21          16  -1.4010060472857688E-015
          21          17   4.5785857744062852E-015
          21          18  0.17895025978624701     
          21          19  -7.6810302909735562E-016
          21          20   2.3297336282368519E-015
          21          21   9.8351132945826744E-002
