           1           1  0.36202738119499028     
           1           2  0.64917209283480770     
           1           3 -0.17132910062169981     
           1           4 -0.20513394554725559     
           1           5   2.9449069211226156E-002
           1           6   3.6582231367148221E-002
           1           7  -2.0629241020607349E-002
           1           8  -1.2558751123922629E-002
           1           9  -1.3015338934297125E-011
           1          10   1.0081890578001670E-011
           1          11   1.1344266534239604E-011
           1          12  -3.5288401853222587E-011
           1          13   4.9727601632649288E-011
           1          14   1.3966987203790200E-011
           1          15  -7.0358529208532711E-011
           1          16  -9.3694881347711001E-011
           1          17  -8.9714648695303609E-011
           1          18  -5.6236921635801952E-011
           1          19   8.3199208842561111E-012
           1          20   4.7178988388483691E-014
           1          21  -6.4232612598733467E-011
           1          22   9.7590992642305704E-012
           1          23   3.3173679747553329E-011
           1          24  -7.5626615603959351E-011
           1          25   1.1774789477782806E-010
           1          26   1.4962434632495874E-010
           1          27  -6.1284932575036405E-011
           1          28   2.7497982880347505E-011
           1          29   2.7613220229052489E-011
           1          30   2.8574735754782539E-002
           1          31  -2.9773653690564296E-011
           1          32   2.8574734985013926E-002
           1          33  -1.0673232569748629E-010
           1          34  -2.3628037874545272E-010
           1          35   2.8574735364237939E-002
           1          36   3.0056684053875386E-003
           1          37  -4.1052766086685792E-011
           1          38   3.0056681563604849E-003
           1          39  -4.0245531917107335E-011
           1          40  -5.8994813425843954E-011
           1          41   3.0056682194896482E-003
           2           1  0.64917209283480770     
           2           2   1.2237325481466499     
           2           3 -0.51379377625048872     
           2           4 -0.61500424367293904     
           2           5  0.10435109648627430     
           2           6  0.11436835141038471     
           2           7  -7.5861181223059154E-002
           2           8  -4.5738771540399480E-002
           2           9  -4.3236602969365865E-011
           2          10   3.7936127138420805E-011
           2          11   2.8394826352548977E-011
           2          12  -1.9522554079370347E-010
           2          13   2.2742772255608856E-010
           2          14   6.8922359117559779E-011
           2          15  -2.7080662693141092E-011
           2          16  -4.7640521609893353E-010
           2          17  -3.4666333221796851E-010
           2          18  -1.0900707691354404E-010
           2          19  -4.0806482014627019E-011
           2          20  -2.7177828033363626E-011
           2          21  -3.1953171207157820E-010
           2          22   1.6647069531034962E-010
           2          23   1.4451377144438126E-010
           2          24  -5.5063921897481935E-010
           2          25   8.3287576876374993E-010
           2          26   5.8061087266140727E-010
           2          27  -4.4404866081108022E-010
           2          28   4.2435198850719972E-010
           2          29   1.3223599503030301E-010
           2          30  0.10335188963809856     
           2          31  -1.1216381967290056E-010
           2          32  0.10335188691042066     
           2          33  -3.8502734635031396E-010
           2          34  -8.3107363192573535E-010
           2          35  0.10335188823123619     
           2          36   1.0863880446317095E-002
           2          37  -1.4950460323403646E-010
           2          38   1.0863879562479656E-002
           2          39  -1.4333520969301250E-010
           2          40  -2.0517608121338219E-010
           2          41   1.0863879771267952E-002
           3           1 -0.17132910062169981     
           3           2 -0.51379377625048872     
           3           3  0.79864642658851270     
           3           4  0.94133062342364549     
           3           5 -0.16877441292840503     
           3           6 -0.16574790804824019     
           3           7  0.10867271824095587     
           3           8   6.3244813903236094E-002
           3           9   6.2168391398050515E-011
           3          10   1.0541414909436272E-011
           3          11  -3.4367646274220627E-011
           3          12   3.5542708883906105E-010
           3          13   1.6318346417261288E-010
           3          14  -1.5862960278227529E-010
           3          15   3.2193451580410413E-010
           3          16  -6.6283507968490112E-010
           3          17   5.0423038383109514E-010
           3          18   2.9697196498054525E-010
           3          19  -4.6982888854203258E-010
           3          20   1.7247703267615343E-011
           3          21   1.1466937120038487E-010
           3          22   5.3503432437505253E-010
           3          23  -5.2593018124144184E-011
           3          24  -3.1229459732354756E-010
           3          25   1.3699803224505607E-009
           3          26  -3.7663438098269614E-010
           3          27  -2.3646681008001294E-010
           3          28   1.4270593953901837E-009
           3          29   1.5961907412698720E-010
           3          30 -0.17822481907939691     
           3          31   2.2851569971850142E-010
           3          32 -0.17822481379550298     
           3          33   8.3078080951246335E-010
           3          34   1.6802588723281032E-009
           3          35 -0.17822481653240918     
           3          36  -1.8896695653910223E-002
           3          37   2.3710271847743704E-010
           3          38  -1.8896693906175425E-002
           3          39   3.0373026591229950E-010
           3          40   4.6293138742492374E-010
           3          41  -1.8896694494102209E-002
           4           1 -0.20513394554725559     
           4           2 -0.61500424367293904     
           4           3  0.94133062342364549     
           4           4   1.2176040905058283     
           4           5 -0.38811000218076336     
           4           6 -0.33159654083552215     
           4           7  0.25179448292329820     
           4           8  0.14997209865271927     
           4           9  -5.8668612856743294E-012
           4          10  -4.0808530667056312E-011
           4          11  -5.7487274931795570E-011
           4          12  -1.3368568902085552E-010
           4          13  -2.4656758098617215E-010
           4          14  -3.2158691976435388E-010
           4          15   4.6156780530005541E-010
           4          16   7.9381785569389888E-010
           4          17   9.9830156589487790E-010
           4          18   4.5549313672370548E-010
           4          19  -7.8272703343816414E-011
           4          20   1.4997591380848162E-010
           4          21   6.5971904848272481E-010
           4          22  -2.1737923513082725E-010
           4          23  -5.2399886123923974E-010
           4          24   4.3797543421851771E-010
           4          25  -1.4826887814503976E-009
           4          26  -1.8601485016808119E-009
           4          27   3.8504769370990678E-010
           4          28  -4.1519938523313633E-010
           4          29  -4.2464112601239544E-010
           4          30 -0.32690227941476002     
           4          31   8.3156118113878136E-010
           4          32 -0.32690226557013924     
           4          33   2.0936092915033947E-009
           4          34   3.9043514921371744E-009
           4          35 -0.32690227253279941     
           4          36  -3.5611081334498473E-002
           4          37   6.3649836086188659E-010
           4          38  -3.5611076738295382E-002
           4          39   7.4295300290037464E-010
           4          40   1.0800277969277860E-009
           4          41  -3.5611078316172731E-002
           5           1   2.9449069211226156E-002
           5           2  0.10435109648627430     
           5           3 -0.16877441292840503     
           5           4 -0.38811000218076336     
           5           5  0.36886151304025461     
           5           6  0.26811649791515652     
           5           7 -0.20312709507552423     
           5           8 -0.12087835211098547     
           5           9  -3.4700392727791172E-011
           5          10  -1.6617455613823773E-010
           5          11   1.0412968860975022E-010
           5          12  -2.3986615911275530E-010
           5          13  -1.3128590800039432E-009
           5          14   7.4755638100707860E-010
           5          15  -8.2889542509294733E-011
           5          16   3.0767343571834107E-009
           5          17  -9.3154793105067844E-010
           5          18  -3.5938200363172988E-010
           5          19   1.4275673116615478E-009
           5          20  -2.2060411450358055E-010
           5          21   1.1075158092918669E-009
           5          22  -2.0906167518710575E-009
           5          23   1.7186345947194873E-010
           5          24   4.9708760031845400E-009
           5          25  -6.4769141280771187E-009
           5          26   5.9569448004388704E-010
           5          27   3.8833428295439616E-009
           5          28  -5.7482189087027969E-009
           5          29  -3.3365625451102829E-010
           5          30  0.24110071557040602     
           5          31  -1.8135381482900541E-009
           5          32  0.24110068912781032     
           5          33  -4.5258254093154682E-009
           5          34  -7.1386883276485303E-009
           5          35  0.24110070412558993     
           5          36   2.7750757549850572E-002
           5          37  -8.7366918871234102E-010
           5          38   2.7750748640416593E-002
           5          39  -1.5521926148835569E-009
           5          40  -2.2441380107131807E-009
           5          41   2.7750753136550156E-002
           6           1   3.6582231367148221E-002
           6           2  0.11436835141038471     
           6           3 -0.16574790804824019     
           6           4 -0.33159654083552215     
           6           5  0.26811649791515652     
           6           6  0.22444278039879939     
           6           7 -0.30180011823550712     
           6           8 -0.19158535924328066     
           6           9   2.0493467393282588E-010
           6          10  -2.8743053123347461E-010
           6          11   1.2854211627990523E-011
           6          12   1.5923249884300346E-009
           6          13  -2.2658178740593994E-009
           6          14   1.1424772216273019E-010
           6          15  -3.4046498077169244E-009
           6          16   5.4490936816993525E-009
           6          17  -1.1048377889491162E-009
           6          18  -1.3470550451503159E-009
           6          19   2.1731880034629137E-009
           6          20  -4.0096171583429676E-010
           6          21   2.7516543781057684E-010
           6          22  -2.5037020654307567E-009
           6          23   1.2773527947776816E-009
           6          24   3.5316320635399370E-009
           6          25  -8.2397983260827814E-009
           6          26   3.6943107771037164E-009
           6          27   2.7671673304877644E-009
           6          28  -7.4328308545617449E-009
           6          29   1.6165101444293996E-009
           6          30  0.18952564961539617     
           6          31  -9.5005234727262232E-010
           6          32  0.18952563502636627     
           6          33  -2.7300522733905729E-009
           6          34  -3.9457332792005100E-009
           6          35  0.18952563922207916     
           6          36   1.9383289936030931E-002
           6          37  -7.4980548745318378E-010
           6          38   1.9383285229545664E-002
           6          39  -9.2058604946461325E-010
           6          40  -1.0139063929874737E-009
           6          41   1.9383285667011911E-002
           7           1  -2.0629241020607349E-002
           7           2  -7.5861181223059154E-002
           7           3  0.10867271824095587     
           7           4  0.25179448292329820     
           7           5 -0.20312709507552423     
           7           6 -0.30180011823550712     
           7           7  0.98753092799829323     
           7           8  0.65821885609131581     
           7           9   5.2961971532626283E-010
           7          10  -7.8627642837887357E-010
           7          11  -5.8019024978773399E-010
           7          12   4.1046916207207034E-009
           7          13  -6.1843310035888908E-009
           7          14  -4.5920328863971261E-009
           7          15  -9.1240964650611090E-009
           7          16   1.6025072283225192E-008
           7          17   1.2916699471800388E-008
           7          18  -3.2564513933915671E-009
           7          19   6.1741093617545373E-009
           7          20   5.3796058913701621E-009
           7          21   5.4789515728866343E-009
           7          22  -1.1796086030578410E-008
           7          23  -1.3439074155024489E-008
           7          24   1.0031900663453001E-008
           7          25  -3.9492528637331422E-008
           7          26  -4.2038160341119253E-008
           7          27   8.1470944036406804E-009
           7          28  -2.8491141540564097E-008
           7          29  -2.8921986555579460E-008
           7          30 -0.19300078170703522     
           7          31   4.7190358489619617E-009
           7          32 -0.19300069804332937     
           7          33   1.3726368566529407E-008
           7          34   1.5505304344680513E-008
           7          35 -0.19300072984886654     
           7          36  -8.2116781534324647E-003
           7          37   2.9407904262490380E-009
           7          38  -8.2116510672194699E-003
           7          39   4.5400555737528651E-009
           7          40   4.1714946086012468E-009
           7          41  -8.2116587498149204E-003
           8           1  -1.2558751123922629E-002
           8           2  -4.5738771540399480E-002
           8           3   6.3244813903236094E-002
           8           4  0.14997209865271927     
           8           5 -0.12087835211098547     
           8           6 -0.19158535924328066     
           8           7  0.65821885609131581     
           8           8  0.44072847551374272     
           8           9  -5.9788892408296954E-010
           8          10   6.5284691388425069E-010
           8          11   4.6000948139356447E-010
           8          12  -4.6395365703782090E-009
           8          13   5.1667195247753423E-009
           8          14   3.6668787322465245E-009
           8          15   1.0280504514561711E-008
           8          16  -1.3885983625798085E-008
           8          17  -1.0346780869745351E-008
           8          18   3.7578434555817190E-009
           8          19  -5.5861148025539257E-009
           8          20  -4.1067437082220431E-009
           8          21  -2.5012365896923499E-009
           8          22   1.1889129406372627E-008
           8          23   9.1468564370298317E-009
           8          24  -1.3872065094773798E-008
           8          25   3.9447786183806945E-008
           8          26   3.2068531820806644E-008
           8          27  -1.0889625926695898E-008
           8          28   3.3219233930121446E-008
           8          29   2.8276636239790741E-008
           8          30 -0.11930935787712701     
           8          31  -1.3039946757473763E-009
           8          32 -0.11930938719745432     
           8          33  -2.5899324946018660E-009
           8          34  -2.4719861601715958E-009
           8          35 -0.11930938111136485     
           8          36  -3.7660653776468633E-003
           8          37   3.4032352245787174E-010
           8          38  -3.7660759053701484E-003
           8          39  -9.3015759153190214E-010
           8          40  -1.4478594410220763E-009
           8          41  -3.7660720168977996E-003
           9           1  -1.3015338934297125E-011
           9           2  -4.3236602969365865E-011
           9           3   6.2168391398050515E-011
           9           4  -5.8668612856743294E-012
           9           5  -3.4700392727791172E-011
           9           6   2.0493467393282588E-010
           9           7   5.2961971532626283E-010
           9           8  -5.9788892408296954E-010
           9           9   4.0759825994108406E-002
           9          10   2.1575701894543279E-011
           9          11   1.4983900310737962E-013
           9          12  0.28888312200251121     
           9          13   1.6354710284652665E-010
           9          14  -5.0656873435153120E-012
           9          15  -8.7590010174978736E-002
           9          16  -3.9620504821764761E-010
           9          17   3.2372251326957724E-011
           9          18  -3.2617885556669543E-002
           9          19   5.9644115889338690E-011
           9          20  -6.5228223721119442E-011
           9          21   9.4891628308857630E-004
           9          22   2.5080333227609245E-010
           9          23  -8.3655859810180667E-012
           9          24   5.7744679033444385E-003
           9          25   3.0437784121859202E-010
           9          26   1.6488536183524789E-010
           9          27   5.4292452356288949E-003
           9          28  -4.2069161096297028E-010
           9          29  -2.6739040599650623E-010
           9          30  -6.9407366896567974E-012
           9          31   7.0345426764904986E-012
           9          32  -2.5364414639341141E-010
           9          33   2.6386053577527434E-011
           9          34   3.7330990935149355E-011
           9          35   8.8920194104881820E-011
           9          36   7.6806752142017738E-011
           9          37   1.5737169016681687E-010
           9          38  -8.8847325155855684E-012
           9          39  -4.9876314831989228E-012
           9          40  -2.2558093763213225E-011
           9          41   3.7733316541109371E-011
          10           1   1.0081890578001670E-011
          10           2   3.7936127138420805E-011
          10           3   1.0541414909436272E-011
          10           4  -4.0808530667056312E-011
          10           5  -1.6617455613823773E-010
          10           6  -2.8743053123347461E-010
          10           7  -7.8627642837887357E-010
          10           8   6.5284691388425069E-010
          10           9   2.1575701894543279E-011
          10          10   4.0759825957467084E-002
          10          11  -9.8807846178486719E-012
          10          12   1.6500766276102368E-010
          10          13  0.28888312175448339     
          10          14  -1.1646035816086266E-010
          10          15  -4.2983060128369832E-010
          10          16  -8.7590009540194844E-002
          10          17   3.6461175850060091E-010
          10          18   1.9113656478436733E-011
          10          19  -3.2617885290924575E-002
          10          20  -2.2668707249743474E-010
          10          21  -8.3200463485677620E-011
          10          22   9.4891574739456425E-004
          10          23   4.8694044851338306E-010
          10          24   1.1023058611879946E-009
          10          25   5.7744664524384389E-003
          10          26  -1.3892753580716371E-009
          10          27  -3.0029856569639230E-010
          10          28   5.4292457115536572E-003
          10          29   6.6310154024680500E-010
          10          30  -1.0744880407575952E-010
          10          31   9.4899948035931743E-011
          10          32   4.4613115378644804E-010
          10          33   6.9472055534127735E-011
          10          34  -9.9361519144964486E-012
          10          35   4.7486882688887838E-010
          10          36  -5.8434614398828699E-011
          10          37   2.1094148749368663E-010
          10          38   2.3248117417164846E-010
          10          39  -3.5102427992838832E-011
          10          40  -3.8717671059371046E-011
          10          41   1.4731307637633543E-010
          11           1   1.1344266534239604E-011
          11           2   2.8394826352548977E-011
          11           3  -3.4367646274220627E-011
          11           4  -5.7487274931795570E-011
          11           5   1.0412968860975022E-010
          11           6   1.2854211627990523E-011
          11           7  -5.8019024978773399E-010
          11           8   4.6000948139356447E-010
          11           9   1.4983900310737962E-013
          11          10  -9.8807846178486719E-012
          11          11   4.0759825989255212E-002
          11          12   9.2531469939802071E-012
          11          13  -8.0591031875461552E-011
          11          14  0.28888312199799371     
          11          15  -1.2263933531835336E-011
          11          16   2.0382283372218764E-010
          11          17  -8.7590010161297152E-002
          11          18   5.8332763022019106E-012
          11          19   2.0012850805587220E-010
          11          20  -3.2617885830122921E-002
          11          21   5.9082038493355376E-011
          11          22  -3.9260554869659587E-010
          11          23   9.4891699635252691E-004
          11          24  -2.7849021905168523E-010
          11          25  -6.9926828865970047E-010
          11          26   5.7744675307691892E-003
          11          27   3.1774397278371121E-010
          11          28   1.7155907944317532E-010
          11          29   5.4292452794287172E-003
          11          30   1.3980223229538213E-010
          11          31   1.4304102917195492E-010
          11          32  -5.8872398546667899E-011
          11          33  -1.0228785299636215E-011
          11          34  -1.0646505955426309E-010
          11          35   3.9135400386588430E-011
          11          36   3.4436504859766835E-011
          11          37   1.3772880731496776E-011
          11          38   1.1974974845161077E-011
          11          39   5.7050016013270674E-011
          11          40  -6.0575558077979874E-011
          11          41   7.1431238218026466E-012
          12           1  -3.5288401853222587E-011
          12           2  -1.9522554079370347E-010
          12           3   3.5542708883906105E-010
          12           4  -1.3368568902085552E-010
          12           5  -2.3986615911275530E-010
          12           6   1.5923249884300346E-009
          12           7   4.1046916207207034E-009
          12           8  -4.6395365703782090E-009
          12           9  0.28888312200251121     
          12          10   1.6500766276102368E-010
          12          11   9.2531469939802071E-012
          12          12   2.0502472013643658     
          12          13   1.2603967643412154E-009
          12          14   2.2756814466870037E-011
          12          15 -0.68202872869263276     
          12          16  -3.1682607545777319E-009
          12          17   1.4456230794925030E-010
          12          18 -0.25125904876305399     
          12          19   4.3379193274772631E-010
          12          20  -5.5091360914628743E-010
          12          21   7.0984690354495734E-003
          12          22   2.0155795518365002E-009
          12          23  -4.4913942570705552E-011
          12          24   4.5764345749071345E-002
          12          25   2.6548346867188161E-009
          12          26   1.3655828975402674E-009
          12          27   4.2648040859058947E-002
          12          28  -3.1263359092958728E-009
          12          29  -2.0281919593416418E-009
          12          30  -4.4319824415834157E-010
          12          31   1.0490654998597208E-010
          12          32  -1.6843969997730336E-009
          12          33   2.9860569222936145E-010
          12          34   4.7743310619532112E-010
          12          35   7.5951184568115009E-010
          12          36   4.9685457959708149E-010
          12          37   1.2444595539782322E-009
          12          38   4.1220003219164627E-011
          12          39   3.1777061810304767E-012
          12          40  -1.0775466892612408E-010
          12          41   3.2081430658609132E-010
          13           1   4.9727601632649288E-011
          13           2   2.2742772255608856E-010
          13           3   1.6318346417261288E-010
          13           4  -2.4656758098617215E-010
          13           5  -1.3128590800039432E-009
          13           6  -2.2658178740593994E-009
          13           7  -6.1843310035888908E-009
          13           8   5.1667195247753423E-009
          13           9   1.6354710284652665E-010
          13          10  0.28888312175448339     
          13          11  -8.0591031875461552E-011
          13          12   1.2603967643412154E-009
          13          13   2.0502471996945157     
          13          14  -9.2972447823479272E-010
          13          15  -3.3833020455013033E-009
          13          16 -0.68202872404374859     
          13          17   2.7502727504712898E-009
          13          18   1.1174679144261292E-010
          13          19 -0.25125904675942201     
          13          20  -1.7974964790320850E-009
          13          21  -5.9335815888842526E-010
          13          22   7.0984646283268043E-003
          13          23   3.7451909491228977E-009
          13          24   8.6342679727864469E-009
          13          25   4.5764333914323316E-002
          13          26  -1.1096415987037146E-008
          13          27  -2.3050135360624868E-009
          13          28   4.2648044206781623E-002
          13          29   5.0730005246911290E-009
          13          30  -1.1616646729872944E-009
          13          31   7.6348967560656401E-010
          13          32   3.6643105494774083E-009
          13          33   6.4215557406236091E-010
          13          34  -6.3143397092829870E-011
          13          35   3.8255816148281840E-009
          13          36  -5.6560104347737359E-010
          13          37   1.6412412455677390E-009
          13          38   1.8685072403004282E-009
          13          39  -2.3650984026866728E-010
          13          40  -2.9818576120983024E-010
          13          41   1.1939269442818275E-009
          14           1   1.3966987203790200E-011
          14           2   6.8922359117559779E-011
          14           3  -1.5862960278227529E-010
          14           4  -3.2158691976435388E-010
          14           5   7.4755638100707860E-010
          14           6   1.1424772216273019E-010
          14           7  -4.5920328863971261E-009
          14           8   3.6668787322465245E-009
          14           9  -5.0656873435153120E-012
          14          10  -1.1646035816086266E-010
          14          11  0.28888312199799371     
          14          12   2.2756814466870037E-011
          14          13  -9.2972447823479272E-010
          14          14   2.0502472015661031     
          14          15   5.7139881089427244E-012
          14          16   2.3268871768925743E-009
          14          17 -0.68202872888919863     
          14          18   4.1832078591955116E-011
          14          19   1.8077892212361987E-009
          14          20 -0.25125905098533297     
          14          21   4.8140337776438203E-010
          14          22  -3.3526792936679508E-009
          14          23   7.0984744304169057E-003
          14          24  -2.2143562742217255E-009
          14          25  -6.4292224531501286E-009
          14          26   4.5764342432485151E-002
          14          27   2.4775634528152262E-009
          14          28   6.1406961608595287E-010
          14          29   4.2648040833297839E-002
          14          30   1.2261438411504525E-009
          14          31   1.1208697313788883E-009
          14          32  -6.3444808294444539E-010
          14          33  -1.0537576694717187E-010
          14          34  -7.5330342278208345E-010
          14          35   3.1602295669175025E-010
          14          36   3.1859557884075256E-010
          14          37   1.1124098943724645E-010
          14          38   4.9793065958237760E-011
          14          39   4.2794834814568528E-010
          14          40  -4.4780868752285751E-010
          14          41   4.5769926080620393E-011
          15           1  -7.0358529208532711E-011
          15           2  -2.7080662693141092E-011
          15           3   3.2193451580410413E-010
          15           4   4.6156780530005541E-010
          15           5  -8.2889542509294733E-011
          15           6  -3.4046498077169244E-009
          15           7  -9.1240964650611090E-009
          15           8   1.0280504514561711E-008
          15           9  -8.7590010174978736E-002
          15          10  -4.2983060128369832E-010
          15          11  -1.2263933531835336E-011
          15          12 -0.68202872869263276     
          15          13  -3.3833020455013033E-009
          15          14   5.7139881089427244E-012
          15          15   1.5261793634174667     
          15          16   8.3100908425294255E-009
          15          17  -6.2349316907165659E-010
          15          18  0.50897641876194410     
          15          19  -6.2899730905301831E-010
          15          20   1.2285082962492258E-009
          15          21  -1.2091778982075918E-002
          15          22  -4.3550356460569431E-009
          15          23   2.9231036197920797E-010
          15          24 -0.12435429187739509     
          15          25  -6.7357522517486163E-009
          15          26  -2.6778959415941724E-009
          15          27 -0.10768046972629822     
          15          28   8.5593052839040054E-009
          15          29   5.1971175529158518E-009
          15          30   2.2430937506212729E-009
          15          31  -1.2182928463051577E-010
          15          32   3.7521903538240499E-009
          15          33  -7.8874188799526208E-010
          15          34  -7.3045610487846535E-010
          15          35  -1.4879464623063323E-009
          15          36  -1.4299925622606970E-009
          15          37  -2.8212046018913406E-009
          15          38  -4.7335479516570308E-010
          15          39  -3.0114844191661508E-010
          15          40   2.6046899689567520E-010
          15          41  -8.3879471598199881E-010
          16           1  -9.3694881347711001E-011
          16           2  -4.7640521609893353E-010
          16           3  -6.6283507968490112E-010
          16           4   7.9381785569389888E-010
          16           5   3.0767343571834107E-009
          16           6   5.4490936816993525E-009
          16           7   1.6025072283225192E-008
          16           8  -1.3885983625798085E-008
          16           9  -3.9620504821764761E-010
          16          10  -8.7590009540194844E-002
          16          11   2.0382283372218764E-010
          16          12  -3.1682607545777319E-009
          16          13 -0.68202872404374859     
          16          14   2.3268871768925743E-009
          16          15   8.3100908425294255E-009
          16          16   1.5261793510268551     
          16          17  -6.9312095001994696E-009
          16          18   6.1118971433751974E-010
          16          19  0.50897641313896425     
          16          20   4.1383313363309993E-009
          16          21   7.6728654857655408E-011
          16          22  -1.2091766791204307E-002
          16          23  -8.8273318258349633E-009
          16          24  -2.0546478473269301E-008
          16          25 -0.12435426314368545     
          16          26   2.8045918934328747E-008
          16          27   4.8544732405813447E-009
          16          28 -0.10768047777072638     
          16          29  -1.2897494757969069E-008
          16          30   1.7284090145832934E-009
          16          31  -1.7706859227375828E-009
          16          32  -7.9393570315324381E-009
          16          33  -1.2137923005067421E-009
          16          34   1.2531080019267772E-009
          16          35  -9.4526449578334274E-009
          16          36   1.0928679071817224E-009
          16          37  -3.5056155817326935E-009
          16          38  -3.8373280051413190E-009
          16          39   5.7556709080365340E-010
          16          40   1.1299391429843384E-009
          16          41  -2.9330467308533766E-009
          17           1  -8.9714648695303609E-011
          17           2  -3.4666333221796851E-010
          17           3   5.0423038383109514E-010
          17           4   9.9830156589487790E-010
          17           5  -9.3154793105067844E-010
          17           6  -1.1048377889491162E-009
          17           7   1.2916699471800388E-008
          17           8  -1.0346780869745351E-008
          17           9   3.2372251326957724E-011
          17          10   3.6461175850060091E-010
          17          11  -8.7590010161297152E-002
          17          12   1.4456230794925030E-010
          17          13   2.7502727504712898E-009
          17          14 -0.68202872888919863     
          17          15  -6.2349316907165659E-010
          17          16  -6.9312095001994696E-009
          17          17   1.5261793632986289     
          17          18   4.8664277484518957E-010
          17          19  -4.3740693246813710E-009
          17          20  0.50897642371120666     
          17          21  -1.6929834720064627E-009
          17          22   8.7029621618489443E-009
          17          23  -1.2091790835395487E-002
          17          24   5.7393849388201788E-009
          17          25   1.7181158082681130E-008
          17          26 -0.12435428446665901     
          17          27  -6.2385191861668380E-009
          17          28  -1.0151596550505162E-009
          17          29 -0.10768046878838142     
          17          30  -4.6539123809504880E-009
          17          31  -2.3125433310352034E-009
          17          32   2.4183260064426470E-009
          17          33   2.2044924499105802E-010
          17          34   2.0364585311925960E-009
          17          35  -9.2259796812292210E-010
          17          36  -1.3746068794630217E-009
          17          37  -2.0767744722038938E-010
          17          38  -4.4642530918576897E-011
          17          39  -8.3219506877971373E-010
          17          40   1.1493109420960516E-009
          17          41   1.5397754928465479E-010
          18           1  -5.6236921635801952E-011
          18           2  -1.0900707691354404E-010
          18           3   2.9697196498054525E-010
          18           4   4.5549313672370548E-010
          18           5  -3.5938200363172988E-010
          18           6  -1.3470550451503159E-009
          18           7  -3.2564513933915671E-009
          18           8   3.7578434555817190E-009
          18           9  -3.2617885556669543E-002
          18          10   1.9113656478436733E-011
          18          11   5.8332763022019106E-012
          18          12 -0.25125904876305399     
          18          13   1.1174679144261292E-010
          18          14   4.1832078591955116E-011
          18          15  0.50897641876194410     
          18          16   6.1118971433751974E-010
          18          17   4.8664277484518957E-010
          18          18  0.17024945383295856     
          18          19  -7.7923148197032352E-010
          18          20   7.0677515832986430E-010
          18          21  -6.2339479263519215E-003
          18          22  -3.4754829908133166E-009
          18          23  -7.3201864619834129E-010
          18          24  -4.8456435080133621E-002
          18          25  -8.4397990232623606E-009
          18          26  -3.7154667211027464E-009
          18          27  -4.1469870284919608E-002
          18          28  -1.2518607729432182E-009
          18          29  -3.7826204469612466E-010
          18          30  -4.2851843114808781E-009
          18          31   5.4936776783342810E-010
          18          32   5.1826804907145691E-009
          18          33   2.5248567438868070E-009
          18          34   1.8939607472025543E-009
          18          35   5.6864371317215803E-010
          18          36  -2.2599117254614126E-009
          18          37  -7.6574234513955683E-010
          18          38   1.0966931943933126E-009
          18          39   7.8271873284238086E-010
          18          40   8.0478785453069518E-010
          18          41   4.1151494068030000E-011
          19           1   8.3199208842561111E-012
          19           2  -4.0806482014627019E-011
          19           3  -4.6982888854203258E-010
          19           4  -7.8272703343816414E-011
          19           5   1.4275673116615478E-009
          19           6   2.1731880034629137E-009
          19           7   6.1741093617545373E-009
          19           8  -5.5861148025539257E-009
          19           9   5.9644115889338690E-011
          19          10  -3.2617885290924575E-002
          19          11   2.0012850805587220E-010
          19          12   4.3379193274772631E-010
          19          13 -0.25125904675942201     
          19          14   1.8077892212361987E-009
          19          15  -6.2899730905301831E-010
          19          16  0.50897641313896425     
          19          17  -4.3740693246813710E-009
          19          18  -7.7923148197032352E-010
          19          19  0.17024945135588185     
          19          20   8.7128993557886639E-010
          19          21  -4.4571744964283996E-011
          19          22  -6.2339424797960884E-003
          19          23  -2.4754180815518424E-009
          19          24  -6.3310769911954659E-009
          19          25  -4.8456422333068148E-002
          19          26   1.3263034842742588E-008
          19          27   2.6021200510904777E-009
          19          28  -4.1469871621484994E-002
          19          29  -2.9335756559054632E-009
          19          30  -5.4947533048185666E-009
          19          31   2.1411862998286379E-010
          19          32   1.4511417696155354E-009
          19          33   1.2729057069829241E-009
          19          34   2.7110355391903388E-009
          19          35  -1.3537731378858030E-009
          19          36  -1.6944357808833747E-009
          19          37  -8.8515749985895382E-010
          19          38   1.4237940096249557E-010
          19          39   7.8586480474290360E-010
          19          40   1.2117283335213882E-009
          19          41  -3.7413262493268806E-010
          20           1   4.7178988388483691E-014
          20           2  -2.7177828033363626E-011
          20           3   1.7247703267615343E-011
          20           4   1.4997591380848162E-010
          20           5  -2.2060411450358055E-010
