           1           1  0.35921511070977935     
           1           2  0.65177453856745649     
           1           3 -0.17746169374205534     
           1           4 -0.23601795890212465     
           1           5   9.6736557420413705E-002
           1           6   8.3395371689055243E-003
           1           7  -2.6954008924101137E-002
           1           8  -4.7465556734831264E-003
           1           9   4.5862259506972950E-015
           1          10   4.9324067141904218E-015
           1          11  -2.2906979216949508E-015
           1          12   3.9990431706779253E-014
           1          13   2.3819636924536448E-014
           1          14  -6.3457103182265226E-016
           1          15  -1.2073160804261777E-013
           1          16   1.3591834209352624E-014
           1          17   2.1393440753350007E-016
           1          18   8.0612502300564298E-014
           1          19  -2.3514840027784381E-015
           1          20   4.4461316845990228E-017
           1          21   5.1137333004671878E-014
           1          22   4.0159153416439357E-015
           1          23  -1.0912912775269321E-014
           1          24   3.8025823546232336E-014
           1          25  -5.8767443681861107E-015
           1          26   8.9255678180669287E-015
           1          27   8.2096623432341038E-015
           1          28  -1.4232265187512773E-014
           1          29   2.8607346481979390E-016
           1          30   2.9271233843998583E-002
           1          31   7.1875235972982349E-016
           1          32   2.9271233843993556E-002
           1          33  -4.9818604754233445E-015
           1          34  -4.0931094356806695E-016
           1          35   2.9271233844005897E-002
           1          36  -5.6837330660171187E-003
           1          37   2.6609655169786386E-015
           1          38  -5.6837330660123499E-003
           1          39  -1.0666508303878961E-014
           1          40  -9.3164977000502846E-015
           1          41  -5.6837330660140465E-003
           2           1  0.65177453856745649     
           2           2   1.2456054964763759     
           2           3 -0.54763515654772776     
           2           4 -0.70537384381560453     
           2           5  0.32209800579026443     
           2           6   2.0165923918359641E-002
           2           7  -9.1548353897318718E-002
           2           8  -1.6519783787638648E-002
           2           9   1.4304445419034154E-014
           2          10   1.3850025366071406E-014
           2          11  -5.8007517836615530E-015
           2          12   1.2114759419056652E-013
           2          13   6.1503405575348294E-014
           2          14   6.7609888210126541E-016
           2          15  -3.6659872565860055E-013
           2          16   5.0083600169721084E-014
           2          17  -4.1089354534790613E-015
           2          18   2.3466649399993117E-013
           2          19  -2.5518057483476266E-015
           2          20  -5.4876578023788820E-015
           2          21   1.4687818595175187E-013
           2          22   3.0150286642806731E-015
           2          23  -1.6576641776227717E-014
           2          24   1.1042159735324334E-013
           2          25  -1.9446998741045439E-014
           2          26   1.8002048309836565E-014
           2          27   2.5074628295487161E-014
           2          28  -4.3874213802653399E-014
           2          29   5.0840453986575097E-016
           2          30  0.10517487029711846     
           2          31   3.8987414665673322E-015
           2          32  0.10517487029710976     
           2          33  -1.2391749928048115E-014
           2          34  -3.3684256585508706E-015
           2          35  0.10517487029713765     
           2          36  -1.8964079970422550E-002
           2          37   8.4257989794490256E-015
           2          38  -1.8964079970406677E-002
           2          39  -3.1836889024524213E-014
           2          40  -2.5977823074105944E-014
           2          41  -1.8964079970411604E-002
           3           1 -0.17746169374205534     
           3           2 -0.54763515654772776     
           3           3  0.89922671009561927     
           3           4   1.1203965142849639     
           3           5 -0.62932852256587024     
           3           6  -2.7948561854629211E-003
           3           7  0.17525498747274576     
           3           8   2.9741715282811304E-002
           3           9  -3.2357536746383689E-014
           3          10  -2.0130981748264856E-014
           3          11   8.3317498245749891E-015
           3          12  -2.5879712291248399E-013
           3          13  -7.9492306942437582E-014
           3          14   4.6413534315035284E-015
           3          15   7.8273028549013711E-013
           3          16  -9.1887186554847844E-014
           3          17  -1.0704290202484709E-014
           3          18  -4.6389661748823325E-013
           3          19  -1.4309108084171118E-014
           3          20   3.5890725968447742E-014
           3          21  -3.2342421077141629E-013
           3          22   2.1989591627647089E-015
           3          23   1.8047842474191314E-014
           3          24  -2.2177129202225587E-013
           3          25   2.5022312835943359E-014
           3          26  -6.0695762478177064E-016
           3          27  -4.1627260474456185E-014
           3          28   6.6746125967861740E-014
           3          29  -1.5346106680681638E-015
           3          30 -0.20420377494186009     
           3          31  -1.0458486270677313E-014
           3          32 -0.20420377494185926     
           3          33   1.4734135950601076E-014
           3          34   6.9515509067389513E-015
           3          35 -0.20420377494189165     
           3          36   4.4826545304117719E-002
           3          37  -1.4292763818968592E-014
           3          38   4.4826545304091352E-002
           3          39   4.8397109543467978E-014
           3          40   3.5332265616043325E-014
           3          41   4.4826545304098596E-002
           4           1 -0.23601795890212465     
           4           2 -0.70537384381560453     
           4           3   1.1203965142849639     
           4           4   1.4720148128950530     
           4           5  -1.0818016892801186     
           4           6  -1.3789485049594735E-002
           4           7  0.33113737200085147     
           4           8   6.1183596091701695E-002
           4           9  -7.9278366741476639E-014
           4          10  -2.5602322459943689E-014
           4          11   1.5708335555715927E-014
           4          12  -6.1701603506115941E-013
           4          13  -1.1869857648622291E-013
           4          14   6.0312438021173343E-014
           4          15   2.1222957557970141E-012
           4          16   3.0814057991050201E-014
           4          17  -2.3276765416890828E-013
           4          18  -1.5135011150594622E-012
           4          19  -6.9382595557108411E-014
           4          20   2.1735495907927295E-013
           4          21  -1.2867344349726428E-012
           4          22  -2.6582493645290983E-014
           4          23   7.7874727317838106E-014
           4          24  -6.9250321195555063E-013
           4          25   4.7448819484286481E-014
           4          26   8.5042286895516479E-014
           4          27  -9.4189401580536852E-014
           4          28   1.0687376951943411E-013
           4          29   2.7658151106926862E-014
           4          30 -0.32889113855679797     
           4          31  -2.1125728174609761E-014
           4          32 -0.32889113855681823     
           4          33   2.4050207314797465E-015
           4          34   1.6874258724864301E-014
           4          35 -0.32889113855683222     
           4          36   8.4099506334541232E-002
           4          37  -2.0015361768241225E-014
           4          38   8.4099506334488996E-002
           4          39   5.5123337492075859E-014
           4          40   4.2119111080138187E-014
           4          41   8.4099506334492397E-002
           5           1   9.6736557420413705E-002
           5           2  0.32209800579026443     
           5           3 -0.62932852256587024     
           5           4  -1.0818016892801186     
           5           5   1.9025270764528646     
           5           6 -0.17515269778117593     
           5           7 -0.62522492302345789     
           5           8 -0.10472783754923203     
           5           9   2.2591895550463170E-013
           5          10   4.1089921985658834E-015
           5          11  -2.9906088254708955E-014
           5          12   1.7098770967862821E-012
           5          13   4.3418150729874000E-014
           5          14  -2.4007026409007722E-013
           5          15  -5.9199654707009171E-012
           5          16  -2.6148839662381893E-013
           5          17   8.6211298649776432E-013
           5          18   4.1476637022506561E-012
           5          19   2.7362576645317904E-013
           5          20  -7.1298959674743581E-013
           5          21   3.8422774585018320E-012
           5          22   1.8213338817629670E-013
           5          23  -3.5692788345215090E-013
           5          24   1.9224232109193031E-012
           5          25  -1.9988886082272977E-014
           5          26  -3.4548657517185053E-013
           5          27   1.7532891652109141E-013
           5          28  -9.3812962009067284E-014
           5          29  -9.5425037830103217E-014
           5          30  0.39029432301559724     
           5          31   4.8296259411641256E-014
           5          32  0.39029432301566158     
           5          33   4.4390240956137600E-014
           5          34  -1.7714171502099289E-014
           5          35  0.39029432301555089     
           5          36 -0.24445154441115499     
           5          37   2.1811015737719505E-014
           5          38 -0.24445154441108380     
           5          39  -7.0106263082669388E-015
           5          40  -6.8900775793530936E-015
           5          41 -0.24445154441108075     
           6           1   8.3395371689055243E-003
           6           2   2.0165923918359641E-002
           6           3  -2.7948561854629211E-003
           6           4  -1.3789485049594735E-002
           6           5 -0.17515269778117593     
           6           6  0.18354393007059314     
           6           7   5.6719288224554854E-002
           6           8  -6.4661692430879793E-003
           6           9  -1.4248047472827767E-013
           6          10  -1.1240865555276777E-014
           6          11   2.5377377552914647E-014
           6          12  -1.0855227248490987E-012
           6          13  -8.3919214906147041E-014
           6          14   1.9031351993313125E-013
           6          15   3.7735338016539207E-012
           6          16   2.9749219847950596E-013
           6          17  -6.5013509360406875E-013
           6          18  -2.6447772460049273E-012
           6          19  -2.2196416581245239E-013
           6          20   4.1716398025494301E-013
           6          21  -2.6154627303844742E-012
           6          22  -2.0704209392786523E-013
           6          23   4.8553558617617916E-013
           6          24  -1.3067779889830507E-012
           6          25  -1.4409781899662123E-013
           6          26   2.0257519225378298E-013
           6          27  -7.5788036495910919E-014
           6          28  -3.7915989542487124E-014
           6          29  -3.3689930600333000E-015
           6          30   5.6913493490766569E-002
           6          31   9.9819598796169049E-015
           6          32   5.6913493490806315E-002
           6          33   1.9767360459055708E-014
           6          34  -1.7848841301205166E-014
           6          35   5.6913493490772661E-002
           6          36   9.0077956761559469E-002
           6          37   4.4305823608779271E-016
           6          38   9.0077956761569392E-002
           6          39  -4.0647272962639072E-016
           6          40  -6.9818204608980095E-015
           6          41   9.0077956761584477E-002
           7           1  -2.6954008924101137E-002
           7           2  -9.1548353897318718E-002
           7           3  0.17525498747274576     
           7           4  0.33113737200085147     
           7           5 -0.62522492302345789     
           7           6   5.6719288224554854E-002
           7           7  0.64919470918145894     
           7           8  0.16775365474963891     
           7           9   9.5165562288321988E-014
           7          10   1.2053985209283299E-014
           7          11  -2.2170186559350792E-014
           7          12   7.2229227697240757E-013
           7          13   8.7947070295795972E-014
           7          14  -1.5732689877139960E-013
           7          15  -2.2375081511971549E-012
           7          16  -3.0308969556896744E-013
           7          17   4.8395761072582393E-013
           7          18   1.2588625869355686E-012
           7          19   2.0166740989912338E-013
           7          20  -1.4721344623687467E-013
           7          21   1.4887344243197588E-012
           7          22   2.9944729804630845E-013
           7          23  -7.2809048462550018E-013
           7          24   7.8499974299668811E-013
           7          25   3.6208781831350261E-013
           7          26  -8.3497334725062617E-014
           7          27  -4.1681391944597043E-014
           7          28   2.3030631746711976E-013
           7          29   1.2201957871537204E-013
           7          30 -0.11843678635274628     
           7          31  -1.2435770491545089E-013
           7          32 -0.11843678635288779     
           7          33  -1.0092947024060619E-013
           7          34   7.2506230501633288E-014
           7          35 -0.11843678635251777     
           7          36  0.16529365806995455     
           7          37  -4.3209912928659903E-014
           7          38  0.16529365806983143     
           7          39   2.2985749987068973E-014
           7          40   2.5892256934378863E-014
           7          41  0.16529365806983745     
           8           1  -4.7465556734831264E-003
           8           2  -1.6519783787638648E-002
           8           3   2.9741715282811304E-002
           8           4   6.1183596091701695E-002
           8           5 -0.10472783754923203     
           8           6  -6.4661692430879793E-003
           8           7  0.16775365474963891     
           8           8   4.7633634188892549E-002
           8           9  -2.2508935043307479E-014
           8          10  -2.8961459540198560E-015
           8          11   7.4967988112619030E-015
           8          12  -1.7050584190416264E-013
           8          13  -2.1724965160289184E-014
           8          14   5.8436391809166287E-014
           8          15   6.4602493873355574E-013
           8          16   3.3627926540056257E-014
           8          17  -1.5961196920155046E-013
           8          18  -6.3401575216162169E-013
           8          19  -4.1547641962677860E-015
           8          20   1.1011017702660718E-013
           8          21  -5.1718785083618702E-013
           8          22   2.2097194179986841E-014
           8          23  -6.0561725533685867E-014
           8          24  -2.4165776260284199E-013
           8          25   7.4118982965287701E-014
           8          26   5.6351531662749281E-014
           8          27  -4.5690041166522773E-014
           8          28   6.7093603877702543E-014
           8          29   4.1252264171635935E-014
           8          30  -2.7196438323403328E-002
           8          31   2.3149795207044670E-014
           8          32  -2.7196438323439830E-002
           8          33  -1.6214619328538819E-014
           8          34   3.6180458724167883E-014
           8          35  -2.7196438323434206E-002
           8          36   3.1744312353438345E-002
           8          37  -1.4470310848478478E-015
           8          38   3.1744312353405697E-002
           8          39   9.0619027915506318E-015
           8          40   1.0550287541435795E-014
           8          41   3.1744312353387316E-002
           9           1   4.5862259506972950E-015
           9           2   1.4304445419034154E-014
           9           3  -3.2357536746383689E-014
           9           4  -7.9278366741476639E-014
           9           5   2.2591895550463170E-013
           9           6  -1.4248047472827767E-013
           9           7   9.5165562288321988E-014
           9           8  -2.2508935043307479E-014
           9           9   4.4418888829895864E-002
           9          10  -3.2129653755202754E-016
           9          11   3.0070347253846037E-016
           9          12  0.30971546488589741     
           9          13   1.7571122508421067E-015
           9          14  -2.8236961380239046E-015
           9          15 -0.14162671002618865     
           9          16   2.2579594444080690E-015
           9          17   1.7525911277801148E-014
           9          18   8.2513481238728932E-003
           9          19  -7.3259540794817246E-015
           9          20  -2.8009712604858067E-014
           9          21   1.8765533100306049E-003
           9          22  -3.8103092729607551E-014
           9          23  -2.6533896607687841E-014
           9          24   1.1787521593050144E-002
           9          25   1.3211339574410334E-013
           9          26   5.0502462455026113E-014
           9          27  -8.6240110146817918E-004
           9          28  -1.4245269325035068E-013
           9          29   3.1628887877257470E-016
           9          30  -2.4119594574445346E-014
           9          31   6.2606330320114229E-015
           9          32   3.4137700589759927E-014
           9          33  -2.4205133339249305E-014
           9          34   6.5808826873137543E-015
           9          35  -1.9375262401305549E-014
           9          36   1.8947127047875385E-014
           9          37  -5.4487744228773158E-014
           9          38  -1.3314905183875838E-013
           9          39   2.8083577659474185E-014
           9          40   1.7866967374001562E-014
           9          41  -4.8529853408755085E-014
          10           1   4.9324067141904218E-015
          10           2   1.3850025366071406E-014
          10           3  -2.0130981748264856E-014
          10           4  -2.5602322459943689E-014
          10           5   4.1089921985658834E-015
          10           6  -1.1240865555276777E-014
          10           7   1.2053985209283299E-014
          10           8  -2.8961459540198560E-015
          10           9  -3.2129653755202754E-016
          10          10   4.4418888829894143E-002
          10          11  -2.9111505957628652E-016
          10          12  -7.0679139623955049E-016
          10          13  0.30971546488588769     
          10          14  -1.4943423018119140E-015
          10          15   3.2458844639760473E-015
          10          16 -0.14162671002614224     
          10          17   5.6672873859142144E-015
          10          18  -1.6383379028406693E-015
          10          19   8.2513481237748345E-003
          10          20  -1.2903713470998240E-014
          10          21  -1.0277694494065541E-014
          10          22   1.8765533101576370E-003
          10          23   6.6017341333041062E-015
          10          24  -1.2176674599128273E-015
          10          25   1.1787521592928899E-002
          10          26  -2.1822279226710794E-015
          10          27  -7.3081189537488961E-015
          10          28  -8.6240110142768868E-004
          10          29   1.4038274293302042E-014
          10          30  -2.1328059015505763E-015
          10          31   1.0245423627203538E-014
          10          32   1.2032110370332329E-015
          10          33   7.5898611603085476E-015
          10          34  -7.5083490905429808E-015
          10          35  -1.0045178294144078E-014
          10          36   1.4568721661922865E-014
          10          37  -1.1535694213619210E-014
          10          38   1.0910707326493480E-017
          10          39   2.9404659897090454E-015
          10          40  -8.9708745285313624E-015
          10          41   1.1378334885619777E-014
          11           1  -2.2906979216949508E-015
          11           2  -5.8007517836615530E-015
          11           3   8.3317498245749891E-015
          11           4   1.5708335555715927E-014
          11           5  -2.9906088254708955E-014
          11           6   2.5377377552914647E-014
          11           7  -2.2170186559350792E-014
          11           8   7.4967988112619030E-015
          11           9   3.0070347253846037E-016
          11          10  -2.9111505957628652E-016
          11          11   4.4418888829895226E-002
          11          12   1.9125326322613631E-015
          11          13  -2.2416422017249259E-015
          11          14  0.30971546488589541     
          11          15   2.3071822231391546E-016
          11          16   1.8545820261524886E-015
          11          17 -0.14162671002616617     
          11          18  -2.2187113257745275E-014
          11          19   6.2280367495151913E-015
          11          20   8.2513481237983157E-003
          11          21   9.5414127987332796E-015
          11          22   1.1776495577315113E-014
          11          23   1.8765533101649211E-003
          11          24  -2.1991170820125407E-014
          11          25  -3.2124693530317847E-014
          11          26   1.1787521592906369E-002
          11          27   1.1343248389197248E-014
          11          28   2.9852730090170286E-014
          11          29  -8.6240110141753046E-004
          11          30   6.3328264028333413E-015
          11          31  -7.3822302477605186E-015
          11          32  -4.3675432337811430E-015
          11          33  -3.0364343684072065E-015
          11          34   5.4999700524508489E-015
          11          35   6.6906963792546522E-015
          11          36  -1.1975215722511413E-014
          11          37   1.2476027774981092E-014
          11          38   1.6001322673836431E-014
          11          39  -5.5812843289065243E-015
          11          40   3.8075677896741090E-015
          11          41  -2.2636247383599513E-015
          12           1   3.9990431706779253E-014
          12           2   1.2114759419056652E-013
          12           3  -2.5879712291248399E-013
          12           4  -6.1701603506115941E-013
          12           5   1.7098770967862821E-012
          12           6  -1.0855227248490987E-012
          12           7   7.2229227697240757E-013
          12           8  -1.7050584190416264E-013
          12           9  0.30971546488589741     
          12          10  -7.0679139623955049E-016
          12          11   1.9125326322613631E-015
          12          12   2.1617074363482862     
          12          13   2.4935782605456129E-014
          12          14  -2.4065818782246875E-014
          12          15  -1.0521932589708021     
          12          16  -8.0786072277051108E-015
          12          17   1.4221263056063681E-013
          12          18   6.4813122815695096E-002
          12          19  -7.0049001321658929E-014
          12          20  -2.0811477541292634E-013
          12          21   1.7047896186988501E-002
          12          22  -2.9366960252459206E-013
          12          23  -1.9558833719303209E-013
          12          24   8.8601653712499909E-002
          12          25   1.0063087516055342E-012
          12          26   3.8367117642656636E-013
          12          27  -6.2509570304979650E-003
          12          28  -1.0856222333859165E-012
          12          29   7.0022113108139179E-015
          12          30  -1.8522567409090772E-013
          12          31   5.1970677099090134E-014
          12          32   2.6006326542683816E-013
          12          33  -1.7820485582162484E-013
          12          34   4.7658971756163578E-014
          12          35  -1.5342963513125858E-013
          12          36   1.4903116590229661E-013
          12          37  -4.1551554230124090E-013
          12          38  -1.0071116416288986E-012
          12          39   2.1319898089047124E-013
          12          40   1.3206739873325905E-013
          12          41  -3.6266097845553691E-013
          13           1   2.3819636924536448E-014
          13           2   6.1503405575348294E-014
          13           3  -7.9492306942437582E-014
          13           4  -1.1869857648622291E-013
          13           5   4.3418150729874000E-014
          13           6  -8.3919214906147041E-014
          13           7   8.7947070295795972E-014
          13           8  -2.1724965160289184E-014
          13           9   1.7571122508421067E-015
          13          10  0.30971546488588769     
          13          11  -2.2416422017249259E-015
          13          12   2.4935782605456129E-014
          13          13   2.1617074363482351     
          13          14  -1.1644331332510806E-014
          13          15  -4.2592665505739513E-014
          13          16  -1.0521932589704976     
          13          17   3.7963555910062069E-014
          13          18   8.9390300717241443E-015
          13          19   6.4813122814969523E-002
          13          20  -9.9943057302314496E-014
          13          21  -6.2765764807713986E-014
          13          22   1.7047896187980374E-002
          13          23   4.3859664164320761E-014
          13          24   6.4124053289892062E-015
          13          25   8.8601653711588652E-002
          13          26  -1.6719806962558125E-014
          13          27  -5.5132493622529527E-014
          13          28  -6.2509570301859637E-003
          13          29   1.0337364238268582E-013
          13          30  -1.0944561845214955E-014
          13          31   7.6671294996829048E-014
          13          32   7.8399721298807604E-015
          13          33   5.6396616756361699E-014
          13          34  -5.6962241449566262E-014
          13          35  -8.1902590884689592E-014
          13          36   1.0748433430331641E-013
          13          37  -8.5441297741285259E-014
          13          38  -1.4220974117758407E-015
          13          39   2.1967772839675435E-014
          13          40  -6.5977658341921225E-014
          13          41   8.2402891584710214E-014
          14           1  -6.3457103182265226E-016
          14           2   6.7609888210126541E-016
          14           3   4.6413534315035284E-015
          14           4   6.0312438021173343E-014
          14           5  -2.4007026409007722E-013
          14           6   1.9031351993313125E-013
          14           7  -1.5732689877139960E-013
          14           8   5.8436391809166287E-014
          14           9  -2.8236961380239046E-015
          14          10  -1.4943423018119140E-015
          14          11  0.30971546488589541     
          14          12  -2.4065818782246875E-014
          14          13  -1.1644331332510806E-014
          14          14   2.1617074363482915     
          14          15   1.1950856970705473E-013
          14          16   5.0328664847263496E-015
          14          17  -1.0521932589706897     
          14          18  -2.1733309596429122E-013
          14          19   4.4481996211419074E-014
          14          20   6.4813122815148630E-002
          14          21   3.4661509773437861E-014
          14          22   8.2624011799001740E-014
          14          23   1.7047896188042529E-002
          14          24  -1.9411295487662069E-013
          14          25  -2.4214246059644019E-013
          14          26   8.8601653711420897E-002
          14          27   8.5422012345585606E-014
          14          28   2.2497057520919885E-013
          14          29  -6.2509570301085109E-003
          14          30   4.5391479535348287E-014
          14          31  -5.1097617353361942E-014
          14          32  -3.1948549916863061E-014
          14          33  -2.1147212392992388E-014
          14          34   4.2382239891147260E-014
          14          35   4.9767250523890885E-014
          14          36  -8.7982447516587005E-014
          14          37   9.4913725789030303E-014
          14          38   1.2401810379610482E-013
          14          39  -4.1601495703422507E-014
          14          40   2.8133757613370834E-014
          14          41  -1.5151452938817849E-014
          15           1  -1.2073160804261777E-013
          15           2  -3.6659872565860055E-013
          15           3   7.8273028549013711E-013
          15           4   2.1222957557970141E-012
          15           5  -5.9199654707009171E-012
          15           6   3.7735338016539207E-012
          15           7  -2.2375081511971549E-012
          15           8   6.4602493873355574E-013
          15           9 -0.14162671002618865     
          15          10   3.2458844639760473E-015
          15          11   2.3071822231391546E-016
          15          12  -1.0521932589708021     
          15          13  -4.2592665505739513E-014
          15          14   1.1950856970705473E-013
          15          15   2.6587926362140348     
          15          16  -1.2527479054090202E-013
          15          17  -6.0781935040682812E-013
          15          18 -0.29481622488933951     
          15          19   3.8948011482624573E-013
          15          20   8.9877411069135734E-013
          15          21 -0.17070361559744923     
          15          22   9.9844785217393003E-013
          15          23   6.4169156099894957E-013
          15          24 -0.26617155789521457     
          15          25  -3.5879953522168879E-012
          15          26  -1.2152358112860133E-012
          15          27   9.4177077942394563E-003
          15          28   3.8482932118720259E-012
          15          29  -1.9158286068697602E-013
          15          30   6.3980997700471085E-013
          15          31  -3.4072375974556180E-013
          15          32  -9.4354121675679758E-013
          15          33   4.0679833583367984E-013
          15          34  -9.9651099146077660E-014
          15          35   6.2096928579048447E-013
          15          36  -6.6058498862998107E-013
          15          37   1.4891865944314093E-012
          15          38   3.3542698558149722E-012
          15          39  -7.1518083550018522E-013
          15          40  -3.2069395199945637E-013
          15          41   1.0279465352252995E-012
          16           1   1.3591834209352624E-014
          16           2   5.0083600169721084E-014
          16           3  -9.1887186554847844E-014
          16           4   3.0814057991050201E-014
          16           5  -2.6148839662381893E-013
          16           6   2.9749219847950596E-013
          16           7  -3.0308969556896744E-013
          16           8   3.3627926540056257E-014
          16           9   2.2579594444080690E-015
          16          10 -0.14162671002614224     
          16          11   1.8545820261524886E-015
          16          12  -8.0786072277051108E-015
          16          13  -1.0521932589704976     
          16          14   5.0328664847263496E-015
          16          15  -1.2527479054090202E-013
          16          16   2.6587926362126781     
          16          17  -3.0228423930774288E-014
          16          18   1.2467457621840590E-013
          16          19 -0.29481622488671977     
          16          20   2.2298482504899044E-013
          16          21   5.1404713818902285E-013
          16          22 -0.17070361560066313     
          16          23  -1.1170144670304663E-013
          16          24  -4.8787363038495101E-014
          16          25 -0.26617155789191838     
          16          26  -5.2570794939291788E-015
          16          27   1.9302951164566481E-013
          16          28   9.4177077930516530E-003
          16          29  -2.4430444104358582E-013
          16          30   7.2982712650764644E-014
          16          31  -1.8059896153712558E-013
          16          32  -5.1304164722061225E-014
          16          33  -1.3574052454680641E-013
          16          34   1.3071896289812323E-013
          16          35   2.3423111686408070E-013
          16          36  -2.6417211418001491E-013
          16          37   2.2161230117137410E-013
          16          38   6.6031651310798079E-014
          16          39  -6.2012741457824790E-014
          16          40   1.4254759164788878E-013
          16          41  -1.7919068808311847E-013
          17           1   2.1393440753350007E-016
          17           2  -4.1089354534790613E-015
          17           3  -1.0704290202484709E-014
          17           4  -2.3276765416890828E-013
          17           5   8.6211298649776432E-013
          17           6  -6.5013509360406875E-013
          17           7   4.8395761072582393E-013
          17           8  -1.5961196920155046E-013
          17           9   1.7525911277801148E-014
          17          10   5.6672873859142144E-015
          17          11 -0.14162671002616617     
          17          12   1.4221263056063681E-013
          17          13   3.7963555910062069E-014
          17          14  -1.0521932589706897     
          17          15  -6.0781935040682812E-013
          17          16  -3.0228423930774288E-014
          17          17   2.6587926362132750     
          17          18   8.6742418803357446E-013
          17          19  -1.2722548708983956E-013
          17          20 -0.29481622488722203     
          17          21  -4.6133236119972067E-014
          17          22  -2.0584315502104772E-013
          17          23 -0.17070361560094949     
          17          24   7.8601144690168710E-013
          17          25   7.3963057900540904E-013
          17          26 -0.26617155789137198     
          17          27  -2.8888631938010634E-013
          17          28  -7.1867785702586118E-013
          17          29   9.4177077927804567E-003
          17          30  -1.3216058121892950E-013
          17          31   1.5615271573059561E-013
          17          32   1.3901541416900766E-013
          17          33   5.4217181803196961E-014
          17          34  -9.9805002174745991E-014
          17          35  -1.8506319530412755E-013
          17          36   2.4794115757290874E-013
          17          37  -2.9800763375680998E-013
          17          38  -4.5130515281020184E-013
          17          39   1.2414388731924265E-013
          17          40  -5.8368563811698209E-014
          17          41   8.9659662470893280E-015
          18           1   8.0612502300564298E-014
          18           2   2.3466649399993117E-013
          18           3  -4.6389661748823325E-013
          18           4  -1.5135011150594622E-012
          18           5   4.1476637022506561E-012
          18           6  -2.6447772460049273E-012
          18           7   1.2588625869355686E-012
          18           8  -6.3401575216162169E-013
          18           9   8.2513481238728932E-003
          18          10  -1.6383379028406693E-015
          18          11  -2.2187113257745275E-014
          18          12   6.4813122815695096E-002
          18          13   8.9390300717241443E-015
          18          14  -2.1733309596429122E-013
          18          15 -0.29481622488933951     
          18          16   1.2467457621840590E-013
          18          17   8.6742418803357446E-013
          18          18  0.31769791388317598     
          18          19  -3.6232301880988097E-013
          18          20  -1.0951812373649520E-012
          18          21  0.27771496774864984     
          18          22  -7.0911158889238772E-013
          18          23  -4.4146544059273261E-013
          18          24  0.13656747187962845     
          18          25   2.7759730278354383E-012
          18          26   5.9131811860208641E-013
          18          27   9.5501634983536990E-003
          18          28  -2.8496337776441269E-012
          18          29   3.7956308018493091E-013
          18          30  -4.1409740876771755E-013
          18          31   4.7741928407962644E-013
          18          32   7.4712758346279476E-013
          18          33  -2.4118485044619643E-014
          18          34  -2.1396889629340423E-014
          18          35  -5.2815785972895062E-013
          18          36   6.2610342492187665E-013
          18          37  -1.1406028342356485E-012
          18          38  -2.2447412419965727E-012
          18          39   4.9680863476637709E-013
          18          40   4.7084691855282767E-014
          18          41  -4.6262938185600438E-013
          19           1  -2.3514840027784381E-015
          19           2  -2.5518057483476266E-015
          19           3  -1.4309108084171118E-014
          19           4  -6.9382595557108411E-014
          19           5   2.7362576645317904E-013
          19           6  -2.2196416581245239E-013
          19           7   2.0166740989912338E-013
          19           8  -4.1547641962677860E-015
          19           9  -7.3259540794817246E-015
          19          10   8.2513481237748345E-003
          19          11   6.2280367495151913E-015
          19          12  -7.0049001321658929E-014
          19          13   6.4813122814969523E-002
          19          14   4.4481996211419074E-014
          19          15   3.8948011482624573E-013
          19          16 -0.29481622488671977     
          19          17  -1.2722548708983956E-013
          19          18  -3.6232301880988097E-013
          19          19  0.31769791388024876     
          19          20   1.8764503839647884E-014
          19          21  -6.6288988187495146E-013
          19          22  0.27771496774981430     
          19          23   4.3324718812425242E-014
          19          24  -2.7646938557906944E-014
          19          25  0.13656747187664905     
          19          26   9.6220449143088823E-014
          19          27  -9.1291286596226566E-014
          19          28   9.5501634993465662E-003
          19          29  -2.7724675853461020E-015
          19          30  -6.6859609781195619E-014
          19          31   3.1982771656899830E-014
          19          32   1.1441094277379031E-013
          19          33   2.4215599007765503E-014
          19          34   1.8926931464370581E-014
          19          35  -8.8932900943168335E-014
          19          36   2.0676901154896287E-014
          19          37  -6.1643799938703943E-014
          19          38  -1.6845737566455200E-013
          19          39   2.2889782697631337E-014
          19          40   3.1105844963540190E-014
          19          41  -5.0106340028616683E-014
          20           1   4.4461316845990228E-017
          20           2  -5.4876578023788820E-015
          20           3   3.5890725968447742E-014
          20           4   2.1735495907927295E-013
          20           5  -7.1298959674743581E-013
