           1           1  0.81627582517045205     
           1           2  0.57157365475702293     
           1           3  -1.1704165216431721E-015
           1           4   2.4518285928368496E-015
           1           5   2.9778158431949055E-015
           1           6 -0.25710461301775722     
           1           7  -3.0075734440797979E-015
           1           8  -1.8866918312201820E-015
           1           9   7.6451165463294836E-015
           1          10  -8.4878688002198555E-002
           1          11   4.6075407287706161E-015
           1          12  -2.5606082760089862E-015
           1          13  -1.3043241499846717E-014
           2           1  0.57157365475702293     
           2           2  0.41722636321478801     
           2           3   3.3184570213023293E-016
           2           4   3.4537974113804805E-015
           2           5   1.2271430471329421E-015
           2           6 -0.25412175476398430     
           2           7  -1.0216480515706780E-015
           2           8   9.2319709544218673E-016
           2           9   4.4490335324788295E-015
           2          10 -0.10909329989458846     
           2          11   4.6063166937438164E-015
           2          12  -1.2427180632884323E-015
           2          13  -1.1949189569908381E-014
           3           1  -1.1704165216431721E-015
           3           2   3.3184570213023293E-016
           3           3   5.1002146444297484E-028
           3           4   5.5987697167381753E-028
           3           5  -6.7050529532474103E-028
           3           6   3.9904018270143595E-015
           3           7   1.0204783379385419E-027
           3           8   8.5692051820539626E-028
           3           9  -1.2115243321128853E-027
           3          10  -7.0555680939839550E-015
           3          11  -2.4337627144122150E-028
           3          12   8.5340843926157582E-028
           3          13   4.5369608648894847E-028
           4           1   2.4518285928368496E-015
           4           2   3.4537974113804805E-015
           4           3   5.5987697167381753E-028
           4           4   6.7226634130458423E-028
           4           5  -6.8526935504178098E-028
           4           6  -3.6068011882716073E-015
           4           7   1.0161526855980536E-027
           4           8   9.6711037177230820E-028
           4           9  -1.1467429385064387E-027
           4          10  -1.0773329732701641E-014
           4          11  -9.4583182001444702E-029
           4          12   8.2473522841882463E-028
           4          13   1.2993637303650622E-028
           5           1   2.9778158431949055E-015
           5           2   1.2271430471329421E-015
           5           3  -6.7050529532474103E-028
           5           4  -6.8526935504178098E-028
           5           5   9.3461266719829516E-028
           5           6  -1.3224518827784432E-014
           5           7  -1.4540358543737628E-027
           5           8  -1.0977889180997314E-027
           5           9   1.7765417467391883E-027
           5          10   6.2320986878414524E-015
           5          11   4.9772223851130704E-028
           5          12  -1.2443588155027331E-027
           5          13  -9.6292489819927433E-028
           6           1 -0.25710461301775722     
           6           2 -0.25412175476398430     
           6           3   3.9904018270143595E-015
           6           4  -3.6068011882716073E-015
           6           5  -1.3224518827784432E-014
           6           6   1.2669697143652447     
           6           7   2.5302493325098291E-014
           6           8   2.2675557201614933E-015
           6           9  -3.8157317061527625E-014
           6          10  0.41117329563803090     
           6          11  -2.9256075710249136E-014
           6          12   2.5410693181323296E-014
           6          13   6.0248737035429437E-014
           7           1  -3.0075734440797979E-015
           7           2  -1.0216480515706780E-015
           7           3   1.0204783379385419E-027
           7           4   1.0161526855980536E-027
           7           5  -1.4540358543737628E-027
           7           6   2.5302493325098291E-014
           7           7   2.2948651998997123E-027
           7           8   1.6494117658191809E-027
           7           9  -2.8292202651116304E-027
           7          10  -7.6077838354820990E-015
           7          11  -8.7559721351628637E-028
           7          12   1.9817173033212451E-027
           7          13   1.7000963035768567E-027
           8           1  -1.8866918312201820E-015
           8           2   9.2319709544218673E-016
           8           3   8.5692051820539626E-028
           8           4   9.6711037177230820E-028
           8           5  -1.0977889180997314E-027
           8           6   2.2675557201614933E-015
           8           7   1.6494117658191809E-027
           8           8   1.4565607876205545E-027
           8           9  -1.9316010499116068E-027
           8          10  -1.3520078372940036E-014
           8          11  -3.0920412732071022E-028
           8          12   1.3632786786111324E-027
           8          13   5.5938541078972374E-028
           9           1   7.6451165463294836E-015
           9           2   4.4490335324788295E-015
           9           3  -1.2115243321128853E-027
           9           4  -1.1467429385064387E-027
           9           5   1.7765417467391883E-027
           9           6  -3.8157317061527625E-014
           9           7  -2.8292202651116304E-027
           9           8  -1.9316010499116068E-027
           9           9   3.5460033593987013E-027
           9          10   5.9788914353959160E-015
           9          11   1.2137146287483787E-027
           9          12  -2.4648697350179892E-027
           9          13  -2.3923091845320227E-027
          10           1  -8.4878688002198555E-002
          10           2 -0.10909329989458846     
          10           3  -7.0555680939839550E-015
          10           4  -1.0773329732701641E-014
          10           5   6.2320986878414524E-015
          10           6  0.41117329563803090     
          10           7  -7.6077838354820990E-015
          10           8  -1.3520078372940036E-014
          10           9   5.9788914353959160E-015
          10          10  0.27442580078270179     
          10          11  -6.9604171300160495E-015
          10          12  -4.7496016683751787E-015
          10          13   1.5139591349211175E-014
          11           1   4.6075407287706161E-015
          11           2   4.6063166937438164E-015
          11           3  -2.4337627144122150E-028
          11           4  -9.4583182001444702E-029
          11           5   4.9772223851130704E-028
          11           6  -2.9256075710249136E-014
          11           7  -8.7559721351628637E-028
          11           8  -3.0920412732071022E-028
          11           9   1.2137146287483787E-027
          11          10  -6.9604171300160495E-015
          11          11   7.2472492450342036E-028
          11          12  -8.2826729347749836E-028
          11          13  -1.4705784373603923E-027
          12           1  -2.5606082760089862E-015
          12           2  -1.2427180632884323E-015
          12           3   8.5340843926157582E-028
          12           4   8.2473522841882463E-028
          12           5  -1.2443588155027331E-027
          12           6   2.5410693181323296E-014
          12           7   1.9817173033212451E-027
          12           8   1.3632786786111324E-027
          12           9  -2.4648697350179892E-027
          12          10  -4.7496016683751787E-015
          12          11  -8.2826729347749836E-028
          12          12   1.7254341313868106E-027
          12          13   1.6163839570278807E-027
          13           1  -1.3043241499846717E-014
          13           2  -1.1949189569908381E-014
          13           3   4.5369608648894847E-028
          13           4   1.2993637303650622E-028
          13           5  -9.6292489819927433E-028
          13           6   6.0248737035429437E-014
          13           7   1.7000963035768567E-027
          13           8   5.5938541078972374E-028
          13           9  -2.3923091845320227E-027
          13          10   1.5139591349211175E-014
          13          11  -1.4705784373603923E-027
          13          12   1.6163839570278807E-027
          13          13   3.0057636942899677E-027
