           1           1  0.34306189445743995     
           1           2  0.64339737891777038     
           1           3 -0.19919152256134595     
           1           4 -0.17980814471108059     
           1           5   3.9523972857380671E-002
           1           6   4.7219234196307615E-002
           1           7  -2.4857554672916799E-002
           1           8  -1.3565573744188186E-002
           1           9   1.8282301993839035E-014
           1          10   3.3867923308140455E-014
           1          11  -2.3944010629349791E-014
           1          12   2.0783007689991732E-013
           1          13   2.2282998549734902E-013
           1          14  -1.8500063027598926E-013
           1          15  -8.2264806924473315E-014
           1          16  -1.8542412118739530E-014
           1          17   2.5093543799596806E-014
           1          18  -1.0742466394825089E-013
           1          19   6.9287147037351153E-014
           1          20  -5.4388952867371670E-014
           1          21   6.2491718918401004E-014
           1          22  -9.0039967872127080E-014
           1          23   3.1015625649227314E-014
           1          24   4.7949179888063514E-013
           1          25   2.3481243049954612E-014
           1          26   4.5731006308529237E-014
           1          27   4.3327462723901617E-014
           1          28   4.3867534840447949E-014
           1          29  -4.5159407568396370E-014
           1          30   2.3758856721339858E-002
           1          31   1.1978100269572801E-004
           1          32   2.3836548869812561E-002
           1          33   9.8769634725621437E-006
           1          34  -6.8480744344788709E-006
           1          35   2.3907982146252723E-002
           1          36   3.5238284473850363E-003
           1          37  -2.4135649848439558E-005
           1          38   3.5081736230075863E-003
           1          39  -1.9901898851528908E-006
           1          40   1.3798743096137694E-006
           1          41   3.4937799504756407E-003
           2           1  0.64339737891777038     
           2           2   1.2644298789034289     
           2           3 -0.61333339549686650     
           2           4 -0.54980435549648354     
           2           5  0.13740040664278472     
           2           6  0.15975545127890861     
           2           7  -8.1491873611071991E-002
           2           8  -4.4832734738790132E-002
           2           9   8.4090612406222864E-014
           2          10   1.0085812671070008E-013
           2          11  -6.8363377892746064E-014
           2          12   7.6758733293263222E-013
           2          13   6.7571344651580179E-013
           2          14  -5.0442759634150468E-013
           2          15  -4.5834269474360425E-013
           2          16  -1.1344936894889122E-013
           2          17   3.9104922487142702E-014
           2          18  -2.4126016744516855E-013
           2          19   1.8472651788732688E-013
           2          20  -1.4687872473213770E-013
           2          21   2.6680611146123405E-013
           2          22  -2.9245828529075373E-013
           2          23   8.9085903544064506E-014
           2          24   1.3407203971297021E-012
           2          25   1.1574945327141044E-013
           2          26   4.2481674100057679E-014
           2          27   2.8544690153929370E-013
           2          28   1.5408710047742281E-013
           2          29  -1.8185198288285600E-013
           2          30   7.2673833946596295E-002
           2          31   3.5440371635879860E-004
           2          32   7.2903706675343613E-002
           2          33   2.9223603684881433E-005
           2          34  -2.0261835978698641E-005
           2          35   7.3115060881012661E-002
           2          36   1.0799630075116296E-002
           2          37  -9.0291433269041785E-005
           2          38   1.0741065397993174E-002
           2          39  -7.4452976426951356E-006
           2          40   5.1621079129656548E-006
           2          41   1.0687218688654312E-002
           3           1 -0.19919152256134595     
           3           2 -0.61333339549686650     
           3           3   1.1349572403702148     
           3           4   1.0348291025570164     
           3           5 -0.44070033637549444     
           3           6 -0.47249177478097537     
           3           7  0.21004250573250632     
           3           8  0.11991201322970227     
           3           9  -3.5181862356871119E-013
           3          10  -3.5556199222705547E-013
           3          11   1.6433693776353526E-013
           3          12  -2.6828501697099430E-012
           3          13  -2.5048565296835830E-012
           3          14   1.1572176336206155E-012
           3          15   1.5758270366220638E-012
           3          16   4.2407913576965554E-014
           3          17  -1.6616406186768070E-014
           3          18   2.3562824383890013E-013
           3          19  -3.6312540603181855E-013
           3          20   2.6332829615267460E-013
           3          21  -9.8089459097325253E-013
           3          22   7.2012671630150258E-013
           3          23  -4.3949251229720061E-013
           3          24  -2.9066537372093212E-012
           3          25  -4.6361039301413107E-013
           3          26  -3.1445931341069562E-013
           3          27  -1.2208253918241777E-012
           3          28  -3.2231580079606984E-013
           3          29   1.5313046875631689E-013
           3          30 -0.12692038192648580     
           3          31  -1.2978833062816074E-003
           3          32 -0.12776221277453964     
           3          33  -1.0702152864230683E-004
           3          34   7.4202096092663644E-005
           3          35 -0.12853622580550825     
           3          36  -1.8824591354624259E-002
           3          37   6.0007249389741764E-005
           3          38  -1.8785669552224969E-002
           3          39   4.9481090997288788E-006
           3          40  -3.4307121047184126E-006
           3          41  -1.8749883290556810E-002
           4           1 -0.17980814471108059     
           4           2 -0.54980435549648354     
           4           3   1.0348291025570164     
           4           4  0.97231443251977301     
           4           5 -0.56271836225856664     
           4           6 -0.58690739630082644     
           4           7  0.25150363530125053     
           4           8  0.14617486417755363     
           4           9  -9.5591032531200900E-014
           4          10   4.9408685852053224E-014
           4          11   5.6990055649561387E-014
           4          12  -8.1359301226583912E-013
           4          13   4.7482930428885363E-013
           4          14   3.9671249051886982E-013
           4          15   1.9804593179178083E-012
           4          16  -1.6693136683409436E-013
           4          17  -3.8357194112623042E-013
           4          18   2.0114169916226684E-013
           4          19  -5.2309738106918123E-013
           4          20   1.3387319949893211E-013
           4          21  -1.0124820826298992E-012
           4          22   1.0598278858269351E-012
           4          23  -2.2335255228352166E-013
           4          24  -3.0137868698596703E-012
           4          25  -1.0566842330295273E-013
           4          26   3.7529049476725382E-013
           4          27  -1.3602487935636863E-012
           4          28  -2.1811523773324298E-013
           4          29   6.8309942541238635E-013
           4          30 -0.10937503337284621     
           4          31  -1.0755059739670739E-003
           4          32 -0.11007262620108182     
           4          33  -8.8684624139861464E-005
           4          34   6.1488423311515701E-005
           4          35 -0.11071402103255930     
           4          36  -1.6152631721211615E-002
           4          37   2.0031038667796491E-004
           4          38  -1.6022706731539299E-002
           4          39   1.6517297355680624E-005
           4          40  -1.1452070124202097E-005
           4          41  -1.5903248499131311E-002
           5           1   3.9523972857380671E-002
           5           2  0.13740040664278472     
           5           3 -0.44070033637549444     
           5           4 -0.56271836225856664     
           5           5   1.0737289900489904     
           5           6   1.0647229378813632     
           5           7 -0.44153797328604039     
           5           8 -0.26637590257749233     
           5           9   3.0434252884031109E-013
           5          10   1.7979823583739569E-013
           5          11  -1.0429918646953844E-013
           5          12   2.3957686766474211E-012
           5          13   1.2203340943930062E-012
           5          14  -8.3930102150512198E-013
           5          15  -3.9840323986820122E-012
           5          16   4.7522847506717098E-013
           5          17   1.2707593094647970E-012
           5          18  -4.9032258187310020E-013
           5          19   5.3476472609101037E-013
           5          20   1.4670106460398435E-013
           5          21   2.1043663338713789E-012
           5          22  -1.6516497139225248E-012
           5          23   3.7772463504712068E-013
           5          24   5.5039709665327322E-012
           5          25   5.2578866702820918E-013
           5          26  -9.0176587316766261E-013
           5          27   2.8038758736435745E-012
           5          28   4.1055920785795547E-013
           5          29  -1.1361259661879480E-012
           5          30   1.1779233106770044E-002
           5          31   3.0610445418110888E-003
           5          32   1.3764682541147908E-002
           5          33   2.5240918220272170E-004
           5          34  -1.7500488689516899E-004
           5          35   1.5590184396750081E-002
           5          36   6.3057154595521367E-004
           5          37   3.1479474850834815E-004
           5          38   8.3475315570526979E-004
           5          39   2.5957505895704094E-005
           5          40  -1.7997326678488606E-005
           5          41   1.0224859408249757E-003
           6           1   4.7219234196307615E-002
           6           2  0.15975545127890861     
           6           3 -0.47249177478097537     
           6           4 -0.58690739630082644     
           6           5   1.0647229378813632     
           6           6   1.1167540652874739     
           6           7 -0.68882359809354898     
           6           8 -0.40326475125131306     
           6           9   5.2164755313870341E-013
           6          10   5.2754411438614895E-013
           6          11  -1.7278147697263819E-013
           6          12   3.9863129096246486E-012
           6          13   3.7474721277851805E-012
           6          14  -1.2627275579032604E-012
           6          15  -3.9504160346218547E-012
           6          16   8.8546160139204406E-013
           6          17  -3.4535164039170879E-013
           6          18  -7.1142935604013762E-013
           6          19   4.2871849699483421E-013
           6          20  -6.7508859831317527E-013
           6          21   3.9692888207582744E-012
           6          22  -1.1500236893612381E-012
           6          23   2.0341787786150408E-012
           6          24   1.0195628322775505E-011
           6          25   3.7848196523633211E-012
           6          26   1.8304791669951143E-012
           6          27   5.4134378799069634E-012
           6          28   2.3750747776810687E-012
           6          29   3.2547978923488251E-013
           6          30   1.8302917160581612E-002
           6          31   1.6187512234855617E-003
           6          32   1.9352868865542994E-002
           6          33   1.3347982362215067E-004
           6          34  -9.2546636420961671E-005
           6          35   2.0318236486803483E-002
           6          36  -9.2148347345242946E-004
           6          37  -2.4906814385675189E-004
           6          38  -1.0830336138371258E-003
           6          39  -2.0537787884584069E-005
           6          40   1.4239629917579426E-005
           6          41  -1.2315693039181017E-003
           7           1  -2.4857554672916799E-002
           7           2  -8.1491873611071991E-002
           7           3  0.21004250573250632     
           7           4  0.25150363530125053     
           7           5 -0.44153797328604039     
           7           6 -0.68882359809354898     
           7           7   1.2302315435308455     
           7           8  0.69125189965188927     
           7           9  -4.7209388529405984E-013
           7          10  -1.8427929327013396E-013
           7          11   8.8773608894065961E-014
           7          12  -3.9992885680531252E-012
           7          13  -1.5880460430730482E-012
           7          14   7.6454599502198236E-013
           7          15   1.1471066125620709E-011
           7          16   5.7544010922691833E-012
           7          17  -2.4223145264010006E-012
           7          18   3.9160530352426235E-012
           7          19   2.3329906583227804E-012
           7          20  -1.9416138199791046E-013
           7          21  -9.3250105540823257E-012
           7          22  -2.5271399199519130E-012
           7          23  -3.5918386356754716E-013
           7          24  -2.3159323543996959E-011
           7          25  -1.5737533636320518E-011
           7          26   4.2488856624474684E-012
           7          27  -1.4994732887043133E-011
           7          28  -1.2676246629687956E-011
           7          29   5.3353857988984337E-012
           7          30  -1.4639321033681901E-002
           7          31   4.9929902927462475E-004
           7          32  -1.4315466466796857E-002
           7          33   4.1171460111202993E-005
           7          34  -2.8545736092939659E-005
           7          35  -1.4017701699968363E-002
           7          36   9.6373844361902234E-003
           7          37   4.1447154597570174E-004
           7          38   9.9062183110941449E-003
           7          39   3.4176707681970770E-005
           7          40  -2.3696009675954399E-005
           7          41   1.0153394890846466E-002
           8           1  -1.3565573744188186E-002
           8           2  -4.4832734738790132E-002
           8           3  0.11991201322970227     
           8           4  0.14617486417755363     
           8           5 -0.26637590257749233     
           8           6 -0.40326475125131306     
           8           7  0.69125189965188927     
           8           8  0.38915974683407040     
           8           9   5.0564897519177543E-015
           8          10   2.7111298625554408E-013
           8          11  -2.7154606326525085E-014
           8          12   4.8466173942250373E-014
           8          13   2.2830764857099989E-012
           8          14  -2.1920067658991031E-013
           8          15  -2.1717903890442095E-013
           8          16  -5.8603899125114931E-012
           8          17   3.6985174557305001E-013
           8          18  -6.7475761926652046E-013
           8          19  -2.5930951331434719E-012
           8          20   4.4661883203616277E-013
           8          21   6.6322513388427501E-013
           8          22   6.6866484849251268E-012
           8          23  -9.0728491591476732E-013
           8          24  -2.2004710263806153E-013
           8          25   8.2985998133678131E-012
           8          26   1.4647031655678944E-012
           8          27   2.4107050916603694E-012
           8          28   7.8121669930169773E-012
           8          29   3.8436505965691267E-013
           8          30  -8.6049207950225776E-003
           8          31   1.7573372315772531E-003
           8          32  -7.4650797747799506E-003
           8          33   1.4490742027522884E-004
           8          34  -1.0046982721594477E-004
           8          35  -6.4170641891630690E-003
           8          36   4.9927766374936212E-003
           8          37   1.0525779702125898E-003
           8          38   5.6754979509243998E-003
           8          39   8.6794016222433589E-005
           8          40  -6.0177592754191234E-005
           8          41   6.3032193054212643E-003
           9           1   1.8282301993839035E-014
           9           2   8.4090612406222864E-014
           9           3  -3.5181862356871119E-013
           9           4  -9.5591032531200900E-014
           9           5   3.0434252884031109E-013
           9           6   5.2164755313870341E-013
           9           7  -4.7209388529405984E-013
           9           8   5.0564897519177543E-015
           9           9   3.7439923865068801E-002
           9          10   9.5104797984784048E-005
           9          11   7.8422004204242859E-006
           9          12  0.27929009358698276     
           9          13   7.6694521685181612E-004
           9          14   6.3241163752218247E-005
           9          15  -8.8803396061340717E-002
           9          16  -1.9590477755550583E-003
           9          17  -1.6154017065422312E-004
           9          18  -3.1677776194992326E-002
           9          19  -6.2128324023667054E-004
           9          20  -5.1230093722446724E-005
           9          21   4.3413413432162457E-003
           9          22   1.5377300430366393E-003
           9          23   1.2679893625601454E-004
           9          24   9.8193879162084136E-003
           9          25   3.3246723832940869E-003
           9          26   2.7414754814353271E-004
           9          27   6.4817615921247441E-003
           9          28   2.5482857203636806E-003
           9          29   2.1012785787476477E-004
           9          30  -6.2120981024410240E-013
           9          31  -2.3530018829053872E-013
           9          32   3.1893388621912234E-013
           9          33   2.1532372473115125E-014
           9          34   8.5180627387404886E-014
           9          35  -2.0584377435985860E-013
           9          36  -3.1408763593923951E-013
           9          37  -9.6380764322689829E-014
           9          38   2.3527785516447969E-013
           9          39  -1.5910770256778821E-014
           9          40   8.7026911465859741E-015
           9          41  -1.0363476151868964E-013
          10           1   3.3867923308140455E-014
          10           2   1.0085812671070008E-013
          10           3  -3.5556199222705547E-013
          10           4   4.9408685852053224E-014
          10           5   1.7979823583739569E-013
          10           6   5.2754411438614895E-013
          10           7  -1.8427929327013396E-013
          10           8   2.7111298625554408E-013
          10           9   9.5104797984784048E-005
          10          10   3.7511153543886164E-002
          10          11  -5.4372957987410537E-006
          10          12   7.6694521681798446E-004
          10          13  0.27986450479119984     
          10          14  -4.3847503984298510E-005
          10          15  -1.9590477754826354E-003
          10          16  -9.0270644266318811E-002
          10          17   1.1200194383680223E-004
          10          18  -6.2128324030087591E-004
          10          19  -3.2143092426033290E-002
          10          20   3.5519772062072135E-005
          10          21   1.5377300430375008E-003
          10          22   5.4930394700962622E-003
          10          23  -8.7914524464750463E-005
          10          24   3.3246723831137819E-003
          10          25   1.2309434184540020E-002
          10          26  -1.9007692081326625E-004
          10          27   2.5482857212277645E-003
          10          28   8.3903253894197140E-003
          10          29  -1.4568963542090942E-004
          10          30  -3.7508441803603906E-013
          10          31  -7.3568457005842761E-014
          10          32  -1.9816720641228000E-013
          10          33   3.7833745297133083E-014
          10          34   5.2784099534397151E-014
          10          35  -2.6962456305830731E-013
          10          36  -1.5157940807451017E-013
          10          37  -4.9906166886183579E-015
          10          38   7.5578142773807304E-014
          10          39  -2.6566302173774500E-014
          10          40  -5.7677131514660357E-014
          10          41  -1.1256481084981335E-013
          11           1  -2.3944010629349791E-014
          11           2  -6.8363377892746064E-014
          11           3   1.6433693776353526E-013
          11           4   5.6990055649561387E-014
          11           5  -1.0429918646953844E-013
          11           6  -1.7278147697263819E-013
          11           7   8.8773608894065961E-014
          11           8  -2.7154606326525085E-014
          11           9   7.8422004204242859E-006
          11          10  -5.4372957987410537E-006
          11          11   3.7576644965960894E-002
          11          12   6.3241163764246629E-005
          11          13  -4.3847503952102043E-005
          11          14  0.28039264147778004     
          11          15  -1.6154017070069720E-004
          11          16   1.1200194384446472E-004
          11          17  -9.1619691079754789E-002
          11          18  -5.1230093463516775E-005
          11          19   3.5519772109006203E-005
          11          20  -3.2570922815364528E-002
          11          21   1.2679893588564298E-004
          11          22  -8.7914524638721761E-005
          11          23   6.5519568876062258E-003
          11          24   2.7414754839300167E-004
          11          25  -1.9007692079258927E-004
          11          26   1.4598882525804460E-002
          11          27   2.1012785788350659E-004
          11          28  -1.4568963506070802E-004
          11          29   1.0145135439753396E-002
          11          30  -1.4450327002141084E-013
          11          31  -8.1243327065571649E-014
          11          32   3.3669704544552566E-013
          11          33   1.4252934206113816E-013
          11          34  -6.9724322472129613E-014
          11          35   1.2114247254820619E-013
          11          36  -6.6280562504089890E-014
          11          37  -2.1709755955772390E-014
          11          38   5.5287728136195373E-014
          11          39   8.9514995275294727E-014
          11          40   4.0113177758877503E-014
          11          41   4.5516220778752331E-015
          12           1   2.0783007689991732E-013
          12           2   7.6758733293263222E-013
          12           3  -2.6828501697099430E-012
          12           4  -8.1359301226583912E-013
          12           5   2.3957686766474211E-012
          12           6   3.9863129096246486E-012
          12           7  -3.9992885680531252E-012
          12           8   4.8466173942250373E-014
          12           9  0.27929009358698276     
          12          10   7.6694521681798446E-004
          12          11   6.3241163764246629E-005
          12          12   2.0869702354219202     
          12          13   6.2189418844622694E-003
          12          14   5.1280471353153784E-004
          12          15 -0.73424301892338406     
          12          16  -1.6265749424979565E-002
          12          17  -1.3412495452170281E-003
          12          18 -0.25737666799286174     
          12          19  -5.2115756887924289E-003
          12          20  -4.2973879485724527E-004
          12          21   3.4980162631783586E-002
          12          22   1.2853983562211700E-002
          12          23   1.0599204000129269E-003
          12          24   8.2531886642055852E-002
          12          25   2.7761710336807518E-002
          12          26   2.2891894128695134E-003
          12          27   5.3983027678429739E-002
          12          28   2.1283361754245063E-002
          12          29   1.7549944176783027E-003
          12          30  -4.1377896044661275E-012
          12          31  -1.6071174469600465E-012
          12          32   2.0193436459106948E-012
          12          33   2.9737647055617959E-014
          12          34   7.1605916198884459E-013
          12          35  -1.5132842785930394E-012
          12          36  -2.1899323643224852E-012
          12          37  -5.9863209063811517E-013
          12          38   1.6240137177773467E-012
          12          39  -1.8359211374320655E-013
          12          40   8.2570844819414707E-014
          12          41  -7.6347421028590285E-013
          13           1   2.2282998549734902E-013
          13           2   6.7571344651580179E-013
          13           3  -2.5048565296835830E-012
          13           4   4.7482930428885363E-013
          13           5   1.2203340943930062E-012
          13           6   3.7474721277851805E-012
          13           7  -1.5880460430730482E-012
          13           8   2.2830764857099989E-012
          13           9   7.6694521685181612E-004
          13          10  0.27986450479119984     
          13          11  -4.3847503952102043E-005
          13          12   6.2189418844622694E-003
          13          13   2.0916279734486345     
          13          14  -3.5554701047492583E-004
          13          15  -1.6265749424555179E-002
          13          16 -0.74642541281330166     
          13          17   9.2993931860990090E-004
          13          18  -5.2115756892545826E-003
          13          19 -0.26127992917874987     
          13          20   2.9795424788888673E-004
          13          21   1.2853983562181018E-002
          13          22   4.4607280771423286E-002
          13          23  -7.3488312039069023E-004
          13          24   2.7761710335431879E-002
          13          25  0.10332429421144589     
          13          26  -1.5871820766602610E-003
          13          27   2.1283361761474533E-002
          13          28   6.9923411994300480E-002
          13          29  -1.2168043754437570E-003
          13          30  -2.1748978221818295E-012
          13          31  -3.2476752156285667E-013
          13          32  -1.9947306864515416E-012
          13          33   8.7171387076458499E-014
          13          34   5.3220057438537605E-013
          13          35  -1.9412140376005330E-012
          13          36  -9.4659392809261117E-013
          13          37   1.3328611350729334E-013
          13          38   4.6885096529083238E-013
          13          39  -2.8953003035977690E-013
          13          40  -4.1242508942609034E-013
          13          41  -7.9017200972208426E-013
          14           1  -1.8500063027598926E-013
          14           2  -5.0442759634150468E-013
          14           3   1.1572176336206155E-012
          14           4   3.9671249051886982E-013
          14           5  -8.3930102150512198E-013
          14           6  -1.2627275579032604E-012
          14           7   7.6454599502198236E-013
          14           8  -2.1920067658991031E-013
          14           9   6.3241163752218247E-005
          14          10  -4.3847503984298510E-005
          14          11  0.28039264147778004     
          14          12   5.1280471353153784E-004
          14          13  -3.5554701047492583E-004
          14          14   2.0959104844908376     
          14          15  -1.3412495456860782E-003
          14          16   9.2993931858001031E-004
          14          17 -0.75762639407714305     
          14          18  -4.2973879281375349E-004
          14          19   2.9795424827116287E-004
          14          20 -0.26486874392811066     
          14          21   1.0599203969621749E-003
          14          22  -7.3488312186349627E-004
          14          23   5.3458839040903872E-002
          14          24   2.2891894148873750E-003
          14          25  -1.5871820764280058E-003
          14          26  0.12244166709924684     
          14          27   1.7549944177399366E-003
          14          28  -1.2168043724835199E-003
          14          29   8.4579640223674368E-002
          14          30   5.9266647030113421E-013
          14          31   1.5700818295283567E-013
          14          32   8.2242641026462821E-013
          14          33   9.1970788426794354E-013
          14          34  -5.1430300712781014E-013
          14          35   9.2618801173880419E-013
          14          36   1.5681609563511033E-013
          14          37   1.2044200967174747E-013
          14          38  -2.9305172699477128E-013
          14          39   6.4019594213364871E-013
          14          40   3.6726257471408365E-013
          14          41  -1.8089579143024504E-014
          15           1  -8.2264806924473315E-014
          15           2  -4.5834269474360425E-013
          15           3   1.5758270366220638E-012
          15           4   1.9804593179178083E-012
          15           5  -3.9840323986820122E-012
          15           6  -3.9504160346218547E-012
          15           7   1.1471066125620709E-011
          15           8  -2.1717903890442095E-013
          15           9  -8.8803396061340717E-002
          15          10  -1.9590477754826354E-003
          15          11  -1.6154017070069720E-004
          15          12 -0.73424301892338406     
          15          13  -1.6265749424555179E-002
          15          14  -1.3412495456860782E-003
          15          15   1.6616387278580425     
          15          16   4.1991764945646270E-002
          15          17   3.4625785867938644E-003
          15          18  0.50197923692498503     
          15          19   1.4686010293098666E-002
          15          20   1.2109866057079879E-003
          15          21  -6.8654179427809672E-002
          15          22  -3.3584556539529124E-002
          15          23  -2.7693326680577578E-003
          15          24 -0.22468137710617314     
          15          25  -7.2032671694241227E-002
          15          26  -5.9397071506842956E-003
          15          27 -0.13715720513639568     
          15          28  -5.5320471689020302E-002
          15          29  -4.5616439790587011E-003
          15          30   6.8339516250766973E-013
          15          31   1.6544691540568869E-012
          15          32  -2.7005592794526251E-012
          15          33   1.0029364911059644E-012
          15          34  -1.7350454389969844E-012
          15          35   2.8990355540059622E-013
          15          36   1.2227473500765650E-012
          15          37  -6.8376014820679783E-013
          15          38  -1.5933855567614141E-012
          15          39   7.4217466563449513E-013
          15          40  -3.0083166209613542E-013
          15          41   1.5857518979740405E-013
          16           1  -1.8542412118739530E-014
          16           2  -1.1344936894889122E-013
          16           3   4.2407913576965554E-014
          16           4  -1.6693136683409436E-013
          16           5   4.7522847506717098E-013
          16           6   8.8546160139204406E-013
          16           7   5.7544010922691833E-012
          16           8  -5.8603899125114931E-012
          16           9  -1.9590477755550583E-003
          16          10  -9.0270644266318811E-002
          16          11   1.1200194384446472E-004
          16          12  -1.6265749424979565E-002
          16          13 -0.74642541281330166     
          16          14   9.2993931858001031E-004
          16          15   4.1991764945646270E-002
          16          16   1.6930888754907898     
          16          17  -2.4007374172109255E-003
          16          18   1.4686010292241113E-002
          16          19  0.51297846963754734     
          16          20  -8.3962306509874395E-004
          16          21  -3.3584556538236748E-002
          16          22  -9.3807665255392525E-002
          16          23   1.9200836521326946E-003
          16          24  -7.2032671691862421E-002
          16          25 -0.27863095910094904     
          16          26   4.1182248524829924E-003
          16          27  -5.5320471706957794E-002
          16          28 -0.17859001962110041     
          16          29   3.1627612571827248E-003
          16          30  -6.6044177935503881E-012
          16          31  -1.2512615526877882E-012
          16          32   5.0589092907567336E-012
          16          33   4.8705850116792156E-013
          16          34  -1.2099095666430906E-012
          16          35  -6.7052766479960253E-013
          16          36  -1.2513975921228775E-012
          16          37  -2.3314436405708887E-012
          16          38  -7.0380735528684319E-013
          16          39   5.8592418894321791E-013
          16          40   5.3415618656787129E-013
          16          41  -6.3130323692525831E-013
          17           1   2.5093543799596806E-014
          17           2   3.9104922487142702E-014
          17           3  -1.6616406186768070E-014
          17           4  -3.8357194112623042E-013
          17           5   1.2707593094647970E-012
          17           6  -3.4535164039170879E-013
          17           7  -2.4223145264010006E-012
          17           8   3.6985174557305001E-013
          17           9  -1.6154017065422312E-004
          17          10   1.1200194383680223E-004
          17          11  -9.1619691079754789E-002
          17          12  -1.3412495452170281E-003
          17          13   9.2993931860990090E-004
          17          14 -0.75762639407714305     
          17          15   3.4625785867938644E-003
          17          16  -2.4007374172109255E-003
          17          17   1.7220054018738145     
          17          18   1.2109866020818495E-003
          17          19  -8.3962306632706998E-004
          17          20  0.52309160500151664     
          17          21  -2.7693326615178841E-003
          17          22   1.9200836562821106E-003
          17          23 -0.11693478828116916     
          17          24  -5.9397071554653860E-003
          17          25   4.1182248509558581E-003
          17          26 -0.32823436711195952     
          17          27  -4.5616439796254708E-003
          17          28   3.1627612505078870E-003
          17          29 -0.21668500988740436     
          17          30   3.6510605559298347E-013
          17          31  -6.7714120426232252E-013
          17          32  -1.3269928637484789E-013
          17          33  -2.0944441032368018E-012
          17          34   1.2562026479757240E-012
          17          35  -5.6573263536753016E-013
          17          36   2.6539586439376427E-013
          17          37   6.4649357562908161E-014
          17          38   9.5116933933465741E-013
          17          39  -1.5460307921454008E-012
          17          40  -1.0855591435906124E-012
          17          41   1.1524137382672479E-012
          18           1  -1.0742466394825089E-013
          18           2  -2.4126016744516855E-013
          18           3   2.3562824383890013E-013
          18           4   2.0114169916226684E-013
          18           5  -4.9032258187310020E-013
          18           6  -7.1142935604013762E-013
          18           7   3.9160530352426235E-012
          18           8  -6.7475761926652046E-013
          18           9  -3.1677776194992326E-002
          18          10  -6.2128324030087591E-004
          18          11  -5.1230093463516775E-005
          18          12 -0.25737666799286174     
          18          13  -5.2115756892545826E-003
          18          14  -4.2973879281375349E-004
          18          15  0.50197923692498503     
          18          16   1.4686010292241113E-002
          18          17   1.2109866020818495E-003
          18          18  0.15491802652247069     
          18          19   5.7545127539185481E-003
          18          20   4.7450857784442336E-004
          18          21  -3.5398940409383739E-002
          18          22  -1.4678875838008081E-002
          18          23  -1.2103983054729231E-003
          18          24 -0.10154191828405311     
          18          25  -3.1396577280778257E-002
          18          26  -2.5889151400214213E-003
          18          27  -6.0916106617668983E-002
          18          28  -2.4230401333880297E-002
          18          29  -1.9980029247151231E-003
          18          30   1.6611431440797001E-011
          18          31   7.7407128663364456E-012
          18          32  -1.6590454042314503E-011
          18          33  -4.1752241581092300E-012
          18          34   1.3078324830229909E-012
          18          35  -3.8672099103621666E-013
          18          36   6.7089185524513372E-012
          18          37   2.4564112144962755E-012
          18          38  -6.7907921413054553E-012
          18          39  -1.4929207413257954E-012
          18          40   7.1909414196231052E-013
          18          41  -4.5656053396561994E-014
          19           1   6.9287147037351153E-014
          19           2   1.8472651788732688E-013
          19           3  -3.6312540603181855E-013
          19           4  -5.2309738106918123E-013
          19           5   5.3476472609101037E-013
          19           6   4.2871849699483421E-013
          19           7   2.3329906583227804E-012
          19           8  -2.5930951331434719E-012
          19           9  -6.2128324023667054E-004
          19          10  -3.2143092426033290E-002
          19          11   3.5519772109006203E-005
          19          12  -5.2115756887924289E-003
          19          13 -0.26127992917874987     
          19          14   2.9795424827116287E-004
          19          15   1.4686010293098666E-002
          19          16  0.51297846963754734     
          19          17  -8.3962306632706998E-004
          19          18   5.7545127539185481E-003
          19          19  0.15922792580028095     
          19          20  -3.2899484241113454E-004
          19          21  -1.4678875836255895E-002
          19          22  -4.6392829667566721E-002
          19          23   8.3921517703033867E-004
          19          24  -3.1396577275986645E-002
          19          25 -0.12505669541143449     
          19          26   1.7949933263813091E-003
          19          27  -2.4230401340077711E-002
          19          28  -7.9063705379293178E-002
          19          29   1.3852914181061130E-003
          19          30   7.1011474158578900E-012
          19          31   3.9386624078722511E-012
          19          32  -7.1505772244148671E-012
          19          33  -3.0565371693752706E-012
          19          34   9.2954983581907985E-013
          19          35  -3.5885064062325516E-013
          19          36   3.3026849682235634E-012
          19          37   7.2910515881961097E-013
          19          38  -4.1072585904806028E-012
          19          39  -1.0851926722053078E-012
          19          40   8.7826587686082104E-013
          19          41  -2.2808420673950773E-013
          20           1  -5.4388952867371670E-014
          20           2  -1.4687872473213770E-013
          20           3   2.6332829615267460E-013
          20           4   1.3387319949893211E-013
          20           5   1.4670106460398435E-013
