           1           1  0.33834934019129748     
           1           2  0.63844123978312994     
           1           3 -0.20688607041891777     
           1           4 -0.20367163075623157     
           1           5  0.14342821077087428     
           1           6  0.10843506910965767     
           1           7  -3.1775623061985100E-002
           1           8  -1.0003741900432860E-002
           1           9  -7.9018968735737032E-013
           1          10  -1.4530952931222758E-013
           1          11   7.1473869554806386E-013
           1          12  -5.7165800098629776E-012
           1          13  -1.0423058380051887E-012
           1          14   5.1520036823590894E-012
           1          15  -2.2132467392750102E-013
           1          16  -4.2844071218605779E-014
           1          17   2.6854481463779279E-013
           1          18   1.5213650537968450E-013
           1          19   2.3447764257760858E-014
           1          20  -1.2557847077928420E-013
           1          21  -9.0644275533756844E-014
           1          22  -6.9270171038626314E-015
           1          23   8.6422255237845202E-014
           1          24   3.9971165436986681E-014
           1          25  -6.6421065906069137E-016
           1          26  -2.4174185742834510E-014
           1          27  -1.1513781198757196E-014
           1          28   6.6624133631590924E-015
           1          29   7.5010252861894243E-015
           1          30  -2.9586573107037623E-002
           1          31  -5.4033342204557851E-014
           1          32  -2.9586573107208289E-002
           1          33   9.9139793454044899E-014
           1          34   6.3469593153152899E-014
           1          35  -2.9586573107117521E-002
           1          36  -8.1413778103781517E-003
           1          37  -2.1310528216658536E-014
           1          38  -8.1413778103741827E-003
           1          39   4.2533366890159105E-014
           1          40   2.3546545059495576E-014
           1          41  -8.1413778103687998E-003
           2           1  0.63844123978312994     
           2           2   1.2607641642093577     
           2           3 -0.63584780213921199     
           2           4 -0.61069954272486515     
           2           5  0.41172654262318609     
           2           6  0.29960551448050771     
           2           7 -0.10444726500782442     
           2           8  -3.1333524435329399E-002
           2           9  -1.4520396970018434E-012
           2          10  -2.7176631378931043E-013
           2          11   1.3029375421457275E-012
           2          12  -1.0516358018148219E-011
           2          13  -1.9494801886146113E-012
           2          14   9.3930314677673432E-012
           2          15  -7.5628213936751009E-014
           2          16  -1.0280956522499400E-013
           2          17   4.7724523898404814E-013
           2          18   3.5693195565517050E-013
           2          19   3.8060225495948465E-014
           2          20  -2.3680327978302602E-013
           2          21  -1.4196526716129323E-013
           2          22  -1.2086201977756937E-014
           2          23   1.6054553562250840E-013
           2          24   8.6059887955380345E-014
           2          25  -1.1003474531014764E-016
           2          26  -4.2978438418627689E-014
           2          27  -2.2178972481184612E-014
           2          28   1.5520397650379012E-014
           2          29   1.1317273537246047E-014
           2          30  -5.7062442781648272E-002
           2          31  -1.8423174371011488E-013
           2          32  -5.7062442781584802E-002
           2          33   3.3958139710031317E-013
           2          34   2.2158802860109888E-013
           2          35  -5.7062442781844552E-002
           2          36  -2.0624666647874722E-002
           2          37  -7.2095506533049436E-014
           2          38  -2.0624666647834744E-002
           2          39   1.4076187208854285E-013
           2          40   8.2477073586262968E-014
           2          41  -2.0624666647788580E-002
           3           1 -0.20688607041891777     
           3           2 -0.63584780213921199     
           3           3   1.2550033858990011     
           3           4   1.1849226989751034     
           3           5  -1.0313720942881448     
           3           6 -0.66591030512672345     
           3           7  0.33761580754637399     
           3           8   8.7381442580036661E-002
           3           9   1.4166925967574101E-011
           3          10   2.5068805895497574E-012
           3          11  -1.2756340700716942E-011
           3          12   1.0222188346465531E-010
           3          13   1.8131504277651695E-011
           3          14  -9.2099626116561744E-011
           3          15   5.4907201539907651E-012
           3          16   7.8974153375710507E-013
           3          17  -4.7787392873471250E-012
           3          18  -2.1776709107138914E-012
           3          19  -4.2759450728456735E-013
           3          20   2.0410176460584634E-012
           3          21   1.5742827641417209E-012
           3          22   2.3539169231817191E-013
           3          23  -1.4140969782418283E-012
           3          24  -5.3601749552837333E-013
           3          25  -8.7893928629886454E-014
           3          26   4.0987459929157219E-013
           3          27   1.4183889172410190E-013
           3          28  -5.6909185727727507E-015
           3          29  -1.0626760681800649E-013
           3          30   4.7395257860285853E-002
           3          31   4.6482401425649160E-013
           3          32   4.7395257865037739E-002
           3          33  -8.9115326630881064E-013
           3          34  -4.7456533879842204E-013
           3          35   4.7395257862202514E-002
           3          36   5.0200456737910626E-002
           3          37   1.8810815819276899E-013
           3          38   5.0200456738169363E-002
           3          39  -3.6979934029097223E-013
           3          40  -1.9205875161301255E-013
           3          41   5.0200456738273273E-002
           4           1 -0.20367163075623157     
           4           2 -0.61069954272486515     
           4           3   1.1849226989751034     
           4           4   1.1295450903711606     
           4           5  -1.0739502407642192     
           4           6 -0.70482807302090134     
           4           7  0.34962265846496476     
           4           8   9.7522472211888755E-002
           4           9  -6.7767426112089435E-012
           4          10  -1.1466662341306947E-012
           4          11   6.0572768692703005E-012
           4          12  -4.8854601377641061E-011
           4          13  -8.2704445233894808E-012
           4          14   4.3707159773653165E-011
           4          15  -3.9722406845854453E-012
           4          16  -5.5526263055166176E-013
           4          17   2.5003156421059960E-012
           4          18   7.3282229693407668E-013
           4          19   1.5345678998323795E-013
           4          20  -8.6618832356155746E-013
           4          21  -8.2436635162918024E-013
           4          22  -1.5319309846784050E-013
           4          23   6.4015371016222469E-013
           4          24   1.5858414028769275E-013
           4          25   4.2755487483184641E-014
           4          26  -2.1750549387269776E-013
           4          27  -5.5052425576246459E-014
           4          28  -3.5270173142443406E-014
           4          29   6.8738263151837533E-014
           4          30   4.9933539982563696E-002
           4          31   1.4064985496059325E-013
           4          32   4.9933539982660952E-002
           4          33  -2.9211523217322393E-013
           4          34  -1.4931628366201968E-013
           4          35   4.9933539982736405E-002
           4          36   4.9979204207296415E-002
           4          37   8.7057161125190557E-014
           4          38   4.9979204207084418E-002
           4          39  -1.7914444077417937E-013
           4          40  -7.8674121666207553E-014
           4          41   4.9979204206960157E-002
           5           1  0.14342821077087428     
           5           2  0.41172654262318609     
           5           3  -1.0313720942881448     
           5           4  -1.0739502407642192     
           5           5   2.3990492743454941     
           5           6   1.3997164755399094     
           5           7 -0.95311234703399128     
           5           8 -0.21776610671086155     
           5           9  -1.4840149924257624E-011
           5          10  -2.6526797501153980E-012
           5          11   1.3448746344692552E-011
           5          12  -1.0711681091134970E-010
           5          13  -1.9228502914201802E-011
           5          14   9.7163145270283130E-011
           5          15  -4.8062991043954634E-012
           5          16  -4.1634198631158002E-013
           5          17   4.1860669663628394E-012
           5          18   2.4986792861500675E-012
           5          19   5.3594635294334153E-013
           5          20  -2.3641229055324791E-012
           5          21  -1.5889890335646060E-012
           5          22  -1.9872200386492990E-013
           5          23   1.4677968492638111E-012
           5          24   5.7791316684882343E-013
           5          25   7.7900024854589272E-014
           5          26  -3.9126475744431179E-013
           5          27  -1.3240400155259290E-013
           5          28   3.9846146990033817E-014
           5          29   1.0059606121110378E-013
           5          30 -0.16450631608565638     
           5          31   4.1735908415362067E-013
           5          32 -0.16450631610071159     
           5          33  -5.4116671603652895E-013
           5          34  -8.9728157298830906E-013
           5          35 -0.16450631608964977     
           5          36 -0.16453751869531077     
           5          37   5.1857343586718887E-014
           5          38 -0.16453751869579109     
           5          39  -1.3824235521269740E-014
           5          40  -2.2165532609418114E-013
           5          41 -0.16453751869599675     
           6           1  0.10843506910965767     
           6           2  0.29960551448050771     
           6           3 -0.66591030512672345     
           6           4 -0.70482807302090134     
           6           5   1.3997164755399094     
           6           6  0.94471129479502769     
           6           7 -0.57225486966326089     
           6           8 -0.19308021187657423     
           6           9  -3.5755745049337821E-011
           6          10  -6.3183233279712550E-012
           6          11   3.2481228885936116E-011
           6          12  -2.5771093130760152E-010
           6          13  -4.5724846178470658E-011
           6          14   2.3448234246246186E-010
           6          15  -2.0712017831511866E-011
           6          16  -1.7185862850572540E-012
           6          17   1.3219552681517952E-011
           6          18   3.8612096726013399E-012
           6          19   1.1566090854689708E-012
           6          20  -4.9096714123154600E-012
           6          21  -4.5267301629310582E-012
           6          22  -5.9304765161978003E-013
           6          23   3.6690072806061754E-012
           6          24   1.2663854329140947E-012
           6          25   2.3268179263231834E-013
           6          26  -1.0335588839906419E-012
           6          27  -3.4390655664445976E-013
           6          28  -1.5455940337645050E-016
           6          29   2.8077994778373748E-013
           6          30  -7.7880640341673704E-002
           6          31  -9.9048991266533606E-013
           6          32  -7.7880640358196335E-002
           6          33   1.7931611367731296E-012
           6          34   1.1949832734064459E-012
           6          35  -7.7880640348216415E-002
           6          36  -7.5655963445754981E-002
           6          37  -4.2815827223454142E-013
           6          38  -7.5655963447208999E-002
           6          39   8.0448144349154124E-013
           6          40   4.6400843719157418E-013
           6          41  -7.5655963448248792E-002
           7           1  -3.1775623061985100E-002
           7           2 -0.10444726500782442     
           7           3  0.33761580754637399     
           7           4  0.34962265846496476     
           7           5 -0.95311234703399128     
           7           6 -0.57225486966326089     
           7           7   1.1828693406788910     
           7           8  0.32139131443598529     
           7           9  -4.1392319619020876E-012
           7          10  -6.5553070204445013E-013
           7          11   3.7787919260192572E-012
           7          12  -2.9742860376500635E-011
           7          13  -4.7736402273323646E-012
           7          14   2.7286063101467224E-011
           7          15  -4.6601558390609559E-012
           7          16   8.7215750344901747E-013
           7          17   8.8965110718353449E-013
           7          18  -1.1076713868100789E-013
           7          19   4.0771616771982719E-013
           7          20  -7.0366025777349735E-013
           7          21  -6.7804205089598511E-013
           7          22  -1.0034065356913108E-014
           7          23   2.6975634743186952E-013
           7          24   2.5203719501408421E-014
           7          25   1.0999963378703845E-014
           7          26  -1.9763742450081271E-013
           7          27  -1.1907365130595797E-013
           7          28  -7.9833328539567764E-014
           7          29   7.5853070206948220E-014
           7          30   8.0167775232257571E-002
           7          31   2.7129555917460467E-013
           7          32   8.0167775231303015E-002
           7          33  -8.5320776822280936E-013
           7          34  -5.9770576379512085E-013
           7          35   8.0167775231728217E-002
           7          36  0.18692812456471208     
           7          37   2.0047903135430770E-013
           7          38  0.18692812456451760     
           7          39  -5.0999749410331266E-013
           7          40  -2.8473394456485499E-013
           7          41  0.18692812456423871     
           8           1  -1.0003741900432860E-002
           8           2  -3.1333524435329399E-002
           8           3   8.7381442580036661E-002
           8           4   9.7522472211888755E-002
           8           5 -0.21776610671086155     
           8           6 -0.19308021187657423     
           8           7  0.32139131443598529     
           8           8  0.12922042075710638     
           8           9   2.5554343556595365E-012
           8          10   4.1268754727920579E-013
           8          11  -2.3632533341134119E-012
           8          12   1.8339024657629822E-011
           8          13   2.9820153824368804E-012
           8          14  -1.7056596349473023E-011
           8          15   3.4787432352831128E-012
           8          16  -1.3613417093924553E-013
           8          17  -7.2346505368216675E-013
           8          18   1.8866380197105220E-013
           8          19  -1.3469080058278084E-013
           8          20   4.3102635538861468E-013
           8          21   5.0885569253809776E-013
           8          22  -5.5660940461170229E-015
           8          23  -2.7216200490765598E-013
           8          24  -1.1253981995880460E-013
           8          25  -4.1406954837626932E-014
           8          26   4.1694121869214075E-014
           8          27   2.1164287716754913E-014
           8          28  -2.8462944906892003E-014
           8          29  -1.7810280002034380E-014
           8          30   1.1293685499831113E-002
           8          31  -1.0675076896342031E-013
           8          32   1.1293685501243092E-002
           8          33   4.9677780962533238E-013
           8          34   3.4748476610046020E-013
           8          35   1.1293685501958426E-002
           8          36   3.6218316533812314E-002
           8          37   1.7862135060712398E-014
           8          38   3.6218316533777023E-002
           8          39   7.1882665812247487E-014
           8          40   8.6951557702178586E-014
           8          41   3.6218316534159280E-002
           9           1  -7.9018968735737032E-013
           9           2  -1.4520396970018434E-012
           9           3   1.4166925967574101E-011
           9           4  -6.7767426112089435E-012
           9           5  -1.4840149924257624E-011
           9           6  -3.5755745049337821E-011
           9           7  -4.1392319619020876E-012
           9           8   2.5554343556595365E-012
           9           9   3.8412856116564018E-002
           9          10   5.7432380304017961E-005
           9          11  -1.5046380161475731E-004
           9          12  0.28765900590638493     
           9          13   4.6783499966057793E-004
           9          14  -1.2256541059836017E-003
           9          15 -0.11738919787156897     
           9          16  -1.2451405477153614E-003
           9          17   3.2620723681095259E-003
           9          18  -1.3244810660395762E-002
           9          19  -2.0943476156075975E-004
           9          20   5.4868613568956033E-004
           9          21   8.2557553851083116E-003
           9          22   9.5812406692364445E-004
           9          23  -2.5101343353240210E-003
           9          24   1.8322709126360782E-002
           9          25   1.6819349050401842E-003
           9          26  -4.4064048965663793E-003
           9          27   4.8752159401553030E-003
           9          28   1.1521728571257722E-003
           9          29  -3.0185116369642836E-003
           9          30   2.2174427676317683E-011
           9          31   2.9301139780670934E-014
           9          32   1.8758556290250557E-011
           9          33   2.1316930809134632E-012
           9          34   3.4234334885028306E-012
           9          35   2.0939581695342041E-011
           9          36   2.7284440206881211E-012
           9          37  -1.0578942598031879E-012
           9          38   4.8342265426485912E-012
           9          39  -7.7595666748616784E-013
           9          40  -6.7902487391289399E-013
           9          41   5.4875923517663802E-012
          10           1  -1.4530952931222758E-013
          10           2  -2.7176631378931043E-013
          10           3   2.5068805895497574E-012
          10           4  -1.1466662341306947E-012
          10           5  -2.6526797501153980E-012
          10           6  -6.3183233279712550E-012
          10           7  -6.5553070204445013E-013
          10           8   4.1268754727920579E-013
          10           9   5.7432380304017961E-005
          10          10   3.8513399598400083E-002
          10          11   6.8259226724327340E-005
          10          12   4.6783500107411128E-004
          10          13  0.28847801705555232     
          10          14   5.5602876363994823E-004
          10          15  -1.2451405461066172E-003
          10          16 -0.11956899200398462     
          10          17  -1.4798678183795652E-003
          10          18  -2.0943476111331841E-004
          10          19  -1.3611455741069775E-002
          10          20  -2.4891628587537628E-004
          10          21   9.5812406283507425E-004
          10          22   9.9330866784045728E-003
          10          23   1.1387445120998574E-003
          10          24   1.6819349103402797E-003
          10          25   2.1267173393389762E-002
          10          26   1.9990043317868610E-003
          10          27   1.1521728534400887E-003
          10          28   6.8922570102653950E-003
          10          29   1.3693743495867894E-003
          10          30   3.7958804470898979E-012
          10          31  -5.0383592926914125E-014
          10          32   3.3620036774525745E-012
          10          33   6.1199249907918483E-013
          10          34   6.5931689359146979E-013
          10          35   3.7912169213267045E-012
          10          36   4.5951039983208330E-013
          10          37  -2.2447225147278906E-013
          10          38   8.4195829125021455E-013
          10          39  -9.7099125686607604E-014
          10          40  -5.0299697989953845E-014
          10          41   9.5326280555202205E-013
          11           1   7.1473869554806386E-013
          11           2   1.3029375421457275E-012
          11           3  -1.2756340700716942E-011
          11           4   6.0572768692703005E-012
          11           5   1.3448746344692552E-011
          11           6   3.2481228885936116E-011
          11           7   3.7787919260192572E-012
          11           8  -2.3632533341134119E-012
          11           9  -1.5046380161475731E-004
          11          10   6.8259226724327340E-005
          11          11   3.8360625865456258E-002
          11          12  -1.2256541081206791E-003
          11          13   5.5602876455392893E-004
          11          14  0.28723354661658390     
          11          15   3.2620723681373166E-003
          11          16  -1.4798678170262524E-003
          11          17 -0.11625684006142986     
          11          18   5.4868613191287672E-004
          11          19  -2.4891628586366375E-004
          11          20  -1.3054346150954080E-002
          11          21  -2.5101343325119089E-003
          11          22   1.1387445085156542E-003
          11          23   7.3844165905868984E-003
          11          24  -4.4064048943220375E-003
          11          25   1.9990043370487903E-003
          11          26   1.6793121052758847E-002
          11          27  -3.0185116389699032E-003
          11          28   1.3693743458843433E-003
          11          29   3.8274049639411703E-003
          11          30  -2.0174460287955503E-011
          11          31  -4.2895297723407444E-014
          11          32  -1.6928174818494201E-011
          11          33  -2.0114390248322350E-012
          11          34  -3.0248631006092543E-012
          11          35  -1.9069698817165881E-011
          11          36  -2.4997383471883346E-012
          11          37   9.6128310900650840E-013
          11          38  -4.3709870949490321E-012
          11          39   6.9210150286145554E-013
          11          40   5.4311877902476128E-013
          11          41  -5.0203946639356249E-012
          12           1  -5.7165800098629776E-012
          12           2  -1.0516358018148219E-011
          12           3   1.0222188346465531E-010
          12           4  -4.8854601377641061E-011
          12           5  -1.0711681091134970E-010
          12           6  -2.5771093130760152E-010
          12           7  -2.9742860376500635E-011
          12           8   1.8339024657629822E-011
          12           9  0.28765900590638493     
          12          10   4.6783500107411128E-004
          12          11  -1.2256541081206791E-003
          12          12   2.1580303500546654     
          12          13   3.8109092199368885E-003
          12          14  -9.9839826850108004E-003
          12          15 -0.95948124443814753     
          12          16  -1.0142716115706246E-002
          12          17   2.6572320727439643E-002
          12          18  -9.9939647021707267E-002
          12          19  -1.7060221305209154E-003
          12          20   4.4695096573076337E-003
          12          21   6.8232126892069561E-002
          12          22   7.8047256816026972E-003
          12          23  -2.0447153550882231E-002
          12          24  0.15305445554453825     
          12          25   1.3700773223318289E-002
          12          26  -3.5893870811562430E-002
          12          27   3.9803205475716044E-002
          12          28   9.3854161476810728E-003
          12          29  -2.4588313894224945E-002
          12          30   1.5992410963348091E-010
          12          31   2.5809129847597304E-013
          12          32   1.3520034749189519E-010
          12          33   1.5211251760268516E-011
          12          34   2.4588405747326870E-011
          12          35   1.5094893894262238E-010
          12          36   1.9647742166907548E-011
          12          37  -7.5885367162174365E-012
          12          38   3.4823107672449609E-011
          12          39  -5.6488089687090211E-012
          12          40  -4.9809789521056301E-012
          12          41   3.9507426134748744E-011
          13           1  -1.0423058380051887E-012
          13           2  -1.9494801886146113E-012
          13           3   1.8131504277651695E-011
          13           4  -8.2704445233894808E-012
          13           5  -1.9228502914201802E-011
          13           6  -4.5724846178470658E-011
          13           7  -4.7736402273323646E-012
          13           8   2.9820153824368804E-012
          13           9   4.6783499966057793E-004
          13          10  0.28847801705555232     
          13          11   5.5602876455392893E-004
          13          12   3.8109092199368885E-003
          13          13   2.1647018841071111     
          13          14   4.5293215475959549E-003
          13          15  -1.0142716104379092E-002
          13          16 -0.97723749943727922     
          13          17  -1.2054766988861343E-002
          13          18  -1.7060221271563173E-003
          13          19 -0.10292627931798809     
          13          20  -2.0276323269405802E-003
          13          21   7.8047256520639360E-003
          13          22   8.1895399825597293E-002
          13          23   9.2760309974685914E-003
          13          24   1.3700773261604290E-002
          13          25  0.17703959138225814     
          13          26   1.6283570148402839E-002
          13          27   9.3854161210854062E-003
          13          28   5.6233700015554507E-002
          13          29   1.1154704832890348E-002
          13          30   2.7595444379233076E-011
          13          31  -3.4075292953424638E-013
          13          32   2.4355179016173187E-011
          13          33   4.4263383083634436E-012
          13          34   4.7306500331635657E-012
          13          35   2.7314480660162868E-011
          13          36   3.3446232888572841E-012
          13          37  -1.6096820330904605E-012
          13          38   6.0970199004064597E-012
          13          39  -7.0593757610330115E-013
          13          40  -3.6181349632843985E-013
          13          41   6.8995506218289740E-012
          14           1   5.1520036823590894E-012
          14           2   9.3930314677673432E-012
          14           3  -9.2099626116561744E-011
          14           4   4.3707159773653165E-011
          14           5   9.7163145270283130E-011
          14           6   2.3448234246246186E-010
          14           7   2.7286063101467224E-011
          14           8  -1.7056596349473023E-011
          14           9  -1.2256541059836017E-003
          14          10   5.5602876363994823E-004
          14          11  0.28723354661658390     
          14          12  -9.9839826850108004E-003
          14          13   4.5293215475959549E-003
          14          14   2.1545646265859761     
          14          15   2.6572320728324512E-002
          14          16  -1.2054766979449233E-002
          14          17 -0.95025723849636079     
          14          18   4.4695096297385668E-003
          14          19  -2.0276323266780220E-003
          14          20  -9.8388153532428010E-002
          14          21  -2.0447153530361778E-002
          14          22   9.2760309714097697E-003
          14          23   6.1134340177989827E-002
          14          24  -3.5893870795369653E-002
          14          25   1.6283570186458360E-002
          14          26  0.14059467529128522     
          14          27  -2.4588313908737416E-002
          14          28   1.1154704806142222E-002
          14          29   3.1267904546825376E-002
          14          30  -1.4571653909731114E-010
          14          31  -3.6086046174461851E-013
          14          32  -1.2212982286659384E-010
          14          33  -1.4431448837460501E-011
          14          34  -2.1744963029004878E-011
          14          35  -1.3774656400210502E-010
          14          36  -1.8021320911089079E-011
          14          37   6.9065923130638073E-012
          14          38  -3.1580056121364103E-011
          14          39   5.0253969868811391E-012
          14          40   3.9439499486821578E-012
          14          41  -3.6244179452933082E-011
          15           1  -2.2132467392750102E-013
          15           2  -7.5628213936751009E-014
          15           3   5.4907201539907651E-012
          15           4  -3.9722406845854453E-012
          15           5  -4.8062991043954634E-012
          15           6  -2.0712017831511866E-011
          15           7  -4.6601558390609559E-012
          15           8   3.4787432352831128E-012
          15           9 -0.11738919787156897     
          15          10  -1.2451405461066172E-003
          15          11   3.2620723681373166E-003
          15          12 -0.95948124443814753     
          15          13  -1.0142716104379092E-002
          15          14   2.6572320728324512E-002
          15          15   2.3669445118819432     
          15          16   2.6994788947259360E-002
          15          17  -7.0722100744864208E-002
          15          18   8.1432410737970279E-002
          15          19   4.5405694685865996E-003
          15          20  -1.1895577776378780E-002
          15          21 -0.20461564467199539     
          15          22  -2.0772238853086496E-002
          15          23   5.4419998314130705E-002
          15          24 -0.46806703673424299     
          15          25  -3.6464540541658277E-002
          15          26   9.5531360320691316E-002
          15          27 -0.10770908085101266     
          15          28  -2.4979238755596472E-002
          15          29   6.5441676291725315E-002
          15          30   1.1989469591951836E-011
          15          31   2.0721845486187828E-012
          15          32   9.8875700289706459E-012
          15          33  -1.2467856137929811E-012
          15          34  -6.1330842568415969E-013
          15          35   1.0941494995500533E-011
          15          36   2.5052455088811877E-012
          15          37  -4.2202321610400295E-013
          15          38   2.8905939815809589E-012
          15          39  -1.2222985547903812E-012
          15          40  -2.3321388641485910E-015
          15          41   4.1404100011732771E-012
          16           1  -4.2844071218605779E-014
          16           2  -1.0280956522499400E-013
          16           3   7.8974153375710507E-013
          16           4  -5.5526263055166176E-013
          16           5  -4.1634198631158002E-013
          16           6  -1.7185862850572540E-012
          16           7   8.7215750344901747E-013
          16           8  -1.3613417093924553E-013
          16           9  -1.2451405477153614E-003
          16          10 -0.11956899200398462     
          16          11  -1.4798678170262524E-003
          16          12  -1.0142716115706246E-002
          16          13 -0.97723749943727922     
          16          14  -1.2054766979449233E-002
          16          15   2.6994788947259360E-002
          16          16   2.4142026970096424     
          16          17   3.2083702935616173E-002
          16          18   4.5405694714264408E-003
          16          19   8.9381317958880963E-002
          16          20   5.3965334711613602E-003
          16          21  -2.0772238855957310E-002
          16          22 -0.24098037830667496     
          16          23  -2.4688110809744406E-002
          16          24  -3.6464540540113159E-002
          16          25 -0.53190335754603435     
          16          26  -4.3338641717119070E-002
          16          27  -2.4979238756901934E-002
          16          28 -0.15143876112299645     
          16          29  -2.9688191947805153E-002
          16          30   1.7721111570321270E-012
          16          31   1.5164788079726977E-012
          16          32   1.0014646164919063E-013
          16          33  -3.4909512344149428E-012
          16          34  -1.7385963804552148E-012
          16          35   8.2009774207790399E-013
          16          36   2.1422956598024985E-014
          16          37   4.0655863203198002E-013
          16          38  -9.9895675627926930E-014
          16          39  -1.2075762571893260E-012
          16          40  -8.8365970105324712E-013
          16          41   1.2945589040785098E-014
          17           1   2.6854481463779279E-013
          17           2   4.7724523898404814E-013
          17           3  -4.7787392873471250E-012
          17           4   2.5003156421059960E-012
          17           5   4.1860669663628394E-012
          17           6   1.3219552681517952E-011
          17           7   8.8965110718353449E-013
          17           8  -7.2346505368216675E-013
          17           9   3.2620723681095259E-003
          17          10  -1.4798678183795652E-003
          17          11 -0.11625684006142986     
          17          12   2.6572320727439643E-002
          17          13  -1.2054766988861343E-002
          17          14 -0.95025723849636079     
          17          15  -7.0722100744864208E-002
          17          16   3.2083702935616173E-002
          17          17   2.3423948655063112     
          17          18  -1.1895577778490339E-002
          17          19   5.3965334714943716E-003
          17          20   7.7303118411830352E-002
          17          21   5.4419998314573420E-002
          17          22  -2.4688110810636408E-002
          17          23 -0.18572492026972978     
          17          24   9.5531360320388350E-002
          17          25  -4.3338641715192000E-002
          17          26 -0.43490539293178920     
          17          27   6.5441676291964540E-002
          17          28  -2.9688191949216819E-002
          17          29  -8.4992419522181784E-002
          17          30  -5.6438645155452641E-012
          17          31  -1.3106130616387127E-012
          17          32  -8.8915549197103929E-012
          17          33   1.6700315051025007E-012
          17          34  -2.0813724465587549E-013
          17          35  -6.5929210621444367E-012
          17          36  -7.9653593340633973E-013
          17          37   2.0856990487112519E-013
          17          38  -1.8613907494869683E-012
          17          39   1.1281847885540921E-012
          17          40   6.1226193204423340E-013
          17          41  -1.9518970057397591E-012
          18           1   1.5213650537968450E-013
          18           2   3.5693195565517050E-013
          18           3  -2.1776709107138914E-012
          18           4   7.3282229693407668E-013
          18           5   2.4986792861500675E-012
          18           6   3.8612096726013399E-012
          18           7  -1.1076713868100789E-013
          18           8   1.8866380197105220E-013
          18           9  -1.3244810660395762E-002
          18          10  -2.0943476111331841E-004
          18          11   5.4868613191287672E-004
          18          12  -9.9939647021707267E-002
          18          13  -1.7060221271563173E-003
          18          14   4.4695096297385668E-003
          18          15   8.1432410737970279E-002
          18          16   4.5405694714264408E-003
          18          17  -1.1895577778490339E-002
          18          18  0.10260893183447972     
          18          19   7.6373151716670217E-004
          18          20  -2.0008564418228032E-003
          18          21  0.11360126269324486     
          18          22  -3.4939259500050960E-003
          18          23   9.1535363922568298E-003
          18          24   8.5028026986032387E-002
          18          25  -6.1333978147125826E-003
          18          26   1.6068537490059473E-002
          18          27  -3.2253126383544155E-003
          18          28  -4.2015504977655355E-003
          18          29   1.1007401395413913E-002
          18          30  -4.7277385014805056E-012
          18          31  -4.4097648670219144E-014
          18          32  -1.2149571885251077E-012
          18          33   1.9752944798299387E-013
          18          34  -3.9136985405255421E-013
          18          35  -1.4704794965942239E-012
          18          36  -4.5241107388003835E-013
          18          37  -2.3553813961687622E-014
          18          38  -1.0346564990078239E-013
          18          39   2.6017336295547028E-013
          18          40   3.6293686389184995E-013
          18          41  -3.8521423177371201E-013
          19           1   2.3447764257760858E-014
          19           2   3.8060225495948465E-014
          19           3  -4.2759450728456735E-013
          19           4   1.5345678998323795E-013
          19           5   5.3594635294334153E-013
          19           6   1.1566090854689708E-012
          19           7   4.0771616771982719E-013
          19           8  -1.3469080058278084E-013
          19           9  -2.0943476156075975E-004
          19          10  -1.3611455741069775E-002
          19          11  -2.4891628586366375E-004
          19          12  -1.7060221305209154E-003
          19          13 -0.10292627931798809     
          19          14  -2.0276323266780220E-003
          19          15   4.5405694685865996E-003
          19          16   8.9381317958880963E-002
          19          17   5.3965334714943716E-003
          19          18   7.6373151716670217E-004
          19          19  0.10394595156459895     
          19          20   9.0770611955909080E-004
          19          21  -3.4939259498842305E-003
          19          22  0.10748465256974210     
          19          23  -4.1525822803344641E-003
          19          24  -6.1333978156150881E-003
          19          25   7.4290649115578533E-002
          19          26  -7.2896333400622893E-003
          19          27  -4.2015504971626236E-003
          19          28  -1.0580719329148088E-002
          19          29  -4.9936044429001701E-003
          19          30   7.5850148291956137E-013
          19          31  -1.0132981304413764E-013
          19          32   2.7489630533787430E-013
          19          33  -1.5612894001236366E-013
          19          34   6.6123056873197765E-014
          19          35  -3.1031356873906821E-012
          19          36  -3.6899605237679740E-014
          19          37  -5.0634553703688947E-015
          19          38   5.4940556939697312E-014
          19          39   2.9270953619766188E-014
          19          40   1.9170523016330534E-014
          19          41  -5.7888956146191370E-013
          20           1  -1.2557847077928420E-013
          20           2  -2.3680327978302602E-013
          20           3   2.0410176460584634E-012
          20           4  -8.6618832356155746E-013
          20           5  -2.3641229055324791E-012
