           1           1  0.69981744048212813     
           1           2  0.57598522064343349     
           1           3   6.4985848866961532E-016
           1           4   2.0159236014512650E-015
           1           5  -2.2770092119179777E-015
           1           6 -0.16902987916986928     
           1           7  -3.4136795746227498E-016
           1           8   7.2264558085795035E-016
           1           9   2.0424076144219744E-015
           1          10 -0.13549859626336536     
           1          11  -7.9378267774315589E-016
           1          12  -2.2585564848095757E-015
           1          13   8.0969439112852760E-016
           2           1  0.57598522064343349     
           2           2  0.48928545601995393     
           2           3   7.4765686676030039E-016
           2           4   1.6699693672769676E-015
           2           5  -1.9805027612204783E-015
           2           6 -0.23110941956990855     
           2           7  -4.9449193905249988E-017
           2           8   7.3947827301496628E-016
           2           9   1.7104888899380609E-015
           2          10 -0.19266728847140990     
           2          11  -7.8923129137895654E-016
           2          12  -1.9354811328349656E-015
           2          13   9.6763208524546544E-016
           3           1   6.4985848866961532E-016
           3           2   7.4765686676030039E-016
           3           3  0.20870071569197188     
           3           4  -7.9747089208332539E-003
           3           5  -2.6569626292898212E-002
           3           6  -1.1457849780196824E-015
           3           7  0.21213246463339169     
           3           8  -8.1058402339505148E-003
           3           9  -2.7006521234069322E-002
           3          10  -6.6398203272468082E-016
           3          11  0.12345467679970518     
           3          12  -4.7173537911873800E-003
           3          13  -1.5716978333318917E-002
           4           1   2.0159236014512650E-015
           4           2   1.6699693672769676E-015
           4           3  -7.9747089208332539E-003
           4           4  0.19514068153267927     
           4           5  -5.7463549385251431E-002
           4           6  -1.1890032511024207E-015
           4           7  -8.1058402339505287E-003
           4           8  0.19834945743484711     
           4           9  -5.8408445401152961E-002
           4          10   2.4733578744133813E-015
           4          11  -4.7173537911882196E-003
           4          12  0.11543338358574726     
           4          13  -3.3991948200076554E-002
           5           1  -2.2770092119179777E-015
           5           2  -1.9805027612204783E-015
           5           3  -2.6569626292898212E-002
           5           4  -5.7463549385251431E-002
           5           5   2.0934623375862684E-002
           5           6   5.1862864711555027E-017
           5           7  -2.7006521234069127E-002
           5           8  -5.8408445401152385E-002
           5           9   2.1278859721056649E-002
           5          10  -7.6936860811035881E-016
           5          11  -1.5716978333318039E-002
           5          12  -3.3991948200075589E-002
           5          13   1.2383652610972875E-002
           6           1 -0.16902987916986928     
           6           2 -0.23110941956990855     
           6           3  -1.1457849780196824E-015
           6           4  -1.1890032511024207E-015
           6           5   5.1862864711555027E-017
           6           6  0.78628559099616457     
           6           7  -1.8071974236390098E-015
           6           8  -9.8150085707464079E-016
           6           9   3.9668339606565972E-016
           6          10  0.55875058954054224     
           6          11   8.1010740436248929E-016
           6          12  -4.1859924844176451E-016
           6          13  -1.2345664955237213E-015
           7           1  -3.4136795746227498E-016
           7           2  -4.9449193905249988E-017
           7           3  0.21213246463339169     
           7           4  -8.1058402339505287E-003
           7           5  -2.7006521234069127E-002
           7           6  -1.8071974236390098E-015
           7           7  0.21562064318866253     
           7           8  -8.2391277914461714E-003
           7           9  -2.7450600212663899E-002
           7          10  -1.0965292821243034E-015
           7          11  0.12548469119144312     
           7          12  -4.7949231173180298E-003
           7          13  -1.5975418864195158E-002
           8           1   7.2264558085795035E-016
           8           2   7.3947827301496628E-016
           8           3  -8.1058402339505148E-003
           8           4  0.19834945743484711     
           8           5  -5.8408445401152385E-002
           8           6  -9.8150085707464079E-016
           8           7  -8.2391277914461714E-003
           8           8  0.20161099651642717     
           8           9  -5.9368878718359129E-002
           8          10   2.6069036665212646E-015
           8          11  -4.7949231173188764E-003
           8          12  0.11733150066029285     
           8          13  -3.4550891334821511E-002
           9           1   2.0424076144219744E-015
           9           2   1.7104888899380609E-015
           9           3  -2.7006521234069322E-002
           9           4  -5.8408445401152961E-002
           9           5   2.1278859721056649E-002
           9           6   3.9668339606565972E-016
           9           7  -2.7450600212663899E-002
           9           8  -5.9368878718359129E-002
           9           9   2.1628756481497879E-002
           9          10  -3.8488056694808491E-016
           9          11  -1.5975418864194384E-002
           9          12  -3.4550891334820866E-002
           9          13   1.2587281940166733E-002
          10           1 -0.13549859626336536     
          10           2 -0.19266728847140990     
          10           3  -6.6398203272468082E-016
          10           4   2.4733578744133813E-015
          10           5  -7.6936860811035881E-016
          10           6  0.55875058954054224     
          10           7  -1.0965292821243034E-015
          10           8   2.6069036665212646E-015
          10           9  -3.8488056694808491E-016
          10          10  0.56558749621876281     
          10          11   1.4980294998930276E-015
          10          12   1.5993107344546508E-015
          10          13  -2.2706901680442578E-015
          11           1  -7.9378267774315589E-016
          11           2  -7.8923129137895654E-016
          11           3  0.12345467679970518     
          11           4  -4.7173537911882196E-003
          11           5  -1.5716978333318039E-002
          11           6   8.1010740436248929E-016
          11           7  0.12548469119144312     
          11           8  -4.7949231173188764E-003
          11           9  -1.5975418864194384E-002
          11          10   1.4980294998930276E-015
          11          11   7.3028294000747146E-002
          11          12  -2.7905001940696124E-003
          11          13  -9.2972104766121371E-003
          12           1  -2.2585564848095757E-015
          12           2  -1.9354811328349656E-015
          12           3  -4.7173537911873800E-003
          12           4  0.11543338358574726     
          12           5  -3.3991948200075589E-002
          12           6  -4.1859924844176451E-016
          12           7  -4.7949231173180298E-003
          12           8  0.11733150066029285     
          12           9  -3.4550891334820866E-002
          12          10   1.5993107344546508E-015
          12          11  -2.7905001940696124E-003
          12          12   6.8283383769072337E-002
          12          13  -2.0107573493070945E-002
          13           1   8.0969439112852760E-016
          13           2   9.6763208524546544E-016
          13           3  -1.5716978333318917E-002
          13           4  -3.3991948200076554E-002
          13           5   1.2383652610972875E-002
          13           6  -1.2345664955237213E-015
          13           7  -1.5975418864195158E-002
          13           8  -3.4550891334821511E-002
          13           9   1.2587281940166733E-002
          13          10  -2.2706901680442578E-015
          13          11  -9.2972104766121371E-003
          13          12  -2.0107573493070945E-002
          13          13   7.3254172877106165E-003
