           1           1  0.32917735785829194     
           1           2  0.62959093855725445     
           1           3 -0.16291025990615260     
           1           4 -0.18713237361421098     
           1           5   9.7075858329922521E-002
           1           6   5.5493671304418665E-002
           1           7  -8.4385298621306466E-003
           1           8  -4.7055485185713668E-003
           1           9   7.3025824628538700E-016
           1          10   9.2868057313710540E-016
           1          11   1.0109336915289323E-015
           1          12  -1.4805945976624275E-017
           1          13  -7.1883617831062033E-015
           1          14   8.3012460013114431E-016
           1          15   6.9185209757575566E-015
           1          16   2.8887316360878948E-015
           1          17   9.3279537169635085E-016
           1          18   5.8668279747621177E-015
           1          19   2.4898626448259707E-015
           1          20   6.4835415673231450E-015
           1          21   9.5149342289907647E-015
           1          22   4.1881112448072204E-016
           1          23  -3.2705565160102641E-015
           1          24  -1.2841295417636223E-014
           1          25  -1.1089251670623971E-014
           1          26   4.6350963990084766E-016
           1          27  -3.5534779802545921E-015
           1          28  -9.5012766268782497E-015
           1          29  -6.7183869849329914E-015
           1          30  -1.0661461572285084E-002
           1          31   6.3633290856933148E-005
           1          32  -9.4290816379930201E-003
           1          33   1.9802490743852870E-005
           1          34  -5.5929065210312090E-004
           1          35  -1.0494741750398362E-002
           2           1  0.62959093855725445     
           2           2   1.2414428684139189     
           2           3 -0.49975596098138297     
           2           4 -0.52194682478134202     
           2           5  0.27579235893792536     
           2           6  0.16473318698559541     
           2           7  -2.5867446933847862E-002
           2           8  -1.4774890469294161E-002
           2           9   2.4557026610210274E-015
           2          10   5.3832982121563421E-016
           2          11   1.0540589568692481E-015
           2          12   1.1250009548564247E-014
           2          13  -2.3747297990527731E-014
           2          14  -7.4699933857211742E-015
           2          15   1.2051762851429744E-014
           2          16   8.5139629165685334E-015
           2          17   1.1692004565542350E-014
           2          18  -7.7532199892038368E-017
           2          19   1.1176806961814857E-014
           2          20   2.7378523629841743E-014
           2          21   2.0552480448980806E-014
           2          22   5.0181188513208511E-015
           2          23  -2.0308296847500368E-016
           2          24  -4.2314743670453561E-014
           2          25  -3.5121177173330496E-014
           2          26  -2.2588237307083506E-015
           2          27  -1.0722668174945162E-014
           2          28  -2.6777121709945754E-014
           2          29  -1.8739347570631228E-014
           2          30  -2.4830403932775399E-002
           2          31   1.9489612515558336E-004
           2          32  -2.1055293844591361E-002
           2          33   6.0699043211679558E-005
           2          34  -1.7128228006204310E-003
           2          35  -2.4319691863645892E-002
           3           1 -0.16291025990615260     
           3           2 -0.49975596098138297     
           3           3   1.0761518984206413     
           3           4  0.94587262785161941     
           3           5 -0.76556933788159620     
           3           6 -0.40507766480745933     
           3           7   5.5434055181845576E-002
           3           8   3.3627796321205113E-002
           3           9   3.6614347657355260E-015
           3          10   3.6479486708151709E-015
           3          11  -4.7006932293273772E-016
           3          12   3.4715944849183168E-014
           3          13   3.3113913074367211E-014
           3          14   2.0582888928330689E-015
           3          15  -7.3150610508497569E-014
           3          16   1.3253811398150145E-015
           3          17  -5.9762977677129164E-015
           3          18  -7.1382730190455517E-014
           3          19  -2.4979905879665352E-015
           3          20  -6.3230950351649246E-015
           3          21  -9.9433957505347729E-014
           3          22  -1.2848769688701463E-015
           3          23   1.8462986346603718E-014
           3          24   9.6924154621686981E-014
           3          25   8.3343008022034692E-014
           3          26   1.7426082341893544E-014
           3          27   2.2056226897025114E-014
           3          28   5.1696138710369155E-014
           3          29   3.7491365974518449E-014
           3          30   4.8242520388986923E-002
           3          31  -4.7160790039017835E-004
           3          32   3.9088040269651521E-002
           3          33  -1.4849110572679358E-004
           3          34   4.1388318002360874E-003
           3          35   4.7004316700121083E-002
           4           1 -0.18713237361421098     
           4           2 -0.52194682478134202     
           4           3  0.94587262785161941     
           4           4  0.88452761541302394     
           4           5 -0.66714099520522308     
           4           6 -0.45612669615807022     
           4           7   8.4674636809065021E-002
           4           8   5.0370320955069686E-002
           4           9  -1.7216644884645191E-014
           4          10   1.0519244391958104E-014
           4          11   2.0638760940043431E-014
           4          12  -1.6629738624804489E-013
           4          13   1.0321295516868544E-013
           4          14   2.0940772482004241E-013
           4          15   1.0700793812703009E-013
           4          16  -7.8767700165434405E-014
           4          17  -1.9817973085264257E-013
           4          18   2.3808150187611812E-013
           4          19  -1.3138574538390226E-013
           4          20  -3.2042651406479018E-013
           4          21   7.6000172824606514E-014
           4          22  -8.3945426439822621E-014
           4          23  -1.7037034925546877E-013
           4          24   1.5717752133695832E-013
           4          25   1.1520759292244550E-013
           4          26   9.0712195831260467E-015
           4          27   3.2156417486088959E-014
           4          28   7.8026011620192954E-014
           4          29   5.5556039085332137E-014
           4          30   3.8040909693573148E-002
           4          31  -6.6438433326598541E-004
           4          32   2.5143457726026486E-002
           4          33  -2.0927086407799861E-004
           4          34   5.8303450220204183E-003
           4          35   3.6296350157900670E-002
           5           1   9.7075858329922521E-002
           5           2  0.27579235893792536     
           5           3 -0.76556933788159620     
           5           4 -0.66714099520522308     
           5           5   1.8988335460961498     
           5           6  0.81277157505787434     
           5           7 -0.12733300232450673     
           5           8  -7.2469479204938875E-002
           5           9   1.9865989254869388E-014
           5          10  -1.7592471677221667E-014
           5          11  -4.9684939145563962E-014
           5          12   1.8843879212742592E-013
           5          13  -1.7142857018703864E-013
           5          14  -4.8782671676384875E-013
           5          15  -1.7556898463784790E-013
           5          16   1.7757766962667064E-013
           5          17   4.4298556811697407E-013
           5          18  -3.3989248796017334E-013
           5          19   2.7490506434843607E-013
           5          20   7.2329238345698866E-013
           5          21  -1.1898783691091333E-013
           5          22   1.8128279263280540E-013
           5          23   4.1344967179093381E-013
           5          24  -2.2851034999961968E-013
           5          25  -1.6292526380043870E-013
           5          26   6.5619028504818085E-015
           5          27  -4.4244733761330394E-014
           5          28  -1.2580332565691273E-013
           5          29  -8.9680630552245550E-014
           5          30 -0.13624382491420958     
           5          31   9.8506083394553096E-004
           5          32 -0.11708817419332582     
           5          33   3.1301705313220742E-004
           5          34  -8.6345485332112570E-003
           5          35 -0.13365293106323942     
           6           1   5.5493671304418665E-002
           6           2  0.16473318698559541     
           6           3 -0.40507766480745933     
           6           4 -0.45612669615807022     
           6           5  0.81277157505787434     
           6           6  0.67814340324008759     
           6           7 -0.26745285593121515     
           6           8 -0.13666528750193913     
           6           9  -1.3655039881763724E-014
           6          10   9.0113755362917709E-015
           6          11   2.4952674094463157E-014
           6          12  -1.3553644492606026E-013
           6          13   8.5070587123252372E-014
           6          14   2.2914514198274615E-013
           6          15   1.3913061633014518E-013
           6          16  -5.9415120438803104E-014
           6          17  -2.0552493453196624E-013
           6          18   1.5112618274262099E-013
           6          19  -1.4555326050029078E-013
           6          20  -3.4597322935248068E-013
           6          21   2.2336184546020053E-013
           6          22  -4.4740270892722448E-014
           6          23  -2.5791091985283248E-013
           6          24  -3.6966867106891655E-013
           6          25  -3.2102658566590071E-013
           6          26  -1.0233906165323608E-013
           6          27  -8.6220712587595726E-014
           6          28  -2.5763856627631611E-013
           6          29  -1.6057687672895038E-013
           6          30  -4.2109109857154145E-002
           6          31   1.2912161871654552E-003
           6          32  -1.7130578362620816E-002
           6          33   3.9954042190117213E-004
           6          34  -1.1357189064494372E-002
           6          35  -3.8727789832506979E-002
           7           1  -8.4385298621306466E-003
           7           2  -2.5867446933847862E-002
           7           3   5.5434055181845576E-002
           7           4   8.4674636809065021E-002
           7           5 -0.12733300232450673     
           7           6 -0.26745285593121515     
           7           7  0.66134183893403520     
           7           8  0.27481663526379491     
           7           9  -5.3774245892202164E-014
           7          10  -2.9983977619567012E-015
           7          11  -7.4786925542185114E-015
           7          12  -5.2486922082473712E-013
           7          13  -1.2862747355707337E-014
           7          14  -4.8972943794152091E-014
           7          15   4.4626144139516915E-013
           7          16  -2.6916750761666675E-014
           7          17   3.0539064328142704E-014
           7          18   7.8989997571702532E-013
           7          19   1.1224461109005045E-013
           7          20   6.4709068147258508E-014
           7          21   3.6256795868774677E-013
           7          22  -1.2049498523070971E-013
           7          23   5.4975305547108166E-014
           7          24   7.8835596082128186E-013
           7          25   6.1259049944577183E-013
           7          26   2.7929836836167399E-013
           7          27   2.0516075845875105E-013
           7          28   6.4334154446781672E-013
           7          29   3.1558135305555831E-013
           7          30  -9.9311683417296816E-003
           7          31  -7.6719273259258651E-004
           7          32  -2.4118520800620730E-002
           7          33  -1.8354573306440843E-004
           7          34   6.9433533770176126E-003
           7          35  -1.1866513601786631E-002
           8           1  -4.7055485185713668E-003
           8           2  -1.4774890469294161E-002
           8           3   3.3627796321205113E-002
           8           4   5.0370320955069686E-002
           8           5  -7.2469479204938875E-002
           8           6 -0.13666528750193913     
           8           7  0.27481663526379491     
           8           8  0.11559782522351736     
           8           9   9.4533149736205724E-014
           8          10  -1.7390398010865082E-014
           8          11  -3.6197878418204395E-014
           8          12   9.1534445817847220E-013
           8          13  -1.6209983821346243E-013
           8          14  -3.4134755846654476E-013
           8          15  -8.4477966842257519E-013
           8          16   1.3363034023269205E-013
           8          17   3.1021282841365687E-013
           8          18  -1.3764094647607388E-012
           8          19   2.8303306812806551E-013
           8          20   5.1739124101118307E-013
           8          21  -9.1206847842042303E-013
           8          22   9.8505750627040817E-014
           8          23   3.3054753403401699E-013
           8          24   2.4531594819037554E-013
           8          25   2.7013860125934199E-013
           8          26   1.3967957160072344E-013
           8          27   8.1886934180139797E-014
           8          28   2.6762065188364499E-013
           8          29   1.3383339426681556E-013
           8          30  -3.3492787316101100E-003
           8          31  -3.7127366747035046E-004
           8          32  -1.0274073378346085E-002
           8          33  -9.3682447090116870E-005
           8          34   3.3425303014815522E-003
           8          35  -4.2925158846115188E-003
           9           1   7.3025824628538700E-016
           9           2   2.4557026610210274E-015
           9           3   3.6614347657355260E-015
           9           4  -1.7216644884645191E-014
           9           5   1.9865989254869388E-014
           9           6  -1.3655039881763724E-014
           9           7  -5.3774245892202164E-014
           9           8   9.4533149736205724E-014
           9           9   2.5806052522446055E-002
           9          10  -3.1388731104917524E-007
           9          11  -1.0447516286891511E-007
           9          12  0.23130115386101330     
           9          13   2.5596174495713577E-006
           9          14   1.0451354549058378E-006
           9          15  -4.3636825766560750E-002
           9          16  -4.9167226099221945E-006
           9          17  -1.8540475816347310E-006
           9          18  -3.1878944767663502E-002
           9          19  -3.0323305535901119E-005
           9          20  -1.1549030798112779E-005
           9          21  -1.7863635216212481E-002
           9          22   2.0109621614467833E-005
           9          23   7.3873310630070618E-006
           9          24   5.8436335287664096E-005
           9          25   4.1604974972721559E-006
           9          26   1.7628116544978584E-006
           9          27  -4.8068521926941188E-004
           9          28  -2.4442322598299657E-007
           9          29  -1.2785529763587782E-007
           9          30   1.0171131542489614E-014
           9          31   1.9605053761128950E-014
           9          32  -2.4442813988708721E-014
           9          33  -2.5030056018089998E-014
           9          34   2.9987641633075461E-015
           9          35   2.4303797657111635E-014
          10           1   9.2868057313710540E-016
          10           2   5.3832982121563421E-016
          10           3   3.6479486708151709E-015
          10           4   1.0519244391958104E-014
          10           5  -1.7592471677221667E-014
          10           6   9.0113755362917709E-015
          10           7  -2.9983977619567012E-015
          10           8  -1.7390398010865082E-014
          10           9  -3.1388731104917524E-007
          10          10   2.5798663899033469E-002
          10          11   2.7341949268920693E-006
          10          12   2.5596174506876523E-006
          10          13  0.23135948937378145     
          10          14  -2.1596818209241708E-005
          10          15  -4.9167226161203614E-006
          10          16  -4.3750403793206175E-002
          10          17   4.2040767530039658E-005
          10          18  -3.0323305533782804E-005
          10          19  -3.2578289342244909E-002
          10          20   2.5886726277981470E-004
          10          21   2.0109621607711519E-005
          10          22  -1.7397154283121826E-002
          10          23  -1.7265754779501204E-004
          10          24   4.1604974143160326E-006
          10          25   1.5262234317773703E-004
          10          26  -3.4872539439642526E-005
          10          27  -2.4442315129396232E-007
          10          28  -4.8597763079353320E-004
          10          29   1.9607653363174785E-006
          10          30   2.8181949624255130E-015
          10          31  -7.7724201084677317E-015
          10          32   1.0373588675593008E-014
          10          33   5.0880370753767476E-015
          10          34  -1.0406534114524389E-014
          10          35  -1.2507233520893303E-014
          11           1   1.0109336915289323E-015
          11           2   1.0540589568692481E-015
          11           3  -4.7006932293273772E-016
          11           4   2.0638760940043431E-014
          11           5  -4.9684939145563962E-014
          11           6   2.4952674094463157E-014
          11           7  -7.4786925542185114E-015
          11           8  -3.6197878418204395E-014
          11           9  -1.0447516286891511E-007
          11          10   2.7341949268920693E-006
          11          11   2.5805055904215893E-002
          11          12   1.0451354540540886E-006
          11          13  -2.1596818205603559E-005
          11          14  0.23130902247644292     
          11          15  -1.8540475884383165E-006
          11          16   4.2040767523963355E-005
          11          17  -4.3652145796665293E-002
          11          18  -1.1549030786568194E-005
          11          19   2.5886726278994418E-004
          11          20  -3.1973276217257346E-002
          11          21   7.3873310744074477E-006
          11          22  -1.7265754784416109E-004
          11          23  -1.7800713697811221E-002
          11          24   1.7628116290319823E-006
          11          25  -3.4872539470797374E-005
          11          26   7.1140662977131120E-005
          11          27  -1.2785522166263320E-007
          11          28   1.9607653400581640E-006
          11          29  -4.8139908885400806E-004
          11          30   1.0894881298670408E-014
          11          31  -1.9475755221385600E-014
          11          32   3.0715714444002127E-014
          11          33   1.1639212415575632E-014
          11          34  -2.7703327381906991E-014
          11          35  -2.7413953808536505E-014
          12           1  -1.4805945976624275E-017
          12           2   1.1250009548564247E-014
          12           3   3.4715944849183168E-014
          12           4  -1.6629738624804489E-013
          12           5   1.8843879212742592E-013
          12           6  -1.3553644492606026E-013
          12           7  -5.2486922082473712E-013
          12           8   9.1534445817847220E-013
          12           9  0.23130115386101330     
          12          10   2.5596174506876523E-006
          12          11   1.0451354540540886E-006
          12          12   2.0746679614162113     
          12          13   7.4512817573937906E-005
          12          14   2.8333739383448742E-005
          12          15 -0.40112727721329949     
          12          16  -6.0287464116310502E-005
          12          17  -2.2469543216337151E-005
          12          18 -0.30238450645514869     
          12          19  -3.0834775700883804E-004
          12          20  -1.1684549191321586E-004
          12          21 -0.16863448614230098     
          12          22   1.8393539956814168E-004
          12          23   6.7334660351229050E-005
          12          24  -2.7504935646612515E-004
          12          25   3.9930620538053592E-005
          12          26   1.6888035011918554E-005
          12          27  -4.3076354995003029E-003
          12          28  -2.5370992607255677E-006
          12          29  -1.2971325043336886E-006
          12          30   9.7692814930594039E-014
          12          31   1.9010341047200085E-013
          12          32  -2.3864311477732159E-013
          12          33  -2.4262610511012525E-013
          12          34   2.9399980065848419E-014
          12          35   2.3500567681525876E-013
          13           1  -7.1883617831062033E-015
          13           2  -2.3747297990527731E-014
          13           3   3.3113913074367211E-014
          13           4   1.0321295516868544E-013
          13           5  -1.7142857018703864E-013
          13           6   8.5070587123252372E-014
          13           7  -1.2862747355707337E-014
          13           8  -1.6209983821346243E-013
          13           9   2.5596174495713577E-006
          13          10  0.23135948937378145     
          13          11  -2.1596818205603559E-005
          13          12   7.4512817573937906E-005
          13          13   2.0763868967315768     
          13          14  -6.3627359562656513E-004
          13          15  -6.0287464161014326E-005
          13          16 -0.40252255927382208     
          13          17   5.1644872292837263E-004
          13          18  -3.0834775696454535E-004
          13          19 -0.30950179047671139     
          13          20   2.6344825154978116E-003
          13          21   1.8393539951659828E-004
          13          22 -0.16436542865184148     
          13          23  -1.5800850426357172E-003
          13          24   3.9930619734690112E-005
          13          25   6.2921037540931285E-004
          13          26  -3.3480223282909800E-004
          13          27  -2.5370985358444479E-006
          13          28  -4.3628678872194657E-003
          13          29   2.0461234962805918E-005
          13          30   2.7758558512754121E-014
          13          31  -7.5374680017116074E-014
          13          32   1.0167962285093713E-013
          13          33   4.9707409096111597E-014
          13          34  -1.0083954217053674E-013
          13          35  -1.2036574624161945E-013
          14           1   8.3012460013114431E-016
          14           2  -7.4699933857211742E-015
          14           3   2.0582888928330689E-015
          14           4   2.0940772482004241E-013
          14           5  -4.8782671676384875E-013
          14           6   2.2914514198274615E-013
          14           7  -4.8972943794152091E-014
          14           8  -3.4134755846654476E-013
          14           9   1.0451354549058378E-006
          14          10  -2.1596818209241708E-005
          14          11  0.23130902247644292     
          14          12   2.8333739383448742E-005
          14          13  -6.3627359562656513E-004
          14          14   2.0748998208829903     
          14          15  -2.2469543289389826E-005
          14          16   5.1644872289877131E-004
          14          17 -0.40131548054606203     
          14          18  -1.1684549181439907E-004
          14          19   2.6344825156451868E-003
          14          20 -0.30334452493993369     
          14          21   6.7334660453690492E-005
          14          22  -1.5800850430831752E-003
          14          23 -0.16805865214697752     
          14          24   1.6888034764187248E-005
          14          25  -3.3480223312843890E-004
          14          26  -1.5307782154533323E-004
          14          27  -1.2971317677612645E-006
          14          28   2.0461234999006954E-005
          14          29  -4.3150855478683772E-003
          14          30   1.0493037274571382E-013
          14          31  -1.8909819389806118E-013
          14          32   2.9584731239907110E-013
          14          33   1.1263792299551080E-013
          14          34  -2.6825441961186587E-013
          14          35  -2.6692049958584608E-013
          15           1   6.9185209757575566E-015
          15           2   1.2051762851429744E-014
          15           3  -7.3150610508497569E-014
          15           4   1.0700793812703009E-013
          15           5  -1.7556898463784790E-013
          15           6   1.3913061633014518E-013
          15           7   4.4626144139516915E-013
          15           8  -8.4477966842257519E-013
          15           9  -4.3636825766560750E-002
          15          10  -4.9167226161203614E-006
          15          11  -1.8540475884383165E-006
          15          12 -0.40112727721329949     
          15          13  -6.0287464161014326E-005
          15          14  -2.2469543289389826E-005
          15          15  0.63859404768345662     
          15          16   1.4551736344423777E-004
          15          17   5.3347109972075313E-005
          15          18  0.45490908792072848     
          15          19   2.5863276302308044E-004
          15          20   9.7501330204849412E-005
          15          21  0.15992798061463256     
          15          22  -1.4619594941731647E-004
          15          23  -5.3607135936790257E-005
          15          24   4.5058699450693093E-003
          15          25  -4.0574310019289572E-005
          15          26  -1.6930513521704830E-005
          15          27   2.8940517189114320E-003
          15          28   4.0320953527259233E-006
          15          29   1.8142729180983786E-006
          15          30  -8.1748231154989965E-014
          15          31  -1.7592347958252903E-013
          15          32   2.4142038106122875E-013
          15          33   2.2423287136228561E-013
          15          34  -2.8049555257648244E-014
          15          35  -2.0223463921047449E-013
          16           1   2.8887316360878948E-015
          16           2   8.5139629165685334E-015
          16           3   1.3253811398150145E-015
          16           4  -7.8767700165434405E-014
          16           5   1.7757766962667064E-013
          16           6  -5.9415120438803104E-014
          16           7  -2.6916750761666675E-014
          16           8   1.3363034023269205E-013
          16           9  -4.9167226099221945E-006
          16          10  -4.3750403793206175E-002
          16          11   4.2040767523963355E-005
          16          12  -6.0287464116310502E-005
          16          13 -0.40252255927382208     
          16          14   5.1644872289877131E-004
          16          15   1.4551736344423777E-004
          16          16  0.64197068200063656     
          16          17  -1.2497806949975099E-003
          16          18   2.5863276290617743E-004
          16          19  0.46088385901693213     
          16          20  -2.2115528758942585E-003
          16          21  -1.4619594941340207E-004
          16          22  0.15653571177928952     
          16          23   1.2555679982057186E-003
          16          24  -4.0574309288270757E-005
          16          25   3.5847551281417509E-003
          16          26   3.4103110161247678E-004
          16          27   4.0320946866087781E-006
          16          28   2.9842811953028443E-003
          16          29  -3.3413032244098112E-005
          16          30  -2.9577593581527449E-014
          16          31   6.9394015627503633E-014
          16          32  -1.0141583303132492E-013
          16          33  -4.5580943227210640E-014
          16          34   9.1437300355784075E-014
          16          35   1.0066391917172645E-013
          17           1   9.3279537169635085E-016
          17           2   1.1692004565542350E-014
          17           3  -5.9762977677129164E-015
          17           4  -1.9817973085264257E-013
          17           5   4.4298556811697407E-013
          17           6  -2.0552493453196624E-013
          17           7   3.0539064328142704E-014
          17           8   3.1021282841365687E-013
          17           9  -1.8540475816347310E-006
          17          10   4.2040767530039658E-005
          17          11  -4.3652145796665293E-002
          17          12  -2.2469543216337151E-005
          17          13   5.1644872292837263E-004
          17          14 -0.40131548054606203     
          17          15   5.3347109972075313E-005
          17          16  -1.2497806949975099E-003
          17          17  0.63904950672533078     
          17          18   9.7501330014085341E-005
          17          19  -2.2115528760924957E-003
          17          20  0.45571499796702863     
          17          21  -5.3607136095413371E-005
          17          22   1.2555679985870004E-003
          17          23  0.15947041270399370     
          17          24  -1.6930513302511893E-005
          17          25   3.4103110188062199E-004
          17          26   4.3816249034157526E-003
          17          27   1.8142722464492545E-006
          17          28  -3.3413032275464853E-005
          17          29   2.9062223674557728E-003
          17          30  -9.1042599343783388E-014
          17          31   1.7514407833074000E-013
          17          32  -2.6100341018627076E-013
          17          33  -1.0214766176007645E-013
          17          34   2.4341328210489474E-013
          17          35   2.5257292174137966E-013
          18           1   5.8668279747621177E-015
          18           2  -7.7532199892038368E-017
          18           3  -7.1382730190455517E-014
          18           4   2.3808150187611812E-013
          18           5  -3.3989248796017334E-013
          18           6   1.5112618274262099E-013
          18           7   7.8989997571702532E-013
          18           8  -1.3764094647607388E-012
          18           9  -3.1878944767663502E-002
          18          10  -3.0323305533782804E-005
          18          11  -1.1549030786568194E-005
          18          12 -0.30238450645514869     
          18          13  -3.0834775696454535E-004
          18          14  -1.1684549181439907E-004
          18          15  0.45490908792072848     
          18          16   2.5863276290617743E-004
          18          17   9.7501330014085341E-005
          18          18  0.43529214988024917     
          18          19   4.9674608390446948E-004
          18          20   1.9033374708792711E-004
          18          21  0.20080807750878160     
          18          22  -2.0319799243928051E-004
          18          23  -7.0334989476649942E-005
          18          24   1.2161747259143199E-002
          18          25  -6.3654380033266071E-005
          18          26  -2.6253377593966898E-005
          18          27   1.8325347673925653E-003
          18          28   6.6928615951353894E-006
          18          29   3.0032128476818200E-006
          18          30  -1.2673758412278723E-013
          18          31  -2.8893714500736421E-013
          18          32   3.9025857734186901E-013
          18          33   3.6435742846283932E-013
          18          34  -4.7161458932671479E-014
          18          35  -3.3667225341173926E-013
          19           1   2.4898626448259707E-015
          19           2   1.1176806961814857E-014
          19           3  -2.4979905879665352E-015
          19           4  -1.3138574538390226E-013
          19           5   2.7490506434843607E-013
          19           6  -1.4555326050029078E-013
          19           7   1.1224461109005045E-013
          19           8   2.8303306812806551E-013
          19           9  -3.0323305535901119E-005
          19          10  -3.2578289342244909E-002
          19          11   2.5886726278994418E-004
          19          12  -3.0834775700883804E-004
          19          13 -0.30950179047671139     
          19          14   2.6344825156451868E-003
          19          15   2.5863276302308044E-004
          19          16  0.46088385901693213     
          19          17  -2.2115528760924957E-003
          19          18   4.9674608390446948E-004
          19          19  0.44673725666611808     
          19          20  -4.2365431615623353E-003
          19          21  -2.0319799231915091E-004
          19          22  0.19605177257220413     
          19          23   1.7602257512270751E-003
          19          24  -6.3654378815619536E-005
          19          25   1.0713618462676650E-002
          19          26   5.3613568449367710E-004
          19          27   6.6928604926854844E-006
          19          28   1.9823886018278695E-003
          19          29  -5.5492202234941145E-005
          19          30  -5.0983125409242383E-014
          19          31   1.1600020725060445E-013
          19          32  -1.7590503974130756E-013
          19          33  -7.4814865808182179E-014
          19          34   1.5241820160268267E-013
          19          35   1.6324583606376778E-013
          20           1   6.4835415673231450E-015
          20           2   2.7378523629841743E-014
          20           3  -6.3230950351649246E-015
          20           4  -3.2042651406479018E-013
          20           5   7.2329238345698866E-013
          20           6  -3.4597322935248068E-013
          20           7   6.4709068147258508E-014
          20           8   5.1739124101118307E-013
          20           9  -1.1549030798112779E-005
          20          10   2.5886726277981470E-004
          20          11  -3.1973276217257346E-002
          20          12  -1.1684549191321586E-004
          20          13   2.6344825154978116E-003
          20          14 -0.30334452493993369     
          20          15   9.7501330204849412E-005
          20          16  -2.2115528758942585E-003
          20          17  0.45571499796702863     
          20          18   1.9033374708792711E-004
          20          19  -4.2365431615623353E-003
          20          20  0.43683592894558271     
          20          21  -7.0334989541072368E-005
          20          22   1.7602257520577631E-003
          20          23  0.20016652089367903     
          20          24  -2.6253377211894594E-005
          20          25   5.3613568495207507E-004
          20          26   1.1966415668196489E-002
          20          27   3.0032117370617606E-006
          20          28  -5.5492202285915777E-005
          20          29   1.8527478776244994E-003
          20          30  -1.4970216124290594E-013
          20          31   2.8801787968139182E-013
          20          32  -4.2863203217791805E-013
          20          33  -1.7037681085102969E-013
          20          34   4.0321249554337349E-013
          20          35   4.1668105183729325E-013
          21           1   9.5149342289907647E-015
          21           2   2.0552480448980806E-014
          21           3  -9.9433957505347729E-014
          21           4   7.6000172824606514E-014
          21           5  -1.1898783691091333E-013
          21           6   2.2336184546020053E-013
          21           7   3.6256795868774677E-013
          21           8  -9.1206847842042303E-013
          21           9  -1.7863635216212481E-002
          21          10   2.0109621607711519E-005
          21          11   7.3873310744074477E-006
          21          12 -0.16863448614230098     
          21          13   1.8393539951659828E-004
          21          14   6.7334660453690492E-005
          21          15  0.15992798061463256     
          21          16  -1.4619594941340207E-004
          21          17  -5.3607136095413371E-005
          21          18  0.20080807750878160     
          21          19  -2.0319799231915091E-004
          21          20  -7.0334989541072368E-005
          21          21  0.11258016032277220     
          21          22  -4.2531177136375482E-004
          21          23  -1.6729917142072667E-004
          21          24   8.1274697595249568E-003
          21          25  -6.2047952126026388E-005
          21          26  -2.6874991470474894E-005
          21          27   6.6578779673036694E-004
          21          28   2.8458641695152985E-006
          21          29   1.5209556588754791E-006
          21          30  -7.8700480679126981E-014
          21          31  -1.7836763693932583E-013
          21          32   2.4428968144564329E-013
          21          33   2.2596912173677730E-013
          21          34  -3.2904370088935055E-014
          21          35  -2.1110441687983072E-013
          22           1   4.1881112448072204E-016
          22           2   5.0181188513208511E-015
          22           3  -1.2848769688701463E-015
          22           4  -8.3945426439822621E-014
          22           5   1.8128279263280540E-013
          22           6  -4.4740270892722448E-014
          22           7  -1.2049498523070971E-013
          22           8   9.8505750627040817E-014
          22           9   2.0109621614467833E-005
          22          10  -1.7397154283121826E-002
          22          11  -1.7265754784416109E-004
          22          12   1.8393539956814168E-004
          22          13 -0.16436542865184148     
          22          14  -1.5800850430831752E-003
          22          15  -1.4619594941731647E-004
          22          16  0.15653571177928952     
          22          17   1.2555679985870004E-003
          22          18  -2.0319799243928051E-004
          22          19  0.19605177257220413     
          22          20   1.7602257520577631E-003
          22          21  -4.2531177136375482E-004
          22          22  0.10282390849754525     
          22          23   3.6116108455282966E-003
          22          24  -6.2047951376830300E-005
          22          25   6.7286203909220329E-003
          22          26   5.1795638155691603E-004
          22          27   2.8458634853269561E-006
          22          28   7.2708790367141782E-004
          22          29  -2.2712567515997868E-005
          22          30  -2.7099752027136682E-014
          22          31   7.2046849362098514E-014
          22          32  -1.0201630899777297E-013
          22          33  -4.7499263320563619E-014
          22          34   9.2989091545152195E-014
          22          35   1.0624874692379542E-013
          23           1  -3.2705565160102641E-015
          23           2  -2.0308296847500368E-016
          23           3   1.8462986346603718E-014
          23           4  -1.7037034925546877E-013
          23           5   4.1344967179093381E-013
          23           6  -2.5791091985283248E-013
          23           7   5.4975305547108166E-014
          23           8   3.3054753403401699E-013
          23           9   7.3873310630070618E-006
          23          10  -1.7265754779501204E-004
          23          11  -1.7800713697811221E-002
          23          12   6.7334660351229050E-005
          23          13  -1.5800850426357172E-003
          23          14 -0.16805865214697752     
