           1           1  0.37155577745834573     
           1           2  0.62793288313756079     
           1           3 -0.13070524557194077     
           1           4 -0.18024487184490162     
           1           5   3.9107257909449349E-002
           1           6   4.3325073003322889E-002
           1           7  -1.9302792604867448E-014
           1           8  -2.4002164908357082E-014
           1           9  -1.2251076739080966E-014
           1          10   1.4794763115283925E-014
           1          11   1.8952306084449244E-014
           1          12   2.3050106443203406E-014
           1          13   1.1840704159964207E-015
           1          14  -1.3580598141853080E-016
           1          15  -1.2222469372338577E-014
           1          16   1.0764747970119423E-014
           1          17  -7.5664214062809521E-016
           1          18   9.9949151965454728E-015
           1          19  -1.2656184075668932E-014
           1          20  -5.3308260704034509E-015
           1          21  -3.6054729317884345E-015
           2           1  0.62793288313756079     
           2           2   1.1000454018825390     
           2           3 -0.36926436211211400     
           2           4 -0.49471176867816535     
           2           5  0.11478101809880645     
           2           6  0.12522611445380680     
           2           7  -3.6926228930528804E-014
           2           8  -3.9118192491489594E-014
           2           9  -2.5487023989285451E-014
           2          10   2.2697874642419766E-014
           2          11   3.0843172353701824E-014
           2          12   3.6698242074833288E-014
           2          13   1.4252423980449491E-015
           2          14   8.0253606998177390E-016
           2          15  -2.2348599628368858E-014
           2          16   2.0595948257561021E-014
           2          17   1.4189871470707902E-015
           2          18   1.9165767078894361E-014
           2          19  -2.2330691347777364E-014
           2          20  -8.3951623333377487E-015
           2          21  -5.3844106928993756E-015
           3           1 -0.13070524557194077     
           3           2 -0.36926436211211400     
           3           3  0.61477356108644043     
           3           4  0.80207211475390594     
           3           5 -0.23881441381595295     
           3           6 -0.24646479303649266     
           3           7   3.3188390534160764E-015
           3           8  -6.2097131862480946E-015
           3           9   4.0906700180907332E-014
           3          10  -1.5730361392503679E-015
           3          11  -4.4402104148297373E-015
           3          12   5.5029291714144598E-015
           3          13   1.9050358253130096E-015
           3          14  -3.2290006408247912E-015
           3          15   1.2136806891624421E-014
           3          16  -1.2320976601298960E-014
           3          17  -9.1202858914902834E-015
           3          18  -1.2896468094938273E-014
           3          19   7.9139995444565408E-015
           3          20  -1.1817441146370168E-016
           3          21  -2.0584076650067513E-015
           4           1 -0.18024487184490162     
           4           2 -0.49471176867816535     
           4           3  0.80207211475390594     
           4           4   1.0985403598017787     
           4           5 -0.51164666273331361     
           4           6 -0.48718482709169064     
           4           7   5.2983514581957233E-014
           4           8   1.6842668922309478E-014
           4           9  -7.0313031497718014E-014
           4          10   1.0896512127680687E-014
           4          11   5.9520750744135422E-016
           4          12  -2.5858564285919845E-014
           4          13   9.4159069202474571E-015
           4          14  -1.6401554982615928E-016
           4          15   1.5033760060846654E-014
           4          16  -1.3666073402377106E-014
           4          17  -1.3763484960265622E-014
           4          18  -1.6339010742752286E-014
           4          19   1.0003489904435750E-014
           4          20  -1.4873837415152869E-015
           4          21  -4.6212507223325163E-015
           5           1   3.9107257909449349E-002
           5           2  0.11478101809880645     
           5           3 -0.23881441381595295     
           5           4 -0.51164666273331361     
           5           5  0.86843652198383525     
           5           6  0.73820874337904230     
           5           7  -4.2016982368276414E-014
           5           8   2.3713005434763405E-014
           5           9   4.8312542754953330E-014
           5          10  -1.2968216892141011E-014
           5          11   4.7965539834246766E-015
           5          12   1.1986280757968305E-014
           5          13  -2.0222528160159697E-014
           5          14  -9.9817594149360818E-015
           5          15  -1.4458415674789170E-014
           5          16  -3.8304324137769569E-015
           5          17   8.5169525056007097E-015
           5          18   1.1486811464286091E-014
           5          19   1.2979670304604185E-015
           5          20   5.1359365167745957E-015
           5          21   1.2296233500573603E-014
           6           1   4.3325073003322889E-002
           6           2  0.12522611445380680     
           6           3 -0.24646479303649266     
           6           4 -0.48718482709169064     
           6           5  0.73820874337904230     
           6           6  0.63140191980427063     
           6           7   1.1109940587901776E-013
           6           8   3.6573371367361689E-014
           6           9   4.3270090396212090E-014
           6          10   2.8072846418097964E-014
           6          11   8.5622688061529056E-015
           6          12   1.1156972828057052E-014
           6          13  -1.6680911703347425E-014
           6          14  -1.2374571945733267E-014
           6          15  -1.5347063891496755E-014
           6          16  -1.5841958567097362E-014
           6          17  -4.2845960279266300E-015
           6          18   5.0730858245517911E-015
           6          19  -6.1195087997561388E-015
           6          20  -2.1445032963043470E-015
           6          21   6.8180579704450562E-015
           7           1  -1.9302792604867448E-014
           7           2  -3.6926228930528804E-014
           7           3   3.3188390534160764E-015
           7           4   5.2983514581957233E-014
           7           5  -4.2016982368276414E-014
           7           6   1.1109940587901776E-013
           7           7   3.2390564986065629     
           7           8  -2.2067910513300076E-002
           7           9   4.3601865151851854E-002
           7          10  0.85540046961320004     
           7          11  -5.1416835352782022E-003
           7          12   1.0158958729783635E-002
           7          13  -2.8709136253179578E-002
           7          14   1.6735289108325876E-002
           7          15  -3.3065650623327017E-002
           7          16 -0.37675582660209994     
           7          17   3.5152932342220194E-002
           7          18  -6.9455303201998567E-002
           7          19 -0.19201412579070343     
           7          20   2.3193261924857954E-002
           7          21  -4.5825338937782539E-002
           8           1  -2.4002164908357082E-014
           8           2  -3.9118192491489594E-014
           8           3  -6.2097131862480946E-015
           8           4   1.6842668922309478E-014
           8           5   2.3713005434763405E-014
           8           6   3.6573371367361689E-014
           8           7  -2.2067910513300076E-002
           8           8   3.2466001419121966     
           8           9   3.6781776470051042E-002
           8          10  -5.1416835352800280E-003
           8          11  0.85715809077819549     
           8          12   8.5699212145825421E-003
           8          13   1.6735289108310545E-002
           8          14  -3.4429888631369115E-002
           8          15  -2.7893608816693102E-002
           8          16   3.5152932342219528E-002
           8          17 -0.38877242338687423     
           8          18  -5.8591287975516507E-002
           8          19   2.3193261924839361E-002
           8          20 -0.19994245660433391     
           8          21  -3.8657460359300351E-002
           9           1  -1.2251076739080966E-014
           9           2  -2.5487023989285451E-014
           9           3   4.0906700180907332E-014
           9           4  -7.0313031497718014E-014
           9           5   4.8312542754953330E-014
           9           6   4.3270090396212090E-014
           9           7   4.3601865151851854E-002
           9           8   3.6781776470051042E-002
           9           9   3.1925426682102591     
           9          10   1.0158958729780426E-002
           9          11   8.5699212145882910E-003
           9          12  0.84456304140483651     
           9          13  -3.3065650623320134E-002
           9          14  -2.7893608816661260E-002
           9          15   6.5648149940526722E-003
           9          16  -6.9455303201970867E-002
           9          17  -5.8591287975467560E-002
           9          18 -0.30266192756337751     
           9          19  -4.5825338937765248E-002
           9          20  -3.8657460359269952E-002
           9          21 -0.14312832614479148     
          10           1   1.4794763115283925E-014
          10           2   2.2697874642419766E-014
          10           3  -1.5730361392503679E-015
          10           4   1.0896512127680687E-014
          10           5  -1.2968216892141011E-014
          10           6   2.8072846418097964E-014
          10           7  0.85540046961320004     
          10           8  -5.1416835352800280E-003
          10           9   1.0158958729780426E-002
          10          10  0.22604653278419801     
          10          11  -1.1913720915005357E-003
          10          12   2.3539177054011542E-003
          10          13  -3.5242576221907670E-003
          10          14   4.0153513694190599E-003
          10          15  -7.9335471680177967E-003
          10          16  -9.0036188101249096E-002
          10          17   8.3046520350302643E-003
          10          18  -1.6408364442108112E-002
          10          19  -4.5752672878801276E-002
          10          20   5.5073437066843331E-003
          10          21  -1.0881431547805482E-002
          11           1   1.8952306084449244E-014
          11           2   3.0843172353701824E-014
          11           3  -4.4402104148297373E-015
          11           4   5.9520750744135422E-016
          11           5   4.7965539834246766E-015
          11           6   8.5622688061529056E-015
          11           7  -5.1416835352782022E-003
          11           8  0.85715809077819549     
          11           9   8.5699212145882910E-003
          11          10  -1.1913720915005357E-003
          11          11  0.22645378865464388     
          11          12   1.9857241098262105E-003
          11          13   4.0153513694150197E-003
          11          14  -4.8968560127668707E-003
          11          15  -6.6926026574936365E-003
          11          16   8.3046520350303060E-003
          11          17  -9.2875031073759662E-002
          11          18  -1.3841811379599826E-002
          11          19   5.5073437066797438E-003
          11          20  -4.7635290466292328E-002
          11          21  -9.1793867424057648E-003
          12           1   2.3050106443203406E-014
          12           2   3.6698242074833288E-014
          12           3   5.5029291714144598E-015
          12           4  -2.5858564285919845E-014
          12           5   1.1986280757968305E-014
          12           6   1.1156972828057052E-014
          12           7   1.0158958729783635E-002
          12           8   8.5699212145825421E-003
          12           9  0.84456304140483651     
          12          10   2.3539177054011542E-003
          12          11   1.9857241098262105E-003
          12          12  0.22353540789260828     
          12          13  -7.9335471680166310E-003
          12          14  -6.6926026574856152E-003
          12          15   4.9391341680094123E-003
          12          16  -1.6408364442104258E-002
          12          17  -1.3841811379588068E-002
          12          18  -7.2531985508858490E-002
          12          19  -1.0881431547802925E-002
          12          20  -9.1793867423987999E-003
          12          21  -3.4144521257076482E-002
          13           1   1.1840704159964207E-015
          13           2   1.4252423980449491E-015
          13           3   1.9050358253130096E-015
          13           4   9.4159069202474571E-015
          13           5  -2.0222528160159697E-014
          13           6  -1.6680911703347425E-014
          13           7  -2.8709136253179578E-002
          13           8   1.6735289108310545E-002
          13           9  -3.3065650623320134E-002
          13          10  -3.5242576221907670E-003
          13          11   4.0153513694150197E-003
          13          12  -7.9335471680166310E-003
          13          13  0.11435844649691662     
          13          14  -1.1023781454468893E-002
          13          15   2.1780831138155522E-002
          13          16  0.26947750599216080     
          13          17  -2.6387942488533066E-002
          13          18   5.2137401471523001E-002
          13          19  0.14091878918820905     
          13          20  -1.6894357890555427E-002
          13          21   3.3379939353970503E-002
          14           1  -1.3580598141853080E-016
          14           2   8.0253606998177390E-016
          14           3  -3.2290006408247912E-015
          14           4  -1.6401554982615928E-016
          14           5  -9.9817594149360818E-015
          14           6  -1.2374571945733267E-014
          14           7   1.6735289108325876E-002
          14           8  -3.4429888631369115E-002
          14           9  -2.7893608816661260E-002
          14          10   4.0153513694190599E-003
          14          11  -4.8968560127668707E-003
          14          12  -6.6926026574856152E-003
          14          13  -1.1023781454468893E-002
          14          14  0.11812679035783899     
          14          15   1.8373931013518443E-002
          14          16  -2.6387942488518265E-002
          14          17  0.27849789899334959     
          14          18   4.3982206729660397E-002
          14          19  -1.6894357890547461E-002
          14          20  0.14669391726958200     
          14          21   2.8158737333557830E-002
          15           1  -1.2222469372338577E-014
          15           2  -2.2348599628368858E-014
          15           3   1.2136806891624421E-014
          15           4   1.5033760060846654E-014
          15           5  -1.4458415674789170E-014
          15           6  -1.5347063891496755E-014
          15           7  -3.3065650623327017E-002
          15           8  -2.7893608816693102E-002
          15           9   6.5648149940526722E-003
          15          10  -7.9335471680177967E-003
          15          11  -6.6926026574936365E-003
          15          12   4.9391341680094123E-003
          15          13   2.1780831138155522E-002
          15          14   1.8373931013518443E-002
          15          15   9.1122975209126739E-002
          15          16   5.2137401471478134E-002
          15          17   4.3982206729651807E-002
          15          18  0.21385809058841843     
          15          19   3.3379939353941228E-002
          15          20   2.8158737333531057E-002
          15          21  0.10530955933249381     
          16           1   1.0764747970119423E-014
          16           2   2.0595948257561021E-014
          16           3  -1.2320976601298960E-014
          16           4  -1.3666073402377106E-014
          16           5  -3.8304324137769569E-015
          16           6  -1.5841958567097362E-014
          16           7 -0.37675582660209994     
          16           8   3.5152932342219528E-002
          16           9  -6.9455303201970867E-002
          16          10  -9.0036188101249096E-002
          16          11   8.3046520350303060E-003
          16          12  -1.6408364442104258E-002
          16          13  0.26947750599216080     
          16          14  -2.6387942488518265E-002
          16          15   5.2137401471478134E-002
          16          16  0.66472887561679617     
          16          17  -6.2089289749352974E-002
          16          18  0.12267626504574788     
          16          19  0.34678620115866898     
          16          20  -4.0309519786337407E-002
          16          21   7.9643709134703200E-002
          17           1  -7.5664214062809521E-016
          17           2   1.4189871470707902E-015
          17           3  -9.1202858914902834E-015
          17           4  -1.3763484960265622E-014
          17           5   8.5169525056007097E-015
          17           6  -4.2845960279266300E-015
          17           7   3.5152932342220194E-002
          17           8 -0.38877242338687423     
          17           9  -5.8591287975467560E-002
          17          10   8.3046520350302643E-003
          17          11  -9.2875031073759662E-002
          17          12  -1.3841811379588068E-002
          17          13  -2.6387942488533066E-002
          17          14  0.27849789899334959     
          17          15   4.3982206729651807E-002
          17          16  -6.2089289749352974E-002
          17          17  0.68595333428542538     
          17          18  0.10348756742358856     
          17          19  -4.0309519786328650E-002
          17          20  0.36056551382454016     
          17          21   6.7186050340453010E-002
          18           1   9.9949151965454728E-015
          18           2   1.9165767078894361E-014
          18           3  -1.2896468094938273E-014
          18           4  -1.6339010742752286E-014
          18           5   1.1486811464286091E-014
          18           6   5.0730858245517911E-015
          18           7  -6.9455303201998567E-002
          18           8  -5.8591287975516507E-002
          18           9 -0.30266192756337751     
          18          10  -1.6408364442108112E-002
          18          11  -1.3841811379599826E-002
          18          12  -7.2531985508858490E-002
          18          13   5.2137401471523001E-002
          18          14   4.3982206729660397E-002
          18          15  0.21385809058841843     
          18          16  0.12267626504574788     
          18          17  0.10348756742358856     
          18          18  0.53385963485732524     
          18          19   7.9643709134695526E-002
          18          20   6.7186050340416040E-002
          18          21  0.26182346006251195     
          19           1  -1.2656184075668932E-014
          19           2  -2.2330691347777364E-014
          19           3   7.9139995444565408E-015
          19           4   1.0003489904435750E-014
          19           5   1.2979670304604185E-015
          19           6  -6.1195087997561388E-015
          19           7 -0.19201412579070343     
          19           8   2.3193261924839361E-002
          19           9  -4.5825338937765248E-002
          19          10  -4.5752672878801276E-002
          19          11   5.5073437066797438E-003
          19          12  -1.0881431547802925E-002
          19          13  0.14091878918820905     
          19          14  -1.6894357890547461E-002
          19          15   3.3379939353941228E-002
          19          16  0.34678620115866898     
          19          17  -4.0309519786328650E-002
          19          18   7.9643709134695526E-002
          19          19  0.18199519466633951     
          19          20  -2.4781526134807965E-002
          19          21   4.8963437665769882E-002
          20           1  -5.3308260704034509E-015
          20           2  -8.3951623333377487E-015
          20           3  -1.1817441146370168E-016
          20           4  -1.4873837415152869E-015
          20           5   5.1359365167745957E-015
          20           6  -2.1445032963043470E-015
          20           7   2.3193261924857954E-002
          20           8 -0.19994245660433391     
          20           9  -3.8657460359269952E-002
          20          10   5.5073437066843331E-003
          20          11  -4.7635290466292328E-002
          20          12  -9.1793867423987999E-003
          20          13  -1.6894357890555427E-002
          20          14  0.14669391726958200     
          20          15   2.8158737333531057E-002
          20          16  -4.0309519786337407E-002
          20          17  0.36056551382454016     
          20          18   6.7186050340416040E-002
          20          19  -2.4781526134807965E-002
          20          20  0.19046645403036044     
          20          21   4.1304705966030038E-002
          21           1  -3.6054729317884345E-015
          21           2  -5.3844106928993756E-015
          21           3  -2.0584076650067513E-015
          21           4  -4.6212507223325163E-015
          21           5   1.2296233500573603E-014
          21           6   6.8180579704450562E-015
          21           7  -4.5825338937782539E-002
          21           8  -3.8657460359300351E-002
          21           9 -0.14312832614479148     
          21          10  -1.0881431547805482E-002
          21          11  -9.1793867424057648E-003
          21          12  -3.4144521257076482E-002
          21          13   3.3379939353970503E-002
          21          14   2.8158737333557830E-002
          21          15  0.10530955933249381     
          21          16   7.9643709134703200E-002
          21          17   6.7186050340453010E-002
          21          18  0.26182346006251195     
          21          19   4.8963437665769882E-002
          21          20   4.1304705966030038E-002
          21          21  0.12976171731110714     
