           1           1  0.38078661015338200     
           1           2  0.63990668043546028     
           1           3 -0.16817109319606932     
           1           4 -0.17280296063755884     
           1           5   5.9054020134151744E-002
           1           6   3.7910066439752345E-002
           1           7  -3.5444893569955012E-015
           1           8   2.8344138549532386E-015
           1           9   2.6480278360756940E-015
           1          10  -3.8764463460869414E-015
           1          11   2.2422584882597939E-016
           1          12   3.4663203718635378E-015
           1          13   4.6976764462352592E-015
           1          14  -4.1617280403454223E-016
           1          15  -4.6845558988408940E-015
           1          16  -8.4093455474722728E-016
           1          17   9.0317047689743072E-016
           1          18   1.8017478807298286E-015
           1          19   2.9910560655281826E-016
           1          20  -5.6227591959654279E-016
           1          21  -1.0455538392016230E-015
           2           1  0.63990668043546028     
           2           2   1.1159727378052446     
           2           3 -0.46311722591108950     
           2           4 -0.46258720995595998     
           2           5  0.17356318466136858     
           2           6  0.10888624074170461     
           2           7  -4.0423911312754283E-015
           2           8   5.6082990387128640E-015
           2           9   3.1693813729459103E-015
           2          10  -5.6540566851134729E-015
           2          11   6.1093719098399860E-016
           2          12   5.2850901968001932E-015
           2          13   7.3279880963411982E-015
           2          14  -7.6828229344462496E-016
           2          15  -7.4471381650848334E-015
           2          16  -1.2196006980120384E-015
           2          17   1.4600053515905600E-015
           2          18   2.7186992364604635E-015
           2          19   3.6780183490281485E-016
           2          20  -8.2003543083357171E-016
           2          21  -1.6942706912762830E-015
           3           1 -0.16817109319606932     
           3           2 -0.46311722591108950     
           3           3  0.88874934509887682     
           3           4  0.85455806284461588     
           3           5 -0.46062351248910594     
           3           6 -0.25892132558093872     
           3           7  -7.8973736926370998E-015
           3           8  -5.1399801397466711E-015
           3           9   2.4518113756223888E-015
           3          10  -2.3613667352521363E-015
           3          11  -1.2413377196417769E-015
           3          12   5.1534977576670025E-016
           3          13   7.3203455972311086E-016
           3          14   5.0730732439327627E-016
           3          15   1.4586932099082514E-016
           3          16  -4.5837947797275326E-016
           3          17  -2.8681357516981702E-016
           3          18   5.6433368784296632E-016
           3          19   5.6335354629813139E-016
           3          20  -1.8619276171057005E-016
           3          21   4.2783450455270632E-016
           4           1 -0.17280296063755884     
           4           2 -0.46258720995595998     
           4           3  0.85455806284461588     
           4           4  0.84497239435457461     
           4           5 -0.52580324589994742     
           4           6 -0.31375165248373194     
           4           7   4.1358461533208408E-016
           4           8  -3.6870055018432500E-015
           4           9   8.9758018855002002E-015
           4          10  -1.2160014025772938E-016
           4          11  -8.4506032557652441E-016
           4          12   2.0409885559229242E-015
           4          13   3.5285548184828577E-016
           4          14   1.1032984996836710E-015
           4          15   4.9288078691821123E-016
           4          16  -2.2551450816322787E-016
           4          17  -2.9348271337754558E-016
           4          18   2.2296929673531539E-016
           4          19   5.1016491359836821E-016
           4          20  -1.8606297166450062E-016
           4          21   3.8474901950339408E-016
           5           1   5.9054020134151744E-002
           5           2  0.17356318466136858     
           5           3 -0.46062351248910594     
           5           4 -0.52580324589994742     
           5           5   1.3134085368300332     
           5           6  0.62845008700389660     
           5           7  -9.2594488418630232E-016
           5           8  -1.3899279125500044E-015
           5           9  -1.5647188525659209E-015
           5          10  -1.3930936687199553E-016
           5          11  -4.8454088212168560E-016
           5          12  -2.7193960326665418E-016
           5          13  -1.7986327824739357E-015
           5          14  -1.6764787740904840E-015
           5          15  -2.2520955804338747E-015
           5          16  -8.8475026149106739E-016
           5          17   1.1363298296244980E-015
           5          18   1.9096667164872591E-015
           5          19  -1.1655937068712857E-015
           5          20  -9.2862686787488133E-016
           5          21  -2.1899698078920268E-015
           6           1   3.7910066439752345E-002
           6           2  0.10888624074170461     
           6           3 -0.25892132558093872     
           6           4 -0.31375165248373194     
           6           5  0.62845008700389660     
           6           6  0.37683011203661299     
           6           7   4.3753502625874641E-015
           6           8   1.4734548968022275E-015
           6           9   2.2734097730153471E-015
           6          10   1.2089296093945563E-015
           6          11   3.4788505622420447E-016
           6          12   6.0583800723581439E-016
           6          13  -1.4379054180740943E-016
           6          14  -3.6105216917978096E-016
           6          15  -4.5612001649285083E-016
           6          16   7.0422607489424444E-016
           6          17   5.8419688647528179E-017
           6          18   1.3486812636646577E-015
           6          19  -3.8111035889534666E-016
           6          20  -9.1923938878179941E-017
           6          21  -6.6195303629181888E-016
           7           1  -3.5444893569955012E-015
           7           2  -4.0423911312754283E-015
           7           3  -7.8973736926370998E-015
           7           4   4.1358461533208408E-016
           7           5  -9.2594488418630232E-016
           7           6   4.3753502625874641E-015
           7           7   3.3863698748576452     
           7           8  -1.1545865281969669E-002
           7           9  -6.4833545305137602E-002
           7          10  0.85783035541301444     
           7          11  -2.5231004720479514E-003
           7          12  -1.4167976567282182E-002
           7          13 -0.36542594794764305     
           7          14   1.1152704651820007E-002
           7          15   6.2625828784558607E-002
           7          16 -0.18778536611836774     
           7          17   1.6735566656429845E-002
           7          18   9.3975297002725916E-002
           7          19 -0.13432255517850616     
           7          20   1.0310797167364501E-002
           7          21   5.7898262187950210E-002
           8           1   2.8344138549532386E-015
           8           2   5.6082990387128640E-015
           8           3  -5.1399801397466711E-015
           8           4  -3.6870055018432500E-015
           8           5  -1.3899279125500044E-015
           8           6   1.4734548968022275E-015
           8           7  -1.1545865281969669E-002
           8           8   3.4596159322770168     
           8           9  -9.9777397868691040E-003
           8          10  -2.5231004720484224E-003
           8          11  0.87383670552513748     
           8          12  -2.1804203800575451E-003
           8          13   1.1152704651811701E-002
           8          14 -0.43617782538238731     
           8          15   9.6379770782026985E-003
           8          16   1.6735566656434230E-002
           8          17 -0.29395447915799111     
           8          18   1.4462591170582585E-002
           8          19   1.0310797167366307E-002
           8          20 -0.19973343802842586     
           8          21   8.9104149943453059E-003
           9           1   2.6480278360756940E-015
           9           2   3.1693813729459103E-015
           9           3   2.4518113756223888E-015
           9           4   8.9758018855002002E-015
           9           5  -1.5647188525659209E-015
           9           6   2.2734097730153471E-015
           9           7  -6.4833545305137602E-002
           9           8  -9.9777397868691040E-003
           9           9   3.4053647718120512     
           9          10  -1.4167976567283077E-002
           9          11  -2.1804203800571687E-003
           9          12  0.86198128150663045     
           9          13   6.2625828784564713E-002
           9          14   9.6379770782059233E-003
           9          15 -0.38377402931273369     
           9          16   9.3975297002725514E-002
           9          17   1.4462591170573483E-002
           9          18 -0.21531819768607424     
           9          19   5.7898262187948163E-002
           9          20   8.9104149943449694E-003
           9          21 -0.15128555664513466     
          10           1  -3.8764463460869414E-015
          10           2  -5.6540566851134729E-015
          10           3  -2.3613667352521363E-015
          10           4  -1.2160014025772938E-016
          10           5  -1.3930936687199553E-016
          10           6   1.2089296093945563E-015
          10           7  0.85783035541301444     
          10           8  -2.5231004720484224E-003
          10           9  -1.4167976567283077E-002
          10          10  0.21757505968403348     
          10          11  -5.5136932889659845E-004
          10          12  -3.0961064841717369E-003
          10          13  -8.3027816746198427E-002
          10          14   2.4371836743636074E-003
          10          15   1.3685527616146791E-002
          10          16  -3.7930263509509440E-002
          10          17   3.6571980617827928E-003
          10          18   2.0536279476488235E-002
          10          19  -3.0501055757834024E-002
          10          20   2.2532029055278187E-003
          10          21   1.2652419640240808E-002
          11           1   2.2422584882597939E-016
          11           2   6.1093719098399860E-016
          11           3  -1.2413377196417769E-015
          11           4  -8.4506032557652441E-016
          11           5  -4.8454088212168560E-016
          11           6   3.4788505622420447E-016
          11           7  -2.5231004720479514E-003
          11           8  0.87383670552513748     
          11           9  -2.1804203800571687E-003
          11          10  -5.5136932889659845E-004
          11          11  0.22107290315764233     
          11          12  -4.7648396684240706E-004
          11          13   2.4371836743615266E-003
          11          14  -9.8489117479775373E-002
          11          15   2.1061725493690441E-003
          11          16   3.6571980617840184E-003
          11          17  -6.1131239156219923E-002
          11          18   3.1604881677007074E-003
          11          19   2.2532029055282706E-003
          11          20  -4.4795197025308889E-002
          11          21   1.9471795079302040E-003
          12           1   3.4663203718635378E-015
          12           2   5.2850901968001932E-015
          12           3   5.1534977576670025E-016
          12           4   2.0409885559229242E-015
          12           5  -2.7193960326665418E-016
          12           6   6.0583800723581439E-016
          12           7  -1.4167976567282182E-002
          12           8  -2.1804203800575451E-003
          12           9  0.86198128150663045     
          12          10  -3.0961064841717369E-003
          12          11  -4.7648396684240706E-004
          12          12  0.21848215528323786     
          12          13   1.3685527616148201E-002
          12          14   2.1061725493693351E-003
          12          15  -8.7037395207653412E-002
          12          16   2.0536279476487847E-002
          12          17   3.1604881676978013E-003
          12          18  -4.3946971536907881E-002
          12          19   1.2652419640240029E-002
          12          20   1.9471795079297901E-003
          12          21  -3.4207954804597977E-002
          13           1   4.6976764462352592E-015
          13           2   7.3279880963411982E-015
          13           3   7.3203455972311086E-016
          13           4   3.5285548184828577E-016
          13           5  -1.7986327824739357E-015
          13           6  -1.4379054180740943E-016
          13           7 -0.36542594794764305     
          13           8   1.1152704651811701E-002
          13           9   6.2625828784564713E-002
          13          10  -8.3027816746198427E-002
          13          11   2.4371836743615266E-003
          13          12   1.3685527616148201E-002
          13          13  0.38999135052473982     
          13          14  -1.0772931955552983E-002
          13          15  -6.0493289584806986E-002
          13          16  0.35517306188053527     
          13          17  -1.6165685943990322E-002
          13          18  -9.0775243469605874E-002
          13          19  0.12749696532982327     
          13          20  -9.9596931649606583E-003
          13          21  -5.5926706423982939E-002
          14           1  -4.1617280403454223E-016
          14           2  -7.6828229344462496E-016
          14           3   5.0730732439327627E-016
          14           4   1.1032984996836710E-015
          14           5  -1.6764787740904840E-015
          14           6  -3.6105216917978096E-016
          14           7   1.1152704651820007E-002
          14           8 -0.43617782538238731     
          14           9   9.6379770782059233E-003
          14          10   2.4371836743636074E-003
          14          11  -9.8489117479775373E-002
          14          12   2.1061725493693351E-003
          14          13  -1.0772931955552983E-002
          14          14  0.45833397997004133     
          14          15  -9.3097839935842551E-003
          14          16  -1.6165685943990274E-002
          14          17  0.45772689669145328     
          14          18  -1.3970109981911779E-002
          14          19  -9.9596931649616541E-003
          14          20  0.19068047211980654     
          14          21  -8.6069969058306089E-003
          15           1  -4.6845558988408940E-015
          15           2  -7.4471381650848334E-015
          15           3   1.4586932099082514E-016
          15           4   4.9288078691821123E-016
          15           5  -2.2520955804338747E-015
          15           6  -4.5612001649285083E-016
          15           7   6.2625828784558607E-002
          15           8   9.6379770782026985E-003
          15           9 -0.38377402931273369     
          15          10   1.3685527616146791E-002
          15          11   2.1061725493690441E-003
          15          12  -8.7037395207653412E-002
          15          13  -6.0493289584806986E-002
          15          14  -9.3097839935842551E-003
          15          15  0.40771464171122446     
          15          16  -9.0775243469602182E-002
          15          17  -1.3970109981907357E-002
          15          18  0.38176834349900218     
          15          19  -5.5926706423980739E-002
          15          20  -8.6069969058305187E-003
          15          21  0.14388234145758988     
          16           1  -8.4093455474722728E-016
          16           2  -1.2196006980120384E-015
          16           3  -4.5837947797275326E-016
          16           4  -2.2551450816322787E-016
          16           5  -8.8475026149106739E-016
          16           6   7.0422607489424444E-016
          16           7 -0.18778536611836774     
          16           8   1.6735566656434230E-002
          16           9   9.3975297002725514E-002
          16          10  -3.7930263509509440E-002
          16          11   3.6571980617840184E-003
          16          12   2.0536279476487847E-002
          16          13  0.35517306188053527     
          16          14  -1.6165685943990274E-002
          16          15  -9.0775243469602182E-002
          16          16  0.35559219116943047     
          16          17  -2.4257964602199707E-002
          16          18 -0.13621584945242321     
          16          19  0.13789561139832723     
          16          20  -1.4945353081921043E-002
          16          21  -8.3922703277240593E-002
          17           1   9.0317047689743072E-016
          17           2   1.4600053515905600E-015
          17           3  -2.8681357516981702E-016
          17           4  -2.9348271337754558E-016
          17           5   1.1363298296244980E-015
          17           6   5.8419688647528179E-017
          17           7   1.6735566656429845E-002
          17           8 -0.29395447915799111     
          17           9   1.4462591170573483E-002
          17          10   3.6571980617827928E-003
          17          11  -6.1131239156219923E-002
          17          12   3.1604881676978013E-003
          17          13  -1.6165685943990322E-002
          17          14  0.45772689669145328     
          17          15  -1.3970109981907357E-002
          17          16  -2.4257964602199707E-002
          17          17  0.50948280263388412     
          17          18  -2.0963319131906483E-002
          17          19  -1.4945353081922354E-002
          17          20  0.23270775091808354     
          17          21  -1.2915519143219098E-002
          18           1   1.8017478807298286E-015
          18           2   2.7186992364604635E-015
          18           3   5.6433368784296632E-016
          18           4   2.2296929673531539E-016
          18           5   1.9096667164872591E-015
          18           6   1.3486812636646577E-015
          18           7   9.3975297002725916E-002
          18           8   1.4462591170582585E-002
          18           9 -0.21531819768607424     
          18          10   2.0536279476488235E-002
          18          11   3.1604881677007074E-003
          18          12  -4.3946971536907881E-002
          18          13  -9.0775243469605874E-002
          18          14  -1.3970109981911779E-002
          18          15  0.38176834349900218     
          18          16 -0.13621584945242321     
          18          17  -2.0963319131906483E-002
          18          18  0.39550063689339343     
          18          19  -8.3922703277241578E-002
          18          20  -1.2915519143221746E-002
          18          21  0.16248323950630009     
          19           1   2.9910560655281826E-016
          19           2   3.6780183490281485E-016
          19           3   5.6335354629813139E-016
          19           4   5.1016491359836821E-016
          19           5  -1.1655937068712857E-015
          19           6  -3.8111035889534666E-016
          19           7 -0.13432255517850616     
          19           8   1.0310797167366307E-002
          19           9   5.7898262187948163E-002
          19          10  -3.0501055757834024E-002
          19          11   2.2532029055282706E-003
          19          12   1.2652419640240029E-002
          19          13  0.12749696532982327     
          19          14  -9.9596931649616541E-003
          19          15  -5.5926706423980739E-002
          19          16  0.13789561139832723     
          19          17  -1.4945353081922354E-002
          19          18  -8.3922703277241578E-002
          19          19   6.4097512789007965E-002
          19          20  -9.2078450276515487E-003
          19          21  -5.1704850453689451E-002
          20           1  -5.6227591959654279E-016
          20           2  -8.2003543083357171E-016
          20           3  -1.8619276171057005E-016
          20           4  -1.8606297166450062E-016
          20           5  -9.2862686787488133E-016
          20           6  -9.1923938878179941E-017
          20           7   1.0310797167364501E-002
          20           8 -0.19973343802842586     
          20           9   8.9104149943449694E-003
          20          10   2.2532029055278187E-003
          20          11  -4.4795197025308889E-002
          20          12   1.9471795079297901E-003
          20          13  -9.9596931649606583E-003
          20          14  0.19068047211980654     
          20          15  -8.6069969058305187E-003
          20          16  -1.4945353081921043E-002
          20          17  0.23270775091808354     
          20          18  -1.2915519143221746E-002
          20          19  -9.2078450276515487E-003
          20          20  0.12251135437927310     
          20          21  -7.9572625732253210E-003
          21           1  -1.0455538392016230E-015
          21           2  -1.6942706912762830E-015
          21           3   4.2783450455270632E-016
          21           4   3.8474901950339408E-016
          21           5  -2.1899698078920268E-015
          21           6  -6.6195303629181888E-016
          21           7   5.7898262187950210E-002
          21           8   8.9104149943453059E-003
          21           9 -0.15128555664513466     
          21          10   1.2652419640240808E-002
          21          11   1.9471795079302040E-003
          21          12  -3.4207954804597977E-002
          21          13  -5.5926706423982939E-002
          21          14  -8.6069969058306089E-003
          21          15  0.14388234145758988     
          21          16  -8.3922703277240593E-002
          21          17  -1.2915519143219098E-002
          21          18  0.16248323950630009     
          21          19  -5.1704850453689451E-002
          21          20  -7.9572625732253210E-003
          21          21   7.9245971843452653E-002
