           1           1  0.63470193504335404     
           1           2  0.57070162717906348     
           1           3  -9.3552935500049438E-017
           1           4  -2.2432063611829643E-015
           1           5  -1.0155795902761365E-015
           1           6 -0.14983949419870379     
           1           7   9.2984120598011207E-016
           1           8  -2.7005619734837580E-016
           1           9  -6.3780482263699945E-016
           1          10 -0.13518270350921172     
           1          11   2.3755562316566452E-015
           1          12  -3.8747577864243320E-016
           1          13  -2.1638934497953516E-015
           2           1  0.57070162717906348     
           2           2  0.53059477864532800     
           2           3   1.8832016824486169E-016
           2           4  -2.9010882904854124E-015
           2           5  -1.2980080630078453E-015
           2           6 -0.24773221513333926     
           2           7   1.6407109024920412E-015
           2           8  -1.0291255515245447E-015
           2           9  -1.2630123851468223E-015
           2          10 -0.21136306040713349     
           2          11   3.2295504682388015E-015
           2          12  -6.5061118101216635E-016
           2          13  -3.6042047768278242E-015
           3           1  -9.3552935500049438E-017
           3           2   1.8832016824486169E-016
           3           3  0.22503146877674096     
           3           4  -5.6115076085459133E-003
           3           5  -4.8100620740001584E-002
           3           6  -1.3522500378737172E-015
           3           7  0.29568483954803237     
           3           8  -7.4528102181024153E-003
           3           9  -6.3883865576908380E-002
           3          10  -2.4949999588211410E-015
           3          11  0.23742556097799419     
           3          12  -8.0462005287940397E-003
           3          13  -6.8970278048646444E-002
           4           1  -2.2432063611829643E-015
           4           2  -2.9010882904854124E-015
           4           3  -5.6115076085459133E-003
           4           4  0.25458260687846862     
           4           5  -8.8263447288002787E-003
           4           6   6.8491306297368739E-015
           4           7  -7.4528102181025749E-003
           4           8  0.33493258531704806     
           4           9  -1.1722531050856237E-002
           4          10   5.2454834226084691E-015
           4          11  -8.0462005287939842E-003
           4          12  0.27979819942162210     
           4          13  -1.2655875137018996E-002
           5           1  -1.0155795902761365E-015
           5           2  -1.2980080630078453E-015
           5           3  -4.8100620740001584E-002
           5           4  -8.8263447288002787E-003
           5           5  0.17995480044641954     
           5           6   3.3267596601845963E-015
           5           7  -6.3883865576907034E-002
           5           8  -1.1722531050856749E-002
           5           9  0.23581717514023584     
           5          10   7.8571589670698202E-016
           5          11  -6.8970278048648262E-002
           5          12  -1.2655875137019048E-002
           5          13  0.17279125272127530     
           6           1 -0.14983949419870379     
           6           2 -0.24773221513333926     
           6           3  -1.3522500378737172E-015
           6           4   6.8491306297368739E-015
           6           5   3.3267596601845963E-015
           6           6  0.78791232394169053     
           6           7  -5.2418016686600415E-015
           6           8   5.7433470463329038E-015
           6           9   5.5924142724643870E-015
           6          10  0.61627713656915484     
           6          11  -7.2466907243028750E-015
           6          12   1.9288850803001369E-015
           6          13   1.2783468583115706E-014
           7           1   9.2984120598011207E-016
           7           2   1.6407109024920412E-015
           7           3  0.29568483954803237     
           7           4  -7.4528102181025749E-003
           7           5  -6.3883865576907034E-002
           7           6  -5.2418016686600415E-015
           7           7  0.38854464533670724     
           7           8  -9.8982989994458453E-003
           7           9  -8.4846062654955257E-002
           7          10  -5.2431287283060789E-015
           7          11  0.31259423367835759     
           7          12  -1.0686398326640915E-002
           7          13  -9.1601478398332964E-002
           8           1  -2.7005619734837580E-016
           8           2  -1.0291255515245447E-015
           8           3  -7.4528102181024153E-003
           8           4  0.33493258531704806     
           8           5  -1.1722531050856749E-002
           8           6   5.7433470463329038E-015
           8           7  -9.8982989994458453E-003
           8           8  0.44067074425873931     
           8           9  -1.5569042277478913E-002
           8          10   4.0951490877962741E-015
           8          11  -1.0686398326640575E-002
           8          12  0.36887059553870527     
           8          13  -1.6808644328764485E-002
           9           1  -6.3780482263699945E-016
           9           2  -1.2630123851468223E-015
           9           3  -6.3883865576908380E-002
           9           4  -1.1722531050856237E-002
           9           5  0.23581717514023584     
           9           6   5.5924142724643870E-015
           9           7  -8.4846062654955257E-002
           9           8  -1.5569042277478913E-002
           9           9  0.30903261895134915     
           9          10   1.5550041059559313E-015
           9          11  -9.1601478398336739E-002
           9          12  -1.6808644328764166E-002
           9          13  0.22675148577188803     
          10           1 -0.13518270350921172     
          10           2 -0.21136306040713349     
          10           3  -2.4949999588211410E-015
          10           4   5.2454834226084691E-015
          10           5   7.8571589670698202E-016
          10           6  0.61627713656915484     
          10           7  -5.2431287283060789E-015
          10           8   4.0951490877962741E-015
          10           9   1.5550041059559313E-015
          10          10  0.50551870214720607     
          10          11  -7.8944776774122555E-015
          10          12   2.5460068542939110E-015
          10          13   7.1175556878627064E-015
          11           1   2.3755562316566452E-015
          11           2   3.2295504682388015E-015
          11           3  0.23742556097799419     
          11           4  -8.0462005287939842E-003
          11           5  -6.8970278048648262E-002
          11           6  -7.2466907243028750E-015
          11           7  0.31259423367835759     
          11           8  -1.0686398326640575E-002
          11           9  -9.1601478398336739E-002
          11          10  -7.8944776774122555E-015
          11          11  0.26719436270432789     
          11          12  -1.1537245864367635E-002
          11          13  -9.8894758132545113E-002
          12           1  -3.8747577864243320E-016
          12           2  -6.5061118101216635E-016
          12           3  -8.0462005287940397E-003
          12           4  0.27979819942162210     
          12           5  -1.2655875137019048E-002
          12           6   1.9288850803001369E-015
          12           7  -1.0686398326640915E-002
          12           8  0.36887059553870527     
          12           9  -1.6808644328764166E-002
          12          10   2.5460068542939110E-015
          12          11  -1.1537245864367635E-002
          12          12  0.32795143007999839     
          12          13  -1.8146943089723144E-002
          13           1  -2.1638934497953516E-015
          13           2  -3.6042047768278242E-015
          13           3  -6.8970278048646444E-002
          13           4  -1.2655875137018996E-002
          13           5  0.17279125272127530     
          13           6   1.2783468583115706E-014
          13           7  -9.1601478398332964E-002
          13           8  -1.6808644328764485E-002
          13           9  0.22675148577188803     
          13          10   7.1175556878627064E-015
          13          11  -9.8894758132545113E-002
          13          12  -1.8146943089723144E-002
          13          13  0.17451684330091155     
