           1           1  0.63258155411518535     
           1           2  0.57381374639583937     
           1           3  -4.4771027929661253E-015
           1           4   7.9510400054426394E-016
           1           5  -6.5528091483001833E-015
           1           6 -0.16047661296842569     
           1           7   2.1395685293565798E-014
           1           8   1.5262559066510585E-014
           1           9   1.1527729537073773E-015
           1          10 -0.12123717664129781     
           1          11  -1.1738848128795217E-014
           1          12   5.9726308118266816E-015
           1          13   1.1023893959725226E-015
           2           1  0.57381374639583937     
           2           2  0.54134485581580538     
           2           3  -5.8298379863790634E-015
           2           4  -7.4596828757667855E-016
           2           5  -5.5676789731468371E-015
           2           6 -0.27555929807629070     
           2           7   1.8546789734343629E-014
           2           8   1.3098399647373379E-014
           2           9   1.1266235691959895E-015
           2          10 -0.20404022924652132     
           2          11  -1.2779466811345647E-014
           2          12   3.2627845533828080E-015
           2          13   8.0628167338658751E-016
           3           1  -4.4771027929661253E-015
           3           2  -5.8298379863790634E-015
           3           3  0.17441231007640390     
           3           4  -4.3685160986556067E-002
           3           5  -1.1744149055361431E-002
           3           6   1.1351809713264006E-014
           3           7  0.26098976157654408     
           3           8  -6.3329580717603293E-002
           3           9  -1.7025278578918820E-002
           3          10   9.9059025747059527E-015
           3          11  0.22685980632011227     
           3          12  -6.5294589804102049E-002
           3          13  -1.7553543991840417E-002
           4           1   7.9510400054426394E-016
           4           2  -7.4596828757667855E-016
           4           3  -4.3685160986556067E-002
           4           4  0.14355550712455445     
           4           5  -1.6602772690300097E-002
           4           6   8.7357944798465373E-015
           4           7  -6.3329580717602002E-002
           4           8  0.21625721741062706     
           4           9  -2.4068736602572974E-002
           4          10   6.2730225828780342E-015
           4          11  -6.5294589804101771E-002
           4          12  0.18073928745495749     
           4          13  -2.4815548528197409E-002
           5           1  -6.5528091483001833E-015
           5           2  -5.5676789731468371E-015
           5           3  -1.1744149055361431E-002
           5           4  -1.6602772690300097E-002
           5           5  0.20085005156480532     
           5           6  -5.2842754022848078E-016
           5           7  -1.7025278578919376E-002
           5           8  -2.4068736602572235E-002
           5           9  0.29931607297771001     
           5          10  -6.1657975460069251E-016
           5          11  -1.7553543991841256E-002
           5          12  -2.4815548528201101E-002
           5          13  0.26637531792284969     
           6           1 -0.16047661296842569     
           6           2 -0.27555929807629070     
           6           3   1.1351809713264006E-014
           6           4   8.7357944798465373E-015
           6           5  -5.2842754022848078E-016
           6           6  0.85168554577089983     
           6           7  -1.3543183308550406E-015
           6           8   4.5428427319677044E-016
           6           9  -6.0982096382815141E-016
           6          10  0.61720993581920769     
           6          11   1.5150277995798979E-014
           6          12   1.1756724710306270E-014
           6          13   1.2271517564937747E-015
           7           1   2.1395685293565798E-014
           7           2   1.8546789734343629E-014
           7           3  0.26098976157654408     
           7           4  -6.3329580717602002E-002
           7           5  -1.7025278578919376E-002
           7           6  -1.3543183308550406E-015
           7           7  0.39058904405242412     
           7           8  -9.1683873098807669E-002
           7           9  -2.4647936446349251E-002
           7          10   1.4220498911032724E-015
           7          11  0.33927150312198712     
           7          12  -9.5162202294600096E-002
           7          13  -2.5583036961413494E-002
           8           1   1.5262559066510585E-014
           8           2   1.3098399647373379E-014
           8           3  -6.3329580717603293E-002
           8           4  0.21625721741062706     
           8           5  -2.4068736602572235E-002
           8           6   4.5428427319677044E-016
           8           7  -9.1683873098807669E-002
           8           8  0.32582858209732379     
           8           9  -3.4844932925722036E-002
           8          10   1.0987198071770643E-016
           8          11  -9.5162202294601025E-002
           8          12  0.27205414010086060     
           8          13  -3.6166890031423121E-002
           9           1   1.1527729537073773E-015
           9           2   1.1266235691959895E-015
           9           3  -1.7025278578918820E-002
           9           4  -2.4068736602572974E-002
           9           5  0.29931607297771001     
           9           6  -6.0982096382815141E-016
           9           7  -2.4647936446349251E-002
           9           8  -3.4844932925722036E-002
           9           9  0.44607503702810714     
           9          10  -7.3659334520024514E-016
           9          11  -2.5583036961413914E-002
           9          12  -3.6166890031429574E-002
           9          13  0.39686253968713370     
          10           1 -0.12123717664129781     
          10           2 -0.20404022924652132     
          10           3   9.9059025747059527E-015
          10           4   6.2730225828780342E-015
          10           5  -6.1657975460069251E-016
          10           6  0.61720993581920769     
          10           7   1.4220498911032724E-015
          10           8   1.0987198071770643E-016
          10           9  -7.3659334520024514E-016
          10          10  0.44893001606646687     
          10          11   1.3442931445061391E-014
          10          12   8.1848461317259389E-015
          10          13   2.8300261589251919E-016
          11           1  -1.1738848128795217E-014
          11           2  -1.2779466811345647E-014
          11           3  0.22685980632011227     
          11           4  -6.5294589804101771E-002
          11           5  -1.7553543991841256E-002
          11           6   1.5150277995798979E-014
          11           7  0.33927150312198712     
          11           8  -9.5162202294601025E-002
          11           9  -2.5583036961413914E-002
          11          10   1.3442931445061391E-014
          11          11  0.29598044448301630     
          11          12  -9.5539021335507276E-002
          11          13  -2.5684339529231208E-002
          12           1   5.9726308118266816E-015
          12           2   3.2627845533828080E-015
          12           3  -6.5294589804102049E-002
          12           4  0.18073928745495749     
          12           5  -2.4815548528201101E-002
          12           6   1.1756724710306270E-014
          12           7  -9.5162202294600096E-002
          12           8  0.27205414010086060     
          12           9  -3.6166890031429574E-002
          12          10   8.1848461317259389E-015
          12          11  -9.5539021335507276E-002
          12          12  0.22849691714815196     
          12          13  -3.6310102068200588E-002
          13           1   1.1023893959725226E-015
          13           2   8.0628167338658751E-016
          13           3  -1.7553543991840417E-002
          13           4  -2.4815548528197409E-002
          13           5  0.26637531792284969     
          13           6   1.2271517564937747E-015
          13           7  -2.5583036961413494E-002
          13           8  -3.6166890031423121E-002
          13           9  0.39686253968713370     
          13          10   2.8300261589251919E-016
          13          11  -2.5684339529231208E-002
          13          12  -3.6310102068200588E-002
          13          13  0.35379952746406496     
