           1           1  0.36211796760730275     
           1           2  0.65299322832450679     
           1           3 -0.18762698821855772     
           1           4 -0.23246071081798095     
           1           5  0.12975684985880037     
           1           6  -9.9172492377029454E-003
           1           7  -1.3174356953796883E-002
           1           8  -3.1496223195271204E-003
           1           9   3.3607144136500769E-015
           1          10   1.1574668927437988E-014
           1          11   9.9405566948890197E-015
           1          12   2.8806539591856712E-014
           1          13   5.2374070172397455E-014
           1          14   6.9063895041907154E-014
           1          15   2.4017580694808571E-014
           1          16  -3.2730483983024456E-016
           1          17   1.9374855204595279E-014
           1          18  -1.6424555303316584E-014
           1          19  -1.8887477029734501E-014
           1          20  -2.4415321334735065E-016
           1          21   1.3775134241932119E-014
           1          22   8.0433021203262681E-015
           1          23  -9.2467698522163641E-015
           1          24  -3.7805334792855280E-015
           1          25   3.2181215511260990E-016
           1          26   5.7574362225570041E-015
           1          27   4.2658547068721654E-015
           1          28  -6.3887626129784860E-015
           1          29  -7.9201695829337236E-017
           1          30   2.1206347898093440E-002
           1          31   3.8290145117551332E-005
           1          32   2.1223748661599245E-002
           1          33  -9.3630319322325007E-005
           1          34   7.0474530708827758E-005
           1          35   2.1110490004248202E-002
           1          36  -1.1028443861427701E-002
           1          37  -1.4128722078456080E-004
           1          38  -1.1096813518461668E-002
           1          39   3.4535824972570288E-004
           1          40  -2.5996236187503843E-004
           1          41  -1.0652132050267996E-002
           2           1  0.65299322832450679     
           2           2   1.2388509732281108     
           2           3 -0.57138181963232748     
           2           4 -0.68561761919989439     
           2           5  0.41738948246369378     
           2           6  -3.5454536846881379E-002
           2           7  -4.3730262897938847E-002
           2           8  -1.0112712627386783E-002
           2           9   1.0374325938854432E-014
           2          10   3.1533244990011313E-014
           2          11   2.6456413477688133E-014
           2          12   7.8140773280419329E-014
           2          13   1.4909368380158673E-013
           2          14   1.8918076818640949E-013
           2          15   6.9215370014507866E-014
           2          16  -4.8675115016915629E-016
           2          17   5.8804688423996607E-014
           2          18  -4.2859623784139912E-014
           2          19  -5.3093299209567352E-014
           2          20  -4.9043113976056588E-016
           2          21   3.7599945950977144E-014
           2          22   1.6822994152510591E-014
           2          23  -2.7172837417764049E-014
           2          24  -7.9643542256587897E-015
           2          25   3.0122998997438889E-015
           2          26   1.6080882145282744E-014
           2          27   1.2557080149783902E-014
           2          28  -1.9105005783668260E-014
           2          29  -5.4889656630477804E-016
           2          30   7.6390986937750704E-002
           2          31   1.5523004426513663E-004
           2          32   7.6463113380007053E-002
           2          33  -3.7954457656911634E-004
           2          34   2.8568339799333567E-004
           2          35   7.5993748737010661E-002
           2          36  -3.4211543193019264E-002
           2          37  -4.6979678584403034E-004
           2          38  -3.4438749615523193E-002
           2          39   1.1483686521050940E-003
           2          40  -8.6441302603869070E-004
           2          41  -3.2960956860324422E-002
           3           1 -0.18762698821855772     
           3           2 -0.57138181963232748     
           3           3   1.0014904987768820     
           3           4   1.1660412804943192     
           3           5 -0.97854994185836686     
           3           6  0.15566349325870868     
           3           7   8.0956489135570589E-002
           3           8   2.4157260038359454E-002
           3           9  -1.8726627249556798E-014
           3          10  -4.2129696195011474E-014
           3          11  -3.6600361303461457E-014
           3          12  -1.1892670763730868E-013
           3          13  -2.0901834028961164E-013
           3          14  -2.7260976836055546E-013
           3          15  -9.8587118388880495E-014
           3          16  -9.6745676399299517E-015
           3          17  -9.8041052951672536E-014
           3          18   5.3140032765307433E-014
           3          19   7.8274717349276907E-014
           3          20  -5.6044231788339609E-015
           3          21  -5.3475465685455477E-014
           3          22  -1.1287279875848723E-014
           3          23   3.9780400731079570E-014
           3          24   6.2530196191525907E-015
           3          25  -9.2089006187215832E-015
           3          26  -2.3066541709741584E-014
           3          27  -1.9462656208405343E-014
           3          28   3.0848668204789038E-014
           3          29   2.0523184971383349E-015
           3          30 -0.15040112338798517     
           3          31  -2.2721922835501762E-004
           3          32 -0.15050299708804532     
           3          33   5.5559175290734013E-004
           3          34  -4.1819069265994202E-004
           3          35 -0.14983996437920610     
           3          36   9.4986841354331414E-002
           3          37   8.8474232870281821E-004
           3          38   9.5415326653575439E-002
           3          39  -2.1626164943626815E-003
           3          40   1.6278740586848301E-003
           3          41   9.2628471627204195E-002
           4           1 -0.23246071081798095     
           4           2 -0.68561761919989439     
           4           3   1.1660412804943192     
           4           4   1.4092129047188089     
           4           5  -1.3882289061610393     
           4           6  0.18763320698908220     
           4           7  0.15853751065698260     
           4           8   4.0079225465754320E-002
           4           9  -1.2234023282023346E-014
           4          10  -4.9446472647668388E-014
           4          11  -3.2084059494601874E-014
           4          12  -7.5189143469588717E-014
           4          13  -2.5722409106155383E-013
           4          14  -2.4437077462722406E-013
           4          15  -1.8253092878526129E-013
           4          16   4.7297327015024890E-014
           4          17  -1.6180581503714429E-013
           4          18   6.4682770622927032E-014
           4          19   8.0730051914376347E-014
           4          20   1.0204760521942950E-014
           4          21  -6.9677311067939513E-014
           4          22   1.8471859432641836E-014
           4          23   5.7460018393697656E-014
           4          24   3.2104709323575030E-014
           4          25  -2.4704926334824868E-014
           4          26  -3.1584757448330735E-014
           4          27  -3.3164383252647883E-014
           4          28   4.7027854556087929E-014
           4          29   6.6287912899160036E-015
           4          30 -0.21876321212153577     
           4          31  -2.5581203441945422E-004
           4          32 -0.21886802277756340     
           4          33   6.2589091312692904E-004
           4          34  -4.7106000624870477E-004
           4          35 -0.21818493944900602     
           4          36  0.14215572126361367     
           4          37   1.8119501386895159E-003
           4          38  0.14303434624454980     
           4          39  -4.4289284398106258E-003
           4          40   3.3338152978239308E-003
           4          41  0.13732003131908352     
           5           1  0.12975684985880037     
           5           2  0.41738948246369378     
           5           3 -0.97854994185836686     
           5           4  -1.3882289061610393     
           5           5   3.4260047430369740     
           5           6 -0.88565831246437587     
           5           7 -0.27711807159847252     
           5           8 -0.11034015281969808     
           5           9  -1.0472944798622797E-014
           5          10  -1.1650010117969601E-015
           5          11  -1.2437561795168407E-014
           5          12  -6.8964545941164942E-014
           5          13  -3.4697238803841145E-015
           5          14  -9.3249832625408483E-014
           5          15   7.4900320011802527E-014
           5          16  -8.5283145909182513E-015
           5          17   1.3477478833957497E-013
           5          18   1.0834594743805855E-014
           5          19  -8.1418879396035909E-015
           5          20   1.0773113149338823E-014
           5          21   4.4753155371342632E-014
           5          22  -1.0160094761646070E-013
           5          23  -2.0240934039313347E-014
           5          24  -8.3516375459665157E-014
           5          25   3.9329957312969794E-014
           5          26   1.9659785264990220E-014
           5          27   3.7721860844715339E-014
           5          28  -4.6197859340431878E-014
           5          29  -2.0815760356640456E-014
           5          30  0.20365294752327309     
           5          31  -3.6565918422062010E-004
           5          32  0.20341848728428363     
           5          33   8.9233594799773409E-004
           5          34  -6.7186025487631735E-004
           5          35  0.20493999690685233     
           5          36 -0.48690876032639241     
           5          37  -3.3627398918093612E-003
           5          38 -0.48854507928307050     
           5          39   8.2190746931550731E-003
           5          40  -6.1868458584194413E-003
           5          41 -0.47790389680348971     
           6           1  -9.9172492377029454E-003
           6           2  -3.5454536846881379E-002
           6           3  0.15566349325870868     
           6           4  0.18763320698908220     
           6           5 -0.88565831246437587     
           6           6  0.50297862951038885     
           6           7  -1.0981486050395646E-002
           6           8   3.4311412509637415E-002
           6           9  -1.7574773700395071E-016
           6          10  -6.7800246746716438E-016
           6          11   6.8034565612946550E-016
           6          12  -8.9719598817640168E-016
           6          13  -3.3345177062892859E-015
           6          14   4.3724123404043346E-015
           6          15   2.0870446612660229E-014
           6          16  -2.1931047745183824E-014
           6          17  -1.6419718194744925E-014
           6          18   7.7017830175452342E-015
           6          19  -1.0956842954881781E-014
           6          20   2.1328194034479737E-015
           6          21   6.6340974396112414E-015
           6          22  -5.0377456049489034E-015
           6          23   2.9127063616600933E-015
           6          24  -7.4243067260735844E-015
           6          25  -2.9724380620858403E-015
           6          26  -1.2947041620580154E-015
           6          27   4.0618361031528464E-015
           6          28   9.3598850949897444E-016
           6          29   2.7935000226088405E-015
           6          30  0.10889495717244196     
           6          31   1.2135948734026542E-003
           6          32  0.10951940085967761     
           6          33  -2.9661766513989162E-003
           6          34   2.2327719903908251E-003
           6          35  0.10545865926550145     
           6          36  0.20780403729790936     
           6          37   6.3622236195363542E-005
           6          38  0.20784287038837215     
           6          39  -1.5489466947372956E-004
           6          40   1.1666607475315248E-004
           6          41  0.20759165066023591     
           7           1  -1.3174356953796883E-002
           7           2  -4.3730262897938847E-002
           7           3   8.0956489135570589E-002
           7           4  0.15853751065698260     
           7           5 -0.27711807159847252     
           7           6  -1.0981486050395646E-002
           7           7  0.38626535539023793     
           7           8   5.8731412577114055E-002
           7           9  -2.3501575571343199E-016
           7          10   2.7937983412185109E-015
           7          11  -1.0052038939952858E-015
           7          12  -4.1707758410164744E-015
           7          13   2.4077765136308111E-014
           7          14  -7.6429512169630731E-015
           7          15   6.4359856483970864E-014
           7          16  -1.1486030765852284E-013
           7          17   7.6120475678861577E-014
           7          18  -5.2039150761901868E-014
           7          19   5.4581507733620756E-014
           7          20  -8.2716582654373282E-014
           7          21  -8.0025590890362603E-014
           7          22   1.2341460544803899E-013
           7          23   3.2511502310573232E-014
           7          24   1.1938278646446657E-013
           7          25  -2.6022608659709740E-014
           7          26  -3.0603060131577880E-014
           7          27  -6.3430451409672408E-014
           7          28   5.1725208185276273E-014
           7          29   1.0190833642641892E-014
           7          30  -6.3337941206105919E-002
           7          31  -3.7641986805317619E-003
           7          32  -6.5232762559597063E-002
           7          33   9.2032701963742150E-003
           7          34  -6.9273488449278497E-003
           7          35  -5.2903664940821944E-002
           7          36  0.11341480433348870     
           7          37   4.2242211730291303E-003
           7          38  0.11543939838301559     
           7          39  -1.0327144390538431E-002
           7          40   7.7733937274238295E-003
           7          41  0.10226791067902885     
           8           1  -3.1496223195271204E-003
           8           2  -1.0112712627386783E-002
           8           3   2.4157260038359454E-002
           8           4   4.0079225465754320E-002
           8           5 -0.11034015281969808     
           8           6   3.4311412509637415E-002
           8           7   5.8731412577114055E-002
           8           8   1.1663516511070919E-002
           8           9  -7.8590947732205258E-016
           8          10   1.4476574134737638E-015
           8          11  -2.9459992910731931E-015
           8          12  -5.6663860231890389E-015
           8          13   1.0556118291141543E-014
           8          14  -2.0609184969456235E-014
           8          15   9.9100643719953337E-015
           8          16  -2.6059905319729733E-014
           8          17   4.2184931414390317E-014
           8          18   2.9011934808905820E-015
           8          19   2.1944552426094129E-015
           8          20   5.6038591331151861E-015
           8          21  -5.8640240911367299E-015
           8          22   1.4107465488480966E-014
           8          23   1.8200431497487777E-014
           8          24   1.6688484145358512E-014
           8          25  -3.6836912085849566E-015
           8          26  -8.2021351056100550E-015
           8          27  -8.9131685713273444E-015
           8          28   8.0119977671745894E-015
           8          29   3.3084549442802629E-015
           8          30  -2.7460239722878433E-003
           8          31  -3.7578299768045741E-004
           8          32  -2.9365091058278078E-003
           8          33   9.1952663653247196E-004
           8          34  -6.9204512308211022E-004
           8          35  -1.6952041272338368E-003
           8          36   3.3176092875087673E-002
           8          37   6.7247499821377406E-004
           8          38   3.3499282676628155E-002
           8          39  -1.6438553806207782E-003
           8          40   1.2373743647137950E-003
           8          41   3.1397110812026237E-002
           9           1   3.3607144136500769E-015
           9           2   1.0374325938854432E-014
           9           3  -1.8726627249556798E-014
           9           4  -1.2234023282023346E-014
           9           5  -1.0472944798622797E-014
           9           6  -1.7574773700395071E-016
           9           7  -2.3501575571343199E-016
           9           8  -7.8590947732205258E-016
           9           9   4.5646957979533366E-002
           9          10  -1.5346064237275358E-004
           9          11   3.7494810872517264E-004
           9          12  0.31039509520681524     
           9          13  -1.1026545885748304E-003
           9          14   2.6940995828393507E-003
           9          15 -0.13216562880362970     
           9          16   4.1700759339845517E-003
           9          17  -1.0188684619990413E-002
           9          18   5.5886705473662431E-004
           9          19  -4.7020910950011374E-003
           9          20   1.1488549364426776E-002
           9          21  -5.7274019948827326E-003
           9          22  -2.1233387480085273E-003
           9          23   5.1879220395696611E-003
           9          24   3.7793587252814616E-003
           9          25   2.7036431319052873E-004
           9          26  -6.6057711253946644E-004
           9          27  -1.1144678395867439E-003
           9          28  -1.2925790709244743E-004
           9          29   3.1581392540692407E-004
           9          30   8.5045377488131623E-015
           9          31  -8.2019446752526840E-016
           9          32  -2.7059399812150378E-014
           9          33  -1.8047824424128620E-014
           9          34   3.7816180135987295E-015
           9          35   6.8411644592447360E-015
           9          36   3.7582700154152045E-015
           9          37   2.3868064995559917E-015
           9          38   1.9248690632949389E-015
           9          39  -4.4365085193825998E-015
           9          40  -8.8110003517507284E-016
           9          41   3.8878490600528991E-016
          10           1   1.1574668927437988E-014
          10           2   3.1533244990011313E-014
          10           3  -4.2129696195011474E-014
          10           4  -4.9446472647668388E-014
          10           5  -1.1650010117969601E-015
          10           6  -6.7800246746716438E-016
          10           7   2.7937983412185109E-015
          10           8   1.4476574134737638E-015
          10           9  -1.5346064237275358E-004
          10          10   4.5558623146899083E-002
          10          11  -2.8225486819488747E-004
          10          12  -1.1026545885751120E-003
          10          13  0.30976038648241677     
          10          14  -2.0280745652447528E-003
          10          15   4.1700759339834536E-003
          10          16 -0.12976525463782126     
          10          17   7.6698768812628448E-003
          10          18  -4.7020910950023509E-003
          10          19  -2.1477450473054143E-003
          10          20  -8.6483940230486292E-003
          10          21  -2.1233387480037742E-003
          10          22  -6.9496357279032854E-003
          10          23  -3.9053837465366495E-003
          10          24   2.7036431318379036E-004
          10          25   3.9349855107309378E-003
          10          26   4.9727175909364675E-004
          10          27  -1.2925790709023520E-004
          10          28  -1.1888711228373995E-003
          10          29  -2.3773961170021665E-004
          10          30   1.0702142064860480E-013
          10          31   1.2764667962163807E-017
          10          32  -1.0140858170796332E-013
          10          33   2.3479294353582123E-014
          10          34  -1.0642810516075485E-015
          10          35   5.8183658566759144E-015
          10          36   1.5153135000561638E-014
          10          37  -1.5918729238554479E-015
          10          38  -2.0574473544322658E-014
          10          39   4.0337241504527616E-015
          10          40   1.0714304678166392E-015
          10          41   1.4437936318939693E-015
          11           1   9.9405566948890197E-015
          11           2   2.6456413477688133E-014
          11           3  -3.6600361303461457E-014
          11           4  -3.2084059494601874E-014
          11           5  -1.2437561795168407E-014
          11           6   6.8034565612946550E-016
          11           7  -1.0052038939952858E-015
          11           8  -2.9459992910731931E-015
          11           9   3.7494810872517264E-004
          11          10  -2.8225486819488747E-004
          11          11   4.6132729587055082E-002
          11          12   2.6940995828444521E-003
          11          13  -2.0280745652488360E-003
          11          14  0.31388549042345076     
          11          15  -1.0188684619995137E-002
          11          16   7.6698768812669318E-003
          11          17 -0.14536578528205063     
          11          18   1.1488549364429208E-002
          11          19  -8.6483940230514984E-003
          11          20   1.5443089599301036E-002
          11          21   5.1879220395682161E-003
          11          22  -3.9053837465354005E-003
          11          23   9.9391535610005455E-004
          11          24  -6.6057711253593335E-004
          11          25   4.9727175909172370E-004
          11          26   2.9235346835317024E-003
          11          27   3.1581392541223547E-004
          11          28  -2.3773961170415222E-004
          11          29  -7.0530871955115301E-004
          11          30   1.0634275813909405E-013
          11          31   4.6104789492572631E-015
          11          32  -1.2707147164691242E-013
          11          33   3.6153927776769538E-015
          11          34   2.4849868585299995E-014
          11          35   1.0402973338771365E-014
          11          36   2.1291699225827855E-014
          11          37   3.7729170969246663E-015
          11          38  -1.2453301194656328E-014
          11          39  -1.0260281265082470E-015
          11          40   2.3573005192588870E-015
          11          41   2.1576645751372153E-015
          12           1   2.8806539591856712E-014
          12           2   7.8140773280419329E-014
          12           3  -1.1892670763730868E-013
          12           4  -7.5189143469588717E-014
          12           5  -6.8964545941164942E-014
          12           6  -8.9719598817640168E-016
          12           7  -4.1707758410164744E-015
          12           8  -5.6663860231890389E-015
          12           9  0.31039509520681524     
          12          10  -1.1026545885751120E-003
          12          11   2.6940995828444521E-003
          12          12   2.1116969272214128     
          12          13  -7.9241639302168859E-003
          12          14   1.9360992065596674E-002
          12          15 -0.94053373327919731     
          12          16   3.0008763763865177E-002
          12          17  -7.3319966990024826E-002
          12          18   2.4836462330610209E-003
          12          19  -3.3848899619808560E-002
          12          20   8.2702513914947012E-002
          12          21  -4.0077934525988887E-002
          12          22  -1.5285409335504523E-002
          12          23   3.7346613699715585E-002
          12          24   2.6527368208339140E-002
          12          25   1.9465449281023841E-003
          12          26  -4.7559643240653732E-003
          12          27  -7.8231663761915999E-003
          12          28  -9.3055911662134449E-004
          12          29   2.2736212743525619E-003
          12          30  -1.1929819400430299E-014
          12          31  -2.4976875100826129E-015
          12          32  -1.1135883282104662E-013
          12          33  -1.4096705715286259E-013
          12          34   1.5740421827572756E-014
          12          35   4.2099670934936262E-014
          12          36   1.4536013107147801E-014
          12          37   1.7303114454993261E-014
          12          38   2.6146079312965954E-014
          12          39  -3.3066781580535081E-014
          12          40  -8.1104181507773137E-015
          12          41   1.4975435112737584E-015
          13           1   5.2374070172397455E-014
          13           2   1.4909368380158673E-013
          13           3  -2.0901834028961164E-013
          13           4  -2.5722409106155383E-013
          13           5  -3.4697238803841145E-015
          13           6  -3.3345177062892859E-015
          13           7   2.4077765136308111E-014
          13           8   1.0556118291141543E-014
          13           9  -1.1026545885748304E-003
          13          10  0.30976038648241677     
          13          11  -2.0280745652488360E-003
          13          12  -7.9241639302168859E-003
          13          13   2.1071356293919203     
          13          14  -1.4574641491750751E-002
          13          15   3.0008763763873146E-002
          13          16 -0.92326012425462634     
          13          17   5.5194084489458062E-002
          13          18  -3.3848899619819232E-002
          13          19  -1.7000417240136928E-002
          13          20  -6.2257113961477546E-002
          13          21  -1.5285409335469468E-002
          13          22  -4.8876503727632400E-002
          13          23  -2.8113926350200848E-002
          13          24   1.9465449280540777E-003
          13          25   2.7647836092280643E-002
          13          26   3.5802129694171257E-003
          13          27  -9.3055911660564253E-004
          13          28  -8.3588137117623640E-003
          13          29  -1.7115452975081905E-003
          13          30   1.2126680485298579E-012
          13          31   1.3739606109964227E-015
          13          32  -1.2169885677489507E-012
          13          33   2.0851168239101109E-013
          13          34   2.3601311061860647E-014
          13          35   7.7329326806919060E-014
          13          36   1.8089818965336399E-013
          13          37  -1.0829303320494785E-014
          13          38  -2.2265541656123099E-013
          13          39   3.4191600608130101E-014
          13          40   1.2187202667666478E-014
          13          41   1.5158346574382960E-014
          14           1   6.9063895041907154E-014
          14           2   1.8918076818640949E-013
          14           3  -2.7260976836055546E-013
          14           4  -2.4437077462722406E-013
          14           5  -9.3249832625408483E-014
          14           6   4.3724123404043346E-015
          14           7  -7.6429512169630731E-015
          14           8  -2.0609184969456235E-014
          14           9   2.6940995828393507E-003
          14          10  -2.0280745652447528E-003
          14          11  0.31388549042345076     
          14          12   1.9360992065596674E-002
          14          13  -1.4574641491750751E-002
          14          14   2.1367804521681055     
          14          15  -7.3319966990020330E-002
          14          16   5.5194084489443775E-002
          14          17  -1.0355248997896973     
          14          18   8.2702513914962084E-002
          14          19  -6.2257113961492472E-002
          14          20  0.10963056122273920     
          14          21   3.7346613699707328E-002
          14          22  -2.8113926350195252E-002
          14          23   8.3072263815565060E-003
          14          24  -4.7559643240406464E-003
          14          25   3.5802129694054202E-003
          14          26   2.0365682414241078E-002
          14          27   2.2736212743892127E-003
          14          28  -1.7115452975359755E-003
          14          29  -4.8775303384206046E-003
          14          30   8.9571913424012760E-013
          14          31   2.9948131525373370E-014
          14          32  -1.0640455703145555E-012
          14          33   5.2780314274839339E-014
          14          34   1.9826471860958301E-013
          14          35   9.4320863956298158E-014
          14          36   1.7385393933245763E-013
          14          37   2.6293985493473545E-014
          14          38  -1.1355165185556632E-013
          14          39  -3.7974859794783279E-015
          14          40   1.9879504447257366E-014
          14          41   1.6442919767562382E-014
          15           1   2.4017580694808571E-014
          15           2   6.9215370014507866E-014
          15           3  -9.8587118388880495E-014
          15           4  -1.8253092878526129E-013
          15           5   7.4900320011802527E-014
          15           6   2.0870446612660229E-014
          15           7   6.4359856483970864E-014
          15           8   9.9100643719953337E-015
          15           9 -0.13216562880362970     
          15          10   4.1700759339834536E-003
          15          11  -1.0188684619995137E-002
          15          12 -0.94053373327919731     
          15          13   3.0008763763873146E-002
          15          14  -7.3319966990020330E-002
          15          15   2.3403309365754752     
          15          16 -0.11367104836893120     
          15          17  0.27773078490144404     
          15          18  -7.4585311762298268E-002
          15          19  0.12823207086653585     
          15          20 -0.31330751499444010     
          15          21   5.9903408278431561E-002
          15          22   5.8221242013625295E-002
          15          23 -0.14225109624979779     
          15          24  -5.5683715118577129E-002
          15          25  -7.4606934777351657E-003
          15          26   1.8228601611391705E-002
          15          27   1.5720699335989977E-002
          15          28   3.5567467712077508E-003
          15          29  -8.6901465819567252E-003
          15          30   1.5245584880864576E-012
          15          31   2.2355933145565548E-014
          15          32  -1.3031454141660651E-012
          15          33   5.4877157130904275E-013
          15          34   6.9054692993350345E-014
          15          35  -1.6801725636531638E-015
          15          36   1.8525078406090421E-013
          15          37  -4.6177115216319223E-014
          15          38  -3.3138863560351289E-013
          15          39   1.1293644062858952E-013
          15          40   5.2845578741374342E-014
          15          41  -3.8370897724886836E-016
          16           1  -3.2730483983024456E-016
          16           2  -4.8675115016915629E-016
          16           3  -9.6745676399299517E-015
          16           4   4.7297327015024890E-014
          16           5  -8.5283145909182513E-015
          16           6  -2.1931047745183824E-014
          16           7  -1.1486030765852284E-013
          16           8  -2.6059905319729733E-014
          16           9   4.1700759339845517E-003
          16          10 -0.12976525463782126     
          16          11   7.6698768812669318E-003
          16          12   3.0008763763865177E-002
          16          13 -0.92326012425462634     
          16          14   5.5194084489443775E-002
          16          15 -0.11367104836893120     
          16          16   2.2748997424639250     
          16          17 -0.20907123989000162     
          16          18  0.12823207086659985     
          16          19  -7.7251914204512495E-004
          16          20  0.23585282650614448     
          16          21   5.8221242013488939E-002
          16          22   9.3416650588084987E-002
          16          23  0.10708432296848347     
          16          24  -7.4606934775941144E-003
          16          25  -5.9978230653821629E-002
          16          26  -1.3722196269009175E-002
          16          27   3.5567467711711798E-003
          16          28   1.7768029696071316E-002
          16          29   6.5418016996702383E-003
          16          30  -2.6640388674471473E-012
          16          31   3.3212567240805752E-015
          16          32   2.6803971532614461E-012
          16          33  -4.6505885837820787E-013
          16          34   1.9311252835757711E-015
          16          35  -1.7250959879616444E-013
          16          36  -3.8300193470041407E-013
          16          37   2.9291200674588704E-014
          16          38   4.9608714778412100E-013
          16          39  -8.2405345285067268E-014
          16          40  -3.7664244689275622E-014
          16          41  -2.2109797600333422E-014
          17           1   1.9374855204595279E-014
          17           2   5.8804688423996607E-014
          17           3  -9.8041052951672536E-014
          17           4  -1.6180581503714429E-013
          17           5   1.3477478833957497E-013
          17           6  -1.6419718194744925E-014
          17           7   7.6120475678861577E-014
          17           8   4.2184931414390317E-014
          17           9  -1.0188684619990413E-002
          17          10   7.6698768812628448E-003
          17          11 -0.14536578528205063     
          17          12  -7.3319966990024826E-002
          17          13   5.5194084489458062E-002
          17          14  -1.0355248997896973     
          17          15  0.27773078490144404     
          17          16 -0.20907123989000162     
          17          17   2.7001506734998268     
          17          18 -0.31330751499447107     
          17          19  0.23585282650613820     
          17          20 -0.48049720108230165     
          17          21 -0.14225109624971347     
          17          22  0.10708432296849786     
          17          23 -0.12439287723397743     
          17          24   1.8228601611247067E-002
          17          25  -1.3722196268989552E-002
          17          26  -3.2067281532885059E-002
          17          27  -8.6901465819866890E-003
          17          28   6.5418016997248413E-003
          17          29   4.4620041284371970E-003
          17          30  -2.2646386526538001E-012
          17          31  -8.7943066135830001E-014
          17          32   2.7378395267013563E-012
          17          33  -1.7988498770747520E-013
          17          34  -5.0751813074590296E-013
          17          35  -2.4041375018466371E-013
          17          36  -4.3634309068037562E-013
          17          37  -6.9816931689106935E-014
          17          38   2.8291069938571121E-013
          17          39   2.5363671603184386E-014
          17          40  -3.1614402290518229E-014
          17          41  -4.6323089769211457E-014
          18           1  -1.6424555303316584E-014
          18           2  -4.2859623784139912E-014
          18           3   5.3140032765307433E-014
          18           4   6.4682770622927032E-014
          18           5   1.0834594743805855E-014
          18           6   7.7017830175452342E-015
          18           7  -5.2039150761901868E-014
          18           8   2.9011934808905820E-015
          18           9   5.5886705473662431E-004
          18          10  -4.7020910950023509E-003
          18          11   1.1488549364429208E-002
          18          12   2.4836462330610209E-003
          18          13  -3.3848899619819232E-002
          18          14   8.2702513914962084E-002
          18          15  -7.4585311762298268E-002
          18          16  0.12823207086659985     
          18          17 -0.31330751499447107     
          18          18  0.24142124131383136     
          18          19 -0.14459290185246254     
          18          20  0.35328169044674979     
          18          21   8.9468729844673828E-002
          18          22  -6.6141855791348195E-002
          18          23  0.16160341430243280     
          18          24  -9.8523678652349019E-003
          18          25   8.5377954247743137E-003
          18          26  -2.0860268807896470E-002
          18          27   5.1528535133049756E-003
          18          28  -4.0578027017297716E-003
          18          29   9.9143690983426094E-003
          18          30  -2.9525330174807698E-012
          18          31  -6.3930985575914093E-014
          18          32   3.1440682068907886E-012
          18          33  -4.8764194030106482E-013
          18          34  -2.7248220787448703E-013
          18          35  -1.9908187001811490E-013
          18          36  -4.6337563000847884E-013
          18          37   3.2589863635021192E-015
          18          38   5.1188104300808334E-013
          18          39  -1.0472734563438514E-013
          18          40  -4.0409144041446819E-014
          18          41  -3.4178107581368790E-014
          19           1  -1.8887477029734501E-014
          19           2  -5.3093299209567352E-014
          19           3   7.8274717349276907E-014
          19           4   8.0730051914376347E-014
          19           5  -8.1418879396035909E-015
          19           6  -1.0956842954881781E-014
          19           7   5.4581507733620756E-014
          19           8   2.1944552426094129E-015
          19           9  -4.7020910950011374E-003
          19          10  -2.1477450473054143E-003
          19          11  -8.6483940230514984E-003
          19          12  -3.3848899619808560E-002
          19          13  -1.7000417240136928E-002
          19          14  -6.2257113961492472E-002
          19          15  0.12823207086653585     
          19          16  -7.7251914204512495E-004
          19          17  0.23585282650613820     
          19          18 -0.14459290185246254     
          19          19  0.15819084655635646     
          19          20 -0.26594473881740333     
          19          21  -6.6141855791347154E-002
          19          22   5.1396233221572850E-002
          19          23 -0.12165243478741943     
          19          24   8.5377954247782221E-003
          19          25  -4.9378521839122166E-003
          19          26   1.5703272741821074E-002
          19          27  -4.0578027017382015E-003
          19          28   2.8171059324279498E-003
          19          29  -7.4633765963464035E-003
          19          30   1.1404621647086498E-012
          19          31   7.8618044650591031E-015
          19          32  -1.2413171849809113E-012
          19          33   1.6738470990943716E-013
          19          34   5.7475262769505685E-014
          19          35   8.0285824266923544E-014
          19          36   1.8486513237462963E-013
          19          37  -9.2175761087794540E-015
          19          38  -2.0647940431189806E-013
          19          39   4.8832375468190203E-014
          19          40   9.0185735487882326E-015
          19          41   2.4272802493658982E-014
          20           1  -2.4415321334735065E-016
          20           2  -4.9043113976056588E-016
          20           3  -5.6044231788339609E-015
          20           4   1.0204760521942950E-014
          20           5   1.0773113149338823E-014
