           1           1  0.36387145942731036     
           1           2  0.64758677258607811     
           1           3 -0.17018171953853295     
           1           4 -0.20069344950083873     
           1           5   3.5122203736331938E-002
           1           6   3.0905155628780084E-002
           1           7  -1.6174637154165793E-002
           1           8  -1.0530405017719895E-002
           1           9  -1.2549633685855303E-012
           1          10   3.5070001432861751E-014
           1          11  -5.7292617114411300E-013
           1          12  -6.8309833199002364E-012
           1          13   4.1807797593246598E-012
           1          14  -1.6580888613937162E-012
           1          15   1.3512426612601734E-011
           1          16  -9.5075128051917411E-012
           1          17   3.3092836409776473E-012
           1          18   8.1929629326618250E-012
           1          19  -3.5222974291357057E-012
           1          20   5.7771654739011361E-013
           1          21   8.5496559133868073E-012
           1          22   9.1913596085439703E-013
           1          23   2.2798530555730615E-012
           1          24   3.1039573582608417E-012
           1          25  -4.6574073131975303E-012
           1          26  -7.0899901529970117E-013
           1          27   5.1546951029893918E-013
           1          28  -1.7723022109095301E-012
           1          29   9.5637015187959021E-014
           1          30   2.5597725629988397E-002
           1          31   7.0287000312961774E-005
           1          32   2.5640940780025531E-002
           1          33  -7.2561422843370749E-005
           1          34  -1.0275513316073637E-004
           1          35   2.5646609692920330E-002
           1          36   1.9280695022438660E-003
           1          37   1.6059541533671133E-005
           1          38   1.9379435267893514E-003
           1          39  -1.6579212523187774E-005
           1          40  -2.3478031800420269E-005
           1          41   1.9392387891714116E-003
           2           1  0.64758677258607811     
           2           2   1.2096906571523025     
           2           3 -0.50556399141004449     
           2           4 -0.59475498774153601     
           2           5  0.12188821449766810     
           2           6   9.4448047923319484E-002
           2           7  -5.8493418092959076E-002
           2           8  -3.7713504108056822E-002
           2           9  -3.8188617789267281E-012
           2          10   5.4149539009974579E-013
           2          11  -1.5203150427242715E-012
           2          12  -2.1531439097667424E-011
           2          13   1.4307931322863991E-011
           2          14  -4.6336234910487658E-012
           2          15   4.2224928547946402E-011
           2          16  -3.2351778172939015E-011
           2          17   9.0892977040011756E-012
           2          18   2.6975380810055036E-011
           2          19  -1.1109919551311477E-011
           2          20   1.6076612996414636E-012
           2          21   2.9813031140831315E-011
           2          22   2.8991807865955542E-012
           2          23   7.9024696512251730E-012
           2          24   1.1518516490294321E-011
           2          25  -1.6340942625478048E-011
           2          26  -2.1785519015864098E-012
           2          27   1.7272126253109175E-012
           2          28  -6.4788356800907197E-012
           2          29   3.3320406406509656E-013
           2          30   9.0574162074600534E-002
           2          31   2.2225951968296950E-004
           2          32   9.0710815775041975E-002
           2          33  -2.2945162957065172E-004
           2          34  -3.2492931104138466E-004
           2          35   9.0728741839642885E-002
           2          36   6.8756867347110999E-003
           2          37   5.0472099342252198E-005
           2          38   6.9067189268607991E-003
           2          39  -5.2105325462669066E-005
           2          40  -7.3787011715019651E-005
           2          41   6.9107896886183018E-003
           3           1 -0.17018171953853295     
           3           2 -0.50556399141004449     
           3           3  0.79921645187074253     
           3           4  0.92962648109080903     
           3           5 -0.21124073572688262     
           3           6 -0.14307156103442745     
           3           7   8.7332183860319726E-002
           3           8   5.5024820047257866E-002
           3           9   7.0576152402930089E-012
           3          10  -4.2683973524298638E-013
           3          11   3.1847072755236155E-012
           3          12   4.2855867597630696E-011
           3          13  -1.7138725326941737E-011
           3          14   1.5083186409025072E-011
           3          15  -8.2626808353979027E-011
           3          16   5.3704618801423161E-011
           3          17  -2.2611259919681451E-011
           3          18  -4.9686191924657376E-011
           3          19   1.8068851579118977E-011
           3          20  -5.4130154306641294E-012
           3          21  -4.5885355139373584E-011
           3          22  -3.9469812411392709E-012
           3          23  -1.1953443402388832E-011
           3          24  -1.6054234463196383E-011
           3          25   2.4912664236689461E-011
           3          26   3.9778115298111390E-012
           3          27  -2.6455828325719961E-012
           3          28   9.5841581461240727E-012
           3          29  -5.2218075826922657E-013
           3          30 -0.16258488120871140     
           3          31  -4.6843266697784201E-004
           3          32 -0.16287289161044691     
           3          33   4.8359072119784320E-004
           3          34   6.8481881381117677E-004
           3          35 -0.16291067249385041     
           3          36  -1.2325197809969973E-002
           3          37  -1.1781957059344477E-004
           3          38  -1.2397637813164003E-002
           3          39   1.2163209944622102E-004
           3          40   1.7224473686610150E-004
           3          41  -1.2407140410729430E-002
           4           1 -0.20069344950083873     
           4           2 -0.59475498774153601     
           4           3  0.92962648109080903     
           4           4   1.1713237331806636     
           4           5 -0.44064418615013823     
           4           6 -0.27382823966768710     
           4           7  0.19336293526802367     
           4           8  0.12247293357959481     
           4           9   6.5563295441588426E-012
           4          10  -4.6009068711046052E-012
           4          11   1.4723565393058052E-012
           4          12   3.6925364438911760E-011
           4          13  -4.9639971937138344E-011
           4          14   1.2540445879479244E-012
           4          15  -7.2913558741813889E-011
           4          16   8.4421109377004384E-011
           4          17  -1.5396766128275150E-011
           4          18  -6.7578683846216969E-011
           4          19   2.2926308784569867E-011
           4          20  -3.8263114160150387E-012
           4          21  -9.3757453591006787E-011
           4          22  -7.3258280039211053E-012
           4          23  -2.2520965808986502E-011
           4          24  -4.0085517401864140E-011
           4          25   5.0970679038320761E-011
           4          26   8.2975183998035465E-012
           4          27  -5.9884629503136927E-012
           4          28   2.0587408728913145E-011
           4          29   6.9277456266883360E-013
           4          30 -0.28687045021484187     
           4          31  -9.1025342349925246E-004
           4          32 -0.28743010902743849     
           4          33   9.3970837205839986E-004
           4          34   1.3307327074327080E-003
           4          35 -0.28750352436910065     
           4          36  -2.3123417756396571E-002
           4          37  -2.5050827843926788E-004
           4          38  -2.3277439898474049E-002
           4          39   2.5861447993331694E-004
           4          40   3.6622721977928624E-004
           4          41  -2.3297644319783234E-002
           5           1   3.5122203736331938E-002
           5           2  0.12188821449766810     
           5           3 -0.21124073572688262     
           5           4 -0.44064418615013823     
           5           5  0.48023872628435937     
           5           6  0.26623140419612767     
           5           7 -0.18702758119334126     
           5           8 -0.11719576053725109     
           5           9   4.5762600886188007E-012
           5          10  -8.8671088810504674E-013
           5          11  -1.0749787593734298E-012
           5          12   3.8797986615410703E-011
           5          13  -2.7517919900406330E-012
           5          14  -5.1104976361844718E-012
           5          15  -8.2592995845165884E-011
           5          16   1.1569068957782670E-011
           5          17   1.3035826077103542E-011
           5          18   1.4525965761850504E-011
           5          19   1.5287100292634182E-011
           5          20   6.5540262597399729E-012
           5          21   8.5069549713838271E-011
           5          22   5.2226571415040924E-012
           5          23   1.6076989803272467E-011
           5          24   4.1169292513588413E-011
           5          25  -4.8604496457863316E-011
           5          26  -1.3656079231268584E-011
           5          27   6.6913384318871918E-012
           5          28  -1.8603523511795777E-011
           5          29  -4.1120453667174225E-012
           5          30  0.25336681408059281     
           5          31   1.8351239165206824E-003
           5          32  0.25449511875402586     
           5          33  -1.8945068294163657E-003
           5          34  -2.6828344862519383E-003
           5          35  0.25464312839735181     
           5          36   2.2114469344794805E-002
           5          37   6.1587556196200362E-004
           5          38   2.2493133317768227E-002
           5          39  -6.3580471485080454E-004
           5          40  -9.0037094341554507E-004
           5          41   2.2542805992390821E-002
           6           1   3.0905155628780084E-002
           6           2   9.4448047923319484E-002
           6           3 -0.14307156103442745     
           6           4 -0.27382823966768710     
           6           5  0.26623140419612767     
           6           6  0.16676011963173540     
           6           7 -0.22981289641757655     
           6           8 -0.15148395293209665     
           6           9  -1.7541532880398603E-011
           6          10   9.8132826375225341E-012
           6          11  -2.4457345103971313E-012
           6          12  -1.3021930302134988E-010
           6          13   7.7820564520773331E-011
           6          14  -1.6530222956545026E-011
           6          15   2.5676594396957296E-010
           6          16  -1.6838926375789940E-010
           6          17   3.4354338793703398E-011
           6          18   1.1710531054339856E-010
           6          19  -4.6644292901255725E-011
           6          20   1.4083120428073007E-011
           6          21   1.0042345897795155E-010
           6          22   4.1343715559013403E-012
           6          23   2.7801579708379703E-011
           6          24   5.3154356630470173E-011
           6          25  -5.7056640493976940E-011
           6          26   2.1752102137714652E-012
           6          27   3.6431297838438794E-012
           6          28  -2.8897190811092526E-011
           6          29   2.5789091519840229E-012
           6          30  0.15082296699719602     
           6          31  -6.0748495860396187E-004
           6          32  0.15044946153227853     
           6          33   6.2714256543856025E-004
           6          34   8.8810445834934873E-004
           6          35  0.15040046569701399     
           6          36   1.3059686176848617E-002
           6          37  -2.3931807480868114E-004
           6          38   1.2912544123874244E-002
           6          39   2.4706217749429025E-004
           6          40   3.4986779498981813E-004
           6          41   1.2893242257249657E-002
           7           1  -1.6174637154165793E-002
           7           2  -5.8493418092959076E-002
           7           3   8.7332183860319726E-002
           7           4  0.19336293526802367     
           7           5 -0.18702758119334126     
           7           6 -0.22981289641757655     
           7           7  0.94927430868848228     
           7           8  0.64625411105381370     
           7           9   1.7077883643424146E-011
           7          10  -1.2500244041273035E-011
           7          11   3.0323199891059955E-012
           7          12   1.2643985396396099E-010
           7          13  -9.7785085709592525E-011
           7          14   2.1370279462245340E-011
           7          15  -2.2757791810410823E-010
           7          16   2.1476335763730886E-010
           7          17  -4.0086186847099867E-011
           7          18  -1.3070881300803173E-010
           7          19   3.4491342124159733E-011
           7          20  -2.2847692268609213E-011
           7          21  -3.7136622926729617E-010
           7          22  -2.3382564015151863E-011
           7          23  -7.9734916541111481E-011
           7          24  -2.6181543679171804E-010
           7          25   2.1758367159940314E-010
           7          26   3.5012491957066206E-011
           7          27  -2.7620995573776562E-011
           7          28   1.0218288772450616E-010
           7          29   2.0131727096926059E-011
           7          30 -0.15397726813200174     
           7          31   1.9843837588509475E-004
           7          32 -0.15385525851956416     
           7          33  -2.0485968320629031E-004
           7          34  -2.9010481051621709E-004
           7          35 -0.15383925365477297     
           7          36  -1.1691008854996014E-002
           7          37  -1.2339461299980693E-004
           7          38  -1.1766876010249772E-002
           7          39   1.2738752586582492E-004
           7          40   1.8039516388348130E-004
           7          41  -1.1776828224026165E-002
           8           1  -1.0530405017719895E-002
           8           2  -3.7713504108056822E-002
           8           3   5.5024820047257866E-002
           8           4  0.12247293357959481     
           8           5 -0.11719576053725109     
           8           6 -0.15148395293209665     
           8           7  0.64625411105381370     
           8           8  0.44061856061864657     
           8           9  -2.2953088588852699E-011
           8          10   1.0485976101544318E-011
           8          11  -4.9841509300527129E-012
           8          12  -1.7759567352892693E-010
           8          13   7.8384672412859803E-011
           8          14  -3.9438655278339517E-011
           8          15   4.0772039536821368E-010
           8          16  -1.6411665767907385E-010
           8          17   9.4778173084782297E-011
           8          18   1.0499118721085109E-010
           8          19  -8.2996475592413144E-011
           8          20   2.5764659034712645E-011
           8          21  -2.2544028308060352E-010
           8          22  -2.1361149091462474E-011
           8          23  -1.0658291578548375E-010
           8          24  -1.4280790404650898E-010
           8          25   1.8218492838974676E-010
           8          26  -8.0151469609706730E-011
           8          27   1.5775066667938200E-011
           8          28   1.1342480297124386E-010
           8          29  -4.6160870644842447E-011
           8          30 -0.10092240999627403     
           8          31   2.8073978909415619E-003
           8          32  -9.9196314902956315E-002
           8          33  -2.8982429113807249E-003
           8          34  -4.1042379586479121E-003
           8          35  -9.8969886989100003E-002
           8          36  -8.0911749698219151E-003
           8          37   1.0204397195941878E-003
           8          38  -7.4637698481982385E-003
           8          39  -1.0534602910441089E-003
           8          40  -1.4918181498059535E-003
           8          41  -7.3814672840110005E-003
           9           1  -1.2549633685855303E-012
           9           2  -3.8188617789267281E-012
           9           3   7.0576152402930089E-012
           9           4   6.5563295441588426E-012
           9           5   4.5762600886188007E-012
           9           6  -1.7541532880398603E-011
           9           7   1.7077883643424146E-011
           9           8  -2.2953088588852699E-011
           9           9   4.1211768115183935E-002
           9          10   2.6017518981564136E-005
           9          11  -2.6859421536657195E-005
           9          12  0.28842571996105093     
           9          13   1.9342920741077734E-004
           9          14  -1.9968839625855443E-004
           9          15  -8.3304649805688996E-002
           9          16  -4.9073225920321967E-004
           9          17   5.0661189434474054E-004
           9          18  -3.1527297347874836E-002
           9          19  -8.4770403062990282E-005
           9          20   8.7513489953301970E-005
           9          21  -1.1218450040618598E-003
           9          22   5.5101116220608907E-004
           9          23  -5.6884135487740670E-004
           9          24   9.5867965327660104E-004
           9          25   1.2133549949460459E-003
           9          26  -1.2526180029407104E-003
           9          27   6.5343113389610828E-004
           9          28   9.3923430513055499E-004
           9          29  -9.6962702607634457E-004
           9          30  -2.3334391266831321E-013
           9          31   9.9491682177303126E-013
           9          32   8.0320825356936048E-012
           9          33   1.2297990067173751E-011
           9          34  -2.2358012228834156E-011
           9          35  -2.5387601605713253E-011
           9          36  -1.5696535165465259E-011
           9          37  -2.7264195830560366E-012
           9          38   6.0224206118300233E-012
           9          39  -4.8471093307088645E-012
           9          40  -2.1018675197904658E-012
           9          41   1.1115230325010348E-011
          10           1   3.5070001432861751E-014
          10           2   5.4149539009974579E-013
          10           3  -4.2683973524298638E-013
          10           4  -4.6009068711046052E-012
          10           5  -8.8671088810504674E-013
          10           6   9.8132826375225341E-012
          10           7  -1.2500244041273035E-011
          10           8   1.0485976101544318E-011
          10           9   2.6017518981564136E-005
          10          10   4.1230239371487301E-002
          10          11  -3.8035973513387062E-005
          10          12   1.9342920909645617E-004
          10          13  0.28856304591080750     
          10          14  -2.8278131598954883E-004
          10          15  -4.9073225975911311E-004
          10          16  -8.3653047409732229E-002
          10          17   7.1741964742252917E-004
          10          18  -8.4770406987679198E-005
          10          19  -3.1587480482600357E-002
          10          20   1.2392898578296642E-004
          10          21   5.5101115152971793E-004
          10          22  -7.3065212257672496E-004
          10          23  -8.0554359803339227E-004
          10          24   1.2133550050335482E-003
          10          25   1.8201065705601941E-003
          10          26  -1.7738485663393159E-003
          10          27   9.3923431012937699E-004
          10          28   1.3202448398999182E-003
          10          29  -1.3731013922752655E-003
          10          30   7.0122038376806046E-012
          10          31  -1.9656285457714054E-012
          10          32  -5.2560501679515618E-012
          10          33  -9.0536477439265063E-013
          10          34  -1.6239331674641784E-012
          10          35   1.0021165741100915E-011
          10          36  -6.6529171939138069E-013
          10          37  -8.1242795776157773E-012
          10          38  -2.3718626831813489E-012
          10          39   7.0006748742516175E-012
          10          40  -1.0737754553970880E-012
          10          41   2.6322837290350027E-012
          11           1  -5.7292617114411300E-013
          11           2  -1.5203150427242715E-012
          11           3   3.1847072755236155E-012
          11           4   1.4723565393058052E-012
          11           5  -1.0749787593734298E-012
          11           6  -2.4457345103971313E-012
          11           7   3.0323199891059955E-012
          11           8  -4.9841509300527129E-012
          11           9  -2.6859421536657195E-005
          11          10  -3.8035973513387062E-005
          11          11   4.1232662406602401E-002
          11          12  -1.9968839652614615E-004
          11          13  -2.8278131656564269E-004
          11          14  0.28858106014903329     
          11          15   5.0661189408183766E-004
          11          16   7.1741964615923317E-004
          11          17  -8.3698749754232360E-002
          11          18   8.7513492093422055E-005
          11          19   1.2392899380790244E-004
          11          20  -3.1595375237416477E-002
          11          21  -5.6884135622282993E-004
          11          22  -8.0554359337512197E-004
          11          23  -6.7933593527892222E-004
          11          24  -1.2526180009920210E-003
          11          25  -1.7738485745434434E-003
          11          26   1.9331074708281877E-003
          11          27  -9.6962703746727118E-004
          11          28  -1.3731013800077159E-003
          11          29   1.4077166054720872E-003
          11          30   2.3127993107598795E-011
          11          31   3.3861034416505151E-012
          11          32  -1.5773478252300115E-011
          11          33  -7.5359341372613081E-012
          11          34  -2.0130460823667772E-012
          11          35  -9.3126738507389263E-012
          11          36  -6.5033317741570587E-012
          11          37  -2.1000857458139133E-012
          11          38   3.7073720976348065E-012
          11          39   1.2552421106582592E-012
          11          40  -2.6069304448448318E-012
          11          41   4.7975764580688325E-012
          12           1  -6.8309833199002364E-012
          12           2  -2.1531439097667424E-011
          12           3   4.2855867597630696E-011
          12           4   3.6925364438911760E-011
          12           5   3.8797986615410703E-011
          12           6  -1.3021930302134988E-010
          12           7   1.2643985396396099E-010
          12           8  -1.7759567352892693E-010
          12           9  0.28842571996105093     
          12          10   1.9342920909645617E-004
          12          11  -1.9968839652614615E-004
          12          12   2.0210966205832532     
          12          13   1.4469990840313414E-003
          12          14  -1.4938226211596555E-003
          12          15 -0.64010206753979637     
          12          16  -3.7884955345265968E-003
          12          17   3.9110876892940669E-003
          12          18 -0.23990080596313704     
          12          19  -6.6287030600109607E-004
          12          20   6.8432013712160984E-004
          12          21  -8.8168238900475007E-003
          12          22   4.2786381293284754E-003
          12          23  -4.4170907553836691E-003
          12          24   7.6062254648321748E-003
          12          25   9.4260707325083196E-003
          12          26  -9.7310893722824410E-003
          12          27   5.0289996017376746E-003
          12          28   7.2960794123828662E-003
          12          29  -7.5321735421586050E-003
          12          30   6.9219680196304297E-012
          12          31   1.0559440696475801E-011
          12          32   6.6678573861120007E-011
          12          33   9.5923379491976651E-011
          12          34  -1.7025658315332970E-010
          12          35  -1.9776938955060193E-010
          12          36  -1.1861944715235178E-010
          12          37  -2.0650640783131725E-011
          12          38   4.7370467688178615E-011
          12          39  -3.6973834805009580E-011
          12          40  -1.5957592036380756E-011
          12          41   8.3053093911494417E-011
          13           1   4.1807797593246598E-012
          13           2   1.4307931322863991E-011
          13           3  -1.7138725326941737E-011
          13           4  -4.9639971937138344E-011
          13           5  -2.7517919900406330E-012
          13           6   7.7820564520773331E-011
          13           7  -9.7785085709592525E-011
          13           8   7.8384672412859803E-011
          13           9   1.9342920741077734E-004
          13          10  0.28856304591080750     
          13          11  -2.8278131656564269E-004
          13          12   1.4469990840313414E-003
          13          13   2.0221239241981959     
          13          14  -2.1154215054945032E-003
          13          15  -3.7884955111064582E-003
          13          16 -0.64279172722051625     
          13          17   5.5385417994931792E-003
          13          18  -6.6287032640185289E-004
          13          19 -0.24037141376735716     
          13          20   9.6907460441904725E-004
          13          21   4.2786380484139521E-003
          13          22  -5.7791852825500875E-003
          13          23  -6.2550993342775233E-003
          13          24   9.4260708096706516E-003
          13          25   1.4298307409700436E-002
          13          26  -1.3780321606959710E-002
          13          27   7.2960794506985345E-003
          13          28   1.0208884667117227E-002
          13          29  -1.0666408523547496E-002
          13          30   5.2915302774295452E-011
          13          31  -1.2581705660161769E-011
          13          32  -2.9780128442580792E-011
          13          33  -3.0541919298509359E-012
          13          34  -1.4784697906372684E-011
          13          35   7.6151974206021150E-011
          13          36  -5.2892931198209577E-012
          13          37  -6.2092582452769438E-011
          13          38  -1.6544688449043423E-011
          13          39   5.4797485848997666E-011
          13          40  -9.3087821404416835E-012
          13          41   1.9504860859400019E-011
          14           1  -1.6580888613937162E-012
          14           2  -4.6336234910487658E-012
          14           3   1.5083186409025072E-011
          14           4   1.2540445879479244E-012
          14           5  -5.1104976361844718E-012
          14           6  -1.6530222956545026E-011
          14           7   2.1370279462245340E-011
          14           8  -3.9438655278339517E-011
          14           9  -1.9968839625855443E-004
          14          10  -2.8278131598954883E-004
          14          11  0.28858106014903329     
          14          12  -1.4938226211596555E-003
          14          13  -2.1154215054945032E-003
          14          14   2.0222586845451933     
          14          15   3.9110876830941209E-003
          14          16   5.5385417815876437E-003
          14          17 -0.64314455327614739     
          14          18   6.8432015218377338E-004
          14          19   9.6907466283151764E-004
          14          20 -0.24043314755764356     
          14          21  -4.4170907657176276E-003
          14          22  -6.2550992989376100E-003
          14          23  -5.3807116931442016E-003
          14          24  -9.7310893576407868E-003
          14          25  -1.3780321669447235E-002
          14          26   1.5176166306754068E-002
          14          27  -7.5321736291837152E-003
          14          28  -1.0666408429878252E-002
          14          29   1.0888375339084209E-002
          14          30   1.7419879737697795E-010
          14          31   2.3455365701746610E-011
          14          32  -1.1248738766922021E-010
          14          33  -5.1951677638619374E-011
          14          34  -1.9074834724296273E-011
          14          35  -6.9843419148870025E-011
          14          36  -5.0459672042774160E-011
          14          37  -1.6674876472006001E-011
          14          38   3.0658570082854439E-011
          14          39   1.0810469272386610E-011
          14          40  -2.1909208501846096E-011
          14          41   3.5709913156340671E-011
          15           1   1.3512426612601734E-011
          15           2   4.2224928547946402E-011
          15           3  -8.2626808353979027E-011
          15           4  -7.2913558741813889E-011
          15           5  -8.2592995845165884E-011
          15           6   2.5676594396957296E-010
          15           7  -2.2757791810410823E-010
          15           8   4.0772039536821368E-010
          15           9  -8.3304649805688996E-002
          15          10  -4.9073225975911311E-004
          15          11   5.0661189408183766E-004
          15          12 -0.64010206753979637     
          15          13  -3.7884955111064582E-003
          15          14   3.9110876830941209E-003
          15          15   1.4650384166895347     
          15          16   9.7688905165036997E-003
          15          17  -1.0085002628586725E-002
          15          18  0.50105076150855576     
          15          19   2.0071658199876490E-003
          15          20  -2.0721157636837133E-003
          15          21   2.3969677188386870E-002
          15          22  -1.1014565299037021E-002
          15          23   1.1370986072859877E-002
          15          24  -2.2825143142096254E-002
          15          25  -2.4408159423105220E-002
          15          26   2.5197984126007312E-002
          15          27  -1.2073239079767796E-002
          15          28  -1.8877281277471607E-002
          15          29   1.9488131997170761E-002
          15          30   5.5150597319676873E-011
          15          31   3.5090805251500851E-011
          15          32  -2.7128776364267382E-010
          15          33  -3.4090163822015459E-010
          15          34   4.9443683825328239E-010
          15          35   4.4355032987799009E-010
          15          36   3.0502741336848534E-010
          15          37   8.4246026922082023E-011
          15          38  -1.5161866309697842E-010
          15          39   4.6285543274806300E-011
          15          40   8.1677214044400060E-011
          15          41  -1.8145973908277813E-010
          16           1  -9.5075128051917411E-012
          16           2  -3.2351778172939015E-011
          16           3   5.3704618801423161E-011
          16           4   8.4421109377004384E-011
          16           5   1.1569068957782670E-011
          16           6  -1.6838926375789940E-010
          16           7   2.1476335763730886E-010
          16           8  -1.6411665767907385E-010
          16           9  -4.9073225920321967E-004
          16          10  -8.3653047409732229E-002
          16          11   7.1741964615923317E-004
          16          12  -3.7884955345265968E-003
          16          13 -0.64279172722051625     
          16          14   5.5385417815876437E-003
          16          15   9.7688905165036997E-003
          16          16   1.4719738850099398     
          16          17  -1.4281502506980936E-002
          16          18   2.0071658796421564E-003
          16          19  0.50247575805084910     
          16          20  -2.9343499504420516E-003
          16          21  -1.1014565124030084E-002
          16          22   1.6149836394858782E-002
          16          23   1.6102600426241780E-002
          16          24  -2.4408159597483745E-002
          16          25  -4.0153827369007945E-002
          16          26   3.5683191438355313E-002
          16          27  -1.8877281364473246E-002
          16          28  -2.5475251506491586E-002
          16          29   2.7597396118513928E-002
          16          30  -1.0801330404632800E-010
          16          31   4.6905956952742378E-011
          16          32   6.4601200889920992E-011
          16          33   1.0957314416526889E-012
          16          34   6.7248997767890384E-011
          16          35  -1.7268542047217720E-010
          16          36  -3.8829488217287162E-012
          16          37   1.6060224390139624E-010
          16          38   6.2361864504285421E-011
          16          39  -1.1942696540455317E-010
          16          40   3.8273859137184879E-011
          16          41  -5.3937459272995920E-011
          17           1   3.3092836409776473E-012
          17           2   9.0892977040011756E-012
          17           3  -2.2611259919681451E-011
          17           4  -1.5396766128275150E-011
          17           5   1.3035826077103542E-011
          17           6   3.4354338793703398E-011
          17           7  -4.0086186847099867E-011
          17           8   9.4778173084782297E-011
          17           9   5.0661189434474054E-004
          17          10   7.1741964742252917E-004
          17          11  -8.3698749754232360E-002
          17          12   3.9110876892940669E-003
          17          13   5.5385417994931792E-003
          17          14 -0.64314455327614739     
          17          15  -1.0085002628586725E-002
          17          16  -1.4281502506980936E-002
          17          17   1.4728836707522830     
          17          18  -2.0721158040274937E-003
          17          19  -2.9343500894445612E-003
          17          20  0.50266268738872188     
          17          21   1.1370986094370140E-002
          17          22   1.6102600349253770E-002
          17          23   1.5124039580962166E-002
          17          24   2.5197984100700933E-002
          17          25   3.5683191568562735E-002
          17          26  -4.2426982353220698E-002
          17          27   1.9488132186475229E-002
          17          28   2.7597395914226660E-002
          17          29  -2.7233310325200967E-002
          17          30  -4.8256404891464379E-010
          17          31  -7.0906440804541109E-011
          17          32   2.8948868461300312E-010
          17          33   1.5061242815463934E-010
          17          34   2.5958020820699330E-011
          17          35   2.0734721828996720E-010
          17          36   5.7328026414106579E-011
          17          37   2.4182377225482000E-011
          17          38  -5.2888704757923952E-011
          17          39   5.9355686649104180E-012
          17          40   5.6374816416590429E-011
          17          41  -4.0977529886957180E-011
          18           1   8.1929629326618250E-012
          18           2   2.6975380810055036E-011
          18           3  -4.9686191924657376E-011
          18           4  -6.7578683846216969E-011
          18           5   1.4525965761850504E-011
          18           6   1.1710531054339856E-010
          18           7  -1.3070881300803173E-010
          18           8   1.0499118721085109E-010
          18           9  -3.1527297347874836E-002
          18          10  -8.4770406987679198E-005
          18          11   8.7513492093422055E-005
          18          12 -0.23990080596313704     
          18          13  -6.6287032640185289E-004
          18          14   6.8432015218377338E-004
          18          15  0.50105076150855576     
          18          16   2.0071658796421564E-003
          18          17  -2.0721158040274937E-003
          18          18  0.17162144549327218     
          18          19   2.3764180064305150E-004
          18          20  -2.4533162052665886E-004
          18          21   8.3909844777709207E-003
          18          22  -3.4875880591982871E-003
          18          23   3.6004430671350792E-003
          18          24  -7.2952149170303522E-003
          18          25  -7.6443498476495668E-003
          18          26   7.8917137005653729E-003
          18          27  -3.7552510282624165E-003
          18          28  -5.9205648320900823E-003
          18          29   6.1121486314615059E-003
          18          30  -4.6498527277986420E-010
          18          31  -2.5104679492750090E-010
          18          32   3.3629550460058809E-010
          18          33   2.8580339176694773E-010
          18          34  -2.1682498179998613E-010
          18          35   2.8207068540272352E-010
          18          36  -7.5921310005857112E-011
          18          37  -6.6455687536023074E-011
          18          38   9.4126392096521586E-011
          18          39   1.6028189000325734E-010
          18          40  -1.1008243440289118E-010
          18          41  -2.1537623958110413E-011
          19           1  -3.5222974291357057E-012
          19           2  -1.1109919551311477E-011
          19           3   1.8068851579118977E-011
          19           4   2.2926308784569867E-011
          19           5   1.5287100292634182E-011
          19           6  -4.6644292901255725E-011
          19           7   3.4491342124159733E-011
          19           8  -8.2996475592413144E-011
          19           9  -8.4770403062990282E-005
          19          10  -3.1587480482600357E-002
          19          11   1.2392899380790244E-004
          19          12  -6.6287030600109607E-004
          19          13 -0.24037141376735716     
          19          14   9.6907466283151764E-004
          19          15   2.0071658199876490E-003
          19          16  0.50247575805084910     
          19          17  -2.9343500894445612E-003
          19          18   2.3764180064305150E-004
          19          19  0.17179016037497102     
          19          20  -3.4741733863507824E-004
          19          21  -3.4875879961100784E-003
          19          22   5.9149554643903425E-003
          19          23   5.0986339761189391E-003
          19          24  -7.6443498962990089E-003
          19          25  -1.2722355976812963E-002
          19          26   1.1175557896254384E-002
          19          27  -5.9205648537793637E-003
          19          28  -7.9585831842831113E-003
          19          29   8.6554928334758186E-003
          19          30  -5.2481653830257705E-011
          19          31  -6.7331230826836493E-011
          19          32   1.1466657897189930E-010
          19          33   9.1601093611585657E-011
          19          34  -1.3391280658455012E-010
          19          35  -1.1276825344257126E-010
          19          36  -8.9663152320699197E-012
          19          37   2.3979113836211463E-011
          19          38   5.1467561384018553E-011
          19          39  -8.0151255942727281E-012
          19          40  -4.2524901691856757E-011
          19          41  -3.8826096842608053E-011
          20           1   5.7771654739011361E-013
          20           2   1.6076612996414636E-012
          20           3  -5.4130154306641294E-012
          20           4  -3.8263114160150387E-012
          20           5   6.5540262597399729E-012
