           1           1  0.36234443901078783     
           1           2  0.64819428174349358     
           1           3 -0.17084909763043934     
           1           4 -0.20261897042869437     
           1           5   3.2225998954376972E-002
           1           6   3.3745193708783476E-002
           1           7  -1.8695034298441833E-002
           1           8  -1.1421678916706174E-002
           1           9   5.7500683269002730E-011
           1          10  -2.7705098965472850E-011
           1          11  -2.8820949058878957E-011
           1          12   4.2835888997591511E-010
           1          13  -1.9946396474386128E-010
           1          14  -2.0103565437721633E-010
           1          15  -8.9176561475847486E-010
           1          16   4.0852737808348657E-010
           1          17   4.1203486996390339E-010
           1          18  -3.0106702120386769E-010
           1          19   1.6320475429156111E-010
           1          20   1.4869119213006631E-010
           1          21  -8.4877327861531559E-011
           1          22  -3.3241222475902766E-011
           1          23   3.8967890335553808E-011
           1          24  -2.7837426999957192E-011
           1          25  -3.4480786620576132E-011
           1          26  -1.1921356067853371E-011
           1          27   5.3996938675760339E-011
           1          28  -5.1402491580720714E-012
           1          29  -1.8824110486944021E-011
           1          30   2.7195225602408897E-002
           1          31   2.2992736807011331E-005
           1          32   2.7185558956956197E-002
           1          33  -6.0797861360286619E-005
           1          34   7.7320737157446695E-005
           1          35   2.7033821517340594E-002
           1          36   2.4067502949960042E-003
           1          37   3.6249123648465156E-006
           1          38   2.4052262877907330E-003
           1          39  -9.5850915794269478E-006
           1          40   1.2190004823793739E-005
           1          41   2.3813041137550391E-003
           2           1  0.64819428174349358     
           2           2   1.2180211779455181     
           2           3 -0.51047756775049680     
           2           4 -0.60492177788536239     
           2           5  0.11326422115542445     
           2           6  0.10445990594905244     
           2           7  -6.8325324646045071E-002
           2           8  -4.1335282515937988E-002
           2           9   1.8501616485427308E-010
           2          10  -9.0255091012399835E-011
           2          11  -9.2200367117353407E-011
           2          12   1.3954574556432471E-009
           2          13  -6.6021440278742971E-010
           2          14  -6.5814231672371798E-010
           2          15  -2.8927067829079565E-009
           2          16   1.3549991263588548E-009
           2          17   1.3434832019820161E-009
           2          18  -9.7434421127131322E-010
           2          19   5.4413848842781156E-010
           2          20   4.9019873567440219E-010
           2          21  -3.0395885029980101E-010
           2          22  -1.2446322367382185E-010
           2          23   1.3545470416785336E-010
           2          24  -1.1058636552191523E-010
           2          25  -1.2512525654183154E-010
           2          26  -3.7821574604662897E-011
           2          27   1.9151918764134689E-010
           2          28  -1.9224030418122076E-011
           2          29  -6.7658614489423566E-011
           2          30   9.7504574711136993E-002
           2          31   7.3514181476584968E-005
           2          32   9.7473667655953278E-002
           2          33  -1.9438786568785684E-004
           2          34   2.4721610086101098E-004
           2          35   9.6988520431644965E-002
           2          36   8.6534345318714442E-003
           2          37   1.1265812018451958E-005
           2          38   8.6486980526288941E-003
           2          39  -2.9789426495801250E-005
           2          40   3.7885197861333092E-005
           2          41   8.5743505461485358E-003
           3           1 -0.17084909763043934     
           3           2 -0.51047756775049680     
           3           3  0.79986739647436167     
           3           4  0.93580233486228326     
           3           5 -0.18971418406939072     
           3           6 -0.15449794809064882     
           3           7   9.9728259657926102E-002
           3           8   5.8652395334228377E-002
           3           9  -3.4750239256396303E-010
           3          10   1.7147649712094350E-010
           3          11   1.7678833157705408E-010
           3          12  -2.6596797968567600E-009
           3          13   1.2799132339479822E-009
           3          14   1.3003046218350465E-009
           3          15   5.5571677877095456E-009
           3          16  -2.6634686443768602E-009
           3          17  -2.6416243082326701E-009
           3          18   1.8877956889553524E-009
           3          19  -1.0480530834735622E-009
           3          20  -9.6087857690957194E-010
           3          21   4.3941053030807791E-010
           3          22   1.6083187858296015E-010
           3          23  -2.0755291451373586E-010
           3          24   1.0441223914420401E-010
           3          25   1.7795970333539355E-010
           3          26   7.3993196449044125E-011
           3          27  -3.0385792698286580E-010
           3          28   2.5745190474366850E-011
           3          29   1.0433334049092769E-010
           3          30 -0.17154601680858844     
           3          31  -1.5249347775317672E-004
           3          32 -0.17148190540902974     
           3          33   4.0322598223529169E-004
           3          34  -5.1280976112736808E-004
           3          35 -0.17047554651420616     
           3          36  -1.5325198762617915E-002
           3          37  -2.9686739840254856E-005
           3          38  -1.5312717791523406E-002
           3          39   7.8498291947526761E-005
           3          40  -9.9831595312268922E-005
           3          41  -1.5116804233504047E-002
           4           1 -0.20261897042869437     
           4           2 -0.60492177788536239     
           4           3  0.93580233486228326     
           4           4   1.1940662086124347     
           4           5 -0.41459073085214704     
           4           6 -0.30261311719939943     
           4           7  0.22654132791830567     
           4           8  0.13497570808999726     
           4           9  -4.2059327342038308E-010
           4          10   1.9518670519156609E-010
           4          11   1.9213550232892495E-010
           4          12  -3.2133969572524731E-009
           4          13   1.4510022795211760E-009
           4          14   1.4059868930764816E-009
           4          15   6.6549802153349510E-009
           4          16  -2.9199923192774986E-009
           4          17  -2.9060506389118582E-009
           4          18   2.2059927709141970E-009
           4          19  -1.2444438613884786E-009
           4          20  -1.1102081725432885E-009
           4          21   9.1843225406757711E-010
           4          22   4.4401449963825695E-010
           4          23  -3.8921350598818702E-010
           4          24   3.7435025879524801E-010
           4          25   3.9938848156593836E-010
           4          26   1.0712570479822983E-010
           4          27  -6.2511130709566099E-010
           4          28   6.2890595921945955E-011
           4          29   2.2423978509059454E-010
           4          30 -0.30885211765749976     
           4          31  -3.0283358243471772E-004
           4          32 -0.30872479938586544     
           4          33   8.0075934901860575E-004
           4          34  -1.0183795487006368E-003
           4          35 -0.30672628935953083     
           4          36  -2.8811424101195783E-002
           4          37  -6.8411869800895744E-005
           4          38  -2.8782661945029635E-002
           4          39   1.8089646934994904E-004
           4          40  -2.3005818210966404E-004
           4          41  -2.8331186331165222E-002
           5           1   3.2225998954376972E-002
           5           2  0.11326422115542445     
           5           3 -0.18971418406939072     
           5           4 -0.41459073085214704     
           5           5  0.42111161086251392     
           5           6  0.26838626043193170     
           5           7 -0.20061225590084558     
           5           8 -0.11876152756884784     
           5           9  -2.5988365021335319E-011
           5          10   9.6797856025595115E-012
           5          11   1.4642396806068841E-011
           5          12  -2.0447928692234812E-010
           5          13   8.4003687132383494E-011
           5          14   1.3798741615540673E-010
           5          15   3.6680824461794077E-010
           5          16  -2.1077187811397843E-010
           5          17  -3.4504808063130144E-010
           5          18   2.4438643175194221E-010
           5          19   1.1801575966182293E-010
           5          20  -1.6263731466884253E-011
           5          21  -5.2830319352710585E-010
           5          22  -4.2756825889673329E-010
           5          23   2.3065813483344664E-010
           5          24  -2.0153624356289438E-010
           5          25  -3.0080200653271167E-010
           5          26  -1.1411308673333528E-010
           5          27   6.4672554856944823E-010
           5          28  -2.9129017782689167E-011
           5          29  -2.2073319745634792E-010
           5          30  0.25042214807569352     
           5          31   5.9706630494928570E-004
           5          32  0.25017112778616413     
           5          33  -1.5787737672891258E-003
           5          34   2.0078332788499736E-003
           5          35  0.24623087531103693     
           5          36   2.5271117248095262E-002
           5          37   1.9262763155226015E-004
           5          38   2.5190132054024032E-002
           5          39  -5.0934960414226701E-004
           5          40   6.4777429012149220E-004
           5          41   2.3918913895566992E-002
           6           1   3.3745193708783476E-002
           6           2  0.10445990594905244     
           6           3 -0.15449794809064882     
           6           4 -0.30261311719939943     
           6           5  0.26838626043193170     
           6           6  0.19510306951725109     
           6           7 -0.26998242433628639     
           6           8 -0.16914527078038910     
           6           9   1.0079055915626805E-009
           6          10  -5.0348268724292584E-010
           6          11  -4.8382606942098737E-010
           6          12   7.7252951892203042E-009
           6          13  -3.8639517767481162E-009
           6          14  -3.6972899747844534E-009
           6          15  -1.5924572962386061E-008
           6          16   8.1551781402395986E-009
           6          17   7.6851319719065671E-009
           6          18  -5.4840162385461731E-009
           6          19   3.0026202413397596E-009
           6          20   2.7844221483053617E-009
           6          21  -2.1662086659972004E-009
           6          22  -5.2607296271581684E-010
           6          23   7.4407678249358570E-010
           6          24  -1.8093906935588406E-009
           6          25  -6.7798825749316355E-010
           6          26   2.4715498189450631E-010
           6          27  -2.5671866587025580E-010
           6          28  -1.9105396360176681E-010
           6          29  -1.9458764182849373E-011
           6          30  0.16987347194115110     
           6          31  -2.3380054255247901E-004
           6          32  0.16997176712974482     
           6          33   6.1821906247200840E-004
           6          34  -7.8623073220343196E-004
           6          35  0.17151470076636885     
           6          36   1.5343098809045731E-002
           6          37  -1.0410998642918721E-004
           6          38   1.5386868820286614E-002
           6          39   2.7528932084640659E-004
           6          40  -3.5010398633582274E-004
           6          41   1.6073928025911982E-002
           7           1  -1.8695034298441833E-002
           7           2  -6.8325324646045071E-002
           7           3   9.9728259657926102E-002
           7           4  0.22654132791830567     
           7           5 -0.20061225590084558     
           7           6 -0.26998242433628639     
           7           7  0.99494312526321305     
           7           8  0.64835233171994688     
           7           9  -9.0008581997701899E-010
           7          10   7.4925321338732808E-010
           7          11   5.3221718682788699E-010
           7          12  -6.8490598767059718E-009
           7          13   5.7669979768466495E-009
           7          14   4.0582732895178714E-009
           7          15   1.2869781189970870E-008
           7          16  -1.2403712055746873E-008
           7          17  -8.0652156672792023E-009
           7          18   4.3125306624756964E-009
           7          19  -4.5652098388376283E-009
           7          20  -3.0457101307370483E-009
           7          21   1.2805408084965229E-008
           7          22   3.0588279323730686E-009
           7          23  -3.6688694489394008E-009
           7          24   1.6939715331441302E-008
           7          25   3.6806120343869291E-009
           7          26  -3.5713805770739700E-009
           7          27   8.7951472225658305E-009
           7          28   1.6522385709439528E-009
           7          29  -1.8834506540929736E-009
           7          30 -0.17648640633889157     
           7          31   1.9941569238425614E-004
           7          32 -0.17657023279287845     
           7          33  -5.2729086067936841E-004
           7          34   6.7059676965254881E-004
           7          35 -0.17788624565603248     
           7          36  -8.8257473362351457E-003
           7          37   5.6554940709251491E-005
           7          38  -8.8495193165769835E-003
           7          39  -1.4954148982604821E-004
           7          40   1.9018407155691874E-004
           7          41  -9.2227462541198246E-003
           8           1  -1.1421678916706174E-002
           8           2  -4.1335282515937988E-002
           8           3   5.8652395334228377E-002
           8           4  0.13497570808999726     
           8           5 -0.11876152756884784     
           8           6 -0.16914527078038910     
           8           7  0.64835233171994688     
           8           8  0.42291218729867752     
           8           9   6.3411079061326467E-010
           8          10  -5.3528121112796266E-010
           8          11  -4.0311315364988993E-010
           8          12   4.8116645453142387E-009
           8          13  -4.1205436153143237E-009
           8          14  -3.0913161971640481E-009
           8          15  -8.6445819718115341E-009
           8          16   8.7986221414413783E-009
           8          17   6.1854025700176928E-009
           8          18  -3.4372512766225858E-009
           8          19   2.9180223454443625E-009
           8          20   2.0986444895536741E-009
           8          21  -8.9041569009687743E-009
           8          22   1.4853040026876840E-010
           8          23   2.0442918423238549E-009
           8          24  -1.7078205650998343E-008
           8          25  -1.4360443314509836E-009
           8          26   4.5897615294979275E-009
           8          27  -1.6782033402892821E-008
           8          28  -1.9170370068811221E-009
           8          29   4.3373005272759855E-009
           8          30 -0.10671169095978239     
           8          31   7.3089752670866311E-004
           8          32 -0.10701898216010347     
           8          33  -1.9326461761422430E-003
           8          34   2.4578727954901983E-003
           8          35 -0.11184241775244201     
           8          36  -4.5136216633277033E-003
           8          37   2.2821944014905879E-004
           8          38  -4.6095715749088634E-003
           8          39  -6.0346019120455967E-004
           8          40   7.6745993924564118E-004
           8          41  -6.1156680399209826E-003
           9           1   5.7500683269002730E-011
           9           2   1.8501616485427308E-010
           9           3  -3.4750239256396303E-010
           9           4  -4.2059327342038308E-010
           9           5  -2.5988365021335319E-011
           9           6   1.0079055915626805E-009
           9           7  -9.0008581997701899E-010
           9           8   6.3411079061326467E-010
           9           9   4.1024112622039755E-002
           9          10   1.2529661823177089E-005
           9          11  -3.3131161140401842E-005
           9          12  0.28890307122386294     
           9          13   9.4224810963684089E-005
           9          14  -2.4915083579832954E-004
           9          15  -8.5081464306432916E-002
           9          16  -2.3634819015313518E-004
           9          17   6.2495673434753067E-004
           9          18  -3.3126744218497282E-002
           9          19  -4.8291844812336951E-005
           9          20   1.2769319637401518E-004
           9          21   1.0664172651972095E-003
           9          22   2.7499174507292912E-004
           9          23  -7.2713682636343197E-004
           9          24   4.7051128924085108E-003
           9          25   4.5273976331335969E-004
           9          26  -1.1971428133472780E-003
           9          27   3.7022503379427751E-003
           9          28   3.6444425799996006E-004
           9          29  -9.6367059277808738E-004
           9          30   8.6075891787998942E-011
           9          31   4.8264112996849700E-010
           9          32   1.5802225905418595E-010
           9          33   2.5180302622380553E-010
           9          34   4.8757616914976078E-010
           9          35   5.8765766780772992E-010
           9          36  -2.7844676135204847E-010
           9          37   2.2270371832876984E-010
           9          38  -4.8833690354055092E-010
           9          39   1.2443087353055001E-010
           9          40   2.9398655172163879E-010
           9          41   5.6728474293668406E-010
          10           1  -2.7705098965472850E-011
          10           2  -9.0255091012399835E-011
          10           3   1.7147649712094350E-010
          10           4   1.9518670519156609E-010
          10           5   9.6797856025595115E-012
          10           6  -5.0348268724292584E-010
          10           7   7.4925321338732808E-010
          10           8  -5.3528121112796266E-010
          10           9   1.2529661823177089E-005
          10          10   4.1018029972530692E-002
          10          11   4.2135132118122156E-005
          10          12   9.4224751910282936E-005
          10          13  0.28885732886951254     
          10          14   3.1686187196507403E-004
          10          15  -2.3634835842981956E-004
          10          16  -8.4966726760345321E-002
          10          17  -7.9479944130539338E-004
          10          18  -4.8291637277014487E-005
          10          19  -3.3103300660935760E-002
          10          20  -1.6239613261123586E-004
          10          21   2.7499132138315965E-004
          10          22   9.3292010304188260E-004
          10          23   9.2474854336937866E-004
          10          24   4.5274069335580553E-004
          10          25   4.4853267986584670E-003
          10          26   1.5224878752801737E-003
          10          27   3.6444415136413380E-004
          10          28   3.5253263430271142E-003
          10          29   1.2255642959740020E-003
          10          30  -3.9127487193825926E-011
          10          31  -2.9910465316688436E-010
          10          32  -9.5105117753830579E-011
          10          33  -1.7029794208872123E-010
          10          34  -2.4714116933855250E-010
          10          35  -2.6391436259314102E-010
          10          36   1.2129960340324082E-010
          10          37  -1.5652461645393469E-010
          10          38   1.8230943808153960E-010
          10          39  -8.0742961082374413E-011
          10          40  -1.5017015968627934E-010
          10          41  -3.0067169698934607E-010
          11           1  -2.8820949058878957E-011
          11           2  -9.2200367117353407E-011
          11           3   1.7678833157705408E-010
          11           4   1.9213550232892495E-010
          11           5   1.4642396806068841E-011
          11           6  -4.8382606942098737E-010
          11           7   5.3221718682788699E-010
          11           8  -4.0311315364988993E-010
          11           9  -3.3131161140401842E-005
          11          10   4.2135132118122156E-005
          11          11   4.0922550404995012E-002
          11          12  -2.4915077183235108E-004
          11          13   3.1686181871996030E-004
          11          14  0.28813930975246321     
          11          15   6.2495650622516928E-004
          11          16  -7.9479940108693819E-004
          11          17  -8.3165685846232837E-002
          11          18   1.2769325508689913E-004
          11          19  -1.6239609972175221E-004
          11          20  -3.2735305583060911E-002
          11          21  -7.2713630706960517E-004
          11          22   9.2474812048878570E-004
          11          23  -1.1625892115025500E-003
          11          24  -1.1971433479468318E-003
          11          25   1.5224886080333192E-003
          11          26   1.0353182464196370E-003
          11          27  -9.6367023798072141E-004
          11          28   1.2255639399803139E-003
          11          29   7.4815918692016866E-004
          11          30  -1.8823315041172202E-010
          11          31  -3.0242521028056123E-010
          11          32   7.2852356530517859E-011
          11          33  -5.6198716199556818E-011
          11          34  -1.4492694152160729E-010
          11          35  -2.7240008837994185E-010
          11          36   9.8472643407656220E-011
          11          37  -1.1931696122111919E-010
          11          38   2.4781489399289368E-010
          11          39  -5.2674218168425200E-011
          11          40  -1.3518930106794635E-010
          11          41  -2.9014711830658222E-010
          12           1   4.2835888997591511E-010
          12           2   1.3954574556432471E-009
          12           3  -2.6596797968567600E-009
          12           4  -3.2133969572524731E-009
          12           5  -2.0447928692234812E-010
          12           6   7.7252951892203042E-009
          12           7  -6.8490598767059718E-009
          12           8   4.8116645453142387E-009
          12           9  0.28890307122386294     
          12          10   9.4224751910282936E-005
          12          11  -2.4915077183235108E-004
          12          12   2.0372392260619465     
          12          13   7.1278757103774020E-004
          12          14  -1.8847645800391239E-003
          12          15 -0.65842481587559032     
          12          16  -1.8398126167470566E-003
          12          17   4.8648693979590953E-003
          12          18 -0.25386195851954141     
          12          19  -3.8015848870615309E-004
          12          20   1.0052141935805688E-003
          12          21   8.2531243538265971E-003
          12          22   2.1531384761110557E-003
          12          23  -5.6933575251192255E-003
          12          24   3.7047761364973175E-002
          12          25   3.5457508327022746E-003
          12          26  -9.3757394648075719E-003
          12          27   2.8934556232798447E-002
          12          28   2.8542087116313628E-003
          12          29  -7.5471539841320164E-003
          12          30   7.0773764312024202E-010
          12          31   3.6998242169268031E-009
          12          32   1.1511148399125310E-009
          12          33   1.9289582868849457E-009
          12          34   3.7287909240960609E-009
          12          35   4.5095228474481813E-009
          12          36  -2.1210218913771421E-009
          12          37   1.7071289069225066E-009
          12          38  -3.7764593179864636E-009
          12          39   9.4642179780610244E-010
          12          40   2.2535606973565252E-009
          12          41   4.3507294723278325E-009
          13           1  -1.9946396474386128E-010
          13           2  -6.6021440278742971E-010
          13           3   1.2799132339479822E-009
          13           4   1.4510022795211760E-009
          13           5   8.4003687132383494E-011
          13           6  -3.8639517767481162E-009
          13           7   5.7669979768466495E-009
          13           8  -4.1205436153143237E-009
          13           9   9.4224810963684089E-005
          13          10  0.28885732886951254     
          13          11   3.1686181871996030E-004
          13          12   7.1278757103774020E-004
          13          13   2.0368931963285943     
          13          14   2.3969816933414614E-003
          13          15  -1.8398148249262989E-003
          13          16 -0.65753166074318758     
          13          17  -6.1869807749565129E-003
          13          18  -3.8015721794094480E-004
          13          19 -0.25367740831247027     
          13          20  -1.2783992132146690E-003
          13          21   2.1531352034913865E-003
          13          22   7.2078643222800729E-003
          13          23   7.2406236873889555E-003
          13          24   3.5457579783941037E-003
          13          25   3.5326448547344735E-002
          13          26   1.1923764954355057E-002
          13          27   2.8542078924315862E-003
          13          28   2.7548945233003712E-002
          13          29   9.5982201982986043E-003
          13          30  -3.0285960401290302E-010
          13          31  -2.2992303271856670E-009
          13          32  -7.7091857504838616E-010
          13          33  -1.3332173106423526E-009
          13          34  -1.8365098031953127E-009
          13          35  -1.9620932461640744E-009
          13          36   9.3196093286251410E-010
          13          37  -1.1994076387521153E-009
          13          38   1.3814522043179470E-009
          13          39  -6.3020617426582515E-010
          13          40  -1.1379204070998666E-009
          13          41  -2.2896266099163270E-009
          14           1  -2.0103565437721633E-010
          14           2  -6.5814231672371798E-010
          14           3   1.3003046218350465E-009
          14           4   1.4059868930764816E-009
          14           5   1.3798741615540673E-010
          14           6  -3.6972899747844534E-009
          14           7   4.0582732895178714E-009
          14           8  -3.0913161971640481E-009
          14           9  -2.4915083579832954E-004
          14          10   3.1686187196507403E-004
          14          11  0.28813930975246321     
          14          12  -1.8847645800391239E-003
          14          13   2.3969816933414614E-003
          14          14   2.0314615591354648     
          14          15   4.8648686151249341E-003
          14          16  -6.1869813450896134E-003
          14          17 -0.64351176436212754     
          14          18   1.0052149843883804E-003
          14          19  -1.2783992706925239E-003
          14          20 -0.25078051277135227     
          14          21  -5.6933535167950000E-003
          14          22   7.2406204199846735E-003
          14          23  -9.1996170452253341E-003
          14          24  -9.3757435601056448E-003
          14          25   1.1923770586208722E-002
          14          26   8.3067977801840782E-003
          14          27  -7.5471512833151875E-003
          14          28   9.5982174586569796E-003
          14          29   5.7990768598621626E-003
          14          30  -1.5069598875746544E-009
          14          31  -2.2655903641724382E-009
          14          32   5.8468407125343705E-010
          14          33  -4.4524605571131524E-010
          14          34  -1.0415246599129103E-009
          14          35  -2.0010847464050451E-009
          14          36   7.3344175639422436E-010
          14          37  -8.9706912629904271E-010
          14          38   1.9119873421404666E-009
          14          39  -4.0728471947996664E-010
          14          40  -1.0168497222874752E-009
          14          41  -2.2058449972881072E-009
          15           1  -8.9176561475847486E-010
          15           2  -2.8927067829079565E-009
          15           3   5.5571677877095456E-009
          15           4   6.6549802153349510E-009
          15           5   3.6680824461794077E-010
          15           6  -1.5924572962386061E-008
          15           7   1.2869781189970870E-008
          15           8  -8.6445819718115341E-009
          15           9  -8.5081464306432916E-002
          15          10  -2.3634835842981956E-004
          15          11   6.2495650622516928E-004
          15          12 -0.65842481587559032     
          15          13  -1.8398148249262989E-003
          15          14   4.8648686151249341E-003
          15          15   1.4749270129763228     
          15          16   4.6794738291405999E-003
          15          17  -1.2373555672332564E-002
          15          18  0.51949922201504894     
          15          19   1.1034375366531068E-003
          15          20  -2.9177128935434587E-003
          15          21  -2.0263696062927713E-002
          15          22  -5.4818208108587101E-003
          15          23   1.4495107038058008E-002
          15          24  -9.8472618257939667E-002
          15          25  -9.0644814572324595E-003
          15          26   2.3968465126410154E-002
          15          27  -7.2770573854493245E-002
          15          28  -7.2930962267174701E-003
          15          29   1.9284542060006165E-002
          15          30  -6.6359765038942602E-010
          15          31  -6.9538344207409665E-009
          15          32  -3.0320754355403067E-009
          15          33  -4.0118129766303707E-009
          15          34  -8.0278727864634175E-009
          15          35  -9.5063649203693835E-009
          15          36   4.7030612889338947E-009
          15          37  -3.2917718561557750E-009
          15          38   7.8237611320292599E-009
          15          39  -1.8085947357207915E-009
          15          40  -4.8091699929108395E-009
          15          41  -8.9779487977439935E-009
          16           1   4.0852737808348657E-010
          16           2   1.3549991263588548E-009
          16           3  -2.6634686443768602E-009
          16           4  -2.9199923192774986E-009
          16           5  -2.1077187811397843E-010
          16           6   8.1551781402395986E-009
          16           7  -1.2403712055746873E-008
          16           8   8.7986221414413783E-009
          16           9  -2.3634819015313518E-004
          16          10  -8.4966726760345321E-002
          16          11  -7.9479940108693819E-004
          16          12  -1.8398126167470566E-003
          16          13 -0.65753166074318758     
          16          14  -6.1869813450896134E-003
          16          15   4.6794738291405999E-003
          16          16   1.4726553185940103     
          16          17   1.5736283561286805E-002
          16          18   1.1034332905131760E-003
          16          19  0.51896355136644079     
          16          20   3.7106540621411116E-003
          16          21  -5.4818141521290531E-003
          16          22  -1.7602497386119093E-002
          16          23  -1.8434398825603764E-002
          16          24  -9.0644963110887832E-003
          16          25  -9.4072192193705231E-002
          16          26  -3.0482323141025693E-002
          16          27  -7.2930945309294505E-003
          16          28  -6.9230052028158837E-002
          16          29  -2.4525443311529511E-002
          16          30   5.4058447813260824E-010
          16          31   4.3879487165041643E-009
          16          32   1.7903852127640571E-009
          16          33   2.9577782018174336E-009
          16          34   3.8140792082392159E-009
          16          35   4.0151767412350279E-009
          16          36  -2.0386117795090021E-009
          16          37   2.2942197045118470E-009
          16          38  -2.7690661750563681E-009
          16          39   1.4047169836538121E-009
          16          40   2.4829503955949772E-009
          16          41   4.7757072288966119E-009
          17           1   4.1203486996390339E-010
          17           2   1.3434832019820161E-009
          17           3  -2.6416243082326701E-009
          17           4  -2.9060506389118582E-009
          17           5  -3.4504808063130144E-010
          17           6   7.6851319719065671E-009
          17           7  -8.0652156672792023E-009
          17           8   6.1854025700176928E-009
          17           9   6.2495673434753067E-004
          17          10  -7.9479944130539338E-004
          17          11  -8.3165685846232837E-002
          17          12   4.8648693979590953E-003
          17          13  -6.1869807749565129E-003
          17          14 -0.64351176436212754     
          17          15  -1.2373555672332564E-002
          17          16   1.5736283561286805E-002
          17          17   1.4369963990890393     
          17          18  -2.9177151108766750E-003
          17          19   3.7106537967832938E-003
          17          20  0.51055508709223463     
          17          21   1.4495098683060002E-002
          17          22  -1.8434392059859906E-002
          17          23   2.4170434224235565E-002
          17          24   2.3968473331826629E-002
          17          25  -3.0482334926037708E-002
          17          26  -2.4998232897310985E-002
          17          27   1.9284536980684604E-002
          17          28  -2.4525437475715391E-002
          17          29  -1.3654622956577583E-002
          17          30   3.6350952067135489E-009
          17          31   4.8312222151615168E-009
          17          32  -1.7377189751335847E-009
          17          33   5.7022539104971706E-010
          17          34   1.6889885513758250E-009
          17          35   4.1248820052922959E-009
          17          36  -1.4098319216488044E-009
          17          37   1.9088464609712073E-009
          17          38  -4.2729266462483631E-009
          17          39   6.8056875005672533E-010
          17          40   2.0208699835578632E-009
          17          41   4.6692311882622744E-009
          18           1  -3.0106702120386769E-010
          18           2  -9.7434421127131322E-010
          18           3   1.8877956889553524E-009
          18           4   2.2059927709141970E-009
          18           5   2.4438643175194221E-010
          18           6  -5.4840162385461731E-009
          18           7   4.3125306624756964E-009
          18           8  -3.4372512766225858E-009
          18           9  -3.3126744218497282E-002
          18          10  -4.8291637277014487E-005
          18          11   1.2769325508689913E-004
          18          12 -0.25386195851954141     
          18          13  -3.8015721794094480E-004
          18          14   1.0052149843883804E-003
          18          15  0.51949922201504894     
          18          16   1.1034332905131760E-003
          18          17  -2.9177151108766750E-003
          18          18  0.18328230768018217     
          18          19   1.9678756003421770E-004
          18          20  -5.2034150888584710E-004
          18          21  -5.8780042071671134E-003
          18          22  -1.8176088949334267E-003
          18          23   4.8061466967590739E-003
          18          24  -3.2497444777105998E-002
          18          25  -2.9774333155771705E-003
          18          26   7.8729832402114064E-003
          18          27  -2.3909378830280287E-002
          18          28  -2.3992125985970829E-003
          18          29   6.3440435062634883E-003
          18          30  -2.5512599738537710E-010
          18          31  -4.2198101255896584E-009
          18          32  -5.1417668597114736E-010
          18          33  -1.8888101858881522E-009
          18          34  -3.1381904902943227E-009
          18          35  -3.6082832075387811E-009
          18          36   1.6146445171536109E-009
          18          37  -1.7477516224204662E-009
          18          38   2.9021993090536481E-009
          18          39  -7.9712479336696576E-010
          18          40  -1.8054385695973160E-009
          18          41  -3.2784425338436064E-009
          19           1   1.6320475429156111E-010
          19           2   5.4413848842781156E-010
          19           3  -1.0480530834735622E-009
          19           4  -1.2444438613884786E-009
          19           5   1.1801575966182293E-010
          19           6   3.0026202413397596E-009
          19           7  -4.5652098388376283E-009
          19           8   2.9180223454443625E-009
          19           9  -4.8291844812336951E-005
          19          10  -3.3103300660935760E-002
          19          11  -1.6239609972175221E-004
          19          12  -3.8015848870615309E-004
          19          13 -0.25367740831247027     
          19          14  -1.2783992706925239E-003
          19          15   1.1034375366531068E-003
          19          16  0.51896355136644079     
          19          17   3.7106537967832938E-003
          19          18   1.9678756003421770E-004
          19          19  0.18318677700296557     
          19          20   6.6175377391547365E-004
          19          21  -1.8176063884475983E-003
          19          22  -4.9956295880540427E-003
          19          23  -6.1122985921050399E-003
          19          24  -2.9774384707717248E-003
          19          25  -3.1052025401676030E-002
          19          26  -1.0012607026561336E-002
          19          27  -2.3992119114202427E-003
          19          28  -2.2744651529480429E-002
          19          29  -8.0681445832886320E-003
          19          30   8.5621544142886033E-010
          19          31   3.2601621981440635E-009
          19          32  -2.7617758629955747E-010
          19          33   3.3318613153288716E-010
          19          34   1.4273339927559214E-009
          19          35   2.0150397839649996E-009
          19          36  -5.2369361674878746E-010
          19          37   1.3968560885154871E-009
          19          38  -1.3115459572922709E-009
          19          39   2.5055697583194308E-010
          19          40   9.0442580660215607E-010
          19          41   1.8496809886609547E-009
          20           1   1.4869119213006631E-010
          20           2   4.9019873567440219E-010
          20           3  -9.6087857690957194E-010
          20           4  -1.1102081725432885E-009
          20           5  -1.6263731466884253E-011
