           1           1  0.36006062265750594     
           1           2  0.65218226889632391     
           1           3 -0.18239427530492597     
           1           4 -0.23439365108813823     
           1           5  0.11323340623134850     
           1           6  -1.1330103248940650E-003
           1           7  -1.9696894652800060E-002
           1           8  -3.8698792387922383E-003
           1           9  -1.8330590257528333E-015
           1          10   2.6346426794896781E-015
           1          11  -1.2669539397983134E-014
           1          12  -1.3177921998731869E-014
           1          13  -3.9076616480762607E-015
           1          14  -8.4824300112590666E-014
           1          15  -1.5935937700960260E-014
           1          16  -1.5805644834194799E-016
           1          17  -1.8305614715240481E-014
           1          18   2.1160205714035526E-014
           1          19   6.0049581471816193E-015
           1          20   8.7575430190384000E-015
           1          21  -1.9549991589442858E-014
           1          22  -1.6800906955341703E-014
           1          23   3.4543157539072419E-015
           1          24   1.8325484877898772E-014
           1          25   1.6132251895660105E-014
           1          26  -1.2392406503577262E-014
           1          27  -2.2775219342859480E-015
           1          28  -7.5578258117952707E-015
           1          29   1.7683469474220389E-014
           1          30   2.5576213434469912E-002
           1          31   4.0901096926684656E-005
           1          32   2.5485312661422586E-002
           1          33  -1.3292601107796391E-004
           1          34  -4.3187002339202432E-005
           1          35   2.5587890029691758E-002
           1          36  -8.7606168249457946E-003
           1          37  -1.2441798546337324E-004
           1          38  -8.4720626848956513E-003
           1          39   4.0443062580890383E-004
           1          40   1.3137448803538689E-004
           1          41  -8.7976993624725389E-003
           2           1  0.65218226889632391     
           2           2   1.2435207478852468     
           2           3 -0.55978755641787425     
           2           4 -0.69707947474356480     
           2           5  0.37134995006281296     
           2           6  -9.5401348762353330E-003
           2           7  -6.5983421584671645E-002
           2           8  -1.3034145614135195E-002
           2           9  -5.4613938938637582E-015
           2          10   6.2290894017492041E-015
           2          11  -3.7087795765166738E-014
           2          12  -3.7508553086442991E-014
           2          13  -1.0380423963120944E-014
           2          14  -2.3961758792816887E-013
           2          15  -3.9702583590745878E-014
           2          16  -7.9902969780246539E-016
           2          17  -5.5747057799469042E-014
           2          18   5.4679794252925776E-014
           2          19   1.5610400119111698E-014
           2          20   1.8798773166868138E-014
           2          21  -4.9104016707136010E-014
           2          22  -4.1672454322171501E-014
           2          23   2.1224421610755168E-014
           2          24   4.0197086891618522E-014
           2          25   4.1639759331152700E-014
           2          26  -4.3381971854904781E-014
           2          27   1.9572766618304404E-015
           2          28  -1.8975634789542139E-014
           2          29   5.2175371562591255E-014
           2          30   9.1738528503025177E-002
           2          31   1.6064858106014000E-004
           2          32   9.1377031012673401E-002
           2          33  -5.2212148379498623E-004
           2          34  -1.6962788032768349E-004
           2          35   9.1784969285830798E-002
           2          36  -2.8078611897611277E-002
           2          37  -4.2586787237827354E-004
           2          38  -2.7091269859267159E-002
           2          39   1.3843107983158064E-003
           2          40   4.4967889580344267E-004
           2          41  -2.8205495498536036E-002
           3           1 -0.18239427530492597     
           3           2 -0.55978755641787425     
           3           3  0.94760795457519653     
           3           4   1.1458876634449524     
           3           5 -0.79577916620370870     
           3           6   7.4993320272650946E-002
           3           7  0.12824244814230762     
           3           8   2.6395622306256455E-002
           3           9   1.0039677904808365E-014
           3          10  -7.0740255333837229E-015
           3          11   5.5232973147338066E-014
           3          12   6.5524221088313091E-014
           3          13   9.5155859341436256E-015
           3          14   3.3834039837591238E-013
           3          15   4.5035534659570464E-014
           3          16   9.5763706071478471E-015
           3          17   9.3470868412178864E-014
           3          18  -7.1732590922935744E-014
           3          19  -1.8690526522479870E-014
           3          20  -1.6213621473130283E-014
           3          21   5.8246152338805563E-014
           3          22   5.0531303092140827E-014
           3          23  -5.1694957234616462E-014
           3          24  -3.5483511197359685E-014
           3          25  -5.3643895338615816E-014
           3          26   7.6955644820176812E-014
           3          27  -1.9278675351607700E-014
           3          28   2.3074635731656554E-014
           3          29  -7.9061802245691761E-014
           3          30 -0.18206284592991145     
           3          31  -2.4081681538425063E-004
           3          32 -0.18153195994811389     
           3          33   7.8266170043626295E-004
           3          34   2.5427654869187330E-004
           3          35 -0.18213104437097452     
           3          36   7.2247087814797953E-002
           3          37   7.5753383495493778E-004
           3          38   7.0488849945892357E-002
           3          39  -2.4624416528258443E-003
           3          40  -7.9988997330901978E-004
           3          41   7.2473044852002524E-002
           4           1 -0.23439365108813823     
           4           2 -0.69707947474356480     
           4           3   1.1458876634449524     
           4           4   1.4487860130731189     
           4           5  -1.2500881045283383     
           4           6   9.6855434319299147E-002
           4           7  0.23945695122929178     
           4           8   4.9877075228620213E-002
           4           9   4.2540845302539082E-015
           4          10  -5.0971708778957299E-015
           4          11   5.7747696827115615E-014
           4          12   2.2324837486880539E-014
           4          13   2.6325377484997831E-014
           4          14   3.5120850973327899E-013
           4          15   8.4233667870115258E-014
           4          16  -2.8112403114429928E-014
           4          17   1.6042838569157319E-013
           4          18  -9.5166701126866890E-014
           4          19   2.4137948289787888E-015
           4          20  -2.6620017422465497E-014
           4          21  -4.1859085686672121E-015
           4          22  -5.2527754543789986E-015
           4          23  -1.9495149617834368E-013
           4          24   1.6530078033004254E-014
           4          25  -4.1792901219683216E-015
           4          26   1.7853171259495058E-013
           4          27  -5.7379002273667555E-014
           4          28  -1.4743601261149513E-015
           4          29  -1.1820682301349978E-013
           4          30 -0.27768062240444202     
           4          31  -3.5446110695171493E-004
           4          32 -0.27692162870108866     
           4          33   1.1517633919576531E-003
           4          34   3.7426356798755787E-004
           4          35 -0.27777807513513408     
           4          36  0.11971356173102589     
           4          37   1.5982394511392828E-003
           4          38  0.11600004896314786     
           4          39  -5.1953235373618746E-003
           4          40  -1.6876051533473819E-003
           4          41  0.12019081315576143     
           5           1  0.11323340623134850     
           5           2  0.37134995006281296     
           5           3 -0.79577916620370870     
           5           4  -1.2500881045283383     
           5           5   2.6297282151522436     
           5           6 -0.51713346416330941     
           5           7 -0.46380579768431879     
           5           8 -0.10622992755866068     
           5           9   4.4326481981509718E-015
           5          10  -2.2085927389444652E-015
           5          11   1.1001958564339986E-014
           5          12   3.9475641030536088E-014
           5          13  -9.3834767517178935E-015
           5          14   7.7057780250510439E-014
           5          15  -9.6081419297201670E-015
           5          16   4.6458020567137728E-014
           5          17  -1.4643614086693763E-013
           5          18   1.9020798801783266E-014
           5          19  -1.0234946994438786E-013
           5          20  -3.0127944608625251E-014
           5          21   1.6741468005470510E-013
           5          22   1.9563185599457359E-013
           5          23   4.1895203464279332E-013
           5          24  -1.6600451916094509E-013
           5          25  -1.7783600681768977E-013
           5          26  -3.1601391123935819E-013
           5          27   1.1547823389910677E-013
           5          28   8.4405818318143323E-014
           5          29   1.0865843690749846E-013
           5          30  0.32238947814754126     
           5          31  -3.1131932752120398E-005
           5          32  0.32263531233846099     
           5          33   1.0223384533985651E-004
           5          34   3.2910929752957886E-005
           5          35  0.32235768203825294     
           5          36 -0.37576753011349484     
           5          37  -2.6578730978973502E-003
           5          38 -0.36957198197856178     
           5          39   8.6401496798071322E-003
           5          40   2.8065002783444442E-003
           5          41 -0.37656382683614409     
           6           1  -1.1330103248940650E-003
           6           2  -9.5401348762353330E-003
           6           3   7.4993320272650946E-002
           6           4   9.6855434319299147E-002
           6           5 -0.51713346416330941     
           6           6  0.33405264231576859     
           6           7   3.4984632031614490E-002
           6           8   1.5059630811540421E-002
           6           9  -2.9985262185397117E-015
           6          10  -1.4435738947543749E-015
           6          11   3.9269552246139318E-015
           6          12  -1.8900450120844915E-014
           6          13  -9.5362907215032708E-015
           6          14   2.7359678830799873E-014
           6          15   1.5150578966530803E-014
           6          16   2.6942238666862927E-014
           6          17   3.8928177691893528E-016
           6          18  -4.1092033319155097E-014
           6          19  -4.2121500902043083E-015
           6          20  -3.7544231584136530E-014
           6          21   9.8409564178393229E-015
           6          22   3.6601503481458974E-014
           6          23   4.3420316631522913E-014
           6          24  -3.2625771328241589E-014
           6          25  -3.2767511104338469E-014
           6          26  -4.6607159008954445E-014
           6          27   2.0223496775846312E-014
           6          28   1.8777958821341096E-014
           6          29   1.4412823087030128E-014
           6          30   6.9152100962858870E-002
           6          31   1.0553218074202465E-003
           6          32   6.6585816503794137E-002
           6          33  -3.4306446274421265E-003
           6          34  -1.1143360918068738E-003
           6          35   6.9481944289250336E-002
           6          36  0.15464156027080547     
           6          37  -2.5638187893452452E-004
           6          38  0.15520836776661043     
           6          39   8.3292867940115613E-004
           6          40   2.7069975122558733E-004
           6          41  0.15456880392462363     
           7           1  -1.9696894652800060E-002
           7           2  -6.5983421584671645E-002
           7           3  0.12824244814230762     
           7           4  0.23945695122929178     
           7           5 -0.46380579768431879     
           7           6   3.4984632031614490E-002
           7           7  0.51120495649895525     
           7           8  0.11194887124472661     
           7           9   5.2103375916967623E-015
           7          10   7.6109312658006376E-015
           7          11   9.8712909188927147E-016
           7          12   3.1357692071297669E-014
           7          13   5.1790923325068157E-014
           7          14   3.4757158169057400E-015
           7          15  -1.6740667773652161E-013
           7          16  -1.5138261510855465E-013
           7          17  -7.5826196705170987E-014
           7          18   2.3779089428388263E-013
           7          19   1.5049290907206450E-013
           7          20   3.1036025291815996E-013
           7          21  -1.3696830028346900E-014
           7          22  -3.2708031877494879E-013
           7          23  -5.6226539922805465E-013
           7          24   2.1861356661831086E-013
           7          25   2.5156196061449653E-013
           7          26   5.7273227733938463E-013
           7          27  -1.7149547104282317E-013
           7          28  -9.4309326286415388E-014
           7          29  -2.0397336090414553E-013
           7          30  -8.3425936179840135E-002
           7          31  -3.5137034207382975E-003
           7          32  -7.5047811450309268E-002
           7          33   1.1420463214368631E-002
           7          34   3.7101218071937023E-003
           7          35  -8.4502408974262241E-002
           7          36  0.13876841149967958     
           7          37   4.3142460995853346E-003
           7          38  0.12882031068690669     
           7          39  -1.4022755239288039E-002
           7          40  -4.5554270782777002E-003
           7          41  0.14004666802482468     
           8           1  -3.8698792387922383E-003
           8           2  -1.3034145614135195E-002
           8           3   2.6395622306256455E-002
           8           4   4.9877075228620213E-002
           8           5 -0.10622992755866068     
           8           6   1.5059630811540421E-002
           8           7  0.11194887124472661     
           8           8   2.4723819322096729E-002
           8           9   1.3953342196413741E-015
           8          10  -3.1477861707133280E-015
           8          11   2.4461239597923987E-016
           8          12   8.3560260031467482E-015
           8          13  -2.3796745251940479E-014
           8          14  -2.9231117720607121E-016
           8          15  -1.3152289623533782E-014
           8          16   4.5798219068919852E-014
           8          17   3.8558636841635228E-014
           8          18  -3.8577581746206008E-014
           8          19   4.8820197345250759E-014
           8          20  -1.3988327287387771E-014
           8          21  -6.5132449396150046E-014
           8          22  -6.4840067128902597E-014
           8          23  -1.7798690480801585E-013
           8          24   5.4346690444791339E-014
           8          25   5.2085255275624395E-014
           8          26   1.2955504317707231E-013
           8          27  -4.1805971456354677E-014
           8          28  -1.9376618411648035E-014
           8          29  -4.8363430243150524E-014
           8          30  -1.5035206121754954E-002
           8          31  -6.3728860901951349E-004
           8          32  -1.3488754092431577E-002
           8          33   2.0704802202817802E-003
           8          34   6.7288113022069551E-004
           8          35  -1.5233724368660603E-002
           8          36   3.3717917686216632E-002
           8          37   9.5058481626518389E-004
           8          38   3.1527955113000439E-002
           8          39  -3.0898457470009016E-003
           8          40  -1.0037303351482347E-003
           8          41   3.3999337902311605E-002
           9           1  -1.8330590257528333E-015
           9           2  -5.4613938938637582E-015
           9           3   1.0039677904808365E-014
           9           4   4.2540845302539082E-015
           9           5   4.4326481981509718E-015
           9           6  -2.9985262185397117E-015
           9           7   5.2103375916967623E-015
           9           8   1.3953342196413741E-015
           9           9   4.5037280021341289E-002
           9          10  -1.4004346989435611E-004
           9          11   4.5536404938110845E-004
           9          12  0.31020745445213160     
           9          13  -1.0411120437387334E-003
           9          14   3.3852702768077539E-003
           9          15 -0.13645160487497576     
           9          16   3.7553428115323943E-003
           9          17  -1.2210837896863546E-002
           9          18   4.1641612150909689E-003
           9          19  -3.6111011442055739E-003
           9          20   1.1741823027603307E-002
           9          21   6.3073532907647906E-004
           9          22  -2.6251497327935774E-003
           9          23   8.5359125520482939E-003
           9          24   3.7575085394749522E-003
           9          25   2.6059352880901539E-004
           9          26  -8.4734350416297284E-004
           9          27  -8.0467557950742656E-004
           9          28  -1.9507803628796667E-004
           9          29   6.3431393559346063E-004
           9          30   4.4000854962872625E-017
           9          31   1.1344482682793258E-015
           9          32  -1.1388266781833240E-015
           9          33   1.8014768890270497E-015
           9          34  -2.3138540402753420E-015
           9          35  -5.0369791073760737E-015
           9          36   4.0613071356330347E-016
           9          37   6.5890306042071013E-016
           9          38   4.0694166087085097E-015
           9          39  -5.5305186999662194E-015
           9          40   3.7392401328837556E-015
           9          41  -9.0338943083330886E-016
          10           1   2.6346426794896781E-015
          10           2   6.2290894017492041E-015
          10           3  -7.0740255333837229E-015
          10           4  -5.0971708778957299E-015
          10           5  -2.2085927389444652E-015
          10           6  -1.4435738947543749E-015
          10           7   7.6109312658006376E-015
          10           8  -3.1477861707133280E-015
          10           9  -1.4004346989435611E-004
          10          10   4.5423037577918754E-002
          10          11   1.4787886389173110E-004
          10          12  -1.0411120437386443E-003
          10          13  0.31307525570270800     
          10          14   1.0993619790557181E-003
          10          15   3.7553428115336355E-003
          10          16 -0.14679590630859901     
          10          17  -3.9654532203486064E-003
          10          18  -3.6111011442040994E-003
          10          19   1.4111140923187559E-002
          10          20   3.8131412709387852E-003
          10          21  -2.6251497327975221E-003
          10          22   7.8618568291704098E-003
          10          23   2.7720261462629470E-003
          10          24   2.6059352880544078E-004
          10          25   3.0396891155313401E-003
          10          26  -2.7517366585640319E-004
          10          27  -1.9507803628255173E-004
          10          28  -2.6732223742733708E-004
          10          29   2.0599259934692637E-004
          10          30  -1.6189101591954192E-015
          10          31   3.7904914146366975E-015
          10          32  -1.8386876376884742E-015
          10          33  -5.5221519962001245E-015
          10          34   4.0132762449600240E-015
          10          35  -2.2595941497742778E-015
          10          36  -2.9237958165732417E-015
          10          37  -1.7841149708629960E-017
          10          38  -1.7022614776057002E-015
          10          39  -1.3140452354920329E-015
          10          40   1.8257556303921841E-015
          10          41  -3.1210216839396472E-015
          11           1  -1.2669539397983134E-014
          11           2  -3.7087795765166738E-014
          11           3   5.5232973147338066E-014
          11           4   5.7747696827115615E-014
          11           5   1.1001958564339986E-014
          11           6   3.9269552246139318E-015
          11           7   9.8712909188927147E-016
          11           8   2.4461239597923987E-016
          11           9   4.5536404938110845E-004
          11          10   1.4787886389173110E-004
          11          11   4.4987674962895623E-002
          11          12   3.3852702768054758E-003
          11          13   1.0993619790556760E-003
          11          14  0.30983868021476879     
          11          15  -1.2210837896862980E-002
          11          16  -3.9654532203491182E-003
          11          17 -0.13512141789131510     
          11          18   1.1741823027603866E-002
          11          19   3.8131412709366593E-003
          11          20   2.8850663417173093E-003
          11          21   8.5359125520457976E-003
          11          22   2.7720261462662586E-003
          11          23  -2.9912385542362960E-004
          11          24  -8.4734350415703358E-004
          11          25  -2.7517366585324415E-004
          11          26   3.8498138594911932E-003
          11          27   6.3431393559041987E-004
          11          28   2.0599259934048398E-004
          11          29  -8.7377453468426790E-004
          11          30  -2.0190543175482167E-016
          11          31   1.0958111575032132E-015
          11          32   9.9613653666778871E-016
          11          33   5.1600593383397947E-015
          11          34  -6.0349558452102335E-015
          11          35   1.6535591511441960E-015
          11          36  -5.4947090215976665E-015
          11          37   9.7657428208231260E-017
          11          38  -3.2697448858212966E-017
          11          39  -4.8310087428578078E-015
          11          40   1.9193776518907632E-015
          11          41  -1.5262155413692341E-015
          12           1  -1.3177921998731869E-014
          12           2  -3.7508553086442991E-014
          12           3   6.5524221088313091E-014
          12           4   2.2324837486880539E-014
          12           5   3.9475641030536088E-014
          12           6  -1.8900450120844915E-014
          12           7   3.1357692071297669E-014
          12           8   8.3560260031467482E-015
          12           9  0.31020745445213160     
          12          10  -1.0411120437386443E-003
          12          11   3.3852702768054758E-003
          12          12   2.1382086819649171     
          12          13  -7.7416502690959097E-003
          12          14   2.5172678298086879E-002
          12          15 -0.99374733541238780     
          12          16   2.7959064827415350E-002
          12          17  -9.0911436182868330E-002
          12          18   3.2257192561283593E-002
          12          19  -2.6894676354259631E-002
          12          20   8.7450480483803467E-002
          12          21   6.7130924321033500E-003
          12          22  -1.9556694054230769E-002
          12          23   6.3590365215631897E-002
          12          24   2.6885860753890795E-002
          12          25   1.9422798088975235E-003
          12          26  -6.3154990335211126E-003
          12          27  -5.6420853496075242E-003
          12          28  -1.4535091502230688E-003
          12          29   4.7262168875739025E-003
          12          30   2.1472824568419496E-015
          12          31   8.6882178169117115E-015
          12          32  -4.0450736919117123E-015
          12          33   1.7509996593433396E-014
          12          34  -1.7287193064095039E-014
          12          35  -3.2187568942488968E-014
          12          36   8.7716296312266931E-016
          12          37   4.3472779702666652E-015
          12          38   2.8078736806716115E-014
          12          39  -4.1212400766523942E-014
          12          40   2.7323929965665309E-014
          12          41  -8.4770262049175959E-015
          13           1  -3.9076616480762607E-015
          13           2  -1.0380423963120944E-014
          13           3   9.5155859341436256E-015
          13           4   2.6325377484997831E-014
          13           5  -9.3834767517178935E-015
          13           6  -9.5362907215032708E-015
          13           7   5.1790923325068157E-014
          13           8  -2.3796745251940479E-014
          13           9  -1.0411120437387334E-003
          13          10  0.31307525570270800     
          13          11   1.0993619790556760E-003
          13          12  -7.7416502690959097E-003
          13          13   2.1595334898526550     
          13          14   8.1747934935693187E-003
          13          15   2.7959064827425564E-002
          13          16  -1.0707621404227075     
          13          17  -2.9523366899361858E-002
          13          18  -2.6894676354250607E-002
          13          19  0.10634008009849069     
          13          20   2.8399426180439488E-002
          13          21  -1.9556694054261265E-002
          13          22   6.0583098047292484E-002
          13          23   2.0650885766846875E-002
          13          24   1.9422798088710247E-003
          13          25   2.1535742583529978E-002
          13          26  -2.0509498358448194E-003
          13          27  -1.4535091501824374E-003
          13          28  -1.6383132465140012E-003
          13          29   1.5348325917480985E-003
          13          30  -1.1586899921701607E-014
          13          31   2.4154452752528039E-014
          13          32  -1.1041418017776397E-014
          13          33  -4.8144269207348042E-014
          13          34   3.4387576679143461E-014
          13          35  -2.1846523156687268E-014
          13          36  -2.1870299415379028E-014
          13          37  -9.1040965075676432E-016
          13          38  -1.4327987797231174E-014
          13          39  -1.0931607015980859E-014
          13          40   1.4011643252689764E-014
          13          41  -2.2350268958481900E-014
          14           1  -8.4824300112590666E-014
          14           2  -2.3961758792816887E-013
          14           3   3.3834039837591238E-013
          14           4   3.5120850973327899E-013
          14           5   7.7057780250510439E-014
          14           6   2.7359678830799873E-014
          14           7   3.4757158169057400E-015
          14           8  -2.9231117720607121E-016
          14           9   3.3852702768077539E-003
          14          10   1.0993619790557181E-003
          14          11  0.30983868021476879     
          14          12   2.5172678298086879E-002
          14          13   8.1747934935693187E-003
          14          14   2.1354664975933302     
          14          15  -9.0911436182867553E-002
          14          16  -2.9523366899362233E-002
          14          17 -0.98384390289636570     
          14          18   8.7450480483805604E-002
          14          19   2.8399426180426950E-002
          14          20   2.2730779073534255E-002
          14          21   6.3590365215612996E-002
          14          22   2.0650885766873763E-002
          14          23  -2.1412065506716538E-004
          14          24  -6.3154990334787220E-003
          14          25  -2.0509498358231549E-003
          14          26   2.7573839308617717E-002
          14          27   4.7262168875507830E-003
          14          28   1.5348325917015101E-003
          14          29  -6.1569355374175910E-003
          14          30   2.0341999274269706E-015
          14          31   1.2852175289784232E-014
          14          32   1.1781835839704922E-014
          14          33   3.8202647523511069E-014
          14          34  -5.0195052358382246E-014
          14          35   1.0327559671248200E-014
          14          36  -4.0587323896946250E-014
          14          37   1.4593519298608629E-015
          14          38  -4.7107841176128111E-016
          14          39  -3.5560503607823329E-014
          14          40   1.4189481432554583E-014
          14          41  -1.3177085658245205E-014
          15           1  -1.5935937700960260E-014
          15           2  -3.9702583590745878E-014
          15           3   4.5035534659570464E-014
          15           4   8.4233667870115258E-014
          15           5  -9.6081419297201670E-015
          15           6   1.5150578966530803E-014
          15           7  -1.6740667773652161E-013
          15           8  -1.3152289623533782E-014
          15           9 -0.13645160487497576     
          15          10   3.7553428115336355E-003
          15          11  -1.2210837896862980E-002
          15          12 -0.99374733541238780     
          15          13   2.7959064827425564E-002
          15          14  -9.0911436182867553E-002
          15          15   2.4843527756179413     
          15          16 -0.10097320091785608     
          15          17  0.32832352469889403     
          15          18 -0.21477387917609397     
          15          19   9.7081514289809739E-002
          15          20 -0.31566935251097233     
          15          21 -0.11707933094408841     
          15          22   7.0930508954296062E-002
          15          23 -0.23063698582302949     
          15          24  -4.9325840523552988E-002
          15          25  -7.0831623316842804E-003
          15          26   2.3031545019832258E-002
          15          27   4.8432592199347778E-003
          15          28   5.2818369327818134E-003
          15          29  -1.7174372039748746E-002
          15          30  -3.1735758703498051E-015
          15          31  -2.4163571078032495E-014
          15          32   1.3141146458602047E-014
          15          33  -1.0582647136195030E-013
          15          34   5.4718476530891716E-014
          15          35   4.9352076070160965E-014
          15          36   3.6843741926846485E-014
          15          37  -1.3337733587829027E-014
          15          38  -5.6584242476473435E-014
          15          39   1.5698016937927922E-013
          15          40  -1.0147304344090535E-013
          15          41   4.4838825304540918E-014
          16           1  -1.5805644834194799E-016
          16           2  -7.9902969780246539E-016
          16           3   9.5763706071478471E-015
          16           4  -2.8112403114429928E-014
          16           5   4.6458020567137728E-014
          16           6   2.6942238666862927E-014
          16           7  -1.5138261510855465E-013
          16           8   4.5798219068919852E-014
          16           9   3.7553428115323943E-003
          16          10 -0.14679590630859901     
          16          11  -3.9654532203491182E-003
          16          12   2.7959064827415350E-002
          16          13  -1.0707621404227075     
          16          14  -2.9523366899362233E-002
          16          15 -0.10097320091785608     
          16          16   2.7624890948401384     
          16          17  0.10662262404304865     
          16          18   9.7081514289756601E-002
          16          19 -0.48219033031075897     
          16          20 -0.10251319860641357     
          16          21   7.0930508954409902E-002
          16          22 -0.31246137788196682     
          16          23  -7.4899051636116570E-002
          16          24  -7.0831623316047043E-003
          16          25  -2.9814874430733600E-002
          16          26   7.4794633373069961E-003
          16          27   5.2818369326328891E-003
          16          28  -9.7058554940769575E-003
          16          29  -5.5773542722549361E-003
          16          30   2.5442298859070775E-014
          16          31  -4.1458387543820110E-014
          16          32   2.2650117893828985E-014
          16          33   1.1728558765696694E-013
          16          34  -8.7590454029837107E-014
          16          35   4.9889537011312787E-014
          16          36   3.8490483952569337E-014
          16          37   5.4228419956216902E-015
          16          38   2.8941366517945605E-014
          16          39   2.7861800142740198E-014
          16          40  -3.1211677958621722E-014
          16          41   3.3837762733837242E-014
          17           1  -1.8305614715240481E-014
          17           2  -5.5747057799469042E-014
          17           3   9.3470868412178864E-014
          17           4   1.6042838569157319E-013
          17           5  -1.4643614086693763E-013
          17           6   3.8928177691893528E-016
          17           7  -7.5826196705170987E-014
          17           8   3.8558636841635228E-014
          17           9  -1.2210837896863546E-002
          17          10  -3.9654532203486064E-003
          17          11 -0.13512141789131510     
          17          12  -9.0911436182868330E-002
          17          13  -2.9523366899361858E-002
          17          14 -0.98384390289636570     
          17          15  0.32832352469889403     
          17          16  0.10662262404304865     
          17          17   2.4485868697367597     
          17          18 -0.31566935251095918     
          17          19 -0.10251319860637580     
          17          20 -0.18038645487823546     
          17          21 -0.23063698582302078     
          17          22  -7.4899051636234754E-002
          17          23  -9.1954903034817986E-002
          17          24   2.3031545019785139E-002
          17          25   7.4794633372857900E-003
          17          26  -5.1834780667758748E-002
          17          27  -1.7174372039658960E-002
          17          28  -5.5773542721380669E-003
          17          29   6.7141485338733159E-003
          17          30   1.0522340355305360E-015
          17          31   6.9688384173341536E-015
          17          32  -3.2811791850907801E-014
          17          33  -1.2772837608885627E-013
          17          34   1.5887971809225299E-013
          17          35  -7.6063210121274915E-015
          17          36   8.4323380936669506E-014
          17          37  -3.5289280257881808E-015
          17          38  -2.5229226485318769E-014
          17          39   1.3395495867320542E-013
          17          40  -7.9132032185759401E-014
          17          41   7.2958206256745151E-014
          18           1   2.1160205714035526E-014
          18           2   5.4679794252925776E-014
          18           3  -7.1732590922935744E-014
          18           4  -9.5166701126866890E-014
          18           5   1.9020798801783266E-014
          18           6  -4.1092033319155097E-014
          18           7   2.3779089428388263E-013
          18           8  -3.8577581746206008E-014
          18           9   4.1641612150909689E-003
          18          10  -3.6111011442040994E-003
          18          11   1.1741823027603866E-002
          18          12   3.2257192561283593E-002
          18          13  -2.6894676354250607E-002
          18          14   8.7450480483805604E-002
          18          15 -0.21477387917609397     
          18          16   9.7081514289756601E-002
          18          17 -0.31566935251095918     
          18          18  0.39797821334932476     
          18          19  -9.3182408205186099E-002
          18          20  0.30299105528735798     
          18          21  0.26503537570841645     
          18          22  -6.8559525148035400E-002
          18          23  0.22292751684296494     
          18          24  -2.7226332591711051E-002
          18          25   6.8848067203831909E-003
          18          26  -2.2386573751655443E-002
          18          27   1.9935999093806001E-002
          18          28  -5.1166959958155794E-003
          18          29   1.6637401299088826E-002
          18          30  -4.4861450786831363E-014
          18          31   7.3503680278852923E-014
          18          32  -3.1245747261878289E-014
          18          33   1.3319263041931545E-013
          18          34  -1.8506040110211317E-014
          18          35  -3.0824651982161858E-014
          18          36  -6.0616095080220945E-014
          18          37   1.8512222649916782E-014
          18          38   3.8739063888803712E-014
          18          39  -1.5752824966886930E-013
          18          40   1.1022283199615444E-013
          18          41  -7.3411652886881409E-014
          19           1   6.0049581471816193E-015
          19           2   1.5610400119111698E-014
          19           3  -1.8690526522479870E-014
          19           4   2.4137948289787888E-015
          19           5  -1.0234946994438786E-013
          19           6  -4.2121500902043083E-015
          19           7   1.5049290907206450E-013
          19           8   4.8820197345250759E-014
          19           9  -3.6111011442055739E-003
          19          10   1.4111140923187559E-002
          19          11   3.8131412709366593E-003
          19          12  -2.6894676354259631E-002
          19          13  0.10634008009849069     
          19          14   2.8399426180426950E-002
          19          15   9.7081514289809739E-002
          19          16 -0.48219033031075897     
          19          17 -0.10251319860637580     
          19          18  -9.3182408205186099E-002
          19          19  0.65465435908825254     
          19          20   9.8395938597081872E-002
          19          21  -6.8559525148147143E-002
          19          22  0.45388641538068741     
          19          23   7.2395411930843645E-002
          19          24   6.8848067203511592E-003
          19          25  -4.6190917079017735E-002
          19          26  -7.2700097835789856E-003
          19          27  -5.1166959957224395E-003
          19          28   3.4030223877243013E-002
          19          29   5.4029737448577780E-003
          19          30  -2.0518935119512657E-014
          19          31  -1.4497302459408548E-014
          19          32  -1.5911395484067051E-014
          19          33   1.8031991292069560E-014
          19          34   3.4010367365360223E-014
          19          35  -2.1465678048229496E-014
          19          36   2.6431860032726709E-014
          19          37  -1.3809384994739905E-015
          19          38   3.9006098513350147E-014
          19          39  -2.8140094027873645E-015
          19          40  -5.1895690382523163E-015
          19          41   5.1353681506265436E-014
          20           1   8.7575430190384000E-015
          20           2   1.8798773166868138E-014
          20           3  -1.6213621473130283E-014
          20           4  -2.6620017422465497E-014
          20           5  -3.0127944608625251E-014
