           1           1  0.53660830224007638     
           1           2  0.75243943060118945     
           1           3 -0.27245079876215550     
           1           4 -0.32649645777207970     
           1           5  0.12026759184358160     
           1           6   3.7584948282411393E-002
           1           7  -5.1571070728701145E-002
           1           8  -8.4747618725690713E-002
           1           9   2.5813453261451375E-002
           1          10   8.7711380384199698E-003
           1          11   1.0768191876304639E-015
           1          12  -2.0000583071587837E-015
           1          13  -1.1723745200052855E-015
           1          14   2.5622686454283129E-016
           1          15  -1.2940036509735860E-015
           1          16   1.5559006741800907E-015
           1          17   3.6510841838644034E-015
           1          18   2.6966117239470197E-016
           1          19   1.0075246424946040E-015
           1          20   1.1573732763736643E-015
           1          21  -6.5017182976199575E-015
           1          22   1.1947544659999510E-014
           1          23  -3.2078335999716373E-015
           1          24   1.1202670227116505E-014
           1          25  -2.4158756175728319E-014
           1          26  -1.2066020783894301E-014
           1          27   5.9879392783193146E-016
           1          28   2.4093559220653367E-014
           1          29   1.3171309162392651E-014
           1          30   2.4159420476215634E-014
           1          31  -2.8566660082348811E-014
           1          32  -1.0495337375619322E-014
           1          33  -2.4783929824607048E-014
           1          34   1.4240853944782272E-014
           1          35   5.7081865900057563E-015
           1          36  -3.5920737481110325E-015
           1          37   1.6465215342888217E-016
           1          38   3.2425757072760519E-002
           1          39  -5.3823298325882606E-015
           1          40   3.2425757072759437E-002
           1          41  -2.2241391278443990E-015
           1          42   5.8892882819971617E-015
           1          43   3.2425757072768270E-002
           1          44   4.0250009079400309E-002
           1          45  -2.4026447123923752E-015
           1          46   4.0250009079403376E-002
           1          47  -3.4473640559880989E-015
           1          48   6.3848252557493659E-015
           1          49   4.0250009079397034E-002
           1          50   1.8037754423973265E-003
           1          51  -2.8964681613272264E-015
           1          52   1.8037754423873998E-003
           1          53   1.3810341393579638E-015
           1          54  -5.6161900132527270E-015
           1          55   1.8037754423885679E-003
           1          56   5.4197471513739203E-003
           1          57   4.6049121392244280E-015
           1          58   5.4197471513855837E-003
           1          59  -3.7190864314366097E-015
           1          60  -3.1367576068328684E-015
           1          61   5.4197471513773880E-003
           2           1  0.75243943060118945     
           2           2   1.1194372356813340     
           2           3 -0.61348629430919110     
           2           4 -0.75384439465921615     
           2           5  0.30969213619316072     
           2           6   9.1940331515785900E-002
           2           7 -0.14238086889595164     
           2           8 -0.22409974345737743     
           2           9   6.5018917810516746E-002
           2          10   2.2541720433325474E-002
           2          11   5.0754204090791752E-015
           2          12  -2.6954921346511361E-015
           2          13  -7.6832533299855620E-016
           2          14   3.1949710105197360E-015
           2          15  -3.9746385144428620E-015
           2          16   4.1379586673484690E-015
           2          17   7.4744187226047208E-015
           2          18   5.7762040691648735E-015
           2          19   1.1024639786097107E-014
           2          20   5.3993522034695484E-015
           2          21  -1.8722114766878305E-014
           2          22   2.9936341484848174E-014
           2          23  -8.8093643985715212E-015
           2          24   3.0518949870661918E-014
           2          25  -6.6580596694166142E-014
           2          26  -3.1033242204834794E-014
           2          27  -3.0029333437979711E-015
           2          28   5.9337000477276524E-014
           2          29   3.5543174531052076E-014
           2          30   6.4996628531519536E-014
           2          31  -7.3820503917940031E-014
           2          32  -2.5199034153556407E-014
           2          33  -6.4574395970218002E-014
           2          34   4.0890946768725455E-014
           2          35   1.6877853895129154E-014
           2          36  -9.3407684318640121E-015
           2          37   2.6549572939798748E-015
           2          38   9.3562157380048624E-002
           2          39  -1.5076712554862754E-014
           2          40   9.3562157380014790E-002
           2          41  -4.8228174133374814E-015
           2          42   1.4344809103094349E-014
           2          43   9.3562157380007394E-002
           2          44  0.10805983906692573     
           2          45  -5.5366189198737624E-015
           2          46  0.10805983906692448     
           2          47  -7.9339699985730317E-015
           2          48   1.3136024294719388E-014
           2          49  0.10805983906689270     
           2          50   7.3685948877870149E-003
           2          51  -1.1657607160669746E-014
           2          52   7.3685948877969115E-003
           2          53   4.1473665008574658E-015
           2          54  -1.5028981394026834E-014
           2          55   7.3685948878070111E-003
           2          56   1.4277597000012777E-002
           2          57   1.0509090196342456E-014
           2          58   1.4277597000065251E-002
           2          59  -8.4637893194218174E-015
           2          60  -9.2750585199560565E-015
           2          61   1.4277597000060193E-002
           3           1 -0.27245079876215550     
           3           2 -0.61348629430919110     
           3           3  0.97768238644975203     
           3           4   1.2122208908118961     
           3           5 -0.54587728748638398     
           3           6 -0.13730350340568492     
           3           7  0.29550754389617800     
           3           8  0.42754287308717531     
           3           9 -0.14597643137693614     
           3          10  -4.6282590533409544E-002
           3          11   5.3152078046434282E-014
           3          12   1.8228007752855474E-014
           3          13   5.3431379298498192E-014
           3          14   9.4529044252214098E-015
           3          15   1.6175911145692901E-014
           3          16   1.3651261842557420E-014
           3          17  -1.4489695478855219E-014
           3          18   1.0363880564239655E-015
           3          19  -4.4317653027427351E-015
           3          20  -2.0548849791679976E-014
           3          21   5.1162753607711566E-014
           3          22  -3.4633066953296516E-014
           3          23   2.7696522739702943E-014
           3          24  -7.9099060832207263E-014
           3          25   9.0258806667693889E-014
           3          26   6.4105952889831580E-014
           3          27  -6.9561284072241507E-015
           3          28  -1.3254335175106908E-013
           3          29  -4.7535942864280057E-014
           3          30  -1.1746727795675003E-013
           3          31   1.4646334103945835E-013
           3          32   5.5385924328728380E-014
           3          33   1.2112068067670904E-013
           3          34  -5.5755569081463056E-014
           3          35  -2.2617985686277344E-014
           3          36   1.9653417707804731E-014
           3          37   1.4378524828077685E-014
           3          38 -0.17241342474606519     
           3          39   1.7956251308279638E-014
           3          40 -0.17241342474622162     
           3          41   2.0419623906742272E-014
           3          42  -4.2079363768781028E-014
           3          43 -0.17241342474648813     
           3          44 -0.19429425269902251     
           3          45  -2.8793741366149144E-015
           3          46 -0.19429425269908238     
           3          47   2.1698425871447016E-014
           3          48  -3.0911846659267221E-014
           3          49 -0.19429425269918477     
           3          50  -1.5320198814479383E-002
           3          51   8.0255447952360475E-015
           3          52  -1.5320198814257354E-002
           3          53   5.2857312552701610E-015
           3          54   1.4818361982530447E-014
           3          55  -1.5320198814193463E-002
           3          56  -3.0645367449086313E-002
           3          57  -3.1337150043238505E-014
           3          58  -3.0645367449027908E-002
           3          59   2.2250020178596452E-014
           3          60   7.0568369715103092E-015
           3          61  -3.0645367448867224E-002
           4           1 -0.32649645777207970     
           4           2 -0.75384439465921615     
           4           3   1.2122208908118961     
           4           4   1.6653780513284535     
           4           5  -1.0539652127523393     
           4           6 -0.27110600286407982     
           4           7  0.54250576326134947     
           4           8  0.80032707457789709     
           4           9 -0.24670242716677332     
           4          10  -8.5116866729253282E-002
           4          11  -1.1593416614855562E-013
           4          12  -4.4136266903571503E-014
           4          13  -1.1702924207504049E-013
           4          14  -4.6352651965702469E-014
           4          15   3.1283324267907861E-015
           4          16  -4.7711465123456158E-014
           4          17  -1.3052754950480798E-014
           4          18  -3.3269135650764346E-014
           4          19  -4.3748132146762767E-014
           4          20  -2.7774344848089243E-014
           4          21   7.3218122116814813E-014
           4          22  -8.7482366404615694E-014
           4          23   2.5957555780146355E-014
           4          24  -1.1006124298947928E-013
           4          25   2.1916576306703947E-013
           4          26   9.5564388304319027E-014
           4          27   2.6717075508167530E-014
           4          28  -2.2546848330544429E-013
           4          29  -1.1754971522999667E-013
           4          30  -2.3340804507117778E-013
           4          31   2.6573380128146619E-013
           4          32   9.0542767128867723E-014
           4          33   2.3093258393950206E-013
           4          34  -1.3653430128861048E-013
           4          35  -5.5709505046637688E-014
           4          36   3.7349979375745446E-014
           4          37  -4.8707977532182549E-015
           4          38 -0.31512705260367746     
           4          39   5.1236090117559790E-014
           4          40 -0.31512705260352547     
           4          41  -9.9806580766071395E-015
           4          42  -4.0523626316423731E-014
           4          43 -0.31512705260330365     
           4          44 -0.34118002380324919     
           4          45   1.4809063853657814E-014
           4          46 -0.34118002380325124     
           4          47   1.0571703310586995E-014
           4          48  -2.5623824352764755E-014
           4          49 -0.34118002380303758     
           4          50  -2.5773382489510648E-002
           4          51   5.2951375554483164E-014
           4          52  -2.5773382489595105E-002
           4          53  -1.8144530159804751E-014
           4          54   5.7727437876287896E-014
           4          55  -2.5773382489657319E-002
           4          56  -5.1682064107524697E-002
           4          57  -2.9896036815473921E-014
           4          58  -5.1682064107709896E-002
           4          59   2.9771836416049981E-014
           4          60   3.6725047822000460E-014
           4          61  -5.1682064107786752E-002
           5           1  0.12026759184358160     
           5           2  0.30969213619316072     
           5           3 -0.54587728748638398     
           5           4  -1.0539652127523393     
           5           5   1.7293845685112719     
           5           6  0.19496375207365363     
           5           7  -1.2629517664950525     
           5           8  -1.5842924304748638     
           5           9  0.72982674173086903     
           5          10  0.20977555299795053     
           5          11  -1.6886799531425609E-013
           5          12  -6.5410390482538631E-015
           5          13  -9.7578863239509185E-014
           5          14  -2.9678315264878729E-014
           5          15  -4.8074345672990167E-014
           5          16  -2.8585754774142530E-014
           5          17   2.6969220353530134E-014
           5          18  -3.6482082974283788E-014
           5          19  -9.7231944538100435E-014
           5          20   1.1406611388935315E-013
           5          21  -2.1301404800222569E-013
           5          22   6.9262641734618486E-014
           5          23  -1.2132624800068937E-013
           5          24   3.0670011745559443E-013
           5          25  -2.3587746994633364E-013
           5          26  -2.1116968421761649E-013
           5          27   4.6464064330964042E-014
           5          28   6.0319307687536823E-013
           5          29   1.0051207468170427E-013
           5          30   4.5957799295121212E-013
           5          31  -5.3223591705952326E-013
           5          32  -2.0610549503733455E-013
           5          33  -4.3968980529148660E-013
           5          34   2.0531759554867332E-013
           5          35   6.6081621992505625E-014
           5          36  -7.4105989079221182E-014
           5          37  -6.1257158002599457E-014
           5          38  0.30425927951083637     
           5          39   4.1045119559722296E-014
           5          40  0.30425927951224857     
           5          41  -4.9794383243828223E-014
           5          42   2.0625823015111876E-013
           5          43  0.30425927951392995     
           5          44  0.39088413090243157     
           5          45   7.0219621143291031E-014
           5          46  0.39088413090297747     
           5          47  -6.1539474715049957E-014
           5          48   1.1607396631850488E-013
           5          49  0.39088413090376462     
           5          50  -1.2032863444669424E-002
           5          51  -4.4389304991335726E-014
           5          52  -1.2032863446258004E-002
           5          53  -2.8521504362621569E-014
           5          54  -9.5145604649502593E-014
           5          55  -1.2032863446792854E-002
           5          56  0.12150209388077375     
           5          57   7.1695814001608667E-014
           5          58  0.12150209388001459     
           5          59  -9.5535868410214059E-014
           5          60  -5.6022290624494101E-014
           5          61  0.12150209387900293     
           6           1   3.7584948282411393E-002
           6           2   9.1940331515785900E-002
           6           3 -0.13730350340568492     
           6           4 -0.27110600286407982     
           6           5  0.19496375207365363     
           6           6  0.11017740484769806     
           6           7   1.4978106650208357E-003
           6           8  -7.7660469020028017E-002
           6           9  -2.4489728441674602E-002
           6          10   4.9668328987407017E-003
           6          11   4.0387277837832661E-014
           6          12   2.4070574817305175E-014
           6          13   9.9881252313385914E-015
           6          14   1.6414127398386355E-014
           6          15   4.9951004767121928E-015
           6          16   1.4972153369705474E-014
           6          17   2.5693067605305959E-014
           6          18   1.7675763539422228E-015
           6          19   8.1218011373152657E-014
           6          20   5.7573064502217649E-015
           6          21   1.9530113751361845E-015
           6          22   5.7457421126082256E-014
           6          23  -1.6547289096365707E-014
           6          24   1.6212802995290729E-014
           6          25  -1.2560464543102288E-013
           6          26  -1.6189731124160092E-014
           6          27  -1.0467191637475540E-014
           6          28  -6.7306122048306570E-014
           6          29   7.6488108344642662E-014
           6          30  -5.4772587825989626E-015
           6          31  -1.8989250782928137E-014
           6          32   1.8889303481192103E-014
           6          33  -4.4340672107047348E-014
           6          34   3.1942146430001522E-014
           6          35   2.0882597263656185E-014
           6          36  -1.3446030454687107E-014
           6          37   2.7403146881263979E-014
           6          38   9.5257084363645272E-002
           6          39  -3.6726396419381729E-014
           6          40   9.5257084363115668E-002
           6          41   3.5402274280404339E-014
           6          42  -8.7484575443487844E-014
           6          43   9.5257084362795896E-002
           6          44   7.9932913573198899E-002
           6          45  -7.0754435042106514E-015
           6          46   7.9932913573109693E-002
           6          47   1.4210480064805863E-014
           6          48  -3.9091437080322070E-014
           6          49   7.9932913572880598E-002
           6          50   1.5388898702689169E-002
           6          51   7.4122736787866149E-014
           6          52   1.5388898703438628E-002
           6          53   9.1123568848345256E-017
           6          54   5.6173025358858701E-014
           6          55   1.5388898703474874E-002
           6          56   1.7258737716073502E-004
           6          57   8.1705346774817949E-014
           6          58   1.7258737759682629E-004
           6          59  -1.5775829406949110E-014
           6          60   6.1626972586856423E-014
           6          61   1.7258737781768174E-004
           7           1  -5.1571070728701145E-002
           7           2 -0.14238086889595164     
           7           3  0.29550754389617800     
           7           4  0.54250576326134947     
           7           5  -1.2629517664950525     
           7           6   1.4978106650208357E-003
           7           7   1.1587802332337211     
           7           8   1.3290571344725088     
           7           9 -0.69556718335932899     
           7          10 -0.18500959433127628     
           7          11   1.2620789667110200E-013
           7          12   9.1867922867954686E-015
           7          13  -5.8308449994211005E-015
           7          14   1.8043740237442535E-014
           7          15   3.9202411743466227E-014
           7          16   6.5088719996957506E-015
           7          17  -2.7736824721588114E-014
           7          18   9.1845674388231360E-017
           7          19   1.3814956304406525E-013
           7          20  -1.0489138427460969E-013
           7          21   1.7439187099527453E-013
           7          22  -1.3277633519653736E-014
           7          23   1.7670999437971341E-013
           7          24  -2.0447291103057458E-013
           7          25   1.7685853485515666E-013
           7          26   2.1128581034609177E-013
           7          27   2.3636999968488640E-014
           7          28  -5.3531027895229090E-013
           7          29  -1.0172845317752297E-013
           7          30  -3.7707664931465514E-013
           7          31   3.4325105974250269E-013
           7          32   9.5755235581659893E-014
           7          33   3.6347920962968316E-013
           7          34  -3.2450735111173789E-013
           7          35  -1.0326342636043343E-013
           7          36   5.2614237786785333E-014
           7          37  -4.0421212972568866E-014
           7          38 -0.12293506198370260     
           7          39  -4.0312323940068305E-014
           7          40 -0.12293506198511649     
           7          41   1.0218044457622827E-013
           7          42  -3.0355020437823191E-013
           7          43 -0.12293506198651638     
           7          44 -0.22822968960879364     
           7          45  -4.1539689193133980E-014
           7          46 -0.22822968960923240     
           7          47   7.6448626412180454E-014
           7          48  -1.5675962783765805E-013
           7          49 -0.22822968961003556     
           7          50   3.7413602609850265E-002
           7          51   1.5646124525131162E-013
           7          52   3.7413602611574087E-002
           7          53   4.3408136763049524E-015
           7          54   1.6500324294044692E-013
           7          55   3.7413602611709118E-002
           7          56 -0.10756324733902969     
           7          57   5.2536606601851534E-014
           7          58 -0.10756324733835243     
           7          59   4.6902269135125237E-014
           7          60   1.3457952398579117E-013
           7          61 -0.10756324733744621     
           8           1  -8.4747618725690713E-002
           8           2 -0.22409974345737743     
           8           3  0.42754287308717531     
           8           4  0.80032707457789709     
           8           5  -1.5842924304748638     
           8           6  -7.7660469020028017E-002
           8           7   1.3290571344725088     
           8           8   1.7804486918308742     
           8           9  -1.1098181379331300     
           8          10 -0.35201354489625120     
           8          11   2.4713493949725551E-013
           8          12   6.5475786720595234E-015
           8          13   4.3724738495937512E-013
           8          14   5.9646171022030012E-014
           8          15   5.2213466112487570E-014
           8          16   8.6919285323909941E-014
           8          17  -4.0717488264282180E-014
           8          18   1.1758348947356518E-013
           8          19  -2.5280906655859982E-013
           8          20  -9.3351061971987586E-014
           8          21   2.1195228119087878E-013
           8          22  -2.8276245485352859E-013
           8          23  -1.6927781217814769E-015
           8          24  -3.7609437922530296E-013
           8          25   6.9210422901718262E-013
           8          26   1.5772071353373551E-013
           8          27  -1.6179494455038190E-013
           8          28  -1.1863376867805854E-013
           8          29  -2.2741243536070912E-013
           8          30  -4.1809769495956291E-013
           8          31   3.8949024687087917E-013
           8          32   1.3445254084883031E-013
           8          33   3.8040893600986602E-013
           8          34  -3.3845065063185715E-013
           8          35  -1.2608485159494518E-013
           8          36   8.5414097931222745E-014
           8          37  -1.1589216486569049E-013
           8          38 -0.19371386493454518     
           8          39  -1.3683997772389365E-013
           8          40 -0.19371386493459603     
           8          41  -9.3088890559629433E-014
           8          42   2.0024484506711143E-013
           8          43 -0.19371386493672971     
           8          44 -0.31511529620252093     
           8          45  -1.8696371719314124E-013
           8          46 -0.31511529620314871     
           8          47  -7.8118053024680116E-015
           8          48   8.1242250590781682E-014
           8          49 -0.31511529620381684     
           8          50   3.6242559210364275E-002
           8          51  -3.0783464391156166E-013
           8          52   3.6242559209193871E-002
           8          53   4.4529173896854383E-014
           8          54  -1.2443114954809093E-013
           8          55   3.6242559210600829E-002
           8          56 -0.15835065005551691     
           8          57  -3.4908143189305203E-013
           8          58 -0.15835065005605042     
           8          59   1.7280833502687062E-013
           8          60  -2.0810390082807549E-013
           8          61 -0.15835065005506524     
           9           1   2.5813453261451375E-002
           9           2   6.5018917810516746E-002
           9           3 -0.14597643137693614     
           9           4 -0.24670242716677332     
           9           5  0.72982674173086903     
           9           6  -2.4489728441674602E-002
           9           7 -0.69556718335932899     
           9           8  -1.1098181379331300     
           9           9   1.4747192125317088     
           9          10  0.41310282422202232     
           9          11   6.7197088418661616E-015
           9          12   9.8020791657630717E-015
           9          13  -5.0575736027382758E-014
           9          14  -9.4304501268006484E-015
           9          15   1.9653327172173076E-015
           9          16  -1.6007903597555157E-014
           9          17  -8.1526785566266230E-014
           9          18  -4.5742790341356022E-014
           9          19   1.2323753336268520E-014
           9          20  -5.3334471528422638E-014
           9          21  -1.8819381729042883E-014
           9          22  -3.5058203738573213E-015
           9          23   1.6303041454756232E-013
           9          24   3.7422990604405363E-014
           9          25  -3.2436405260962958E-014
           9          26   8.1630993168634006E-014
           9          27   6.4853662498694305E-014
           9          28  -9.0265873940333428E-014
           9          29  -2.2853540642897901E-013
           9          30  -7.8921988415955578E-014
           9          31   1.7468709980952990E-013
           9          32  -1.4863532967432700E-013
           9          33  -3.5858656290922789E-014
           9          34   1.5654361673917333E-013
           9          35  -7.9978638836858380E-014
           9          36  -1.0902360570682099E-013
           9          37   1.2257496881818474E-013
           9          38   3.1948647402900758E-002
           9          39  -1.7008791123841678E-013
           9          40   3.1948647402976683E-002
           9          41  -2.8910442741931856E-014
           9          42   4.6272263488197316E-014
           9          43   3.1948647402701355E-002
           9          44  0.11325980603352467     
           9          45  -8.8414078301125660E-014
           9          46  0.11325980603346732     
           9          47  -2.0717281538404888E-014
           9          48   4.6468308987772553E-014
           9          49  0.11325980603338423     
           9          50  -4.2799487065607131E-003
           9          51   1.2487169874290256E-013
           9          52  -4.2799487069907580E-003
           9          53   1.2777548430957997E-014
           9          54   7.2617741954820838E-014
           9          55  -4.2799487067311636E-003
           9          56  0.22031296545894402     
           9          57   7.0137510448836509E-014
           9          58  0.22031296545898160     
           9          59  -5.7218977780745593E-014
           9          60   1.3609425802238697E-013
           9          61  0.22031296545909537     
          10           1   8.7711380384199698E-003
          10           2   2.2541720433325474E-002
          10           3  -4.6282590533409544E-002
          10           4  -8.5116866729253282E-002
          10           5  0.20977555299795053     
          10           6   4.9668328987407017E-003
          10           7 -0.18500959433127628     
          10           8 -0.35201354489625120     
          10           9  0.41310282422202232     
          10          10  0.15752876153626599     
          10          11   9.5068477035775141E-015
          10          12  -1.4309352943787745E-014
          10          13   1.8129903037065080E-014
          10          14   1.2602024686304702E-015
          10          15  -6.6039639133702152E-016
          10          16   7.1971978200139655E-016
          10          17  -1.8606220496281011E-014
          10          18   3.5213120150135694E-014
          10          19  -3.7769521412437778E-014
          10          20  -1.5525470740728762E-014
          10          21   2.7399433169582991E-014
          10          22  -2.1538475805052953E-014
          10          23   3.1114767662873305E-014
          10          24  -5.1898874955341700E-014
          10          25   7.4336177441858691E-014
          10          26   2.9883567122240551E-014
          10          27  -6.1218748633693570E-014
          10          28   6.2272143797636050E-014
          10          29   8.0690688017959470E-015
          10          30   2.9628672890338497E-014
          10          31  -7.8618016987413132E-014
          10          32   2.6791315255751393E-014
          10          33   8.8588825487842282E-014
          10          34  -1.3149663940879388E-013
          10          35   2.3385987509570847E-014
          10          36   5.6839552530803948E-014
          10          37  -1.1275217941777483E-013
          10          38   1.4744460008656979E-002
          10          39   8.7787240883019396E-014
          10          40   1.4744460008600534E-002
          10          41  -7.1883288709205123E-015
          10          42   1.8671018454024032E-014
          10          43   1.4744460008665142E-002
          10          44   3.6393229042536238E-002
          10          45   3.4071221078481892E-014
          10          46   3.6393229042551288E-002
          10          47  -1.8460760984532064E-016
          10          48  -7.1587811477790676E-015
          10          49   3.6393229042564514E-002
          10          50  -5.5528764897069451E-003
          10          51  -8.4414859087338621E-014
          10          52  -5.5528764895821422E-003
          10          53   3.4075603670785096E-014
          10          54  -1.1316362400783427E-013
          10          55  -5.5528764896105916E-003
          10          56   4.9295683836085208E-002
          10          57  -1.1308182053229505E-013
          10          58   4.9295683836218268E-002
          10          59  -1.3413773543733352E-015
          10          60  -6.9968418137419341E-014
          10          61   4.9295683836219698E-002
          11           1   1.0768191876304639E-015
          11           2   5.0754204090791752E-015
          11           3   5.3152078046434282E-014
          11           4  -1.1593416614855562E-013
          11           5  -1.6886799531425609E-013
          11           6   4.0387277837832661E-014
          11           7   1.2620789667110200E-013
          11           8   2.4713493949725551E-013
          11           9   6.7197088418661616E-015
          11          10   9.5068477035775141E-015
          11          11   1.7167489135593423     
          11          12   2.1541807853362959E-003
          11          13   8.9431384766238613E-004
          11          14  0.43083810464666283     
          11          15   6.5106266837880374E-005
          11          16   2.7029038782477529E-005
          11          17 -0.66677210141149690     
          11          18  -4.8402163310658540E-003
          11          19  -2.0094286049931543E-003
          11          20 -0.48334428289826187     
          11          21  -2.8064808187778633E-003
          11          22  -1.1651179309373027E-003
          11          23  0.25722754275317017     
          11          24   9.7616776570430205E-003
          11          25   4.0525862844832360E-003
          11          26  0.23329871666813665     
          11          27   7.9078432224131256E-003
          11          28   3.2829620182490723E-003
          11          29  -4.8908492345895907E-002
          11          30  -1.0183512251658970E-002
          11          31  -4.2277120314284699E-003
          11          32  -4.9098478782304729E-002
          11          33  -1.5832035827729671E-002
          11          34  -6.5727115261264802E-003
          11          35  -2.5542307259419465E-002
          11          36  -1.1906876402955169E-002
          11          37  -4.9431712146912948E-003
          11          38   1.0781830828260168E-014
          11          39   3.2404590860059767E-014
          11          40   2.7004664380820726E-014
          11          41  -9.3992795201083491E-014
          11          42  -1.9827907730652642E-014
          11          43   1.4103510375650337E-013
          11          44  -1.7069945247983973E-014
          11          45   4.4504934910021914E-014
          11          46   6.7244095064785904E-015
          11          47   4.9337630805731433E-014
          11          48  -1.9613985677690731E-015
          11          49  -6.4216790195824168E-014
          11          50  -7.9842372301202813E-014
          11          51  -2.0137421863833552E-014
          11          52  -6.6606115423577770E-014
          11          53  -2.0144407832786377E-014
          11          54   5.6209721639794714E-014
          11          55  -1.2691626642476768E-013
          11          56  -2.4885434279897022E-014
          11          57  -2.6125760580817493E-015
          11          58  -3.3083807159138279E-014
          11          59   1.7930832005864557E-014
          11          60  -2.0328350261624562E-014
          11          61  -5.0030002202403402E-014
          12           1  -2.0000583071587837E-015
          12           2  -2.6954921346511361E-015
          12           3   1.8228007752855474E-014
          12           4  -4.4136266903571503E-014
          12           5  -6.5410390482538631E-015
          12           6   2.4070574817305175E-014
          12           7   9.1867922867954686E-015
          12           8   6.5475786720595234E-015
          12           9   9.8020791657630717E-015
          12          10  -1.4309352943787745E-014
          12          11   2.1541807853362959E-003
          12          12   1.7169753641174168     
          12          13  -8.4854255018407168E-004
          12          14   6.5106266825028309E-005
          12          15  0.43084494871039797     
          12          16  -2.5645683075055831E-005
          12          17  -4.8402163309861261E-003
          12          18 -0.66728091185916316     
          12          19   1.9065853419267633E-003
          12          20  -2.8064808188461329E-003
          12          21 -0.48363930416664275     
          12          22   1.1054867851895106E-003
          12          23   9.7616776570248805E-003
          12          24  0.25825370423812116     
          12          25  -3.8451734923434823E-003
          12          26   7.9078432224323203E-003
          12          27  0.23413000043190879     
          12          28  -3.1149388669722325E-003
          12          29  -1.0183512251570164E-002
          12          30  -4.9978997685412148E-002
          12          31   4.0113362420799844E-003
          12          32  -1.5832035827776075E-002
          12          33  -5.0762764980299857E-002
          12          34   6.2363178373384207E-003
          12          35  -1.1906876402925952E-002
          12          36  -2.6793975097694253E-002
          12          37   4.6901779724862229E-003
          12          38   3.1015577866311866E-014
          12          39   1.9419079418644736E-014
          12          40  -1.7164978324131411E-015
          12          41  -2.2076779972202493E-014
          12          42  -1.3232254946536123E-014
          12          43   2.6702415064476861E-014
          12          44   1.2027968690470421E-014
          12          45   3.1942455532852558E-014
          12          46   5.6625977140121448E-015
          12          47   3.5004915459018402E-014
          12          48  -1.1395081495824530E-014
          12          49  -2.3234071749363310E-014
          12          50  -2.8190466239599785E-014
          12          51  -1.9940573380295257E-014
          12          52   4.9753611013307644E-015
          12          53  -2.4197096259433111E-014
          12          54   9.1669332141648624E-015
          12          55  -2.2167777300626761E-014
          12          56  -1.1913282899328202E-014
          12          57  -2.6377553971683890E-015
          12          58  -9.3164776149881757E-015
          12          59  -9.9521721874066258E-015
          12          60   3.5833640927020860E-015
          12          61  -1.1021121461515454E-014
          13           1  -1.1723745200052855E-015
          13           2  -7.6832533299855620E-016
          13           3   5.3431379298498192E-014
          13           4  -1.1702924207504049E-013
          13           5  -9.7578863239509185E-014
          13           6   9.9881252313385914E-015
          13           7  -5.8308449994211005E-015
          13           8   4.3724738495937512E-013
          13           9  -5.0575736027382758E-014
          13          10   1.8129903037065080E-014
          13          11   8.9431384766238613E-004
          13          12  -8.4854255018407168E-004
          13          13   1.7186670184893078     
          13          14   2.7029038713413736E-005
          13          15  -2.5645683086326634E-005
          13          16  0.43089607594243562     
          13          17  -2.0094286048791634E-003
          13          18   1.9065853418748749E-003
          13          19 -0.67108188027034199     
          13          20  -1.1651179309670608E-003
          13          21   1.1054867852319191E-003
          13          22 -0.48584320254846780     
          13          23   4.0525862844412626E-003
          13          24  -3.8451734923188145E-003
          13          25  0.26591944185770955     
          13          26   3.2829620182864500E-003
          13          27  -3.1149388669894991E-003
          13          28  0.24033994235048206     
          13          29  -4.2277120314449749E-003
          13          30   4.0113362419920287E-003
          13          31  -5.7975997351522861E-002
          13          32  -6.5727115261913875E-003
          13          33   6.2363178373693725E-003
          13          34  -6.3195487807444106E-002
          13          35  -4.9431712146105642E-003
          13          36   4.6901779725110546E-003
          13          37  -3.6144313592675920E-002
          13          38   1.5751408199914937E-014
          13          39   2.4358957320439965E-014
          13          40   6.9944133658192354E-015
          13          41  -1.1378771701463117E-013
          13          42  -1.5120554048894067E-014
          13          43   1.2216130653832331E-013
          13          44  -9.7663532492529511E-015
          13          45   5.3899016442360540E-014
          13          46   2.4217130082009048E-014
          13          47   7.7382912834196716E-014
          13          48  -9.7935158141812639E-015
          13          49  -8.9227862278557699E-014
          13          50  -1.1117348562787273E-013
          13          51  -2.5623981331958947E-014
          13          52  -2.6731511002491891E-014
