           1           1  0.53180062717436882     
           1           2  0.74532803227347177     
           1           3 -0.24865908276715123     
           1           4 -0.32734912245774728     
           1           5   9.7138353285532081E-002
           1           6   4.2723266018073927E-002
           1           7  -2.4142812923927212E-002
           1           8  -8.2165221159496538E-002
           1           9   1.7927229868982181E-002
           1          10   1.0729047256346562E-002
           1          11   7.6280280404882649E-013
           1          12   1.2758299995710554E-013
           1          13   1.3564889915558845E-013
           1          14  -2.9900628567283349E-015
           1          15   2.9447470988377711E-013
           1          16  -2.1944672407782432E-012
           1          17  -5.5088334681104047E-012
           1          18   2.2164353957310525E-013
           1          19   2.3409662352010762E-012
           1          20  -8.6053188301671041E-013
           1          21  -9.2624357503830006E-013
           1          22   1.0162579795388083E-012
           1          23   8.7461519626838427E-012
           1          24   1.2685420830374936E-012
           1          25  -5.4858574182384786E-012
           1          26   2.3996316646639547E-012
           1          27   1.7761984180484229E-013
           1          28   3.0126154061117188E-012
           1          29  -7.7943681885108646E-012
           1          30  -2.1168170994369596E-012
           1          31  -2.4389164802217544E-013
           1          32  -7.5615564484679835E-012
           1          33   3.7002530017690528E-013
           1          34   3.4022565040386089E-012
           1          35   3.4784787434628890E-012
           1          36   1.1440204720910460E-012
           1          37  -3.0984181530006988E-012
           1          38   2.9313576107276113E-002
           1          39   7.7288714951131588E-006
           1          40   2.9207201070651924E-002
           1          41  -3.6933931102416785E-007
           1          42   5.8928716174542254E-006
           1          43   2.9313751739876617E-002
           1          44   3.6851963295561049E-002
           1          45  -9.4424439992563105E-007
           1          46   3.6864959222206437E-002
           1          47   4.5122485917126754E-008
           1          48  -7.1993611303960663E-007
           1          49   3.6851941836343091E-002
           1          50  -3.7296813836158624E-004
           1          51  -1.0729814690595240E-005
           1          52  -2.2529004307800436E-004
           1          53   5.1274635586654519E-007
           1          54  -8.1809431919485324E-006
           1          55  -3.7321196477930579E-004
           1          56   2.3431377535733586E-003
           1          57  -4.7818956087336077E-006
           1          58   2.4089524533401647E-003
           1          59   2.2851238702629752E-007
           1          60  -3.6459406828736366E-006
           1          61   2.3430290862738725E-003
           2           1  0.74532803227347177     
           2           2   1.1078887950158607     
           2           3 -0.56313457497388275     
           2           4 -0.75974659070799944     
           2           5  0.25177754435099464     
           2           6  0.10484615147362124     
           2           7  -7.4159289396340727E-002
           2           8 -0.22026511851697944     
           2           9   4.5652762245826067E-002
           2          10   2.7763982078130120E-002
           2          11  -6.2779933806204099E-014
           2          12   3.0020562694395985E-013
           2          13   1.3205233507660420E-012
           2          14  -1.9219889298168704E-014
           2          15   7.8463554069795722E-013
           2          16  -4.8319856733055846E-012
           2          17  -8.8681349725139032E-012
           2          18   8.1951299026920027E-013
           2          19   3.1252404672688416E-012
           2          20   1.8364864382473116E-012
           2          21  -2.2411305811454149E-012
           2          22   1.2019549252133211E-012
           2          23   1.1009617997136160E-011
           2          24   3.0365998924111706E-012
           2          25  -1.0216080904279397E-011
           2          26  -6.6172076295603558E-012
           2          27  -1.3457244117992065E-013
           2          28   1.2565957454413373E-011
           2          29  -7.0944358147119749E-012
           2          30  -4.8889422467902949E-012
           2          31  -4.7257458274803222E-012
           2          32   8.2115581797101913E-012
           2          33   2.2917591215576978E-012
           2          34  -3.7499193951983057E-014
           2          35   2.4904482430149646E-011
           2          36   3.5673845622106220E-012
           2          37  -1.2946269424596180E-011
           2          38   8.5330167538667068E-002
           2          39   1.9426107310710407E-005
           2          40   8.5062799561450006E-002
           2          41  -9.2831435921350563E-007
           2          42   1.4811410205021417E-005
           2          43   8.5330608982520845E-002
           2          44  0.10092594556738768     
           2          45  -2.5250497530524008E-006
           2          46  0.10096069861371362     
           2          47   1.2066425097595553E-007
           2          48  -1.9252197731005342E-006
           2          49  0.10092588818275816     
           2          50   2.5690044995008740E-003
           2          51  -2.6559620250323657E-005
           2          52   2.9345535722007845E-003
           2          53   1.2692054297266964E-006
           2          54  -2.0250355694943101E-005
           2          55   2.5684009524744420E-003
           2          56   6.7619582096128603E-003
           2          57  -1.0701672658447502E-005
           2          58   6.9092485420550048E-003
           2          59   5.1139977733413155E-007
           2          60  -8.1594336477448028E-006
           2          61   6.7617150150244831E-003
           3           1 -0.24865908276715123     
           3           2 -0.56313457497388275     
           3           3  0.85129503394547945     
           3           4   1.1469986880220957     
           3           5 -0.38841895488577094     
           3           6 -0.14788915888941220     
           3           7  0.14426208052937672     
           3           8  0.37630060743927468     
           3           9  -8.9821696367371584E-002
           3          10  -5.2916129274471327E-002
           3          11  -1.8948374212191442E-011
           3          12   5.2908843514884504E-012
           3          13   2.5537867313541966E-012
           3          14  -2.4693805999110244E-012
           3          15   8.9605818886927531E-013
           3          16   6.6808924603678233E-012
           3          17   5.5449300314632463E-011
           3          18   3.0772991866722307E-013
           3          19  -2.2328490145442801E-011
           3          20   2.4633078194697733E-011
           3          21   4.4080270289576271E-012
           3          22  -1.4103929186186344E-011
           3          23  -1.0259737908340721E-010
           3          24  -8.6936669683778286E-012
           3          25   5.1042512807417447E-011
           3          26  -7.7932116019291987E-011
           3          27  -3.0383850183462964E-012
           3          28   1.3347824325602702E-011
           3          29   1.0414180127803659E-010
           3          30   1.3237830856505663E-011
           3          31  -2.2681963403404852E-011
           3          32   1.7799423470103854E-010
           3          33   4.4707878864917894E-012
           3          34  -6.7224362117440854E-011
           3          35   6.2703919492484668E-011
           3          36  -1.5693882555430793E-012
           3          37  -1.3553888245127003E-011
           3          38 -0.14432734480738532     
           3          39  -4.0149512889463577E-005
           3          40 -0.14377475357995267     
           3          41   1.9186257903368107E-006
           3          42  -3.0612005267149060E-005
           3          43 -0.14432825717048239     
           3          44 -0.16655695225307937     
           3          45   4.1810421407225414E-007
           3          46 -0.16656270661960781     
           3          47  -1.9978539232585763E-008
           3          48   3.1875723299815474E-007
           3          49 -0.16655694274237637     
           3          50  -6.3720746426285876E-003
           3          51   6.1685210096121656E-005
           3          52  -7.2210693006788292E-003
           3          53  -2.9477592932185519E-006
           3          54   4.7031943529259176E-005
           3          55  -6.3706729006736840E-003
           3          56  -1.1286309805959804E-002
           3          57   3.4303889012702504E-005
           3          58  -1.1758445207460945E-002
           3          59  -1.6392839015841739E-006
           3          60   2.6154997078570154E-005
           3          61  -1.1285530270832633E-002
           4           1 -0.32734912245774728     
           4           2 -0.75974659070799944     
           4           3   1.1469986880220957     
           4           4   1.7576376230692183     
           4           5 -0.92391088552197720     
           4           6 -0.33703681911747158     
           4           7  0.33921023318954940     
           4           8  0.84233147695361654     
           4           9 -0.18594476678912286     
           4          10 -0.11154427598520808     
           4          11  -1.3461287753787028E-011
           4          12  -1.2572105828100872E-011
           4          13   5.5120705100364169E-012
           4          14  -2.2914589829713867E-012
           4          15  -6.2754302974897833E-012
           4          16   1.3009298888103722E-011
           4          17   4.6862929376711697E-011
           4          18  -2.6768926134863315E-012
           4          19  -1.3762523882597176E-011
           4          20   4.3454787126951034E-012
           4          21   8.2800952837890658E-012
           4          22  -9.4496082975647839E-012
           4          23  -6.2650787866497625E-011
           4          24  -1.3236489337981187E-011
           4          25   4.4114038808387103E-011
           4          26   4.6258189461473122E-012
           4          27   4.1441490526879320E-013
           4          28  -4.3302387752422959E-011
           4          29   4.4201503840504788E-011
           4          30   2.0124678218702079E-011
           4          31   1.3134059868892521E-011
           4          32   2.4814285748365178E-012
           4          33  -7.6917379999002259E-012
           4          34  -1.1675698883018836E-011
           4          35  -8.0731239431221338E-011
           4          36  -1.2880449429991919E-011
           4          37   4.4590378559902972E-011
           4          38 -0.30918896013292652     
           4          39  -7.4292110579626591E-005
           4          40 -0.30816645304204443     
           4          41   3.5501877557983096E-006
           4          42  -5.6643932104759594E-005
           4          43 -0.30919064836341820     
           4          44 -0.34794091478695088     
           4          45   3.0396495082541252E-006
           4          46 -0.34798275027598607     
           4          47  -1.4525896565647597E-007
           4          48   2.3175688179410912E-006
           4          49 -0.34794084569538652     
           4          50  -1.6840756335841485E-002
           4          51   1.0674926843357529E-004
           4          52  -1.8309982868673885E-002
           4          53  -5.1012326976273930E-006
           4          54   8.1390896830688751E-005
           4          55  -1.6838330541198258E-002
           4          56  -2.5751241213385428E-002
           4          57   4.4776668916902866E-005
           4          58  -2.6367516081347717E-002
           4          59  -2.1397388836620962E-006
           4          60   3.4139764492194253E-005
           4          61  -2.5750223670912280E-002
           5           1   9.7138353285532081E-002
           5           2  0.25177754435099464     
           5           3 -0.38841895488577094     
           5           4 -0.92391088552197720     
           5           5   1.2234523517397524     
           5           6  0.28686203784080955     
           5           7 -0.69509096903794554     
           5           8  -1.4154735108558913     
           5           9  0.44828960828750608     
           5          10  0.24702160109507712     
           5          11   1.5509893843610620E-010
           5          12  -1.2714203036955677E-011
           5          13  -5.3880543205008297E-011
           5          14   2.0255063269671138E-011
           5          15  -4.3321035538726905E-012
           5          16  -1.1279937072745946E-011
           5          17  -3.2727639881094361E-010
           5          18  -5.6759654285007349E-012
           5          19   1.3419933984252259E-010
           5          20  -1.9209723317528811E-010
           5          21  -1.5007532368337852E-011
           5          22   8.9846972424399168E-011
           5          23   6.2397291588364264E-010
           5          24   4.2015838116799507E-011
           5          25  -2.6896205498684687E-010
           5          26   5.2612433927804621E-010
           5          27   1.6288491547467214E-011
           5          28  -1.1683898660182255E-010
           5          29  -6.0944395473637563E-010
           5          30  -6.7053511207330528E-011
           5          31   1.3109837094153481E-010
           5          32  -1.1044752292770974E-009
           5          33  -3.4852955302511254E-011
           5          34   3.6810368526731115E-010
           5          35  -4.4311890346057712E-010
           5          36  -6.4015726082647024E-013
           5          37   9.2491169774744914E-011
           5          38  0.26354407780832106     
           5          39   2.0562095192437683E-004
           5          40  0.26071404722143610     
           5          41  -9.8259932251773356E-006
           5          42   1.5677584848208288E-004
           5          43  0.26354875034421610     
           5          44  0.34420850877635867     
           5          45   4.6272600737693660E-005
           5          46  0.34357164284759445     
           5          47  -2.2112153034703085E-006
           5          48   3.5280659311228870E-005
           5          49  0.34420956023830879     
           5          50  -2.7860281922547799E-002
           5          51  -3.6520605529047362E-004
           5          52  -2.2833825889138248E-002
           5          53   1.7452155504767298E-005
           5          54  -2.7845179219591540E-004
           5          55  -2.7868580918037074E-002
           5          56   2.5711211784649309E-002
           5          57  -2.4942641019986541E-004
           5          58   2.9144149053543868E-002
           5          59   1.1919367044651977E-005
           5          60  -1.9017530596862937E-004
           5          61   2.5705543743218897E-002
           6           1   4.2723266018073927E-002
           6           2  0.10484615147362124     
           6           3 -0.14788915888941220     
           6           4 -0.33703681911747158     
           6           5  0.28686203784080955     
           6           6  0.12095931112342301     
           6           7  -6.8976295853628064E-002
           6           8 -0.19968287665584544     
           6           9   2.7162207562712867E-002
           6          10   1.9167688285226681E-002
           6          11  -7.1315153515022120E-011
           6          12   3.2960718069997275E-012
           6          13   5.5606054031310937E-012
           6          14  -7.9454064968358873E-012
           6          15   2.2964948544264071E-012
           6          16  -2.1320224622873906E-012
           6          17   1.4956244096594875E-010
           6          18   7.3987235026905873E-012
           6          19  -1.4059901942600974E-011
           6          20   1.1130797343394628E-010
           6          21   1.7833103150820307E-012
           6          22  -9.5652086410762599E-012
           6          23  -2.8896769630754679E-010
           6          24  -1.2758596319500260E-011
           6          25   1.5201648547381647E-012
           6          26  -3.1965768177245637E-010
           6          27  -1.6684165079249578E-011
           6          28   1.8669479352110022E-011
           6          29   2.8277258595872966E-010
           6          30   1.5660938098617154E-011
           6          31   2.0512653491795705E-011
           6          32   6.1812229238066271E-010
           6          33   4.1761287068033285E-011
           6          34   4.5467168788040435E-011
           6          35   3.7048140574874156E-010
           6          36   2.5165264390147415E-011
           6          37   1.3526049426309764E-011
           6          38  0.10219679526061731     
           6          39   2.4728331768884695E-005
           6          40  0.10185645136764944     
           6          41  -1.1817010831604724E-006
           6          42   1.8854113796114604E-005
           6          43  0.10219735722023185     
           6          44  0.10411700159488115     
           6          45  -2.0355538916491137E-006
           6          46  0.10414501769333062     
           6          47   9.7267427448865358E-008
           6          48  -1.5519952791772148E-006
           6          49  0.10411695535109190     
           6          50   1.2651963948120447E-002
           6          51  -5.2308430023725058E-005
           6          52   1.3371901679765775E-002
           6          53   2.4996704073356371E-006
           6          54  -3.9882561758356353E-005
           6          55   1.2650775265788346E-002
           6          56   8.5525905060476332E-003
           6          57  -3.7033994779797039E-005
           6          58   9.0623007375476884E-003
           6          59   1.7697513547904360E-006
           6          60  -2.8236553643430111E-005
           6          61   8.5517489157612547E-003
           7           1  -2.4142812923927212E-002
           7           2  -7.4159289396340727E-002
           7           3  0.14426208052937672     
           7           4  0.33921023318954940     
           7           5 -0.69509096903794554     
           7           6  -6.8976295853628064E-002
           7           7  0.56027887292072354     
           7           8   1.0383951224902663     
           7           9 -0.39402384305755916     
           7          10 -0.20957070418948126     
           7          11  -6.1911542722222554E-011
           7          12   2.3343324400154088E-011
           7          13   3.0675522353953865E-011
           7          14  -1.1017341321735354E-011
           7          15   7.5742130586337558E-012
           7          16   4.3189746811517580E-012
           7          17   1.0494348182155266E-010
           7          18  -4.3703842051793702E-012
           7          19  -8.3531326266672403E-011
           7          20   5.7910020538049054E-011
           7          21   2.6501974990329559E-012
           7          22  -5.5302855229113629E-011
           7          23  -1.6967518456002479E-010
           7          24  -1.4236889751876615E-011
           7          25   1.2280207110550362E-010
           7          26  -6.5396909345518713E-011
           7          27   7.3099236698724339E-012
           7          28  -6.2653240389789833E-012
           7          29   5.1689876872494146E-011
           7          30   3.6190737582321418E-011
           7          31   6.6988991161053964E-011
           7          32  -4.2984502092253946E-011
           7          33  -1.3625807172012144E-011
           7          34   5.5072313145332875E-011
           7          35  -1.8385691539547328E-010
           7          36  -2.5165395954097874E-011
           7          37   1.2169413336489640E-010
           7          38  -7.9441387231954777E-002
           7          39  -1.0602662772388804E-004
           7          40  -7.7982106356703829E-002
           7          41   5.0666647453363555E-006
           7          42  -8.0839969016955899E-005
           7          43  -7.9443796523887014E-002
           7          44 -0.15563587477324153     
           7          45  -2.6789440247999061E-005
           7          46 -0.15526716213148906     
           7          47   1.2801679556149505E-006
           7          48  -2.0425627827015187E-005
           7          49 -0.15563648347631720     
           7          50   4.9170959792017077E-002
           7          51   1.7816831562619692E-004
           7          52   4.6718766265823733E-002
           7          53  -8.5141456525833105E-006
           7          54   1.3584450009968568E-004
           7          55   4.9175008493026556E-002
           7          56  -1.0622415136733782E-002
           7          57   9.0712014669843839E-005
           7          58  -1.1870914197597063E-002
           7          59  -4.3348451255772094E-006
           7          60   6.9163167219906042E-005
           7          61  -1.0620353776622564E-002
           8           1  -8.2165221159496538E-002
           8           2 -0.22026511851697944     
           8           3  0.37630060743927468     
           8           4  0.84233147695361654     
           8           5  -1.4154735108558913     
           8           6 -0.19968287665584544     
           8           7   1.0383951224902663     
           8           8   2.0552948685987245     
           8           9  -1.0330330732551571     
           8          10 -0.53441151254582786     
           8          11  -1.6290080985399336E-012
           8          12   7.5010060637240370E-012
           8          13   2.8809538177712872E-011
           8          14  -2.0286858917672297E-012
           8          15   2.9922795747578974E-012
           8          16   1.2847015700053414E-011
           8          17   1.7966816545571872E-011
           8          18   5.2598533242684815E-012
           8          19  -5.5707463395635197E-011
           8          20  -2.8277687372768563E-011
           8          21   1.7732101752726106E-011
           8          22  -2.1967061019083735E-011
           8          23  -1.2076020890587234E-010
           8          24  -4.0623924960082973E-011
           8          25   2.5077127119059893E-010
           8          26   3.1506585561158102E-011
           8          27   1.4580550543483664E-012
           8          28   2.4801665209080478E-011
           8          29   3.5903013281942197E-010
           8          30   8.1313328646998080E-011
           8          31  -2.8286970177758760E-010
           8          32   3.6091239334881920E-010
           8          33  -3.9281940007790692E-011
           8          34  -7.5310013974384638E-010
           8          35  -2.3672643458788576E-010
           8          36  -6.8499466074784609E-011
           8          37  -1.5962068725864914E-010
           8          38 -0.20459810492566810     
           8          39  -4.1329140579199136E-004
           8          40 -0.19890983811192978     
           8          41   1.9749994186564095E-005
           8          42  -3.1511437643497419E-004
           8          43 -0.20460749677402837     
           8          44 -0.34074554730357653     
           8          45  -1.1426635352593866E-004
           8          46 -0.33917286089076693     
           8          47   5.4604594056125688E-006
           8          48  -8.7122606632368915E-005
           8          49 -0.34074814396513353     
           8          50   8.2057989146177596E-002
           8          51   8.4945470650789204E-004
           8          52   7.0366658772399199E-002
           8          53  -4.0593036386481965E-005
           8          54   6.4766758402511342E-004
           8          55   8.2077292417848391E-002
           8          56  -2.6359019128300850E-002
           8          57   6.7143943116063261E-004
           8          58  -3.5600254830017636E-002
           8          59  -3.2086155170106979E-005
           8          60   5.1193909863174914E-004
           8          61  -2.6343761000863716E-002
           9           1   1.7927229868982181E-002
           9           2   4.5652762245826067E-002
           9           3  -8.9821696367371584E-002
           9           4 -0.18594476678912286     
           9           5  0.44828960828750608     
           9           6   2.7162207562712867E-002
           9           7 -0.39402384305755916     
           9           8  -1.0330330732551571     
           9           9   1.4757731002237349     
           9          10  0.71502726356300128     
           9          11   4.1426121025237760E-010
           9          12   2.8182169879199867E-011
           9          13  -2.3527878529323160E-011
           9          14   4.0259537650290807E-011
           9          15   1.2773440661553020E-012
           9          16  -4.7847935007437968E-012
           9          17  -9.5938500117098313E-010
           9          18  -7.6253660869453459E-011
           9          19   5.2049724633622947E-011
           9          20  -6.4416063479499881E-010
           9          21  -5.8232609987700790E-011
           9          22   2.7842771740394019E-011
           9          23   1.9552487249715672E-009
           9          24   1.7114740209855401E-010
           9          25  -1.6708958777964119E-010
           9          26   2.0928379578762609E-009
           9          27   1.5474416634658430E-010
           9          28  -3.2172299611892246E-011
           9          29  -2.4408758079613440E-009
           9          30  -2.4844454838514619E-010
           9          31   1.5244763422442071E-010
           9          32  -4.6652760879715236E-009
           9          33  -2.7363879674203938E-010
           9          34   5.3261430504906456E-010
           9          35  -2.1034761124176584E-009
           9          36  -7.9086356949837240E-011
           9          37   1.0505233169527792E-010
           9          38   2.6113189048305487E-002
           9          39  -3.7538681170518732E-005
           9          40   2.6629845022891362E-002
           9          41   1.7937774987421182E-006
           9          42  -2.8621155815814118E-005
           9          43   2.6112336012199866E-002
           9          44   8.1188216775730015E-002
           9          45  -1.1636647104324791E-005
           9          46   8.1348374672609983E-002
           9          47   5.5602955435409588E-007
           9          48  -8.8722443041499207E-006
           9          49   8.1187952349490847E-002
           9          50  -3.9207102829037818E-002
           9          51   5.8276536989375176E-005
           9          52  -4.0009174818327754E-002
           9          53  -2.7847431431776229E-006
           9          54   4.4432090228616527E-005
           9          55  -3.9205778463620673E-002
           9          56   2.2522833786353669E-002
           9          57   1.0261117492709631E-004
           9          58   2.1110554378447381E-002
           9          59  -4.9034825016405878E-006
           9          60   7.8236225106406959E-005
           9          61   2.2525165478637935E-002
          10           1   1.0729047256346562E-002
          10           2   2.7763982078130120E-002
          10           3  -5.2916129274471327E-002
          10           4 -0.11154427598520808     
          10           5  0.24702160109507712     
          10           6   1.9167688285226681E-002
          10           7 -0.20957070418948126     
          10           8 -0.53441151254582786     
          10           9  0.71502726356300128     
          10          10  0.34762611483346384     
          10          11  -3.9601904850652856E-010
          10          12  -2.0069765110259045E-011
          10          13   4.7610250085807807E-011
          10          14  -3.9242033500717611E-011
          10          15  -8.9668404161365934E-013
          10          16   4.6302336238761922E-012
          10          17   9.0624200411520461E-010
          10          18   5.6931920417190326E-011
          10          19  -1.0024405598298593E-010
          10          20   6.1895269229982288E-010
          10          21   3.5024951846934765E-011
          10          22  -7.0633658360671890E-011
          10          23  -1.8178571978104582E-009
          10          24  -1.0406046324949943E-010
          10          25   2.0722907198356139E-010
          10          26  -1.9387332296298570E-009
          10          27  -1.2575635975577400E-010
          10          28   2.8961047062072535E-010
          10          29   1.9257334087910195E-009
          10          30   8.8553384889209060E-011
          10          31  -3.4722592180405990E-010
          10          32   4.2889828343435835E-009
          10          33   3.1495190099324169E-010
          10          34  -5.3823211583557828E-010
          10          35   2.7717709880401075E-009
          10          36   2.0229648225761608E-010
          10          37  -6.2493748420899053E-010
          10          38   1.7902115714886882E-002
          10          39  -1.3738866405516991E-004
          10          40   1.9793039794379883E-002
          10          41   6.5654279172058106E-006
          10          42  -1.0475166029772698E-004
          10          43   1.7898993610971938E-002
          10          44   4.7274754502689337E-002
          10          45  -4.6250337915207046E-005
          10          46   4.7911312309878100E-002
          10          47   2.2101834745677450E-006
          10          48  -3.5263422799396260E-005
          10          49   4.7273703480263662E-002
          10          50  -1.8840597550043300E-002
          10          51   2.6863430829411551E-004
          10          52  -2.2537894993068953E-002
          10          53  -1.2837236480880220E-005
          10          54   2.0481940775489489E-004
          10          55  -1.8834492924879216E-002
          10          56   1.2771514434279520E-002
          10          57   3.3445414890426211E-004
          10          58   8.1683092443824244E-003
          10          59  -1.5982629570437836E-005
          10          60   2.5500431369398298E-004
          10          61   1.2779114715454889E-002
          11           1   7.6280280404882649E-013
          11           2  -6.2779933806204099E-014
          11           3  -1.8948374212191442E-011
          11           4  -1.3461287753787028E-011
          11           5   1.5509893843610620E-010
          11           6  -7.1315153515022120E-011
          11           7  -6.1911542722222554E-011
          11           8  -1.6290080985399336E-012
          11           9   4.1426121025237760E-010
          11          10  -3.9601904850652856E-010
          11          11   1.6210081308884587     
          11          12   2.0158160493407239E-004
          11          13  -9.6329535365033967E-006
          11          14  0.48969033407592893     
          11          15   1.4938663425400362E-005
          11          16  -7.1387182113563053E-007
          11          17 -0.58807482870402916     
          11          18  -4.5236427328547999E-004
          11          19   2.1617077112345839E-005
          11          20 -0.49756836433885521     
          11          21  -2.8825834327213023E-004
          11          22   1.3774968702742350E-005
          11          23  0.17927325643692404     
          11          24   9.0983870856226360E-004
          11          25  -4.3478364437460901E-005
          11          26  0.25234982347217161     
          11          27   8.0992565884848301E-004
          11          28  -3.8703812651614579E-005
          11          29  -2.1642365851092246E-002
          11          30  -9.4882758124520503E-004
          11          31   4.5341604769624962E-005
          11          32  -5.5689283446493119E-002
          11          33  -1.6911709212484704E-003
          11          34   8.0815521707316377E-005
          11          35  -3.8379785186364965E-002
          11          36  -1.2928716987717541E-003
          11          37   6.1782611537722397E-005
          11          38  -5.7615700765978808E-012
          11          39   6.4142021607564865E-012
          11          40  -2.1631677149231686E-011
          11          41   5.4642107947193653E-012
          11          42   1.7045691733514858E-012
          11          43  -4.2137661138131856E-011
          11          44   1.1453521465058415E-012
          11          45  -1.3724723981700264E-012
          11          46   9.2790069247319001E-012
          11          47  -4.5341002411024119E-012
          11          48   1.0292158946432336E-011
          11          49   1.0454659978185183E-011
          11          50  -5.0318987841520212E-011
          11          51  -8.4825569504599193E-012
          11          52  -1.5734998030705574E-011
          11          53   8.9711451492110371E-013
          11          54  -2.3317477490661914E-011
          11          55   1.8498488882028433E-011
          11          56  -4.5309484202737712E-012
          11          57  -1.0513311641040729E-011
          11          58  -3.9161188549949206E-011
          11          59  -2.8926796422066412E-011
          11          60   1.4988130071626617E-011
          11          61  -1.4719355863974380E-011
          12           1   1.2758299995710554E-013
          12           2   3.0020562694395985E-013
          12           3   5.2908843514884504E-012
          12           4  -1.2572105828100872E-011
          12           5  -1.2714203036955677E-011
          12           6   3.2960718069997275E-012
          12           7   2.3343324400154088E-011
          12           8   7.5010060637240370E-012
          12           9   2.8182169879199867E-011
          12          10  -2.0069765110259045E-011
          12          11   2.0158160493407239E-004
          12          12   1.6178044919946157     
          12          13   1.5369559670231909E-004
          12          14   1.4938656303995726E-005
          12          15  0.48945292121078532     
          12          16   1.1389957683514589E-005
          12          17  -4.5236425814800468E-004
          12          18 -0.58088562234476615     
          12          19  -3.4490446492392557E-004
          12          20  -2.8825836339630643E-004
          12          21 -0.49298721414103774     
          12          22  -2.1978215417905685E-004
          12          23   9.0983874695686794E-004
          12          24  0.16481362986658132     
          12          25   6.9370522308035017E-004
          12          26   8.0992561645298953E-004
          12          27  0.23947806943789346     
          12          28   6.1752648852002583E-004
          12          29  -9.4882756546517985E-004
          12          30  -6.5631091256920229E-003
          12          31  -7.2343213174203404E-004
          12          32  -1.6911709037539539E-003
          12          33  -2.8812328200099786E-002
          12          34  -1.2894304195438743E-003
          12          35  -1.2928718335810580E-003
          12          36  -1.7832799816276758E-002
          12          37  -9.8574848175382807E-004
          12          38  -5.8213651012357047E-012
          12          39   6.0400680571889522E-012
          12          40   4.0329260607638844E-012
          12          41  -1.3368283516875237E-011
          12          42   4.4482920484397474E-011
          12          43   1.6358288278876825E-011
          12          44  -8.1121309470585351E-012
          12          45  -1.0002942408732244E-012
          12          46   4.8943559405701267E-012
          12          47   2.0587057693677282E-012
          12          48   8.5375970043212297E-012
          12          49  -5.9578905065949132E-012
          12          50   1.4476166710881085E-011
          12          51  -6.1249577025198810E-012
          12          52  -3.0832041707342098E-011
          12          53   3.3689547747735239E-011
          12          54  -6.4973750425409764E-011
          12          55  -1.8938886196221001E-011
          12          56   1.3933775900524758E-011
          12          57   1.7996402281164910E-011
          12          58  -3.7300422296422610E-012
          12          59   2.2503717411022906E-011
          12          60  -8.1552193844237372E-011
          12          61  -2.3604606168413764E-011
          13           1   1.3564889915558845E-013
          13           2   1.3205233507660420E-012
          13           3   2.5537867313541966E-012
          13           4   5.5120705100364169E-012
          13           5  -5.3880543205008297E-011
          13           6   5.5606054031310937E-012
          13           7   3.0675522353953865E-011
          13           8   2.8809538177712872E-011
          13           9  -2.3527878529323160E-011
          13          10   4.7610250085807807E-011
          13          11  -9.6329535365033967E-006
          13          12   1.5369559670231909E-004
          13          13   1.6210134204669577     
          13          14  -7.1387214177735063E-007
          13          15   1.1389956756234919E-005
          13          16  0.48969072607182040     
          13          17   2.1617072407574870E-005
          13          18  -3.4490447316566593E-004
          13          19 -0.58808669891171950     
          13          20   1.3774974609849782E-005
          13          21  -2.1978214960421692E-004
          13          22 -0.49757592836185427     
          13          23  -4.3478375926186454E-005
          13          24   6.9370522092816701E-004
          13          25  0.17929713095812153     
          13          26  -3.8703778433626544E-005
          13          27   6.1752648194950317E-004
          13          28  0.25237107628537703     
          13          29   4.5341536045186061E-005
          13          30  -7.2343212387082135E-004
          13          31  -2.1667263440712195E-002
          13          32   8.0815716508945198E-005
          13          33  -1.2894303966292553E-003
          13          34  -5.5733660578953487E-002
          13          35   6.1782157514143898E-005
          13          36  -9.8574855174697390E-004
          13          37  -3.8413710775733606E-002
          13          38   1.6975663238251251E-011
          13          39   7.1397425739110360E-013
          13          40   7.1346274149468624E-013
          13          41   2.0266797574639199E-013
          13          42  -4.3721931742213181E-012
          13          43   1.6738019498361190E-011
          13          44   6.4871248353054881E-012
          13          45   1.6618112446037155E-012
          13          46   3.2701226722808305E-012
          13          47   2.3820189607728055E-012
          13          48   2.0532584270331033E-012
          13          49  -1.5442157954651147E-011
          13          50  -2.1900603250629679E-011
          13          51  -1.0748674669232851E-011
          13          52  -1.3258302784628435E-011
