           1           1  0.33033010994310030     
           1           2  0.62114959924594049     
           1           3 -0.12773384717411829     
           1           4 -0.17845707838366373     
           1           5   3.8166378844242621E-002
           1           6   5.3260984922509871E-002
           1           7  -3.3049131772839775E-003
           1           8  -4.3584116447483445E-003
           1           9   3.3416206734907611E-009
           1          10   5.7479765275860751E-009
           1          11   4.5050695190039438E-009
           1          12   2.9372817123372128E-008
           1          13   4.9300404515526646E-008
           1          14   3.8430968080718764E-008
           1          15   3.0681837607592284E-009
           1          16   5.3088202500682370E-009
           1          17   4.1116601248881837E-009
           1          18   1.0461831326405683E-010
           1          19   5.5769817104419699E-010
           1          20   5.4180932672123320E-010
           1          21  -5.8544964474634240E-011
           1          22  -2.7958641105476674E-010
           1          23  -2.6450458591938361E-010
           1          24  -4.9498258397613190E-011
           1          25  -1.0079755327301972E-010
           1          26  -5.2319272299495882E-011
           1          27   1.2401671568008022E-011
           1          28   3.5658690315216950E-011
           1          29   3.2619103742790928E-011
           1          30   7.6482393782334327E-004
           1          31  -4.5424062088653087E-010
           1          32   7.6482220134444531E-004
           1          33   1.2149235962066769E-010
           1          34  -5.4881786223181234E-010
           1          35   7.6482385995269909E-004
           2           1  0.62114959924594049     
           2           2   1.2020282804688467     
           2           3 -0.39058413279054693     
           2           4 -0.50355261209004332     
           2           5  0.10804826148081567     
           2           6  0.16023028155672878     
           2           7  -9.6000093335339206E-003
           2           8  -1.2945324714126702E-002
           2           9   7.3208958112100267E-009
           2          10   1.2566009649898892E-008
           2          11   9.7592187875980680E-009
           2          12   6.4341654738361608E-008
           2          13   1.0770447735283829E-007
           2          14   8.3110189539655787E-008
           2          15   7.5179495486074492E-009
           2          16   1.3158740204542805E-008
           2          17   1.0141004092514187E-008
           2          18   3.7927653371042577E-010
           2          19   1.7355155429999926E-009
           2          20   1.6840100095552766E-009
           2          21  -1.4904009747001024E-010
           2          22  -7.7814753593985525E-010
           2          23  -7.3351757102719888E-010
           2          24  -1.4329917674873551E-010
           2          25  -3.0949403412724615E-010
           2          26  -1.6304211632343092E-010
           2          27   3.9689511847367558E-011
           2          28   1.0422883426967834E-010
           2          29   9.6582167108333449E-011
           2          30   5.0862286116432872E-003
           2          31  -1.3610682941394411E-009
           2          32   5.0862234006401712E-003
           2          33   3.6490246804700056E-010
           2          34  -1.6479554138944629E-009
           2          35   5.0862283738510837E-003
           3           1 -0.12773384717411829     
           3           2 -0.39058413279054693     
           3           3  0.71873750828467142     
           3           4  0.83111378172192607     
           3           5 -0.23115826255364716     
           3           6 -0.34514494932520889     
           3           7   2.4671823336131490E-002
           3           8   3.1045822944280162E-002
           3           9  -1.5661908369378093E-008
           3          10  -2.6141218134688961E-008
           3          11  -2.0591323593847473E-008
           3          12  -1.4411847232166930E-007
           3          13  -2.3798318051845882E-007
           3          14  -1.8713418816981992E-007
           3          15  -1.7251556635763404E-008
           3          16  -3.0600021898812117E-008
           3          17  -2.3930415925269228E-008
           3          18  -2.4820236520623011E-009
           3          19  -6.9591775616219778E-009
           3          20  -5.8859135260160424E-009
           3          21  -8.5416340492301435E-010
           3          22  -8.3231121180129581E-010
           3          23  -3.0368856592635221E-010
           3          24   2.5864358267540694E-010
           3          25   6.3219763543147443E-010
           3          26   3.1889529111459249E-010
           3          27  -7.9352470906103834E-011
           3          28  -1.9420548719990653E-010
           3          29  -2.0046014356411498E-010
           3          30  -1.5988588054345332E-002
           3          31   3.0212709897983312E-009
           3          32  -1.5988576487678118E-002
           3          33  -8.0934617252841692E-010
           3          34   3.6608394962562655E-009
           3          35  -1.5988587526874438E-002
           4           1 -0.17845707838366373     
           4           2 -0.50355261209004332     
           4           3  0.83111378172192607     
           4           4   1.0101502691583510     
           4           5 -0.44078000980617316     
           4           6 -0.57587139571261381     
           4           7   4.0781870927403721E-002
           4           8   5.2306427890533538E-002
           4           9  -1.3214702856984258E-008
           4          10  -2.2586259101281190E-008
           4          11  -1.7756242976605772E-008
           4          12  -1.2045659996214756E-007
           4          13  -2.0307214809504571E-007
           4          14  -1.5920723955890542E-007
           4          15  -1.5654906814732673E-008
           4          16  -2.8921322390594889E-008
           4          17  -2.2958521510045591E-008
           4          18   1.1509984273388993E-009
           4          19  -3.3464727457136042E-010
           4          20  -1.3276370867529532E-009
           4          21   2.6443953965655935E-009
           4          22   6.6206817839301022E-009
           4          23   5.4514929648615424E-009
           4          24   5.3884235970058920E-010
           4          25   1.3551096595424691E-009
           4          26   7.5822440417595716E-010
           4          27  -1.5709378991552578E-010
           4          28  -3.9711549047029673E-010
           4          29  -3.9292845475354423E-010
           4          30  -1.6956324118277976E-002
           4          31   5.0114854566552216E-009
           4          32  -1.6956304891499872E-002
           4          33  -1.3468213167610058E-009
           4          34   6.0942605374890498E-009
           4          35  -1.6956323222162433E-002
           5           1   3.8166378844242621E-002
           5           2  0.10804826148081567     
           5           3 -0.23115826255364716     
           5           4 -0.44078000980617316     
           5           5  0.73188979668550158     
           5           6  0.78840094623987933     
           5           7  -7.8020445664241683E-002
           5           8  -8.8323956823655361E-002
           5           9   2.0766369792765754E-008
           5          10   3.3898463550410819E-008
           5          11   2.8338777629784413E-008
           5          12   1.9501598116635586E-007
           5          13   3.1721955544898337E-007
           5          14   2.6516168139014209E-007
           5          15   2.6811895478847298E-008
           5          16   5.1119257534087766E-008
           5          17   4.2579475026632711E-008
           5          18   1.1565205872405542E-008
           5          19   2.7015275816488604E-008
           5          20   2.2941269403627309E-008
           5          21   3.9665454085279251E-009
           5          22   7.2206020109579878E-009
           5          23   5.8121518342179438E-009
           5          24  -2.7001253745765540E-010
           5          25  -1.0352662040036397E-009
           5          26  -3.1315340797402074E-010
           5          27   3.9950965493414919E-011
           5          28   2.4505243334019085E-010
           5          29   3.5120547175363433E-010
           5          30  -5.0659529604321499E-004
           5          31  -7.3756052673938034E-009
           5          32  -5.0662348327944282E-004
           5          33   1.9675583013542837E-009
           5          34  -8.9369360741443577E-009
           5          35  -5.0659655198471640E-004
           6           1   5.3260984922509871E-002
           6           2  0.16023028155672878     
           6           3 -0.34514494932520889     
           6           4 -0.57587139571261381     
           6           5  0.78840094623987933     
           6           6  0.88675301335606127     
           6           7 -0.18247679747880258     
           6           8 -0.16240034456647237     
           6           9   3.7121450540303088E-009
           6          10   5.6415470274492902E-009
           6          11   5.2863203018458764E-009
           6          12   3.4181926303890504E-008
           6          13   5.0749272812184471E-008
           6          14   4.7853928252331899E-008
           6          15   4.1289079659140878E-009
           6          16   9.7709417328064015E-009
           6          17   7.7905082781224696E-009
           6          18  -1.1219660590222368E-008
           6          19  -1.8704882985190248E-008
           6          20  -1.6352736015788412E-008
           6          21  -1.0954159674458715E-008
           6          22  -2.3057263309482364E-008
           6          23  -2.0244737965637650E-008
           6          24  -1.0730695344952476E-009
           6          25  -2.8941353448675270E-009
           6          26  -1.3970202032630162E-009
           6          27   1.4911592194783733E-010
           6          28   6.5638298849176731E-010
           6          29   8.5919871639441760E-010
           6          30  -8.7819548518201958E-004
           6          31  -1.0140449028962352E-008
           6          32  -8.7823359141059581E-004
           6          33   2.6251699001615690E-009
           6          34  -1.2013734278073568E-008
           6          35  -8.7819685697340189E-004
           7           1  -3.3049131772839775E-003
           7           2  -9.6000093335339206E-003
           7           3   2.4671823336131490E-002
           7           4   4.0781870927403721E-002
           7           5  -7.8020445664241683E-002
           7           6 -0.18247679747880258     
           7           7  0.42893360710826811     
           7           8  0.29478944012349445     
           7           9  -5.4484724579364881E-009
           7          10  -8.8266015642025850E-009
           7          11  -6.8633606420123436E-009
           7          12  -5.1580065478432055E-008
           7          13  -8.3336525240223280E-008
           7          14  -6.4762302187564506E-008
           7          15  -4.0749330138821167E-009
           7          16  -8.9992579346443700E-009
           7          17  -7.2319285061516117E-009
           7          18  -7.5403320460745197E-010
           7          19  -6.6404678840820461E-009
           7          20  -5.8325949387512212E-009
           7          21  -1.1400645838111114E-009
           7          22  -4.5450255966989226E-009
           7          23  -3.7912630981822675E-009
           7          24   2.7214850018025974E-010
           7          25   1.1579470924917300E-009
           7          26  -1.0226044541478653E-009
           7          27   4.5254889291830904E-010
           7          28   2.2419374440963583E-010
           7          29  -4.4067801110565086E-010
           7          30   1.1895310093220852E-002
           7          31   1.0544969534694324E-008
           7          32   1.1895347325621466E-002
           7          33  -2.4386817306776439E-009
           7          34   1.1492902215709804E-008
           7          35   1.1895310207401597E-002
           8           1  -4.3584116447483445E-003
           8           2  -1.2945324714126702E-002
           8           3   3.1045822944280162E-002
           8           4   5.2306427890533538E-002
           8           5  -8.8323956823655361E-002
           8           6 -0.16240034456647237     
           8           7  0.29478944012349445     
           8           8  0.20429104673341161     
           8           9   9.4620188623110556E-009
           8          10   1.6422147654040980E-008
           8          11   1.2870610940714798E-008
           8          12   8.9389480839449860E-008
           8          13   1.5530547606308533E-007
           8          14   1.2167471483663046E-007
           8          15   8.1474608031655521E-009
           8          16   1.2726216989732317E-008
           8          17   1.0596846136510463E-008
           8          18   2.8437094664520530E-009
           8          19   2.0343919604097142E-009
           8          20   2.8099607949280585E-009
           8          21   1.9617174844144368E-009
           8          22   2.2821384858534576E-009
           8          23   2.7043084422258837E-009
           8          24   3.0072574435553890E-010
           8          25   1.0286257944350058E-009
           8          26  -4.7850051924028568E-010
           8          27   2.8163929206098984E-010
           8          28   9.2358440104018591E-011
           8          29  -3.6900669182916133E-010
           8          30   8.0147541295455330E-003
           8          31   7.5026661394274420E-009
           8          32   8.0147807255183095E-003
           8          33  -1.7479077033460824E-009
           8          34   8.2211276733083249E-009
           8          35   8.0147542685440158E-003
           9           1   3.3416206734907611E-009
           9           2   7.3208958112100267E-009
           9           3  -1.5661908369378093E-008
           9           4  -1.3214702856984258E-008
           9           5   2.0766369792765754E-008
           9           6   3.7121450540303088E-009
           9           7  -5.4484724579364881E-009
           9           8   9.4620188623110556E-009
           9           9   2.0753100641477805E-002
           9          10  -2.3184584157045519E-010
           9          11  -2.3532054846143128E-010
           9          12  0.19791656868628643     
           9          13   3.2743099269059498E-010
           9          14  -2.3629278652027235E-009
           9          15  -1.2676345029576670E-003
           9          16   6.1110509855614836E-009
           9          17   2.1790484638034240E-009
           9          18  -3.3996991266660101E-002
           9          19  -1.8969880217429621E-008
           9          20   5.5598782695890604E-009
           9          21  -2.0668428043786324E-002
           9          22   9.6799793545376156E-009
           9          23  -6.2776482469437616E-009
           9          24  -1.3891668387585642E-003
           9          25   6.8142205070791505E-009
           9          26  -2.8533715999060585E-009
           9          27   3.9689426415552012E-004
           9          28  -3.0622279365350885E-009
           9          29   8.5719394254076775E-009
           9          30  -4.9953991331478859E-009
           9          31   2.0605724251905299E-009
           9          32  -1.3775733082128165E-008
           9          33   1.2733278463858294E-009
           9          34  -6.7035433805935827E-009
           9          35  -1.5756290234791384E-008
          10           1   5.7479765275860751E-009
          10           2   1.2566009649898892E-008
          10           3  -2.6141218134688961E-008
          10           4  -2.2586259101281190E-008
          10           5   3.3898463550410819E-008
          10           6   5.6415470274492902E-009
          10           7  -8.8266015642025850E-009
          10           8   1.6422147654040980E-008
          10           9  -2.3184584157045519E-010
          10          10   2.0753099992744536E-002
          10          11  -6.3445455727751809E-010
          10          12   2.2357986837758524E-009
          10          13  0.19791656422831583     
          10          14  -6.0268461670923082E-009
          10          15  -7.6171060895358133E-009
          10          16  -1.2676187561234641E-003
          10          17   4.9453324098545458E-009
          10          18   4.3085912355318462E-009
          10          19  -3.3997021371746143E-002
          10          20   1.0197854261556083E-008
          10          21  -4.2299913320359418E-009
          10          22  -2.0668411770459888E-002
          10          23  -1.0914269384958893E-008
          10          24  -3.6643234359826878E-009
          10          25  -1.3891548989179267E-003
          10          26  -4.9689318054219649E-009
          10          27  -6.6747601107792528E-010
          10          28   3.9689019418936468E-004
          10          29   1.3956396116535441E-008
          10          30  -8.5585342612831128E-009
          10          31   3.7520994143116206E-009
          10          32  -2.2439353391661308E-008
          10          33   1.9682399630280949E-009
          10          34  -1.1459751218103465E-008
          10          35  -2.5531392296728103E-008
          11           1   4.5050695190039438E-009
          11           2   9.7592187875980680E-009
          11           3  -2.0591323593847473E-008
          11           4  -1.7756242976605772E-008
          11           5   2.8338777629784413E-008
          11           6   5.2863203018458764E-009
          11           7  -6.8633606420123436E-009
          11           8   1.2870610940714798E-008
          11           9  -2.3532054846143128E-010
          11          10  -6.3445455727751809E-010
          11          11   2.0753100168665821E-002
          11          12   1.3807659590867010E-009
          11          13  -2.4831774930545905E-009
          11          14  0.19791656099034310     
          11          15  -6.4414406715448350E-009
          11          16   6.9926126022319193E-009
          11          17  -1.2676261103682228E-003
          11          18   1.7082326821551669E-009
          11          19  -2.4099861078991493E-008
          11          20  -3.3996986223818915E-002
          11          21  -2.4778715623426340E-009
          11          22   1.2190578257359472E-008
          11          23  -2.0668433614009569E-002
          11          24  -2.0776219104445336E-009
          11          25   8.4233937934952305E-009
          11          26  -1.3891682321225396E-003
          11          27  -8.2175817178835268E-010
          11          28  -3.5713703719520408E-009
          11          29   3.9690556183293523E-004
          11          30  -7.8038548605807145E-009
          11          31   3.0050400066346662E-009
          11          32  -1.8851037813115412E-008
          11          33   1.8992752393400773E-009
          11          34  -8.9445318519786678E-009
          11          35  -2.1049666090478616E-008
          12           1   2.9372817123372128E-008
          12           2   6.4341654738361608E-008
          12           3  -1.4411847232166930E-007
          12           4  -1.2045659996214756E-007
          12           5   1.9501598116635586E-007
          12           6   3.4181926303890504E-008
          12           7  -5.1580065478432055E-008
          12           8   8.9389480839449860E-008
          12           9  0.19791656868628643     
          12          10   2.2357986837758524E-009
          12          11   1.3807659590867010E-009
          12          12   1.8887176432931421     
          12          13   4.4980027764904813E-008
          12          14   1.1782155502952021E-008
          12          15  -2.4881777639121472E-002
          12          16   6.1422094367284950E-008
          12          17   2.3082817478166980E-008
          12          18 -0.35070521700657731     
          12          19  -1.7867097461949701E-007
          12          20   5.2246741775026926E-008
          12          21 -0.21375945368684052     
          12          22   9.1016179801193099E-008
          12          23  -5.9199474262028469E-008
          12          24  -1.4295416185323925E-002
          12          25   6.3975544923755422E-008
          12          26  -2.6992330223432244E-008
          12          27   4.0758997271025093E-003
          12          28  -2.8813096525381532E-008
          12          29   8.1163189778919806E-008
          12          30  -4.7563178047493459E-008
          12          31   1.8843975570487895E-008
          12          32  -1.3032945593540753E-007
          12          33   1.1454114736473599E-008
          12          34  -6.3452364802844180E-008
          12          35  -1.4902469551690144E-007
          13           1   4.9300404515526646E-008
          13           2   1.0770447735283829E-007
          13           3  -2.3798318051845882E-007
          13           4  -2.0307214809504571E-007
          13           5   3.1721955544898337E-007
          13           6   5.0749272812184471E-008
          13           7  -8.3336525240223280E-008
          13           8   1.5530547606308533E-007
          13           9   3.2743099269059498E-010
          13          10  0.19791656422831583     
          13          11  -2.4831774930545905E-009
          13          12   4.4980027764904813E-008
          13          13   1.8887176168815218     
          13          14  -2.3757219729649245E-008
          13          15  -6.9842891359232153E-008
          13          16  -2.4881625635745561E-002
          13          17   4.9790364452938006E-008
          13          18   4.1576939328920998E-008
          13          19 -0.35070549805916418     
          13          20   9.7427376423389025E-008
          13          21  -4.0578363814973373E-008
          13          22 -0.21375930196727283     
          13          23  -1.0383624551156664E-007
          13          24  -3.5066352134235423E-008
          13          25  -1.4295304802938294E-002
          13          26  -4.7432247720833403E-008
          13          27  -6.2055133602968955E-009
          13          28   4.0758616609455796E-003
          13          29   1.3214707910857540E-007
          13          30  -8.0700466469014608E-008
          13          31   3.5224932386640197E-008
          13          32  -2.1326198898780072E-007
          13          33   1.8601856897119233E-008
          13          34  -1.0907577131972771E-007
          13          35  -2.4132148088540170E-007
          14           1   3.8430968080718764E-008
          14           2   8.3110189539655787E-008
          14           3  -1.8713418816981992E-007
          14           4  -1.5920723955890542E-007
          14           5   2.6516168139014209E-007
          14           6   4.7853928252331899E-008
          14           7  -6.4762302187564506E-008
          14           8   1.2167471483663046E-007
          14           9  -2.3629278652027235E-009
          14          10  -6.0268461670923082E-009
          14          11  0.19791656099034310     
          14          12   1.1782155502952021E-008
          14          13  -2.3757219729649245E-008
          14          14   1.8887175399769403     
          14          15  -6.1148139887478030E-008
          14          16   6.6636612214270006E-008
          14          17  -2.4881700454149037E-002
          14          18   1.5900699291139320E-008
          14          19  -2.2697063849225932E-007
          14          20 -0.35070516907445798     
          14          21  -2.3302208618442895E-008
          14          22   1.1476719581975907E-007
          14          23 -0.21375950637419960     
          14          24  -1.9573030149995349E-008
          14          25   7.9248789104415352E-008
          14          26  -1.4295429326083738E-002
          14          27  -7.7864618291116913E-009
          14          28  -3.3621491684509825E-008
          14          29   4.0760066688863318E-003
          14          30  -7.3542901106199175E-008
          14          31   2.8444549540662966E-008
          14          32  -1.7824928083723337E-007
          14          33   1.7799724091728035E-008
          14          34  -8.5395668098248046E-008
          14          35  -1.9997285521510049E-007
          15           1   3.0681837607592284E-009
          15           2   7.5179495486074492E-009
          15           3  -1.7251556635763404E-008
          15           4  -1.5654906814732673E-008
          15           5   2.6811895478847298E-008
          15           6   4.1289079659140878E-009
          15           7  -4.0749330138821167E-009
          15           8   8.1474608031655521E-009
          15           9  -1.2676345029576670E-003
          15          10  -7.6171060895358133E-009
          15          11  -6.4414406715448350E-009
          15          12  -2.4881777639121472E-002
          15          13  -6.9842891359232153E-008
          15          14  -6.1148139887478030E-008
          15          15  0.13182383638680639     
          15          16  -6.9494400390754062E-009
          15          17  -1.6295385435938192E-009
          15          18  0.27483854321992446     
          15          19  -2.6236133300683558E-008
          15          20   6.9576446903749936E-009
          15          21  0.17273717679646344     
          15          22   1.1348887291761682E-008
          15          23  -5.9121866251759692E-009
          15          24   1.0868983776579969E-002
          15          25   9.7077499202069037E-009
          15          26  -2.1815007702431360E-009
          15          27  -3.0190677404536327E-003
          15          28  -3.7424949887920207E-009
          15          29   5.5553943877840544E-009
          15          30  -1.2749199130223176E-009
          15          31   8.1946186523708750E-009
          15          32  -1.0734762496058050E-008
          15          33   7.0261967381684331E-009
          15          34  -4.5177822304722381E-009
          15          35  -1.2602543660602501E-008
          16           1   5.3088202500682370E-009
          16           2   1.3158740204542805E-008
          16           3  -3.0600021898812117E-008
          16           4  -2.8921322390594889E-008
          16           5   5.1119257534087766E-008
          16           6   9.7709417328064015E-009
          16           7  -8.9992579346443700E-009
          16           8   1.2726216989732317E-008
          16           9   6.1110509855614836E-009
          16          10  -1.2676187561234641E-003
          16          11   6.9926126022319193E-009
          16          12   6.1422094367284950E-008
          16          13  -2.4881625635745561E-002
          16          14   6.6636612214270006E-008
          16          15  -6.9494400390754062E-009
          16          16  0.13182383548523702     
          16          17   2.6274579161636097E-009
          16          18  -9.6354690962633792E-009
          16          19  0.27483847120516380     
          16          20  -6.3386606969687180E-009
          16          21   1.0146431178337591E-009
          16          22  0.17273720538138404     
          16          23  -2.9736147295332507E-009
          16          24   1.1880401649749350E-009
          16          25   1.0869007990117488E-002
          16          26   4.6881373249719357E-010
          16          27  -1.5175953899010237E-009
          16          28  -3.0190750112261914E-003
          16          29   9.0649718682636323E-009
          16          30  -1.0803453158595449E-008
          16          31   5.5228818425141400E-009
          16          32  -8.0740700556036838E-009
          16          33   1.6203260541815143E-009
          16          34  -1.5037890795728529E-009
          16          35  -2.2608349611032540E-008
          17           1   4.1116601248881837E-009
          17           2   1.0141004092514187E-008
          17           3  -2.3930415925269228E-008
          17           4  -2.2958521510045591E-008
          17           5   4.2579475026632711E-008
          17           6   7.7905082781224696E-009
          17           7  -7.2319285061516117E-009
          17           8   1.0596846136510463E-008
          17           9   2.1790484638034240E-009
          17          10   4.9453324098545458E-009
          17          11  -1.2676261103682228E-003
          17          12   2.3082817478166980E-008
          17          13   4.9790364452938006E-008
          17          14  -2.4881700454149037E-002
          17          15  -1.6295385435938192E-009
          17          16   2.6274579161636097E-009
          17          17  0.13182384820156706     
          17          18   4.3372243747991119E-009
          17          19  -3.0583931616440098E-008
          17          20  0.27483854621324516     
          17          21  -2.9341663079339699E-009
          17          22   1.3173026589685882E-008
          17          23  0.17273717286330242     
          17          24  -2.3348225685589286E-009
          17          25   1.0503001747030302E-008
          17          26   1.0868982456321976E-002
          17          27  -4.7464889369585820E-010
          17          28  -4.2555934626832956E-009
          17          29  -3.0190602096131095E-003
          17          30  -1.0117291138382473E-008
          17          31   2.0205942996364947E-009
          17          32  -1.6127075274948457E-008
          17          33   3.1131311295086798E-009
          17          34   1.5077695979991654E-009
          17          35  -8.2070903245410386E-009
          18           1   1.0461831326405683E-010
          18           2   3.7927653371042577E-010
          18           3  -2.4820236520623011E-009
          18           4   1.1509984273388993E-009
          18           5   1.1565205872405542E-008
          18           6  -1.1219660590222368E-008
          18           7  -7.5403320460745197E-010
          18           8   2.8437094664520530E-009
          18           9  -3.3996991266660101E-002
          18          10   4.3085912355318462E-009
          18          11   1.7082326821551669E-009
          18          12 -0.35070521700657731     
          18          13   4.1576939328920998E-008
          18          14   1.5900699291139320E-008
          18          15  0.27483854321992446     
          18          16  -9.6354690962633792E-009
          18          17   4.3372243747991119E-009
          18          18  0.62041962744666135     
          18          19  -2.6487175487814841E-008
          18          20   6.5845826984314026E-009
          18          21  0.38886847707313876     
          18          22   8.7741274177364106E-009
          18          23  -1.8484232389601699E-009
          18          24   2.4582423311048186E-002
          18          25   9.6451635402651907E-009
          18          26  -2.0112821961189289E-010
          18          27  -6.8470485122538553E-003
          18          28  -3.0679781815433922E-009
          18          29  -1.4543088812174050E-009
          18          30   4.7351946341714183E-009
          18          31   1.3919874767436174E-008
          18          32  -1.5973865672211016E-009
          18          33   1.2673585889300803E-008
          18          34   7.8523608076538948E-010
          18          35  -2.4790385968628556E-009
          19           1   5.5769817104419699E-010
          19           2   1.7355155429999926E-009
          19           3  -6.9591775616219778E-009
          19           4  -3.3464727457136042E-010
          19           5   2.7015275816488604E-008
          19           6  -1.8704882985190248E-008
          19           7  -6.6404678840820461E-009
          19           8   2.0343919604097142E-009
          19           9  -1.8969880217429621E-008
          19          10  -3.3997021371746143E-002
          19          11  -2.4099861078991493E-008
          19          12  -1.7867097461949701E-007
          19          13 -0.35070549805916418     
          19          14  -2.2697063849225932E-007
          19          15  -2.6236133300683558E-008
          19          16  0.27483847120516380     
          19          17  -3.0583931616440098E-008
          19          18  -2.6487175487814841E-008
          19          19  0.62041952425502367     
          19          20  -2.7861488935233737E-008
          19          21   7.1785395129761541E-009
          19          22  0.38886850881709417     
          19          23   9.1904905419253904E-009
          19          24   7.9965171200754951E-009
          19          25   2.4582455229015393E-002
          19          26   8.5122086473974779E-009
          19          27  -2.1495610704151204E-009
          19          28  -6.8470574046972195E-003
          19          29  -2.3571330429094527E-009
          19          30  -9.7895913427099430E-009
          19          31   5.7934958223109663E-009
          19          32   1.6958132981770767E-008
          19          33   3.8026673645902553E-010
          19          34   1.4267510038916035E-008
          19          35  -8.5713790555145538E-009
          20           1   5.4180932672123320E-010
          20           2   1.6840100095552766E-009
          20           3  -5.8859135260160424E-009
          20           4  -1.3276370867529532E-009
          20           5   2.2941269403627309E-008
          20           6  -1.6352736015788412E-008
          20           7  -5.8325949387512212E-009
          20           8   2.8099607949280585E-009
          20           9   5.5598782695890604E-009
          20          10   1.0197854261556083E-008
          20          11  -3.3996986223818915E-002
          20          12   5.2246741775026926E-008
          20          13   9.7427376423389025E-008
          20          14 -0.35070516907445798     
          20          15   6.9576446903749936E-009
          20          16  -6.3386606969687180E-009
          20          17  0.27483854621324516     
          20          18   6.5845826984314026E-009
          20          19  -2.7861488935233737E-008
          20          20  0.62041962757278413     
          20          21  -2.1426395483325712E-009
          20          22   7.9457579196190592E-009
          20          23  0.38886847788288714     
          20          24  -1.6733671506237172E-009
          20          25   8.8980606860154902E-009
          20          26   2.4582422772173963E-002
          20          27   2.5090310154574413E-010
          20          28  -3.3868473668710113E-009
          20          29  -6.8470500378598181E-003
          20          30  -9.4172578105245898E-009
          20          31  -3.6533875788090266E-010
          20          32  -5.1496188525751107E-009
          20          33   3.5988909719398925E-009
          20          34   1.6712877197044132E-008
          20          35   1.4651832580387856E-008
          21           1  -5.8544964474634240E-011
          21           2  -1.4904009747001024E-010
          21           3  -8.5416340492301435E-010
          21           4   2.6443953965655935E-009
          21           5   3.9665454085279251E-009
          21           6  -1.0954159674458715E-008
          21           7  -1.1400645838111114E-009
          21           8   1.9617174844144368E-009
          21           9  -2.0668428043786324E-002
          21          10  -4.2299913320359418E-009
          21          11  -2.4778715623426340E-009
          21          12 -0.21375945368684052     
          21          13  -4.0578363814973373E-008
          21          14  -2.3302208618442895E-008
          21          15  0.17273717679646344     
          21          16   1.0146431178337591E-009
          21          17  -2.9341663079339699E-009
          21          18  0.38886847707313876     
          21          19   7.1785395129761541E-009
          21          20  -2.1426395483325712E-009
          21          21  0.24376821129186510     
          21          22   2.1382863726133545E-008
          21          23  -5.6407250599331395E-009
          21          24   1.5425183635110340E-002
          21          25   7.6947725669925859E-009
          21          26  -5.6172675926062060E-010
          21          27  -4.2941535212611178E-003
          21          28  -2.3871048292466370E-009
          21          29  -5.3754467711584180E-010
          21          30   2.7761583768582976E-009
          21          31   8.7578584973467993E-009
          21          32  -1.4817876617683350E-009
          21          33   7.9635468186160046E-009
          21          34   2.6390997734034414E-010
          21          35  -2.0948479220423382E-009
          22           1  -2.7958641105476674E-010
          22           2  -7.7814753593985525E-010
          22           3  -8.3231121180129581E-010
          22           4   6.6206817839301022E-009
          22           5   7.2206020109579878E-009
          22           6  -2.3057263309482364E-008
          22           7  -4.5450255966989226E-009
          22           8   2.2821384858534576E-009
          22           9   9.6799793545376156E-009
          22          10  -2.0668411770459888E-002
          22          11   1.2190578257359472E-008
          22          12   9.1016179801193099E-008
          22          13 -0.21375930196727283     
          22          14   1.1476719581975907E-007
          22          15   1.1348887291761682E-008
          22          16  0.17273720538138404     
          22          17   1.3173026589685882E-008
          22          18   8.7741274177364106E-009
          22          19  0.38886850881709417     
          22          20   7.9457579196190592E-009
          22          21   2.1382863726133545E-008
          22          22  0.24376829600341321     
          22          23   2.2562419366950050E-008
          22          24   6.2638219779067191E-009
          22          25   1.5425209620917132E-002
          22          26   6.5845207786409676E-009
          22          27  -1.7042896761627459E-009
          22          28  -4.2941606096948449E-003
          22          29  -1.3487445573754023E-009
          22          30  -6.4547172539514432E-009
          22          31   3.7401898149535544E-009
          22          32   9.7919370588225991E-009
          22          33   3.0428454739615466E-010
          22          34   8.5327004396060726E-009
          22          35  -6.2599220445783252E-009
          23           1  -2.6450458591938361E-010
          23           2  -7.3351757102719888E-010
          23           3  -3.0368856592635221E-010
          23           4   5.4514929648615424E-009
          23           5   5.8121518342179438E-009
          23           6  -2.0244737965637650E-008
          23           7  -3.7912630981822675E-009
          23           8   2.7043084422258837E-009
          23           9  -6.2776482469437616E-009
          23          10  -1.0914269384958893E-008
          23          11  -2.0668433614009569E-002
          23          12  -5.9199474262028469E-008
          23          13  -1.0383624551156664E-007
          23          14 -0.21375950637419960     
