           1           1  0.33295124740208459     
           1           2  0.63239221433580739     
           1           3 -0.17655379751490874     
           1           4 -0.17446303369651286     
           1           5  0.11404538950159143     
           1           6   3.7540563637720903E-002
           1           7   1.5275891147337123E-003
           1           8  -9.5196138688894002E-005
           1           9   1.2583580329885658E-015
           1          10   4.1452183856162928E-016
           1          11   1.3282888867664350E-015
           1          12   7.8033899269589846E-015
           1          13  -9.1250334748255687E-015
           1          14   6.0905329307482372E-015
           1          15  -7.7802630376896751E-015
           1          16   1.0838994053323333E-014
           1          17   3.1606320913119505E-015
           1          18  -3.5074672316376582E-015
           1          19  -8.8410964385004842E-016
           1          20   3.7947413814910800E-015
           1          21  -7.1199558317332589E-015
           1          22   1.3556004085050055E-014
           1          23   9.2374227515775392E-016
           1          24   1.9414201269010979E-015
           1          25  -6.8398779845057358E-015
           1          26   1.2536084563573026E-014
           1          27  -3.9733550904404822E-015
           1          28   1.3280000046779522E-014
           1          29  -1.5376906733165277E-015
           1          30  -1.2805117479994788E-002
           1          31  -6.2761572036186780E-004
           1          32  -1.3346716782443152E-002
           1          33   1.3445090635307575E-004
           1          34   7.6231252872699867E-005
           1          35  -1.3650143920276107E-002
           2           1  0.63239221433580739     
           2           2   1.2377039622307386     
           2           3 -0.53046418128844519     
           2           4 -0.48282279939598860     
           2           5  0.32281090793105816     
           2           6  0.11082554867614923     
           2           7   4.8614138304484940E-003
           2           8  -4.5024012739492759E-004
           2           9   3.3187619280439598E-015
           2          10  -3.7741437974431199E-016
           2          11   2.7638317950903603E-015
           2          12   2.4197918115484304E-014
           2          13  -2.6147242891286664E-014
           2          14   1.3623693523321960E-014
           2          15  -2.4240981252758045E-014
           2          16   3.1265719281960650E-014
           2          17   9.3879348764529905E-015
           2          18  -9.2601438509564267E-015
           2          19  -4.3525692355461077E-015
           2          20   1.6072037122950410E-014
           2          21  -1.9520426238390718E-014
           2          22   4.2973924033553996E-014
           2          23   1.4915831598260016E-016
           2          24   2.0191813507023469E-015
           2          25  -2.2968293257415635E-014
           2          26   3.4920763677804448E-014
           2          27  -9.4045799737030175E-015
           2          28   4.0771321824766409E-014
           2          29  -3.0946696102816387E-015
           2          30  -3.1661021699260612E-002
           2          31  -1.9099746963686486E-003
           2          32  -3.3310047810514026E-002
           2          33   4.0937245867883577E-004
           2          34   2.3234213050005761E-004
           2          35  -3.4233890674723121E-002
           3           1 -0.17655379751490874     
           3           2 -0.53046418128844519     
           3           3   1.2043655878657893     
           3           4  0.91825774338097232     
           3           5  -1.0161000882101450     
           3           6 -0.29125012829865549     
           3           7  -1.3160991020164469E-002
           3           8   1.2314439152304540E-003
           3           9  -6.9746989580292067E-015
           3          10   8.9099152237980492E-015
           3          11  -7.6499059723809968E-016
           3          12  -6.8799181173697550E-014
           3          13   7.7256666053822829E-014
           3          14  -1.7476882687163215E-015
           3          15   8.5220555313558158E-014
           3          16  -9.5259445792736517E-014
           3          17  -3.9438117697652345E-014
           3          18   1.4075037097436662E-014
           3          19   1.7100469129860460E-014
           3          20  -5.4267986264939000E-014
           3          21   3.4780506527011643E-014
           3          22  -1.1974825807473784E-013
           3          23   2.8897309717269589E-015
           3          24   6.3482384675079871E-015
           3          25   6.1690056141432413E-014
           3          26  -8.6095928444176925E-014
           3          27   2.0856532190322568E-014
           3          28  -1.0459284612411603E-013
           3          29   9.8660249813234112E-015
           3          30   9.0856387983292916E-002
           3          31   4.8919119201537862E-003
           3          32   9.5089680108559047E-002
           3          33  -1.0509803558794409E-003
           3          34  -5.9928745620044189E-004
           3          35   9.7461175603869049E-002
           4           1 -0.17446303369651286     
           4           2 -0.48282279939598860     
           4           3  0.91825774338097232     
           4           4  0.76208890088703440     
           4           5 -0.68432183823863457     
           4           6 -0.28856545143069373     
           4           7  -1.5527057737669553E-002
           4           8   2.5244685469833343E-003
           4           9  -4.6268545884660882E-015
           4          10   5.8753040427078123E-015
           4          11   1.6696545672272949E-016
           4          12  -4.4625855407515891E-014
           4          13   5.8793927448175989E-014
           4          14   2.0174409781932779E-015
           4          15   4.3926854680934213E-014
           4          16  -6.7219595380467949E-014
           4          17  -1.6416683928950995E-014
           4          18   3.1758281693440797E-014
           4          19   2.2187215304960772E-014
           4          20  -6.8033001307837062E-014
           4          21   5.3187611667442558E-014
           4          22  -1.2591504881760007E-013
           4          23   1.2560741729815616E-014
           4          24   9.5365704208771567E-015
           4          25   8.0566833391703253E-014
           4          26  -7.4989874741379154E-014
           4          27   1.3231944579077002E-014
           4          28  -1.2272018355285347E-013
           4          29  -7.2541482681265627E-015
           4          30   4.5543080319212531E-002
           4          31   6.1617758708442548E-003
           4          32   5.0879483002899149E-002
           4          33  -1.3248710767370488E-003
           4          34  -7.5667261693790561E-004
           4          35   5.3868879984832772E-002
           5           1  0.11404538950159143     
           5           2  0.32281090793105816     
           5           3  -1.0161000882101450     
           5           4 -0.68432183823863457     
           5           5   2.7535354689725926     
           5           6  0.64458677306798673     
           5           7   2.8417976242216553E-002
           5           8  -1.9075744673699288E-003
           5           9   1.0532059011367447E-014
           5          10  -1.8552216865466767E-014
           5          11  -1.0402031475147618E-014
           5          12   1.1139489303892574E-013
           5          13  -1.7054652438413084E-013
           5          14  -9.7720598264843961E-014
           5          15  -1.8889012379182685E-013
           5          16   2.3864984503715332E-013
           5          17   1.0438354888333665E-013
           5          18  -3.1785750902107623E-014
           5          19  -4.6393783819969274E-014
           5          20   1.0302333153444719E-013
           5          21  -5.6745964864153588E-014
           5          22   2.5043503470071509E-013
           5          23   9.9752026873577415E-015
           5          24  -3.5072280871086539E-015
           5          25  -1.2448221282795692E-013
           5          26   1.8422357440241238E-013
           5          27  -5.9561861815839746E-014
           5          28   2.2331373852592484E-013
           5          29  -2.7370536952868558E-014
           5          30 -0.27984852509647451     
           5          31  -1.1342176996779972E-002
           5          32 -0.28970353893969797     
           5          33   2.4469100511282657E-003
           5          34   1.4067031107487147E-003
           5          35 -0.29522373909485167     
           6           1   3.7540563637720903E-002
           6           2  0.11082554867614923     
           6           3 -0.29125012829865549     
           6           4 -0.28856545143069373     
           6           5  0.64458677306798673     
           6           6  0.35212590579276676     
           6           7   2.1859674036634386E-002
           6           8  -4.4432279627603767E-003
           6           9   3.7899606379895387E-015
           6          10  -5.8233331245568362E-015
           6          11  -5.3616603833124454E-015
           6          12   3.5932146417614188E-014
           6          13  -6.8088318073877950E-014
           6          14  -4.0610136463645220E-014
           6          15  -1.8106753657854158E-014
           6          16   6.4775141165887187E-014
           6          17   1.6556787455732517E-014
           6          18  -6.5035614314055372E-014
           6          19  -2.3571402193591137E-014
           6          20   1.0488108443574542E-013
           6          21  -8.5815543499108958E-014
           6          22   1.6406695358427803E-013
           6          23  -1.9484575399301829E-014
           6          24  -1.2996308928406504E-014
           6          25  -1.1567091806622605E-013
           6          26   7.8823489250787384E-014
           6          27  -1.1606578995380182E-014
           6          28   1.6819666017175655E-013
           6          29   2.5580904056441604E-014
           6          30  -3.0799992632244259E-002
           6          31  -9.4818408579405260E-003
           6          32  -3.9035754393357457E-002
           6          33   2.0448467890376867E-003
           6          34   1.1747506417577622E-003
           6          35  -4.3648986489541727E-002
           7           1   1.5275891147337123E-003
           7           2   4.8614138304484940E-003
           7           3  -1.3160991020164469E-002
           7           4  -1.5527057737669553E-002
           7           5   2.8417976242216553E-002
           7           6   2.1859674036634386E-002
           7           7   1.4464162379963267E-003
           7           8  -3.2338572259995262E-004
           7           9  -5.4738614423624253E-016
           7          10  -5.9053716830613365E-016
           7          11   1.2128164381592561E-015
           7          12  -4.5426826727310382E-015
           7          13  -6.4330373775003047E-015
           7          14   1.0743266190972327E-014
           7          15  -8.9361682835393729E-016
           7          16   2.9237275445729418E-015
           7          17  -9.3983072074629981E-015
           7          18  -5.8628845895495789E-015
           7          19  -1.3019631926377901E-015
           7          20   2.3992089030874687E-015
           7          21  -6.4670110852056615E-015
           7          22   1.0729072465162150E-014
           7          23  -3.8667929835926738E-015
           7          24  -1.0083995352712879E-015
           7          25  -7.8270803635863827E-015
           7          26   4.6386273326555518E-015
           7          27  -4.2753408706749278E-016
           7          28   1.1080464194497869E-014
           7          29   2.0690421940531533E-015
           7          30  -2.6567775639580631E-004
           7          31  -6.3625251606265617E-004
           7          32  -8.1834591684691561E-004
           7          33   1.3722146244706974E-004
           7          34   7.8841456476438638E-005
           7          35  -1.1279205361078705E-003
           8           1  -9.5196138688894002E-005
           8           2  -4.5024012739492759E-004
           8           3   1.2314439152304540E-003
           8           4   2.5244685469833343E-003
           8           5  -1.9075744673699288E-003
           8           6  -4.4432279627603767E-003
           8           7  -3.2338572259995262E-004
           8           8   8.1417141940043930E-005
           8           9   1.1058954762727578E-015
           8          10   5.7554099952392737E-016
           8          11  -7.2558514101166866E-016
           8          12   9.5167266394111320E-015
           8          13   5.3399221958381551E-015
           8          14  -6.3550256300464847E-015
           8          15  -1.7540581061711592E-015
           8          16  -4.0884123162972468E-016
           8          17   4.0115453203372108E-015
           8          18   6.7342622058398546E-017
           8          19   6.9532173173600321E-016
           8          20   5.2177398990776961E-016
           8          21   4.6645052707438481E-016
           8          22  -1.9809673544838826E-015
           8          23   1.6571779034759389E-015
           8          24   2.3617393864755786E-016
           8          25   1.8511935588903178E-015
           8          26  -8.3070386882813585E-016
           8          27  -2.8497646127481926E-017
           8          28  -2.4707204258778120E-015
           8          29  -5.8996017258659424E-016
           8          30  -4.9562222705943032E-004
           8          31   1.4485780014599758E-004
           8          32  -3.6979072041388170E-004
           8          33  -3.1242610272922288E-005
           8          34  -1.7951679291223319E-005
           8          35  -2.9930681377045472E-004
           9           1   1.2583580329885658E-015
           9           2   3.3187619280439598E-015
           9           3  -6.9746989580292067E-015
           9           4  -4.6268545884660882E-015
           9           5   1.0532059011367447E-014
           9           6   3.7899606379895387E-015
           9           7  -5.4738614423624253E-016
           9           8   1.1058954762727578E-015
           9           9   2.9086326570166035E-002
           9          10   3.9416764260688931E-006
           9          11  -8.4377907422122423E-007
           9          12  0.24737819990696314     
           9          13  -3.2563930903732347E-005
           9          14   7.5182969451248255E-006
           9          15  -5.8280487262236245E-002
           9          16   6.3836028024759003E-005
           9          17  -1.4322372589814026E-005
           9          18  -2.5364702667112257E-002
           9          19   3.8742044061892966E-004
           9          20  -8.7140497378415183E-005
           9          21  -2.0414310619257338E-002
           9          22  -2.6332616824479909E-004
           9          23   5.8504651776857021E-005
           9          24   8.1320024161495518E-004
           9          25  -5.6496409357945337E-005
           9          26   1.3226827141390350E-005
           9          27  -8.0846093821190334E-004
           9          28   8.6136044284905875E-006
           9          29  -2.0775304735167679E-006
           9          30  -1.2328551659612189E-015
           9          31   4.8292492635949071E-016
           9          32  -6.3610048947793553E-016
           9          33  -1.6700196276921894E-017
           9          34   7.1654618834469054E-017
           9          35  -7.3588852000812850E-016
          10           1   4.1452183856162928E-016
          10           2  -3.7741437974431199E-016
          10           3   8.9099152237980492E-015
          10           4   5.8753040427078123E-015
          10           5  -1.8552216865466767E-014
          10           6  -5.8233331245568362E-015
          10           7  -5.9053716830613365E-016
          10           8   5.7554099952392737E-016
          10           9   3.9416764260688931E-006
          10          10   2.9090409396142422E-002
          10          11  -4.7769731573892634E-007
          10          12  -3.2563930903874595E-005
          10          13  0.24734460233702582     
          10          14   4.8751895953952611E-006
          10          15   6.3836028024301036E-005
          10          16  -5.8214524318028857E-002
          10          17  -8.8513327868395761E-006
          10          18   3.8742044061972503E-004
          10          19  -2.4964426758071905E-002
          10          20  -5.4088685140662182E-005
          10          21  -2.6332616824503523E-004
          10          22  -2.0686549694721439E-002
          10          23   3.5535469511383444E-005
          10          24  -5.6496409357859793E-005
          10          25   7.5495482033421869E-004
          10          26   8.7686729860148108E-006
          10          27   8.6136044289774180E-006
          10          28  -7.9959541659643883E-004
          10          29  -1.4402596689452894E-006
          10          30   2.9430030306068405E-015
          10          31  -4.3224234695674164E-016
          10          32   3.7983424405787080E-015
          10          33  -1.9870449953275868E-016
          10          34   1.4736937137894901E-016
          10          35   2.7719396557122557E-015
          11           1   1.3282888867664350E-015
          11           2   2.7638317950903603E-015
          11           3  -7.6499059723809968E-016
          11           4   1.6696545672272949E-016
          11           5  -1.0402031475147618E-014
          11           6  -5.3616603833124454E-015
          11           7   1.2128164381592561E-015
          11           8  -7.2558514101166866E-016
          11           9  -8.4377907422122423E-007
          11          10  -4.7769731573892634E-007
          11          11   2.9092694808833326E-002
          11          12   7.5182969446157925E-006
          11          13   4.8751895956168721E-006
          11          14  0.24732579567658378     
          11          15  -1.4322372591277699E-005
          11          16  -8.8513327864366866E-006
          11          17  -5.8177600736406945E-002
          11          18  -8.7140497376246725E-005
          11          19  -5.4088685141788452E-005
          11          20  -2.4740367319875403E-002
          11          21   5.8504651774698822E-005
          11          22   3.5535469512602792E-005
          11          23  -2.0838938916585031E-002
          11          24   1.3226827143185535E-005
          11          25   8.7686729855500337E-006
          11          26   7.2235121847496738E-004
          11          27  -2.0775304749643803E-006
          11          28  -1.4402596686168270E-006
          11          29  -7.9463283016907604E-004
          11          30   1.5632109702234110E-015
          11          31  -2.3752734739671170E-016
          11          32   2.0496168151569811E-015
          11          33  -4.2524318873023322E-016
          11          34   5.5409437862910401E-016
          11          35   2.3185177996101403E-015
          12           1   7.8033899269589846E-015
          12           2   2.4197918115484304E-014
          12           3  -6.8799181173697550E-014
          12           4  -4.4625855407515891E-014
          12           5   1.1139489303892574E-013
          12           6   3.5932146417614188E-014
          12           7  -4.5426826727310382E-015
          12           8   9.5167266394111320E-015
          12           9  0.24737819990696314     
          12          10  -3.2563930903874595E-005
          12          11   7.5182969446157925E-006
          12          12   2.1065601648945509     
          12          13  -8.9202176648649559E-004
          12          14   2.0057313334891427E-004
          12          15 -0.49709585590857275     
          12          16   7.5289895112854582E-004
          12          17  -1.6816500719074763E-004
          12          18 -0.22967078920584338     
          12          19   3.7396470056373157E-003
          12          20  -8.3967446115229072E-004
          12          21 -0.18192882264851851     
          12          22  -2.3040511404668375E-003
          12          23   5.1134525302830931E-004
          12          24   6.0695007027662257E-003
          12          25  -5.1986439317420921E-004
          12          26   1.2160484444113312E-004
          12          27  -6.7813702759687853E-003
          12          28   8.1924054001356958E-005
          12          29  -1.9693308426747943E-005
          12          30  -1.3134375599634839E-014
          12          31   4.5453482680327307E-015
          12          32  -7.4860367159627837E-015
          12          33   1.8204996224995267E-016
          12          34   9.2824802564464767E-016
          12          35  -8.4693768396207087E-015
          13           1  -9.1250334748255687E-015
          13           2  -2.6147242891286664E-014
          13           3   7.7256666053822829E-014
          13           4   5.8793927448175989E-014
          13           5  -1.7054652438413084E-013
          13           6  -6.8088318073877950E-014
          13           7  -6.4330373775003047E-015
          13           8   5.3399221958381551E-015
          13           9  -3.2563930903732347E-005
          13          10  0.24734460233702582     
          13          11   4.8751895956168721E-006
          13          12  -8.9202176648649559E-004
          13          13   2.1056385282024670     
          13          14   1.2442741441949165E-004
          13          15   7.5289895112290103E-004
          13          16 -0.49631768843083546     
          13          17  -1.0311106079219715E-004
          13          18   3.7396470056433387E-003
          13          19 -0.22580669792120606     
          13          20  -5.1961539693371958E-004
          13          21  -2.3040511404687960E-003
          13          22 -0.18431099511973603     
          13          23   3.0998042816919071E-004
          13          24  -5.1986439317340928E-004
          13          25   5.5335170334490560E-003
          13          26   8.0509172864212295E-005
          13          27   8.1924054005500982E-005
          13          28  -6.6970342430974009E-003
          13          29  -1.3586189750153298E-005
          13          30   2.3893498542376378E-014
          13          31  -3.5934226568962388E-015
          13          32   3.2569685351816029E-014
          13          33  -1.3204455675600495E-015
          13          34   2.0881442924869129E-015
          13          35   2.3219554034833544E-014
          14           1   6.0905329307482372E-015
          14           2   1.3623693523321960E-014
          14           3  -1.7476882687163215E-015
          14           4   2.0174409781932779E-015
          14           5  -9.7720598264843961E-014
          14           6  -4.0610136463645220E-014
          14           7   1.0743266190972327E-014
          14           8  -6.3550256300464847E-015
          14           9   7.5182969451248255E-006
          14          10   4.8751895953952611E-006
          14          11  0.24732579567658378     
          14          12   2.0057313334891427E-004
          14          13   1.2442741441949165E-004
          14          14   2.1051226305457855     
          14          15  -1.6816500720208058E-004
          14          16  -1.0311106078866525E-004
          14          17 -0.49588209946892642     
          14          18  -8.3967446113310511E-004
          14          19  -5.1961539694386251E-004
          14          20 -0.22364372457499074     
          14          21   5.1134525300957018E-004
          14          22   3.0998042817983323E-004
          14          23 -0.18564444590601611     
          14          24   1.2160484445679327E-004
          14          25   8.0509172860365491E-005
          14          26   5.2334934818433539E-003
          14          27  -1.9693308439351638E-005
          14          28  -1.3586189747372931E-005
          14          29  -6.6498260956013256E-003
          14          30   1.5044256941948529E-014
          14          31  -2.1251382402769671E-015
          14          32   1.9303168621458640E-014
          14          33  -4.1653613344634003E-015
          14          34   4.9453838733028581E-015
          14          35   2.1495248003912548E-014
          15           1  -7.7802630376896751E-015
          15           2  -2.4240981252758045E-014
          15           3   8.5220555313558158E-014
          15           4   4.3926854680934213E-014
          15           5  -1.8889012379182685E-013
          15           6  -1.8106753657854158E-014
          15           7  -8.9361682835393729E-016
          15           8  -1.7540581061711592E-015
          15           9  -5.8280487262236245E-002
          15          10   6.3836028024301036E-005
          15          11  -1.4322372591277699E-005
          15          12 -0.49709585590857275     
          15          13   7.5289895112290103E-004
          15          14  -1.6816500720208058E-004
          15          15  0.77321127540352941     
          15          16  -1.8513009293805519E-003
          15          17   4.1082711198014987E-004
          15          18  0.42260518415385040     
          15          19  -3.3163094343335309E-003
          15          20   7.4364528479981158E-004
          15          21  0.18174580875097374     
          15          22   2.0487039965245181E-003
          15          23  -4.5543619689039205E-004
          15          24  -9.2364049066919265E-004
          15          25   5.7168145460970697E-004
          15          26  -1.3312634748432743E-004
          15          27   5.0168254053394954E-003
          15          28  -1.0711500996820852E-004
          15          29   2.5280134585397801E-005
          15          30   3.1575055018661739E-014
          15          31  -7.7933469981882950E-015
          15          32   2.0721612985630106E-014
          15          33  -8.9100073659936929E-016
          15          34  -1.1978187497439817E-015
          15          35   2.2195431097363051E-014
          16           1   1.0838994053323333E-014
          16           2   3.1265719281960650E-014
          16           3  -9.5259445792736517E-014
          16           4  -6.7219595380467949E-014
          16           5   2.3864984503715332E-013
          16           6   6.4775141165887187E-014
          16           7   2.9237275445729418E-015
          16           8  -4.0884123162972468E-016
          16           9   6.3836028024759003E-005
          16          10  -5.8214524318028857E-002
          16          11  -8.8513327864366866E-006
          16          12   7.5289895112854582E-004
          16          13 -0.49631768843083546     
          16          14  -1.0311106078866525E-004
          16          15  -1.8513009293805519E-003
          16          16  0.77129719496211635     
          16          17   2.4900446264553705E-004
          16          18  -3.3163094343334337E-003
          16          19  0.41917828173338678     
          16          20   4.5913811203042790E-004
          16          21   2.0487039965230817E-003
          16          22  0.18386379215087012     
          16          23  -2.7691760237997902E-004
          16          24   5.7168145460789700E-004
          16          25  -3.3408806829347652E-004
          16          26  -8.7517101729189697E-005
          16          27  -1.0711500996644974E-004
          16          28   4.9064433509895785E-003
          16          29   1.6968724521398149E-005
          16          30  -2.0235590718479678E-014
          16          31   4.6884484344326199E-015
          16          32  -3.5658680264449204E-014
          16          33   1.1124539670177075E-016
          16          34  -1.7064666338264463E-015
          16          35  -2.3194833825286495E-014
          17           1   3.1606320913119505E-015
          17           2   9.3879348764529905E-015
          17           3  -3.9438117697652345E-014
          17           4  -1.6416683928950995E-014
          17           5   1.0438354888333665E-013
          17           6   1.6556787455732517E-014
          17           7  -9.3983072074629981E-015
          17           8   4.0115453203372108E-015
          17           9  -1.4322372589814026E-005
          17          10  -8.8513327868395761E-006
          17          11  -5.8177600736406945E-002
          17          12  -1.6816500719074763E-004
          17          13  -1.0311106079219715E-004
          17          14 -0.49588209946892642     
          17          15   4.1082711198014987E-004
          17          16   2.4900446264553705E-004
          17          17  0.77022576453440939     
          17          18   7.4364528479903529E-004
          17          19   4.5913811203179139E-004
          17          20  0.41726003031269787     
          17          21  -4.5543619688512304E-004
          17          22  -2.7691760239101360E-004
          17          23  0.18504935980570025     
          17          24  -1.3312634749232180E-004
          17          25  -8.7517101724002224E-005
          17          26  -4.0787382844711256E-006
          17          27   2.5280134593780554E-005
          17          28   1.6968724521244978E-005
          17          29   4.8446556177549789E-003
          17          30  -2.2748706293705013E-014
          17          31   6.4071400159689802E-015
          17          32  -1.8593519799569411E-014
          17          33   1.0418260703062638E-014
          17          34  -7.8559991189592574E-015
          17          35  -2.6228589266478899E-014
          18           1  -3.5074672316376582E-015
          18           2  -9.2601438509564267E-015
          18           3   1.4075037097436662E-014
          18           4   3.1758281693440797E-014
          18           5  -3.1785750902107623E-014
          18           6  -6.5035614314055372E-014
          18           7  -5.8628845895495789E-015
          18           8   6.7342622058398546E-017
          18           9  -2.5364702667112257E-002
          18          10   3.8742044061972503E-004
          18          11  -8.7140497376246725E-005
          18          12 -0.22967078920584338     
          18          13   3.7396470056433387E-003
          18          14  -8.3967446113310511E-004
          18          15  0.42260518415385040     
          18          16  -3.3163094343334337E-003
          18          17   7.4364528479903529E-004
          18          18  0.35650606550116060     
          18          19  -5.9233714808949872E-003
          18          20   1.3345471746250602E-003
          18          21  0.18979968153992258     
          18          22   2.2386310658047536E-003
          18          23  -4.8424564160174548E-004
          18          24   8.1768173411378865E-003
          18          25   7.8489447432761967E-004
          18          26  -1.8162247161796594E-004
          18          27   1.8924092011585068E-003
          18          28  -1.5778368341993408E-004
          18          29   3.7044870741037073E-005
          18          30   3.9247054760309006E-015
          18          31  -9.1196203364516962E-015
          18          32  -7.6700410470275162E-015
          18          33  -1.0167130348463070E-015
          18          34   1.5029207661770911E-015
          18          35  -5.6596403788581993E-015
          19           1  -8.8410964385004842E-016
          19           2  -4.3525692355461077E-015
          19           3   1.7100469129860460E-014
          19           4   2.2187215304960772E-014
          19           5  -4.6393783819969274E-014
          19           6  -2.3571402193591137E-014
          19           7  -1.3019631926377901E-015
          19           8   6.9532173173600321E-016
          19           9   3.8742044061892966E-004
          19          10  -2.4964426758071905E-002
          19          11  -5.4088685141788452E-005
          19          12   3.7396470056373157E-003
          19          13 -0.22580669792120606     
          19          14  -5.1961539694386251E-004
          19          15  -3.3163094343335309E-003
          19          16  0.41917828173338678     
          19          17   4.5913811203179139E-004
          19          18  -5.9233714808949872E-003
          19          19  0.35038668383889970     
          19          20   8.3076489442698419E-004
          19          21   2.2386310658049375E-003
          19          22  0.19211725971523677     
          19          23  -2.7983701945564479E-004
          19          24   7.8489447432610851E-004
          19          25   8.9865272011443592E-003
          19          26  -1.1819899434009607E-004
          19          27  -1.5778368341825110E-004
          19          28   1.7297662343400640E-003
          19          29   2.4667127901751506E-005
          19          30   6.5654188321580666E-015
          19          31   8.5898442197033433E-015
          19          32  -1.2602937131466500E-014
          19          33  -1.3248473716747421E-015
          19          34  -3.5762145750387959E-015
          19          35   6.3392910004532680E-015
          20           1   3.7947413814910800E-015
          20           2   1.6072037122950410E-014
          20           3  -5.4267986264939000E-014
          20           4  -6.8033001307837062E-014
          20           5   1.0302333153444719E-013
          20           6   1.0488108443574542E-013
          20           7   2.3992089030874687E-015
          20           8   5.2177398990776961E-016
          20           9  -8.7140497378415183E-005
          20          10  -5.4088685140662182E-005
          20          11  -2.4740367319875403E-002
          20          12  -8.3967446115229072E-004
          20          13  -5.1961539693371958E-004
          20          14 -0.22364372457499074     
          20          15   7.4364528479981158E-004
          20          16   4.5913811203042790E-004
          20          17  0.41726003031269787     
          20          18   1.3345471746250602E-003
          20          19   8.3076489442698419E-004
          20          20  0.34696128354232686     
          20          21  -4.8424564159813216E-004
          20          22  -2.7983701946044477E-004
          20          23  0.19341455303789334     
          20          24  -1.8162247162234989E-004
          20          25  -1.1819899433695278E-004
          20          26   9.4397724059154149E-003
          20          27   3.7044870745708691E-005
          20          28   2.4667127901246993E-005
          20          29   1.6387248027850266E-003
          20          30   7.2353352391821128E-016
          20          31  -2.5335497899796399E-016
          20          32  -1.2768785602589375E-015
          20          33   8.1365831211369351E-015
          20          34  -1.4658699591441287E-014
          20          35  -6.8634881993730553E-015
          21           1  -7.1199558317332589E-015
          21           2  -1.9520426238390718E-014
          21           3   3.4780506527011643E-014
          21           4   5.3187611667442558E-014
          21           5  -5.6745964864153588E-014
          21           6  -8.5815543499108958E-014
          21           7  -6.4670110852056615E-015
          21           8   4.6645052707438481E-016
          21           9  -2.0414310619257338E-002
          21          10  -2.6332616824503523E-004
          21          11   5.8504651774698822E-005
          21          12 -0.18192882264851851     
          21          13  -2.3040511404687960E-003
          21          14   5.1134525300957018E-004
          21          15  0.18174580875097374     
          21          16   2.0487039965230817E-003
          21          17  -4.5543619688512304E-004
          21          18  0.18979968153992258     
          21          19   2.2386310658049375E-003
          21          20  -4.8424564159813216E-004
          21          21  0.11602073829637753     
          21          22   5.6452603811521706E-003
          21          23  -1.2856764845327209E-003
          21          24   6.0105160525610593E-003
          21          25   7.9796937089009570E-004
          21          26  -1.8914070860366909E-004
          21          27   7.7831084293851385E-004
          21          28  -9.8191933739437043E-005
          21          29   2.4178607597569661E-005
          21          30   4.0799347994742076E-016
          21          31  -4.1995106757725427E-015
          21          32  -6.1052791099318991E-015
          21          33  -1.9949410140992449E-015
          21          34  -5.7531651529960127E-016
          21          35  -4.0138646344667372E-015
          22           1   1.3556004085050055E-014
          22           2   4.2973924033553996E-014
          22           3  -1.1974825807473784E-013
          22           4  -1.2591504881760007E-013
          22           5   2.5043503470071509E-013
          22           6   1.6406695358427803E-013
          22           7   1.0729072465162150E-014
          22           8  -1.9809673544838826E-015
          22           9  -2.6332616824479909E-004
          22          10  -2.0686549694721439E-002
          22          11   3.5535469512602792E-005
          22          12  -2.3040511404668375E-003
          22          13 -0.18431099511973603     
          22          14   3.0998042817983323E-004
          22          15   2.0487039965245181E-003
          22          16  0.18386379215087012     
          22          17  -2.7691760239101360E-004
          22          18   2.2386310658047536E-003
          22          19  0.19211725971523677     
          22          20  -2.7983701946044477E-004
          22          21   5.6452603811521706E-003
          22          22  0.12184946980411659     
          22          23  -8.1514972429352862E-004
          22          24   7.9796937088919820E-004
          22          25   6.8326271658305992E-003
          22          26  -1.2778946813279715E-004
          22          27  -9.8191933738607127E-005
          22          28   6.7736703739204238E-004
          22          29   1.7259036320193406E-005
          22          30  -4.4993755589756627E-015
          22          31   1.2299693664853449E-016
          22          32  -2.1937453841380516E-014
          22          33   1.4892411949897232E-015
          22          34   5.0839688946324080E-016
          22          35  -1.1496400093326961E-014
          23           1   9.2374227515775392E-016
          23           2   1.4915831598260016E-016
          23           3   2.8897309717269589E-015
          23           4   1.2560741729815616E-014
          23           5   9.9752026873577415E-015
          23           6  -1.9484575399301829E-014
          23           7  -3.8667929835926738E-015
          23           8   1.6571779034759389E-015
          23           9   5.8504651776857021E-005
          23          10   3.5535469511383444E-005
          23          11  -2.0838938916585031E-002
          23          12   5.1134525302830931E-004
          23          13   3.0998042816919071E-004
          23          14 -0.18564444590601611     
