           1           1  0.35461602012203147     
           1           2  0.64380293528711141     
           1           3 -0.17920071143804828     
           1           4 -0.24198994284709169     
           1           5  0.12417248070584631     
           1           6  0.17317924440704324     
           1           7  -2.3931871075365766E-002
           1           8  -1.6643575554814799E-002
           1           9  -1.5604842794179756E-015
           1          10   2.9923277803891824E-015
           1          11  -2.2415565133223144E-015
           1          12  -1.4923406627370472E-014
           1          13   1.8490969105683132E-014
           1          14  -1.7689251372848956E-015
           1          15   1.1466671268261482E-014
           1          16  -1.6748427727490534E-015
           1          17   1.1146113271202839E-014
           1          18  -2.6995574402957555E-015
           1          19   2.3174006290524657E-015
           1          20   5.1344678859486884E-015
           1          21   1.4460893348260553E-016
           1          22  -1.4393446211563717E-014
           1          23  -6.8073277000564648E-015
           1          24  -2.5239088548701241E-015
           1          25   1.1257258890509396E-014
           1          26  -7.6273344364739385E-015
           1          27  -1.6314693221351015E-014
           1          28   2.6360201166853853E-015
           1          29   1.0286756269581605E-014
           1          30  -4.8000614706581721E-002
           1          31   6.2039954856494635E-015
           1          32  -4.8000614706591643E-002
           1          33  -9.8431552851618144E-016
           1          34  -8.7247230660604252E-015
           1          35  -4.8000614706555395E-002
           1          36  -9.5788667388745780E-003
           1          37  -2.6569827297513206E-015
           1          38  -9.5788667388616907E-003
           1          39  -3.9756154063919064E-016
           1          40   7.5470917810477641E-016
           1          41  -9.5788667388751123E-003
           2           1  0.64380293528711141     
           2           2   1.2241544771671706     
           2           3 -0.53725682460105295     
           2           4 -0.69768603721817546     
           2           5  0.34418081655756033     
           2           6  0.47158861530868901     
           2           7  -7.9672550599954928E-002
           2           8  -5.0480584302716000E-002
           2           9  -4.7880953561440005E-015
           2          10   7.5176862093703746E-015
           2          11   6.0042964053089199E-016
           2          12  -3.9659760728101283E-014
           2          13   4.7445838413448129E-014
           2          14   3.2922326253678145E-014
           2          15   7.1052601888420222E-015
           2          16   4.0157650190416719E-014
           2          17  -7.3858711084802950E-014
           2          18  -5.9230718613952590E-015
           2          19   1.5361585401419156E-014
           2          20  -1.7485495828127448E-015
           2          21   7.6624576070548761E-015
           2          22  -8.1980768626041398E-014
           2          23   7.1310330497157161E-014
           2          24   1.5870974721200177E-014
           2          25  -1.1720889063244478E-014
           2          26   1.3138140905355614E-013
           2          27  -3.7986089767221057E-014
           2          28  -3.1687870622827199E-014
           2          29   1.3531157040354364E-013
           2          30 -0.10675113276294348     
           2          31   1.7896352190634128E-014
           2          32 -0.10675113276273640     
           2          33  -3.0679883082837636E-015
           2          34  -2.8401513194740080E-014
           2          35 -0.10675113276320029     
           2          36  -2.4772760569286501E-002
           2          37  -1.0819997915439220E-014
           2          38  -2.4772760569202266E-002
           2          39  -1.7224841048614559E-015
           2          40   3.1922711565859290E-015
           2          41  -2.4772760569356071E-002
           3           1 -0.17920071143804828     
           3           2 -0.53725682460105295     
           3           3  0.93008795904329844     
           3           4   1.1777934796077354     
           3           5 -0.70404258508607120     
           3           6 -0.86796884459027868     
           3           7  0.21937048368092288     
           3           8  0.11660414604559921     
           3           9   1.2289162253460136E-014
           3          10  -1.9349804971247050E-014
           3          11   3.9804243930042683E-014
           3          12   9.4660959100607327E-014
           3          13  -1.4776372066629328E-013
           3          14   3.0569428189492242E-013
           3          15  -2.1606428303512898E-013
           3          16   2.6241135949033936E-013
           3          17  -8.3731990360492082E-013
           3          18  -4.4276084311739995E-014
           3          19   3.5754820836896125E-014
           3          20  -1.9265753769119037E-013
           3          21   1.3588295583637096E-013
           3          22  -1.1603387082730858E-013
           3          23   7.8206826913258035E-013
           3          24   1.6854957598473535E-013
           3          25  -4.8899570370906442E-013
           3          26   1.1204008629556608E-012
           3          27   2.3206928971571589E-013
           3          28  -2.4306824606177315E-013
           3          29   6.2999637269718993E-013
           3          30  0.11191097399786715     
           3          31  -5.6651135977607521E-014
           3          32  0.11191097399882645     
           3          33   1.8914370609512451E-014
           3          34   5.7592660133550123E-014
           3          35  0.11191097399618785     
           3          36   4.4021507660764007E-002
           3          37   3.0863504785416020E-014
           3          38   4.4021507660865336E-002
           3          39   6.5652503248513185E-015
           3          40  -1.0444762283108401E-014
           3          41   4.4021507660399549E-002
           4           1 -0.24198994284709169     
           4           2 -0.69768603721817546     
           4           3   1.1777934796077354     
           4           4   1.5286389183045315     
           4           5  -1.0830215021427509     
           4           6  -1.2814295459937495     
           4           7  0.36713715208322278     
           4           8  0.18789873780533922     
           4           9   7.0141435035204111E-015
           4          10  -5.8684740234857521E-015
           4          11  -3.0388121349484435E-014
           4          12   4.8605953482077289E-014
           4          13  -3.4617057283083924E-014
           4          14  -2.5190385912585417E-013
           4          15   6.1529405008549678E-014
           4          16  -2.8596209377473688E-013
           4          17   7.1408346593546092E-013
           4          18   1.0101962511733895E-014
           4          19  -7.8277789232574177E-014
           4          20   7.8610122141854302E-014
           4          21  -5.0407794790245920E-014
           4          22   4.6790695871667079E-013
           4          23  -6.1449030018114206E-013
           4          24  -1.5762074644976216E-013
           4          25   2.1640869056968364E-013
           4          26  -1.1012880358309752E-012
           4          27   9.3975703859512605E-014
           4          28   2.7752212715448857E-013
           4          29  -9.1086664752438941E-013
           4          30  0.15376584379673572     
           4          31  -8.0359062847491335E-014
           4          32  0.15376584379666750     
           4          33   2.2166008487636503E-014
           4          34   1.0433247068114473E-013
           4          35  0.15376584379766417     
           4          36   6.8986884710530771E-002
           4          37   5.2212077589997247E-014
           4          38   6.8986884710369595E-002
           4          39   8.0555113219244258E-015
           4          40  -1.5351687760904522E-014
           4          41   6.8986884710732388E-002
           5           1  0.12417248070584631     
           5           2  0.34418081655756033     
           5           3 -0.70404258508607120     
           5           4  -1.0830215021427509     
           5           5   1.5867342582455259     
           5           6   1.5752162490138393     
           5           7 -0.69018319563850095     
           5           8 -0.29082075432264815     
           5           9   4.9896228963874409E-015
           5          10  -2.6375942319303919E-015
           5          11  -7.1021782173317120E-015
           5          12   2.6031270710297568E-014
           5          13  -1.3042696997977305E-014
           5          14  -4.2906630763212744E-014
           5          15   1.0239897823204032E-013
           5          16  -1.6394798261792441E-014
           5          17   6.9533287072761137E-014
           5          18  -2.2248454514800599E-015
           5          19   1.7207326705197156E-014
           5          20   9.9437987027914827E-014
           5          21  -9.5683854289351368E-014
           5          22  -3.1039485391890884E-013
           5          23  -9.1505496539003599E-014
           5          24   2.7893720398177754E-014
           5          25   2.0930792097587381E-013
           5          26   9.3184952713990361E-014
           5          27  -2.8130430501879809E-013
           5          28  -3.7658573024382553E-014
           5          29   3.2709301122827453E-013
           5          30 -0.14887424068388525     
           5          31   1.5593075365239156E-013
           5          32 -0.14887424068711402     
           5          33  -4.9498004806910166E-014
           5          34  -1.3556676262294320E-013
           5          35 -0.14887424068137686     
           5          36 -0.11948487982064379     
           5          37  -7.1129577506462095E-014
           5          38 -0.11948487982107685     
           5          39  -1.8971263060172619E-014
           5          40   1.3925276423616289E-014
           5          41 -0.11948487981998870     
           6           1  0.17317924440704324     
           6           2  0.47158861530868901     
           6           3 -0.86796884459027868     
           6           4  -1.2814295459937495     
           6           5   1.5752162490138393     
           6           6   1.7762909222887528     
           6           7 -0.64522182709321130     
           6           8 -0.35969508051283972     
           6           9  -2.9717468666030517E-014
           6          10   4.3967488580778254E-014
           6          11  -1.5154928690586434E-013
           6          12  -2.5107023535094675E-013
           6          13   3.6207587822893087E-013
           6          14  -1.1704598622737214E-012
           6          15   9.2404167954858816E-013
           6          16  -1.1784394107089268E-012
           6          17   3.1664681337632670E-012
           6          18   2.2763637217685322E-013
           6          19  -1.3446037458170486E-013
           6          20   7.0553257370448965E-013
           6          21  -4.6179395132924981E-013
           6          22   5.1537048616606911E-013
           6          23  -3.2049250900790633E-012
           6          24  -6.7850247815068996E-013
           6          25   2.0692484221849782E-012
           6          26  -4.5671978967156234E-012
           6          27  -8.4294698326639656E-013
           6          28   1.0230440095049977E-012
           6          29  -2.6684181109860331E-012
           6          30 -0.15347036828705160     
           6          31   1.9486851366064419E-013
           6          32 -0.15347036829297650     
           6          33  -7.7079051052491510E-014
           6          34  -1.7707452610453185E-013
           6          35 -0.15347036827672489     
           6          36  -9.1658282766554480E-002
           6          37  -1.1079316148032189E-013
           6          38  -9.1658282767515975E-002
           6          39  -3.7456509839296809E-015
           6          40   5.0998109750213149E-014
           6          41  -9.1658282764348800E-002
           7           1  -2.3931871075365766E-002
           7           2  -7.9672550599954928E-002
           7           3  0.21937048368092288     
           7           4  0.36713715208322278     
           7           5 -0.69018319563850095     
           7           6 -0.64522182709321130     
           7           7   1.0112829269920298     
           7           8  0.43205985201636593     
           7           9  -7.5429949584476098E-014
           7          10   1.4793960952839992E-013
           7          11  -4.7748061405715402E-013
           7          12  -5.7746536599218621E-013
           7          13   1.1456225386998729E-012
           7          14  -3.7566396061063061E-012
           7          15   1.4461504457848178E-012
           7          16  -3.0795630841658660E-012
           7          17   9.9133880612371360E-012
           7          18   3.0852837106943975E-013
           7          19  -6.4439623985097111E-013
           7          20   1.7290103155044350E-012
           7          21  -1.0917976574450061E-012
           7          22   3.3774101977506059E-012
           7          23  -8.3594759542522547E-012
           7          24  -1.9506898973994096E-012
           7          25   3.8334316019371559E-012
           7          26  -1.3347235818548863E-011
           7          27  -8.3959777953181138E-013
           7          28   2.8775811594482841E-012
           7          29  -9.2371333509465319E-012
           7          30   5.3323966276122597E-002
           7          31  -1.5595991073632623E-013
           7          32   5.3323966276178775E-002
           7          33   2.4035804459123231E-014
           7          34   2.6183319558855354E-013
           7          35   5.3323966279232762E-002
           7          36  0.14671446697807378     
           7          37   1.2496924394649350E-013
           7          38  0.14671446697782575     
           7          39   1.2406353352850845E-014
           7          40  -3.6611611251610355E-014
           7          41  0.14671446697869087     
           8           1  -1.6643575554814799E-002
           8           2  -5.0480584302716000E-002
           8           3  0.11660414604559921     
           8           4  0.18789873780533922     
           8           5 -0.29082075432264815     
           8           6 -0.35969508051283972     
           8           7  0.43205985201636593     
           8           8  0.23890851437669147     
           8           9   4.3636645062215695E-014
           8          10  -8.9325085138559711E-014
           8          11   3.0112773397874136E-013
           8          12   3.3907222882838096E-013
           8          13  -7.1098349892994824E-013
           8          14   2.3391732767382537E-012
           8          15  -7.7089411197472003E-013
           8          16   1.8974738118841218E-012
           8          17  -6.0771605290702050E-012
           8          18  -3.0739772838836916E-013
           8          19   1.9395644407962514E-013
           8          20  -1.1971627977115767E-012
           8          21   5.5660765877829859E-013
           8          22  -1.3509649491479930E-012
           8          23   5.3201344630356104E-012
           8          24   1.0044016997035687E-012
           8          25  -2.9486461744900453E-012
           8          26   7.8271020815923763E-012
           8          27   1.0357755597116490E-012
           8          28  -1.6099433704495377E-012
           8          29   4.8326419872715938E-012
           8          30   2.2080899883947114E-002
           8          31  -9.3261495005572375E-014
           8          32   2.2080899883324234E-002
           8          33   2.8729315945689916E-014
           8          34   1.5525618609611560E-013
           8          35   2.2080899881879751E-002
           8          36   4.9678296488179438E-002
           8          37   7.9037112499075590E-014
           8          38   4.9678296487934114E-002
           8          39  -1.3365926345468809E-015
           8          40  -3.8259495627946270E-014
           8          41   4.9678296487817478E-002
           9           1  -1.5604842794179756E-015
           9           2  -4.7880953561440005E-015
           9           3   1.2289162253460136E-014
           9           4   7.0141435035204111E-015
           9           5   4.9896228963874409E-015
           9           6  -2.9717468666030517E-014
           9           7  -7.5429949584476098E-014
           9           8   4.3636645062215695E-014
           9           9   4.1064277585821235E-002
           9          10   1.1510872821324930E-015
           9          11  -4.8635073290718978E-015
           9          12  0.29654525681195620     
           9          13   1.2550670138583575E-014
           9          14  -3.9709826139128213E-014
           9          15 -0.11863761699088748     
           9          16  -3.5439370622142308E-014
           9          17   1.0421882540995187E-013
           9          18  -2.1988254761210753E-002
           9          19  -3.9911379322993268E-015
           9          20   1.0147183657563397E-014
           9          21   1.4230563526998141E-002
           9          22   3.0034243321541698E-014
           9          23  -6.1325185381211345E-014
           9          24   2.1278450504037830E-002
           9          25   4.7364672947636244E-014
           9          26  -1.6312103577609260E-013
           9          27   8.0379432609928685E-003
           9          28   2.7229358091213074E-014
           9          29  -5.4958750224376463E-014
           9          30   3.3169640786794135E-014
           9          31   1.5359350552430464E-015
           9          32   2.1296962155494127E-014
           9          33   1.4957166906058408E-016
           9          34   3.2746445882283226E-017
           9          35  -2.3028922210194016E-014
           9          36   2.4860774331179220E-014
           9          37   5.8086652544305456E-015
           9          38   2.8942275549051925E-014
           9          39  -1.8561945473331901E-015
           9          40   4.2855712814159538E-015
           9          41   1.8939697440301272E-014
          10           1   2.9923277803891824E-015
          10           2   7.5176862093703746E-015
          10           3  -1.9349804971247050E-014
          10           4  -5.8684740234857521E-015
          10           5  -2.6375942319303919E-015
          10           6   4.3967488580778254E-014
          10           7   1.4793960952839992E-013
          10           8  -8.9325085138559711E-014
          10           9   1.1510872821324930E-015
          10          10   4.1064277585821901E-002
          10          11   1.7907089656585273E-015
          10          12   1.1862147548946655E-014
          10          13  0.29654525681196003     
          10          14   1.6182367945649645E-014
          10          15  -3.3515941758044399E-014
          10          16 -0.11863761699089564     
          10          17  -3.8904643395731853E-014
          10          18  -8.5089270698834873E-015
          10          19  -2.1988254761221709E-002
          10          20   2.1243098426160234E-014
          10          21   5.2657043222298361E-014
          10          22   1.4230563527018342E-002
          10          23  -3.9613277935668378E-014
          10          24  -5.1712106818868619E-015
          10          25   2.1278450504039002E-002
          10          26   1.1873921984539848E-013
          10          27  -2.8499771986822964E-014
          10          28   8.0379432610014501E-003
          10          29  -6.8790459439860285E-014
          10          30  -5.1008331064863658E-014
          10          31  -4.1559083498716157E-015
          10          32  -3.1878167777505171E-014
          10          33   1.1643736996095229E-014
          10          34   1.1518915598670234E-014
          10          35  -3.5676972384972914E-015
          10          36  -1.7097387270601582E-014
          10          37  -8.5305421870156504E-015
          10          38  -4.5228615829052211E-014
          10          39  -7.4864451924217407E-015
          10          40  -1.0537946397936823E-014
          10          41  -2.8249003370279523E-014
          11           1  -2.2415565133223144E-015
          11           2   6.0042964053089199E-016
          11           3   3.9804243930042683E-014
          11           4  -3.0388121349484435E-014
          11           5  -7.1021782173317120E-015
          11           6  -1.5154928690586434E-013
          11           7  -4.7748061405715402E-013
          11           8   3.0112773397874136E-013
          11           9  -4.8635073290718978E-015
          11          10   1.7907089656585273E-015
          11          11   4.1064277585818598E-002
          11          12  -3.9984291919092918E-014
          11          13   1.1577978159538205E-014
          11          14  0.29654525681193350     
          11          15   1.0047952053726661E-013
          11          16  -3.9150540448451565E-014
          11          17 -0.11863761699081810     
          11          18   3.3647726532110012E-014
          11          19  -4.6209238692418442E-015
          11          20  -2.1988254761288253E-002
          11          21  -1.7197820858377844E-013
          11          22   7.9469633998408007E-014
          11          23   1.4230563527166507E-002
          11          24   3.3902785093187227E-014
          11          25  -1.0319869958586025E-014
          11          26   2.1278450503689331E-002
          11          27   8.3495493505281182E-014
          11          28  -4.7420834620170993E-015
          11          29   8.0379432612052073E-003
          11          30   1.4421872338638374E-013
          11          31  -1.7130813500644061E-015
          11          32   6.2361973547376209E-014
          11          33  -3.7587141861419654E-014
          11          34  -9.6268079835605579E-015
          11          35   8.2016679131785978E-014
          11          36   6.8116072693006648E-014
          11          37   2.3490290082724992E-014
          11          38   1.2083868668385541E-013
          11          39   1.0280683498996376E-014
          11          40   2.0479501574578541E-014
          11          41   1.1203378971859088E-013
          12           1  -1.4923406627370472E-014
          12           2  -3.9659760728101283E-014
          12           3   9.4660959100607327E-014
          12           4   4.8605953482077289E-014
          12           5   2.6031270710297568E-014
          12           6  -2.5107023535094675E-013
          12           7  -5.7746536599218621E-013
          12           8   3.3907222882838096E-013
          12           9  0.29654525681195620     
          12          10   1.1862147548946655E-014
          12          11  -3.9984291919092918E-014
          12          12   2.1455399126273109     
          12          13   1.1717905291919184E-013
          12          14  -3.2420810827660240E-013
          12          15 -0.93545849059473185     
          12          16  -3.0832975062011769E-013
          12          17   8.4308254821863216E-013
          12          18 -0.16398316521313014     
          12          19  -4.3406467656326164E-014
          12          20   8.1744290156282595E-014
          12          21  0.11337854729867558     
          12          22   2.4710962442942019E-013
          12          23  -5.0482968499965253E-013
          12          24  0.17080907266648532     
          12          25   3.8310413869035997E-013
          12          26  -1.3164001139154280E-012
          12          27   6.3001716429880339E-002
          12          28   2.2128739812776743E-013
          12          29  -4.5687498922974967E-013
          12          30   2.8042744453599898E-013
          12          31   1.1838566102684414E-014
          12          32   2.2367392222379828E-013
          12          33   2.7508834957195362E-016
          12          34   4.8240441302726132E-016
          12          35  -2.3166660488244353E-013
          12          36   1.9572490528107532E-013
          12          37   4.4962252252780875E-014
          12          38   2.2618150165666420E-013
          12          39  -1.4378664044611364E-014
          12          40   3.3283253810650353E-014
          12          41   1.4514463722093070E-013
          13           1   1.8490969105683132E-014
          13           2   4.7445838413448129E-014
          13           3  -1.4776372066629328E-013
          13           4  -3.4617057283083924E-014
          13           5  -1.3042696997977305E-014
          13           6   3.6207587822893087E-013
          13           7   1.1456225386998729E-012
          13           8  -7.1098349892994824E-013
          13           9   1.2550670138583575E-014
          13          10  0.29654525681196003     
          13          11   1.1577978159538205E-014
          13          12   1.1717905291919184E-013
          13          13   2.1455399126273322     
          13          14   1.0685202722626741E-013
          13          15  -2.6999626492885120E-013
          13          16 -0.93545849059481179     
          13          17  -2.7885332931631979E-013
          13          18  -6.8781785822480401E-014
          13          19 -0.16398316521321515     
          13          20   1.7529467460919435E-013
          13          21   4.0791198543943530E-013
          13          22  0.11337854729883756     
          13          23  -3.2848897213444417E-013
          13          24  -4.1084323443296711E-014
          13          25  0.17080907266651668     
          13          26   9.0237539662751942E-013
          13          27  -2.2748773351177753E-013
          13          28   6.3001716429955779E-002
          13          29  -5.5734583614963640E-013
          13          30  -4.0857383413200180E-013
          13          31  -3.0849237668627365E-014
          13          32  -2.2141166459011664E-013
          13          33   9.4261889266734295E-014
          13          34   8.6948403843568625E-014
          13          35  -6.0006176460846175E-014
          13          36  -1.3740306616959143E-013
          13          37  -6.5581582593074681E-014
          13          38  -3.4775229459475746E-013
          13          39  -5.9888256666830089E-014
          13          40  -8.1940782354600159E-014
          13          41  -2.2237431578765424E-013
          14           1  -1.7689251372848956E-015
          14           2   3.2922326253678145E-014
          14           3   3.0569428189492242E-013
          14           4  -2.5190385912585417E-013
          14           5  -4.2906630763212744E-014
          14           6  -1.1704598622737214E-012
          14           7  -3.7566396061063061E-012
          14           8   2.3391732767382537E-012
          14           9  -3.9709826139128213E-014
          14          10   1.6182367945649645E-014
          14          11  0.29654525681193350     
          14          12  -3.2420810827660240E-013
          14          13   1.0685202722626741E-013
          14          14   2.1455399126271200     
          14          15   7.8814385573444667E-013
          14          16  -2.9881652707786088E-013
          14          17 -0.93545849059418851     
          14          18   2.6225722982164967E-013
          14          19  -3.3911241870132613E-014
          14          20 -0.16398316521373590     
          14          21  -1.3383634478447703E-012
          14          22   6.1836646914059656E-013
          14          23  0.11337854729999244     
          14          24   2.6417583398608002E-013
          14          25  -8.1313428212936856E-014
          14          26  0.17080907266376949     
          14          27   6.5087778916561589E-013
          14          28  -3.9513531335799712E-014
          14          29   6.3001716431542509E-002
          14          30   1.1501755504477316E-012
          14          31  -1.2190108928935266E-014
          14          32   5.5030617765159341E-013
          14          33  -2.9407718910511680E-013
          14          34  -7.4690884778243267E-014
          14          35   5.6372388948768479E-013
          14          36   5.3451370173176272E-013
          14          37   1.8419746663098626E-013
          14          38   9.5160515754981987E-013
          14          39   8.1451715732041182E-014
          14          40   1.6006853644675746E-013
          14          41   8.6502027758425556E-013
          15           1   1.1466671268261482E-014
          15           2   7.1052601888420222E-015
          15           3  -2.1606428303512898E-013
          15           4   6.1529405008549678E-014
          15           5   1.0239897823204032E-013
          15           6   9.2404167954858816E-013
          15           7   1.4461504457848178E-012
          15           8  -7.7089411197472003E-013
          15           9 -0.11863761699088748     
          15          10  -3.3515941758044399E-014
          15          11   1.0047952053726661E-013
          15          12 -0.93545849059473185     
          15          13  -2.6999626492885120E-013
          15          14   7.8814385573444667E-013
          15          15   2.2696090863069420     
          15          16   7.0379552880028839E-013
          15          17  -2.0801485534072128E-012
          15          18  0.22155989668698223     
          15          19   1.9523076731642330E-013
          15          20  -1.5309411724451216E-013
          15          21 -0.31414110421631847     
          15          22  -7.0544611818768033E-013
          15          23   1.1538235644703576E-012
          15          24 -0.50372025130089937     
          15          25  -8.7759487177319073E-013
          15          26   3.2887581546958700E-012
          15          27 -0.16419178683560492     
          15          28  -5.3032144647913171E-013
          15          29   1.1010949096945666E-012
          15          30  -8.4076167885344169E-013
          15          31  -1.6449431065629113E-014
          15          32  -6.4304881796281940E-013
          15          33   2.2500549279689411E-014
          15          34  -2.2415445756118495E-014
          15          35   1.7538618619092849E-013
          15          36  -4.8926912380619712E-013
          15          37  -1.0184753143298704E-013
          15          38  -4.7108671350387756E-013
          15          39   2.4873490477614057E-014
          15          40  -8.8079187391168522E-014
          15          41  -4.3068596772775511E-013
          16           1  -1.6748427727490534E-015
          16           2   4.0157650190416719E-014
          16           3   2.6241135949033936E-013
          16           4  -2.8596209377473688E-013
          16           5  -1.6394798261792441E-014
          16           6  -1.1784394107089268E-012
          16           7  -3.0795630841658660E-012
          16           8   1.8974738118841218E-012
          16           9  -3.5439370622142308E-014
          16          10 -0.11863761699089564     
          16          11  -3.9150540448451565E-014
          16          12  -3.0832975062011769E-013
          16          13 -0.93545849059481179     
          16          14  -2.9881652707786088E-013
          16          15   7.0379552880028839E-013
          16          16   2.2696090863072049     
          16          17   8.0552925441068624E-013
          16          18   1.7362934007225661E-013
          16          19  0.22155989668714759     
          16          20  -4.6557376010003537E-013
          16          21  -1.0723323271011331E-012
          16          22 -0.31414110421667152     
          16          23   8.2034379289552817E-013
          16          24   3.5586117386188221E-014
          16          25 -0.50372025130107034     
          16          26  -2.4767618511667422E-012
          16          27   6.4512978292796674E-013
          16          28 -0.16419178683570249     
          16          29   1.3912048596464999E-012
          16          30   1.2100305652564758E-012
          16          31   2.0849844844763111E-014
          16          32   7.5814945922931155E-013
          16          33  -2.8330023491511057E-013
          16          34  -1.5247573132093410E-013
          16          35   2.8700357929997112E-013
          16          36   4.0215604533938293E-013
          16          37   1.4829301413462793E-013
          16          38   8.0289950785001132E-013
          16          39   1.8127292893893549E-013
          16          40   2.1123944711915351E-013
          16          41   5.9332878612176045E-013
          17           1   1.1146113271202839E-014
          17           2  -7.3858711084802950E-014
          17           3  -8.3731990360492082E-013
          17           4   7.1408346593546092E-013
          17           5   6.9533287072761137E-014
          17           6   3.1664681337632670E-012
          17           7   9.9133880612371360E-012
          17           8  -6.0771605290702050E-012
          17           9   1.0421882540995187E-013
          17          10  -3.8904643395731853E-014
          17          11 -0.11863761699081810     
          17          12   8.4308254821863216E-013
          17          13  -2.7885332931631979E-013
          17          14 -0.93545849059418851     
          17          15  -2.0801485534072128E-012
          17          16   8.0552925441068624E-013
          17          17   2.2696090863054361     
          17          18  -6.0594368064825765E-013
          17          19   7.1798469947204069E-014
          17          20  0.22155989668852732     
          17          21   3.3775655883250266E-012
          17          22  -1.5789591856218976E-012
          17          23 -0.31414110421962155     
          17          24  -6.2248470267256550E-013
          17          25   1.1279172040801200E-013
          17          26 -0.50372025129366615     
          17          27  -1.6620732568028984E-012
          17          28   6.7978608853103140E-014
          17          29 -0.16419178683972799     
          17          30  -3.0502608426391880E-012
          17          31   2.9330238422027705E-014
          17          32  -1.4616029775629473E-012
          17          33   7.7480448566053536E-013
          17          34   2.1015532714971282E-013
          17          35  -1.6354504677582865E-012
          17          36  -1.4307223874403670E-012
          17          37  -4.9135264277485678E-013
          17          38  -2.5356032047247168E-012
          17          39  -2.3162379477877862E-013
          17          40  -4.2174432903971378E-013
          17          41  -2.2639066327038092E-012
          18           1  -2.6995574402957555E-015
          18           2  -5.9230718613952590E-015
          18           3  -4.4276084311739995E-014
          18           4   1.0101962511733895E-014
          18           5  -2.2248454514800599E-015
          18           6   2.2763637217685322E-013
          18           7   3.0852837106943975E-013
          18           8  -3.0739772838836916E-013
          18           9  -2.1988254761210753E-002
          18          10  -8.5089270698834873E-015
          18          11   3.3647726532110012E-014
          18          12 -0.16398316521313014     
          18          13  -6.8781785822480401E-014
          18          14   2.6225722982164967E-013
          18          15  0.22155989668698223     
          18          16   1.7362934007225661E-013
          18          17  -6.0594368064825765E-013
          18          18   9.7414297191607158E-002
          18          19   2.5472571101026187E-014
          18          20  -1.0087850693674127E-014
          18          21   8.3989265700622914E-002
          18          22  -2.2925259780814944E-013
          18          23   3.3433802601456897E-013
          18          24   2.9536032477685867E-002
          18          25  -1.3763556266921384E-013
          18          26   8.1186619926842951E-013
          18          27  -1.4905473187780240E-002
          18          28  -1.0622861097708824E-013
          18          29   2.3238529156532906E-013
          18          30  -2.0362057719208868E-013
          18          31  -1.2105807383624043E-014
          18          32  -2.4330090204582248E-013
          18          33   3.6431628972701569E-014
          18          34  -2.0136174023876599E-014
          18          35   1.9909007331862818E-013
          18          36  -6.4194343800449357E-014
          18          37  -1.6463711241527324E-014
          18          38  -1.0399346728287861E-013
          18          39  -2.1289417941103513E-014
          18          40  -1.4036632753291530E-014
          18          41  -6.8577648349338321E-014
          19           1   2.3174006290524657E-015
          19           2   1.5361585401419156E-014
          19           3   3.5754820836896125E-014
          19           4  -7.8277789232574177E-014
          19           5   1.7207326705197156E-014
          19           6  -1.3446037458170486E-013
          19           7  -6.4439623985097111E-013
          19           8   1.9395644407962514E-013
          19           9  -3.9911379322993268E-015
          19          10  -2.1988254761221709E-002
          19          11  -4.6209238692418442E-015
          19          12  -4.3406467656326164E-014
          19          13 -0.16398316521321515     
          19          14  -3.3911241870132613E-014
          19          15   1.9523076731642330E-013
          19          16  0.22155989668714759     
          19          17   7.1798469947204069E-014
          19          18   2.5472571101026187E-014
          19          19   9.7414297191704510E-002
          19          20  -1.0113481233031685E-013
          19          21  -2.0773075100344318E-013
          19          22   8.3989265700428778E-002
          19          23   1.5866648273021866E-013
          19          24  -4.2383197645934345E-014
          19          25   2.9536032477616533E-002
          19          26  -4.5853945640494942E-013
          19          27   9.8232403114573152E-014
          19          28  -1.4905473187884282E-002
          19          29   2.3369414042795356E-013
          19          30  -2.8033178805083044E-014
          19          31   1.0560812409818131E-014
          19          32  -3.7859967052555049E-013
          19          33  -4.6777682977670861E-014
          19          34  -3.0125045588606610E-014
          19          35   8.5853138839700747E-013
          19          36   7.1962752857701591E-014
          19          37   3.3169506510042555E-014
          19          38   1.0027173103889962E-013
          19          39   1.8660486888665360E-014
          19          40   5.0268147519418429E-014
          19          41   1.9184824802049624E-013
          20           1   5.1344678859486884E-015
          20           2  -1.7485495828127448E-015
          20           3  -1.9265753769119037E-013
          20           4   7.8610122141854302E-014
          20           5   9.9437987027914827E-014
