           1           1  0.77149795111852826     
           1           2  0.54679042753214602     
           1           3   5.8005907238695081E-014
           1           4  -4.6764048007032800E-014
           1           5  -4.7013836076595665E-014
           1           6  -6.7787934294750385E-002
           1           7   1.0371336986732428E-013
           1           8  -9.4339792350402338E-014
           1           9  -5.5425886320666700E-014
           1          10  -3.5219397485410232E-002
           1          11   6.4365661354056539E-014
           1          12  -7.2505266401920408E-014
           1          13  -4.5160614599666025E-014
           2           1  0.54679042753214602     
           2           2  0.39827241218459619     
           2           3   3.3204409728065271E-014
           2           4  -2.5563532634885968E-014
           2           5  -2.7713688186104551E-014
           2           6 -0.11888973716811067     
           2           7   5.3590680183567200E-014
           2           8  -4.6996260724463551E-014
           2           9  -2.8162182757383037E-014
           2          10  -6.4852294829498655E-002
           2          11   2.7043206191102881E-014
           2          12  -3.2917462065881601E-014
           2          13  -1.9806851244199746E-014
           3           1   5.8005907238695081E-014
           3           2   3.3204409728065271E-014
           3           3   1.0198093633766153E-026
           3           4  -9.1130201906901657E-027
           3           5  -7.6701457283003683E-027
           3           6   4.7219475700398661E-014
           3           7   2.2486270495656902E-026
           3           8  -2.1749883702004657E-026
           3           9  -1.2376733186467322E-026
           3          10   2.6802158726269131E-014
           3          11   1.8563334965711225E-026
           3          12  -1.9094315265144785E-026
           3          13  -1.2400332617704498E-026
           4           1  -4.6764048007032800E-014
           4           2  -2.5563532634885968E-014
           4           3  -9.1130201906901657E-027
           4           4   8.2017152837760067E-027
           4           5   6.8148652531485539E-027
           4           6  -4.6058787713710707E-014
           4           7  -2.0370409327979012E-026
           4           8   1.9772265930020067E-026
           4           9   1.1231778047434861E-026
           4          10  -2.6105355551743588E-014
           4          11  -1.7062386852726667E-026
           4          12   1.7477838864104590E-026
           4          13   1.1372129867021385E-026
           5           1  -4.7013836076595665E-014
           5           2  -2.7713688186104551E-014
           5           3  -7.6701457283003683E-027
           5           4   6.8148652531485539E-027
           5           5   5.7956516014724141E-027
           5           6  -3.2931034971781437E-014
           5           7  -1.6729748116632715E-026
           5           8   1.6135110999573275E-026
           5           9   9.1938555007357651E-027
           5          10  -1.8718576835832134E-014
           5          11  -1.3643093217846198E-026
           5          12   1.4082433619369572E-026
           5          13   9.1322545835965297E-027
           6           1  -6.7787934294750385E-002
           6           2 -0.11888973716811067     
           6           3   4.7219475700398661E-014
           6           4  -4.6058787713710707E-014
           6           5  -3.2931034971781437E-014
           6           6  0.47488566183115677     
           6           7   1.2252821587767050E-013
           6           8  -1.2307277340181841E-013
           6           9  -6.8712359959642718E-014
           6          10  0.26706027278777322     
           6          11   1.1736400861680095E-013
           6          12  -1.1591968095971407E-013
           6          13  -7.6741826829369174E-014
           7           1   1.0371336986732428E-013
           7           2   5.3590680183567200E-014
           7           3   2.2486270495656902E-026
           7           4  -2.0370409327979012E-026
           7           5  -1.6729748116632715E-026
           7           6   1.2252821587767050E-013
           7           7   5.0916441336518587E-026
           7           8  -4.9573138997631795E-026
           7           9  -2.8109972699363705E-026
           7          10   6.9375492966269974E-014
           7          11   4.3180115235060482E-026
           7          12  -4.4073025119045818E-026
           7          13  -2.8733096067957411E-026
           8           1  -9.4339792350402338E-014
           8           2  -4.6996260724463551E-014
           8           3  -2.1749883702004657E-026
           8           4   1.9772265930020067E-026
           8           5   1.6135110999573275E-026
           8           6  -1.2307277340181841E-013
           8           7  -4.9573138997631795E-026
           8           8   4.8345136375604529E-026
           8           9   2.7392136597939040E-026
           8          10  -6.9644308180646839E-014
           8          11  -4.2326797411021049E-026
           8          12   4.3120379675927349E-026
           8          13   2.8135172377299606E-026
           9           1  -5.5425886320666700E-014
           9           2  -2.8162182757383037E-014
           9           3  -1.2376733186467322E-026
           9           4   1.1231778047434861E-026
           9           5   9.1938555007357651E-027
           9           6  -6.8712359959642718E-014
           9           7  -2.8109972699363705E-026
           9           8   2.7392136597939040E-026
           9           9   1.5528449248496831E-026
           9          10  -3.8891145302866946E-014
           9          11  -2.3926865876526638E-026
           9          12   2.4397657103061916E-026
           9          13   1.5909677646494255E-026
          10           1  -3.5219397485410232E-002
          10           2  -6.4852294829498655E-002
          10           3   2.6802158726269131E-014
          10           4  -2.6105355551743588E-014
          10           5  -1.8718576835832134E-014
          10           6  0.26706027278777322     
          10           7   6.9375492966269974E-014
          10           8  -6.9644308180646839E-014
          10           9  -3.8891145302866946E-014
          10          10  0.15020032800545266     
          10          11   6.6307644675936368E-014
          10          12  -6.5527024850774412E-014
          10          13  -4.3372831439992267E-014
          11           1   6.4365661354056539E-014
          11           2   2.7043206191102881E-014
          11           3   1.8563334965711225E-026
          11           4  -1.7062386852726667E-026
          11           5  -1.3643093217846198E-026
          11           6   1.1736400861680095E-013
          11           7   4.3180115235060482E-026
          11           8  -4.2326797411021049E-026
          11           9  -2.3926865876526638E-026
          11          10   6.6307644675936368E-014
          11          11   3.7646047878632826E-026
          11          12  -3.8132510848110479E-026
          11          13  -2.4939402643184699E-026
          12           1  -7.2505266401920408E-014
          12           2  -3.2917462065881601E-014
          12           3  -1.9094315265144785E-026
          12           4   1.7477838864104590E-026
          12           5   1.4082433619369572E-026
          12           6  -1.1591968095971407E-013
          12           7  -4.4073025119045818E-026
          12           8   4.3120379675927349E-026
          12           9   2.4397657103061916E-026
          12          10  -6.5527024850774412E-014
          12          11  -3.8132510848110479E-026
          12          12   3.8706586230038090E-026
          12          13   2.5291203333563709E-026
          13           1  -4.5160614599666025E-014
          13           2  -1.9806851244199746E-014
          13           3  -1.2400332617704498E-026
          13           4   1.1372129867021385E-026
          13           5   9.1322545835965297E-027
          13           6  -7.6741826829369174E-014
          13           7  -2.8733096067957411E-026
          13           8   2.8135172377299606E-026
          13           9   1.5909677646494255E-026
          13          10  -4.3372831439992267E-014
          13          11  -2.4939402643184699E-026
          13          12   2.5291203333563709E-026
          13          13   1.6536085161883301E-026
