           1           1  0.36884090306141304     
           1           2  0.60548002997061634     
           1           3 -0.13454130599399150     
           1           4 -0.12406410770817650     
           1           5   1.9669821808764296E-002
           1           6   2.4089599618732409E-002
           1           7  -1.2632990767220808E-015
           1           8   2.6681699110452625E-015
           1           9   2.0878642697569005E-014
           1          10   8.8581565710569286E-015
           1          11  -7.4834669791237687E-015
           1          12  -9.4049588226611551E-016
           1          13  -2.7252874468870533E-015
           1          14   6.8581399163063186E-016
           1          15  -1.1113419866733438E-014
           1          16   2.6653531695385507E-015
           1          17  -9.3907946307955288E-015
           1          18  -7.8839698390309430E-015
           1          19  -9.4017681624955773E-015
           1          20   1.7583159404308299E-014
           1          21   2.0311468283958818E-014
           2           1  0.60548002997061634     
           2           2   1.0206184004747612     
           2           3 -0.35895146741987322     
           2           4 -0.32881527167524477     
           2           5   5.4530500729806176E-002
           2           6   6.5773648693371045E-002
           2           7  -1.5938934840422409E-015
           2           8   2.5752944101603301E-015
           2           9   3.4410486629514728E-014
           2          10   1.5085618600262276E-014
           2          11  -1.3839878339277795E-014
           2          12   1.4353340330034274E-016
           2          13  -5.3720704120517196E-015
           2          14   2.9157644593891758E-015
           2          15  -1.6814859292329829E-014
           2          16   5.4985234799060571E-015
           2          17  -1.7103901027196537E-014
           2          18  -1.5388051539040529E-014
           2          19  -1.6028555661035503E-014
           2          20   2.8807963706099513E-014
           2          21   3.2235026064503726E-014
           3           1 -0.13454130599399150     
           3           2 -0.35895146741987322     
           3           3  0.76435037359215430     
           3           4  0.69725733582284843     
           3           5 -0.14034345109716773     
           3           6 -0.15981959609712720     
           3           7  -5.3502121619217411E-015
           3           8   9.9416499801156322E-015
           3           9  -2.2048572093590653E-015
           3          10  -1.0702408520044050E-014
           3          11   1.3006735502486951E-014
           3          12   2.1769213118677044E-016
           3          13   5.3532955537056217E-015
           3          14  -9.2704144053890519E-015
           3          15  -2.7882134872189921E-015
           3          16  -6.6881837819089139E-015
           3          17   1.2373747554260217E-014
           3          18   1.5701614383940744E-014
           3          19   6.4996896154350881E-015
           3          20  -6.2206995295846848E-015
           3          21  -2.7520893734040206E-015
           4           1 -0.12406410770817650     
           4           2 -0.32881527167524477     
           4           3  0.69725733582284843     
           4           4  0.66621355515859559     
           4           5 -0.27290881362388286     
           4           6 -0.26816632831748122     
           4           7   1.0273327142088791E-014
           4           8  -1.1615338933699161E-014
           4           9  -1.7533974854653990E-014
           4          10   1.1517576469989013E-014
           4          11  -1.6887326719976675E-014
           4          12  -2.1143416834742598E-014
           4          13   5.2051593631793063E-015
           4          14  -8.5577430644743113E-015
           4          15  -2.1426162250469124E-015
           4          16  -5.5340220025551769E-015
           4          17   1.3155549026741123E-014
           4          18   1.5987263071061096E-014
           4          19   5.9591992655947132E-015
           4          20  -6.5935791602430618E-015
           4          21  -1.1438760172391899E-014
           5           1   1.9669821808764296E-002
           5           2   5.4530500729806176E-002
           5           3 -0.14034345109716773     
           5           4 -0.27290881362388286     
           5           5  0.72215253753573416     
           5           6  0.61753232954962078     
           5           7  -2.0170562143445909E-014
           5           8   1.8866283685747110E-014
           5           9   1.2637127175488138E-014
           5          10  -2.8200745931407201E-014
           5          11   2.5825173437751709E-014
           5          12   1.6080273233856658E-014
           5          13   8.3006082047388745E-016
           5          14  -2.8053272306071372E-015
           5          15  -4.9747484519379332E-015
           5          16  -1.8493605030640427E-015
           5          17  -1.0547348478457967E-014
           5          18  -1.0346431506048102E-014
           5          19  -9.5819333942026699E-016
           5          20   4.8504075575505896E-015
           5          21   4.2624978362644646E-014
           6           1   2.4089599618732409E-002
           6           2   6.5773648693371045E-002
           6           3 -0.15981959609712720     
           6           4 -0.26816632831748122     
           6           5  0.61753232954962078     
           6           6  0.53021882368709494     
           6           7   9.5829408383758499E-015
           6           8  -1.2687815370623853E-014
           6           9   2.7526625420947211E-015
           6          10   1.3676001502407889E-014
           6          11  -1.8268275914779144E-014
           6          12   2.2812955980485090E-015
           6          13   2.0949060697811150E-015
           6          14  -3.6659480595115569E-015
           6          15  -4.5733727703401378E-015
           6          16  -1.3553812348717400E-015
           6          17  -9.4162718495878611E-015
           6          18  -9.5429149458321025E-015
           6          19  -1.1116120808291957E-015
           6          20   4.3851910503987112E-015
           6          21   3.6146707883426328E-014
           7           1  -1.2632990767220808E-015
           7           2  -1.5938934840422409E-015
           7           3  -5.3502121619217411E-015
           7           4   1.0273327142088791E-014
           7           5  -2.0170562143445909E-014
           7           6   9.5829408383758499E-015
           7           7  0.43500087352960021     
           7           8   1.3340023530261647E-014
           7           9   1.9699519793192628E-014
           7          10  0.60979611747754880     
           7          11   6.7237881928861011E-015
           7          12   7.5009443101237186E-015
           7          13   2.7822450726349812E-002
           7          14  -2.2702109289673990E-014
           7          15  -3.2145943892891734E-014
           7          16  -2.5564287883603847E-003
           7          17   9.2625017898695057E-015
           7          18  -5.3783610594674320E-015
           7          19   8.9233738776769165E-004
           7          20   2.1835113469918803E-014
           7          21   2.9140189881319505E-014
           8           1   2.6681699110452625E-015
           8           2   2.5752944101603301E-015
           8           3   9.9416499801156322E-015
           8           4  -1.1615338933699161E-014
           8           5   1.8866283685747110E-014
           8           6  -1.2687815370623853E-014
           8           7   1.3340023530261647E-014
           8           8  0.43500087352960248     
           8           9   8.9511731360403207E-016
           8          10   1.1657341758564142E-014
           8          11  0.60979611747754747     
           8          12   8.9858676055598726E-016
           8          13  -2.5652223401007331E-016
           8          14   2.7822450726353094E-002
           8          15  -2.6031694161376409E-016
           8          16   1.2244545655182291E-014
           8          17  -2.5564287883599315E-003
           8          18   1.3756750187783616E-014
           8          19   3.6058531377794467E-016
           8          20   8.9233738775942254E-004
           8          21  -7.4858163016857962E-015
           9           1   2.0878642697569005E-014
           9           2   3.4410486629514728E-014
           9           3  -2.2048572093590653E-015
           9           4  -1.7533974854653990E-014
           9           5   1.2637127175488138E-014
           9           6   2.7526625420947211E-015
           9           7   1.9699519793192628E-014
           9           8   8.9511731360403207E-016
           9           9  0.43500087352959871     
           9          10   1.3884726701718372E-014
           9          11  -2.8518853945058724E-015
           9          12  0.60979611747754525     
           9          13   1.1108518618851973E-014
           9          14   8.3844606604821467E-015
           9          15   2.7822450726355853E-002
           9          16   5.6967370274177113E-015
           9          17  -5.2464001025487419E-015
           9          18  -2.5564287883585481E-003
           9          19   1.1779145096379301E-014
           9          20   3.9553219911576307E-015
           9          21   8.9233738776799305E-004
          10           1   8.8581565710569286E-015
          10           2   1.5085618600262276E-014
          10           3  -1.0702408520044050E-014
          10           4   1.1517576469989013E-014
          10           5  -2.8200745931407201E-014
          10           6   1.3676001502407889E-014
          10           7  0.60979611747754880     
          10           8   1.1657341758564142E-014
          10           9   1.3884726701718372E-014
          10          10  0.85482886936241931     
          10          11  -5.1347814888914003E-016
          10          12  -8.7291285311152870E-015
          10          13   3.9002272097283859E-002
          10          14  -3.2275831313155504E-014
          10          15  -4.5939814452555819E-014
          10          16  -3.5836717688321560E-003
          10          17   1.3025930160892549E-014
          10          18  -7.4588230557227435E-015
          10          19   1.2509029468586873E-003
          10          20   3.0594545451755070E-014
          10          21   4.0821356982624069E-014
          11           1  -7.4834669791237687E-015
          11           2  -1.3839878339277795E-014
          11           3   1.3006735502486951E-014
          11           4  -1.6887326719976675E-014
          11           5   2.5825173437751709E-014
          11           6  -1.8268275914779144E-014
          11           7   6.7237881928861011E-015
          11           8  0.60979611747754747     
          11           9  -2.8518853945058724E-015
          11          10  -5.1347814888914003E-016
          11          11  0.85482886936241087     
          11          12  -4.5068115905877433E-015
          11          13  -1.1271365785159351E-015
          11          14   3.9002272097288168E-002
          11          15  -6.2601833439311803E-016
          11          16   1.7235263780404630E-014
          11          17  -3.5836717688314942E-003
          11          18   1.9308597147375842E-014
          11          19   4.8084366349732319E-016
          11          20   1.2509029468470863E-003
          11          21  -1.0502178553889559E-014
          12           1  -9.4049588226611551E-016
          12           2   1.4353340330034274E-016
          12           3   2.1769213118677044E-016
          12           4  -2.1143416834742598E-014
          12           5   1.6080273233856658E-014
          12           6   2.2812955980485090E-015
          12           7   7.5009443101237186E-015
          12           8   8.9858676055598726E-016
          12           9  0.60979611747754525     
          12          10  -8.7291285311152870E-015
          12          11  -4.5068115905877433E-015
          12          12  0.85482886936241242     
          12          13   1.4284797303365499E-014
          12          14   1.1727598059341208E-014
          12          15   3.9002272097292241E-002
          12          16   8.1041672938402922E-015
          12          17  -7.3525576902919039E-015
          12          18  -3.5836717688295739E-003
          12          19   1.6471104536709678E-014
          12          20   5.5439187312059054E-015
          12          21   1.2509029468591071E-003
          13           1  -2.7252874468870533E-015
          13           2  -5.3720704120517196E-015
          13           3   5.3532955537056217E-015
          13           4   5.2051593631793063E-015
          13           5   8.3006082047388745E-016
          13           6   2.0949060697811150E-015
          13           7   2.7822450726349812E-002
          13           8  -2.5652223401007331E-016
          13           9   1.1108518618851973E-014
          13          10   3.9002272097283859E-002
          13          11  -1.1271365785159351E-015
          13          12   1.4284797303365499E-014
          13          13   1.7795108283401510E-003
          13          14  -1.5229516866360742E-015
          13          15  -1.4261866427417439E-015
          13          16  -1.6350798005649122E-004
          13          17   5.9893869106939312E-016
          13          18  -4.0190358094496241E-016
          13          19   5.7073478612789314E-005
          13          20   1.3943000874423656E-015
          13          21   1.8840181151281873E-015
          14           1   6.8581399163063186E-016
          14           2   2.9157644593891758E-015
          14           3  -9.2704144053890519E-015
          14           4  -8.5577430644743113E-015
          14           5  -2.8053272306071372E-015
          14           6  -3.6659480595115569E-015
          14           7  -2.2702109289673990E-014
          14           8   2.7822450726353094E-002
          14           9   8.3844606604821467E-015
          14          10  -3.2275831313155504E-014
          14          11   3.9002272097288168E-002
          14          12   1.1727598059341208E-014
          14          13  -1.5229516866360742E-015
          14          14   1.7795108283405615E-003
          14          15   5.1591082751367883E-016
          14          16   9.2159556353524784E-016
          14          17  -1.6350798005648070E-004
          14          18   8.3093085092705861E-016
          14          19  -2.5254710838840414E-017
          14          20   5.7073478612266831E-005
          14          21  -4.6169817779074191E-016
          15           1  -1.1113419866733438E-014
          15           2  -1.6814859292329829E-014
          15           3  -2.7882134872189921E-015
          15           4  -2.1426162250469124E-015
          15           5  -4.9747484519379332E-015
          15           6  -4.5733727703401378E-015
          15           7  -3.2145943892891734E-014
          15           8  -2.6031694161376409E-016
          15           9   2.7822450726355853E-002
          15          10  -4.5939814452555819E-014
          15          11  -6.2601833439311803E-016
          15          12   3.9002272097292241E-002
          15          13  -1.4261866427417439E-015
          15          14   5.1591082751367883E-016
          15          15   1.7795108283409299E-003
          15          16   5.6068668317147116E-016
          15          17  -3.3370557022969077E-016
          15          18  -1.6350798005640985E-004
          15          19   6.8489728862270008E-016
          15          20   2.5234000883296260E-016
          15          21   5.7073478612821156E-005
          16           1   2.6653531695385507E-015
          16           2   5.4985234799060571E-015
          16           3  -6.6881837819089139E-015
          16           4  -5.5340220025551769E-015
          16           5  -1.8493605030640427E-015
          16           6  -1.3553812348717400E-015
          16           7  -2.5564287883603847E-003
          16           8   1.2244545655182291E-014
          16           9   5.6967370274177113E-015
          16          10  -3.5836717688321560E-003
          16          11   1.7235263780404630E-014
          16          12   8.1041672938402922E-015
          16          13  -1.6350798005649122E-004
          16          14   9.2159556353524784E-016
          16          15   5.6068668317147116E-016
          16          16   1.5023712854360297E-005
          16          17  -1.2685821868607986E-016
          16          18  -2.5404635667769260E-018
          16          19  -5.2441205221096832E-006
          16          20  -1.0304664023119628E-016
          16          21  -1.5933822644426352E-016
          17           1  -9.3907946307955288E-015
          17           2  -1.7103901027196537E-014
          17           3   1.2373747554260217E-014
          17           4   1.3155549026741123E-014
          17           5  -1.0547348478457967E-014
          17           6  -9.4162718495878611E-015
          17           7   9.2625017898695057E-015
          17           8  -2.5564287883599315E-003
          17           9  -5.2464001025487419E-015
          17          10   1.3025930160892549E-014
          17          11  -3.5836717688314942E-003
          17          12  -7.3525576902919039E-015
          17          13   5.9893869106939312E-016
          17          14  -1.6350798005648070E-004
          17          15  -3.3370557022969077E-016
          17          16  -1.2685821868607986E-016
          17          17   1.5023712854354896E-005
          17          18  -5.0037306688572792E-017
          17          19   1.7040344135099166E-017
          17          20  -5.2441205220601173E-006
          17          21   3.3236302300201900E-017
          18           1  -7.8839698390309430E-015
          18           2  -1.5388051539040529E-014
          18           3   1.5701614383940744E-014
          18           4   1.5987263071061096E-014
          18           5  -1.0346431506048102E-014
          18           6  -9.5429149458321025E-015
          18           7  -5.3783610594674320E-015
          18           8   1.3756750187783616E-014
          18           9  -2.5564287883585481E-003
          18          10  -7.4588230557227435E-015
          18          11   1.9308597147375842E-014
          18          12  -3.5836717688295739E-003
          18          13  -4.0190358094496241E-016
          18          14   8.3093085092705861E-016
          18          15  -1.6350798005640985E-004
          18          16  -2.5404635667769260E-018
          18          17  -5.0037306688572792E-017
          18          18   1.5023712854338775E-005
          18          19  -8.0037969600738376E-017
          18          20   4.9803419715391919E-018
          18          21  -5.2441205221076994E-006
          19           1  -9.4017681624955773E-015
          19           2  -1.6028555661035503E-014
          19           3   6.4996896154350881E-015
          19           4   5.9591992655947132E-015
          19           5  -9.5819333942026699E-016
          19           6  -1.1116120808291957E-015
          19           7   8.9233738776769165E-004
          19           8   3.6058531377794467E-016
          19           9   1.1779145096379301E-014
          19          10   1.2509029468586873E-003
          19          11   4.8084366349732319E-016
          19          12   1.6471104536709678E-014
          19          13   5.7073478612789314E-005
          19          14  -2.5254710838840414E-017
          19          15   6.8489728862270008E-016
          19          16  -5.2441205221096832E-006
          19          17   1.7040344135099166E-017
          19          18  -8.0037969600738376E-017
          19          19   1.8304929226716169E-006
          19          20   4.5477185703179422E-017
          19          21   8.3864705637813368E-017
          20           1   1.7583159404308299E-014
          20           2   2.8807963706099513E-014
          20           3  -6.2206995295846848E-015
          20           4  -6.5935791602430618E-015
          20           5   4.8504075575505896E-015
          20           6   4.3851910503987112E-015
          20           7   2.1835113469918803E-014
          20           8   8.9233738775942254E-004
          20           9   3.9553219911576307E-015
          20          10   3.0594545451755070E-014
          20          11   1.2509029468470863E-003
          20          12   5.5439187312059054E-015
          20          13   1.3943000874423656E-015
          20          14   5.7073478612266831E-005
          20          15   2.5234000883296260E-016
          20          16  -1.0304664023119628E-016
          20          17  -5.2441205220601173E-006
          20          18   4.9803419715391919E-018
          20          19   4.5477185703179422E-017
          20          20   1.8304929226376738E-006
          20          21  -7.2432632818072511E-018
          21           1   2.0311468283958818E-014
          21           2   3.2235026064503726E-014
          21           3  -2.7520893734040206E-015
          21           4  -1.1438760172391899E-014
          21           5   4.2624978362644646E-014
          21           6   3.6146707883426328E-014
          21           7   2.9140189881319505E-014
          21           8  -7.4858163016857962E-015
          21           9   8.9233738776799305E-004
          21          10   4.0821356982624069E-014
          21          11  -1.0502178553889559E-014
          21          12   1.2509029468591071E-003
          21          13   1.8840181151281873E-015
          21          14  -4.6169817779074191E-016
          21          15   5.7073478612821156E-005
          21          16  -1.5933822644426352E-016
          21          17   3.3236302300201900E-017
          21          18  -5.2441205221076994E-006
          21          19   8.3864705637813368E-017
          21          20  -7.2432632818072511E-018
          21          21   1.8304929226728546E-006
