           1           1  0.38654705345815343     
           1           2  0.63152658374931780     
           1           3 -0.24955649188845408     
           1           4  -6.3406114228529209E-002
           1           5   8.7831812618808958E-002
           1           6  -1.2810107205901953E-002
           1           7   3.3249234928968126E-015
           1           8   2.0446455385173251E-015
           1           9   4.7621325187679920E-015
           1          10   2.3769071860547535E-015
           1          11   3.9117955679985875E-015
           1          12   3.7502438148411495E-015
           1          13   2.6066095391166376E-015
           1          14   9.6183282386645360E-016
           1          15   3.0936237003909174E-016
           1          16  -3.5671410424208244E-015
           1          17  -1.0144027635227443E-015
           1          18   1.0962095017467625E-015
           1          19   1.8194777323021787E-015
           1          20   2.5842162141895550E-015
           1          21  -7.3011114857200610E-016
           2           1  0.63152658374931780     
           2           2   1.0624851357780263     
           2           3 -0.63579241933521735     
           2           4 -0.15148468723920638     
           2           5  0.24884292238278521     
           2           6  -3.6727769624052886E-002
           2           7   7.7150095401203959E-015
           2           8   6.4113844263637556E-015
           2           9   1.0420261693418317E-014
           2          10   6.8263052539641763E-015
           2          11   1.0065868739480709E-014
           2          12   8.9588918883669739E-015
           2          13   4.9412788419600771E-015
           2          14   5.6805921381909805E-016
           2          15   1.5374029428682033E-015
           2          16  -6.9651188111280688E-015
           2          17  -3.7641858661153492E-016
           2          18   1.9118558568702664E-015
           2          19   3.1815410333903852E-015
           2          20   4.4377214419256375E-015
           2          21  -1.3778309208971249E-015
           3           1 -0.24955649188845408     
           3           2 -0.63579241933521735     
           3           3   2.0372622926522785     
           3           4  0.10999942302346788     
           3           5  -1.1824936349700446     
           3           6  0.22567879812169256     
           3           7  -2.0662120711760323E-014
           3           8  -3.2942048866442958E-014
           3           9  -2.8719181767825392E-014
           3          10  -2.2280114171288207E-014
           3          11  -3.7107045704642886E-014
           3          12  -3.2026682221246884E-014
           3          13  -2.1789094002589584E-017
           3          14   1.0855336820800149E-014
           3          15  -9.6402468738687476E-015
           3          16   8.1785413817282920E-015
           3          17  -9.1041577280166156E-015
           3          18  -2.1944797428560699E-016
           3          19  -1.6236502510870371E-015
           3          20  -1.2208900391279569E-015
           3          21   1.5621009035744732E-015
           4           1  -6.3406114228529209E-002
           4           2 -0.15148468723920638     
           4           3  0.10999942302346788     
           4           4  0.62529722399813226     
           4           5  0.38871969144080493     
           4           6 -0.17619349543702748     
           4           7   3.8764573600924998E-015
           4           8   1.7251365158078634E-014
           4           9   7.6265321158587699E-015
           4          10   2.9959086997713688E-016
           4          11   1.7269659438827084E-014
           4          12   1.5014474903376886E-014
           4          13  -1.5267088355049142E-014
           4          14  -7.7231596280619296E-015
           4          15   1.1216529943332605E-015
           4          16   7.6480079106693798E-015
           4          17   3.4639777132876586E-016
           4          18  -2.8983486266969531E-015
           4          19  -3.4601568946211452E-015
           4          20  -4.1873038644035321E-015
           4          21   1.1207698395712146E-015
           5           1   8.7831812618808958E-002
           5           2  0.24884292238278521     
           5           3  -1.1824936349700446     
           5           4  0.38871969144080493     
           5           5   2.1711458449518704     
           5           6 -0.24706623190590257     
           5           7  -5.6190086312236945E-015
           5           8  -1.6925606299316688E-014
           5           9  -2.1193206099589277E-014
           5          10  -1.6150830347956626E-014
           5          11  -2.4990514664666499E-014
           5          12  -1.8923075775110036E-014
           5          13  -7.5327783340221197E-015
           5          14  -1.2916101495740799E-014
           5          15   8.7363441913328526E-015
           5          16   4.6214761765496070E-015
           5          17   9.0351665207587401E-015
           5          18  -2.8543969910859528E-015
           5          19  -1.0471683254441351E-015
           5          20  -6.1964179313626075E-015
           5          21   9.9250907397710911E-016
           6           1  -1.2810107205901953E-002
           6           2  -3.6727769624052886E-002
           6           3  0.22567879812169256     
           6           4 -0.17619349543702748     
           6           5 -0.24706623190590257     
           6           6   9.1759930521175120E-002
           6           7   9.5303549754415032E-015
           6           8   2.4557464877151389E-014
           6           9   2.0740859791638616E-014
           6          10   1.5136773037244931E-014
           6          11   3.1858051901041779E-014
           6          12   2.3903781969052181E-014
           6          13   5.2499554727422081E-015
           6          14   4.5662899402214170E-015
           6          15  -1.6827546953665729E-015
           6          16  -3.6116843212806598E-016
           6          17  -6.6955508022339207E-016
           6          18   2.3759189293157704E-015
           6          19   8.0440021613352545E-016
           6          20   6.5624357062397827E-016
           6          21  -6.3455059915765977E-016
           7           1   3.3249234928968126E-015
           7           2   7.7150095401203959E-015
           7           3  -2.0662120711760323E-014
           7           4   3.8764573600924998E-015
           7           5  -5.6190086312236945E-015
           7           6   9.5303549754415032E-015
           7           7  0.73749316552663458     
           7           8   4.6906922790413053E-015
           7           9   3.0322966360074450E-015
           7          10  0.62938905104321696     
           7          11   3.9968028886505635E-015
           7          12   3.2612801348364064E-015
           7          13  -6.1736919832110396E-002
           7          14  -3.3348974623482376E-015
           7          15   1.1861171766994135E-016
           7          16   5.3268687116230014E-002
           7          17  -4.8711035205428475E-015
           7          18  -8.7950480232024388E-015
           7          19  -1.6820195193337939E-002
           7          20   5.3195295390828671E-015
           7          21  -3.1622924764884637E-015
           8           1   2.0446455385173251E-015
           8           2   6.4113844263637556E-015
           8           3  -3.2942048866442958E-014
           8           4   1.7251365158078634E-014
           8           5  -1.6925606299316688E-014
           8           6   2.4557464877151389E-014
           8           7   4.6906922790413053E-015
           8           8  0.73749316552663480     
           8           9   3.3584246494910875E-015
           8          10  -3.0392355299113716E-015
           8          11  0.62938905104322407     
           8          12   5.9396931817445938E-015
           8          13  -3.5727714189915435E-015
           8          14  -6.1736919832116058E-002
           8          15  -1.6729239521449208E-016
           8          16   5.7254548324614597E-015
           8          17   5.3268687116217468E-002
           8          18  -2.1838433839072043E-014
           8          19   1.0000680839006186E-015
           8          20  -1.6820195193328964E-002
           8          21  -4.3964398094287150E-015
           9           1   4.7621325187679920E-015
           9           2   1.0420261693418317E-014
           9           3  -2.8719181767825392E-014
           9           4   7.6265321158587699E-015
           9           5  -2.1193206099589277E-014
           9           6   2.0740859791638616E-014
           9           7   3.0322966360074450E-015
           9           8   3.3584246494910875E-015
           9           9  0.73749316552663635     
           9          10  -1.9290125052862012E-015
           9          11   5.4539706084710831E-015
           9          12  0.62938905104322185     
           9          13  -3.2514138950667386E-015
           9          14  -3.6596160130075259E-015
           9          15  -6.1736919832110097E-002
           9          16   7.5746700578527187E-015
           9          17  -1.0335482469869840E-014
           9          18   5.3268687116214075E-002
           9          19  -3.4998046127831393E-016
           9          20   8.5324542570264354E-015
           9          21  -1.6820195193343265E-002
          10           1   2.3769071860547535E-015
          10           2   6.8263052539641763E-015
          10           3  -2.2280114171288207E-014
          10           4   2.9959086997713688E-016
          10           5  -1.6150830347956626E-014
          10           6   1.5136773037244931E-014
          10           7  0.62938905104321696     
          10           8  -3.0392355299113716E-015
          10           9  -1.9290125052862012E-015
          10          10  0.60001107332118109     
          10          11  -5.4747872901828016E-015
          10          12  -3.0808688933348129E-015
          10          13  -3.8489867866622479E-002
          10          14  -4.0627223807376570E-015
          10          15   7.9038338374175376E-017
          10          16   4.0585404999835928E-002
          10          17  -6.9909356081865531E-015
          10          18  -1.1775302954930563E-014
          10          19  -1.2352005644416618E-002
          10          20   6.9084278228603975E-015
          10          21  -3.5178023688464693E-015
          11           1   3.9117955679985875E-015
          11           2   1.0065868739480709E-014
          11           3  -3.7107045704642886E-014
          11           4   1.7269659438827084E-014
          11           5  -2.4990514664666499E-014
          11           6   3.1858051901041779E-014
          11           7   3.9968028886505635E-015
          11           8  0.62938905104322407     
          11           9   5.4539706084710831E-015
          11          10  -5.4747872901828016E-015
          11          11  0.60001107332119530     
          11          12   6.6405214660392176E-015
          11          13  -4.3951387668217395E-015
          11          14  -3.8489867866629952E-002
          11          15  -5.9023966270111098E-016
          11          16   6.3213323464594835E-015
          11          17   4.0585404999820364E-002
          11          18  -2.6536932373755207E-014
          11          19   1.5385913029741789E-015
          11          20  -1.2352005644404768E-002
          11          21  -5.7200338215990243E-015
          12           1   3.7502438148411495E-015
          12           2   8.9588918883669739E-015
          12           3  -3.2026682221246884E-014
          12           4   1.5014474903376886E-014
          12           5  -1.8923075775110036E-014
          12           6   2.3903781969052181E-014
          12           7   3.2612801348364064E-015
          12           8   5.9396931817445938E-015
          12           9  0.62938905104322185     
          12          10  -3.0808688933348129E-015
          12          11   6.6405214660392176E-015
          12          12  0.60001107332119163     
          12          13  -3.9120182787622255E-015
          12          14  -5.6810025433895737E-015
          12          15  -3.8489867866621730E-002
          12          16   8.4775936270986610E-015
          12          17  -1.1744945294100960E-014
          12          18   4.0585404999816020E-002
          12          19  -1.0917915876929537E-016
          12          20   1.0491607582707723E-014
          12          21  -1.2352005644423503E-002
          13           1   2.6066095391166376E-015
          13           2   4.9412788419600771E-015
          13           3  -2.1789094002589584E-017
          13           4  -1.5267088355049142E-014
          13           5  -7.5327783340221197E-015
          13           6   5.2499554727422081E-015
          13           7  -6.1736919832110396E-002
          13           8  -3.5727714189915435E-015
          13           9  -3.2514138950667386E-015
          13          10  -3.8489867866622479E-002
          13          11  -4.3951387668217395E-015
          13          12  -3.9120182787622255E-015
          13          13   8.3737118324317371E-003
          13          14  -2.0583747650991123E-017
          13          15   7.7969382793984338E-018
          13          16  -5.5599288223098231E-003
          13          17  -2.9262277822212288E-016
          13          18  -3.2128298502525521E-016
          13          19   1.8602176766178268E-003
          13          20   1.0338968857483791E-016
          13          21   1.0459840459051547E-016
          14           1   9.6183282386645360E-016
          14           2   5.6805921381909805E-016
          14           3   1.0855336820800149E-014
          14           4  -7.7231596280619296E-015
          14           5  -1.2916101495740799E-014
          14           6   4.5662899402214170E-015
          14           7  -3.3348974623482376E-015
          14           8  -6.1736919832116058E-002
          14           9  -3.6596160130075259E-015
          14          10  -4.0627223807376570E-015
          14          11  -3.8489867866629952E-002
          14          12  -5.6810025433895737E-015
          14          13  -2.0583747650991123E-017
          14          14   8.3737118324316313E-003
          14          15  -2.4465530241912689E-016
          14          16  -2.7698655001576693E-016
          14          17  -5.5599288223101891E-003
          14          18  -7.3536012348755925E-017
          14          19   1.0121111983451016E-016
          14          20   1.8602176766181033E-003
          14          21  -5.4850465532419546E-017
          15           1   3.0936237003909174E-016
          15           2   1.5374029428682033E-015
          15           3  -9.6402468738687476E-015
          15           4   1.1216529943332605E-015
          15           5   8.7363441913328526E-015
          15           6  -1.6827546953665729E-015
          15           7   1.1861171766994135E-016
          15           8  -1.6729239521449208E-016
          15           9  -6.1736919832110097E-002
          15          10   7.9038338374175376E-017
          15          11  -5.9023966270111098E-016
          15          12  -3.8489867866621730E-002
          15          13   7.7969382793984338E-018
          15          14  -2.4465530241912689E-016
          15          15   8.3737118324318498E-003
          15          16  -1.6785143695968148E-016
          15          17   1.7044335777834888E-016
          15          18  -5.5599288223099359E-003
          15          19   6.8417392248558696E-017
          15          20   2.0599841277196999E-017
          15          21   1.8602176766177520E-003
          16           1  -3.5671410424208244E-015
          16           2  -6.9651188111280688E-015
          16           3   8.1785413817282920E-015
          16           4   7.6480079106693798E-015
          16           5   4.6214761765496070E-015
          16           6  -3.6116843212806598E-016
          16           7   5.3268687116230014E-002
          16           8   5.7254548324614597E-015
          16           9   7.5746700578527187E-015
          16          10   4.0585404999835928E-002
          16          11   6.3213323464594835E-015
          16          12   8.4775936270986610E-015
          16          13  -5.5599288223098231E-003
          16          14  -2.7698655001576693E-016
          16          15  -1.6785143695968148E-016
          16          16   4.2255158949120707E-003
          16          17   1.2326023448446777E-016
          16          18   6.1596235924325744E-017
          16          19  -1.3701736874237817E-003
          16          20   1.2901328226218403E-016
          16          21  -2.6695090365666303E-016
          17           1  -1.0144027635227443E-015
          17           2  -3.7641858661153492E-016
          17           3  -9.1041577280166156E-015
          17           4   3.4639777132876586E-016
          17           5   9.0351665207587401E-015
          17           6  -6.6955508022339207E-016
          17           7  -4.8711035205428475E-015
          17           8   5.3268687116217468E-002
          17           9  -1.0335482469869840E-014
          17          10  -6.9909356081865531E-015
          17          11   4.0585404999820364E-002
          17          12  -1.1744945294100960E-014
          17          13  -2.9262277822212288E-016
          17          14  -5.5599288223101891E-003
          17          15   1.7044335777834888E-016
          17          16   1.2326023448446777E-016
          17          17   4.2255158949110749E-003
          17          18  -1.4671694848617196E-015
          17          19   5.6761371861393009E-017
          17          20  -1.3701736874233491E-003
          17          21  -2.9991742596373278E-017
          18           1   1.0962095017467625E-015
          18           2   1.9118558568702664E-015
          18           3  -2.1944797428560699E-016
          18           4  -2.8983486266969531E-015
          18           5  -2.8543969910859528E-015
          18           6   2.3759189293157704E-015
          18           7  -8.7950480232024388E-015
          18           8  -2.1838433839072043E-014
          18           9   5.3268687116214075E-002
          18          10  -1.1775302954930563E-014
          18          11  -2.6536932373755207E-014
          18          12   4.0585404999816020E-002
          18          13  -3.2128298502525521E-016
          18          14  -7.3536012348755925E-017
          18          15  -5.5599288223099359E-003
          18          16   6.1596235924325744E-017
          18          17  -1.4671694848617196E-015
          18          18   4.2255158949107540E-003
          18          19   3.4013455029959720E-017
          18          20   6.0665854935069554E-016
          18          21  -1.3701736874238250E-003
          19           1   1.8194777323021787E-015
          19           2   3.1815410333903852E-015
          19           3  -1.6236502510870371E-015
          19           4  -3.4601568946211452E-015
          19           5  -1.0471683254441351E-015
          19           6   8.0440021613352545E-016
          19           7  -1.6820195193337939E-002
          19           8   1.0000680839006186E-015
          19           9  -3.4998046127831393E-016
          19          10  -1.2352005644416618E-002
          19          11   1.5385913029741789E-015
          19          12  -1.0917915876929537E-016
          19          13   1.8602176766178268E-003
          19          14   1.0121111983451016E-016
          19          15   6.8417392248558696E-017
          19          16  -1.3701736874237817E-003
          19          17   5.6761371861393009E-017
          19          18   3.4013455029959720E-017
          19          19   4.4740333682504564E-004
          19          20  -5.1519931983790775E-017
          19          21   5.7632121731178429E-017
          20           1   2.5842162141895550E-015
          20           2   4.4377214419256375E-015
          20           3  -1.2208900391279569E-015
          20           4  -4.1873038644035321E-015
          20           5  -6.1964179313626075E-015
          20           6   6.5624357062397827E-016
          20           7   5.3195295390828671E-015
          20           8  -1.6820195193328964E-002
          20           9   8.5324542570264354E-015
          20          10   6.9084278228603975E-015
          20          11  -1.2352005644404768E-002
          20          12   1.0491607582707723E-014
          20          13   1.0338968857483791E-016
          20          14   1.8602176766181033E-003
          20          15   2.0599841277196999E-017
          20          16   1.2901328226218403E-016
          20          17  -1.3701736874233491E-003
          20          18   6.0665854935069554E-016
          20          19  -5.1519931983790775E-017
          20          20   4.4740333682491065E-004
          20          21  -5.1819781647126692E-017
          21           1  -7.3011114857200610E-016
          21           2  -1.3778309208971249E-015
          21           3   1.5621009035744732E-015
          21           4   1.1207698395712146E-015
          21           5   9.9250907397710911E-016
          21           6  -6.3455059915765977E-016
          21           7  -3.1622924764884637E-015
          21           8  -4.3964398094287150E-015
          21           9  -1.6820195193343265E-002
          21          10  -3.5178023688464693E-015
          21          11  -5.7200338215990243E-015
          21          12  -1.2352005644423503E-002
          21          13   1.0459840459051547E-016
          21          14  -5.4850465532419546E-017
          21          15   1.8602176766177520E-003
          21          16  -2.6695090365666303E-016
          21          17  -2.9991742596373278E-017
          21          18  -1.3701736874238250E-003
          21          19   5.7632121731178429E-017
          21          20  -5.1819781647126692E-017
          21          21   4.4740333682514018E-004
