           1           1  0.65320656816640510     
           1           2  0.57462934599120441     
           1           3  -1.1679204594947246E-013
           1           4   4.2138164442901462E-014
           1           5  -1.1452376055497632E-013
           1           6 -0.14445007412076821     
           1           7   1.5942323072627869E-013
           1           8  -2.2285554653442468E-014
           1           9   1.8193701664430267E-013
           1          10 -0.12939815695579834     
           1          11  -1.3619469509367398E-013
           1          12   5.3845899644356783E-014
           1          13  -1.4623554208863903E-013
           2           1  0.57462934599120441     
           2           2  0.52618011841875278     
           2           3  -1.0269749988763931E-013
           2           4   3.5025243525798318E-014
           2           5  -1.0134270322858552E-013
           2           6 -0.24583504876471596     
           2           7   1.5018473352471955E-013
           2           8  -2.4318126151069710E-014
           2           9   1.6881181103622924E-013
           2          10 -0.21691805726623092     
           2          11  -1.2758126073430051E-013
           2          12   4.7675307799522844E-014
           2          13  -1.3549460778246244E-013
           3           1  -1.1679204594947246E-013
           3           2  -1.0269749988763931E-013
           3           3   9.3413618890424099E-002
           3           4   2.8102520310425890E-016
           3           5   2.2985086067487174E-017
           3           6   2.2064941695776438E-014
           3           7  0.14977959294173532     
           3           8   6.0021432268962289E-016
           3           9  -1.9637069748212262E-015
           3          10   3.7472360424130449E-014
           3          11  0.12567057600208065     
           3          12  -2.7408630920939927E-016
           3          13   9.7751667872568826E-016
           4           1   4.2138164442901462E-014
           4           2   3.5025243525798318E-014
           4           3   2.8102520310425890E-016
           4           4   9.3413618890423072E-002
           4           5   6.9746725755603464E-016
           4           6   3.2158615156864623E-015
           4           7  -1.0165479569172212E-015
           4           8  0.14977959294173615     
           4           9  -4.8593941370200143E-016
           4          10  -1.4840305813491319E-015
           4          11   1.5126788710474298E-015
           4          12  0.12567057600207884     
           4          13   1.6240264341613085E-015
           5           1  -1.1452376055497632E-013
           5           2  -1.0134270322858552E-013
           5           3   2.2985086067487174E-017
           5           4   6.9746725755603464E-016
           5           5   9.3413618890423100E-002
           5           6   2.5705443849756627E-014
           5           7   1.2585418818082329E-015
           5           8   1.3899471851424483E-016
           5           9  0.14977959294173618     
           5          10   3.9784883049597673E-014
           5          11  -1.7520707106190869E-016
           5          12   9.9204498781931229E-016
           5          13  0.12567057600207857     
           6           1 -0.14445007412076821     
           6           2 -0.24583504876471596     
           6           3   2.2064941695776438E-014
           6           4   3.2158615156864623E-015
           6           5   2.5705443849756627E-014
           6           6  0.71560820751901533     
           6           7  -1.0236106550827916E-013
           6           8   3.4385783923848626E-014
           6           9  -9.9965764411117746E-014
           6          10  0.61648232573245743     
           6          11   7.1890608210398015E-014
           6          12  -1.2743476976869816E-014
           6          13   6.9622240945291781E-014
           7           1   1.5942323072627869E-013
           7           2   1.5018473352471955E-013
           7           3  0.14977959294173532     
           7           4  -1.0165479569172212E-015
           7           5   1.2585418818082329E-015
           7           6  -1.0236106550827916E-013
           7           7  0.24015691425152194     
           7           8  -1.4016565685912670E-015
           7           9  -1.1900203044995389E-015
           7          10  -4.3664955578719276E-014
           7          11  0.20150046579851114     
           7          12  -2.4147350785536136E-015
           7          13   3.2109731540171594E-015
           8           1  -2.2285554653442468E-014
           8           2  -2.4318126151069710E-014
           8           3   6.0021432268962289E-016
           8           4  0.14977959294173615     
           8           5   1.3899471851424483E-016
           8           6   3.4385783923848626E-014
           8           7  -1.4016565685912670E-015
           8           8  0.24015691425152713     
           8           9  -2.3379735647500839E-015
           8          10   1.8994540985986318E-014
           8          11   2.6298407895826334E-015
           8          12  0.20150046579851147     
           8          13   1.2780575209278207E-015
           9           1   1.8193701664430267E-013
           9           2   1.6881181103622924E-013
           9           3  -1.9637069748212262E-015
           9           4  -4.8593941370200143E-016
           9           5  0.14977959294173618     
           9           6  -9.9965764411117746E-014
           9           7  -1.1900203044995389E-015
           9           8  -2.3379735647500839E-015
           9           9  0.24015691425152727     
           9          10  -4.2532171362420695E-014
           9          11  -2.9733160378411448E-015
           9          12  -5.5858095925740098E-016
           9          13  0.20150046579851108     
          10           1 -0.12939815695579834     
          10           2 -0.21691805726623092     
          10           3   3.7472360424130449E-014
          10           4  -1.4840305813491319E-015
          10           5   3.9784883049597673E-014
          10           6  0.61648232573245743     
          10           7  -4.3664955578719276E-014
          10           8   1.8994540985986318E-014
          10           9  -4.2532171362420695E-014
          10          10  0.55456410990245109     
          10          11   7.9000231944993815E-014
          10          12  -1.6235226129067997E-014
          10          13   7.5197518002793933E-014
          11           1  -1.3619469509367398E-013
          11           2  -1.2758126073430051E-013
          11           3  0.12567057600208065     
          11           4   1.5126788710474298E-015
          11           5  -1.7520707106190869E-016
          11           6   7.1890608210398015E-014
          11           7  0.20150046579851114     
          11           8   2.6298407895826334E-015
          11           9  -2.9733160378411448E-015
          11          10   7.9000231944993815E-014
          11          11  0.16906628669659318     
          11          12   1.1518563880430877E-015
          11          13   1.0382320003860192E-015
          12           1   5.3845899644356783E-014
          12           2   4.7675307799522844E-014
          12           3  -2.7408630920939927E-016
          12           4  0.12567057600207884     
          12           5   9.9204498781931229E-016
          12           6  -1.2743476976869816E-014
          12           7  -2.4147350785536136E-015
          12           8  0.20150046579851147     
          12           9  -5.5858095925740098E-016
          12          10  -1.6235226129067997E-014
          12          11   1.1518563880430877E-015
          12          12  0.16906628669659013     
          12          13   2.2521047526810487E-015
          13           1  -1.4623554208863903E-013
          13           2  -1.3549460778246244E-013
          13           3   9.7751667872568826E-016
          13           4   1.6240264341613085E-015
          13           5  0.12567057600207857     
          13           6   6.9622240945291781E-014
          13           7   3.2109731540171594E-015
          13           8   1.2780575209278207E-015
          13           9  0.20150046579851108     
          13          10   7.5197518002793933E-014
          13          11   1.0382320003860192E-015
          13          12   2.2521047526810487E-015
          13          13  0.16906628669658935     
