           1           1  0.67848444541043196     
           1           2  0.57254865626415552     
           1           3  -2.3381606373889781E-015
           1           4   2.5317284138240933E-015
           1           5  -4.4929965505622910E-016
           1           6 -0.15653088492536710     
           1           7  -3.8853229644505427E-015
           1           8   1.6181213002409230E-015
           1           9   6.1160491530445063E-016
           1          10 -0.13842748207762057     
           1          11   7.5617393687933883E-016
           1          12  -1.2261501317515303E-016
           1          13   1.6862494424456229E-015
           2           1  0.57254865626415552     
           2           2  0.49840098416768408     
           2           3  -2.5297800674996378E-015
           2           4   3.3014309723881860E-015
           2           5  -9.5568761590024963E-016
           2           6 -0.22692986916849150     
           2           7  -4.5620193557705199E-015
           2           8   1.6497229259965973E-015
           2           9  -1.6532181442785769E-016
           2          10 -0.20217473078740295     
           2          11   9.9629957610740759E-016
           2          12  -5.6812702573590642E-016
           2          13   2.0298547303698558E-015
           3           1  -2.3381606373889781E-015
           3           2  -2.5297800674996378E-015
           3           3  0.19247956704779329     
           3           4  -2.0816681711720056E-016
           3           5   1.2490009027033531E-016
           3           6   5.5207804348991809E-015
           3           7  0.21481481066970376     
           3           8  -2.9837243786798351E-016
           3           9  -1.5265566588594828E-016
           3          10   3.7218065426222173E-015
           3          11  0.12134086263527917     
           3          12   5.3082538364892821E-016
           3          13  -5.8286708792819949E-016
           4           1   2.5317284138240933E-015
           4           2   3.3014309723881860E-015
           4           3  -2.0816681711720056E-016
           4           4  0.19247956704779268     
           4           5   1.0130785099705007E-015
           4           6  -1.3002617324437558E-014
           4           7  -1.2490009027035797E-016
           4           8  0.21481481066970359     
           4           9   8.0491169285330762E-016
           4          10  -1.4142911651832983E-015
           4          11   1.2143064331840142E-016
           4          12  0.12134086263527918     
           4          13   2.0816681711726729E-016
           5           1  -4.4929965505622910E-016
           5           2  -9.5568761590024963E-016
           5           3   1.2490009027033531E-016
           5           4   1.0130785099705007E-015
           5           5  0.19247956704779154     
           5           6   5.0631669075913138E-015
           5           7   5.9674487573600813E-016
           5           8   5.8286708792826595E-016
           5           9  0.21481481066970259     
           5          10   2.9189377538659687E-015
           5          11  -9.7144514654688945E-017
           5          12  -8.3960616237272316E-016
           5          13  0.12134086263528007     
           6           1 -0.15653088492536710     
           6           2 -0.22692986916849150     
           6           3   5.5207804348991809E-015
           6           4  -1.3002617324437558E-014
           6           5   5.0631669075913138E-015
           6           6  0.74014650344906452     
           6           7   1.2884681164944649E-014
           6           8  -8.6067409226219391E-015
           6           9   2.8960999682279453E-015
           6          10  0.56968730968538805     
           6          11  -3.2129185057096029E-015
           6          12  -1.3962557550949610E-015
           6          13  -7.3458449938043166E-015
           7           1  -3.8853229644505427E-015
           7           2  -4.5620193557705199E-015
           7           3  0.21481481066970376     
           7           4  -1.2490009027035797E-016
           7           5   5.9674487573600813E-016
           7           6   1.2884681164944649E-014
           7           7  0.23974182605888042     
           7           8  -2.3592239273288378E-016
           7           9   3.4694469519534609E-016
           7          10   5.6801577658283955E-015
           7          11  0.13542120253742987     
           7          12   6.5225602696724574E-016
           7          13  -3.6082248300318731E-016
           8           1   1.6181213002409230E-015
           8           2   1.6497229259965973E-015
           8           3  -2.9837243786798351E-016
           8           4  0.21481481066970359     
           8           5   5.8286708792826595E-016
           8           6  -8.6067409226219391E-015
           8           7  -2.3592239273288378E-016
           8           8  0.23974182605888084     
           8           9   3.0531133177203056E-016
           8          10   3.8997243517424204E-015
           8          11   7.6327832943013113E-017
           8          12  0.13542120253743020     
           8          13  -1.0408340855852756E-016
           9           1   6.1160491530445063E-016
           9           2  -1.6532181442785769E-016
           9           3  -1.5265566588594828E-016
           9           4   8.0491169285330762E-016
           9           5  0.21481481066970259     
           9           6   2.8960999682279453E-015
           9           7   3.4694469519534609E-016
           9           8   3.0531133177203056E-016
           9           9  0.23974182605887995     
           9          10   3.1652840252820707E-015
           9          11  -2.9143354396409003E-016
           9          12  -1.1310397063367747E-015
           9          13  0.13542120253743137     
          10           1 -0.13842748207762057     
          10           2 -0.20217473078740295     
          10           3   3.7218065426222173E-015
          10           4  -1.4142911651832983E-015
          10           5   2.9189377538659687E-015
          10           6  0.56968730968538805     
          10           7   5.6801577658283955E-015
          10           8   3.8997243517424204E-015
          10           9   3.1652840252820707E-015
          10          10  0.59834833859525371     
          10          11  -5.7835615004706413E-016
          10          12   6.7254315071790837E-015
          10          13  -2.2738793871533665E-015
          11           1   7.5617393687933883E-016
          11           2   9.9629957610740759E-016
          11           3  0.12134086263527917     
          11           4   1.2143064331840142E-016
          11           5  -9.7144514654688945E-017
          11           6  -3.2129185057096029E-015
          11           7  0.13542120253742987     
          11           8   7.6327832943013113E-017
          11           9  -2.9143354396409003E-016
          11          10  -5.7835615004706413E-016
          11          11   7.6494378966562054E-002
          11          12   4.8919202022548928E-016
          11          13  -4.7531423241763499E-016
          12           1  -1.2261501317515303E-016
          12           2  -5.6812702573590642E-016
          12           3   5.3082538364892821E-016
          12           4  0.12134086263527918     
          12           5  -8.3960616237272316E-016
          12           6  -1.3962557550949610E-015
          12           7   6.5225602696724574E-016
          12           8  0.13542120253743020     
          12           9  -1.1310397063367747E-015
          12          10   6.7254315071790837E-015
          12          11   4.8919202022548928E-016
          12          12   7.6494378966562304E-002
          12          13  -7.9797279894925711E-016
          13           1   1.6862494424456229E-015
          13           2   2.0298547303698558E-015
          13           3  -5.8286708792819949E-016
          13           4   2.0816681711726729E-016
          13           5  0.12134086263528007     
          13           6  -7.3458449938043166E-015
          13           7  -3.6082248300318731E-016
          13           8  -1.0408340855852756E-016
          13           9  0.13542120253743137     
          13          10  -2.2738793871533665E-015
          13          11  -4.7531423241763499E-016
          13          12  -7.9797279894925711E-016
          13          13   7.6494378966563886E-002
