           1           1  0.32418141974707304     
           1           2  0.60128719239304396     
           1           3 -0.26202495291496403     
           1           4   9.7168883849713603E-003
           1           5   4.2102849895692830E-002
           1           6  -1.7257424933629025E-002
           1           7   4.8864433272673026E-016
           1           8   1.7304960164297105E-016
           1           9   2.8436069289911276E-016
           1          10  -1.5351633526839394E-015
           1          11  -1.1775985510137846E-015
           1          12   9.7125869054361151E-016
           1          13   3.4386873803553759E-016
           1          14  -1.0274496256107821E-016
           1          15  -1.0742810468402263E-015
           1          16  -5.5299853310581617E-016
           1          17  -9.1229483690125378E-016
           1          18   8.2687626021722451E-016
           1          19   2.2155494669423348E-016
           1          20   3.4009215006103789E-016
           1          21  -3.7062361354464781E-016
           2           1  0.60128719239304396     
           2           2   1.1386723822192615     
           2           3 -0.71352545852826643     
           2           4   3.6105199977083349E-002
           2           5  0.12537234409196812     
           2           6  -5.1509133720474796E-002
           2           7   1.3724807254225429E-015
           2           8   6.4135272997828301E-016
           2           9   7.7746335476864800E-016
           2          10  -3.1088135496897188E-015
           2          11  -2.4987550328392608E-015
           2          12   2.3514179128930431E-015
           2          13  -5.2073903734901442E-016
           2          14  -9.5010271274527175E-016
           2          15  -1.5722538329920815E-015
           2          16  -9.2026749994505655E-016
           2          17  -1.8302706419185124E-015
           2          18   1.1874574316321464E-015
           2          19   4.2528854109705557E-016
           2          20   7.6773323239984894E-016
           2          21  -5.0312385315182144E-016
           3           1 -0.26202495291496403     
           3           2 -0.71352545852826643     
           3           3   2.8304310479685495     
           3           4 -0.84809950573907955     
           3           5 -0.91104488718309118     
           3           6  0.37395645582816467     
           3           7  -8.1065973311567637E-015
           3           8  -5.6991371188474958E-015
           3           9  -3.7850077547716366E-015
           3          10   6.2719485816143896E-015
           3          11   6.0918244668715437E-015
           3          12  -7.9990085462863340E-015
           3          13   1.7860223052629802E-014
           3          14   1.1293123996444561E-014
           3          15  -6.5820162957777304E-015
           3          16   2.6797081518820835E-016
           3          17   2.6674670337241836E-015
           3          18   5.5512549911725008E-015
           3          19  -7.4556888509356246E-016
           3          20  -2.4212167316799780E-015
           3          21  -3.4331503868975127E-015
           4           1   9.7168883849713603E-003
           4           2   3.6105199977083349E-002
           4           3 -0.84809950573907955     
           4           4   1.3330461566242304     
           4           5  0.90760116456175344     
           4           6 -0.37194516723274673     
           4           7   7.3628645957374026E-015
           4           8   6.9107723116016224E-015
           4           9  -2.8450702410981475E-015
           4          10  -5.1378746874717465E-015
           4          11  -6.0078517688361001E-015
           4          12   2.6596127666574332E-015
           4          13  -1.5268706722084496E-014
           4          14  -7.6066688043161945E-015
           4          15   6.7493985078532419E-015
           4          16  -9.3299616488309621E-016
           4          17  -2.9807343302024211E-015
           4          18  -5.9548966995240774E-015
           4          19   9.2045396031325773E-016
           4          20   2.1689804263538217E-015
           4          21   3.9035797588619564E-015
           5           1   4.2102849895692830E-002
           5           2  0.12537234409196812     
           5           3 -0.91104488718309118     
           5           4  0.90760116456175344     
           5           5  0.69753231582107056     
           5           6 -0.28648997439221296     
           5           7   5.9913687916981994E-015
           5           8   5.5275282257140655E-015
           5           9  -5.9608726679330453E-015
           5          10  -4.4724393591519034E-015
           5          11  -4.3180699835611796E-015
           5          12   2.4551535250221309E-016
           5          13  -1.2494370615702358E-014
           5          14  -6.4573079208827381E-015
           5          15   5.4421522531596347E-015
           5          16  -2.8832135727764769E-016
           5          17  -2.3327606692477560E-015
           5          18  -4.7951436936765527E-015
           5          19   5.5772664644840552E-016
           5          20   1.7246839479106614E-015
           5          21   2.9217813367233539E-015
           6           1  -1.7257424933629025E-002
           6           2  -5.1509133720474796E-002
           6           3  0.37395645582816467     
           6           4 -0.37194516723274673     
           6           5 -0.28648997439221296     
           6           6  0.11767617966884127     
           6           7  -2.4325030217425427E-015
           6           8  -2.6434569484261897E-015
           6           9   3.8830007388126681E-015
           6          10   1.9863711056939422E-015
           6          11   1.1776687183152979E-015
           6          12   8.4117244589707376E-016
           6          13   5.1512992462310711E-015
           6          14   2.6352673352125369E-015
           6          15  -2.3285686845692438E-015
           6          16   1.1223784289148950E-016
           6          17   9.5087698784975798E-016
           6          18   2.0250398454913167E-015
           6          19  -2.2650754181641673E-016
           6          20  -7.0633008199393021E-016
           6          21  -1.2198803989512646E-015
           7           1   4.8864433272673026E-016
           7           2   1.3724807254225429E-015
           7           3  -8.1065973311567637E-015
           7           4   7.3628645957374026E-015
           7           5   5.9913687916981994E-015
           7           6  -2.4325030217425427E-015
           7           7  0.84663893164404425     
           7           8  -1.6653345369372861E-016
           7           9   7.6327832942953578E-017
           7          10  0.60549576327934740     
           7          11   5.2388648974495906E-016
           7          12   7.6327832942997262E-017
           7          13  -5.0083256264964432E-002
           7          14  -1.1477364197932094E-015
           7          15  -4.7864815409799429E-016
           7          16   3.1272443245617620E-002
           7          17   1.4315805485498407E-015
           7          18   1.0323773086406583E-015
           7          19  -1.2149185076644777E-002
           7          20  -3.5995512126517308E-016
           7          21  -5.4898577003801131E-016
           8           1   1.7304960164297105E-016
           8           2   6.4135272997828301E-016
           8           3  -5.6991371188474958E-015
           8           4   6.9107723116016224E-015
           8           5   5.5275282257140655E-015
           8           6  -2.6434569484261897E-015
           8           7  -1.6653345369372861E-016
           8           8  0.84663893164404369     
           8           9   1.0547118733938747E-015
           8          10   2.8102520310820838E-016
           8          11  0.60549576327934773     
           8          12   4.8572257327352245E-016
           8          13  -6.0495770719269597E-016
           8          14  -5.0083256264965348E-002
           8          15  -2.6166541806575783E-016
           8          16   1.1028504498522529E-015
           8          17   3.1272443245618300E-002
           8          18   1.3964523981612934E-015
           8          19  -9.8315453000985108E-016
           8          20  -1.2149185076645710E-002
           8          21  -1.3584782170700028E-015
           9           1   2.8436069289911276E-016
           9           2   7.7746335476864800E-016
           9           3  -3.7850077547716366E-015
           9           4  -2.8450702410981475E-015
           9           5  -5.9608726679330453E-015
           9           6   3.8830007388126681E-015
           9           7   7.6327832942953578E-017
           9           8   1.0547118733938747E-015
           9           9  0.84663893164404769     
           9          10  -1.2212453270876523E-015
           9          11  -1.4970663597679648E-015
           9          12  0.60549576327934929     
           9          13   1.4281788642337426E-015
           9          14   1.0059769857407045E-015
           9          15  -5.0083256264964751E-002
           9          16   3.0986498089635845E-016
           9          17   5.7159138533436829E-016
           9          18   3.1272443245618294E-002
           9          19  -3.5496779127175662E-016
           9          20  -4.7173636524845067E-016
           9          21  -1.2149185076647006E-002
          10           1  -1.5351633526839394E-015
          10           2  -3.1088135496897188E-015
          10           3   6.2719485816143896E-015
          10           4  -5.1378746874717465E-015
          10           5  -4.4724393591519034E-015
          10           6   1.9863711056939422E-015
          10           7  0.60549576327934740     
          10           8   2.8102520310820838E-016
          10           9  -1.2212453270876523E-015
          10          10  0.52854927471155810     
          10          11   4.7878367936962686E-016
          10          12  -6.0368376963994248E-016
          10          13  -2.4184979737487511E-002
          10          14  -8.8389582111876568E-016
          10          15  -9.5667289194723224E-017
          10          16   2.1074802978624140E-002
          10          17   1.0562297564353932E-015
          10          18   5.0263612716430973E-016
          10          19  -7.8948606939247493E-003
          10          20  -1.6875606814737978E-016
          10          21  -2.1478045036939672E-016
          11           1  -1.1775985510137846E-015
          11           2  -2.4987550328392608E-015
          11           3   6.0918244668715437E-015
          11           4  -6.0078517688361001E-015
          11           5  -4.3180699835611796E-015
          11           6   1.1776687183152979E-015
          11           7   5.2388648974495906E-016
          11           8  0.60549576327934773     
          11           9  -1.4970663597679648E-015
          11          10   4.7878367936962686E-016
          11          11  0.52854927471155866     
          11          12  -9.3241386833754722E-016
          11          13  -5.4624815955243029E-016
          11          14  -2.4184979737488076E-002
          11          15   1.2956215961168609E-017
          11          16   7.0733349732954487E-016
          11          17   2.1074802978624407E-002
          11          18   1.2841832632004853E-015
          11          19  -6.7730109715169817E-016
          11          20  -7.8948606939253235E-003
          11          21  -1.3795117392162618E-015
          12           1   9.7125869054361151E-016
          12           2   2.3514179128930431E-015
          12           3  -7.9990085462863340E-015
          12           4   2.6596127666574332E-015
          12           5   2.4551535250221309E-016
          12           6   8.4117244589707376E-016
          12           7   7.6327832942997262E-017
          12           8   4.8572257327352245E-016
          12           9  0.60549576327934929     
          12          10  -6.0368376963994248E-016
          12          11  -9.3241386833754722E-016
          12          12  0.52854927471155955     
          12          13   9.0444145228736954E-016
          12          14   3.0704605524787484E-016
          12          15  -2.4184979737487813E-002
          12          16  -2.5999168096202480E-016
          12          17   1.1787446019262333E-015
          12          18   2.1074802978624921E-002
          12          19   3.4911309954034919E-017
          12          20  -1.2959739618262303E-015
          12          21  -7.8948606939261978E-003
          13           1   3.4386873803553759E-016
          13           2  -5.2073903734901442E-016
          13           3   1.7860223052629802E-014
          13           4  -1.5268706722084496E-014
          13           5  -1.2494370615702358E-014
          13           6   5.1512992462310711E-015
          13           7  -5.0083256264964432E-002
          13           8  -6.0495770719269597E-016
          13           9   1.4281788642337426E-015
          13          10  -2.4184979737487511E-002
          13          11  -5.4624815955243029E-016
          13          12   9.0444145228736954E-016
          13          13   4.3796179997426443E-003
          13          14   9.3130584336458058E-017
          13          15  -5.4288538581329325E-017
          13          16  -2.0071136816931017E-003
          13          17  -1.0444339756114987E-016
          13          18  -2.8700864384680748E-017
          13          19   8.1539079015687595E-004
          13          20   4.1201164862075845E-017
          13          21   3.0023612210969286E-017
          14           1  -1.0274496256107821E-016
          14           2  -9.5010271274527175E-016
          14           3   1.1293123996444561E-014
          14           4  -7.6066688043161945E-015
          14           5  -6.4573079208827381E-015
          14           6   2.6352673352125369E-015
          14           7  -1.1477364197932094E-015
          14           8  -5.0083256264965348E-002
          14           9   1.0059769857407045E-015
          14          10  -8.8389582111876568E-016
          14          11  -2.4184979737488076E-002
          14          12   3.0704605524787484E-016
          14          13   9.3130584336458058E-017
          14          14   4.3796179997427857E-003
          14          15  -9.6834209428479796E-017
          14          16  -1.2068779542363186E-016
          14          17  -2.0071136816932067E-003
          14          18   8.2263839837776684E-018
          14          19   7.8944317717042832E-017
          14          20   8.1539079015695900E-004
          14          21   7.4624132048427034E-018
          15           1  -1.0742810468402263E-015
          15           2  -1.5722538329920815E-015
          15           3  -6.5820162957777304E-015
          15           4   6.7493985078532419E-015
          15           5   5.4421522531596347E-015
          15           6  -2.3285686845692438E-015
          15           7  -4.7864815409799429E-016
          15           8  -2.6166541806575783E-016
          15           9  -5.0083256264964751E-002
          15          10  -9.5667289194723224E-017
          15          11   1.2956215961168609E-017
          15          12  -2.4184979737487813E-002
          15          13  -5.4288538581329325E-017
          15          14  -9.6834209428479796E-017
          15          15   4.3796179997426365E-003
          15          16  -9.6237342368193949E-017
          15          17   5.3614856220574778E-017
          15          18  -2.0071136816931052E-003
          15          19   6.4066078119412032E-017
          15          20  -8.6284122902789547E-017
          15          21   8.1539079015702546E-004
          16           1  -5.5299853310581617E-016
          16           2  -9.2026749994505655E-016
          16           3   2.6797081518820835E-016
          16           4  -9.3299616488309621E-016
          16           5  -2.8832135727764769E-016
          16           6   1.1223784289148950E-016
          16           7   3.1272443245617620E-002
          16           8   1.1028504498522529E-015
          16           9   3.0986498089635845E-016
          16          10   2.1074802978624140E-002
          16          11   7.0733349732954487E-016
          16          12  -2.5999168096202480E-016
          16          13  -2.0071136816931017E-003
          16          14  -1.2068779542363186E-016
          16          15  -9.6237342368193949E-017
          16          16   1.1725515212210101E-003
          16          17   9.5057425472667526E-017
          16          18   5.8357181934034150E-017
          16          19  -4.5948356929611340E-004
          16          20  -3.1397817288823095E-017
          16          21  -3.0791341698589472E-017
          17           1  -9.1229483690125378E-016
          17           2  -1.8302706419185124E-015
          17           3   2.6674670337241836E-015
          17           4  -2.9807343302024211E-015
          17           5  -2.3327606692477560E-015
          17           6   9.5087698784975798E-016
          17           7   1.4315805485498407E-015
          17           8   3.1272443245618300E-002
          17           9   5.7159138533436829E-016
          17          10   1.0562297564353932E-015
          17          11   2.1074802978624407E-002
          17          12   1.1787446019262333E-015
          17          13  -1.0444339756114987E-016
          17          14  -2.0071136816932067E-003
          17          15   5.3614856220574778E-017
          17          16   9.5057425472667526E-017
          17          17   1.1725515212210674E-003
          17          18   5.5622959580310975E-017
          17          19  -5.7296696684071741E-017
          17          20  -4.5948356929616138E-004
          17          21  -4.5327274106428914E-017
          18           1   8.2687626021722451E-016
          18           2   1.1874574316321464E-015
          18           3   5.5512549911725008E-015
          18           4  -5.9548966995240774E-015
          18           5  -4.7951436936765527E-015
          18           6   2.0250398454913167E-015
          18           7   1.0323773086406583E-015
          18           8   1.3964523981612934E-015
          18           9   3.1272443245618294E-002
          18          10   5.0263612716430973E-016
          18          11   1.2841832632004853E-015
          18          12   2.1074802978624921E-002
          18          13  -2.8700864384680748E-017
          18          14   8.2263839837776684E-018
          18          15  -2.0071136816931052E-003
          18          16   5.8357181934034150E-017
          18          17   5.5622959580310975E-017
          18          18   1.1725515212210472E-003
          18          19  -3.3279924497625189E-017
          18          20  -2.0781106327948609E-017
          18          21  -4.5948356929620301E-004
          19           1   2.2155494669423348E-016
          19           2   4.2528854109705557E-016
          19           3  -7.4556888509356246E-016
          19           4   9.2045396031325773E-016
          19           5   5.5772664644840552E-016
          19           6  -2.2650754181641673E-016
          19           7  -1.2149185076644777E-002
          19           8  -9.8315453000985108E-016
          19           9  -3.5496779127175662E-016
          19          10  -7.8948606939247493E-003
          19          11  -6.7730109715169817E-016
          19          12   3.4911309954034919E-017
          19          13   8.1539079015687595E-004
          19          14   7.8944317717042832E-017
          19          15   6.4066078119412032E-017
          19          16  -4.5948356929611340E-004
          19          17  -5.7296696684071741E-017
          19          18  -3.3279924497625189E-017
          19          19   1.8093917593438021E-004
          19          20   2.0405023699357473E-017
          19          21   1.6650973677127316E-017
          20           1   3.4009215006103789E-016
          20           2   7.6773323239984894E-016
          20           3  -2.4212167316799780E-015
          20           4   2.1689804263538217E-015
          20           5   1.7246839479106614E-015
          20           6  -7.0633008199393021E-016
          20           7  -3.5995512126517308E-016
          20           8  -1.2149185076645710E-002
          20           9  -4.7173636524845067E-016
          20          10  -1.6875606814737978E-016
          20          11  -7.8948606939253235E-003
          20          12  -1.2959739618262303E-015
          20          13   4.1201164862075845E-017
          20          14   8.1539079015695900E-004
          20          15  -8.6284122902789547E-017
          20          16  -3.1397817288823095E-017
          20          17  -4.5948356929616138E-004
          20          18  -2.0781106327948609E-017
          20          19   2.0405023699357473E-017
          20          20   1.8093917593440894E-004
          20          21   1.4358479005388378E-017
          21           1  -3.7062361354464781E-016
          21           2  -5.0312385315182144E-016
          21           3  -3.4331503868975127E-015
          21           4   3.9035797588619564E-015
          21           5   2.9217813367233539E-015
          21           6  -1.2198803989512646E-015
          21           7  -5.4898577003801131E-016
          21           8  -1.3584782170700028E-015
          21           9  -1.2149185076647006E-002
          21          10  -2.1478045036939672E-016
          21          11  -1.3795117392162618E-015
          21          12  -7.8948606939261978E-003
          21          13   3.0023612210969286E-017
          21          14   7.4624132048427034E-018
          21          15   8.1539079015702546E-004
          21          16  -3.0791341698589472E-017
          21          17  -4.5327274106428914E-017
          21          18  -4.5948356929620301E-004
          21          19   1.6650973677127316E-017
          21          20   1.4358479005388378E-017
          21          21   1.8093917593444586E-004
