           1           1  0.30511245182647628     
           1           2  0.57355287541746613     
           1           3 -0.12642014833998538     
           1           4  -9.0071250342031686E-002
           1           5   4.1198867859017435E-003
           1           6   9.1702892011994060E-003
           1           7  -1.9808312171259324E-014
           1           8  -1.2675047580210971E-014
           1           9   3.9959461060430623E-015
           1          10  -1.0773318076390599E-014
           1          11  -1.1502465829554717E-014
           1          12  -8.0522264252243538E-015
           1          13   1.5975324658902598E-014
           1          14   9.0684955905177142E-015
           1          15  -1.0864519654064927E-014
           1          16   1.2242466323800114E-015
           1          17   5.7203437411812150E-017
           1          18   8.8478981626273072E-015
           1          19  -1.3922737398794655E-014
           1          20  -5.5516098596670829E-015
           1          21   5.7902261688046589E-015
           2           1  0.57355287541746613     
           2           2   1.0993984324415975     
           2           3 -0.37055275469687821     
           2           4 -0.26275397251468746     
           2           5   1.2398855251409595E-002
           2           6   2.7335155654064799E-002
           2           7  -4.9855020411897078E-014
           2           8  -2.9603852203551959E-014
           2           9   4.0341485057994093E-015
           2          10  -3.6463608508793256E-014
           2          11  -2.8888667423173878E-014
           2          12  -2.1300495966251963E-014
           2          13   3.3273315555473348E-014
           2          14   1.8000685599109195E-014
           2          15  -2.4175943215977509E-014
           2          16   3.2253755922902044E-015
           2          17   3.6569710311890470E-016
           2          18   1.7853463567435565E-014
           2          19  -2.9915063375320322E-014
           2          20  -1.2108444539194681E-014
           2          21   1.1916119420916056E-014
           3           1 -0.12642014833998538     
           3           2 -0.37055275469687821     
           3           3  0.88455840530256791     
           3           4  0.62348650802184458     
           3           5  -3.6834144205099416E-002
           3           6  -7.1487172310102334E-002
           3           7   1.1305043617586421E-013
           3           8   6.0382027564788876E-014
           3           9   2.2249153230419582E-014
           3          10   1.4188002555903140E-013
           3          11   7.6612511799096985E-014
           3          12   4.4870971211867261E-014
           3          13  -2.4610514019767120E-014
           3          14  -7.9914095554865776E-015
           3          15   2.8247632398259037E-014
           3          16  -6.6217674920147641E-015
           3          17  -1.7573238289451262E-015
           3          18  -1.1298416892984180E-014
           3          19   2.9545139303705291E-014
           3          20   1.3041152613356488E-014
           3          21  -9.0019354660052049E-015
           4           1  -9.0071250342031686E-002
           4           2 -0.26275397251468746     
           4           3  0.62348650802184458     
           4           4  0.45295738295052934     
           4           5  -9.7496680499692095E-002
           4           6 -0.10379783103338465     
           4           7  -2.7783320784987868E-014
           4           8  -1.5683611442936329E-014
           4           9  -1.4447193736210282E-014
           4          10  -4.9201665245901813E-014
           4          11  -2.6937938247636324E-014
           4          12  -1.0341075045063948E-014
           4          13  -2.8724106130030526E-014
           4          14  -1.1351908278047455E-014
           4          15   1.7536831931162290E-014
           4          16  -7.6021645211110810E-015
           4          17  -1.7089129650885560E-015
           4          18  -7.6645361313732361E-015
           4          19   2.4148685739830297E-014
           4          20   1.1903597138485047E-014
           4          21  -8.1732668797563967E-015
           5           1   4.1198867859017435E-003
           5           2   1.2398855251409595E-002
           5           3  -3.6834144205099416E-002
           5           4  -9.7496680499692095E-002
           5           5  0.38132924665144091     
           5           6  0.28654221166344024     
           5           7   4.0584964480518242E-014
           5           8   3.5500301860791599E-014
           5           9   2.1745697701137838E-014
           5          10   5.6068141608389177E-014
           5          11   4.9520848504026796E-014
           5          12   3.0539339276285936E-014
           5          13   1.1698389364591094E-014
           5          14   5.1623898720546323E-015
           5          15  -1.5105505792743177E-015
           5          16   1.7007302729028899E-014
           5          17   3.3751161434271607E-015
           5          18  -9.4041670641818436E-016
           5          19  -1.9596775975697969E-014
           5          20  -1.5332932525007921E-014
           5          21   9.7560519771181019E-015
           6           1   9.1702892011994060E-003
           6           2   2.7335155654064799E-002
           6           3  -7.1487172310102334E-002
           6           4 -0.10379783103338465     
           6           5  0.28654221166344024     
           6           6  0.21749513898040823     
           6           7  -1.3130381252889744E-013
           6           8  -7.1573087790986183E-014
           6           9  -4.5315782590583322E-014
           6          10  -1.8198633517599540E-013
           6          11  -9.8995673747832664E-014
           6          12  -6.3443215975768169E-014
           6          13  -4.6743812758503721E-015
           6          14  -4.5870900234231003E-015
           6          15  -8.1404807811554437E-015
           6          16   1.3432346138532177E-014
           6          17   2.8930474190498245E-015
           6          18   3.6477745823441414E-017
           6          19  -1.6353812959903004E-014
           6          20  -1.2260415684707962E-014
           6          21   7.6228667109409767E-015
           7           1  -1.9808312171259324E-014
           7           2  -4.9855020411897078E-014
           7           3   1.1305043617586421E-013
           7           4  -2.7783320784987868E-014
           7           5   4.0584964480518242E-014
           7           6  -1.3130381252889744E-013
           7           7  0.43692116974302309     
           7           8  -3.3653635433950073E-015
           7           9  -2.4168167467308873E-014
           7          10  0.60763547099025150     
           7          11   1.6198847818671418E-014
           7          12   4.4270143106928172E-015
           7          13   3.9412337835638446E-002
           7          14  -1.8620088110266063E-014
           7          15   1.6066141472759221E-014
           7          16  -1.9268225345534249E-003
           7          17   1.1787123469116087E-013
           7          18   2.5316445988188277E-014
           7          19   8.7614187356058605E-004
           7          20  -3.5229550396711981E-014
           7          21   3.6739938890674406E-014
           8           1  -1.2675047580210971E-014
           8           2  -2.9603852203551959E-014
           8           3   6.0382027564788876E-014
           8           4  -1.5683611442936329E-014
           8           5   3.5500301860791599E-014
           8           6  -7.1573087790986183E-014
           8           7  -3.3653635433950073E-015
           8           8  0.43692116974301842     
           8           9  -2.0520043997329651E-014
           8          10  -1.6174561690007753E-014
           8          11  0.60763547099027382     
           8          12  -1.2045919817182950E-014
           8          13  -1.2431462109718788E-014
           8          14   3.9412337835603835E-002
           8          15   4.7366624511546678E-015
           8          16   4.5811092549627465E-014
           8          17  -1.9268225345590341E-003
           8          18   1.7689097257279907E-015
           8          19  -1.6906018685675111E-014
           8          20   8.7614187357389604E-004
           8          21   3.0657781543465280E-014
           9           1   3.9959461060430623E-015
           9           2   4.0341485057994093E-015
           9           3   2.2249153230419582E-014
           9           4  -1.4447193736210282E-014
           9           5   2.1745697701137838E-014
           9           6  -4.5315782590583322E-014
           9           7  -2.4168167467308873E-014
           9           8  -2.0520043997329651E-014
           9           9  0.43692116974300033     
           9          10  -4.3305636854285006E-014
           9          11  -1.7288254161584860E-014
           9          12  0.60763547099025406     
           9          13   1.8288322245485473E-014
           9          14  -1.0169816377914426E-016
           9          15   3.9412337835624200E-002
           9          16   1.7623679208697531E-014
           9          17   4.9552708128192812E-014
           9          18  -1.9268225345967333E-003
           9          19  -1.0710413133642424E-014
           9          20  -3.3755679187171652E-014
           9          21   8.7614187358286695E-004
          10           1  -1.0773318076390599E-014
          10           2  -3.6463608508793256E-014
          10           3   1.4188002555903140E-013
          10           4  -4.9201665245901813E-014
          10           5   5.6068141608389177E-014
          10           6  -1.8198633517599540E-013
          10           7  0.60763547099025150     
          10           8  -1.6174561690007753E-014
          10           9  -4.3305636854285006E-014
          10          10  0.84505190242103145     
          10          11   6.5433769513845116E-015
          10          12  -7.3968609015650991E-015
          10          13   5.4809864398215551E-002
          10          14  -2.6953482848424150E-014
          10          15   2.1415161310933709E-014
          10          16  -2.6805496630023283E-003
          10          17   1.6383734104639944E-013
          10          18   3.5203475334463774E-014
          10          19   1.2186273391367900E-003
          10          20  -4.8970803269692604E-014
          10          21   5.1046948786048706E-014
          11           1  -1.1502465829554717E-014
          11           2  -2.8888667423173878E-014
          11           3   7.6612511799096985E-014
          11           4  -2.6937938247636324E-014
          11           5   4.9520848504026796E-014
          11           6  -9.8995673747832664E-014
          11           7   1.6198847818671418E-014
          11           8  0.60763547099027382     
          11           9  -1.7288254161584860E-014
          11          10   6.5433769513845116E-015
          11          11  0.84505190242110217     
          11          12  -1.0824674490095304E-015
          11          13  -1.5330185038076016E-014
          11          14   5.4809864398170149E-002
          11          15   7.6215075917040909E-015
          11          16   6.3619004812484652E-014
          11          17  -2.6805496630101702E-003
          11          18   2.4156024402977031E-015
          11          19  -2.3454233889254375E-014
          11          20   1.2186273391553257E-003
          11          21   4.2630958171138042E-014
          12           1  -8.0522264252243538E-015
          12           2  -2.1300495966251963E-014
          12           3   4.4870971211867261E-014
          12           4  -1.0341075045063948E-014
          12           5   3.0539339276285936E-014
          12           6  -6.3443215975768169E-014
          12           7   4.4270143106928172E-015
          12           8  -1.2045919817182950E-014
          12           9  0.60763547099025406     
          12          10  -7.3968609015650991E-015
          12          11  -1.0824674490095304E-015
          12          12  0.84505190242108230     
          12          13   2.8996770262690294E-014
          12          14   1.4224732503009747E-015
          12          15   5.4809864398198960E-002
          12          16   2.4399400685645669E-014
          12          17   6.8822030051870335E-014
          12          18  -2.6805496630625939E-003
          12          19  -1.4834772407885880E-014
          12          20  -4.6891886261533155E-014
          12          21   1.2186273391678049E-003
          13           1   1.5975324658902598E-014
          13           2   3.3273315555473348E-014
          13           3  -2.4610514019767120E-014
          13           4  -2.8724106130030526E-014
          13           5   1.1698389364591094E-014
          13           6  -4.6743812758503721E-015
          13           7   3.9412337835638446E-002
          13           8  -1.2431462109718788E-014
          13           9   1.8288322245485473E-014
          13          10   5.4809864398215551E-002
          13          11  -1.5330185038076016E-014
          13          12   2.8996770262690294E-014
          13          13   3.5615159409787254E-003
          13          14  -2.8138434507787281E-015
          13          15   3.4196278621277968E-015
          13          16  -1.7054580702733979E-004
          13          17   1.1144102472966218E-014
          13          18   2.3324780149859460E-015
          13          19   7.8442867714874825E-005
          13          20  -3.3649959310962737E-015
          13          21   3.4682238363780172E-015
          14           1   9.0684955905177142E-015
          14           2   1.8000685599109195E-014
          14           3  -7.9914095554865776E-015
          14           4  -1.1351908278047455E-014
          14           5   5.1623898720546323E-015
          14           6  -4.5870900234231003E-015
          14           7  -1.8620088110266063E-014
          14           8   3.9412337835603835E-002
          14           9  -1.0169816377914426E-016
          14          10  -2.6953482848424150E-014
          14          11   5.4809864398170149E-002
          14          12   1.4224732503009747E-015
          14          13  -2.8138434507787281E-015
          14          14   3.5615159409723238E-003
          14          15   5.9021255764676749E-016
          14          16   4.3323194153216796E-015
          14          17  -1.7054580702781193E-004
          14          18   1.6831815211363568E-016
          14          19  -1.6412195089295366E-015
          14          20   7.8442867716088996E-005
          14          21   2.8669956152520038E-015
          15           1  -1.0864519654064927E-014
          15           2  -2.4175943215977509E-014
          15           3   2.8247632398259037E-014
          15           4   1.7536831931162290E-014
          15           5  -1.5105505792743177E-015
          15           6  -8.1404807811554437E-015
          15           7   1.6066141472759221E-014
          15           8   4.7366624511546678E-015
          15           9   3.9412337835624200E-002
          15          10   2.1415161310933709E-014
          15          11   7.6215075917040909E-015
          15          12   5.4809864398198960E-002
          15          13   3.4196278621277968E-015
          15          14   5.9021255764676749E-016
          15          15   3.5615159409762443E-003
          15          16   1.6135740475967125E-015
          15          17   4.6531513553024604E-015
          15          18  -1.7054580703138023E-004
          15          19  -9.2836166271762193E-016
          15          20  -3.1305880332725534E-015
          15          21   7.8442867716965167E-005
          16           1   1.2242466323800114E-015
          16           2   3.2253755922902044E-015
          16           3  -6.6217674920147641E-015
          16           4  -7.6021645211110810E-015
          16           5   1.7007302729028899E-014
          16           6   1.3432346138532177E-014
          16           7  -1.9268225345534249E-003
          16           8   4.5811092549627465E-014
          16           9   1.7623679208697531E-014
          16          10  -2.6805496630023283E-003
          16          11   6.3619004812484652E-014
          16          12   2.4399400685645669E-014
          16          13  -1.7054580702733979E-004
          16          14   4.3323194153216796E-015
          16          15   1.6135740475967125E-015
          16          16   1.0176710285272741E-005
          16          17  -4.1399044993459285E-016
          16          18  -9.6510245795903813E-017
          16          19  -4.1670936532461715E-006
          16          20   1.5038937629530438E-016
          16          21  -7.2451863115449442E-017
          17           1   5.7203437411812150E-017
          17           2   3.6569710311890470E-016
          17           3  -1.7573238289451262E-015
          17           4  -1.7089129650885560E-015
          17           5   3.3751161434271607E-015
          17           6   2.8930474190498245E-015
          17           7   1.1787123469116087E-013
          17           8  -1.9268225345590341E-003
          17           9   4.9552708128192812E-014
          17          10   1.6383734104639944E-013
          17          11  -2.6805496630101702E-003
          17          12   6.8822030051870335E-014
          17          13   1.1144102472966218E-014
          17          14  -1.7054580702781193E-004
          17          15   4.6531513553024604E-015
          17          16  -4.1399044993459285E-016
          17          17   1.0176710285253255E-005
          17          18  -1.0950242095267979E-016
          17          19   2.2546500337519138E-016
          17          20  -4.1670936532722906E-006
          17          21  -5.0610615644212083E-018
          18           1   8.8478981626273072E-015
          18           2   1.7853463567435565E-014
          18           3  -1.1298416892984180E-014
          18           4  -7.6645361313732361E-015
          18           5  -9.4041670641818436E-016
          18           6   3.6477745823441414E-017
          18           7   2.5316445988188277E-014
          18           8   1.7689097257279907E-015
          18           9  -1.9268225345967333E-003
          18          10   3.5203475334463774E-014
          18          11   2.4156024402977031E-015
          18          12  -2.6805496630625939E-003
          18          13   2.3324780149859460E-015
          18          14   1.6831815211363568E-016
          18          15  -1.7054580703138023E-004
          18          16  -9.6510245795903813E-017
          18          17  -1.0950242095267979E-016
          18          18   1.0176710285487247E-005
          18          19   9.1404172371180954E-017
          18          20   1.0004139380410743E-016
          18          21  -4.1670936533645656E-006
          19           1  -1.3922737398794655E-014
          19           2  -2.9915063375320322E-014
          19           3   2.9545139303705291E-014
          19           4   2.4148685739830297E-014
          19           5  -1.9596775975697969E-014
          19           6  -1.6353812959903004E-014
          19           7   8.7614187356058605E-004
          19           8  -1.6906018685675111E-014
          19           9  -1.0710413133642424E-014
          19          10   1.2186273391367900E-003
          19          11  -2.3454233889254375E-014
          19          12  -1.4834772407885880E-014
          19          13   7.8442867714874825E-005
          19          14  -1.6412195089295366E-015
          19          15  -9.2836166271762193E-016
          19          16  -4.1670936532461715E-006
          19          17   2.2546500337519138E-016
          19          18   9.1404172371180954E-017
          19          19   1.8116729998051865E-006
          19          20  -8.1659852405527195E-017
          19          21   4.0599400892098164E-017
          20           1  -5.5516098596670829E-015
          20           2  -1.2108444539194681E-014
          20           3   1.3041152613356488E-014
          20           4   1.1903597138485047E-014
          20           5  -1.5332932525007921E-014
          20           6  -1.2260415684707962E-014
          20           7  -3.5229550396711981E-014
          20           8   8.7614187357389604E-004
          20           9  -3.3755679187171652E-014
          20          10  -4.8970803269692604E-014
          20          11   1.2186273391553257E-003
          20          12  -4.6891886261533155E-014
          20          13  -3.3649959310962737E-015
          20          14   7.8442867716088996E-005
          20          15  -3.1305880332725534E-015
          20          16   1.5038937629530438E-016
          20          17  -4.1670936532722906E-006
          20          18   1.0004139380410743E-016
          20          19  -8.1659852405527195E-017
          20          20   1.8116729998449924E-006
          20          21  -6.0925425538929600E-018
          21           1   5.7902261688046589E-015
          21           2   1.1916119420916056E-014
          21           3  -9.0019354660052049E-015
          21           4  -8.1732668797563967E-015
          21           5   9.7560519771181019E-015
          21           6   7.6228667109409767E-015
          21           7   3.6739938890674406E-014
          21           8   3.0657781543465280E-014
          21           9   8.7614187358286695E-004
          21          10   5.1046948786048706E-014
          21          11   4.2630958171138042E-014
          21          12   1.2186273391678049E-003
          21          13   3.4682238363780172E-015
          21          14   2.8669956152520038E-015
          21          15   7.8442867716965167E-005
          21          16  -7.2451863115449442E-017
          21          17  -5.0610615644212083E-018
          21          18  -4.1670936533645656E-006
          21          19   4.0599400892098164E-017
          21          20  -6.0925425538929600E-018
          21          21   1.8116729998759449E-006
