           1           1  0.62594336854497157     
           1           2  0.57394347883320540     
           1           3  -1.5526567515937446E-014
           1           4  -1.1361942101814007E-014
           1           5   6.5856143069074082E-015
           1           6 -0.16373765030318338     
           1           7  -6.7995328394866588E-015
           1           8  -1.6974525883449078E-014
           1           9   1.5853265403007140E-014
           1          10 -0.11983917886438855     
           1          11   5.8260094343346164E-016
           1          12  -4.6939445262166040E-015
           1          13  -2.1234862167288246E-015
           2           1  0.57394347883320540     
           2           2  0.54712841357493747     
           2           3  -1.2845335350889474E-014
           2           4  -8.0130888762050123E-015
           2           5   4.3190024163609568E-015
           2           6 -0.28222502342462263     
           2           7  -5.7534505084909654E-015
           2           8  -1.2446272227534891E-014
           2           9   1.3799235573052780E-014
           2          10 -0.20221809786971240     
           2          11   1.4927889174808632E-015
           2          12  -2.3909827123650598E-015
           2          13  -3.8725890761284279E-015
           3           1  -1.5526567515937446E-014
           3           2  -1.2845335350889474E-014
           3           3  0.21611422823260892     
           3           4  -1.4589024432964948E-015
           3           5  -1.7520707107365752E-015
           3           6  -4.7025413595100060E-015
           3           7  0.31747796999290645     
           3           8  -2.2100377083944522E-015
           3           9  -2.1510571102112408E-015
           3          10  -2.9436454379495719E-015
           3          11  0.27266814330013017     
           3          12   4.3819115003174147E-015
           3          13   1.5820678100908481E-015
           4           1  -1.1361942101814007E-014
           4           2  -8.0130888762050123E-015
           4           3  -1.4589024432964948E-015
           4           4  0.21611422823260795     
           4           5   7.1123662515049091E-016
           4           6  -1.1090826908000401E-014
           4           7  -3.9378222904673521E-015
           4           8  0.31747796999290434     
           4           9   1.5629858518551032E-015
           4          10  -9.7009135623627286E-015
           4          11  -5.7592819402429996E-016
           4          12  0.27266814330013123     
           4          13  -4.1806835771041051E-016
           5           1   6.5856143069074082E-015
           5           2   4.3190024163609568E-015
           5           3  -1.7520707107365752E-015
           5           4   7.1123662515049091E-016
           5           5  0.21611422823260729     
           5           6   8.6265196280125411E-015
           5           7  -1.1102230246251565E-015
           5           8  -1.2576745200831851E-015
           5           9  0.31747796999290145     
           5          10   6.2669147493400972E-015
           5          11  -1.3114509478384662E-015
           5          12   1.0304257447302234E-015
           5          13  0.27266814330013378     
           6           1 -0.16373765030318338     
           6           2 -0.28222502342462263     
           6           3  -4.7025413595100060E-015
           6           4  -1.1090826908000401E-014
           6           5   8.6265196280125411E-015
           6           6  0.87905195066563913     
           6           7  -1.2027056051640335E-015
           6           8  -1.3592227955633235E-014
           6           9  -2.6923301673562187E-016
           6          10  0.61588997735792517     
           6          11  -6.1650673510967150E-015
           6          12  -9.4165570056862584E-015
           6          13   1.2068378700373328E-014
           7           1  -6.7995328394866588E-015
           7           2  -5.7534505084909654E-015
           7           3  0.31747796999290645     
           7           4  -3.9378222904673521E-015
           7           5  -1.1102230246251565E-015
           7           6  -1.2027056051640335E-015
           7           7  0.46638419994419400     
           7           8  -5.9015292652730977E-015
           7           9  -9.8532293435482643E-016
           7          10  -4.7368076573724899E-016
           7          11  0.40055728548961245     
           7          12   4.1668057892962906E-015
           7          13   4.1702752362482443E-015
           8           1  -1.6974525883449078E-014
           8           2  -1.2446272227534891E-014
           8           3  -2.2100377083944522E-015
           8           4  0.31747796999290434     
           8           5  -1.2576745200831851E-015
           8           6  -1.3592227955633235E-014
           8           7  -5.9015292652730977E-015
           8           8  0.46638419994419000     
           8           9  -1.0876716194374580E-015
           8          10  -1.2360746132734904E-014
           8          11  -9.4022012397942945E-016
           8          12  0.40055728548961322     
           8          13  -3.5232233797088952E-015
           9           1   1.5853265403007140E-014
           9           2   1.3799235573052780E-014
           9           3  -2.1510571102112408E-015
           9           4   1.5629858518551032E-015
           9           5  0.31747796999290145     
           9           6  -2.6923301673562187E-016
           9           7  -9.8532293435482643E-016
           9           8  -1.0876716194374580E-015
           9           9  0.46638419994418273     
           9          10   1.0644553854936526E-016
           9          11  -1.3808398868775384E-015
           9          12   2.1597307275911248E-015
           9          13  0.40055728548961450     
          10           1 -0.11983917886438855     
          10           2 -0.20221809786971240     
          10           3  -2.9436454379495719E-015
          10           4  -9.7009135623627286E-015
          10           5   6.2669147493400972E-015
          10           6  0.61588997735792517     
          10           7  -4.7368076573724899E-016
          10           8  -1.2360746132734904E-014
          10           9   1.0644553854936526E-016
          10          10  0.43155488098041983     
          10          11  -4.0494972141063663E-015
          10          12  -9.1232319038990762E-015
          10          13   8.8245376844491953E-015
          11           1   5.8260094343346164E-016
          11           2   1.4927889174808632E-015
          11           3  0.27266814330013017     
          11           4  -5.7592819402429996E-016
          11           5  -1.3114509478384662E-015
          11           6  -6.1650673510967150E-015
          11           7  0.40055728548961245     
          11           8  -9.4022012397942945E-016
          11           9  -1.3808398868775384E-015
          11          10  -4.0494972141063663E-015
          11          11  0.34402138619737999     
          11          12   7.1193051454088163E-015
          11          13   3.1155633628543455E-015
          12           1  -4.6939445262166040E-015
          12           2  -2.3909827123650598E-015
          12           3   4.3819115003174147E-015
          12           4  0.27266814330013123     
          12           5   1.0304257447302234E-015
          12           6  -9.4165570056862584E-015
          12           7   4.1668057892962906E-015
          12           8  0.40055728548961322     
          12           9   2.1597307275911248E-015
          12          10  -9.1232319038990762E-015
          12          11   7.1193051454088163E-015
          12          12  0.34402138619738426     
          12          13  -3.7643499428696714E-016
          13           1  -2.1234862167288246E-015
          13           2  -3.8725890761284279E-015
          13           3   1.5820678100908481E-015
          13           4  -4.1806835771041051E-016
          13           5  0.27266814330013378     
          13           6   1.2068378700373328E-014
          13           7   4.1702752362482443E-015
          13           8  -3.5232233797088952E-015
          13           9  0.40055728548961450     
          13          10   8.8245376844491953E-015
          13          11   3.1155633628543455E-015
          13          12  -3.7643499428696714E-016
          13          13  0.34402138619739187     
