           1           1  0.65230885917483250     
           1           2  0.57184023769739167     
           1           3   4.4486715952965134E-016
           1           4   1.2880041813126956E-016
           1           5   6.6731904007153168E-016
           1           6 -0.15428807534585487     
           1           7   4.9385435386713158E-017
           1           8   1.5717699588286355E-015
           1           9  -6.2532176815976002E-016
           1          10 -0.13539008339238581     
           1          11   7.0773364226052500E-016
           1          12  -6.7967490458229683E-016
           1          13   1.9050092396767275E-015
           2           1  0.57184023769739167     
           2           2  0.51777657652607956     
           2           3   6.2671812689345668E-016
           2           4   2.4902007935980253E-016
           2           5   4.8123752764857067E-016
           2           6 -0.24191552570447056     
           2           7   2.0580772395432316E-016
           2           8   1.5328170740057624E-015
           2           9  -7.0591046109585853E-016
           2          10 -0.20598756930831141     
           2          11   7.4917997765865460E-016
           2          12  -4.0171590360808767E-016
           2          13   1.7413600335051338E-015
           3           1   4.4486715952965134E-016
           3           2   6.2671812689345668E-016
           3           3  0.18148773678190175     
           3           4   3.8200708268337049E-003
           3           5  -3.2009618737570876E-002
           3           6  -7.9938002070507114E-016
           3           7  0.22190172687861212     
           3           8   4.7984213243061563E-003
           3           9  -4.0207536481875999E-002
           3          10  -8.2948366059772972E-016
           3          11  0.14669503943453688     
           3          12   6.7529081544720915E-003
           3          13  -5.6584818762026180E-002
           4           1   1.2880041813126956E-016
           4           2   2.4902007935980253E-016
           4           3   3.8200708268337049E-003
           4           4  0.16969481811947840     
           4           5  -9.4627010269532075E-003
           4           6  -8.6048502994502341E-016
           4           7   4.7984213243055778E-003
           4           8  0.20708854802651239     
           4           9  -1.1886173961570441E-002
           4          10  -5.4782324598822302E-016
           4          11   6.7529081544723361E-003
           4          12  0.12584817553842606     
           4          13  -1.6727635121156458E-002
           5           1   6.6731904007153168E-016
           5           2   4.8123752764857067E-016
           5           3  -3.2009618737570876E-002
           5           4  -9.4627010269532075E-003
           5           5  0.24785658327684895     
           5           6   4.9919519516729687E-016
           5           7  -4.0207536481876159E-002
           5           8  -1.1886173961570160E-002
           5           9  0.30526816240486465     
           5          10   3.6659865400661446E-016
           5          11  -5.6584818762025701E-002
           5          12  -1.6727635121155656E-002
           5          13  0.26401818474127559     
           6           1 -0.15428807534585487     
           6           2 -0.24191552570447056     
           6           3  -7.9938002070507114E-016
           6           4  -8.6048502994502341E-016
           6           5   4.9919519516729687E-016
           6           6  0.77883401783359341     
           6           7  -1.1061930351643402E-015
           6           8  -8.9354693217267149E-016
           6           9   7.0926395705440155E-016
           6          10  0.60108201853296905     
           6          11  -7.5920175271814861E-016
           6          12  -1.4044087170941521E-015
           6          13  -3.9085881948621092E-016
           7           1   4.9385435386713158E-017
           7           2   2.0580772395432316E-016
           7           3  0.22190172687861212     
           7           4   4.7984213243055778E-003
           7           5  -4.0207536481876159E-002
           7           6  -1.1061930351643402E-015
           7           7  0.27133071632164313     
           7           8   6.0273351592901340E-003
           7           9  -5.0505006110675044E-002
           7          10  -9.7060180157237462E-016
           7          11  0.17980753132951438     
           7          12   8.4823815992844873E-003
           7          13  -7.1076640535680524E-002
           8           1   1.5717699588286355E-015
           8           2   1.5328170740057624E-015
           8           3   4.7984213243061563E-003
           8           4  0.20708854802651239     
           8           5  -1.1886173961570160E-002
           8           6  -8.9354693217267149E-016
           8           7   6.0273351592901340E-003
           8           8  0.25272376464279522     
           8           9  -1.4930317574473906E-002
           8          10  -8.3916307803147457E-016
           8          11   8.4823815992852072E-003
           8          12  0.15362161991621370     
           8          13  -2.1011715412904152E-002
           9           1  -6.2532176815976002E-016
           9           2  -7.0591046109585853E-016
           9           3  -4.0207536481875999E-002
           9           4  -1.1886173961570441E-002
           9           5  0.30526816240486465     
           9           6   7.0926395705440155E-016
           9           7  -5.0505006110675044E-002
           9           8  -1.4930317574473906E-002
           9           9  0.37604795851270534     
           9          10   6.4466229020835324E-016
           9          11  -7.1076640535679900E-002
           9          12  -2.1011715412903427E-002
           9          13  0.32717806653530557     
          10           1 -0.13539008339238581     
          10           2 -0.20598756930831141     
          10           3  -8.2948366059772972E-016
          10           4  -5.4782324598822302E-016
          10           5   3.6659865400661446E-016
          10           6  0.60108201853296905     
          10           7  -9.7060180157237462E-016
          10           8  -8.3916307803147457E-016
          10           9   6.4466229020835324E-016
          10          10  0.52863981830732054     
          10          11  -8.9657308876736532E-016
          10          12  -1.1933610804030499E-015
          10          13  -6.5094272715103514E-016
          11           1   7.0773364226052500E-016
          11           2   7.4917997765865460E-016
          11           3  0.14669503943453688     
          11           4   6.7529081544723361E-003
          11           5  -5.6584818762025701E-002
          11           6  -7.5920175271814861E-016
          11           7  0.17980753132951438     
          11           8   8.4823815992852072E-003
          11           9  -7.1076640535679900E-002
          11          10  -8.9657308876736532E-016
          11          11  0.13137982741047705     
          11          12   1.1937414411903480E-002
          11          13 -0.10002748675582301     
          12           1  -6.7967490458229683E-016
          12           2  -4.0171590360808767E-016
          12           3   6.7529081544720915E-003
          12           4  0.12584817553842606     
          12           5  -1.6727635121155656E-002
          12           6  -1.4044087170941521E-015
          12           7   8.4823815992844873E-003
          12           8  0.15362161991621370     
          12           9  -2.1011715412903427E-002
          12          10  -1.1933610804030499E-015
          12          11   1.1937414411903480E-002
          12          12   9.4527904087395545E-002
          12          13  -2.9570180432575428E-002
          13           1   1.9050092396767275E-015
          13           2   1.7413600335051338E-015
          13           3  -5.6584818762026180E-002
          13           4  -1.6727635121156458E-002
          13           5  0.26401818474127559     
          13           6  -3.9085881948621092E-016
          13           7  -7.1076640535680524E-002
          13           8  -2.1011715412904152E-002
          13           9  0.32717806653530557     
          13          10  -6.5094272715103514E-016
          13          11 -0.10002748675582301     
          13          12  -2.9570180432575428E-002
          13          13  0.33877714033068795     
