           1           1  0.64027946696912053     
           1           2  0.57426257171397399     
           1           3   2.2537630405599613E-013
           1           4   4.0303323839543513E-013
           1           5  -1.7413017411169300E-013
           1           6 -0.15524097148900123     
           1           7  -3.2370482266120617E-013
           1           8  -6.1883994090480059E-013
           1           9   2.3965492178434987E-013
           1          10 -0.12336505141763410     
           1          11   2.4544276639705536E-013
           1          12   4.8116522033450700E-013
           1          13  -2.1203634400388405E-013
           2           1  0.57426257171397399     
           2           2  0.53587344544455873     
           2           3   2.0216459132568483E-013
           2           4   3.6427161464448456E-013
           2           5  -1.5645615106795981E-013
           2           6 -0.26585387901039947     
           2           7  -3.1488058926454831E-013
           2           8  -5.9876107705414066E-013
           2           9   2.3224448103221935E-013
           2          10 -0.20756210168045780     
           2          11   2.3584320624262491E-013
           2          12   4.6868290261303128E-013
           2          13  -1.9863978230661681E-013
           3           1   2.2537630405599613E-013
           3           2   2.0216459132568483E-013
           3           3  0.10628615067350795     
           3           4   2.2158797173345621E-004
           3           5   1.6616876571094306E-002
           3           6  -4.1918292046604038E-014
           3           7  0.16536433661426539     
           3           8   3.1929247201104325E-004
           3           9   2.3943734653049161E-002
           3          10  -8.8502735493437616E-014
           3          11  0.13156329202686307     
           3          12   3.7460087943054699E-004
           3          13   2.8091310770206931E-002
           4           1   4.0303323839543513E-013
           4           2   3.6427161464448456E-013
           4           3   2.2158797173345621E-004
           4           4  0.10304859975845164     
           4           5   1.1320319495183354E-003
           4           6  -1.0299277918694062E-013
           4           7   3.1929247201124025E-004
           4           8  0.16069925652510478     
           4           9   1.6311773456379971E-003
           4          10  -1.4157515549326405E-013
           4          11   3.7460087942970397E-004
           4          12  0.12609011850354426     
           4          13   1.9137327740103764E-003
           5           1  -1.7413017411169300E-013
           5           2  -1.5645615106795981E-013
           5           3   1.6616876571094306E-002
           5           4   1.1320319495183354E-003
           5           5  0.18792455213950932     
           5           6   5.1932376946514947E-014
           5           7   2.3943734653049564E-002
           5           8   1.6311773456379453E-003
           5           9  0.28299945376988345     
           5          10   2.7133734852199238E-014
           5          11   2.8091310770207111E-002
           5          12   1.9137327740084815E-003
           5          13  0.26957537248933122     
           6           1 -0.15524097148900123     
           6           2 -0.26585387901039947     
           6           3  -4.1918292046604038E-014
           6           4  -1.0299277918694062E-013
           6           5   5.1932376946514947E-014
           6           6  0.80821680387423200     
           6           7   2.5110995025910155E-013
           6           8   4.3992110581992110E-013
           6           9  -1.5385792964751738E-013
           6          10  0.61774337030296356     
           6          11  -1.3960422688846911E-013
           6          12  -3.3065493178477351E-013
           6          13   1.1639466094764471E-013
           7           1  -3.2370482266120617E-013
           7           2  -3.1488058926454831E-013
           7           3  0.16536433661426539     
           7           4   3.1929247201124025E-004
           7           5   2.3943734653049564E-002
           7           6   2.5110995025910155E-013
           7           7  0.25730386976044545     
           7           8   4.5864506685448629E-004
           7           9   3.4393782326069884E-002
           7          10   9.5928311772653483E-014
           7          11  0.20459627323163043     
           7          12   5.4517392039812710E-004
           7          13   4.0882578933075162E-002
           8           1  -6.1883994090480059E-013
           8           2  -5.9876107705414066E-013
           8           3   3.1929247201104325E-004
           8           4  0.16069925652510478     
           8           5   1.6311773456379453E-003
           8           6   4.3992110581992110E-013
           8           7   4.5864506685448629E-004
           8           8  0.25060275352084271     
           8           9   2.3430913921325671E-003
           8          10   2.2533293550460018E-013
           8          11   5.4517392039653983E-004
           8          12  0.19663091161458493     
           8          13   2.7851434854814549E-003
           9           1   2.3965492178434987E-013
           9           2   2.3224448103221935E-013
           9           3   2.3943734653049161E-002
           9           4   1.6311773456379971E-003
           9           5  0.28299945376988345     
           9           6  -1.5385792964751738E-013
           9           7   3.4393782326069884E-002
           9           8   2.3430913921325671E-003
           9           9  0.42627987421332453     
           9          10  -1.2981774156180818E-013
           9          11   4.0882578933075293E-002
           9          12   2.7851434854787513E-003
           9          13  0.40545161314012224     
          10           1 -0.12336505141763410     
          10           2 -0.20756210168045780     
          10           3  -8.8502735493437616E-014
          10           4  -1.4157515549326405E-013
          10           5   2.7133734852199238E-014
          10           6  0.61774337030296356     
          10           7   9.5928311772653483E-014
          10           8   2.2533293550460018E-013
          10           9  -1.2981774156180818E-013
          10          10  0.48031523055708042     
          10          11  -1.7355744896231577E-013
          10          12  -3.1921430480650013E-013
          10          13   6.2714653994648115E-014
          11           1   2.4544276639705536E-013
          11           2   2.3584320624262491E-013
          11           3  0.13156329202686307     
          11           4   3.7460087942970397E-004
          11           5   2.8091310770207111E-002
          11           6  -1.3960422688846911E-013
          11           7  0.20459627323163043     
          11           8   5.4517392039653983E-004
          11           9   4.0882578933075293E-002
          11          10  -1.7355744896231577E-013
          11          11  0.16324482327711998     
          11          12   6.1319608133795958E-004
          11          13   4.5983559115316791E-002
          12           1   4.8116522033450700E-013
          12           2   4.6868290261303128E-013
          12           3   3.7460087943054699E-004
          12           4  0.12609011850354426     
          12           5   1.9137327740084815E-003
          12           6  -3.3065493178477351E-013
          12           7   5.4517392039812710E-004
          12           8  0.19663091161458493     
          12           9   2.7851434854787513E-003
          12          10  -3.1921430480650013E-013
          12          11   6.1319608133795958E-004
          12          12  0.15428561164343671     
          12          13   3.1326499807898017E-003
          13           1  -2.1203634400388405E-013
          13           2  -1.9863978230661681E-013
          13           3   2.8091310770206931E-002
          13           4   1.9137327740103764E-003
          13           5  0.26957537248933122     
          13           6   1.1639466094764471E-013
          13           7   4.0882578933075162E-002
          13           8   2.7851434854814549E-003
          13           9  0.40545161314012224     
          13          10   6.2714653994648115E-014
          13          11   4.5983559115316791E-002
          13          12   3.1326499807898017E-003
          13          13  0.38916118269830813     
