           1           1  0.38262540746719870     
           1           2  0.62456694078837216     
           1           3 -0.13022167718482486     
           1           4 -0.16876221539908173     
           1           5   3.4042532051783481E-002
           1           6   3.8769747283507267E-002
           1           7  -2.2695853378012478E-015
           1           8  -3.8980026356890820E-015
           1           9  -7.4988628360842503E-016
           1          10   4.3922664815091474E-015
           1          11   7.0853196435717269E-015
           1          12  -8.7933415550487452E-015
           1          13  -3.5964685628955661E-015
           1          14  -6.4747973547823074E-015
           1          15   5.7797042425641802E-015
           1          16   4.1337235002417139E-015
           1          17   4.9596419425867048E-015
           1          18  -1.1651642849628750E-014
           1          19  -2.2721742427364591E-015
           1          20  -3.1586691487283320E-015
           1          21  -1.7594268921244892E-015
           2           1  0.62456694078837216     
           2           2   1.0546017211927914     
           2           3 -0.35555905684079547     
           2           4 -0.44849494321183070     
           2           5   9.5869094832390395E-002
           2           6  0.10797267103807223     
           2           7  -2.5985103151288668E-015
           2           8  -6.6153160242915314E-015
           2           9  -1.0240841543748219E-015
           2          10   8.9626451898255977E-015
           2          11   1.3503428153053929E-014
           2          12  -1.5825141592957723E-014
           2          13  -8.9289565664788275E-015
           2          14  -1.1935408205735925E-014
           2          15   1.3683287119440757E-014
           2          16   6.0350245468696082E-015
           2          17   8.2844776358989225E-015
           2          18  -2.0935421175122193E-014
           2          19  -4.8124416039560959E-015
           2          20  -6.2979203387017554E-015
           2          21  -3.3769684807137247E-015
           3           1 -0.13022167718482486     
           3           2 -0.35555905684079547     
           3           3  0.62792320747898245     
           3           4  0.77134250690332595     
           3           5 -0.20564658617551212     
           3           6 -0.22091438779237427     
           3           7  -3.5801540334560750E-015
           3           8   3.7213968248395858E-015
           3           9   4.5298640482437328E-015
           3          10  -8.6212732800907663E-015
           3          11  -7.9504602976956862E-015
           3          12   1.7851741435562970E-014
           3          13   1.6179161550698894E-014
           3          14   9.6144339274498947E-015
           3          15  -2.3752440517650749E-014
           3          16   9.4067552464101984E-015
           3          17   3.3415994049059487E-015
           3          18  -3.7944361943153966E-015
           3          19   9.0844037837589443E-015
           3          20   8.6408219035394819E-015
           3          21  -4.5728299708270881E-015
           4           1 -0.16876221539908173     
           4           2 -0.44849494321183070     
           4           3  0.77134250690332595     
           4           4   1.0012041805109844     
           4           5 -0.45233976352801308     
           4           6 -0.44055565113647399     
           4           7   1.2950393370111164E-015
           4           8   7.6920805194631857E-015
           4           9  -1.0841554728290473E-014
           4          10  -2.9246071827746058E-016
           4          11  -3.4286234626721388E-015
           4          12  -7.3924826064450079E-015
           4          13   1.0458167080598699E-014
           4          14   3.6343183711307396E-015
           4          15  -8.7206568191460705E-015
           4          16  -1.8806082372447685E-014
           4          17  -1.9860605621083249E-014
           4          18   6.7855755771317170E-014
           4          19  -3.0781126353844594E-015
           4          20   3.4039541181561525E-018
           4          21   3.2527316630686467E-014
           5           1   3.4042532051783481E-002
           5           2   9.5869094832390395E-002
           5           3 -0.20564658617551212     
           5           4 -0.45233976352801308     
           5           5  0.81972746349696690     
           5           6  0.71190435414128173     
           5           7  -4.4044797223387897E-015
           5           8  -5.6197473340021378E-015
           5           9   7.7343988287799326E-015
           5          10  -8.3922801353484319E-015
           5          11  -9.0600417403084510E-015
           5          12   1.3134261643637448E-014
           5          13   5.0286043542741483E-015
           5          14   9.2327122597169911E-015
           5          15  -2.2166645335656746E-014
           5          16   2.6457334105896803E-014
           5          17   2.6828566251856185E-014
           5          18  -1.0273509337400647E-013
           5          19   1.0695755973494939E-014
           5          20   7.7921547763410526E-015
           5          21  -5.9668898106329926E-014
           6           1   3.8769747283507267E-002
           6           2  0.10797267103807223     
           6           3 -0.22091438779237427     
           6           4 -0.44055565113647399     
           6           5  0.71190435414128173     
           6           6  0.62254949726373532     
           6           7   1.2576647796365736E-014
           6           8   1.8122840035556643E-015
           6           9  -1.5172503225844638E-015
           6          10   2.2092252360729206E-014
           6          11   5.5081165776936593E-015
           6          12  -4.6737313637450581E-015
           6          13  -1.9193795660313966E-014
           6          14  -1.0757383445890744E-014
           6          15   8.4362879738470924E-015
           6          16  -5.3726275300552462E-014
           6          17  -3.6168212907689515E-014
           6          18  -2.9965481959420625E-015
           6          19  -2.7921886169503124E-014
           6          20  -2.2388764143673275E-014
           6          21  -9.2014906261464202E-015
           7           1  -2.2695853378012478E-015
           7           2  -2.5985103151288668E-015
           7           3  -3.5801540334560750E-015
           7           4   1.2950393370111164E-015
           7           5  -4.4044797223387897E-015
           7           6   1.2576647796365736E-014
           7           7  0.33833031927949930     
           7           8  -2.1807642497373046E-015
           7           9   5.3446830294845450E-015
           7          10  0.57738740201690830     
           7          11  -7.1882604035788108E-015
           7          12   1.1547186817839607E-014
           7          13   1.3809218939444746E-002
           7          14   1.3268249346443024E-014
           7          15  -6.0828078685126315E-015
           7          16  -6.6012660280540342E-002
           7          17   4.4301551088610090E-015
           7          18  -3.7268568764924083E-014
           7          19  -3.2370163398191473E-002
           7          20   1.5371022190528978E-014
           7          21   1.8514107347900448E-016
           8           1  -3.8980026356890820E-015
           8           2  -6.6153160242915314E-015
           8           3   3.7213968248395858E-015
           8           4   7.6920805194631857E-015
           8           5  -5.6197473340021378E-015
           8           6   1.8122840035556643E-015
           8           7  -2.1807642497373046E-015
           8           8  0.33833031927950752     
           8           9  -2.7183116868556551E-015
           8          10  -1.3001752452445455E-015
           8          11  0.57738740201691785     
           8          12  -3.0210209334136155E-015
           8          13   1.4825380506565825E-015
           8          14   1.3809218939434827E-002
           8          15   6.5190908227208663E-015
           8          16  -3.1825094588737569E-015
           8          17  -6.6012660280571719E-002
           8          18   8.0452680108200535E-015
           8          19  -1.4947400684816510E-014
           8          20  -3.2370163398186318E-002
           8          21   1.7567503983635626E-014
           9           1  -7.4988628360842503E-016
           9           2  -1.0240841543748219E-015
           9           3   4.5298640482437328E-015
           9           4  -1.0841554728290473E-014
           9           5   7.7343988287799326E-015
           9           6  -1.5172503225844638E-015
           9           7   5.3446830294845450E-015
           9           8  -2.7183116868556551E-015
           9           9  0.33833031927949864     
           9          10   6.0567870163730267E-015
           9          11   1.2073675392798611E-015
           9          12  0.57738740201690675     
           9          13  -8.0855461215279042E-015
           9          14  -9.2712296173580487E-015
           9          15   1.3809218939430211E-002
           9          16  -2.3477042792458142E-015
           9          17   1.8955906180666273E-014
           9          18  -6.6012660280516319E-002
           9          19   1.3847240411604675E-014
           9          20  -1.1705202508215804E-014
           9          21  -3.2370163398239581E-002
          10           1   4.3922664815091474E-015
          10           2   8.9626451898255977E-015
          10           3  -8.6212732800907663E-015
          10           4  -2.9246071827746058E-016
          10           5  -8.3922801353484319E-015
          10           6   2.2092252360729206E-014
          10           7  0.57738740201690830     
          10           8  -1.3001752452445455E-015
          10           9   6.0567870163730267E-015
          10          10  0.98547834766322762     
          10          11  -8.4125414967493730E-015
          10          12   1.4498818812214135E-014
          10          13   2.1507845520236064E-002
          10          14   2.2744393174400764E-014
          10          15  -9.1853608052971163E-015
          10          16 -0.11922995550026035     
          10          17   3.9639041289788010E-015
          10          18  -6.1274810637772262E-014
          10          19  -5.8453578238755646E-002
          10          20   2.5618196393449784E-014
          10          21   3.5412279120356387E-015
          11           1   7.0853196435717269E-015
          11           2   1.3503428153053929E-014
          11           3  -7.9504602976956862E-015
          11           4  -3.4286234626721388E-015
          11           5  -9.0600417403084510E-015
          11           6   5.5081165776936593E-015
          11           7  -7.1882604035788108E-015
          11           8  0.57738740201691785     
          11           9   1.2073675392798611E-015
          11          10  -8.4125414967493730E-015
          11          11  0.98547834766323583     
          11          12   5.4314192032833704E-015
          11          13   9.2157184661265810E-015
          11          14   2.1507845520224448E-002
          11          15   1.2247147740396793E-015
          11          16   1.6419232239019364E-014
          11          17 -0.11922995550029711     
          11          18  -2.1598120427540628E-014
          11          19  -1.6392411787778100E-014
          11          20  -5.8453578238735843E-002
          11          21   1.4273697783624632E-014
          12           1  -8.7933415550487452E-015
          12           2  -1.5825141592957723E-014
          12           3   1.7851741435562970E-014
          12           4  -7.3924826064450079E-015
          12           5   1.3134261643637448E-014
          12           6  -4.6737313637450581E-015
          12           7   1.1547186817839607E-014
          12           8  -3.0210209334136155E-015
          12           9  0.57738740201690675     
          12          10   1.4498818812214135E-014
          12          11   5.4314192032833704E-015
          12          12  0.98547834766322429     
          12          13  -1.6504159150443317E-014
          12          14  -1.8261434031607836E-014
          12          15   2.1507845520216298E-002
          12          16  -1.0060935374742118E-014
          12          17   2.9519870705860294E-014
          12          18 -0.11922995550019852     
          12          19   2.2005028279138016E-014
          12          20  -2.3437903094031252E-014
          12          21  -5.8453578238832286E-002
          13           1  -3.5964685628955661E-015
          13           2  -8.9289565664788275E-015
          13           3   1.6179161550698894E-014
          13           4   1.0458167080598699E-014
          13           5   5.0286043542741483E-015
          13           6  -1.9193795660313966E-014
          13           7   1.3809218939444746E-002
          13           8   1.4825380506565825E-015
          13           9  -8.0855461215279042E-015
          13          10   2.1507845520236064E-002
          13          11   9.2157184661265810E-015
          13          12  -1.6504159150443317E-014
          13          13   4.2115409486699784E-002
          13          14  -2.0354242380102103E-014
          13          15   1.4105687104470806E-014
          13          16  0.12930834833991978     
          13          17  -4.6587900536318274E-015
          13          18   9.6975521417328635E-014
          13          19   6.3252022228737534E-002
          13          20  -2.4159457427512052E-014
          13          21   5.9999981159409580E-015
          14           1  -6.4747973547823074E-015
          14           2  -1.1935408205735925E-014
          14           3   9.6144339274498947E-015
          14           4   3.6343183711307396E-015
          14           5   9.2327122597169911E-015
          14           6  -1.0757383445890744E-014
          14           7   1.3268249346443024E-014
          14           8   1.3809218939434827E-002
          14           9  -9.2712296173580487E-015
          14          10   2.2744393174400764E-014
          14          11   2.1507845520224448E-002
          14          12  -1.8261434031607836E-014
          14          13  -2.0354242380102103E-014
          14          14   4.2115409486698112E-002
          14          15   1.7661978650440559E-014
          14          16  -5.9782861627554622E-014
          14          17  0.12930834833995025     
          14          18   9.8529225482147701E-014
          14          19   1.9743535436781409E-015
          14          20   6.3252022228696400E-002
          14          21   1.6907796607831445E-014
          15           1   5.7797042425641802E-015
          15           2   1.3683287119440757E-014
          15           3  -2.3752440517650749E-014
          15           4  -8.7206568191460705E-015
          15           5  -2.2166645335656746E-014
          15           6   8.4362879738470924E-015
          15           7  -6.0828078685126315E-015
          15           8   6.5190908227208663E-015
          15           9   1.3809218939430211E-002
          15          10  -9.1853608052971163E-015
          15          11   1.2247147740396793E-015
          15          12   2.1507845520216298E-002
          15          13   1.4105687104470806E-014
          15          14   1.7661978650440559E-014
          15          15   4.2115409486718942E-002
          15          16  -1.9163782465482831E-014
          15          17  -5.3449164717648198E-014
          15          18  0.12930834833989668     
          15          19  -3.5407798739582888E-014
          15          20   1.4637999877975138E-014
          15          21   6.3252022228817775E-002
          16           1   4.1337235002417139E-015
          16           2   6.0350245468696082E-015
          16           3   9.4067552464101984E-015
          16           4  -1.8806082372447685E-014
          16           5   2.6457334105896803E-014
          16           6  -5.3726275300552462E-014
          16           7  -6.6012660280540342E-002
          16           8  -3.1825094588737569E-015
          16           9  -2.3477042792458142E-015
          16          10 -0.11922995550026035     
          16          11   1.6419232239019364E-014
          16          12  -1.0060935374742118E-014
          16          13  0.12930834833991978     
          16          14  -5.9782861627554622E-014
          16          15  -1.9163782465482831E-014
          16          16  0.43229001595485489     
          16          17   1.5922394740595036E-014
          16          18   1.0244544282086686E-013
          16          19  0.21147515595361530     
          16          20  -6.6098914629412095E-014
          16          21  -8.7512249360117329E-014
          17           1   4.9596419425867048E-015
          17           2   8.2844776358989225E-015
          17           3   3.3415994049059487E-015
          17           4  -1.9860605621083249E-014
          17           5   2.6828566251856185E-014
          17           6  -3.6168212907689515E-014
          17           7   4.4301551088610090E-015
          17           8  -6.6012660280571719E-002
          17           9   1.8955906180666273E-014
          17          10   3.9639041289788010E-015
          17          11 -0.11922995550029711     
          17          12   2.9519870705860294E-014
          17          13  -4.6587900536318274E-015
          17          14  0.12930834833995025     
          17          15  -5.3449164717648198E-014
          17          16   1.5922394740595036E-014
          17          17  0.43229001595506411     
          17          18  -4.6438026632515639E-014
          17          19   1.1131902175346003E-013
          17          20  0.21147515595353295     
          17          21  -1.2654280770408700E-013
          18           1  -1.1651642849628750E-014
          18           2  -2.0935421175122193E-014
          18           3  -3.7944361943153966E-015
          18           4   6.7855755771317170E-014
          18           5  -1.0273509337400647E-013
          18           6  -2.9965481959420625E-015
          18           7  -3.7268568764924083E-014
          18           8   8.0452680108200535E-015
          18           9  -6.6012660280516319E-002
          18          10  -6.1274810637772262E-014
          18          11  -2.1598120427540628E-014
          18          12 -0.11922995550019852     
          18          13   9.6975521417328635E-014
          18          14   9.8529225482147701E-014
          18          15  0.12930834833989668     
          18          16   1.0244544282086686E-013
          18          17  -4.6438026632515639E-014
          18          18  0.43229001595446864     
          18          19  -3.7469371113638370E-014
          18          20   1.1369594210818918E-013
          18          21  0.21147515595373667     
          19           1  -2.2721742427364591E-015
          19           2  -4.8124416039560959E-015
          19           3   9.0844037837589443E-015
          19           4  -3.0781126353844594E-015
          19           5   1.0695755973494939E-014
          19           6  -2.7921886169503124E-014
          19           7  -3.2370163398191473E-002
          19           8  -1.4947400684816510E-014
          19           9   1.3847240411604675E-014
          19          10  -5.8453578238755646E-002
          19          11  -1.6392411787778100E-014
          19          12   2.2005028279138016E-014
          19          13   6.3252022228737534E-002
          19          14   1.9743535436781409E-015
          19          15  -3.5407798739582888E-014
          19          16  0.21147515595361530     
          19          17   1.1131902175346003E-013
          19          18  -3.7469371113638370E-014
          19          19  0.10345422349529275     
          19          20   1.8321356310398487E-014
          19          21  -8.5661424782052651E-014
          20           1  -3.1586691487283320E-015
          20           2  -6.2979203387017554E-015
          20           3   8.6408219035394819E-015
          20           4   3.4039541181561525E-018
          20           5   7.7921547763410526E-015
          20           6  -2.2388764143673275E-014
          20           7   1.5371022190528978E-014
          20           8  -3.2370163398186318E-002
          20           9  -1.1705202508215804E-014
          20          10   2.5618196393449784E-014
          20          11  -5.8453578238735843E-002
          20          12  -2.3437903094031252E-014
          20          13  -2.4159457427512052E-014
          20          14   6.3252022228696400E-002
          20          15   1.4637999877975138E-014
          20          16  -6.6098914629412095E-014
          20          17  0.21147515595353295     
          20          18   1.1369594210818918E-013
          20          19   1.8321356310398487E-014
          20          20  0.10345422349516216     
          20          21   4.8247489939948472E-015
          21           1  -1.7594268921244892E-015
          21           2  -3.3769684807137247E-015
          21           3  -4.5728299708270881E-015
          21           4   3.2527316630686467E-014
          21           5  -5.9668898106329926E-014
          21           6  -9.2014906261464202E-015
          21           7   1.8514107347900448E-016
          21           8   1.7567503983635626E-014
          21           9  -3.2370163398239581E-002
          21          10   3.5412279120356387E-015
          21          11   1.4273697783624632E-014
          21          12  -5.8453578238832286E-002
          21          13   5.9999981159409580E-015
          21          14   1.6907796607831445E-014
          21          15   6.3252022228817775E-002
          21          16  -8.7512249360117329E-014
          21          17  -1.2654280770408700E-013
          21          18  0.21147515595373667     
          21          19  -8.5661424782052651E-014
          21          20   4.8247489939948472E-015
          21          21  0.10345422349550393     
