           1           1  0.39341168052345826     
           1           2  0.64006886791070761     
           1           3 -0.18344444143363178     
           1           4 -0.15859125432703380     
           1           5   7.2090757903924829E-002
           1           6   2.5794169913063894E-002
           1           7   4.7473837435603876E-015
           1           8   3.4579895640179661E-015
           1           9   5.5688175116504446E-015
           1          10   4.9278073046689407E-015
           1          11   4.4619982208553657E-015
           1          12   5.7278089628561424E-015
           1          13   3.5226251024426759E-016
           1          14   1.8832090169879747E-016
           1          15   1.1661136175831354E-015
           1          16   2.4446828748899188E-015
           1          17   7.4782812838773378E-016
           1          18  -3.4179133901785184E-016
           1          19  -7.0849530030774256E-016
           1          20   6.9053674222471660E-016
           1          21   6.1360783187607484E-016
           2           1  0.64006886791070761     
           2           2   1.0789047157133793     
           2           3 -0.48609610262997893     
           2           4 -0.40684849620585589     
           2           5  0.20462910162238185     
           2           6   7.2186135376043389E-002
           2           7   1.4034534869218569E-014
           2           8   1.0023887755530633E-014
           2           9   1.4589887649269373E-014
           2          10   1.6337312334341656E-014
           2          11   1.2868645593585446E-014
           2          12   1.6288832046170929E-014
           2          13   1.3590455820110483E-015
           2          14   6.9472953687361430E-016
           2          15   2.2044746049912737E-015
           2          16   4.7273138937491813E-015
           2          17   1.0904535544177926E-015
           2          18   9.5691411070141895E-017
           2          19  -9.5538568269868874E-016
           2          20   1.2323006246104355E-015
           2          21   1.1821377061179752E-015
           3           1 -0.18344444143363178     
           3           2 -0.48609610262997893     
           3           3   1.0523216015679862     
           3           4  0.81480700213102319     
           3           5 -0.63355000516737159     
           3           6 -0.19194518032166863     
           3           7  -4.1639499503422077E-014
           3           8  -2.7015834291374504E-014
           3           9  -3.8991189884497082E-014
           3          10  -5.4133926441732211E-014
           3          11  -3.4002801743311819E-014
           3          12  -4.8883217422700423E-014
           3          13  -4.5438709157011199E-015
           3          14  -1.3096375352668371E-015
           3          15  -1.7732111880818295E-015
           3          16  -6.4099624093385142E-015
           3          17   8.3466799072446439E-017
           3          18  -3.5233962845051908E-015
           3          19  -5.4900158918906929E-016
           3          20  -1.0473493633740169E-015
           3          21  -1.3687104425013249E-015
           4           1 -0.15859125432703380     
           4           2 -0.40684849620585589     
           4           3  0.81480700213102319     
           4           4  0.67496593138674577     
           4           5 -0.41677921693451836     
           4           6 -0.18084042822946300     
           4           7   1.2268377647956829E-014
           4           8   2.0882522556424364E-015
           4           9   1.1483869872588549E-014
           4          10   1.5154027341443124E-014
           4          11   2.9099376266059888E-015
           4          12   1.6070978840005524E-014
           4          13  -6.9723480907690030E-015
           4          14  -4.2634281113663263E-015
           4          15  -6.4547184094981634E-015
           4          16  -1.6158020933645391E-015
           4          17   4.7448961437144827E-016
           4          18  -1.9818424834746682E-015
           4          19  -1.1758948498974741E-015
           4          20  -1.0808961280751520E-015
           4          21  -1.8059149269597207E-015
           5           1   7.2090757903924829E-002
           5           2  0.20462910162238185     
           5           3 -0.63355000516737159     
           5           4 -0.41677921693451836     
           5           5   1.6030566728772031     
           5           6  0.44994450168757810     
           5           7  -1.7519250536435339E-014
           5           8  -6.3320202126828259E-015
           5           9  -1.4478616164432901E-014
           5          10  -2.1085376436786873E-014
           5          11  -9.1231447308242020E-015
           5          12  -2.0348890693275848E-014
           5          13   1.6390856112946161E-014
           5          14   4.3739927938915055E-015
           5          15   8.5334942138668271E-015
           5          16   7.1255970808752059E-015
           5          17  -1.5338379540971566E-016
           5          18   3.1161853526771895E-015
           5          19   2.4356865182131478E-015
           5          20   3.3962382074726514E-015
           5          21   4.1798338414590669E-015
           6           1   2.5794169913063894E-002
           6           2   7.2186135376043389E-002
           6           3 -0.19194518032166863     
           6           4 -0.18084042822946300     
           6           5  0.44994450168757810     
           6           6  0.23536694407124176     
           6           7   2.1362691739890299E-014
           6           8   1.1224862120058308E-014
           6           9   1.8181087856066166E-014
           6          10   2.7987966701159685E-014
           6          11   1.4521278759056728E-014
           6          12   2.3680409710213952E-014
           6          13   3.4740043625858321E-015
           6          14   2.7748504825734556E-015
           6          15   5.8943303108943439E-015
           6          16   4.4609746774408993E-015
           6          17   3.5011655107566699E-015
           6          18   6.9078206913040922E-015
           6          19   3.7573281845169736E-016
           6          20   9.2309379873973996E-016
           6          21   1.4374087740842154E-015
           7           1   4.7473837435603876E-015
           7           2   1.4034534869218569E-014
           7           3  -4.1639499503422077E-014
           7           4   1.2268377647956829E-014
           7           5  -1.7519250536435339E-014
           7           6   2.1362691739890299E-014
           7           7  0.48521141747300844     
           7           8   3.7591457724417457E-015
           7           9   5.4383580971872981E-015
           7          10  0.65562120725059558     
           7          11   1.0273032424734658E-014
           7          12  -6.1669419570975398E-015
           7          13 -0.15675287035748217     
           7          14  -1.7489861555558555E-014
           7          15   1.3255022079938755E-014
           7          16  -5.7279925949767198E-002
           7          17  -1.1786903918176176E-014
           7          18  -1.1384990172835809E-014
           7          19  -2.1940896808180933E-002
           7          20   1.4925791180266098E-014
           7          21   8.7313511455688823E-015
           8           1   3.4579895640179661E-015
           8           2   1.0023887755530633E-014
           8           3  -2.7015834291374504E-014
           8           4   2.0882522556424364E-015
           8           5  -6.3320202126828259E-015
           8           6   1.1224862120058308E-014
           8           7   3.7591457724417457E-015
           8           8  0.48521141747300872     
           8           9   4.0744317642005359E-015
           8          10   2.8518853945058760E-015
           8          11  0.65562120725060224     
           8          12  -1.8375058419284199E-015
           8          13  -3.0791341698588535E-015
           8          14 -0.15675287035748869     
           8          15   6.1279106788880332E-015
           8          16   2.8211482629158938E-015
           8          17  -5.7279925949776572E-002
           8          18  -6.2053227140035676E-015
           8          19   4.9724764236702658E-015
           8          20  -2.1940896808185326E-002
           8          21   4.6500346975730721E-015
           9           1   5.5688175116504446E-015
           9           2   1.4589887649269373E-014
           9           3  -3.8991189884497082E-014
           9           4   1.1483869872588549E-014
           9           5  -1.4478616164432901E-014
           9           6   1.8181087856066166E-014
           9           7   5.4383580971872981E-015
           9           8   4.0744317642005359E-015
           9           9  0.48521141747301483     
           9          10   3.5527136788005088E-015
           9          11   1.1753185230611875E-014
           9          12  0.65562120725059370     
           9          13  -2.3878468646821093E-015
           9          14  -1.5983525267215841E-014
           9          15 -0.15675287035746685     
           9          16   1.9611048895917591E-015
           9          17  -1.2262760251680079E-014
           9          18  -5.7279925949778647E-002
           9          19   1.0837142815078855E-014
           9          20   1.4922362390895607E-014
           9          21  -2.1940896808186137E-002
          10           1   4.9278073046689407E-015
          10           2   1.6337312334341656E-014
          10           3  -5.4133926441732211E-014
          10           4   1.5154027341443124E-014
          10           5  -2.1085376436786873E-014
          10           6   2.7987966701159685E-014
          10           7  0.65562120725059558     
          10           8   2.8518853945058760E-015
          10           9   3.5527136788005088E-015
          10          10  0.89719667593149344     
          10          11   1.0651202142497602E-014
          10          12  -1.2463988174893350E-014
          10          13 -0.15649299604657521     
          10          14  -2.2359067722299580E-014
          10          15   1.7222768350366707E-014
          10          16  -4.7558521998548285E-002
          10          17  -1.5258844535126505E-014
          10          18  -1.4968928874203894E-014
          10          19  -2.3503218048263649E-002
          10          20   1.9262261057029214E-014
          10          21   1.1217589357404017E-014
          11           1   4.4619982208553657E-015
          11           2   1.2868645593585446E-014
          11           3  -3.4002801743311819E-014
          11           4   2.9099376266059888E-015
          11           5  -9.1231447308242020E-015
          11           6   1.4521278759056728E-014
          11           7   1.0273032424734658E-014
          11           8  0.65562120725060224     
          11           9   1.1753185230611875E-014
          11          10   1.0651202142497602E-014
          11          11  0.89719667593151042     
          11          12   6.2701580039181850E-015
          11          13  -4.3274845512586676E-015
          11          14 -0.15649299604658398     
          11          15   7.3146783768906585E-015
          11          16   4.1290755536937793E-015
          11          17  -4.7558521998559714E-002
          11          18  -7.7832705558389771E-015
          11          19   6.3889594569682644E-015
          11          20  -2.3503218048269492E-002
          11          21   6.0042032110074655E-015
          12           1   5.7278089628561424E-015
          12           2   1.6288832046170929E-014
          12           3  -4.8883217422700423E-014
          12           4   1.6070978840005524E-014
          12           5  -2.0348890693275848E-014
          12           6   2.3680409710213952E-014
          12           7  -6.1669419570975398E-015
          12           8  -1.8375058419284199E-015
          12           9  0.65562120725059370     
          12          10  -1.2463988174893350E-014
          12          11   6.2701580039181850E-015
          12          12  0.89719667593147778     
          12          13  -1.3457117364890507E-015
          12          14  -2.0570567818567520E-014
          12          15 -0.15649299604655387     
          12          16   1.6319411100251552E-015
          12          17  -1.6545792513866824E-014
          12          18  -4.7558521998562808E-002
          12          19   1.4609407433807669E-014
          12          20   1.9605139994077749E-014
          12          21  -2.3503218048270508E-002
          13           1   3.5226251024426759E-016
          13           2   1.3590455820110483E-015
          13           3  -4.5438709157011199E-015
          13           4  -6.9723480907690030E-015
          13           5   1.6390856112946161E-014
          13           6   3.4740043625858321E-015
          13           7 -0.15675287035748217     
          13           8  -3.0791341698588535E-015
          13           9  -2.3878468646821093E-015
          13          10 -0.15649299604657521     
          13          11  -4.3274845512586676E-015
          13          12  -1.3457117364890507E-015
          13          13  0.49149447963494086     
          13          14   1.1799202836571024E-015
          13          15  -1.8791663104060634E-015
          13          16  0.27205281979751605     
          13          17   3.1834886289665368E-017
          13          18   1.2452875102626412E-015
          13          19   5.6642228282210466E-002
          13          20  -1.3970207572689206E-015
          13          21  -1.3295808410414708E-015
          14           1   1.8832090169879747E-016
          14           2   6.9472953687361430E-016
          14           3  -1.3096375352668371E-015
          14           4  -4.2634281113663263E-015
          14           5   4.3739927938915055E-015
          14           6   2.7748504825734556E-015
          14           7  -1.7489861555558555E-014
          14           8 -0.15675287035748869     
          14           9  -1.5983525267215841E-014
          14          10  -2.2359067722299580E-014
          14          11 -0.15649299604658398     
          14          12  -2.0570567818567520E-014
          14          13   1.1799202836571024E-015
          14          14  0.49149447963494081     
          14          15  -2.7243967715473999E-016
          14          16  -8.3868120239432817E-016
          14          17  0.27205281979751555     
          14          18  -1.6541808070881805E-015
          14          19   4.1914239548753932E-016
          14          20   5.6642228282213214E-002
          14          21   2.8985467455070415E-017
          15           1   1.1661136175831354E-015
          15           2   2.2044746049912737E-015
          15           3  -1.7732111880818295E-015
          15           4  -6.4547184094981634E-015
          15           5   8.5334942138668271E-015
          15           6   5.8943303108943439E-015
          15           7   1.3255022079938755E-014
          15           8   6.1279106788880332E-015
          15           9 -0.15675287035746685     
          15          10   1.7222768350366707E-014
          15          11   7.3146783768906585E-015
          15          12 -0.15649299604655387     
          15          13  -1.8791663104060634E-015
          15          14  -2.7243967715473999E-016
          15          15  0.49149447963493703     
          15          16   8.3007873578213508E-016
          15          17   2.2878902006425987E-015
          15          18  0.27205281979751755     
          15          19  -1.0926047393222493E-015
          15          20  -9.0328440528142786E-016
          15          21   5.6642228282211556E-002
          16           1   2.4446828748899188E-015
          16           2   4.7273138937491813E-015
          16           3  -6.4099624093385142E-015
          16           4  -1.6158020933645391E-015
          16           5   7.1255970808752059E-015
          16           6   4.4609746774408993E-015
          16           7  -5.7279925949767198E-002
          16           8   2.8211482629158938E-015
          16           9   1.9611048895917591E-015
          16          10  -4.7558521998548285E-002
          16          11   4.1290755536937793E-015
          16          12   1.6319411100251552E-015
          16          13  0.27205281979751605     
          16          14  -8.3868120239432817E-016
          16          15   8.3007873578213508E-016
          16          16  0.15347459965609347     
          16          17  -6.5873413494784367E-016
          16          18   3.5606554597145893E-016
          16          19   3.1123428169285674E-002
          16          20   8.3668855738596745E-016
          16          21   2.3649668107110045E-016
          17           1   7.4782812838773378E-016
          17           2   1.0904535544177926E-015
          17           3   8.3466799072446439E-017
          17           4   4.7448961437144827E-016
          17           5  -1.5338379540971566E-016
          17           6   3.5011655107566699E-015
          17           7  -1.1786903918176176E-014
          17           8  -5.7279925949776572E-002
          17           9  -1.2262760251680079E-014
          17          10  -1.5258844535126505E-014
          17          11  -4.7558521998559714E-002
          17          12  -1.6545792513866824E-014
          17          13   3.1834886289665368E-017
          17          14  0.27205281979751555     
          17          15   2.2878902006425987E-015
          17          16  -6.5873413494784367E-016
          17          17  0.15347459965609159     
          17          18  -9.4499738980185377E-016
          17          19   7.6921814797242438E-016
          17          20   3.1123428169287013E-002
          17          21   7.1236487303625681E-016
          18           1  -3.4179133901785184E-016
          18           2   9.5691411070141895E-017
          18           3  -3.5233962845051908E-015
          18           4  -1.9818424834746682E-015
          18           5   3.1161853526771895E-015
          18           6   6.9078206913040922E-015
          18           7  -1.1384990172835809E-014
          18           8  -6.2053227140035676E-015
          18           9  -5.7279925949778647E-002
          18          10  -1.4968928874203894E-014
          18          11  -7.7832705558389771E-015
          18          12  -4.7558521998562808E-002
          18          13   1.2452875102626412E-015
          18          14  -1.6541808070881805E-015
          18          15  0.27205281979751755     
          18          16   3.5606554597145893E-016
          18          17  -9.4499738980185377E-016
          18          18  0.15347459965609170     
          18          19   8.4455114071885983E-016
          18          20   1.1053170097946849E-015
          18          21   3.1123428169286343E-002
          19           1  -7.0849530030774256E-016
          19           2  -9.5538568269868874E-016
          19           3  -5.4900158918906929E-016
          19           4  -1.1758948498974741E-015
          19           5   2.4356865182131478E-015
          19           6   3.7573281845169736E-016
          19           7  -2.1940896808180933E-002
          19           8   4.9724764236702658E-015
          19           9   1.0837142815078855E-014
          19          10  -2.3503218048263649E-002
          19          11   6.3889594569682644E-015
          19          12   1.4609407433807669E-014
          19          13   5.6642228282210466E-002
          19          14   4.1914239548753932E-016
          19          15  -1.0926047393222493E-015
          19          16   3.1123428169285674E-002
          19          17   7.6921814797242438E-016
          19          18   8.4455114071885983E-016
          19          19   6.5634936029701140E-003
          19          20  -2.8747535900158188E-016
          19          21  -3.8911126585909762E-016
          20           1   6.9053674222471660E-016
          20           2   1.2323006246104355E-015
          20           3  -1.0473493633740169E-015
          20           4  -1.0808961280751520E-015
          20           5   3.3962382074726514E-015
          20           6   9.2309379873973996E-016
          20           7   1.4925791180266098E-014
          20           8  -2.1940896808185326E-002
          20           9   1.4922362390895607E-014
          20          10   1.9262261057029214E-014
          20          11  -2.3503218048269492E-002
          20          12   1.9605139994077749E-014
          20          13  -1.3970207572689206E-015
          20          14   5.6642228282213214E-002
          20          15  -9.0328440528142786E-016
          20          16   8.3668855738596745E-016
          20          17   3.1123428169287013E-002
          20          18   1.1053170097946849E-015
          20          19  -2.8747535900158188E-016
          20          20   6.5634936029707984E-003
          20          21  -2.5229702191092258E-016
          21           1   6.1360783187607484E-016
          21           2   1.1821377061179752E-015
          21           3  -1.3687104425013249E-015
          21           4  -1.8059149269597207E-015
          21           5   4.1798338414590669E-015
          21           6   1.4374087740842154E-015
          21           7   8.7313511455688823E-015
          21           8   4.6500346975730721E-015
          21           9  -2.1940896808186137E-002
          21          10   1.1217589357404017E-014
          21          11   6.0042032110074655E-015
          21          12  -2.3503218048270508E-002
          21          13  -1.3295808410414708E-015
          21          14   2.8985467455070415E-017
          21          15   5.6642228282211556E-002
          21          16   2.3649668107110045E-016
          21          17   7.1236487303625681E-016
          21          18   3.1123428169286343E-002
          21          19  -3.8911126585909762E-016
          21          20  -2.5229702191092258E-016
          21          21   6.5634936029705252E-003
