           1           1  0.36907543782863472     
           1           2  0.62336347646887402     
           1           3 -0.13259693179835685     
           1           4 -0.16922124128155058     
           1           5   4.1987246828222330E-002
           1           6   3.5664554697851417E-002
           1           7   3.2939452157882360E-015
           1           8   4.3573763373659271E-016
           1           9  -6.7067891574073436E-016
           1          10  -1.5605896358822779E-015
           1          11  -2.1760441192688425E-015
           1          12  -4.6131171299500596E-015
           1          13   1.8605557999789457E-015
           1          14   4.7342401171738547E-018
           1          15   3.4308847258301587E-015
           1          16  -4.5630564616089215E-015
           1          17  -5.2043918545936055E-015
           1          18  -1.2962658206253681E-015
           1          19   6.5592732586016044E-015
           1          20   8.3169327851079670E-015
           1          21  -5.2629166673379519E-016
           2           1  0.62336347646887402     
           2           2   1.0895209197245439     
           2           3 -0.37352751215864327     
           2           4 -0.46262325272200955     
           2           5  0.12234911303027260     
           2           6  0.10286435818574435     
           2           7   5.7271281757763630E-015
           2           8   8.2184545152895824E-016
           2           9  -1.3927851177792757E-015
           2          10  -2.5076363731584828E-015
           2          11  -3.6214052819954827E-015
           2          12  -9.2069811943562605E-015
           2          13   3.4502342854190252E-015
           2          14  -2.8393918040778487E-017
           2          15   6.0661636048346091E-015
           2          16  -8.8891512006502851E-015
           2          17  -1.0501578144161845E-014
           2          18  -1.8095364316575179E-015
           2          19   1.1775247069184141E-014
           2          20   1.5746615383604775E-014
           2          21  -5.5173740216365115E-016
           3           1 -0.13259693179835685     
           3           2 -0.37352751215864327     
           3           3  0.65980211095996100     
           3           4  0.79372231226701229     
           3           5 -0.26883990289789828     
           3           6 -0.21608564719204021     
           3           7  -4.0052367672837777E-015
           3           8  -4.0415895437290768E-016
           3           9   6.7161373557016677E-016
           3          10  -4.1081705689737209E-015
           3          11   8.1440113005760950E-016
           3          12   6.1695914100304996E-015
           3          13  -2.0897293881516597E-015
           3          14   2.0234681027087068E-016
           3          15  -2.3454588312493694E-015
           3          16   6.5256765691537863E-015
           3          17   9.6993188486180863E-015
           3          18  -1.2790689185408737E-015
           3          19  -5.1619203339409677E-015
           3          20  -9.9370860880509005E-015
           3          21  -1.1348458041494299E-015
           4           1 -0.16922124128155058     
           4           2 -0.46262325272200955     
           4           3  0.79372231226701229     
           4           4  0.99809373745011365     
           4           5 -0.52168820608136790     
           4           6 -0.39096298855928369     
           4           7  -1.3182088817960254E-015
           4           8  -1.1411939711159556E-015
           4           9  -1.8028156514465362E-015
           4          10   1.6812129574294934E-015
           4          11   4.8697468880058260E-017
           4          12   2.1819918692427798E-015
           4          13  -1.7152344222832548E-015
           4          14  -2.1306264157911859E-016
           4          15  -2.7706610524956638E-015
           4          16   7.8741047949327439E-015
           4          17   1.4157788637721193E-014
           4          18  -2.2059592257762259E-015
           4          19  -6.1759809548465465E-015
           4          20  -1.2711001171693990E-014
           4          21  -9.9324396247607347E-016
           5           1   4.1987246828222330E-002
           5           2  0.12234911303027260     
           5           3 -0.26883990289789828     
           5           4 -0.52168820608136790     
           5           5   1.0303677152055803     
           5           6  0.69828046602540428     
           5           7  -1.3255352083319137E-015
           5           8   4.2787143142482673E-015
           5           9  -2.3234420423128903E-015
           5          10  -2.6374622212662603E-015
           5          11   6.4929140498287447E-015
           5          12  -4.8105602363924521E-015
           5          13  -1.3570425144347545E-015
           5          14   6.7389346326840048E-016
           5          15  -9.9269134918794946E-016
           5          16  -2.2106799753526779E-015
           5          17  -1.8339594722217975E-014
           5          18   5.1515224440351317E-015
           5          19   1.1431059215168250E-015
           5          20   5.0046624466901746E-015
           5          21  -7.0600860755030947E-016
           6           1   3.5664554697851417E-002
           6           2  0.10286435818574435     
           6           3 -0.21608564719204021     
           6           4 -0.39096298855928369     
           6           5  0.69828046602540428     
           6           6  0.47644381906755184     
           6           7   3.8904056810640874E-015
           6           8   2.3284075611220288E-016
           6           9   4.7499139936603903E-015
           6          10   7.1405732185753261E-015
           6          11  -7.5253703806362843E-016
           6          12   8.5540876289767036E-015
           6          13  -9.9117532559505249E-016
           6          14   8.8961796643284161E-016
           6          15  -9.7733419688268526E-016
           6          16  -3.5633481238966307E-015
           6          17  -1.1099824195686232E-014
           6          18   5.6501939155479127E-016
           6          19   3.8055107966726616E-016
           6          20   4.7050665025331740E-015
           6          21  -1.3107447313565497E-015
           7           1   3.2939452157882360E-015
           7           2   5.7271281757763630E-015
           7           3  -4.0052367672837777E-015
           7           4  -1.3182088817960254E-015
           7           5  -1.3255352083319137E-015
           7           6   3.8904056810640874E-015
           7           7  0.29267863518046977     
           7           8  -2.7924201098078042E-003
           7           9  -1.6071030437252596E-004
           7          10  0.55865002076813164     
           7          11  -5.0208457869934942E-003
           7          12  -2.8896141084803714E-004
           7          13   4.7157269487171430E-003
           7          14   6.8916896820633228E-003
           7          15   3.9663284992295835E-004
           7          16  -7.3449467067232821E-002
           7          17   1.3768412358797402E-002
           7          18   7.9240431368349598E-004
           7          19  -2.5090364249310611E-002
           7          20   8.6495308430986594E-003
           7          21   4.9780071753129887E-004
           8           1   4.3573763373659271E-016
           8           2   8.2184545152895824E-016
           8           3  -4.0415895437290768E-016
           8           4  -1.1411939711159556E-015
           8           5   4.2787143142482673E-015
           8           6   2.3284075611220288E-016
           8           7  -2.7924201098078042E-003
           8           8  0.30217340173711899     
           8           9   5.9020661900974864E-004
           8          10  -5.0208457869918141E-003
           8          11  0.57572186411202231     
           8          12   1.0612072324043373E-003
           8          13   6.8916896820653030E-003
           8          14  -1.8717346202509720E-002
           8          15  -1.4566292698110204E-003
           8          16   1.3768412358801304E-002
           8          17 -0.12026472266742860     
           8          18  -2.9100951095729641E-003
           8          19   8.6495308431025365E-003
           8          20  -5.4500436136260294E-002
           8          21  -1.8281670210580812E-003
           9           1  -6.7067891574073436E-016
           9           2  -1.3927851177792757E-015
           9           3   6.7161373557016677E-016
           9           4  -1.8028156514465362E-015
           9           5  -2.3234420423128903E-015
           9           6   4.7499139936603903E-015
           9           7  -1.6071030437252596E-004
           9           8   5.9020661900974864E-004
           9           9  0.29195224095003913     
           9          10  -2.8896141084834966E-004
           9          11   1.0612072324088901E-003
           9          12  0.55734394458041381     
           9          13   3.9663284991874910E-004
           9          14  -1.4566292698074740E-003
           9          15   6.5084670905568298E-003
           9          16   7.9240431368572922E-004
           9          17  -2.9100951095674512E-003
           9          18  -6.9867880161327028E-002
           9          19   4.9780071753124109E-004
           9          20  -1.8281670210590888E-003
           9          21  -2.2840355635199542E-002
          10           1  -1.5605896358822779E-015
          10           2  -2.5076363731584828E-015
          10           3  -4.1081705689737209E-015
          10           4   1.6812129574294934E-015
          10           5  -2.6374622212662603E-015
          10           6   7.1405732185753261E-015
          10           7  0.55865002076813164     
          10           8  -5.0208457869918141E-003
          10           9  -2.8896141084834966E-004
          10          10   1.0664410618449458     
          10          11  -9.0037346156718601E-003
          10          12  -5.1818597259035873E-004
          10          13   5.9847632719029382E-003
          10          14   1.3623467304208905E-002
          10          15   7.8406238701829857E-004
          10          16 -0.14689110289910970     
          10          17   2.7172040361283543E-002
          10          18   1.5638144350113943E-003
          10          19  -5.0312694016695504E-002
          10          20   1.7117638208592863E-002
          10          21   9.8516008986542078E-004
          11           1  -2.1760441192688425E-015
          11           2  -3.6214052819954827E-015
          11           3   8.1440113005760950E-016
          11           4   4.8697468880058260E-017
          11           5   6.4929140498287447E-015
          11           6  -7.5253703806362843E-016
          11           7  -5.0208457869934942E-003
          11           8  0.57572186411202231     
          11           9   1.0612072324088901E-003
          11          10  -9.0037346156718601E-003
          11          11   1.0970554948292963     
          11          12   1.9030316201578594E-003
          11          13   1.3623467304212678E-002
          11          14  -4.0337651207069170E-002
          11          15  -2.8794594863006274E-003
          11          16   2.7172040361291259E-002
          11          17 -0.23928127698332538     
          11          18  -5.7430893055725471E-003
          11          19   1.7117638208600523E-002
          11          20 -0.10851596300107648     
          11          21  -3.6179883301221041E-003
          12           1  -4.6131171299500596E-015
          12           2  -9.2069811943562605E-015
          12           3   6.1695914100304996E-015
          12           4   2.1819918692427798E-015
          12           5  -4.8105602363924521E-015
          12           6   8.5540876289767036E-015
          12           7  -2.8896141084803714E-004
          12           8   1.0612072324043373E-003
          12           9  0.55734394458041381     
          12          10  -5.1818597259035873E-004
          12          11   1.9030316201578594E-003
          12          12   1.0640989139517720     
          12          13   7.8406238700824129E-004
          12          14  -2.8794594862875007E-003
          12          15   9.5286455176245705E-003
          12          16   1.5638144350113429E-003
          12          17  -5.7430893055478932E-003
          12          18 -0.13982282070152385     
          12          19   9.8516008986316520E-004
          12          20  -3.6179883301167160E-003
          12          21  -4.5859870606822645E-002
          13           1   1.8605557999789457E-015
          13           2   3.4502342854190252E-015
          13           3  -2.0897293881516597E-015
          13           4  -1.7152344222832548E-015
          13           5  -1.3570425144347545E-015
          13           6  -9.9117532559505249E-016
          13           7   4.7157269487171430E-003
          13           8   6.8916896820653030E-003
          13           9   3.9663284991874910E-004
          13          10   5.9847632719029382E-003
          13          11   1.3623467304212678E-002
          13          12   7.8406238700824129E-004
          13          13   9.0566641096025691E-002
          13          14  -1.7658172712634247E-002
          13          15  -1.0162691140174159E-003
          13          16  0.19879200089573343     
          13          17  -3.8980218587332791E-002
          13          18  -2.2434026924931976E-003
          13          19   7.2486626851440805E-002
          13          20  -2.4021415707661881E-002
          13          21  -1.3824886218999871E-003
          14           1   4.7342401171738547E-018
          14           2  -2.8393918040778487E-017
          14           3   2.0234681027087068E-016
          14           4  -2.1306264157911859E-016
          14           5   6.7389346326840048E-016
          14           6   8.8961796643284161E-016
          14           7   6.8916896820633228E-003
          14           8  -1.8717346202509720E-002
          14           9  -1.4566292698074740E-003
          14          10   1.3623467304208905E-002
          14          11  -4.0337651207069170E-002
          14          12  -2.8794594862875007E-003
          14          13  -1.7658172712634247E-002
          14          14  0.15060783157108762     
          14          15   3.7322358392400719E-003
          14          16  -3.8980218587331202E-002
          14          17  0.33133225673356947     
          14          18   8.2388688343259294E-003
          14          19  -2.4021415707655251E-002
          14          20  0.15416406989471015     
          14          21   5.0771724839674352E-003
          15           1   3.4308847258301587E-015
          15           2   6.0661636048346091E-015
          15           3  -2.3454588312493694E-015
          15           4  -2.7706610524956638E-015
          15           5  -9.9269134918794946E-016
          15           6  -9.7733419688268526E-016
          15           7   3.9663284992295835E-004
          15           8  -1.4566292698110204E-003
          15           9   6.5084670905568298E-003
          15          10   7.8406238701829857E-004
          15          11  -2.8794594863006274E-003
          15          12   9.5286455176245705E-003
          15          13  -1.0162691140174159E-003
          15          14   3.7322358392400719E-003
          15          15   8.5973208060919071E-002
          15          16  -2.2434026924973809E-003
          15          17   8.2388688343478459E-003
          15          18  0.18865204889228662     
          15          19  -1.3824886219028758E-003
          15          20   5.0771724839801836E-003
          15          21   6.6237918887306055E-002
          16           1  -4.5630564616089215E-015
          16           2  -8.8891512006502851E-015
          16           3   6.5256765691537863E-015
          16           4   7.8741047949327439E-015
          16           5  -2.2106799753526779E-015
          16           6  -3.5633481238966307E-015
          16           7  -7.3449467067232821E-002
          16           8   1.3768412358801304E-002
          16           9   7.9240431368572922E-004
          16          10 -0.14689110289910970     
          16          11   2.7172040361291259E-002
          16          12   1.5638144350113429E-003
          16          13  0.19879200089573343     
          16          14  -3.8980218587331202E-002
          16          15  -2.2434026924973809E-003
          16          16  0.46043494274521546     
          16          17  -8.5118720281819771E-002
          16          18  -4.8987813096609042E-003
          16          19  0.16722526356064746     
          16          20  -5.3192271238925261E-002
          16          21  -3.0613395420100238E-003
          17           1  -5.2043918545936055E-015
          17           2  -1.0501578144161845E-014
          17           3   9.6993188486180863E-015
          17           4   1.4157788637721193E-014
          17           5  -1.8339594722217975E-014
          17           6  -1.1099824195686232E-014
          17           7   1.3768412358797402E-002
          17           8 -0.12026472266742860     
          17           9  -2.9100951095674512E-003
          17          10   2.7172040361283543E-002
          17          11 -0.23928127698332538     
          17          12  -5.7430893055478932E-003
          17          13  -3.8980218587332791E-002
          17          14  0.33133225673356947     
          17          15   8.2388688343478459E-003
          17          16  -8.5118720281819771E-002
          17          17  0.74985499659819299     
          17          18   1.7990714192079371E-002
          17          19  -5.3192271238915990E-002
          17          20  0.34808923749683374     
          17          21   1.1242731868144279E-002
          18           1  -1.2962658206253681E-015
          18           2  -1.8095364316575179E-015
          18           3  -1.2790689185408737E-015
          18           4  -2.2059592257762259E-015
          18           5   5.1515224440351317E-015
          18           6   5.6501939155479127E-016
          18           7   7.9240431368349598E-004
          18           8  -2.9100951095729641E-003
          18           9  -6.9867880161327028E-002
          18          10   1.5638144350113943E-003
          18          11  -5.7430893055725471E-003
          18          12 -0.13982282070152385     
          18          13  -2.2434026924931976E-003
          18          14   8.2388688343259294E-003
          18          15  0.18865204889228662     
          18          16  -4.8987813096609042E-003
          18          17   1.7990714192079371E-002
          18          18  0.43829294945910063     
          18          19  -3.0613395420115942E-003
          18          20   1.1242731868150429E-002
          18          21  0.15338832018619833     
          19           1   6.5592732586016044E-015
          19           2   1.1775247069184141E-014
          19           3  -5.1619203339409677E-015
          19           4  -6.1759809548465465E-015
          19           5   1.1431059215168250E-015
          19           6   3.8055107966726616E-016
          19           7  -2.5090364249310611E-002
          19           8   8.6495308431025365E-003
          19           9   4.9780071753124109E-004
          19          10  -5.0312694016695504E-002
          19          11   1.7117638208600523E-002
          19          12   9.8516008986316520E-004
          19          13   7.2486626851440805E-002
          19          14  -2.4021415707655251E-002
          19          15  -1.3824886219028758E-003
          19          16  0.16722526356064746     
          19          17  -5.3192271238915990E-002
          19          18  -3.0613395420115942E-003
          19          19   6.1601026422650945E-002
          19          20  -3.0247149677276916E-002
          19          21  -1.7407941639545029E-003
          20           1   8.3169327851079670E-015
          20           2   1.5746615383604775E-014
          20           3  -9.9370860880509005E-015
          20           4  -1.2711001171693990E-014
          20           5   5.0046624466901746E-015
          20           6   4.7050665025331740E-015
          20           7   8.6495308430986594E-003
          20           8  -5.4500436136260294E-002
          20           9  -1.8281670210590888E-003
          20          10   1.7117638208592863E-002
          20          11 -0.10851596300107648     
          20          12  -3.6179883301167160E-003
          20          13  -2.4021415707661881E-002
          20          14  0.15416406989471015     
          20          15   5.0771724839801836E-003
          20          16  -5.3192271238925261E-002
          20          17  0.34808923749683374     
          20          18   1.1242731868150429E-002
          20          19  -3.0247149677276916E-002
          20          20  0.16444716484571947     
          20          21   6.3930451863957599E-003
          21           1  -5.2629166673379519E-016
          21           2  -5.5173740216365115E-016
          21           3  -1.1348458041494299E-015
          21           4  -9.9324396247607347E-016
          21           5  -7.0600860755030947E-016
          21           6  -1.3107447313565497E-015
          21           7   4.9780071753129887E-004
          21           8  -1.8281670210580812E-003
          21           9  -2.2840355635199542E-002
          21          10   9.8516008986542078E-004
          21          11  -3.6179883301221041E-003
          21          12  -4.5859870606822645E-002
          21          13  -1.3824886218999871E-003
          21          14   5.0771724839674352E-003
          21          15   6.6237918887306055E-002
          21          16  -3.0613395420100238E-003
          21          17   1.1242731868144279E-002
          21          18  0.15338832018619833     
          21          19  -1.7407941639545029E-003
          21          20   6.3930451863957599E-003
          21          21   5.3732813850131685E-002
