           1           1  0.37524629540735666     
           1           2  0.63287754055255974     
           1           3 -0.16445727146613778     
           1           4 -0.16675800553141812     
           1           5   6.9660097830964759E-002
           1           6   2.6910823357669918E-002
           1           7   2.9747172066251770E-016
           1           8   1.3662881359080129E-015
           1           9  -1.2983456347069976E-015
           1          10   1.0495308337397081E-015
           1          11   2.9743225678437171E-015
           1          12   4.1546189885647098E-016
           1          13  -3.3112542250978301E-015
           1          14  -3.3881518900448567E-016
           1          15  -6.2071980424002086E-016
           1          16  -7.6882008210152656E-016
           1          17  -1.0746900781815860E-015
           1          18  -8.8328994160937743E-016
           1          19  -5.0017647062018767E-016
           1          20   9.9722645169228165E-016
           1          21   2.1008168329845417E-016
           2           1  0.63287754055255974     
           2           2   1.1051315172681773     
           2           3 -0.45569808404777140     
           2           4 -0.44147619712979702     
           2           5  0.20364929496622836     
           2           6   7.7659765736611042E-002
           2           7   1.4737096626145212E-015
           2           8   3.5522927544758251E-015
           2           9  -2.0807491781255575E-015
           2          10   2.9955918119264258E-015
           2          11   6.8785388354473868E-015
           2          12   7.2205044941734920E-016
           2          13  -9.2964968963640676E-015
           2          14  -1.9675094391494261E-015
           2          15  -1.6398589014027734E-015
           2          16  -3.2767834377758956E-015
           2          17  -1.8705226475958085E-015
           2          18  -2.0037218229125760E-015
           2          19  -1.0375339660805335E-015
           2          20   1.4580999561145391E-015
           2          21   5.4606320643713581E-016
           3           1 -0.16445727146613778     
           3           2 -0.45569808404777140     
           3           3  0.93311324089385583     
           3           4  0.83576849931780517     
           3           5 -0.58144133999359382     
           3           6 -0.19746216301240233     
           3           7  -5.7073379118476035E-015
           3           8  -5.4865727769367504E-015
           3           9   1.8423149907522460E-015
           3          10  -7.7102666501774310E-015
           3          11  -8.4104514153450010E-015
           3          12   2.6302429975399043E-015
           3          13   1.9628335559160069E-014
           3          14   6.9621396220380403E-015
           3          15   3.0930043877281097E-015
           3          16   9.7792172733852491E-015
           3          17   5.2957745073755683E-016
           3          18   2.3276848049519938E-015
           3          19   1.4219574119482924E-015
           3          20   6.4728774867428979E-016
           3          21  -1.2235788746531405E-015
           4           1 -0.16675800553141812     
           4           2 -0.44147619712979702     
           4           3  0.83576849931780517     
           4           4  0.77188983083769158     
           4           5 -0.49122310126013474     
           4           6 -0.20236355987077104     
           4           7  -1.7209472417574340E-015
           4           8  -6.8612422785307125E-015
           4           9  -1.9858687730649229E-015
           4          10  -1.3815990104551824E-015
           4          11  -1.0787787287200970E-014
           4          12  -3.4812532989470014E-015
           4          13   1.3726617597943883E-014
           4          14   4.5408934783335097E-015
           4          15   1.5926469960644259E-015
           4          16   5.1627319402453222E-015
           4          17  -3.9509668264538811E-016
           4          18   7.2378856465691033E-016
           4          19   6.8581458159717449E-016
           4          20   3.2115455833648401E-016
           4          21  -1.2775230013570803E-015
           5           1   6.9660097830964759E-002
           5           2  0.20364929496622836     
           5           3 -0.58144133999359382     
           5           4 -0.49122310126013474     
           5           5   1.6036222182011042     
           5           6  0.48502443226461472     
           5           7   1.1690675890117561E-014
           5           8   4.6514606732860876E-015
           5           9   3.5619884805152709E-015
           5          10   1.4441572108366953E-014
           5          11   5.4640427552614078E-015
           5          12   4.6071908833385071E-015
           5          13  -5.1499529743175444E-014
           5          14  -1.5113948886233068E-014
           5          15  -7.5918796793382103E-015
           5          16  -2.3465099284419125E-014
           5          17  -6.6581153188015075E-015
           5          18   1.3883719772803142E-015
           5          19  -6.3853169890061133E-015
           5          20  -1.3576257579283198E-015
           5          21   1.5750540167933537E-015
           6           1   2.6910823357669918E-002
           6           2   7.7659765736611042E-002
           6           3 -0.19746216301240233     
           6           4 -0.20236355987077104     
           6           5  0.48502443226461472     
           6           6  0.22722595725831293     
           6           7  -1.2125719701284892E-015
           6           8  -2.4175409703947232E-015
           6           9  -3.5889954571278850E-015
           6          10  -1.9708240623189616E-015
           6          11  -3.9609550741483667E-015
           6          12  -5.8002682982164504E-015
           6          13   6.9941297982573999E-015
           6          14   5.7416676800712362E-015
           6          15   5.7596166237182092E-015
           6          16   7.9647385751817957E-015
           6          17   5.6787722462232860E-015
           6          18   8.4270181091818272E-015
           6          19  -5.8828090737146261E-016
           6          20   6.3471039166999353E-016
           6          21   3.3847828588104932E-015
           7           1   2.9747172066251770E-016
           7           2   1.4737096626145212E-015
           7           3  -5.7073379118476035E-015
           7           4  -1.7209472417574340E-015
           7           5   1.1690675890117561E-014
           7           6  -1.2125719701284892E-015
           7           7  0.38523634473984780     
           7           8   1.1024879129090252E-003
           7           9  -7.9158381623900004E-003
           7          10  0.62914309556928960     
           7          11   1.7848129641944621E-003
           7          12  -1.2814916525861614E-002
           7          13 -0.12664941714375100     
           7          14  -3.2849511344254160E-003
           7          15   2.3585874499886181E-002
           7          16  -9.0177131473686528E-002
           7          17  -4.6788616853295729E-003
           7          18   3.3594120580904670E-002
           7          19  -3.0648674418632560E-002
           7          20  -2.5238042327893218E-003
           7          21   1.8120857041966906E-002
           8           1   1.3662881359080129E-015
           8           2   3.5522927544758251E-015
           8           3  -5.4865727769367504E-015
           8           4  -6.8612422785307125E-015
           8           5   4.6514606732860876E-015
           8           6  -2.4175409703947232E-015
           8           7   1.1024879129090252E-003
           8           8  0.37886506948044807     
           8           9  -1.3310314783569568E-003
           8          10   1.7848129641947499E-003
           8          11  0.61882866531723846     
           8          12  -2.1548011642633083E-003
           8          13  -3.2849511344331186E-003
           8          14 -0.10766569165698348     
           8          15   3.9659150123964801E-003
           8          16  -4.6788616853214249E-003
           8          17  -6.3137999934183314E-002
           8          18   5.6487804656445281E-003
           8          19  -2.5238042327894901E-003
           8          20  -1.6063615226907347E-002
           8          21   3.0469838623357949E-003
           9           1  -1.2983456347069976E-015
           9           2  -2.0807491781255575E-015
           9           3   1.8423149907522460E-015
           9           4  -1.9858687730649229E-015
           9           5   3.5619884805152709E-015
           9           6  -3.5889954571278850E-015
           9           7  -7.9158381623900004E-003
           9           8  -1.3310314783569568E-003
           9           9  0.38823646423403241     
           9          10  -1.2814916525861076E-002
           9          11  -2.1548011642638395E-003
           9          12  0.63399997617963877     
           9          13   2.3585874499886049E-002
           9          14   3.9659150123993372E-003
           9          15 -0.13558851372743669     
           9          16   3.3594120580901256E-002
           9          17   5.6487804656423432E-003
           9          18 -0.10290937460160730     
           9          19   1.8120857041972738E-002
           9          20   3.0469838623380014E-003
           9          21  -3.7516517766070998E-002
          10           1   1.0495308337397081E-015
          10           2   2.9955918119264258E-015
          10           3  -7.7102666501774310E-015
          10           4  -1.3815990104551824E-015
          10           5   1.4441572108366953E-014
          10           6  -1.9708240623189616E-015
          10           7  0.62914309556928960     
          10           8   1.7848129641947499E-003
          10           9  -1.2814916525861076E-002
          10          10   1.0320933031457775     
          10          11   2.8894260697624559E-003
          10          12  -2.0746013523249122E-002
          10          13 -0.17136352261223464     
          10          14  -5.3179933338220629E-003
          10          15   3.8183071293896989E-002
          10          16 -0.12558829841322594     
          10          17  -7.5745891595432064E-003
          10          18   5.4385378044923903E-002
          10          19  -4.6170124288645531E-002
          10          20  -4.0857758720330671E-003
          10          21   2.9335777918402174E-002
          11           1   2.9743225678437171E-015
          11           2   6.8785388354473868E-015
          11           3  -8.4104514153450010E-015
          11           4  -1.0787787287200970E-014
          11           5   5.4640427552614078E-015
          11           6  -3.9609550741483667E-015
          11           7   1.7848129641944621E-003
          11           8  0.61882866531723846     
          11           9  -2.1548011642638395E-003
          11          10   2.8894260697624559E-003
          11          11   1.0153953161505569     
          11          12  -3.4883983835177251E-003
          11          13  -5.3179933338306116E-003
          11          14 -0.14063085066112860     
          11          15   6.4204028417351794E-003
          11          16  -7.5745891595307112E-003
          11          17  -8.1814764075844343E-002
          11          18   9.1447865223024481E-003
          11          19  -4.0857758720331695E-003
          11          20  -2.2558434378820106E-002
          11          21   4.9327491353984999E-003
          12           1   4.1546189885647098E-016
          12           2   7.2205044941734920E-016
          12           3   2.6302429975399043E-015
          12           4  -3.4812532989470014E-015
          12           5   4.6071908833385071E-015
          12           6  -5.8002682982164504E-015
          12           7  -1.2814916525861614E-002
          12           8  -2.1548011642633083E-003
          12           9  0.63399997617963877     
          12          10  -2.0746013523249122E-002
          12          11  -3.4883983835177251E-003
          12          12   1.0399560863812154     
          12          13   3.8183071293897267E-002
          12          14   6.4204028417389723E-003
          12          15 -0.18583498781737609     
          12          16   5.4385378044918886E-002
          12          17   9.1447865222990671E-003
          12          18 -0.14620047232634323     
          12          19   2.9335777918410216E-002
          12          20   4.9327491354015669E-003
          12          21  -5.7288446493395422E-002
          13           1  -3.3112542250978301E-015
          13           2  -9.2964968963640676E-015
          13           3   1.9628335559160069E-014
          13           4   1.3726617597943883E-014
          13           5  -5.1499529743175444E-014
          13           6   6.9941297982573999E-015
          13           7 -0.12664941714375100     
          13           8  -3.2849511344331186E-003
          13           9   2.3585874499886049E-002
          13          10 -0.17136352261223464     
          13          11  -5.3179933338306116E-003
          13          12   3.8183071293897267E-002
          13          13  0.51400872207691972     
          13          14   9.7877752937054648E-003
          13          15  -7.0276004197188213E-002
          13          16  0.37208101925835158     
          13          17   1.3941043544433906E-002
          13          18 -0.10009637586072492     
          13          19   9.3759826841696856E-002
          13          20   7.5198770712203190E-003
          13          21  -5.3992546494046112E-002
          14           1  -3.3881518900448567E-016
          14           2  -1.9675094391494261E-015
          14           3   6.9621396220380403E-015
          14           4   4.5408934783335097E-015
          14           5  -1.5113948886233068E-014
          14           6   5.7416676800712362E-015
          14           7  -3.2849511344254160E-003
          14           8 -0.10766569165698348     
          14           9   3.9659150123993372E-003
          14          10  -5.3179933338220629E-003
          14          11 -0.14063085066112860     
          14          12   6.4204028417389723E-003
          14          13   9.7877752937054648E-003
          14          14  0.45744518986643273     
          14          15  -1.1816761768080440E-002
          14          16   1.3941043544388972E-002
          14          17  0.29151575882809383     
          14          18  -1.6830994318850746E-002
          14          19   7.5198770712173778E-003
          14          20   5.0302473544120790E-002
          14          21  -9.0787327262038114E-003
          15           1  -6.2071980424002086E-016
          15           2  -1.6398589014027734E-015
          15           3   3.0930043877281097E-015
          15           4   1.5926469960644259E-015
          15           5  -7.5918796793382103E-015
          15           6   5.7596166237182092E-015
          15           7   2.3585874499886181E-002
          15           8   3.9659150123964801E-003
          15           9 -0.13558851372743669     
          15          10   3.8183071293896989E-002
          15          11   6.4204028417351794E-003
          15          12 -0.18583498781737609     
          15          13  -7.0276004197188213E-002
          15          14  -1.1816761768080440E-002
          15          15  0.54064347708831906     
          15          16 -0.10009637586072238     
          15          17  -1.6830994318839915E-002
          15          18  0.41001775853428157     
          15          19  -5.3992546494066013E-002
          15          20  -9.0787327262087918E-003
          15          21  0.11422311676180809     
          16           1  -7.6882008210152656E-016
          16           2  -3.2767834377758956E-015
          16           3   9.7792172733852491E-015
          16           4   5.1627319402453222E-015
          16           5  -2.3465099284419125E-014
          16           6   7.9647385751817957E-015
          16           7  -9.0177131473686528E-002
          16           8  -4.6788616853214249E-003
          16           9   3.3594120580901256E-002
          16          10 -0.12558829841322594     
          16          11  -7.5745891595307112E-003
          16          12   5.4385378044918886E-002
          16          13  0.37208101925835158     
          16          14   1.3941043544388972E-002
          16          15 -0.10009637586072238     
          16          16  0.30244767455604848     
          16          17   1.9856677260658848E-002
          16          18 -0.14257049151993734     
          16          19   9.4757953887012483E-002
          16          20   1.0710803073480196E-002
          16          21  -7.6903322681547787E-002
          17           1  -1.0746900781815860E-015
          17           2  -1.8705226475958085E-015
          17           3   5.2957745073755683E-016
          17           4  -3.9509668264538811E-016
          17           5  -6.6581153188015075E-015
          17           6   5.6787722462232860E-015
          17           7  -4.6788616853295729E-003
          17           8  -6.3137999934183314E-002
          17           9   5.6487804656423432E-003
          17          10  -7.5745891595432064E-003
          17          11  -8.1814764075844343E-002
          17          12   9.1447865222990671E-003
          17          13   1.3941043544433906E-002
          17          14  0.29151575882809383     
          17          15  -1.6830994318839915E-002
          17          16   1.9856677260658848E-002
          17          17  0.18769597969994889     
          17          18  -2.3972927213126341E-002
          17          19   1.0710803073482860E-002
          17          20   3.2860246137711144E-002
          17          21  -1.2931131382361578E-002
          18           1  -8.8328994160937743E-016
          18           2  -2.0037218229125760E-015
          18           3   2.3276848049519938E-015
          18           4   7.2378856465691033E-016
          18           5   1.3883719772803142E-015
          18           6   8.4270181091818272E-015
          18           7   3.3594120580904670E-002
          18           8   5.6487804656445281E-003
          18           9 -0.10290937460160730     
          18          10   5.4385378044923903E-002
          18          11   9.1447865223024481E-003
          18          12 -0.14620047232634323     
          18          13 -0.10009637586072492     
          18          14  -1.6830994318850746E-002
          18          15  0.41001775853428157     
          18          16 -0.14257049151993734     
          18          17  -2.3972927213126341E-002
          18          18  0.35648219397521486     
          18          19  -7.6903322681559846E-002
          18          20  -1.2931131382366148E-002
          18          21  0.12390447669502883     
          19           1  -5.0017647062018767E-016
          19           2  -1.0375339660805335E-015
          19           3   1.4219574119482924E-015
          19           4   6.8581458159717449E-016
          19           5  -6.3853169890061133E-015
          19           6  -5.8828090737146261E-016
          19           7  -3.0648674418632560E-002
          19           8  -2.5238042327894901E-003
          19           9   1.8120857041972738E-002
          19          10  -4.6170124288645531E-002
          19          11  -4.0857758720331695E-003
          19          12   2.9335777918410216E-002
          19          13   9.3759826841696856E-002
          19          14   7.5198770712173778E-003
          19          15  -5.3992546494066013E-002
          19          16   9.4757953887012483E-002
          19          17   1.0710803073482860E-002
          19          18  -7.6903322681559846E-002
          19          19   3.9683415135430986E-002
          19          20   5.7774672455514278E-003
          19          21  -4.1482083539263935E-002
          20           1   9.9722645169228165E-016
          20           2   1.4580999561145391E-015
          20           3   6.4728774867428979E-016
          20           4   3.2115455833648401E-016
          20           5  -1.3576257579283198E-015
          20           6   6.3471039166999353E-016
          20           7  -2.5238042327893218E-003
          20           8  -1.6063615226907347E-002
          20           9   3.0469838623380014E-003
          20          10  -4.0857758720330671E-003
          20          11  -2.2558434378820106E-002
          20          12   4.9327491354015669E-003
          20          13   7.5198770712203190E-003
          20          14   5.0302473544120790E-002
          20          15  -9.0787327262087918E-003
          20          16   1.0710803073480196E-002
          20          17   3.2860246137711144E-002
          20          18  -1.2931131382366148E-002
          20          19   5.7774672455514278E-003
          20          20   6.2954444442569462E-003
          20          21  -6.9751247872818492E-003
          21           1   2.1008168329845417E-016
          21           2   5.4606320643713581E-016
          21           3  -1.2235788746531405E-015
          21           4  -1.2775230013570803E-015
          21           5   1.5750540167933537E-015
          21           6   3.3847828588104932E-015
          21           7   1.8120857041966906E-002
          21           8   3.0469838623357949E-003
          21           9  -3.7516517766070998E-002
          21          10   2.9335777918402174E-002
          21          11   4.9327491353984999E-003
          21          12  -5.7288446493395422E-002
          21          13  -5.3992546494046112E-002
          21          14  -9.0787327262038114E-003
          21          15  0.11422311676180809     
          21          16  -7.6903322681547787E-002
          21          17  -1.2931131382361578E-002
          21          18  0.12390447669502883     
          21          19  -4.1482083539263935E-002
          21          20  -6.9751247872818492E-003
          21          21   5.5405212995941540E-002
