           1           1  0.36151175182633855     
           1           2  0.64920284717910737     
           1           3 -0.17939951520394815     
           1           4 -0.20710030208051972     
           1           5   4.5861632206597724E-002
           1           6   8.6160196704754541E-002
           1           7  -2.2515533901774801E-002
           1           8  -1.2395368886400681E-002
           1           9  -1.0374864777107608E-012
           1          10  -9.6393677362736424E-012
           1          11  -4.4044393127975142E-012
           1          12  -8.0098941163406059E-012
           1          13  -5.8780810484795363E-011
           1          14  -3.5583538747461697E-011
           1          15   7.2376078891259656E-012
           1          16   3.5579046062627951E-011
           1          17  -5.8121891051684909E-011
           1          18  -9.5957144806067916E-012
           1          19  -1.1135189225633552E-011
           1          20  -2.2996996026347631E-012
           1          21   1.2936770674731089E-011
           1          22  -9.2473515195988069E-012
           1          23   2.6333678428210395E-011
           1          24   1.5555076210358260E-011
           1          25  -3.4971857258547025E-011
           1          26   9.1190888508239911E-011
           1          27  -2.2146522503182728E-011
           1          28   1.2042058968174863E-011
           1          29   1.7665860336258616E-011
           1          30   4.0188873035640277E-003
           1          31  -4.0938018445822012E-005
           1          32   4.1464930345629387E-003
           1          33   3.1063159132079547E-005
           1          34  -1.1985497228601607E-004
           1          35   4.0884587020932591E-003
           1          36   5.6431347967002363E-004
           1          37   6.3058353378242567E-006
           1          38   5.4465789726062044E-004
           1          39  -4.7847732414986696E-006
           1          40   1.8461690864803745E-005
           1          41   5.5359715960138708E-004
           2           1  0.64920284717910737     
           2           2   1.2217469492813091     
           2           3 -0.53334143005504187     
           2           4 -0.60494147809528775     
           2           5  0.14798939132721431     
           2           6  0.27222589005846121     
           2           7  -6.9363389887412710E-002
           2           8  -3.8467923281998141E-002
           2           9   1.6319124189209413E-013
           2          10  -2.7088672560074735E-011
           2          11  -1.1624363749178197E-011
           2          12   1.4673898289236510E-012
           2          13  -1.7236111278093887E-010
           2          14  -9.3369873332621972E-011
           2          15  -3.2513218256536382E-011
           2          16   1.2962666246995721E-010
           2          17  -1.6402664322895008E-010
           2          18  -4.6904710533288161E-011
           2          19  -2.7670671813302185E-011
           2          20  -5.5642659081215227E-012
           2          21   4.4799380012708209E-011
           2          22  -3.4147350073198248E-011
           2          23   9.1602491165100929E-011
           2          24   6.4292949648043763E-011
           2          25  -1.2182857118297076E-010
           2          26   3.0482845671611462E-010
           2          27  -5.7859983736051990E-011
           2          28   2.5224276077553683E-011
           2          29   7.1442028655885229E-011
           2          30   9.0729023758521245E-003
           2          31  -1.1722522874797255E-004
           2          32   9.4382990275362136E-003
           2          33   8.8948792990917874E-005
           2          34  -3.4320262142650734E-004
           2          35   9.2721189723459704E-003
           2          36   1.4067722118722924E-003
           2          37   2.1923792817148195E-005
           2          38   1.3384347544488512E-003
           2          39  -1.6635434059945124E-005
           2          40   6.4186564123390889E-005
           2          41   1.3695143472850580E-003
           3           1 -0.17939951520394815     
           3           2 -0.53334143005504187     
           3           3  0.90303369571369330     
           3           4   1.0277558053339721     
           3           5 -0.37815363928918788     
           3           6 -0.63455217596955471     
           3           7  0.16901721802579855     
           3           8   9.3498214034155661E-002
           3           9   1.6036237837415398E-011
           3          10   5.9812905554046984E-011
           3          11   3.0135610883395701E-011
           3          12   1.2474303533732095E-010
           3          13   4.0425890362724899E-010
           3          14   2.1643762082616791E-010
           3          15  -2.3624546471969460E-010
           3          16  -1.7337459797339929E-010
           3          17   4.8483383591248919E-010
           3          18   1.3155926577000215E-011
           3          19   9.3032068512362088E-011
           3          20   5.6198777684401654E-011
           3          21  -7.4212929335533123E-011
           3          22   5.5642597102162410E-011
           3          23  -1.7148687765119351E-010
           3          24  -3.7410333189256115E-011
           3          25   1.9762527202053138E-010
           3          26  -5.7167090233833333E-010
           3          27   2.1806664250090769E-010
           3          28  -1.4568429521181264E-010
           3          29  -5.5073054730033318E-011
           3          30  -3.4327291687979333E-003
           3          31   3.4595675769013689E-004
           3          32  -4.5110936029357368E-003
           3          33  -2.6250684583275098E-004
           3          34   1.0128645895410258E-003
           3          35  -4.0206598919950917E-003
           3          36  -1.7404133867325519E-003
           3          37  -2.3750996067663851E-005
           3          38  -1.6663807111629301E-003
           3          39   1.8021897192344109E-005
           3          40  -6.9535885638189431E-005
           3          41  -1.7000504760807311E-003
           4           1 -0.20710030208051972     
           4           2 -0.60494147809528775     
           4           3   1.0277558053339721     
           4           4   1.2126901745049454     
           4           5 -0.59404488314785930     
           4           6 -0.94113308069101431     
           4           7  0.25376669023262655     
           4           8  0.13997359514637497     
           4           9   3.6350563867348179E-012
           4          10   5.0814808359246363E-011
           4          11   9.1365198646297710E-012
           4          12   2.5946071800204387E-011
           4          13   3.5365529046562106E-010
           4          14   7.1449907118247279E-011
           4          15   3.1611387843701930E-011
           4          16  -4.9831688746683257E-010
           4          17   5.4114973161143052E-010
           4          18   1.4196919713050842E-010
           4          19   5.5144737493577771E-011
           4          20   6.6440484818381686E-011
           4          21  -1.6537016573401514E-010
           4          22   1.4472656176889682E-010
           4          23  -3.6884718496840676E-010
           4          24  -2.2465902768937508E-010
           4          25   4.4806569003884018E-010
           4          26  -1.1040425569662043E-009
           4          27   2.1402209782942854E-010
           4          28  -8.3728786370236919E-011
           4          29  -2.6670042398493849E-010
           4          30   4.8294633997241591E-003
           4          31   4.9597278019446515E-004
           4          32   3.2834925172097254E-003
           4          33  -3.7633687138703817E-004
           4          34   1.4520692679033627E-003
           4          35   3.9865902060942406E-003
           4          36  -2.1371603350725530E-003
           4          37  -3.1353773547076948E-005
           4          38  -2.0394291958964433E-003
           4          39   2.3790739702998981E-005
           4          40  -9.1794670794789366E-005
           4          41  -2.0838771480531453E-003
           5           1   4.5861632206597724E-002
           5           2  0.14798939132721431     
           5           3 -0.37815363928918788     
           5           4 -0.59404488314785930     
           5           5  0.78925594071122318     
           5           6   1.1227966190201171     
           5           7 -0.36237374817688772     
           5           8 -0.19523781171580554     
           5           9  -2.6845665045143884E-011
           5          10  -8.2783331802282529E-011
           5          11  -1.3445824950893592E-011
           5          12  -2.0782450697882098E-010
           5          13  -6.0848721508033561E-010
           5          14  -6.5745225890111462E-011
           5          15   4.2536603032687344E-010
           5          16   7.5580403061978801E-010
           5          17  -9.1471246113926886E-010
           5          18  -3.5782890899012013E-011
           5          19   9.6995526794088377E-012
           5          20  -2.0723221879846007E-010
           5          21   1.7024208091412152E-010
           5          22  -1.9348529349500976E-010
           5          23   4.7193846681970554E-010
           5          24   1.0996140329764726E-010
           5          25  -5.3173395543677920E-010
           5          26   1.3136960969772386E-009
           5          27  -4.2670812892991135E-010
           5          28   2.0192996914846100E-010
           5          29   2.1761915142166892E-010
           5          30  -3.3953299786315172E-002
           5          31  -1.0960344192928815E-003
           5          32  -3.0536906614340917E-002
           5          33   8.3165466938870595E-004
           5          34  -3.2088823743098281E-003
           5          35  -3.2090660791697680E-002
           5          36   3.0087805718063845E-004
           5          37  -1.2541157633350281E-004
           5          38   6.9179242190575913E-004
           5          39   9.5160449632238943E-005
           5          40  -3.6717058479511316E-004
           5          41   5.1400744952029829E-004
           6           1   8.6160196704754541E-002
           6           2  0.27222589005846121     
           6           3 -0.63455217596955471     
           6           4 -0.94113308069101431     
           6           5   1.1227966190201171     
           6           6   1.6726093288197792     
           6           7 -0.77774748225239365     
           6           8 -0.40417230237341567     
           6           9  -9.2528021842746656E-011
           6          10  -7.6116035343181258E-011
           6          11  -2.8424248989693179E-011
           6          12  -7.1454170942251829E-010
           6          13  -5.1347653907635003E-010
           6          14  -1.2929351140954740E-010
           6          15   1.4314057600907527E-009
           6          16  -1.8649146702843921E-010
           6          17  -2.0144451449662006E-009
           6          18   1.3038088991052563E-010
           6          19  -3.4278478596280840E-010
           6          20  -5.5460008428449135E-010
           6          21   4.5282441472441125E-010
           6          22  -4.1068570346000208E-010
           6          23   9.6987423028657352E-010
           6          24   4.3881875296656038E-010
           6          25  -8.2681456013714407E-010
           6          26   2.5977015359097867E-009
           6          27  -8.0940100268169982E-010
           6          28   6.1869694703743734E-010
           6          29   3.5371098270601501E-010
           6          30  -4.6436234177488878E-002
           6          31  -2.9647979913509620E-004
           6          32  -4.5512090979249770E-002
           6          33   2.2496378367806754E-004
           6          34  -8.6800699517636856E-004
           6          35  -4.5932390609729389E-002
           6          36  -1.9618468193919403E-003
           6          37   2.1911026992791531E-004
           6          38  -2.6448242451667641E-003
           6          39  -1.6625789360129729E-004
           6          40   6.4149446873708760E-004
           6          41  -2.3342115385750605E-003
           7           1  -2.2515533901774801E-002
           7           2  -6.9363389887412710E-002
           7           3  0.16901721802579855     
           7           4  0.25376669023262655     
           7           5 -0.36237374817688772     
           7           6 -0.77774748225239365     
           7           7   1.2747436591659316     
           7           8  0.62311879120893698     
           7           9  -1.4652431507801843E-010
           7          10   1.0786750078808361E-010
           7          11  -2.2322439790215911E-010
           7          12  -1.1532388189858951E-009
           7          13   8.6533438904069865E-010
           7          14  -1.7398417848481454E-009
           7          15   2.9296473854982050E-009
           7          16  -2.5962025286364218E-009
           7          17   4.2191454696416150E-009
           7          18   1.4083596224364705E-009
           7          19  -9.6432675866166350E-010
           7          20   1.8428717892295613E-009
           7          21  -2.3775810945634484E-009
           7          22   2.3053822173547365E-009
           7          23  -4.0792134841866690E-009
           7          24  -5.5557006311271348E-009
           7          25   5.0082190227931698E-009
           7          26  -1.0430705535708975E-008
           7          27  -1.8953856949957623E-009
           7          28   2.3269155170791537E-009
           7          29  -5.2159910443286891E-009
           7          30   2.5809757336214892E-002
           7          31  -4.5666201889442318E-004
           7          32   2.7233204797403078E-002
           7          33   3.4650997873465837E-004
           7          34  -1.3369931849823596E-003
           7          35   2.6585839255184145E-002
           7          36   1.3184240175719585E-002
           7          37  -1.9049327891696019E-004
           7          38   1.3778023046851186E-002
           7          39   1.4454420826274920E-004
           7          40  -5.5771813214098784E-004
           7          41   1.3507977440604203E-002
           8           1  -1.2395368886400681E-002
           8           2  -3.8467923281998141E-002
           8           3   9.3498214034155661E-002
           8           4  0.13997359514637497     
           8           5 -0.19523781171580554     
           8           6 -0.40417230237341567     
           8           7  0.62311879120893698     
           8           8  0.30622911271881414     
           8           9   1.4865753687484308E-010
           8          10  -8.5498439109140070E-011
           8          11   1.4131997077332459E-010
           8          12   1.1716149619254203E-009
           8          13  -6.8304720653144114E-010
           8          14   1.1067225600618778E-009
           8          15  -2.9984004042654950E-009
           8          16   1.9237799446586265E-009
           8          17  -2.6691647882970092E-009
           8          18  -1.0633909144792905E-009
           8          19   8.1867000260256894E-010
           8          20  -1.0851310400819314E-009
           8          21   1.8599009175344471E-009
           8          22  -1.3998513708148455E-009
           8          23   2.0824169065770352E-009
           8          24   5.7980817493342938E-009
           8          25  -3.7981788279575816E-009
           8          26   5.9273368715928813E-009
           8          27   4.6290957240233883E-009
           8          28  -4.3412320754233119E-009
           8          29   5.4458357200801735E-009
           8          30   1.2671323702061772E-002
           8          31  -6.1543386854175249E-004
           8          32   1.4589650225105341E-002
           8          33   4.6698040053420040E-004
           8          34  -1.8018024364287800E-003
           8          35   1.3717197786588600E-002
           8          36   6.1397389158763457E-003
           8          37  -3.9914147818725129E-004
           8          38   7.3838789969758482E-003
           8          39   3.0286210927618791E-004
           8          40  -1.1685692796316225E-003
           8          41   6.8180483637313213E-003
           9           1  -1.0374864777107608E-012
           9           2   1.6319124189209413E-013
           9           3   1.6036237837415398E-011
           9           4   3.6350563867348179E-012
           9           5  -2.6845665045143884E-011
           9           6  -9.2528021842746656E-011
           9           7  -1.4652431507801843E-010
           9           8   1.4865753687484308E-010
           9           9   4.0783077872671103E-002
           9          10  -2.9681628806822932E-005
           9          11   2.2521953248394364E-005
           9          12  0.28976866350341313     
           9          13  -2.2580077861454872E-004
           9          14   1.7133407505914543E-004
           9          15  -9.1149606234111127E-002
           9          16   5.7934693692105366E-004
           9          17  -4.3959934942501111E-004
           9          18  -3.0906810164202377E-002
           9          19   1.6578546451687885E-004
           9          20  -1.2579540104492050E-004
           9          21   1.1429491977567360E-003
           9          22  -4.2524962976419304E-004
           9          23   3.2267294519930189E-004
           9          24   7.6608357003205858E-003
           9          25  -9.6877306981847720E-004
           9          26   7.3509029838237326E-004
           9          27   5.2699461632844018E-003
           9          28  -9.6247870347135583E-004
           9          29   7.3031423097777686E-004
           9          30   2.7851566867569369E-011
           9          31  -1.3031155242541003E-011
           9          32   2.0939710392397973E-010
           9          33  -5.2145806851003955E-011
           9          34   4.0018076911597737E-011
           9          35  -7.8283029247741987E-011
           9          36   1.8537068353422011E-011
           9          37  -5.7022733467288472E-012
           9          38   5.7083452782777093E-011
           9          39   4.9206856989096459E-012
           9          40   3.9963536721238285E-012
           9          41  -1.2347154662104236E-011
          10           1  -9.6393677362736424E-012
          10           2  -2.7088672560074735E-011
          10           3   5.9812905554046984E-011
          10           4   5.0814808359246363E-011
          10           5  -8.2783331802282529E-011
          10           6  -7.6116035343181258E-011
          10           7   1.0786750078808361E-010
          10           8  -8.5498439109140070E-011
          10           9  -2.9681628806822932E-005
          10          10   4.0889909330129343E-002
          10          11  -8.6899108804349098E-005
          10          12  -2.2580078752862498E-004
          10          13  0.29058137581625598     
          10          14  -6.6107845647629649E-004
          10          15   5.7934693361942733E-004
          10          16  -9.3234818414357643E-002
          10          17   1.6961586327376428E-003
          10          18   1.6578547258034270E-004
          10          19  -3.1503512751611423E-002
          10          20   4.8537135801658606E-004
          10          21  -4.2524962567616679E-004
          10          22   2.6735296868650501E-003
          10          23  -1.2450093455287751E-003
          10          24  -9.6877305186577277E-004
          10          25   1.1147694000314623E-002
          10          26  -2.8362905257538727E-003
          10          27  -9.6247879003377192E-004
          10          28   8.7341485358134394E-003
          10          29  -2.8178621264307018E-003
          10          30   6.0646297778997361E-011
          10          31   4.2246453959316082E-012
          10          32   1.2640863859564201E-010
          10          33   1.9019778713208366E-011
          10          34   9.8023595239095905E-012
          10          35  -7.3568708607678299E-011
          10          36   5.3695119558480305E-012
          10          37  -2.6459520901958618E-011
          10          38   7.9797424495567987E-013
          10          39  -5.6735880650910620E-012
          10          40   1.2501560590407356E-011
          10          41   5.2769429481853625E-012
          11           1  -4.4044393127975142E-012
          11           2  -1.1624363749178197E-011
          11           3   3.0135610883395701E-011
          11           4   9.1365198646297710E-012
          11           5  -1.3445824950893592E-011
          11           6  -2.8424248989693179E-011
          11           7  -2.2322439790215911E-010
          11           8   1.4131997077332459E-010
          11           9   2.2521953248394364E-005
          11          10  -8.6899108804349098E-005
          11          11   4.0841322840338291E-002
          11          12   1.7133406560427175E-004
          11          13  -6.6107846257193632E-004
          11          14  0.29021175773141317     
          11          15  -4.3959936079093894E-004
          11          16   1.6961586303473101E-003
          11          17  -9.2286473277505499E-002
          11          18  -1.2579539649932941E-004
          11          19   4.8537138069818344E-004
          11          20  -3.1232135157296004E-002
          11          21   3.2267295572859748E-004
          11          22  -1.2450093765802863E-003
          11          23   1.9774301080211646E-003
          11          24   7.3509029984558400E-004
          11          25  -2.8362904871176028E-003
          11          26   9.5618896888778095E-003
          11          27   7.3031425159139597E-004
          11          28  -2.8178621413241563E-003
          11          29   7.1586486132434153E-003
          11          30   8.7747118058078430E-011
          11          31  -6.3998203244252491E-011
          11          32   1.0546857169039500E-010
          11          33   3.1108132271115300E-011
          11          34  -1.9214127621963806E-011
          11          35  -1.3405041693027290E-011
          11          36   2.3323034464313409E-011
          11          37  -4.3562861666938273E-011
          11          38   2.7442165627768134E-011
          11          39   2.1305086594444131E-011
          11          40   2.7315995855468756E-011
          11          41  -3.2192971833466394E-011
          12           1  -8.0098941163406059E-012
          12           2   1.4673898289236510E-012
          12           3   1.2474303533732095E-010
          12           4   2.5946071800204387E-011
          12           5  -2.0782450697882098E-010
          12           6  -7.1454170942251829E-010
          12           7  -1.1532388189858951E-009
          12           8   1.1716149619254203E-009
          12           9  0.28976866350341313     
          12          10  -2.2580078752862498E-004
          12          11   1.7133406560427175E-004
          12          12   2.0617649585299489     
          12          13  -1.7268281812673368E-003
          12          14   1.3102898820899487E-003
          12          15 -0.71159783048143344     
          12          16   4.5436566167192218E-003
          12          17  -3.4476552290306104E-003
          12          18 -0.23848896145647686     
          12          19   1.3132250049587438E-003
          12          20  -9.9645447089372324E-004
          12          21   8.6595935665491151E-003
          12          22  -3.3575356516539058E-003
          12          23   2.5476469412053413E-003
          12          24   6.0711888863836654E-002
          12          25  -7.6422430729729263E-003
          12          26   5.7988180264956753E-003
          12          27   4.1512418307151126E-002
          12          28  -7.5942371434430658E-003
          12          29   5.7623918745159696E-003
          12          30   3.3723649619997402E-010
          12          31  -4.3324742843072759E-010
          12          32   1.9848388858496789E-009
          12          33  -2.9205064150502410E-010
          12          34   5.2174622377106295E-010
          12          35  -1.0921095015094763E-009
          12          36   1.8461941263680205E-010
          12          37  -1.5735742732158989E-010
          12          38   5.6903781199473767E-010
          12          39   7.7503981653023701E-011
          12          40   1.0368501742787204E-010
          12          41  -2.5947775575971338E-010
          13           1  -5.8780810484795363E-011
          13           2  -1.7236111278093887E-010
          13           3   4.0425890362724899E-010
          13           4   3.5365529046562106E-010
          13           5  -6.0848721508033561E-010
          13           6  -5.1347653907635003E-010
          13           7   8.6533438904069865E-010
          13           8  -6.8304720653144114E-010
          13           9  -2.2580077861454872E-004
          13          10  0.29058137581625598     
          13          11  -6.6107846257193632E-004
          13          12  -1.7268281812673368E-003
          13          13   2.0679802357112087     
          13          14  -5.0556461251861501E-003
          13          15   4.5436565697021094E-003
          13          16 -0.72795156893567459     
          13          17   1.3302499963307641E-002
          13          18   1.3132250550786505E-003
          13          19 -0.24321558082326006     
          13          20   3.8447389855998052E-003
          13          21  -3.3575356203885669E-003
          13          22   2.0744209758468451E-002
          13          23  -9.8299045420490432E-003
          13          24  -7.6422429317672940E-003
          13          25   8.8218246688503366E-002
          13          26  -2.2374302402099703E-002
          13          27  -7.5942378322057542E-003
          13          28   6.8845983465387076E-002
          13          29  -2.2233752464155276E-002
          13          30   5.2147749017302998E-010
          13          31  -1.9323369853827684E-010
          13          32   1.1078330812986342E-009
          13          33   2.4244696928347457E-010
          13          34   2.0553540085966356E-010
          13          35  -8.7640887366095178E-010
          13          36   6.5300161706946078E-011
          13          37  -2.7733334650707331E-010
          13          38   5.4342222996001358E-011
          13          39  -1.0112423316748033E-011
          13          40   1.4197700424638186E-010
          13          41  -5.6182946058652936E-011
          14           1  -3.5583538747461697E-011
          14           2  -9.3369873332621972E-011
          14           3   2.1643762082616791E-010
          14           4   7.1449907118247279E-011
          14           5  -6.5745225890111462E-011
          14           6  -1.2929351140954740E-010
          14           7  -1.7398417848481454E-009
          14           8   1.1067225600618778E-009
          14           9   1.7133407505914543E-004
          14          10  -6.6107845647629649E-004
          14          11  0.29021175773141317     
          14          12   1.3102898820899487E-003
          14          13  -5.0556461251861501E-003
          14          14   2.0651535542310602     
          14          15  -3.4476553125277927E-003
          14          16   1.3302499931321026E-002
          14          17 -0.72051396234333076     
          14          18  -9.9645444804503003E-004
          14          19   3.8447391374058617E-003
          14          20 -0.24106593613224012     
          14          21   2.5476470269180916E-003
          14          22  -9.8299047726908197E-003
          14          23   1.5248192816370409E-002
          14          24   5.7988180440701805E-003
          14          25  -2.2374302115666420E-002
          14          26   7.5708503808732813E-002
          14          27   5.7623920366443090E-003
          14          28  -2.2233752575271153E-002
          14          29   5.6414830430035146E-002
          14          30   5.4887038150109626E-010
          14          31  -3.1508776173251428E-010
          14          32   6.2363614427178940E-010
          14          33   1.5203587404113296E-010
          14          34  -2.4911963724104899E-010
          14          35   4.7725607789200024E-011
          14          36   1.4476753086209220E-010
          14          37  -2.6990792467760316E-010
          14          38   1.5695196735648286E-010
          14          39   1.3865940189153291E-010
          14          40   1.7498960469109292E-010
          14          41  -1.8844718192258318E-010
          15           1   7.2376078891259656E-012
          15           2  -3.2513218256536382E-011
          15           3  -2.3624546471969460E-010
          15           4   3.1611387843701930E-011
          15           5   4.2536603032687344E-010
          15           6   1.4314057600907527E-009
          15           7   2.9296473854982050E-009
          15           8  -2.9984004042654950E-009
          15           9  -9.1149606234111127E-002
          15          10   5.7934693361942733E-004
          15          11  -4.3959936079093894E-004
          15          12 -0.71159783048143344     
          15          13   4.5436565697021094E-003
          15          14  -3.4476553125277927E-003
          15          15   1.6035288873922786     
          15          16  -1.1789698517333348E-002
          15          17   8.9458391345466435E-003
          15          18  0.48295686062304027     
          15          19  -3.7498177649929526E-003
          15          20   2.8453032540980178E-003
          15          21  -1.7651878063925847E-002
          15          22   8.7928599069993889E-003
          15          23  -6.6718882979638922E-003
          15          24 -0.16389958053267617     
          15          25   1.9928379868158548E-002
          15          26  -1.5121352082195845E-002
          15          27 -0.10660951906397251     
          15          28   1.9828571181603614E-002
          15          29  -1.5045618861334474E-002
          15          30  -7.8391343545601985E-010
          15          31   1.4167718860073992E-009
          15          32  -5.7074064156189665E-009
          15          33   8.2658288096827939E-010
          15          34  -1.6657861315817642E-009
          15          35   3.9163037953121369E-009
          15          36  -4.1249147245063136E-010
          15          37   5.3264666381949182E-010
          15          38  -1.8201075396077826E-009
          15          39  -1.3226915193054304E-010
          15          40  -4.3829588561174157E-010
          15          41   1.0910701242480160E-009
          16           1   3.5579046062627951E-011
          16           2   1.2962666246995721E-010
          16           3  -1.7337459797339929E-010
          16           4  -4.9831688746683257E-010
          16           5   7.5580403061978801E-010
          16           6  -1.8649146702843921E-010
          16           7  -2.5962025286364218E-009
          16           8   1.9237799446586265E-009
          16           9   5.7934693692105366E-004
          16          10  -9.3234818414357643E-002
          16          11   1.6961586303473101E-003
          16          12   4.5436566167192218E-003
          16          13 -0.72795156893567459     
          16          14   1.3302499931321026E-002
          16          15  -1.1789698517333348E-002
          16          16   1.6459629267339526     
          16          17  -3.4516808465099379E-002
          16          18  -3.7498177982076752E-003
          16          19  0.49645338207216955     
          16          20  -1.0978376966364719E-002
          16          21   8.7928598216719701E-003
          16          22  -4.9299594663942972E-002
          16          23   2.5742980111121659E-002
          16          24   1.9928379500926754E-002
          16          25 -0.23562683963550296     
          16          26   5.8344597548692742E-002
          16          27   1.9828573092533185E-002
          16          28 -0.17797752293806623     
          16          29   5.8052380739458419E-002
          16          30  -7.0270865510088951E-010
          16          31   1.2106260705444929E-009
          16          32  -2.6782306414470252E-009
          16          33  -8.4900122044107061E-010
          16          34  -1.1262987937834144E-009
          16          35   4.3339715711727012E-009
          16          36  -1.3089260729218523E-010
          16          37   7.8759041356143216E-010
          16          38  -3.1908212746967976E-010
          16          39  -1.3054896731342939E-010
          16          40  -5.6817434499096712E-010
          16          41   8.2955433188122859E-010
          17           1  -5.8121891051684909E-011
          17           2  -1.6402664322895008E-010
          17           3   4.8483383591248919E-010
          17           4   5.4114973161143052E-010
          17           5  -9.1471246113926886E-010
          17           6  -2.0144451449662006E-009
          17           7   4.2191454696416150E-009
          17           8  -2.6691647882970092E-009
          17           9  -4.3959934942501111E-004
          17          10   1.6961586327376428E-003
          17          11  -9.2286473277505499E-002
          17          12  -3.4476552290306104E-003
          17          13   1.3302499963307641E-002
          17          14 -0.72051396234333076     
          17          15   8.9458391345466435E-003
          17          16  -3.4516808465099379E-002
          17          17   1.6266641243297713     
          17          18   2.8453034062857281E-003
          17          19  -1.0978376925529028E-002
          17          20  0.49031522879418438     
          17          21  -6.6718885428055669E-003
          17          22   2.5742980378505049E-002
          17          23  -3.4906386459349500E-002
          17          24  -1.5121352237602158E-002
          17          25   5.8344597126323255E-002
          17          26 -0.20300567002514797     
          17          27  -1.5045619256351332E-002
          17          28   5.8052380849226037E-002
          17          29 -0.14551975233540351     
          17          30   8.5883001872913011E-011
          17          31   4.1962473960137635E-010
          17          32   4.6214876221597065E-010
          17          33  -2.2054333735684360E-010
          17          34   9.2793420919420620E-010
          17          35   2.6493844208803444E-010
          17          36  -4.9081551303103091E-011
          17          37   3.5208463551338764E-010
          17          38   6.8932493975881242E-011
          17          39  -3.1973825895179862E-010
          17          40  -1.7440988120147927E-010
          17          41   3.1960084098095187E-010
          18           1  -9.5957144806067916E-012
          18           2  -4.6904710533288161E-011
          18           3   1.3155926577000215E-011
          18           4   1.4196919713050842E-010
          18           5  -3.5782890899012013E-011
          18           6   1.3038088991052563E-010
          18           7   1.4083596224364705E-009
          18           8  -1.0633909144792905E-009
          18           9  -3.0906810164202377E-002
          18          10   1.6578547258034270E-004
          18          11  -1.2579539649932941E-004
          18          12 -0.23848896145647686     
          18          13   1.3132250550786505E-003
          18          14  -9.9645444804503003E-004
          18          15  0.48295686062304027     
          18          16  -3.7498177982076752E-003
          18          17   2.8453034062857281E-003
          18          18  0.14675234393450559     
          18          19  -1.3102214975461231E-003
          18          20   9.9417574996673382E-004
          18          21  -1.1889380132057648E-002
          18          22   3.5783439005745944E-003
          18          23  -2.7151929085070785E-003
          18          24  -6.7691628648971602E-002
          18          25   8.0898602735447276E-003
          18          26  -6.1384631231561921E-003
          18          27  -4.3498498382069047E-002
          18          28   8.0631162490664831E-003
          18          29  -6.1181702301062778E-003
          18          30   6.1515624040883854E-010
          18          31  -2.6320159515736554E-009
          18          32   2.4104590382968263E-009
          18          33   6.8493024214573677E-010
          18          34   1.5820528820433071E-009
          18          35  -3.8037996791303683E-009
          18          36   1.6933527920860252E-010
          18          37  -8.6029623674060007E-010
          18          38   8.1907484701185320E-010
          18          39   9.1994043892478610E-011
          18          40   5.7426977552319314E-010
          18          41  -1.3728353443058714E-009
          19           1  -1.1135189225633552E-011
          19           2  -2.7670671813302185E-011
          19           3   9.3032068512362088E-011
          19           4   5.5144737493577771E-011
          19           5   9.6995526794088377E-012
          19           6  -3.4278478596280840E-010
          19           7  -9.6432675866166350E-010
          19           8   8.1867000260256894E-010
          19           9   1.6578546451687885E-004
          19          10  -3.1503512751611423E-002
          19          11   4.8537138069818344E-004
          19          12   1.3132250049587438E-003
          19          13 -0.24321558082326006     
          19          14   3.8447391374058617E-003
          19          15  -3.7498177649929526E-003
          19          16  0.49645338207216955     
          19          17  -1.0978376925529028E-002
          19          18  -1.3102214975461231E-003
          19          19  0.15146815561363453     
          19          20  -3.8359486526940954E-003
          19          21   3.5783438228186078E-003
          19          22  -2.4768740162517611E-002
          19          23   1.0476367598388209E-002
          19          24   8.0898600673486778E-003
          19          25  -9.6809072546092362E-002
          19          26   2.3684797178257801E-002
          19          27   8.0631169636087401E-003
          19          28  -7.2519676545510350E-002
          19          29   2.3606496136022597E-002
          19          30   1.4758101105827266E-009
          19          31  -2.8537184025634847E-009
          19          32   3.1613817157920205E-009
          19          33   1.0898021170038778E-009
          19          34   1.9519802367458929E-009
          19          35  -4.3127810266962079E-009
          19          36   5.2925435932633986E-010
          19          37  -8.3517365209948732E-010
          19          38   1.2566262550633275E-009
          19          39   4.1197278537299019E-010
          19          40   5.8616865729974270E-010
          19          41  -1.6537248385737322E-009
          20           1  -2.2996996026347631E-012
          20           2  -5.5642659081215227E-012
          20           3   5.6198777684401654E-011
          20           4   6.6440484818381686E-011
          20           5  -2.0723221879846007E-010
