           1           1  0.37829716115586054     
           1           2  0.61831702278942091     
           1           3 -0.13165891593473489     
           1           4 -0.15444175221431322     
           1           5   2.9250181023701954E-002
           1           6   3.5325785738657217E-002
           1           7   2.5944210820941305E-015
           1           8   7.4805278343646614E-015
           1           9  -2.9005610871099065E-015
           1          10   3.3203519549000391E-015
           1          11   3.5224339500766114E-015
           1          12  -1.0936701667236419E-014
           1          13   3.3639531176332256E-015
           1          14   1.3579142710508077E-015
           1          15   1.1689221986152342E-014
           1          16  -6.1223349975896553E-015
           1          17  -6.2519498353615359E-015
           1          18  -6.8409744185851200E-015
           1          19  -3.9479103433013835E-015
           1          20  -9.0098622773960116E-015
           1          21   6.0398004374664485E-015
           2           1  0.61831702278942091     
           2           2   1.0431265656162259     
           2           3 -0.35848589865624336     
           2           4 -0.40933348122338398     
           2           5   8.2123603228052622E-002
           2           6   9.8288169484894661E-002
           2           7   4.6924070631944739E-015
           2           8   9.7131627430774810E-015
           2           9  -8.0161770186120598E-015
           2          10   5.7257672638486485E-015
           2          11   6.6515876739337615E-016
           2          12  -2.3259044925692495E-014
           2          13   3.9728892615861120E-015
           2          14   2.4474952674512177E-015
           2          15   1.9684760732972766E-014
           2          16  -1.1916559897742678E-014
           2          17  -9.6748562206131527E-015
           2          18  -1.0572130326763612E-014
           2          19  -7.2904701926205363E-015
           2          20  -1.2600192711489946E-014
           2          21   1.1602767544562561E-014
           3           1 -0.13165891593473489     
           3           2 -0.35848589865624336     
           3           3  0.67876341799114337     
           3           4  0.75373466167258307     
           3           5 -0.19078860130983541     
           3           6 -0.21710329600005485     
           3           7  -2.2617384607469872E-015
           3           8   1.1676464620555140E-014
           3           9   1.1743707501238201E-014
           3          10  -1.3116580924731303E-015
           3          11   2.6640579929143441E-014
           3          12   2.0851182767952276E-014
           3          13   4.1880474456740544E-015
           3          14   8.4666557519320211E-016
           3          15  -3.3038552785022494E-015
           3          16   6.7191696519773776E-015
           3          17   4.8561234360622208E-015
           3          18   8.9557592048674315E-015
           3          19   2.2827229344451902E-015
           3          20  -3.8530149399419215E-015
           3          21  -4.1689776145805530E-015
           4           1 -0.15444175221431322     
           4           2 -0.40933348122338398     
           4           3  0.75373466167258307     
           4           4  0.87715816041315930     
           4           5 -0.37762272880382458     
           4           6 -0.38808102149677265     
           4           7  -2.8703788381425273E-015
           4           8  -1.1798221212884208E-015
           4           9   1.0140660356760515E-014
           4          10  -2.3232906306895688E-015
           4          11   5.1060998915116672E-015
           4          12   1.8742416722075706E-014
           4          13   9.7428323327561279E-015
           4          14  -7.5840712093828914E-015
           4          15  -1.3343197633162469E-014
           4          16   2.1138030664304394E-014
           4          17  -1.2971936448826368E-014
           4          18  -1.8792612355688242E-014
           4          19   1.0953389309488547E-014
           4          20  -2.3047621212949451E-014
           4          21  -2.8494647180972848E-014
           5           1   2.9250181023701954E-002
           5           2   8.2123603228052622E-002
           5           3 -0.19078860130983541     
           5           4 -0.37762272880382458     
           5           5  0.74549000588863712     
           5           6  0.67403997977005248     
           5           7   8.7467743272100332E-015
           5           8  -2.6907617392292222E-015
           5           9  -3.6459524448619473E-015
           5          10   1.5228163403536250E-014
           5          11  -4.8256264606223017E-015
           5          12  -5.9517010731168153E-015
           5          13  -9.9666329123941150E-015
           5          14   3.2978367388345272E-015
           5          15  -2.5452104778116432E-015
           5          16  -2.6685757987463427E-014
           5          17   9.2251525511706845E-015
           5          18   7.7645353651229327E-015
           5          19  -1.3607770921955071E-014
           5          20   3.4617308588286665E-014
           5          21   2.4874427527900644E-014
           6           1   3.5325785738657217E-002
           6           2   9.8288169484894661E-002
           6           3 -0.21710329600005485     
           6           4 -0.38808102149677265     
           6           5  0.67403997977005248     
           6           6  0.61269959594051771     
           6           7  -4.0338883851705068E-015
           6           8  -2.2016562558711643E-014
           6           9  -7.6210347091188406E-015
           6          10  -7.2902789845018083E-015
           6          11  -3.9477496907153080E-014
           6          12  -1.3669791444678292E-014
           6          13  -6.7805723150597752E-015
           6          14   1.1388643494596874E-014
           6          15   1.3197806908334196E-014
           6          16  -1.4535372391849023E-014
           6          17   3.6309009319848861E-014
           6          18   4.7425224655114746E-014
           6          19  -5.7005946691210249E-015
           6          20   5.0222774377546815E-014
           6          21   5.0504843515785121E-014
           7           1   2.5944210820941305E-015
           7           2   4.6924070631944739E-015
           7           3  -2.2617384607469872E-015
           7           4  -2.8703788381425273E-015
           7           5   8.7467743272100332E-015
           7           6  -4.0338883851705068E-015
           7           7  0.32910754699495226     
           7           8   1.0756530153189694E-003
           7           9  -7.0051885194438658E-004
           7          10  0.57403472645027664     
           7          11   1.7658971252627542E-003
           7          12  -1.1500402167186436E-003
           7          13   1.7650864035795414E-002
           7          14  -2.1580112898777698E-003
           7          15   1.4054045028349042E-003
           7          16  -5.1815475275513487E-002
           7          17  -5.1078521543100113E-003
           7          18   3.3264878878135323E-003
           7          19  -3.2676932459638652E-002
           7          20  -3.6047486126300201E-003
           7          21   2.3475919498470855E-003
           8           1   7.4805278343646614E-015
           8           2   9.7131627430774810E-015
           8           3   1.1676464620555140E-014
           8           4  -1.1798221212884208E-015
           8           5  -2.6907617392292222E-015
           8           6  -2.2016562558711643E-014
           8           7   1.0756530153189694E-003
           8           8  0.32215935077853536     
           8           9   4.6309777621670895E-003
           8          10   1.7658971252599797E-003
           8          11  0.56262788841878442     
           8          12   7.6026657301499984E-003
           8          13  -2.1580112898606438E-003
           8          14   3.1590569188176341E-002
           8          15  -9.2908234826725999E-003
           8          16  -5.1078521543298384E-003
           8          17  -1.8821230377490256E-002
           8          18  -2.1990687890639047E-002
           8          19  -3.6047486126357525E-003
           8          20  -9.3920066378888299E-003
           8          21  -1.5519419762007040E-002
           9           1  -2.9005610871099065E-015
           9           2  -8.0161770186120598E-015
           9           3   1.1743707501238201E-014
           9           4   1.0140660356760515E-014
           9           5  -3.6459524448619473E-015
           9           6  -7.6210347091188406E-015
           9           7  -7.0051885194438658E-004
           9           8   4.6309777621670895E-003
           9           9  0.32625433538304516     
           9          10  -1.1500402167175677E-003
           9          11   7.6026657301610555E-003
           9          12  0.56935061539276788     
           9          13   1.4054045028380332E-003
           9          14  -9.2908234826796551E-003
           9          15   2.3375073221319945E-002
           9          16   3.3264878878244176E-003
           9          17  -2.1990687890634159E-002
           9          18  -3.8266698048722014E-002
           9          19   2.3475919498479368E-003
           9          20  -1.5519419761998910E-002
           9          21  -2.3115196051501669E-002
          10           1   3.3203519549000391E-015
          10           2   5.7257672638486485E-015
          10           3  -1.3116580924731303E-015
          10           4  -2.3232906306895688E-015
          10           5   1.5228163403536250E-014
          10           6  -7.2902789845018083E-015
          10           7  0.57403472645027664     
          10           8   1.7658971252599797E-003
          10           9  -1.1500402167175677E-003
          10          10   1.0013663983941254     
          10          11   2.9007144904967374E-003
          10          12  -1.8890898419849688E-003
          10          13   2.8588705235227250E-002
          10          14  -4.0106279982874788E-003
          10          15   2.6119208339831787E-003
          10          16  -9.6242188883678872E-002
          10          17  -9.5308286960161075E-003
          10          18   6.2069506439097373E-003
          10          19  -6.1006533671628886E-002
          10          20  -6.7139308860733283E-003
          10          21   4.3724464016134060E-003
          11           1   3.5224339500766114E-015
          11           2   6.6515876739337615E-016
          11           3   2.6640579929143441E-014
          11           4   5.1060998915116672E-015
          11           5  -4.8256264606223017E-015
          11           6  -3.9477496907153080E-014
          11           7   1.7658971252627542E-003
          11           8  0.56262788841878442     
          11           9   7.6026657301610555E-003
          11          10   2.9007144904967374E-003
          11          11  0.98262919117300584     
          11          12   1.2488362053265784E-002
          11          13  -4.0106279982555096E-003
          11          14   5.4495414822106542E-002
          11          15  -1.7266840521907415E-002
          11          16  -9.5308286960451346E-003
          11          17  -3.4677663016906939E-002
          11          18  -4.1032800649198994E-002
          11          19  -6.7139308860825137E-003
          11          20  -1.7637799966609073E-002
          11          21  -2.8905292121922610E-002
          12           1  -1.0936701667236419E-014
          12           2  -2.3259044925692495E-014
          12           3   2.0851182767952276E-014
          12           4   1.8742416722075706E-014
          12           5  -5.9517010731168153E-015
          12           6  -1.3669791444678292E-014
          12           7  -1.1500402167186436E-003
          12           8   7.6026657301499984E-003
          12           9  0.56935061539276788     
          12          10  -1.8890898419849688E-003
          12          11   1.2488362053265784E-002
          12          12  0.99367213997734427     
          12          13   2.6119208339829567E-003
          12          14  -1.7266840521920044E-002
          12          15   3.9227052557704409E-002
          12          16   6.2069506439140932E-003
          12          17  -4.1032800649185200E-002
          12          18  -7.0961293726959279E-002
          12          19   4.3724464016046257E-003
          12          20  -2.8905292121904402E-002
          12          21  -4.3197569914708085E-002
          13           1   3.3639531176332256E-015
          13           2   3.9728892615861120E-015
          13           3   4.1880474456740544E-015
          13           4   9.7428323327561279E-015
          13           5  -9.9666329123941150E-015
          13           6  -6.7805723150597752E-015
          13           7   1.7650864035795414E-002
          13           8  -2.1580112898606438E-003
          13           9   1.4054045028380332E-003
          13          10   2.8588705235227250E-002
          13          11  -4.0106279982555096E-003
          13          12   2.6119208339829567E-003
          13          13   4.4182594593377783E-002
          13          14   4.2129530527045597E-003
          13          15  -2.7436849929363856E-003
          13          16  0.11203189341250688     
          13          17   1.1946921241960366E-002
          13          18  -7.7804305229639409E-003
          13          19   7.6873540098337217E-002
          13          20   8.1494315890106323E-003
          13          21  -5.3073160018355979E-003
          14           1   1.3579142710508077E-015
          14           2   2.4474952674512177E-015
          14           3   8.4666557519320211E-016
          14           4  -7.5840712093828914E-015
          14           5   3.2978367388345272E-015
          14           6   1.1388643494596874E-014
          14           7  -2.1580112898777698E-003
          14           8   3.1590569188176341E-002
          14           9  -9.2908234826796551E-003
          14          10  -4.0106279982874788E-003
          14          11   5.4495414822106542E-002
          14          12  -1.7266840521920044E-002
          14          13   4.2129530527045597E-003
          14          14   1.6968963390800250E-002
          14          15   1.8137904716363826E-002
          14          16   1.1946921241968925E-002
          14          17   3.4860582785753998E-002
          14          18   5.1434733886215125E-002
          14          19   8.1494315890748136E-003
          14          20   2.4232168831821294E-002
          14          21   3.5085511707822439E-002
          15           1   1.1689221986152342E-014
          15           2   1.9684760732972766E-014
          15           3  -3.3038552785022494E-015
          15           4  -1.3343197633162469E-014
          15           5  -2.5452104778116432E-015
          15           6   1.3197806908334196E-014
          15           7   1.4054045028349042E-003
          15           8  -9.2908234826725999E-003
          15           9   2.3375073221319945E-002
          15          10   2.6119208339831787E-003
          15          11  -1.7266840521907415E-002
          15          12   3.9227052557704409E-002
          15          13  -2.7436849929363856E-003
          15          14   1.8137904716363826E-002
          15          15   3.3007572166420578E-002
          15          16  -7.7804305229807885E-003
          15          17   5.1434733886133399E-002
          15          18   8.0342218464263288E-002
          15          19  -5.3073160018398758E-003
          15          20   3.5085511707762689E-002
          15          21   5.5256854691370920E-002
          16           1  -6.1223349975896553E-015
          16           2  -1.1916559897742678E-014
          16           3   6.7191696519773776E-015
          16           4   2.1138030664304394E-014
          16           5  -2.6685757987463427E-014
          16           6  -1.4535372391849023E-014
          16           7  -5.1815475275513487E-002
          16           8  -5.1078521543298384E-003
          16           9   3.3264878878244176E-003
          16          10  -9.6242188883678872E-002
          16          11  -9.5308286960451346E-003
          16          12   6.2069506439140932E-003
          16          13  0.11203189341250688     
          16          14   1.1946921241968925E-002
          16          15  -7.7804305229807885E-003
          16          16  0.31308816427930364     
          16          17   3.3250990890720609E-002
          16          18  -2.1654702429506921E-002
          16          19  0.21395956328570379     
          16          20   2.2727949443883542E-002
          16          21  -1.4801573392471181E-002
          17           1  -6.2519498353615359E-015
          17           2  -9.6748562206131527E-015
          17           3   4.8561234360622208E-015
          17           4  -1.2971936448826368E-014
          17           5   9.2251525511706845E-015
          17           6   3.6309009319848861E-014
          17           7  -5.1078521543100113E-003
          17           8  -1.8821230377490256E-002
          17           9  -2.1990687890634159E-002
          17          10  -9.5308286960161075E-003
          17          11  -3.4677663016906939E-002
          17          12  -4.1032800649185200E-002
          17          13   1.1946921241960366E-002
          17          14   3.4860582785753998E-002
          17          15   5.1434733886133399E-002
          17          16   3.3250990890720609E-002
          17          17   9.8302907500377470E-002
          17          18  0.14315452770406928     
          17          19   2.2727949444036274E-002
          17          20   6.7148044993526113E-002
          17          21   9.7849982246672365E-002
          18           1  -6.8409744185851200E-015
          18           2  -1.0572130326763612E-014
          18           3   8.9557592048674315E-015
          18           4  -1.8792612355688242E-014
          18           5   7.7645353651229327E-015
          18           6   4.7425224655114746E-014
          18           7   3.3264878878135323E-003
          18           8  -2.1990687890639047E-002
          18           9  -3.8266698048722014E-002
          18          10   6.2069506439097373E-003
          18          11  -4.1032800649198994E-002
          18          12  -7.0961293726959279E-002
          18          13  -7.7804305229639409E-003
          18          14   5.1434733886215125E-002
          18          15   8.0342218464263288E-002
          18          16  -2.1654702429506921E-002
          18          17  0.14315452770406928     
          18          18  0.22488861297295773     
          18          19  -1.4801573392449904E-002
          18          20   9.7849982246660416E-002
          18          21  0.15367279018902735     
          19           1  -3.9479103433013835E-015
          19           2  -7.2904701926205363E-015
          19           3   2.2827229344451902E-015
          19           4   1.0953389309488547E-014
          19           5  -1.3607770921955071E-014
          19           6  -5.7005946691210249E-015
          19           7  -3.2676932459638652E-002
          19           8  -3.6047486126357525E-003
          19           9   2.3475919498479368E-003
          19          10  -6.1006533671628886E-002
          19          11  -6.7139308860825137E-003
          19          12   4.3724464016046257E-003
          19          13   7.6873540098337217E-002
          19          14   8.1494315890748136E-003
          19          15  -5.3073160018398758E-003
          19          16  0.21395956328570379     
          19          17   2.2727949444036274E-002
          19          18  -1.4801573392449904E-002
          19          19  0.14624209776541000     
          19          20   1.5533031344745731E-002
          19          21  -1.0115884146221447E-002
          20           1  -9.0098622773960116E-015
          20           2  -1.2600192711489946E-014
          20           3  -3.8530149399419215E-015
          20           4  -2.3047621212949451E-014
          20           5   3.4617308588286665E-014
          20           6   5.0222774377546815E-014
          20           7  -3.6047486126300201E-003
          20           8  -9.3920066378888299E-003
          20           9  -1.5519419761998910E-002
          20          10  -6.7139308860733283E-003
          20          11  -1.7637799966609073E-002
          20          12  -2.8905292121904402E-002
          20          13   8.1494315890106323E-003
          20          14   2.4232168831821294E-002
          20          15   3.5085511707762689E-002
          20          16   2.2727949443883542E-002
          20          17   6.7148044993526113E-002
          20          18   9.7849982246660416E-002
          20          19   1.5533031344745731E-002
          20          20   4.5906257040844611E-002
          20          21   6.6873909811885013E-002
          21           1   6.0398004374664485E-015
          21           2   1.1602767544562561E-014
          21           3  -4.1689776145805530E-015
          21           4  -2.8494647180972848E-014
          21           5   2.4874427527900644E-014
          21           6   5.0504843515785121E-014
          21           7   2.3475919498470855E-003
          21           8  -1.5519419762007040E-002
          21           9  -2.3115196051501669E-002
          21          10   4.3724464016134060E-003
          21          11  -2.8905292121922610E-002
          21          12  -4.3197569914708085E-002
          21          13  -5.3073160018355979E-003
          21          14   3.5085511707822439E-002
          21          15   5.5256854691370920E-002
          21          16  -1.4801573392471181E-002
          21          17   9.7849982246672365E-002
          21          18  0.15367279018902735     
          21          19  -1.0115884146221447E-002
          21          20   6.6873909811885013E-002
          21          21  0.10504012578407397     
