           1           1  0.39061165448100688     
           1           2  0.63649109789501279     
           1           3 -0.19905013737038965     
           1           4 -0.13460575007402600     
           1           5   7.7009082067853035E-002
           1           6   1.4820239217019682E-002
           1           7   4.4117919010588648E-016
           1           8  -2.5712947147712153E-016
           1           9   3.1688183349820554E-015
           1          10   3.4282479177373127E-015
           1          11   2.4312786030550376E-015
           1          12   2.8088498578652630E-015
           1          13  -1.6265862909365461E-015
           1          14  -2.0740952768464122E-015
           1          15   6.1881300440956763E-016
           1          16   2.7199350219507227E-015
           1          17   2.9613616955745074E-015
           1          18  -7.3148083538304359E-017
           1          19  -3.7158843470707314E-016
           1          20  -1.6478585503387747E-015
           1          21   6.0661676104139340E-016
           2           1  0.63649109789501279     
           2           2   1.0726513224134657     
           2           3 -0.52348594426507522     
           2           4 -0.34177075084768183     
           2           5  0.21908500489906119     
           2           6   4.1262519477283363E-002
           2           7   2.0843412718330643E-015
           2           8   5.2260250744303516E-016
           2           9   6.8491880618121949E-015
           2          10   7.2182354997782373E-015
           2          11   5.4003752505823100E-015
           2          12   6.6112951765809388E-015
           2          13  -2.8251015464540862E-015
           2          14  -3.2476143746750255E-015
           2          15   1.3772590732886741E-015
           2          16   5.4161777914295501E-015
           2          17   4.5940641822522716E-015
           2          18  -3.4179607800748632E-016
           2          19  -1.1402701486811319E-015
           2          20  -2.5196096787818086E-015
           2          21   1.4658406755470857E-015
           3           1 -0.19905013737038965     
           3           2 -0.52348594426507522     
           3           3   1.2689928644354940     
           3           4  0.71704175377574519     
           3           5 -0.78036836897935036     
           3           6 -0.10484989322353006     
           3           7  -9.9600709713364968E-015
           3           8  -4.1912274616379669E-015
           3           9  -1.1752180195124796E-014
           3          10  -1.4860997918544725E-014
           3          11  -8.1071762182103034E-015
           3          12  -1.3277005947883171E-014
           3          13   7.5053498291876876E-016
           3          14  -7.2897274536087624E-017
           3          15  -2.3360567713245007E-015
           3          16  -7.2955979575655027E-015
           3          17   3.4473134473016277E-016
           3          18   1.7159974533620105E-015
           3          19   3.0281903465812298E-015
           3          20  -9.6856167685882164E-017
           3          21  -3.3926333584934929E-015
           4           1 -0.13460575007402600     
           4           2 -0.34177075084768183     
           4           3  0.71704175377574519     
           4           4  0.52479892568156916     
           4           5 -0.23598811478032186     
           4           6 -0.11806510214012769     
           4           7   1.6107689680780922E-015
           4           8  -1.6640414246482645E-015
           4           9  -6.0677089417509726E-015
           4          10   2.7049569375044766E-015
           4          11  -4.1283537469239334E-015
           4          12  -7.4818239388159827E-015
           4          13   2.3462965195135238E-015
           4          14   6.8481918415490022E-016
           4          15  -3.0429423108044228E-015
           4          16  -3.6471143675963497E-015
           4          17  -9.9942487654848099E-016
           4          18  -4.5910770644815880E-016
           4          19   1.9410374535780113E-015
           4          20   1.7055840978707426E-016
           4          21  -1.7946567902513816E-015
           5           1   7.7009082067853035E-002
           5           2  0.21908500489906119     
           5           3 -0.78036836897935036     
           5           4 -0.23598811478032186     
           5           5   1.7893532320067771     
           5           6  0.25905821496548148     
           5           7  -7.6581733564420572E-015
           5           8  -1.0679534894723166E-015
           5           9  -1.3292129717885863E-015
           5          10  -9.7400415298573614E-015
           5          11  -6.8480289724628052E-016
           5          12  -3.2372686403587157E-015
           5          13   6.8934399795401851E-015
           5          14   2.7124073449229109E-015
           5          15   2.9104970398928782E-015
           5          16   9.4620781255125944E-016
           5          17  -2.2062607108016305E-015
           5          18   9.2867935428339289E-016
           5          19  -1.0833772169341686E-016
           5          20   1.0548170310208692E-015
           5          21   3.6525866650951803E-015
           6           1   1.4820239217019682E-002
           6           2   4.1262519477283363E-002
           6           3 -0.10484989322353006     
           6           4 -0.11806510214012769     
           6           5  0.25905821496548148     
           6           6  0.16736514999343535     
           6           7   5.8820231636616078E-015
           6           8   1.6990143396043109E-015
           6           9  -4.4833522470927554E-017
           6          10   8.6552426680318561E-015
           6          11   2.1546822919295736E-015
           6          12  -1.1329493733618989E-016
           6          13  -2.6954194587685344E-016
           6          14  -1.7987871684187697E-016
           6          15   3.7347063153814554E-015
           6          16  -1.0288910807091834E-017
           6          17   1.1510795421067557E-016
           6          18   2.4656942867044827E-015
           6          19  -8.4000579627005897E-017
           6          20   4.7113583470804695E-017
           6          21   1.0598449639309891E-015
           7           1   4.4117919010588648E-016
           7           2   2.0843412718330643E-015
           7           3  -9.9600709713364968E-015
           7           4   1.6107689680780922E-015
           7           5  -7.6581733564420572E-015
           7           6   5.8820231636616078E-015
           7           7  0.47509048145569965     
           7           8  -6.4127520948143151E-003
           7           9  -2.0150088892396105E-002
           7          10  0.63112754417308836     
           7          11  -4.6738536844500994E-003
           7          12  -1.4686138777377802E-002
           7          13  -6.9195938884339475E-002
           7          14   2.4086446242069990E-002
           7          15   7.5684203242956022E-002
           7          16   2.1201353350940325E-002
           7          17   5.9452784824928183E-003
           7          18   1.8681197735993842E-002
           7          19  -1.4726201872606653E-002
           7          20   2.7474546120916168E-003
           7          21   8.6330258591347988E-003
           8           1  -2.5712947147712153E-016
           8           2   5.2260250744303516E-016
           8           3  -4.1912274616379669E-015
           8           4  -1.6640414246482645E-015
           8           5  -1.0679534894723166E-015
           8           6   1.6990143396043109E-015
           8           7  -6.4127520948143151E-003
           8           8  0.51111053169552290     
           8           9  -3.4803563041179812E-003
           8          10  -4.6738536844485104E-003
           8          11  0.65738030461601427     
           8          12  -2.5366139053106104E-003
           8          13   2.4086446242067461E-002
           8          14 -0.20448808661151635     
           8          15   1.3072299347277017E-002
           8          16   5.9452784824973052E-003
           8          17  -1.2192925184358799E-002
           8          18   3.2266470215260605E-003
           8          19   2.7474546120938880E-003
           8          20  -3.0158492361521412E-002
           8          21   1.4911103436102944E-003
           9           1   3.1688183349820554E-015
           9           2   6.8491880618121949E-015
           9           3  -1.1752180195124796E-014
           9           4  -6.0677089417509726E-015
           9           5  -1.3292129717885863E-015
           9           6  -4.4833522470927554E-017
           9           7  -2.0150088892396105E-002
           9           8  -3.4803563041179812E-003
           9           9  0.50128221011008445     
           9          10  -1.4686138777376595E-002
           9          11  -2.5366139053103207E-003
           9          12  0.65021705608044855     
           9          13   7.5684203242958964E-002
           9          14   1.3072299347280230E-002
           9          15 -0.16757268180147672     
           9          16   1.8681197735989960E-002
           9          17   3.2266470215283867E-003
           9          18  -3.0810636966018597E-003
           9          19   8.6330258591381052E-003
           9          20   1.4911103436064626E-003
           9          21  -2.5947684416532085E-002
          10           1   3.4282479177373127E-015
          10           2   7.2182354997782373E-015
          10           3  -1.4860997918544725E-014
          10           4   2.7049569375044766E-015
          10           5  -9.7400415298573614E-015
          10           6   8.6552426680318561E-015
          10           7  0.63112754417308836     
          10           8  -4.6738536844485104E-003
          10           9  -1.4686138777376595E-002
          10          10  0.85542314907187511     
          10          11  -3.3801967551133805E-003
          10          12  -1.0621222226735441E-002
          10          13  -5.9306148155732347E-002
          10          14   1.7598820468739947E-002
          10          15   5.5298846986659378E-002
          10          16   3.3532055407958249E-002
          10          17   4.2503155247251038E-003
          10          18   1.3355301184241447E-002
          10          19  -1.5886520204929311E-002
          10          20   2.0128644592684584E-003
          10          21   6.3248036387312592E-003
          11           1   2.4312786030550376E-015
          11           2   5.4003752505823100E-015
          11           3  -8.1071762182103034E-015
          11           4  -4.1283537469239334E-015
          11           5  -6.8480289724628052E-016
          11           6   2.1546822919295736E-015
          11           7  -4.6738536844500994E-003
          11           8  0.65738030461601427     
          11           9  -2.5366139053103207E-003
          11          10  -3.3801967551133805E-003
          11          11  0.87440951485274321     
          11          12  -1.8345148715354816E-003
          11          13   1.7598820468736637E-002
          11          14 -0.15815768460706317     
          11          15   9.5513072793824705E-003
          11          16   4.2503155247308605E-003
          11          17   9.6582838237238618E-003
          11          18   2.3067494598942848E-003
          11          19   2.0128644592722639E-003
          11          20  -2.7192661137547310E-002
          11          21   1.0924304271650745E-003
          12           1   2.8088498578652630E-015
          12           2   6.6112951765809388E-015
          12           3  -1.3277005947883171E-014
          12           4  -7.4818239388159827E-015
          12           5  -3.2372686403587157E-015
          12           6  -1.1329493733618989E-016
          12           7  -1.4686138777377802E-002
          12           8  -2.5366139053106104E-003
          12           9  0.65021705608044855     
          12          10  -1.0621222226735441E-002
          12          11  -1.8345148715354816E-003
          12          12  0.86922895271097689     
          12          13   5.5298846986664797E-002
          12          14   9.5513072793865401E-003
          12          15 -0.13118535439056964     
          12          16   1.3355301184234065E-002
          12          17   2.3067494598972478E-003
          12          18   1.6172408680059831E-002
          12          19   6.3248036387372510E-003
          12          20   1.0924304271593120E-003
          12          21  -2.4107701837408395E-002
          13           1  -1.6265862909365461E-015
          13           2  -2.8251015464540862E-015
          13           3   7.5053498291876876E-016
          13           4   2.3462965195135238E-015
          13           5   6.8934399795401851E-015
          13           6  -2.6954194587685344E-016
          13           7  -6.9195938884339475E-002
          13           8   2.4086446242067461E-002
          13           9   7.5684203242958964E-002
          13          10  -5.9306148155732347E-002
          13          11   1.7598820468736637E-002
          13          12   5.5298846986664797E-002
          13          13  0.17426739293959093     
          13          14  -9.0637444851998136E-002
          13          15 -0.28480012072591671     
          13          16   4.0236467527610335E-002
          13          17  -2.2815225918479620E-002
          13          18  -7.1689786782735285E-002
          13          19   2.0215412410040740E-002
          13          20  -1.0311810462299063E-002
          13          21  -3.2401673164564999E-002
          14           1  -2.0740952768464122E-015
          14           2  -3.2476143746750255E-015
          14           3  -7.2897274536087624E-017
          14           4   6.8481918415490022E-016
          14           5   2.7124073449229109E-015
          14           6  -1.7987871684187697E-016
          14           7   2.4086446242069990E-002
          14           8 -0.20448808661151635     
          14           9   1.3072299347280230E-002
          14          10   1.7598820468739947E-002
          14          11 -0.15815768460706317     
          14          12   9.5513072793865401E-003
          14          13  -9.0637444851998136E-002
          14          14  0.68337257413945607     
          14          15  -4.9191142573299179E-002
          14          16  -2.2815225918478864E-002
          14          17  0.16838824568408606     
          14          18  -1.2382377204372109E-002
          14          19  -1.0311810462299599E-002
          14          20   7.8136243502312963E-002
          14          21  -5.5964699740609211E-003
          15           1   6.1881300440956763E-016
          15           2   1.3772590732886741E-015
          15           3  -2.3360567713245007E-015
          15           4  -3.0429423108044228E-015
          15           5   2.9104970398928782E-015
          15           6   3.7347063153814554E-015
          15           7   7.5684203242956022E-002
          15           8   1.3072299347277017E-002
          15           9 -0.16757268180147672     
          15          10   5.5298846986659378E-002
          15          11   9.5513072793824705E-003
          15          12 -0.13118535439056964     
          15          13 -0.28480012072591671     
          15          14  -4.9191142573299179E-002
          15          15  0.54445967955833696     
          15          16  -7.1689786782738019E-002
          15          17  -1.2382377204371443E-002
          15          18  0.13342114044371378     
          15          19  -3.2401673164563903E-002
          15          20  -5.5964699740618630E-003
          15          21   6.2332141323252349E-002
          16           1   2.7199350219507227E-015
          16           2   5.4161777914295501E-015
          16           3  -7.2955979575655027E-015
          16           4  -3.6471143675963497E-015
          16           5   9.4620781255125944E-016
          16           6  -1.0288910807091834E-017
          16           7   2.1201353350940325E-002
          16           8   5.9452784824973052E-003
          16           9   1.8681197735989960E-002
          16          10   3.3532055407958249E-002
          16          11   4.2503155247308605E-003
          16          12   1.3355301184234065E-002
          16          13   4.0236467527610335E-002
          16          14  -2.2815225918478864E-002
          16          15  -7.1689786782738019E-002
          16          16   1.3374988797434428E-002
          16          17  -5.7502599807893627E-003
          16          18  -1.8068412447067382E-002
          16          19   4.0844207932064407E-003
          16          20  -2.5938688884619143E-003
          16          21  -8.1504302530529156E-003
          17           1   2.9613616955745074E-015
          17           2   4.5940641822522716E-015
          17           3   3.4473134473016277E-016
          17           4  -9.9942487654848099E-016
          17           5  -2.2062607108016305E-015
          17           6   1.1510795421067557E-016
          17           7   5.9452784824928183E-003
          17           8  -1.2192925184358799E-002
          17           9   3.2266470215283867E-003
          17          10   4.2503155247251038E-003
          17          11   9.6582838237238618E-003
          17          12   2.3067494598972478E-003
          17          13  -2.2815225918479620E-002
          17          14  0.16838824568408606     
          17          15  -1.2382377204371443E-002
          17          16  -5.7502599807893627E-003
          17          17   4.5673859912418215E-002
          17          18  -3.1208057443634228E-003
          17          19  -2.5938688884620926E-003
          17          20   1.8654029332209082E-002
          17          21  -1.4077556413589294E-003
          18           1  -7.3148083538304359E-017
          18           2  -3.4179607800748632E-016
          18           3   1.7159974533620105E-015
          18           4  -4.5910770644815880E-016
          18           5   9.2867935428339289E-016
          18           6   2.4656942867044827E-015
          18           7   1.8681197735993842E-002
          18           8   3.2266470215260605E-003
          18           9  -3.0810636966018597E-003
          18          10   1.3355301184241447E-002
          18          11   2.3067494598942848E-003
          18          12   1.6172408680059831E-002
          18          13  -7.1689786782735285E-002
          18          14  -1.2382377204372109E-002
          18          15  0.13342114044371378     
          18          16  -1.8068412447067382E-002
          18          17  -3.1208057443634228E-003
          18          18   3.6860887968760504E-002
          18          19  -8.1504302530524732E-003
          18          20  -1.4077556413594748E-003
          18          21   1.4678610165786957E-002
          19           1  -3.7158843470707314E-016
          19           2  -1.1402701486811319E-015
          19           3   3.0281903465812298E-015
          19           4   1.9410374535780113E-015
          19           5  -1.0833772169341686E-016
          19           6  -8.4000579627005897E-017
          19           7  -1.4726201872606653E-002
          19           8   2.7474546120938880E-003
          19           9   8.6330258591381052E-003
          19          10  -1.5886520204929311E-002
          19          11   2.0128644592722639E-003
          19          12   6.3248036387372510E-003
          19          13   2.0215412410040740E-002
          19          14  -1.0311810462299599E-002
          19          15  -3.2401673164563903E-002
          19          16   4.0844207932064407E-003
          19          17  -2.5938688884620926E-003
          19          18  -8.1504302530524732E-003
          19          19   2.4460145449958694E-003
          19          20  -1.1733655118930579E-003
          19          21  -3.6869379977389231E-003
          20           1  -1.6478585503387747E-015
          20           2  -2.5196096787818086E-015
          20           3  -9.6856167685882164E-017
          20           4   1.7055840978707426E-016
          20           5   1.0548170310208692E-015
          20           6   4.7113583470804695E-017
          20           7   2.7474546120916168E-003
          20           8  -3.0158492361521412E-002
          20           9   1.4911103436064626E-003
          20          10   2.0128644592684584E-003
          20          11  -2.7192661137547310E-002
          20          12   1.0924304271593120E-003
          20          13  -1.0311810462299063E-002
          20          14   7.8136243502312963E-002
          20          15  -5.5964699740618630E-003
          20          16  -2.5938688884619143E-003
          20          17   1.8654029332209082E-002
          20          18  -1.4077556413594748E-003
          20          19  -1.1733655118930579E-003
          20          20   9.0367394106570832E-003
          20          21  -6.3681396006233992E-004
          21           1   6.0661676104139340E-016
          21           2   1.4658406755470857E-015
          21           3  -3.3926333584934929E-015
          21           4  -1.7946567902513816E-015
          21           5   3.6525866650951803E-015
          21           6   1.0598449639309891E-015
          21           7   8.6330258591347988E-003
          21           8   1.4911103436102944E-003
          21           9  -2.5947684416532085E-002
          21          10   6.3248036387312592E-003
          21          11   1.0924304271650745E-003
          21          12  -2.4107701837408395E-002
          21          13  -3.2401673164564999E-002
          21          14  -5.5964699740609211E-003
          21          15   6.2332141323252349E-002
          21          16  -8.1504302530529156E-003
          21          17  -1.4077556413589294E-003
          21          18   1.4678610165786957E-002
          21          19  -3.6869379977389231E-003
          21          20  -6.3681396006233992E-004
          21          21   7.2384142270102165E-003
