           1           1   2.2237757636421036     
           1           2 -0.33741268379927869     
           1           3 -0.43544053102666280     
           1           4 -0.79774445371490266     
           1           5   4.2717741710099122E-002
           1           6   4.8953916967748555E-002
           1           7   4.3023792533816723E-013
           1           8  -9.0310657586503237E-014
           1           9  -2.7528928126236158E-013
           1          10  -3.0564979060338182E-013
           1          11  -3.4572211847018304E-014
           1          12   1.5874027822506154E-013
           1          13  -2.0199472706819766E-013
           1          14  -7.5501194734543799E-014
           1          15  -4.7356299033313195E-014
           1          16   2.4365916716844104E-013
           1          17   2.7233481083881312E-014
           1          18   1.1722754942494372E-013
           1          19   2.6978433016272484E-014
           1          20  -7.6799438829005556E-015
           1          21   2.3979059482396611E-015
           1          22  0.30568403435535729     
           1          23   2.7731039721579345E-014
           1          24  0.30568403435532088     
           1          25   3.4507105478209712E-015
           1          26   4.0061054857564560E-015
           1          27  0.30568403435532199     
           1          28  0.25691930288999515     
           1          29  -1.4325822507805105E-014
           1          30  0.25691930289000703     
           1          31   4.2497005665313789E-015
           1          32  -2.7509381294336340E-014
           1          33  0.25691930289002507     
           1          34  -1.8895555461499423E-002
           1          35   1.5392977612479052E-014
           1          36  -1.8895555461492068E-002
           1          37  -1.3872377057671891E-014
           1          38  -2.5893346963335488E-014
           1          39  -1.8895555461475332E-002
           1          40   1.9995075056829560E-013
           1          41   1.5143523738470145E-014
           1          42   1.1561758798348044E-013
           1          43   7.0173209640631671E-014
           1          44  -2.9652461571321110E-014
           1          45  -1.3107471696280052E-014
           1          46  -3.9073427233126307E-014
           1          47   1.0251181913657282E-013
           1          48   6.6225600021433565E-015
           1          49  -4.7030071453092443E-014
           1          50  -1.1296818369327557E-013
           1          51  -1.8034921861552766E-015
           1          52  -3.6245018143902401E-014
           1          53  -1.9114135944619740E-014
           1          54  -3.2022019980976236E-014
           1          55  -1.7065227121979446E-014
           1          56  -8.4169275793504469E-015
           1          57  -5.8744170701944568E-014
           1          58   1.4360688047063048E-014
           1          59  -6.9178808430770184E-014
           2           1 -0.33741268379927869     
           2           2  0.85564822039207977     
           2           3  0.75388780590870741     
           2           4   1.0959676502698470     
           2           5  -4.6983359731525363E-002
           2           6  -3.0650411474814503E-002
           2           7  -6.0110274894772681E-013
           2           8   1.1698465150324587E-013
           2           9   3.5643590246354056E-013
           2          10   4.7520886616040820E-013
           2          11  -7.8350323990095246E-014
           2          12  -2.7359268583462843E-013
           2          13   1.6404017727193170E-013
           2          14  -5.9511800011568937E-014
           2          15  -1.1926508682960167E-013
           2          16  -1.8059924331224296E-013
           2          17   8.1924662488681344E-014
           2          18   1.3453204161693097E-013
           2          19  -1.3733646541292007E-014
           2          20   2.8447861736779781E-015
           2          21   1.3210805846958840E-014
           2          22 -0.71499708543427709     
           2          23   1.2128175092840795E-014
           2          24 -0.71499708543420404     
           2          25  -4.1941536732772996E-015
           2          26   3.0661912618676858E-015
           2          27 -0.71499708543416551     
           2          28 -0.38404125595645655     
           2          29   5.6508970948264176E-015
           2          30 -0.38404125595645777     
           2          31  -1.1896710723376154E-015
           2          32   3.0640607792086055E-015
           2          33 -0.38404125595646510     
           2          34   1.1435564593986428E-002
           2          35  -1.8445233812603488E-016
           2          36   1.1435564593985131E-002
           2          37  -8.1699894104081347E-016
           2          38   2.5637272136783247E-015
           2          39   1.1435564593983372E-002
           2          40  -2.9277688698384708E-013
           2          41   2.0419654386890087E-014
           2          42  -1.2883078157026898E-013
           2          43   5.7714986037440398E-014
           2          44   7.9159747361175600E-014
           2          45   1.7069560777379843E-015
           2          46   7.6648821922862004E-014
           2          47  -1.2897337120908753E-013
           2          48   2.4971303594360148E-014
           2          49   1.7095645780442770E-013
           2          50   8.5955164579821708E-014
           2          51  -1.8176867442559157E-014
           2          52   3.8713770050604736E-014
           2          53  -3.6480328126101792E-014
           2          54  -2.6531910228676430E-014
           2          55  -1.5593442203967927E-016
           2          56  -2.9783319215172776E-014
           2          57   3.7454766357944835E-014
           2          58  -1.7579062268891120E-014
           2          59  -6.8870871505501502E-014
           3           1 -0.43544053102666280     
           3           2  0.75388780590870741     
           3           3  0.78002943963908866     
           3           4   1.1321057263695049     
           3           5  -5.8908425853195237E-002
           3           6  -6.3565842466287215E-002
           3           7  -1.2840675294016534E-012
           3           8   3.0534047661912200E-013
           3           9   7.2621175090800419E-013
           3          10   1.0146412250697496E-012
           3          11  -2.3032256636014328E-013
           3          12  -5.6467816093774029E-013
           3          13   3.6895478639272019E-013
           3          14  -1.3356292070039132E-013
           3          15  -2.2457898756702883E-013
           3          16  -4.1007889037569872E-013
           3          17   1.7625566357203609E-013
           3          18   2.4872194731786135E-013
           3          19  -2.6986117448440460E-014
           3          20   8.6921374728412882E-015
           3          21   2.0349336747095636E-014
           3          22 -0.49338133461687106     
           3          23  -2.4521581066157993E-015
           3          24 -0.49338133461684741     
           3          25   1.4677315396001095E-015
           3          26   3.0359772661765075E-016
           3          27 -0.49338133461682010     
           3          28 -0.36940491345462151     
           3          29   5.8085549406433997E-015
           3          30 -0.36940491345461918     
           3          31  -1.0847963099057988E-015
           3          32   3.8726797382161493E-015
           3          33 -0.36940491345462667     
           3          34   2.4489234464094914E-002
           3          35  -1.3574007604207455E-015
           3          36   2.4489234464091715E-002
           3          37   3.3758084848133508E-016
           3          38   3.7988998666251831E-015
           3          39   2.4489234464088988E-002
           3          40  -6.2472244527959931E-013
           3          41   6.3393641256000323E-014
           3          42  -2.7884063342155263E-013
           3          43   1.5472894062296687E-013
           3          44   1.5921005691026650E-013
           3          45   2.5614360232829523E-015
           3          46   1.5641315087860176E-013
           3          47  -2.7818981598909169E-013
           3          48   6.8866055059190087E-014
           3          49   3.4780226236700238E-013
           3          50   1.9268556352860053E-013
           3          51  -3.8702997420510054E-014
           3          52   8.5747158756535791E-014
           3          53  -8.0659639776944614E-014
           3          54  -4.9842060017409883E-014
           3          55   7.9341655528632063E-016
           3          56  -5.4632714645131641E-014
           3          57   8.4845255981463417E-014
           3          58  -3.8423671605709040E-014
           3          59  -1.2186830853667522E-013
           4           1 -0.79774445371490266     
           4           2   1.0959676502698470     
           4           3   1.1321057263695049     
           4           4   1.6575935279153156     
           4           5  -8.5642057575421648E-002
           4           6  -9.1234906713785716E-002
           4           7  -6.2022560719785181E-013
           4           8  -2.2880247584413060E-014
           4           9   3.4380415006493447E-013
           4          10   4.9182773306439648E-013
           4          11   4.1087291379869601E-014
           4          12  -2.5647896307502173E-013
           4          13   1.7208083845911858E-013
           4          14  -4.2935724771560433E-014
           4          15  -1.0318163589051050E-013
           4          16  -1.9120813848216231E-013
           4          17   9.0251201224245853E-014
           4          18   1.0712336154198299E-013
           4          19  -1.8564559788390610E-014
           4          20   4.5662128463977384E-015
           4          21   1.5950400464520916E-014
           4          22 -0.73563835362223595     
           4          23   2.0852445989479097E-014
           4          24 -0.73563835362219743     
           4          25  -6.1570887895959772E-015
           4          26   4.7788740309422955E-015
           4          27 -0.73563835362218288     
           4          28 -0.54245755861885558     
           4          29   1.0540754708115129E-014
           4          30 -0.54245755861885381     
           4          31  -2.2363641364520030E-015
           4          32   7.9708791396989368E-015
           4          33 -0.54245755861886691     
           4          34   3.5125535532352078E-002
           4          35  -3.2031151797340694E-015
           4          36   3.5125535532347082E-002
           4          37   1.6078808139582678E-015
           4          38   7.4876956292119956E-015
           4          39   3.5125535532341906E-002
           4          40  -3.0319408436689549E-013
           4          41  -1.2030724161240959E-014
           4          42  -1.3698834029967927E-013
           4          43  -1.1878160102680002E-014
           4          44   7.4474955246260925E-014
           4          45   4.6751725085729870E-015
           4          46   7.1381306734589294E-014
           4          47  -1.3499407034530090E-013
           4          48  -3.6668888780758627E-015
           4          49   1.5348622515913246E-013
           4          50   9.2250016724099548E-014
           4          51  -2.2014051133723247E-014
           4          52   3.9471099856453820E-014
           4          53  -3.9772261108584590E-014
           4          54  -1.9145908156789138E-014
           4          55   2.5268062903886556E-015
           4          56  -2.7815206055283678E-014
           4          57   4.0128547026839400E-014
           4          58  -2.3000039656415150E-014
           4          59  -5.7600637621138961E-014
           5           1   4.2717741710099122E-002
           5           2  -4.6983359731525363E-002
           5           3  -5.8908425853195237E-002
           5           4  -8.5642057575421648E-002
           5           5   5.2339717905160212E-003
           5           6   7.2005963147330687E-003
           5           7   1.4650510700375193E-013
           5           8   3.7098782155438130E-014
           5           9  -1.0037608386613656E-013
           5          10  -1.1568600614921286E-013
           5          11  -2.9746461429554402E-014
           5          12   7.8393525418468809E-014
           5          13  -4.2906235349254881E-014
           5          14  -6.7698698534113727E-015
           5          15   2.9898372831250542E-014
           5          16   4.7855416465634492E-014
           5          17   4.5974833350371744E-015
           5          18  -3.2861181817582252E-014
           5          19   3.0226483976352252E-015
           5          20   2.1511342776379122E-016
           5          21  -2.3494262330217994E-015
           5          22   1.8924112093489674E-002
           5          23   9.3055053706993572E-016
           5          24   1.8924112093491756E-002
           5          25  -4.1411065119977157E-016
           5          26   1.2476307851902712E-016
           5          27   1.8924112093491052E-002
           5          28   2.5898535034010569E-002
           5          29  -4.7351776811386292E-016
           5          30   2.5898535034010163E-002
           5          31   8.2746221693199144E-017
           5          32  -3.9156130711122416E-016
           5          33   2.5898535034010753E-002
           5          34  -2.8029272833285115E-003
           5          35   2.1534773698948716E-016
           5          36  -2.8029272833281216E-003
           5          37  -1.3740750830824371E-016
           5          38  -4.1300480524268885E-016
           5          39  -2.8029272833278223E-003
           5          40   7.1234796379195956E-014
           5          41   8.1337857722508513E-015
           5          42   3.1983275148976493E-014
           5          43   1.7244718771768009E-014
           5          44  -2.1826899330704593E-014
           5          45  -2.7278078041286990E-016
           5          46  -2.1619631492242964E-014
           5          47   3.1852734349237960E-014
           5          48   7.6542137908488328E-015
           5          49  -4.8016885885388998E-014
           5          50  -2.2397507450689544E-014
           5          51  -7.1594416398987001E-016
           5          52  -9.9075942362035467E-015
           5          53  -2.1828438145265993E-015
           5          54   6.6474218511473768E-015
           5          55  -1.5962370386733235E-016
           5          56   7.1514993988593873E-015
           5          57  -9.9087662933489277E-015
           5          58  -6.8378743748709727E-016
           5          59   1.5685615690055314E-014
           6           1   4.8953916967748555E-002
           6           2  -3.0650411474814503E-002
           6           3  -6.3565842466287215E-002
           6           4  -9.1234906713785716E-002
           6           5   7.2005963147330687E-003
           6           6   1.2664610221082909E-002
           6           7   3.0683694278718296E-014
           6           8  -1.5529624620890510E-013
           6           9   1.4769756014654691E-014
           6          10  -2.5236483381535629E-014
           6          11   1.2267998414846061E-013
           6          12  -1.1787249990332024E-014
           6          13  -8.2354128084405692E-015
           6          14   5.4210051390456601E-014
           6          15  -4.4989683624549013E-015
           6          16   9.1943683852294132E-015
           6          17  -6.5205593530811186E-014
           6          18   5.7566254128134873E-015
           6          19   1.0817381568590620E-015
           6          20  -3.5892517935425852E-015
           6          21  -4.7419328681443522E-016
           6          22  -1.8164547122922956E-002
           6          23  -4.1166336581538739E-015
           6          24  -1.8164547122912100E-002
           6          25   7.6856207975718785E-016
           6          26  -7.2444177834363021E-016
           6          27  -1.8164547122903999E-002
           6          28   2.3315922452049283E-002
           6          29  -7.7274943460422226E-016
           6          30   2.3315922452048249E-002
           6          31   1.4280808007529897E-016
           6          32  -4.5374712914825766E-016
           6          33   2.3315922452049109E-002
           6          34  -4.9702083507380083E-003
           6          35   3.4864620110508724E-016
           6          36  -4.9702083507373283E-003
           6          37  -2.6319911746237762E-016
           6          38  -4.9491601161356449E-016
           6          39  -4.9702083507369571E-003
           6          40   1.5320880562273690E-014
           6          41  -3.4095792527289265E-014
           6          42   7.1004415993216825E-015
           6          43  -7.7569647853276874E-014
           6          44   2.9808441066087380E-015
           6          45  -3.5584957174118437E-016
           6          46   3.2943022655038521E-015
           6          47   6.9033005051607342E-015
           6          48  -3.4702986477325129E-014
           6          49   7.7415430738513091E-015
           6          50  -4.5428783147939256E-015
           6          51   1.3904576728453249E-014
           6          52  -1.8789993382888243E-015
           6          53   3.0281322062020850E-014
           6          54  -1.3846427046530145E-015
           6          55  -2.3214375178683585E-016
           6          56  -7.3031505582995415E-016
           6          57  -1.8196250492543230E-015
           6          58   1.3904809923033307E-014
           6          59  -2.1067862101951720E-015
           7           1   4.3023792533816723E-013
           7           2  -6.0110274894772681E-013
           7           3  -1.2840675294016534E-012
           7           4  -6.2022560719785181E-013
           7           5   1.4650510700375193E-013
           7           6   3.0683694278718296E-014
           7           7   2.8198330983699336     
           7           8  -1.1102230245625395E-016
           7           9   9.1038288019155772E-015
           7          10  -2.2168764590045917     
           7          11  -1.6142642778054037E-013
           7          12  -6.1728400169085649E-014
           7          13 -0.83981452336438134     
           7          14   5.6163407258224026E-013
           7          15  -2.2937207688753886E-013
           7          16  0.93724403225225528     
           7          17  -7.5572881286233214E-013
           7          18   1.9706458687094494E-013
           7          19   4.9894984658869573E-002
           7          20  -7.8182252338798189E-014
           7          21   3.7161246302374013E-014
           7          22   4.2863301931952717E-013
           7          23   6.0212961652070348E-014
           7          24   2.4023364062882789E-013
           7          25   6.8794216566314990E-014
           7          26   4.8179227732111375E-015
           7          27   2.0348537592156536E-013
           7          28   1.4796106480540822E-013
           7          29  -6.9930256993024068E-014
           7          30   1.6092811057227691E-013
           7          31  -4.9231680826811182E-014
           7          32  -2.9817443015612484E-014
           7          33   1.6092322520192202E-013
           7          34  -7.9100858985047756E-014
           7          35   5.4024398649093160E-015
           7          36   9.2930650388153705E-014
           7          37  -1.1536070891592101E-014
           7          38   4.4982507748059894E-014
           7          39  -5.8160113900466977E-014
           7          40   1.3665363302966553     
           7          41  -7.6022521611197307E-014
           7          42  0.61113362565327012     
           7          43  -5.5844218138622819E-014
           7          44   2.1482815526479443E-014
           7          45   4.2455034635051905E-014
           7          46   1.2811973704172570E-013
           7          47  0.61113362565317808     
           7          48  -2.3175905639039828E-014
           7          49   7.8270723236034434E-014
           7          50 -0.43447334199998611     
           7          51   1.5111523143928925E-013
           7          52 -0.19430238542470826     
           7          53   3.7940484087783408E-013
           7          54   3.8025138593453279E-015
           7          55   9.0088652415542959E-015
           7          56  -4.7697956695454135E-014
           7          57 -0.19430238542473238     
           7          58   2.6632168692586081E-013
           7          59  -5.7093219041339057E-014
           8           1  -9.0310657586503237E-014
           8           2   1.1698465150324587E-013
           8           3   3.0534047661912200E-013
           8           4  -2.2880247584413060E-014
           8           5   3.7098782155438130E-014
           8           6  -1.5529624620890510E-013
           8           7  -1.1102230245625395E-016
           8           8   2.8198330983699007     
           8           9  -6.1062266354640873E-015
           8          10   5.4289905904126887E-014
           8          11  -2.2168764590044505     
           8          12   7.8270723237828752E-015
           8          13   6.4920291364942738E-014
           8          14 -0.83981452336456253     
           8          15   4.7059578456343277E-014
           8          16  -1.5903944827753792E-013
           8          17  0.93724403225230213     
           8          18   6.7723604501645061E-015
           8          19  -1.1799589083593500E-014
           8          20   4.9894984658855682E-002
           8          21   1.2091022627530692E-015
           8          22  -5.1261090432657939E-014
           8          23   8.4072018827592882E-014
           8          24   9.0625910776331793E-015
           8          25  -6.6686472673102353E-014
           8          26   1.5189861619062583E-014
           8          27  -7.8116351852655550E-014
           8          28   2.5354673175730033E-014
           8          29   3.2633387307751632E-014
           8          30   2.5264920536718514E-014
           8          31   1.7919189960651071E-014
           8          32   4.3580017496739866E-015
           8          33   1.4381870373831091E-014
           8          34   6.2656385441722041E-014
           8          35   1.1389566721772499E-017
           8          36   4.3436395265970676E-015
           8          37  -1.5671593565477078E-015
           8          38  -1.9106430401086879E-014
           8          39   6.5971992813693252E-014
           8          40  -5.8286708792797772E-014
           8          41  0.61113362565329254     
           8          42  -1.7097434579216950E-014
           8          43   1.3665363302966076     
           8          44   7.0499162063280914E-015
           8          45  -1.9324045663869205E-014
           8          46  -4.4200754167930798E-014
           8          47   4.0245584642769904E-015
           8          48  0.61113362565325680     
           8          49  -1.0103029524182859E-014
           8          50   8.9039886574930537E-014
           8          51 -0.19430238542470277     
           8          52   4.3756664958035694E-014
           8          53 -0.43447334199999105     
           8          54  -2.3245294578079200E-014
           8          55  -2.4052195215510577E-015
           8          56  -2.6888213877540624E-015
           8          57   4.2098269315001721E-014
           8          58 -0.19430238542473521     
           8          59  -1.6028844918002574E-014
           9           1  -2.7528928126236158E-013
           9           2   3.5643590246354056E-013
           9           3   7.2621175090800419E-013
           9           4   3.4380415006493447E-013
           9           5  -1.0037608386613656E-013
           9           6   1.4769756014654691E-014
           9           7   9.1038288019155772E-015
           9           8  -6.1062266354640873E-015
           9           9   2.8198330983699056     
           9          10   5.0515147620518624E-014
           9          11   8.5098594837693288E-014
           9          12  -2.2168764590044554     
           9          13  -4.9127368839640483E-014
           9          14  -3.2286673334875850E-013
           9          15 -0.83981452336429596     
           9          16  -4.0745185003770142E-014
           9          17   4.3837156127319399E-013
           9          18  0.93724403225199959     
           9          19  -7.2858385991038551E-015
           9          20   4.0958555991286196E-014
           9          21   4.9894984658825220E-002
           9          22  -2.8815813956174025E-013
           9          23  -1.7359459622351613E-013
           9          24  -1.7886563861255730E-013
           9          25  -5.0367052708384753E-015
           9          26  -2.5626836871147979E-014
           9          27  -2.1937025057748473E-014
           9          28  -8.2955697944408504E-014
           9          29   3.4012720924835737E-014
           9          30  -8.7405121020577725E-014
           9          31   3.1471495944062012E-014
           9          32   1.3969906068662331E-014
           9          33  -8.5123896102496925E-014
           9          34   2.9761574581611770E-014
           9          35  -2.2619751203918045E-015
           9          36  -5.7550492805828285E-014
           9          37   2.2037702269341874E-015
           9          38  -2.3206357570231800E-014
           9          39   2.6006424509113323E-014
           9          40  -2.2093438190079840E-014
           9          41   4.9543702473855353E-014
           9          42   8.3266726828992590E-017
           9          43   3.7303493627312559E-014
           9          44  0.61113362565324503     
           9          45  -2.7534907927543647E-014
           9          46  0.61113362565318963     
           9          47   4.4630965589912827E-014
           9          48   1.4016565685850208E-014
           9          49   1.3665363302965530     
           9          50   2.6229018956781304E-014
           9          51  -8.8928864272465169E-014
           9          52   1.4599432773826425E-014
           9          53  -2.1650736758969108E-013
           9          54 -0.19430238542466363     
           9          55  -2.8439338591346422E-015
           9          56 -0.19430238542463527     
           9          57   2.9601321394074093E-014
           9          58  -1.4770476508551082E-013
           9          59 -0.43447334199986920     
          10           1  -3.0564979060338182E-013
          10           2   4.7520886616040820E-013
          10           3   1.0146412250697496E-012
          10           4   4.9182773306439648E-013
          10           5  -1.1568600614921286E-013
          10           6  -2.5236483381535629E-014
          10           7  -2.2168764590045917     
          10           8   5.4289905904126887E-014
          10           9   5.0515147620518624E-014
          10          10   1.7428482690446097     
          10          11   8.4265927569343835E-014
          10          12   3.2196467709080191E-015
          10          13  0.66023944745272078     
          10          14  -4.5774495305287702E-013
          10          15   1.6317502904415457E-013
          10          16 -0.73683589026728447     
          10          17   6.1217697577822933E-013
          10          18  -1.3578027591151596E-013
          10          19  -3.9226086457593651E-002
          10          20   6.2427493729973709E-014
          10          21  -2.8197930101995048E-014
          10          22  -4.1950059307005372E-013
          10          23  -2.9406972231327014E-013
          10          24  -2.5877932990829987E-013
          10          25   1.8188726921233354E-014
          10          26  -4.7076722864902392E-014
          10          27   6.5748812085131682E-015
          10          28  -1.2084578355259065E-013
          10          29   4.3950238152153042E-014
          10          30  -1.3047669734788478E-013
          10          31   4.1934661961101645E-014
          10          32   2.1506978043326642E-014
          10          33  -1.1990472985158128E-013
          10          34   6.2778400346901769E-014
          10          35  -3.8187410326228158E-015
          10          36  -7.2490010809896595E-014
          10          37   8.9438269786616625E-015
          10          38  -3.5288848021778404E-014
          10          39   4.5882780885593283E-014
          10          40  -1.0743338755617891     
          10          41   7.1526118361404662E-014
          10          42 -0.48045671525738010     
          10          43   7.0166095156154052E-014
          10          44  -4.4408920983807950E-015
          10          45  -3.3376999122068434E-014
          10          46  -8.8234974881964207E-014
          10          47 -0.48045671525730771     
          10          48   2.9976021664807939E-014
          10          49  -3.3695268797103281E-014
          10          50  0.34157118181980484     
          10          51  -1.2254780523688905E-013
          10          52  0.15275527634081390     
          10          53  -3.0665747718923884E-013
          10          54  -6.9527716917438394E-015
          10          55  -7.0825260147108543E-015
          10          56   3.3528735343651013E-014
          10          57  0.15275527634083286     
          10          58  -2.1311424847068534E-013
          10          59   3.6026737149019876E-014
          11           1  -3.4572211847018304E-014
          11           2  -7.8350323990095246E-014
          11           3  -2.3032256636014328E-013
          11           4   4.1087291379869601E-014
          11           5  -2.9746461429554402E-014
          11           6   1.2267998414846061E-013
          11           7  -1.6142642778054037E-013
          11           8  -2.2168764590044505     
          11           9   8.5098594837693288E-014
          11          10   8.4265927569343835E-014
          11          11   1.7428482690444078     
          11          12  -6.9222405586572732E-014
          11          13  -2.9420910151662685E-015
          11          14  0.66023944745282881     
          11          15  -6.0909610688800094E-014
          11          16   7.1331829332059199E-014
          11          17 -0.73683589026728291     
          11          18   2.1344037648751647E-014
          11          19   6.4167421376331592E-015
          11          20  -3.9226086457580689E-002
          11          21   4.7011006200852787E-016
          11          22  -1.8971449108469944E-013
          11          23  -6.4873614694393106E-013
          11          24  -2.0736928673391501E-013
          11          25   2.2309468801097526E-013
          11          26  -1.1416595428060387E-013
          11          27   4.1956176568226261E-013
          11          28  -3.8300462503991296E-014
          11          29  -5.1695099645978551E-014
          11          30  -3.6899406981052368E-014
          11          31  -6.4600412046583204E-015
          11          32  -7.9947813102402853E-015
          11          33  -3.3875199938867258E-015
          11          34  -4.9151985947764969E-014
          11          35   1.0029459352634064E-015
          11          36  -3.3597864794211109E-015
          11          37   9.3565181957572220E-016
          11          38   1.5198495846460184E-014
          11          39  -5.2780117796719539E-014
          11          40  -3.2474023470441973E-014
          11          41 -0.48045671525737277     
          11          42  -2.1566082253414846E-014
          11          43  -1.0743338755616956     
          11          44   1.1851630788156943E-014
          11          45   1.5192041667189253E-014
          11          46   5.2152726582050832E-014
          11          47  -3.8191672047178863E-014
          11          48 -0.48045671525734468     
          11          49   4.6851411639820722E-014
          11          50  -4.5102810375349274E-014
          11          51  0.15275527634080160     
          11          52  -2.3266111259778574E-014
          11          53  0.34157118181979090     
          11          54   1.2743278654457483E-014
          11          55   1.8909184870363413E-015
          11          56  -3.4174052477422656E-015
          11          57  -2.1968538099746922E-014
          11          58  0.15275527634082714     
          11          59   2.4980018038335544E-016
          12           1   1.5874027822506154E-013
          12           2  -2.7359268583462843E-013
          12           3  -5.6467816093774029E-013
          12           4  -2.5647896307502173E-013
          12           5   7.8393525418468809E-014
          12           6  -1.1787249990332024E-014
          12           7  -6.1728400169085649E-014
          12           8   7.8270723237828752E-015
          12           9  -2.2168764590044554     
          12          10   3.2196467709080191E-015
          12          11  -6.9222405586572732E-014
          12          12   1.7428482690444127     
          12          13   5.4900528567559122E-014
          12          14   2.5293656058492069E-013
          12          15  0.66023944745261964     
          12          16   1.3877787807997999E-014
          12          17  -3.4365565948457476E-013
          12          18 -0.73683589026704543     
          12          19   4.7600812180889825E-015
          12          20  -3.2148762818525233E-014
          12          21  -3.9226086457556764E-002
          12          22   5.6912427941975319E-013
          12          23   1.1347854036148777E-012
          12          24   4.3219280853539608E-013
          12          25  -2.8846591432222229E-013
          12          26   1.9530016212356502E-013
          12          27  -6.4794374719914373E-013
          12          28   7.5966076513120675E-014
          12          29   1.7876972002388924E-014
          12          30   7.7184393806325405E-014
          12          31  -3.7811236313280492E-014
          12          32  -3.1547557297561946E-015
          12          33   3.2630916104549245E-014
          12          34  -2.3950662491116636E-014
          12          35   4.4491505280110095E-017
          12          36   4.4780310812980814E-014
          12          37  -1.2246751118123183E-015
          12          38   1.7940013668574345E-014
          12          39  -1.9248219650153733E-014
          12          40  -9.1038288016586294E-015
          12          41  -3.8288816561471805E-014
          12          42  -1.1907141938982704E-014
          12          43  -2.7866597917458971E-014
          12          44 -0.48045671525733574     
          12          45   2.1647199339814132E-014
          12          46 -0.48045671525729211     
          12          47  -4.6962433941518118E-014
          12          48  -1.0380585279955979E-014
          12          49  -1.0743338755616534     
          12          50  -1.2212453270958483E-014
          12          51   6.9704658711632776E-014
          12          52  -7.7021722333753401E-015
          12          53   1.6975310046503454E-013
          12          54  0.15275527634077096     
          12          55   2.2358238247957334E-015
          12          56  0.15275527634074865     
          12          57  -1.9505230763923167E-014
          12          58   1.1591769211165132E-013
          12          59  0.34157118181969526     
          13           1  -2.0199472706819766E-013
          13           2   1.6404017727193170E-013
          13           3   3.6895478639272019E-013
          13           4   1.7208083845911858E-013
          13           5  -4.2906235349254881E-014
          13           6  -8.2354128084405692E-015
          13           7 -0.83981452336438134     
          13           8   6.4920291364942738E-014
          13           9  -4.9127368839640483E-014
          13          10  0.66023944745272078     
          13          11  -2.9420910151662685E-015
          13          12   5.4900528567559122E-014
          13          13  0.25011708461094750     
          13          14  -1.8660073486385004E-013
          13          15   8.2142626034414566E-014
          13          16 -0.27913394969264155     
          13          17   2.4663604492045318E-013
          13          18  -7.4121264681493847E-014
          13          19  -1.4859933654862177E-002
          13          20   2.4432712797394210E-014
          13          21  -1.1888927342604608E-014
          13          22  -1.4917092089358922E-013
          13          23  -9.1338593528378681E-014
          13          24  -8.9310361435311148E-014
          13          25   1.0134689803397471E-015
          13          26  -1.4313893267160488E-014
          13          27  -8.0150359596759652E-015
          13          28  -4.1275458094061060E-014
          13          29   1.7546246232542288E-014
          13          30  -4.4969731864866014E-014
          13          31   1.5623363595385745E-014
          13          32   8.3047628238458759E-015
          13          33  -4.1824131962915768E-014
          13          34   2.3252418648419136E-014
          13          35  -1.4814901353714785E-015
          13          36  -2.7989241153294133E-014
          13          37   3.3983774037516429E-015
          13          38  -1.3374511606585918E-014
          13          39   1.6887062578675790E-014
          13          40 -0.40698758290042525     
          13          41   3.6699809857743508E-014
          13          42 -0.18201038027273184     
          13          43   4.8058779178413589E-014
          13          44  -1.6459056340031191E-014
          13          45  -1.2644136526045993E-014
          13          46  -4.8225312632118394E-014
          13          47 -0.18201038027270444     
          13          48   2.0962398483681841E-014
          13          49  -4.5852210916936078E-014
          13          50  0.12939667345460032     
          13          51  -4.9479517705281376E-014
          13          52   5.7867951581369224E-002
          13          53  -1.2299189444674411E-013
          13          54   2.0677903833555204E-015
          13          55  -2.6830580410101713E-015
          13          56   1.7406215357942472E-014
          13          57   5.7867951581376413E-002
          13          58  -8.3788878613150395E-014
          13          59   2.4168167467288489E-014
          14           1  -7.5501194734543799E-014
          14           2  -5.9511800011568937E-014
          14           3  -1.3356292070039132E-013
          14           4  -4.2935724771560433E-014
          14           5  -6.7698698534113727E-015
          14           6   5.4210051390456601E-014
          14           7   5.6163407258224026E-013
          14           8 -0.83981452336456253     
          14           9  -3.2286673334875850E-013
          14          10  -4.5774495305287702E-013
          14          11  0.66023944745282881     
          14          12   2.5293656058492069E-013
          14          13  -1.8660073486385004E-013
          14          14  0.25011708461105842     
          14          15   8.2676920864977091E-014
          14          16   2.3403501359095558E-013
          14          17 -0.27913394969271899     
