           1           1   2.1645487899801390     
           1           2 -0.11681356058311854     
           1           3 -0.57283422584778632     
           1           4  0.10092446502348347     
           1           5   8.4199111084739986E-002
           1           6   2.4128278819292249E-004
           1           7  -1.1711674937996159E-014
           1           8   6.9757164515963377E-015
           1           9   1.6936943933052741E-014
           1          10  -2.1816470092110023E-013
           1          11  -1.3689555846855183E-015
           1          12   3.9397225080363647E-015
           1          13   1.2811739619713275E-012
           1          14  -1.4769989460753780E-013
           1          15  -7.0198292338466487E-014
           1          16  -1.4599273398112088E-012
           1          17   8.3095956747453561E-014
           1          18   5.0023437140328583E-014
           1          19  -1.2449489512219005E-014
           1          20  -7.4057772583151224E-015
           1          21  -2.3613960010836910E-015
           1          22   1.7990860229387385E-003
           1          23  -2.7130553684595728E-015
           1          24   1.7990860229310213E-003
           1          25   4.4340631669598061E-015
           1          26  -3.3356904842743189E-015
           1          27   1.7990860229305070E-003
           1          28   8.0706819055805200E-003
           1          29  -3.8474310896720990E-015
           1          30   8.0706819055892196E-003
           1          31   2.3890829525230955E-016
           1          32  -1.0175902721809288E-015
           1          33   8.0706819055828237E-003
           1          34   1.4813958895210605E-003
           1          35  -3.5588726381390291E-016
           1          36   1.4813958895133410E-003
           1          37   2.1372944060891720E-015
           1          38  -1.6639737089315118E-015
           1          39   1.4813958895173326E-003
           1          40  -3.3717567515584591E-013
           1          41   1.6526732967248447E-014
           1          42  -1.4725582881190851E-013
           1          43   3.2060925540225007E-014
           1          44  -1.9658614277904950E-016
           1          45   1.9837993252261220E-015
           1          46   1.1330273750204866E-014
           1          47  -1.5760061707420186E-013
           1          48   1.9628946946161623E-014
           1          49   1.5813250138322361E-014
           1          50   6.6394143358890257E-013
           1          51  -1.3216480867187140E-014
           1          52   2.9457345876918593E-013
           1          53  -3.2240320396612059E-014
           1          54  -4.7192951103402050E-015
           1          55   5.1028411059646188E-015
           1          56  -1.7361813011130865E-014
           1          57   2.9208689057566153E-013
           1          58  -1.7945474669525886E-014
           1          59  -2.6257799719032085E-014
           2           1 -0.11681356058311854     
           2           2   5.7310763390779562E-002
           2           3  0.30631308644861088     
           2           4  -2.6920139365637459E-003
           2           5  -9.3628379448822442E-003
           2           6   1.8686668458067696E-003
           2           7  -4.6259061588383378E-015
           2           8  -1.5176819087906364E-014
           2           9  -9.3022538697490303E-015
           2          10  -1.8234917099517555E-014
           2          11   4.0047647732470557E-014
           2          12   9.3006484436174720E-015
           2          13   1.3627235885713999E-013
           2          14  -5.5700071396594726E-014
           2          15   1.0967324308121576E-014
           2          16  -1.5071985485244459E-013
           2          17   1.2283600612395866E-013
           2          18   1.3156142044213822E-014
           2          19  -4.1777761908363098E-015
           2          20   2.5098062325228497E-015
           2          21   2.0648029624639907E-015
           2          22  -2.8368710405061877E-003
           2          23   4.9486913619276070E-016
           2          24  -2.8368710405093809E-003
           2          25  -1.5245109596010770E-015
           2          26   5.6793090456808364E-017
           2          27  -2.8368710405082664E-003
           2          28  -3.4218707154562815E-003
           2          29   1.5419365199471796E-015
           2          30  -3.4218707154569303E-003
           2          31  -1.8577515602454047E-015
           2          32   9.2920163305263246E-016
           2          33  -3.4218707154575990E-003
           2          34  -9.4286259372796148E-004
           2          35   4.0160949202515043E-016
           2          36  -9.4286259372554587E-004
           2          37   1.6748294329582989E-015
           2          38   4.2672128481634206E-016
           2          39  -9.4286259372327761E-004
           2          40  -3.7187034867838543E-014
           2          41   1.0092437857655071E-014
           2          42  -1.6819167145407849E-014
           2          43   2.4011549867626958E-014
           2          44   7.5148631104370615E-016
           2          45   2.2641402218819152E-016
           2          46   1.5734833785323064E-015
           2          47  -1.3729386391534805E-014
           2          48   8.9791629036742672E-015
           2          49   7.2710970583558321E-016
           2          50   7.1528519477951619E-014
           2          51  -2.2403317505216406E-014
           2          52   3.2302160722706236E-014
           2          53  -5.1213819340690412E-014
           2          54  -3.6344178413880284E-015
           2          55  -1.8728594965477407E-015
           2          56   5.5055542302956198E-016
           2          57   3.1272851784404258E-014
           2          58  -2.1925849670945679E-014
           2          59  -3.8510814200622979E-015
           3           1 -0.57283422584778632     
           3           2  0.30631308644861088     
           3           3   2.2034147323785724     
           3           4 -0.71149788754396859     
           3           5 -0.55557520627780699     
           3           6  -2.3313973894968408E-003
           3           7  -2.2182737963407929E-014
           3           8  -5.2757193859805805E-014
           3           9  -8.0143942304579205E-014
           3          10  -1.1740265195587734E-013
           3          11   1.9703213162479364E-013
           3          12   1.1674393923222696E-013
           3          13   8.8052460914081812E-013
           3          14  -2.4745605692302228E-013
           3          15  -1.5397233834489995E-013
           3          16  -9.7310010918322287E-013
           3          17   5.7582347856143143E-013
           3          18   3.8142980176133097E-013
           3          19  -4.5847577621207493E-014
           3          20   3.8097969511555095E-014
           3          21   3.9691826084564985E-014
           3          22  -2.1713233935929652E-002
           3          23  -5.9881327772007342E-016
           3          24  -2.1713233935947433E-002
           3          25  -8.7098613600505546E-015
           3          26  -3.5687592032260208E-015
           3          27  -2.1713233935926127E-002
           3          28  -4.8312961104101507E-002
           3          29   1.4370680229548480E-014
           3          30  -4.8312961104099231E-002
           3          31  -5.8761707192134892E-015
           3          32   7.3695319175045238E-015
           3          33  -4.8312961104099002E-002
           3          34  -9.4166156589508172E-003
           3          35   1.5347787473780677E-014
           3          36  -9.4166156589458091E-003
           3          37  -1.6828330235535932E-015
           3          38  -1.5825116931674680E-014
           3          39  -9.4166156589370574E-003
           3          40  -2.4199811525789483E-013
           3          41   4.6996320550527126E-014
           3          42  -1.0844512980253225E-013
           3          43   1.1804388448323706E-013
           3          44   3.3106928988080723E-014
           3          45   5.1418463879688934E-015
           3          46   3.6839124388628681E-014
           3          47  -8.5297398679910014E-014
           3          48   4.0170105907859072E-014
           3          49   8.3522644904441256E-014
           3          50   4.7605497233132331E-013
           3          51  -1.2401499586255938E-013
           3          52   2.0764767309115760E-013
           3          53  -2.4384332793597373E-013
           3          54  -1.1177453348032290E-013
           3          55  -1.2036951244864285E-014
           3          56  -5.0631836601329362E-014
           3          57   2.0232892228156537E-013
           3          58  -1.0236830217117874E-013
           3          59  -1.5264913306687045E-013
           4           1  0.10092446502348347     
           4           2  -2.6920139365637459E-003
           4           3 -0.71149788754396859     
           4           4  0.87148200409083354     
           4           5  0.63199466807693305     
           4           6   1.5505784360972844E-002
           4           7  -9.8395394471706306E-014
           4           8   1.5698825314966024E-013
           4           9   1.9297741177114248E-013
           4          10   1.1593043382096099E-013
           4          11  -1.7251600068478601E-013
           4          12  -3.0900193260244025E-013
           4          13   5.2577219461614414E-014
           4          14  -2.9316939331085288E-013
           4          15   1.8096858986566100E-014
           4          16   1.8893091431690712E-013
           4          17  -9.3019036332962222E-014
           4          18  -6.2449334142842775E-013
           4          19   2.9224905419979090E-014
           4          20  -3.3792650352075378E-014
           4          21  -3.8753068043506224E-014
           4          22   7.9180849771784915E-003
           4          23   3.8537308723467644E-015
           4          24   7.9180849771783440E-003
           4          25   8.7699787177209994E-016
           4          26   4.5275026316352288E-015
           4          27   7.9180849771594269E-003
           4          28   3.7440008210584387E-002
           4          29  -7.7226725280802526E-015
           4          30   3.7440008210577913E-002
           4          31  -5.2262580574077323E-015
           4          32  -2.9479655319550857E-015
           4          33   3.7440008210572598E-002
           4          34   5.4296893954539679E-003
           4          35  -1.6332251710627446E-014
           4          36   5.4296893954634134E-003
           4          37   1.3552362686442627E-014
           4          38   2.2340917924286189E-014
           4          39   5.4296893954681943E-003
           4          40   3.1301990615337341E-014
           4          41   3.1359110638173677E-015
           4          42   1.3291943335615871E-014
           4          43   2.9489970684979774E-016
           4          44  -4.5199242860827723E-014
           4          45  -4.6786105172902167E-015
           4          46  -4.3327544030782606E-014
           4          47   4.5958297537999781E-015
           4          48   4.3421793652547611E-015
           4          49  -1.1791061016591487E-013
           4          50  -7.6459533362420571E-014
           4          51   2.0532475316347714E-014
           4          52  -2.5769878843295328E-014
           4          53  -3.2988787194750059E-015
           4          54   1.3532421857894513E-013
           4          55   2.7046603901270500E-015
           4          56   8.6759594049484763E-014
           4          57  -2.6326859432707534E-014
           4          58  -3.4517849327211277E-015
           4          59   2.0961935003767827E-013
           5           1   8.4199111084739986E-002
           5           2  -9.3628379448822442E-003
           5           3 -0.55557520627780699     
           5           4  0.63199466807693305     
           5           5  0.45928653718496149     
           5           6   1.0991903914770926E-002
           5           7   9.6448635188392422E-013
           5           8   2.0253278840328367E-012
           5           9   3.1113381559463261E-013
           5          10  -1.4010584703033747E-012
           5          11  -2.8223725965545182E-012
           5          12  -5.0346221524525334E-013
           5          13  -1.5587226799961903E-012
           5          14  -3.0571284230085916E-012
           5          15  -2.8206359945089886E-013
           5          16  -1.4423564515677487E-012
           5          17  -2.9841836764710446E-012
           5          18  -7.5386420257270193E-013
           5          19   8.1230902176262702E-017
           5          20  -6.4101120153829467E-014
           5          21  -3.2432341235946475E-014
           5          22   6.1161119273502630E-003
           5          23   2.7337213171640205E-015
           5          24   6.1161119273505987E-003
           5          25   8.3021266876578072E-016
           5          26   3.2822537732626811E-015
           5          27   6.1161119273367356E-003
           5          28   2.7585218577880200E-002
           5          29  -5.7973103820996143E-015
           5          30   2.7585218577875575E-002
           5          31  -3.5415565964260299E-015
           5          32  -2.2590054276792008E-015
           5          33   2.7585218577871818E-002
           5          34   4.0595330406704086E-003
           5          35  -1.1894163995867898E-014
           5          36   4.0595330406769502E-003
           5          37   9.5975302519031139E-015
           5          38   1.6144221754438561E-014
           5          39   4.0595330406801057E-003
           5          40  -1.0683304171981488E-013
           5          41  -1.0849477516554610E-013
           5          42  -4.8271717263980020E-014
           5          43  -2.4765449437053725E-013
           5          44  -4.4170336268937405E-014
           5          45  -3.4261706304679721E-015
           5          46  -4.2947745659545264E-014
           5          47  -5.4967959649065627E-014
           5          48  -1.0747815594445209E-013
           5          49  -1.1088580143761885E-013
           5          50   2.5213383320321410E-013
           5          51   2.7566274171884551E-013
           5          52   1.1882793992598309E-013
           5          53   5.8087703987242120E-013
           5          54   1.2521483607910762E-013
           5          55   2.2011245230219831E-015
           5          56   8.9471583876070370E-014
           5          57   1.1856730369394550E-013
           5          58   2.5821938527105873E-013
           5          59   2.1204123234825763E-013
           6           1   2.4128278819292249E-004
           6           2   1.8686668458067696E-003
           6           3  -2.3313973894968408E-003
           6           4   1.5505784360972844E-002
           6           5   1.0991903914770926E-002
           6           6   3.4285103724025648E-004
           6           7  -1.8000843918937726E-012
           6           8  -4.9702434989251346E-012
           6           9  -1.2150192562818283E-012
           6          10   2.6887244189212084E-012
           6          11   6.9244510300723412E-012
           6          12   1.7500531259378592E-012
           6          13   2.8513291535497758E-012
           6          14   7.3333542447256521E-012
           6          15   1.8595682350546527E-012
           6          16   2.8891455406840015E-012
           6          17   7.4658312017273423E-012
           6          18   1.8800003569456509E-012
           6          19   3.9507339901675531E-014
           6          20   1.0056039999475780E-013
           6          21   2.5008367943082129E-014
           6          22   4.0905333438357819E-005
           6          23   8.2910340696483741E-017
           6          24   4.0905333438230987E-005
           6          25  -3.3783986290294344E-017
           6          26   7.8360317921049292E-017
           6          27   4.0905333437934397E-005
           6          28   5.5191605040246644E-004
           6          29  -8.6444317002555239E-017
           6          30   5.5191605040233850E-004
           6          31  -1.5927753612336862E-016
           6          32  -2.0250626021829644E-017
           6          33   5.5191605040221241E-004
           6          34   6.4373539007686305E-005
           6          35  -2.7610345747776848E-016
           6          36   6.4373539007931416E-005
           6          37   3.0350509310650217E-016
           6          38   4.1012123942837681E-016
           6          39   6.4373539008102774E-005
           6          40   2.4302074903951228E-013
           6          41   2.8187441230214683E-013
           6          42   1.0866715878349645E-013
           6          43   6.3021694764206711E-013
           6          44   7.0538734315252480E-014
           6          45  -7.2577401309893611E-017
           6          46   7.0615623255063689E-014
           6          47   1.0861110555153660E-013
           6          48   2.8185964211797146E-013
           6          49   1.5741587058694629E-013
           6          50  -5.7310746667210637E-013
           6          51  -6.6369760039263767E-013
           6          52  -2.5614340024829898E-013
           6          53  -1.4849905497138180E-012
           6          54  -1.6576477167256084E-013
           6          55  -1.3081830680029974E-017
           6          56  -1.6649244351756616E-013
           6          57  -2.5619335231155557E-013
           6          58  -6.6411220142043051E-013
           6          59  -3.7217824671746181E-013
           7           1  -1.1711674937996159E-014
           7           2  -4.6259061588383378E-015
           7           3  -2.2182737963407929E-014
           7           4  -9.8395394471706306E-014
           7           5   9.6448635188392422E-013
           7           6  -1.8000843918937726E-012
           7           7   2.1152575414562031     
           7           8   5.7453851788971666E-014
           7           9   3.6201585078190351E-014
           7          10 -0.16897588357640975     
           7          11   2.4411354014597375E-014
           7          12  -2.6212186718041486E-014
           7          13 -0.24710048637944210     
           7          14  -7.0142748217778134E-013
           7          15  -2.5508618112755899E-013
           7          16 -0.22396970468187979     
           7          17   6.9252515234961148E-013
           7          18   2.4464128232969465E-013
           7          19  -3.1623918659416778E-003
           7          20   4.1589895174897937E-014
           7          21  -5.3858433673585919E-014
           7          22   2.6331268547216116E-014
           7          23  -5.9557053247474114E-015
           7          24   1.8865752254456277E-014
           7          25   6.0849397321800959E-017
           7          26   9.4790176423882271E-015
           7          27   1.6879675007574681E-015
           7          28  -1.0616471162440781E-014
           7          29   2.6770710590699425E-014
           7          30  -4.7444050845858656E-015
           7          31   1.6690209835354644E-014
           7          32   1.8706485771074217E-014
           7          33  -1.8762596616082842E-014
           7          34   5.4196192542617891E-013
           7          35  -1.1384877191818314E-013
           7          36   4.6809040051038912E-013
           7          37  -5.9707225010818381E-014
           7          38   2.0748100660864978E-014
           7          39   5.3492546773482203E-013
           7          40  -1.5323700450663454E-002
           7          41   6.7847059554196863E-014
           7          42  -6.8529671738696519E-003
           7          43   1.4833623322989698E-013
           7          44   2.6422286887860811E-014
           7          45   5.2566316045485027E-015
           7          46   2.1117435582720901E-014
           7          47  -6.8529671738708983E-003
           7          48   6.3350923966876312E-014
           7          49   5.6968692492608084E-014
           7          50   4.1409163514337904E-002
           7          51  -1.2341224640529183E-013
           7          52   1.8518740907771024E-002
           7          53  -3.3701472805492370E-013
           7          54  -9.6869845586829151E-014
           7          55  -2.9868033520936893E-014
           7          56  -2.5429751891476587E-014
           7          57   1.8518740907764585E-002
           7          58  -1.7513384676943328E-013
           7          59  -6.6926719293489492E-014
           8           1   6.9757164515963377E-015
           8           2  -1.5176819087906364E-014
           8           3  -5.2757193859805805E-014
           8           4   1.5698825314966024E-013
           8           5   2.0253278840328367E-012
           8           6  -4.9702434989251346E-012
           8           7   5.7453851788971666E-014
           8           8   2.1152575414563670     
           8           9   4.3895442836117127E-014
           8          10   1.4660949049834920E-013
           8          11 -0.16897588357572424     
           8          12   2.6659230378811571E-014
           8          13  -1.2223336356758860E-012
           8          14 -0.24710048638420559     
           8          15  -5.8902882571487680E-013
           8          16   1.5847724066202218E-012
           8          17 -0.22396970467533930     
           8          18   1.9025059305732839E-013
           8          19   9.7604373712205004E-014
           8          20  -3.1623918648797243E-003
           8          21   8.9953001644604846E-014
           8          22   9.0302997085557930E-015
           8          23  -2.5096183708527941E-014
           8          24   3.1406711512364155E-014
           8          25  -3.1524547492147230E-014
           8          26   2.7818966847519723E-014
           8          27   7.1776472960880762E-014
           8          28  -3.5784317924611453E-014
           8          29   7.6089948034297278E-014
           8          30   1.3795391866459147E-014
           8          31   7.0808591727810971E-014
           8          32   1.5556369467596641E-014
           8          33   1.6504352400159137E-013
           8          34   1.4308296452026710E-012
           8          35   9.6019719405751879E-014
           8          36   1.5165816078282718E-012
           8          37   7.6458788640438885E-014
           8          38  -1.5923183150314361E-013
           8          39   1.6551896614918491E-012
           8          40   2.7748932336223598E-013
           8          41  -6.8529671733866789E-003
           8          42   1.0573616889144417E-013
           8          43  -1.5323700449840195E-002
           8          44   1.0357253249493326E-013
           8          45   5.7136967070133493E-015
           8          46  -2.1374178468813732E-014
           8          47   2.0382056316288000E-013
           8          48  -6.8529671734429178E-003
           8          49   2.5491241062436387E-013
           8          50  -9.9323308028176870E-013
           8          51   1.8518740906090035E-002
           8          52  -2.4708584143832719E-013
           8          53   4.1409163510865418E-002
           8          54   1.7687934450449916E-013
           8          55   4.2944443547940992E-014
           8          56  -1.9034253340155516E-014
           8          57  -2.1820664104278166E-013
           8          58   1.8518740906265894E-002
           8          59  -1.6434423266709075E-013
           9           1   1.6936943933052741E-014
           9           2  -9.3022538697490303E-015
           9           3  -8.0143942304579205E-014
           9           4   1.9297741177114248E-013
           9           5   3.1113381559463261E-013
           9           6  -1.2150192562818283E-012
           9           7   3.6201585078190351E-014
           9           8   4.3895442836117127E-014
           9           9   2.1152575414562169     
           9          10   1.2626660513600368E-013
           9          11   2.5764113065207539E-013
           9          12 -0.16897588357638824     
           9          13  -9.9352169828821613E-013
           9          14  -1.8678739110988829E-012
           9          15 -0.24710048637964083     
           9          16   1.2384348104313436E-012
           9          17   2.7685909120833685E-012
           9          18 -0.22396970468193994     
           9          19   1.2579471863416534E-013
           9          20   6.5585471081819335E-013
           9          21  -3.1623918659011646E-003
           9          22  -5.8976471631235480E-015
           9          23  -1.5200163924857477E-014
           9          24   8.2314474117924779E-015
           9          25  -1.6152497789688674E-014
           9          26   4.0592160582935263E-015
           9          27   3.7035989056759169E-014
           9          28  -2.3488254611015712E-014
           9          29   4.6420347020021997E-014
           9          30  -3.6944684284808644E-014
           9          31   2.0377771304265435E-014
           9          32   2.1208327150496902E-014
           9          33   1.2086197407543102E-013
           9          34   3.1418550482103724E-013
           9          35   1.4607805678743908E-013
           9          36   4.0214660842878113E-013
           9          37   8.9094668425685735E-014
           9          38  -1.1056414919975381E-013
           9          39   4.5284710742608996E-013
           9          40   2.2853157117619458E-013
           9          41   1.8597688493382503E-013
           9          42   8.7716686009571250E-014
           9          43   2.4790065833446562E-013
           9          44  -6.8529671738194482E-003
           9          45  -1.0642758030942805E-014
           9          46  -6.8529671738923143E-003
           9          47   1.6973052746065858E-013
           9          48   1.5021469311482516E-013
           9          49  -1.5323700450553351E-002
           9          50  -7.4629121411568401E-013
           9          51  -8.0624222575931270E-013
           9          52  -2.1371103739215198E-013
           9          53  -1.5457982116551250E-012
           9          54   1.8518740907937106E-002
           9          55   4.6630390341219808E-014
           9          56   1.8518740907773903E-002
           9          57  -2.1406988459432216E-013
           9          58  -6.5066268345459477E-013
           9          59   4.1409163514330841E-002
          10           1  -2.1816470092110023E-013
          10           2  -1.8234917099517555E-014
          10           3  -1.1740265195587734E-013
          10           4   1.1593043382096099E-013
          10           5  -1.4010584703033747E-012
          10           6   2.6887244189212084E-012
          10           7 -0.16897588357640975     
          10           8   1.4660949049834920E-013
          10           9   1.2626660513600368E-013
          10          10  0.31079716177893968     
          10          11  -3.4716988398658666E-013
          10          12  -1.9286459094266378E-013
          10          13  0.32755119293092994     
          10          14  -2.2825128289175045E-013
          10          15  -3.6539740959525002E-014
          10          16  0.33373786330691235     
          10          17  -5.5927056605634129E-013
          10          18  -4.6460708544304730E-013
          10          19   4.5150337618146503E-003
          10          20  -4.2961316267160245E-014
          10          21   6.5826924091477983E-014
          10          22  -1.2837394246832586E-014
          10          23  -3.1855320056192700E-015
          10          24  -7.5151341763036703E-015
          10          25   4.4814962237022022E-015
          10          26  -1.4877038932816789E-014
          10          27  -9.5072753641906750E-016
          10          28   5.8251943704959027E-015
          10          29  -2.2227030526701000E-014
          10          30   3.9884067620059726E-017
          10          31  -1.8109932245109999E-014
          10          32  -2.1758051319829433E-014
          10          33   2.3699352703574621E-014
          10          34  -8.1238981687741822E-013
          10          35   1.4876691541983272E-013
          10          36  -7.1064566473897741E-013
          10          37   8.4995429863499415E-014
          10          38  -2.9241183307054488E-014
          10          39  -7.9672362671478553E-013
          10          40   2.8241257712840549E-002
          10          41  -2.2089561320241032E-014
          10          42   1.2629874401752611E-002
          10          43  -3.8208624564511733E-014
          10          44  -1.9178422159426460E-014
          10          45  -2.3511903089787440E-015
          10          46  -2.1893252964385376E-014
          10          47   1.2629874401750917E-002
          10          48  -2.0509240092087423E-014
          10          49  -5.2844172282104623E-014
          10          50  -6.6407214150996735E-002
          10          51   3.2139540323810473E-014
          10          52  -2.9698209015870496E-002
          10          53   1.5109478067581311E-013
          10          54   1.2396786613737276E-013
          10          55   4.4679132997605261E-014
          10          56   3.9393455945196942E-014
          10          57  -2.9698209015860996E-002
          10          58   1.0551377954410961E-013
          10          59   9.4557435476429544E-014
          11           1  -1.3689555846855183E-015
          11           2   4.0047647732470557E-014
          11           3   1.9703213162479364E-013
          11           4  -1.7251600068478601E-013
          11           5  -2.8223725965545182E-012
          11           6   6.9244510300723412E-012
          11           7   2.4411354014597375E-014
          11           8 -0.16897588357572424     
          11           9   2.5764113065207539E-013
          11          10  -3.4716988398658666E-013
          11          11  0.31079716177775452     
          11          12  -6.5192296005989192E-013
          11          13   2.3867151202443260E-012
          11          14  0.32755119293395901     
          11          15   1.4674650383739163E-012
          11          16  -3.0851903605640107E-012
          11          17  0.33373786330044175     
          11          18  -2.0491941477018827E-012
          11          19  -1.7378519667565024E-013
          11          20   4.5150337603629305E-003
          11          21  -1.3610304289840558E-013
          11          22  -2.2425184584743551E-014
          11          23   3.6176078022882220E-014
          11          24  -7.3164627454865636E-014
          11          25   3.4233346440019488E-014
          11          26  -3.8514181280851777E-014
          11          27  -9.6932293887075319E-014
          11          28   5.3096888210955752E-014
          11          29  -1.1864016410731912E-013
          11          30  -1.5429831745615780E-014
          11          31  -1.0334898657501067E-013
          11          32  -2.6346914537449742E-014
          11          33  -2.2333788261447405E-013
          11          34  -1.9921013930200860E-012
          11          35  -1.2662107928442862E-013
          11          36  -2.1062857321240016E-012
          11          37  -1.0537642593716606E-013
          11          38   2.1676889866513932E-013
          11          39  -2.3147783052340546E-012
          11          40  -5.6372600001648038E-013
          11          41   1.2629874401366941E-002
          11          42  -2.2522812658827681E-013
          11          43   2.8241257712368528E-002
          11          44  -3.0426052302634510E-013
          11          45  -8.3884167823773244E-015
          11          46  -1.2788988618117614E-013
          11          47  -3.6902670352281178E-013
          11          48   1.2629874401450414E-002
          11          49  -6.8726534879770540E-013
          11          50   1.7819737113851375E-012
          11          51  -2.9698209014160828E-002
          11          52   5.3227251572236442E-013
          11          53  -6.6407214147565258E-002
          11          54   6.6550064070636239E-014
          11          55  -5.7415049410562379E-014
          11          56   3.3215964700961109E-013
          11          57   4.9488999392098033E-013
          11          58  -2.9698209014402534E-002
          11          59   9.0744425862432365E-013
          12           1   3.9397225080363647E-015
          12           2   9.3006484436174720E-015
          12           3   1.1674393923222696E-013
          12           4  -3.0900193260244025E-013
          12           5  -5.0346221524525334E-013
          12           6   1.7500531259378592E-012
          12           7  -2.6212186718041486E-014
          12           8   2.6659230378811571E-014
          12           9 -0.16897588357638824     
          12          10  -1.9286459094266378E-013
          12          11  -6.5192296005989192E-013
          12          12  0.31079716177855599     
          12          13   1.3661861897849847E-012
          12          14   2.1191937094044988E-012
          12          15  0.32755119293181856     
          12          16  -1.6968823129395391E-012
          12          17  -4.0444175786191749E-012
          12          18  0.33373786330590494     
          12          19  -1.7908796216215754E-013
          12          20  -9.3308249581730562E-013
          12          21   4.5150337617250284E-003
          12          22   7.8228126592641948E-015
          12          23   2.3330329724383628E-014
          12          24  -1.4011029478375773E-014
          12          25   2.6329813270082455E-014
          12          26  -1.9837779646337071E-014
          12          27  -6.1650191584406124E-014
          12          28   3.4430735737709799E-014
          12          29  -7.2684879242634819E-014
          12          30   5.3857248283472938E-014
          12          31  -2.8680924444378665E-014
          12          32  -2.9603437616331195E-014
          12          33  -1.7751034201777347E-013
          12          34  -4.5735216118469609E-013
          12          35  -2.0452037362312958E-013
          12          36  -5.7843617765005052E-013
          12          37  -1.2980082429221479E-013
          12          38   1.6117759821542778E-013
          12          39  -6.4534718295185854E-013
          12          40  -3.2745891315498011E-013
          12          41  -2.4823936309315009E-013
          12          42  -1.3358984066324403E-013
          12          43  -3.3057497711430628E-013
          12          44   1.2629874401562198E-002
          12          45   5.1180708737861267E-015
          12          46   1.2629874401668609E-002
          12          47  -2.3764211398477728E-013
          12          48  -2.0020530372422130E-013
          12          49   2.8241257712431914E-002
          12          50   1.0304893128588490E-012
          12          51   1.1307300581964164E-012
          12          52   2.8033573014763901E-013
          12          53   2.1702119268329767E-012
          12          54  -2.9698209015902859E-002
          12          55  -7.0140173825034260E-014
          12          56  -2.9698209015681737E-002
          12          57   2.8513527801886374E-013
          12          58   9.0640776134742751E-013
          12          59  -6.6407214150554089E-002
          13           1   1.2811739619713275E-012
          13           2   1.3627235885713999E-013
          13           3   8.8052460914081812E-013
          13           4   5.2577219461614414E-014
          13           5  -1.5587226799961903E-012
          13           6   2.8513291535497758E-012
          13           7 -0.24710048637944210     
          13           8  -1.2223336356758860E-012
          13           9  -9.9352169828821613E-013
          13          10  0.32755119293092994     
          13          11   2.3867151202443260E-012
          13          12   1.3661861897849847E-012
          13          13  0.34756243166517348     
          13          14   2.6785994212616404E-012
          13          15   1.6295073200934401E-012
          13          16  0.35317890848890293     
          13          17   2.3446267442741447E-012
          13          18   1.1968824504627121E-012
          13          19   4.7825607475011521E-003
          13          20  -6.0250558916194550E-015
          13          21   9.2827414515617656E-014
          13          22  -2.7046589984586088E-014
          13          23  -3.0948905012199813E-015
          13          24  -2.1281457191554573E-014
          13          25   4.6379697137195620E-015
          13          26  -1.5726144373597485E-014
          13          27  -1.3899188366954511E-014
          13          28  -8.4308441912024981E-015
          13          29  -2.3926039851719670E-014
          13          30  -1.4620548183270678E-014
          13          31  -1.9319317398625072E-014
          13          32  -2.3164576778378615E-014
          13          33   1.0352627131996863E-014
          13          34  -8.6352078470106606E-013
          13          35   1.5790951587524996E-013
          13          36  -7.5566061359416667E-013
          13          37   9.0036811792023354E-014
          13          38  -3.0982483123415186E-014
          13          39  -8.4706126770717521E-013
          13          40   2.9762603293712608E-002
          13          41   8.6442949627225756E-014
          13          42   1.3310240828885878E-002
          13          43   2.0498769579013233E-013
          13          44   4.2833897100904780E-014
          13          45  -2.6136131039779425E-015
          13          46   4.0204836428668362E-014
          13          47   1.3310240828884165E-002
          13          48   8.8232947085208589E-014
          13          49   8.5541541399922465E-014
          13          50  -7.0167936099121017E-002
          13          51  -2.2486221428429359E-013
          13          52  -3.1380055000459497E-002
          13          53  -4.1869740503462302E-013
          13          54  -1.8207130749359375E-014
          13          55   4.7277288491561959E-014
          13          56  -1.0820794232163904E-013
          13          57  -3.1380055000449436E-002
          13          58  -1.4713060549629078E-013
          13          59  -2.3491683587544693E-013
          14           1  -1.4769989460753780E-013
          14           2  -5.5700071396594726E-014
          14           3  -2.4745605692302228E-013
          14           4  -2.9316939331085288E-013
          14           5  -3.0571284230085916E-012
          14           6   7.3333542447256521E-012
          14           7  -7.0142748217778134E-013
          14           8 -0.24710048638420559     
          14           9  -1.8678739110988829E-012
          14          10  -2.2825128289175045E-013
          14          11  0.32755119293395901     
          14          12   2.1191937094044988E-012
          14          13   2.6785994212616404E-012
          14          14  0.34756243167308964     
          14          15   4.5062009679242010E-012
          14          16  -3.0884402294709817E-012
          14          17  0.35317890848664196     
