           1           1   2.1412673986009452     
           1           2 -0.26813484436993285     
           1           3 -0.35075277433090368     
           1           4 -0.18395340257844572     
           1           5  -7.3940754961723532E-002
           1           6  -6.6212779625933568E-002
           1           7  -1.2984248708117151E-013
           1           8   5.5017513313165576E-014
           1           9  -1.1059516412210430E-013
           1          10  -1.3240991730430795E-013
           1          11  -2.1351162565588730E-014
           1          12   5.1599907247387190E-014
           1          13   1.3055680876437589E-012
           1          14  -3.8605184736836973E-013
           1          15   1.3785594685209896E-013
           1          16  -1.3980731607257528E-012
           1          17   3.6322988797697917E-013
           1          18  -1.0068254981187626E-013
           1          19  -2.0639537438087040E-014
           1          20  -1.4432710585442876E-015
           1          21  -7.9227620863542298E-018
           1          22  0.16143384812643458     
           1          23  -2.6906447914163921E-015
           1          24  0.16143384812643211     
           1          25  -4.3855511091578565E-015
           1          26  -1.4557052261261692E-015
           1          27  0.16143384812643358     
           1          28   6.9427113290850384E-002
           1          29  -1.4549341313356967E-016
           1          30   6.9427113290852036E-002
           1          31  -3.4993262627418275E-016
           1          32  -1.8575314850350208E-015
           1          33   6.9427113290850259E-002
           1          34   2.5763408379427307E-002
           1          35  -4.2838184157837683E-017
           1          36   2.5763408379423532E-002
           1          37  -2.4232255880510238E-015
           1          38   1.1586058375930458E-015
           1          39   2.5763408379425132E-002
           1          40  -3.8863714950632647E-013
           1          41   6.3458911817901023E-014
           1          42  -1.7504317667121472E-013
           1          43   1.3900098302766655E-013
           1          44  -3.3728803706243830E-014
           1          45   2.0567237230872326E-016
           1          46  -2.7974066945403940E-014
           1          47  -1.7827097551449785E-013
           1          48   6.2828422409679502E-014
           1          49  -7.0207486642726603E-014
           1          50   6.3254412197448837E-013
           1          51  -7.0866849537482298E-014
           1          52   2.8327454521150370E-013
           1          53  -1.5673431974672974E-013
           1          54   1.9862970699024054E-014
           1          55   1.9732546453794660E-015
           1          56   1.8420771003190947E-014
           1          57   2.8356686065485498E-013
           1          58  -6.9877438007752365E-014
           1          59   4.2416334210578645E-014
           2           1 -0.26813484436993285     
           2           2  0.51293257603631870     
           2           3  0.62783286214844458     
           2           4  0.27526306508206666     
           2           5  0.14641136896679804     
           2           6  0.13222697334280664     
           2           7   7.7605923572463225E-014
           2           8  -8.9244316988061347E-014
           2           9   1.3748657441658303E-013
           2          10  -3.5752844166247775E-013
           2          11   2.0541420996682785E-013
           2          12  -1.1959130397094083E-013
           2          13   1.1113221014128947E-012
           2          14   1.5040825283453189E-013
           2          15  -4.0200690022987906E-013
           2          16  -1.3851921691519632E-012
           2          17  -3.2329281131468526E-014
           2          18   3.2306009747825685E-013
           2          19  -2.3038085052320783E-014
           2          20   9.0936789166921667E-015
           2          21   2.0854145954369876E-016
           2          22 -0.47544037783951409     
           2          23   4.9462372407782186E-015
           2          24 -0.47544037783948684     
           2          25   2.0202087871717438E-014
           2          26  -2.6948847241357087E-015
           2          27 -0.47544037783951365     
           2          28 -0.13282586810615493     
           2          29   1.5348050260550619E-015
           2          30 -0.13282586810614849     
           2          31   7.8039334859122452E-016
           2          32   1.6948034306042365E-015
           2          33 -0.13282586810614988     
           2          34  -5.1479605097381899E-002
           2          35  -1.2690487217744043E-016
           2          36  -5.1479605097380886E-002
           2          37  -9.8966967537700908E-016
           2          38  -4.3714434685343875E-016
           2          39  -5.1479605097380490E-002
           2          40  -2.3083839701575585E-013
           2          41  -5.8046528919422140E-014
           2          42  -1.0381174000847328E-013
           2          43  -1.2200629756804125E-013
           2          44   8.4776938949778712E-014
           2          45  -1.6453070965745207E-016
           2          46   8.1762639409742579E-014
           2          47  -9.9662899411903775E-014
           2          48  -5.6164468788519127E-014
           2          49   1.8575055628626088E-013
           2          50   6.3681427738107830E-013
           2          51   8.4283224019560666E-016
           2          52   2.8932510006618403E-013
           2          53   5.1778575590962531E-015
           2          54  -6.2199893025680253E-014
           2          55   4.7684160675719031E-016
           2          56  -6.5951633859254159E-014
           2          57   2.8561461398562266E-013
           2          58   8.2179396464798301E-016
           2          59  -1.3877515139941251E-013
           3           1 -0.35075277433090368     
           3           2  0.62783286214844458     
           3           3  0.97894477704601746     
           3           4  0.38297578498844548     
           3           5  0.15683204962914182     
           3           6  0.14051383954073887     
           3           7   3.5410033059283132E-013
           3           8  -2.4435108215121053E-013
           3           9   3.3454604195647782E-013
           3          10  -4.7957501157331640E-013
           3          11   3.8413353923555551E-013
           3          12  -2.1044641074246296E-013
           3          13   8.4430113400192084E-013
           3          14   8.4158592540304347E-013
           3          15  -7.3974790911697686E-013
           3          16  -1.2460501535167372E-012
           3          17  -5.9169290909607266E-013
           3          18   5.8307799018408004E-013
           3          19  -2.6634765115975257E-014
           3          20   8.7543661683064689E-015
           3          21  -8.8049293135139348E-016
           3          22 -0.37555961354756068     
           3          23   5.6563677802155772E-015
           3          24 -0.37555961354755291     
           3          25   1.1209706617568790E-014
           3          26   8.3211556256741853E-016
           3          27 -0.37555961354755962     
           3          28 -0.14680582129458930     
           3          29   1.6730561945915346E-015
           3          30 -0.14680582129458170     
           3          31   2.4411312526825350E-015
           3          32   1.9111764683923025E-015
           3          33 -0.14680582129458081     
           3          34  -5.4693622675094193E-002
           3          35  -4.9056290813056995E-016
           3          36  -5.4693622675094374E-002
           3          37  -1.2722930007239432E-015
           3          38  -2.5526003045460528E-015
           3          39  -5.4693622675092896E-002
           3          40  -7.5486040993551474E-014
           3          41  -1.9556605944448013E-013
           3          42  -3.2926355852224256E-014
           3          43  -4.2682860216544889E-013
           3          44   1.5597343141368165E-013
           3          45  -6.6864172432804605E-016
           3          46   1.5310972512134906E-013
           3          47  -3.0356142760419992E-014
           3          48  -1.9563873742724162E-013
           3          49   3.4476538076967743E-013
           3          50   5.8596018044725773E-013
           3          51   1.0593128807293105E-013
           3          52   2.6669671150525259E-013
           3          53   2.4477258079167399E-013
           3          54  -1.1042973359515297E-013
           3          55  -8.3368180162598978E-016
           3          56  -1.1421195030413313E-013
           3          57   2.6298020466063261E-013
           3          58   1.0695967238301456E-013
           3          59  -2.4782925894187880E-013
           4           1 -0.18395340257844572     
           4           2  0.27526306508206666     
           4           3  0.38297578498844548     
           4           4  0.15841230397627692     
           4           5   7.3671546761212708E-002
           4           6   6.6280422289533680E-002
           4           7   1.0228544279057555E-013
           4           8   1.2637323750288243E-013
           4           9   1.0090229574597715E-013
           4          10  -5.0555895592245871E-014
           4          11  -2.4573049507320821E-013
           4          12   8.3946356074028901E-014
           4          13   8.5964113903934840E-013
           4          14  -1.0077148258470052E-012
           4          15   1.9761372414586845E-013
           4          16  -9.3304952225211779E-013
           4          17   8.4346547568368523E-013
           4          18  -1.5752632579937922E-013
           4          19  -1.1473178129420864E-014
           4          20   4.4126537272412830E-015
           4          21  -1.6518461971058462E-016
           4          22 -0.20884402732002097     
           4          23   2.5699191832539174E-015
           4          24 -0.20884402732001212     
           4          25   7.8005803199947148E-015
           4          26  -4.9983730148018995E-016
           4          27 -0.20884402732002061     
           4          28  -6.7858640678384069E-002
           4          29   7.6751459294224004E-016
           4          30  -6.7858640678380766E-002
           4          31   7.4010022403820885E-016
           4          32   8.9116634349477698E-016
           4          33  -6.7858640678380905E-002
           4          34  -2.5801865203530252E-002
           4          35  -1.3890207371872982E-016
           4          36  -2.5801865203529960E-002
           4          37  -4.9264096329021477E-016
           4          38  -6.8857805873672800E-016
           4          39  -2.5801865203529561E-002
           4          40  -2.5864695425958072E-013
           4          41   1.9371375862291722E-013
           4          42  -1.1561949119793710E-013
           4          43   4.3751977881032531E-013
           4          44  -3.9419213069783072E-014
           4          45  -1.9175412705529355E-016
           4          46  -4.0931131449589690E-014
           4          47  -1.1391845419697634E-013
           4          48   1.9420207696366539E-013
           4          49  -9.0103424901242034E-014
           4          50   4.2116449169027793E-013
           4          51  -1.6376385585065418E-013
           4          52   1.9053913129801842E-013
           4          53  -3.6364052486656801E-013
           4          54   3.0041676666461000E-014
           4          55  -9.0611504370760336E-017
           4          56   2.8263824195330761E-014
           4          57   1.8875585655796590E-013
           4          58  -1.6356367890005267E-013
           4          59   6.7095630001717499E-014
           5           1  -7.3940754961723532E-002
           5           2  0.14641136896679804     
           5           3  0.15683204962914182     
           5           4   7.3671546761212708E-002
           5           5   4.4170598408787703E-002
           5           6   4.0010900995724401E-002
           5           7   1.1681934713908125E-013
           5           8  -2.1098696053448907E-013
           5           9   2.1605861214617713E-013
           5          10  -3.8677188484326072E-013
           5          11   4.4914849270101800E-013
           5          12  -2.7076318407452949E-013
           5          13  -5.3742838952685144E-013
           5          14   1.2672154966421150E-012
           5          15  -9.2180040893712550E-013
           5          16   2.8199415860239768E-013
           5          17  -9.8299370012023800E-013
           5          18   7.3840046106855731E-013
           5          19  -6.6718880148055087E-015
           5          20   2.7396579122194645E-015
           5          21   2.6129108792659779E-016
           5          22 -0.15765757018283008     
           5          23   1.4541366919782087E-015
           5          24 -0.15765757018281956     
           5          25   7.2040889176386089E-015
           5          26  -1.2086189140115609E-015
           5          27 -0.15765757018283003     
           5          28  -3.9590624211747319E-002
           5          29   4.6001083366579926E-016
           5          30  -3.9590624211745452E-002
           5          31   6.4800916357522933E-017
           5          32   5.0102493846303538E-016
           5          33  -3.9590624211746125E-002
           5          34  -1.5578654256948706E-002
           5          35  -5.9806831979158375E-019
           5          36  -1.5578654256948269E-002
           5          37  -2.7630488976054865E-016
           5          38   8.9785999240509649E-017
           5          39  -1.5578654256948259E-002
           5          40   3.2823747943751251E-013
           5          41  -2.6776496446399355E-013
           5          42   1.4646360772754877E-013
           5          43  -5.9661653628384342E-013
           5          44   1.8800097235542946E-013
           5          45   2.7194386978369404E-018
           5          46   1.8705319704893888E-013
           5          47   1.4791435775387748E-013
           5          48  -2.6697510038865502E-013
           5          49   4.1922273341941441E-013
           5          50  -1.0694172534852562E-013
           5          51   1.8602896138865222E-013
           5          52  -4.6435793586063342E-014
           5          53   4.1650214354641327E-013
           5          54  -1.4118887263362462E-013
           5          55   2.8699870255043510E-016
           5          56  -1.4234620551273504E-013
           5          57  -4.7582794233689705E-014
           5          58   1.8591099395749761E-013
           5          59  -3.1548432544724592E-013
           6           1  -6.6212779625933568E-002
           6           2  0.13222697334280664     
           6           3  0.14051383954073887     
           6           4   6.6280422289533680E-002
           6           5   4.0010900995724401E-002
           6           6   3.6248716888740838E-002
           6           7  -2.0789717960792278E-013
           6           8   8.8935095469369743E-013
           6           9  -3.5186365641242746E-013
           6          10   8.4383709164230311E-013
           6          11  -1.7236096008194019E-012
           6          12   9.0054425622512566E-013
           6          13   3.1293187622403747E-012
           6          14  -5.6879726794604119E-012
           6          15   2.8160932403933100E-012
           6          16  -2.6246126853480246E-012
           6          17   4.5636546990485158E-012
           6          18  -2.2435197278990184E-012
           6          19  -6.3047119695565327E-015
           6          20   3.0667075666334999E-015
           6          21  -6.2263891847610443E-017
           6          22 -0.14350048125771395     
           6          23   1.3153516964269003E-015
           6          24 -0.14350048125770432     
           6          25   6.5794099148249117E-015
           6          26  -1.1141297242355459E-015
           6          27 -0.14350048125771389     
           6          28  -3.5838951077448708E-002
           6          29   4.1668382006801076E-016
           6          30  -3.5838951077447022E-002
           6          31   5.0634096282557866E-017
           6          32   4.5313780464306658E-016
           6          33  -3.5838951077447639E-002
           6          34  -1.4113874286292415E-002
           6          35   1.2182855931143462E-018
           6          36  -1.4113874286292013E-002
           6          37  -2.4986571052931713E-016
           6          38   9.2022879469773984E-017
           6          39  -1.4113874286292008E-002
           6          40  -1.3625471983413961E-012
           6          41   1.1537917240197844E-012
           6          42  -6.0965497395952541E-013
           6          43   2.5818703515652592E-012
           6          44  -5.7595453408069705E-013
           6          45   4.9673104661523459E-018
           6          46  -5.7681395145278563E-013
           6          47  -6.0833167162869006E-013
           6          48   1.1545177809721236E-012
           6          49  -1.2889241536411607E-012
           6          50   1.1313999716906767E-012
           6          51  -8.7184870668334149E-013
           6          52   5.0723819138319427E-013
           6          53  -1.9490552828604759E-012
           6          54   4.2762926573110817E-013
           6          55   2.6722502203899271E-016
           6          56   4.2657899249336690E-013
           6          57   5.0619755866868359E-013
           6          58  -8.7196063360926271E-013
           6          59   9.5641642443233361E-013
           7           1  -1.2984248708117151E-013
           7           2   7.7605923572463225E-014
           7           3   3.5410033059283132E-013
           7           4   1.0228544279057555E-013
           7           5   1.1681934713908125E-013
           7           6  -2.0789717960792278E-013
           7           7   2.8303678942957369     
           7           8  -5.1195159223027531E-014
           7           9  -5.0098813986210189E-015
           7          10  -1.0427667808186551     
           7          11  -7.3552275381416621E-014
           7          12  -1.5459855617905305E-013
           7          13  -5.0417936446641471     
           7          14   7.0143890695817390E-013
           7          15   6.6879835003419430E-013
           7          16   4.0620848107252767     
           7          17  -7.6261219561502003E-013
           7          18  -6.1473048873494918E-013
           7          19   7.6270413471227715E-004
           7          20   1.2405265074726113E-014
           7          21   6.8767216855787627E-014
           7          22   2.6107514794028633E-014
           7          23  -1.3704324700076073E-013
           7          24  -3.7525444571994985E-013
           7          25  -2.8052080473811540E-013
           7          26  -2.2284862172938571E-013
           7          27  -1.3226267475360838E-013
           7          28  -6.4813802500748696E-015
           7          29   8.2974787494842375E-015
           7          30  -8.3324952273060690E-014
           7          31  -1.5519558122997025E-014
           7          32  -3.6162655321437906E-014
           7          33  -2.0770035948954221E-014
           7          34   5.5013160448713180E-014
           7          35  -1.8172059717281034E-014
           7          36   1.1666205636781745E-013
           7          37  -2.5762216345621083E-014
           7          38  -2.9452487678919299E-015
           7          39   6.8900885450359265E-014
           7          40   2.2388719312061989     
           7          41  -6.7085226262975084E-014
           7          42   1.0012539662186946     
           7          43  -2.3203661214665772E-013
           7          44  -5.3360094121046586E-014
           7          45   4.4524117775248472E-014
           7          46  -1.4022116801015727E-013
           7          47   1.0012539662186228     
           7          48  -6.4920291364956029E-014
           7          49  -1.7072454561173345E-013
           7          50  -1.7337208455830990     
           7          51   1.2331802246023926E-013
           7          52 -0.77534353294646086     
           7          53   3.2313041131715181E-013
           7          54   1.0225154056797692E-013
           7          55   5.6070093441929863E-015
           7          56   9.7949426347554436E-014
           7          57 -0.77534353294642244     
           7          58   1.8980650384747833E-013
           7          59   2.1788126858268697E-013
           8           1   5.5017513313165576E-014
           8           2  -8.9244316988061347E-014
           8           3  -2.4435108215121053E-013
           8           4   1.2637323750288243E-013
           8           5  -2.1098696053448907E-013
           8           6   8.8935095469369743E-013
           8           7  -5.1195159223027531E-014
           8           8   2.8303678942958745     
           8           9  -1.5848433676524110E-014
           8          10  -5.8286708792820718E-013
           8          11  -1.0427667808178560     
           8          12  -1.1046719095020308E-014
           8          13   3.8842262739535727E-012
           8          14  -5.0417936446692764     
           8          15   5.3801407773335086E-013
           8          16  -4.4045878055953835E-012
           8          17   4.0620848107310881     
           8          18  -4.4131365228849972E-013
           8          19  -1.3121204426799760E-013
           8          20   7.6270413475945859E-004
           8          21  -6.1606847553095923E-014
           8          22  -2.4894231661678715E-013
           8          23   3.0806539963952176E-013
           8          24   4.4784211753128331E-013
           8          25   4.7946766757127454E-013
           8          26   3.7387391113996542E-013
           8          27   1.2394458721346916E-013
           8          28  -1.4229923677585007E-013
           8          29  -6.2369514993366925E-014
           8          30   4.2702010024774582E-014
           8          31   5.1458638680583809E-014
           8          32   6.7881793016848184E-014
           8          33  -7.5797409997156304E-014
           8          34  -3.0397848703037822E-013
           8          35   3.8566771850708933E-014
           8          36  -3.3985121179833042E-013
           8          37   2.6305284779765011E-014
           8          38   2.2664200026647053E-015
           8          39  -3.0062063388406300E-013
           8          40  -1.0695888619238758E-012
           8          41   1.0012539662192448     
           8          42  -5.1728066274847606E-013
           8          43   2.2388719312076240     
           8          44  -1.3966605649784469E-013
           8          45  -4.7025439264187583E-014
           8          46  -8.8568041789471863E-014
           8          47  -4.4769743468009437E-013
           8          48   1.0012539662192035     
           8          49  -1.9562129693895258E-013
           8          50   2.0242141296478167E-012
           8          51 -0.77534353294759628     
           8          52   9.4771412939564925E-013
           8          53  -1.7337208455857094     
           8          54   7.5217609918354356E-014
           8          55  -3.2993225007033717E-014
           8          56   1.4957479699262421E-013
           8          57   9.1981977590194219E-013
           8          58 -0.77534353294765279     
           8          59   2.0178303472562220E-013
           9           1  -1.1059516412210430E-013
           9           2   1.3748657441658303E-013
           9           3   3.3454604195647782E-013
           9           4   1.0090229574597715E-013
           9           5   2.1605861214617713E-013
           9           6  -3.5186365641242746E-013
           9           7  -5.0098813986210189E-015
           9           8  -1.5848433676524110E-014
           9           9   2.8303678942957697     
           9          10   1.8593460104909809E-013
           9          11  -1.3239409568654992E-013
           9          12  -1.0427667808185264     
           9          13  -8.6308737934359669E-013
           9          14   4.0456527017340704E-013
           9          15  -5.0417936446649065     
           9          16   1.0941247907680918E-012
           9          17  -3.9868108814289371E-013
           9          18   4.0620848107262280     
           9          19   3.4739199635414747E-014
           9          20   2.4997446603988727E-014
           9          21   7.6270413476572138E-004
           9          22   5.0127986029344748E-014
           9          23  -1.3422695791174697E-013
           9          24  -3.9215948790447519E-013
           9          25  -3.1824357008990870E-013
           9          26  -2.5141462107393321E-013
           9          27  -1.5500027602705459E-013
           9          28   2.7380199658340929E-015
           9          29   2.8551249381729765E-014
           9          30  -1.1494253299015199E-013
           9          31  -2.7151687080033226E-014
           9          32  -3.6482642631936267E-014
           9          33  -4.4855537642419903E-014
           9          34   1.0213480099006876E-013
           9          35  -2.7927340714794269E-014
           9          36   1.5705798523637811E-013
           9          37  -1.7638102288672073E-014
           9          38  -5.3151217979755817E-015
           9          39   1.1375962240951016E-013
           9          40   2.0319856908201928E-013
           9          41  -1.8818280267396403E-014
           9          42   1.1093903573566877E-013
           9          43  -1.3272716259393746E-013
           9          44   1.0012539662187632     
           9          45   3.2468746411216470E-014
           9          46   1.0012539662187145     
           9          47   6.2380656196125983E-014
           9          48  -1.3683498778505054E-014
           9          49   2.2388719312063885     
           9          50  -5.0709436649754025E-013
           9          51   4.0856207306205761E-014
           9          52  -2.5134061498732763E-013
           9          53   1.5715206913569091E-013
           9          54 -0.77534353294664671     
           9          55   1.1381513224840481E-014
           9          56 -0.77534353294667779     
           9          57  -2.2705448632365233E-013
           9          58   9.6173069508154185E-014
           9          59  -1.7337208455835471     
          10           1  -1.3240991730430795E-013
          10           2  -3.5752844166247775E-013
          10           3  -4.7957501157331640E-013
          10           4  -5.0555895592245871E-014
          10           5  -3.8677188484326072E-013
          10           6   8.4383709164230311E-013
          10           7  -1.0427667808186551     
          10           8  -5.8286708792820718E-013
          10           9   1.8593460104909809E-013
          10          10   1.8046092643219283     
          10          11   8.2422957348171622E-013
          10          12   3.4139358007223564E-014
          10          13   5.8837748617681704     
          10          14   6.5303318308451708E-013
          10          15  -2.3683277561303839E-012
          10          16  -4.6965633497430161     
          10          17  -1.9917401061775308E-013
          10          18   2.4372726059596062E-012
          10          19  -5.1756610972108097E-004
          10          20  -2.9251801718713222E-014
          10          21  -7.2264175437868061E-014
          10          22  -2.5167268020574447E-015
          10          23   4.0187801264515047E-013
          10          24   9.6358160197193874E-013
          10          25   6.7481038332890930E-013
          10          26   5.5482696078791297E-013
          10          27   4.7089990983794103E-013
          10          28  -5.9440897532527022E-014
          10          29  -8.1733134107222845E-014
          10          30   2.0510853314187736E-013
          10          31   6.5467796639891229E-014
          10          32   9.1335003560253296E-014
          10          33   4.0377243467736039E-014
          10          34  -2.8110940629067110E-013
          10          35   5.5365778550200156E-014
          10          36  -3.3520302055562532E-013
          10          37   3.6251256896267509E-014
          10          38   3.9567231772662344E-015
          10          39  -2.8058353173955882E-013
          10          40  -2.6839554895202347     
          10          41  -2.9037883209070969E-013
          10          42  -1.2003013846302530     
          10          43  -4.4753090122640060E-013
          10          44   2.7158830739892892E-013
          10          45  -6.7228602771997868E-014
          10          46   3.7125857943465235E-013
          10          47  -1.2003013846301540     
          10          48  -3.1596947280831955E-013
          10          49   7.8781425827401108E-013
          10          50   2.0032850759701124     
          10          51   8.0435658134092591E-014
          10          52  0.89589632163605670     
          10          53   1.0691447727140257E-013
          10          54  -4.9218962239194752E-013
          10          55  -3.9425479477692028E-014
          10          56  -4.0778491694482000E-013
          10          57  0.89589632163602073     
          10          58  -1.1213252548714081E-014
          10          59  -1.0556000518135988E-012
          11           1  -2.1351162565588730E-014
          11           2   2.0541420996682785E-013
          11           3   3.8413353923555551E-013
          11           4  -2.4573049507320821E-013
          11           5   4.4914849270101800E-013
          11           6  -1.7236096008194019E-012
          11           7  -7.3552275381416621E-014
          11           8  -1.0427667808178560     
          11           9  -1.3239409568654992E-013
          11          10   8.2422957348171622E-013
          11          11   1.8046092643209954     
          11          12   2.3314683517128287E-015
          11          13  -2.9627411635146927E-012
          11          14   5.8837748617687549     
          11          15   3.1210589668262401E-012
          11          16   3.6295411121045618E-012
          11          17  -4.6965633497443964     
          11          18  -3.3679725675028749E-012
          11          19   2.0527541255352388E-013
          11          20  -5.1756610961158729E-004
          11          21   1.1323307200737653E-013
          11          22   4.9928958879477762E-013
          11          23  -7.1039960970738732E-013
          11          24  -1.1160136977644066E-012
          11          25  -1.1058986320188934E-012
          11          26  -8.6266809677018738E-013
          11          27  -3.7202113336108116E-013
          11          28   2.8867793497117372E-013
          11          29   1.4176931001514337E-013
          11          30  -1.5814567270203734E-013
          11          31  -1.1484079993244925E-013
          11          32  -1.5418116500497592E-013
          11          33   1.1408595201581619E-013
          11          34   5.9694381686053880E-013
          11          35  -9.4067095056225710E-014
          11          36   6.7900021752311431E-013
          11          37  -6.3132053429143053E-014
          11          38  -3.9571429822914979E-015
          11          39   5.9003892343797318E-013
          11          40   6.8256511553954624E-013
          11          41  -1.2003013846300066     
          11          42   3.9745984281580604E-013
          11          43  -2.6839554895201143     
          11          44  -3.3412161926094086E-013
          11          45   1.0938073241871149E-013
          11          46  -4.5879966492634594E-013
          11          47   2.5335289421946072E-013
          11          48  -1.2003013846299382     
          11          49  -1.0136336214827679E-012
          11          50  -1.6954215809050766E-012
          11          51  0.89589632163622079     
          11          52  -8.5703666385938959E-013
          11          53   2.0032850759707008     
          11          54   7.1209704799457541E-013
          11          55   7.0459114628478168E-014
          11          56   5.2219339963244238E-013
          11          57  -7.9791728779810001E-013
          11          58  0.89589632163635069     
          11          59   1.4737100428874328E-012
          12           1   5.1599907247387190E-014
          12           2  -1.1959130397094083E-013
          12           3  -2.1044641074246296E-013
          12           4   8.3946356074028901E-014
          12           5  -2.7076318407452949E-013
          12           6   9.0054425622512566E-013
          12           7  -1.5459855617905305E-013
          12           8  -1.1046719095020308E-014
          12           9  -1.0427667808185264     
          12          10   3.4139358007223564E-014
          12          11   2.3314683517128287E-015
          12          12   1.8046092643222760     
          12          13   2.4706903190008234E-012
          12          14  -3.1548097467748448E-012
          12          15   5.8837748617675372     
          12          16  -2.5678348336555246E-012
          12          17   3.0313529464365274E-012
          12          18  -4.6965633497421626     
          12          19  -1.0457279031421407E-013
          12          20  -2.9104323118200881E-014
          12          21  -5.1756610971086334E-004
          12          22  -3.5364424020836029E-013
          12          23   3.7169828807041494E-013
          12          24   7.2167146565283821E-013
          12          25   7.6549854851636220E-013
          12          26   6.0475736473669631E-013
          12          27   1.8413505456787606E-013
          12          28  -1.4787137573621053E-013
          12          29  -9.3135293729129358E-014
          12          30   1.3606324356990150E-013
          12          31   6.6220007579362836E-014
          12          32   8.3139427009886114E-014
          12          33  -3.9451283807430339E-014
          12          34  -3.1447888419967765E-013
          12          35   6.2584162799629934E-014
          12          36  -3.6986227247851085E-013
          12          37   3.5396416154980245E-014
          12          38   8.1475993035683762E-015
          12          39  -3.0877509659012304E-013
          12          40  -8.3788531668460564E-013
          12          41   4.2160719360140320E-013
          12          42  -4.3121062276441080E-013
          12          43   1.1722844917017028E-012
          12          44  -1.2003013846302153     
          12          45  -6.0807030107936531E-014
          12          46  -1.2003013846301438     
          12          47  -3.3192892878730618E-013
          12          48   3.8830050286264850E-013
          12          49  -2.6839554895201165     
          12          50   1.1643463970756329E-012
          12          51  -5.3756998852350080E-013
          12          52   5.7939764097625357E-013
          12          53  -1.2861933740282439E-012
          12          54  0.89589632163580135     
          12          55  -4.3553615232133719E-014
          12          56  0.89589632163590671     
          12          57   5.4381499303701730E-013
          12          58  -6.2033711500930622E-013
          12          59   2.0032850759697225     
          13           1   1.3055680876437589E-012
          13           2   1.1113221014128947E-012
          13           3   8.4430113400192084E-013
          13           4   8.5964113903934840E-013
          13           5  -5.3742838952685144E-013
          13           6   3.1293187622403747E-012
          13           7  -5.0417936446641471     
          13           8   3.8842262739535727E-012
          13           9  -8.6308737934359669E-013
          13          10   5.8837748617681704     
          13          11  -2.9627411635146927E-012
          13          12   2.4706903190008234E-012
          13          13   20.393685474796452     
          13          14  -1.7893242443278723E-011
          13          15   2.2692958623338200E-013
          13          16  -16.306424350347086     
          13          17   1.5386802942884970E-011
          13          18   1.4268586312482512E-012
          13          19  -2.0291879491526098E-003
          13          20  -9.0022390583643919E-014
          13          21  -2.5618472187377561E-013
          13          22  -2.3388065730202028E-012
          13          23   1.2401427105204144E-012
          13          24   6.9544885800875479E-013
          13          25   2.1195259654458939E-012
          13          26   1.7369227161682748E-012
          13          27  -8.8016641502950713E-013
          13          28  -7.4190157539761589E-013
          13          29  -2.3779126502900437E-013
          13          30   6.4609523802132959E-014
          13          31   1.9700930078963857E-013
          13          32   2.8554525889991476E-013
          13          33  -4.4843202638687684E-013
          13          34  -1.0648391928785148E-012
          13          35   1.7032965930276445E-013
          13          36  -1.2636060131377254E-012
          13          37   1.2174284609485062E-013
          13          38   1.3386190362157410E-014
          13          39  -1.0735840679024697E-012
          13          40  -9.2578670841655946     
          13          41   3.1192826099868398E-012
          13          42  -4.1402440253706008     
          13          43   7.6072481647315726E-012
          13          44  -7.0599082135913704E-013
          13          45  -2.2337722726567475E-013
          13          46  -3.5971225997855072E-013
          13          47  -4.1402440253702668     
          13          48   3.0451197119418794E-012
          13          49  -1.0293987884324451E-012
          13          50   6.9561743164292542     
          13          51  -2.7987612227775571E-012
          13          52   3.1108957269749604     
          13          53  -6.4996896753655165E-012
          13          54  -3.3839597790574771E-013
          13          55  -1.1588558092518229E-013
          13          56  -9.6034291630076041E-014
          13          57   3.1108957269748303     
          13          58  -3.1077362905307382E-012
          13          59  -6.2105875997531257E-013
          14           1  -3.8605184736836973E-013
          14           2   1.5040825283453189E-013
          14           3   8.4158592540304347E-013
          14           4  -1.0077148258470052E-012
          14           5   1.2672154966421150E-012
          14           6  -5.6879726794604119E-012
          14           7   7.0143890695817390E-013
          14           8  -5.0417936446692764     
          14           9   4.0456527017340704E-013
          14          10   6.5303318308451708E-013
          14          11   5.8837748617687549     
          14          12  -3.1548097467748448E-012
          14          13  -1.7893242443278723E-011
          14          14   20.393685474818085     
          14          15  -1.1004530620084552E-012
          14          16   1.8823165248704754E-011
          14          17  -16.306424350368292     
