           1           1   1.9971331464443725     
           1           2  -2.3289170536488241E-002
           1           3  -4.0184191353494658E-002
           1           4   1.1855964150590727E-002
           1           5  -2.3641255562286426E-002
           1           6  -9.1468529474658562E-003
           1           7   2.5845557914676957E-003
           1           8   9.2042309993029493E-012
           1           9   5.2028817569185806E-011
           1          10  -4.6220801733204959E-011
           1          11   1.2500845437658317E-010
           1          12  -5.8034231102529113E-011
           1          13   2.9033149455529560E-011
           1          14  -2.4582257246043343E-012
           1          15   6.8360185723801976E-012
           1          16   5.7741745410452141E-012
           1          17  -5.2489951929452904E-012
           1          18   1.0743926461436744E-011
           1          19   6.7823274281311621E-012
           1          20  -6.6574934183449387E-012
           1          21   9.7154041220907722E-012
           1          22   5.5416268067964300E-012
           1          23  -6.7968342564137110E-014
           1          24   9.4021851023366288E-014
           1          25   9.5808872637926254E-015
           1          26   1.9724717825663034E-002
           1          27   5.6452821713364448E-010
           1          28   1.9724720406652508E-002
           1          29  -4.2723197737388500E-010
           1          30  -2.6078835118829549E-010
           1          31   1.9724719179488565E-002
           1          32   8.1740417886475465E-003
           1          33   3.7671827325928114E-011
           1          34   8.1740419432076300E-003
           1          35  -2.1519258224001497E-011
           1          36  -1.1752741797968268E-011
           1          37   8.1740418759839069E-003
           1          38   2.3040620098056536E-003
           1          39   1.7684252502773144E-012
           1          40   2.3040620134066447E-003
           1          41   5.5264859500706671E-013
           1          42   5.0796797553102183E-013
           1          43   2.3040620127547005E-003
           1          44  -6.3552278222067616E-004
           1          45   2.6879305229142974E-013
           1          46  -6.3552278150595535E-004
           1          47   1.2227215474510300E-013
           1          48  -1.3504557526715004E-012
           1          49  -6.3552278393877492E-004
           1          50  -1.8230021476677938E-013
           1          51   1.0887432589532779E-013
           1          52   3.2181822168238190E-015
           1          53   2.8374912413726029E-013
           1          54  -5.9564132726490496E-014
           1          55   1.4203228628834540E-013
           1          56   3.6720495101294801E-013
           1          57  -3.4380551952529534E-014
           1          58   5.6128747411742139E-016
           1          59   1.0589116779466575E-013
           1          60   1.3266526028614147E-012
           1          61  -8.2202699035147086E-013
           1          62   5.7006883206032483E-013
           1          63  -1.9043007905931691E-012
           1          64  -5.1340443186801473E-013
           1          65   4.8570569669562405E-014
           1          66  -6.0986333169676628E-013
           1          67   6.7179153423722342E-013
           1          68  -8.1786440157106824E-013
           1          69  -1.0959826866115695E-012
           2           1  -2.3289170536488241E-002
           2           2   1.9979251256991439     
           2           3  -9.9154968136705574E-002
           2           4  0.18343842223824308     
           2           5  0.12312152062156140     
           2           6  -8.5675928448141606E-002
           2           7  -7.7658326863919533E-002
           2           8   1.7357489088128812E-010
           2           9   1.3036650676157529E-010
           2          10  -1.1892465430978307E-010
           2          11   7.9940756170503020E-010
           2          12  -4.2538084352456763E-010
           2          13   1.1304024759631339E-010
           2          14  -2.4504456040746196E-011
           2          15   4.4781343622975484E-011
           2          16   2.6174859490046535E-011
           2          17   1.0214789916821142E-010
           2          18  -1.1183563087606659E-011
           2          19   4.9502872713546244E-011
           2          20  -1.8170700798224911E-010
           2          21   1.6459010528813539E-010
           2          22   3.5249616457310710E-011
           2          23  -1.1416524668029589E-012
           2          24   1.0693792486824893E-012
           2          25   4.7918746848289089E-015
           2          26  -5.5752406483564526E-002
           2          27   4.5271737583023115E-009
           2          28  -5.5752385703300572E-002
           2          29  -3.4124752092469937E-009
           2          30  -1.8458614791104670E-009
           2          31  -5.5752395664681015E-002
           2          32  -8.0706964219093395E-003
           2          33   3.0814278422537398E-010
           2          34  -8.0706951735349773E-003
           2          35  -1.6954560450087944E-010
           2          36  -7.2287954537296703E-011
           2          37  -8.0706957326520182E-003
           2          38   3.7227743170010416E-002
           2          39   1.1293375014318767E-011
           2          40   3.7227743194662516E-002
           2          41   2.9220352837722270E-012
           2          42   4.5838759943664139E-013
           2          43   3.7227743188276145E-002
           2          44   2.1365335418123296E-002
           2          45   3.3360530163715016E-012
           2          46   2.1365335426555866E-002
           2          47   4.3630279483348550E-013
           2          48  -3.1092083437288979E-012
           2          49   2.1365335416482410E-002
           2          50  -4.6214807083015811E-011
           2          51   1.4303040249120985E-011
           2          52  -1.9589620568259423E-011
           2          53   3.2868521330163478E-011
           2          54   1.2017156522269202E-012
           2          55   4.4517158544148140E-014
           2          56   1.6765285376781563E-012
           2          57  -1.9440041157357163E-011
           2          58   1.3580491221982188E-011
           2          59   2.6761298211361781E-012
           2          60   7.2506495104607460E-011
           2          61  -2.4742795807640818E-011
           2          62   3.2377972731074906E-011
           2          63  -5.5842904914787040E-011
           2          64  -2.3981733140963317E-012
           2          65   2.1212081433962201E-013
           2          66  -2.5032519822270845E-012
           2          67   3.2455694895465858E-011
           2          68  -2.4766759648531300E-011
           2          69  -5.5810596141213183E-012
           3           1  -4.0184191353494658E-002
           3           2  -9.9154968136705574E-002
           3           3   1.8056723436512290     
           3           4  0.12189045384968339     
           3           5  0.33781040620392622     
           3           6 -0.55894742360473648     
           3           7 -0.21762014667865592     
           3           8   2.0985368878621047E-010
           3           9   1.4665628560742425E-009
           3          10  -1.3285002806821973E-009
           3          11   2.5762206236331236E-009
           3          12  -1.4622897857750272E-009
           3          13   4.7316873492688435E-010
           3          14  -3.3752791429240353E-010
           3          15   1.6943762835522027E-010
           3          16  -5.6951995611078885E-012
           3          17  -1.4529101624285572E-009
           3          18   2.0326555534186818E-010
           3          19  -1.0289274602591660E-009
           3          20   1.3974079777707624E-009
           3          21   5.4399857630021837E-010
           3          22   1.7115806955977843E-009
           3          23   3.9435037866273011E-012
           3          24   3.9828812277092794E-012
           3          25   5.9542799016688117E-012
           3          26  -2.9567591708921849E-002
           3          27   1.6515686909763489E-008
           3          28  -2.9567518270370997E-002
           3          29  -1.2335622988306033E-008
           3          30  -6.7365651550710991E-009
           3          31  -2.9567553577922727E-002
           3          32   4.7022663363715973E-002
           3          33   1.1822892348294429E-009
           3          34   4.7022667813370306E-002
           3          35  -6.4290651783455470E-010
           3          36  -1.8698760942073513E-010
           3          37   4.7022665762715916E-002
           3          38  0.18582134489377300     
           3          39  -5.4449086682950162E-013
           3          40  0.18582134494402497     
           3          41   6.6956379864960107E-012
           3          42  -2.7735046163819513E-011
           3          43  0.18582134495188113     
           3          44   6.1427304759156726E-002
           3          45   2.5456536522236546E-011
           3          46   6.1427304799433036E-002
           3          47   2.2023909092033423E-012
           3          48   1.9864469114001868E-012
           3          49   6.1427304755436576E-002
           3          50   4.9815094846701396E-010
           3          51   3.2533161692541392E-011
           3          52   2.5345392981759356E-010
           3          53   9.2003681053919708E-011
           3          54   2.3928804088047365E-010
           3          55  -6.8369888644980730E-012
           3          56   2.2481699595182932E-010
           3          57   2.5598141883347655E-010
           3          58   1.3879293778792350E-011
           3          59   5.3579798288922054E-010
           3          60  -6.3042879255813675E-010
           3          61  -6.7371682510825488E-011
           3          62  -2.8260915899472285E-010
           3          63  -1.5927000842121793E-010
           3          64  -3.0375993324859075E-010
           3          65  -4.8841361107850850E-013
           3          66  -3.0205185685460355E-010
           3          67  -2.8895561741098872E-010
           3          68  -6.6635197109590912E-011
           3          69  -6.9564936622355185E-010
           4           1   1.1855964150590727E-002
           4           2  0.18343842223824308     
           4           3  0.12189045384968339     
           4           4  0.68139543959657356     
           4           5 -0.81793183623333787     
           4           6 -0.51817134122773867     
           4           7  0.62171404499106830     
           4           8   4.1420094142447752E-011
           4           9  -1.6286622543514210E-009
           4          10   1.3563400508741522E-009
           4          11  -2.4606868576009580E-009
           4          12   1.4035853416904731E-009
           4          13  -6.7625345575994727E-010
           4          14  -5.0451638635591173E-010
           4          15  -4.0385455460870684E-010
           4          16  -1.8285599733244395E-009
           4          17  -2.2713362735578385E-010
           4          18  -4.0613186168355350E-010
           4          19  -2.0953086615115527E-009
           4          20   1.1694598238538690E-009
           4          21  -4.8157750197083674E-010
           4          22  -8.9835375723845081E-010
           4          23   9.5464762898764647E-012
           4          24  -3.3901921940176393E-012
           4          25   7.9209401349230485E-012
           4          26  -1.2714750870073208E-002
           4          27  -1.6723829891792315E-008
           4          28  -1.2714822655453858E-002
           4          29   1.3848791351991324E-008
           4          30   6.8309801274923878E-009
           4          31  -1.2714785655166171E-002
           4          32  -4.1560373989651435E-002
           4          33  -1.0523450469438767E-009
           4          34  -4.1560378335282998E-002
           4          35   7.3939442846256195E-010
           4          36   1.3733083645586836E-010
           4          37  -4.1560377081509753E-002
           4          38 -0.14499018376552900     
           4          39  -5.0388544493109085E-011
           4          40 -0.14499018400099634     
           4          41  -3.9225885579333008E-011
           4          42  -1.9499026202222063E-011
           4          43 -0.14499018396705199     
           4          44 -0.17755987769001044     
           4          45   9.0677438836974969E-012
           4          46 -0.17755987755919944     
           4          47  -8.8168503441624349E-011
           4          48   5.6031623608247581E-010
           4          49 -0.17755987668746948     
           4          50   8.3447817884687663E-011
           4          51  -2.1199241401718665E-011
           4          52  -1.2111431095752647E-011
           4          53  -6.9677780614861725E-011
           4          54   6.1857000939523495E-011
           4          55  -5.5799171013549144E-011
           4          56  -1.0614198482260697E-010
           4          57  -1.8691324888970931E-012
           4          58   2.9676553785421823E-011
           4          59   3.5679648894935258E-011
           4          60  -3.2772190355397961E-010
           4          61   4.5372076336432072E-011
           4          62  -1.3577208232735198E-010
           4          63   1.3251414897715356E-010
           4          64   4.4840935902868053E-011
           4          65  -1.7704324555450873E-011
           4          66   8.4420058298476181E-011
           4          67  -1.7541817100973595E-010
           4          68   4.4193115155240953E-011
           4          69   8.1584336097808071E-011
           5           1  -2.3641255562286426E-002
           5           2  0.12312152062156140     
           5           3  0.33781040620392622     
           5           4 -0.81793183623333787     
           5           5   1.1877809827422676     
           5           6  0.49836148072490682     
           5           7 -0.88699932684563609     
           5           8   2.8571837021077451E-010
           5           9   8.8452265249185634E-010
           5          10  -8.8110220616803567E-010
           5          11  -2.9936331990677901E-010
           5          12  -6.5975632390324275E-010
           5          13  -3.2484500162576221E-010
           5          14   9.0269541400495781E-010
           5          15   2.0672587357737624E-010
           5          16   2.5249058638009692E-009
           5          17   2.8254355305865410E-010
           5          18   1.7067530835191694E-010
           5          19   2.6069400001655764E-009
           5          20  -4.2909040141356294E-010
           5          21  -4.9084355365837803E-011
           5          22   1.9490912874323612E-009
           5          23  -5.1886934136657852E-012
           5          24  -1.1244433401929163E-012
           5          25  -6.6694118997571621E-012
           5          26  -2.7029711804833099E-003
           5          27   1.4786324478424830E-008
           5          28  -2.7029240218471064E-003
           5          29  -9.3947715360558672E-009
           5          30  -4.2120415331627857E-009
           5          31  -2.7029477537216795E-003
           5          32   6.5854214893948423E-002
           5          33   9.2891463469830895E-010
           5          34   6.5854217845950691E-002
           5          35  -5.2361988265415373E-010
           5          36   3.8915379281483625E-011
           5          37   6.5854217526944592E-002
           5          38  0.24943755987325733     
           5          39   3.2525688291807841E-011
           5          40  0.24943756012011919     
           5          41   4.3399076362305021E-011
           5          42  -1.0456444899210386E-011
           5          43  0.24943756007238876     
           5          44  0.25302380590960771     
           5          45  -1.0994724010791914E-011
           5          46  0.25302380572750449     
           5          47   1.1696922153242769E-010
           5          48  -7.1882766078536581E-010
           5          49  0.25302380460571139     
           5          50   9.3794613469723210E-011
           5          51  -2.3656332041957817E-012
           5          52   1.1799412541011604E-010
           5          53   2.9163298077753488E-011
           5          54   8.9221826876019357E-013
           5          55   7.3673454700653366E-011
           5          56   2.1681662615333489E-010
           5          57   1.0650635923653589E-010
           5          58  -7.2127168226591208E-011
           5          59   1.3246194610379866E-010
           5          60   7.0067802156342068E-011
           5          61   2.0335062978467944E-011
           5          62   1.7691900479147178E-011
           5          63   2.9701496745774921E-012
           5          64  -1.7828495353357682E-010
           5          65   2.3062383806697916E-011
           5          66  -2.2852636693829275E-010
           5          67   6.6379578344146720E-011
           5          68   2.1435443839402050E-011
           5          69  -3.8139562101970357E-010
           6           1  -9.1468529474658562E-003
           6           2  -8.5675928448141606E-002
           6           3 -0.55894742360473648     
           6           4 -0.51817134122773867     
           6           5  0.49836148072490682     
           6           6  0.52230755594804046     
           6           7 -0.39789965914680553     
           6           8  -7.4404244584156232E-011
           6           9   2.4715177933654437E-010
           6          10  -3.9247784482341771E-010
           6          11  -1.4015096586887622E-009
           6          12   4.6610274099221791E-010
           6          13  -1.0788155071318071E-009
           6          14  -2.7941504891300550E-010
           6          15   1.0703382830160647E-009
           6          16   8.9733748641963279E-010
           6          17  -4.1156050192573533E-010
           6          18   1.2816667526027374E-009
           6          19   1.2431133415871599E-009
           6          20  -3.1838292855337740E-009
           6          21   2.0851670651296190E-009
           6          22  -8.4867380891851940E-010
           6          23  -2.4416912657662140E-011
           6          24   1.6772889637051625E-011
           6          25  -1.3040620983275252E-011
           6          26   1.6184129804173851E-002
           6          27  -1.2895768227096207E-008
           6          28   1.6184181663121688E-002
           6          29  -1.8778031029130490E-008
           6          30   1.2667130270285736E-008
           6          31   1.6184125615920728E-002
           6          32   1.8830718399423962E-002
           6          33  -9.9685229890078474E-010
           6          34   1.8830721128848350E-002
           6          35  -1.0640185351696270E-009
           6          36   1.2222965465152166E-009
           6          37   1.8830718745527594E-002
           6          38   5.6478955305334852E-002
           6          39  -4.2552484723345920E-011
           6          40   5.6478955401704153E-002
           6          41   1.2278493984634233E-011
           6          42   1.4941264518348052E-010
           6          43   5.6478955442001752E-002
           6          44  0.11344760365574519     
           6          45  -2.9141771263248340E-011
           6          46  0.11344760352428451     
           6          47   6.7262106032602093E-011
           6          48  -4.5793680434488320E-010
           6          49  0.11344760279628910     
           6          50  -3.5511508192521714E-010
           6          51   8.5761532379102318E-011
           6          52  -1.4600639647365567E-010
           6          53   2.0168374712784414E-010
           6          54  -1.5835459976052945E-010
           6          55   2.8230959416980700E-011
           6          56  -3.6829302798698485E-011
           6          57  -1.5898704342601695E-010
           6          58   4.3536155849974436E-011
           6          59  -2.6009338184674528E-010
           6          60   9.1892062622763938E-010
           6          61  -2.3205967990120865E-010
           6          62   3.9964328647999836E-010
           6          63  -5.4121431663161223E-010
           6          64   1.7094720136403334E-010
           6          65   1.2282054928379406E-011
           6          66   1.3646642653003801E-010
           6          67   4.3698635072463393E-010
           6          68  -2.2776863506624416E-010
           6          69   4.1390889850721872E-010
           7           1   2.5845557914676957E-003
           7           2  -7.7658326863919533E-002
           7           3 -0.21762014667865592     
           7           4  0.62171404499106830     
           7           5 -0.88699932684563609     
           7           6 -0.39789965914680553     
           7           7  0.67728608827356107     
           7           8   3.3956588718542433E-012
           7           9  -2.5090116903725792E-009
           7          10   2.4800301899153926E-009
           7          11  -1.3506841334684737E-009
           7          12   1.4359725315179118E-009
           7          13   1.0923009161647543E-009
           7          14   5.8835425729272522E-010
           7          15  -1.7512640891823405E-009
           7          16  -1.6541397844450363E-009
           7          17   1.3442075731893321E-009
           7          18  -2.0553168486737682E-009
           7          19  -1.6554284929429593E-009
           7          20   3.6354258920825854E-009
           7          21  -3.6059010752902044E-009
           7          22  -7.6357765631282720E-010
           7          23   3.1756421464223987E-011
           7          24  -2.8676036262864212E-011
           7          25   6.9943975697542431E-012
           7          26   7.6123019913888182E-004
           7          27  -2.8353114652026287E-009
           7          28   7.6104034308085262E-004
           7          29   4.8530766382366797E-008
           7          30  -1.1959408087930476E-008
           7          31   7.6118266854093670E-004
           7          32  -5.1075811228680809E-002
           7          33  -3.6981131865598265E-011
           7          34  -5.1075822004639920E-002
           7          35   2.6515360582880368E-009
           7          36  -1.6332306140838207E-009
           7          37  -5.1075814972196446E-002
           7          38 -0.18519508231757073     
           7          39   2.8734384727270961E-011
           7          40 -0.18519508255024347     
           7          41  -2.8860449146952134E-011
           7          42  -2.2579152185757500E-010
           7          43 -0.18519508258170703     
           7          44 -0.19265761917656177     
           7          45   1.9421322075826183E-011
           7          46 -0.19265761904818191     
           7          47  -9.0035422408864068E-011
           7          48   6.2753060242121658E-010
           7          49 -0.19265761800282755     
           7          50   2.2294278720075670E-010
           7          51  -1.5956894893085880E-010
           7          52   6.5358189835268102E-011
           7          53  -3.8139136593943124E-010
           7          54   4.2437668589419897E-011
           7          55  -3.4492070912141995E-011
           7          56  -1.1645310090264598E-010
           7          57   8.2020803014213945E-011
           7          58  -9.0748114466664354E-011
           7          59  -3.5244318299313661E-011
           7          60  -9.2813921982605653E-010
           7          61   4.1051117704003287E-010
           7          62  -3.9906834799040739E-010
           7          63   9.5357946041625135E-010
           7          64   4.8349569750061785E-011
           7          65  -1.6640587160084706E-011
           7          66   9.4924993254578586E-011
           7          67  -4.4706094400087643E-010
           7          68   4.0411585253059821E-010
           7          69   7.3397365136328797E-011
           8           1   9.2042309993029493E-012
           8           2   1.7357489088128812E-010
           8           3   2.0985368878621047E-010
           8           4   4.1420094142447752E-011
           8           5   2.8571837021077451E-010
           8           6  -7.4404244584156232E-011
           8           7   3.3956588718542433E-012
           8           8   1.9996558545119476     
           8           9   2.2495047260535579E-012
           8          10  -5.8580449192431448E-012
           8          11  -2.3764664924952081E-003
           8          12  -8.1076322490894066E-012
           8          13  -2.1004114722771137E-011
           8          14   8.2980197406208177E-004
           8          15   9.6914815157627649E-012
           8          16  -2.5599534537776537E-011
           8          17   1.8163305300041996E-002
           8          18   8.5305809358466711E-011
           8          19   1.4340047022362871E-010
           8          20  -1.7761375445207062E-002
           8          21  -2.4709774605479471E-011
           8          22  -2.4707766962891194E-010
           8          23  -7.7733551739991269E-005
           8          24   6.0263992277079201E-012
           8          25   1.3433442934751361E-011
           8          26  -1.5782602767924869E-010
           8          27  -2.4820314532393926E-010
           8          28  -1.8813740346240711E-010
           8          29  -1.7106194371248036E-010
           8          30   1.1930698747801450E-011
           8          31  -2.2429394696609562E-010
           8          32  -3.3126849294120135E-011
           8          33  -2.8835075989934884E-011
           8          34  -5.7946425980030925E-011
           8          35   8.7070008239912351E-012
           8          36   3.7790885876935811E-012
           8          37  -4.8998604057157296E-011
           8          38   2.9932219841553524E-011
           8          39   5.7313799775297043E-012
           8          40   3.6557153205127381E-011
           8          41  -6.7351612743221304E-012
           8          42  -1.3272811268100717E-012
           8          43   1.5157314422662697E-011
           8          44  -8.4542198075348724E-013
           8          45   5.4216419720173291E-012
           8          46  -5.5034470026143526E-012
           8          47   5.2432545682785453E-012
           8          48   1.1549485948257805E-011
           8          49  -5.0792179647951458E-012
           8          50  -5.6466289365345156E-003
           8          51  -1.3289022016644377E-011
           8          52  -2.5252492397205327E-003
           8          53  -5.7439500391389664E-011
           8          54  -1.0945473487674793E-011
           8          55   4.2860754526737057E-013
           8          56  -1.4935987075840228E-011
           8          57  -2.5252492227120695E-003
           8          58  -1.5582183455221262E-011
           8          59  -3.9662071511335352E-011
           8          60   8.1458029381405381E-003
           8          61   2.7641529651033246E-013
           8          62   3.6429138200245615E-003
           8          63   1.6352426375585152E-011
           8          64   4.5613026458966934E-011
           8          65  -1.3742022556637753E-011
           8          66   4.3718457841559719E-011
           8          67   3.6429138326989127E-003
           8          68   2.4281238360177373E-012
           8          69   1.1749523128890679E-010
           9           1   5.2028817569185806E-011
           9           2   1.3036650676157529E-010
           9           3   1.4665628560742425E-009
           9           4  -1.6286622543514210E-009
           9           5   8.8452265249185634E-010
           9           6   2.4715177933654437E-010
           9           7  -2.5090116903725792E-009
           9           8   2.2495047260535579E-012
           9           9   1.9996558545257366     
           9          10   3.3659474968659035E-012
           9          11   1.0628996978513552E-010
           9          12  -2.3764664207670616E-003
           9          13   9.3674642288205974E-011
           9          14   1.3474640968309183E-011
           9          15   8.2980208211619940E-004
           9          16   1.4828182743063889E-010
           9          17  -2.0642483547992655E-010
           9          18   1.8163304910549287E-002
           9          19  -5.2716549932935129E-010
           9          20   1.3624361483910987E-010
           9          21  -1.7761374691687232E-002
           9          22   8.2386751341534907E-010
           9          23   1.7492764770855793E-011
           9          24  -7.7733523804876449E-005
           9          25  -3.0984346094007663E-012
           9          26  -4.5258402408522747E-010
           9          27  -4.3195700709027189E-010
           9          28   6.5942816655302877E-010
           9          29  -7.7281934334471533E-010
           9          30  -6.9038206193463041E-010
           9          31  -3.2305365273406463E-010
           9          32  -1.5141114094161237E-010
           9          33   2.3548539235811391E-011
           9          34  -1.3117817642145831E-010
           9          35  -2.1848277218310943E-011
           9          36  -2.1127974159886900E-011
           9          37  -1.6170029807402512E-010
           9          38   4.1909639799041709E-010
           9          39  -5.6291550651410041E-011
           9          40   3.6935567590590486E-010
           9          41  -4.4292836906025800E-011
           9          42  -1.5136517155585049E-011
           9          43   4.0552697189769614E-010
           9          44   6.7495819439056273E-010
           9          45   4.1884661432242732E-012
           9          46   7.0597198573719716E-010
           9          47   3.8064870544362898E-011
           9          48  -8.5534264535510963E-013
           9          49   6.7466160905303367E-010
           9          50   7.9011106937397401E-011
           9          51  -2.5252492230565526E-003
           9          52   3.5318863751043332E-011
           9          53  -5.6466288735205579E-003
           9          54   1.0050383487944398E-010
           9          55   7.7729522042039754E-013
           9          56   4.3026955792917602E-011
           9          57   5.5214504291700717E-011
           9          58  -2.5252492199106524E-003
           9          59   1.2040491141404602E-010
           9          60  -1.0048816738041370E-010
           9          61   3.6429136426812344E-003
           9          62  -2.4664444813779015E-011
           9          63   8.1458025849048925E-003
           9          64  -1.7506724730574797E-010
           9          65   3.4881157804429141E-012
           9          66  -1.6386980822268557E-010
           9          67  -3.2982678324699571E-011
           9          68   3.6429136469015950E-003
           9          69  -3.7746521292787852E-010
          10           1  -4.6220801733204959E-011
          10           2  -1.1892465430978307E-010
          10           3  -1.3285002806821973E-009
          10           4   1.3563400508741522E-009
          10           5  -8.8110220616803567E-010
          10           6  -3.9247784482341771E-010
          10           7   2.4800301899153926E-009
          10           8  -5.8580449192431448E-012
          10           9   3.3659474968659035E-012
          10          10   1.9996558544917287     
          10          11  -1.2816144194807814E-011
          10          12  -1.0595116206980162E-010
          10          13  -2.3764665932648386E-003
          10          14  -2.5477176542065945E-012
          10          15  -3.9509972368533408E-011
          10          16   8.2980198482552931E-004
          10          17   3.0382764981816735E-010
          10          18   5.3081546640804917E-010
          10          19   1.8163306133142175E-002
          10          20  -2.0927139185822491E-010
          10          21  -7.9234256069478860E-010
          10          22  -1.7761376178163445E-002
          10          23  -1.7850875961843309E-011
          10          24  -3.6069908395224134E-011
          10          25  -7.7733563303541801E-005
          10          26   1.1942296096350948E-010
          10          27   2.8592665150675253E-010
          10          28   1.2226849058209426E-011
          10          29   3.0441373718438028E-010
          10          30   4.1948175490735427E-010
          10          31   2.1379195243912890E-010
          10          32   1.7851626356891450E-010
          10          33  -1.2511301261224213E-011
          10          34   2.0108033671091302E-010
          10          35   7.7167525793670133E-013
          10          36   7.7761860821275350E-012
          10          37   1.9627764014320595E-010
          10          38  -3.7342546628316163E-010
          10          39   4.9817110492616248E-011
          10          40  -3.1102615575057877E-010
          10          41   4.1853450952566457E-011
          10          42   1.1747888483720075E-011
          10          43  -3.5849166365746745E-010
          10          44  -6.6486731131584057E-010
          10          45  -9.6407406220126549E-013
          10          46  -7.0114232431684150E-010
          10          47  -3.8485362204040318E-011
          10          48  -3.1696459652238208E-013
          10          49  -6.6387760969409671E-010
          10          50  -1.1097609186351646E-010
          10          51  -1.5723839492685424E-011
          10          52  -5.2835982298631629E-011
          10          53  -8.7078701849084062E-011
          10          54  -2.5252493433983673E-003
          10          55  -6.5081428203494692E-013
          10          56  -2.5252492826894303E-003
          10          57  -7.2492582944176461E-011
          10          58  -1.5886114103670015E-011
          10          59  -5.6466290775107472E-003
          10          60   1.3936674553481854E-010
          10          61   1.9472350370685043E-010
          10          62   4.0612391485417429E-011
          10          63   3.8515496927261606E-010
          10          64   3.6429139960539331E-003
          10          65  -3.2120156715185448E-012
          10          66   3.6429139807546192E-003
          10          67   4.9734725734219121E-011
          10          68   1.8530582869186493E-010
          10          69   8.1458033058006869E-003
          11           1   1.2500845437658317E-010
          11           2   7.9940756170503020E-010
          11           3   2.5762206236331236E-009
          11           4  -2.4606868576009580E-009
          11           5  -2.9936331990677901E-010
          11           6  -1.4015096586887622E-009
          11           7  -1.3506841334684737E-009
          11           8  -2.3764664924952081E-003
          11           9   1.0628996978513552E-010
          11          10  -1.2816144194807814E-011
          11          11   1.9757065236883977     
          11          12   7.4941186226944261E-010
          11          13   6.6896287471914491E-010
          11          14  -1.2535656330077237E-002
          11          15   1.1095663158863188E-009
          11          16   6.5314920546030186E-010
          11          17   4.2030489220600389E-002
          11          18  -2.0512727433435835E-009
          11          19  -2.4335914840099177E-009
          11          20  -2.3923817679285891E-002
          11          21   1.5767477827213525E-009
          11          22   3.6090235486471204E-009
          11          23  -2.3308029709312306E-004
          11          24  -2.0865263966537719E-010
          11          25   4.7839472353265457E-011
          11          26  -2.5548499003584555E-009
          11          27  -3.5011106896746198E-010
          11          28   2.6755800739997476E-009
          11          29  -1.8515280567451861E-009
          11          30   1.1988219241181620E-009
          11          31  -6.6365558459792667E-011
          11          32  -3.9598516788793698E-010
          11          33  -1.8173404634471139E-010
          11          34   1.4026672587994177E-009
          11          35  -8.4148586507717920E-010
          11          36   7.5718328575410853E-010
          11          37   7.6111015557460622E-010
          11          38   1.1852081461681283E-009
          11          39   1.8816351574045304E-010
          11          40   7.7313590813144290E-010
          11          41   4.9473925139561567E-010
          11          42  -4.7157387360474219E-010
          11          43   6.2616625945129275E-010
          11          44   2.9252721290194791E-010
          11          45  -1.6995928508947391E-011
          11          46   4.2169011954982917E-010
          11          47  -1.4254213656099614E-010
          11          48  -1.8275235794153904E-011
          11          49   3.9629368139232063E-010
          11          50  -1.3504024215384961E-002
          11          51   2.9961012378806703E-010
          11          52  -6.0391833951678690E-003
          11          53   3.5463114905160051E-010
          11          54  -7.0221222007348167E-011
          11          55   4.4219139519975601E-010
          11          56  -6.2692277139117802E-011
          11          57  -6.0391829360908617E-003
          11          58   5.4729696822614660E-011
          11          59   3.2095516929811702E-010
          11          60   1.3510049144123114E-002
          11          61  -3.5422153799748629E-010
          11          62   6.0418773954871493E-003
          11          63  -5.8863527074793513E-010
          11          64  -6.9524698532436829E-010
          11          65  -2.0674927616115630E-011
          11          66  -8.0738404281537742E-010
          11          67   6.0418774750445811E-003
          11          68  -2.8837553738996297E-010
          11          69  -1.8334358432522795E-009
          12           1  -5.8034231102529113E-011
          12           2  -4.2538084352456763E-010
          12           3  -1.4622897857750272E-009
          12           4   1.4035853416904731E-009
          12           5  -6.5975632390324275E-010
          12           6   4.6610274099221791E-010
          12           7   1.4359725315179118E-009
          12           8  -8.1076322490894066E-012
          12           9  -2.3764664207670616E-003
          12          10  -1.0595116206980162E-010
          12          11   7.4941186226944261E-010
          12          12   1.9757065232859292     
          12          13  -9.1512425041986809E-011
          12          14   1.7358287574107940E-011
          12          15  -1.2535656010687513E-002
          12          16   5.8912910132907228E-010
          12          17   2.2740629861070053E-009
          12          18   4.2030492799040989E-002
          12          19   7.3851743924013495E-010
          12          20  -2.9347650303187298E-009
          12          21  -2.3923820960719468E-002
          12          22   5.2278054914635126E-010
          12          23   4.1747516921831076E-012
          12          24  -2.3308018592209937E-004
          12          25  -1.5013545828184175E-010
