           1           1   2.0589355170016819     
           1           2 -0.11129726079908155     
           1           3 -0.16951583189439434     
           1           4 -0.21956864614523797     
           1           5  -1.1019626686436155E-003
           1           6  -4.8983935154899612E-015
           1           7   6.1744027068537433E-015
           1           8  -2.8605693410177678E-015
           1           9   4.7881203225028933E-015
           1          10   3.9131961902343485E-016
           1          11  -3.2298872165059526E-015
           1          12  -2.8040695174689231E-015
           1          13  -1.6793371251102862E-015
           1          14   3.4383133691520004E-015
           1          15   3.4501126364129255E-002
           1          16  -8.6201987125219548E-016
           1          17   3.4501126364122489E-002
           1          18   3.2930429122286210E-015
           1          19   2.5388661036123922E-015
           1          20   3.4501126364126659E-002
           1          21   2.7673014112433510E-002
           1          22   1.7189115523650763E-015
           1          23   2.7673014112432552E-002
           1          24  -3.8541052082134666E-015
           1          25  -1.2842679515547688E-015
           1          26   2.7673014112439533E-002
           2           1 -0.11129726079908155     
           2           2   7.1821632938159782E-002
           2           3   7.6848639854184456E-002
           2           4  0.35015838398491994     
           2           5  -3.8269725101181019E-003
           2           6   1.5809799503190248E-016
           2           7  -1.7824699656267068E-016
           2           8   1.7582843853332920E-016
           2           9  -3.1449687409276613E-017
           2          10  -1.1566071177134704E-016
           2          11   2.3504733161918891E-016
           2          12   7.7195614108930630E-017
           2          13   1.0309678541596155E-016
           2          14  -1.0251334660544626E-016
           2          15   3.3266584563572429E-003
           2          16   1.2190742685460006E-017
           2          17   3.3266584563573691E-003
           2          18  -8.2206125197105689E-017
           2          19  -7.2464299214842773E-017
           2          20   3.3266584563571688E-003
           2          21  -5.6073996589966577E-002
           2          22   1.9172718585690069E-017
           2          23  -5.6073996589967909E-002
           2          24   3.7999350709042203E-017
           2          25   1.5477628141617838E-016
           2          26  -5.6073996589967874E-002
           3           1 -0.16951583189439434     
           3           2   7.6848639854184456E-002
           3           3   8.3575545824341124E-002
           3           4  0.36603133368219309     
           3           5  -3.9068458922168914E-003
           3           6   2.9355175630305359E-016
           3           7  -3.4839907822251807E-016
           3           8   2.5733121017705131E-016
           3           9  -1.6035078325346384E-016
           3          10  -1.2944350269513973E-016
           3          11   3.2812927735036206E-016
           3          12   1.5435052833461569E-016
           3          13   1.5092578252087532E-016
           3          14  -1.9734415030954550E-016
           3          15   2.4994200744338072E-003
           3          16   3.5581337909050069E-017
           3          17   2.4994200744341178E-003
           3          18  -1.7258341277960136E-016
           3          19  -1.4240365542279394E-016
           3          20   2.4994200744338003E-003
           3          21  -5.8415693872855654E-002
           3          22  -2.6227510427703818E-017
           3          23  -5.8415693872857000E-002
           3          24   1.4211392438225135E-016
           3          25   1.9352992790552309E-016
           3          26  -5.8415693872857152E-002
           4           1 -0.21956864614523797     
           4           2  0.35015838398491994     
           4           3  0.36603133368219309     
           4           4   1.7624789161939716     
           4           5  -1.9862240806788067E-002
           4           6  -2.6073152098346216E-017
           4           7   1.4103129977137313E-016
           4           8   4.1400592026865934E-016
           4           9   6.5828765570689877E-016
           4          10  -5.2753358472709422E-016
           4          11   6.5515773733307407E-016
           4          12  -8.3324407969484884E-017
           4          13   2.4243465542648111E-016
           4          14   6.1779146350688378E-017
           4          15   2.3009705322724429E-002
           4          16  -8.4946516886694410E-017
           4          17   2.3009705322723915E-002
           4          18   1.4131707489848012E-016
           4          19   6.2249345711709885E-017
           4          20   2.3009705322723603E-002
           4          21 -0.28352389476158640     
           4          22   3.9291637560563785E-016
           4          23 -0.28352389476159345     
           4          24  -4.6465786763053896E-016
           4          25   5.7574124036951974E-016
           4          26 -0.28352389476159207     
           5           1  -1.1019626686436155E-003
           5           2  -3.8269725101181019E-003
           5           3  -3.9068458922168914E-003
           5           4  -1.9862240806788067E-002
           5           5   2.3013321423719926E-004
           5           6   8.9231398819928062E-018
           5           7  -1.2488822663471097E-017
           5           8   2.7811899398292344E-019
           5           9  -1.5990954099973515E-017
           5          10   5.3735294157844794E-018
           5          11  -1.8439376853188549E-018
           5          12   5.8941762658411253E-018
           5          13   1.7188953900208853E-019
           5          14  -6.7633891648201076E-018
           5          15  -3.2508957958752183E-004
           5          16   2.4933812885047735E-018
           5          17  -3.2508957958750405E-004
           5          18  -7.4206272505528958E-018
           5          19  -5.1845624346625323E-018
           5          20  -3.2508957958750774E-004
           5          21   3.2086339920116016E-003
           5          22  -7.5400725348021943E-018
           5          23   3.2086339920116840E-003
           5          24   1.2122836588858460E-017
           5          25  -4.3536703296335020E-018
           5          26   3.2086339920116562E-003
           6           1  -4.8983935154899612E-015
           6           2   1.5809799503190248E-016
           6           3   2.9355175630305359E-016
           6           4  -2.6073152098346216E-017
           6           5   8.9231398819928062E-018
           6           6   1.3580610083799191E-029
           6           7  -1.5116619247831708E-029
           6           8   5.1038011173552216E-030
           6           9  -1.2447916754439831E-029
           6          10   3.3659424799358671E-030
           6          11   5.1038410913346931E-030
           6          12   1.0324687768099726E-029
           6          13   4.5589571974997596E-030
           6          14  -1.1805427092211900E-029
           6          15  -9.0498208208206503E-017
           6          16   3.7615821159787274E-030
           6          17  -9.0498208208187213E-017
           6          18  -8.0408412815772517E-030
           6          19  -5.4048230005980397E-030
           6          20  -9.0498208208202337E-017
           6          21   2.2647189824063874E-017
           6          22  -6.4361616135506941E-030
           6          23   2.2647189824053532E-017
           6          24   9.9406982311833354E-030
           6          25   6.7900395529022614E-031
           6          26   2.2647189824037817E-017
           7           1   6.1744027068537433E-015
           7           2  -1.7824699656267068E-016
           7           3  -3.4839907822251807E-016
           7           4   1.4103129977137313E-016
           7           5  -1.2488822663471097E-017
           7           6  -1.5116619247831708E-029
           7           7   2.4409559785553757E-029
           7           8  -1.2841618240607215E-029
           7           9   2.2035066329780975E-029
           7          10   3.9282464658134487E-030
           7          11  -2.2541720057965253E-029
           7          12  -1.1093369342562506E-029
           7          13  -6.9947711105032967E-031
           7          14   1.1590502658116919E-029
           7          15   1.1573238044038941E-016
           7          16  -5.8690398551232314E-030
           7          17   1.1573238044036343E-016
           7          18   1.0178591034631534E-029
           7          19   6.5845881047831808E-030
           7          20   1.1573238044038143E-016
           7          21  -4.5997941850059974E-017
           7          22   9.4083362130640391E-030
           7          23  -4.5997941850088398E-017
           7          24  -1.4529247150007427E-029
           7          25   7.9473699879598934E-031
           7          26  -4.5997941850049595E-017
           8           1  -2.8605693410177678E-015
           8           2   1.7582843853332920E-016
           8           3   2.5733121017705131E-016
           8           4   4.1400592026865934E-016
           8           5   2.7811899398292344E-019
           8           6   5.1038011173552216E-030
           8           7  -1.2841618240607215E-029
           8           8   9.2093180107964546E-030
           8           9  -1.1674913164726634E-029
           8          10  -7.2715311077514783E-030
           8          11   1.7639145950329103E-029
           8          12   2.2666060331270328E-030
           8          13  -1.7680150084413928E-030
           8          14  -2.0292754919752765E-030
           8          15  -4.6261744047059680E-017
           8          16   2.0834406966830845E-030
           8          17  -4.6261744047049067E-017
           8          18  -4.5541482382747563E-030
           8          19  -3.3090925164259396E-030
           8          20  -4.6261744047053930E-017
           8          21  -5.6024600847196559E-017
           8          22  -3.3619244196816408E-030
           8          23  -5.6024600847162244E-017
           8          24   6.8778685976370139E-030
           8          25   5.0672957754657574E-031
           8          26  -5.6024600847187167E-017
           9           1   4.7881203225028933E-015
           9           2  -3.1449687409276613E-017
           9           3  -1.6035078325346384E-016
           9           4   6.5828765570689877E-016
           9           5  -1.5990954099973515E-017
           9           6  -1.2447916754439831E-029
           9           7   2.2035066329780975E-029
           9           8  -1.1674913164726634E-029
           9           9   2.1265172312153012E-029
           9          10   3.3114074886977173E-030
           9          11  -2.3330603793943588E-029
           9          12  -1.0930996848261220E-029
           9          13   1.5117216740946630E-030
           9          14   1.0595304125370404E-029
           9          15   9.8172127268250736E-017
           9          16  -6.6713281067791686E-030
           9          17   9.8172127268226848E-017
           9          18   8.1012938659150619E-030
           9          19   4.4152031405426716E-030
           9          20   9.8172127268244930E-017
           9          21  -1.2423083389792707E-016
           9          22   1.0076067603815201E-029
           9          23  -1.2423083389795875E-016
           9          24  -1.2979403570789408E-029
           9          25   3.6037715247462848E-030
           9          26  -1.2423083389791980E-016
          10           1   3.9131961902343485E-016
          10           2  -1.1566071177134704E-016
          10           3  -1.2944350269513973E-016
          10           4  -5.2753358472709422E-016
          10           5   5.3735294157844794E-018
          10           6   3.3659424799358671E-030
          10           7   3.9282464658134487E-030
          10           8  -7.2715311077514783E-030
          10           9   3.3114074886977173E-030
          10          10   1.2087958910852058E-029
          10          11  -1.4721061276042220E-029
          10          12   6.5931546478937416E-030
          10          13   3.7299332025715539E-030
          10          14  -7.2599419597433409E-030
          10          15  -8.9841940391038799E-019
          10          16   1.9253431015352800E-030
          10          17  -8.9841940390770710E-019
          10          18   4.1183092153460872E-031
          10          19   1.4563628644703934E-030
          10          20  -8.9841940391612572E-019
          10          21   8.3636317018644261E-017
          10          22  -2.6263489944694673E-030
          10          23   8.3636317018596436E-017
          10          24  -8.6899152071099030E-031
          10          25  -3.0552013826190825E-030
          10          26   8.3636317018611375E-017
          11           1  -3.2298872165059526E-015
          11           2   2.3504733161918891E-016
          11           3   3.2812927735036206E-016
          11           4   6.5515773733307407E-016
          11           5  -1.8439376853188549E-018
          11           6   5.1038410913346931E-030
          11           7  -2.2541720057965253E-029
          11           8   1.7639145950329103E-029
          11           9  -2.3330603793943588E-029
          11          10  -1.4721061276042220E-029
          11          11   4.0489120894927125E-029
          11          12   4.5149614896363905E-030
          11          13  -8.6784657375629761E-030
          11          14  -2.1431841666194188E-030
          11          15  -4.9353593722881739E-017
          11          16   6.2826525092600433E-030
          11          17  -4.9353593722863626E-017
          11          18  -5.1782282258097676E-030
          11          19  -2.3061510855897323E-030
          11          20  -4.9353593722874627E-017
          11          21  -9.3540509317599566E-017
          11          22  -8.6014708637829870E-030
          11          23  -9.3540509317521272E-017
          11          24   1.1247068653863054E-029
          11          25  -4.8896477347450052E-030
          11          26  -9.3540509317575111E-017
          12           1  -2.8040695174689231E-015
          12           2   7.7195614108930630E-017
          12           3   1.5435052833461569E-016
          12           4  -8.3324407969484884E-017
          12           5   5.8941762658411253E-018
          12           6   1.0324687768099726E-029
          12           7  -1.1093369342562506E-029
          12           8   2.2666060331270328E-030
          12           9  -1.0930996848261220E-029
          12          10   6.5931546478937416E-030
          12          11   4.5149614896363905E-030
          12          12   1.1863386431575290E-029
          12          13   1.7400320369957492E-030
          12          14  -1.2094747750151343E-029
          12          15  -5.2855105204114879E-017
          12          16   5.7354460323151941E-030
          12          17  -5.2855105204097863E-017
          12          18  -4.7240751270081917E-030
          12          19  -1.6057488157617008E-030
          12          20  -5.2855105204115877E-017
          12          21   2.3999240701614032E-017
          12          22  -8.3053228194280571E-030
          12          23   2.3999240701596307E-017
          12          24   7.4252207188490364E-030
          12          25  -4.5076211377329383E-030
          12          26   2.3999240701582798E-017
          13           1  -1.6793371251102862E-015
          13           2   1.0309678541596155E-016
          13           3   1.5092578252087532E-016
          13           4   2.4243465542648111E-016
          13           5   1.7188953900208853E-019
          13           6   4.5589571974997596E-030
          13           7  -6.9947711105032967E-031
          13           8  -1.7680150084413928E-030
          13           9   1.5117216740946630E-030
          13          10   3.7299332025715539E-030
          13          11  -8.6784657375629761E-030
          13          12   1.7400320369957492E-030
          13          13   5.0261853550367982E-030
          13          14  -3.3682536791731985E-030
          13          15  -2.7168242274246999E-017
          13          16  -1.1599619641848621E-030
          13          17  -2.7168242274244447E-017
          13          18  -2.6280691965345866E-030
          13          19  -2.6906015092752294E-030
          13          20  -2.7168242274245674E-017
          13          21  -3.2791240107941844E-017
          13          22   8.8850401823369654E-031
          13          23  -3.2791240107965091E-017
          13          24   1.2797146400579181E-030
          13          25   3.6640108453339915E-030
          13          26  -3.2791240107956660E-017
          14           1   3.4383133691520004E-015
          14           2  -1.0251334660544626E-016
          14           3  -1.9734415030954550E-016
          14           4   6.1779146350688378E-017
          14           5  -6.7633891648201076E-018
          14           6  -1.1805427092211900E-029
          14           7   1.1590502658116919E-029
          14           8  -2.0292754919752765E-030
          14           9   1.0595304125370404E-029
          14          10  -7.2599419597433409E-030
          14          11  -2.1431841666194188E-030
          14          12  -1.2094747750151343E-029
          14          13  -3.3682536791731985E-030
          14          14   1.2890715465543605E-029
          14          15   6.4190384143265471E-017
          14          16  -5.1813660845005405E-030
          14          17   6.4190384143247673E-017
          14          18   5.7317555905732020E-030
          14          19   2.7007356387477742E-030
          14          20   6.4190384143265570E-017
          14          21  -2.2910945494284825E-017
          14          22   7.8236232117370696E-030
          14          23  -2.2910945494261825E-017
          14          24  -7.9733212847921824E-030
          14          25   2.9796712619627089E-030
          14          26  -2.2910945494250485E-017
          15           1   3.4501126364129255E-002
          15           2   3.3266584563572429E-003
          15           3   2.4994200744338072E-003
          15           4   2.3009705322724429E-002
          15           5  -3.2508957958752183E-004
          15           6  -9.0498208208206503E-017
          15           7   1.1573238044038941E-016
          15           8  -4.6261744047059680E-017
          15           9   9.8172127268250736E-017
          15          10  -8.9841940391038799E-019
          15          11  -4.9353593722881739E-017
          15          12  -5.2855105204114879E-017
          15          13  -2.7168242274246999E-017
          15          14   6.4190384143265471E-017
          15          15   9.8771654272731147E-004
          15          16  -1.7159068512775677E-017
          15          17   9.8771654272717920E-004
          15          18   6.2738957490662155E-017
          15          19   4.7653676461443669E-017
          15          20   9.8771654272725119E-004
          15          21  -3.8421687365693936E-003
          15          22   3.7646532212344337E-017
          15          23  -3.8421687365695189E-003
          15          24  -7.8020963001814866E-017
          15          25  -1.4786344066056402E-017
          15          26  -3.8421687365693697E-003
          16           1  -8.6201987125219548E-016
          16           2   1.2190742685460006E-017
          16           3   3.5581337909050069E-017
          16           4  -8.4946516886694410E-017
          16           5   2.4933812885047735E-018
          16           6   3.7615821159787274E-030
          16           7  -5.8690398551232314E-030
          16           8   2.0834406966830845E-030
          16           9  -6.6713281067791686E-030
          16          10   1.9253431015352800E-030
          16          11   6.2826525092600433E-030
          16          12   5.7354460323151941E-030
          16          13  -1.1599619641848621E-030
          16          14  -5.1813660845005405E-030
          16          15  -1.7159068512775677E-017
          16          16   3.6154528395100893E-030
          16          17  -1.7159068512767409E-017
          16          18  -1.5165853135804220E-030
          16          19   2.1290421627787482E-031
          16          20  -1.7159068512776734E-017
          16          21   1.6949954133055139E-017
          16          22  -4.9014368209669049E-030
          16          23   1.6949954133055367E-017
          16          24   3.5592739940748031E-030
          16          25  -3.9462220621184956E-030
          16          26   1.6949954133044292E-017
          17           1   3.4501126364122489E-002
          17           2   3.3266584563573691E-003
          17           3   2.4994200744341178E-003
          17           4   2.3009705322723915E-002
          17           5  -3.2508957958750405E-004
          17           6  -9.0498208208187213E-017
          17           7   1.1573238044036343E-016
          17           8  -4.6261744047049067E-017
          17           9   9.8172127268226848E-017
          17          10  -8.9841940390770710E-019
          17          11  -4.9353593722863626E-017
          17          12  -5.2855105204097863E-017
          17          13  -2.7168242274244447E-017
          17          14   6.4190384143247673E-017
          17          15   9.8771654272717920E-004
          17          16  -1.7159068512767409E-017
          17          17   9.8771654272704693E-004
          17          18   6.2738957490650840E-017
          17          19   4.7653676461437241E-017
          17          20   9.8771654272711892E-004
          17          21  -3.8421687365692856E-003
          17          22   3.7646532212331506E-017
          17          23  -3.8421687365694105E-003
          17          24  -7.8020963001798571E-017
          17          25  -1.4786344066059782E-017
          17          26  -3.8421687365692617E-003
          18           1   3.2930429122286210E-015
          18           2  -8.2206125197105689E-017
          18           3  -1.7258341277960136E-016
          18           4   1.4131707489848012E-016
          18           5  -7.4206272505528958E-018
          18           6  -8.0408412815772517E-030
          18           7   1.0178591034631534E-029
          18           8  -4.5541482382747563E-030
          18           9   8.1012938659150619E-030
          18          10   4.1183092153460872E-031
          18          11  -5.1782282258097676E-030
          18          12  -4.7240751270081917E-030
          18          13  -2.6280691965345866E-030
          18          14   5.7317555905732020E-030
          18          15   6.2738957490662155E-017
          18          16  -1.5165853135804220E-030
          18          17   6.2738957490650840E-017
          18          18   5.4087578744163714E-030
          18          19   4.1189359906872601E-030
          18          20   6.2738957490657767E-017
          18          21  -3.5196683214320271E-017
          18          22   3.0246187114116948E-030
          18          23  -3.5196683214323697E-017
          18          24  -6.4594682203116014E-030
          18          25  -1.8095916069425814E-030
          18          26  -3.5196683214311766E-017
          19           1   2.5388661036123922E-015
          19           2  -7.2464299214842773E-017
          19           3  -1.4240365542279394E-016
          19           4   6.2249345711709885E-017
          19           5  -5.1845624346625323E-018
          19           6  -5.4048230005980397E-030
          19           7   6.5845881047831808E-030
          19           8  -3.3090925164259396E-030
          19           9   4.4152031405426716E-030
          19          10   1.4563628644703934E-030
          19          11  -2.3061510855897323E-030
          19          12  -1.6057488157617008E-030
          19          13  -2.6906015092752294E-030
          19          14   2.7007356387477742E-030
          19          15   4.7653676461443669E-017
          19          16   2.1290421627787482E-031
          19          17   4.7653676461437241E-017
          19          18   4.1189359906872601E-030
          19          19   3.7299342839316310E-030
          19          20   4.7653676461439250E-017
          19          21  -1.9601097401110529E-017
          19          22   5.5700163301503709E-031
          19          23  -1.9601097401114551E-017
          19          24  -4.2042075803874224E-030
          19          25  -3.2935450542499412E-030
          19          26  -1.9601097401108320E-017
          20           1   3.4501126364126659E-002
          20           2   3.3266584563571688E-003
          20           3   2.4994200744338003E-003
          20           4   2.3009705322723603E-002
          20           5  -3.2508957958750774E-004
          20           6  -9.0498208208202337E-017
          20           7   1.1573238044038143E-016
          20           8  -4.6261744047053930E-017
          20           9   9.8172127268244930E-017
          20          10  -8.9841940391612572E-019
          20          11  -4.9353593722874627E-017
          20          12  -5.2855105204115877E-017
          20          13  -2.7168242274245674E-017
          20          14   6.4190384143265570E-017
          20          15   9.8771654272725119E-004
          20          16  -1.7159068512776734E-017
          20          17   9.8771654272711892E-004
          20          18   6.2738957490657767E-017
          20          19   4.7653676461439250E-017
          20          20   9.8771654272719047E-004
          20          21  -3.8421687365692509E-003
          20          22   3.7646532212344750E-017
          20          23  -3.8421687365693758E-003
          20          24  -7.8020963001810133E-017
          20          25  -1.4786344066052014E-017
          20          26  -3.8421687365692266E-003
          21           1   2.7673014112433510E-002
          21           2  -5.6073996589966577E-002
          21           3  -5.8415693872855654E-002
          21           4 -0.28352389476158640     
          21           5   3.2086339920116016E-003
          21           6   2.2647189824063874E-017
          21           7  -4.5997941850059974E-017
          21           8  -5.6024600847196559E-017
          21           9  -1.2423083389792707E-016
          21          10   8.3636317018644261E-017
          21          11  -9.3540509317599566E-017
          21          12   2.3999240701614032E-017
          21          13  -3.2791240107941844E-017
          21          14  -2.2910945494284825E-017
          21          15  -3.8421687365693936E-003
          21          16   1.6949954133055139E-017
          21          17  -3.8421687365692856E-003
          21          18  -3.5196683214320271E-017
          21          19  -1.9601097401110529E-017
          21          20  -3.8421687365692509E-003
          21          21   4.5638302601205362E-002
          21          22  -6.9862304781119998E-017
          21          23   4.5638302601206493E-002
          21          24   8.9475220498619046E-017
          21          25  -8.8052466991998533E-017
          21          26   4.5638302601206257E-002
          22           1   1.7189115523650763E-015
          22           2   1.9172718585690069E-017
          22           3  -2.6227510427703818E-017
          22           4   3.9291637560563785E-016
          22           5  -7.5400725348021943E-018
          22           6  -6.4361616135506941E-030
          22           7   9.4083362130640391E-030
          22           8  -3.3619244196816408E-030
          22           9   1.0076067603815201E-029
          22          10  -2.6263489944694673E-030
          22          11  -8.6014708637829870E-030
          22          12  -8.3053228194280571E-030
          22          13   8.8850401823369654E-031
          22          14   7.8236232117370696E-030
          22          15   3.7646532212344337E-017
          22          16  -4.9014368209669049E-030
          22          17   3.7646532212331506E-017
          22          18   3.0246187114116948E-030
          22          19   5.5700163301503709E-031
          22          20   3.7646532212344750E-017
          22          21  -6.9862304781119998E-017
          22          22   6.8821595015685319E-030
          22          23  -6.9862304781121119E-017
          22          24  -5.8446147910189498E-030
          22          25   4.7265775051955046E-030
          22          26  -6.9862304781104824E-017
          23           1   2.7673014112432552E-002
          23           2  -5.6073996589967909E-002
          23           3  -5.8415693872857000E-002
          23           4 -0.28352389476159345     
          23           5   3.2086339920116840E-003
          23           6   2.2647189824053532E-017
          23           7  -4.5997941850088398E-017
          23           8  -5.6024600847162244E-017
          23           9  -1.2423083389795875E-016
          23          10   8.3636317018596436E-017
          23          11  -9.3540509317521272E-017
          23          12   2.3999240701596307E-017
          23          13  -3.2791240107965091E-017
          23          14  -2.2910945494261825E-017
          23          15  -3.8421687365695189E-003
          23          16   1.6949954133055367E-017
          23          17  -3.8421687365694105E-003
          23          18  -3.5196683214323697E-017
          23          19  -1.9601097401114551E-017
          23          20  -3.8421687365693758E-003
          23          21   4.5638302601206493E-002
          23          22  -6.9862304781121119E-017
          23          23   4.5638302601207624E-002
          23          24   8.9475220498631089E-017
          23          25  -8.8052466991999013E-017
          23          26   4.5638302601207381E-002
          24           1  -3.8541052082134666E-015
          24           2   3.7999350709042203E-017
          24           3   1.4211392438225135E-016
          24           4  -4.6465786763053896E-016
          24           5   1.2122836588858460E-017
          24           6   9.9406982311833354E-030
          24           7  -1.4529247150007427E-029
          24           8   6.8778685976370139E-030
          24           9  -1.2979403570789408E-029
          24          10  -8.6899152071099030E-031
          24          11   1.1247068653863054E-029
          24          12   7.4252207188490364E-030
          24          13   1.2797146400579181E-030
          24          14  -7.9733212847921824E-030
          24          15  -7.8020963001814866E-017
          24          16   3.5592739940748031E-030
          24          17  -7.8020963001798571E-017
          24          18  -6.4594682203116014E-030
          24          19  -4.2042075803874224E-030
          24          20  -7.8020963001810133E-017
          24          21   8.9475220498619046E-017
          24          22  -5.8446147910189498E-030
          24          23   8.9475220498631089E-017
          24          24   8.9475662170753128E-030
          24          25  -3.7945247931060958E-031
          24          26   8.9475220498609592E-017
          25           1  -1.2842679515547688E-015
          25           2   1.5477628141617838E-016
          25           3   1.9352992790552309E-016
          25           4   5.7574124036951974E-016
          25           5  -4.3536703296335020E-018
          25           6   6.7900395529022614E-031
          25           7   7.9473699879598934E-031
          25           8   5.0672957754657574E-031
          25           9   3.6037715247462848E-030
          25          10  -3.0552013826190825E-030
          25          11  -4.8896477347450052E-030
          25          12  -4.5076211377329383E-030
          25          13   3.6640108453339915E-030
          25          14   2.9796712619627089E-030
          25          15  -1.4786344066056402E-017
          25          16  -3.9462220621184956E-030
          25          17  -1.4786344066059782E-017
          25          18  -1.8095916069425814E-030
          25          19  -3.2935450542499412E-030
          25          20  -1.4786344066052014E-017
          25          21  -8.8052466991998533E-017
          25          22   4.7265775051955046E-030
          25          23  -8.8052466991999013E-017
          25          24  -3.7945247931060958E-031
          25          25   7.0018468910360270E-030
          25          26  -8.8052466991991741E-017
          26           1   2.7673014112439533E-002
          26           2  -5.6073996589967874E-002
          26           3  -5.8415693872857152E-002
          26           4 -0.28352389476159207     
          26           5   3.2086339920116562E-003
          26           6   2.2647189824037817E-017
          26           7  -4.5997941850049595E-017
          26           8  -5.6024600847187167E-017
          26           9  -1.2423083389791980E-016
          26          10   8.3636317018611375E-017
          26          11  -9.3540509317575111E-017
          26          12   2.3999240701582798E-017
          26          13  -3.2791240107956660E-017
          26          14  -2.2910945494250485E-017
          26          15  -3.8421687365693697E-003
          26          16   1.6949954133044292E-017
          26          17  -3.8421687365692617E-003
          26          18  -3.5196683214311766E-017
          26          19  -1.9601097401108320E-017
          26          20  -3.8421687365692266E-003
          26          21   4.5638302601206257E-002
          26          22  -6.9862304781104824E-017
          26          23   4.5638302601207381E-002
          26          24   8.9475220498609592E-017
          26          25  -8.8052466991991741E-017
          26          26   4.5638302601207138E-002
