           1           1   2.6906222796349533     
           1           2 -0.33216744721830704     
           1           3  -9.6351301424835967     
           1           4   14.193669437459853     
           1           5 -0.29471260196109472     
           1           6  -7.8287619103874794E-013
           1           7   5.6347864541105467E-013
           1           8  -7.3462755376483861E-013
           1           9   5.4300821193534354E-014
           1          10  -3.9462021379865536E-014
           1          11   3.5549066360707029E-014
           1          12  -3.8541523849099898E-014
           1          13   3.4356130872218563E-014
           1          14  -2.7891883277494635E-014
           1          15  0.64662205638022474     
           1          16  -8.9369919195301968E-016
           1          17  0.64662205638021297     
           1          18  -9.7009649089390066E-016
           1          19   1.4497925930497778E-015
           1          20  0.64662205638021786     
           1          21  -3.5527036356836335     
           1          22   6.6533813914111939E-015
           1          23  -3.5527036356836197     
           1          24  -1.6321224173764136E-015
           1          25  -1.0529564773976144E-014
           1          26  -3.5527036356836343     
           2           1 -0.33216744721830704     
           2           2  0.88312084981298611     
           2           3   10.086543106351320     
           2           4  -14.914010603691057     
           2           5  0.30120843136225139     
           2           6   1.5682990322949049E-012
           2           7  -1.1498996442935770E-012
           2           8   1.4851959263450298E-012
           2           9  -9.0697955371145642E-014
           2          10   6.9747319340999316E-014
           2          11  -9.1576819988597443E-014
           2          12   6.7495633159070015E-014
           2          13  -5.0210054408983691E-014
           2          14   6.9156661286652042E-014
           2          15 -0.67887836777351462     
           2          16   3.7870389216540681E-015
           2          17 -0.67887836777351607     
           2          18  -8.8773115832687100E-016
           2          19  -3.5443383090295080E-015
           2          20 -0.67887836777349742     
           2          21   3.7421034225888254     
           2          22  -8.3976095673468747E-016
           2          23   3.7421034225888228     
           2          24  -3.1261420174661298E-016
           2          25   1.4295176619790534E-015
           2          26   3.7421034225888383     
           3           1  -9.6351301424835967     
           3           2   10.086543106351320     
           3           3   128.50205083291908     
           3           4  -189.88335211092954     
           3           5   3.8532817098897798     
           3           6   1.8351676279299477E-011
           3           7  -1.3431724943228095E-011
           3           8   1.7363832503267749E-011
           3           9  -1.0818634409026032E-012
           3          10   8.2673350982040966E-013
           3          11  -1.0484566947899660E-012
           3          12   8.0084842825215081E-013
           3          13  -6.0869493880364061E-013
           3          14   7.9415141635230311E-013
           3          15  -8.6446101118612724     
           3          16   4.2045291427398840E-014
           3          17  -8.6446101118612617     
           3          18  -7.1703903938856197E-015
           3          19  -4.0747181251807385E-014
           3          20  -8.6446101118610770     
           3          21   47.624290683502508     
           3          22  -2.4019932726114695E-014
           3          23   47.624290683502437     
           3          24   4.1303550419793645E-016
           3          25   3.9075694477757655E-014
           3          26   47.624290683502636     
           4           1   14.193669437459853     
           4           2  -14.914010603691057     
           4           3  -189.88335211092954     
           4           4   280.58550608515861     
           4           5  -5.6937415332262251     
           4           6  -2.7130898146999122E-011
           4           7   1.9857513072825103E-011
           4           8  -2.5670617836463919E-011
           4           9   1.5992323727298769E-012
           4          10  -1.2221394641207909E-012
           4          11   1.5502302935512518E-012
           4          12  -1.1838671757837626E-012
           4          13   8.9970037433073365E-013
           4          14  -1.1741973121930464E-012
           4          15   12.773897258600051     
           4          16  -6.2179306133168510E-014
           4          17   12.773897258600035     
           4          18   1.0629049270367275E-014
           4          19   6.0246571483027939E-014
           4          20   12.773897258599760     
           4          21  -70.373289441505960     
           4          22   3.5385367803942861E-014
           4          23  -70.373289441505875     
           4          24  -5.7465410652309717E-016
           4          25  -5.7571570891873615E-014
           4          26  -70.373289441506159     
           5           1 -0.29471260196109472     
           5           2  0.30120843136225139     
           5           3   3.8532817098897798     
           5           4  -5.6937415332262251     
           5           5  0.11556212721442996     
           5           6   5.4855055928034693E-013
           5           7  -4.0146013297030557E-013
           5           8   5.1900491453049184E-013
           5           9  -3.2361997098351505E-014
           5          10   2.4724260632334302E-014
           5          11  -3.1312444385282048E-014
           5          12   2.3951069569136096E-014
           5          13  -1.8219209650779920E-014
           5          14   2.3720388894543088E-014
           5          15 -0.25921399829581732     
           5          16   1.2541287593940260E-015
           5          17 -0.25921399829581693     
           5          18  -2.1057528411562157E-016
           5          19  -1.2171264019582509E-015
           5          20 -0.25921399829581143     
           5          21   1.4280155908461005     
           5          22  -7.3454530279034058E-016
           5          23   1.4280155908460985     
           5          24   1.7097378394987608E-017
           5          25   1.1940946480825235E-015
           5          26   1.4280155908461043     
           6           1  -7.8287619103874794E-013
           6           2   1.5682990322949049E-012
           6           3   1.8351676279299477E-011
           6           4  -2.7130898146999122E-011
           6           5   5.4855055928034693E-013
           6           6   2.7995967347321358E-024
           6           7  -2.0519123702346994E-024
           6           8   2.6507391589844307E-024
           6           9  -1.6258533703446066E-025
           6          10   1.2485650267379542E-025
           6          11  -1.6271068671248429E-025
           6          12   1.2085228892776948E-025
           6          13  -9.0329748310450029E-026
           6          14   1.2295397089794212E-025
           6          15  -1.2350251436079801E-012
           6          16   6.6853301087955352E-027
           6          17  -1.2350251436079819E-012
           6          18  -1.4783982891374554E-027
           6          19  -6.3030243570329163E-027
           6          20  -1.2350251436079496E-012
           6          21   6.8068152177404121E-012
           6          22  -1.9680125996936364E-027
           6          23   6.8068152177404056E-012
           6          24  -4.2354449502184091E-028
           6          25   3.2902224070439863E-027
           6          26   6.8068152177404339E-012
           7           1   5.6347864541105467E-013
           7           2  -1.1498996442935770E-012
           7           3  -1.3431724943228095E-011
           7           4   1.9857513072825103E-011
           7           5  -4.0146013297030557E-013
           7           6  -2.0519123702346994E-024
           7           7   1.5039540724445328E-024
           7           8  -1.9428376167245267E-024
           7           9   1.1912702316167796E-025
           7          10  -9.1492273441321792E-026
           7          11   1.1929730462029770E-025
           7          12  -8.8556627897077944E-026
           7          13   6.6167544537072210E-026
           7          14  -9.0143916906503104E-026
           7          15   9.0393136985914767E-013
           7          16  -4.9039609130587033E-027
           7          17   9.0393136985914908E-013
           7          18   1.0893387801383133E-027
           7          19   4.6209899158235724E-027
           7          20   9.0393136985912536E-013
           7          21  -4.9820453119599079E-012
           7          22   1.4169465179883248E-027
           7          23  -4.9820453119599030E-012
           7          24   3.1773521891379472E-028
           7          25  -2.3714011011376148E-027
           7          26  -4.9820453119599240E-012
           8           1  -7.3462755376483861E-013
           8           2   1.4851959263450298E-012
           8           3   1.7363832503267749E-011
           8           4  -2.5670617836463919E-011
           8           5   5.1900491453049184E-013
           8           6   2.6507391589844307E-024
           8           7  -1.9428376167245267E-024
           8           8   2.5098142435896653E-024
           8           9  -1.5391682668420990E-025
           8          10   1.1820556461015830E-025
           8          11  -1.5408584567408634E-025
           8          12   1.1441372542322683E-025
           8          13  -8.5502446786608859E-026
           8          14   1.1643376621665786E-025
           8          15  -1.1685503764307946E-012
           8          16   6.3324782444058867E-027
           8          17  -1.1685503764307964E-012
           8          18  -1.4034970195979689E-027
           8          19  -5.9687237655067333E-027
           8          20  -1.1685503764307659E-012
           8          21   6.4404707778751396E-012
           8          22  -1.8470197419816611E-027
           8          23   6.4404707778751340E-012
           8          24  -4.0571434615336743E-028
           8          25   3.0895316432957068E-027
           8          26   6.4404707778751606E-012
           9           1   5.4300821193534354E-014
           9           2  -9.0697955371145642E-014
           9           3  -1.0818634409026032E-012
           9           4   1.5992323727298769E-012
           9           5  -3.2361997098351505E-014
           9           6  -1.6258533703446066E-025
           9           7   1.1912702316167796E-025
           9           8  -1.5391682668420990E-025
           9           9   9.4736561599307354E-027
           9          10  -7.2672412114448515E-027
           9          11   9.4137782105528823E-027
           9          12  -7.0354104909971359E-027
           9          13   5.2783771643401967E-027
           9          14  -7.1172943489246372E-027
           9          15   7.2800460323664324E-014
           9          16  -3.8475943940231888E-028
           9          17   7.2800460323664400E-014
           9          18   8.0911648259056706E-029
           9          19   3.6492724546371525E-028
           9          20   7.2800460323662570E-014
           9          21  -4.0119838923256344E-013
           9          22   1.3610814713117502E-028
           9          23  -4.0119838923256309E-013
           9          24   1.8339389685248000E-029
           9          25  -2.2542944303869715E-028
           9          26  -4.0119838923256470E-013
          10           1  -3.9462021379865536E-014
          10           2   6.9747319340999316E-014
          10           3   8.2673350982040966E-013
          10           4  -1.2221394641207909E-012
          10           5   2.4724260632334302E-014
          10           6   1.2485650267379542E-025
          10           7  -9.1492273441321792E-026
          10           8   1.1820556461015830E-025
          10           9  -7.2672412114448515E-027
          10          10   5.5767200295101665E-027
          10          11  -7.2382687201444271E-027
          10          12   5.3985065229793871E-027
          10          13  -4.0452639821041210E-027
          10          14   5.4715635946524763E-027
          10          15  -5.5633931787350152E-014
          10          16   2.9635738105136709E-028
          10          17  -5.5633931787350209E-014
          10          18  -6.3388346797512202E-029
          10          19  -2.8052704654709969E-028
          10          20  -5.5633931787348802E-014
          10          21   3.0660475484656606E-013
          10          22  -9.8997509512291708E-029
          10          23   3.0660475484656571E-013
          10          24  -1.5668671899287874E-029
          10          25   1.6441640536098604E-028
          10          26   3.0660475484656697E-013
          11           1   3.5549066360707029E-014
          11           2  -9.1576819988597443E-014
          11           3  -1.0484566947899660E-012
          11           4   1.5502302935512518E-012
          11           5  -3.1312444385282048E-014
          11           6  -1.6271068671248429E-025
          11           7   1.1929730462029770E-025
          11           8  -1.5408584567408634E-025
          11           9   9.4137782105528823E-027
          11          10  -7.2382687201444271E-027
          11          11   9.4966999780340897E-027
          11          12  -7.0047443648518107E-027
          11          13   5.2132818712142130E-027
          11          14  -7.1721347979032956E-027
          11          15   7.0565943836357439E-014
          11          16  -3.9247543827401388E-028
          11          17   7.0565943836357590E-014
          11          18   9.1493608207524275E-029
          11          19   3.6758681251726200E-028
          11          20   7.0565943836355659E-014
          11          21  -3.8896757311087510E-013
          11          22   8.9808427392275839E-029
          11          23  -3.8896757311087480E-013
          11          24   3.1663963067971235E-029
          11          25  -1.5253728283955183E-028
          11          26  -3.8896757311087642E-013
          12           1  -3.8541523849099898E-014
          12           2   6.7495633159070015E-014
          12           3   8.0084842825215081E-013
          12           4  -1.1838671757837626E-012
          12           5   2.3951069569136096E-014
          12           6   1.2085228892776948E-025
          12           7  -8.8556627897077944E-026
          12           8   1.1441372542322683E-025
          12           9  -7.0354104909971359E-027
          12          10   5.3985065229793871E-027
          12          11  -7.0047443648518107E-027
          12          12   5.2260362324883260E-027
          12          13  -3.9168001746237879E-027
          12          14   5.2951814955559290E-027
          12          15  -5.3891780907384062E-014
          12          16   2.8671681681163157E-028
          12          17  -5.3891780907384119E-014
          12          18  -6.1162298827161994E-029
          12          19  -2.7148673003159277E-028
          12          20  -5.3891780907382756E-014
          12          21   2.9700202876611910E-013
          12          22  -9.6674644689090086E-029
          12          23   2.9700202876611880E-013
          12          24  -1.4921776030895958E-029
          12          25   1.6048505121561897E-028
          12          26   2.9700202876612006E-013
          13           1   3.4356130872218563E-014
          13           2  -5.0210054408983691E-014
          13           3  -6.0869493880364061E-013
          13           4   8.9970037433073365E-013
          13           5  -1.8219209650779920E-014
          13           6  -9.0329748310450029E-026
          13           7   6.6167544537072210E-026
          13           8  -8.5502446786608859E-026
          13           9   5.2783771643401967E-027
          13          10  -4.0452639821041210E-027
          13          11   5.2132818712142130E-027
          13          12  -3.9168001746237879E-027
          13          13   2.9479907325347347E-027
          13          14  -3.9432554941137318E-027
          13          15   4.0957130416342493E-014
          13          16  -2.1211289987483301E-028
          13          17   4.0957130416342512E-014
          13          18   4.2609274354659904E-029
          13          19   2.0221769576215668E-028
          13          20   4.0957130416341521E-014
          13          21  -2.2569336785391485E-013
          13          22   8.5959070328060058E-029
          13          23  -2.2569336785391462E-013
          13          24   7.2233110313081299E-030
          13          25  -1.4152503474046417E-028
          13          26  -2.2569336785391558E-013
          14           1  -2.7891883277494635E-014
          14           2   6.9156661286652042E-014
          14           3   7.9415141635230311E-013
          14           4  -1.1741973121930464E-012
          14           5   2.3720388894543088E-014
          14           6   1.2295397089794212E-025
          14           7  -9.0143916906503104E-026
          14           8   1.1643376621665786E-025
          14           9  -7.1172943489246372E-027
          14          10   5.4715635946524763E-027
          14          11  -7.1721347979032956E-027
          14          12   5.2951814955559290E-027
          14          13  -3.9432554941137318E-027
          14          14   5.4169940890908125E-027
          14          15  -5.3449270198170153E-014
          14          16   2.9617184282189723E-028
          14          17  -5.3449270198170260E-014
          14          18  -6.8562164106028412E-029
          14          19  -2.7764048347170867E-028
          14          20  -5.3449270198168802E-014
          14          21   2.9461378854177800E-013
          14          22  -7.0405106441223650E-029
          14          23   2.9461378854177775E-013
          14          24  -2.3198501769624574E-029
          14          25   1.1926639459214573E-028
          14          26   2.9461378854177896E-013
          15           1  0.64662205638022474     
          15           2 -0.67887836777351462     
          15           3  -8.6446101118612724     
          15           4   12.773897258600051     
          15           5 -0.25921399829581732     
          15           6  -1.2350251436079801E-012
          15           7   9.0393136985914767E-013
          15           8  -1.1685503764307946E-012
          15           9   7.2800460323664324E-014
          15          10  -5.5633931787350152E-014
          15          11   7.0565943836357439E-014
          15          12  -5.3891780907384062E-014
          15          13   4.0957130416342493E-014
          15          14  -5.3449270198170153E-014
          15          15  0.58154279372956741     
          15          16  -2.8302608783884950E-015
          15          17  0.58154279372956674     
          15          18   4.8355802476090304E-016
          15          19   2.7424183093162229E-015
          15          20  0.58154279372955420     
          15          21  -3.2038031058873710     
          15          22   1.6120416112292131E-015
          15          23  -3.2038031058873666     
          15          24  -2.6521635287690582E-017
          15          25  -2.6227061104731019E-015
          15          26  -3.2038031058873799     
          16           1  -8.9369919195301968E-016
          16           2   3.7870389216540681E-015
          16           3   4.2045291427398840E-014
          16           4  -6.2179306133168510E-014
          16           5   1.2541287593940260E-015
          16           6   6.6853301087955352E-027
          16           7  -4.9039609130587033E-027
          16           8   6.3324782444058867E-027
          16           9  -3.8475943940231888E-028
          16          10   2.9635738105136709E-028
          16          11  -3.9247543827401388E-028
          16          12   2.8671681681163157E-028
          16          13  -2.1211289987483301E-028
          16          14   2.9617184282189723E-028
          16          15  -2.8302608783884950E-015
          16          16   1.6349531841360112E-029
          16          17  -2.8302608783885041E-015
          16          18  -4.0765433361164321E-030
          16          19  -1.5174860331126624E-029
          16          20  -2.8302608783884221E-015
          16          21   1.5603321536389819E-014
          16          22  -2.2901733165927523E-030
          16          23   1.5603321536389806E-014
          16          24  -1.7024961149671486E-030
          16          25   4.0632842693159004E-030
          16          26   1.5603321536389872E-014
          17           1  0.64662205638021297     
          17           2 -0.67887836777351607     
          17           3  -8.6446101118612617     
          17           4   12.773897258600035     
          17           5 -0.25921399829581693     
          17           6  -1.2350251436079819E-012
          17           7   9.0393136985914908E-013
          17           8  -1.1685503764307964E-012
          17           9   7.2800460323664400E-014
          17          10  -5.5633931787350209E-014
          17          11   7.0565943836357590E-014
          17          12  -5.3891780907384119E-014
          17          13   4.0957130416342512E-014
          17          14  -5.3449270198170260E-014
          17          15  0.58154279372956674     
          17          16  -2.8302608783885041E-015
          17          17  0.58154279372956597     
          17          18   4.8355802476091073E-016
          17          19   2.7424183093162284E-015
          17          20  0.58154279372955353     
          17          21  -3.2038031058873671     
          17          22   1.6120416112291839E-015
          17          23  -3.2038031058873626     
          17          24  -2.6521635287681584E-017
          17          25  -2.6227061104730557E-015
          17          26  -3.2038031058873764     
          18           1  -9.7009649089390066E-016
          18           2  -8.8773115832687100E-016
          18           3  -7.1703903938856197E-015
          18           4   1.0629049270367275E-014
          18           5  -2.1057528411562157E-016
          18           6  -1.4783982891374554E-027
          18           7   1.0893387801383133E-027
          18           8  -1.4034970195979689E-027
          18           9   8.0911648259056706E-029
          18          10  -6.3388346797512202E-029
          18          11   9.1493608207524275E-029
          18          12  -6.1162298827161994E-029
          18          13   4.2609274354659904E-029
          18          14  -6.8562164106028412E-029
          18          15   4.8355802476090304E-016
          18          16  -4.0765433361164321E-030
          18          17   4.8355802476091073E-016
          18          18   1.5551168783429894E-030
          18          19   3.5035475459164169E-030
          18          20   4.8355802476088608E-016
          18          21  -2.6713556152468674E-015
          18          22  -2.3768736546196395E-030
          18          23  -2.6713556152468702E-015
          18          24   1.2035265510969122E-030
          18          25   3.6413501440248354E-030
          18          26  -2.6713556152468816E-015
          19           1   1.4497925930497778E-015
          19           2  -3.5443383090295080E-015
          19           3  -4.0747181251807385E-014
          19           4   6.0246571483027939E-014
          19           5  -1.2171264019582509E-015
          19           6  -6.3030243570329163E-027
          19           7   4.6209899158235724E-027
          19           8  -5.9687237655067333E-027
          19           9   3.6492724546371525E-028
          19          10  -2.8052704654709969E-028
          19          11   3.6758681251726200E-028
          19          12  -2.7148673003159277E-028
          19          13   2.0221769576215668E-028
          19          14  -2.7764048347170867E-028
          19          15   2.7424183093162229E-015
          19          16  -1.5174860331126624E-029
          19          17   2.7424183093162284E-015
          19          18   3.5035475459164169E-030
          19          19   1.4230236816426630E-029
          19          20   2.7424183093161542E-015
          19          21  -1.5116190820436070E-014
          19          22   3.6584891694194321E-030
          19          23  -1.5116190820436055E-014
          19          24   1.1750927136834853E-030
          19          25  -6.1915995771255597E-030
          19          26  -1.5116190820436118E-014
          20           1  0.64662205638021786     
          20           2 -0.67887836777349742     
          20           3  -8.6446101118610770     
          20           4   12.773897258599760     
          20           5 -0.25921399829581143     
          20           6  -1.2350251436079496E-012
          20           7   9.0393136985912536E-013
          20           8  -1.1685503764307659E-012
          20           9   7.2800460323662570E-014
          20          10  -5.5633931787348802E-014
          20          11   7.0565943836355659E-014
          20          12  -5.3891780907382756E-014
          20          13   4.0957130416341521E-014
          20          14  -5.3449270198168802E-014
          20          15  0.58154279372955420     
          20          16  -2.8302608783884221E-015
          20          17  0.58154279372955353     
          20          18   4.8355802476088608E-016
          20          19   2.7424183093161542E-015
          20          20  0.58154279372954099     
          20          21  -3.2038031058872978     
          20          22   1.6120416112291953E-015
          20          23  -3.2038031058872938     
          20          24  -2.6521635287696277E-017
          20          25  -2.6227061104730719E-015
          20          26  -3.2038031058873071     
          21           1  -3.5527036356836335     
          21           2   3.7421034225888254     
          21           3   47.624290683502508     
          21           4  -70.373289441505960     
          21           5   1.4280155908461005     
          21           6   6.8068152177404121E-012
          21           7  -4.9820453119599079E-012
          21           8   6.4404707778751396E-012
          21           9  -4.0119838923256344E-013
          21          10   3.0660475484656606E-013
          21          11  -3.8896757311087510E-013
          21          12   2.9700202876611910E-013
          21          13  -2.2569336785391485E-013
          21          14   2.9461378854177800E-013
          21          15  -3.2038031058873710     
          21          16   1.5603321536389819E-014
          21          17  -3.2038031058873671     
          21          18  -2.6713556152468674E-015
          21          19  -1.5116190820436070E-014
          21          20  -3.2038031058872978     
          21          21   17.650260321355375     
          21          22  -8.8572263111495664E-015
          21          23   17.650260321355354     
          21          24   1.3828341573385869E-016
          21          25   1.4411678522170345E-014
          21          26   17.650260321355429     
          22           1   6.6533813914111939E-015
          22           2  -8.3976095673468747E-016
          22           3  -2.4019932726114695E-014
          22           4   3.5385367803942861E-014
          22           5  -7.3454530279034058E-016
          22           6  -1.9680125996936364E-027
          22           7   1.4169465179883248E-027
          22           8  -1.8470197419816611E-027
          22           9   1.3610814713117502E-028
          22          10  -9.8997509512291708E-029
          22          11   8.9808427392275839E-029
          22          12  -9.6674644689090086E-029
          22          13   8.5959070328060058E-029
          22          14  -7.0405106441223650E-029
          22          15   1.6120416112292131E-015
          22          16  -2.2901733165927523E-030
          22          17   1.6120416112291839E-015
          22          18  -2.3768736546196395E-030
          22          19   3.6584891694194321E-030
          22          20   1.6120416112291953E-015
          22          21  -8.8572263111495664E-015
          22          22   1.6452908748909054E-029
          22          23  -8.8572263111495333E-015
          22          24  -4.0247003146354922E-030
          22          25  -2.6040377434261474E-029
          22          26  -8.8572263111495680E-015
          23           1  -3.5527036356836197     
          23           2   3.7421034225888228     
          23           3   47.624290683502437     
          23           4  -70.373289441505875     
          23           5   1.4280155908460985     
          23           6   6.8068152177404056E-012
          23           7  -4.9820453119599030E-012
          23           8   6.4404707778751340E-012
          23           9  -4.0119838923256309E-013
          23          10   3.0660475484656571E-013
          23          11  -3.8896757311087480E-013
          23          12   2.9700202876611880E-013
          23          13  -2.2569336785391462E-013
          23          14   2.9461378854177775E-013
          23          15  -3.2038031058873666     
          23          16   1.5603321536389806E-014
          23          17  -3.2038031058873626     
          23          18  -2.6713556152468702E-015
          23          19  -1.5116190820436055E-014
          23          20  -3.2038031058872938     
          23          21   17.650260321355354     
          23          22  -8.8572263111495333E-015
          23          23   17.650260321355333     
          23          24   1.3828341573385139E-016
          23          25   1.4411678522170288E-014
          23          26   17.650260321355404     
          24           1  -1.6321224173764136E-015
          24           2  -3.1261420174661298E-016
          24           3   4.1303550419793645E-016
          24           4  -5.7465410652309717E-016
          24           5   1.7097378394987608E-017
          24           6  -4.2354449502184091E-028
          24           7   3.1773521891379472E-028
          24           8  -4.0571434615336743E-028
          24           9   1.8339389685248000E-029
          24          10  -1.5668671899287874E-029
          24          11   3.1663963067971235E-029
          24          12  -1.4921776030895958E-029
          24          13   7.2233110313081299E-030
          24          14  -2.3198501769624574E-029
          24          15  -2.6521635287690582E-017
          24          16  -1.7024961149671486E-030
          24          17  -2.6521635287681584E-017
          24          18   1.2035265510969122E-030
          24          19   1.1750927136834853E-030
          24          20  -2.6521635287696277E-017
          24          21   1.3828341573385869E-016
          24          22  -4.0247003146354922E-030
          24          23   1.3828341573385139E-016
          24          24   1.3038988719997735E-030
          24          25   6.3080764410569200E-030
          24          26   1.3828341573385159E-016
          25           1  -1.0529564773976144E-014
          25           2   1.4295176619790534E-015
          25           3   3.9075694477757655E-014
          25           4  -5.7571570891873615E-014
          25           5   1.1940946480825235E-015
          25           6   3.2902224070439863E-027
          25           7  -2.3714011011376148E-027
          25           8   3.0895316432957068E-027
          25           9  -2.2542944303869715E-028
          25          10   1.6441640536098604E-028
          25          11  -1.5253728283955183E-028
          25          12   1.6048505121561897E-028
          25          13  -1.4152503474046417E-028
          25          14   1.1926639459214573E-028
          25          15  -2.6227061104731019E-015
          25          16   4.0632842693159004E-030
          25          17  -2.6227061104730557E-015
          25          18   3.6413501440248354E-030
          25          19  -6.1915995771255597E-030
          25          20  -2.6227061104730719E-015
          25          21   1.4411678522170345E-014
          25          22  -2.6040377434261474E-029
          25          23   1.4411678522170288E-014
          25          24   6.3080764410569200E-030
          25          25   4.1226671981204294E-029
          25          26   1.4411678522170348E-014
          26           1  -3.5527036356836343     
          26           2   3.7421034225888383     
          26           3   47.624290683502636     
          26           4  -70.373289441506159     
          26           5   1.4280155908461043     
          26           6   6.8068152177404339E-012
          26           7  -4.9820453119599240E-012
          26           8   6.4404707778751606E-012
          26           9  -4.0119838923256470E-013
          26          10   3.0660475484656697E-013
          26          11  -3.8896757311087642E-013
          26          12   2.9700202876612006E-013
          26          13  -2.2569336785391558E-013
          26          14   2.9461378854177896E-013
          26          15  -3.2038031058873799     
          26          16   1.5603321536389872E-014
          26          17  -3.2038031058873764     
          26          18  -2.6713556152468816E-015
          26          19  -1.5116190820436118E-014
          26          20  -3.2038031058873071     
          26          21   17.650260321355429     
          26          22  -8.8572263111495680E-015
          26          23   17.650260321355404     
          26          24   1.3828341573385159E-016
          26          25   1.4411678522170348E-014
          26          26   17.650260321355479     
