           1           1   1.9977366945863535     
           1           2  -2.3177537242853583E-002
           1           3  -4.7341087026015187E-002
           1           4   1.0976288441022497E-002
           1           5  -3.2559927833704413E-002
           1           6  -1.4384018940630371E-002
           1           7  -2.2136999699941444E-003
           1           8  -9.2688221110869902E-012
           1           9   3.2521102573616232E-012
           1          10   1.6652404661175545E-011
           1          11  -3.9327496211266100E-013
           1          12   3.2728715611888622E-011
           1          13   4.9075816669991276E-011
           1          14   1.3830982567518846E-012
           1          15   6.6279950070027262E-011
           1          16   1.2570677274413977E-011
           1          17   5.9267478772930294E-012
           1          18   5.5667083702909220E-011
           1          19   1.1357559776477947E-011
           1          20   1.1883031603942332E-011
           1          21   9.8360202832963248E-011
           1          22   4.9880176191507031E-011
           1          23  -4.7173102552053625E-013
           1          24  -2.5477941741348567E-013
           1          25   8.8075723894351519E-013
           1          26   1.3687076183040143E-002
           1          27   1.1747733212475320E-004
           1          28   1.4063859525666552E-002
           1          29  -2.6502391696575699E-004
           1          30   6.6989177231927517E-005
           1          31   1.3958697667877901E-002
           1          32   2.7781056426686946E-003
           1          33   9.0478335099585189E-006
           1          34   2.8071239759056626E-003
           1          35  -2.0415090323699610E-005
           1          36   5.1602210230981845E-006
           1          37   2.7990209074184582E-003
           1          38   5.5775723163474283E-004
           1          39  -4.3966702121575065E-005
           1          40   4.1674204486950124E-004
           1          41   9.9193358380358535E-005
           1          42  -2.5072529537317478E-005
           1          43   4.5610548157480960E-004
           1          44   4.3666672175373474E-004
           1          45  -2.6013668114037256E-005
           1          46   3.5323392725819671E-004
           1          47   5.8688814155607519E-005
           1          48  -1.4834648938956193E-005
           1          49   3.7652364833605891E-004
           1          50   3.9772241079994244E-012
           1          51   3.0418822881446197E-012
           1          52  -5.1706383731939393E-014
           1          53   1.0398871571520818E-011
           1          54   2.3509337982016663E-012
           1          55   2.4952926386437354E-012
           1          56   1.6552471394055905E-012
           1          57  -2.9538963001304688E-012
           1          58   9.0953340720670584E-012
           1          59   6.1334744035163745E-012
           1          60  -2.0105774069784691E-012
           1          61  -1.1447361152184434E-011
           1          62   5.0988277982880681E-013
           1          63  -2.4270995663886678E-011
           1          64  -6.2129402706984966E-012
           1          65  -4.5634890908201736E-013
           1          66  -6.8703379333057803E-012
           1          67  -4.4395583325326556E-012
           1          68  -1.1853413225035628E-011
           1          69  -1.3043135757162426E-011
           2           1  -2.3177537242853583E-002
           2           2   1.9230680097443313     
           2           3 -0.33343348424614094     
           2           4  0.28486288174502000     
           2           5 -0.12012584666545395     
           2           6  -4.9280984327178028E-002
           2           7   1.5184940762276646E-002
           2           8   2.5701432225767821E-010
           2           9   4.9799276465680875E-011
           2          10  -5.8704795428602810E-010
           2          11  -6.6043366271863846E-011
           2          12   2.2517816764089145E-010
           2          13   6.1218463907637637E-010
           2          14   1.4410641431243027E-010
           2          15   4.0300957920680444E-010
           2          16  -1.4214792912633990E-010
           2          17  -1.3336392962486803E-010
           2          18   9.4421401793124601E-010
           2          19  -1.0126477713810807E-010
           2          20   5.9627982828796588E-010
           2          21   1.3126582042627605E-011
           2          22  -4.2279489122127211E-011
           2          23  -4.4312344751774444E-012
           2          24   1.2001704315018593E-012
           2          25   4.7008759759809536E-012
           2          26  -3.9637511977152179E-002
           2          27   8.1594435513677815E-004
           2          28  -3.7020560837495983E-002
           2          29  -1.8407286927941296E-003
           2          30   4.6527714348058033E-004
           2          31  -3.7750963992948618E-002
           2          32  -2.2762337273331490E-002
           2          33   7.0626691760607629E-005
           2          34  -2.2535814810967596E-002
           2          35  -1.5937913560467123E-004
           2          36   4.0284091097310057E-005
           2          37  -2.2599085229188277E-002
           2          38  -2.2617868021326523E-002
           2          39  -3.5040293033482945E-004
           2          40  -2.3741725877769730E-002
           2          41   7.9055432353489718E-004
           2          42  -1.9982304459484991E-004
           2          43  -2.3428001255168310E-002
           2          44  -6.0912608132494333E-003
           2          45  -2.0569966151284076E-004
           2          46  -6.7509931545000207E-003
           2          47   4.6407070308160733E-004
           2          48  -1.1730245887286483E-004
           2          49  -6.5668357302203200E-003
           2          50   1.4359125664893040E-010
           2          51  -6.8212523386625942E-011
           2          52   4.9256170915157706E-011
           2          53  -1.0936429555000317E-010
           2          54  -3.5278501649584251E-012
           2          55   1.9061943092624874E-011
           2          56  -3.8380089046671670E-012
           2          57   1.5153638795875918E-011
           2          58  -1.2414849908714048E-011
           2          59   1.7463970656568292E-012
           2          60  -1.9888712747397870E-010
           2          61   4.6492985292820990E-011
           2          62  -7.8386668867945355E-011
           2          63   1.2181056391127444E-010
           2          64   3.0888084402418678E-012
           2          65  -4.4654840245897491E-012
           2          66   4.9296519048067195E-013
           2          67  -1.2363239208040956E-010
           2          68   4.7143966545971781E-011
           2          69   1.5924662155906211E-011
           3           1  -4.7341087026015187E-002
           3           2 -0.33343348424614094     
           3           3  0.92803157427572636     
           3           4  0.65189870320332965     
           3           5 -0.54915379617655036     
           3           6 -0.31009580148785609     
           3           7   7.4914602290932414E-002
           3           8  -1.2050960087089546E-010
           3           9   9.9404626595633988E-011
           3          10   2.0576535867187709E-010
           3          11  -1.6624787566337881E-010
           3          12   2.2246532367170419E-010
           3          13   8.7836201585443511E-010
           3          14   2.3678472547068938E-012
           3          15   1.0153670652502985E-009
           3          16  -1.0504361336712020E-010
           3          17  -5.9601728213499241E-010
           3          18   3.5767289056799535E-009
           3          19   5.9349287205873359E-010
           3          20   1.1512329822201772E-009
           3          21  -1.6374276379389848E-009
           3          22  -8.2866264170709408E-011
           3          23  -1.8160512362957130E-011
           3          24   6.6684071383860532E-012
           3          25   2.3579520636522075E-011
           3          26  -9.0446422610919019E-004
           3          27   1.7554908627964675E-003
           3          28   4.7258524594158509E-003
           3          29  -3.9602307855166651E-003
           3          30   1.0010212323800934E-003
           3          31   3.1544653782409476E-003
           3          32   4.0372873581034623E-003
           3          33   5.0901013272761260E-006
           3          34   4.0536190469180697E-003
           3          35  -1.1638376602577695E-005
           3          36   2.9370316065480562E-006
           3          37   4.0489086801116497E-003
           3          38  -3.9079183164006923E-002
           3          39  -8.5867519297602030E-004
           3          40  -4.1833238644046158E-002
           3          41   1.9372862632001447E-003
           3          42  -4.8967470936872788E-004
           3          43  -4.1064441306280314E-002
           3          44  -2.4464172211303890E-002
           3          45  -7.3598092163558785E-004
           3          46  -2.6824659946871506E-002
           3          47   1.6604208056161189E-003
           3          48  -4.1970111429260113E-004
           3          49  -2.6165753206986591E-002
           3          50   3.6638547977729324E-010
           3          51  -4.2513488180085226E-010
           3          52   1.4644063512117888E-010
           3          53  -7.8677122219735052E-010
           3          54  -5.9595708143138329E-011
           3          55   6.6035189682335233E-011
           3          56  -6.0137913350510381E-011
           3          57   4.3049878102825449E-011
           3          58  -2.3607730411791022E-010
           3          59  -1.2162173406495386E-010
           3          60  -4.0691158929218863E-010
           3          61   4.1757928264804028E-010
           3          62  -1.4643428158327929E-010
           3          63   9.8693337314882362E-010
           3          64   5.0176653093010103E-011
           3          65  -2.1094639706117189E-011
           3          66   4.0931949058445624E-011
           3          67  -2.8354274456557365E-010
           3          68   4.1464425108642391E-010
           3          69   1.5262023764207451E-010
           4           1   1.0976288441022497E-002
           4           2  0.28486288174502000     
           4           3  0.65189870320332965     
           4           4  0.62992223325647312     
           4           5 -0.39694778387526808     
           4           6 -0.21090485372342843     
           4           7   6.2827876994116627E-002
           4           8  -1.3970928670824330E-010
           4           9   3.7065803620965210E-010
           4          10   3.7883191766230949E-011
           4          11  -1.6830040823103121E-010
           4          12  -7.7686279196763641E-010
           4          13   2.2385175016898160E-010
           4          14  -5.5138994553206714E-011
           4          15  -2.3220660346428071E-009
           4          16  -1.2865442868197406E-009
           4          17  -5.8986044138440056E-010
           4          18   3.8403810828663981E-010
           4          19  -5.1035264444056110E-010
           4          20   8.1324980806882231E-010
           4          21  -7.0557903462692945E-009
           4          22  -2.3585921892476985E-009
           4          23  -1.4912169876542782E-011
           4          24  -2.0778873524307230E-011
           4          25   6.5259901460430275E-012
           4          26  -3.2212004219392787E-003
           4          27   5.5354575542748165E-004
           4          28  -1.4460058409386050E-003
           4          29  -1.2486355010378012E-003
           4          30   3.1564261013083950E-004
           4          31  -1.9414280803050376E-003
           4          32   1.3937850454058355E-002
           4          33  -3.8869639043669730E-005
           4          34   1.3813182881886151E-002
           4          35   8.7576538194852633E-005
           4          36  -2.2138781461147417E-005
           4          37   1.3847865637942176E-002
           4          38  -2.7579882314849809E-002
           4          39  -5.3620543264849222E-004
           4          40  -2.9299673995703358E-002
           4          41   1.2097581766239373E-003
           4          42  -3.0578178435506124E-004
           4          43  -2.8819587405364531E-002
           4          44  -1.9779028811216147E-002
           4          45  -4.9547419024736114E-004
           4          46  -2.1368146733178460E-002
           4          47   1.1178202351966790E-003
           4          48  -2.8254916802163008E-004
           4          49  -2.0924561760882889E-002
           4          50   2.8975855865560097E-010
           4          51  -6.8505300027079221E-010
           4          52   1.6711246576827656E-010
           4          53  -1.1961487661885465E-009
           4          54  -1.8866798476439190E-010
           4          55  -8.2238262256612755E-012
           4          56  -1.1395959347041864E-010
           4          57  -1.5398548701234207E-011
           4          58  -4.6874562964114427E-010
           4          59  -3.4758138571271228E-010
           4          60  -3.0635654940369289E-010
           4          61   9.9447036414403852E-010
           4          62  -8.7736458976414939E-011
           4          63   2.3824241955697239E-009
           4          64   3.0206665658113419E-010
           4          65  -4.3990126538699361E-011
           4          66   3.3722895645450413E-010
           4          67  -2.4163932247554387E-010
           4          68   1.0413798400331924E-009
           4          69   7.4196891429347422E-010
           5           1  -3.2559927833704413E-002
           5           2 -0.12012584666545395     
           5           3 -0.54915379617655036     
           5           4 -0.39694778387526808     
           5           5  0.70379878602403068     
           5           6  0.42445450172459104     
           5           7  -5.9673255666867014E-002
           5           8  -1.8725532681723484E-010
           5           9   3.6296785445129300E-010
           5          10   1.2673262808408470E-010
           5          11   1.6708658637430711E-010
           5          12  -7.7671880061080196E-010
           5          13  -1.5266375881753118E-009
           5          14  -1.7801562473878194E-010
           5          15  -3.6211273006031464E-009
           5          16  -5.1331515954755970E-010
           5          17   3.4331735221432899E-010
           5          18  -5.5399629638528914E-009
           5          19  -1.0046575873945706E-009
           5          20  -1.5646076933463167E-009
           5          21  -3.0748143400646822E-009
           5          22  -1.5688342982357137E-009
           5          23   2.0287458219511648E-011
           5          24  -2.5076453968924386E-011
           5          25  -3.9618010691972303E-011
           5          26   3.7330510514294313E-002
           5          27  -3.8394114670638546E-003
           5          28   2.5016571632063334E-002
           5          29   8.6613569716678419E-003
           5          30  -2.1893250627206540E-003
           5          31   2.8453332725494659E-002
           5          32   6.8269126554148102E-002
           5          33  -1.9068016756593502E-004
           5          34   6.7657575161729627E-002
           5          35   4.3036218152618308E-004
           5          36  -1.0877751200508720E-004
           5          37   6.7828465768938889E-002
           5          38   7.0741787942508016E-002
           5          39   1.5944780665213638E-003
           5          40   7.5855796602854797E-002
           5          41  -3.5973296130974424E-003
           5          42   9.0927430797458231E-004
           5          43   7.4428236866814712E-002
           5          44   2.3885299384645661E-002
           5          45   1.1381360765647479E-003
           5          46   2.7535606046290240E-002
           5          47  -2.5677143620806502E-003
           5          48   6.4903586045215881E-004
           5          49   2.6516653696422685E-002
           5          50  -4.0863089565865758E-010
           5          51   2.0600158323538753E-010
           5          52  -1.5592573540334317E-010
           5          53   2.3764213449295236E-010
           5          54  -2.3217715726765272E-011
           5          55  -9.1063341319548094E-011
           5          56  -1.3518696113899041E-011
           5          57  -2.3821838658358674E-011
           5          58  -6.9322203722987609E-011
           5          59  -9.3065326059939341E-011
           5          60   5.0395143000851920E-010
           5          61   1.5575710340151133E-010
           5          62   1.5310735370605202E-010
           5          63   2.6918161080886563E-010
           5          64   1.6338885664845819E-010
           5          65   3.4870981935650444E-011
           5          66   1.8213302777779329E-010
           5          67   3.6046605077726014E-010
           5          68   1.6882151212525902E-010
           5          69   3.0719172704034576E-010
           6           1  -1.4384018940630371E-002
           6           2  -4.9280984327178028E-002
           6           3 -0.31009580148785609     
           6           4 -0.21090485372342843     
           6           5  0.42445450172459104     
           6           6  0.25812553418233464     
           6           7  -3.4173007622456716E-002
           6           8  -1.1998486879472634E-010
           6           9  -2.4501417479838874E-010
           6          10  -4.0361803760438864E-011
           6          11   5.9021214216780422E-010
           6          12  -6.2848635233607278E-009
           6          13  -3.9794339947467544E-009
           6          14  -6.3926500496805965E-009
           6          15  -4.1276340593339626E-008
           6          16  -6.5409828572643398E-009
           6          17  -4.9504500382206569E-009
           6          18  -3.4624109177339627E-008
           6          19  -5.4309562646929785E-009
           6          20  -1.2588207323234749E-008
           6          21  -7.4418115621941742E-008
           6          22  -1.2518728396938805E-008
           6          23  -7.8993992633780364E-011
           6          24  -4.1924890140139971E-010
           6          25  -4.4418759612496820E-011
           6          26   2.0441154025405053E-002
           6          27  -6.9627059915355134E-004
           6          28   1.8207869917821327E-002
           6          29   1.5704503580785505E-003
           6          30  -3.9693670236743198E-004
           6          31   1.8830823261411382E-002
           6          32   4.4718839053774551E-002
           6          33  -9.4584300810674100E-005
           6          34   4.4415476298234516E-002
           6          35   2.1349190795707206E-004
           6          36  -5.3959283902538322E-005
           6          37   4.4500259220745214E-002
           6          38   4.3683368506382630E-002
           6          39   8.8725147730438648E-004
           6          40   4.6529074756409029E-002
           6          41  -2.0017446084909379E-003
           6          42   5.0596787373903746E-004
           6          43   4.5734704975430904E-002
           6          44   1.4024657855523795E-002
           6          45   6.8693779306821438E-004
           6          46   1.6227850504343600E-002
           6          47  -1.5497796730320748E-003
           6          48   3.9173471476007304E-004
           6          49   1.5612847489784368E-002
           6          50  -1.4219591178961610E-009
           6          51  -4.1057665305290275E-009
           6          52  -6.8950962480507645E-011
           6          53  -7.0201804137402630E-009
           6          54  -9.4010449270134527E-010
           6          55  -6.3022506969287287E-010
           6          56  -1.6416760164331741E-010
           6          57  -1.1074615715850098E-009
           6          58  -3.3910549747308736E-009
           6          59  -1.4090080248379484E-009
           6          60   3.4133324727441046E-009
           6          61   8.4823477712844708E-009
           6          62   1.7851017060437328E-009
           6          63   2.0190924772721815E-008
           6          64   1.3567689159787524E-009
           6          65  -2.9827351832505336E-010
           6          66   1.7967319656244050E-009
           6          67   1.2942354694239371E-009
           6          68   8.9798960494809301E-009
           6          69   3.3985180534111660E-009
           7           1  -2.2136999699941444E-003
           7           2   1.5184940762276646E-002
           7           3   7.4914602290932414E-002
           7           4   6.2827876994116627E-002
           7           5  -5.9673255666867014E-002
           7           6  -3.4173007622456716E-002
           7           7   7.5863878661239555E-003
           7           8  -1.9858064787216070E-011
           7           9   1.2066558284791226E-009
           7          10   5.2772281954468904E-010
           7          11  -1.7647388466847007E-009
           7          12   1.8236419256104610E-008
           7          13   1.1035555394615570E-008
           7          14   1.9078503906243666E-008
           7          15   1.1396013473538248E-007
           7          16   1.6389558241649485E-008
           7          17   1.5577878895206080E-008
           7          18   9.1802625629831234E-008
           7          19   1.2804251844294482E-008
           7          20   3.5501912782596975E-008
           7          21   2.1109400843648873E-007
           7          22   3.0446166192320108E-008
           7          23   2.8133061909452423E-010
           7          24   1.2188242069119072E-009
           7          25   5.2620481871801922E-011
           7          26   1.1563191737441823E-003
           7          27  -1.3288157154881573E-003
           7          28  -3.1049017257640909E-003
           7          29   2.9982760799639636E-003
           7          30  -7.5796386536316476E-004
           7          31  -1.9147418095907330E-003
           7          32  -2.0856289030533864E-003
           7          33   8.4386701318256847E-005
           7          34  -1.8149357153907772E-003
           7          35  -1.9037353638941712E-004
           7          36   4.8113098063043842E-005
           7          37  -1.8904690804151928E-003
           7          38  -5.4824760523054170E-003
           7          39   1.0783857366870273E-004
           7          40  -5.1366097946400728E-003
           7          41  -2.4329013606278524E-004
           7          42   6.1496105810657215E-005
           7          43  -5.2331547925127467E-003
           7          44  -2.6010782305747196E-003
           7          45  -6.3165988681775036E-005
           7          46  -2.8036671577636760E-003
           7          47   1.4250650872606288E-004
           7          48  -3.6021328708588885E-005
           7          49  -2.7471158874264288E-003
           7          50   3.5754625894118474E-009
           7          51   1.2037175686665895E-008
           7          52   1.6250525151031685E-010
           7          53   2.0807138239826652E-008
           7          54   2.4322198981930914E-009
           7          55   1.5312392561928245E-009
           7          56   3.9304105200314487E-010
           7          57   3.1436291767501946E-009
           7          58   9.6930414605754813E-009
           7          59   3.5542710454335005E-009
           7          60  -9.4978639105733250E-009
           7          61  -2.4435080202965442E-008
           7          62  -5.0351348094849261E-009
           7          63  -5.8024947149529160E-008
           7          64  -3.3050860233649979E-009
           7          65   8.4392785715104623E-010
           7          66  -4.4409272624262304E-009
           7          67  -3.3979854504189856E-009
           7          68  -2.5745895518971489E-008
           7          69  -8.4369856743754750E-009
           8           1  -9.2688221110869902E-012
           8           2   2.5701432225767821E-010
           8           3  -1.2050960087089546E-010
           8           4  -1.3970928670824330E-010
           8           5  -1.8725532681723484E-010
           8           6  -1.1998486879472634E-010
           8           7  -1.9858064787216070E-011
           8           8   1.9993002535797935     
           8           9  -7.6234996871777780E-006
           8          10   1.7202976313935170E-005
           8          11  -4.2563709555298174E-003
           8          12   5.3529742280952275E-005
           8          13  -1.2074944783723723E-004
           8          14   1.7104690910888984E-004
           8          15   1.3789772966121266E-004
           8          16  -3.1110499212988815E-004
           8          17   2.5272199182418201E-002
           8          18   4.4734109840478218E-004
           8          19  -1.0093657321788583E-003
           8          20  -2.2353707997722842E-002
           8          21  -2.9151260938341402E-006
           8          22   6.7001602488148690E-006
           8          23   1.5040290243796935E-004
           8          24   1.0408951678024884E-005
           8          25  -2.3484387276205666E-005
           8          26   1.4555310517342002E-009
           8          27  -9.1478567175526531E-010
           8          28   4.6724543923152323E-010
           8          29  -1.1322902785231187E-009
           8          30   1.0276340429830621E-010
           8          31  -1.3652311705655776E-009
           8          32   1.1723485667944329E-010
           8          33  -3.9424500662370883E-011
           8          34   9.6548486221341509E-011
           8          35  -1.0510931078770947E-010
           8          36  -2.6709720726092457E-011
           8          37   5.9792784641430807E-011
           8          38   8.1641385111055944E-011
           8          39  -1.5018066092501742E-011
           8          40   3.2787723587381891E-011
           8          41   3.4791491372712829E-011
           8          42  -1.7037472055201725E-011
           8          43  -7.5725419490806730E-011
           8          44  -7.5808928244881727E-012
           8          45  -1.4549460877868046E-011
           8          46   5.0786933136181849E-012
           8          47  -3.6432752276070039E-011
           8          48   1.5859078713381917E-011
           8          49   7.4209442084036208E-011
           8          50  -6.6127812390837735E-003
           8          51  -6.3631750386491470E-005
           8          52  -3.0228204394018906E-003
           8          53  -5.0125345244528175E-005
           8          54   1.4357586368017310E-004
           8          55  -1.8446719928999756E-005
           8          56   5.1984253680566322E-005
           8          57  -2.9938595161130063E-003
           8          58  -2.6824383013178441E-005
           8          59   1.1949691483969285E-004
           8          60   1.0461537032545246E-002
           8          61   1.6743290174826318E-005
           8          62   4.6468440755170620E-003
           8          63   8.0215522719976885E-005
           8          64  -3.7799005726967201E-005
           8          65  -7.9774346340351749E-006
           8          66  -8.0478677414984903E-005
           8          67   4.6593683986502522E-003
           8          68   3.4355993571458877E-005
           8          69  -1.7883467018998115E-004
           9           1   3.2521102573616232E-012
           9           2   4.9799276465680875E-011
           9           3   9.9404626595633988E-011
           9           4   3.7065803620965210E-010
           9           5   3.6296785445129300E-010
           9           6  -2.4501417479838874E-010
           9           7   1.2066558284791226E-009
           9           8  -7.6234996871777780E-006
           9           9   1.9992720177166055     
           9          10  -4.3480776696775943E-006
           9          11   5.3530138158048076E-005
           9          12  -4.0581326279356122E-003
           9          13   3.0521519169232529E-005
           9          14   1.3789866237890361E-004
           9          15   6.8175011460330792E-004
           9          16   7.8636831179419329E-005
           9          17   4.4734035380959860E-004
           9          18   2.6929002602867694E-002
           9          19   2.5512615072551090E-004
           9          20  -2.9122722161587281E-006
           9          21  -2.2364581974747652E-002
           9          22  -1.6859707383220504E-006
           9          23   1.0408988308268241E-005
           9          24   1.8895246552457965E-004
           9          25   5.9361336510185924E-006
           9          26   1.1107347250402832E-008
           9          27  -1.6113529781538775E-008
           9          28   5.9154014580885187E-009
           9          29  -1.4262374433297538E-008
           9          30  -3.5671480406563521E-009
           9          31  -1.8079328286481231E-008
           9          32   6.7461782552273288E-010
           9          33  -1.1365140349717447E-009
           9          34   3.4498817883594473E-010
           9          35  -9.1490439294387989E-010
           9          36  -2.0543419647424097E-010
           9          37  -1.4474467762096818E-009
           9          38  -1.1975211981167743E-010
           9          39   5.5608497173703251E-012
           9          40  -1.4296843891863291E-010
           9          41  -9.4086020885019044E-011
           9          42  -2.2862079578678416E-011
           9          43  -5.1487607248643890E-011
           9          44  -3.3004380058194007E-010
           9          45  -2.6140369838642220E-012
           9          46  -3.2433613183101031E-010
           9          47   8.4134115264709275E-011
           9          48  -2.9456205522084202E-011
           9          49  -4.3403475785573755E-010
           9          50  -6.0244841520534369E-005
           9          51  -3.0546732649513924E-003
           9          52  -5.0054506543450704E-005
           9          53  -6.9503594504950281E-003
           9          54  -2.0881446791886504E-005
           9          55   3.7609602276508172E-005
           9          56  -2.8547785232563037E-005
           9          57  -2.6824195309344689E-005
           9          58  -3.0932140785077554E-003
           9          59  -3.0202599178341620E-005
           9          60   7.6730471146222763E-005
           9          61   4.8064848196114982E-003
           9          62   2.1417034437936269E-005
           9          63   1.0685888464480493E-002
           9          64   1.7675237462335422E-005
           9          65   1.9383909102896543E-005
           9          66   1.2218329375919982E-005
           9          67   3.4355561076017196E-005
           9          68   4.7866206494863147E-003
           9          69   4.5199998831534544E-005
          10           1   1.6652404661175545E-011
          10           2  -5.8704795428602810E-010
          10           3   2.0576535867187709E-010
          10           4   3.7883191766230949E-011
          10           5   1.2673262808408470E-010
          10           6  -4.0361803760438864E-011
          10           7   5.2772281954468904E-010
          10           8   1.7202976313935170E-005
          10           9  -4.3480776696775943E-006
          10          10   1.9992799022160859     
          10          11  -1.2074941131418800E-004
          10          12   3.0522059655581124E-005
          10          13  -4.1134536139037113E-003
          10          14  -3.1110468898785438E-004
          10          15   7.8636565645813701E-005
          10          16   5.3919780423317219E-004
          10          17  -1.0093635444057647E-003
          10          18   2.5512167375927886E-004
          10          19   2.6466431586220085E-002
          10          20   6.6965840499641992E-006
          10          21  -1.6821524361153002E-006
          10          22  -2.2361455524447515E-002
          10          23  -2.3484513101600414E-005
          10          24   5.9361282661451912E-006
          10          25   1.7819091124752790E-004
          10          26   3.1340199775893643E-009
          10          27  -5.8907057343909340E-009
          10          28   2.3738591062841048E-009
          10          29  -4.7345885759740770E-009
          10          30  -1.9589585420835593E-009
          10          31  -6.0074122910765124E-009
          10          32   2.3984762743813628E-010
          10          33  -3.7294709205771714E-010
          10          34   8.3625146227909600E-011
          10          35  -2.6322267960421010E-010
          10          36  -3.3685858637238556E-011
          10          37  -6.1496179417416329E-010
          10          38  -1.3757049930829692E-010
          10          39  -2.5125340925554960E-012
          10          40  -4.2915543983930768E-011
          10          41  -8.3190336739618374E-011
          10          42   8.0095343904008010E-012
          10          43   1.3820973906780037E-010
          10          44  -1.2541053943844286E-010
          10          45   4.2799302118259474E-011
          10          46  -1.4786553594713043E-010
          10          47   9.9851268032993874E-011
          10          48  -3.6735676968032784E-011
          10          49  -3.0098423376904790E-010
          10          50   1.3595433629359527E-004
          10          51  -2.0881301524195964E-005
          10          52   5.1983952813877487E-005
          10          53  -2.8591104367206214E-005
          10          54  -3.0168092009507912E-003
          10          55  -2.1046291638663439E-005
          10          56  -3.0843112901768237E-003
          10          57   1.2149500248664333E-004
          10          58  -3.0708499455974549E-005
          10          59  -6.8636408706470560E-003
          10          60  -1.7316757354720718E-004
          10          61   1.7674472017360020E-005
          10          62  -8.0477993932785355E-005
          10          63   4.5752568887707644E-005
          10          64   4.7744280610652230E-003
          10          65  -1.0098346162614688E-005
          10          66   4.7420397384126262E-003
          10          67  -4.5400003305632229E-005
          10          68   1.1473426313228131E-005
          10          69   1.0620625406283637E-002
          11           1  -3.9327496211266100E-013
          11           2  -6.6043366271863846E-011
          11           3  -1.6624787566337881E-010
          11           4  -1.6830040823103121E-010
          11           5   1.6708658637430711E-010
          11           6   5.9021214216780422E-010
          11           7  -1.7647388466847007E-009
          11           8  -4.2563709555298174E-003
          11           9   5.3530138158048076E-005
          11          10  -1.2074941131418800E-004
          11          11   1.9760298855951861     
          11          12   1.2950520996016061E-003
          11          13  -2.9221259776706205E-003
          11          14  -2.1259143868426244E-003
          11          15   1.7445479515374313E-003
          11          16  -3.9359188459930049E-003
          11          17   4.1700253818314090E-002
          11          18  -4.8366910382064802E-003
          11          19   1.0911705795177534E-002
          11          20   8.4524401977772515E-003
          11          21   1.0666514986861079E-002
          11          22  -2.4064356776984409E-002
          11          23  -5.9805538144123136E-005
          11          24   4.6347058373994544E-005
          11          25  -1.0456636098985547E-004
          11          26   2.3830155615446733E-008
          11          27  -5.2144840278383491E-009
          11          28   1.1016934624660699E-009
          11          29  -1.6696505113856129E-008
          11          30   6.1229053878383647E-009
          11          31  -2.4670706819504177E-008
          11          32   1.9638848341568657E-009
          11          33   1.4565746295722440E-012
          11          34  -1.2851692635982562E-010
          11          35  -1.1746147262678319E-009
          11          36   4.5389158569443208E-012
          11          37  -1.3761514423170057E-009
          11          38  -6.0886968503670046E-011
          11          39   1.7490337798267908E-010
          11          40  -4.7376092618907780E-011
          11          41  -4.0301401334800914E-011
          11          42   6.0028121477023048E-010
          11          43  -2.9152062161690102E-010
          11          44   5.1362082906559125E-010
          11          45  -3.6189666658444005E-010
          11          46   7.9750845966075424E-010
          11          47  -1.8296593009800289E-011
          11          48  -5.0566363637593208E-010
          11          49   9.6088124902386534E-010
          11          50  -4.1299553841019753E-003
          11          51   5.8651040523414707E-004
          11          52  -2.9467204588349925E-003
          11          53   2.7696678469781803E-003
          11          54  -1.3231354009798444E-003
          11          55  -2.6329776229388644E-004
          11          56  -2.7805530846100115E-003
          11          57  -2.5333342266093484E-003
          11          58   1.1947272975010692E-003
          11          59  -6.1850572748503975E-003
          11          60   2.6605176317001707E-003
          11          61  -1.8402728371209804E-003
          11          62   9.9762064333908020E-004
          11          63  -3.8399503103434146E-003
          11          64   4.1517607186922559E-003
          11          65  -5.6510146034468927E-005
          11          66   3.8788625796535403E-003
          11          67   1.0863346488773659E-003
          11          68  -1.7317541336101822E-003
          11          69   8.6840924061902473E-003
          12           1   3.2728715611888622E-011
          12           2   2.2517816764089145E-010
          12           3   2.2246532367170419E-010
          12           4  -7.7686279196763641E-010
          12           5  -7.7671880061080196E-010
          12           6  -6.2848635233607278E-009
          12           7   1.8236419256104610E-008
          12           8   5.3529742280952275E-005
          12           9  -4.0581326279356122E-003
          12          10   3.0522059655581124E-005
          12          11   1.2950520996016061E-003
          12          12   1.9808266954949731     
          12          13   7.3852469109217172E-004
          12          14   1.7445496518548962E-003
          12          15   4.3350972321519292E-003
          12          16   9.9485209996256086E-004
          12          17  -4.8366810346038656E-003
          12          18   2.3787675970155464E-002
          12          19  -2.7580767605482862E-003
          12          20   1.0666512549587507E-002
          12          21   4.7955796567799983E-002
          12          22   6.0826040537956434E-003
          12          23   4.6348048189615395E-005
          12          24   1.1183608707370517E-004
          12          25   2.6432519333141609E-005
