           1           1   2.0062482026719577     
           1           2 -0.30404763226996895     
           1           3  -3.4272971422191975E-002
           1           4 -0.87730315643104717     
           1           5  -1.2883024148809914     
           1           6 -0.51434169611207958     
           1           7  -5.2514367386255076E-002
           1           8   9.8335036836976698E-014
           1           9   1.4898872668696839E-013
           1          10   7.9633368328952319E-015
           1          11   1.0396947027039269E-012
           1          12   1.2020595642930646E-012
           1          13  -1.7113974944811228E-013
           1          14   7.4320657938131864E-015
           1          15   9.4894603712351392E-014
           1          16  -2.4897685882765576E-014
           1          17  -9.1745178769508638E-012
           1          18  -3.6485812229459030E-012
           1          19  -1.7990298799856785E-013
           1          20   9.5047104572743197E-012
           1          21   3.7923196310823490E-012
           1          22   6.3386374073606306E-014
           1          23  -7.0680386814030101E-014
           1          24  -3.3394934111938465E-014
           1          25  -1.1358601565337849E-014
           1          26  0.75418691917442493     
           1          27  -5.5156771132227479E-015
           1          28  0.75418691917439939     
           1          29   1.4622075580269991E-015
           1          30  -6.9354567669954796E-015
           1          31  0.75418691917442726     
           1          32  0.43925466226230048     
           1          33   1.1392891717737500E-014
           1          34  0.43925466226228355     
           1          35   2.5943880781955078E-015
           1          36  -1.0842826675848904E-014
           1          37  0.43925466226232407     
           1          38  0.16637379751164091     
           1          39  -1.2613624495228133E-014
           1          40  0.16637379751161954     
           1          41   5.1336891864409153E-015
           1          42   6.2936034078530651E-015
           1          43  0.16637379751161904     
           1          44   2.0133914543111413E-002
           1          45  -3.5561358796013438E-015
           1          46   2.0133914543120406E-002
           1          47   7.9391597444116790E-016
           1          48   1.3938471069048211E-015
           1          49   2.0133914543104495E-002
           1          50   3.0738881078288639E-012
           1          51   5.3644295076929187E-013
           1          52   1.3819861170237050E-012
           1          53   1.1962661475252328E-012
           1          54   4.9759889297227752E-014
           1          55  -3.2560501191548149E-015
           1          56   3.4432848078749412E-014
           1          57   1.3933655297132848E-012
           1          58   5.3925799055807200E-013
           1          59   9.8638360406215493E-014
           1          60  -4.1763802871094110E-012
           1          61  -7.5017884953975021E-013
           1          62  -1.8730750610084454E-012
           1          63  -1.6699659769174044E-012
           1          64  -8.9707530402569434E-015
           1          65   4.2083590813790904E-015
           1          66   2.0951972470866202E-015
           1          67  -1.8652956104056203E-012
           1          68  -7.4181916860760688E-013
           1          69  -1.5998057894547009E-014
           2           1 -0.30404763226996895     
           2           2   11.487607871148130     
           2           3  -1.4245296462418024     
           2           4   22.346182471957931     
           2           5   30.354660136446228     
           2           6   12.276950503726479     
           2           7   1.3218795706818773     
           2           8   8.9695059894993165E-013
           2           9  -3.0995200846785222E-012
           2          10   2.7579135433893526E-012
           2          11   3.7465192766100162E-012
           2          12  -3.2759611985371751E-011
           2          13   6.7425953571454718E-012
           2          14  -2.0922758371555650E-012
           2          15  -2.8114324810575661E-012
           2          16   7.2747822908636879E-013
           2          17  -6.0367381151888715E-011
           2          18   9.4300636680907737E-011
           2          19  -2.5332248351981888E-011
           2          20   6.0018209375062854E-011
           2          21  -9.8016728169190449E-011
           2          22   2.7603241166614290E-011
           2          23  -5.1935832877759387E-013
           2          24   7.9563425401621284E-013
           2          25  -1.7600943103070159E-013
           2          26  -19.403788358842490     
           2          27   9.8864675124280522E-014
           2          28  -19.403788358843620     
           2          29   4.0880584453235332E-014
           2          30   3.6733458073610107E-014
           2          31  -19.403788358842291     
           2          32  -10.294950026887260     
           2          33  -3.8770515276637323E-014
           2          34  -10.294950026886712     
           2          35   4.2070582530888508E-014
           2          36   1.1970012816357990E-013
           2          37  -10.294950026887669     
           2          38  -4.0009125029099355     
           2          39   1.2344038149495534E-013
           2          40  -4.0009125029099559     
           2          41  -3.7023877360053269E-014
           2          42  -6.4070017540793334E-014
           2          43  -4.0009125029098156     
           2          44 -0.49520186662779764     
           2          45  -1.6941596199054428E-014
           2          46 -0.49520186662798343     
           2          47   5.3605770061922788E-014
           2          48   9.9836836901664401E-015
           2          49 -0.49520186662786736     
           2          50   2.1707556031239238E-011
           2          51  -1.3873846530352286E-011
           2          52   9.6011933151212543E-012
           2          53  -3.0703425199731355E-011
           2          54   3.4935965358068651E-012
           2          55   6.4167691238247995E-014
           2          56   3.5692344546429020E-012
           2          57   9.6098346605281379E-012
           2          58  -1.3806797420113341E-011
           2          59   7.9423353412737837E-012
           2          60  -2.6233700522323294E-011
           2          61   1.9318669500754022E-011
           2          62  -1.1679500464455217E-011
           2          63   4.2964422677584992E-011
           2          64  -5.5299529333089989E-012
           2          65  -2.7762448889556767E-014
           2          66  -5.5732817304737175E-012
           2          67  -1.1771527360268079E-011
           2          68   1.9323299135638248E-011
           2          69  -1.2166693807130762E-011
           3           1  -3.4272971422191975E-002
           3           2  -1.4245296462418024     
           3           3  0.48794366009360468     
           3           4  -4.6946087167824375     
           3           5  -7.5002565285518763     
           3           6  -3.0183894851568622     
           3           7 -0.18257875383809705     
           3           8   2.2726618250444936E-012
           3           9   3.2543656698988510E-012
           3          10  -2.6493863197203845E-013
           3          11   2.3832980586886504E-011
           3          12   2.7847207371618098E-011
           3          13  -4.3166530018352717E-012
           3          14  -1.2617332549343088E-012
           3          15   2.0267884498363669E-012
           3          16  -8.4179219820268259E-013
           3          17  -2.1794815931652670E-010
           3          18  -8.6088058313711207E-011
           3          19  -2.2308135502865449E-012
           3          20   2.2401938439140413E-010
           3          21   8.9525298853663187E-011
           3          22   1.4099577674737458E-012
           3          23  -1.6562644480081887E-012
           3          24  -6.7269709083114911E-013
           3          25  -3.2722493830183494E-014
           3          26   4.1214348985204321     
           3          27   3.7987143761341474E-014
           3          28   4.1214348985196150     
           3          29   6.3970307018790130E-014
           3          30  -4.7239262037492845E-014
           3          31   4.1214348985203042     
           3          32   2.5803866231233892     
           3          33  -5.3697088776553512E-015
           3          34   2.5803866231235735     
           3          35  -3.2777548039415896E-014
           3          36  -3.3992373629662007E-014
           3          37   2.5803866231235428     
           3          38  0.94455613491258805     
           3          39  -4.1612450777763285E-014
           3          40  0.94455613491244095     
           3          41   2.1618298276159308E-014
           3          42   1.3703080446178212E-014
           3          43  0.94455613491256352     
           3          44   8.5147169072889106E-002
           3          45   1.1043664821982012E-014
           3          46   8.5147169072975870E-002
           3          47  -2.0194087629534015E-014
           3          48   4.1956030481905789E-016
           3          49   8.5147169072892909E-002
           3          50   7.4198978440767743E-011
           3          51   1.2702810799549942E-011
           3          52   3.3221054374583665E-011
           3          53   2.8284634470947651E-011
           3          54   5.7319493572479925E-013
           3          55  -2.3785873222404704E-014
           3          56   5.4822905036479496E-013
           3          57   3.3210217011151064E-011
           3          58   1.2676139053599842E-011
           3          59   1.2274835813830822E-012
           3          60  -9.8435749908692560E-011
           3          61  -1.7627614766726354E-011
           3          62  -4.4037307362150490E-011
           3          63  -3.9335135438240495E-011
           3          64  -2.3376931943632598E-013
           3          65   8.5177131908157432E-015
           3          66  -2.1397763282334429E-013
           3          67  -4.4004958553553139E-011
           3          68  -1.7631548489073662E-011
           3          69  -5.8386982362142426E-013
           4           1 -0.87730315643104717     
           4           2   22.346182471957931     
           4           3  -4.6946087167824375     
           4           4   55.900629925247230     
           4           5   83.275345193472617     
           4           6   33.581732692431892     
           4           7   2.6541189301851018     
           4           8  -2.3979395343177258E-012
           4           9  -9.2675180717645123E-012
           4          10   3.6007858929013005E-012
           4          11  -3.1093829001152482E-011
           4          12  -8.6606375243591953E-011
           4          13   1.6615410958351802E-011
           4          14  -4.1472999457977127E-012
           4          15  -7.5604011234282137E-012
           4          16   3.0296308314769784E-012
           4          17   2.3254233818872658E-010
           4          18   2.5580107030327295E-010
           4          19  -3.6717301831650848E-011
           4          20  -2.4589561056208364E-010
           4          21  -2.6564490049165541E-010
           4          22   4.3647504234198606E-011
           4          23   1.5498196209012556E-012
           4          24   2.2351080251623191E-012
           4          25  -1.8134909290866771E-013
           4          26  -48.524573095157876     
           4          27   2.8791561253480070E-013
           4          28  -48.524573095159816     
           4          29   4.6694354314051181E-014
           4          30   9.0476727886271695E-014
           4          31  -48.524573095157123     
           4          32  -28.500042498113057     
           4          33  -1.4584589300826984E-013
           4          34  -28.500042498111810     
           4          35   1.3477309760799189E-013
           4          36   4.5474441482957240E-013
           4          37  -28.500042498114460     
           4          38  -10.677255173624213     
           4          39   4.9875376061998166E-013
           4          40  -10.677255173624189     
           4          41  -1.2351682803212908E-013
           4          42  -2.0841123387344544E-013
           4          43  -10.677255173623982     
           4          44  -1.1079929233536721     
           4          45  -1.1635163645393670E-013
           4          46  -1.1079929233541499     
           4          47   1.7453146634507168E-013
           4          48   2.3112771624393417E-014
           4          49  -1.1079929233537360     
           4          50  -7.5451276571695885E-011
           4          51  -3.7735690129798633E-011
           4          52  -3.4126894018941925E-011
           4          53  -8.3190568492469568E-011
           4          54   4.2235804088699206E-012
           4          55   2.3326471351295915E-013
           4          56   4.4780301447622137E-012
           4          57  -3.4042470944976706E-011
           4          58  -3.7472426219356355E-011
           4          59   9.9705180709501059E-012
           4          60   1.0854911312801421E-010
           4          61   5.2379046071521444E-011
           4          62   4.8711358495146141E-011
           4          63   1.1630156097013988E-010
           4          64  -8.9458189427325209E-012
           4          65  -9.0626949216377252E-014
           4          66  -9.1328732279533857E-012
           4          67   4.8377465150761159E-011
           4          68   5.2414884188582037E-011
           4          69  -1.9357457429155591E-011
           5           1  -1.2883024148809914     
           5           2   30.354660136446228     
           5           3  -7.5002565285518763     
           5           4   83.275345193472617     
           5           5   127.47021826405339     
           5           6   51.362657886852411     
           5           7   3.6370236201251975     
           5           8  -1.5814596612767433E-012
           5           9  -1.8981148349673911E-011
           5          10   5.2825049775261831E-012
           5          11  -1.9197702700072017E-011
           5          12  -1.6981839559005536E-010
           5          13   3.3851437044471156E-011
           5          14  -1.0409009623765509E-011
           5          15  -1.4561747058645945E-011
           5          16   4.9293583006811192E-012
           5          17   5.8239419587560792E-011
           5          18   4.9478864885664210E-010
           5          19  -1.0329009199076677E-010
           5          20  -7.3151882560771704E-011
           5          21  -5.1443834500168001E-010
           5          22   1.1593363143492734E-010
           5          23   2.0212000241344493E-014
           5          24   4.2130556707525307E-012
           5          25  -6.1476367460765709E-013
           5          26  -72.165381114006721     
           5          27   3.0047998118094015E-013
           5          28  -72.165381114007459     
           5          29  -8.6111164474220013E-014
           5          30   2.5897232544328700E-013
           5          31  -72.165381114005584     
           5          32  -43.740819920499064     
           5          33  -1.9737276443858635E-013
           5          34  -43.740819920497785     
           5          35   2.5438599496376365E-013
           5          36   7.1815949970319903E-013
           5          37  -43.740819920501323     
           5          38  -16.212694023951748     
           5          39   8.1672590847790774E-013
           5          40  -16.212694023951414     
           5          41  -2.1904086006117468E-013
           5          42  -3.1587826255294766E-013
           5          43  -16.212694023951457     
           5          44  -1.5865566330735550     
           5          45  -2.0301231175320028E-013
           5          46  -1.5865566330743577     
           5          47   2.8680289118948074E-013
           5          48   2.8384051321466553E-014
           5          49  -1.5865566330735872     
           5          50  -1.2670271292855061E-011
           5          51  -7.2879437247337992E-011
           5          52  -6.2977088177600605E-012
           5          53  -1.6099089847874310E-010
           5          54   1.3448256584761612E-011
           5          55   3.8339304731542499E-013
           5          56   1.3857814527626885E-011
           5          57  -6.1390415992765839E-012
           5          58  -7.2436635355969370E-011
           5          59   3.0956721531425406E-011
           5          60   3.3122318378260736E-011
           5          61   1.0141630649095396E-010
           5          62   1.5079270774097444E-011
           5          63   2.2542875763151625E-010
           5          64  -2.3382640999079982E-011
           5          65  -1.4570847879161950E-013
           5          66  -2.3699694311301786E-011
           5          67   1.4527165790013217E-011
           5          68   1.0148440333977069E-010
           5          69  -5.1242703425499276E-011
           6           1 -0.51434169611207958     
           6           2   12.276950503726479     
           6           3  -3.0183894851568622     
           6           4   33.581732692431892     
           6           5   51.362657886852411     
           6           6   20.696499185083660     
           6           7   1.4702703733482996     
           6           8  -3.8149490037893715E-013
           6           9  -6.0484512749217059E-012
           6          10   1.7535542895321665E-012
           6          11  -3.7659686274965058E-012
           6          12  -5.4849672629247744E-011
           6          13   1.1238416573811376E-011
           6          14  -4.2782204205991994E-012
           6          15  -4.8935277186989294E-012
           6          16   1.7833696850937911E-012
           6          17  -4.2580316425302403E-012
           6          18   1.5917807936897629E-010
           6          19  -3.5869781283884739E-011
           6          20  -9.8733324448056875E-013
           6          21  -1.6539427633982916E-010
           6          22   4.0680417071571528E-011
           6          23  -2.0403884726515197E-013
           6          24   1.4001296109096089E-012
           6          25  -2.0605182318019077E-013
           6          26  -29.101264284953512     
           6          27   2.4616465181439916E-013
           6          28  -29.101264284952251     
           6          29  -6.7166840452522328E-014
           6          30  -1.6075127424065413E-013
           6          31  -29.101264284951810     
           6          32  -17.623607495507798     
           6          33  -1.1707840055623148E-013
           6          34  -17.623607495507756     
           6          35   1.1231230283904159E-013
           6          36   3.6873797332573499E-013
           6          37  -17.623607495509084     
           6          38  -6.5341902068080087     
           6          39   3.4730275928220968E-013
           6          40  -6.5341902068076365     
           6          41  -9.3124153059981110E-014
           6          42  -1.6734993068915506E-013
           6          43  -6.5341902068077022     
           6          44 -0.64051544827217599     
           6          45  -8.7623072182511224E-014
           6          46 -0.64051544827257678     
           6          47   1.1705152010291050E-013
           6          48   2.4491061158386385E-014
           6          49 -0.64051544827225082     
           6          50   4.3201263414585245E-012
           6          51  -2.3459348667833690E-011
           6          52   1.6780487390375799E-012
           6          53  -5.1663368594688084E-011
           6          54   4.5868572655972915E-012
           6          55   1.5420651931516090E-013
           6          56   4.7516260456248460E-012
           6          57   1.7417193289542018E-012
           6          58  -2.3281286031016987E-011
           6          59   1.0612508362806638E-011
           6          60   8.3034033138536032E-013
           6          61   3.2618557617360195E-011
           6          62   4.7861847112785432E-013
           6          63   7.2396215778092958E-011
           6          64  -8.2329620210615217E-012
           6          65  -5.8636336613908261E-014
           6          66  -8.3603638539331266E-012
           6          67   2.5654340759932755E-013
           6          68   3.2645912065736060E-011
           6          69  -1.7989847099184826E-011
           7           1  -5.2514367386255076E-002
           7           2   1.3218795706818773     
           7           3 -0.18257875383809705     
           7           4   2.6541189301851018     
           7           5   3.6370236201251975     
           7           6   1.4702703733482996     
           7           7  0.15943140677584619     
           7           8   2.0092162505270862E-012
           7           9  -3.4357909842451618E-012
           7          10   1.4664938625691871E-012
           7          11   1.7378274091736347E-011
           7          12  -2.9705127736896128E-011
           7          13   6.4724627708047617E-012
           7          14  -2.4431913945692804E-012
           7          15  -2.2924133171854045E-012
           7          16   1.0950549512777698E-013
           7          17  -1.9844719093484734E-010
           7          18   8.2453227410502511E-011
           7          19  -3.4449682524139407E-011
           7          20   2.0273581207954828E-010
           7          21  -8.6033467459364327E-011
           7          22   3.5622818821444658E-011
           7          23  -1.5441537311675329E-012
           7          24   6.1828008552281167E-013
           7          25  -2.6162725496028189E-013
           7          26  -2.3506124182667296     
           7          27  -3.7831979847391774E-013
           7          28  -2.3506124182714632     
           7          29   9.6369492260970119E-014
           7          30   7.7042664652474754E-013
           7          31  -2.3506124182702433     
           7          32  -1.2319526449102951     
           7          33   1.1368888706153309E-013
           7          34  -1.2319526449088438     
           7          35  -2.2805138990296699E-014
           7          36  -2.1870303197517279E-013
           7          37  -1.2319526449092728     
           7          38 -0.47980429812686376     
           7          39  -4.6865884479384918E-014
           7          40 -0.47980429812756320     
           7          41   9.7987103698435028E-015
           7          42   1.0924076061148033E-013
           7          43 -0.47980429812738312     
           7          44  -5.9513087636119628E-002
           7          45   1.7812129242142057E-014
           7          46  -5.9513087635916041E-002
           7          47   1.4088893830154999E-015
           7          48  -3.6829535169005744E-014
           7          49  -5.9513087635956655E-002
           7          50   6.8294471846661731E-011
           7          51  -1.2074543058931842E-011
           7          52   3.0530969189097528E-011
           7          53  -2.6967742059431619E-011
           7          54   5.1770621034370152E-012
           7          55   7.1107029070496685E-015
           7          56   5.1861870891059753E-012
           7          57   3.0530871883170771E-011
           7          58  -1.2068599846614542E-011
           7          59   1.1589211707573609E-011
           7          60  -8.8997507674281955E-011
           7          61   1.6939828277926624E-011
           7          62  -3.9795230564549334E-011
           7          63   3.7854083171076630E-011
           7          64  -7.0111609295370920E-012
           7          65  -3.0287252055091828E-015
           7          66  -7.0158665172451192E-012
           7          67  -3.9803992769620912E-011
           7          68   1.6939168250549795E-011
           7          69  -1.5657429069221449E-011
           8           1   9.8335036836976698E-014
           8           2   8.9695059894993165E-013
           8           3   2.2726618250444936E-012
           8           4  -2.3979395343177258E-012
           8           5  -1.5814596612767433E-012
           8           6  -3.8149490037893715E-013
           8           7   2.0092162505270862E-012
           8           8   2.0097849447195721     
           8           9   2.9390281960522187E-004
           8          10   3.1281156851235719E-003
           8          11  0.15758919762385157     
           8          12   1.0661053530143466E-003
           8          13   1.1346950967880408E-002
           8          14 -0.10437680334499563     
           8          15  -3.7252995772891486E-004
           8          16  -3.9649731956914319E-003
           8          17  -1.8405110982861186     
           8          18  -2.1370018251902378E-002
           8          19 -0.22744895508154087     
           8          20   1.8336268070587334     
           8          21   2.1780636270167818E-002
           8          22  0.23181931350275589     
           8          23  -1.5300286854786349E-002
           8          24  -1.6699349081922976E-004
           8          25  -1.7773730720732376E-003
           8          26   5.7991503796250097E-013
           8          27   5.0836013151735376E-013
           8          28   1.2513421627772520E-013
           8          29   8.6644958126121959E-014
           8          30  -1.1781770486047172E-014
           8          31   4.1972097998827029E-013
           8          32   3.3755972755627231E-013
           8          33  -1.7663444779237957E-013
           8          34   4.3260810977117804E-013
           8          35  -3.3052050018413022E-014
           8          36   4.2167810032464607E-014
           8          37   4.2554164254639936E-013
           8          38  -1.2822660514376029E-013
           8          39   7.5918545857549268E-014
           8          40  -2.2855003205467426E-013
           8          41   2.5255532326533931E-014
           8          42  -3.6439397661849303E-014
           8          43  -2.0809044291307182E-013
           8          44  -6.3730973316149018E-013
           8          45  -5.3401504726083568E-014
           8          46  -5.9286734087611137E-013
           8          47   1.5043574633657418E-015
           8          48   1.3429540700764198E-014
           8          49  -6.0376275467659991E-013
           8          50  0.66487048738569732     
           8          51   3.3075935909344161E-003
           8          52  0.29733912120559786     
           8          53   7.3960041113227898E-003
           8          54   3.5203933717648565E-002
           8          55  -4.9629248753196878E-014
           8          56   3.5203933717660015E-002
           8          57  0.29733912120552924     
           8          58   3.3075935909356825E-003
           8          59   7.8718388868029718E-002
           8          60 -0.80201101769622962     
           8          61  -4.2747042310559381E-003
           8          62 -0.35867023085454464     
           8          63  -9.5585292444957445E-003
           8          64  -4.5497247554680403E-002
           8          65   2.9599900170247411E-014
           8          66  -4.5497247554645272E-002
           8          67 -0.35867023085449379     
           8          68  -4.2747042310936397E-003
           8          69 -0.10173493832139768     
           9           1   1.4898872668696839E-013
           9           2  -3.0995200846785222E-012
           9           3   3.2543656698988510E-012
           9           4  -9.2675180717645123E-012
           9           5  -1.8981148349673911E-011
           9           6  -6.0484512749217059E-012
           9           7  -3.4357909842451618E-012
           9           8   2.9390281960522187E-004
           9           9   2.0103265145611706     
           9          10  -1.3713349128713520E-003
           9          11   1.0661053545897501E-003
           9          12  0.15955369224670884     
           9          13  -4.9743908435036675E-003
           9          14  -3.7252995965806999E-004
           9          15 -0.10506325810471595     
           9          16   1.7382049479763868E-003
           9          17  -2.1370018251825485E-002
           9          18  -1.8798892757605841     
           9          19   9.9711367599953929E-002
           9          20   2.1780636269793558E-002
           9          21   1.8737616235327419     
           9          22 -0.10162728941976924     
           9          23  -1.6699349088084155E-004
           9          24  -1.5608002984895146E-002
           9          25   7.7918273866384852E-004
           9          26   1.2425098637180334E-011
           9          27   7.1400297455491706E-012
           9          28   6.1081395546937338E-012
           9          29   1.2530619492418482E-012
           9          30  -5.9631798138428889E-013
           9          31   1.0324101118777829E-011
           9          32   5.7767155482620829E-012
           9          33  -2.4186861141493604E-012
           9          34   7.0041321866417206E-012
           9          35  -4.6848933004328099E-013
           9          36   4.7494915182326927E-013
           9          37   7.1204373192999129E-012
           9          38   3.3091434939307684E-012
           9          39   1.0729979128745660E-012
           9          40   2.0211390918541102E-012
           9          41   2.6584055575067399E-013
           9          42  -3.9108393133647767E-013
           9          43   1.9165742999167107E-012
           9          44   3.0419428889441082E-013
           9          45  -7.3081002202604478E-013
           9          46   9.4339888983522474E-013
           9          47   1.0161095690971615E-013
           9          48   1.4870526074362214E-013
           9          49   9.4053418641824751E-013
           9          50   7.3960041121764481E-003
           9          51  0.30343396894454855     
           9          52   3.3075935918755136E-003
           9          53  0.67849898124322272     
           9          54  -1.5433055625285361E-002
           9          55  -5.5974805102699037E-013
           9          56  -1.5433055624952710E-002
           9          57   3.3075935909107385E-003
           9          58  0.30343396894434160     
           9          59  -3.4509361478777915E-002
           9          60  -9.5585292444670903E-003
           9          61 -0.36654715729761611     
           9          62  -4.2747042315305966E-003
           9          63 -0.81962436067878985     
           9          64   1.9945542393219447E-002
           9          65   4.3678019967787156E-013
           9          66   1.9945542393674975E-002
           9          67  -4.2747042308165228E-003
           9          68 -0.36654715729809045     
           9          69   4.4599588639388198E-002
          10           1   7.9633368328952319E-015
          10           2   2.7579135433893526E-012
          10           3  -2.6493863197203845E-013
          10           4   3.6007858929013005E-012
          10           5   5.2825049775261831E-012
          10           6   1.7535542895321665E-012
          10           7   1.4664938625691871E-012
          10           8   3.1281156851235719E-003
          10           9  -1.3713349128713520E-003
          10          10   1.9958597373810256     
          10          11   1.1346950967768091E-002
          10          12  -4.9743908434230905E-003
          10          13  0.10707679310016263     
          10          14  -3.9649731950269339E-003
          10          15   1.7382049507763924E-003
          10          16  -8.6726217688245608E-002
          10          17 -0.22744895508312329     
          10          18   9.9711367600079162E-002
          10          19 -0.82799296361015640     
          10          20  0.23181931350487581     
          10          21 -0.10162728941653261     
          10          22  0.80165346250964808     
          10          23  -1.7773730720225217E-003
          10          24   7.7918273872601212E-004
          10          25  -7.3880831390007356E-003
          10          26  -4.0078347159786186E-012
          10          27  -1.3140085936106766E-012
          10          28  -2.8600826432854248E-012
          10          29  -2.3176544404380475E-013
          10          30   6.6342244039482398E-014
          10          31  -3.6741502677084435E-012
          10          32  -1.6225152333745210E-012
          10          33   4.4403768908651401E-013
          10          34  -1.8972647113498262E-012
          10          35   7.1640294743613152E-014
          10          36  -4.1504051117907842E-014
          10          37  -1.9029604856208424E-012
          10          38  -9.9009067967607246E-013
          10          39  -1.9763296240117436E-013
          10          40  -7.0919337350109023E-013
          10          41  -6.5154208725830512E-015
          10          42   2.7458645908694059E-014
          10          43  -6.7326113045782244E-013
          10          44  -2.8470188715188764E-013
          10          45   1.3767591829784279E-013
          10          46  -4.2863538236020148E-013
          10          47  -5.3949106758670084E-014
          10          48  -6.6450598765123844E-015
          10          49  -4.3150730864833012E-013
          10          50   7.8718388868231015E-002
          10          51  -1.5433055626059766E-002
          10          52   3.5203933717588835E-002
          10          53  -3.4509361480561773E-002
          10          54  0.14062430451946129     
          10          55   9.2123538592150824E-014
          10          56  0.14062430451938523     
          10          57   3.5203933717792346E-002
          10          58  -1.5433055626008269E-002
          10          59  0.31444550419414480     
          10          60 -0.10173493832234053     
          10          61   1.9945542392512398E-002
          10          62  -4.5497247555009418E-002
          10          63   4.4599588638152124E-002
          10          64 -0.15613341018436391     
          10          65  -9.3298741018832303E-014
          10          66 -0.15613341018445723     
          10          67  -4.5497247555153580E-002
          10          68   1.9945542392602274E-002
          10          69 -0.34912491873113044     
          11           1   1.0396947027039269E-012
          11           2   3.7465192766100162E-012
          11           3   2.3832980586886504E-011
          11           4  -3.1093829001152482E-011
          11           5  -1.9197702700072017E-011
          11           6  -3.7659686274965058E-012
          11           7   1.7378274091736347E-011
          11           8  0.15758919762385157     
          11           9   1.0661053545897501E-003
          11          10   1.1346950967768091E-002
          11          11   4.3015699820944260     
          11          12   3.8671987776915644E-003
          11          13   4.1160017475009553E-002
          11          14  0.15643413111064486     
          11          15  -1.3513180424405541E-003
          11          16  -1.4382574358507786E-002
          11          17  -19.582753151157220     
          11          18  -7.7517769056659080E-002
          11          19 -0.82505009428507037     
          11          20   20.235955102106765     
          11          21   7.9007248023833188E-002
          11          22  0.84090316613504523     
          11          23 -0.14794842113484685     
          11          24  -6.0575347677623373E-004
          11          25  -6.4472567929571107E-003
          11          26   9.5543199347660921E-012
          11          27   4.3824406197039951E-012
          11          28   5.5522387451124477E-012
          11          29   7.0186998023729102E-013
          11          30   8.0305432772643619E-014
          11          31   8.0547869839961697E-012
          11          32   4.3226449807775370E-012
          11          33  -1.4817333050609481E-012
          11          34   5.2246020847317191E-012
          11          35  -2.3655234590152805E-013
          11          36   1.7314182113982041E-013
          11          37   5.2020310489566449E-012
          11          38  -8.0015208557158044E-013
          11          39   6.4762341598023295E-013
          11          40  -1.7488651492720890E-012
          11          41   9.8014696614551212E-014
          11          42  -1.5660850768605610E-013
          11          43  -1.6497514142152740E-012
          11          44  -5.5648475792939760E-012
          11          45  -4.6020447919796620E-013
          11          46  -5.0930193301542004E-012
          11          47   1.0051916457797068E-013
          11          48   5.7578355564929023E-014
          11          49  -5.2164805324452741E-012
          11          50   6.5688871039415968     
          11          51   1.1997990506662714E-002
          11          52   2.9376956201873758     
          11          53   2.6828322366746121E-002
          11          54  0.12769902074345421     
          11          55  -3.6949118747666330E-013
          11          56  0.12769902074362899     
          11          57   2.9376956201867448     
          11          58   1.1997990506604227E-002
          11          59  0.28554369104238575     
          11          60  -8.8966236397122387     
          11          61  -1.5506095102871556E-002
          11          62  -3.9786910457259195     
          11          63  -3.4672682716960612E-002
          11          64 -0.16503706676152222     
          11          65   2.9693268283266739E-013
          11          66 -0.16503706676119986     
          11          67  -3.9786910457254692     
          11          68  -1.5506095103240703E-002
          11          69 -0.36903410008587451     
          12           1   1.2020595642930646E-012
          12           2  -3.2759611985371751E-011
          12           3   2.7847207371618098E-011
          12           4  -8.6606375243591953E-011
          12           5  -1.6981839559005536E-010
          12           6  -5.4849672629247744E-011
          12           7  -2.9705127736896128E-011
          12           8   1.0661053530143466E-003
          12           9  0.15955369224670884     
          12          10  -4.9743908434230905E-003
          12          11   3.8671987776915644E-003
          12          12   4.3086960050672936     
          12          13  -1.8044143735411206E-002
          12          14  -1.3513180601575701E-003
          12          15  0.15394407982865860     
          12          16   6.3051780222568013E-003
          12          17  -7.7517769014969651E-002
          12          18  -19.725593855991594     
          12          19  0.36169378408722297     
          12          20   7.9007247977191289E-002
          12          21   20.381540445094696     
          12          22 -0.36864361369641574     
          12          23  -6.0575347707160835E-004
          12          24 -0.14906463299924044     
          12          25   2.8264134769481063E-003
