           1           1   2.6227836117807581     
           1           2 -0.31221582424918420     
           1           3  -2.4626629516409277     
           1           4 -0.14290965134957018     
           1           5 -0.13365104236588693     
           1           6   8.1159825858255691E-015
           1           7  -1.6655641966855113E-013
           1           8  -9.5060884394899749E-014
           1           9   7.2004944769271421E-014
           1          10   5.0682938505017048E-015
           1          11  -4.9646640160916768E-015
           1          12  -1.0649265585561643E-013
           1          13  -2.0186472000931876E-014
           1          14   2.8409280670772403E-014
           1          15   1.6030508370627924E-014
           1          16  -7.3240065274478207E-015
           1          17   1.8604308253145042E-015
           1          18  0.36044983951368836     
           1          19  -3.9974628250263984E-016
           1          20  0.36044983951368709     
           1          21   2.2990289391697263E-015
           1          22   2.1557039945901998E-015
           1          23  0.36044983951369247     
           1          24  0.69277476997526666     
           1          25   3.6317355012886746E-015
           1          26  0.69277476997528531     
           1          27   8.0735656934402358E-015
           1          28   5.7006162202793197E-015
           1          29  0.69277476997528220     
           1          30   7.3562867304755919E-002
           1          31  -9.7712359038803852E-015
           1          32   7.3562867304751894E-002
           1          33  -5.4409444410533427E-015
           1          34  -8.9548202493245369E-015
           1          35   7.3562867304765425E-002
           1          36  -3.3226469670288017E-014
           1          37   2.7620229784828794E-014
           1          38  -1.4273708814110740E-014
           1          39   3.3263049550782130E-014
           1          40   1.1932870997801159E-015
           1          41   1.0435936795196819E-014
           1          42   8.4729680153688355E-015
           1          43  -5.3472070602830268E-016
           1          44   1.6184973375064688E-014
           1          45   2.7648826659166433E-014
           1          46   2.2802125791011672E-014
           1          47   1.6602788004306893E-014
           1          48   2.7546861217168450E-014
           1          49   8.6820761032559894E-015
           1          50  -1.5222359919639079E-014
           1          51  -3.9301784425056212E-017
           1          52  -4.8391913735385588E-015
           1          53   2.0427640716900329E-014
           1          54   3.0779253962625048E-015
           1          55  -2.3964561707973694E-014
           2           1 -0.31221582424918420     
           2           2  0.44520555462100742     
           2           3   1.8643244772767120     
           2           4  0.10631342765749985     
           2           5  0.10264100862194341     
           2           6   7.3931246862574463E-015
           2           7   1.7933325955653499E-013
           2           8   1.2074410572520845E-013
           2           9   4.6564225205971413E-015
           2          10   2.0713391589143307E-014
           2          11   1.2884197333087705E-014
           2          12  -7.8975315902356289E-015
           2          13  -2.1100410543975649E-014
           2          14  -1.2982135741935277E-014
           2          15  -4.8429684951750632E-016
           2          16   4.0340496971167464E-016
           2          17  -1.7264640125608006E-016
           2          18 -0.22388361685417008     
           2          19  -6.4340920374745946E-016
           2          20 -0.22388361685416908     
           2          21  -1.7616304215642769E-016
           2          22   3.5322331530375153E-016
           2          23 -0.22388361685417169     
           2          24 -0.50348752721880097     
           2          25   6.0529599399696753E-016
           2          26 -0.50348752721880841     
           2          27  -6.6397298595010701E-016
           2          28  -1.4575115411468622E-015
           2          29 -0.50348752721880707     
           2          30  -5.6229456044528038E-002
           2          31   1.3626790353348826E-015
           2          32  -5.6229456044527941E-002
           2          33   1.8031531991887662E-015
           2          34  -3.2225176013441724E-017
           2          35  -5.6229456044525894E-002
           2          36  -2.7950846727026734E-015
           2          37  -1.5330327504320942E-014
           2          38  -1.2704598115060638E-015
           2          39  -3.5182195115873851E-014
           2          40  -1.1109957484840836E-014
           2          41   1.1326575204093003E-016
           2          42  -1.0596444590714406E-014
           2          43  -1.5919375271402680E-015
           2          44  -1.7193264086436155E-014
           2          45  -2.3989215045693338E-014
           2          46   4.6388458817282925E-015
           2          47   2.5568991103617223E-015
           2          48   1.2963646325947380E-015
           2          49   8.5826411696685514E-015
           2          50   3.5511931378172020E-015
           2          51   1.4328661955406546E-016
           2          52   1.4285545533490004E-015
           2          53   1.3974895874720919E-015
           2          54   5.3359751466278796E-015
           2          55   5.8960033061679099E-015
           3           1  -2.4626629516409277     
           3           2   1.8643244772767120     
           3           3   8.3621577572845975     
           3           4  0.47804336129337133     
           3           5  0.45945305827817645     
           3           6   2.1799909518842984E-014
           3           7   7.8338239571271694E-013
           3           8   5.1267264356254099E-013
           3           9  -1.6972697510970149E-014
           3          10   7.8701562225623223E-014
           3          11   5.2218713832701568E-014
           3          12   2.1068498154196263E-014
           3          13  -7.2933599318438737E-014
           3          14  -6.3864096953801509E-014
           3          15  -9.5634498197404692E-015
           3          16   5.0483849024109594E-015
           3          17  -1.5628475687780258E-015
           3          18  -1.0352974338125929     
           3          19  -2.2853572667381022E-015
           3          20  -1.0352974338125884     
           3          21  -1.7831961515493167E-015
           3          22   3.2410320739765545E-016
           3          23  -1.0352974338126009     
           3          24  -2.2716313582380061     
           3          25   5.8536163864456283E-016
           3          26  -2.2716313582380439     
           3          27  -6.4366694524579279E-015
           3          28  -8.3518166555433918E-015
           3          29  -2.2716313582380372     
           3          30 -0.25186646615639829     
           3          31   9.9429320160170749E-015
           3          32 -0.25186646615639602     
           3          33   9.5579275057059492E-015
           3          34   4.1794512885030412E-015
           3          35 -0.25186646615639463     
           3          36   5.7660542410585984E-015
           3          37  -7.3464186205423785E-014
           3          38   2.2184369909749954E-015
           3          39  -1.5405068224777891E-013
           3          40  -4.3539243784830363E-014
           3          41  -4.5792014520274905E-015
           3          42  -4.5060436998504127E-014
           3          43  -5.6221493571253532E-015
           3          44  -7.5141894458383705E-014
           3          45  -1.0607587714663944E-013
           3          46   6.7683662667815404E-015
           3          47   2.1466030852819271E-015
           3          48  -8.3073904921999747E-015
           3          49   2.9501827135286597E-014
           3          50   2.1034630899904743E-014
           3          51   5.7061767744701351E-016
           3          52   7.8713648200784168E-015
           3          53  -4.4966283247718056E-015
           3          54   1.9347348564645768E-014
           3          55   3.4320420542397407E-014
           4           1 -0.14290965134957018     
           4           2  0.10631342765749985     
           4           3  0.47804336129337133     
           4           4   2.7330907903895859E-002
           4           5   2.6263909164124449E-002
           4           6  -3.2317699805089061E-015
           4           7   5.9854631735744740E-014
           4           8   3.8042695142621655E-014
           4           9  -1.5259085084533379E-015
           4          10   6.0985085171685574E-015
           4          11   3.9210747831418511E-015
           4          12   1.7998939374137182E-015
           4          13  -5.7624245716317211E-015
           4          14  -4.6142779539644679E-015
           4          15  -5.5290454167306447E-016
           4          16   2.6590385501168060E-016
           4          17  -1.0789835632425517E-016
           4          18  -5.9247556655310049E-002
           4          19  -1.2944643537645718E-016
           4          20  -5.9247556655309799E-002
           4          21  -1.0392775307047405E-016
           4          22   1.6006603555950483E-017
           4          23  -5.9247556655310507E-002
           4          24 -0.12989003963447293     
           4          25   2.9202574485536315E-017
           4          26 -0.12989003963447512     
           4          27  -3.7488811711876947E-016
           4          28  -4.8108248570476564E-016
           4          29 -0.12989003963447474     
           4          30  -1.4397881851702958E-002
           4          31   5.7607721919531986E-016
           4          32  -1.4397881851702824E-002
           4          33   5.4934405619733291E-016
           4          34   2.4758038629642516E-016
           4          35  -1.4397881851702760E-002
           4          36   1.2687549898562759E-015
           4          37  -5.5782487115598783E-015
           4          38   5.4627443226676656E-016
           4          39  -1.1860529236537975E-014
           4          40  -3.2729491843094479E-015
           4          41  -2.7196024635706138E-016
           4          42  -3.3675642367597103E-015
           4          43   8.5245124907577101E-017
           4          44  -5.6607967751403547E-015
           4          45  -7.8420945288218989E-015
           4          46   1.4092350431566966E-016
           4          47   4.3464059612370681E-016
           4          48  -6.0062456041446974E-016
           4          49   2.4077404180452901E-015
           4          50   1.4050388006114069E-015
           4          51   3.2476555909812453E-017
           4          52   6.4524011953962362E-016
           4          53  -3.7605566219330467E-016
           4          54   1.4274389399200570E-015
           4          55   2.4078202263216975E-015
           5           1 -0.13365104236588693     
           5           2  0.10264100862194341     
           5           3  0.45945305827817645     
           5           4   2.6263909164124449E-002
           5           5   2.5245784345308060E-002
           5           6  -4.4674948193712434E-015
           5           7   5.9469121174415542E-014
           5           8   4.2294356380025588E-014
           5           9  -1.4855622428639138E-015
           5          10   6.1121488774628576E-015
           5          11   4.3944411269739858E-015
           5          12   1.6847751865974501E-015
           5          13  -5.8163516064122468E-015
           5          14  -5.0248731715132783E-015
           5          15  -5.0294580715874448E-016
           5          16   2.4066946535014555E-016
           5          17  -1.1182661554966886E-016
           5          18  -5.6835162009303317E-002
           5          19  -1.2650493101449293E-016
           5          20  -5.6835162009303074E-002
           5          21  -9.6426263846712674E-017
           5          22   1.9774966666958164E-017
           5          23  -5.6835162009303761E-002
           5          24 -0.12479245706305278     
           5          25   3.5486813243476473E-017
           5          26 -0.12479245706305486     
           5          27  -3.4825934625076952E-016
           5          28  -4.5605248620588782E-016
           5          29 -0.12479245706305449     
           5          30  -1.3839166179447505E-002
           5          31   5.4032732973804467E-016
           5          32  -1.3839166179447382E-002
           5          33   5.2285877674957664E-016
           5          34   2.2288693951930728E-016
           5          35  -1.3839166179447296E-002
           5          36   1.4394410574368416E-015
           5          37  -5.5142524014197102E-015
           5          38   6.2436459835608656E-016
           5          39  -1.1790973933277540E-014
           5          40  -3.6776582825377263E-015
           5          41  -2.4365944044702361E-016
           5          42  -3.7552688290773919E-015
           5          43   2.0355781690202667E-016
           5          44  -5.6168582796005404E-015
           5          45  -8.6829756325962893E-015
           5          46   1.1583029418533752E-016
           5          47   4.9110028857495490E-016
           5          48  -5.5870930876350371E-016
           5          49   2.4368620390838993E-015
           5          50   1.4557677049305952E-015
           5          51   3.1464713277623211E-017
           5          52   7.3820727571423448E-016
           5          53  -3.5457045668340894E-016
           5          54   1.4287908008900167E-015
           5          55   2.5621403755703940E-015
           6           1   8.1159825858255691E-015
           6           2   7.3931246862574463E-015
           6           3   2.1799909518842984E-014
           6           4  -3.2317699805089061E-015
           6           5  -4.4674948193712434E-015
           6           6   9.7861728801503428E-002
           6           7 -0.26151747723449170     
           6           8 -0.26313118842711353     
           6           9   1.0540555146214971E-002
           6          10  -2.8167695627789324E-002
           6          11  -2.8341506289249689E-002
           6          12  -1.0596698697191383E-002
           6          13   2.8317728945146722E-002
           6          14   2.8492465397275100E-002
           6          15  -1.8895645200562772E-004
           6          16   5.0495137620352570E-004
           6          17   5.0806721264958703E-004
           6          18  -2.4927099131395373E-015
           6          19  -1.0362173929748372E-015
           6          20  -2.1875227927576976E-015
           6          21  -1.1992759984899767E-016
           6          22  -5.5207399613728114E-017
           6          23  -3.2359777892201863E-015
           6          24  -3.7409576385181181E-015
           6          25  -6.2125345020306705E-016
           6          26  -4.3893152318617995E-015
           6          27  -5.6627263399160635E-016
           6          28   3.8735334812480383E-016
           6          29  -4.1126183025090948E-015
           6          30   1.2290827659025201E-015
           6          31   4.9815770319066174E-016
           6          32   1.7064622574756807E-015
           6          33   1.5714327685380456E-015
           6          34  -1.0961012894467901E-016
           6          35   3.1188894469695512E-015
           6          36  -1.9823751222594492E-002
           6          37   2.3691287945713055E-002
           6          38  -8.8654510605526773E-003
           6          39   5.2975330321134190E-002
           6          40   2.3837476632333723E-002
           6          41   4.3186985384107042E-017
           6          42   2.3837476632334501E-002
           6          43  -8.8654510605542629E-003
           6          44   2.3691287945713513E-002
           6          45   5.3302218161961887E-002
           6          46   4.7866294602021348E-003
           6          47  -5.7204822416191429E-003
           6          48   2.1406457712236059E-003
           6          49  -1.2791387156342470E-002
           6          50  -5.7557808622563109E-003
           6          51  -7.8625106810136051E-016
           6          52  -5.7557808622567559E-003
           6          53   2.1406457712229597E-003
           6          54  -5.7204822416201170E-003
           6          55  -1.2870317271599208E-002
           7           1  -1.6655641966855113E-013
           7           2   1.7933325955653499E-013
           7           3   7.8338239571271694E-013
           7           4   5.9854631735744740E-014
           7           5   5.9469121174415542E-014
           7           6 -0.26151747723449170     
           7           7   1.4555979165335999     
           7           8  -4.8929938587793043E-002
           7           9  -2.8167695627753436E-002
           7          10  0.15678049323105681     
           7          11  -5.2701778551415696E-003
           7          12   2.8317728945091492E-002
           7          13 -0.15761557387829520     
           7          14   5.2982490995742010E-003
           7          15   5.0495137619665966E-004
           7          16  -2.8105432146432784E-003
           7          17   9.4476438409889143E-005
           7          18  -9.3505340379554900E-014
           7          19   3.2745141459819339E-015
           7          20  -9.4068337373881509E-014
           7          21   2.9421644656298744E-016
           7          22  -7.8351592777862698E-017
           7          23  -9.1010681966898651E-014
           7          24  -2.1799993253032048E-013
           7          25   1.4049557326014454E-015
           7          26  -2.1643811325140499E-013
           7          27   3.3837838048197808E-015
           7          28  -5.5257452476369336E-016
           7          29  -2.1664630639480147E-013
           7          30  -2.8460749341038873E-014
           7          31  -1.6461848425813609E-015
           7          32  -3.0833119175601807E-014
           7          33  -5.0106989925162187E-015
           7          34   5.2895230758140810E-016
           7          35  -3.4621829762921960E-014
           7          36   5.2975330321130346E-002
           7          37 -0.13186495120116323     
           7          38   2.3691287945709724E-002
           7          39 -0.29485899473549049     
           7          40   4.4326416594044488E-003
           7          41   1.1878018912376716E-015
           7          42   4.4326416594013540E-003
           7          43   2.3691287945714647E-002
           7          44 -0.13186495120116556     
           7          45   9.9116880703234156E-003
           7          46  -1.2791387156311814E-002
           7          47   3.1840021250288654E-002
           7          48  -5.7204822416075662E-003
           7          49   7.1196451920692433E-002
           7          50  -1.0703026342523785E-003
           7          51   1.9920528802799497E-015
           7          52  -1.0703026342521790E-003
           7          53  -5.7204822416058627E-003
           7          54   3.1840021250291672E-002
           7          55  -2.3932694466778093E-003
           8           1  -9.5060884394899749E-014
           8           2   1.2074410572520845E-013
           8           3   5.1267264356254099E-013
           8           4   3.8042695142621655E-014
           8           5   4.2294356380025588E-014
           8           6 -0.26313118842711353     
           8           7  -4.8929938587793043E-002
           8           8   1.4549959172017168     
           8           9  -2.8341506289281126E-002
           8          10  -5.2701778550505868E-003
           8          11  0.15671565269297022     
           8          12   2.8492465397337619E-002
           8          13   5.2982490993863096E-003
           8          14 -0.15755038797151102     
           8          15   5.0806721265314559E-004
           8          16   9.4476438393876778E-005
           8          17  -2.8093808434179138E-003
           8          18  -6.2258691305687621E-014
           8          19   2.2838732626940542E-015
           8          20  -6.3330290813878075E-014
           8          21   3.4856895096186161E-016
           8          22   3.7293991688693888E-016
           8          23  -6.0765482019028431E-014
           8          24  -1.4329751033067685E-013
           8          25   1.9240945421710845E-015
           8          26  -1.4138445291461344E-013
           8          27  -3.3645572684069030E-016
           8          28  -1.5211146417294552E-015
           8          29  -1.4265640788363586E-013
           8          30  -2.0748178137516612E-014
           8          31  -1.0264308729911675E-015
           8          32  -2.0941823509602192E-014
           8          33  -3.4189194564086954E-015
           8          34   6.0128529015559839E-017
           8          35  -2.4725394822712367E-014
           8          36   5.3302218161970158E-002
           8          37   4.4326416593950813E-003
           8          38   2.3837476632336107E-002
           8          39   9.9116880703101484E-003
           8          40 -0.13181041511560176     
           8          41  -1.4113403524046682E-015
           8          42 -0.13181041511560287     
           8          43   2.3837476632339680E-002
           8          44   4.4326416593949564E-003
           8          45 -0.29473704834095388     
           8          46  -1.2870317271629838E-002
           8          47  -1.0703026342052894E-003
           8          48  -5.7557808622725505E-003
           8          49  -2.3932694465802068E-003
           8          50   3.1826853004249180E-002
           8          51   2.2224661797820514E-015
           8          52   3.1826853004251365E-002
           8          53  -5.7557808622707915E-003
           8          54  -1.0703026342030863E-003
           8          55   7.1167006827396323E-002
           9           1   7.2004944769271421E-014
           9           2   4.6564225205971413E-015
           9           3  -1.6972697510970149E-014
           9           4  -1.5259085084533379E-015
           9           5  -1.4855622428639138E-015
           9           6   1.0540555146214971E-002
           9           7  -2.8167695627753436E-002
           9           8  -2.8341506289281126E-002
           9           9   1.1353090135547660E-003
           9          10  -3.0339045992989044E-003
           9          11  -3.0526255118061220E-003
           9          12  -1.1413561598950022E-003
           9          13   3.0500644860568973E-003
           9          14   3.0688851142314411E-003
           9          15  -2.0352245223853465E-005
           9          16   5.4387633370150177E-005
           9          17   5.4723235921819974E-005
           9          18   4.0394723199399359E-015
           9          19  -1.1160958127230529E-016
           9          20   4.0723436140780586E-015
           9          21  -1.2917240429292773E-017
           9          22  -5.9463147363891971E-018
           9          23   3.9594159369986579E-015
           9          24   5.6656804732481428E-015
           9          25  -6.6914373287970553E-017
           9          26   5.5958467491685858E-015
           9          27  -6.0992463544751020E-017
           9          28   4.1721307982169117E-017
           9          29   5.6256494031615758E-015
           9          30   6.9321202147968554E-016
           9          31   5.3655895989912595E-017
           9          32   7.4462992425135576E-016
           9          33   1.6925690929625364E-016
           9          34  -1.1805959519627365E-017
           9          35   8.9676055655520190E-016
           9          36  -2.1351895733462008E-003
           9          37   2.5517567504138297E-003
           9          38  -9.5488580617012246E-004
           9          39   5.7059015559691216E-003
           9          40   2.5675025371726858E-003
           9          41   4.6516120924003366E-018
           9          42   2.5675025371727695E-003
           9          43  -9.5488580617029300E-004
           9          44   2.5517567504138791E-003
           9          45   5.7411102055214052E-003
           9          46   5.1556141923565421E-004
           9          47  -6.1614544591761925E-004
           9          48   2.3056607599750118E-004
           9          49  -1.3777431010988986E-003
           9          50  -6.1994741285694051E-004
           9          51  -8.4686044724417050E-017
           9          52  -6.1994741285698843E-004
           9          53   2.3056607599743163E-004
           9          54  -6.1614544591772399E-004
           9          55  -1.3862445576234340E-003
          10           1   5.0682938505017048E-015
          10           2   2.0713391589143307E-014
          10           3   7.8701562225623223E-014
          10           4   6.0985085171685574E-015
          10           5   6.1121488774628576E-015
          10           6  -2.8167695627789324E-002
          10           7  0.15678049323105681     
          10           8  -5.2701778550505868E-003
          10           9  -3.0339045992989044E-003
          10          10   1.6886615993728007E-002
          10          11  -5.6764376629065035E-004
          10          12   3.0500644860548343E-003
          10          13  -1.6976561406726074E-002
          10          14   5.7066728226149235E-004
          10          15   5.4387633369479944E-005
          10          16  -3.0271982834952191E-004
          10          17   1.0175930072719622E-005
          10          18  -8.7439995674296799E-015
          10          19   3.5269351313833932E-016
          10          20  -8.8046392162334672E-015
          10          21   3.1689657621048608E-017
          10          22  -8.4391446439911222E-018
          10          23  -8.4753032661113327E-015
          10          24  -2.1671334857676256E-014
          10          25   1.5132589173365583E-016
          10          26  -2.1503113404412977E-014
          10          27   3.6446280108066573E-016
          10          28  -5.9517058629489458E-017
          10          29  -2.1525537607785546E-014
          10          30  -2.9014059786309483E-015
          10          31  -1.7730835462043580E-016
          10          32  -3.1569307417297204E-015
          10          33  -5.3969564709866580E-016
          10          34   5.6972741398035151E-017
          10          35  -3.5650076617654908E-015
          10          36   5.7059015559759773E-003
          10          37  -1.4202996483012889E-002
          10          38   2.5517567504167223E-003
          10          39  -3.1758865620206932E-002
          10          40   4.7743386946731171E-004
          10          41   1.2793654363882958E-016
          10          42   4.7743386946697865E-004
          10          43   2.5517567504172527E-003
          10          44  -1.4202996483013139E-002
          10          45   1.0675745868894086E-003
          10          46  -1.3777431010973519E-003
          10          47   3.4294458513621784E-003
          10          48  -6.1614544591715717E-004
          10          49   7.6684740488014574E-003
          10          50  -1.1528085675231985E-004
          10          51   2.1456133563063438E-016
          10          52  -1.1528085675229860E-004
          10          53  -6.1614544591697372E-004
          10          54   3.4294458513625036E-003
          10          55  -2.5777583220178450E-004
          11           1  -4.9646640160916768E-015
          11           2   1.2884197333087705E-014
          11           3   5.2218713832701568E-014
          11           4   3.9210747831418511E-015
          11           5   4.3944411269739858E-015
          11           6  -2.8341506289249689E-002
          11           7  -5.2701778551415696E-003
          11           8  0.15671565269297022     
          11           9  -3.0526255118061220E-003
          11          10  -5.6764376629065035E-004
          11          11   1.6879632106609380E-002
          11          12   3.0688851142347704E-003
          11          13   5.7066728225110830E-004
          11          14  -1.6969540320409704E-002
          11          15   5.4723235922142578E-005
          11          16   1.0175930071170623E-005
          11          17  -3.0259463090873205E-004
          11          18  -6.2057655172630320E-015
          11          19   2.4599291640566493E-016
          11          20  -6.3211860585621791E-015
          11          21   3.7543892744061378E-017
          11          22   4.0168856695224600E-017
          11          23  -6.0449339539581603E-015
          11          24  -1.4564243168698709E-014
          11          25   2.0724163446390287E-016
          11          26  -1.4358190328238522E-014
          11          27  -3.6239193671310103E-017
          11          28  -1.6383721155579089E-016
          11          29  -1.4495190886666044E-014
          11          30  -2.1457980346548456E-015
          11          31  -1.1055548837157720E-016
          11          32  -2.1666553171519025E-015
          11          33  -3.6824721484150037E-016
          11          34   6.4763629633980296E-018
          11          35  -2.5741786928768248E-015
          11          36   5.7411102055159279E-003
          11          37   4.7743386947454551E-004
          11          38   2.5675025371700950E-003
          11          39   1.0675745869064140E-003
          11          40  -1.4197122474611782E-002
          11          41  -1.5201357054285205E-016
          11          42  -1.4197122474611900E-002
          11          43   2.5675025371704797E-003
          11          44   4.7743386947453077E-004
          11          45  -3.1745730938122253E-002
          11          46  -1.3862445576251956E-003
          11          47  -1.1528085674923833E-004
          11          48  -6.1994741285800205E-004
          11          49  -2.5777583219572121E-004
          11          50   3.4280275172982769E-003
          11          51   2.3937884212227907E-016
          11          52   3.4280275172985115E-003
          11          53  -6.1994741285781275E-004
          11          54  -1.1528085674900111E-004
          11          55   7.6653025574189727E-003
          12           1  -1.0649265585561643E-013
          12           2  -7.8975315902356289E-015
          12           3   2.1068498154196263E-014
          12           4   1.7998939374137182E-015
          12           5   1.6847751865974501E-015
          12           6  -1.0596698697191383E-002
          12           7   2.8317728945091492E-002
          12           8   2.8492465397337619E-002
          12           9  -1.1413561598950022E-003
          12          10   3.0500644860548343E-003
          12          11   3.0688851142347704E-003
          12          12   1.1474355159494429E-003
          12          13  -3.0663104473519069E-003
          12          14  -3.0852313223279190E-003
          12          15   2.0460650075529632E-005
          12          16  -5.4677325404760549E-005
          12          17  -5.5014715520695332E-005
          12          18  -5.5208179580198511E-015
          12          19   1.1220406212542460E-016
          12          20  -5.5538643388732896E-015
          12          21   1.2986043232952527E-017
          12          22   5.9779873778716354E-018
          12          23  -5.4403351601930379E-015
          12          24  -7.1965162621316752E-015
          12          25   6.7270788151799553E-017
          12          26  -7.1263105734646885E-015
          12          27   6.1317335758506354E-017
          12          28  -4.1943533695119251E-017
          12          29  -7.1562719692696997E-015
          12          30  -8.0692652082726770E-016
          12          31  -5.3941690474977661E-017
          12          32  -8.5861829756519615E-016
          12          33  -1.7015844472608920E-016
          12          34   1.1868843161171338E-017
          12          35  -1.0115592433481601E-015
          12          36   2.1465625155672290E-003
          12          37  -2.5653485094048333E-003
          12          38   9.5997194055220155E-004
          12          39  -5.7362936530067988E-003
          12          40  -2.5811781650305794E-003
          12          41  -4.6763885884224030E-018
          12          42  -2.5811781650306640E-003
          12          43   9.5997194055237307E-004
          12          44  -2.5653485094048827E-003
          12          45  -5.7716898390466464E-003
          12          46  -5.1830752211361533E-004
          12          47   6.1942730278072289E-004
          12          48  -2.3179417053916724E-004
          12          49   1.3850815561372235E-003
          12          50   6.2324952063948311E-004
          12          51   8.5137119188999753E-017
          12          52   6.2324952063953125E-004
          12          53  -2.3179417053909731E-004
          12          54   6.1942730278082816E-004
          12          55   1.3936282950942312E-003
          13           1  -2.0186472000931876E-014
          13           2  -2.1100410543975649E-014
          13           3  -7.2933599318438737E-014
          13           4  -5.7624245716317211E-015
          13           5  -5.8163516064122468E-015
          13           6   2.8317728945146722E-002
          13           7 -0.15761557387829520     
          13           8   5.2982490993863096E-003
          13           9   3.0500644860568973E-003
          13          10  -1.6976561406726074E-002
          13          11   5.7066728225110830E-004
          13          12  -3.0663104473519069E-003
          13          13   1.7066985907856567E-002
          13          14  -5.7370690277437977E-004
          13          15  -5.4677325404123723E-005
          13          16   3.0433224495174204E-004
          13          17  -1.0230131472989412E-005
          13          18   7.6360795984596435E-015
          13          19  -3.5457211117793196E-016
          13          20   7.6970422402335980E-015
          13          21  -3.1858450429733781E-017
          13          22   8.4840951746556413E-018
          13          23   7.3659521045445876E-015
          13          24   1.9939715189005847E-014
          13          25  -1.5213191881658528E-016
          13          26   1.9770597715598794E-014
          13          27  -3.6640408743304040E-016
          13          28   5.9834072199322162E-017
          13          29   1.9793141359967394E-014
          13          30   2.7347839262518244E-015
          13          31   1.7825277552698897E-016
          13          32   2.9916697246437031E-015
          13          33   5.4257029930195277E-016
          13          34  -5.7276202834928570E-017
          13          35   3.4019202386736817E-015
          13          36  -5.7362936530175705E-003
          13          37   1.4278647778982977E-002
          13          38  -2.5653485094094763E-003
          13          39   3.1928027060582002E-002
          13          40  -4.7997688854040186E-004
          13          41  -1.2861798894796511E-016
          13          42  -4.7997688854006619E-004
          13          43  -2.5653485094100092E-003
          13          44   1.4278647778983227E-002
          13          45  -1.0732609504049175E-003
          13          46   1.3850815561366053E-003
          13          47  -3.4477125617303102E-003
          13          48   6.1942730278067735E-004
          13          49  -7.7093196549099050E-003
          13          50   1.1589489240465111E-004
          13          51  -2.1570418200993135E-016
          13          52   1.1589489240462943E-004
          13          53   6.1942730278049293E-004
          13          54  -3.4477125617306372E-003
          13          55   2.5914885766100022E-004
          14           1   2.8409280670772403E-014
          14           2  -1.2982135741935277E-014
          14           3  -6.3864096953801509E-014
          14           4  -4.6142779539644679E-015
          14           5  -5.0248731715132783E-015
          14           6   2.8492465397275100E-002
          14           7   5.2982490995742010E-003
          14           8 -0.15755038797151102     
          14           9   3.0688851142314411E-003
          14          10   5.7066728226149235E-004
          14          11  -1.6969540320409704E-002
          14          12  -3.0852313223279190E-003
          14          13  -5.7370690277437977E-004
          14          14   1.7059927424203467E-002
          14          15  -5.5014715520959958E-005
          14          16  -1.0230131471618330E-005
          14          17   3.0420638065533463E-004
          14          18   8.2337729664600821E-015
          14          19  -2.4730318096467410E-016
          14          20   8.3498082874320244E-015
          14          21  -3.7743867738406724E-017
          14          22  -4.0382813381764297E-017
          14          23   8.0720847447585628E-015
          14          24   1.7981297038372346E-014
          14          25  -2.0834549295204491E-016
          14          26   1.7774146671454624E-014
          14          27   3.6432219274981098E-017
          14          28   1.6470987933386496E-016
          14          29   1.7911876954050275E-014
          14          30   2.4931329296903810E-015
          14          31   1.1114435467028727E-016
          14          32   2.5141013070856675E-015
          14          33   3.7020865861637056E-016
          14          34  -6.5108588708464906E-018
          14          35   2.9237953283886746E-015
          14          36  -5.7716898390348780E-003
          14          37  -4.7997688855640902E-004
          14          38  -2.5811781650251749E-003
          14          39  -1.0732609504415409E-003
          14          40   1.4272742483077309E-002
          14          41   1.5282326050039660E-016
          14          42   1.4272742483077427E-002
          14          43  -2.5811781650255617E-003
          14          44  -4.7997688855639428E-004
          14          45   3.1914822417510279E-002
          14          46   1.3936282950944901E-003
          14          47   1.1589489240366210E-004
          14          48   6.2324952063987408E-004
          14          49   2.5914885765962112E-004
          14          50  -3.4462866730068879E-003
          14          51  -2.4065387726397101E-016
          14          52  -3.4462866730071238E-003
          14          53   6.2324952063968369E-004
          14          54   1.1589489240342358E-004
          14          55  -7.7061312707951812E-003
          15           1   1.6030508370627924E-014
          15           2  -4.8429684951750632E-016
          15           3  -9.5634498197404692E-015
          15           4  -5.5290454167306447E-016
          15           5  -5.0294580715874448E-016
          15           6  -1.8895645200562772E-004
          15           7   5.0495137619665966E-004
          15           8   5.0806721265314559E-004
          15           9  -2.0352245223853465E-005
          15          10   5.4387633369479944E-005
          15          11   5.4723235922142578E-005
          15          12   2.0460650075529632E-005
          15          13  -5.4677325404123723E-005
          15          14  -5.5014715520959958E-005
