           1           1   2.0028651101995836     
           1           2  -4.4383377054705783E-003
           1           3   3.3740065148732318E-002
           1           4  -7.0177120332321929E-002
           1           5  -2.4710475128483351E-003
           1           6   3.2049183887515433E-003
           1           7  -4.9010337390976511E-003
           1           8  -2.8759323993699146E-012
           1           9  -5.3881446729892754E-012
           1          10  -3.4292890484933645E-012
           1          11  -1.6792315713942165E-011
           1          12  -2.3438596281600304E-011
           1          13   3.0560502298327911E-011
           1          14  -5.0026461996653801E-012
           1          15  -6.6328756007014376E-012
           1          16   8.7888825496565963E-012
           1          17   1.4101314783258750E-013
           1          18  -2.8433352553435492E-014
           1          19   4.0854675209514623E-014
           1          20  -3.6179985813434212E-014
           1          21  -5.7586576325338728E-014
           1          22   6.4415545576366244E-014
           1          23   1.2997869499280801E-002
           1          24  -1.5869932478408418E-009
           1          25   1.2997870461619243E-002
           1          26  -3.5562063055396353E-009
           1          27  -9.0270006402290247E-009
           1          28   1.2997870157964355E-002
           1          29   4.4856598510885975E-003
           1          30  -2.1206237513871567E-009
           1          31   4.4856611244072642E-003
           1          32  -4.7429897831632928E-009
           1          33  -1.2033003183967136E-008
           1          34   4.4856607182610173E-003
           1          35   3.3912460102274063E-003
           1          36  -3.2241846325611167E-009
           1          37   3.3912478812763349E-003
           1          38  -7.1649009495169785E-009
           1          39  -1.8143973519646337E-008
           1          40   3.3912472618015423E-003
           1          41   1.7102184314624440E-003
           1          42  -2.4377538914231059E-010
           1          43   1.7102185743080084E-003
           1          44  -5.4270089700467237E-010
           1          45  -1.3750114840031966E-009
           1          46   1.7102185275096058E-003
           2           1  -4.4383377054705783E-003
           2           2   1.8674770969603656     
           2           3 -0.25755563781723206     
           2           4  0.17496973314322214     
           2           5   5.2163219898597277E-002
           2           6   4.8119449261057101E-002
           2           7   5.3598395761481465E-003
           2           8  -1.9291367039252175E-011
           2           9  -2.7753064504128361E-011
           2          10  -3.0717831405906929E-011
           2          11  -1.5912878984375839E-010
           2          12  -2.2807216449489105E-010
           2          13   2.9542279918542832E-010
           2          14  -4.5780847098747956E-011
           2          15  -6.7010106552403847E-011
           2          16   8.5860623950177593E-011
           2          17   8.6794292528567792E-013
           2          18   3.7203918684122257E-013
           2          19   4.5748501600802921E-014
           2          20  -2.5799119568158414E-013
           2          21  -6.8903210344760331E-013
           2          22   6.6786244032843812E-013
           2          23   1.3562335723457438E-002
           2          24  -1.1336611022458320E-008
           2          25   1.3562342640834347E-002
           2          26  -2.5434798028845202E-008
           2          27  -6.4584737100013195E-008
           2          28   1.3562340473180199E-002
           2          29  -1.3225727961387417E-003
           2          30  -1.7392086772728327E-008
           2          31  -1.3225623808905437E-003
           2          32  -3.8879249588491456E-008
           2          33  -9.8622852307304071E-008
           2          34  -1.3225657126800434E-003
           2          35  -1.1866407398873193E-003
           2          36  -2.5368640032054862E-008
           2          37  -1.1866260116767569E-003
           2          38  -5.6379695005349580E-008
           2          39  -1.4277581585138053E-007
           2          40  -1.1866308856914296E-003
           2          41  -1.0743625058037059E-003
           2          42  -1.9770312615162460E-009
           2          43  -1.0743613492809429E-003
           2          44  -4.3999727859456233E-009
           2          45  -1.1147024579223809E-008
           2          46  -1.0743617288979876E-003
           3           1   3.3740065148732318E-002
           3           2 -0.25755563781723206     
           3           3   1.9058177759391686     
           3           4 -0.18867178654923306     
           3           5  0.30827582862496750     
           3           6  0.22451200279580880     
           3           7   4.8283256261732285E-002
           3           8  -6.9346772680350337E-011
           3           9  -1.2714812559163666E-010
           3          10  -9.5590929810961116E-011
           3          11  -8.9013556914531936E-010
           3          12  -1.1203309079717456E-009
           3          13   1.5092008291142795E-009
           3          14  -2.5896451615329797E-010
           3          15  -3.2985111012017940E-010
           3          16   4.4034916553334702E-010
           3          17   4.0521257490461210E-012
           3          18   1.7408115878214669E-012
           3          19  -5.5190619982763952E-013
           3          20  -1.5084164699138693E-012
           3          21  -3.2640011891936851E-012
           3          22   3.4529384007138455E-012
           3          23  -1.0636546230229202E-002
           3          24  -2.8902265614068405E-008
           3          25  -1.0636529063317328E-002
           3          26  -6.4510073983706994E-008
           3          27  -1.6356424149546366E-007
           3          28  -1.0636534605523777E-002
           3          29  -2.8199782115608266E-002
           3          30  -9.0123521328899164E-008
           3          31  -2.8199728980499581E-002
           3          32  -2.0087218600294785E-007
           3          33  -5.0911005980061987E-007
           3          34  -2.8199746270607132E-002
           3          35  -2.8455744870013015E-002
           3          36  -1.0760025573539825E-007
           3          37  -2.8455682226453838E-002
           3          38  -2.3925672228755658E-007
           3          39  -6.0598377565112006E-007
           3          40  -2.8455702893903530E-002
           3          41  -1.2947410285942162E-002
           3          42  -9.1063980199102672E-009
           3          43  -1.2947405003004054E-002
           3          44  -2.0235306397658775E-008
           3          45  -5.1241811639780482E-008
           3          46  -1.2947406752935866E-002
           4           1  -7.0177120332321929E-002
           4           2  0.17496973314322214     
           4           3 -0.18867178654923306     
           4           4  0.88630975991018102     
           4           5 -0.75982796064539326     
           4           6 -0.71416214000591183     
           4           7   2.6726594503659759E-002
           4           8   1.0501827324460499E-010
           4           9   2.1492136241735648E-010
           4          10   7.1957017475132266E-011
           4          11   1.0518149058544821E-009
           4          12   9.5424863654184430E-010
           4          13  -1.4360250668986536E-009
           4          14   3.0269463512472455E-010
           4          15   2.7540360614329320E-010
           4          16  -4.1658848852198856E-010
           4          17  -1.0714011912915430E-011
           4          18   3.9078956382451636E-012
           4          19  -9.1041135867391470E-012
           4          20   1.0088985678506390E-012
           4          21   4.1273540318586420E-012
           4          22  -3.2973486363565241E-012
           4          23   9.4635630445677639E-003
           4          24   1.9261101539320149E-007
           4          25   9.4634463041606172E-003
           4          26   4.3157067490859906E-007
           4          27   1.0954598558400582E-006
           4          28   9.4634831607489592E-003
           4          29   1.0674210250387405E-002
           4          30   2.6772065342817627E-007
           4          31   1.0674049689153899E-002
           4          32   5.9864865871320405E-007
           4          33   1.5186793938576544E-006
           4          34   1.0674100969684712E-002
           4          35  -3.0577084156571330E-002
           4          36   4.0123926328309650E-007
           4          37  -3.0577317042487645E-002
           4          38   8.9167595765275514E-007
           4          39   2.2580477838401419E-006
           4          40  -3.0577239951787447E-002
           4          41  -1.9887280427420412E-002
           4          42   3.0531722015398049E-008
           4          43  -1.9887298307543662E-002
           4          44   6.7964061835463108E-008
           4          45   1.7219213711219627E-007
           4          46  -1.9887292445528455E-002
           5           1  -2.4710475128483351E-003
           5           2   5.2163219898597277E-002
           5           3  0.30827582862496750     
           5           4 -0.75982796064539326     
           5           5  0.69171032307064095     
           5           6  0.64376392674332694     
           5           7  -1.7778676755250661E-002
           5           8   7.8040736539654610E-012
           5           9   3.2985170155419629E-011
           5          10  -2.0791693986890123E-011
           5          11  -4.1865310937369122E-011
           5          12  -4.5315222584096859E-010
           5          13   4.3713048745278341E-010
           5          14  -9.9559490732747958E-012
           5          15  -1.2934454750375983E-010
           5          16   1.2822222129266579E-010
           5          17   7.3684632712007224E-012
           5          18  -4.6663415805693753E-012
           5          19   9.9630193682707720E-012
           5          20   1.0918117385986273E-012
           5          21  -2.7659654641293753E-012
           5          22   1.1648824693605152E-012
           5          23  -7.9451795578645394E-003
           5          24  -1.7045014168932026E-007
           5          25  -7.9450762760995240E-003
           5          26  -3.8189711446001683E-007
           5          27  -9.6935883361519627E-007
           5          28  -7.9451088930420789E-003
           5          29  -1.2160587867309187E-002
           5          30  -2.4177704842106825E-007
           5          31  -1.2160442952581237E-002
           5          32  -5.4057408344936418E-007
           5          33  -1.3713081877947025E-006
           5          34  -1.2160489266354654E-002
           5          35   2.3511719383986367E-002
           5          36  -3.5970936880154243E-007
           5          37   2.3511928183510916E-002
           5          38  -7.9939692008335754E-007
           5          39  -2.0243731502021942E-006
           5          40   2.3511859072578557E-002
           5          41   1.5789841113378202E-002
           5          42  -2.7462949463219885E-008
           5          43   1.5789857191534185E-002
           5          44  -6.1129488670539406E-008
           5          45  -1.5487373196195551E-007
           5          46   1.5789851918569381E-002
           6           1   3.2049183887515433E-003
           6           2   4.8119449261057101E-002
           6           3  0.22451200279580880     
           6           4 -0.71416214000591183     
           6           5  0.64376392674332694     
           6           6  0.60142389586497480     
           6           7  -1.8638744942376103E-002
           6           8   1.9626762864970559E-011
           6           9   4.3212245566432199E-011
           6          10   7.8376173039864069E-011
           6          11  -2.1059980220230400E-009
           6          12  -3.2316035557597582E-010
           6          13   1.4085142658082138E-009
           6          14  -6.0718599471017700E-010
           6          15  -9.1566921078652197E-011
           6          16   4.0980106450844700E-010
           6          17   1.1591757738738676E-011
           6          18  -4.6468788613019927E-012
           6          19   6.9260929775920978E-012
           6          20  -3.4278499983595080E-012
           6          21  -2.3559966992775367E-012
           6          22   3.2795695109513063E-012
           6          23  -7.1740577440453698E-003
           6          24  -1.6035743643801594E-007
           6          25  -7.1739605655368509E-003
           6          26  -3.5929291931294261E-007
           6          27  -9.1198961685813113E-007
           6          28  -7.1739912507541763E-003
           6          29  -1.0474580368798458E-002
           6          30  -2.2567208675511799E-007
           6          31  -1.0474445074904509E-002
           6          32  -5.0458886960439906E-007
           6          33  -1.2800387628319145E-006
           6          34  -1.0474488302720839E-002
           6          35   2.3321957317831092E-002
           6          36  -3.3671200673344691E-007
           6          37   2.3322152761410891E-002
           6          38  -7.4828412986810164E-007
           6          39  -1.8949328883966648E-006
           6          40   2.3322088068749969E-002
           6          41   1.5438658921095829E-002
           6          42  -2.5674607338713468E-008
           6          43   1.5438673954028669E-002
           6          44  -5.7150092648865852E-008
           6          45  -1.4479270182883907E-007
           6          46   1.5438669024484361E-002
           7           1  -4.9010337390976511E-003
           7           2   5.3598395761481465E-003
           7           3   4.8283256261732285E-002
           7           4   2.6726594503659759E-002
           7           5  -1.7778676755250661E-002
           7           6  -1.8638744942376103E-002
           7           7   2.3961076086516930E-003
           7           8   2.4696797958520313E-011
           7           9   7.2653717054409856E-012
           7          10   1.0299269609548468E-010
           7          11   6.0638475649583487E-010
           7          12   4.9565041687474326E-010
           7          13  -7.8243076869440022E-010
           7          14   1.7553633171696544E-010
           7          15   1.4325266738748735E-010
           7          16  -2.2552543773932061E-010
           7          17  -1.6487762308218151E-012
           7          18  -9.3741349717015872E-013
           7          19   1.2658742706689055E-012
           7          20   1.2839311581472650E-012
           7          21   1.1167790197422442E-012
           7          22  -1.6402672301736054E-012
           7          23   5.0861460721476228E-005
           7          24   5.9635466021559676E-009
           7          25   5.0857836119770497E-005
           7          26   1.3369323796577047E-008
           7          27   3.3940748978901589E-008
           7          28   5.0858976921556122E-005
           7          29  -4.6089887464409424E-004
           7          30   6.8160126207635969E-009
           7          31  -4.6090298937235174E-004
           7          32   1.5260453543536166E-008
           7          33   3.8727302536800655E-008
           7          34  -4.6090168460624203E-004
           7          35  -1.9332150885902647E-003
           7          36   1.1024684193292945E-008
           7          37  -1.9332214818876955E-003
           7          38   2.4496199625582447E-008
           7          39   6.2030378049131168E-008
           7          40  -1.9332193635235376E-003
           7          41  -1.0943069488181557E-003
           7          42   8.1175545856206700E-010
           7          43  -1.0943074256749424E-003
           7          44   1.8080305859053505E-009
           7          45   4.5815459486152774E-009
           7          46  -1.0943072698648391E-003
           8           1  -2.8759323993699146E-012
           8           2  -1.9291367039252175E-011
           8           3  -6.9346772680350337E-011
           8           4   1.0501827324460499E-010
           8           5   7.8040736539654610E-012
           8           6   1.9626762864970559E-011
           8           7   2.4696797958520313E-011
           8           8   1.9972473192618765     
           8           9   2.4373864315672839E-010
           8          10   5.3969723549268024E-010
           8          11  -8.3677495327750435E-003
           8          12   6.0136510868646396E-009
           8          13   1.3310567993673326E-008
           8          14   1.3119467124731971E-002
           8          15   4.1944775297917363E-010
           8          16   9.2962212377308745E-010
           8          17  -3.0283271769211851E-003
           8          18   3.1730674916822917E-011
           8          19   5.9584400321816346E-011
           8          20   8.6896589535980775E-004
           8          21  -2.2038149254543424E-011
           8          22  -4.7762778081969294E-011
           8          23  -1.6805652322538868E-011
           8          24   5.3667217376455658E-012
           8          25  -1.4900291050817409E-011
           8          26   2.3943032528626001E-012
           8          27   1.7350185244431701E-012
           8          28  -1.5549355526397237E-011
           8          29  -6.6045331939622550E-012
           8          30  -4.5035354815952542E-012
           8          31  -8.1624264535245818E-012
           8          32  -2.3191288156578793E-012
           8          33   6.5735969910608985E-013
           8          34  -1.0034179907078507E-011
           8          35  -1.4121105994759314E-011
           8          36   6.7957220614134466E-013
           8          37  -1.5479275384847101E-011
           8          38  -8.3623392847751698E-013
           8          39  -1.1395837965495611E-012
           8          40  -8.7031473523087473E-012
           8          41  -1.0358567157800966E-011
           8          42   1.9225543309773660E-012
           8          43  -5.0817969908228143E-012
           8          44   1.5729958801181327E-013
           8          45  -1.1248172037817856E-012
           8          46  -1.0626635268559527E-011
           9           1  -5.3881446729892754E-012
           9           2  -2.7753064504128361E-011
           9           3  -1.2714812559163666E-010
           9           4   2.1492136241735648E-010
           9           5   3.2985170155419629E-011
           9           6   4.3212245566432199E-011
           9           7   7.2653717054409856E-012
           9           8   2.4373864315672839E-010
           9           9   1.9972473190968878     
           9          10   1.3715727555494696E-009
           9          11   6.0092267145377743E-009
           9          12  -8.3677535688835708E-003
           9          13   3.3755403347273827E-008
           9          14   4.2032007057822215E-010
           9          15   1.3119466845640020E-002
           9          16   2.3558449927180362E-009
           9          17   2.8597462249974633E-011
           9          18  -3.0283271884307293E-003
           9          19   1.4762324730059425E-010
           9          20  -1.9844065135260335E-011
           9          21   8.6896590967539293E-004
           9          22  -1.1809252619908901E-010
           9          23  -3.6543677155435987E-011
           9          24   3.3485427879517268E-012
           9          25  -3.7060919742123724E-011
           9          26   5.8067776970740965E-012
           9          27   5.7474119376730758E-012
           9          28  -4.4356602161458145E-011
           9          29  -1.6160785538265705E-011
           9          30  -5.6037205650670434E-012
           9          31  -2.1167188256555972E-011
           9          32  -6.0539642218646157E-012
           9          33  -2.3769644264996006E-012
           9          34  -2.4492171869643277E-011
           9          35  -2.5129080137429283E-011
           9          36  -4.6673366609522953E-012
           9          37  -2.8292397662113449E-011
           9          38  -5.8028011941676119E-012
           9          39   3.1045267947010128E-014
           9          40  -9.1616882762204276E-012
           9          41  -7.1259670787811618E-012
           9          42   2.1716847686614065E-012
           9          43   3.6793292735443296E-012
           9          44   4.3840123332624686E-012
           9          45  -3.9787010661270382E-012
           9          46  -1.1912886322303291E-011
          10           1  -3.4292890484933645E-012
          10           2  -3.0717831405906929E-011
          10           3  -9.5590929810961116E-011
          10           4   7.1957017475132266E-011
          10           5  -2.0791693986890123E-011
          10           6   7.8376173039864069E-011
          10           7   1.0299269609548468E-010
          10           8   5.3969723549268024E-010
          10           9   1.3715727555494696E-009
          10          10   1.9972473191487112     
          10          11   1.3319984658874859E-008
          10          12   3.3747470384176639E-008
          10          13  -8.3677522223963071E-003
          10          14   9.3619973429962151E-010
          10          15   2.3381495329287405E-009
          10          16   1.3119466956160468E-002
          10          17   5.0296653009651876E-011
          10          18   1.4714007038153879E-010
          10          19  -3.0283271858389253E-003
          10          20  -3.2530958282875181E-011
          10          21  -1.2369165504515263E-010
          10          22   8.6896589557428354E-004
          10          23  -2.4270931817848881E-012
          10          24   4.4241920039653398E-012
          10          25   1.0382830784056667E-011
          10          26   6.3304381097125641E-013
          10          27  -1.5036327218702265E-012
          10          28   4.0876879444877366E-012
          10          29  -1.8532265738659768E-012
          10          30  -2.2100699817300773E-012
          10          31  -9.3617816919250660E-012
          10          32   2.8403953044689907E-012
          10          33   4.5785180426362276E-012
          10          34  -6.3157863900942703E-012
          10          35  -4.6840679720172562E-011
          10          36   2.9539586313132623E-013
          10          37  -4.3227266539022056E-011
          10          38  -2.4497881553201377E-012
          10          39   2.2828360884228134E-012
          10          40  -4.7339530622627353E-011
          10          41  -3.3606044043526442E-011
          10          42   1.4049489639000528E-013
          10          43  -4.1911045113211302E-011
          10          44  -4.5896053347570715E-012
          10          45  -2.8477876704522945E-013
          10          46  -3.5039699333098191E-011
          11           1  -1.6792315713942165E-011
          11           2  -1.5912878984375839E-010
          11           3  -8.9013556914531936E-010
          11           4   1.0518149058544821E-009
          11           5  -4.1865310937369122E-011
          11           6  -2.1059980220230400E-009
          11           7   6.0638475649583487E-010
          11           8  -8.3677495327750435E-003
          11           9   6.0092267145377743E-009
          11          10   1.3319984658874859E-008
          11          11   1.3742947194929138     
          11          12   7.3558682575622695E-008
          11          13   1.6338881717037430E-007
          11          14  0.39757400487485345     
          11          15  -3.2517446353630832E-008
          11          16  -7.1924795830985115E-008
          11          17  -3.1155819820005834E-003
          11          18  -1.1150119622258989E-008
          11          19  -2.5455130099966385E-008
          11          20   2.9567232762887723E-003
          11          21   1.2964304405721622E-009
          11          22   2.9268083506099940E-009
          11          23   2.5157155441720928E-011
          11          24   1.4120474110872033E-012
          11          25   6.1018593898561564E-011
          11          26  -2.9679258754007155E-011
          11          27   1.8848289069953536E-011
          11          28  -4.1498725478347633E-012
          11          29   1.7894261054082562E-010
          11          30   4.1480455320925779E-011
          11          31   1.8556153711076073E-010
          11          32  -1.5482595644375261E-011
          11          33  -3.2708075927429471E-011
          11          34   1.6075990174653827E-010
          11          35   6.7688745211594056E-010
          11          36   6.8426006445541681E-011
          11          37   5.4934004018847482E-010
          11          38   5.1501480960581185E-011
          11          39  -1.1629731321287337E-011
          11          40   5.5970360741085798E-010
          11          41  -1.5863070744441212E-010
          11          42   5.5969237491602234E-011
          11          43   2.3708244079888802E-011
          11          44  -4.3110684153984958E-012
          11          45  -4.4417948267698282E-011
          11          46   1.3292478671548192E-011
          12           1  -2.3438596281600304E-011
          12           2  -2.2807216449489105E-010
          12           3  -1.1203309079717456E-009
          12           4   9.5424863654184430E-010
          12           5  -4.5315222584096859E-010
          12           6  -3.2316035557597582E-010
          12           7   4.9565041687474326E-010
          12           8   6.0136510868646396E-009
          12           9  -8.3677535688835708E-003
          12          10   3.3747470384176639E-008
          12          11   7.3558682575622695E-008
          12          12   1.3742946701287573     
          12          13   4.1376625403710592E-007
          12          14  -3.2454560386363518E-008
          12          15  0.39757402646494922     
          12          16  -1.8205485985411940E-007
          12          17  -1.1169910980400142E-008
          12          18  -3.1155739809108282E-003
          12          19  -6.4474612379592729E-008
          12          20   1.1048455812397946E-009
          12          21   2.9567224813779108E-003
          12          22   7.0569818154268050E-009
          12          23   7.4695682919647294E-011
          12          24  -1.2221302892501501E-010
          12          25   6.0206277241352427E-011
          12          26   9.6114986925635288E-012
          12          27  -7.7152097378113346E-012
          12          28   2.0014459770477404E-011
          12          29   1.3766822401374292E-010
          12          30  -5.4507258773764980E-011
          12          31   9.0635816696284746E-011
          12          32  -1.4085798852088242E-010
          12          33  -3.3094042374235282E-011
          12          34   2.6201316355070082E-010
          12          35   2.1605088364182670E-010
          12          36  -2.5505003035893113E-011
          12          37   1.6889147187057782E-011
          12          38  -5.8939833435455281E-011
          12          39   1.2213323315338141E-010
          12          40   1.8208514068981569E-010
          12          41  -8.6680369280069246E-011
          12          42  -8.1239441608779136E-013
          12          43  -1.4972242730538781E-010
          12          44   1.4904359541916073E-011
          12          45  -2.7916823747554444E-010
          12          46  -1.5621768720731095E-010
          13           1   3.0560502298327911E-011
          13           2   2.9542279918542832E-010
          13           3   1.5092008291142795E-009
          13           4  -1.4360250668986536E-009
          13           5   4.3713048745278341E-010
          13           6   1.4085142658082138E-009
          13           7  -7.8243076869440022E-010
          13           8   1.3310567993673326E-008
          13           9   3.3755403347273827E-008
          13          10  -8.3677522223963071E-003
          13          11   1.6338881717037430E-007
          13          12   4.1376625403710592E-007
          13          13   1.3742946866007124     
          13          14  -7.1905815447748100E-008
          13          15  -1.8211406184465151E-007
          13          16  0.39757401919083962     
          13          17  -2.5535629742997477E-008
          13          18  -6.4601258182811620E-008
          13          19  -3.1155764879085644E-003
          13          20   2.9914083221134490E-009
          13          21   7.1083646922215661E-009
          13          22   2.9567227653856522E-003
          13          23  -8.3264756423392032E-011
          13          24   1.1695170101515823E-010
          13          25  -7.6201020688111402E-011
          13          26   3.8677895635744189E-012
          13          27  -3.1381519451301965E-012
          13          28  -2.6164350686962216E-011
          13          29  -2.2320148791249108E-010
          13          30   2.8758410840981073E-011
          13          31  -1.8099483169067587E-010
          13          32   1.3864703135406746E-010
          13          33   4.6776552353878715E-011
          13          34  -3.2681107982625380E-010
          13          35  -5.5805590748480320E-010
          13          36  -1.2622650594433723E-011
          13          37  -3.0549282083323800E-010
          13          38   2.7111130150848046E-011
          13          39  -1.0704231982127258E-010
          13          40  -4.6511718420281220E-010
          13          41   1.6475448596140641E-010
          13          42  -2.8789806681196640E-011
          13          43   1.2677712737312267E-010
          13          44  -1.1491448527246725E-011
          13          45   2.8283149902092287E-010
          13          46   1.3861617532459927E-010
          14           1  -5.0026461996653801E-012
          14           2  -4.5780847098747956E-011
          14           3  -2.5896451615329797E-010
          14           4   3.0269463512472455E-010
          14           5  -9.9559490732747958E-012
          14           6  -6.0718599471017700E-010
          14           7   1.7553633171696544E-010
          14           8   1.3119467124731971E-002
          14           9   4.2032007057822215E-010
          14          10   9.3619973429962151E-010
          14          11  0.39757400487485345     
          14          12  -3.2454560386363518E-008
          14          13  -7.1905815447748100E-008
          14          14  0.11513634204122958     
          14          15  -2.4961162302036821E-008
          14          16  -5.5331743199424355E-008
          14          17  -9.2502746540813773E-004
          14          18  -3.0948325491008887E-009
          14          19  -7.0854110080273268E-009
          14          20   8.6226120588020494E-004
          14          21   2.5772820485977786E-010
          14          22   5.8783547638113862E-010
          14          23   7.1308478344242267E-012
          14          24   4.5073966982748652E-013
          14          25   1.7521579667255889E-011
          14          26  -8.5679051544265084E-012
          14          27   5.4694184070774819E-012
          14          28  -1.3393940752402430E-012
          14          29   5.1710519422902412E-011
          14          30   1.1967314839509638E-011
          14          31   5.3613185195457499E-011
          14          32  -4.4969166269191635E-012
          14          33  -9.4560533166691775E-012
          14          34   4.6422711557394616E-011
          14          35   1.9585284605493224E-010
          14          36   1.9804202932384394E-011
          14          37   1.5893717773285324E-010
          14          38   1.4896502426194683E-011
          14          39  -3.3702127465596965E-012
          14          40   1.6198874413575851E-010
          14          41  -4.5911525405488920E-011
          14          42   1.6209291398054846E-011
          14          43   6.8873843570887042E-012
          14          44  -1.2460104725497865E-012
          14          45  -1.2860512028889809E-011
          14          46   3.8306683963030578E-012
          15           1  -6.6328756007014376E-012
          15           2  -6.7010106552403847E-011
          15           3  -3.2985111012017940E-010
          15           4   2.7540360614329320E-010
          15           5  -1.2934454750375983E-010
          15           6  -9.1566921078652197E-011
          15           7   1.4325266738748735E-010
          15           8   4.1944775297917363E-010
          15           9   1.3119466845640020E-002
          15          10   2.3381495329287405E-009
          15          11  -3.2517446353630832E-008
          15          12  0.39757402646494922     
          15          13  -1.8211406184465151E-007
          15          14  -2.4961162302036821E-008
          15          15  0.11513635871667804     
          15          16  -1.4012376384209269E-007
          15          17  -3.1004360530883471E-009
          15          18  -9.2502521944920349E-004
          15          19  -1.7954852306187690E-008
          15          20   2.0217496563895900E-010
          15          21   8.6226105211499073E-004
          15          22   1.3868763367277156E-009
          15          23   2.1321885570177670E-011
          15          24  -3.5335548346337498E-011
          15          25   1.7125524632176781E-011
          15          26   2.8255758886053458E-012
          15          27  -2.1883853308818360E-012
          15          28   5.4393830254294339E-012
          15          29   3.9754913838718920E-011
          15          30  -1.5815678317199534E-011
          15          31   2.6107294435836556E-011
          15          32  -4.0804776030821985E-011
          15          33  -9.5959948980599636E-012
          15          34   7.5668874618107060E-011
          15          35   6.2498061333866409E-011
          15          36  -7.4164157104318372E-012
          15          37   4.8482719807121117E-012
          15          38  -1.7098626971053099E-011
          15          39   3.5337691007048318E-011
          15          40   5.2794596752790628E-011
          15          41  -2.5036939536190056E-011
          15          42  -2.1812192017826181E-013
          15          43  -4.3194671108231584E-011
          15          44   4.3461641394303060E-012
          15          45  -8.0807147720177631E-011
          15          46  -4.5193890152903862E-011
          16           1   8.7888825496565963E-012
          16           2   8.5860623950177593E-011
          16           3   4.4034916553334702E-010
          16           4  -4.1658848852198856E-010
          16           5   1.2822222129266579E-010
          16           6   4.0980106450844700E-010
          16           7  -2.2552543773932061E-010
          16           8   9.2962212377308745E-010
          16           9   2.3558449927180362E-009
          16          10   1.3119466956160468E-002
          16          11  -7.1924795830985115E-008
          16          12  -1.8205485985411940E-007
          16          13  0.39757401919083962     
          16          14  -5.5331743199424355E-008
          16          15  -1.4012376384209269E-007
          16          16  0.11513635312903062     
          16          17  -7.1087271770246483E-009
          16          18  -1.7991659207274257E-008
          16          19  -9.2502591490954569E-004
          16          20   6.0660346630332974E-010
          16          21   1.4018345455801102E-009
          16          22   8.6226110786364989E-004
          16          23  -2.4140250282504444E-011
          16          24   3.3873580311257480E-011
          16          25  -2.1996783574810036E-011
          16          26   1.1242403291310671E-012
          16          27  -9.2007992380809919E-013
          16          28  -7.5680988441055665E-012
          16          29  -6.4678051517583100E-011
          16          30   8.3045043635154354E-012
          16          31  -5.2524023629323791E-011
          16          32   4.0139598289514607E-011
          16          33   1.3570764271496619E-011
          16          34  -9.4691965887708341E-011
          16          35  -1.6185406969439073E-010
          16          36  -3.6497011080391781E-012
          16          37  -8.8749397152655508E-011
          16          38   7.8244338501623897E-012
          16          39  -3.0954883907168663E-011
          16          40  -1.3496689203643355E-010
          16          41   4.7411204888081040E-011
          16          42  -8.3290803300843239E-012
          16          43   3.6359399227515355E-011
          16          44  -3.3603537792910948E-012
          16          45   8.1833755836383623E-011
          16          46   3.9836967467906606E-011
          17           1   1.4101314783258750E-013
          17           2   8.6794292528567792E-013
          17           3   4.0521257490461210E-012
          17           4  -1.0714011912915430E-011
          17           5   7.3684632712007224E-012
          17           6   1.1591757738738676E-011
          17           7  -1.6487762308218151E-012
          17           8  -3.0283271769211851E-003
          17           9   2.8597462249974633E-011
          17          10   5.0296653009651876E-011
          17          11  -3.1155819820005834E-003
          17          12  -1.1169910980400142E-008
          17          13  -2.5535629742997477E-008
          17          14  -9.2502746540813773E-004
          17          15  -3.1004360530883471E-009
          17          16  -7.1087271770246483E-009
          17          17   1.1712680172425473E-005
          17          18   5.2962227320403825E-011
          17          19   1.1630179112810190E-010
          17          20  -8.0563376688902605E-006
          17          21  -2.6885923093637416E-011
          17          22  -6.0869522560902734E-011
          17          23  -1.0936289281485061E-013
          17          24  -6.2098958873650761E-015
          17          25  -1.9685741743973779E-013
          17          26   7.5376272314718007E-014
          17          27  -1.6490574662257122E-014
          17          28  -4.6573118427389722E-014
          17          29  -5.0514090340188338E-013
          17          30  -8.1035260951927854E-014
          17          31  -5.2157539391130047E-013
          17          32   5.3214616176674932E-014
          17          33   1.1011423540397844E-013
          17          34  -4.6095521799375735E-013
          17          35  -1.2379848658413217E-012
          17          36  -1.4886829680264631E-013
          17          37  -9.5014261705652453E-013
          17          38  -9.8235771242145844E-014
          17          39   7.2915836067935728E-014
          17          40  -9.8248900553866084E-013
          17          41   5.5910250420391902E-013
          17          42  -1.2940376300594316E-013
          17          43   1.3541690082413571E-013
          17          44   1.1548139525258111E-014
          17          45   1.0775001105981434E-013
          17          46   1.6780693084973578E-013
          18           1  -2.8433352553435492E-014
          18           2   3.7203918684122257E-013
