           1           1   2.1511068605627059     
           1           2 -0.28709100020706324     
           1           3 -0.36059946336771947     
           1           4 -0.21182912133629725     
           1           5  -6.0746503453657265E-002
           1           6  -7.7799785230763738E-002
           1           7  -6.6855149312519598E-013
           1           8  -1.7167519100877745E-013
           1           9   1.8269004820370609E-013
           1          10   1.3481726063006347E-013
           1          11   3.5813780005305691E-014
           1          12  -5.7623144486300159E-014
           1          13   7.9184076418776331E-013
           1          14   9.0240312415588014E-014
           1          15  -1.6579989432831173E-013
           1          16  -8.0497714701100582E-013
           1          17  -7.2225108817885808E-014
           1          18   1.2736166099171494E-013
           1          19   2.8255525965191338E-015
           1          20  -2.3359188565490417E-015
           1          21  -1.9810260485678574E-015
           1          22  0.17844632239530656     
           1          23  -6.5954389627955285E-016
           1          24  0.17844632239530100     
           1          25   1.9533947496718043E-016
           1          26  -3.0380428572936488E-015
           1          27  0.17844632239530284     
           1          28   7.8356679021064440E-002
           1          29  -7.4858691562638826E-015
           1          30   7.8356679021066605E-002
           1          31   1.5703568624825787E-015
           1          32  -7.3024795708718619E-016
           1          33   7.8356679021071352E-002
           1          34   2.9508125969785762E-002
           1          35   5.0760574502496046E-015
           1          36   2.9508125969793891E-002
           1          37  -4.7180323942250477E-015
           1          38   4.8875188192072709E-015
           1          39   2.9508125969796954E-002
           1          40  -3.2874358071400753E-013
           1          41  -2.2662066576604804E-014
           1          42  -1.4392316165058218E-013
           1          43  -4.1856909210221402E-014
           1          44   3.8244502027571440E-014
           1          45  -7.9786556969789309E-016
           1          46   3.9554289407654567E-014
           1          47  -1.4329261439263279E-013
           1          48  -2.6471490611573069E-014
           1          49   9.2596717530703746E-014
           1          50   3.4166921272125784E-013
           1          51   9.7179912180191140E-015
           1          52   1.5742212343134326E-013
           1          53   2.7170678607132622E-014
           1          54  -2.4406548499460634E-014
           1          55  -1.3275116973251827E-015
           1          56  -2.0169235530425355E-014
           1          57   1.5691111512601001E-013
           1          58   2.0977039264547659E-014
           1          59  -5.6041384105841755E-014
           2           1 -0.28709100020706324     
           2           2  0.55357728429877562     
           2           3  0.66757280677300956     
           2           4  0.30135881905145012     
           2           5  0.11432432907658426     
           2           6  0.14670041825165461     
           2           7   1.2204202230963413E-012
           2           8   2.6464618507769297E-013
           2           9  -3.5109460676907927E-013
           2          10  -2.9823785294293789E-013
           2          11  -2.0931083878411713E-014
           2          12   8.1898378102996077E-014
           2          13  -1.3525365132259229E-012
           2          14  -3.0814449403707712E-013
           2          15   3.7774124488819969E-013
           2          16   1.3490358339157962E-012
           2          17   3.6491975659024970E-013
           2          18  -3.5821010947538502E-013
           2          19   3.6440999885844847E-015
           2          20   3.6944346811547515E-015
           2          21   6.2939285231516480E-016
           2          22 -0.49427857566678657     
           2          23   2.0343711664777842E-014
           2          24 -0.49427857566676503     
           2          25  -1.0633791163176270E-015
           2          26   2.1065970743044928E-017
           2          27 -0.49427857566676903     
           2          28 -0.13960885874366569     
           2          29   8.2301714636543657E-015
           2          30 -0.13960885874367401     
           2          31  -8.0946145695775247E-015
           2          32  -2.4637870404644414E-015
           2          33 -0.13960885874367954     
           2          34  -5.5719786895418157E-002
           2          35  -8.4607029065141462E-016
           2          36  -5.5719786895426171E-002
           2          37   5.2396736231716598E-015
           2          38  -9.9667527312271291E-016
           2          39  -5.5719786895425165E-002
           2          40   5.9237119626209099E-013
           2          41   5.2758744283796749E-014
           2          42   2.6401666948639478E-013
           2          43   1.0078473148343263E-013
           2          44  -7.8859561539165882E-014
           2          45  -3.3797316885329691E-015
           2          46  -7.5447307530958315E-014
           2          47   2.6668181093445615E-013
           2          48   4.5562314142994138E-014
           2          49  -1.6516535236025008E-013
           2          50  -5.8938028619958284E-013
           2          51  -6.9932026804829229E-014
           2          52  -2.6646853251674652E-013
           2          53  -1.6790275679050947E-013
           2          54   6.7946569322104261E-014
           2          55  -1.6314547183898689E-015
           2          56   7.1420228105040487E-014
           2          57  -2.6352754551671903E-013
           2          58  -7.7414949671908130E-014
           2          59   1.5004972788197550E-013
           3           1 -0.36059946336771947     
           3           2  0.66757280677300956     
           3           3  0.97775408699335886     
           3           4  0.41842022588509675     
           3           5  0.12365306763396255     
           3           6  0.15745615471688515     
           3           7   1.8067270557412141E-012
           3           8   4.8028275571705862E-013
           3           9  -5.0914243718025550E-013
           3          10  -3.7579702112302529E-013
           3          11  -9.0627620370242274E-014
           3          12   1.1683514038718000E-013
           3          13  -1.8851654765575596E-012
           3          14  -6.7466210971378981E-013
           3          15   5.4382223495770247E-013
           3          16   1.8874422272149146E-012
           3          17   7.4343908062424563E-013
           3          18  -5.3645902521543235E-013
           3          19   1.0155428279166547E-014
           3          20   7.2069414866024329E-015
           3          21  -1.7671560163554508E-015
           3          22 -0.40957240203378575     
           3          23   9.6906595880532116E-015
           3          24 -0.40957240203377221     
           3          25   5.3138945787853731E-016
           3          26  -4.6997640636608330E-016
           3          27 -0.40957240203377743     
           3          28 -0.15832285372479141     
           3          29   3.6408458471626937E-015
           3          30 -0.15832285372479760     
           3          31  -3.6129109129673898E-015
           3          32  -1.4819549910322374E-015
           3          33 -0.15832285372479837     
           3          34  -5.9766769202668435E-002
           3          35  -4.9758691054336989E-016
           3          36  -5.9766769202673785E-002
           3          37   3.1783360171418996E-015
           3          38   2.0467538250606141E-016
           3          39  -5.9766769202673431E-002
           3          40   8.1463150606760586E-013
           3          41   1.1719369909042042E-013
           3          42   3.6237482115733429E-013
           3          43   2.5454739161673924E-013
           3          44  -1.0814393801156575E-013
           3          45  -1.2379940135847132E-015
           3          46  -1.0612567120932982E-013
           3          47   3.6395396850666456E-013
           3          48   1.1355785618421268E-013
           3          49  -2.3587080284517571E-013
           3          50  -8.2875852554078846E-013
           3          51  -1.4712660027829373E-013
           3          52  -3.7149208635719239E-013
           3          53  -3.3479000664734768E-013
           3          54   1.0458749697365063E-013
           3          55  -1.3761675152683071E-015
           3          56   1.0566303461425367E-013
           3          57  -3.7012958266591346E-013
           3          58  -1.5082541840521826E-013
           3          59   2.3219751314710862E-013
           4           1 -0.21182912133629725     
           4           2  0.30135881905145012     
           4           3  0.41842022588509675     
           4           4  0.18287011382592663     
           4           5   5.7776993506212140E-002
           4           6   7.3751016818778409E-002
           4           7   7.0192996157634137E-013
           4           8   2.4719885340375254E-013
           4           9  -2.0603219450019333E-013
           4          10  -2.5620025930436422E-013
           4          11   2.5224104322394955E-015
           4          12   4.6826392612244131E-014
           4          13  -9.6758966140026047E-013
           4          14  -2.1705612873094552E-013
           4          15   2.1752369747293264E-013
           4          16   9.6358323076868415E-013
           4          17   2.4901771684843029E-013
           4          18  -2.1125050717482793E-013
           4          19   4.3948642110245803E-015
           4          20   2.7051720915861162E-015
           4          21  -3.2468907757588051E-016
           4          22 -0.20809718134304594     
           4          23   6.1275060085735809E-015
           4          24 -0.20809718134303828     
           4          25   3.9650699545386970E-018
           4          26  -6.8157065609290370E-017
           4          27 -0.20809718134304062     
           4          28  -7.2977916245758404E-002
           4          29   2.5743201149279671E-015
           4          30  -7.2977916245761665E-002
           4          31  -2.3945461052315490E-015
           4          32  -8.1900282978061017E-016
           4          33  -7.2977916245762844E-002
           4          34  -2.7998958750883884E-002
           4          35  -4.1332129913244760E-016
           4          36  -2.7998958750886982E-002
           4          37   1.9098995271718475E-015
           4          38  -2.0890017568599679E-016
           4          39  -2.7998958750886798E-002
           4          40   4.2873096936157605E-013
           4          41   3.4941437054095942E-014
           4          42   1.9090725544693180E-013
           4          43   7.2959838595227855E-014
           4          44  -4.3991284806436354E-014
           4          45  -8.7720186382252905E-016
           4          46  -4.2875410697451726E-014
           4          47   1.9178968305055603E-013
           4          48   3.2811080073995180E-014
           4          49  -9.4994710568767455E-014
           4          50  -4.2219885930219024E-013
           4          51  -4.8927915851911089E-014
           4          52  -1.8963538975775601E-013
           4          53  -1.1310690931523367E-013
           4          54   4.0864800532868331E-014
           4          55  -6.4574305667341681E-016
           4          56   4.1617077752917442E-014
           4          57  -1.8875113803635845E-013
           4          58  -5.1504816571001977E-014
           4          59   9.0604477483274778E-014
           5           1  -6.0746503453657265E-002
           5           2  0.11432432907658426     
           5           3  0.12365306763396255     
           5           4   5.7776993506212140E-002
           5           5   2.4783375448028409E-002
           5           6   3.1901819931796679E-002
           5           7   2.1695509477789736E-013
           5           8  -4.4090070854152219E-014
           5           9  -6.2413925771513276E-014
           5          10   3.1045759572963134E-014
           5          11   1.4234671353084495E-013
           5          12  -9.8896330080809941E-015
           5          13  -6.0958209661780576E-014
           5          14   3.1014360642666616E-013
           5          15   1.5322962491244292E-014
           5          16   6.3136369117888851E-014
           5          17  -2.9436937341192281E-013
           5          18  -1.0851554055537436E-014
           5          19  -7.5713512503907130E-016
           5          20  -1.3420020759800841E-015
           5          21   6.2949471212055873E-016
           5          22 -0.11734323367440637     
           5          23   5.4114168988028259E-015
           5          24 -0.11734323367440089     
           5          25  -3.6860243070745684E-016
           5          26   4.9168153823283482E-017
           5          27 -0.11734323367440171     
           5          28  -2.9666713260910201E-002
           5          29   2.2217871611762956E-015
           5          30  -2.9666713260912234E-002
           5          31  -2.1749086507375478E-015
           5          32  -6.2888786494033928E-016
           5          33  -2.9666713260913861E-002
           5          34  -1.2120054673634421E-002
           5          35  -2.2392459435746043E-016
           5          36  -1.2120054673636436E-002
           5          37   1.3435160054212049E-015
           5          38  -3.2751295362146427E-016
           5          39  -1.2120054673636162E-002
           5          40   2.0397854317595557E-014
           5          41  -6.5992260967757634E-014
           5          42   9.0033133413580455E-015
           5          43  -1.5220208224140791E-013
           5          44  -3.4805850580857357E-015
           5          45  -9.2845871558516039E-016
           5          46  -2.6071752963747400E-015
           5          47   9.6857790389102237E-015
           5          48  -6.7884044279555128E-014
           5          49  -4.8729888923446553E-015
           5          50  -2.6867167248937433E-014
           5          51   5.8425069008959031E-014
           5          52  -1.2832547616192035E-014
           5          53   1.2759453189379492E-013
           5          54   1.4693402073516223E-015
           5          55  -3.8278042577258271E-016
           5          56   2.4353146541182764E-015
           5          57  -1.2046531475288460E-014
           5          58   5.6431147703177794E-014
           5          59   2.8500315561221420E-015
           6           1  -7.7799785230763738E-002
           6           2  0.14670041825165461     
           6           3  0.15745615471688515     
           6           4   7.3751016818778409E-002
           6           5   3.1901819931796679E-002
           6           6   4.1073014669138097E-002
           6           7   1.7612985979886880E-013
           6           8   4.2680602140399880E-013
           6           9  -8.8847771824247690E-014
           6          10  -1.7133121932479277E-013
           6          11  -2.7419293720887008E-013
           6          12   3.4979316648635379E-014
           6          13  -4.6554337082986071E-013
           6          14  -8.4905188814972369E-013
           6          15   1.2562991597605976E-013
           6          16   4.5855263581023683E-013
           6          17   8.5914592796786668E-013
           6          18  -1.1807447682704460E-013
           6          19   9.1468741098392170E-016
           6          20   5.1435367308238877E-015
           6          21   2.6580818184141361E-016
           6          22 -0.15188755645427024     
           6          23   7.0485152530055534E-015
           6          24 -0.15188755645426313     
           6          25  -4.8575174263866532E-016
           6          26   6.6502303771133313E-017
           6          27 -0.15188755645426416     
           6          28  -3.8138602332349877E-002
           6          29   2.8950981933072177E-015
           6          30  -3.8138602332352514E-002
           6          31  -2.8341328387445145E-015
           6          32  -8.1750658093650112E-016
           6          33  -3.8138602332354644E-002
           6          34  -1.5604607420549714E-002
           6          35  -2.9090197708145534E-016
           6          36  -1.5604607420552332E-002
           6          37   1.7460272650169804E-015
           6          38  -4.3004798002465755E-016
           6          39  -1.5604607420551973E-002
           6          40   2.1538694726849009E-013
           6          41   1.7081700392768017E-013
           6          42   9.6177491154877192E-014
           6          43   3.7591284510285317E-013
           6          44  -2.6874531611060809E-014
           6          45  -1.2114104177626584E-015
           6          46  -2.5738957981714745E-014
           6          47   9.7064772704838413E-014
           6          48   1.6835383466980732E-013
           6          49  -5.6306172446397350E-014
           6          50  -1.9992905491096629E-013
           6          51  -1.6798131501304352E-013
           6          52  -9.0477980468469221E-014
           6          53  -3.7958564989683261E-013
           6          54   2.2309466300972015E-014
           6          55  -4.9539240866335360E-016
           6          56   2.3571040369745385E-014
           6          57  -8.9453985129077431E-014
           6          58  -1.7057717139105012E-013
           6          59   4.9322328145057134E-014
           7           1  -6.6855149312519598E-013
           7           2   1.2204202230963413E-012
           7           3   1.8067270557412141E-012
           7           4   7.0192996157634137E-013
           7           5   2.1695509477789736E-013
           7           6   1.7612985979886880E-013
           7           7   2.8943648997600113     
           7           8  -1.8611221881001199E-004
           7           9   7.2426616827743607E-006
           7          10  -1.5147353546647810     
           7          11   5.5047047193353571E-004
           7          12  -2.1421868230239074E-005
           7          13  -4.8863622407939804     
           7          14   1.2730191961632593E-003
           7          15  -4.9540257324154799E-005
           7          16   4.8728767254397756     
           7          17  -1.2546094948548726E-003
           7          18   4.8823833195391353E-005
           7          19   2.7800426390055963E-002
           7          20  -6.7490629916496154E-006
           7          21   2.6264368560096199E-007
           7          22  -4.6930002889786230E-013
           7          23   9.8715018899886258E-014
           7          24  -2.8823992930065241E-013
           7          25  -1.9993418018830932E-013
           7          26   8.2970663518462396E-014
           7          27  -4.3482068178337382E-013
           7          28  -2.7494594904109465E-013
           7          29   9.1788399368682734E-015
           7          30  -3.8104421459665336E-013
           7          31  -9.4028785222500821E-014
           7          32  -2.3396727370625479E-014
           7          33  -1.9269915277030001E-013
           7          34  -8.4767849472415970E-014
           7          35  -1.2215658243440997E-014
           7          36  -7.4368732957390628E-014
           7          37   6.2383716365614044E-015
           7          38   5.3297636012245046E-014
           7          39  -1.6286245969673107E-014
           7          40   2.1915352440603124     
           7          41  -2.6717651428937448E-004
           7          42  0.98008435616099043     
           7          43  -5.9742484797846614E-004
           7          44   1.0397324280388365E-005
           7          45  -5.3583787385930410E-014
           7          46   1.0397324265516020E-005
           7          47  0.98008435616108869     
           7          48  -2.6717651434317107E-004
           7          49   2.3249123972842477E-005
           7          50  -2.1418674970563072     
           7          51   2.4626133998081824E-004
           7          52 -0.95787226444302964     
           7          53   5.5065709645375142E-004
           7          54  -9.5833984261678544E-006
           7          55   9.4915791749641538E-014
           7          56  -9.5833983078635403E-006
           7          57 -0.95787226444300622     
           7          58   2.4626134000434576E-004
           7          59  -2.1429130271033819E-005
           8           1  -1.7167519100877745E-013
           8           2   2.6464618507769297E-013
           8           3   4.8028275571705862E-013
           8           4   2.4719885340375254E-013
           8           5  -4.4090070854152219E-014
           8           6   4.2680602140399880E-013
           8           7  -1.8611221881001199E-004
           8           8   2.7285180542704603     
           8           9   6.4540314403683996E-003
           8          10   5.5047047169191974E-004
           8          11  -1.0242044701469402     
           8          12  -1.9089309427658241E-002
           8          13   1.2730191981331343E-003
           8          14  -3.7519594630369548     
           8          15  -4.4145978008148477E-002
           8          16  -1.2546094974452003E-003
           8          17   3.7548790546842179     
           8          18   4.3507563234250562E-002
           8          19  -6.7490630512185678E-006
           8          20   2.1786254855726904E-002
           8          21   2.3404516413972276E-004
           8          22  -1.2855083378779892E-013
           8          23  -4.6332934530664697E-014
           8          24  -7.2630066307235539E-014
           8          25  -1.4073345885376955E-014
           8          26   7.5514217425070848E-014
           8          27  -1.2382078776511598E-013
           8          28  -1.0601429744822385E-013
           8          29   5.5309522654971678E-015
           8          30  -1.3317120796003677E-013
           8          31  -2.3719042015195652E-014
           8          32  -1.7193277051024571E-015
           8          33  -1.0064097263929638E-013
           8          34  -1.4620367675631182E-013
           8          35  -1.0833038119269939E-014
           8          36  -1.4480960478148738E-013
           8          37   5.3146326655608569E-016
           8          38   7.5668362025945868E-015
           8          39  -1.2539615809935379E-013
           8          40  -5.9742484843173756E-004
           8          41  0.74200013806956955     
           8          42  -2.6717651452974248E-004
           8          43   1.6591627480378144     
           8          44   9.2651929826334245E-003
           8          45  -1.3181084962548460E-014
           8          46   9.2651929826206968E-003
           8          47  -2.6717651448201883E-004
           8          48  0.74200013806957177     
           8          49   2.0717601333823860E-002
           8          50   5.5065709766573593E-004
           8          51 -0.73842581066219004     
           8          52   2.4626134052977469E-004
           8          53  -1.6511703089810175     
           8          54  -8.5398929838336364E-003
           8          55   1.4842501876545333E-014
           8          56  -8.5398929838138345E-003
           8          57   2.4626134055010033E-004
           8          58 -0.73842581066218216     
           8          59  -1.9095781232377290E-002
           9           1   1.8269004820370609E-013
           9           2  -3.5109460676907927E-013
           9           3  -5.0914243718025550E-013
           9           4  -2.0603219450019333E-013
           9           5  -6.2413925771513276E-014
           9           6  -8.8847771824247690E-014
           9           7   7.2426616827743607E-006
           9           8   6.4540314403683996E-003
           9           9   2.8941139463485577     
           9          10  -2.1421868193529933E-005
           9          11  -1.9089309427720250E-002
           9          12  -1.5139931011804451     
           9          13  -4.9540258061908658E-005
           9          14  -4.4145978007735072E-002
           9          15  -4.8846457037918620     
           9          16   4.8823834106756561E-005
           9          17   4.3507563233678562E-002
           9          18   4.8711850120488167     
           9          19   2.6264357706976595E-007
           9          20   2.3404516410344305E-004
           9          21   2.7791325964501928E-002
           9          22   1.4040021382424589E-013
           9          23  -6.6141330955359595E-015
           9          24   8.0082198397491214E-014
           9          25   3.5352537040635279E-014
           9          26  -2.5823376376385359E-014
           9          27   1.2662808732357566E-013
           9          28   8.5701535056602018E-014
           9          29   3.9536721372971036E-016
           9          30   1.2355074378942241E-013
           9          31   2.9187608137201038E-014
           9          32   1.3822487300309196E-015
           9          33   6.0943851782816600E-014
           9          34   4.1811639408867789E-014
           9          35   3.3046259487213020E-015
           9          36   3.4917709445312290E-014
           9          37  -1.3599723277148308E-015
           9          38  -1.4180592034206987E-014
           9          39   1.4269632598060111E-014
           9          40   2.3249124031008494E-005
           9          41   9.2651929825779793E-003
           9          42   1.0397324384421234E-005
           9          43   2.0717601333724644E-002
           9          44  0.97972409578611219     
           9          45   1.6980264529395741E-014
           9          46  0.97972409578611819     
           9          47   1.0397324354855058E-005
           9          48   9.2651929825899853E-003
           9          49   2.1907296773722376     
           9          50  -2.1429130579380883E-005
           9          51  -8.5398929836885806E-003
           9          52  -9.5833985407513307E-006
           9          53  -1.9095781232107763E-002
           9          54 -0.95754020605489654     
           9          55  -2.9126242700095025E-014
           9          56 -0.95754020605493539     
           9          57  -9.5833985594705844E-006
           9          58  -8.5398929836886170E-003
           9          59  -2.1411249919279314     
          10           1   1.3481726063006347E-013
          10           2  -2.9823785294293789E-013
          10           3  -3.7579702112302529E-013
          10           4  -2.5620025930436422E-013
          10           5   3.1045759572963134E-014
          10           6  -1.7133121932479277E-013
          10           7  -1.5147353546647810     
          10           8   5.5047047169191974E-004
          10           9  -2.1421868193529933E-005
          10          10   3.0166597861309250     
          10          11  -1.6281453330602976E-003
          10          12   6.3360191824061752E-005
          10          13   7.2636751123067302     
          10          14  -3.7652523957526036E-003
          10          15   1.4652691570252944E-004
          10          16  -7.1705083237674359     
          10          17   3.7108013930355344E-003
          10          18  -1.4440792428011833E-004
          10          19  -3.8902805672844432E-002
          10          20   1.9961934331000620E-005
          10          21  -7.7682994939458609E-007
          10          22   2.3076092405026231E-013
          10          23  -3.8314556827654896E-013
          10          24   1.3124045448493311E-013
          10          25   3.7522178998925906E-013
          10          26   6.0493091149715590E-015
          10          27   1.4531533542812549E-013
          10          28   8.0973743654586274E-014
          10          29  -4.3393580311275275E-015
          10          30   1.2164057720270852E-013
          10          31   3.8748836130933928E-014
          10          32   4.1550627668419078E-014
          10          33   7.7665996585639242E-014
          10          34   4.6176137901001831E-014
          10          35  -3.5116849787176752E-015
          10          36   4.3153743637009800E-014
          10          37   6.9189432444017403E-015
          10          38  -3.3225617203254720E-015
          10          39   5.2780899183515438E-014
          10          40  -3.3877172706027503     
          10          41   7.9023710993846182E-004
          10          42  -1.5150332211235613     
          10          43   1.7670238961809139E-003
          10          44  -3.0752521777100096E-005
          10          45   3.8107368009265241E-015
          10          46  -3.0752521818247595E-005
          10          47  -1.5150332211235491     
          10          48   7.9023710999907436E-004
          10          49  -6.8764729281724007E-005
          10          50   3.1478369838758233     
          10          51  -7.2837558400269046E-004
          10          52   1.4077554956068479     
          10          53  -1.6286973190091961E-003
          10          54   2.8345145721962729E-005
          10          55  -1.8003901515299494E-014
          10          56   2.8345145705653770E-005
          10          57   1.4077554956068488     
          10          58  -7.2837558403473026E-004
          10          59   6.3381672677602295E-005
          11           1   3.5813780005305691E-014
          11           2  -2.0931083878411713E-014
          11           3  -9.0627620370242274E-014
          11           4   2.5224104322394955E-015
          11           5   1.4234671353084495E-013
          11           6  -2.7419293720887008E-013
          11           7   5.5047047193353571E-004
          11           8  -1.0242044701469402     
          11           9  -1.9089309427720250E-002
          11          10  -1.6281453330602976E-003
          11          11   1.5657998197815299     
          11          12   5.6461103078385665E-002
          11          13  -3.7652523970812270E-003
          11          14   3.9084132360272448     
          11          15  0.13057206832192483     
          11          16   3.7108013946935904E-003
          11          17  -3.8637683932898246     
          11          18 -0.12868380712026095     
          11          19   1.9961934371624663E-005
          11          20  -2.1114484926451210E-002
          11          21  -6.9224338293305196E-004
          11          22  -8.0341500648140321E-015
          11          23   1.3660433315222838E-013
          11          24  -6.9501020338749393E-014
          11          25   2.1164919571111411E-015
          11          26  -1.5651418830244289E-013
          11          27   1.1217306972030694E-014
          11          28  -9.6807808944114515E-015
          11          29   2.7105661808931673E-015
          11          30   1.8581021682236434E-014
          11          31   1.0381648473190989E-014
          11          32  -1.1026011322286616E-014
          11          33  -8.4844359489522951E-015
          11          34   7.7554619400029576E-014
          11          35   1.0647480621053107E-014
          11          36   7.7841815514741568E-014
          11          37   2.8026985148024020E-015
          11          38   5.7562077190941054E-015
          11          39   7.2352220126650792E-014
          11          40   1.7670238965925027E-003
          11          41 -0.81084339016585583     
          11          42   7.9023711013277091E-004
          11          43  -1.8131009395172248     
          11          44  -2.7403978023119849E-002
          11          45   3.6579936293895718E-015
          11          46  -2.7403978023128023E-002
          11          47   7.9023711012614578E-004
          11          48 -0.81084339016583684     
          11          49  -6.1277157713633665E-002
          11          50  -1.6286973197836641E-003
          11          51  0.75869121729907463     
          11          52  -7.2837558436092279E-004
          11          53   1.6964851358127673     
          11          54   2.5258733421576418E-002
          11          55   3.9193849701108343E-015
          11          56   2.5258733421581914E-002
          11          57  -7.2837558436860718E-004
          11          58  0.75869121729907618     
          11          59   5.6480244956185297E-002
          12           1  -5.7623144486300159E-014
          12           2   8.1898378102996077E-014
          12           3   1.1683514038718000E-013
          12           4   4.6826392612244131E-014
          12           5  -9.8896330080809941E-015
          12           6   3.4979316648635379E-014
          12           7  -2.1421868230239074E-005
          12           8  -1.9089309427658241E-002
          12           9  -1.5139931011804451     
          12          10   6.3360191824061752E-005
          12          11   5.6461103078385665E-002
          12          12   3.0144643976261749     
          12          13   1.4652691529060528E-004
          12          14  0.13057206832140966     
          12          15   7.2585980521312603     
          12          16  -1.4440792379124913E-004
          12          17 -0.12868380711960367     
          12          18  -7.1655046852343398     
          12          19  -7.7682990918363504E-007
          12          20  -6.9224338290766818E-004
          12          21  -3.8875889033158091E-002
          12          22  -5.6908881935986241E-014
          12          23   5.2200282798256056E-014
          12          24  -3.4478107283086373E-014
          12          25  -4.5254452506772465E-014
          12          26   1.1026790957639578E-014
          12          27  -3.0498503586988541E-014
          12          28  -1.5227979843536810E-014
          12          29   1.7309376841633699E-015
          12          30  -2.4448581240875348E-014
          12          31  -9.0718228189588514E-015
          12          32  -7.2168554734830303E-015
          12          33  -1.0179353473681100E-014
          12          34  -1.2381302463886673E-014
          12          35  -3.3792198465488027E-016
          12          36  -8.9101129040880462E-015
          12          37  -6.7776670901924036E-016
          12          38   1.8328106483346600E-015
          12          39  -7.0253055871108535E-015
          12          40  -6.8764729102844797E-005
          12          41  -2.7403978023055772E-002
          12          42  -3.0752521754171714E-005
          12          43  -6.1277157713473772E-002
          12          44  -1.5139676666964461     
          12          45  -1.6785733598445857E-015
          12          46  -1.5139676666964341     
          12          47  -3.0752521751763199E-005
          12          48  -2.7403978023060164E-002
          12          49  -3.3853346184699502     
          12          50   6.3381672410645551E-005
          12          51   2.5258733421435420E-002
          12          52   2.8345145612501857E-005
          12          53   5.6480244955878431E-002
          12          54   1.4067733551598309     
          12          55   6.5447838186840253E-015
          12          56   1.4067733551598447     
          12          57   2.8345145625206003E-005
          12          58   2.5258733421434219E-002
          12          59   3.1456408510728489     
          13           1   7.9184076418776331E-013
          13           2  -1.3525365132259229E-012
          13           3  -1.8851654765575596E-012
          13           4  -9.6758966140026047E-013
          13           5  -6.0958209661780576E-014
          13           6  -4.6554337082986071E-013
          13           7  -4.8863622407939804     
          13           8   1.2730191981331343E-003
          13           9  -4.9540258061908658E-005
          13          10   7.2636751123067302     
          13          11  -3.7652523970812270E-003
          13          12   1.4652691529060528E-004
          13          13   18.209420884319666     
          13          14  -8.7075307852685947E-003
          13          15   3.3885845826136000E-004
          13          16  -18.004423943394357     
          13          17   8.5816072793308273E-003
          13          18  -3.3395807401833658E-004
          13          19  -9.8472626890907702E-002
          13          20   4.6164012251632557E-005
          13          21  -1.7964986541452944E-006
          13          22   7.4134603454246156E-013
          13          23  -8.6816285176316742E-013
          13          24   4.2559129137888945E-013
          13          25   9.1017268512854032E-013
          13          26  -3.5379682362118764E-014
          13          27   5.4049795214840646E-013
          13          28   3.3311823456095477E-013
          13          29  -1.4513456246896814E-014
          13          30   4.8079211050081737E-013
          13          31   1.3660605068972767E-013
          13          32   1.0151886708681652E-013
          13          33   2.7835687676346147E-013
          13          34   1.4719720004724559E-013
          13          35  -3.3794643641818017E-016
          13          36   1.3476216786981476E-013
          13          37   1.1019666531243778E-014
          13          38  -3.7981732653142779E-014
          13          39   1.2140689985341984E-013
          13          40  -8.4419542189713468     
          13          41   1.8275040393302756E-003
          13          42  -3.7753566993121597     
          13          43   4.0864232611517231E-003
          13          44  -7.1118347621528438E-005
          13          45   3.9181011589335943E-014
          13          46  -7.1118347699941937E-005
          13          47  -3.7753566993121916     
          13          48   1.8275040394897864E-003
          13          49  -1.5902546001582004E-004
          13          50   7.9054610576920261     
          13          51  -1.6844429414804569E-003
          13          52   3.5354296636953366     
          13          53  -3.7665289214447021E-003
          13          54   6.5551044547531459E-005
          13          55  -9.3219318918178850E-014
          13          56   6.5551044444306901E-005
          13          57   3.5354296636953242     
          13          58  -1.6844429415618996E-003
          13          59   1.4657659159023217E-004
          14           1   9.0240312415588014E-014
          14           2  -3.0814449403707712E-013
          14           3  -6.7466210971378981E-013
          14           4  -2.1705612873094552E-013
          14           5   3.1014360642666616E-013
          14           6  -8.4905188814972369E-013
          14           7   1.2730191961632593E-003
          14           8  -3.7519594630369548     
          14           9  -4.4145978007735072E-002
          14          10  -3.7652523957526036E-003
          14          11   3.9084132360272448     
          14          12  0.13057206832140966     
          14          13  -8.7075307852685947E-003
          14          14   10.450035058309034     
          14          15  0.30196124581776512     
          14          16   8.5816072803954705E-003
          14          17  -10.357250073525281     
