           1           1   2.1591304986437265     
           1           2 -0.12592926335908633     
           1           3 -0.55155365138269330     
           1           4   9.6046863205346888E-002
           1           5   8.5530434743417927E-002
           1           6   4.0886300288726120E-003
           1           7   7.2465600597073134E-011
           1           8  -4.1913077621339312E-010
           1           9   3.9125919830378768E-010
           1          10   1.9167179299370574E-011
           1          11  -4.8795534142440911E-011
           1          12  -9.4129488132324267E-011
           1          13   3.0475055698461019E-010
           1          14   6.9358188406687070E-010
           1          15  -1.8211992307894909E-009
           1          16   3.1354108543695269E-010
           1          17  -2.7901285561134753E-010
           1          18   7.1956555227352024E-010
           1          19   1.3215938986724264E-011
           1          20   1.7144062851802617E-011
           1          21  -3.1952741136585280E-011
           1          22   5.6709667755601217E-004
           1          23  -8.4363702599626708E-006
           1          24   4.0519070131334181E-004
           1          25  -2.0151751635364874E-005
           1          26  -4.4748330082529207E-004
           1          27  -3.5827393256475165E-004
           1          28   5.4057745966161917E-003
           1          29  -2.1964820336699010E-006
           1          30   5.3636203828305229E-003
           1          31  -5.2466638613029627E-006
           1          32  -1.1650697962769813E-004
           1          33   5.1648441455729938E-003
           1          34   2.7080416401157150E-004
           1          35  -9.0651587810711384E-006
           1          36   9.6830868419025716E-005
           1          37  -2.1654089453373121E-005
           1          38  -4.8083615480538244E-004
           1          39  -7.2353821129426238E-004
           1          40   1.8378673243835645E-010
           1          41  -7.7013249291883974E-011
           1          42   1.3361387857177655E-010
           1          43  -2.1007761189658268E-010
           1          44   2.3980643166682037E-010
           1          45  -1.2917564928083167E-010
           1          46   3.2297226490324198E-010
           1          47   7.2594796035145671E-011
           1          48  -7.9865494144843165E-011
           1          49   8.1369665298671826E-010
           1          50  -5.4797442074923400E-010
           1          51  -5.1978010899109666E-011
           1          52  -7.0053623218627090E-011
           1          53   2.1542788606106176E-010
           1          54  -5.5943001936011157E-010
           1          55  -9.1059647352563380E-011
           1          56  -2.3430439650069210E-010
           1          57  -1.3223774885074054E-010
           1          58   6.0921285781816819E-011
           1          59  -5.1364443467487211E-010
           2           1 -0.12592926335908633     
           2           2   6.2787437551374337E-002
           2           3  0.31523682335587389     
           2           4  -5.9275127010034181E-004
           2           5  -9.2771718956940856E-003
           2           6   5.9941880179459643E-004
           2           7   2.4374189581840494E-010
           2           8  -5.1297562823513592E-010
           2           9  -1.1526638249245833E-010
           2          10  -2.4126205981173052E-011
           2          11  -1.9860123452396597E-010
           2          12   1.8862165164922076E-010
           2          13   1.1558010335230826E-010
           2          14  -3.8935803554694404E-010
           2          15   8.0344902375697362E-010
           2          16  -2.9465395799145045E-010
           2          17  -3.9490224236534659E-011
           2          18  -4.9464575969823373E-010
           2          19  -3.5022943907199703E-012
           2          20  -4.4862639283064878E-012
           2          21   1.9320881573645783E-012
           2          22  -2.7394978312253199E-003
           2          23   4.7780612819810197E-006
           2          24  -2.6477998511417432E-003
           2          25   1.1413272590080107E-005
           2          26   2.5343914350611937E-004
           2          27  -2.2153997837988668E-003
           2          28  -2.5038390201034496E-003
           2          29  -7.2822147082193899E-007
           2          30  -2.5178144684657082E-003
           2          31  -1.7394772134604016E-006
           2          32  -3.8626100222732937E-005
           2          33  -2.5837155838614994E-003
           2          34  -4.5273618615032879E-004
           2          35   1.1878173309427568E-006
           2          36  -4.2994027641454389E-004
           2          37   2.8373515394875083E-006
           2          38   6.3004468190435391E-005
           2          39  -3.2244645388303488E-004
           2          40  -1.0776196423441132E-010
           2          41   2.6947049312162147E-011
           2          42  -5.1609551465704180E-011
           2          43   6.4177440521767565E-011
           2          44  -1.2811074729935411E-010
           2          45   5.5919282021574164E-012
           2          46  -1.3433549842981336E-010
           2          47  -4.4143533444977487E-011
           2          48   2.7969488051627877E-011
           2          49  -2.9386781443206469E-010
           2          50   1.6341714450727287E-010
           2          51  -1.4676798250277008E-012
           2          52   5.4511753206101703E-011
           2          53  -4.0204120119455686E-011
           2          54   1.5431170870660804E-010
           2          55   1.1324369308956432E-011
           2          56   1.1811936023344011E-010
           2          57   6.3880460165568559E-011
           2          58  -1.4383651331101417E-011
           2          59   2.6763184281655718E-010
           3           1 -0.55155365138269330     
           3           2  0.31523682335587389     
           3           3   2.1473240682378059     
           3           4 -0.68600284862779726     
           3           5 -0.57100680523018110     
           3           6  -2.4529427381624773E-002
           3           7   4.8446586777755190E-010
           3           8   2.2878252933405518E-009
           3           9  -1.7172035985596907E-009
           3          10  -1.0286860251417639E-009
           3          11   1.6368183567670190E-009
           3          12  -4.3220720948550760E-010
           3          13  -4.9598073861197382E-009
           3          14  -2.3118370810675981E-009
           3          15   7.5688369192341999E-009
           3          16  -9.9032610186514487E-010
           3          17   2.0864862477773474E-009
           3          18  -8.2503403829424418E-010
           3          19  -9.7991871408584665E-011
           3          20  -1.0039614166691969E-010
           3          21   2.3407900140791928E-010
           3          22  -1.7200027094994116E-002
           3          23   3.1303491524500926E-005
           3          24  -1.6599269643443118E-002
           3          25   7.4773633727570621E-005
           3          26   1.6604016675428944E-003
           3          27  -1.3766408517238230E-002
           3          28  -3.3855810872652478E-002
           3          29   2.3582436417952116E-005
           3          30  -3.3403226881893476E-002
           3          31   5.6330624988334683E-005
           3          32   1.2508673982701540E-003
           3          33  -3.1269083348325344E-002
           3          34  -2.8396660572412536E-003
           3          35   6.0091364192693809E-005
           3          36  -1.6864273203343891E-003
           3          37   1.4354125100399755E-004
           3          38   3.1873794086635975E-003
           3          39   3.7516569329816441E-003
           3          40  -4.9480415737047215E-010
           3          41   3.4589765307696897E-010
           3          42  -5.9134528626101453E-010
           3          43   1.0293812334207770E-009
           3          44  -7.3567848849354671E-010
           3          45   9.6461286229532152E-010
           3          46  -1.3382687653430286E-009
           3          47  -1.6653265131927166E-010
           3          48   3.6170608246023625E-010
           3          49  -3.7164648761410490E-009
           3          50   2.9644293319188886E-009
           3          51   4.5728655880656342E-010
           3          52   1.3451316755862475E-010
           3          53  -1.2281293507344106E-009
           3          54   2.9381887074016251E-009
           3          55   6.0837067492942562E-010
           3          56   7.3342120011169389E-010
           3          57   5.4310112207771613E-010
           3          58  -3.0499316926065620E-010
           3          59   1.5617676177742810E-009
           4           1   9.6046863205346888E-002
           4           2  -5.9275127010034181E-004
           4           3 -0.68600284862779726     
           4           4  0.84588035997499866     
           4           5  0.64879583434231358     
           4           6   3.4274564183865201E-002
           4           7   3.1669082294635187E-009
           4           8  -2.5777733444896012E-009
           4           9   1.4206427232265270E-009
           4          10  -4.6912790438606250E-009
           4          11  -1.7342936362564853E-009
           4          12   7.3887343456362278E-010
           4          13  -5.4290346764607042E-011
           4          14   2.0492018468028589E-009
           4          15  -5.4586258913381858E-009
           4          16  -7.3591912713204410E-009
           4          17  -1.2069311862932906E-009
           4          18  -3.1487307555736670E-009
           4          19  -2.1986511444449444E-011
           4          20   1.0610763122826104E-010
           4          21  -2.8054912990681829E-010
           4          22   3.6996038758150976E-003
           4          23  -7.9796117621329621E-006
           4          24   3.5464662984059209E-003
           4          25  -1.9060167380462623E-005
           4          26  -4.2324912125938936E-004
           4          27   2.8243478745716964E-003
           4          28   2.5966053407852772E-002
           4          29  -2.9591273672056136E-005
           4          30   2.5398151638211158E-002
           4          31  -7.0683611050203804E-005
           4          32  -1.5695875738223272E-003
           4          33   2.2720229977353817E-002
           4          34   5.7189340324451977E-004
           4          35  -6.5979655978757668E-005
           4          36  -6.9434998910026299E-004
           4          37  -1.5760676118640354E-004
           4          38  -3.4997075091931741E-003
           4          39  -6.6653066757080279E-003
           4          40  -4.2321754674822134E-010
           4          41  -2.4524381821929963E-010
           4          42   2.2245863514838286E-010
           4          43  -7.6428940326403481E-010
           4          44   1.2347496009161290E-010
           4          45  -1.1711510186658394E-009
           4          46   9.5655209631230415E-010
           4          47  -3.2471629741062654E-010
           4          48  -1.5101644069975385E-010
           4          49   2.5143666586929424E-009
           4          50  -1.3063417597733404E-009
           4          51  -7.4812483385208396E-010
           4          52   7.5145750488743949E-010
           4          53   9.0495966124298785E-010
           4          54  -2.5297614397132363E-009
           4          55  -7.0095316882631808E-010
           4          56   4.2778931711124991E-011
           4          57   2.5834918101502036E-010
           4          58   1.7401449166858568E-010
           4          59  -1.2845870719893849E-010
           5           1   8.5530434743417927E-002
           5           2  -9.2771718956940856E-003
           5           3 -0.57100680523018110     
           5           4  0.64879583434231358     
           5           5  0.49947328868698820     
           5           6   2.6096190508713007E-002
           5           7   9.9013061255954617E-009
           5           8  -2.1364330376409882E-008
           5           9   8.5338624974494379E-009
           5          10  -1.2737981185299960E-008
           5          11   1.9074335479819879E-008
           5          12  -6.9222672166250621E-009
           5          13  -1.0871830189808791E-008
           5          14   2.6377613173931564E-008
           5          15  -1.3391986414318739E-008
           5          16  -1.6546662413188075E-008
           5          17   2.3443326967479284E-008
           5          18  -1.1275448847922286E-008
           5          19  -2.6084218600194068E-010
           5          20   6.4342440249540465E-010
           5          21  -4.4339668239772397E-010
           5          22   3.4085647059062729E-003
           5          23  -1.0185160164628235E-005
           5          24   3.2130988590115942E-003
           5          25  -2.4328674533114980E-005
           5          26  -5.4023779657165222E-004
           5          27   2.2913826437344072E-003
           5          28   2.0856794193888552E-002
           5          29  -3.7917591710144393E-005
           5          30   2.0129098509420910E-002
           5          31  -9.0572895549441597E-005
           5          32  -2.0112342746196575E-003
           5          33   1.6697670474430805E-002
           5          34   7.3233797041608603E-004
           5          35  -5.4388540774646710E-005
           5          36  -3.1145544931332350E-004
           5          37  -1.2991885444092795E-004
           5          38  -2.8848889303885136E-003
           5          39  -5.2334515465739494E-003
           5          40  -1.1340670414032522E-009
           5          41   5.8719590346649364E-010
           5          42  -9.6810704219876076E-011
           5          43   8.3484384838632311E-010
           5          44  -2.7325823034299119E-010
           5          45  -8.4898705371205848E-010
           5          46  -1.6322426709929843E-010
           5          47  -2.5243971380181222E-010
           5          48   1.8359528921932252E-010
           5          49   2.1291180561989345E-009
           5          50   8.1787871766438374E-010
           5          51  -2.4886622029258510E-009
           5          52   1.4761939170329289E-009
           5          53  -3.6794377512966366E-009
           5          54  -1.3780607708950562E-009
           5          55  -4.7184773414216420E-010
           5          56   3.1325491065192253E-010
           5          57   1.2651090305009387E-009
           5          58  -2.0379986743254286E-009
           5          59   1.8476211854216525E-009
           6           1   4.0886300288726120E-003
           6           2   5.9941880179459643E-004
           6           3  -2.4529427381624773E-002
           6           4   3.4274564183865201E-002
           6           5   2.6096190508713007E-002
           6           6   1.4133767028630300E-003
           6           7  -5.2853253011473910E-008
           6           8   5.2043700883803464E-008
           6           9  -2.0837059528838051E-008
           6          10   6.9426148439090243E-008
           6          11  -5.7778508167321935E-008
           6          12   2.2849682155372105E-008
           6          13   8.3184275542976062E-008
           6          14  -6.9297916938858812E-008
           6          15   2.7226382410863827E-008
           6          16   8.1802289313975377E-008
           6          17  -6.8467723551098299E-008
           6          18   2.6917398154281489E-008
           6          19   1.6056653363380181E-009
           6          20  -1.3811317626420562E-009
           6          21   5.3813267769355465E-010
           6          22   8.9420506913714449E-005
           6          23   3.0801618460017081E-007
           6          24   9.5331887218696283E-005
           6          25   7.3577929256022300E-007
           6          26   1.6338119363129290E-005
           6          27   1.2320682674772364E-004
           6          28   9.2519284780736319E-004
           6          29   1.4274760826759812E-006
           6          30   9.5258814544554741E-004
           6          31   3.4098481004859618E-006
           6          32   7.5716547503594522E-005
           6          33   1.0817703640795726E-003
           6          34  -2.1033695262878276E-005
           6          35  -2.0397136596995720E-006
           6          36  -6.0178699041764258E-005
           6          37  -4.8723007970539299E-006
           6          38  -1.0819095708747119E-004
           6          39  -2.4476656590689935E-004
           6          40   5.0034197039680218E-009
           6          41  -1.9347542626788241E-009
           6          42   2.2189531047839249E-009
           6          43  -4.1186453827358479E-009
           6          44   7.7405302306976273E-010
           6          45  -1.1909140391466723E-010
           6          46   1.2134959496682796E-009
           6          47   2.0187608710610172E-009
           6          48  -1.5784795245846614E-009
           6          49   1.2995023920254156E-009
           6          50  -1.5523139599382166E-008
           6          51   5.6492692074179287E-009
           6          52  -6.9100249468570396E-009
           6          53   1.2844405634203277E-008
           6          54  -2.3322794590710665E-009
           6          55  -6.6325267483732618E-011
           6          56  -2.0015614649363824E-009
           6          57  -7.0181165205103257E-009
           6          58   5.8836579121006482E-009
           6          59  -5.3072994008506166E-009
           7           1   7.2465600597073134E-011
           7           2   2.4374189581840494E-010
           7           3   4.8446586777755190E-010
           7           4   3.1669082294635187E-009
           7           5   9.9013061255954617E-009
           7           6  -5.2853253011473910E-008
           7           7   2.1027210255100428     
           7           8  -4.9867542220417838E-004
           7           9  -1.1911700102646312E-003
           7          10 -0.14852157160878754     
           7          11   6.5996711800484636E-004
           7          12   1.5764465380728038E-003
           7          13 -0.24166599354876883     
           7          14   8.9289497396099343E-004
           7          15   2.1328871053749136E-003
           7          16 -0.22295970427960549     
           7          17   6.6142888736417382E-004
           7          18   1.5799323214690138E-003
           7          19  -4.0369853874759280E-003
           7          20   2.4935345104152413E-005
           7          21   5.9572186667123251E-005
           7          22   5.7095454735739046E-010
           7          23  -1.9451963821866905E-010
           7          24  -4.6643737634364332E-010
           7          25   3.2796225248491159E-009
           7          26   5.8229255505994815E-009
           7          27   7.5829427026294425E-010
           7          28  -9.1315183523762779E-010
           7          29  -3.4286280072778489E-010
           7          30  -2.3207009447226799E-010
           7          31   3.8545016695363695E-009
           7          32   1.1700891755749977E-008
           7          33   5.4125038727168877E-009
           7          34   3.2134459837771217E-008
           7          35   2.3282253561356578E-009
           7          36   2.0914771205793575E-008
           7          37   1.2208795677811201E-008
           7          38   2.0196320981780208E-009
           7          39   2.6591915616336841E-008
           7          40  -9.9646217806803258E-003
           7          41  -4.5662583123851639E-005
           7          42  -4.9933101880872185E-003
           7          43   3.4616808775780189E-006
           7          44  -1.0907813346500860E-004
           7          45  -1.4841677112986456E-003
           7          46  -2.2588858355210295E-006
           7          47  -7.5254942594221719E-003
           7          48  -1.8535305983867446E-005
           7          49  -2.3064673985787260E-005
           7          50   4.2601515425642091E-002
           7          51  -6.0414732127882578E-005
           7          52   1.8641354054369258E-002
           7          53  -5.2930937772446146E-005
           7          54  -1.4432526562467010E-004
           7          55  -1.1348653390683987E-003
           7          56  -5.7976859072879621E-005
           7          57   1.6705135725692363E-002
           7          58  -2.8536499487133958E-005
           7          59  -1.3398713845059204E-004
           8           1  -4.1913077621339312E-010
           8           2  -5.1297562823513592E-010
           8           3   2.2878252933405518E-009
           8           4  -2.5777733444896012E-009
           8           5  -2.1364330376409882E-008
           8           6   5.2043700883803464E-008
           8           7  -4.9867542220417838E-004
           8           8   2.0916694747290761     
           8           9  -2.6452302130117608E-002
           8          10   6.5996381673331245E-004
           8          11 -0.13389649495480815     
           8          12   3.5005992114493859E-002
           8          13   8.9291656610291509E-004
           8          14 -0.22187886223322439     
           8          15   4.7361793353436196E-002
           8          16   6.6139955853695281E-004
           8          17 -0.20830219582103904     
           8          18   3.5083409970981291E-002
           8          19   2.4940029941755227E-005
           8          20  -3.4842335353996875E-003
           8          21   1.3230252429953446E-003
           8          22   7.7653604971617714E-010
           8          23  -3.5336041805125855E-010
           8          24  -9.8149070084719663E-010
           8          25   1.1869492970774327E-009
           8          26   1.7869734456548469E-009
           8          27   8.6040782649501280E-010
           8          28  -1.1190721943054143E-009
           8          29  -3.5240605270830861E-009
           8          30  -6.3600293882205980E-010
           8          31   4.0310969960779803E-009
           8          32  -1.4563750238752949E-009
           8          33  -2.9528846515996640E-010
           8          34  -1.5222515255815697E-008
           8          35  -1.0587735081919143E-009
           8          36  -1.6107294936477364E-008
           8          37   4.4263172908437389E-009
           8          38  -6.9663438747141724E-010
           8          39  -1.0598750472869025E-008
           8          40   6.2367046754167182E-006
           8          41  -4.3946003406248740E-003
           8          42  -4.9395502979895402E-005
           8          43  -1.1088498666448812E-002
           8          44   1.4770898122618860E-004
           8          45  -7.7126991117007265E-005
           8          46  -2.6200204372388955E-003
           8          47  -1.8538113251618388E-005
           8          48  -7.9362801012402874E-003
           8          49  -5.1207896482473097E-004
           8          50  -5.2239302211487537E-005
           8          51   1.8534110403744190E-002
           8          52  -6.1322393300665412E-005
           8          53   4.0510567547796715E-002
           8          54  -1.2394853615965949E-003
           8          55  -5.3600944820334060E-005
           8          56  -3.2528788056708962E-003
           8          57  -2.8524794842904426E-005
           8          58   1.6072811934630206E-002
           8          59  -2.9756156869792895E-003
           9           1   3.9125919830378768E-010
           9           2  -1.1526638249245833E-010
           9           3  -1.7172035985596907E-009
           9           4   1.4206427232265270E-009
           9           5   8.5338624974494379E-009
           9           6  -2.0837059528838051E-008
           9           7  -1.1911700102646312E-003
           9           8  -2.6452302130117608E-002
           9           9   2.0395572975504521     
           9          10   1.5764507199619686E-003
           9          11   3.5005993609205921E-002
           9          12  -6.4932267407527694E-002
           9          13   2.1328697560293354E-003
           9          14   4.7361782327675822E-002
           9          15 -0.12857290537404359     
           9          16   1.5799493683842751E-003
           9          17   3.5083431603235238E-002
           9          18 -0.13918541535618328     
           9          19   5.9582569833478282E-005
           9          20   1.3230313033009092E-003
           9          21  -8.7776814493196022E-004
           9          22  -2.9805143581049524E-010
           9          23   1.4199311856287479E-010
           9          24   3.2579096805400761E-010
           9          25  -3.8074991374065245E-010
           9          26  -8.3160500672604859E-010
           9          27   8.8583230099749197E-010
           9          28   1.6209265470684556E-009
           9          29  -3.4562604955674002E-010
           9          30   2.5854029707607923E-009
           9          31  -4.5291977138122384E-009
           9          32  -8.6395482198732486E-010
           9          33  -3.7465019217191883E-009
           9          34   6.3827955451273670E-009
           9          35  -2.4811447310488120E-010
           9          36   7.3235012773555186E-009
           9          37  -3.4803572758395756E-009
           9          38  -4.7671241084684009E-010
           9          39   2.5175127432774386E-009
           9          40   1.4902347455683597E-005
           9          41   1.4770889066544854E-004
           9          42  -2.2587270147163231E-006
           9          43   1.8339897689369634E-004
           9          44  -4.1036032480780797E-003
           9          45  -5.2601530215849531E-005
           9          46  -5.1130964392477694E-003
           9          47  -1.6000914429513906E-004
           9          48  -3.5530993867035105E-003
           9          49  -1.8048846666977075E-002
           9          50  -1.2481348364865377E-004
           9          51  -1.2394942312468058E-003
           9          52  -5.7979058725779985E-005
           9          53  -2.8071722351903274E-003
           9          54   1.6092218586251528E-002
           9          55  -2.7359006535647180E-005
           9          56   1.5567157235829169E-002
           9          57  -1.5667209162939142E-004
           9          58  -3.4788982560911212E-003
           9          59   3.0248706131240082E-002
          10           1   1.9167179299370574E-011
          10           2  -2.4126205981173052E-011
          10           3  -1.0286860251417639E-009
          10           4  -4.6912790438606250E-009
          10           5  -1.2737981185299960E-008
          10           6   6.9426148439090243E-008
          10           7 -0.14852157160878754     
          10           8   6.5996381673331245E-004
          10           9   1.5764507199619686E-003
          10          10  0.27422171079133922     
          10          11  -8.5194427059438055E-004
          10          12  -2.0350151373841087E-003
          10          13  0.32405675981850435     
          10          14  -1.0509074640831784E-003
          10          15  -2.5103376605416818E-003
          10          16  0.31941031607117959     
          10          17  -1.0882909812914288E-003
          10          18  -2.5995716345292887E-003
          10          19   5.5662752459570966E-003
          10          20  -3.5763997617895699E-005
          10          21  -8.5442991547411587E-005
          10          22   1.7841687599072526E-010
          10          23   9.5003466016917452E-012
          10          24   3.1468684800309243E-010
          10          25  -2.2919743478074751E-009
          10          26  -6.8872140333382964E-009
          10          27  -1.4192944189625826E-009
          10          28   1.6195671026424300E-010
          10          29   2.3345746125398388E-010
          10          30   2.5341814562175036E-010
          10          31  -5.5187853413673246E-009
          10          32  -1.5762165451322106E-008
          10          33  -7.5479526998452467E-009
          10          34  -4.3111311252341410E-008
          10          35  -2.9655752862759571E-009
          10          36  -2.8434009370143294E-008
          10          37  -1.7021460211621003E-008
          10          38  -2.5598071293484976E-009
          10          39  -3.6061018792081480E-008
          10          40   1.7621123644361039E-002
          10          41   3.6154606054858473E-005
          10          42   8.7233530142611111E-003
          10          43  -8.5268334974163314E-005
          10          44   8.6367988831062776E-005
          10          45   2.3297675045142658E-003
          10          46  -8.2590266817383299E-005
          10          47   1.2698240764289669E-002
          10          48  -9.4781110493730863E-006
          10          49  -1.5897530953617512E-004
          10          50  -6.3406088252808690E-002
          10          51   1.1638260688701108E-004
          10          52  -2.7815254306812465E-002
          10          53   1.5211944921724244E-004
          10          54   2.7802071335220014E-004
          10          55   1.4946720256226694E-003
          10          56   1.6457563238948814E-004
          10          57  -2.5265162673168192E-002
          10          58   7.5063791288429091E-005
          10          59   3.7428888215726083E-004
          11           1  -4.8795534142440911E-011
          11           2  -1.9860123452396597E-010
          11           3   1.6368183567670190E-009
          11           4  -1.7342936362564853E-009
          11           5   1.9074335479819879E-008
          11           6  -5.7778508167321935E-008
          11           7   6.5996711800484636E-004
          11           8 -0.13389649495480815     
          11           9   3.5005993609205921E-002
          11          10  -8.5194427059438055E-004
          11          11  0.25534234551729551     
          11          12  -4.5188860725314417E-002
          11          13  -1.0509309770679320E-003
          11          14  0.30076799160938128     
          11          15  -5.5743208102716463E-002
          11          16  -1.0882677702773597E-003
          11          17  0.29529330230014927     
          11          18  -5.7725189296037122E-002
          11          19  -3.5772812434013397E-005
          11          20   4.7734786562308460E-003
          11          21  -1.8975744529066835E-003
          11          22   4.3463793714764766E-010
          11          23   5.6253097408857830E-010
          11          24   7.3308283891058540E-010
          11          25  -1.1985087710367041E-009
          11          26  -9.1610607507334284E-010
          11          27   3.1546759748513261E-011
          11          28   4.7841422272121219E-009
          11          29   5.3575589276713388E-009
          11          30   1.6907925341257643E-009
          11          31  -5.8892418235498411E-009
          11          32   1.1457991941857976E-009
          11          33   2.0874084771933991E-009
          11          34   1.6372621201290027E-008
          11          35   7.4813856638179134E-010
          11          36   1.9870691560830782E-008
          11          37  -5.6972945264037492E-009
          11          38   7.1037375347227824E-010
          11          39   1.1362786708080759E-008
          11          40  -8.9230156669821252E-005
          11          41   6.9962448579711191E-003
          11          42   4.1479953590499831E-005
          11          43   1.7616162424927383E-002
          11          44  -2.1162813185422870E-003
          11          45   1.1959915214984157E-004
          11          46   2.2001812550467509E-003
          11          47  -9.4753246759793526E-006
          11          48   1.2488240152934094E-002
          11          49  -3.5302643797615928E-003
          11          50   1.5112706514428496E-004
          11          51  -2.6858169899738875E-002
          11          52   1.1769861283819627E-004
          11          53  -5.8826028205488330E-002
          11          54   3.5852161907267087E-003
          11          55   7.0915476600935510E-005
          11          56   6.2431055483760057E-003
          11          57   7.5050585790261901E-005
          11          58  -2.3601765802251831E-002
          11          59   8.3118237403280240E-003
          12           1  -9.4129488132324267E-011
          12           2   1.8862165164922076E-010
          12           3  -4.3220720948550760E-010
          12           4   7.3887343456362278E-010
          12           5  -6.9222672166250621E-009
          12           6   2.2849682155372105E-008
          12           7   1.5764465380728038E-003
          12           8   3.5005992114493859E-002
          12           9  -6.4932267407527694E-002
          12          10  -2.0350151373841087E-003
          12          11  -4.5188860725314417E-002
          12          12  0.16631718299699999     
          12          13  -2.5103107977410555E-003
          12          14  -5.5743189619971878E-002
          12          15  0.19095008242350187     
          12          16  -2.5995852515753072E-003
          12          17  -5.7725212329827934E-002
          12          18  0.18157065077941270     
          12          19  -8.5456426341016340E-005
          12          20  -1.8975821056253690E-003
          12          21   1.0351077764467027E-003
          12          22  -6.8776732076265116E-010
          12          23   1.7118090959109256E-010
          12          24  -1.0470523873279956E-009
          12          25   1.2135124631179561E-009
          12          26   8.1471262630180287E-010
          12          27   9.3372454446373492E-010
          12          28  -3.6393008780457277E-009
          12          29  -1.8526661579914337E-010
          12          30  -3.8127488075832702E-009
          12          31   6.0754205855694809E-009
          12          32   1.5110767641140896E-009
          12          33   4.7941219522864908E-009
          12          34  -6.8649249207427233E-009
          12          35   6.5796658030603472E-010
          12          36  -9.1072782814427666E-009
          12          37   4.6628421813569317E-009
          12          38   7.6070450085244525E-010
          12          39  -2.0340147618508619E-009
          12          40  -2.1314520660110090E-004
          12          41  -2.1162820746799993E-003
          12          42  -8.2589799784142659E-005
          12          43  -4.5225702753886408E-003
          12          44   2.8270228218093899E-003
          12          45   7.9051422976074534E-005
          12          46   4.3441278277537672E-003
          12          47   1.5903673406852958E-004
          12          48   3.5314948991705011E-003
          12          49   1.9962306297566967E-002
          12          50   3.6102028561004612E-004
          12          51   3.5852264736376685E-003
          12          52   1.6457728007434561E-004
          12          53   8.0682561315755276E-003
          12          54  -1.9795023574886109E-002
          12          55   3.6802267594681390E-005
          12          56  -1.9088737976387247E-002
          12          57   2.9587251529109839E-004
          12          58   6.5699190877890196E-003
          12          59  -3.6647524046163241E-002
          13           1   3.0475055698461019E-010
          13           2   1.1558010335230826E-010
          13           3  -4.9598073861197382E-009
          13           4  -5.4290346764607042E-011
          13           5  -1.0871830189808791E-008
          13           6   8.3184275542976062E-008
          13           7 -0.24166599354876883     
          13           8   8.9291656610291509E-004
          13           9   2.1328697560293354E-003
          13          10  0.32405675981850435     
          13          11  -1.0509309770679320E-003
          13          12  -2.5103107977410555E-003
          13          13  0.38513606075264495     
          13          14  -1.2973093325253093E-003
          13          15  -3.0989018380376196E-003
          13          16  0.37912100802814924     
          13          17  -1.3331044900346950E-003
          13          18  -3.1843282644030760E-003
          13          19   6.6202805171289795E-003
          13          20  -4.2584097519018059E-005
          13          21  -1.0173640670273242E-004
          13          22   2.7056642322418852E-010
          13          23   7.8007300978504610E-012
          13          24   4.6423176446107949E-010
          13          25  -2.8300227443500112E-009
          13          26  -8.3530822502354580E-009
          13          27  -1.7622385079046916E-009
          13          28   6.0645480804964164E-010
          13          29   2.7430715875397103E-010
          13          30   6.5842524370875781E-010
          13          31  -6.7563023182078267E-009
          13          32  -1.9248353446129015E-008
          13          33  -9.2911727678098189E-009
          13          34  -5.1488190298652487E-008
          13          35  -3.6165311155898065E-009
          13          36  -3.3827936408274053E-008
          13          37  -2.0423422165871616E-008
          13          38  -3.1657787595732307E-009
          13          39  -4.3213446174361740E-008
          13          40   2.0862641727303739E-002
          13          41   4.1627972639960136E-005
          13          42   1.0316694712191892E-002
          13          43  -1.0178400795149509E-004
          13          44   9.9443858683790362E-005
          13          45   2.7269051021421324E-003
          13          46  -9.9715267525440172E-005
          13          47   1.4969151135725903E-002
          13          48  -1.5121439379958516E-005
          13          49  -1.9570344701350887E-004
          13          50  -7.5165855275501459E-002
          13          51   1.4195897354776256E-004
          13          52  -3.2979715589296521E-002
          13          53   1.9013297131863921E-004
          13          54   3.3911615003928350E-004
          13          55   1.7563066096366563E-003
          13          56   2.0500957776397851E-004
          13          57  -2.9983243959766391E-002
          13          58   9.1491397431037701E-005
          13          59   4.6418468339231526E-004
          14           1   6.9358188406687070E-010
          14           2  -3.8935803554694404E-010
          14           3  -2.3118370810675981E-009
          14           4   2.0492018468028589E-009
          14           5   2.6377613173931564E-008
          14           6  -6.9297916938858812E-008
          14           7   8.9289497396099343E-004
          14           8 -0.22187886223322439     
          14           9   4.7361782327675822E-002
          14          10  -1.0509074640831784E-003
          14          11  0.30076799160938128     
          14          12  -5.5743189619971878E-002
          14          13  -1.2973093325253093E-003
          14          14  0.35638713160398544     
          14          15  -6.8812654921198563E-002
          14          16  -1.3330482731057358E-003
          14          17  0.34957907542653532     
