           1           1   2.3909579370381109     
           1           2 -0.24655756261578984     
           1           3  -1.2825084280502193     
           1           4 -0.38643063150311296     
           1           5 -0.34849324927720748     
           1           6   5.4133161826249356E-013
           1           7   3.1276934182472300E-013
           1           8  -2.8073695904828783E-013
           1           9  -4.3337212259605372E-013
           1          10  -2.4363356861509876E-013
           1          11   4.2571706034376072E-013
           1          12   3.5822086494634269E-013
           1          13   1.3808070431712272E-013
           1          14  -3.2737248197571484E-013
           1          15   3.4999661558476363E-014
           1          16   8.3756879085021991E-015
           1          17  -2.1194813518787221E-014
           1          18  0.27932545770473127     
           1          19  -7.5750175415809264E-015
           1          20  0.27932545770470418     
           1          21  -5.3439598644809597E-015
           1          22   4.3824238707493508E-016
           1          23  0.27932545770474293     
           1          24  0.39194516226777365     
           1          25  -9.3096351847222492E-016
           1          26  0.39194516226779075     
           1          27   1.6360568194729606E-015
           1          28   1.8994500970360906E-014
           1          29  0.39194516226774789     
           1          30  0.14979780980370566     
           1          31  -1.1202728311741459E-015
           1          32  0.14979780980370264     
           1          33   9.2944100197904078E-015
           1          34   1.0070748627728806E-014
           1          35  0.14979780980372437     
           1          36   1.3350374428141397E-013
           1          37   4.6112144240072282E-014
           1          38   6.7029419297511989E-014
           1          39   8.9311416870047274E-014
           1          40  -6.1694270091813339E-014
           1          41  -4.0690447429863673E-015
           1          42  -6.8441197630962786E-014
           1          43   5.6008936873710963E-014
           1          44   4.4384595577642119E-014
           1          45  -1.5266013607965643E-013
           1          46  -1.6623503739081798E-013
           1          47  -1.2666738737175873E-014
           1          48  -6.1042908914282347E-014
           1          49  -6.2461822157123983E-014
           1          50   5.1516089810201532E-014
           1          51   7.8352359067764073E-015
           1          52   6.8530922907798294E-014
           1          53  -8.2892143822311763E-014
           1          54  -3.2774004481805362E-014
           1          55   1.3740823214228903E-013
           2           1 -0.24655756261578984     
           2           2  0.34294397276645527     
           2           3   1.1153383366598806     
           2           4  0.31578624859783100     
           2           5  0.28734534905952475     
           2           6  -7.3005398474264259E-013
           2           7  -4.2668074407790772E-013
           2           8   3.4562278472249112E-013
           2           9   6.5196722486111354E-013
           2          10   3.1630773764375848E-013
           2          11  -3.3027395310636650E-013
           2          12  -4.4956437068003335E-013
           2          13  -2.0083491682299459E-013
           2          14   2.7318843684172582E-013
           2          15  -1.6304076027417683E-014
           2          16  -1.7273895884770341E-014
           2          17   1.0370440869397574E-014
           2          18 -0.18365215356235401     
           2          19  -3.3430361745428587E-016
           2          20 -0.18365215356234346     
           2          21  -2.7473657824972969E-016
           2          22  -1.0292768745475887E-014
           2          23 -0.18365215356235365     
           2          24 -0.31714601095729233     
           2          25   8.6090922973229564E-015
           2          26 -0.31714601095729111     
           2          27  -1.9273007759401536E-015
           2          28  -4.3282960269701277E-015
           2          29 -0.31714601095729500     
           2          30 -0.12354647030177393     
           2          31  -2.1811457619313456E-016
           2          32 -0.12354647030177487     
           2          33   5.3711049486778156E-016
           2          34   2.6241364318060517E-016
           2          35 -0.12354647030178303     
           2          36  -2.2504659278094725E-013
           2          37  -5.4508675767281247E-014
           2          38  -1.0295604452830745E-013
           2          39  -1.0399693304679712E-013
           2          40   5.1048001248769793E-014
           2          41  -2.2503637229042083E-015
           2          42   4.6087743188263332E-014
           2          43  -9.6404362137486322E-014
           2          44  -5.1687819056301779E-014
           2          45   1.0645716124017319E-013
           2          46   2.0066496733833123E-013
           2          47   3.8211878116436663E-014
           2          48   7.8998680654827053E-014
           2          49   8.8678885502626827E-014
           2          50  -4.9063719660473762E-014
           2          51  -6.2590470951604720E-015
           2          52  -4.8078462355844541E-014
           2          53   7.8741658242780115E-014
           2          54   4.7027074034898575E-014
           2          55  -1.1933688035444624E-013
           3           1  -1.2825084280502193     
           3           2   1.1153383366598806     
           3           3   3.7317132964268360     
           3           4   1.0616235387842459     
           3           5  0.96532926534189045     
           3           6  -2.3706926694186859E-012
           3           7  -1.3703141366743429E-012
           3           8   1.1286210279422490E-012
           3           9   2.1065760712548063E-012
           3          10   1.0164032996648172E-012
           3          11  -1.1129461843493153E-012
           3          12  -1.4649525297980789E-012
           3          13  -6.3949753249559803E-013
           3          14   9.1530870850468021E-013
           3          15  -5.7741985333032390E-014
           3          16  -5.4427190196991792E-014
           3          17   3.6596374928752500E-014
           3          18 -0.62926194569908811     
           3          19   6.0965013226779912E-016
           3          20 -0.62926194569904959     
           3          21   3.0966661071049101E-016
           3          22  -3.1963085980402811E-014
           3          23 -0.62926194569908955     
           3          24  -1.0670308904848751     
           3          25   2.6857155392165898E-014
           3          26  -1.0670308904848749     
           3          27  -6.3224322237698015E-015
           3          28  -1.7525170012544347E-014
           3          29  -1.0670308904848775     
           3          30 -0.41504255108663823     
           3          31  -4.3207901073048953E-016
           3          32 -0.41504255108664051     
           3          33  -3.5504812390741430E-016
           3          34  -1.3741104451943809E-015
           3          35 -0.41504255108667049     
           3          36  -7.2380756489331475E-013
           3          37  -1.7651015849172541E-013
           3          38  -3.3244569809173533E-013
           3          39  -3.3630833680510968E-013
           3          40   1.7115163640384735E-013
           3          41  -6.0839793594864650E-015
           3          42   1.5725885098270816E-013
           3          43  -3.0976793064460135E-013
           3          44  -1.6740128007640904E-013
           3          45   3.6209176687087565E-013
           3          46   6.5519584084072773E-013
           3          47   1.1852525248054662E-013
           3          48   2.5686781071039534E-013
           3          49   2.8245724252309270E-013
           3          50  -1.6276344474562135E-013
           3          51  -2.1080137956528782E-014
           3          52  -1.6340723839842392E-013
           3          53   2.6081598263849268E-013
           3          54   1.5018413377327264E-013
           3          55  -3.9858026599133010E-013
           4           1 -0.38643063150311296     
           4           2  0.31578624859783100     
           4           3   1.0616235387842459     
           4           4  0.30225664527000384     
           4           5  0.27480860930631912     
           4           6  -6.6752225474689909E-013
           4           7  -3.4024979116770366E-013
           4           8   3.0169695422814791E-013
           4           9   5.9278365375593475E-013
           4          10   2.4740497786776574E-013
           4          11  -3.0166160430021006E-013
           4          12  -4.1259352496165240E-013
           4          13  -1.4950195645199574E-013
           4          14   2.4854459523487411E-013
           4          15  -1.6412607435908236E-014
           4          16  -1.3129438957751543E-014
           4          17   9.6544490281794675E-015
           4          18 -0.17971439525111133     
           4          19   2.5491763104106313E-016
           4          20 -0.17971439525110020     
           4          21   1.4603587314162195E-016
           4          22  -8.9764063883498719E-015
           4          23 -0.17971439525111185     
           4          24 -0.30383541174188761     
           4          25   7.5486990140891070E-015
           4          26 -0.30383541174188772     
           4          27  -1.7927105461226293E-015
           4          28  -5.1291771774443612E-015
           4          29 -0.30383541174188805     
           4          30 -0.11815333862222747     
           4          31  -1.0888516789516571E-016
           4          32 -0.11815333862222807     
           4          33  -2.0247530371262056E-016
           4          34  -4.9709897826040701E-016
           4          35 -0.11815333862223673     
           4          36  -2.0358295042303787E-013
           4          37  -4.4238273750626317E-014
           4          38  -9.3581837547349884E-014
           4          39  -8.2380647723993253E-014
           4          40   4.6510110355701309E-014
           4          41  -1.6626682029352621E-015
           4          42   4.2685251378047158E-014
           4          43  -8.7094615533172803E-014
           4          44  -4.1662437471011465E-014
           4          45   9.8376169074812307E-014
           4          46   1.8456302142488422E-013
           4          47   2.6911257716882879E-014
           4          48   7.2246697846624093E-014
           4          49   6.5444470765193689E-014
           4          50  -4.3783840028640795E-014
           4          51  -6.0035548810460597E-015
           4          52  -4.4152768395469521E-014
           4          53   7.3596595747940517E-014
           4          54   3.6019865325846557E-014
           4          55  -1.0786955164448710E-013
           5           1 -0.34849324927720748     
           5           2  0.28734534905952475     
           5           3  0.96532926534189045     
           5           4  0.27480860930631912     
           5           5  0.24985740785380675     
           5           6  -5.7416588148070565E-013
           5           7  -4.1629345000821446E-013
           5           8   3.0845016034253076E-013
           5           9   5.1127079455442149E-013
           5          10   3.1560892730152533E-013
           5          11  -3.0304331026651862E-013
           5          12  -3.5349761244478437E-013
           5          13  -2.0635562521864734E-013
           5          14   2.4836000394913823E-013
           5          15  -1.3346142550091448E-014
           5          16  -1.6949074998180422E-014
           5          17   1.0356275485156125E-014
           5          18 -0.16332011788625686     
           5          19   2.2089439265407728E-016
           5          20 -0.16332011788624676     
           5          21   1.2503812660794228E-016
           5          22  -8.1778132241048413E-015
           5          23 -0.16332011788625733     
           5          24 -0.27623876306975964     
           5          25   6.8762793087224452E-015
           5          26 -0.27623876306975975     
           5          27  -1.6308977317112647E-015
           5          28  -4.6447386384344141E-015
           5          29 -0.27623876306976008     
           5          30 -0.10742568022943431     
           5          31  -1.0088655907385442E-016
           5          32 -0.10742568022943486     
           5          33  -1.7053461184535918E-016
           5          34  -4.3780388064896562E-016
           5          35 -0.10742568022944271     
           5          36  -1.7625873194277421E-013
           5          37  -5.3215436909028883E-014
           5          38  -8.1125587674384247E-014
           5          39  -1.0394509980139956E-013
           5          40   4.6415734241477572E-014
           5          41  -1.5209731622430047E-015
           5          42   4.2920756009143521E-014
           5          43  -7.5231562805404702E-014
           5          44  -5.0871164740858095E-014
           5          45   9.8642971661252870E-014
           5          46   1.5782255500369137E-013
           5          47   3.8999834716906506E-014
           5          48   6.1222865296519308E-014
           5          49   9.1955760484588267E-014
           5          50  -4.4431378367071378E-014
           5          51  -5.4581301979742290E-015
           5          52  -4.4741988529311634E-014
           5          53   6.2419992219150585E-014
           5          54   4.7268592803759949E-014
           5          55  -1.0839827279334427E-013
           6           1   5.4133161826249356E-013
           6           2  -7.3005398474264259E-013
           6           3  -2.3706926694186859E-012
           6           4  -6.6752225474689909E-013
           6           5  -5.7416588148070565E-013
           6           6   1.8286099514865701     
           6           7 -0.26524863067175036     
           6           8 -0.57820663154552632     
           6           9  -1.5511864418206702     
           6          10  0.22500702201429343     
           6          11  0.49048529277404340     
           6          12   1.2049949306374541     
           6          13 -0.17479028540682587     
           6          14 -0.38101950572183690     
           6          15   8.5630526686682903E-002
           6          16  -1.2421117980293968E-002
           6          17  -2.7076380259623455E-002
           6          18   3.9055078086707297E-013
           6          19  -1.7022218763467143E-015
           6          20   3.9060143418558946E-013
           6          21   9.3186110018053389E-016
           6          22   1.7088959416856393E-016
           6          23   3.8973370872488160E-013
           6          24   6.6734347540427135E-013
           6          25   1.2665632125508520E-015
           6          26   6.6712027999810127E-013
           6          27   1.1217126711644930E-016
           6          28  -1.8633385556088715E-015
           6          29   6.6858738402981293E-013
           6          30   2.4802864586061866E-013
           6          31  -6.7256532538659278E-016
           6          32   2.4848734239546081E-013
           6          33  -3.5540833522816322E-016
           6          34   1.7257542177760659E-015
           6          35   2.4852046350025932E-013
           6          36  0.49709307604740399     
           6          37  -3.2246663332156013E-002
           6          38  0.22230678183729155     
           6          39  -7.2105731258248887E-002
           6          40  -7.0293424462339715E-002
           6          41   1.3319731979784414E-015
           6          42  -7.0293424462338383E-002
           6          43  0.22230678183729088     
           6          44  -3.2246663332156998E-002
           6          45 -0.15718087546904025     
           6          46 -0.55534805878832505     
           6          47   3.6025691659812772E-002
           6          48 -0.24835920212464416     
           6          49   8.0555895487780846E-002
           6          50   7.8531202106336753E-002
           6          51  -1.8379937237499590E-015
           6          52   7.8531202106337156E-002
           6          53 -0.24835920212464618     
           6          54   3.6025691659809761E-002
           6          55  0.17560110626454536     
           7           1   3.1276934182472300E-013
           7           2  -4.2668074407790772E-013
           7           3  -1.3703141366743429E-012
           7           4  -3.4024979116770366E-013
           7           5  -4.1629345000821446E-013
           7           6 -0.26524863067175036     
           7           7   2.8406883775569898     
           7           8 -0.14235296729907954     
           7           9  0.22500702201434616     
           7          10  -2.4097196305436119     
           7          11  0.12075620208013252     
           7          12 -0.17479028540687436     
           7          13   1.8719219436023593     
           7          14  -9.3806010307034060E-002
           7          15  -1.2421117980297864E-002
           7          16  0.13302434547357977     
           7          17  -6.6661343253240669E-003
           7          18   2.2664555363022662E-013
           7          19   5.3528007507169304E-016
           7          20   2.2509837734989210E-013
           7          21  -4.1530630985944620E-016
           7          22  -2.6139037455949244E-015
           7          23   2.2523395098427329E-013
           7          24   3.8190362376958539E-013
           7          25  -1.2082969356534842E-015
           7          26   3.8456624371122626E-013
           7          27  -4.6641972609795231E-015
           7          28  -2.1609437241868407E-015
           7          29   3.8186014176136757E-013
           7          30   1.6769301043084409E-013
           7          31   4.3313460594049326E-015
           7          32   1.7299014889034644E-013
           7          33   4.1110795606509513E-015
           7          34   1.0305752815158388E-015
           7          35   1.6972850628533074E-013
           7          36  -7.2105731258272632E-002
           7          37  0.34534663387564901     
           7          38  -3.2246663332163111E-002
           7          39  0.77221854914669752     
           7          40  -1.7306058090493237E-002
           7          41   2.7719531614043813E-015
           7          42  -1.7306058090501602E-002
           7          43  -3.2246663332157241E-002
           7          44  0.34534663387565356     
           7          45  -3.8697522312907892E-002
           7          46   8.0555895487803161E-002
           7          47 -0.38581825411228349     
           7          48   3.6025691659822348E-002
           7          49 -0.86271584315536554     
           7          50   1.9334177499004845E-002
           7          51   2.3922819958225176E-015
           7          52   1.9334177499013040E-002
           7          53   3.6025691659825075E-002
           7          54 -0.38581825411229154     
           7          55   4.3232535176831031E-002
           8           1  -2.8073695904828783E-013
           8           2   3.4562278472249112E-013
           8           3   1.1286210279422490E-012
           8           4   3.0169695422814791E-013
           8           5   3.0845016034253076E-013
           8           6 -0.57820663154552632     
           8           7 -0.14235296729907954     
           8           8   2.5956814205599108     
           8           9  0.49048529277395758     
           8          10  0.12075620208002549     
           8          11  -2.2018833615040716     
           8          12 -0.38101950572178028     
           8          13  -9.3806010306979951E-002
           8          14   1.7104702677475001     
           8          15  -2.7076380259621887E-002
           8          16  -6.6661343253239733E-003
           8          17  0.12155110879316539     
           8          18  -1.8557668580013658E-013
           8          19  -5.7474179509829524E-016
           8          20  -1.8705176180527305E-013
           8          21  -1.3384035222322292E-015
           8          22   5.1785032620319478E-016
           8          23  -1.8662590525017941E-013
           8          24  -3.1744282702915626E-013
           8          25  -3.2530441515281111E-016
           8          26  -3.1745585962517687E-013
           8          27  -8.2565418372804033E-016
           8          28   2.8831503035852745E-016
           8          29  -3.1843480228252663E-013
           8          30  -1.2944402338281586E-013
           8          31   8.7743910629774046E-017
           8          32  -1.2963544133844362E-013
           8          33  -3.3764984842033434E-017
           8          34  -7.6718765559891945E-016
           8          35  -1.2865491827795773E-013
           8          36 -0.15718087546900281     
           8          37  -1.7306058090471987E-002
           8          38  -7.0293424462323048E-002
           8          39  -3.8697522312859653E-002
           8          40  0.31556078036792046     
           8          41  -9.5542097993656579E-016
           8          42  0.31556078036792334     
           8          43  -7.0293424462324436E-002
           8          44  -1.7306058090471633E-002
           8          45  0.70561535593556135     
           8          46  0.17560110626452202     
           8          47   1.9334177498997931E-002
           8          48   7.8531202106325734E-002
           8          49   4.3232535176809042E-002
           8          50 -0.35254175777400887     
           8          51   8.3138815912553824E-016
           8          52 -0.35254175777401209     
           8          53   7.8531202106328163E-002
           8          54   1.9334177498997223E-002
           8          55 -0.78830733528994434     
           9           1  -4.3337212259605372E-013
           9           2   6.5196722486111354E-013
           9           3   2.1065760712548063E-012
           9           4   5.9278365375593475E-013
           9           5   5.1127079455442149E-013
           9           6  -1.5511864418206702     
           9           7  0.22500702201434616     
           9           8  0.49048529277395758     
           9           9   1.3158516256198685     
           9          10 -0.19087057990661524     
           9          11 -0.41607240267124923     
           9          12  -1.0221817929777277     
           9          13  0.14827236429769877     
           9          14  0.32321397510960392     
           9          15  -7.2639280943627274E-002
           9          16   1.0536675570225492E-002
           9          17   2.2968547184251276E-002
           9          18  -3.4551384689400507E-013
           9          19   1.4439730536370644E-015
           9          20  -3.4555681545646485E-013
           9          21  -7.9048585680360879E-016
           9          22  -1.4496345779444895E-016
           9          23  -3.4482073504260832E-013
           9          24  -5.9266045591943500E-013
           9          25  -1.0744093793315054E-015
           9          26  -5.9247112211008584E-013
           9          27  -9.5153451709173399E-017
           9          28   1.5806462726685335E-015
           9          29  -5.9371564770226263E-013
           9          30  -2.2081108375881589E-013
           9          31   5.7052856631923545E-016
           9          32  -2.2120019016457424E-013
           9          33   3.0148834663657394E-016
           9          34  -1.4639352379944351E-015
           9          35  -2.2122828637429956E-013
           9          36 -0.42167770073700572     
           9          37   2.7354432209102404E-002
           9          38 -0.18858000068874994     
           9          39   6.1166369905461170E-002
           9          40   5.9629013222031950E-002
           9          41  -1.1298958336595242E-015
           9          42   5.9629013222030812E-002
           9          43 -0.18858000068874933     
           9          44   2.7354432209103233E-002
           9          45  0.13333452699569895     
           9          46  0.47109465776644333     
           9          47  -3.0560133622001211E-002
           9          48  0.21067993572054936     
           9          49  -6.8334536180264999E-002
           9          50  -6.6617014671829428E-002
           9          51   1.5591465758533727E-015
           9          52  -6.6617014671829747E-002
           9          53  0.21067993572055105     
           9          54  -3.0560133621998657E-002
           9          55 -0.14896017326431282     
          10           1  -2.4363356861509876E-013
          10           2   3.1630773764375848E-013
          10           3   1.0164032996648172E-012
          10           4   2.4740497786776574E-013
          10           5   3.1560892730152533E-013
          10           6  0.22500702201429343     
          10           7  -2.4097196305436119     
          10           8  0.12075620208002549     
          10           9 -0.19087057990661524     
          10          10   2.0441343526814730     
          10          11 -0.10243594227416686     
          10          12  0.14827236429770513     
          10          13  -1.5879274509593624     
          10          14   7.9574439169631583E-002
          10          15   1.0536675570226323E-002
          10          16 -0.11284285145827108     
          10          17   5.6547965170981873E-003
          10          18  -1.6855991793675791E-013
          10          19  -4.5407124376252146E-016
          10          20  -1.6724746807985524E-013
          10          21   3.5229903267949633E-016
          10          22   2.2173411268477580E-015
          10          23  -1.6736247346049828E-013
          10          24  -2.8258123663682754E-013
          10          25   1.0249828416134559E-015
          10          26  -2.8483990308991012E-013
          10          27   3.9565789015466623E-015
          10          28   1.8331009320890512E-015
          10          29  -2.8254435140520292E-013
          10          30  -1.2611639021192512E-013
          10          31  -3.6742254829802484E-015
          10          32  -1.3060988503959347E-013
          10          33  -3.4873762283447791E-015
          10          34  -8.7422383470217990E-016
          10          35  -1.2784307532008249E-013
          10          36   6.1166369905466977E-002
          10          37 -0.29295313402450590     
          10          38   2.7354432209102022E-002
          10          39 -0.65506312190041416     
          10          40   1.4680507808408528E-002
          10          41  -2.3514124255075780E-015
          10          42   1.4680507808415622E-002
          10          43   2.7354432209097040E-002
          10          44 -0.29295313402450973     
          10          45   3.2826613403822001E-002
          10          46  -6.8334536180267913E-002
          10          47  0.32728469201398047     
          10          48  -3.0560133622002165E-002
          10          49  0.73183081933835292     
          10          50  -1.6400935571758941E-002
          10          51  -2.0293422300988620E-015
          10          52  -1.6400935571765887E-002
          10          53  -3.0560133622004482E-002
          10          54  0.32728469201398735     
          10          55  -3.6673606833055282E-002
          11           1   4.2571706034376072E-013
          11           2  -3.3027395310636650E-013
          11           3  -1.1129461843493153E-012
          11           4  -3.0166160430021006E-013
          11           5  -3.0304331026651862E-013
          11           6  0.49048529277404340     
          11           7  0.12075620208013252     
          11           8  -2.2018833615040716     
          11           9 -0.41607240267124923     
          11          10 -0.10243594227416686     
          11          11   1.8678295029837111     
          11          12  0.32321397510961253     
          11          13   7.9574439169656203E-002
          11          14  -1.4509700586014986     
          11          15   2.2968547184253965E-002
          11          16   5.6547965171031200E-003
          11          17 -0.10311025147543323     
          11          18   1.8798894039825516E-013
          11          19   4.8754611631557713E-016
          11          20   1.8924022851355723E-013
          11          21   1.1353505955075650E-015
          11          22  -4.3928581064810224E-016
          11          23   1.8887897984274113E-013
          11          24   3.1549545309124586E-013
          11          25   2.7595157613480219E-016
          11          26   3.1550650847582084E-013
          11          27   7.0039188750484872E-016
          11          28  -2.4457395394735537E-016
          11          29   3.1633693301559822E-013
          11          30   1.2759835440662946E-013
          11          31  -7.4432037521463487E-017
          11          32   1.2776073181097941E-013
          11          33   2.8642404933901585E-017
          11          34   6.5079547922803449E-016
          11          35   1.2692896663542710E-013
          11          36  0.13333452699569057     
          11          37   1.4680507808403515E-002
          11          38   5.9629013222028279E-002
          11          39   3.2826613403810156E-002
          11          40 -0.26768617532635591     
          11          41   8.1047140157141120E-016
          11          42 -0.26768617532635836     
          11          43   5.9629013222029459E-002
          11          44   1.4680507808403213E-002
          11          45 -0.59856448466666712     
          11          46 -0.14896017326431918     
          11          47  -1.6400935571767600E-002
          11          48  -6.6617014671831745E-002
          11          49  -3.6673606833069125E-002
          11          50  0.29905666563292804     
          11          51  -7.0525594552071524E-016
          11          52  0.29905666563293076     
          11          53  -6.6617014671833785E-002
          11          54  -1.6400935571767000E-002
          11          55  0.66871103347964844     
          12           1   3.5822086494634269E-013
          12           2  -4.4956437068003335E-013
          12           3  -1.4649525297980789E-012
          12           4  -4.1259352496165240E-013
          12           5  -3.5349761244478437E-013
          12           6   1.2049949306374541     
          12           7 -0.17479028540687436     
          12           8 -0.38101950572178028     
          12           9  -1.0221817929777277     
          12          10  0.14827236429770513     
          12          11  0.32321397510961253     
          12          12  0.79405276214402520     
          12          13 -0.11518115586585739     
          12          14 -0.25107955498960854     
          12          15   5.6427752939539839E-002
          12          16  -8.1851157962613726E-003
          12          17  -1.7842460567566831E-002
          12          18   2.4208965896494898E-013
          12          19  -1.1217092689180001E-015
          12          20   2.4212303786676677E-013
          12          21   6.1406638461242800E-016
          12          22   1.1261072625286769E-016
          12          23   2.4155123479827244E-013
          12          24   4.1240026468006307E-013
          12          25   8.3462427250631755E-016
          12          26   4.1225318611212816E-013
          12          27   7.3917244149663982E-017
          12          28  -1.2278799597174361E-015
          12          29   4.1321996031101727E-013
          12          30   1.5275403590314847E-013
          12          31  -4.4319883907166759E-016
          12          32   1.5305630211291929E-013
          12          33  -2.3420262036094041E-016
          12          34   1.1372163222976945E-015
          12          35   1.5307812785183428E-013
          12          36  0.32756829098799722     
          12          37  -2.1249510216028528E-002
          12          38  0.14649299318451742     
          12          39  -4.7515349331614838E-002
          12          40  -4.6321097654209699E-002
          12          41   8.7772734147239848E-016
          12          42  -4.6321097654208818E-002
          12          43  0.14649299318451695     
          12          44  -2.1249510216029176E-002
          12          45 -0.10357712314722026     
          12          46 -0.36595644414778694     
          12          47   2.3739767897204708E-002
          12          48 -0.16366069718370829     
          12          49   5.3083734788211857E-002
          12          50   5.1749527206758926E-002
          12          51  -1.2111785336521889E-015
          12          52   5.1749527206759190E-002
          12          53 -0.16366069718370962     
          12          54   2.3739767897202724E-002
          12          55  0.11571546063778894     
          13           1   1.3808070431712272E-013
          13           2  -2.0083491682299459E-013
          13           3  -6.3949753249559803E-013
          13           4  -1.4950195645199574E-013
          13           5  -2.0635562521864734E-013
          13           6 -0.17479028540682587     
          13           7   1.8719219436023593     
          13           8  -9.3806010306979951E-002
          13           9  0.14827236429769877     
          13          10  -1.5879274509593624     
          13          11   7.9574439169656203E-002
          13          12 -0.11518115586585739     
          13          13   1.2335361353340617     
          13          14  -6.1815132741354535E-002
          13          15  -8.1851157962616640E-003
          13          16   8.7658749651197715E-002
          13          17  -4.3927673380722409E-003
          13          18   1.0564873663777095E-013
          13          19   3.5273229067157893E-016
          13          20   1.0462919741176735E-013
          13          21  -2.7367345214090893E-016
          13          22  -1.7224781917326402E-015
          13          23   1.0471853606051529E-013
          13          24   1.7661092069287456E-013
          13          25  -7.9622867685925203E-016
          13          26   1.7836550128524407E-013
          13          27  -3.0735554350483101E-015
          13          28  -1.4239921591388835E-015
          13          29   1.7658226745305440E-013
          13          30   8.1280932634212656E-014
          13          31   2.8542172376219849E-015
          13          32   8.4771575887792445E-014
          13          33   2.7090687251292847E-015
          13          34   6.7911584362614651E-016
          13          35   8.2622258696663705E-014
          13          36  -4.7515349331617308E-002
          13          37  0.22757228396062179     
          13          38  -2.1249510216027320E-002
          13          39  0.50886709673084507     
          13          40  -1.1404133643377164E-002
          13          41   1.8266276549248755E-015
          13          42  -1.1404133643382676E-002
          13          43  -2.1249510216023455E-002
          13          44  0.22757228396062479     
          13          45  -2.5500418051086850E-002
          13          46   5.3083734788211857E-002
          13          47 -0.25424177527569919     
          13          48   2.3739767897204438E-002
          13          49 -0.56850189223669656     
          13          50   1.2740598866043840E-002
          13          51   1.5764366125622548E-015
          13          52   1.2740598866049233E-002
          13          53   2.3739767897206228E-002
          13          54 -0.25424177527570452     
          13          55   2.8488845138536896E-002
          14           1  -3.2737248197571484E-013
          14           2   2.7318843684172582E-013
          14           3   9.1530870850468021E-013
          14           4   2.4854459523487411E-013
          14           5   2.4836000394913823E-013
          14           6 -0.38101950572183690     
          14           7  -9.3806010307034060E-002
          14           8   1.7104702677475001     
          14           9  0.32321397510960392     
          14          10   7.9574439169631583E-002
          14          11  -1.4509700586014986     
          14          12 -0.25107955498960854     
          14          13  -6.1815132741354535E-002
          14          14   1.1271446925937099     
          14          15  -1.7842460567568445E-002
          14          16  -4.3927673380747129E-003
          14          17   8.0098257034025094E-002
          14          18  -1.5391950979085186E-013
          14          19  -3.7873629034740339E-016
          14          20  -1.5489153726289162E-013
          14          21  -8.8196471758553330E-016
          14          22   3.4124664879725458E-016
          14          23  -1.5461091153970549E-013
          14          24  -2.5932561378412334E-013
          14          25  -2.1436510878270468E-016
          14          26  -2.5933420184421035E-013
          14          27  -5.4407945502187280E-016
          14          28   1.8999029821741861E-016
          14          29  -2.5997929345520661E-013
          14          30  -1.0468913852885157E-013
          14          31   5.7820404738140627E-017
          14          32  -1.0481527678265306E-013
          14          33  -2.2250035080194969E-017
          14          34  -5.0555190028024042E-016
          14          35  -1.0416914373700549E-013
          14          36 -0.10357712314721100     
          14          37  -1.1404133643369740E-002
          14          38  -4.6321097654205619E-002
          14          39  -2.5500418051069760E-002
          14          40  0.20794436798414834     
          14          41  -6.2959158486073050E-016
          14          42  0.20794436798415022     
          14          43  -4.6321097654206535E-002
          14          44  -1.1404133643369507E-002
          14          45  0.46497774235079314     
          14          46  0.11571546063779073     
          14          47   1.2740598866046627E-002
          14          48   5.1749527206759370E-002
          14          49   2.8488845138538846E-002
          14          50 -0.23231363835158492     
          14          51   5.4785795971532255E-016
          14          52 -0.23231363835158703     
          14          53   5.1749527206760973E-002
          14          54   1.2740598866046159E-002
          14          55 -0.51946908745444309     
          15           1   3.4999661558476363E-014
          15           2  -1.6304076027417683E-014
          15           3  -5.7741985333032390E-014
          15           4  -1.6412607435908236E-014
          15           5  -1.3346142550091448E-014
          15           6   8.5630526686682903E-002
          15           7  -1.2421117980297864E-002
          15           8  -2.7076380259621887E-002
          15           9  -7.2639280943627274E-002
          15          10   1.0536675570226323E-002
          15          11   2.2968547184253965E-002
          15          12   5.6427752939539839E-002
          15          13  -8.1851157962616640E-003
          15          14  -1.7842460567568445E-002
