           1           1   2.5558623974685135     
           1           2   1.8562383542704524     
           1           3   14.073664457194432     
           1           4  -20.507390262903485     
           1           5  -1.3743015568581127     
           1           6  -10.270682950407730     
           1           7  -3.3803697554601881     
           1           8   1.4850770606166079E-013
           1           9   1.4439775377888179E-013
           1          10  -1.4301843728529694E-013
           1          11  -3.5711468596438075E-013
           1          12  -1.0834872549113809E-013
           1          13   2.4542227111665582E-014
           1          14  -1.3649317404108746E-013
           1          15  -1.4616918814661088E-014
           1          16   3.7683397448407115E-014
           1          17   2.3479010449197628E-012
           1          18   7.7878394545276916E-013
           1          19   6.3476913847028118E-014
           1          20  -2.5344252315773975E-012
           1          21  -8.1533746158903190E-013
           1          22  -1.9769401860318306E-014
           1          23  -9.4467305689667036E-014
           1          24  -1.7364968352345237E-014
           1          25  -6.8752156658654914E-015
           1          26   4.3884061230274298     
           1          27  -1.1537895604699084E-013
           1          28   4.3884061230273934     
           1          29   4.8152777130468058E-014
           1          30   4.8118020163643721E-014
           1          31   4.3884061230274405     
           1          32   2.3408249978112754     
           1          33   3.0804991517232615E-014
           1          34   2.3408249978112399     
           1          35   1.4108456440249841E-014
           1          36  -1.8059006114094900E-014
           1          37   2.3408249978112727     
           1          38   3.2596550183678916     
           1          39   6.0673097929837335E-015
           1          40   3.2596550183679320     
           1          41  -1.1525168985376951E-014
           1          42  -1.1471169188828766E-014
           1          43   3.2596550183679067     
           1          44  0.98054323174137781     
           1          45   1.0710111860964100E-015
           1          46  0.98054323174136049     
           1          47  -2.2663963340342223E-016
           1          48   1.6133736492064964E-014
           1          49  0.98054323174135760     
           1          50  -7.3745531554292281E-013
           1          51  -1.3492625634238636E-013
           1          52  -3.2844362548282915E-013
           1          53  -2.5740172262836452E-013
           1          54  -2.2641275561902981E-014
           1          55  -7.7647626231817702E-015
           1          56  -2.0067611567275911E-014
           1          57  -3.5475752542476838E-013
           1          58  -1.2789010741967305E-013
           1          59  -5.0657198126563451E-014
           1          60   1.1636407293326326E-012
           1          61   1.6759918173650054E-013
           1          62   5.2424321431518548E-013
           1          63   3.7805205548739962E-013
           1          64   7.7994100357808479E-015
           1          65   3.5728133483191890E-015
           1          66  -3.1598274693769872E-015
           1          67   5.1873280702460876E-013
           1          68   1.5271430065545210E-013
           1          69   1.3816984619636528E-014
           2           1   1.8562383542704524     
           2           2   13.941673817553763     
           2           3   50.232893111679921     
           2           4  -63.163478574818228     
           2           5   4.5313779226901332     
           2           6  -33.616710690464132     
           2           7  -11.551444510388453     
           2           8   6.4686415787951659E-012
           2           9   5.6017005617491762E-012
           2          10  -5.6143013692375347E-012
           2          11  -2.0312038530751064E-012
           2          12  -9.8571155069745859E-013
           2          13   5.3715949469600535E-013
           2          14   2.2156059992156288E-013
           2          15   6.3843824609022911E-014
           2          16  -1.0829499507118917E-013
           2          17   1.1589717263038391E-011
           2          18   3.9987845741919619E-012
           2          19  -1.4372170973152150E-012
           2          20  -1.1757939302509472E-011
           2          21  -3.9782379698783645E-012
           2          22   1.4104375217963226E-012
           2          23  -3.9526541053663372E-013
           2          24  -8.6092130931694633E-014
           2          25   2.1690633949167886E-014
           2          26   7.3504626010715688     
           2          27  -1.4172799929534024E-012
           2          28   7.3504626010715066     
           2          29   6.4017312353228612E-013
           2          30   7.8029138877383067E-013
           2          31   7.3504626010716914     
           2          32   5.4708315103662937     
           2          33   4.1527141633469756E-013
           2          34   5.4708315103661329     
           2          35  -9.6274629940368164E-014
           2          36  -2.6478061413375891E-013
           2          37   5.4708315103662457     
           2          38   10.720751936278527     
           2          39  -1.3229013845214432E-013
           2          40   10.720751936278678     
           2          41   2.3687731782682234E-014
           2          42   7.1669527507675035E-014
           2          43   10.720751936278587     
           2          44   3.3469744345321519     
           2          45   4.1869446608087485E-014
           2          46   3.3469744345320933     
           2          47  -1.0163841817383901E-014
           2          48   3.1434370247081845E-014
           2          49   3.3469744345320684     
           2          50  -4.1033841749593036E-012
           2          51  -7.0784935942915407E-013
           2          52  -1.8220208945986238E-012
           2          53  -1.4306969288178763E-012
           2          54   2.4201841578113454E-013
           2          55  -2.8398185516664538E-014
           2          56   2.5173062125462089E-013
           2          57  -1.9079576755197232E-012
           2          58  -6.8991269455286297E-013
           2          59   5.2906200481590441E-013
           2          60   5.3254749971727803E-012
           2          61   7.9961767634401507E-013
           2          62   2.3985609584694360E-012
           2          63   1.8087222487987757E-012
           2          64  -2.6971873096561119E-013
           2          65   8.4873182562572940E-015
           2          66  -3.0108195538985619E-013
           2          67   2.3743678274795782E-012
           2          68   7.5981557717600054E-013
           2          69  -6.1127843333014992E-013
           3           1   14.073664457194432     
           3           2   50.232893111679921     
           3           3   359.42791973908658     
           3           4  -512.33324909397231     
           3           5  -27.226479461450609     
           3           6  -257.36901184868128     
           3           7  -86.580032151541090     
           3           8   2.3871495915178688E-012
           3           9   2.3291847899656698E-012
           3          10  -2.3085527988405807E-012
           3          11  -9.1029737280634194E-012
           3          12  -2.7231605436670505E-012
           3          13   3.6475579721703141E-013
           3          14  -3.4895705818696841E-012
           3          15  -4.2219039678867440E-013
           3          16   9.6777399953786586E-013
           3          17   5.8520577071789854E-011
           3          18   1.8470515294205993E-011
           3          19   2.4760665501247431E-012
           3          20  -6.3227626765145386E-011
           3          21  -1.9661144416772439E-011
           3          22  -1.4573742505230709E-012
           3          23  -2.4028760905953156E-012
           3          24  -4.9127281308755440E-013
           3          25  -1.3844164269159883E-013
           3          26   105.06008148385159     
           3          27  -3.0814760421840322E-012
           3          28   105.06008148385054     
           3          29   1.3346826708573810E-012
           3          30   1.3391743126098154E-012
           3          31   105.06008148385190     
           3          32   56.944753365858340     
           3          33   8.1429620232821030E-013
           3          34   56.944753365857494     
           3          35   3.8719424056096470E-013
           3          36  -4.7637930717094650E-013
           3          37   56.944753365858233     
           3          38   81.997515195154591     
           3          39   6.3472938677743329E-014
           3          40   81.997515195155529     
           3          41  -3.6781845656551812E-013
           3          42  -2.9108433088412231E-013
           3          43   81.997515195154932     
           3          44   25.088281375939260     
           3          45   3.8433496336409615E-014
           3          46   25.088281375938838     
           3          47   1.4907902322720045E-014
           3          48   4.3602896032825903E-013
           3          49   25.088281375938781     
           3          50  -1.8364889094710791E-011
           3          51  -3.1315557331436032E-012
           3          52  -8.1879387196862479E-012
           3          53  -6.0592183641117279E-012
           3          54  -6.3533914187897350E-013
           3          55  -1.8271389114701939E-013
           3          56  -6.2209337672908461E-013
           3          57  -8.7417050918735005E-012
           3          58  -2.9842906052712476E-012
           3          59  -1.6089541444714761E-012
           3          60   2.9025111347291791E-011
           3          61   4.0614300241624312E-012
           3          62   1.3085045655037008E-011
           3          63   9.1132494378378341E-012
           3          64   3.7014909203518429E-013
           3          65   7.2121459287704863E-014
           3          66   1.5955524071061063E-013
           3          67   1.2938754249416785E-011
           3          68   3.7541087752555359E-012
           3          69   6.8590945433760441E-013
           4           1  -20.507390262903485     
           4           2  -63.163478574818228     
           4           3  -512.33324909397231     
           4           4   740.66338327563176     
           4           5   49.215386012237765     
           4           6   369.74335631762699     
           4           7   124.13346883360995     
           4           8   4.4117068713181203E-012
           4           9   3.2517769278261833E-012
           4          10  -3.2704831737569429E-012
           4          11   1.1576446319853772E-011
           4          12   2.7482960436946321E-012
           4          13   5.2986818214889562E-014
           4          14   6.3508168570135053E-012
           4          15   3.6965855658052362E-013
           4          16  -1.6114134224205577E-012
           4          17  -7.7306677265688374E-011
           4          18  -2.5563689153133359E-011
           4          19  -5.5251138559638982E-012
           4          20   8.4893584007057277E-011
           4          21   2.7313923001185437E-011
           4          22   3.9021017454255029E-012
           4          23   3.3161984783875299E-012
           4          24   6.9550929089632718E-013
           4          25   2.4483308216939614E-013
           4          26  -158.90959743385730     
           4          27   1.3882028699321424E-012
           4          28  -158.90959743385548     
           4          29  -5.1562378421473360E-013
           4          30  -7.8435392882347298E-014
           4          31  -158.90959743385747     
           4          32  -84.266715370183704     
           4          33  -2.6174458389563629E-013
           4          34  -84.266715370182624     
           4          35  -9.8090099109845231E-013
           4          36   1.0921698749465131E-013
           4          37  -84.266715370183647     
           4          38  -117.79655863169482     
           4          39  -5.3848131084883258E-013
           4          40  -117.79655863169612     
           4          41   7.4361340422325265E-013
           4          42   7.2415670147580889E-013
           4          43  -117.79655863169528     
           4          44  -35.969688929543310     
           4          45   7.9688426371806406E-014
           4          46  -35.969688929542713     
           4          47  -7.6964361996091457E-014
           4          48  -7.1316442657228364E-013
           4          49  -35.969688929542656     
           4          50   2.3405337632248996E-011
           4          51   4.3506943052093880E-012
           4          52   1.0444178021840938E-011
           4          53   8.4110722651187744E-012
           4          54   1.2688952257097562E-012
           4          55   2.5708056344507695E-013
           4          56   1.2601084509362585E-012
           4          57   1.1222715709955388E-011
           4          58   4.1372805492901670E-012
           4          59   3.1236874370645558E-012
           4          60  -3.9093956502297608E-011
           4          61  -5.6607948941450150E-012
           4          62  -1.7629499274968293E-011
           4          63  -1.2680675199502379E-011
           4          64  -8.9250939304059776E-013
           4          65  -1.0516376029522763E-013
           4          66  -5.9395482427730291E-013
           4          67  -1.7426428988998276E-011
           4          68  -5.2187398506542574E-012
           4          69  -1.7770033863896669E-012
           5           1  -1.3743015568581127     
           5           2   4.5313779226901332     
           5           3  -27.226479461450609     
           5           4   49.215386012237765     
           5           5   13.314809239132710     
           5           6   22.305997197093209     
           5           7   7.5239537152737865     
           5           8   7.9817940451421666E-012
           5           9   6.7922483173552724E-012
           5          10  -6.6912522538121263E-012
           5          11  -9.7803565072596211E-013
           5          12  -9.7763655160616492E-013
           5          13   6.4087739473710536E-013
           5          14   1.7627391358086896E-012
           5          15  -8.4342091350986512E-014
           5          16  -2.4116521030580673E-013
           5          17   2.7371680378174922E-012
           5          18  -1.8505496217997030E-013
           5          19  -2.1644330508195878E-012
           5          20  -1.4354793190318631E-012
           5          21   4.1436340044090929E-013
           5          22   1.9579003359098856E-012
           5          23   5.0237448786577981E-014
           5          24   3.1061493954421281E-014
           5          25   5.8987386486455949E-014
           5          26  -17.866331322631400     
           5          27  -2.8336113005718375E-012
           5          28  -17.866331322631648     
           5          29   1.2644936936866235E-012
           5          30   1.5495983423496024E-012
           5          31  -17.866331322631275     
           5          32  -7.6095183340462542     
           5          33   8.5738982032689306E-013
           5          34  -7.6095183340461459     
           5          35  -4.5277074713144439E-013
           5          36  -4.8891069363745556E-013
           5          37  -7.6095183340463119     
           5          38  -7.1566513353258117     
           5          39  -4.5612735243125980E-013
           5          40  -7.1566513353258978     
           5          41   2.4495354674708045E-013
           5          42   3.1370352480536863E-013
           5          43  -7.1566513353257992     
           5          44  -2.1753424660760960     
           5          45   1.3191019870170361E-013
           5          46  -2.1753424660760530     
           5          47  -5.1385354895422470E-014
           5          48  -1.1654566677329508E-013
           5          49  -2.1753424660761045     
           5          50  -1.8077766162311252E-012
           5          51   2.3673775007868310E-014
           5          52  -7.9231688012358985E-013
           5          53   2.4590878236841898E-014
           5          54   3.9338884355293961E-013
           5          55   1.0594703440001299E-014
           5          56   4.0639509371174286E-013
           5          57  -7.6656200590466024E-013
           5          58   8.7555942265158711E-015
           5          59   9.2046092368081457E-013
           5          60   5.1927482695637871E-013
           5          61  -1.1349477146093892E-013
           5          62   2.2779395323299629E-013
           5          63  -2.2116379298686253E-013
           5          64  -4.0136183700616729E-013
           5          65  -9.1562291090276590E-015
           5          66  -3.8582815617472144E-013
           5          67   2.2954367967278630E-013
           5          68  -8.7737622662863384E-014
           5          69  -8.5749804116703626E-013
           6           1  -10.270682950407730     
           6           2  -33.616710690464132     
           6           3  -257.36901184868128     
           6           4   369.74335631762699     
           6           5   22.305997197093209     
           6           6   185.10247280686173     
           6           7   62.171457006657896     
           6           8   2.2213349819970011E-012
           6           9   1.8515306537514780E-012
           6          10  -1.2980464694761869E-012
           6          11   4.0757638483760088E-012
           6          12   8.8080179717650629E-013
           6          13   2.6089368667052381E-013
           6          14   4.1259101145162384E-012
           6          15   9.4182158143594683E-013
           6          16  -2.1743077261186798E-013
           6          17  -3.5200848839565836E-011
           6          18  -1.0263827922875103E-011
           6          19  -9.8622710084851613E-013
           6          20   3.9544493113866002E-011
           6          21   1.1533140219917764E-011
           6          22   4.5661450444295144E-013
           6          23   1.5961881181555445E-012
           6          24   2.9836113074906802E-013
           6          25   9.0912989512636424E-014
           6          26  -77.700378984374169     
           6          27   1.0329294035659209E-012
           6          28  -77.700378984374069     
           6          29   1.0392547830900998E-013
           6          30  -5.1688338332003336E-013
           6          31  -77.700378984372804     
           6          32  -41.617481093556066     
           6          33  -2.3355804432253707E-013
           6          34  -41.617481093555270     
           6          35  -5.9512804341130548E-013
           6          36   2.0324257551148943E-013
           6          37  -41.617481093556464     
           6          38  -58.966968948740551     
           6          39  -2.2271282073023679E-013
           6          40  -58.966968948741339     
           6          41   4.2773728640736873E-013
           6          42   2.8311261254489887E-013
           6          43  -58.966968948740558     
           6          44  -18.015751745701820     
           6          45   2.7171077864109032E-014
           6          46  -18.015751745701483     
           6          47  -6.0469045153733776E-014
           6          48  -3.3421646264067386E-013
           6          49  -18.015751745701557     
           6          50   1.0087910749499633E-011
           6          51   1.6453514067974838E-012
           6          52   4.4964921359211412E-012
           6          53   3.0094737657271012E-012
           6          54   2.5337408584808073E-013
           6          55   1.2990612206424355E-013
           6          56   2.4624623361893307E-013
           6          57   4.8906785924383247E-012
           6          58   1.5389220708717365E-012
           6          59   7.0531890740206957E-013
           6          60  -1.8275445913269972E-011
           6          61  -2.4118059374365023E-012
           6          62  -8.2471600377098710E-012
           6          63  -5.4107183669778466E-012
           6          64  -1.5359816559883615E-013
           6          65  -5.2187327879515991E-014
           6          66  -3.2967159126322478E-015
           6          67  -8.1435458741523301E-012
           6          68  -2.1904121170824547E-012
           6          69  -2.3862273030441120E-013
           7           1  -3.3803697554601881     
           7           2  -11.551444510388453     
           7           3  -86.580032151541090     
           7           4   124.13346883360995     
           7           5   7.5239537152737865     
           7           6   62.171457006657896     
           7           7   20.977707032378337     
           7           8  -2.7098270675084497E-012
           7           9  -2.7787471234788419E-012
           7          10   1.8452644889232538E-012
           7          11   4.7860395195598894E-012
           7          12   1.4930801516344823E-012
           7          13  -5.5201851553540626E-013
           7          14  -5.7059066127031774E-013
           7          15  -1.1881764328708613E-012
           7          16  -1.0306304742899918E-012
           7          17  -1.9814799732783671E-011
           7          18  -9.1002657180872697E-012
           7          19  -2.6845733659922863E-012
           7          20   2.0111768958980684E-011
           7          21   8.6862896584157549E-012
           7          22   2.0720195685178606E-012
           7          23   6.8704052521273786E-013
           7          24   2.0657086389113537E-013
           7          25   6.7965117306180433E-014
           7          26  -26.159106894148405     
           7          27   7.2189739086880300E-013
           7          28  -26.159106894146888     
           7          29  -1.2298528664413449E-012
           7          30   1.1395229295245072E-013
           7          31  -26.159106894151034     
           7          32  -13.988721761515658     
           7          33  -1.8877364991577374E-013
           7          34  -13.988721761515835     
           7          35   1.7298848561864054E-013
           7          36  -1.8432079447221701E-014
           7          37  -13.988721761514885     
           7          38  -19.823357395500373     
           7          39  -1.5598888844099227E-014
           7          40  -19.823357395500398     
           7          41  -5.0263162135121281E-014
           7          42   1.4208593725171645E-013
           7          43  -19.823357395500842     
           7          44  -6.0773620475721586     
           7          45  -1.0205616852028935E-014
           7          46  -6.0773620475721222     
           7          47   4.4345607523672416E-014
           7          48  -1.2721876558934014E-013
           7          49  -6.0773620475719206     
           7          50   7.0404038762511951E-012
           7          51   1.7231939772554464E-012
           7          52   3.1449668654950997E-012
           7          53   3.6326181709354308E-012
           7          54   6.1661498716857885E-013
           7          55   4.3816655296003898E-014
           7          56   6.1527901778620031E-013
           7          57   3.2760207633867324E-012
           7          58   1.6874016213429763E-012
           7          59   1.4279319628101441E-012
           7          60  -9.1332858166562366E-012
           7          61  -1.7543135808433845E-012
           7          62  -4.1093739151220423E-012
           7          63  -3.9250784726038310E-012
           7          64  -4.2525717412522680E-013
           7          65  -1.7930664235201314E-014
           7          66  -3.7428031631195984E-013
           7          67  -4.0756602694538172E-012
           7          68  -1.6804605245529551E-012
           7          69  -9.1187051710004320E-013
           8           1   1.4850770606166079E-013
           8           2   6.4686415787951659E-012
           8           3   2.3871495915178688E-012
           8           4   4.4117068713181203E-012
           8           5   7.9817940451421666E-012
           8           6   2.2213349819970011E-012
           8           7  -2.7098270675084497E-012
           8           8   1.9942617428131109     
           8           9  -1.2088931696557885E-005
           8          10   3.4169559696500337E-006
           8          11  -1.7545522256998090E-003
           8          12  -2.0614110232503027E-003
           8          13   5.8266114254980328E-004
           8          14   2.1133601450655973E-002
           8          15  -2.8056262782991965E-003
           8          16   7.9301478198096195E-004
           8          17  0.32757060285851614     
           8          18  -7.6039801031019165E-003
           8          19   2.1492772121874163E-003
           8          20 -0.29541845865909944     
           8          21   6.2537819229081673E-003
           8          22  -1.7676415236704719E-003
           8          23  -7.2155208587618390E-003
           8          24   1.2611970007141271E-004
           8          25  -3.5647936094880328E-005
           8          26  -5.4544462795893918E-012
           8          27   1.9709010925674646E-014
           8          28  -5.4851873308285715E-012
           8          29  -1.1298044188262294E-013
           8          30  -7.6892774155141658E-014
           8          31  -5.6183565986099169E-012
           8          32  -2.2710102365059334E-012
           8          33   1.2908714812705246E-013
           8          34  -2.2337285630553702E-012
           8          35   1.4065960773144663E-013
           8          36   1.4296893164389800E-013
           8          37  -2.2545467528907641E-012
           8          38  -1.7042969067611499E-013
           8          39  -9.6181176488037082E-014
           8          40  -2.1798403746794973E-013
           8          41  -1.8134570964094642E-013
           8          42  -1.9309459977534006E-013
           8          43  -7.8069217209944158E-014
           8          44   8.1163579359978085E-013
           8          45  -3.4944129092570900E-015
           8          46   9.2201747683816385E-013
           8          47   6.6746361144389653E-014
           8          48   9.2557069204853877E-014
           8          49   6.4791616513294571E-013
           8          50 -0.13420439074389173     
           8          51   1.6874687712041989E-003
           8          52  -6.0018028116496869E-002
           8          53   3.7732948822310555E-003
           8          54  -4.7696576364527504E-004
           8          55   6.6774813471663722E-014
           8          56  -4.7696576352217635E-004
           8          57  -6.0018028116422040E-002
           8          58   1.6874687711469476E-003
           8          59  -1.0665278701971607E-003
           8          60  0.13080707045634538     
           8          61  -1.2174282012043234E-003
           8          62   5.8498700295667908E-002
           8          63  -2.7222522157301673E-003
           8          64   3.4410804002300225E-004
           8          65  -2.3359528395618875E-014
           8          66   3.4410804012902660E-004
           8          67   5.8498700295610342E-002
           8          68  -1.2174282013242385E-003
           8          69   7.6944896913216281E-004
           9           1   1.4439775377888179E-013
           9           2   5.6017005617491762E-012
           9           3   2.3291847899656698E-012
           9           4   3.2517769278261833E-012
           9           5   6.7922483173552724E-012
           9           6   1.8515306537514780E-012
           9           7  -2.7787471234788419E-012
           9           8  -1.2088931696557885E-005
           9           9   1.9942907933411884     
           9          10   1.2358947193844430E-006
           9          11  -2.0614110232914486E-003
           9          12   3.1991591786995205E-003
           9          13   2.1074542656030669E-004
           9          14  -2.8056262783559141E-003
           9          15   2.7875712914366885E-002
           9          16   2.8682921571472522E-004
           9          17  -7.6039801033512822E-003
           9          18  0.34584348610619631     
           9          19   7.7738210129172736E-004
           9          20   6.2537819224392499E-003
           9          21 -0.31044672351094260     
           9          22  -6.3934650876975360E-004
           9          23   1.2611969987753690E-004
           9          24  -7.5185951064114086E-003
           9          25  -1.2893668301273008E-005
           9          26  -4.5294295042967442E-012
           9          27   1.0178843311720621E-014
           9          28  -4.5608561523209006E-012
           9          29  -9.3334931892292933E-014
           9          30  -7.1270399592303077E-014
           9          31  -4.6965113647443035E-012
           9          32  -1.9077514140836101E-012
           9          33   1.2218359836726674E-013
           9          34  -1.8664679430565077E-012
           9          35   1.2342631216387523E-013
           9          36   1.2850876454838823E-013
           9          37  -1.8769417590114733E-012
           9          38  -5.3452348959651054E-014
           9          39  -9.4208985496761599E-014
           9          40  -9.9414089629898306E-014
           9          41  -1.6279974450921890E-013
           9          42  -1.7184659898086689E-013
           9          43   2.4061679762748856E-014
           9          44   8.2661018532124399E-013
           9          45   6.5583004359039747E-015
           9          46   9.2446015177740875E-013
           9          47   6.4495451219849521E-014
           9          48   7.7772780503755073E-014
           9          49   6.7578424051519026E-013
           9          50   3.7732948825604513E-003
           9          51  -6.4073130763208822E-002
           9          52   1.6874687712763938E-003
           9          53 -0.14327187591785218     
           9          54  -1.7251597212095512E-004
           9          55   5.8717406070775668E-014
           9          56  -1.7251597201050717E-004
           9          57   1.6874687713403079E-003
           9          58  -6.4073130763257033E-002
           9          59  -3.8575744063497813E-004
           9          60  -2.7222522153500894E-003
           9          61   6.1424263366184409E-002
           9          62  -1.2174282010246761E-003
           9          63  0.13734882835454859     
           9          64   1.2446204224112183E-004
           9          65  -2.0675630466336157E-014
           9          66   1.2446204233907817E-004
           9          67  -1.2174282010706705E-003
           9          68   6.1424263366081054E-002
           9          69   2.7830558710401695E-004
          10           1  -1.4301843728529694E-013
          10           2  -5.6143013692375347E-012
          10           3  -2.3085527988405807E-012
          10           4  -3.2704831737569429E-012
          10           5  -6.6912522538121263E-012
          10           6  -1.2980464694761869E-012
          10           7   1.8452644889232538E-012
          10           8   3.4169559696500337E-006
          10           9   1.2358947193844430E-006
          10          10   1.9942948165156882     
          10          11   5.8266114266446265E-004
          10          12   2.1074542652272995E-004
          10          13   3.8851930140088378E-003
          10          14   7.9301478199428387E-004
          10          15   2.8682921559839087E-004
          10          16   2.8809420231433347E-002
          10          17   2.1492772118854100E-003
          10          18   7.7738210140262975E-004
          10          19  0.34837407683859367     
          10          20  -1.7676415234134943E-003
          10          21  -6.3934650966453513E-004
          10          22 -0.31252797074775185     
          10          23  -3.5647936142673430E-005
          10          24  -1.2893668550711551E-005
          10          25  -7.5605675130769488E-003
          10          26   4.4864427339975759E-012
          10          27  -3.0943346170303251E-014
          10          28   4.5223076033346706E-012
          10          29   1.0234033002774339E-013
          10          30   8.6679257679674394E-014
          10          31   4.6487204782267317E-012
          10          32   1.8331069196008737E-012
          10          33  -1.1349383601657469E-013
          10          34   1.7968964775639240E-012
          10          35  -1.2651264676706358E-013
          10          36  -1.3528378691246677E-013
          10          37   1.8085893699043474E-012
          10          38   7.0773020581395937E-014
          10          39   8.5949512026929454E-014
          10          40   1.1548237711841297E-013
          10          41   1.6624400765367352E-013
          10          42   1.7760401828185305E-013
          10          43  -7.4969856590257690E-015
          10          44  -5.6593528842325142E-013
          10          45   2.5872295753281000E-015
          10          46  -6.7121606154825902E-013
          10          47  -6.3384847318433305E-014
          10          48  -8.4456243018698353E-014
          10          49  -4.1951018285790199E-013
          10          50  -1.0665278701823759E-003
          10          51  -1.7251597199265643E-004
          10          52  -4.7696576348994849E-004
          10          53  -3.8575744049942407E-004
          10          54  -6.4634717297553726E-002
          10          55  -6.1590205243097535E-014
          10          56  -6.4634717297670147E-002
          10          57  -4.7696576356055049E-004
          10          58  -1.7251597194110443E-004
          10          59 -0.14452762158404658     
          10          60   7.6944896908401957E-004
          10          61   1.2446204249819750E-004
          10          62   3.4410803995364714E-004
          10          63   2.7830558773192147E-004
          10          64   6.1829421254851226E-002
          10          65   2.3452407687351602E-014
          10          66   6.1829421254759313E-002
          10          67   3.4410804000569345E-004
          10          68   1.2446204260350673E-004
          10          69  0.13825478893529022     
          11           1  -3.5711468596438075E-013
          11           2  -2.0312038530751064E-012
          11           3  -9.1029737280634194E-012
          11           4   1.1576446319853772E-011
          11           5  -9.7803565072596211E-013
          11           6   4.0757638483760088E-012
          11           7   4.7860395195598894E-012
          11           8  -1.7545522256998090E-003
          11           9  -2.0614110232914486E-003
          11          10   5.8266114266446265E-004
          11          11   1.2849129251167275     
          11          12 -0.35151289733805013     
          11          13   9.9355686041859403E-002
          11          14 -0.50189683384365091     
          11          15 -0.47841687601821475     
          11          16  0.13522529981340392     
          11          17  -2.1698705573017874     
          11          18  -1.2966347065011499     
          11          19  0.36649588617023171     
          11          20   1.8666256801718708     
          11          21   1.0663981990095963     
          11          22 -0.30141916686079756     
          11          23   4.1534404708980871E-002
          11          24   2.1505997878771037E-002
          11          25  -6.0787049051222886E-003
          11          26  -1.4876573495548149E-012
          11          27  -2.0091887928125438E-014
          11          28  -1.4005259308146834E-012
          11          29  -2.0724589980982551E-014
          11          30   5.3574234460054908E-014
          11          31  -1.3892535183097850E-012
          11          32  -7.1538139439698340E-013
          11          33  -3.3532918622626737E-015
          11          34  -7.2066892008575854E-013
          11          35   5.8178040527560466E-015
          11          36  -1.8321734514312125E-014
          11          37  -7.4806830374965706E-013
          11          38  -1.8863206410477118E-012
          11          39   2.6131835691888184E-015
          11          40  -1.8912383932754932E-012
          11          41   2.1527973425035182E-015
          11          42   2.1585027054699570E-014
          11          43  -1.8733258415686345E-012
          11          44  -1.3528922247218472E-012
          11          45   3.6959633140408489E-015
          11          46  -1.3570171214878727E-012
          11          47   4.8654363457474466E-017
          11          48  -7.0236471524202909E-015
          11          49  -1.3473990901253287E-012
          11          50  0.97911638372987453     
          11          51  0.28774806684377724     
          11          52  0.43787415838075217     
          11          53  0.64342423785684433     
          11          54  -8.1332454100541102E-002
          11          55   3.8576793884962725E-016
          11          56  -8.1332454100549359E-002
          11          57  0.43787415838074417     
          11          58  0.28774806684378890     
          11          59 -0.18186489614570972     
          11          60 -0.81930058951152007     
          11          61 -0.20759650035077357     
          11          62 -0.36640236243069024     
          11          63 -0.46419988667538004     
          11          64   5.8677484861720579E-002
          11          65   1.3822672170118002E-015
          11          66   5.8677484861708443E-002
          11          67 -0.36640236243068303     
          11          68 -0.20759650035076421     
          11          69  0.13120684489951767     
          12           1  -1.0834872549113809E-013
          12           2  -9.8571155069745859E-013
          12           3  -2.7231605436670505E-012
          12           4   2.7482960436946321E-012
          12           5  -9.7763655160616492E-013
          12           6   8.8080179717650629E-013
          12           7   1.4930801516344823E-012
          12           8  -2.0614110232503027E-003
          12           9   3.1991591786995205E-003
          12          10   2.1074542652272995E-004
          12          11 -0.35151289733805013     
          12          12   2.1296224122682137     
          12          13   3.5936421561060514E-002
          12          14 -0.47841687601819766     
          12          15  0.64777157675050612     
          12          16   4.8910269491340051E-002
          12          17  -1.2966347065008874     
          12          18  0.94603115283732420     
          12          19  0.13255960670631814     
          12          20   1.0663981990093625     
          12          21 -0.69600198614269004     
          12          22 -0.10902170452806163     
          12          23   2.1505997878775752E-002
          12          24  -1.0145976228534921E-002
          12          25  -2.1986351331974578E-003
