           1           1  0.12153151025787542     
           1           2  0.17922302244631161     
           1           3   9.4251839062935439E-002
           1           4  -4.4600440206366470E-004
           1           5  -2.0842978645651891E-016
           1           6   1.0984663613779340E-017
           1           7  -2.0914902823940481E-016
           1           8  -5.8774580108349533E-016
           1           9   1.0445211059792618E-015
           1          10  -1.0476089261221672E-016
           1          11   1.9602795009490222E-015
           1          12   3.4183720970468263E-017
           1          13   6.5826307243362723E-016
           1          14   1.2731257644395346E-003
           1          15   8.8418116428569682E-017
           1          16   1.2731257644397844E-003
           1          17   9.1319754118743002E-017
           1          18  -1.3788708566198803E-016
           1          19   1.2731257644392527E-003
           1          20  -4.2881406278416079E-003
           1          21   2.8700808487765236E-017
           1          22  -4.2881406278413321E-003
           1          23  -1.7681419875493320E-015
           1          24   1.7205554608680619E-016
           1          25  -4.2881406278418065E-003
           2           1  0.17922302244631161     
           2           2  0.26430093484919592     
           2           3  0.13899357814396943     
           2           4  -6.5772454232321297E-004
           2           5  -3.0737227092227251E-016
           2           6   1.6199129009753931E-017
           2           7  -3.0843293976383435E-016
           2           8  -8.6675117158339315E-016
           2           9   1.5403596090046653E-015
           2          10  -1.5449132301816576E-016
           2          11   2.8908323138102747E-015
           2          12   5.0410875153192460E-017
           2          13   9.7074328423977600E-016
           2          14   1.8774838473821925E-003
           2          15   1.3039056316928520E-016
           2          16   1.8774838473825607E-003
           2          17   1.3466962031070913E-016
           2          18  -2.0334265735872037E-016
           2          19   1.8774838473817768E-003
           2          20  -6.3237387766009040E-003
           2          21   4.2325201364777009E-017
           2          22  -6.3237387766004972E-003
           2          23  -2.6074863255662116E-015
           2          24   2.5373102772192225E-016
           2          25  -6.3237387766011963E-003
           3           1   9.4251839062935439E-002
           3           2  0.13899357814396943     
           3           3   7.3095521876556505E-002
           3           4  -3.4589165423410214E-004
           3           5  -1.6164442165935155E-016
           3           6   8.5189819898524849E-018
           3           7  -1.6220221823921843E-016
           3           8  -4.5581695262482692E-016
           3           9   8.1006181005816258E-016
           3          10  -8.1245652009300766E-017
           3          11   1.5202637377728623E-015
           3          12   2.6510643705853920E-017
           3          13   5.1050550620527002E-016
           3          14   9.8735253435275946E-004
           3          15   6.8571270629243336E-017
           3          16   9.8735253435295310E-004
           3          17   7.0821589809946861E-017
           3          18  -1.0693614667582657E-016
           3          19   9.8735253435254088E-004
           3          20  -3.3255995871109625E-003
           3          21   2.2258457718702510E-017
           3          22  -3.3255995871107487E-003
           3          23  -1.3712545305929762E-015
           3          24   1.3343495530706016E-016
           3          25  -3.3255995871111165E-003
           4           1  -4.4600440206366470E-004
           4           2  -6.5772454232321297E-004
           4           3  -3.4589165423410214E-004
           4           4   1.6367765548052736E-006
           4           5   7.6490946326220824E-019
           4           6  -4.0312247552413457E-020
           4           7   7.6754898449118461E-019
           4           8   2.1569485479234971E-018
           4           9  -3.8332528767778559E-018
           4          10   3.8445847640686042E-019
           4          11  -7.1939638110583941E-018
           4          12  -1.2544968789900218E-019
           4          13  -2.4157375103657598E-018
           4          14  -4.6722014242714071E-006
           4          15  -3.2448267174203307E-019
           4          16  -4.6722014242723236E-006
           4          17  -3.3513129431131676E-019
           4          18   5.0602717815720643E-019
           4          19  -4.6722014242703729E-006
           4          20   1.5736903068407888E-005
           4          21  -1.0532813178383080E-019
           4          22   1.5736903068406875E-005
           4          23   6.4888448127344584E-018
           4          24  -6.3142086189298052E-019
           4          25   1.5736903068408614E-005
           5           1  -2.0842978645651891E-016
           5           2  -3.0737227092227251E-016
           5           3  -1.6164442165935155E-016
           5           4   7.6490946326220824E-019
           5           5   3.5746265137435752E-031
           5           6  -1.8838991521282082E-032
           5           7   3.5869617024447951E-031
           5           8   1.0079997487944502E-030
           5           9  -1.7913815981273599E-030
           5          10   1.7966772921546642E-031
           5          11  -3.3619317073484615E-030
           5          12  -5.8625994584003148E-032
           5          13  -1.1289387528257273E-030
           5          14  -2.1834446939017533E-018
           5          15  -1.5163943151031633E-031
           5          16  -2.1834446939021816E-018
           5          17  -1.5661581765785719E-031
           5          18   2.3648003516666176E-031
           5          19  -2.1834446939012699E-018
           5          20   7.3542757220745660E-018
           5          21  -4.9222653215952316E-032
           5          22   7.3542757220740930E-018
           5          23   3.0324107394677151E-030
           5          24  -2.9507985750723351E-031
           5          25   7.3542757220749065E-018
           6           1   1.0984663613779340E-017
           6           2   1.6199129009753931E-017
           6           3   8.5189819898524849E-018
           6           4  -4.0312247552413457E-020
           6           5  -1.8838991521282082E-032
           6           6   9.9285226071704054E-034
           6           7  -1.8904000415067837E-032
           6           8  -5.3123588290923025E-032
           6           9   9.4409367268859712E-032
           6          10  -9.4688460859465936E-033
           6          11   1.7718047657946290E-031
           6          12   3.0897063249780179E-033
           6          13   5.9497313945275307E-032
           6          14   1.1507187091421606E-019
           6          15   7.9916991426417071E-033
           6          16   1.1507187091423862E-019
           6          17   8.2539645739523664E-033
           6          18  -1.2462967418634244E-032
           6          19   1.1507187091419059E-019
           6          20  -3.8758493353264503E-019
           6          21   2.5941315631858873E-033
           6          22  -3.8758493353262009E-019
           6          23  -1.5981406726055253E-031
           6          24   1.5551294414414647E-032
           6          25  -3.8758493353266294E-019
           7           1  -2.0914902823940481E-016
           7           2  -3.0843293976383435E-016
           7           3  -1.6220221823921843E-016
           7           4   7.6754898449118461E-019
           7           5   3.5869617024447951E-031
           7           6  -1.8904000415067837E-032
           7           7   3.5993394569580543E-031
           7           8   1.0114781169720366E-030
           7           9  -1.7975632313592054E-030
           7          10   1.8028771995712056E-031
           7          11  -3.3735329366940494E-030
           7          12  -5.8828298993487609E-032
           7          13  -1.1328344528365353E-030
           7          14  -2.1909792439349957E-018
           7          15  -1.5216270324095275E-031
           7          16  -2.1909792439354256E-018
           7          17  -1.5715626171739122E-031
           7          18   2.3729607170827991E-031
           7          19  -2.1909792439345108E-018
           7          20   7.3796535841935341E-018
           7          21  -4.9392508923523185E-032
           7          22   7.3796535841930595E-018
           7          23   3.0428748700690871E-030
           7          24  -2.9609810814412837E-031
           7          25   7.3796535841938746E-018
           8           1  -5.8774580108349533E-016
           8           2  -8.6675117158339315E-016
           8           3  -4.5581695262482692E-016
           8           4   2.1569485479234971E-018
           8           5   1.0079997487944502E-030
           8           6  -5.3123588290923025E-032
           8           7   1.0114781169720366E-030
           8           8   2.8424326000580936E-030
           8           9  -5.0514709549790795E-030
           8          10   5.0664041465410280E-031
           8          11  -9.4802248666878290E-030
           8          12  -1.6531793625514169E-031
           8          13  -3.1834653910763368E-030
           8          14  -6.1570396081872307E-018
           8          15  -4.2760413789259144E-031
           8          16  -6.1570396081884387E-018
           8          17  -4.4163692136616365E-031
           8          18   6.6684397692015039E-031
           8          19  -6.1570396081858679E-018
           8          20   2.0738133206125669E-017
           8          21  -1.3880169546640223E-031
           8          22   2.0738133206124338E-017
           8          23   8.5510171534645515E-030
           8          24  -8.3208811073830234E-031
           8          25   2.0738133206126630E-017
           9           1   1.0445211059792618E-015
           9           2   1.5403596090046653E-015
           9           3   8.1006181005816258E-016
           9           4  -3.8332528767778559E-018
           9           5  -1.7913815981273599E-030
           9           6   9.4409367268859712E-032
           9           7  -1.7975632313592054E-030
           9           8  -5.0514709549790795E-030
           9           9   8.9772959993759340E-030
           9          10  -9.0038347406775848E-031
           9          11   1.6847921234707636E-029
           9          12   2.9379720501125114E-031
           9          13   5.6575424018407914E-030
           9          14   1.0942073612854675E-017
           9          15   7.5992299087378476E-031
           9          16   1.0942073612856821E-017
           9          17   7.8486155868109584E-031
           9          18  -1.1850915940261991E-030
           9          19   1.0942073612852253E-017
           9          20  -3.6855078832507746E-017
           9          21   2.4667347719557259E-031
           9          22  -3.6855078832505379E-017
           9          23  -1.5196566062945959E-029
           9          24   1.4787576399496840E-030
           9          25  -3.6855078832509453E-017
          10           1  -1.0476089261221672E-016
          10           2  -1.5449132301816576E-016
          10           3  -8.1245652009300766E-017
          10           4   3.8445847640686042E-019
          10           5   1.7966772921546642E-031
          10           6  -9.4688460859465936E-033
          10           7   1.8028771995712056E-031
          10           8   5.0664041465410280E-031
          10           9  -9.0038347406775848E-031
          10          10   9.0304519359802966E-032
          10          11  -1.6897727169941314E-030
          10          12  -2.9466573023526997E-032
          10          13  -5.6742672657882436E-031
          10          14  -1.0974420642621248E-018
          10          15  -7.6216948020257347E-032
          10          16  -1.0974420642623401E-018
          10          17  -7.8718177156757030E-032
          10          18   1.1885949695676548E-031
          10          19  -1.0974420642618819E-018
          10          20   3.6964030058228257E-018
          10          21  -2.4740269494641058E-032
          10          22   3.6964030058225884E-018
          10          23   1.5241490251192175E-030
          10          24  -1.4831291529818031E-031
          10          25   3.6964030058229967E-018
          11           1   1.9602795009490222E-015
          11           2   2.8908323138102747E-015
          11           3   1.5202637377728623E-015
          11           4  -7.1939638110583941E-018
          11           5  -3.3619317073484615E-030
          11           6   1.7718047657946290E-031
          11           7  -3.3735329366940494E-030
          11           8  -9.4802248666878290E-030
          11           9   1.6847921234707636E-029
          11          10  -1.6897727169941314E-030
          11          11   3.1618925114048234E-029
          11          12   5.5137673630800476E-031
          11          13   1.0617654667380738E-029
          11          14   2.0535269683272526E-017
          11          15   1.4261669321781300E-030
          11          16   2.0535269683276557E-017
          11          17   1.4729697808480637E-030
          11          18  -2.2240917346888752E-030
          11          19   2.0535269683267981E-017
          11          20  -6.9166869992055056E-017
          11          21   4.6293842987591825E-031
          11          22  -6.9166869992050606E-017
          11          23  -2.8519784585953598E-029
          11          24   2.7752223213789933E-030
          11          25  -6.9166869992058261E-017
          12           1   3.4183720970468263E-017
          12           2   5.0410875153192460E-017
          12           3   2.6510643705853920E-017
          12           4  -1.2544968789900218E-019
          12           5  -5.8625994584003148E-032
          12           6   3.0897063249780179E-033
          12           7  -5.8828298993487609E-032
          12           8  -1.6531793625514169E-031
          12           9   2.9379720501125114E-031
          12          10  -2.9466573023526997E-032
          12          11   5.5137673630800476E-031
          12          12   9.6150107647585118E-033
          12          13   1.8515265008628573E-031
          12          14   3.5809787765798778E-019
          12          15   2.4869765991678211E-032
          12          16   3.5809787765805803E-019
          12          17   2.5685922829915575E-032
          12          18  -3.8784128097305631E-032
          12          19   3.5809787765790848E-019
          12          20  -1.2061448293798951E-018
          12          21   8.0728070184500755E-033
          12          22  -1.2061448293798175E-018
          12          23  -4.9733334351153446E-031
          12          24   4.8394846458939615E-032
          12          25  -1.2061448293799510E-018
          13           1   6.5826307243362723E-016
          13           2   9.7074328423977600E-016
          13           3   5.1050550620527002E-016
          13           4  -2.4157375103657598E-018
          13           5  -1.1289387528257273E-030
          13           6   5.9497313945275307E-032
          13           7  -1.1328344528365353E-030
          13           8  -3.1834653910763368E-030
          13           9   5.6575424018407914E-030
          13          10  -5.6742672657882436E-031
          13          11   1.0617654667380738E-029
          13          12   1.8515265008628573E-031
          13          13   3.5654150237278044E-030
          13          14   6.8957562982318934E-018
          13          15   4.7890774051573880E-031
          13          16   6.8957562982332462E-018
          13          17   4.9462416613218864E-031
          13          18  -7.4685138417340799E-031
          13          19   6.8957562982303673E-018
          13          20  -2.3226277849431758E-017
          13          21   1.5545501192569272E-031
          13          22  -2.3226277849430263E-017
          13          23  -9.5769613555649943E-030
          13          24   9.3192137706531400E-031
          13          25  -2.3226277849432833E-017
          14           1   1.2731257644395346E-003
          14           2   1.8774838473821925E-003
          14           3   9.8735253435275946E-004
          14           4  -4.6722014242714071E-006
          14           5  -2.1834446939017533E-018
          14           6   1.1507187091421606E-019
          14           7  -2.1909792439349957E-018
          14           8  -6.1570396081872307E-018
          14           9   1.0942073612854675E-017
          14          10  -1.0974420642621248E-018
          14          11   2.0535269683272526E-017
          14          12   3.5809787765798778E-019
          14          13   6.8957562982318934E-018
          14          14   1.3336863901719808E-005
          14          15   9.2624029627848738E-019
          14          16   1.3336863901722425E-005
          14          17   9.5663693740135267E-019
          14          18  -1.4444616130192651E-018
          14          19   1.3336863901716857E-005
          14          20  -4.4921208526587035E-005
          14          21   3.0066061606974040E-019
          14          22  -4.4921208526584149E-005
          14          23  -1.8522497702529037E-017
          14          24   1.8023996260149498E-018
          14          25  -4.4921208526589116E-005
          15           1   8.8418116428569682E-017
          15           2   1.3039056316928520E-016
          15           3   6.8571270629243336E-017
          15           4  -3.2448267174203307E-019
          15           5  -1.5163943151031633E-031
          15           6   7.9916991426417071E-033
          15           7  -1.5216270324095275E-031
          15           8  -4.2760413789259144E-031
          15           9   7.5992299087378476E-031
          15          10  -7.6216948020257347E-032
          15          11   1.4261669321781300E-030
          15          12   2.4869765991678211E-032
          15          13   4.7890774051573880E-031
          15          14   9.2624029627848738E-019
          15          15   6.4327048155558504E-032
          15          16   9.2624029627866899E-019
          15          17   6.6438083709867722E-032
          15          18  -1.0031732814138855E-031
          15          19   9.2624029627828227E-019
          15          20  -3.1197614222852116E-018
          15          21   2.0880769284284137E-032
          15          22  -3.1197614222850109E-018
          15          23  -1.2863806578693337E-030
          15          24   1.2517599159102489E-031
          15          25  -3.1197614222853560E-018
          16           1   1.2731257644397844E-003
          16           2   1.8774838473825607E-003
          16           3   9.8735253435295310E-004
          16           4  -4.6722014242723236E-006
          16           5  -2.1834446939021816E-018
          16           6   1.1507187091423862E-019
          16           7  -2.1909792439354256E-018
          16           8  -6.1570396081884387E-018
          16           9   1.0942073612856821E-017
          16          10  -1.0974420642623401E-018
          16          11   2.0535269683276557E-017
          16          12   3.5809787765805803E-019
          16          13   6.8957562982332462E-018
          16          14   1.3336863901722425E-005
          16          15   9.2624029627866899E-019
          16          16   1.3336863901725041E-005
          16          17   9.5663693740154044E-019
          16          18  -1.4444616130195484E-018
          16          19   1.3336863901719473E-005
          16          20  -4.4921208526595851E-005
          16          21   3.0066061606979938E-019
          16          22  -4.4921208526592958E-005
          16          23  -1.8522497702532670E-017
          16          24   1.8023996260153034E-018
          16          25  -4.4921208526597925E-005
          17           1   9.1319754118743002E-017
          17           2   1.3466962031070913E-016
          17           3   7.0821589809946861E-017
          17           4  -3.3513129431131676E-019
          17           5  -1.5661581765785719E-031
          17           6   8.2539645739523664E-033
          17           7  -1.5715626171739122E-031
          17           8  -4.4163692136616365E-031
          17           9   7.8486155868109584E-031
          17          10  -7.8718177156757030E-032
          17          11   1.4729697808480637E-030
          17          12   2.5685922829915575E-032
          17          13   4.9462416613218864E-031
          17          14   9.5663693740135267E-019
          17          15   6.6438083709867722E-032
          17          16   9.5663693740154044E-019
          17          17   6.8618397604149593E-032
          17          18  -1.0360946500281668E-031
          17          19   9.5663693740114101E-019
          17          20  -3.2221433513841501E-018
          17          21   2.1566018298879917E-032
          17          22  -3.2221433513839429E-018
          17          23  -1.3285961081814772E-030
          17          24   1.2928392093601117E-031
          17          25  -3.2221433513842992E-018
          18           1  -1.3788708566198803E-016
          18           2  -2.0334265735872037E-016
          18           3  -1.0693614667582657E-016
          18           4   5.0602717815720643E-019
          18           5   2.3648003516666176E-031
          18           6  -1.2462967418634244E-032
          18           7   2.3729607170827991E-031
          18           8   6.6684397692015039E-031
          18           9  -1.1850915940261991E-030
          18          10   1.1885949695676548E-031
          18          11  -2.2240917346888752E-030
          18          12  -3.8784128097305631E-032
          18          13  -7.4685138417340799E-031
          18          14  -1.4444616130192651E-018
          18          15  -1.0031732814138855E-031
          18          16  -1.4444616130195484E-018
          18          17  -1.0360946500281668E-031
          18          18   1.5644377620267714E-031
          18          19  -1.4444616130189454E-018
          18          20   4.8652338214774319E-018
          18          21  -3.2563331354341890E-032
          18          22   4.8652338214771191E-018
          18          23   2.0060965685561671E-030
          18          24  -1.9521059000708179E-031
          18          25   4.8652338214776568E-018
          19           1   1.2731257644392527E-003
          19           2   1.8774838473817768E-003
          19           3   9.8735253435254088E-004
          19           4  -4.6722014242703729E-006
          19           5  -2.1834446939012699E-018
          19           6   1.1507187091419059E-019
          19           7  -2.1909792439345108E-018
          19           8  -6.1570396081858679E-018
          19           9   1.0942073612852253E-017
          19          10  -1.0974420642618819E-018
          19          11   2.0535269683267981E-017
          19          12   3.5809787765790848E-019
          19          13   6.8957562982303673E-018
          19          14   1.3336863901716857E-005
          19          15   9.2624029627828227E-019
          19          16   1.3336863901719473E-005
          19          17   9.5663693740114101E-019
          19          18  -1.4444616130189454E-018
          19          19   1.3336863901713904E-005
          19          20  -4.4921208526577095E-005
          19          21   3.0066061606967386E-019
          19          22  -4.4921208526574201E-005
          19          23  -1.8522497702524935E-017
          19          24   1.8023996260145511E-018
          19          25  -4.4921208526579168E-005
          20           1  -4.2881406278416079E-003
          20           2  -6.3237387766009040E-003
          20           3  -3.3255995871109625E-003
          20           4   1.5736903068407888E-005
          20           5   7.3542757220745660E-018
          20           6  -3.8758493353264503E-019
          20           7   7.3796535841935341E-018
          20           8   2.0738133206125669E-017
          20           9  -3.6855078832507746E-017
          20          10   3.6964030058228257E-018
          20          11  -6.9166869992055056E-017
          20          12  -1.2061448293798951E-018
          20          13  -2.3226277849431758E-017
          20          14  -4.4921208526587035E-005
          20          15  -3.1197614222852116E-018
          20          16  -4.4921208526595851E-005
          20          17  -3.2221433513841501E-018
          20          18   4.8652338214774319E-018
          20          19  -4.4921208526577095E-005
          20          20   1.5130355909449616E-004
          20          21  -1.0126847158168354E-018
          20          22   1.5130355909448643E-004
          20          23   6.2387453891708499E-017
          20          24  -6.0708401948991451E-018
          20          25   1.5130355909450318E-004
          21           1   2.8700808487765236E-017
          21           2   4.2325201364777009E-017
          21           3   2.2258457718702510E-017
          21           4  -1.0532813178383080E-019
          21           5  -4.9222653215952316E-032
          21           6   2.5941315631858873E-033
          21           7  -4.9392508923523185E-032
          21           8  -1.3880169546640223E-031
          21           9   2.4667347719557259E-031
          21          10  -2.4740269494641058E-032
          21          11   4.6293842987591825E-031
          21          12   8.0728070184500755E-033
          21          13   1.5545501192569272E-031
          21          14   3.0066061606974040E-019
          21          15   2.0880769284284137E-032
          21          16   3.0066061606979938E-019
          21          17   2.1566018298879917E-032
          21          18  -3.2563331354341890E-032
          21          19   3.0066061606967386E-019
          21          20  -1.0126847158168354E-018
          21          21   6.7779656988011279E-033
          21          22  -1.0126847158167701E-018
          21          23  -4.1756335008221853E-031
          21          24   4.0632534451494579E-032
          21          25  -1.0126847158168822E-018
          22           1  -4.2881406278413321E-003
          22           2  -6.3237387766004972E-003
          22           3  -3.3255995871107487E-003
          22           4   1.5736903068406875E-005
          22           5   7.3542757220740930E-018
          22           6  -3.8758493353262009E-019
          22           7   7.3796535841930595E-018
          22           8   2.0738133206124338E-017
          22           9  -3.6855078832505379E-017
          22          10   3.6964030058225884E-018
          22          11  -6.9166869992050606E-017
          22          12  -1.2061448293798175E-018
          22          13  -2.3226277849430263E-017
          22          14  -4.4921208526584149E-005
          22          15  -3.1197614222850109E-018
          22          16  -4.4921208526592958E-005
          22          17  -3.2221433513839429E-018
          22          18   4.8652338214771191E-018
          22          19  -4.4921208526574201E-005
          22          20   1.5130355909448643E-004
          22          21  -1.0126847158167701E-018
          22          22   1.5130355909447670E-004
          22          23   6.2387453891704494E-017
          22          24  -6.0708401948987546E-018
          22          25   1.5130355909449345E-004
          23           1  -1.7681419875493320E-015
          23           2  -2.6074863255662116E-015
          23           3  -1.3712545305929762E-015
          23           4   6.4888448127344584E-018
          23           5   3.0324107394677151E-030
          23           6  -1.5981406726055253E-031
          23           7   3.0428748700690871E-030
          23           8   8.5510171534645515E-030
          23           9  -1.5196566062945959E-029
          23          10   1.5241490251192175E-030
          23          11  -2.8519784585953598E-029
          23          12  -4.9733334351153446E-031
          23          13  -9.5769613555649943E-030
          23          14  -1.8522497702529037E-017
          23          15  -1.2863806578693337E-030
          23          16  -1.8522497702532670E-017
          23          17  -1.3285961081814772E-030
          23          18   2.0060965685561671E-030
          23          19  -1.8522497702524935E-017
          23          20   6.2387453891708499E-017
          23          21  -4.1756335008221853E-031
          23          22   6.2387453891704494E-017
          23          23   2.5724407452036181E-029
          23          24  -2.5032078888947845E-030
          23          25   6.2387453891711384E-017
          24           1   1.7205554608680619E-016
          24           2   2.5373102772192225E-016
          24           3   1.3343495530706016E-016
          24           4  -6.3142086189298052E-019
          24           5  -2.9507985750723351E-031
          24           6   1.5551294414414647E-032
          24           7  -2.9609810814412837E-031
          24           8  -8.3208811073830234E-031
          24           9   1.4787576399496840E-030
          24          10  -1.4831291529818031E-031
          24          11   2.7752223213789933E-030
          24          12   4.8394846458939615E-032
          24          13   9.3192137706531400E-031
          24          14   1.8023996260149498E-018
          24          15   1.2517599159102489E-031
          24          16   1.8023996260153034E-018
          24          17   1.2928392093601117E-031
          24          18  -1.9521059000708179E-031
          24          19   1.8023996260145511E-018
          24          20  -6.0708401948991451E-018
          24          21   4.0632534451494579E-032
          24          22  -6.0708401948987546E-018
          24          23  -2.5032078888947845E-030
          24          24   2.4358383168624176E-031
          24          25  -6.0708401948994256E-018
          25           1  -4.2881406278418065E-003
          25           2  -6.3237387766011963E-003
          25           3  -3.3255995871111165E-003
          25           4   1.5736903068408614E-005
          25           5   7.3542757220749065E-018
          25           6  -3.8758493353266294E-019
          25           7   7.3796535841938746E-018
          25           8   2.0738133206126630E-017
          25           9  -3.6855078832509453E-017
          25          10   3.6964030058229967E-018
          25          11  -6.9166869992058261E-017
          25          12  -1.2061448293799510E-018
          25          13  -2.3226277849432833E-017
          25          14  -4.4921208526589116E-005
          25          15  -3.1197614222853560E-018
          25          16  -4.4921208526597925E-005
          25          17  -3.2221433513842992E-018
          25          18   4.8652338214776568E-018
          25          19  -4.4921208526579168E-005
          25          20   1.5130355909450318E-004
          25          21  -1.0126847158168822E-018
          25          22   1.5130355909449345E-004
          25          23   6.2387453891711384E-017
          25          24  -6.0708401948994256E-018
          25          25   1.5130355909451017E-004
