           1           1  0.12153151171580062     
           1           2  0.17922301826278153     
           1           3   9.4251845743568444E-002
           1           4  -4.4599593167800918E-004
           1           5  -1.3693982337928115E-017
           1           6  -5.0678992109723012E-017
           1           7   1.1290604134590006E-016
           1           8   2.2003631403834877E-016
           1           9   1.3257414193650664E-016
           1          10  -2.4757936283074590E-016
           1          11  -1.1184910853650160E-016
           1          12  -4.2253224730646631E-016
           1          13  -9.1528703150037784E-017
           1          14   1.2731258826442480E-003
           1          15  -9.5249219170724912E-018
           1          16   1.2731258826442422E-003
           1          17  -6.0220033362092923E-017
           1          18   6.5053121276833594E-017
           1          19   1.2731258826441964E-003
           1          20  -4.2881455262862916E-003
           1          21   1.0612329599341457E-016
           1          22  -4.2881455262865961E-003
           1          23  -1.6653023757195178E-016
           1          24  -2.1373671732508964E-016
           1          25  -4.2881455262869976E-003
           2           1  0.17922301826278153     
           2           2  0.26430091933963173     
           2           3  0.13899358308405088     
           2           4  -6.5771202776754279E-004
           2           5  -2.0194571860341730E-017
           2           6  -7.4736517304749093E-017
           2           7   1.6650300176825469E-016
           2           8   3.2448845383894782E-016
           2           9   1.9550763029281058E-016
           2          10  -3.6510630074170044E-016
           2          11  -1.6494433862379939E-016
           2          12  -6.2311003629008111E-016
           2          13  -1.3497775354418800E-016
           2          14   1.8774839553510178E-003
           2          15  -1.4046441376348885E-017
           2          16   1.8774839553510093E-003
           2          17  -8.8806729930904762E-017
           2          18   9.5934104480764653E-017
           2          19   1.8774839553509421E-003
           2          20  -6.3237457768835926E-003
           2          21   1.5650045940687091E-016
           2          22  -6.3237457768840419E-003
           2          23  -2.4558282365036117E-016
           2          24  -3.1519841275537421E-016
           2          25  -6.3237457768846343E-003
           3           1   9.4251845743568444E-002
           3           2  0.13899358308405088     
           3           3   7.3095531361801261E-002
           3           4  -3.4588510552781689E-004
           3           5  -1.0620151866026254E-017
           3           6  -3.9303292449246474E-017
           3           7   8.7562498336529717E-017
           3           8   1.7064569045453193E-016
           3           9   1.0281578332215397E-016
           3          10  -1.9200626722542946E-016
           3          11  -8.6742810778082358E-017
           3          12  -3.2768821544770354E-016
           3          13  -7.0983641103549631E-017
           3          14   9.8735268416421176E-004
           3          15  -7.3869028581394088E-018
           3          16   9.8735268416420721E-004
           3          17  -4.6702696403459584E-017
           3          18   5.0450921453687589E-017
           3          19   9.8735268416417186E-004
           3          20  -3.3256035818483290E-003
           3          21   8.2302247232475922E-017
           3          22  -3.3256035818485653E-003
           3          23  -1.2914989735317147E-016
           3          24  -1.6576013765195296E-016
           3          25  -3.3256035818488767E-003
           4           1  -4.4599593167800918E-004
           4           2  -6.5771202776754279E-004
           4           3  -3.4588510552781689E-004
           4           4   1.6367143653942909E-006
           4           5   5.0254130183689680E-020
           4           6   1.8598159426613771E-019
           4           7  -4.1434220961470739E-019
           4           8  -8.0748852291096408E-019
           4           9  -4.8652013880690989E-019
           4          10   9.0856591044601053E-019
           4          11   4.1046348115660133E-019
           4          12   1.5506074156481498E-018
           4          13   3.3589172602527367E-019
           4          14  -4.6721130689225748E-006
           4          15   3.4954526316590957E-020
           4          16  -4.6721130689225545E-006
           4          17   2.2099527526502056E-019
           4          18  -2.3873172498891750E-019
           4          19  -4.6721130689223868E-006
           4          20   1.5736621985245111E-005
           4          21  -3.8945091360342641E-019
           4          22   1.5736621985246229E-005
           4          23   6.1113210401057305E-019
           4          24   7.8437028414589457E-019
           4          25   1.5736621985247703E-005
           5           1  -1.3693982337928115E-017
           5           2  -2.0194571860341730E-017
           5           3  -1.0620151866026254E-017
           5           4   5.0254130183689680E-020
           5           5   1.5430167009689762E-033
           5           6   5.7104302666574741E-033
           5           7  -1.2722077708139957E-032
           5           8  -2.4793350758198476E-032
           5           9  -1.4938248792543108E-032
           5          10   2.7896858797971681E-032
           5          11   1.2602984157669478E-032
           5          12   4.7610278602891371E-032
           5          13   1.0313312380093814E-032
           5          14  -1.4345385081409148E-019
           5          15   1.0732534357636647E-033
           5          16  -1.4345385081409083E-019
           5          17   6.7855000041337198E-033
           5          18  -7.3300848579524003E-033
           5          19  -1.4345385081408570E-019
           5          20   4.8318159027553151E-019
           5          21  -1.1957808476660263E-032
           5          22   4.8318159027556589E-019
           5          23   1.8764369008871565E-032
           5          24   2.4083521966393654E-032
           5          25   4.8318159027561115E-019
           6           1  -5.0678992109723012E-017
           6           2  -7.4736517304749093E-017
           6           3  -3.9303292449246474E-017
           6           4   1.8598159426613771E-019
           6           5   5.7104302666574741E-033
           6           6   2.1133286379778065E-032
           6           7  -4.7082146002508769E-032
           6           8  -9.1755779760881672E-032
           6           9  -5.5283800870223198E-032
           6          10   1.0324131081962298E-031
           6          11   4.6641401962121352E-032
           6          12   1.7619716997697739E-031
           6          13   3.8167734106699761E-032
           6          14  -5.3089717761507513E-019
           6          15   3.9719200054868218E-033
           6          16  -5.3089717761507272E-019
           6          17   2.5111928194734866E-032
           6          18  -2.7127339842616929E-032
           6          19  -5.3089717761505375E-019
           6          20   1.7881690947793324E-018
           6          21  -4.4253721560585355E-032
           6          22   1.7881690947794595E-018
           6          23   6.9443591022508377E-032
           6          24   8.9128829699795678E-032
           6          25   1.7881690947796271E-018
           7           1   1.1290604134590006E-016
           7           2   1.6650300176825469E-016
           7           3   8.7562498336529717E-017
           7           4  -4.1434220961470739E-019
           7           5  -1.2722077708139957E-032
           7           6  -4.7082146002508769E-032
           7           7   1.0489274750578721E-031
           7           8   2.0441965067059475E-031
           7           9   1.2316494166454413E-031
           7          10  -2.3000788340005092E-031
           7          11  -1.0391082851380723E-031
           7          12  -3.9254381609208209E-031
           7          13  -8.5032625664700028E-032
           7          14   1.1827681686418001E-018
           7          15  -8.8489085061355168E-033
           7          16   1.1827681686417947E-018
           7          17  -5.5946029804449167E-032
           7          18   6.0436098398396678E-032
           7          19   1.1827681686417524E-018
           7          20  -3.9838024661481265E-018
           7          21   9.8591394742256401E-032
           7          22  -3.9838024661484100E-018
           7          23  -1.5471106730417490E-031
           7          24  -1.9856715598071545E-031
           7          25  -3.9838024661487828E-018
           8           1   2.2003631403834877E-016
           8           2   3.2448845383894782E-016
           8           3   1.7064569045453193E-016
           8           4  -8.0748852291096408E-019
           8           5  -2.4793350758198476E-032
           8           6  -9.1755779760881672E-032
           8           7   2.0441965067059475E-031
           8           8   3.9838210528313669E-031
           8           9   2.4002931516825024E-031
           8          10  -4.4824959107422734E-031
           8          11  -2.0250604327541907E-031
           8          12  -7.6500684429129242E-031
           8          13  -1.6571536209424203E-031
           8          14   2.3050312019400216E-018
           8          15  -1.7245146386698239E-032
           8          16   2.3050312019400112E-018
           8          17  -1.0903011066996029E-031
           8          18   1.1778055600852974E-031
           8          19   2.3050312019399284E-018
           8          20  -7.7638113962619113E-018
           8          21   1.9213929419883690E-031
           8          22  -7.7638113962624629E-018
           8          23  -3.0150780759603434E-031
           8          24  -3.8697650338496316E-031
           8          25  -7.7638113962631902E-018
           9           1   1.3257414193650664E-016
           9           2   1.9550763029281058E-016
           9           3   1.0281578332215397E-016
           9           4  -4.8652013880690989E-019
           9           5  -1.4938248792543108E-032
           9           6  -5.5283800870223198E-032
           9           7   1.2316494166454413E-031
           9           8   2.4002931516825024E-031
           9           9   1.4462013071393339E-031
           9          10  -2.7007498816626530E-031
           9          11  -1.2201197353049987E-031
           9          12  -4.6092449058111819E-031
           9          13  -9.9845209784384481E-032
           9          14   1.3888050027997376E-018
           9          15  -1.0390378037270287E-032
           9          16   1.3888050027997314E-018
           9          17  -6.5691762882344718E-032
           9          18   7.0963996183439572E-032
           9          19   1.3888050027996815E-018
           9          20  -4.6777762048718356E-018
           9          21   1.1576590060610329E-031
           9          22  -4.6777762048721676E-018
           9          23  -1.8166155461154972E-031
           9          24  -2.3315732273587281E-031
           9          25  -4.6777762048726059E-018
          10           1  -2.4757936283074590E-016
          10           2  -3.6510630074170044E-016
          10           3  -1.9200626722542946E-016
          10           4   9.0856591044601053E-019
          10           5   2.7896858797971681E-032
          10           6   1.0324131081962298E-031
          10           7  -2.3000788340005092E-031
          10           8  -4.4824959107422734E-031
          10           9  -2.7007498816626530E-031
          10          10   5.0435924012051055E-031
          10          11   2.2785474017150535E-031
          10          12   8.6076658709065849E-031
          10          13   1.8645878494132707E-031
          10          14  -2.5935635159832706E-018
          10          15   1.9403807835090245E-032
          10          16  -2.5935635159832586E-018
          10          17   1.2267795635010471E-031
          10          18  -1.3252373881049767E-031
          10          19  -2.5935635159831658E-018
          10          20   8.7356466000862308E-018
          10          21  -2.1619033312931536E-031
          10          22   8.7356466000868517E-018
          10          23   3.3924905177293385E-031
          10          24   4.3541629279347720E-031
          10          25   8.7356466000876699E-018
          11           1  -1.1184910853650160E-016
          11           2  -1.6494433862379939E-016
          11           3  -8.6742810778082358E-017
          11           4   4.1046348115660133E-019
          11           5   1.2602984157669478E-032
          11           6   4.6641401962121352E-032
          11           7  -1.0391082851380723E-031
          11           8  -2.0250604327541907E-031
          11           9  -1.2201197353049987E-031
          11          10   2.2785474017150535E-031
          11          11   1.0293810143384919E-031
          11          12   3.8886914613280921E-031
          11          13   8.4236620678049389E-032
          11          14  -1.1716960730440115E-018
          11          15   8.7660723565724758E-033
          11          16  -1.1716960730440063E-018
          11          17   5.5422309428187357E-032
          11          18  -5.9870345720259591E-032
          11          19  -1.1716960730439643E-018
          11          20   3.9465094082883190E-018
          11          21  -9.7668463793785665E-032
          11          22   3.9465094082885994E-018
          11          23   1.5326279047982075E-031
          11          24   1.9670833479167033E-031
          11          25   3.9465094082889692E-018
          12           1  -4.2253224730646631E-016
          12           2  -6.2311003629008111E-016
          12           3  -3.2768821544770354E-016
          12           4   1.5506074156481498E-018
          12           5   4.7610278602891371E-032
          12           6   1.7619716997697739E-031
          12           7  -3.9254381609208209E-031
          12           8  -7.6500684429129242E-031
          12           9  -4.6092449058111819E-031
          12          10   8.6076658709065849E-031
          12          11   3.8886914613280921E-031
          12          12   1.4690305213297303E-030
          12          13   3.1822058401997010E-031
          12          14  -4.4263148931748541E-018
          12          15   3.3115581351861094E-032
          12          16  -4.4263148931748341E-018
          12          17   2.0936879390472801E-031
          12          18  -2.2617213543495271E-031
          12          19  -4.4263148931746754E-018
          12          20   1.4908724004322159E-017
          12          21  -3.6896204214529611E-031
          12          22   1.4908724004323219E-017
          12          23   5.7898066544504491E-031
          12          24   7.4310484769141190E-031
          12          25   1.4908724004324615E-017
          13           1  -9.1528703150037784E-017
          13           2  -1.3497775354418800E-016
          13           3  -7.0983641103549631E-017
          13           4   3.3589172602527367E-019
          13           5   1.0313312380093814E-032
          13           6   3.8167734106699761E-032
          13           7  -8.5032625664700028E-032
          13           8  -1.6571536209424203E-031
          13           9  -9.9845209784384481E-032
          13          10   1.8645878494132707E-031
          13          11   8.4236620678049389E-032
          13          12   3.1822058401997010E-031
          13          13   6.8932767987930470E-032
          13          14  -9.5882589906124882E-019
          13          15   7.1734790291567760E-033
          13          16  -9.5882589906124439E-019
          13          17   4.5353353047839726E-032
          13          18  -4.8993283653498607E-032
          13          19  -9.5882589906121011E-019
          13          20   3.2295195986490154E-018
          13          21  -7.9924354754997939E-032
          13          22   3.2295195986492450E-018
          13          23   1.2541847348918276E-031
          13          24   1.6097096363007084E-031
          13          25   3.2295195986495473E-018
          14           1   1.2731258826442480E-003
          14           2   1.8774839553510178E-003
          14           3   9.8735268416421176E-004
          14           4  -4.6721130689225748E-006
          14           5  -1.4345385081409148E-019
          14           6  -5.3089717761507513E-019
          14           7   1.1827681686418001E-018
          14           8   2.3050312019400216E-018
          14           9   1.3888050027997376E-018
          14          10  -2.5935635159832706E-018
          14          11  -1.1716960730440115E-018
          14          12  -4.4263148931748541E-018
          14          13  -9.5882589906124882E-019
          14          14   1.3336866218277812E-005
          14          15  -9.9780085441115016E-020
          14          16   1.3336866218277751E-005
          14          17  -6.3084612414158631E-019
          14          18   6.8147603263594001E-019
          14          19   1.3336866218277273E-005
          14          20  -4.4921263473022648E-005
          14          21   1.1117142621963036E-018
          14          22  -4.4921263473025839E-005
          14          23  -1.7445183780116093E-018
          14          24  -2.2390386086393977E-018
          14          25  -4.4921263473030047E-005
          15           1  -9.5249219170724912E-018
          15           2  -1.4046441376348885E-017
          15           3  -7.3869028581394088E-018
          15           4   3.4954526316590957E-020
          15           5   1.0732534357636647E-033
          15           6   3.9719200054868218E-033
          15           7  -8.8489085061355168E-033
          15           8  -1.7245146386698239E-032
          15           9  -1.0390378037270287E-032
          15          10   1.9403807835090245E-032
          15          11   8.7660723565724758E-033
          15          12   3.3115581351861094E-032
          15          13   7.1734790291567760E-033
          15          14  -9.9780085441115016E-020
          15          15   7.4650710951810381E-034
          15          16  -9.9780085441114571E-020
          15          17   4.7196904532774065E-033
          15          18  -5.0984793316211827E-033
          15          19  -9.9780085441110996E-020
          15          20   3.3607951329062899E-019
          15          21  -8.3173169958045292E-033
          15          22   3.3607951329065287E-019
          15          23   1.3051656210889937E-032
          15          24   1.6751421212414583E-032
          15          25   3.3607951329068436E-019
          16           1   1.2731258826442422E-003
          16           2   1.8774839553510093E-003
          16           3   9.8735268416420721E-004
          16           4  -4.6721130689225545E-006
          16           5  -1.4345385081409083E-019
          16           6  -5.3089717761507272E-019
          16           7   1.1827681686417947E-018
          16           8   2.3050312019400112E-018
          16           9   1.3888050027997314E-018
          16          10  -2.5935635159832586E-018
          16          11  -1.1716960730440063E-018
          16          12  -4.4263148931748341E-018
          16          13  -9.5882589906124439E-019
          16          14   1.3336866218277751E-005
          16          15  -9.9780085441114571E-020
          16          16   1.3336866218277692E-005
          16          17  -6.3084612414158342E-019
          16          18   6.8147603263593693E-019
          16          19   1.3336866218277212E-005
          16          20  -4.4921263473022444E-005
          16          21   1.1117142621962986E-018
          16          22  -4.4921263473025636E-005
          16          23  -1.7445183780116016E-018
          16          24  -2.2390386086393877E-018
          16          25  -4.4921263473029844E-005
          17           1  -6.0220033362092923E-017
          17           2  -8.8806729930904762E-017
          17           3  -4.6702696403459584E-017
          17           4   2.2099527526502056E-019
          17           5   6.7855000041337198E-033
          17           6   2.5111928194734866E-032
          17           7  -5.5946029804449167E-032
          17           8  -1.0903011066996029E-031
          17           9  -6.5691762882344718E-032
          17          10   1.2267795635010471E-031
          17          11   5.5422309428187357E-032
          17          12   2.0936879390472801E-031
          17          13   4.5353353047839726E-032
          17          14  -6.3084612414158631E-019
          17          15   4.7196904532774065E-033
          17          16  -6.3084612414158342E-019
          17          17   2.9839605933743197E-032
          17          18  -3.2234447496713491E-032
          17          19  -6.3084612414156080E-019
          17          20   2.1248173663661961E-018
          17          21  -5.2585114222584059E-032
          17          22   2.1248173663663471E-018
          17          23   8.2517334975899682E-032
          17          24   1.0590859988741260E-031
          17          25   2.1248173663665462E-018
          18           1   6.5053121276833594E-017
          18           2   9.5934104480764653E-017
          18           3   5.0450921453687589E-017
          18           4  -2.3873172498891750E-019
          18           5  -7.3300848579524003E-033
          18           6  -2.7127339842616929E-032
          18           7   6.0436098398396678E-032
          18           8   1.1778055600852974E-031
          18           9   7.0963996183439572E-032
          18          10  -1.3252373881049767E-031
          18          11  -5.9870345720259591E-032
          18          12  -2.2617213543495271E-031
          18          13  -4.8993283653498607E-032
          18          14   6.8147603263594001E-019
          18          15  -5.0984793316211827E-033
          18          16   6.8147603263593693E-019
          18          17  -3.2234447496713491E-032
          18          18   3.4821492204874947E-032
          18          19   6.8147603263591247E-019
          18          20  -2.2953491406126036E-018
          18          21   5.6805445329282001E-032
          18          22  -2.2953491406127669E-018
          18          23  -8.9139940646518125E-032
          18          24  -1.1440852168428700E-031
          18          25  -2.2953491406129819E-018
          19           1   1.2731258826441964E-003
          19           2   1.8774839553509421E-003
          19           3   9.8735268416417186E-004
          19           4  -4.6721130689223868E-006
          19           5  -1.4345385081408570E-019
          19           6  -5.3089717761505375E-019
          19           7   1.1827681686417524E-018
          19           8   2.3050312019399284E-018
          19           9   1.3888050027996815E-018
          19          10  -2.5935635159831658E-018
          19          11  -1.1716960730439643E-018
          19          12  -4.4263148931746754E-018
          19          13  -9.5882589906121011E-019
          19          14   1.3336866218277273E-005
          19          15  -9.9780085441110996E-020
          19          16   1.3336866218277212E-005
          19          17  -6.3084612414156080E-019
          19          18   6.8147603263591247E-019
          19          19   1.3336866218276734E-005
          19          20  -4.4921263473020832E-005
          19          21   1.1117142621962588E-018
          19          22  -4.4921263473024023E-005
          19          23  -1.7445183780115388E-018
          19          24  -2.2390386086393072E-018
          19          25  -4.4921263473028231E-005
          20           1  -4.2881455262862916E-003
          20           2  -6.3237457768835926E-003
          20           3  -3.3256035818483290E-003
          20           4   1.5736621985245111E-005
          20           5   4.8318159027553151E-019
          20           6   1.7881690947793324E-018
          20           7  -3.9838024661481265E-018
          20           8  -7.7638113962619113E-018
          20           9  -4.6777762048718356E-018
          20          10   8.7356466000862308E-018
          20          11   3.9465094082883190E-018
          20          12   1.4908724004322159E-017
          20          13   3.2295195986490154E-018
          20          14  -4.4921263473022648E-005
          20          15   3.3607951329062899E-019
          20          16  -4.4921263473022444E-005
          20          17   2.1248173663661961E-018
          20          18  -2.2953491406126036E-018
          20          19  -4.4921263473020832E-005
          20          20   1.5130390295489462E-004
          20          21  -3.7444785350246863E-018
          20          22   1.5130390295490538E-004
          20          23   5.8758908134499538E-018
          20          24   7.5415349917147458E-018
          20          25   1.5130390295491956E-004
          21           1   1.0612329599341457E-016
          21           2   1.5650045940687091E-016
          21           3   8.2302247232475922E-017
          21           4  -3.8945091360342641E-019
          21           5  -1.1957808476660263E-032
          21           6  -4.4253721560585355E-032
          21           7   9.8591394742256401E-032
          21           8   1.9213929419883690E-031
          21           9   1.1576590060610329E-031
          21          10  -2.1619033312931536E-031
          21          11  -9.7668463793785665E-032
          21          12  -3.6896204214529611E-031
          21          13  -7.9924354754997939E-032
          21          14   1.1117142621963036E-018
          21          15  -8.3173169958045292E-033
          21          16   1.1117142621962986E-018
          21          17  -5.2585114222584059E-032
          21          18   5.6805445329282001E-032
          21          19   1.1117142621962588E-018
          21          20  -3.7444785350246863E-018
          21          21   9.2668590997553279E-032
          21          22  -3.7444785350249528E-018
          21          23  -1.4541691651980176E-031
          21          24  -1.8663838371725173E-031
          21          25  -3.7444785350253033E-018
          22           1  -4.2881455262865961E-003
          22           2  -6.3237457768840419E-003
          22           3  -3.3256035818485653E-003
          22           4   1.5736621985246229E-005
          22           5   4.8318159027556589E-019
          22           6   1.7881690947794595E-018
          22           7  -3.9838024661484100E-018
          22           8  -7.7638113962624629E-018
          22           9  -4.6777762048721676E-018
          22          10   8.7356466000868517E-018
          22          11   3.9465094082885994E-018
          22          12   1.4908724004323219E-017
          22          13   3.2295195986492450E-018
          22          14  -4.4921263473025839E-005
          22          15   3.3607951329065287E-019
          22          16  -4.4921263473025636E-005
          22          17   2.1248173663663471E-018
          22          18  -2.2953491406127669E-018
          22          19  -4.4921263473024023E-005
          22          20   1.5130390295490538E-004
          22          21  -3.7444785350249528E-018
          22          22   1.5130390295491614E-004
          22          23   5.8758908134503721E-018
          22          24   7.5415349917152820E-018
          22          25   1.5130390295493029E-004
          23           1  -1.6653023757195178E-016
          23           2  -2.4558282365036117E-016
          23           3  -1.2914989735317147E-016
          23           4   6.1113210401057305E-019
          23           5   1.8764369008871565E-032
          23           6   6.9443591022508377E-032
          23           7  -1.5471106730417490E-031
          23           8  -3.0150780759603434E-031
          23           9  -1.8166155461154972E-031
          23          10   3.3924905177293385E-031
          23          11   1.5326279047982075E-031
          23          12   5.7898066544504491E-031
          23          13   1.2541847348918276E-031
          23          14  -1.7445183780116093E-018
          23          15   1.3051656210889937E-032
          23          16  -1.7445183780116016E-018
          23          17   8.2517334975899682E-032
          23          18  -8.9139940646518125E-032
          23          19  -1.7445183780115388E-018
          23          20   5.8758908134499538E-018
          23          21  -1.4541691651980176E-031
          23          22   5.8758908134503721E-018
          23          23   2.2819036506862732E-031
          23          24   2.9287569792788699E-031
          23          25   5.8758908134509222E-018
          24           1  -2.1373671732508964E-016
          24           2  -3.1519841275537421E-016
          24           3  -1.6576013765195296E-016
          24           4   7.8437028414589457E-019
          24           5   2.4083521966393654E-032
          24           6   8.9128829699795678E-032
          24           7  -1.9856715598071545E-031
          24           8  -3.8697650338496316E-031
          24           9  -2.3315732273587281E-031
          24          10   4.3541629279347720E-031
          24          11   1.9670833479167033E-031
          24          12   7.4310484769141190E-031
          24          13   1.6097096363007084E-031
          24          14  -2.2390386086393977E-018
          24          15   1.6751421212414583E-032
          24          16  -2.2390386086393877E-018
          24          17   1.0590859988741260E-031
          24          18  -1.1440852168428700E-031
          24          19  -2.2390386086393072E-018
          24          20   7.5415349917147458E-018
          24          21  -1.8663838371725173E-031
          24          22   7.5415349917152820E-018
          24          23   2.9287569792788699E-031
          24          24   3.7589744164242025E-031
          24          25   7.5415349917159877E-018
          25           1  -4.2881455262869976E-003
          25           2  -6.3237457768846343E-003
          25           3  -3.3256035818488767E-003
          25           4   1.5736621985247703E-005
          25           5   4.8318159027561115E-019
          25           6   1.7881690947796271E-018
          25           7  -3.9838024661487828E-018
          25           8  -7.7638113962631902E-018
          25           9  -4.6777762048726059E-018
          25          10   8.7356466000876699E-018
          25          11   3.9465094082889692E-018
          25          12   1.4908724004324615E-017
          25          13   3.2295195986495473E-018
          25          14  -4.4921263473030047E-005
          25          15   3.3607951329068436E-019
          25          16  -4.4921263473029844E-005
          25          17   2.1248173663665462E-018
          25          18  -2.2953491406129819E-018
          25          19  -4.4921263473028231E-005
          25          20   1.5130390295491956E-004
          25          21  -3.7444785350253033E-018
          25          22   1.5130390295493029E-004
          25          23   5.8758908134509222E-018
          25          24   7.5415349917159877E-018
          25          25   1.5130390295494447E-004
