           1           1  0.44586924972144337     
           1           2  0.55826611946253191     
           1           3   2.2041769552958539E-002
           1           4  -1.5111622850317826E-002
           1           5   2.3679485767725646E-016
           1           6   3.6552731906816933E-016
           1           7  -2.9266383919215043E-016
           1           8   1.5176247447776479E-017
           1           9   3.9128677749112387E-016
           1          10  -8.7875622074070548E-016
           1          11  -1.3556211772395563E-015
           1          12  -2.5902753124879156E-016
           1          13   4.4753380130130121E-016
           1          14  -3.4152380561955760E-006
           1          15   6.6831690002565989E-017
           1          16  -3.4152380558171674E-006
           1          17  -3.3952976423095869E-016
           1          18   3.7013483878085913E-016
           1          19  -3.4152380562160530E-006
           1          20   1.8278514131894446E-002
           1          21  -1.5150068349355216E-016
           1          22   1.8278514131896739E-002
           1          23  -8.6857806708959931E-016
           1          24  -8.3386967281221353E-016
           1          25   1.8278514131898779E-002
           2           1  0.55826611946253191     
           2           2  0.69899653392662553     
           2           3   2.7598165072171273E-002
           2           4  -1.8921033582600364E-002
           2           5   2.9648724684815779E-016
           2           6   4.5767120764936586E-016
           2           7  -3.6643995053456272E-016
           2           8   1.9001949060103266E-017
           2           9   4.8992423452265554E-016
           2          10  -1.1002773248277679E-015
           2          11  -1.6973526982440818E-015
           2          12  -3.2432443994414352E-016
           2          13   5.6035027922845654E-016
           2          14  -4.2761677282392085E-006
           2          15   8.3678944574367329E-017
           2          16  -4.2761677277654088E-006
           2          17  -4.2512006386999258E-016
           2          18   4.6344021314135127E-016
           2          19  -4.2761677282648474E-006
           2          20   2.2886250084142110E-002
           2          21  -1.8969170608358059E-016
           2          22   2.2886250084144980E-002
           2          23  -1.0875334131414466E-015
           2          24  -1.0440755595260265E-015
           2          25   2.2886250084147537E-002
           3           1   2.2041769552958539E-002
           3           2   2.7598165072171273E-002
           3           3   1.0896459115071473E-003
           3           4  -7.4705064017315361E-004
           3           5   1.1706072323912236E-017
           3           6   1.8070025993595346E-017
           3           7  -1.4467983391964456E-017
           3           8   7.5024538949826683E-019
           3           9   1.9343457715389355E-017
           3          10  -4.3441753659612954E-017
           3          11  -6.7015811492926146E-017
           3          12  -1.2805155671140342E-017
           3          13   2.2124057493549105E-017
           3          14  -1.6883400290597924E-007
           3          15   3.3038580498467527E-018
           3          16  -1.6883400288727241E-007
           3          17  -1.6784823856376416E-017
           3          18   1.8297801037021799E-017
           3          19  -1.6883400290699152E-007
           3          20   9.0360749595855565E-004
           3          21  -7.4895121266309342E-018
           3          22   9.0360749595866895E-004
           3          23  -4.2938591538896070E-017
           3          24  -4.1222764693484967E-017
           3          25   9.0360749595876989E-004
           4           1  -1.5111622850317826E-002
           4           2  -1.8921033582600364E-002
           4           3  -7.4705064017315361E-004
           4           4   5.1217065386975310E-004
           4           5  -8.0255693442617136E-018
           4           6  -1.2388634091041037E-017
           4           7   9.9191087130607821E-018
           4           8  -5.1436094293826113E-019
           4           9  -1.3261686495438349E-017
           4          10   2.9783243839983356E-017
           4          11   4.5945388633879599E-017
           4          12   8.7790901985865300E-018
           4          13  -1.5168038662140300E-017
           4          14   1.1575095048946142E-007
           4          15  -2.2650929491080407E-018
           4          16   1.1575095047663622E-007
           4          17   1.1507512004295146E-017
           4          18  -1.2544794445712440E-017
           4          19   1.1575095049015543E-007
           4          20  -6.1950451168803526E-004
           4          21   5.1347366788587605E-018
           4          22  -6.1950451168811299E-004
           4          23   2.9438280783248245E-017
           4          24   2.8261926584371188E-017
           4          25  -6.1950451168818216E-004
           5           1   2.3679485767725646E-016
           5           2   2.9648724684815779E-016
           5           3   1.1706072323912236E-017
           5           4  -8.0255693442617136E-018
           5           5   1.2575840262010213E-031
           5           6   1.9412639366803489E-031
           5           7  -1.5542962918407288E-031
           5           8   8.0598905547224746E-033
           5           9   2.0780687801387731E-031
           5          10  -4.6669501059626809E-031
           5          11  -7.1995125012380370E-031
           5          12  -1.3756586137049950E-031
           5          13   2.3767887749852720E-031
           5          14  -1.8137846688373849E-021
           5          15   3.5493366121065870E-032
           5          16  -1.8137846686364175E-021
           5          17  -1.8031945968126639E-031
           5          18   1.9657338227577842E-031
           5          19  -1.8137846688482596E-021
           5          20   9.7074605506384300E-018
           5          21  -8.0459872055037197E-032
           5          22   9.7074605506396472E-018
           5          23  -4.6128953702585106E-031
           5          24  -4.4285639931058067E-031
           5          25   9.7074605506407319E-018
           6           1   3.6552731906816933E-016
           6           2   4.5767120764936586E-016
           6           3   1.8070025993595346E-017
           6           4  -1.2388634091041037E-017
           6           5   1.9412639366803489E-031
           6           6   2.9966233614145002E-031
           6           7  -2.3992824935771684E-031
           6           8   1.2441613873498963E-032
           6           9   3.2078015438945221E-031
           6          10  -7.2041165808698836E-031
           6          11  -1.1113495153522796E-030
           6          12  -2.1235292436374464E-031
           6          13   3.6689193229685966E-031
           6          14  -2.7998405618702544E-021
           6          15   5.4789175281082542E-032
           6          16  -2.7998405615600318E-021
           6          17  -2.7834932447287182E-031
           6          18   3.0343961912112492E-031
           6          19  -2.7998405618870416E-021
           6          20   1.4984877901660993E-017
           6          21  -1.2420152030890341E-031
           6          22   1.4984877901662873E-017
           6          23  -7.1206752307548653E-031
           6          24  -6.8361329278869308E-031
           6          25   1.4984877901664546E-017
           7           1  -2.9266383919215043E-016
           7           2  -3.6643995053456272E-016
           7           3  -1.4467983391964456E-017
           7           4   9.9191087130607821E-018
           7           5  -1.5542962918407288E-031
           7           6  -2.3992824935771684E-031
           7           7   1.9210143517230673E-031
           7           8  -9.9615276123464181E-033
           7           9  -2.5683648423213876E-031
           7          10   5.7680624855074196E-031
           7          11   8.8981534041420248E-031
           7          12   1.7002291994591927E-031
           7          13  -2.9375643316717542E-031
           7          14   2.2417259811161731E-021
           7          15  -4.3867611386230914E-032
           7          16   2.2417259808677895E-021
           7          17   2.2286373052619847E-031
           7          18  -2.4295257635293292E-031
           7          19   2.2417259811296137E-021
           7          20  -1.1997822509424632E-017
           7          21   9.9443439302348082E-032
           7          22  -1.1997822509426137E-017
           7          23   5.7012541661339411E-031
           7          24   5.4734319530577819E-031
           7          25  -1.1997822509427476E-017
           8           1   1.5176247447776479E-017
           8           2   1.9001949060103266E-017
           8           3   7.5024538949826683E-019
           8           4  -5.1436094293826113E-019
           8           5   8.0598905547224746E-033
           8           6   1.2441613873498963E-032
           8           7  -9.9615276123464181E-033
           8           8   5.1656059874062510E-034
           8           9   1.3318399871617700E-032
           8          10  -2.9910611374445837E-032
           8          11  -4.6141873304980515E-032
           8          12  -8.8166338281329042E-033
           8          13   1.5232904520856292E-032
           8          14  -1.1624595745561798E-022
           8          15   2.2747795804839330E-033
           8          16  -1.1624595744273792E-022
           8          17  -1.1556723683172675E-032
           8          18   1.2598442045264505E-032
           8          19  -1.1624595745631496E-022
           8          20   6.2215381216940716E-019
           8          21  -5.1566952927160700E-033
           8          22   6.2215381216948516E-019
           8          23  -2.9564173089080385E-032
           8          24  -2.8382788231529260E-032
           8          25   6.2215381216955468E-019
           9           1   3.9128677749112387E-016
           9           2   4.8992423452265554E-016
           9           3   1.9343457715389355E-017
           9           4  -1.3261686495438349E-017
           9           5   2.0780687801387731E-031
           9           6   3.2078015438945221E-031
           9           7  -2.5683648423213876E-031
           9           8   1.3318399871617700E-032
           9           9   3.4338618851836222E-031
           9          10  -7.7118054234223775E-031
           9          11  -1.1896685906735656E-030
           9          12  -2.2731786963811014E-031
           9          13   3.9274755780745478E-031
           9          14  -2.9971510576445744E-021
           9          15   5.8650280618650498E-032
           9          16  -2.9971510573124895E-021
           9          17  -2.9796517116004985E-031
           9          18   3.2482363023294566E-031
           9          19  -2.9971510576625442E-021
           9          20   1.6040892922001780E-017
           9          21  -1.3295425569027247E-031
           9          22   1.6040892922003792E-017
           9          23  -7.6224837905571603E-031
           9          24  -7.3178892091372866E-031
           9          25   1.6040892922005585E-017
          10           1  -8.7875622074070548E-016
          10           2  -1.1002773248277679E-015
          10           3  -4.3441753659612954E-017
          10           4   2.9783243839983356E-017
          10           5  -4.6669501059626809E-031
          10           6  -7.2041165808698836E-031
          10           7   5.7680624855074196E-031
          10           8  -2.9910611374445837E-032
          10           9  -7.7118054234223775E-031
          10          10   1.7319258862837634E-030
          10          11   2.6717710252755444E-030
          10          12   5.1051301378193237E-031
          10          13  -8.8203685751136784E-031
          10          14   6.7310353630963155E-021
          10          15  -1.3171745611310950E-031
          10          16   6.7310353623505165E-021
          10          17   6.6917351360512690E-031
          10          18  -7.2949254135543780E-031
          10          19   6.7310353631366728E-021
          10          20  -3.6024816713272088E-017
          10          21   2.9859015428761223E-031
          10          22  -3.6024816713276605E-017
          10          23   1.7118659340844310E-030
          10          24   1.6434597423539434E-030
          10          25  -3.6024816713280630E-017
          11           1  -1.3556211772395563E-015
          11           2  -1.6973526982440818E-015
          11           3  -6.7015811492926146E-017
          11           4   4.5945388633879599E-017
          11           5  -7.1995125012380370E-031
          11           6  -1.1113495153522796E-030
          11           7   8.8981534041420248E-031
          11           8  -4.6141873304980515E-032
          11           9  -1.1896685906735656E-030
          11          10   2.6717710252755444E-030
          11          11   4.1216315709784160E-030
          11          12   7.8754748632770556E-031
          11          13  -1.3606820810217133E-030
          11          14   1.0383692163533653E-020
          11          15  -2.0319511680787348E-031
          11          16   1.0383692162383138E-020
          11          17   1.0323065315273412E-030
          11          18  -1.1253582214942107E-030
          11          19   1.0383692163595910E-020
          11          20  -5.5574007090978174E-017
          11          21   4.6062278355916246E-031
          11          22  -5.5574007090985151E-017
          11          23   2.6408253598293226E-030
          11          24   2.5352979337065306E-030
          11          25  -5.5574007090991351E-017
          12           1  -2.5902753124879156E-016
          12           2  -3.2432443994414352E-016
          12           3  -1.2805155671140342E-017
          12           4   8.7790901985865300E-018
          12           5  -1.3756586137049950E-031
          12           6  -2.1235292436374464E-031
          12           7   1.7002291994591927E-031
          12           8  -8.8166338281329042E-033
          12           9  -2.2731786963811014E-031
          12          10   5.1051301378193237E-031
          12          11   7.8754748632770556E-031
          12          12   1.5048192264158478E-031
          12          13  -2.5999455170744894E-031
          12          14   1.9840809449764492E-021
          12          15  -3.8825838923326530E-032
          12          16   1.9840809447566129E-021
          12          17   1.9724965708932538E-031
          12          18  -2.1502966077717482E-031
          12          19   1.9840809449883452E-021
          12          20  -1.0618894201469893E-017
          12          21   8.8014250931985809E-032
          12          22  -1.0618894201471226E-017
          12          23   5.0460002019790742E-031
          12          24   4.8443619484126383E-031
          12          25  -1.0618894201472411E-017
          13           1   4.4753380130130121E-016
          13           2   5.6035027922845654E-016
          13           3   2.2124057493549105E-017
          13           4  -1.5168038662140300E-017
          13           5   2.3767887749852720E-031
          13           6   3.6689193229685966E-031
          13           7  -2.9375643316717542E-031
          13           8   1.5232904520856292E-032
          13           9   3.9274755780745478E-031
          13          10  -8.8203685751136784E-031
          13          11  -1.3606820810217133E-030
          13          12  -2.5999455170744894E-031
          13          13   4.4920456710643631E-031
          13          14  -3.4279880718236609E-021
          13          15   6.7081190938653953E-032
          13          16  -3.4279880714438397E-021
          13          17  -3.4079732149312127E-031
          13          18   3.7151665313795597E-031
          13          19  -3.4279880718442142E-021
          13          20   1.8346752813065454E-017
          13          21  -1.5206627688716762E-031
          13          22   1.8346752813067756E-017
          13          23  -8.7182070603522532E-031
          13          24  -8.3698273585063171E-031
          13          25   1.8346752813069805E-017
          14           1  -3.4152380561955760E-006
          14           2  -4.2761677282392085E-006
          14           3  -1.6883400290597924E-007
          14           4   1.1575095048946142E-007
          14           5  -1.8137846688373849E-021
          14           6  -2.7998405618702544E-021
          14           7   2.2417259811161731E-021
          14           8  -1.1624595745561798E-022
          14           9  -2.9971510576445744E-021
          14          10   6.7310353630963155E-021
          14          11   1.0383692163533653E-020
          14          12   1.9840809449764492E-021
          14          13  -3.4279880718236609E-021
          14          14   2.6159801304471039E-011
          14          15  -5.1191269906867424E-022
          14          16   2.6159801301572530E-011
          14          17   2.6007063118551583E-021
          14          18  -2.8351329187154068E-021
          14          19   2.6159801304627883E-011
          14          20  -1.4000848256064943E-007
          14          21   1.1604543263077069E-021
          14          22  -1.4000848256066701E-007
          14          23   6.6530734545036497E-021
          14          24   6.3872165265373803E-021
          14          25  -1.4000848256068265E-007
          15           1   6.6831690002565989E-017
          15           2   8.3678944574367329E-017
          15           3   3.3038580498467527E-018
          15           4  -2.2650929491080407E-018
          15           5   3.5493366121065870E-032
          15           6   5.4789175281082542E-032
          15           7  -4.3867611386230914E-032
          15           8   2.2747795804839330E-033
          15           9   5.8650280618650498E-032
          15          10  -1.3171745611310950E-031
          15          11  -2.0319511680787348E-031
          15          12  -3.8825838923326530E-032
          15          13   6.7081190938653953E-032
          15          14  -5.1191269906867424E-022
          15          15   1.0017454200731509E-032
          15          16  -5.1191269901195428E-022
          15          17  -5.0892381486061574E-032
          15          18   5.5479800008649140E-032
          15          19  -5.1191269907174350E-022
          15          20   2.7397807562048186E-018
          15          21  -2.2708555749793384E-032
          15          22   2.7397807562051626E-018
          15          23  -1.3019184471462400E-031
          15          24  -1.2498937639396215E-031
          15          25   2.7397807562054684E-018
          16           1  -3.4152380558171674E-006
          16           2  -4.2761677277654088E-006
          16           3  -1.6883400288727241E-007
          16           4   1.1575095047663622E-007
          16           5  -1.8137846686364175E-021
          16           6  -2.7998405615600318E-021
          16           7   2.2417259808677895E-021
          16           8  -1.1624595744273792E-022
          16           9  -2.9971510573124895E-021
          16          10   6.7310353623505165E-021
          16          11   1.0383692162383138E-020
          16          12   1.9840809447566129E-021
          16          13  -3.4279880714438397E-021
          16          14   2.6159801301572530E-011
          16          15  -5.1191269901195428E-022
          16          16   2.6159801298674021E-011
          16          17   2.6007063115670001E-021
          16          18  -2.8351329184012737E-021
          16          19   2.6159801301729375E-011
          16          20  -1.4000848254513650E-007
          16          21   1.1604543261791285E-021
          16          22  -1.4000848254515405E-007
          16          23   6.6530734537664888E-021
          16          24   6.3872165258296763E-021
          16          25  -1.4000848254516969E-007
          17           1  -3.3952976423095869E-016
          17           2  -4.2512006386999258E-016
          17           3  -1.6784823856376416E-017
          17           4   1.1507512004295146E-017
          17           5  -1.8031945968126639E-031
          17           6  -2.7834932447287182E-031
          17           7   2.2286373052619847E-031
          17           8  -1.1556723683172675E-032
          17           9  -2.9796517116004985E-031
          17          10   6.6917351360512690E-031
          17          11   1.0323065315273412E-030
          17          12   1.9724965708932538E-031
          17          13  -3.4079732149312127E-031
          17          14   2.6007063118551583E-021
          17          15  -5.0892381486061574E-032
          17          16   2.6007063115670001E-021
          17          17   2.5855216718971272E-031
          17          18  -2.8185795415010660E-031
          17          19   2.6007063118707516E-021
          17          20  -1.3919102063153327E-017
          17          21   1.1536788280315664E-031
          17          22  -1.3919102063155071E-017
          17          23   6.6142284205371236E-031
          17          24   6.3499237407863153E-031
          17          25  -1.3919102063156627E-017
          18           1   3.7013483878085913E-016
          18           2   4.6344021314135127E-016
          18           3   1.8297801037021799E-017
          18           4  -1.2544794445712440E-017
          18           5   1.9657338227577842E-031
          18           6   3.0343961912112492E-031
          18           7  -2.4295257635293292E-031
          18           8   1.2598442045264505E-032
          18           9   3.2482363023294566E-031
          18          10  -7.2949254135543780E-031
          18          11  -1.1253582214942107E-030
          18          12  -2.1502966077717482E-031
          18          13   3.7151665313795597E-031
          18          14  -2.8351329187154068E-021
          18          15   5.5479800008649140E-032
          18          16  -2.8351329184012737E-021
          18          17  -2.8185795415010660E-031
          18          18   3.0726451524729087E-031
          18          19  -2.8351329187324054E-021
          18          20   1.5173764249472594E-017
          18          21  -1.2576709673319959E-031
          18          22   1.5173764249474498E-017
          18          23  -7.2104322742967906E-031
          18          24  -6.9223032784481499E-031
          18          25   1.5173764249476193E-017
          19           1  -3.4152380562160530E-006
          19           2  -4.2761677282648474E-006
          19           3  -1.6883400290699152E-007
          19           4   1.1575095049015543E-007
          19           5  -1.8137846688482596E-021
          19           6  -2.7998405618870416E-021
          19           7   2.2417259811296137E-021
          19           8  -1.1624595745631496E-022
          19           9  -2.9971510576625442E-021
          19          10   6.7310353631366728E-021
          19          11   1.0383692163595910E-020
          19          12   1.9840809449883452E-021
          19          13  -3.4279880718442142E-021
          19          14   2.6159801304627883E-011
          19          15  -5.1191269907174350E-022
          19          16   2.6159801301729375E-011
          19          17   2.6007063118707516E-021
          19          18  -2.8351329187324054E-021
          19          19   2.6159801304784728E-011
          19          20  -1.4000848256148890E-007
          19          21   1.1604543263146647E-021
          19          22  -1.4000848256150645E-007
          19          23   6.6530734545435398E-021
          19          24   6.3872165265756755E-021
          19          25  -1.4000848256152209E-007
          20           1   1.8278514131894446E-002
          20           2   2.2886250084142110E-002
          20           3   9.0360749595855565E-004
          20           4  -6.1950451168803526E-004
          20           5   9.7074605506384300E-018
          20           6   1.4984877901660993E-017
          20           7  -1.1997822509424632E-017
          20           8   6.2215381216940716E-019
          20           9   1.6040892922001780E-017
          20          10  -3.6024816713272088E-017
          20          11  -5.5574007090978174E-017
          20          12  -1.0618894201469893E-017
          20          13   1.8346752813065454E-017
          20          14  -1.4000848256064943E-007
          20          15   2.7397807562048186E-018
          20          16  -1.4000848254513650E-007
          20          17  -1.3919102063153327E-017
          20          18   1.5173764249472594E-017
          20          19  -1.4000848256148890E-007
          20          20   7.4933196016230394E-004
          20          21  -6.2108059390922832E-018
          20          22   7.4933196016239794E-004
          20          23  -3.5607560924799200E-017
          20          24  -3.4184682186938463E-017
          20          25   7.4933196016248164E-004
          21           1  -1.5150068349355216E-016
          21           2  -1.8969170608358059E-016
          21           3  -7.4895121266309342E-018
          21           4   5.1347366788587605E-018
          21           5  -8.0459872055037197E-032
          21           6  -1.2420152030890341E-031
          21           7   9.9443439302348082E-032
          21           8  -5.1566952927160700E-033
          21           9  -1.3295425569027247E-031
          21          10   2.9859015428761223E-031
          21          11   4.6062278355916246E-031
          21          12   8.8014250931985809E-032
          21          13  -1.5206627688716762E-031
          21          14   1.1604543263077069E-021
          21          15  -2.2708555749793384E-032
          21          16   1.1604543261791285E-021
          21          17   1.1536788280315664E-031
          21          18  -1.2576709673319959E-031
          21          19   1.1604543263146647E-021
          21          20  -6.2108059390922832E-018
          21          21   5.1477999690162545E-032
          21          22  -6.2108059390930620E-018
          21          23   2.9513174751071888E-031
          21          24   2.8333827787971660E-031
          21          25  -6.2108059390937561E-018
          22           1   1.8278514131896739E-002
          22           2   2.2886250084144980E-002
          22           3   9.0360749595866895E-004
          22           4  -6.1950451168811299E-004
          22           5   9.7074605506396472E-018
          22           6   1.4984877901662873E-017
          22           7  -1.1997822509426137E-017
          22           8   6.2215381216948516E-019
          22           9   1.6040892922003792E-017
          22          10  -3.6024816713276605E-017
          22          11  -5.5574007090985151E-017
          22          12  -1.0618894201471226E-017
          22          13   1.8346752813067756E-017
          22          14  -1.4000848256066701E-007
          22          15   2.7397807562051626E-018
          22          16  -1.4000848254515405E-007
          22          17  -1.3919102063155071E-017
          22          18   1.5173764249474498E-017
          22          19  -1.4000848256150645E-007
          22          20   7.4933196016239794E-004
          22          21  -6.2108059390930620E-018
          22          22   7.4933196016249205E-004
          22          23  -3.5607560924803662E-017
          22          24  -3.4184682186942753E-017
          22          25   7.4933196016257564E-004
          23           1  -8.6857806708959931E-016
          23           2  -1.0875334131414466E-015
          23           3  -4.2938591538896070E-017
          23           4   2.9438280783248245E-017
          23           5  -4.6128953702585106E-031
          23           6  -7.1206752307548653E-031
          23           7   5.7012541661339411E-031
          23           8  -2.9564173089080385E-032
          23           9  -7.6224837905571603E-031
          23          10   1.7118659340844310E-030
          23          11   2.6408253598293226E-030
          23          12   5.0460002019790742E-031
          23          13  -8.7182070603522532E-031
          23          14   6.6530734545036497E-021
          23          15  -1.3019184471462400E-031
          23          16   6.6530734537664888E-021
          23          17   6.6142284205371236E-031
          23          18  -7.2104322742967906E-031
          23          19   6.6530734545435398E-021
          23          20  -3.5607560924799200E-017
          23          21   2.9513174751071888E-031
          23          22  -3.5607560924803662E-017
          23          23   1.6920383253620492E-030
          23          24   1.6244244452120508E-030
          23          25  -3.5607560924807643E-017
          24           1  -8.3386967281221353E-016
          24           2  -1.0440755595260265E-015
          24           3  -4.1222764693484967E-017
          24           4   2.8261926584371188E-017
          24           5  -4.4285639931058067E-031
          24           6  -6.8361329278869308E-031
          24           7   5.4734319530577819E-031
          24           8  -2.8382788231529260E-032
          24           9  -7.3178892091372866E-031
          24          10   1.6434597423539434E-030
          24          11   2.5352979337065306E-030
          24          12   4.8443619484126383E-031
          24          13  -8.3698273585063171E-031
          24          14   6.3872165265373803E-021
          24          15  -1.2498937639396215E-031
          24          16   6.3872165258296763E-021
          24          17   6.3499237407863153E-031
          24          18  -6.9223032784481499E-031
          24          19   6.3872165265756755E-021
          24          20  -3.4184682186938463E-017
          24          21   2.8333827787971660E-031
          24          22  -3.4184682186942753E-017
          24          23   1.6244244452120508E-030
          24          24   1.5595124168584413E-030
          24          25  -3.4184682186946574E-017
          25           1   1.8278514131898779E-002
          25           2   2.2886250084147537E-002
          25           3   9.0360749595876989E-004
          25           4  -6.1950451168818216E-004
          25           5   9.7074605506407319E-018
          25           6   1.4984877901664546E-017
          25           7  -1.1997822509427476E-017
          25           8   6.2215381216955468E-019
          25           9   1.6040892922005585E-017
          25          10  -3.6024816713280630E-017
          25          11  -5.5574007090991351E-017
          25          12  -1.0618894201472411E-017
          25          13   1.8346752813069805E-017
          25          14  -1.4000848256068265E-007
          25          15   2.7397807562054684E-018
          25          16  -1.4000848254516969E-007
          25          17  -1.3919102063156627E-017
          25          18   1.5173764249476193E-017
          25          19  -1.4000848256152209E-007
          25          20   7.4933196016248164E-004
          25          21  -6.2108059390937561E-018
          25          22   7.4933196016257564E-004
          25          23  -3.5607560924807643E-017
          25          24  -3.4184682186946574E-017
          25          25   7.4933196016265934E-004
