           1           1   1.9990424037844177     
           1           2  -2.3405636008317996E-003
           1           3   2.1745763147364575E-003
           1           4   4.1900936139160641E-002
           1           5  -1.1809220437448585E-002
           1           6  -5.5223141658125802E-003
           1           7  -5.8865613230828246E-003
           1           8  -1.7158900311484272E-015
           1           9   3.5784768442617164E-015
           1          10  -1.4976408069186689E-015
           1          11  -1.4409594315683396E-015
           1          12   2.0179071430502816E-015
           1          13  -3.3247572050054326E-015
           1          14   2.3230313343903568E-015
           1          15   5.5367435128798689E-016
           1          16   4.0864680280002399E-015
           1          17  -6.8454267852549284E-016
           1          18  -1.4728882551977411E-015
           1          19   3.6165364435453399E-016
           1          20   4.3775588188247877E-018
           1          21   2.1977928657952507E-015
           1          22  -1.3089955285869069E-015
           1          23  -1.4799866859230400E-002
           1          24   5.1980255891946193E-016
           1          25  -1.4799866859233544E-002
           1          26   1.1590148008110815E-015
           1          27   1.6064902277372037E-017
           1          28  -1.4799866859235695E-002
           1          29   5.2564660271331061E-003
           1          30  -3.5042070227983673E-015
           1          31   5.2564660271304390E-003
           1          32  -3.6277591398936322E-016
           1          33  -2.5097725719187370E-015
           1          34   5.2564660271331894E-003
           1          35   4.9169521402422115E-003
           1          36   4.3357291413099060E-015
           1          37   4.9169521402414370E-003
           1          38   2.4098571642888867E-015
           1          39   2.3830259611890500E-015
           1          40   4.9169521402374489E-003
           1          41   9.0825620202806428E-004
           1          42  -1.7126031531534944E-015
           1          43   9.0825620202782142E-004
           1          44   2.1612141239821859E-015
           1          45  -5.1561425353452258E-016
           1          46   9.0825620202834184E-004
           2           1  -2.3405636008317996E-003
           2           2   2.3897791361775469     
           2           3   1.7785801477522241     
           2           4   1.2069752996891754     
           2           5 -0.10214313342457124     
           2           6   5.2919660935887104E-002
           2           7  -2.2153219947062520E-002
           2           8   6.2657749269729368E-014
           2           9   2.0217391143492915E-013
           2          10  -1.5841029391393312E-013
           2          11  -1.4558054395293331E-014
           2          12   3.6813200973892624E-014
           2          13  -3.6351406459288429E-014
           2          14   7.0959655088715282E-015
           2          15  -3.7154475395871407E-015
           2          16   4.7023924291678123E-015
           2          17  -1.1032936741907498E-015
           2          18   7.1655884283241723E-015
           2          19  -4.3350871074168242E-015
           2          20   4.3968313483275216E-015
           2          21  -3.9004511689912239E-015
           2          22   6.8763655201503018E-015
           2          23 -0.97781866238215320     
           2          24   4.6089575644583643E-016
           2          25 -0.97781866238215076     
           2          26   9.5609019653082806E-015
           2          27   4.5168690578047663E-015
           2          28 -0.97781866238216630     
           2          29   2.5481987352699520E-002
           2          30  -1.0445032601644472E-015
           2          31   2.5481987352698479E-002
           2          32  -1.6412133730316685E-015
           2          33   7.9090260376593737E-016
           2          34   2.5481987352694989E-002
           2          35  -6.0331770619922510E-004
           2          36   6.0156736155833196E-015
           2          37  -6.0331770619089105E-004
           2          38   5.7477006213575773E-015
           2          39   3.7027926980397673E-015
           2          40  -6.0331770618960931E-004
           2          41   2.9279145015357558E-003
           2          42  -2.8842024841527138E-015
           2          43   2.9279145015206160E-003
           2          44   3.7123090371811759E-015
           2          45  -2.3414737934302803E-015
           2          46   2.9279145015330792E-003
           3           1   2.1745763147364575E-003
           3           2   1.7785801477522241     
           3           3   7.5100630238891712     
           3           4   4.1943297009536673     
           3           5 -0.72070052645886096     
           3           6   3.6785915968117637E-002
           3           7 -0.21215291500446454     
           3           8  -4.0447777631695904E-014
           3           9  -5.0219514615201834E-014
           3          10   4.4195071990615705E-014
           3          11  -7.1473256588945835E-015
           3          12   2.3400803049905385E-013
           3          13  -1.5300970113452718E-013
           3          14  -3.4678729754509472E-015
           3          15  -8.1090134090298850E-014
           3          16   6.9899830395768641E-014
           3          17   7.8450970867763421E-015
           3          18   1.9596782473099132E-014
           3          19  -2.0548274421228228E-014
           3          20   1.1686865916643528E-015
           3          21  -2.7042918930912730E-015
           3          22   1.0014757133757488E-014
           3          23  -3.8892024640869431     
           3          24  -1.6452519609700915E-014
           3          25  -3.8892024640869209     
           3          26   8.8854308534292189E-015
           3          27   5.1420183909977751E-015
           3          28  -3.8892024640869520     
           3          29  0.26695521732433014     
           3          30   4.9956861909240421E-015
           3          31  0.26695521732431243     
           3          32   3.2965342490521000E-015
           3          33  -4.3993258165768190E-015
           3          34  0.26695521732432348     
           3          35  0.12177439908059612     
           3          36   3.4318292986919540E-015
           3          37  0.12177439908060042     
           3          38   2.8152625568512343E-015
           3          39  -5.6234654408895804E-016
           3          40  0.12177439908061324     
           3          41   3.0809911740713916E-002
           3          42   2.0507490514582124E-015
           3          43   3.0809911740700014E-002
           3          44   4.4082617226460943E-015
           3          45   1.0954390925299567E-016
           3          46   3.0809911740704583E-002
           4           1   4.1900936139160641E-002
           4           2   1.2069752996891754     
           4           3   4.1943297009536673     
           4           4   2.3665384315737867     
           4           5 -0.39530484442546338     
           4           6   2.5230441984088300E-002
           4           7 -0.11555626650567294     
           4           8  -1.5199371433794025E-014
           4           9  -3.6802436697536728E-015
           4          10   4.1113915050335570E-015
           4          11  -3.2780396478765647E-015
           4          12   1.3386703929694885E-013
           4          13  -9.6109811124235403E-014
           4          14  -1.7975999952540210E-015
           4          15  -4.5389319808511379E-014
           4          16   4.1515138917186367E-014
           4          17   4.2535193138302509E-015
           4          18   1.1666384638349716E-014
           4          19  -1.2390928644765931E-014
           4          20   1.0438327694038361E-015
           4          21  -1.9478517943312699E-015
           4          22   6.3191959866692507E-015
           4          23  -2.1785401454930273     
           4          24  -9.1310692911405347E-015
           4          25  -2.1785401454930158     
           4          26   6.6029356268002579E-015
           4          27   3.0049585498741231E-015
           4          28  -2.1785401454930340     
           4          29  0.14510222550612806     
           4          30   2.5679445778635434E-015
           4          31  0.14510222550611868     
           4          32   1.3972112107062023E-015
           4          33  -2.2610601444026095E-015
           4          34  0.14510222550612417     
           4          35   6.4914174432264590E-002
           4          36   2.5451372572849615E-015
           4          37   6.4914174432267713E-002
           4          38   2.2211176257611779E-015
           4          39   1.3789456298007580E-016
           4          40   6.4914174432274638E-002
           4          41   1.6751351167853628E-002
           4          42   7.5075503547857598E-016
           4          43   1.6751351167844590E-002
           4          44   2.7838565699923560E-015
           4          45  -2.0302385096067655E-016
           4          46   1.6751351167848382E-002
           5           1  -1.1809220437448585E-002
           5           2 -0.10214313342457124     
           5           3 -0.72070052645886096     
           5           4 -0.39530484442546338     
           5           5   7.1614151690215011E-002
           5           6  -1.9595419618609832E-003
           5           7   2.1370447414724398E-002
           5           8   1.0072070177112013E-014
           5           9   2.3497780329699925E-014
           5          10  -2.1942995357349499E-014
           5          11  -1.3958563851225409E-015
           5          12   3.9253653215333369E-014
           5          13  -2.6019890788814665E-014
           5          14   1.2749883800487007E-015
           5          15  -1.3432313128071324E-014
           5          16   6.9342768710732517E-015
           5          17  -1.0474299283039121E-015
           5          18   4.0149565514241975E-015
           5          19  -1.7493271732713002E-015
           5          20   8.5344344670836821E-017
           5          21  -1.4287927674762513E-015
           5          22   2.0846979134682336E-016
           5          23  0.37132914443403386     
           5          24   1.1543346103981723E-015
           5          25  0.37132914443403015     
           5          26   4.8584067561912535E-016
           5          27  -6.8166197496705298E-016
           5          28  0.37132914443403348     
           5          29  -2.6961703948558527E-002
           5          30  -4.1358774295611799E-016
           5          31  -2.6961703948556390E-002
           5          32  -6.3189114367037267E-016
           5          33   5.6552103466462661E-016
           5          34  -2.6961703948557819E-002
           5          35  -1.2738955911316425E-002
           5          36  -2.0712156237136698E-016
           5          37  -1.2738955911316664E-002
           5          38  -4.2864606474474812E-017
           5          39   1.5583065703105014E-016
           5          40  -1.2738955911317896E-002
           5          41  -3.1139002423235798E-003
           5          42  -2.9564842535093875E-016
           5          43  -3.1139002423226344E-003
           5          44  -3.5885996648954243E-016
           5          45  -8.5408595406128913E-017
           5          46  -3.1139002423226894E-003
           6           1  -5.5223141658125802E-003
           6           2   5.2919660935887104E-002
           6           3   3.6785915968117637E-002
           6           4   2.5230441984088300E-002
           6           5  -1.9595419618609832E-003
           6           6   1.1879150436990417E-003
           6           7  -3.9252943822360039E-004
           6           8   2.0384582736913152E-015
           6           9   8.8868627487067041E-015
           6          10  -7.8622911044621333E-015
           6          11  -1.0676154099464019E-015
           6          12   2.7195835724054548E-014
           6          13  -1.6770870140287479E-014
           6          14   4.3532690092860730E-016
           6          15  -9.2946800896381927E-015
           6          16   5.6165934186357284E-015
           6          17  -1.0374010715941366E-016
           6          18   2.6229208734923254E-015
           6          19  -1.5649035059803746E-015
           6          20   1.1938739626250722E-016
           6          21  -7.5696663993872993E-016
           6          22   5.5065395736590209E-016
           6          23  -2.0287026505773902E-002
           6          24  -3.0533117444487134E-016
           6          25  -2.0287026505774644E-002
           6          26   8.1604681296457241E-016
           6          27  -7.0523197277039017E-017
           6          28  -2.0287026505774609E-002
           6          29   4.4606293754947165E-004
           6          30   5.3066018839759497E-017
           6          31   4.4606293754963580E-004
           6          32  -1.6796930036623323E-016
           6          33   6.2947518860942213E-017
           6          34   4.4606293754946721E-004
           6          35  -7.7951366798411210E-005
           6          36   1.0275013207239725E-016
           6          37  -7.7951366798271267E-005
           6          38   1.5731044029061715E-016
           6          39   6.6800130273972856E-017
           6          40  -7.7951366798215458E-005
           6          41   5.0363723240355617E-005
           6          42  -5.6117570657150156E-017
           6          43   5.0363723240034219E-005
           6          44   6.6477007823529329E-017
           6          45  -4.8663612064809697E-017
           6          46   5.0363723240305270E-005
           7           1  -5.8865613230828246E-003
           7           2  -2.2153219947062520E-002
           7           3 -0.21215291500446454     
           7           4 -0.11555626650567294     
           7           5   2.1370447414724398E-002
           7           6  -3.9252943822360039E-004
           7           7   6.4107063243495684E-003
           7           8   6.3126981569928012E-015
           7           9   5.3446680746600440E-015
           7          10  -8.2942979154711159E-015
           7          11  -6.1139656348927514E-015
           7          12   6.0552278304723581E-015
           7          13   1.3363098519372641E-014
           7          14   2.4860897146125196E-015
           7          15  -2.0407155550610387E-015
           7          16  -5.4752500997295114E-015
           7          17  -8.8901682299372731E-016
           7          18   7.0523772768924390E-016
           7          19   1.4945397491949813E-015
           7          20   1.9661687530054457E-016
           7          21  -3.0525712136596894E-016
           7          22  -4.6163840514343220E-016
           7          23  0.10909664290627169     
           7          24   1.0476727727429455E-015
           7          25  0.10909664290627231     
           7          26  -1.1371871821077428E-015
           7          27   1.7781296611866855E-016
           7          28  0.10909664290627250     
           7          29  -8.0946125638025855E-003
           7          30  -2.7500555742248502E-016
           7          31  -8.0946125638023097E-003
           7          32   8.5985441907705483E-017
           7          33   9.8350077070291635E-017
           7          34  -8.0946125638025890E-003
           7          35  -3.8741540171327712E-003
           7          36  -4.3340120744962727E-018
           7          37  -3.8741540171327088E-003
           7          38  -7.2610952742234346E-017
           7          39   8.0061569617453739E-017
           7          40  -3.8741540171331203E-003
           7          41  -9.3527615859174506E-004
           7          42  -1.0887529356177950E-016
           7          43  -9.3527615859154015E-004
           7          44  -7.7887239887759809E-017
           7          45  -3.9512105668262762E-017
           7          46  -9.3527615859149971E-004
           8           1  -1.7158900311484272E-015
           8           2   6.2657749269729368E-014
           8           3  -4.0447777631695904E-014
           8           4  -1.5199371433794025E-014
           8           5   1.0072070177112013E-014
           8           6   2.0384582736913152E-015
           8           7   6.3126981569928012E-015
           8           8   1.9962576547273767     
           8           9   8.4307560932472815E-016
           8          10  -6.0021432268797535E-016
           8          11  0.12118776106880441     
           8          12   3.1918911957973243E-015
           8          13   3.2335245592207680E-015
           8          14   1.1201900155205760E-002
           8          15  -7.3552275381416601E-016
           8          16  -2.2551405187698492E-015
           8          17  -1.0038335245214542E-002
           8          18  -8.5868812060852000E-017
           8          19   3.4694469519535595E-018
           8          20   3.4307549718757663E-003
           8          21  -2.2215302514227986E-015
           8          22  -1.4593361241654890E-015
           8          23   1.8498614990851700E-014
           8          24   4.7103421528188615E-016
           8          25   1.9118632733896673E-014
           8          26  -1.5931733039000492E-015
           8          27   5.6016017540873239E-016
           8          28   1.8024251108610202E-014
           8          29  -3.6508972596124941E-015
           8          30  -9.8435162821680143E-016
           8          31  -3.0623401980758964E-015
           8          32   1.7697632887881270E-015
           8          33  -8.0251758674641312E-016
           8          34  -4.4716767179351723E-015
           8          35  -1.1519246885094263E-015
           8          36  -6.4249843592559020E-016
           8          37  -5.5438949746226974E-015
           8          38  -1.2283735984597747E-015
           8          39   7.5038086782996693E-016
           8          40  -3.6614789274173884E-015
           8          41  -1.6447371568405788E-015
           8          42   9.6351684770360668E-016
           8          43   8.5488347769955466E-016
           8          44   1.6354096900623582E-015
           8          45   1.5758936751101295E-016
           8          46  -5.4261737566920067E-016
           9           1   3.5784768442617164E-015
           9           2   2.0217391143492915E-013
           9           3  -5.0219514615201834E-014
           9           4  -3.6802436697536728E-015
           9           5   2.3497780329699925E-014
           9           6   8.8868627487067041E-015
           9           7   5.3446680746600440E-015
           9           8   8.4307560932472815E-016
           9           9   1.9962576547273767     
           9          10   9.8532293435482663E-016
           9          11  -1.9012569296705814E-015
           9          12  0.12118776106880558     
           9          13   4.5796699765787715E-015
           9          14   1.7867651802561117E-015
           9          15   1.1201900155209575E-002
           9          16  -4.5519144009631418E-015
           9          17  -4.3281350725621347E-016
           9          18  -1.0038335245210910E-002
           9          19   1.9637069748057456E-015
           9          20   9.7209566785050328E-016
           9          21   3.4307549718722566E-003
           9          22   2.7929047963226594E-016
           9          23   7.2399653626651911E-015
           9          24   1.6114026765530339E-014
           9          25   1.7969840782522261E-014
           9          26   4.0791513153383414E-015
           9          27   6.7721793020096765E-015
           9          28   2.4963082112228220E-014
           9          29  -6.7865395757811467E-015
           9          30  -4.9594712223265242E-015
           9          31  -9.5983656629550625E-015
           9          32   1.3523973652081734E-015
           9          33  -2.0891056899838517E-015
           9          34  -1.3496504830749635E-014
           9          35  -8.3322157276815989E-015
           9          36  -4.1348834879711823E-017
           9          37  -8.5040723275905101E-015
           9          38  -2.5599696835845150E-015
           9          39   1.7697792650186233E-015
           9          40  -5.4822349923835312E-015
           9          41  -2.2087918266934874E-015
           9          42   1.5039042594697035E-015
           9          43   1.4719970649684406E-015
           9          44  -2.0240954466501641E-017
           9          45   6.4404505078029593E-016
           9          46   8.7968174156976478E-016
          10           1  -1.4976408069186689E-015
          10           2  -1.5841029391393312E-013
          10           3   4.4195071990615705E-014
          10           4   4.1113915050335570E-015
          10           5  -2.1942995357349499E-014
          10           6  -7.8622911044621333E-015
          10           7  -8.2942979154711159E-015
          10           8  -6.0021432268797535E-016
          10           9   9.8532293435482663E-016
          10          10   1.9962576547273740     
          10          11  -3.0531133177191864E-016
          10          12   2.1926904736346850E-015
          10          13  0.12118776106880144     
          10          14  -1.9567680809018380E-015
          10          15  -6.9388939039072284E-015
          10          16   1.1201900155211164E-002
          10          17   2.6090241078691179E-015
          10          18   1.1483869410966463E-015
          10          19  -1.0038335245215562E-002
          10          20  -2.6879540260260626E-015
          10          21   1.3721662694976540E-015
          10          22   3.4307549718731577E-003
          10          23  -8.4030276084364430E-016
          10          24  -1.4225391315875983E-014
          10          25  -1.9165975710341200E-014
          10          26  -6.3736649799380178E-015
          10          27  -5.8392202643888728E-015
          10          28  -2.0709799996098504E-014
          10          29   6.2459846244229732E-015
          10          30   4.0651937225308395E-015
          10          31   9.1697288886791220E-015
          10          32  -1.5101234160044066E-015
          10          33   1.5936962897432318E-015
          10          34   1.2087507542239402E-014
          10          35   8.8207858742309035E-015
          10          36   2.3435875735951215E-015
          10          37   8.9079338416476303E-015
          10          38   3.7742586649686366E-015
          10          39  -1.1462444532879287E-015
          10          40   5.5241661660965939E-015
          10          41   4.4488317097549828E-015
          10          42  -3.7254403942515366E-015
          10          43  -2.1361872343821218E-015
          10          44   1.5825555695216761E-017
          10          45  -1.0452183441193857E-015
          10          46   5.9581707468257950E-017
          11           1  -1.4409594315683396E-015
          11           2  -1.4558054395293331E-014
          11           3  -7.1473256588945835E-015
          11           4  -3.2780396478765647E-015
          11           5  -1.3958563851225409E-015
          11           6  -1.0676154099464019E-015
          11           7  -6.1139656348927514E-015
          11           8  0.12118776106880441     
          11           9  -1.9012569296705814E-015
          11          10  -3.0531133177191864E-016
          11          11   2.9074260197954116     
          11          12  -1.2156942119645467E-014
          11          13   4.6629367034256543E-015
          11          14  -1.0248218416602810     
          11          15   1.2961853812498704E-014
          11          16  -4.9960036108132044E-015
          11          17  0.27468791281858607     
          11          18   2.5673907444456706E-016
          11          19   4.3437475838459250E-015
          11          20  -7.4144045586486879E-002
          11          21  -1.6826817716974920E-016
          11          22   1.7520707107365752E-016
          11          23  -6.4024037617295580E-015
          11          24   1.2826326912964755E-014
          11          25   5.6011252009115900E-015
          11          26   8.6208026368671299E-015
          11          27   9.1885156264397134E-015
          11          28   3.3325008565452142E-016
          11          29   3.9713762506479460E-015
          11          30  -6.4194934599589444E-015
          11          31   2.9928008534913180E-015
          11          32   1.4053927722267875E-015
          11          33  -3.0691461639563458E-015
          11          34  -1.3593637840121544E-015
          11          35  -8.1130368490024905E-016
          11          36  -1.1610322820010311E-015
          11          37   2.4485146833861408E-015
          11          38  -6.7382006804696803E-015
          11          39   2.7807901347233650E-016
          11          40   4.1459455340286096E-015
          11          41  -1.8024974899513952E-015
          11          42   3.6251114011712021E-015
          11          43   2.8530233776868111E-015
          11          44  -7.3015773278535528E-017
          11          45   2.5197632136169927E-015
          11          46   3.2317173378911114E-015
          12           1   2.0179071430502816E-015
          12           2   3.6813200973892624E-014
          12           3   2.3400803049905385E-013
          12           4   1.3386703929694885E-013
          12           5   3.9253653215333369E-014
          12           6   2.7195835724054548E-014
          12           7   6.0552278304723581E-015
          12           8   3.1918911957973243E-015
          12           9  0.12118776106880558     
          12          10   2.1926904736346850E-015
          12          11  -1.2156942119645467E-014
          12          12   2.9074260197953956     
          12          13   2.3092638912203262E-014
          12          14   1.7014167852380527E-014
          12          15  -1.0248218416602550     
          12          16  -1.6764367671839864E-014
          12          17  -8.4654505627668186E-015
          12          18  0.27468791281858823     
          12          19   9.7560848288935631E-015
          12          20   5.2180482157382350E-015
          12          21  -7.4144045586492194E-002
          12          22   1.5959455978986625E-015
          12          23  -2.0593107682012544E-013
          12          24   9.5444860731886926E-014
          12          25  -1.2701320467235792E-013
          12          26   3.1021324544649282E-014
          12          27   4.0886301452935627E-014
          12          28  -9.3923106926198712E-014
          12          29  -5.3875343655692872E-016
          12          30  -2.4095480505531416E-014
          12          31  -1.4434748293746379E-014
          12          32  -1.4341483349192579E-015
          12          33  -1.1426183925971522E-014
          12          34  -3.4844281499630985E-014
          12          35  -2.5586466264140027E-014
          12          36  -3.0049457871046785E-015
          12          37  -2.2015735238002372E-014
          12          38  -1.6251968823849385E-014
          12          39   8.1523452157331264E-015
          12          40  -7.7103648626120447E-015
          12          41  -1.0881630688242989E-014
          12          42   6.5054643987467018E-015
          12          43   9.6233199627966976E-015
          12          44   3.4958482238504661E-015
          12          45   5.7976149068324496E-015
          12          46   8.4822433346151035E-015
          13           1  -3.3247572050054326E-015
          13           2  -3.6351406459288429E-014
          13           3  -1.5300970113452718E-013
          13           4  -9.6109811124235403E-014
          13           5  -2.6019890788814665E-014
          13           6  -1.6770870140287479E-014
          13           7   1.3363098519372641E-014
          13           8   3.2335245592207680E-015
          13           9   4.5796699765787715E-015
          13          10  0.12118776106880144     
          13          11   4.6629367034256543E-015
          13          12   2.3092638912203262E-014
          13          13   2.9074260197953965     
          13          14  -1.3516965324811278E-014
          13          15  -4.8072656966269278E-014
          13          16  -1.0248218416602666     
          13          17   1.3218592886943270E-014
          13          18  -1.3600232051658164E-015
          13          19  0.27468791281857341     
          13          20  -1.0979064879457212E-014
          13          21   9.1246454836380037E-015
          13          22  -7.4144045586485269E-002
          13          23   1.7752635142818778E-013
          13          24  -9.2160396597414903E-014
          13          25   6.8996237753473828E-014
          13          26  -4.2674313345476991E-014
          13          27  -4.4542364467379420E-014
          13          28   6.0534769765236643E-014
          13          29  -1.1415433413036907E-014
          13          30   2.8111151602913718E-014
          13          31   8.1942163369290299E-015
          13          32  -2.9909273580573799E-015
          13          33   1.2946706444524629E-014
          13          34   2.6441783968701520E-014
          13          35   1.7799874270126214E-014
          13          36   4.4765170729595570E-015
          13          37   9.8613041814107172E-015
          13          38   2.1455515211613892E-014
          13          39  -4.5595182238498336E-015
          13          40  -4.5007380222465538E-015
          13          41   9.0625096587200675E-015
          13          42  -1.0600579608429471E-014
          13          43  -1.3698309623761133E-014
          13          44  -2.8877681170478840E-015
          13          45  -8.2859885943721794E-015
          13          46  -1.3983333571723322E-014
          14           1   2.3230313343903568E-015
          14           2   7.0959655088715282E-015
          14           3  -3.4678729754509472E-015
          14           4  -1.7975999952540210E-015
          14           5   1.2749883800487007E-015
          14           6   4.3532690092860730E-016
          14           7   2.4860897146125196E-015
          14           8   1.1201900155205760E-002
          14           9   1.7867651802561117E-015
          14          10  -1.9567680809018380E-015
          14          11  -1.0248218416602810     
          14          12   1.7014167852380527E-014
          14          13  -1.3516965324811278E-014
          14          14  0.36269357605849084     
          14          15  -9.0621954385028418E-015
          14          16   5.8841820305133297E-015
          14          17  -9.7405017682042017E-002
          14          18   1.0894063429134352E-015
          14          19  -2.6471880243406076E-015
          14          20   2.6311191998913127E-002
          14          21  -3.2005648131772160E-016
          14          22   1.9775847626135601E-016
          14          23   5.4874585459161181E-015
          14          24  -4.7075664501566385E-015
          14          25   7.9714507764526996E-016
          14          26  -2.7416070502012926E-015
          14          27  -3.3316707656704961E-015
          14          28   2.8396239770765646E-015
          14          29  -1.7509297420832338E-015
          14          30   2.2830723732556051E-015
          14          31  -1.2895522142338869E-015
          14          32  -5.2425854467152150E-016
          14          33   1.0845488259106952E-015
          14          34   1.6627752321408511E-016
          14          35   1.7376759050293879E-016
          14          36   3.8221415699922064E-016
          14          37  -1.1252684848197624E-015
          14          38   2.3701812317449469E-015
          14          39  -8.3797860748187204E-017
          14          40  -1.6621305163299741E-015
          14          41   5.6687061078664082E-016
          14          42  -1.2530260557341653E-015
          14          43  -1.0047630350286258E-015
          14          44   6.4857604645930773E-017
          14          45  -8.8528960417746440E-016
          14          46  -1.1796540149008132E-015
          15           1   5.5367435128798689E-016
          15           2  -3.7154475395871407E-015
          15           3  -8.1090134090298850E-014
          15           4  -4.5389319808511379E-014
          15           5  -1.3432313128071324E-014
          15           6  -9.2946800896381927E-015
          15           7  -2.0407155550610387E-015
          15           8  -7.3552275381416601E-016
          15           9   1.1201900155209575E-002
          15          10  -6.9388939039072284E-015
          15          11   1.2961853812498704E-014
          15          12  -1.0248218416602550     
          15          13  -4.8072656966269278E-014
          15          14  -9.0621954385028418E-015
          15          15  0.36269357605847474     
          15          16   1.9789725413943415E-014
          15          17   3.8025138593411612E-015
          15          18  -9.7405017682040851E-002
          15          19  -7.1331829332166308E-015
          15          20  -2.0400348077487247E-015
          15          21   2.6311191998914400E-002
          15          22   4.4929338027799304E-016
          15          23   7.1191927755952718E-014
          15          24  -3.3187738290072074E-014
          15          25   4.3892635255609173E-014
          15          26  -1.1098600783398193E-014
          15          27  -1.4207704581742356E-014
          15          28   3.2237651340468773E-014
          15          29   9.2442702163685952E-017
          15          30   8.3590000334377000E-015
          15          31   4.8620736606797447E-015
          15          32   5.9523257601112467E-016
          15          33   3.9695109233489898E-015
          15          34   1.2004384115083591E-014
          15          35   8.8176315290567111E-015
          15          36   1.0689582012606883E-015
          15          37   7.5690704552772819E-015
          15          38   5.6633993408367162E-015
          15          39  -2.8308927691489493E-015
          15          40   2.5838473936441229E-015
          15          41   3.7965196696107694E-015
          15          42  -2.2615885626195176E-015
          15          43  -3.3593709842013464E-015
          15          44  -1.2331347948413815E-015
          15          45  -2.0336737929033212E-015
          15          46  -2.9697629404350184E-015
          16           1   4.0864680280002399E-015
          16           2   4.7023924291678123E-015
          16           3   6.9899830395768641E-014
          16           4   4.1515138917186367E-014
          16           5   6.9342768710732517E-015
          16           6   5.6165934186357284E-015
          16           7  -5.4752500997295114E-015
          16           8  -2.2551405187698492E-015
          16           9  -4.5519144009631418E-015
          16          10   1.1201900155211164E-002
          16          11  -4.9960036108132044E-015
          16          12  -1.6764367671839864E-014
          16          13  -1.0248218416602666     
          16          14   5.8841820305133297E-015
          16          15   1.9789725413943415E-014
          16          16  0.36269357605848285     
          16          17  -4.9127368839663177E-015
          16          18  -2.7755575615628904E-016
          16          19  -9.7405017682036799E-002
          16          20   3.8901173948779899E-015
          16          21  -2.9785202082521778E-015
          16          22   2.6311191998912270E-002
          16          23  -6.9592859838272937E-014
          16          24   3.1759395671302660E-014
          16          25  -3.2824120076864463E-014
          16          26   1.5759535233979681E-014
          16          27   1.5357685875944836E-014
          16          28  -2.9370247787008930E-014
          16          29   4.7491402298539791E-015
          16          30  -9.7348503924964126E-015
          16          31  -1.8667703248428910E-015
          16          32   8.3578461854309746E-016
          16          33  -4.4844703099092274E-015
          16          34  -8.3485725949879204E-015
          16          35  -5.6681524171661316E-015
          16          36  -1.5458228332850239E-015
          16          37  -2.9245176585057374E-015
          16          38  -7.4348772727349653E-015
          16          39   1.5673494215268930E-015
          16          40   2.0922876937383562E-015
          16          41  -3.0153179528812993E-015
          16          42   3.6542862955143321E-015
          16          43   4.8715694517062609E-015
          16          44   1.0089598563755760E-015
          16          45   2.9052518047496748E-015
          16          46   5.0242665479258738E-015
          17           1  -6.8454267852549284E-016
          17           2  -1.1032936741907498E-015
          17           3   7.8450970867763421E-015
          17           4   4.2535193138302509E-015
          17           5  -1.0474299283039121E-015
          17           6  -1.0374010715941366E-016
          17           7  -8.8901682299372731E-016
          17           8  -1.0038335245214542E-002
          17           9  -4.3281350725621347E-016
          17          10   2.6090241078691179E-015
          17          11  0.27468791281858607     
          17          12  -8.4654505627668186E-015
          17          13   1.3218592886943270E-014
          17          14  -9.7405017682042017E-002
          17          15   3.8025138593411612E-015
          17          16  -4.9127368839663177E-015
          17          17   2.6183860573398759E-002
          17          18  -6.6092964434716350E-016
          17          19   1.6002824065886045E-015
          17          20  -7.0753574644131676E-003
          17          21   1.9363850800591124E-016
          17          22  -2.8753041614315578E-016
          17          23  -4.9859277273875015E-015
          17          24   1.2296258891556076E-015
          17          25  -3.8102618200654165E-015
          17          26   8.0309498019514041E-016
          17          27   8.7525722726848141E-016
          17          28  -4.3179305963074898E-015
          17          29   7.2556434204459623E-016
          17          30  -6.0244858772369730E-016
          17          31   6.1710124567558697E-016
          17          32   1.2128744260552966E-016
          17          33  -2.8463355065123471E-016
          17          34   2.2334020185211333E-016
          17          35   7.8220395379151284E-017
          17          36  -1.0226599540915305E-016
          17          37   4.3760378741622959E-016
          17          38  -6.2830919978470398E-016
          17          39   1.8836186931575352E-017
          17          40   5.7727360393084395E-016
          17          41  -1.1797271720680641E-016
          17          42   3.3346949337641161E-016
          17          43   2.9634854843552902E-016
          17          44  -2.4093141254998258E-017
          17          45   2.3735933857814739E-016
          17          46   3.4766912192970075E-016
          18           1  -1.4728882551977411E-015
          18           2   7.1655884283241723E-015
