           1           1   1.9931793137625122     
           1           2 -0.13169014239476751     
           1           3  -3.6240770422608412E-002
           1           4  -1.7978388674867632E-002
           1           5   8.1296805100936100E-003
           1           6   5.5621620474865173E-015
           1           7  -7.4519854515325341E-015
           1           8  -4.5335071375069742E-015
           1           9   5.9459720958575607E-015
           1          10   9.7503125304820903E-015
           1          11   1.7524973364865408E-014
           1          12  -1.2718453531551584E-014
           1          13  -3.1477874993651537E-014
           1          14  -2.4284193122262296E-015
           1          15   1.8748581906826087E-002
           1          16  -4.0568324340311688E-015
           1          17   1.8748581906822246E-002
           1          18   7.5694102170351768E-015
           1          19  -4.1165544133475725E-015
           1          20   1.8748581906827502E-002
           1          21  -1.4554760269508693E-002
           1          22   1.8535917234015729E-014
           1          23  -1.4554760269498559E-002
           1          24  -2.4039429417866266E-014
           1          25  -7.3202199233956633E-015
           1          26  -1.4554760269483567E-002
           2           1 -0.13169014239476751     
           2           2  0.12984361666692362     
           2           3  0.17793498865407970     
           2           4   9.6438980479586975E-002
           2           5  -1.1395277824788228E-002
           2           6  -8.9149954115882531E-015
           2           7   1.6127652825141511E-014
           2           8   7.1834034541482993E-015
           2           9  -2.1611170941147565E-014
           2          10  -2.8519247826831530E-014
           2          11  -1.7999108242745181E-014
           2          12   2.8375502421951588E-014
           2          13   9.0581088270092983E-014
           2          14  -5.4642742623588029E-015
           2          15  -1.2155183961155478E-002
           2          16   4.0004657359792810E-015
           2          17  -1.2155183961157976E-002
           2          18  -9.7290906501497080E-015
           2          19   5.1499201236950409E-015
           2          20  -1.2155183961158089E-002
           2          21   5.3692270708088838E-003
           2          22  -4.4854715762757696E-014
           2          23   5.3692270707740089E-003
           2          24   3.2845335833244158E-014
           2          25   1.6024962485604059E-014
           2          26   5.3692270707440259E-003
           3           1  -3.6240770422608412E-002
           3           2  0.17793498865407970     
           3           3  0.25644385267633119     
           3           4  0.13898359965391735     
           3           5  -1.5889251784788800E-002
           3           6  -1.2670648499988537E-014
           3           7   2.3047266969697309E-014
           3           8   9.8431219600462574E-015
           3           9  -3.0947157535628701E-014
           3          10  -4.1040783316686089E-014
           3          11  -2.4472648818160050E-014
           3          12   4.0142433036030159E-014
           3          13   1.2970080780011411E-013
           3          14  -8.3609370922421559E-015
           3          15  -1.6035107990645336E-002
           3          16   5.3332018528312443E-015
           3          17  -1.6035107990649469E-002
           3          18  -1.3453690565094571E-014
           3          19   7.2266052021789097E-015
           3          20  -1.6035107990648990E-002
           3          21   6.5884277753327277E-003
           3          22  -6.3834376863512326E-014
           3          23   6.5884277752825881E-003
           3          24   4.5789499768871405E-014
           3          25   2.2760737492577537E-014
           3          26   6.5884277752402652E-003
           4           1  -1.7978388674867632E-002
           4           2   9.6438980479586975E-002
           4           3  0.13898359965391735     
           4           4   7.5338656041857827E-002
           4           5  -8.6141603045312484E-003
           4           6  -6.8529414177034368E-015
           4           7   1.2474973327205953E-014
           4           8   5.3577755401383955E-015
           4           9  -1.6778479596645512E-014
           4          10  -2.2215877255248864E-014
           4          11  -1.3288387984018334E-014
           4          12   2.1770055229985062E-014
           4          13   7.0266001135567760E-014
           4          14  -4.5143863041332007E-015
           4          15  -8.6969648779127960E-003
           4          16   2.9047532225855929E-015
           4          17  -8.6969648779150234E-003
           4          18  -7.2992656137653175E-015
           4          19   3.9097794454165686E-015
           4          20  -8.6969648779147788E-003
           4          21   3.5687187214519631E-003
           4          22  -3.4595409027020757E-014
           4          23   3.5687187214248025E-003
           4          24   2.4820046701391320E-014
           4          25   1.2333812840114794E-014
           4          26   3.5687187214018539E-003
           5           1   8.1296805100936100E-003
           5           2  -1.1395277824788228E-002
           5           3  -1.5889251784788800E-002
           5           4  -8.6141603045312484E-003
           5           5   1.0064254739200042E-003
           5           6   7.8978704098370186E-016
           5           7  -1.4331635670047550E-015
           5           8  -6.3435752633282800E-016
           5           9   1.9265655065003697E-015
           5          10   2.5407480661920300E-015
           5          11   1.5796458088750478E-015
           5          12  -2.5199431679023343E-015
           5          13  -8.0655745886813707E-015
           5          14   4.9560099849608187E-016
           5          15   1.0542620688059039E-003
           5          16  -3.5029427869534884E-016
           5          17   1.0542620688061364E-003
           5          18   8.5777178668173599E-016
           5          19  -4.5444922611979137E-016
           5          20   1.0542620688061357E-003
           5          21  -4.5408613912376912E-004
           5          22   3.9876754068874035E-015
           5          23  -4.5408613912065985E-004
           5          24  -2.8999681758850897E-015
           5          25  -1.4234139968867297E-015
           5          26  -4.5408613911799976E-004
           6           1   5.5621620474865173E-015
           6           2  -8.9149954115882531E-015
           6           3  -1.2670648499988537E-014
           6           4  -6.8529414177034368E-015
           6           5   7.8978704098370186E-016
           6           6   6.4241651320194950E-028
           6           7  -1.1570785075670410E-027
           6           8  -4.7060955508998716E-028
           6           9   1.5257265676937635E-027
           6          10   2.0550463749666797E-027
           6          11   1.2048593251281235E-027
           6          12  -1.9798060148421803E-027
           6          13  -6.4470579497097698E-027
           6          14   4.2306173494561335E-028
           6          15   8.0647937487115314E-016
           6          16  -2.5537866503372782E-028
           6          17   8.0647937487136455E-016
           6          18   6.6490341211880272E-028
           6          19  -3.6646530007882695E-028
           6          20   8.0647937487133162E-016
           6          21  -3.4344930849262719E-016
           6          22   3.1658467623362454E-027
           6          23  -3.4344930849013489E-016
           6          24  -2.2802324276796860E-027
           6          25  -1.1309229015339349E-027
           6          26  -3.4344930848804268E-016
           7           1  -7.4519854515325341E-015
           7           2   1.6127652825141511E-014
           7           3   2.3047266969697309E-014
           7           4   1.2474973327205953E-014
           7           5  -1.4331635670047550E-015
           7           6  -1.1570785075670410E-027
           7           7   2.0918510390267990E-027
           7           8   8.6683637985354684E-028
           7           9  -2.7774959557032792E-027
           7          10  -3.7190292103355656E-027
           7          11  -2.1942036427537799E-027
           7          12   3.6034759958728009E-027
           7          13   1.1699734644005731E-026
           7          14  -7.6272046515324303E-028
           7          15  -1.4566783831005059E-015
           7          16   4.7007055235709921E-028
           7          17  -1.4566783831008857E-015
           7          18  -1.2091622151589255E-027
           7          19   6.5998297776767405E-028
           7          20  -1.4566783831008319E-015
           7          21   6.1194445390572985E-016
           7          22  -5.7500558621619424E-027
           7          23   6.1194445390120681E-016
           7          24   4.1348257221556726E-027
           7          25   2.0525938842331953E-027
           7          26   6.1194445389740224E-016
           8           1  -4.5335071375069742E-015
           8           2   7.1834034541482993E-015
           8           3   9.8431219600462574E-015
           8           4   5.3577755401383955E-015
           8           5  -6.3435752633282800E-016
           8           6  -4.7060955508998716E-028
           8           7   8.6683637985354684E-028
           8           8   4.3382724865649484E-028
           8           9  -1.2052240047169269E-027
           8          10  -1.5350006369050338E-027
           8          11  -1.0345214780594404E-027
           8          12   1.5918436783540822E-027
           8          13   4.9668199447530965E-027
           8          14  -2.7566456777363185E-028
           8          15  -6.8170289640548299E-016
           8          16   2.4380725804753788E-028
           8          17  -6.8170289640559836E-016
           8          18  -5.5026292349547187E-028
           8          19   2.7395649331688442E-028
           8          20  -6.8170289640563327E-016
           8          21   2.9306841940238445E-016
           8          22  -2.4797956315460128E-027
           8          23   2.9306841940047669E-016
           8          24   1.8218233592557702E-027
           8          25   8.8352470694486760E-028
           8          26   2.9306841939880046E-016
           9           1   5.9459720958575607E-015
           9           2  -2.1611170941147565E-014
           9           3  -3.0947157535628701E-014
           9           4  -1.6778479596645512E-014
           9           5   1.9265655065003697E-015
           9           6   1.5257265676937635E-027
           9           7  -2.7774959557032792E-027
           9           8  -1.2052240047169269E-027
           9           9   3.7402305752546651E-027
           9          10   4.9422812037547284E-027
           9          11   2.9857153603152457E-027
           9          12  -4.8615267130106468E-027
           9          13  -1.5653030295988529E-026
           9          14   9.9459206993781044E-028
           9          15   1.9598399675805911E-015
           9          16  -6.5609501842999770E-028
           9          17   1.9598399675810759E-015
           9          18   1.6353139350677399E-027
           9          19  -8.7211587992297418E-028
           9          20   1.9598399675810353E-015
           9          21  -8.1129413763253924E-016
           9          22   7.7151931915484215E-027
           9          23  -8.1129413762649233E-016
           9          24  -5.5503340526054871E-027
           9          25  -2.7509628922316853E-027
           9          26  -8.1129413762136690E-016
          10           1   9.7503125304820903E-015
          10           2  -2.8519247826831530E-014
          10           3  -4.1040783316686089E-014
          10           4  -2.2215877255248864E-014
          10           5   2.5407480661920300E-015
          10           6   2.0550463749666797E-027
          10           7  -3.7190292103355656E-027
          10           8  -1.5350006369050338E-027
          10           9   4.9422812037547284E-027
          10          10   6.6183265789801779E-027
          10          11   3.8780333810776550E-027
          10          12  -6.4019472861462481E-027
          10          13  -2.0812618216242735E-026
          10          14   1.3669324563811539E-027
          10          15   2.5623745305710156E-015
          10          16  -8.2920577105193255E-028
          10          17   2.5623745305717015E-015
          10          18   2.1416686155489519E-027
          10          19  -1.1702603575772574E-027
          10          20   2.5623745305715939E-015
          10          21  -1.0644769269982244E-015
          10          22   1.0221541871057466E-026
          10          23  -1.0644769269901740E-015
          10          24  -7.3297063133189557E-027
          10          25  -3.6476323611965549E-027
          10          26  -1.0644769269834174E-015
          11           1   1.7524973364865408E-014
          11           2  -1.7999108242745181E-014
          11           3  -2.4472648818160050E-014
          11           4  -1.3288387984018334E-014
          11           5   1.5796458088750478E-015
          11           6   1.2048593251281235E-027
          11           7  -2.1942036427537799E-027
          11           8  -1.0345214780594404E-027
          11           9   2.9857153603152457E-027
          11          10   3.8780333810776550E-027
          11          11   2.5392163363498785E-027
          11          12  -3.9377126466325052E-027
          11          13  -1.2424347388543866E-026
          11          14   7.1583480989362405E-028
          11          15   1.7042698416032379E-015
          11          16  -5.8073861721171165E-028
          11          17   1.7042698416035495E-015
          11          18   1.3595954271082350E-027
          11          19  -6.9965816355556358E-028
          11          20   1.7042698416036051E-015
          11          21  -7.5178279485908701E-016
          11          22   6.1799404444210988E-027
          11          23  -7.5178279485431134E-016
          11          24  -4.5462049117913341E-027
          11          25  -2.2059834391937387E-027
          11          26  -7.5178279485015533E-016
          12           1  -1.2718453531551584E-014
          12           2   2.8375502421951588E-014
          12           3   4.0142433036030159E-014
          12           4   2.1770055229985062E-014
          12           5  -2.5199431679023343E-015
          12           6  -1.9798060148421803E-027
          12           7   3.6034759958728009E-027
          12           8   1.5918436783540822E-027
          12           9  -4.8615267130106468E-027
          12          10  -6.4019472861462481E-027
          12          11  -3.9377126466325052E-027
          12          12   6.3398709640805400E-027
          12          13   2.0324065018049052E-026
          12          14  -1.2650642652434990E-027
          12          15  -2.5998764713294308E-015
          12          16   8.7302899389345934E-028
          12          17  -2.5998764713300343E-015
          12          18  -2.1455355498174868E-027
          12          19   1.1356839525893129E-027
          12          20  -2.5998764713300126E-015
          12          21   1.0941816944485464E-015
          12          22  -1.0037441114754624E-026
          12          23   1.0941816944407040E-015
          12          24   7.2584638930791064E-027
          12          25   3.5800602925016383E-027
          12          26   1.0941816944340180E-015
          13           1  -3.1477874993651537E-014
          13           2   9.0581088270092983E-014
          13           3   1.2970080780011411E-013
          13           4   7.0266001135567760E-014
          13           5  -8.0655745886813707E-015
          13           6  -6.4470579497097698E-027
          13           7   1.1699734644005731E-026
          13           8   4.9668199447530965E-027
          13           9  -1.5653030295988529E-026
          13          10  -2.0812618216242735E-026
          13          11  -1.2424347388543866E-026
          13          12   2.0324065018049052E-026
          13          13   6.5705756116811945E-026
          13          14  -4.2298234545739928E-027
          13          15  -8.1936293546426317E-015
          13          16   2.6977735853776609E-027
          13          17  -8.1936293546447175E-015
          13          18  -6.8261642723500680E-027
          13          19   3.6807087849815729E-027
          13          20  -8.1936293546444792E-015
          13          21   3.4105165757319977E-015
          13          22  -3.2339013203911648E-026
          13          23   3.4105165757066051E-015
          13          24   2.3251914412793494E-026
          13          25   1.1536611344933100E-026
          13          26   3.4105165756851642E-015
          14           1  -2.4284193122262296E-015
          14           2  -5.4642742623588029E-015
          14           3  -8.3609370922421559E-015
          14           4  -4.5143863041332007E-015
          14           5   4.9560099849608187E-016
          14           6   4.2306173494561335E-028
          14           7  -7.6272046515324303E-028
          14           8  -2.7566456777363185E-028
          14           9   9.9459206993781044E-028
          14          10   1.3669324563811539E-027
          14          11   7.1583480989362405E-028
          14          12  -1.2650642652434990E-027
          14          13  -4.2298234545739928E-027
          14          14   3.0978791248566789E-028
          14          15   4.6174847033921881E-016
          14          16  -1.4163495744149647E-028
          14          17   4.6174847033938979E-016
          14          18   4.0904690453230254E-028
          14          19  -2.3643360780093017E-028
          14          20   4.6174847033932944E-016
          14          21  -1.7561914311366785E-016
          14          22   2.0526352240783408E-027
          14          23  -1.7561914311202194E-016
          14          24  -1.4327082964135186E-027
          14          25  -7.3198417642701691E-028
          14          26  -1.7561914311068751E-016
          15           1   1.8748581906826087E-002
          15           2  -1.2155183961155478E-002
          15           3  -1.6035107990645336E-002
          15           4  -8.6969648779127960E-003
          15           5   1.0542620688059039E-003
          15           6   8.0647937487115314E-016
          15           7  -1.4566783831005059E-015
          15           8  -6.8170289640548299E-016
          15           9   1.9598399675805911E-015
          15          10   2.5623745305710156E-015
          15          11   1.7042698416032379E-015
          15          12  -2.5998764713294308E-015
          15          13  -8.1936293546426317E-015
          15          14   4.6174847033921881E-016
          15          15   1.1709183591237177E-003
          15          16  -3.8752499435428508E-016
          15          17   1.1709183591239111E-003
          15          18   9.0783582015245047E-016
          15          19  -4.7098878862474635E-016
          15          20   1.1709183591239603E-003
          15          21  -5.3959173330820470E-004
          15          22   4.0818495346672789E-015
          15          23  -5.3959173330506128E-004
          15          24  -3.0375432963568639E-015
          15          25  -1.4599053080080591E-015
          15          26  -5.3959173330231066E-004
          16           1  -4.0568324340311688E-015
          16           2   4.0004657359792810E-015
          16           3   5.3332018528312443E-015
          16           4   2.9047532225855929E-015
          16           5  -3.5029427869534884E-016
          16           6  -2.5537866503372782E-028
          16           7   4.7007055235709921E-028
          16           8   2.4380725804753788E-028
          16           9  -6.5609501842999770E-028
          16          10  -8.2920577105193255E-028
          16          11  -5.8073861721171165E-028
          16          12   8.7302899389345934E-028
          16          13   2.6977735853776609E-027
          16          14  -1.4163495744149647E-028
          16          15  -3.8752499435428508E-016
          16          16   1.3888769061673878E-028
          16          17  -3.8752499435433961E-016
          16          18  -3.0574207041312262E-028
          16          19   1.4991360740826959E-028
          16          20  -3.8752499435436825E-016
          16          21   1.7203076020061662E-016
          16          22  -1.3530413136216779E-027
          16          23   1.7203076019958316E-016
          16          24   1.0056930675568559E-027
          16          25   4.8243062769117394E-028
          16          26   1.7203076019866312E-016
          17           1   1.8748581906822246E-002
          17           2  -1.2155183961157976E-002
          17           3  -1.6035107990649469E-002
          17           4  -8.6969648779150234E-003
          17           5   1.0542620688061364E-003
          17           6   8.0647937487136455E-016
          17           7  -1.4566783831008857E-015
          17           8  -6.8170289640559836E-016
          17           9   1.9598399675810759E-015
          17          10   2.5623745305717015E-015
          17          11   1.7042698416035495E-015
          17          12  -2.5998764713300343E-015
          17          13  -8.1936293546447175E-015
          17          14   4.6174847033938979E-016
          17          15   1.1709183591239111E-003
          17          16  -3.8752499435433961E-016
          17          17   1.1709183591241045E-003
          17          18   9.0783582015263703E-016
          17          19  -4.7098878862486182E-016
          17          20   1.1709183591241536E-003
          17          21  -5.3959173330826726E-004
          17          22   4.0818495346682768E-015
          17          23  -5.3959173330512394E-004
          17          24  -3.0375432963575376E-015
          17          25  -1.4599053080084145E-015
          17          26  -5.3959173330237332E-004
          18           1   7.5694102170351768E-015
          18           2  -9.7290906501497080E-015
          18           3  -1.3453690565094571E-014
          18           4  -7.2992656137653175E-015
          18           5   8.5777178668173599E-016
          18           6   6.6490341211880272E-028
          18           7  -1.2091622151589255E-027
          18           8  -5.5026292349547187E-028
          18           9   1.6353139350677399E-027
          18          10   2.1416686155489519E-027
          18          11   1.3595954271082350E-027
          18          12  -2.1455355498174868E-027
          18          13  -6.8261642723500680E-027
          18          14   4.0904690453230254E-028
          18          15   9.0783582015245047E-016
          18          16  -3.0574207041312262E-028
          18          17   9.0783582015263703E-016
          18          18   7.3412825428203400E-028
          18          19  -3.8389328677129242E-028
          18          20   9.0783582015264886E-016
          18          21  -3.9358721987164110E-016
          18          22   3.3831593588600022E-027
          18          23  -3.9358721986901256E-016
          18          24  -2.4701349127221348E-027
          18          25  -1.2074490707732352E-027
          18          26  -3.9358721986674824E-016
          19           1  -4.1165544133475725E-015
          19           2   5.1499201236950409E-015
          19           3   7.2266052021789097E-015
          19           4   3.9097794454165686E-015
          19           5  -4.5444922611979137E-016
          19           6  -3.6646530007882695E-028
          19           7   6.5998297776767405E-028
          19           8   2.7395649331688442E-028
          19           9  -8.7211587992297418E-028
          19          10  -1.1702603575772574E-027
          19          11  -6.9965816355556358E-028
          19          12   1.1356839525893129E-027
          19          13   3.6807087849815729E-027
          19          14  -2.3643360780093017E-028
          19          15  -4.7098878862474635E-016
          19          16   1.4991360740826959E-028
          19          17  -4.7098878862486182E-016
          19          18  -3.8389328677129242E-028
          19          19   2.0982006908504639E-028
          19          20  -4.7098878862484930E-016
          19          21   2.0383565990677083E-016
          19          22  -1.8112941216084522E-027
          19          23   2.0383565990534963E-016
          19          24   1.3117570562392527E-027
          19          25   6.4723289242899134E-028
          19          26   2.0383565990414910E-016
          20           1   1.8748581906827502E-002
          20           2  -1.2155183961158089E-002
          20           3  -1.6035107990648990E-002
          20           4  -8.6969648779147788E-003
          20           5   1.0542620688061357E-003
          20           6   8.0647937487133162E-016
          20           7  -1.4566783831008319E-015
          20           8  -6.8170289640563327E-016
          20           9   1.9598399675810353E-015
          20          10   2.5623745305715939E-015
          20          11   1.7042698416036051E-015
          20          12  -2.5998764713300126E-015
          20          13  -8.1936293546444792E-015
          20          14   4.6174847033932944E-016
          20          15   1.1709183591239603E-003
          20          16  -3.8752499435436825E-016
          20          17   1.1709183591241536E-003
          20          18   9.0783582015264886E-016
          20          19  -4.7098878862484930E-016
          20          20   1.1709183591242030E-003
          20          21  -5.3959173330830781E-004
          20          22   4.0818495346681948E-015
          20          23  -5.3959173330516438E-004
          20          24  -3.0375432963575305E-015
          20          25  -1.4599053080083853E-015
          20          26  -5.3959173330241387E-004
          21           1  -1.4554760269508693E-002
          21           2   5.3692270708088838E-003
          21           3   6.5884277753327277E-003
          21           4   3.5687187214519631E-003
          21           5  -4.5408613912376912E-004
          21           6  -3.4344930849262719E-016
          21           7   6.1194445390572985E-016
          21           8   2.9306841940238445E-016
          21           9  -8.1129413763253924E-016
          21          10  -1.0644769269982244E-015
          21          11  -7.5178279485908701E-016
          21          12   1.0941816944485464E-015
          21          13   3.4105165757319977E-015
          21          14  -1.7561914311366785E-016
          21          15  -5.3959173330820470E-004
          21          16   1.7203076020061662E-016
          21          17  -5.3959173330826726E-004
          21          18  -3.9358721987164110E-016
          21          19   2.0383565990677083E-016
          21          20  -5.3959173330830781E-004
          21          21   2.6943920278292484E-004
          21          22  -1.7105342256415587E-015
          21          23   2.6943920278162369E-004
          21          24   1.3101302258101710E-015
          21          25   6.1412444596816307E-016
          21          26   2.6943920278046094E-004
          22           1   1.8535917234015729E-014
          22           2  -4.4854715762757696E-014
          22           3  -6.3834376863512326E-014
          22           4  -3.4595409027020757E-014
          22           5   3.9876754068874035E-015
          22           6   3.1658467623362454E-027
          22           7  -5.7500558621619424E-027
          22           8  -2.4797956315460128E-027
          22           9   7.7151931915484215E-027
          22          10   1.0221541871057466E-026
          22          11   6.1799404444210988E-027
          22          12  -1.0037441114754624E-026
          22          13  -3.2339013203911648E-026
          22          14   2.0526352240783408E-027
          22          15   4.0818495346672789E-015
          22          16  -1.3530413136216779E-027
          22          17   4.0818495346682768E-015
          22          18   3.3831593588600022E-027
          22          19  -1.8112941216084522E-027
          22          20   4.0818495346681948E-015
          22          21  -1.7105342256415587E-015
          22          22   1.5939454377857860E-026
          22          23  -1.7105342256290695E-015
          22          24  -1.1492506264110965E-026
          22          25  -5.6862504580089851E-027
          22          26  -1.7105342256184808E-015
          23           1  -1.4554760269498559E-002
          23           2   5.3692270707740089E-003
          23           3   6.5884277752825881E-003
          23           4   3.5687187214248025E-003
          23           5  -4.5408613912065985E-004
          23           6  -3.4344930849013489E-016
          23           7   6.1194445390120681E-016
          23           8   2.9306841940047669E-016
          23           9  -8.1129413762649233E-016
          23          10  -1.0644769269901740E-015
          23          11  -7.5178279485431134E-016
          23          12   1.0941816944407040E-015
          23          13   3.4105165757066051E-015
          23          14  -1.7561914311202194E-016
          23          15  -5.3959173330506128E-004
          23          16   1.7203076019958316E-016
          23          17  -5.3959173330512394E-004
          23          18  -3.9358721986901256E-016
          23          19   2.0383565990534963E-016
          23          20  -5.3959173330516438E-004
          23          21   2.6943920278162369E-004
          23          22  -1.7105342256290695E-015
          23          23   2.6943920278032254E-004
          23          24   1.3101302258012066E-015
          23          25   6.1412444596370817E-016
          23          26   2.6943920277915979E-004
          24           1  -2.4039429417866266E-014
          24           2   3.2845335833244158E-014
          24           3   4.5789499768871405E-014
          24           4   2.4820046701391320E-014
          24           5  -2.8999681758850897E-015
          24           6  -2.2802324276796860E-027
          24           7   4.1348257221556726E-027
          24           8   1.8218233592557702E-027
          24           9  -5.5503340526054871E-027
          24          10  -7.3297063133189557E-027
          24          11  -4.5462049117913341E-027
          24          12   7.2584638930791064E-027
          24          13   2.3251914412793494E-026
          24          14  -1.4327082964135186E-027
          24          15  -3.0375432963568639E-015
          24          16   1.0056930675568559E-027
          24          17  -3.0375432963575376E-015
          24          18  -2.4701349127221348E-027
          24          19   1.3117570562392527E-027
          24          20  -3.0375432963575305E-015
          24          21   1.3101302258101710E-015
          24          22  -1.1492506264110965E-026
          24          23   1.3101302258012066E-015
          24          24   8.3573348734593631E-027
          24          25   4.1027606015310666E-027
          24          26   1.3101302257935434E-015
          25           1  -7.3202199233956633E-015
          25           2   1.6024962485604059E-014
          25           3   2.2760737492577537E-014
          25           4   1.2333812840114794E-014
          25           5  -1.4234139968867297E-015
          25           6  -1.1309229015339349E-027
          25           7   2.0525938842331953E-027
          25           8   8.8352470694486760E-028
          25           9  -2.7509628922316853E-027
          25          10  -3.6476323611965549E-027
          25          11  -2.2059834391937387E-027
          25          12   3.5800602925016383E-027
          25          13   1.1536611344933100E-026
          25          14  -7.3198417642701691E-028
          25          15  -1.4599053080080591E-015
          25          16   4.8243062769117394E-028
          25          17  -1.4599053080084145E-015
          25          18  -1.2074490707732352E-027
          25          19   6.4723289242899134E-028
          25          20  -1.4599053080083853E-015
          25          21   6.1412444596816307E-016
          25          22  -5.6862504580089851E-027
          25          23   6.1412444596370817E-016
          25          24   4.1027606015310666E-027
          25          25   2.0288331787753141E-027
          25          26   6.1412444595993062E-016
          26           1  -1.4554760269483567E-002
          26           2   5.3692270707440259E-003
          26           3   6.5884277752402652E-003
          26           4   3.5687187214018539E-003
          26           5  -4.5408613911799976E-004
          26           6  -3.4344930848804268E-016
          26           7   6.1194445389740224E-016
          26           8   2.9306841939880046E-016
          26           9  -8.1129413762136690E-016
          26          10  -1.0644769269834174E-015
          26          11  -7.5178279485015533E-016
          26          12   1.0941816944340180E-015
          26          13   3.4105165756851642E-015
          26          14  -1.7561914311068751E-016
          26          15  -5.3959173330231066E-004
          26          16   1.7203076019866312E-016
          26          17  -5.3959173330237332E-004
          26          18  -3.9358721986674824E-016
          26          19   2.0383565990414910E-016
          26          20  -5.3959173330241387E-004
          26          21   2.6943920278046094E-004
          26          22  -1.7105342256184808E-015
          26          23   2.6943920277915979E-004
          26          24   1.3101302257935434E-015
          26          25   6.1412444595993062E-016
          26          26   2.6943920277799698E-004
