           1           1   2.6115971324230669     
           1           2   1.5528989772872832     
           1           3 -0.83016463776417537     
           1           4 -0.14169622043441732     
           1           5 -0.11099031655049120     
           1           6   1.6693228021242773E-016
           1           7  -1.4623323400631007E-016
           1           8  -2.3605737265708574E-016
           1           9   3.5431849666363851E-016
           1          10   2.2026569209092473E-016
           1          11   2.5382372653452090E-016
           1          12  -1.5396562016959239E-016
           1          13  -5.6736207551213287E-016
           1          14  -6.4348556447340422E-017
           1          15 -0.43175464850284268     
           1          16  -7.1354484305062380E-016
           1          17 -0.43175464850284367     
           1          18  -6.8582150125528162E-016
           1          19  -2.5546860960810921E-015
           1          20 -0.43175464850284245     
           1          21  0.17537109924859720     
           1          22   2.3397996416484944E-016
           1          23  0.17537109924859626     
           1          24   8.5471785574409700E-016
           1          25  -1.1128393128511825E-016
           1          26  0.17537109924859759     
           2           1   1.5528989772872832     
           2           2  0.92337949208210368     
           2           3 -0.49362966475918824     
           2           4  -8.4254923190976549E-002
           2           5  -6.5996683378241897E-002
           2           6  -8.7311004067335667E-017
           2           7  -3.5108291098612824E-016
           2           8  -8.5195553159324641E-017
           2           9   1.8119304994884578E-016
           2          10   8.9223682862134266E-017
           2          11   1.5964798436942123E-016
           2          12  -8.7797042599432053E-017
           2          13  -3.3204910255641904E-016
           2          14  -3.9372596264694408E-017
           2          15 -0.25672847614020183     
           2          16  -4.2428560028087318E-016
           2          17 -0.25672847614020239     
           2          18  -4.0780084136209298E-016
           2          19  -1.5190587310124626E-015
           2          20 -0.25672847614020172     
           2          21  0.10427856474793235     
           2          22   1.3912836805736307E-016
           2          23  0.10427856474793178     
           2          24   5.0822941546987916E-016
           2          25  -6.6171271570064551E-017
           2          26  0.10427856474793257     
           3           1 -0.83016463776417537     
           3           2 -0.49362966475918824     
           3           3  0.26388960120916599     
           3           4   4.5041859653273307E-002
           3           5   3.5281182840395074E-002
           3           6  -1.7197506734353441E-016
           3           7  -1.2185901545608856E-016
           3           8   1.1019833699366711E-016
           3           9  -1.3142523006164644E-016
           3          10  -9.6626510599513572E-017
           3          11  -7.5126727413616647E-017
           3          12   5.1334279432731867E-017
           3          13   1.8373765863943134E-016
           3          14   1.9747497271322648E-017
           3          15  0.13724453780695056     
           3          16   2.2681894110138625E-016
           3          17  0.13724453780695087     
           3          18   2.1800634986615637E-016
           3          19   8.1207397236901761E-016
           3          20  0.13724453780695048     
           3          21  -5.5746303009201088E-002
           3          22  -7.4376667742304860E-017
           3          23  -5.5746303009200790E-002
           3          24  -2.7169448545305950E-016
           3          25   3.5374515983852637E-017
           3          26  -5.5746303009201213E-002
           4           1 -0.14169622043441732     
           4           2  -8.4254923190976549E-002
           4           3   4.5041859653273307E-002
           4           4   7.6879464432443208E-003
           4           5   6.0219503861350049E-003
           4           6   1.4958019729815295E-016
           4           7   2.3251756971715587E-016
           4           8  -3.4100411846989388E-017
           4           9   5.8510465298521903E-018
           4          10   2.3548109919035363E-017
           4          11  -2.1186157966043751E-017
           4          12   5.1621584263694668E-018
           4          13   2.6264908652303800E-017
           4          14   4.4350313681722477E-018
           4          15   2.3425512721053410E-002
           4          16   3.8714473268292596E-017
           4          17   2.3425512721053466E-002
           4          18   3.7210300706054299E-017
           4          19   1.3860842459847166E-016
           4          20   2.3425512721053400E-002
           4          21  -9.5150288030450385E-003
           4          22  -1.2694942940444793E-017
           4          23  -9.5150288030449864E-003
           4          24  -4.6374032270582612E-017
           4          25   6.0378809052966845E-018
           4          26  -9.5150288030450593E-003
           5           1 -0.11099031655049120     
           5           2  -6.5996683378241897E-002
           5           3   3.5281182840395074E-002
           5           4   6.0219503861350049E-003
           5           5   4.7169795888651039E-003
           5           6  -3.1695609978345693E-016
           5           7  -4.3245741764811470E-016
           5           8   1.0165633891130007E-016
           5           9  -6.4036716236821525E-017
           5          10  -7.8700145126441572E-017
           5          11   3.6953821455499761E-018
           5          12   1.2777216902368492E-017
           5          13   3.2937584854693075E-017
           5          14   8.9144661653458330E-019
           5          15   1.8349149076073365E-002
           5          16   3.0324955951257624E-017
           5          17   1.8349149076073410E-002
           5          18   2.9146741117314783E-017
           5          19   1.0857165332698258E-016
           5          20   1.8349149076073358E-002
           5          21  -7.4530997058302228E-003
           5          22  -9.9439189784350295E-018
           5          23  -7.4530997058301829E-003
           5          24  -3.6324670521588749E-017
           5          25   4.7294579270954826E-018
           5          26  -7.4530997058302392E-003
           6           1   1.6693228021242773E-016
           6           2  -8.7311004067335667E-017
           6           3  -1.7197506734353441E-016
           6           4   1.4958019729815295E-016
           6           5  -3.1695609978345693E-016
           6           6  0.27297476812017368     
           6           7  0.38645131360098783     
           6           8  -8.0716916385354831E-002
           6           9   4.3147974565851954E-002
           6          10   6.1084735285330719E-002
           6          11  -1.2758583803231808E-002
           6          12  -5.4917350654713308E-003
           6          13  -7.7746681300069021E-003
           6          14   1.6238714044623736E-003
           6          15   1.7999090760656283E-016
           6          16  -3.1074723579592109E-016
           6          17   3.6516553145858847E-016
           6          18   1.1796314304792017E-017
           6          19   1.7529162334721055E-018
           6          20   6.0881988369574296E-017
           6          21   5.2664615498769242E-017
           6          22  -3.3431855010239167E-016
           6          23  -5.6638546569577522E-017
           6          24  -1.6959298172914227E-016
           6          25   9.5403073270968168E-017
           6          26   1.6883912601726738E-016
           7           1  -1.4623323400631007E-016
           7           2  -3.5108291098612824E-016
           7           3  -1.2185901545608856E-016
           7           4   2.3251756971715587E-016
           7           5  -4.3245741764811470E-016
           7           6  0.38645131360098783     
           7           7  0.54710044746033815     
           7           8 -0.11427121481502306     
           7           9   6.1084735285331301E-002
           7          10   8.6477868832156329E-002
           7          11  -1.8062370761962140E-002
           7          12  -7.7746681300071372E-003
           7          13  -1.1006624283788005E-002
           7          14   2.2989203056939518E-003
           7          15   3.1805932840182082E-016
           7          16  -4.3992592538201943E-016
           7          17   5.8021167722872908E-016
           7          18   1.6700082539240831E-017
           7          19   2.4816095118346950E-018
           7          20   1.4943642373663889E-016
           7          21   4.8868239037762982E-017
           7          22  -4.7329591572862602E-016
           7          23  -1.0587262163936178E-016
           7          24  -2.4009336473868712E-016
           7          25   1.3506245738765859E-016
           7          26   2.1333689123590520E-016
           8           1  -2.3605737265708574E-016
           8           2  -8.5195553159324641E-017
           8           3   1.1019833699366711E-016
           8           4  -3.4100411846989388E-017
           8           5   1.0165633891130007E-016
           8           6  -8.0716916385354831E-002
           8           7 -0.11427121481502306     
           8           8   2.3867482828640485E-002
           8           9  -1.2758583803232844E-002
           8          10  -1.8062370761963435E-002
           8          11   3.7726327203532347E-003
           8          12   1.6238714044626422E-003
           8          13   2.2989203056942627E-003
           8          14  -4.8016852721294187E-004
           8          15  -2.2357115021415401E-017
           8          16   9.1885996722148468E-017
           8          17  -7.7112082790353523E-017
           8          18  -3.4880957018564877E-018
           8          19  -5.1832626884166824E-019
           8          20   1.2862640786086537E-017
           8          21  -2.8109435984584956E-017
           8          22   9.8855885620930088E-017
           8          23   4.2108193052431737E-018
           8          24   5.0147574517758190E-017
           8          25  -2.8210086745924098E-017
           8          26  -6.2461505650975990E-017
           9           1   3.5431849666363851E-016
           9           2   1.8119304994884578E-016
           9           3  -1.3142523006164644E-016
           9           4   5.8510465298521903E-018
           9           5  -6.4036716236821525E-017
           9           6   4.3147974565851954E-002
           9           7   6.1084735285331301E-002
           9           8  -1.2758583803232844E-002
           9           9   6.8202190332690253E-003
           9          10   9.6554074305245808E-003
           9          11  -2.0166957306317155E-003
           9          12  -8.6805548571081441E-004
           9          13  -1.2289091224130836E-003
           9          14   2.5667852944969181E-004
           9          15  -2.5764026326080859E-017
           9          16  -4.9118509812703548E-017
           9          17   3.5057483685931558E-018
           9          18   1.8645938344377054E-018
           9          19   2.7707610332885633E-019
           9          20  -4.4591072698151326E-017
           9          21   3.0345417862183780E-017
           9          22  -5.2844328419247863E-017
           9          23   1.3068326322294643E-017
           9          24  -2.6806849997852260E-017
           9          25   1.5079962911398555E-017
           9          26   4.8708634578410453E-017
          10           1   2.2026569209092473E-016
          10           2   8.9223682862134266E-017
          10           3  -9.6626510599513572E-017
          10           4   2.3548109919035363E-017
          10           5  -7.8700145126441572E-017
          10           6   6.1084735285330719E-002
          10           7   8.6477868832156329E-002
          10           8  -1.8062370761963435E-002
          10           9   9.6554074305245808E-003
          10          10   1.3669193349167899E-002
          10          11  -2.8550430488616515E-003
          10          12  -1.2289091224131090E-003
          10          13  -1.7397708510688949E-003
          10          14   3.6338067273431477E-004
          10          15   1.0038188478332807E-017
          10          16  -6.9537242471016777E-017
          10          17   5.1475508701944007E-017
          10          18   2.6397118737858715E-018
          10          19   3.9225758789477071E-019
          10          20  -1.6615325514250662E-017
          10          21   2.4067594446295222E-017
          10          22  -7.4811896625514276E-017
          10          23  -3.9164318498366921E-019
          10          24  -3.7950549299904212E-017
          10          25   2.1348755111309553E-017
          10          26   5.0064463207444584E-017
          11           1   2.5382372653452090E-016
          11           2   1.5964798436942123E-016
          11           3  -7.5126727413616647E-017
          11           4  -2.1186157966043751E-017
          11           5   3.6953821455499761E-018
          11           6  -1.2758583803231808E-002
          11           7  -1.8062370761962140E-002
          11           8   3.7726327203532347E-003
          11           9  -2.0166957306317155E-003
          11          10  -2.8550430488616515E-003
          11          11   5.9632420162887198E-004
          11          12   2.5667852944971338E-004
          11          13   3.6338067273433786E-004
          11          14  -7.5898221444349603E-005
          11          15  -5.1665155393807740E-017
          11          16   1.4524033399964159E-017
          11          17  -6.0320043070488310E-017
          11          18  -5.5134863073026689E-019
          11          19  -8.1929655326324457E-020
          11          20  -4.6098116585559791E-017
          11          21   1.5106925868850741E-017
          11          22   1.5625734450953067E-017
          11          23   2.0215652813874721E-017
          11          24   7.9266163855799160E-018
          11          25  -4.4590498740808692E-018
          11          26   9.6770385629399151E-018
          12           1  -1.5396562016959239E-016
          12           2  -8.7797042599432053E-017
          12           3   5.1334279432731867E-017
          12           4   5.1621584263694668E-018
          12           5   1.2777216902368492E-017
          12           6  -5.4917350654713308E-003
          12           7  -7.7746681300071372E-003
          12           8   1.6238714044626422E-003
          12           9  -8.6805548571081441E-004
          12          10  -1.2289091224131090E-003
          12          11   2.5667852944971338E-004
          12          12   1.1048330304304979E-004
          12          13   1.5641159029454606E-004
          12          14  -3.2669215529019933E-005
          12          15   2.1277628090810990E-017
          12          16   6.2516455387828211E-018
          12          17   1.7552265552556440E-017
          12          18  -2.3731949057803408E-019
          12          19  -3.5265352957144037E-020
          12          20   2.3673873842345774E-017
          12          21  -1.1172925336370474E-017
          12          22   6.7258557165494636E-018
          12          23  -8.9739528378082889E-018
          12          24   3.4118894249220011E-018
          12          25  -1.9193290517065363E-018
          12          26  -1.3510136344999440E-017
          13           1  -5.6736207551213287E-016
          13           2  -3.3204910255641904E-016
          13           3   1.8373765863943134E-016
          13           4   2.6264908652303800E-017
          13           5   3.2937584854693075E-017
          13           6  -7.7746681300069021E-003
          13           7  -1.1006624283788005E-002
          13           8   2.2989203056942627E-003
          13           9  -1.2289091224130836E-003
          13          10  -1.7397708510688949E-003
          13          11   3.6338067273433786E-004
          13          12   1.5641159029454606E-004
          13          13   2.2143242376575507E-004
          13          14  -4.6249920248838311E-005
          13          15   8.7885089651431214E-017
          13          16   8.8504759881936583E-018
          13          17   8.2611081154372977E-017
          13          18  -3.3597401513899435E-019
          13          19  -4.9925280891885873E-020
          13          20   9.1277462964058030E-017
          13          21  -3.9279564283810871E-017
          13          22   9.5218169600455316E-018
          13          23  -3.6166471390669558E-017
          13          24   4.8302235375171731E-018
          13          25  -2.7172007082279740E-018
          13          26  -4.2588361908834261E-017
          14           1  -6.4348556447340422E-017
          14           2  -3.9372596264694408E-017
          14           3   1.9747497271322648E-017
          14           4   4.4350313681722477E-018
          14           5   8.9144661653458330E-019
          14           6   1.6238714044623736E-003
          14           7   2.2989203056939518E-003
          14           8  -4.8016852721294187E-004
          14           9   2.5667852944969181E-004
          14          10   3.6338067273431477E-004
          14          11  -7.5898221444349603E-005
          14          12  -3.2669215529019933E-005
          14          13  -4.6249920248838311E-005
          14          14   9.6600808799651185E-006
          14          15   1.1873138441356070E-017
          14          16  -1.8485721361710911E-018
          14          17   1.2974704635829430E-017
          14          18   7.0173875811019405E-020
          14          19   1.0427742335209345E-020
          14          20   1.1164583693613908E-017
          14          21  -4.0744563677074274E-018
          14          22  -1.9887930933367293E-018
          14          23  -4.7246786593954223E-018
          14          24  -1.0088741729646955E-018
          14          25   5.6753348908186249E-019
          14          26  -3.3833578209166562E-018
          15           1 -0.43175464850284268     
          15           2 -0.25672847614020183     
          15           3  0.13724453780695056     
          15           4   2.3425512721053410E-002
          15           5   1.8349149076073365E-002
          15           6   1.7999090760656283E-016
          15           7   3.1805932840182082E-016
          15           8  -2.2357115021415401E-017
          15           9  -2.5764026326080859E-017
          15          10   1.0038188478332807E-017
          15          11  -5.1665155393807740E-017
          15          12   2.1277628090810990E-017
          15          13   8.7885089651431214E-017
          15          14   1.1873138441356070E-017
          15          15   7.1378572977240998E-002
          15          16   1.1796471173810070E-016
          15          17   7.1378572977241164E-002
          15          18   1.1338143143672211E-016
          15          19   4.2234599806947206E-016
          15          20   7.1378572977240970E-002
          15          21  -2.8992713452470342E-002
          15          22  -3.8682052423213433E-017
          15          23  -2.8992713452470186E-002
          15          24  -1.4130372667146710E-016
          15          25   1.8397690072297670E-017
          15          26  -2.8992713452470405E-002
          16           1  -7.1354484305062380E-016
          16           2  -4.2428560028087318E-016
          16           3   2.2681894110138625E-016
          16           4   3.8714473268292596E-017
          16           5   3.0324955951257624E-017
          16           6  -3.1074723579592109E-016
          16           7  -4.3992592538201943E-016
          16           8   9.1885996722148468E-017
          16           9  -4.9118509812703548E-017
          16          10  -6.9537242471016777E-017
          16          11   1.4524033399964159E-017
          16          12   6.2516455387828211E-018
          16          13   8.8504759881936583E-018
          16          14  -1.8485721361710911E-018
          16          15   1.1796471173810070E-016
          16          16   5.4870230105427975E-031
          16          17   1.1796471173810077E-016
          16          18   1.7395266176524116E-031
          16          19   6.9600004320536371E-031
          16          20   1.1796471173810077E-016
          16          21  -4.7915178775240150E-017
          16          22   3.1665098138018060E-031
          16          23  -4.7915178775239768E-017
          16          24  -4.0467259295511674E-032
          16          25  -7.8199150343585413E-032
          16          26  -4.7915178775240390E-017
          17           1 -0.43175464850284367     
          17           2 -0.25672847614020239     
          17           3  0.13724453780695087     
          17           4   2.3425512721053466E-002
          17           5   1.8349149076073410E-002
          17           6   3.6516553145858847E-016
          17           7   5.8021167722872908E-016
          17           8  -7.7112082790353523E-017
          17           9   3.5057483685931558E-018
          17          10   5.1475508701944007E-017
          17          11  -6.0320043070488310E-017
          17          12   1.7552265552556440E-017
          17          13   8.2611081154372977E-017
          17          14   1.2974704635829430E-017
          17          15   7.1378572977241164E-002
          17          16   1.1796471173810077E-016
          17          17   7.1378572977241345E-002
          17          18   1.1338143143672236E-016
          17          19   4.2234599806947305E-016
          17          20   7.1378572977241136E-002
          17          21  -2.8992713452470412E-002
          17          22  -3.8682052423213753E-017
          17          23  -2.8992713452470252E-002
          17          24  -1.4130372667146752E-016
          17          25   1.8397690072297778E-017
          17          26  -2.8992713452470474E-002
          18           1  -6.8582150125528162E-016
          18           2  -4.0780084136209298E-016
          18           3   2.1800634986615637E-016
          18           4   3.7210300706054299E-017
          18           5   2.9146741117314783E-017
          18           6   1.1796314304792017E-017
          18           7   1.6700082539240831E-017
          18           8  -3.4880957018564877E-018
          18           9   1.8645938344377054E-018
          18          10   2.6397118737858715E-018
          18          11  -5.5134863073026689E-019
          18          12  -2.3731949057803408E-019
          18          13  -3.3597401513899435E-019
          18          14   7.0173875811019405E-020
          18          15   1.1338143143672211E-016
          18          16   1.7395266176524116E-031
          18          17   1.1338143143672236E-016
          18          18   1.8061071786470286E-031
          18          19   6.7095206280164439E-031
          18          20   1.1338143143672204E-016
          18          21  -4.6053531408143004E-017
          18          22  -7.5891801125416377E-032
          18          23  -4.6053531408142757E-017
          18          24  -2.3178295656880862E-031
          18          25   3.3346588509496390E-032
          18          26  -4.6053531408143103E-017
          19           1  -2.5546860960810921E-015
          19           2  -1.5190587310124626E-015
          19           3   8.1207397236901761E-016
          19           4   1.3860842459847166E-016
          19           5   1.0857165332698258E-016
          19           6   1.7529162334721055E-018
          19           7   2.4816095118346950E-018
          19           8  -5.1832626884166824E-019
          19           9   2.7707610332885633E-019
          19          10   3.9225758789477071E-019
          19          11  -8.1929655326324457E-020
          19          12  -3.5265352957144037E-020
          19          13  -4.9925280891885873E-020
          19          14   1.0427742335209345E-020
          19          15   4.2234599806947206E-016
          19          16   6.9600004320536371E-031
          19          17   4.2234599806947305E-016
          19          18   6.7095206280164439E-031
          19          19   2.4990265020919190E-030
          19          20   4.2234599806947186E-016
          19          21  -1.7154947190846880E-016
          19          22  -2.3102798967505692E-031
          19          23  -1.7154947190846786E-016
          19          24  -8.3718118174936252E-031
          19          25   1.0947150360576333E-031
          19          26  -1.7154947190846917E-016
          20           1 -0.43175464850284245     
          20           2 -0.25672847614020172     
          20           3  0.13724453780695048     
          20           4   2.3425512721053400E-002
          20           5   1.8349149076073358E-002
          20           6   6.0881988369574296E-017
          20           7   1.4943642373663889E-016
          20           8   1.2862640786086537E-017
          20           9  -4.4591072698151326E-017
          20          10  -1.6615325514250662E-017
          20          11  -4.6098116585559791E-017
          20          12   2.3673873842345774E-017
          20          13   9.1277462964058030E-017
          20          14   1.1164583693613908E-017
          20          15   7.1378572977240970E-002
          20          16   1.1796471173810077E-016
          20          17   7.1378572977241136E-002
          20          18   1.1338143143672204E-016
          20          19   4.2234599806947186E-016
          20          20   7.1378572977240942E-002
          20          21  -2.8992713452470328E-002
          20          22  -3.8682052423213273E-017
          20          23  -2.8992713452470172E-002
          20          24  -1.4130372667146695E-016
          20          25   1.8397690072297620E-017
          20          26  -2.8992713452470391E-002
          21           1  0.17537109924859720     
          21           2  0.10427856474793235     
          21           3  -5.5746303009201088E-002
          21           4  -9.5150288030450385E-003
          21           5  -7.4530997058302228E-003
          21           6   5.2664615498769242E-017
          21           7   4.8868239037762982E-017
          21           8  -2.8109435984584956E-017
          21           9   3.0345417862183780E-017
          21          10   2.4067594446295222E-017
          21          11   1.5106925868850741E-017
          21          12  -1.1172925336370474E-017
          21          13  -3.9279564283810871E-017
          21          14  -4.0744563677074274E-018
          21          15  -2.8992713452470342E-002
          21          16  -4.7915178775240150E-017
          21          17  -2.8992713452470412E-002
          21          18  -4.6053531408143004E-017
          21          19  -1.7154947190846880E-016
          21          20  -2.8992713452470328E-002
          21          21   1.1776327240460132E-002
          21          22   1.5711965298286937E-017
          21          23   1.1776327240460068E-002
          21          24   5.7395073707319487E-017
          21          25  -7.4728161996675860E-018
          21          26   1.1776327240460158E-002
          22           1   2.3397996416484944E-016
          22           2   1.3912836805736307E-016
          22           3  -7.4376667742304860E-017
          22           4  -1.2694942940444793E-017
          22           5  -9.9439189784350295E-018
          22           6  -3.3431855010239167E-016
          22           7  -4.7329591572862602E-016
          22           8   9.8855885620930088E-017
          22           9  -5.2844328419247863E-017
          22          10  -7.4811896625514276E-017
          22          11   1.5625734450953067E-017
          22          12   6.7258557165494636E-018
          22          13   9.5218169600455316E-018
          22          14  -1.9887930933367293E-018
          22          15  -3.8682052423213433E-017
          22          16   3.1665098138018060E-031
          22          17  -3.8682052423213753E-017
          22          18  -7.5891801125416377E-032
          22          19  -2.3102798967505692E-031
          22          20  -3.8682052423213273E-017
          22          21   1.5711965298286937E-017
          22          22   4.3041059732905624E-031
          22          23   1.5711965298286983E-017
          22          24   2.8428092695541906E-031
          22          25  -1.2681258838363151E-031
          22          26   1.5711965298286826E-017
          23           1  0.17537109924859626     
          23           2  0.10427856474793178     
          23           3  -5.5746303009200790E-002
          23           4  -9.5150288030449864E-003
          23           5  -7.4530997058301829E-003
          23           6  -5.6638546569577522E-017
          23           7  -1.0587262163936178E-016
          23           8   4.2108193052431737E-018
          23           9   1.3068326322294643E-017
          23          10  -3.9164318498366921E-019
          23          11   2.0215652813874721E-017
          23          12  -8.9739528378082889E-018
          23          13  -3.6166471390669558E-017
          23          14  -4.7246786593954223E-018
          23          15  -2.8992713452470186E-002
          23          16  -4.7915178775239768E-017
          23          17  -2.8992713452470252E-002
          23          18  -4.6053531408142757E-017
          23          19  -1.7154947190846786E-016
          23          20  -2.8992713452470172E-002
          23          21   1.1776327240460068E-002
          23          22   1.5711965298286983E-017
          23          23   1.1776327240460004E-002
          23          24   5.7395073707319253E-017
          23          25  -7.4728161996675829E-018
          23          26   1.1776327240460094E-002
          24           1   8.5471785574409700E-016
          24           2   5.0822941546987916E-016
          24           3  -2.7169448545305950E-016
          24           4  -4.6374032270582612E-017
          24           5  -3.6324670521588749E-017
          24           6  -1.6959298172914227E-016
          24           7  -2.4009336473868712E-016
          24           8   5.0147574517758190E-017
          24           9  -2.6806849997852260E-017
          24          10  -3.7950549299904212E-017
          24          11   7.9266163855799160E-018
          24          12   3.4118894249220011E-018
          24          13   4.8302235375171731E-018
          24          14  -1.0088741729646955E-018
          24          15  -1.4130372667146710E-016
          24          16  -4.0467259295511674E-032
          24          17  -1.4130372667146752E-016
          24          18  -2.3178295656880862E-031
          24          19  -8.3718118174936252E-031
          24          20  -1.4130372667146695E-016
          24          21   5.7395073707319487E-017
          24          22   2.8428092695541906E-031
          24          23   5.7395073707319253E-017
          24          24   3.8509445119951446E-031
          24          25  -9.5692512100805348E-032
          24          26   5.7395073707319549E-017
          25           1  -1.1128393128511825E-016
          25           2  -6.6171271570064551E-017
          25           3   3.5374515983852637E-017
          25           4   6.0378809052966845E-018
          25           5   4.7294579270954826E-018
          25           6   9.5403073270968168E-017
          25           7   1.3506245738765859E-016
          25           8  -2.8210086745924098E-017
          25           9   1.5079962911398555E-017
          25          10   2.1348755111309553E-017
          25          11  -4.4590498740808692E-018
          25          12  -1.9193290517065363E-018
          25          13  -2.7172007082279740E-018
          25          14   5.6753348908186249E-019
          25          15   1.8397690072297670E-017
          25          16  -7.8199150343585413E-032
          25          17   1.8397690072297778E-017
          25          18   3.3346588509496390E-032
          25          19   1.0947150360576333E-031
          25          20   1.8397690072297620E-017
          25          21  -7.4728161996675860E-018
          25          22  -1.2681258838363151E-031
          25          23  -7.4728161996675829E-018
          25          24  -9.5692512100805348E-032
          25          25   3.8084781331938853E-032
          25          26  -7.4728161996675613E-018
          26           1  0.17537109924859759     
          26           2  0.10427856474793257     
          26           3  -5.5746303009201213E-002
          26           4  -9.5150288030450593E-003
          26           5  -7.4530997058302392E-003
          26           6   1.6883912601726738E-016
          26           7   2.1333689123590520E-016
          26           8  -6.2461505650975990E-017
          26           9   4.8708634578410453E-017
          26          10   5.0064463207444584E-017
          26          11   9.6770385629399151E-018
          26          12  -1.3510136344999440E-017
          26          13  -4.2588361908834261E-017
          26          14  -3.3833578209166562E-018
          26          15  -2.8992713452470405E-002
          26          16  -4.7915178775240390E-017
          26          17  -2.8992713452470474E-002
          26          18  -4.6053531408143103E-017
          26          19  -1.7154947190846917E-016
          26          20  -2.8992713452470391E-002
          26          21   1.1776327240460158E-002
          26          22   1.5711965298286826E-017
          26          23   1.1776327240460094E-002
          26          24   5.7395073707319549E-017
          26          25  -7.4728161996675613E-018
          26          26   1.1776327240460184E-002
