           1           1   2.0808568769572511     
           1           2 -0.53761398072928235     
           1           3  0.20622844138359045     
           1           4 -0.79441280075162113     
           1           5  0.78668481028831816     
           1           6   1.2213264250065178E-002
           1           7   6.5259983189744834E-015
           1           8   4.6194721779472740E-015
           1           9  -9.2236169187258318E-016
           1          10  -6.8735161332019981E-017
           1          11  -2.9229634739059602E-015
           1          12  -2.2383608597670823E-015
           1          13  -6.2483883504617606E-015
           1          14   5.0879211196463929E-015
           1          15  -6.7522932646202091E-016
           1          16   3.7832204620505176E-015
           1          17   3.0403689728459519E-017
           1          18  -3.7885887959203977E-015
           1          19  0.10551850970501131     
           1          20   1.5092066845088823E-015
           1          21  0.10551850970502324     
           1          22  -3.4783239054860813E-016
           1          23  -4.1045663945607610E-016
           1          24  0.10551850970501628     
           1          25 -0.19532832154824686     
           1          26   1.0035078128301841E-015
           1          27 -0.19532832154825841     
           1          28   6.2493689945156617E-016
           1          29  -1.8794270692043257E-015
           1          30 -0.19532832154825053     
           2           1 -0.53761398072928235     
           2           2   6.1464621945282545     
           2           3  -1.2548611674186914     
           2           4  -19.184640432571896     
           2           5   17.422584690187300     
           2           6  0.17077621140618116     
           2           7  -8.2907490399681333E-014
           2           8  -3.4227403388208470E-015
           2           9  -2.3736911132097986E-014
           2          10   2.8743568954377896E-014
           2          11   2.5242677467024572E-014
           2          12   3.3343102885134826E-015
           2          13  -1.9914570285603848E-014
           2          14  -2.2177807042120812E-014
           2          15  -4.9590710632007686E-015
           2          16   8.5407530496093963E-015
           2          17   8.7846912978755733E-015
           2          18   6.8759533221728734E-015
           2          19   3.1137289970691970     
           2          20  -2.5678763131722299E-015
           2          21   3.1137289970691731     
           2          22   8.1364183105871666E-015
           2          23   6.2714891348823913E-016
           2          24   3.1137289970691939     
           2          25  -4.2167817759965107     
           2          26   6.4623974661937705E-015
           2          27  -4.2167817759964841     
           2          28  -4.6927953109819150E-015
           2          29   1.1250030452244804E-015
           2          30  -4.2167817759964921     
           3           1  0.20622844138359045     
           3           2  -1.2548611674186914     
           3           3  0.32113178501141282     
           3           4   5.3536100509800431     
           3           5  -4.8965990552251712     
           3           6  -5.0260993325285837E-002
           3           7   3.5303595683667712E-014
           3           8  -6.2263493232259646E-014
           3           9   3.4655313477814703E-014
           3          10  -9.9540949137023395E-015
           3          11   1.2565280063116311E-014
           3          12  -8.2884397501874589E-015
           3          13   5.5893863079479327E-015
           3          14  -5.9230752984965385E-015
           3          15   4.5252461962591070E-015
           3          16  -1.8925722873473052E-015
           3          17   2.4642053487822531E-015
           3          18  -2.4737833018019937E-015
           3          19 -0.85579283097820535     
           3          20   2.7442840579902597E-016
           3          21 -0.85579283097820336     
           3          22  -5.6987384422441644E-017
           3          23  -1.2628414685304787E-016
           3          24 -0.85579283097820491     
           3          25   1.1876498966227043     
           3          26  -7.8339678633939693E-017
           3          27   1.1876498966227003     
           3          28   1.5539080140036292E-015
           3          29  -4.4142638111842719E-017
           3          30   1.1876498966227012     
           4           1 -0.79441280075162113     
           4           2  -19.184640432571896     
           4           3   5.3536100509800431     
           4           4   102.89944662452073     
           4           5  -94.500874266539782     
           4           6 -0.99557222446248106     
           4           7  -5.6198677250986025E-014
           4           8   1.6726764719846458E-013
           4           9  -6.5420473056319377E-014
           4          10  -4.4483903930967496E-015
           4          11  -6.5512355667257267E-014
           4          12   2.5823178237827899E-014
           4          13   1.2930742117951507E-014
           4          14   3.6804395648177637E-014
           4          15  -1.6302117108385785E-014
           4          16  -3.5146249648963762E-015
           4          17  -5.8074253792947968E-015
           4          18   2.7605467985846724E-015
           4          19  -16.306174217346300     
           4          20  -1.5476204439625959E-015
           4          21  -16.306174217346321     
           4          22   1.5018525521281643E-014
           4          23  -1.0457622781322987E-015
           4          24  -16.306174217346303     
           4          25   22.949101473897148     
           4          26   7.9582932543424896E-015
           4          27   22.949101473897127     
           4          28   2.9465166734185984E-014
           4          29   5.6056411980169558E-015
           4          30   22.949101473897109     
           5           1  0.78668481028831816     
           5           2   17.422584690187300     
           5           3  -4.8965990552251712     
           5           4  -94.500874266539782     
           5           5   86.802782186119359     
           5           6  0.91544892736317363     
           5           7   6.1770518640450300E-014
           5           8  -1.4396050956023450E-013
           5           9   6.5984153362093179E-014
           5          10   1.2075421812354188E-015
           5          11   5.6250814036569943E-014
           5          12  -2.5129919978416066E-014
           5          13  -1.0145751202996592E-014
           5          14  -3.1023399612383542E-014
           5          15   1.6010399150695982E-014
           5          16   2.4923393012919719E-015
           5          17   4.1853301672544545E-015
           5          18  -3.2574752679821706E-015
           5          19   14.969655447892110     
           5          20   1.6412668719177600E-015
           5          21   14.969655447892135     
           5          22  -1.4621093596076137E-014
           5          23   9.2664567768841328E-016
           5          24   14.969655447892116     
           5          25  -21.080741828868057     
           5          26  -7.9075167209551703E-015
           5          27  -21.080741828868042     
           5          28  -2.7118708879753709E-014
           5          29  -5.3169801557153610E-015
           5          30  -21.080741828868025     
           6           1   1.2213264250065178E-002
           6           2  0.17077621140618116     
           6           3  -5.0260993325285837E-002
           6           4 -0.99557222446248106     
           6           5  0.91544892736317363     
           6           6   9.7182153622742372E-003
           6           7  -1.5331037012108718E-015
           6           8   3.0881655281499053E-015
           6           9  -2.1610937827741713E-015
           6          10   5.3318878775016536E-016
           6          11  -6.5061624892934200E-016
           6          12   4.4871408678487728E-016
           6          13  -3.8395483637117739E-016
           6          14   3.9717553967881631E-016
           6          15  -2.0663301637184200E-016
           6          16   1.1586398012035140E-016
           6          17  -2.2171771079008714E-016
           6          18   7.4376171383288945E-017
           6          19  0.15734021157763178     
           6          20   3.1688777167156801E-017
           6          21  0.15734021157763214     
           6          22  -2.0765585490345493E-016
           6          23   7.5313533429201463E-018
           6          24  0.15734021157763184     
           6          25 -0.22239477037113270     
           6          26  -1.2192897022519514E-016
           6          27 -0.22239477037113264     
           6          28  -2.8938533371579303E-016
           6          29  -6.7144373745742795E-017
           6          30 -0.22239477037113242     
           7           1   6.5259983189744834E-015
           7           2  -8.2907490399681333E-014
           7           3   3.5303595683667712E-014
           7           4  -5.6198677250986025E-014
           7           5   6.1770518640450300E-014
           7           6  -1.5331037012108718E-015
           7           7   2.2136315094765098     
           7           8  -2.1233015345956119E-015
           7           9   2.6367796834847483E-016
           7          10 -0.55046297235397768     
           7          11   1.2247147740396250E-015
           7          12   4.8051840284557596E-016
           7          13  0.30246023794954691     
           7          14   6.8348104953486229E-016
           7          15  -1.5161483180037298E-015
           7          16 -0.10653900510654062     
           7          17   6.9302202865273473E-016
           7          18  -3.9464959078472356E-016
           7          19   6.5512723013946044E-015
           7          20   3.6591756368626115E-015
           7          21   6.0783276304068692E-015
           7          22   8.0537256127885095E-016
           7          23   1.0968897053069716E-015
           7          24   7.9494378772536711E-015
           7          25  -1.8312064912033651E-014
           7          26  -9.4030710449445397E-016
           7          27  -1.3749965715167370E-014
           7          28   3.3558518904955048E-015
           7          29   1.1384266329829967E-015
           7          30  -1.5375198658674783E-014
           8           1   4.6194721779472740E-015
           8           2  -3.4227403388208470E-015
           8           3  -6.2263493232259646E-014
           8           4   1.6726764719846458E-013
           8           5  -1.4396050956023450E-013
           8           6   3.0881655281499053E-015
           8           7  -2.1233015345956119E-015
           8           8   2.2136315094765102     
           8           9   1.1102230246251565E-015
           8          10   1.8977874827186274E-015
           8          11 -0.55046297235397412     
           8          12   7.5772721430666934E-015
           8          13   2.1510571102112404E-015
           8          14  0.30246023794954807     
           8          15  -7.7021722333370235E-015
           8          16   2.5240226575462553E-016
           8          17 -0.10653900510654299     
           8          18   4.3229309021342033E-015
           8          19  -2.6452146076705081E-014
           8          20  -4.9203150085679275E-015
           8          21  -3.0866457800901238E-014
           8          22   1.5974300963857543E-015
           8          23   5.9217146492227329E-016
           8          24  -3.1297142312690118E-014
           8          25   3.7256013022326122E-014
           8          26   2.0802221686996990E-015
           8          27   3.3204865002765167E-014
           8          28  -2.8457740157754914E-015
           8          29  -3.2909476294216995E-015
           8          30   3.3044089074764746E-014
           9           1  -9.2236169187258318E-016
           9           2  -2.3736911132097986E-014
           9           3   3.4655313477814703E-014
           9           4  -6.5420473056319377E-014
           9           5   6.5984153362093179E-014
           9           6  -2.1610937827741713E-015
           9           7   2.6367796834847483E-016
           9           8   1.1102230246251565E-015
           9           9   2.2136315094765160     
           9          10   1.7815610098281805E-015
           9          11  -9.6589403142388619E-015
           9          12 -0.55046297235398356     
           9          13  -6.0741342511327893E-015
           9          14   9.1177065897340981E-015
           9          15  0.30246023794955457     
           9          16   3.4468955467659157E-015
           9          17  -1.5890067039947551E-015
           9          18 -0.10653900510654657     
           9          19   1.0891861401869921E-014
           9          20   5.5363631703208482E-016
           9          21   7.6705074743534604E-015
           9          22  -3.3461094924425356E-016
           9          23  -2.4788590701396844E-015
           9          24   1.0999022309995032E-014
           9          25  -1.9552955736721621E-014
           9          26  -4.7018383963476142E-016
           9          27  -1.3089142115839914E-014
           9          28   3.3895581612518684E-015
           9          29   1.0862719662757767E-015
           9          30  -1.4851412997807174E-014
          10           1  -6.8735161332019981E-017
          10           2   2.8743568954377896E-014
          10           3  -9.9540949137023395E-015
          10           4  -4.4483903930967496E-015
          10           5   1.2075421812354188E-015
          10           6   5.3318878775016536E-016
          10           7 -0.55046297235397768     
          10           8   1.8977874827186274E-015
          10           9   1.7815610098281805E-015
          10          10  0.13688343458954158     
          10          11  -6.4531713306336958E-016
          10          12  -5.7462715141731873E-016
          10          13  -7.5212681463850350E-002
          10          14   1.7347234759766897E-017
          10          15   6.2818673873810265E-016
          10          16   2.6493017094995536E-002
          10          17  -2.3830763751231486E-016
          10          18   9.5409791178722618E-018
          10          19   1.4237371514543513E-015
          10          20  -9.0992592435088888E-016
          10          21   1.5413441371862927E-015
          10          22  -2.0027171281036040E-016
          10          23  -2.7276317894053904E-016
          10          24   1.0760558072759763E-015
          10          25   5.5545119528493948E-016
          10          26   2.3382583842422170E-016
          10          27  -5.7900441457150430E-016
          10          28  -8.3449851455119812E-016
          10          29  -2.8309215220149576E-016
          10          30  -1.7485830758812814E-016
          11           1  -2.9229634739059602E-015
          11           2   2.5242677467024572E-014
          11           3   1.2565280063116311E-014
          11           4  -6.5512355667257267E-014
          11           5   5.6250814036569943E-014
          11           6  -6.5061624892934200E-016
          11           7   1.2247147740396250E-015
          11           8 -0.55046297235397412     
          11           9  -9.6589403142388619E-015
          11          10  -6.4531713306336958E-016
          11          11  0.13688343458953975     
          11          12   4.4408920985006138E-016
          11          13  -4.3888503942213501E-016
          11          14  -7.5212681463850128E-002
          11          15   6.3490879220751268E-016
          11          16  -9.6710833785706305E-017
          11          17   2.6493017094995956E-002
          11          18  -6.2450045135165075E-016
          11          19   1.0937618310367098E-014
          11          20   1.2235330103223142E-015
          11          21   1.2035323661142589E-014
          11          22  -3.9723238272477898E-016
          11          23  -1.4725507083217181E-016
          11          24   1.2142421827884247E-014
          11          25  -1.4121795323554613E-014
          11          26  -5.1728811829648763E-016
          11          27  -1.3114397764047908E-014
          11          28   7.0765762804935275E-016
          11          29   8.1835879467633517E-016
          11          30  -1.3074417670328129E-014
          12           1  -2.2383608597670823E-015
          12           2   3.3343102885134826E-015
          12           3  -8.2884397501874589E-015
          12           4   2.5823178237827899E-014
          12           5  -2.5129919978416066E-014
          12           6   4.4871408678487728E-016
          12           7   4.8051840284557596E-016
          12           8   7.5772721430666934E-015
          12           9 -0.55046297235398356     
          12          10  -5.7462715141731873E-016
          12          11   4.4408920985006138E-016
          12          12  0.13688343458954411     
          12          13   1.5818509696563523E-015
          12          14  -1.1934897514720427E-015
          12          15  -7.5212681463852848E-002
          12          16  -8.8264898862044955E-016
          12          17   1.5612511283791729E-017
          12          18   2.6493017094997226E-002
          12          19  -4.2441734385327817E-015
          12          20  -1.3767254909951134E-016
          12          21  -3.4431204853408590E-015
          12          22   8.3207587583869414E-017
          12          23   6.1641701699413033E-016
          12          24  -4.2708211040336659E-015
          12          25   6.9765687138230889E-015
          12          26   1.1692045076615660E-016
          12          27   5.3692144440358072E-015
          12          28  -8.4288024109787780E-016
          12          29  -2.7012286949348539E-016
          12          30   5.8074377271918934E-015
          13           1  -6.2483883504617606E-015
          13           2  -1.9914570285603848E-014
          13           3   5.5893863079479327E-015
          13           4   1.2930742117951507E-014
          13           5  -1.0145751202996592E-014
          13           6  -3.8395483637117739E-016
          13           7  0.30246023794954691     
          13           8   2.1510571102112404E-015
          13           9  -6.0741342511327893E-015
          13          10  -7.5212681463850350E-002
          13          11  -4.3888503942213501E-016
          13          12   1.5818509696563523E-015
          13          13   4.1326749799532221E-002
          13          14   4.2717565595928998E-016
          13          15  -1.0421351281930682E-015
          13          16  -1.4556990491634588E-002
          13          17  -2.2551405187697445E-017
          13          18   2.3982552055379378E-016
          13          19  -2.5034706710741733E-015
          13          20   4.9997261472229852E-016
          13          21  -2.5680916150350215E-015
          13          22   1.1004233336919991E-016
          13          23   1.4987387008690974E-016
          13          24  -2.3124318775998391E-015
          13          25   1.9873073646303031E-015
          13          26  -1.2847915714677887E-016
          13          27   2.6106512241328377E-015
          13          28   4.5852787917837067E-016
          13          29   1.5554928127200282E-016
          13          30   2.3885870094194601E-015
          14           1   5.0879211196463929E-015
          14           2  -2.2177807042120812E-014
          14           3  -5.9230752984965385E-015
          14           4   3.6804395648177637E-014
          14           5  -3.1023399612383542E-014
          14           6   3.9717553967881631E-016
          14           7   6.8348104953486229E-016
          14           8  0.30246023794954807     
          14           9   9.1177065897340981E-015
          14          10   1.7347234759766897E-017
          14          11  -7.5212681463850128E-002
          14          12  -1.1934897514720427E-015
          14          13   4.2717565595928998E-016
          14          14   4.1326749799532513E-002
          14          15   1.7173762412170336E-016
          14          16  -1.2251484549086501E-017
          14          17  -1.4556990491634962E-002
          14          18   1.5872719805187792E-016
          14          19  -6.3719545046527140E-015
          14          20  -6.7228878966855225E-016
          14          21  -6.9751053763166111E-015
          14          22   2.1826536394699448E-016
          14          23   8.0911534471991335E-017
          14          24  -7.0339520901258204E-015
          14          25   7.7420335601009445E-015
          14          26   2.8423181068717832E-016
          14          27   7.1885036755108278E-015
          14          28  -3.8883322823933677E-016
          14          29  -4.4965966504054820E-016
          14          30   7.1665360059907515E-015
          15           1  -6.7522932646202091E-016
          15           2  -4.9590710632007686E-015
          15           3   4.5252461962591070E-015
          15           4  -1.6302117108385785E-014
          15           5   1.6010399150695982E-014
          15           6  -2.0663301637184200E-016
          15           7  -1.5161483180037298E-015
          15           8  -7.7021722333370235E-015
          15           9  0.30246023794955457     
          15          10   6.2818673873810265E-016
          15          11   6.3490879220751268E-016
          15          12  -7.5212681463852848E-002
          15          13  -1.0421351281930682E-015
          15          14   1.7173762412170336E-016
          15          15   4.1326749799534206E-002
          15          16   5.4557053319470623E-016
          15          17   1.6132928326584259E-016
          15          18  -1.4556990491635727E-002
          15          19   2.5671595122354864E-015
          15          20   7.5646272412646856E-017
          15          21   2.1270088045566523E-015
          15          22  -4.5719672355461994E-017
          15          23  -3.3869968917056627E-016
          15          24   2.5818014766418010E-015
          15          25  -4.3869488853140284E-015
          15          26  -6.4243716900125965E-017
          15          27  -3.5037636769973288E-015
          15          28   4.6313334609089768E-016
          15          29   1.4842311197287692E-016
          15          30  -3.7445521135593870E-015
          16           1   3.7832204620505176E-015
          16           2   8.5407530496093963E-015
          16           3  -1.8925722873473052E-015
          16           4  -3.5146249648963762E-015
          16           5   2.4923393012919719E-015
          16           6   1.1586398012035140E-016
          16           7 -0.10653900510654062     
          16           8   2.5240226575462553E-016
          16           9   3.4468955467659157E-015
          16          10   2.6493017094995536E-002
          16          11  -9.6710833785706305E-017
          16          12  -8.8264898862044955E-016
          16          13  -1.4556990491634588E-002
          16          14  -1.2251484549086501E-017
          16          15   5.4557053319470623E-016
          16          16   5.1275741063948445E-003
          16          17  -4.0711791576830950E-017
          16          18  -1.4746504798518472E-016
          16          19   7.6546910538581003E-016
          16          20  -1.7611103302086166E-016
          16          21   7.8823127447389097E-016
          16          22  -3.8761460998087188E-017
          16          23  -5.2791775602550976E-017
          16          24   6.9817734124686667E-016
          16          25  -4.2841658070813568E-016
          16          26   4.5255672851883675E-017
          16          27  -6.4798406858978421E-016
          16          28  -1.6151248307033222E-016
          16          29  -5.4790890148414194E-017
          16          30  -5.6976386792567635E-016
          17           1   3.0403689728459519E-017
          17           2   8.7846912978755733E-015
          17           3   2.4642053487822531E-015
          17           4  -5.8074253792947968E-015
          17           5   4.1853301672544545E-015
          17           6  -2.2171771079008714E-016
          17           7   6.9302202865273473E-016
          17           8 -0.10653900510654299     
          17           9  -1.5890067039947551E-015
          17          10  -2.3830763751231486E-016
          17          11   2.6493017094995956E-002
          17          12   1.5612511283791729E-017
          17          13  -2.2551405187697445E-017
          17          14  -1.4556990491634962E-002
          17          15   1.6132928326584259E-016
          17          16  -4.0711791576830950E-017
          17          17   5.1275741063950744E-003
          17          18  -1.3444106938820250E-016
          17          19   1.1754900185637619E-015
          17          20   2.3680791657486231E-016
          17          21   1.3879447009770174E-015
          17          22  -7.6882088309421946E-017
          17          23  -2.8500388820457295E-017
          17          24   1.4086729473922567E-015
          17          25  -1.0775947449217455E-015
          17          26  -1.0011819912437893E-016
          17          27  -8.8261862640525629E-016
          17          28   1.3696314454363683E-016
          17          29   1.5838873127499486E-016
          17          30  -8.7488070465050878E-016
          18           1  -3.7885887959203977E-015
          18           2   6.8759533221728734E-015
          18           3  -2.4737833018019937E-015
          18           4   2.7605467985846724E-015
          18           5  -3.2574752679821706E-015
          18           6   7.4376171383288945E-017
          18           7  -3.9464959078472356E-016
          18           8   4.3229309021342033E-015
          18           9 -0.10653900510654657     
          18          10   9.5409791178722618E-018
          18          11  -6.2450045135165075E-016
          18          12   2.6493017094997226E-002
          18          13   2.3982552055379378E-016
          18          14   1.5872719805187792E-016
          18          15  -1.4556990491635727E-002
          18          16  -1.4746504798518472E-016
          18          17  -1.3444106938820250E-016
          18          18   5.1275741063954040E-003
          18          19  -2.9968290111286485E-016
          18          20  -2.6645745759843484E-017
          18          21  -1.4464361789690470E-016
          18          22   1.6104359500521788E-017
          18          23   1.1930403863580708E-016
          18          24  -3.0484040654642012E-016
          18          25   9.9282635644505165E-016
          18          26   2.2629294115780394E-017
          18          27   6.8173199886354851E-016
          18          28  -1.6313471899212386E-016
          18          29  -5.2280758593611815E-017
          18          30   7.6654764486840650E-016
          19           1  0.10551850970501131     
          19           2   3.1137289970691970     
          19           3 -0.85579283097820535     
          19           4  -16.306174217346300     
          19           5   14.969655447892110     
          19           6  0.15734021157763178     
          19           7   6.5512723013946044E-015
          19           8  -2.6452146076705081E-014
          19           9   1.0891861401869921E-014
          19          10   1.4237371514543513E-015
          19          11   1.0937618310367098E-014
          19          12  -4.2441734385327817E-015
          19          13  -2.5034706710741733E-015
          19          14  -6.3719545046527140E-015
          19          15   2.5671595122354864E-015
          19          16   7.6546910538581003E-016
          19          17   1.1754900185637619E-015
          19          18  -2.9968290111286485E-016
          19          19   2.5860997617275805     
          19          20   1.6315531961419185E-016
          19          21   2.5860997617275836     
          19          22  -2.0677587448860243E-015
          19          23   1.7821351070112274E-016
          19          24   2.5860997617275818     
          19          25  -3.6349045470160788     
          19          26  -1.0347802024249312E-015
          19          27  -3.6349045470160748     
          19          28  -4.6467381836238012E-015
          19          29  -8.2567180276232666E-016
          19          30  -3.6349045470160726     
          20           1   1.5092066845088823E-015
          20           2  -2.5678763131722299E-015
          20           3   2.7442840579902597E-016
          20           4  -1.5476204439625959E-015
          20           5   1.6412668719177600E-015
          20           6   3.1688777167156801E-017
          20           7   3.6591756368626115E-015
          20           8  -4.9203150085679275E-015
          20           9   5.5363631703208482E-016
          20          10  -9.0992592435088888E-016
          20          11   1.2235330103223142E-015
          20          12  -1.3767254909951134E-016
          20          13   4.9997261472229852E-016
          20          14  -6.7228878966855225E-016
          20          15   7.5646272412646856E-017
          20          16  -1.7611103302086166E-016
          20          17   2.3680791657486231E-016
          20          18  -2.6645745759843484E-017
          20          19   1.6315531961419185E-016
          20          20   2.0607730545610115E-029
          20          21   1.6315531961423319E-016
          20          22  -1.3641992492983490E-029
          20          23  -7.0551133431425356E-031
          20          24   1.6315531961421086E-016
          20          25  -4.1456413932665729E-016
          20          26  -1.4010622090700603E-029
          20          27  -4.1456413932666730E-016
          20          28   1.1801423306268344E-029
          20          29   6.4834156392294679E-030
          20          30  -4.1456413932665537E-016
          21           1  0.10551850970502324     
          21           2   3.1137289970691731     
          21           3 -0.85579283097820336     
          21           4  -16.306174217346321     
          21           5   14.969655447892135     
          21           6  0.15734021157763214     
          21           7   6.0783276304068692E-015
          21           8  -3.0866457800901238E-014
          21           9   7.6705074743534604E-015
          21          10   1.5413441371862927E-015
          21          11   1.2035323661142589E-014
          21          12  -3.4431204853408590E-015
          21          13  -2.5680916150350215E-015
          21          14  -6.9751053763166111E-015
          21          15   2.1270088045566523E-015
          21          16   7.8823127447389097E-016
          21          17   1.3879447009770174E-015
          21          18  -1.4464361789690470E-016
          21          19   2.5860997617275836     
          21          20   1.6315531961423319E-016
          21          21   2.5860997617275863     
          21          22  -2.0677587448861434E-015
          21          23   1.7821351070111978E-016
          21          24   2.5860997617275845     
          21          25  -3.6349045470160846     
          21          26  -1.0347802024250154E-015
          21          27  -3.6349045470160806     
          21          28  -4.6467381836238146E-015
          21          29  -8.2567180276234973E-016
          21          30  -3.6349045470160783     
          22           1  -3.4783239054860813E-016
          22           2   8.1364183105871666E-015
          22           3  -5.6987384422441644E-017
          22           4   1.5018525521281643E-014
          22           5  -1.4621093596076137E-014
          22           6  -2.0765585490345493E-016
          22           7   8.0537256127885095E-016
          22           8   1.5974300963857543E-015
          22           9  -3.3461094924425356E-016
          22          10  -2.0027171281036040E-016
          22          11  -3.9723238272477898E-016
          22          12   8.3207587583869414E-017
          22          13   1.1004233336919991E-016
          22          14   2.1826536394699448E-016
          22          15  -4.5719672355461994E-017
          22          16  -3.8761460998087188E-017
          22          17  -7.6882088309421946E-017
          22          18   1.6104359500521788E-017
          22          19  -2.0677587448860243E-015
          22          20  -1.3641992492983490E-029
          22          21  -2.0677587448861434E-015
          22          22   5.4049293246667696E-029
          22          23   2.4572216034997415E-030
          22          24  -2.0677587448860393E-015
          22          25   3.6104537911306170E-015
          22          26   4.0734193898779277E-029
          22          27   3.6104537911307061E-015
          22          28   7.8773401753429060E-030
          22          29   6.1441251891262733E-030
          22          30   3.6104537911306619E-015
          23           1  -4.1045663945607610E-016
          23           2   6.2714891348823913E-016
          23           3  -1.2628414685304787E-016
          23           4  -1.0457622781322987E-015
          23           5   9.2664567768841328E-016
          23           6   7.5313533429201463E-018
          23           7   1.0968897053069716E-015
          23           8   5.9217146492227329E-016
          23           9  -2.4788590701396844E-015
          23          10  -2.7276317894053904E-016
          23          11  -1.4725507083217181E-016
          23          12   6.1641701699413033E-016
          23          13   1.4987387008690974E-016
          23          14   8.0911534471991335E-017
          23          15  -3.3869968917056627E-016
          23          16  -5.2791775602550976E-017
          23          17  -2.8500388820457295E-017
          23          18   1.1930403863580708E-016
          23          19   1.7821351070112274E-016
          23          20  -7.0551133431425356E-031
          23          21   1.7821351070111978E-016
          23          22   2.4572216034997415E-030
          23          23   3.6097135231127976E-030
          23          24   1.7821351070112079E-016
          23          25  -2.2256230944294527E-016
          23          26   1.3620505466724130E-030
          23          27  -2.2256230944294626E-016
          23          28  -3.2297351864261838E-030
          23          29  -1.0231958956813445E-030
          23          30  -2.2256230944294764E-016
          24           1  0.10551850970501628     
          24           2   3.1137289970691939     
          24           3 -0.85579283097820491     
          24           4  -16.306174217346303     
          24           5   14.969655447892116     
          24           6  0.15734021157763184     
          24           7   7.9494378772536711E-015
          24           8  -3.1297142312690118E-014
          24           9   1.0999022309995032E-014
          24          10   1.0760558072759763E-015
          24          11   1.2142421827884247E-014
          24          12  -4.2708211040336659E-015
          24          13  -2.3124318775998391E-015
          24          14  -7.0339520901258204E-015
          24          15   2.5818014766418010E-015
          24          16   6.9817734124686667E-016
          24          17   1.4086729473922567E-015
          24          18  -3.0484040654642012E-016
          24          19   2.5860997617275818     
          24          20   1.6315531961421086E-016
          24          21   2.5860997617275845     
          24          22  -2.0677587448860393E-015
          24          23   1.7821351070112079E-016
          24          24   2.5860997617275823     
          24          25  -3.6349045470160801     
          24          26  -1.0347802024249420E-015
          24          27  -3.6349045470160761     
          24          28  -4.6467381836237941E-015
          24          29  -8.2567180276232488E-016
          24          30  -3.6349045470160739     
          25           1 -0.19532832154824686     
          25           2  -4.2167817759965107     
          25           3   1.1876498966227043     
          25           4   22.949101473897148     
          25           5  -21.080741828868057     
          25           6 -0.22239477037113270     
          25           7  -1.8312064912033651E-014
          25           8   3.7256013022326122E-014
          25           9  -1.9552955736721621E-014
          25          10   5.5545119528493948E-016
          25          11  -1.4121795323554613E-014
          25          12   6.9765687138230889E-015
          25          13   1.9873073646303031E-015
          25          14   7.7420335601009445E-015
          25          15  -4.3869488853140284E-015
          25          16  -4.2841658070813568E-016
          25          17  -1.0775947449217455E-015
          25          18   9.9282635644505165E-016
          25          19  -3.6349045470160788     
          25          20  -4.1456413932665729E-016
          25          21  -3.6349045470160846     
          25          22   3.6104537911306170E-015
          25          23  -2.2256230944294527E-016
          25          24  -3.6349045470160801     
          25          25   5.1197035192331981     
          25          26   1.9634233949217798E-015
          25          27   5.1197035192331946     
          25          28   6.5898042686606451E-015
          25          29   1.3035343470506517E-015
          25          30   5.1197035192331901     
          26           1   1.0035078128301841E-015
          26           2   6.4623974661937705E-015
          26           3  -7.8339678633939693E-017
          26           4   7.9582932543424896E-015
          26           5  -7.9075167209551703E-015
          26           6  -1.2192897022519514E-016
          26           7  -9.4030710449445397E-016
          26           8   2.0802221686996990E-015
          26           9  -4.7018383963476142E-016
          26          10   2.3382583842422170E-016
          26          11  -5.1728811829648763E-016
          26          12   1.1692045076615660E-016
          26          13  -1.2847915714677887E-016
          26          14   2.8423181068717832E-016
          26          15  -6.4243716900125965E-017
          26          16   4.5255672851883675E-017
          26          17  -1.0011819912437893E-016
          26          18   2.2629294115780394E-017
          26          19  -1.0347802024249312E-015
          26          20  -1.4010622090700603E-029
          26          21  -1.0347802024250154E-015
          26          22   4.0734193898779277E-029
          26          23   1.3620505466724130E-030
          26          24  -1.0347802024249420E-015
          26          25   1.9634233949217798E-015
          26          26   3.3005186868848958E-029
          26          27   1.9634233949218362E-015
          26          28   1.7302919761939575E-030
          26          29   1.2205871858897835E-030
          26          30   1.9634233949218085E-015
          27           1 -0.19532832154825841     
          27           2  -4.2167817759964841     
          27           3   1.1876498966227003     
          27           4   22.949101473897127     
