           1           1   2.1343631389540270     
           1           2  -9.8805807256002978E-002
           1           3 -0.46444231879188513     
           1           4  -5.7996448161543646E-002
           1           5  0.16869073631221365     
           1           6   3.6572094950846823E-003
           1           7   5.3413153968033018E-014
           1           8   4.9744226955754477E-014
           1           9  -7.4100358791990505E-014
           1          10   1.5546737436330668E-014
           1          11   5.8695571919967733E-014
           1          12  -3.5603616798605628E-014
           1          13   9.5747113698353784E-015
           1          14  -6.7811841494571062E-014
           1          15  -2.8367942985228830E-014
           1          16   7.6097795272321668E-015
           1          17   7.5856797129749122E-014
           1          18   7.7233549525112798E-015
           1          19   1.5319286687634309E-002
           1          20   1.6465835779099629E-014
           1          21   1.5319286687724375E-002
           1          22  -1.5840515529248183E-014
           1          23  -1.3049892027019880E-014
           1          24   1.5319286687726082E-002
           1          25  -2.7780101719538632E-002
           1          26   1.7143682911230678E-014
           1          27  -2.7780101719568948E-002
           1          28   1.2192776266233429E-014
           1          29   1.4408622289395290E-014
           1          30  -2.7780101719619608E-002
           2           1  -9.8805807256002978E-002
           2           2   2.4566858719614622E-002
           2           3   3.3014947719128877E-002
           2           4   4.4585444568103344E-002
           2           5  0.16011422812297715     
           2           6   5.1162775991597190E-003
           2           7  -1.4014149441203755E-014
           2           8  -1.4322853215672732E-014
           2           9   3.4209766837147224E-014
           2          10   3.7373172018736585E-015
           2          11  -1.7244108874613108E-014
           2          12   4.4667575217323256E-015
           2          13  -3.6007234724939846E-015
           2          14   1.2455925997804470E-014
           2          15   3.8897621165354033E-015
           2          16   3.5700839055222740E-015
           2          17  -1.6419231668755186E-014
           2          18  -3.2670912458770904E-015
           2          19   5.6533541883138924E-003
           2          20  -3.4897384038029695E-015
           2          21   5.6533541882931061E-003
           2          22   4.5809508910828736E-015
           2          23   2.9592083471953657E-015
           2          24   5.6533541882924834E-003
           2          25  -1.6186792555086451E-002
           2          26  -4.8892761240408465E-015
           2          27  -1.6186792555080910E-002
           2          28  -5.1127508382607967E-015
           2          29  -1.4966210107543925E-015
           2          30  -1.6186792555068608E-002
           3           1 -0.46444231879188513     
           3           2   3.3014947719128877E-002
           3           3   2.3493754439476513     
           3           4 -0.43085636747268496     
           3           5 -0.58975836740406007     
           3           6  -2.1407919825350182E-002
           3           7  -1.9073075671884699E-013
           3           8  -1.8878810235512281E-013
           3           9   2.5237445462807533E-013
           3          10  -7.6502467415564270E-014
           3          11  -2.1559723684767164E-013
           3          12   1.6137478705728986E-013
           3          13  -3.2047303175392291E-014
           3          14   2.6567017867662947E-013
           3          15   1.0055599411675995E-013
           3          16  -4.5635928288706780E-014
           3          17  -2.9288261673655521E-013
           3          18  -3.0411404055773008E-014
           3          19   5.6976272071521030E-003
           3          20  -6.6268805222501991E-014
           3          21   5.6976272068177680E-003
           3          22   6.1966074332494471E-014
           3          23   5.6862209172631667E-014
           3          24   5.6976272068044974E-003
           3          25   2.7897198261375024E-002
           3          26  -5.9476761730595650E-014
           3          27   2.7897198261473327E-002
           3          28  -4.6329521082843731E-014
           3          29  -6.3136413013462112E-014
           3          30   2.7897198261679423E-002
           4           1  -5.7996448161543646E-002
           4           2   4.4585444568103344E-002
           4           3 -0.43085636747268496     
           4           4  0.18693231400717020     
           4           5  0.48288573559528924     
           4           6   1.5912668590811245E-002
           4           7  -6.1626002388595001E-014
           4           8  -2.5151849646865249E-014
           4           9   5.6841314653357249E-014
           4          10   2.5718636712942360E-014
           4          11   9.0059504316154020E-015
           4          12  -2.5338352613600100E-014
           4          13  -1.6497637571355446E-015
           4          14  -3.0158160192680713E-014
           4          15  -1.2887340687968161E-014
           4          16   1.7868359315161085E-014
           4          17   2.7087720614008196E-014
           4          18  -7.6825411087616795E-016
           4          19   1.1798704487575295E-002
           4          20   6.5848349088178691E-015
           4          21   1.1798704487601678E-002
           4          22  -3.2504062326768131E-015
           4          23  -5.6954914196982232E-015
           4          24   1.1798704487603116E-002
           4          25  -4.2521775760289038E-002
           4          26   2.0869391096311595E-015
           4          27  -4.2521775760298169E-002
           4          28  -1.2993389724289821E-015
           4          29   1.0286184694582148E-014
           4          30  -4.2521775760315420E-002
           5           1  0.16869073631221365     
           5           2  0.16011422812297715     
           5           3 -0.58975836740406007     
           5           4  0.48288573559528924     
           5           5   1.6120878209380549     
           5           6   5.1540445345350627E-002
           5           7   1.8250916128509591E-014
           5           8   2.9048135379482726E-014
           5           9  -3.8091195643399263E-014
           5          10   5.9744542668663629E-014
           5          11  -6.2087048104180813E-014
           5          12  -2.0000465309458816E-014
           5          13  -1.7060061351158738E-014
           5          14   2.4024281282904384E-015
           5          15  -9.5599179616854563E-015
           5          16   4.6771285322022035E-014
           5          17  -2.4686284709410375E-014
           5          18  -1.5324031273542140E-014
           5          19   5.3095153505781617E-002
           5          20  -3.8927960517696126E-015
           5          21   5.3095153505737624E-002
           5          22   1.4745374509170701E-014
           5          23   3.4837283940654205E-015
           5          24   5.3095153505736833E-002
           5          25 -0.15820362967948506     
           5          26  -1.7570320608509556E-014
           5          27 -0.15820362967947860     
           5          28  -2.5337842710582723E-014
           5          29   1.1424014174764384E-014
           5          30 -0.15820362967945384     
           6           1   3.6572094950846823E-003
           6           2   5.1162775991597190E-003
           6           3  -2.1407919825350182E-002
           6           4   1.5912668590811245E-002
           6           5   5.1540445345350627E-002
           6           6   1.6532762232207062E-003
           6           7  -3.6058647927712968E-014
           6           8  -4.5022649636625382E-014
           6           9   2.0249669433181729E-014
           6          10   2.4948541607013269E-015
           6          11  -1.0730679912811102E-015
           6          12  -1.1243545849116627E-015
           6          13  -8.3309063451392963E-016
           6          14  -6.3540698959288551E-016
           6          15  -2.1754978288841834E-016
           6          16   1.6396230624871383E-015
           6          17  -3.1714567972076289E-016
           6          18  -5.1303130996428781E-016
           6          19   1.6516984012241395E-003
           6          20  -4.7951545403482386E-017
           6          21   1.6516984012231208E-003
           6          22   3.9593503110377446E-016
           6          23   4.4423146593717103E-017
           6          24   1.6516984012231129E-003
           6          25  -5.0037496087488352E-003
           6          26  -4.8996013505182033E-016
           6          27  -5.0037496087487355E-003
           6          28  -7.4827955244830199E-016
           6          29   4.3352886934182477E-016
           6          30  -5.0037496087481873E-003
           7           1   5.3413153968033018E-014
           7           2  -1.4014149441203755E-014
           7           3  -1.9073075671884699E-013
           7           4  -6.1626002388595001E-014
           7           5   1.8250916128509591E-014
           7           6  -3.6058647927712968E-014
           7           7   2.0141435987391105     
           7           8  -7.8478890053192899E-015
           7           9   4.4964032497318848E-015
           7          10  -2.8329955175441256E-002
           7          11   2.4909328072420434E-014
           7          12  -9.0938541419393223E-015
           7          13   1.7995619716884188E-002
           7          14  -2.3449341426950681E-014
           7          15  -1.7012433128904623E-014
           7          16  -5.8619241316188921E-003
           7          17   1.2209688555336936E-014
           7          18   1.2180902987657608E-014
           7          19   1.7454471409939534E-014
           7          20  -6.7555032637321029E-015
           7          21   7.1583575688782969E-015
           7          22   4.5797242062159496E-017
           7          23  -1.2433473426245289E-015
           7          24   7.6345260646187054E-015
           7          25   1.4920999045090492E-014
           7          26   1.6184186354856873E-015
           7          27   4.1434227093501041E-015
           7          28   4.7073185367325306E-015
           7          29  -1.6344404697486521E-014
           7          30   8.7667991342883541E-015
           8           1   4.9744226955754477E-014
           8           2  -1.4322853215672732E-014
           8           3  -1.8878810235512281E-013
           8           4  -2.5151849646865249E-014
           8           5   2.9048135379482726E-014
           8           6  -4.5022649636625382E-014
           8           7  -7.8478890053192899E-015
           8           8   2.0141435987391025     
           8           9   1.1268763699945197E-014
           8          10   6.7022125696547369E-015
           8          11  -2.8329955175419759E-002
           8          12  -1.3097162243624745E-014
           8          13  -6.1477515786438853E-015
           8          14   1.7995619716872167E-002
           8          15  -2.5021488787162753E-014
           8          16   2.0898810026296132E-015
           8          17  -5.8619241316162770E-003
           8          18   2.1433335249848899E-014
           8          19   1.0988834329489606E-014
           8          20   6.0845018846544338E-015
           8          21   6.9842481074390350E-015
           8          22   9.8774161144061078E-015
           8          23  -7.6500340299617823E-015
           8          24   7.1339432385310198E-015
           8          25   2.6487451844370738E-014
           8          26  -1.7140936286274459E-015
           8          27   8.9581728959501503E-015
           8          28   2.0815613564204261E-015
           8          29  -1.5917831412999370E-014
           8          30   1.4171873895596501E-014
           9           1  -7.4100358791990505E-014
           9           2   3.4209766837147224E-014
           9           3   2.5237445462807533E-013
           9           4   5.6841314653357249E-014
           9           5  -3.8091195643399263E-014
           9           6   2.0249669433181729E-014
           9           7   4.4964032497318848E-015
           9           8   1.1268763699945197E-014
           9           9   2.0141435987391105     
           9          10  -2.5248900192840380E-015
           9          11  -1.8366926902990088E-014
           9          12  -2.8329955175438085E-002
           9          13   1.0571838543471123E-014
           9          14   4.0884179722261188E-015
           9          15   1.7995619716907964E-002
           9          16  -1.4211722076939856E-014
           9          17  -1.6883602805756736E-015
           9          18  -5.8619241316407982E-003
           9          19  -1.0787766833684727E-015
           9          20   4.7698198245729217E-015
           9          21   6.9136452485152872E-017
           9          22   7.5508749883633142E-015
           9          23  -6.1119151077432735E-015
           9          24  -1.4920529073431118E-014
           9          25  -9.5024313468443984E-015
           9          26   2.0133918563815552E-015
           9          27   2.1319866436071761E-015
           9          28  -1.2044555306387134E-014
           9          29   9.2305233375904174E-015
           9          30   1.1379796889012499E-014
          10           1   1.5546737436330668E-014
          10           2   3.7373172018736585E-015
          10           3  -7.6502467415564270E-014
          10           4   2.5718636712942360E-014
          10           5   5.9744542668663629E-014
          10           6   2.4948541607013269E-015
          10           7  -2.8329955175441256E-002
          10           8   6.7022125696547369E-015
          10           9  -2.5248900192840380E-015
          10          10   3.9847524317732812E-004
          10          11  -4.4308293471071687E-016
          10          12   1.6250835312719405E-016
          10          13  -2.5311755342198258E-004
          10          14   3.8872544235049635E-016
          10          15   2.1729783228819412E-016
          10          16   8.2450947389815061E-005
          10          17  -1.9092440268469428E-016
          10          18  -1.6417531396932970E-016
          10          19   1.0512048920351516E-015
          10          20   9.5021006564609271E-017
          10          21   1.1960234808618639E-015
          10          22  -6.4511483994877528E-019
          10          23   1.7488502052754080E-017
          10          24   1.1893255334011846E-015
          10          25  -5.2874507544872793E-015
          10          26  -2.2764093909641216E-017
          10          27  -5.1358568772470296E-015
          10          28  -6.6211339961445903E-017
          10          29   2.2989419584660903E-016
          10          30  -5.2008871865266112E-015
          11           1   5.8695571919967733E-014
          11           2  -1.7244108874613108E-014
          11           3  -2.1559723684767164E-013
          11           4   9.0059504316154020E-015
          11           5  -6.2087048104180813E-014
          11           6  -1.0730679912811102E-015
          11           7   2.4909328072420434E-014
          11           8  -2.8329955175419759E-002
          11           9  -1.8366926902990088E-014
          11          10  -4.4308293471071687E-016
          11          11   3.9847524317672498E-004
          11          12   4.4033261872773496E-016
          11          13   3.0805233038678276E-016
          11          14  -2.5311755342162241E-004
          11          15   1.8927162964328163E-016
          11          16  -1.0156856773983773E-016
          11          17   8.2450947389716046E-005
          11          18  -2.4848865589782514E-016
          11          19  -4.8764018948851748E-015
          11          20  -8.5580251014754930E-017
          11          21  -4.8200737274097693E-015
          11          22  -1.3893160785986154E-016
          11          23   1.0760138288238461E-016
          11          24  -4.8221809864681991E-015
          11          25   8.8950635411916225E-015
          11          26   2.4109395162579194E-017
          11          27   9.1416232007223432E-015
          11          28  -2.9279095299508189E-017
          11          29   2.2389396809857814E-016
          11          30   9.0682897329837210E-015
          12           1  -3.5603616798605628E-014
          12           2   4.4667575217323256E-015
          12           3   1.6137478705728986E-013
          12           4  -2.5338352613600100E-014
          12           5  -2.0000465309458816E-014
          12           6  -1.1243545849116627E-015
          12           7  -9.0938541419393223E-015
          12           8  -1.3097162243624745E-014
          12           9  -2.8329955175438085E-002
          12          10   1.6250835312719405E-016
          12          11   4.4033261872773496E-016
          12          12   3.9847524317723868E-004
          12          13  -2.2937313398305450E-016
          12          14  -1.7310177068451257E-016
          12          15  -2.5311755342228854E-004
          12          16   2.2617643164086052E-016
          12          17   6.1403641807315803E-017
          12          18   8.2450947390113921E-005
          12          19   1.1581737598144839E-015
          12          20  -6.7090020785174884E-017
          12          21   1.1420278278924105E-015
          12          22  -1.0620582533193592E-016
          12          23   8.5968483860226890E-017
          12          24   1.3528634917510590E-015
          12          25  -2.3100626409626208E-017
          12          26  -2.8319625840745936E-017
          12          27  -1.8674641366943007E-016
          12          28   1.6941305484368062E-016
          12          29  -1.2983362298562388E-016
          12          30  -3.1682183305645100E-016
          13           1   9.5747113698353784E-015
          13           2  -3.6007234724939846E-015
          13           3  -3.2047303175392291E-014
          13           4  -1.6497637571355446E-015
          13           5  -1.7060061351158738E-014
          13           6  -8.3309063451392963E-016
          13           7   1.7995619716884188E-002
          13           8  -6.1477515786438853E-015
          13           9   1.0571838543471123E-014
          13          10  -2.5311755342198258E-004
          13          11   3.0805233038678276E-016
          13          12  -2.2937313398305450E-016
          13          13   1.6078413138172329E-004
          13          14  -2.6381899933625968E-016
          13          15  -5.7903172271985879E-017
          13          16  -5.2374099617031797E-005
          13          17   1.2677923286301316E-016
          13          18   7.8181141029930154E-017
          13          19  -8.1446966317673721E-016
          13          20  -6.0358367861748125E-017
          13          21  -9.0646108944087210E-016
          13          22   4.0950012910638169E-019
          13          23  -1.1108906574147699E-017
          13          24  -9.0220656984854063E-016
          13          25   2.3055580014884329E-015
          13          26   1.4460036039245105E-017
          13          27   2.2092637929228709E-015
          13          28   4.2058300448672242E-017
          13          29  -1.4603175238735888E-016
          13          30   2.2505719875408486E-015
          14           1  -6.7811841494571062E-014
          14           2   1.2455925997804470E-014
          14           3   2.6567017867662947E-013
          14           4  -3.0158160192680713E-014
          14           5   2.4024281282904384E-015
          14           6  -6.3540698959288551E-016
          14           7  -2.3449341426950681E-014
          14           8   1.7995619716872167E-002
          14           9   4.0884179722261188E-015
          14          10   3.8872544235049635E-016
          14          11  -2.5311755342162241E-004
          14          12  -1.7310177068451257E-016
          14          13  -2.6381899933625968E-016
          14          14   1.6078413138150910E-004
          14          15  -1.8794221143820518E-016
          14          16   8.6710339292998583E-017
          14          17  -5.2374099616973650E-005
          14          18   1.7989836305444854E-016
          14          19   3.1989182378564770E-015
          14          20   5.4362291703408089E-017
          14          21   3.1631382146769471E-015
          14          22   8.8251259901622623E-017
          14          23  -6.8350112261124655E-017
          14          24   3.1644762603320469E-015
          14          25  -3.5935519346469656E-015
          14          26  -1.5314717089217463E-017
          14          27  -3.7501699628459490E-015
          14          28   1.8598264869814625E-017
          14          29  -1.4222039356717162E-016
          14          30  -3.7035874580693367E-015
          15           1  -2.8367942985228830E-014
          15           2   3.8897621165354033E-015
          15           3   1.0055599411675995E-013
          15           4  -1.2887340687968161E-014
          15           5  -9.5599179616854563E-015
          15           6  -2.1754978288841834E-016
          15           7  -1.7012433128904623E-014
          15           8  -2.5021488787162753E-014
          15           9   1.7995619716907964E-002
          15          10   2.1729783228819412E-016
          15          11   1.8927162964328163E-016
          15          12  -2.5311755342228854E-004
          15          13  -5.7903172271985879E-017
          15          14  -1.8794221143820518E-016
          15          15   1.6078413138214813E-004
          15          16  -7.7345966545812216E-017
          15          17   5.8033085951591831E-017
          15          18  -5.2374099617296708E-005
          15          19   7.4166494156372249E-016
          15          20   4.2616581693041518E-017
          15          21   7.5192109907100624E-016
          15          22   6.7463883965955018E-017
          15          23  -5.4608105700753669E-017
          15          24   6.1799458381655400E-016
          15          25  -4.4080847430268210E-016
          15          26   1.7988984893711274E-017
          15          27  -3.3685870738797658E-016
          15          28  -1.0761368110000594E-016
          15          29   8.2471813066205118E-017
          15          30  -2.5423289476774403E-016
          16           1   7.6097795272321668E-015
          16           2   3.5700839055222740E-015
          16           3  -4.5635928288706780E-014
          16           4   1.7868359315161085E-014
          16           5   4.6771285322022035E-014
          16           6   1.6396230624871383E-015
          16           7  -5.8619241316188921E-003
          16           8   2.0898810026296132E-015
          16           9  -1.4211722076939856E-014
          16          10   8.2450947389815061E-005
          16          11  -1.0156856773983773E-016
          16          12   2.2617643164086052E-016
          16          13  -5.2374099617031797E-005
          16          14   8.6710339292998583E-017
          16          15  -7.7345966545812216E-017
          16          16   1.7060429329229854E-005
          16          17  -4.1550407134221098E-017
          16          18   5.8716323897545430E-018
          16          19   1.1305980890642988E-015
          16          20   1.9661193860743245E-017
          16          21   1.1605635818505054E-015
          16          22  -1.3336110501303599E-019
          16          23   3.6186283691006762E-018
          16          24   1.1591777198244343E-015
          16          25  -4.2085556603551317E-015
          16          26  -4.7102303148582424E-018
          16          27  -4.1771886754696442E-015
          16          28  -1.3700127074026685E-017
          16          29   4.7568576621232598E-017
          16          30  -4.1906444726143590E-015
          17           1   7.5856797129749122E-014
          17           2  -1.6419231668755186E-014
          17           3  -2.9288261673655521E-013
          17           4   2.7087720614008196E-014
          17           5  -2.4686284709410375E-014
          17           6  -3.1714567972076289E-016
          17           7   1.2209688555336936E-014
          17           8  -5.8619241316162770E-003
          17           9  -1.6883602805756736E-015
          17          10  -1.9092440268469428E-016
          17          11   8.2450947389716046E-005
          17          12   6.1403641807315803E-017
          17          13   1.2677923286301316E-016
          17          14  -5.2374099616973650E-005
          17          15   5.8033085951591831E-017
          17          16  -4.1550407134221098E-017
          17          17   1.7060429329214696E-005
          17          18  -5.7563009135868347E-017
          17          19  -4.2503848684432139E-015
          17          20  -1.7708109662696220E-017
          17          21  -4.2387298734666494E-015
          17          22  -2.8747094434850616E-017
          17          23   2.2264490780904900E-017
          17          24  -4.2391656762946444E-015
          17          25   6.4087973410068500E-015
          17          26   4.9886487775809818E-018
          17          27   6.4598143218412853E-015
          17          28  -6.0582030924668694E-018
          17          29   4.6327066189360229E-017
          17          30   6.4446404599966170E-015
          18           1   7.7233549525112798E-015
          18           2  -3.2670912458770904E-015
          18           3  -3.0411404055773008E-014
          18           4  -7.6825411087616795E-016
          18           5  -1.5324031273542140E-014
          18           6  -5.1303130996428781E-016
          18           7   1.2180902987657608E-014
          18           8   2.1433335249848899E-014
          18           9  -5.8619241316407982E-003
          18          10  -1.6417531396932970E-016
          18          11  -2.4848865589782514E-016
          18          12   8.2450947390113921E-005
          18          13   7.8181141029930154E-017
          18          14   1.7989836305444854E-016
          18          15  -5.2374099617296708E-005
          18          16   5.8716323897545430E-018
          18          17  -5.7563009135868347E-017
          18          18   1.7060429329357357E-005
          18          19  -9.0364902542661537E-016
          18          20  -1.3881996229621887E-017
          18          21  -9.0698988542769474E-016
          18          22  -2.1975835696170839E-017
          18          23   1.7788097609451251E-017
          18          24  -8.6336438083451139E-016
          18          25   2.0182698897927721E-015
          18          26  -5.8597551610095551E-018
          18          27   1.9844091700253603E-015
          18          28   3.5054257668696908E-017
          18          29  -2.6864459254099953E-017
          18          30   1.9574945038759463E-015
          19           1   1.5319286687634309E-002
          19           2   5.6533541883138924E-003
          19           3   5.6976272071521030E-003
          19           4   1.1798704487575295E-002
          19           5   5.3095153505781617E-002
          19           6   1.6516984012241395E-003
          19           7   1.7454471409939534E-014
          19           8   1.0988834329489606E-014
          19           9  -1.0787766833684727E-015
          19          10   1.0512048920351516E-015
          19          11  -4.8764018948851748E-015
          19          12   1.1581737598144839E-015
          19          13  -8.1446966317673721E-016
          19          14   3.1989182378564770E-015
          19          15   7.4166494156372249E-016
          19          16   1.1305980890642988E-015
          19          17  -4.2503848684432139E-015
          19          18  -9.0364902542661537E-016
          19          19   2.1476134050068419E-003
          19          20  -8.9612751519103833E-016
          19          21   2.1476134050014690E-003
          19          22   1.2455703626723712E-015
          19          23   7.8189890235783646E-016
          19          24   2.1476134050012782E-003
          19          25  -5.6835327324533443E-003
          19          26  -1.3081598599668236E-015
          19          27  -5.6835327324520320E-003
          19          28  -1.4582281107240299E-015
          19          29  -3.0309969721708908E-016
          19          30  -5.6835327324487733E-003
          20           1   1.6465835779099629E-014
          20           2  -3.4897384038029695E-015
          20           3  -6.6268805222501991E-014
          20           4   6.5848349088178691E-015
          20           5  -3.8927960517696126E-015
          20           6  -4.7951545403482386E-017
          20           7  -6.7555032637321029E-015
          20           8   6.0845018846544338E-015
          20           9   4.7698198245729217E-015
          20          10   9.5021006564609271E-017
          20          11  -8.5580251014754930E-017
          20          12  -6.7090020785174884E-017
          20          13  -6.0358367861748125E-017
          20          14   5.4362291703408089E-017
          20          15   4.2616581693041518E-017
          20          16   1.9661193860743245E-017
          20          17  -1.7708109662696220E-017
          20          18  -1.3881996229621887E-017
          20          19  -8.9612751519103833E-016
          20          20   2.6571402264068943E-027
          20          21  -8.9612751518084151E-016
          20          22  -1.0810322474120237E-027
          20          23   9.2715043309435298E-029
          20          24  -8.9612751518030351E-016
          20          25   1.2992658803040943E-015
          20          26   8.9463104474498431E-028
          20          27   1.2992658803019297E-015
          20          28  -1.2852192160337885E-028
          20          29   2.1351739488550135E-027
          20          30   1.2992658802956584E-015
          21           1   1.5319286687724375E-002
          21           2   5.6533541882931061E-003
          21           3   5.6976272068177680E-003
          21           4   1.1798704487601678E-002
          21           5   5.3095153505737624E-002
          21           6   1.6516984012231208E-003
          21           7   7.1583575688782969E-015
          21           8   6.9842481074390350E-015
          21           9   6.9136452485152872E-017
          21          10   1.1960234808618639E-015
          21          11  -4.8200737274097693E-015
          21          12   1.1420278278924105E-015
          21          13  -9.0646108944087210E-016
          21          14   3.1631382146769471E-015
          21          15   7.5192109907100624E-016
          21          16   1.1605635818505054E-015
          21          17  -4.2387298734666494E-015
          21          18  -9.0698988542769474E-016
          21          19   2.1476134050014690E-003
          21          20  -8.9612751518084151E-016
          21          21   2.1476134049960970E-003
          21          22   1.2455703626559213E-015
          21          23   7.8189890234013373E-016
          21          24   2.1476134049959062E-003
          21          25  -5.6835327324443394E-003
          21          26  -1.3081598599505759E-015
          21          27  -5.6835327324430262E-003
          21          28  -1.4582281107064614E-015
          21          29  -3.0309969720810065E-016
          21          30  -5.6835327324397675E-003
          22           1  -1.5840515529248183E-014
          22           2   4.5809508910828736E-015
          22           3   6.1966074332494471E-014
          22           4  -3.2504062326768131E-015
          22           5   1.4745374509170701E-014
          22           6   3.9593503110377446E-016
          22           7   4.5797242062159496E-017
          22           8   9.8774161144061078E-015
          22           9   7.5508749883633142E-015
          22          10  -6.4511483994877528E-019
          22          11  -1.3893160785986154E-016
          22          12  -1.0620582533193592E-016
          22          13   4.0950012910638169E-019
          22          14   8.8251259901622623E-017
          22          15   6.7463883965955018E-017
          22          16  -1.3336110501303599E-019
          22          17  -2.8747094434850616E-017
          22          18  -2.1975835696170839E-017
          22          19   1.2455703626723712E-015
          22          20  -1.0810322474120237E-027
          22          21   1.2455703626559213E-015
          22          22   7.3164696990107252E-027
          22          23   9.9082752187915865E-027
          22          24   1.2455703626565287E-015
          22          25  -2.3548779237976818E-015
          22          26  -7.1402740142604215E-027
          22          27  -2.3548779237903052E-015
          22          28  -9.7145365962364190E-027
          22          29  -1.4583758618949941E-027
          22          30  -2.3548779237802594E-015
          23           1  -1.3049892027019880E-014
          23           2   2.9592083471953657E-015
          23           3   5.6862209172631667E-014
          23           4  -5.6954914196982232E-015
          23           5   3.4837283940654205E-015
          23           6   4.4423146593717103E-017
          23           7  -1.2433473426245289E-015
          23           8  -7.6500340299617823E-015
          23           9  -6.1119151077432735E-015
          23          10   1.7488502052754080E-017
          23          11   1.0760138288238461E-016
          23          12   8.5968483860226890E-017
          23          13  -1.1108906574147699E-017
          23          14  -6.8350112261124655E-017
          23          15  -5.4608105700753669E-017
          23          16   3.6186283691006762E-018
          23          17   2.2264490780904900E-017
          23          18   1.7788097609451251E-017
          23          19   7.8189890235783646E-016
          23          20   9.2715043309435298E-029
          23          21   7.8189890234013373E-016
          23          22   9.9082752187915865E-027
          23          23   1.5293820009360534E-026
          23          24   7.8189890234151542E-016
          23          25  -1.1385751950841181E-015
          23          26  -1.0152666474564018E-026
          23          27  -1.1385751950745542E-015
          23          28  -1.4446568507038591E-026
          23          29  -8.4374378037782458E-028
          23          30  -1.1385751950639795E-015
          24           1   1.5319286687726082E-002
          24           2   5.6533541882924834E-003
          24           3   5.6976272068044974E-003
          24           4   1.1798704487603116E-002
          24           5   5.3095153505736833E-002
          24           6   1.6516984012231129E-003
          24           7   7.6345260646187054E-015
          24           8   7.1339432385310198E-015
          24           9  -1.4920529073431118E-014
          24          10   1.1893255334011846E-015
          24          11  -4.8221809864681991E-015
          24          12   1.3528634917510590E-015
          24          13  -9.0220656984854063E-016
          24          14   3.1644762603320469E-015
          24          15   6.1799458381655400E-016
          24          16   1.1591777198244343E-015
          24          17  -4.2391656762946444E-015
          24          18  -8.6336438083451139E-016
          24          19   2.1476134050012782E-003
          24          20  -8.9612751518030351E-016
          24          21   2.1476134049959062E-003
          24          22   1.2455703626565287E-015
          24          23   7.8189890234151542E-016
          24          24   2.1476134049957154E-003
          24          25  -5.6835327324440653E-003
          24          26  -1.3081598599512032E-015
          24          27  -5.6835327324427530E-003
          24          28  -1.4582281107076794E-015
          24          29  -3.0309969720771071E-016
          24          30  -5.6835327324394934E-003
          25           1  -2.7780101719538632E-002
          25           2  -1.6186792555086451E-002
          25           3   2.7897198261375024E-002
          25           4  -4.2521775760289038E-002
          25           5 -0.15820362967948506     
          25           6  -5.0037496087488352E-003
          25           7   1.4920999045090492E-014
          25           8   2.6487451844370738E-014
          25           9  -9.5024313468443984E-015
          25          10  -5.2874507544872793E-015
          25          11   8.8950635411916225E-015
          25          12  -2.3100626409626208E-017
          25          13   2.3055580014884329E-015
          25          14  -3.5935519346469656E-015
          25          15  -4.4080847430268210E-016
          25          16  -4.2085556603551317E-015
          25          17   6.4087973410068500E-015
          25          18   2.0182698897927721E-015
          25          19  -5.6835327324533443E-003
          25          20   1.2992658803040943E-015
          25          21  -5.6835327324443394E-003
          25          22  -2.3548779237976818E-015
          25          23  -1.1385751950841181E-015
          25          24  -5.6835327324440653E-003
          25          25   1.6086380019684453E-002
          25          26   2.5961852082735998E-015
          25          27   1.6086380019682503E-002
          25          28   3.2317767384632599E-015
          25          29  -3.0994486379763179E-016
          25          30   1.6086380019677153E-002
          26           1   1.7143682911230678E-014
          26           2  -4.8892761240408465E-015
          26           3  -5.9476761730595650E-014
          26           4   2.0869391096311595E-015
          26           5  -1.7570320608509556E-014
          26           6  -4.8996013505182033E-016
          26           7   1.6184186354856873E-015
          26           8  -1.7140936286274459E-015
          26           9   2.0133918563815552E-015
          26          10  -2.2764093909641216E-017
          26          11   2.4109395162579194E-017
          26          12  -2.8319625840745936E-017
          26          13   1.4460036039245105E-017
          26          14  -1.5314717089217463E-017
          26          15   1.7988984893711274E-017
          26          16  -4.7102303148582424E-018
          26          17   4.9886487775809818E-018
          26          18  -5.8597551610095551E-018
          26          19  -1.3081598599668236E-015
          26          20   8.9463104474498431E-028
          26          21  -1.3081598599505759E-015
          26          22  -7.1402740142604215E-027
          26          23  -1.0152666474564018E-026
          26          24  -1.3081598599512032E-015
          26          25   2.5961852082735998E-015
          26          26   7.3362462955730279E-027
          26          27   2.5961852082662858E-015
          26          28   9.8684633804886188E-027
          26          29   1.2447060357456596E-027
          26          30   2.5961852082565103E-015
          27           1  -2.7780101719568948E-002
          27           2  -1.6186792555080910E-002
          27           3   2.7897198261473327E-002
          27           4  -4.2521775760298169E-002
