           1           1   2.0993917268564779     
           1           2  -5.4236880531265144E-002
           1           3 -0.28618723914891497     
           1           4 -0.14464865604282115     
           1           5  -9.0978064033254737E-003
           1           6  -1.9390250389246765E-014
           1           7  -8.9455992524960342E-015
           1           8   3.7894877830545353E-015
           1           9   3.4441799247298068E-014
           1          10   1.0264902418774062E-014
           1          11  -7.4373462900936858E-014
           1          12  -5.7307913985899655E-014
           1          13   3.9222036240471097E-014
           1          14   9.4743445175219614E-014
           1          15   1.3807315902620103E-015
           1          16   1.0044719549534435E-014
           1          17   5.0072314404109804E-015
           1          18   2.1763748902605889E-002
           1          19  -3.3813858442430149E-015
           1          20   2.1763748902607825E-002
           1          21  -1.2607726583461990E-015
           1          22  -4.4294660736976069E-016
           1          23   2.1763748902607311E-002
           1          24   1.1706564315609128E-004
           1          25   6.9803607863502383E-015
           1          26   1.1706564313526246E-004
           1          27  -5.8003940255282580E-015
           1          28   9.9386268514699659E-017
           1          29   1.1706564316330036E-004
           1          30   1.9067498629680574E-003
           1          31  -8.6101730817703406E-015
           1          32   1.9067498629658998E-003
           1          33  -3.3567456214553387E-015
           1          34  -1.0004202589947016E-014
           1          35   1.9067498629416742E-003
           1          36  -1.5805614035087503E-014
           1          37   5.7345621882857093E-015
           1          38  -5.4824171953524443E-015
           1          39  -1.2821393703185192E-014
           1          40  -5.9990839260105022E-015
           1          41  -1.6427322059743377E-015
           1          42   9.7563434692328356E-015
           1          43  -4.8882133454392086E-015
           1          44   3.4192122096881130E-015
           1          45   1.9857634132191400E-014
           1          46   7.5130550460741942E-015
           1          47  -9.2801705710754432E-015
           1          48   1.2003352136366448E-014
           1          49  -2.1788886736162258E-014
           1          50  -2.5580398320778556E-014
           1          51  -1.7392984899131898E-014
           1          52  -2.9817571670295649E-014
           1          53   1.8343809235358178E-014
           1          54  -1.7336964769445422E-014
           1          55  -5.1081456678354207E-014
           2           1  -5.4236880531265144E-002
           2           2   4.3092574400122680E-002
           2           3  0.16499977862771847     
           2           4   9.8495658753415427E-002
           2           5   7.5392877717112561E-003
           2           6  -9.6477275798854534E-015
           2           7  -5.4705074060968599E-016
           2           8  -4.5907184088301477E-015
           2           9   2.5943665281142779E-015
           2          10   7.7148738495040187E-015
           2          11  -8.9526248160251490E-015
           2          12  -1.7492816328017447E-014
           2          13  -1.3028838264455778E-014
           2          14   9.0930594595316793E-016
           2          15   1.2397872138385416E-015
           2          16  -3.9943372433102969E-015
           2          17   6.4550380624567768E-017
           2          18   1.3232360140377625E-003
           2          19   1.1117525318998989E-016
           2          20   1.3232360140388571E-003
           2          21   8.5531003688210718E-017
           2          22   3.5093718532734489E-016
           2          23   1.3232360140391370E-003
           2          24   4.6476147044047424E-003
           2          25  -1.7765036478463810E-015
           2          26   4.6476147044064702E-003
           2          27   6.3436228394347908E-016
           2          28   9.2980652986910377E-016
           2          29   4.6476147044032905E-003
           2          30  -1.9698704383351450E-003
           2          31   1.5520017698780287E-015
           2          32  -1.9698704383351033E-003
           2          33   6.1881025200590895E-016
           2          34  -1.5982009231927937E-015
           2          35  -1.9698704383337273E-003
           2          36  -2.3526504212186919E-015
           2          37  -8.0276343074178013E-016
           2          38  -1.1880450310975830E-015
           2          39  -7.9523504543859422E-016
           2          40   6.0796771715929898E-016
           2          41  -1.3587434417570425E-017
           2          42   2.6906525637376717E-016
           2          43  -8.0745082493252506E-016
           2          44  -9.1717164137634374E-016
           2          45   1.9690929966015025E-016
           2          46   7.0647904665274083E-015
           2          47   2.6213118695077414E-015
           2          48   3.4762372036484923E-015
           2          49   8.7627129726241847E-015
           2          50  -6.3741399063008570E-016
           2          51  -6.0841256712114313E-016
           2          52   1.1322492126699245E-015
           2          53   3.8861169509462914E-015
           2          54   4.5046790289806953E-015
           2          55  -1.7562592612817134E-015
           3           1 -0.28618723914891497     
           3           2  0.16499977862771847     
           3           3  0.63629480064289257     
           3           4  0.37437171742295383     
           3           5   2.8739614708851970E-002
           3           6  -2.5982070594805212E-014
           3           7  -3.0571548419682627E-015
           3           8  -1.3490638553245564E-014
           3           9   1.8523682207878448E-014
           3          10   2.7122239721854766E-014
           3          11  -2.6942455345563552E-014
           3          12  -6.2082135997627970E-014
           3          13  -5.0631133102748337E-014
           3          14   1.4929611606210452E-015
           3          15   5.3130471782161847E-015
           3          16  -1.5521008348204164E-014
           3          17  -6.7928816668916219E-016
           3          18   4.2284795704470605E-003
           3          19   4.5130337276187622E-016
           3          20   4.2284795704512013E-003
           3          21   3.4823847933678303E-016
           3          22   1.3717663993690930E-015
           3          23   4.2284795704522326E-003
           3          24   1.7461308912209615E-002
           3          25  -7.0113166347200036E-015
           3          26   1.7461308912216558E-002
           3          27   2.4627260232829125E-015
           3          28   3.3406159904991468E-015
           3          29   1.7461308912203745E-002
           3          30  -7.7707681305083497E-003
           3          31   6.3610388275357405E-015
           3          32  -7.7707681305071866E-003
           3          33   2.6111764831113753E-015
           3          34  -5.4005682402645757E-015
           3          35  -7.7707681305018454E-003
           3          36  -8.4157212564845573E-015
           3          37  -3.0287298083934684E-015
           3          38  -4.2745993512719039E-015
           3          39  -2.3108768039541992E-015
           3          40   2.5872526746238253E-015
           3          41   4.1460458764557396E-017
           3          42   5.3734869279140422E-016
           3          43  -2.9050439476687058E-015
           3          44  -3.5039057867672667E-015
           3          45  -1.8258547858340431E-016
           3          46   2.7028775702479518E-014
           3          47   1.0634497915590278E-014
           3          48   1.2808564203702461E-014
           3          49   3.3598014404669376E-014
           3          50  -1.6084523319561288E-015
           3          51  -1.3470585652269439E-015
           3          52   5.4050482834026056E-015
           3          53   1.4275452650319687E-014
           3          54   1.7376002533915447E-014
           3          55  -4.1362959683538726E-015
           4           1 -0.14464865604282115     
           4           2   9.8495658753415427E-002
           4           3  0.37437171742295383     
           4           4  0.23397239076289544     
           4           5   1.7490950866799301E-002
           4           6   4.1737277027463396E-014
           4           7  -1.5860811166796400E-014
           4           8   3.4953063697211124E-014
           4           9   5.7971249386802294E-014
           4          10   5.3516048808241880E-015
           4          11   1.8670516384554548E-014
           4          12  -3.1242780085789727E-015
           4          13  -3.8465834257172156E-014
           4          14   2.3398640761917016E-014
           4          15   1.4897494548949493E-015
           4          16  -9.1724115685900405E-015
           4          17   2.1151215451250716E-015
           4          18   2.6471829371110967E-003
           4          19   5.4306096881954856E-016
           4          20   2.6471829371134152E-003
           4          21   2.7869368337324706E-016
           4          22   7.5456841712210096E-016
           4          23   2.6471829371141811E-003
           4          24   1.0844895081682871E-002
           4          25  -4.0279140202115777E-015
           4          26   1.0844895081687941E-002
           4          27   1.8614333383795690E-015
           4          28   2.5089368105494518E-015
           4          29   1.0844895081679615E-002
           4          30  -3.8860841965250087E-003
           4          31   3.1955271102362735E-015
           4          32  -3.8860841965271242E-003
           4          33   1.1182514089107315E-015
           4          34  -4.1215039058551368E-015
           4          35  -3.8860841965217508E-003
           4          36  -3.0058477867486768E-015
           4          37  -2.5346135503506019E-015
           4          38  -1.8091501044379830E-015
           4          39  -2.5451937895634688E-015
           4          40   1.9070464153904088E-015
           4          41  -5.4488309196120867E-017
           4          42   1.3448648264381540E-015
           4          43  -7.9404866196984839E-016
           4          44  -2.5221892300837480E-015
           4          45   1.9376326251397895E-015
           4          46   1.0658329021087446E-014
           4          47   5.4818595216318073E-015
           4          48   5.6314012298220532E-015
           4          49   2.1710886846721689E-014
           4          50  -2.0052496919310002E-015
           4          51  -1.8715177737146503E-015
           4          52   1.6574027902761666E-015
           4          53   6.2309443641376901E-015
           4          54   1.1494942082573804E-014
           4          55  -7.6381076388902772E-015
           5           1  -9.0978064033254737E-003
           5           2   7.5392877717112561E-003
           5           3   2.8739614708851970E-002
           5           4   1.7490950866799301E-002
           5           5   1.3289894456010301E-003
           5           6   8.4142790164906877E-014
           5           7  -1.5820647615354909E-014
           5           8   5.1404205082264675E-014
           5           9   7.5434788993144259E-014
           5          10  -1.2328415475580897E-014
           5          11   4.4132078518426937E-014
           5          12   3.7920662429418748E-014
           5          13  -9.8382480271503966E-015
           5          14   2.4887506489627368E-014
           5          15   5.2703440073893035E-016
           5          16  -7.6087204555328052E-016
           5          17   2.7841382564752077E-016
           5          18   2.2749805125863690E-004
           5          19   2.4108852007746101E-017
           5          20   2.2749805125881780E-004
           5          21   1.4541926969659573E-017
           5          22   5.6452147584484420E-017
           5          23   2.2749805125886873E-004
           5          24   8.1737491134838266E-004
           5          25  -3.1063820184728967E-016
           5          26   8.1737491134871551E-004
           5          27   1.2548489387381924E-016
           5          28   1.7781450262251572E-016
           5          29   8.1737491134815498E-004
           5          30  -3.2689654395577780E-004
           5          31   2.6254315745741689E-016
           5          32  -3.2689654395583900E-004
           5          33   9.4179072842868818E-017
           5          34  -3.0428504753581603E-016
           5          35  -3.2689654395555385E-004
           5          36   1.6081461842715300E-015
           5          37  -3.3125435813868882E-016
           5          38   6.8875408101732030E-016
           5          39  -5.2484636791633614E-016
           5          40   6.3681737705668102E-016
           5          41  -9.2316264759184058E-018
           5          42   5.9485530245208580E-016
           5          43   7.5266929037558456E-016
           5          44  -3.3184506481683326E-016
           5          45   1.2536114726364491E-015
           5          46  -3.1182229522769889E-015
           5          47   7.8888224833249734E-016
           5          48  -1.3108814883581046E-015
           5          49   2.3643635701064510E-015
           5          50  -1.2471197939940157E-015
           5          51  -1.3259285835012313E-016
           5          52  -9.4746075636814304E-016
           5          53  -1.2678029674910644E-015
           5          54   1.1709766387527898E-015
           5          55  -2.9090969372117664E-015
           6           1  -1.9390250389246765E-014
           6           2  -9.6477275798854534E-015
           6           3  -2.5982070594805212E-014
           6           4   4.1737277027463396E-014
           6           5   8.4142790164906877E-014
           6           6  0.26134214283928903     
           6           7   3.5388358909925790E-016
           6           8   1.9428902930940195E-014
           6           9  0.22883887902902578     
           6          10   9.4289159813243638E-014
           6          11  -9.9906194428455706E-014
           6          12  0.12385822800003465     
           6          13  -1.6754826692722054E-013
           6          14   1.6193990592938611E-013
           6          15   1.0747965651325333E-003
           6          16  -1.7465480559204834E-014
           6          17   1.1653330210525933E-014
           6          18  -3.7809729570837436E-015
           6          19   7.1248028702369016E-015
           6          20   9.8950942812487467E-015
           6          21   4.1268804531557992E-016
           6          22  -1.0262544781247173E-015
           6          23   5.7371826089490663E-015
           6          24  -3.2011764633336087E-014
           6          25  -2.5468461096616876E-014
           6          26  -1.1775478470704274E-014
           6          27  -7.4569436974946410E-015
           6          28   7.9166133894258939E-015
           6          29   3.0298733314587764E-015
           6          30  -1.4594981850846986E-014
           6          31   5.4190343517975015E-014
           6          32  -4.8707428012811812E-014
           6          33  -3.5976119424067439E-014
           6          34   1.5964316556150881E-014
           6          35  -1.0196023612217650E-014
           6          36   6.0169406763797874E-003
           6          37  -1.2176674599185895E-015
           6          38   2.6908576696897130E-003
           6          39  -3.0037279087624632E-014
           6          40   1.4682265819798701E-014
           6          41   2.5895800138390474E-016
           6          42   7.1062947193389319E-015
           6          43   2.6908576697066209E-003
           6          44  -1.0660417860964095E-015
           6          45   3.0287838209685931E-014
           6          46  -1.2833220832560995E-002
           6          47   4.4080082466091515E-014
           6          48  -5.7391904980364471E-003
           6          49   1.1300899452337843E-013
           6          50  -3.9996651823859063E-014
           6          51   2.1864946138120997E-014
           6          52  -5.2633678665481077E-014
           6          53  -5.7391904980498582E-003
           6          54  -3.3790136487465781E-014
           6          55  -6.9113985368129569E-014
           7           1  -8.9455992524960342E-015
           7           2  -5.4705074060968599E-016
           7           3  -3.0571548419682627E-015
           7           4  -1.5860811166796400E-014
           7           5  -1.5820647615354909E-014
           7           6   3.5388358909925790E-016
           7           7  0.26134214283924945     
           7           8   3.9655778660829621E-015
           7           9  -8.0144224590128945E-015
           7          10  0.22883887902892017     
           7          11   1.4415552085367352E-014
           7          12   3.1984831450060338E-014
           7          13  0.12385822800023077     
           7          14  -1.3466658344008018E-014
           7          15   1.4789425652021769E-014
           7          16   1.0747965652070964E-003
           7          17  -1.4695140720597536E-015
           7          18   4.8449784776837276E-017
           7          19  -1.6764941532466401E-015
           7          20  -1.3896670072281452E-015
           7          21  -2.8627129335474827E-016
           7          22  -4.4084106470179725E-016
           7          23  -1.6290594280989476E-015
           7          24   4.7924227822772917E-015
           7          25   3.5245730386427942E-015
           7          26   3.3401468449132587E-015
           7          27   5.5336904131642528E-016
           7          28  -2.3198025165986585E-015
           7          29  -3.5330332546301553E-016
           7          30   1.0740592790098130E-015
           7          31  -1.2820307591103160E-014
           7          32   1.0459712644277409E-014
           7          33   4.5493212882855671E-015
           7          34  -4.2987652732313402E-015
           7          35   3.6184095294007935E-015
           7          36   1.2240642527361371E-015
           7          37   2.6908576697051837E-003
           7          38   2.2895639377462715E-015
           7          39   6.0169406763926044E-003
           7          40  -2.1994125271041026E-015
           7          41  -6.4528422013359323E-017
           7          42  -8.1846422000932219E-016
           7          43  -3.2910956945797665E-016
           7          44   2.6908576697051677E-003
           7          45  -3.5837760710422335E-015
           7          46  -2.5124433783441101E-014
           7          47  -5.7391904980913077E-003
           7          48  -6.3150439738590857E-015
           7          49  -1.2833220832705997E-002
           7          50   2.3638317865615238E-015
           7          51  -4.5413487510434805E-015
           7          52   4.1922845403496921E-015
           7          53  -5.6215882643373523E-015
           7          54  -5.7391904980775071E-003
           7          55   2.7650408004898636E-015
           8           1   3.7894877830545353E-015
           8           2  -4.5907184088301477E-015
           8           3  -1.3490638553245564E-014
           8           4   3.4953063697211124E-014
           8           5   5.1404205082264675E-014
           8           6   1.9428902930940195E-014
           8           7   3.9655778660829621E-015
           8           8  0.26134214283925927     
           8           9   5.4942161931137882E-014
           8          10   6.1116042782138941E-014
           8          11  0.22883887902888661     
           8          12  -1.1299988722512976E-013
           8          13  -1.0273379369429848E-013
           8          14  0.12385822800028282     
           8          15  -4.5576769355099067E-014
           8          16  -1.0466454092306111E-014
           8          17   1.0747965652049948E-003
           8          18  -1.8687149130265180E-015
           8          19   4.1418265072641171E-015
           8          20   6.0920102090184047E-015
           8          21   2.4610619179039466E-017
           8          22   2.9818567317479247E-016
           8          23   3.4317979245619663E-015
           8          24  -1.8073193809301145E-014
           8          25  -1.6058043263070305E-014
           8          26  -8.4154176785551478E-015
           8          27  -5.3768566666782765E-015
           8          28   5.0364286388539026E-015
           8          29  -1.4295164459207131E-016
           8          30  -9.4952290701389559E-015
           8          31   3.3320290361985148E-014
           8          32  -3.1791746148078605E-014
           8          33  -2.1146242720929781E-014
           8          34   1.1208690990726774E-014
           8          35  -9.7330416995402532E-015
           8          36  -4.5042095053739050E-015
           8          37  -5.4321239346952886E-016
           8          38  -9.2519308186878556E-015
           8          39  -1.8239262097180577E-014
           8          40   2.6908576697124006E-003
           8          41   6.9103709890699305E-017
           8          42   2.6908576697080751E-003
           8          43   1.0046217330250522E-015
           8          44  -9.4721322799197298E-016
           8          45   6.0169406764028445E-003
           8          46   8.4642362563336614E-014
           8          47   2.7306011184807752E-014
           8          48   2.9785635763390879E-014
           8          49   7.0410799586639922E-014
           8          50  -5.7391904981024360E-003
           8          51   1.2589161847946804E-014
           8          52  -5.7391904981094104E-003
           8          53   2.3276953281525972E-014
           8          54  -2.0576639350733372E-014
           8          55  -1.2833220832718324E-002
           9           1   3.4441799247298068E-014
           9           2   2.5943665281142779E-015
           9           3   1.8523682207878448E-014
           9           4   5.7971249386802294E-014
           9           5   7.5434788993144259E-014
           9           6  0.22883887902902578     
           9           7  -8.0144224590128945E-015
           9           8   5.4942161931137882E-014
           9           9  0.20037806373794081     
           9          10   7.5273121069584780E-014
           9          11  -5.4289905904174692E-014
           9          12  0.10845391311985665     
           9          13  -1.5065032554772721E-013
           9          14   1.5976109324356581E-013
           9          15   9.4112353437166495E-004
           9          16  -1.5327515190226255E-014
           9          17   1.0359931228859908E-014
           9          18  -1.9582933682473849E-015
           9          19   6.2386872794969837E-015
           9          20   1.0016873982663359E-014
           9          21   3.6136180966724007E-016
           9          22  -8.9861865300809332E-016
           9          23   6.3760840363746486E-015
           9          24  -2.6483232228595760E-014
           9          25  -2.2300934799975393E-014
           9          26  -8.7637439330737350E-015
           9          27  -6.5295195722294863E-015
           9          28   6.9320198956838700E-015
           9          29   4.2002582490045747E-015
           9          30  -1.3490807376910441E-014
           9          31   4.7450661152948716E-014
           9          32  -4.3360670139316739E-014
           9          33  -3.1501749971803706E-014
           9          34   1.3978825862084556E-014
           9          35  -9.6389499562628048E-015
           9          36   5.2686105065481992E-003
           9          37  -1.1517479678307495E-015
           9          38   2.3561942443286561E-003
           9          39  -2.6493130605987177E-014
           9          40   1.3246565302993461E-014
           9          41   2.2675125453758414E-016
           9          42   6.6129827308585946E-015
           9          43   2.3561942443434615E-003
           9          44  -1.0190416219190272E-015
           9          45   2.7393885770888768E-014
           9          46  -1.1237146208987549E-002
           9          47   3.8780502246981575E-014
           9          48  -5.0254042682749958E-003
           9          49   9.9362792299605328E-014
           9          50  -3.5854999524965932E-014
           9          51   1.9145590948012376E-014
           9          52  -4.6920800578222123E-014
           9          53  -5.0254042682867390E-003
           9          54  -2.9405189221066353E-014
           9          55  -6.2379788834391264E-014
          10           1   1.0264902418774062E-014
          10           2   7.7148738495040187E-015
          10           3   2.7122239721854766E-014
          10           4   5.3516048808241880E-015
          10           5  -1.2328415475580897E-014
          10           6   9.4289159813243638E-014
          10           7  0.22883887902892017     
          10           8   6.1116042782138941E-014
          10           9   7.5273121069584780E-014
          10          10  0.20037806373778622     
          10          11   6.3102301162132701E-014
          10          12   7.2546135765352117E-014
          10          13  0.10845391311999476     
          10          14   1.5532714003895476E-014
          10          15   1.3336540530782310E-014
          10          16   9.4112353443666287E-004
          10          17  -1.0497109908729559E-015
          10          18   4.6932470074654576E-016
          10          19  -1.4679876676552416E-015
          10          20  -7.8993272715234032E-016
          10          21  -2.5066757759667119E-016
          10          22  -3.8601342278891263E-016
          10          23  -9.9955178302092757E-016
          10          24   5.0113959104136638E-015
          10          25   3.0862199814106066E-015
          10          26   3.7397403177336376E-015
          10          27   4.8454623401897863E-016
          10          28  -2.0312874215327634E-015
          10          29   5.0564654489713162E-016
          10          30   5.9126043367505396E-016
          10          31  -1.1225838994331132E-014
          10          32   8.8096150079635247E-015
          10          33   3.9835197363840649E-015
          10          34  -3.7641255085974526E-015
          10          35   2.8191684657708657E-015
          10          36   3.2354761231315969E-015
          10          37   2.3561942443414722E-003
          10          38   2.9723402558690857E-015
          10          39   5.2686105065577896E-003
          10          40  -1.3323489447130694E-015
          10          41  -5.6502987228315218E-017
          10          42  -1.2319247184866261E-016
          10          43   6.7936108127948709E-016
          10          44   2.3561942443414583E-003
          10          45  -1.8108344684853420E-015
          10          46  -2.6614127568436878E-014
          10          47  -5.0254042683214742E-003
          10          48  -7.5933183352196082E-015
          10          49  -1.1237146209111031E-002
          10          50   8.0350223002930336E-016
          10          51  -3.9765387479231012E-015
          10          52   2.4051398893336373E-015
          10          53  -6.9863819590625060E-015
          10          54  -5.0254042683093901E-003
          10          55  -4.1004526163391690E-016
          11           1  -7.4373462900936858E-014
          11           2  -8.9526248160251490E-015
          11           3  -2.6942455345563552E-014
          11           4   1.8670516384554548E-014
          11           5   4.4132078518426937E-014
          11           6  -9.9906194428455706E-014
          11           7   1.4415552085367352E-014
          11           8  0.22883887902888661     
          11           9  -5.4289905904174692E-014
          11          10   6.3102301162132701E-014
          11          11  0.20037806373771988     
          11          12  -1.5437651157412183E-013
          11          13  -8.4763793206656341E-014
          11          14  0.10845391312002034     
          11          15  -4.0389295640624619E-014
          11          16  -9.1197123637530779E-015
          11          17   9.4112353443464919E-004
          11          18  -2.8367807584405653E-015
          11          19   3.6267053019327267E-015
          11          20   4.1338646697811026E-015
          11          21   2.1549783145928103E-017
          11          22   2.6110015954773634E-016
          11          23   1.8045044275340335E-015
          11          24  -1.6788436908758092E-014
          11          25  -1.4060895727695695E-014
          11          26  -8.3318036246691300E-015
          11          27  -4.7081340917048967E-015
          11          28   4.4100452820278182E-015
          11          29  -1.0881886705390652E-015
          11          30  -8.1898903543692152E-015
          11          31   2.9176227808146124E-014
          11          32  -2.7713377530710844E-014
          11          33  -1.8516273063936673E-014
          11          34   9.8146600231826120E-015
          11          35  -8.3981260982878994E-015
          11          36  -6.6366183382169090E-015
          11          37  -3.6293667723996526E-016
          11          38  -9.3052735655735697E-015
          11          39  -1.5718708886585802E-014
          11          40   2.3561942443473577E-003
          11          41   6.0509244074754741E-017
          11          42   2.3561942443435699E-003
          11          43  -3.2461013044196863E-016
          11          44  -7.1665763601294279E-016
          11          45   5.2686105065657849E-003
          11          46   7.9857127854851448E-014
          11          47   2.3669705518509243E-014
          11          48   2.8649391886624941E-014
          11          49   6.1116259622574006E-014
          11          50  -5.0254042683302936E-003
          11          51   1.1023440972422543E-014
          11          52  -5.0254042683363998E-003
          11          53   2.2950391587171268E-014
          11          54  -1.8258181425089994E-014
          11          55  -1.1237146209119754E-002
          12           1  -5.7307913985899655E-014
          12           2  -1.7492816328017447E-014
          12           3  -6.2082135997627970E-014
          12           4  -3.1242780085789727E-015
          12           5   3.7920662429418748E-014
          12           6  0.12385822800003465     
          12           7   3.1984831450060338E-014
          12           8  -1.1299988722512976E-013
          12           9  0.10845391311985665     
          12          10   7.2546135765352117E-014
          12          11  -1.5437651157412183E-013
          12          12   5.8700294092033783E-002
          12          13  -6.4326148574439374E-014
          12          14   1.8825219161292119E-014
          12          15   5.0937976007835184E-004
          12          16  -8.1465663750484858E-015
          12          17   5.0202626344221424E-015
          12          18  -3.3328266663284480E-015
          12          19   3.3766672637226719E-015
          12          20   3.1486899989326837E-015
          12          21   1.9558579207402503E-016
          12          22  -4.8637414447139121E-016
          12          23   1.1781254113908082E-015
          12          24  -1.6948995560380367E-014
          12          25  -1.2070301509896492E-014
          12          26  -7.3583856488913617E-015
          12          27  -3.5340792060271069E-015
          12          28   3.7519310721270388E-015
          12          29  -3.4166565413807222E-016
          12          30  -5.9368178037443098E-015
          12          31   2.5682501298584968E-014
          12          32  -2.2103774607810632E-014
          12          33  -1.7050209942298520E-014
          12          34   7.5659896960856065E-015
          12          35  -3.8520136976657647E-015
          12          36   2.8516166664173119E-003
          12          37  -2.4944781483568031E-016
          12          38   1.2752817404310568E-003
          12          39  -1.3503141747111695E-014
          12          40   5.7000845016252500E-015
          12          41   1.2272830868101994E-016
          12          42   2.1095321670043877E-015
          12          43   1.2752817404390699E-003
          12          44  -1.7759231585340510E-016
          12          45   1.1540464764368840E-014
          12          46  -6.0820653515173363E-003
          12          47   2.0192072840153859E-014
          12          48  -2.7199821564123381E-003
          12          49   5.1996167788062573E-014
          12          50  -1.6271923045095013E-014
          12          51   1.0362482891431644E-014
          12          52  -2.2261055845904662E-014
          12          53  -2.7199821564186941E-003
          12          54  -1.6713030698971006E-014
          12          55  -2.6753772808247975E-014
          13           1   3.9222036240471097E-014
          13           2  -1.3028838264455778E-014
          13           3  -5.0631133102748337E-014
          13           4  -3.8465834257172156E-014
          13           5  -9.8382480271503966E-015
          13           6  -1.6754826692722054E-013
          13           7  0.12385822800023077     
          13           8  -1.0273379369429848E-013
          13           9  -1.5065032554772721E-013
          13          10  0.10845391311999476     
          13          11  -8.4763793206656341E-014
          13          12  -6.4326148574439374E-014
          13          13   5.8700294092228558E-002
          13          14  -5.5960444611533005E-014
          13          15   6.3194282163944629E-015
          13          16   5.0937976011457341E-004
          13          17  -1.1267028976475146E-015
          13          18   1.2201530601227141E-016
          13          19  -7.9454309519163978E-016
          13          20  -5.5955329055275907E-016
          13          21  -1.3567293333217487E-016
          13          22  -2.0892838985075964E-016
          13          23  -6.7300885773626017E-016
          13          24   1.1194632450123724E-015
          13          25   1.6704055698293385E-015
          13          26   4.3118418592230863E-016
          13          27   2.6225892289972533E-016
          13          28  -1.0994270801364220E-015
          13          29  -1.3192575466782760E-015
          13          30   1.0053904591619671E-015
          13          31  -6.0759453619441742E-015
          13          32   5.4535455933671507E-015
          13          33   2.1560658654490491E-015
          13          34  -2.0373195212628360E-015
          13          35   2.2112377442606622E-015
          13          36  -3.2811210345938796E-015
          13          37   1.2752817404406013E-003
          13          38  -6.4173926589443010E-016
          13          39   2.8516166664283335E-003
          13          40  -2.1194932744648500E-015
          13          41  -3.0582040536595290E-017
          13          42  -1.4650417380980983E-015
          13          43  -1.8827983876841959E-015
          13          44   1.2752817404405939E-003
          13          45  -4.1068765142118499E-015
          13          46  -3.6717590773373946E-015
          13          47  -2.7199821564430566E-003
          13          48   6.9025731311336942E-016
          13          49  -6.0820653515966071E-003
          13          50   3.4175407729450349E-015
          13          51  -2.1522874302987442E-015
          13          52   4.2842519896296817E-015
          13          53   1.0188247814858516E-015
          13          54  -2.7199821564365162E-003
          13          55   6.4470997984669555E-015
          14           1   9.4743445175219614E-014
          14           2   9.0930594595316793E-016
          14           3   1.4929611606210452E-015
          14           4   2.3398640761917016E-014
          14           5   2.4887506489627368E-014
          14           6   1.6193990592938611E-013
          14           7  -1.3466658344008018E-014
          14           8  0.12385822800028282     
          14           9   1.5976109324356581E-013
          14          10   1.5532714003895476E-014
          14          11  0.10845391312002034     
          14          12   1.8825219161292119E-014
          14          13  -5.5960444611533005E-014
          14          14   5.8700294092275687E-002
          14          15  -2.0972183408310655E-014
          14          16  -5.0234678070949755E-015
          14          17   5.0937976011377229E-004
          14          18   4.4203142990965052E-016
          14          19   1.9629413239752903E-015
          14          20   4.2148684339380781E-015
          14          21   1.1663743353689631E-017
          14          22   1.4131953114465673E-016
          14          23   2.9541105015267520E-015
          14          24  -7.7590848986292080E-015
          14          25  -7.6104097185082062E-015
          14          26  -3.1819622616718445E-015
          14          27  -2.5482608036818327E-015
          14          28   2.3869212974321602E-015
          14          29   7.3861852575899782E-016
          14          30  -4.5926983459593323E-015
          14          31   1.5791529356354491E-014
          14          32  -1.5159716224723834E-014
          14          33  -1.0021866828782860E-014
          14          34   5.3121497713071719E-015
          14          35  -4.7054052004807099E-015
          14          36   1.3812735677447619E-015
          14          37  -4.1549337755009272E-016
          14          38  -2.8123120152108063E-015
          14          39  -8.9972246233171071E-015
          14          40   1.2752817404445096E-003
          14          41   3.2750412782189538E-017
          14          42   1.2752817404424596E-003
          14          43   2.0484915846938561E-015
          14          44  -6.0692282363013396E-016
          14          45   2.8516166664342775E-003
          14          46   3.2614969752712680E-014
          14          47   1.3278278216537818E-014
          14          48   1.0762441285395896E-014
          14          49   3.4122986554417770E-014
          14          50  -2.7199821564493718E-003
          14          51   5.9663981536176297E-015
          14          52  -2.7199821564526773E-003
          14          53   7.6778861046757795E-015
          14          54  -9.4150761405933424E-015
          14          55  -6.0820653516047776E-003
          15           1   1.3807315902620103E-015
          15           2   1.2397872138385416E-015
          15           3   5.3130471782161847E-015
          15           4   1.4897494548949493E-015
          15           5   5.2703440073893035E-016
          15           6   1.0747965651325333E-003
          15           7   1.4789425652021769E-014
          15           8  -4.5576769355099067E-014
          15           9   9.4112353437166495E-004
          15          10   1.3336540530782310E-014
          15          11  -4.0389295640624619E-014
          15          12   5.0937976007835184E-004
          15          13   6.3194282163944629E-015
          15          14  -2.0972183408310655E-014
