           1           1   2.1295079057543163     
           1           2 -0.35877529250386075     
           1           3 -0.19479924812382751     
           1           4  -1.6138395315437093E-002
           1           5   7.6031450068341944E-002
           1           6   7.2944914457099847E-004
           1           7  -2.5988907155964396E-012
           1           8  -1.9484138741122114E-012
           1           9  -1.6743206967658640E-012
           1          10   9.5753344060120940E-013
           1          11   5.5404007341788265E-013
           1          12   1.0914852524746587E-012
           1          13  -1.0023678913244396E-012
           1          14  -3.8547502442511396E-013
           1          15  -5.8377489792620837E-013
           1          16   5.6222137424853528E-013
           1          17   7.4353788231489484E-014
           1          18   5.7883870389702269E-013
           1          19   1.6633589241721045E-003
           1          20   3.5196371438910939E-013
           1          21   1.6633589237958673E-003
           1          22   8.1242456303606887E-013
           1          23   2.0927118260730539E-013
           1          24   1.6633589241119699E-003
           1          25  -1.4060026760709794E-002
           1          26   6.4587180212659733E-013
           1          27  -1.4060026761074079E-002
           1          28  -1.9717005120616503E-013
           1          29  -3.7993564588336883E-013
           1          30  -1.4060026761488402E-002
           2           1 -0.35877529250386075     
           2           2  0.89674521733279866     
           2           3  0.56112658745201405     
           2           4   4.7291955130664878E-002
           2           5 -0.21513606512481240     
           2           6  -1.1141223951170081E-003
           2           7   6.6489682556883869E-012
           2           8   4.5302654135069733E-012
           2           9   3.5374376306290450E-012
           2          10  -2.5956891381696263E-012
           2          11  -1.4828914540717321E-012
           2          12  -2.9855732776213471E-012
           2          13   2.7021171666023358E-012
           2          14   1.0237880119783474E-012
           2          15   1.5765846067516404E-012
           2          16  -1.5152868258307635E-012
           2          17  -2.0120222968145217E-013
           2          18  -1.5796585055311151E-012
           2          19  -1.0706046559953360E-002
           2          20  -9.4905254241901725E-013
           2          21  -1.0706046558935166E-002
           2          22  -2.1908480720832244E-012
           2          23  -5.5569653780434790E-013
           2          24  -1.0706046559783779E-002
           2          25   3.7793137382266376E-002
           2          26  -1.7483658139119429E-012
           2          27   3.7793137383247563E-002
           2          28   5.2317052352824857E-013
           2          29   1.0201730183975835E-012
           2          30   3.7793137384362949E-002
           3           1 -0.19479924812382751     
           3           2  0.56112658745201405     
           3           3  0.36458126695782861     
           3           4   3.7989271565081334E-003
           3           5 -0.25764752782621969     
           3           6  -2.3120073219159024E-003
           3           7   4.6220538474696851E-012
           3           8   4.0866667732631693E-012
           3           9   3.7329445593782295E-012
           3          10  -1.6986721109088422E-012
           3          11  -9.9277775436989769E-013
           3          12  -2.0323229202638765E-012
           3          13   1.5923654980738761E-012
           3          14   5.4949479779633678E-013
           3          15   8.4005805868327682E-013
           3          16  -9.3834965022802370E-013
           3          17  -1.2429886621218064E-013
           3          18  -9.7198302317709365E-013
           3          19  -7.3750774954533058E-003
           3          20  -5.8281921813052289E-013
           3          21  -7.3750774948362708E-003
           3          22  -1.3349427363051428E-012
           3          23  -3.5582559202292432E-013
           3          24  -7.3750774953651541E-003
           3          25   3.9902903033102205E-002
           3          26  -1.0711154635901190E-012
           3          27   3.9902903033711905E-002
           3          28   3.2884617942532446E-013
           3          29   6.2495847043432726E-013
           3          30   3.9902903034394803E-002
           4           1  -1.6138395315437093E-002
           4           2   4.7291955130664878E-002
           4           3   3.7989271565081334E-003
           4           4   5.3826836318854994E-002
           4           5  0.23265574509207909     
           4           6   3.1570056778699308E-003
           4           7   2.2964284503210330E-012
           4           8  -4.0972988972245452E-013
           4           9   2.7874450173096576E-012
           4          10  -3.4533284396931364E-014
           4          11   5.3032709434392392E-016
           4          12   6.2266646745585467E-014
           4          13   3.6574932999510405E-013
           4          14   2.4656295366426779E-013
           4          15   4.4127778530647807E-013
           4          16  -1.2919137853286710E-013
           4          17   8.4444765344904362E-017
           4          18  -1.2091255442740834E-013
           4          19   6.9473337963078493E-004
           4          20  -7.1820896168368331E-014
           4          21   6.9473337971726057E-004
           4          22  -1.8126053453401319E-013
           4          23  -4.3555600751527592E-014
           4          24   6.9473337964523463E-004
           4          25  -3.0248785521841199E-002
           4          26  -1.3832667747378500E-013
           4          27  -3.0248785521748991E-002
           4          28   4.8421113359789442E-014
           4          29   9.7250070587226508E-014
           4          30  -3.0248785521647420E-002
           5           1   7.6031450068341944E-002
           5           2 -0.21513606512481240     
           5           3 -0.25764752782621969     
           5           4  0.23265574509207909     
           5           5   1.2119281107068856     
           5           6   1.5554310741256083E-002
           5           7  -3.7553967864086548E-012
           5           8   7.0953645720743571E-014
           5           9  -5.2474188519486219E-012
           5          10   1.3178665669472911E-012
           5          11   6.9078894365879215E-013
           5          12   2.0724647763382633E-012
           5          13   3.0347245160840001E-013
           5          14   7.2831680526192059E-013
           5          15   1.1371701732989879E-012
           5          16   2.0398899603026328E-013
           5          17   4.7189000826817133E-014
           5          18   2.2793211993704596E-013
           5          19   8.5898421459400121E-003
           5          20   1.2259558847967202E-013
           5          21   8.5898421458663939E-003
           5          22   1.9946873540743718E-013
           5          23   1.2190418954154356E-013
           5          24   8.5898421459824729E-003
           5          25 -0.16239196804321201     
           5          26   1.9884680247632390E-013
           5          27 -0.16239196804331371     
           5          28  -7.0505931302426225E-014
           5          29  -6.8433855783035715E-014
           5          30 -0.16239196804340075     
           6           1   7.2944914457099847E-004
           6           2  -1.1141223951170081E-003
           6           3  -2.3120073219159024E-003
           6           4   3.1570056778699308E-003
           6           5   1.5554310741256083E-002
           6           6   2.0287636817679908E-004
           6           7  -1.4102819160853130E-013
           6           8  -4.3025007656695569E-013
           6           9   2.2667702214862202E-013
           6          10   1.3948677642586291E-014
           6          11   1.2622088501309882E-014
           6          12   1.6343647567097624E-014
           6          13   8.1176068726133048E-015
           6          14   7.0125789835714268E-015
           6          15   2.0991809021756765E-014
           6          16   7.7283019905134540E-017
           6          17   1.6941289329987806E-015
           6          18  -9.8263602031366929E-016
           6          19   9.2091830750237207E-005
           6          20  -2.0964193775887697E-016
           6          21   9.2091830751213097E-005
           6          22  -1.5752837652010153E-015
           6          23   4.8430197448220870E-016
           6          24   9.2091830751069929E-005
           6          25  -2.0670453388412181E-003
           6          26  -7.4401577691077177E-016
           6          27  -2.0670453388406148E-003
           6          28   1.1876171408202255E-016
           6          29   1.0899191079406645E-015
           6          30  -2.0670453388395931E-003
           7           1  -2.5988907155964396E-012
           7           2   6.6489682556883869E-012
           7           3   4.6220538474696851E-012
           7           4   2.2964284503210330E-012
           7           5  -3.7553967864086548E-012
           7           6  -1.4102819160853130E-013
           7           7   2.0181804765048792     
           7           8   8.4205212247570091E-014
           7           9  -2.6945459752001441E-014
           7          10  -3.6529440224178769E-002
           7          11  -4.7444714173232045E-014
           7          12  -2.1034606349041394E-014
           7          13   2.0647360535828226E-002
           7          14  -1.3486026260597509E-013
           7          15   1.0639221708441120E-013
           7          16  -6.7880413331944563E-003
           7          17   1.8655741421080372E-013
           7          18  -1.0673320544445339E-013
           7          19  -1.6802050605809906E-013
           7          20  -1.0899051771243881E-013
           7          21  -8.8224283183182117E-014
           7          22   1.6078952540032774E-014
           7          23   4.3617471949125700E-014
           7          24  -2.1668886260488753E-013
           7          25   1.0243152919734508E-012
           7          26  -5.0042663444679227E-014
           7          27   9.7731362297960396E-013
           7          28  -1.6150909450945274E-014
           7          29  -5.2243667523259330E-014
           7          30   9.8714999246301489E-013
           8           1  -1.9484138741122114E-012
           8           2   4.5302654135069733E-012
           8           3   4.0866667732631693E-012
           8           4  -4.0972988972245452E-013
           8           5   7.0953645720743571E-014
           8           6  -4.3025007656695569E-013
           8           7   8.4205212247570091E-014
           8           8   2.0181804765048650     
           8           9   5.9729998725200589E-014
           8          10  -4.3365796522371888E-013
           8          11  -3.6529440224200627E-002
           8          12  -2.5321151425685791E-013
           8          13   7.2887996907585615E-013
           8          14   2.0647360535980909E-002
           8          15   3.4603786849775903E-013
           8          16  -3.2953495618036672E-013
           8          17  -6.7880413332865493E-003
           8          18  -8.0356077694660580E-014
           8          19   7.6195413441410015E-014
           8          20   9.7992084721961182E-014
           8          21   4.9527056457822095E-014
           8          22  -1.0723893904751326E-013
           8          23   9.0616647190820279E-014
           8          24   1.5347287810860416E-013
           8          25  -3.1190791563707072E-014
           8          26  -2.3169666866823484E-013
           8          27   5.0076884388841625E-014
           8          28   1.9282538176853148E-013
           8          29  -9.5519438244500779E-014
           8          30   3.1602808769943840E-013
           9           1  -1.6743206967658640E-012
           9           2   3.5374376306290450E-012
           9           3   3.7329445593782295E-012
           9           4   2.7874450173096576E-012
           9           5  -5.2474188519486219E-012
           9           6   2.2667702214862202E-013
           9           7  -2.6945459752001441E-014
           9           8   5.9729998725200589E-014
           9           9   2.0181804765049236     
           9          10   8.8123898368722258E-014
           9          11  -8.6757857842722865E-014
           9          12  -3.6529440224219542E-002
           9          13  -4.8450880894594675E-014
           9          14   1.7750818176391181E-013
           9          15   2.0647360535633957E-002
           9          16   2.4217203221061653E-013
           9          17  -2.1576750802724003E-013
           9          18  -6.7880413329700386E-003
           9          19  -2.1202831951815405E-013
           9          20   9.7159856589002326E-014
           9          21  -2.2123762375305193E-013
           9          22   2.1628884999151132E-014
           9          23  -1.4039988076568938E-013
           9          24   6.3775682722887031E-014
           9          25   1.2078792460128740E-012
           9          26   1.7462948232264453E-013
           9          27   1.2314661196774001E-012
           9          28  -7.0547634284020518E-014
           9          29  -1.1227156394665433E-015
           9          30   1.1213694686098712E-012
          10           1   9.5753344060120940E-013
          10           2  -2.5956891381696263E-012
          10           3  -1.6986721109088422E-012
          10           4  -3.4533284396931364E-014
          10           5   1.3178665669472911E-012
          10           6   1.3948677642586291E-014
          10           7  -3.6529440224178769E-002
          10           8  -4.3365796522371888E-013
          10           9   8.8123898368722258E-014
          10          10   6.7121511484214032E-004
          10          11   7.6476322058641123E-015
          10          12  -1.2357660114176689E-015
          10          13  -3.7346640553083366E-004
          10          14  -1.5628293618142991E-015
          10          15  -9.3460641196791142E-016
          10          16   1.2322191173220519E-004
          10          17  -2.1881276129924917E-015
          10          18   1.6405425179075541E-015
          10          19   3.6491734806144224E-014
          10          20   2.2770205131670525E-015
          10          21   3.4417188714706006E-014
          10          22   2.7115565817085860E-016
          10          23  -6.1374665240762732E-016
          10          24   3.6603661747233681E-014
          10          25  -2.0973800827555189E-013
          10          26   6.4081885595108683E-016
          10          27  -2.0894066783029567E-013
          10          28   3.6904918733729221E-016
          10          29   9.7186629111478099E-016
          10          30  -2.0881921570683806E-013
          11           1   5.5404007341788265E-013
          11           2  -1.4828914540717321E-012
          11           3  -9.9277775436989769E-013
          11           4   5.3032709434392392E-016
          11           5   6.9078894365879215E-013
          11           6   1.2622088501309882E-014
          11           7  -4.7444714173232045E-014
          11           8  -3.6529440224200627E-002
          11           9  -8.6757857842722865E-014
          11          10   7.6476322058641123E-015
          11          11   6.7121511484334324E-004
          11          12   5.4455138323382000E-015
          11          13  -1.2486091075857580E-014
          11          14  -3.7346640553428338E-004
          11          15  -5.9704032076489708E-015
          11          16   4.7591310588920483E-015
          11          17   1.2322191173442458E-004
          11          18   1.1901998755384208E-015
          11          19   1.7654329226674586E-014
          11          20  -1.4206121480290851E-015
          11          21   1.8986652232421647E-014
          11          22   1.5787073103334940E-015
          11          23  -8.9023118336097389E-016
          11          24   1.5980640487767459E-014
          11          25  -1.0604238622628095E-013
          11          26   3.2891146444936541E-015
          11          27  -1.0760015933018322E-013
          11          28  -3.0077634060982691E-015
          11          29   1.4648662575149386E-015
          11          30  -1.1190444936695358E-013
          12           1   1.0914852524746587E-012
          12           2  -2.9855732776213471E-012
          12           3  -2.0323229202638765E-012
          12           4   6.2266646745585467E-014
          12           5   2.0724647763382633E-012
          12           6   1.6343647567097624E-014
          12           7  -2.1034606349041394E-014
          12           8  -2.5321151425685791E-013
          12           9  -3.6529440224219542E-002
          12          10  -1.2357660114176689E-015
          12          11   5.4455138323382000E-015
          12          12   6.7121511484401859E-004
          12          13  -6.8582139304829374E-017
          12          14  -6.1255525379822049E-015
          12          15  -3.7346640552805908E-004
          12          16  -4.2362532794256946E-015
          12          17   5.2896631574204890E-015
          12          18   1.2322191172818133E-004
          12          19   4.5402649863373700E-014
          12          20  -2.0061101465797245E-015
          12          21   4.5438774819851489E-014
          12          22   9.4767776248836396E-017
          12          23   3.0483167955586851E-015
          12          24   4.1210636774649375E-014
          12          25  -3.1395873062100546E-013
          12          26  -3.1944288780025982E-015
          12          27  -3.1462296442992553E-013
          12          28   1.0995655015683348E-015
          12          29   1.3516049125458207E-016
          12          30  -3.1278093778777317E-013
          13           1  -1.0023678913244396E-012
          13           2   2.7021171666023358E-012
          13           3   1.5923654980738761E-012
          13           4   3.6574932999510405E-013
          13           5   3.0347245160840001E-013
          13           6   8.1176068726133048E-015
          13           7   2.0647360535828226E-002
          13           8   7.2887996907585615E-013
          13           9  -4.8450880894594675E-014
          13          10  -3.7346640553083366E-004
          13          11  -1.2486091075857580E-014
          13          12  -6.8582139304829374E-017
          13          13   2.1124302569869058E-004
          13          14   6.1095462638416161E-015
          13          15   5.7958652998543255E-016
          13          16  -6.9437214750552918E-005
          13          17  -5.0392700535612675E-016
          13          18  -9.5564353512260480E-016
          13          19  -2.8121869529801346E-014
          13          20  -1.1073188578848953E-015
          13          21  -2.7321507097454328E-014
          13          22   1.7877791443426909E-016
          13          23   4.5070008899393225E-016
          13          24  -2.8639311649076680E-014
          13          25  -7.4287698414377150E-015
          13          26  -5.1870044809637356E-016
          13          27  -7.9109852141002139E-015
          13          28  -1.6328628494768365E-016
          13          29  -5.3382165006790708E-016
          13          30  -7.8027454989926783E-015
          14           1  -3.8547502442511396E-013
          14           2   1.0237880119783474E-012
          14           3   5.4949479779633678E-013
          14           4   2.4656295366426779E-013
          14           5   7.2831680526192059E-013
          14           6   7.0125789835714268E-015
          14           7  -1.3486026260597509E-013
          14           8   2.0647360535980909E-002
          14           9   1.7750818176391181E-013
          14          10  -1.5628293618142991E-015
          14          11  -3.7346640553428338E-004
          14          12  -6.1255525379822049E-015
          14          13   6.1095462638416161E-015
          14          14   2.1124302570179257E-004
          14          15   5.3716457831788842E-015
          14          16  -2.9336195210843609E-015
          14          17  -6.9437214752013731E-005
          14          18  -1.4423514194584454E-015
          14          19  -5.7619691484783403E-015
          14          20   1.0114933706750184E-015
          14          21  -6.0132246499428994E-015
          14          22  -1.1063305624467794E-015
          14          23   9.4611828830362739E-016
          14          24  -4.9783517125677918E-015
          14          25  -8.6675927893033179E-014
          14          26  -2.3933920504360910E-015
          14          27  -8.5846709242439891E-014
          14          28   1.9849879742974743E-015
          14          29  -9.8393571890560296E-016
          14          30  -8.3112906898054974E-014
          15           1  -5.8377489792620837E-013
          15           2   1.5765846067516404E-012
          15           3   8.4005805868327682E-013
          15           4   4.4127778530647807E-013
          15           5   1.1371701732989879E-012
          15           6   2.0991809021756765E-014
          15           7   1.0639221708441120E-013
          15           8   3.4603786849775903E-013
          15           9   2.0647360535633957E-002
          15          10  -9.3460641196791142E-016
          15          11  -5.9704032076489708E-015
          15          12  -3.7346640552805908E-004
          15          13   5.7958652998543255E-016
          15          14   5.3716457831788842E-015
          15          15   2.1124302569469389E-004
          15          16   2.1241102922898467E-015
          15          17  -3.3133726610476317E-015
          15          18  -6.9437214747616736E-005
          15          19  -1.2729329542546822E-014
          15          20   9.8772514546767645E-016
          15          21  -1.2826863285045175E-014
          15          22   2.3362884413493653E-016
          15          23  -1.4235074948034547E-015
          15          24  -9.8873448968451190E-015
          15          25  -1.2849400204760266E-013
          15          26   1.7857250154447780E-015
          15          27  -1.2825871974380805E-013
          15          28  -7.2625518286670571E-016
          15          29  -8.5692843493015641E-018
          15          30  -1.2938891225028808E-013
          16           1   5.6222137424853528E-013
          16           2  -1.5152868258307635E-012
          16           3  -9.3834965022802370E-013
          16           4  -1.2919137853286710E-013
          16           5   2.0398899603026328E-013
          16           6   7.7283019905134540E-017
          16           7  -6.7880413331944563E-003
          16           8  -3.2953495618036672E-013
          16           9   2.4217203221061653E-013
          16          10   1.2322191173220519E-004
          16          11   4.7591310588920483E-015
          16          12  -4.2362532794256946E-015
          16          13  -6.9437214750552918E-005
          16          14  -2.9336195210843609E-015
          16          15   2.1241102922898467E-015
          16          16   2.2843931544856723E-005
          16          17   4.2337984986117805E-016
          16          18  -4.5241572900746620E-016
          16          19   1.8020301084927984E-014
          16          20   3.7742188220493603E-016
          16          21   1.7729462409154326E-014
          16          22  -3.4055606110794506E-017
          16          23  -1.4044524530501488E-016
          16          24   1.8156603503146518E-014
          16          25  -4.5334662981642393E-014
          16          26   1.5887785701672527E-016
          16          27  -4.5178477459751284E-014
          16          28   5.7055279343345917E-017
          16          29   1.7665364454616226E-016
          16          30  -4.5200893673001796E-014
          17           1   7.4353788231489484E-014
          17           2  -2.0120222968145217E-013
          17           3  -1.2429886621218064E-013
          17           4   8.4444765344904362E-017
          17           5   4.7189000826817133E-014
          17           6   1.6941289329987806E-015
          17           7   1.8655741421080372E-013
          17           8  -6.7880413332865493E-003
          17           9  -2.1576750802724003E-013
          17          10  -2.1881276129924917E-015
          17          11   1.2322191173442458E-004
          17          12   5.2896631574204890E-015
          17          13  -5.0392700535612675E-016
          17          14  -6.9437214752013731E-005
          17          15  -3.3133726610476317E-015
          17          16   4.2337984986117805E-016
          17          17   2.2843931545509928E-005
          17          18   9.9561353763340286E-016
          17          19   1.5391681118337139E-015
          17          20  -3.1701503044152992E-016
          17          21   1.6591291218609875E-015
          17          22   3.4778596919851842E-016
          17          23  -2.7807116844676338E-016
          17          24   1.2694557302055195E-015
          17          25  -7.0200635430730353E-015
          17          26   7.4707612945207103E-016
          17          27  -7.2964952611571053E-015
          17          28  -6.3137430929893690E-016
          17          29   3.1186893338672637E-016
          17          30  -8.1728603089832301E-015
          18           1   5.7883870389702269E-013
          18           2  -1.5796585055311151E-012
          18           3  -9.7198302317709365E-013
          18           4  -1.2091255442740834E-013
          18           5   2.2793211993704596E-013
          18           6  -9.8263602031366929E-016
          18           7  -1.0673320544445339E-013
          18           8  -8.0356077694660580E-014
          18           9  -6.7880413329700386E-003
          18          10   1.6405425179075541E-015
          18          11   1.1901998755384208E-015
          18          12   1.2322191172818133E-004
          18          13  -9.5564353512260480E-016
          18          14  -1.4423514194584454E-015
          18          15  -6.9437214747616736E-005
          18          16  -4.5241572900746620E-016
          18          17   9.9561353763340286E-016
          18          18   2.2843931543339203E-005
          18          19   1.8289936162504412E-014
          18          20  -3.3560783019840995E-016
          18          21   1.8316260436369882E-014
          18          22  -5.5427231319767698E-017
          18          23   4.9028861954878396E-016
          18          24   1.7390783409288238E-014
          18          25  -4.7392649584661000E-014
          18          26  -5.8855378856061045E-016
          18          27  -4.7480435616629176E-014
          18          28   2.3096563229404018E-016
          18          29   7.8667571866507269E-018
          18          30  -4.7115500918460239E-014
          19           1   1.6633589241721045E-003
          19           2  -1.0706046559953360E-002
          19           3  -7.3750774954533058E-003
          19           4   6.9473337963078493E-004
          19           5   8.5898421459400121E-003
          19           6   9.2091830750237207E-005
          19           7  -1.6802050605809906E-013
          19           8   7.6195413441410015E-014
          19           9  -2.1202831951815405E-013
          19          10   3.6491734806144224E-014
          19          11   1.7654329226674586E-014
          19          12   4.5402649863373700E-014
          19          13  -2.8121869529801346E-014
          19          14  -5.7619691484783403E-015
          19          15  -1.2729329542546822E-014
          19          16   1.8020301084927984E-014
          19          17   1.5391681118337139E-015
          19          18   1.8289936162504412E-014
          19          19   1.6241668036122000E-004
          19          20   1.0799738257922844E-014
          19          21   1.6241668035008695E-004
          19          22   2.4379792968406037E-014
          19          23   7.2574427363738322E-015
          19          24   1.6241668036029151E-004
          19          25  -1.2466050419833257E-003
          19          26   1.9777644591949889E-014
          19          27  -1.2466050419950754E-003
          19          28  -6.4966419687007534E-015
          19          29  -1.1657737824256649E-014
          19          30  -1.2466050420077621E-003
          20           1   3.5196371438910939E-013
          20           2  -9.4905254241901725E-013
          20           3  -5.8281921813052289E-013
          20           4  -7.1820896168368331E-014
          20           5   1.2259558847967202E-013
          20           6  -2.0964193775887697E-016
          20           7  -1.0899051771243881E-013
          20           8   9.7992084721961182E-014
          20           9   9.7159856589002326E-014
          20          10   2.2770205131670525E-015
          20          11  -1.4206121480290851E-015
          20          12  -2.0061101465797245E-015
          20          13  -1.1073188578848953E-015
          20          14   1.0114933706750184E-015
          20          15   9.8772514546767645E-016
          20          16   3.7742188220493603E-016
          20          17  -3.1701503044152992E-016
          20          18  -3.3560783019840995E-016
          20          19   1.0799738257922844E-014
          20          20   1.0735252790393454E-024
          20          21   1.0799738256708872E-014
          20          22   2.4582781667634305E-024
          20          23   1.2788430453783579E-025
          20          24   1.0799738257219330E-014
          20          25  -2.6053585035342564E-014
          20          26   1.8481937903911843E-024
          20          27  -2.6053585035890140E-014
          20          28  -1.5648489752207778E-025
          20          29  -8.5559584428284554E-025
          20          30  -2.6053585036860717E-014
          21           1   1.6633589237958673E-003
          21           2  -1.0706046558935166E-002
          21           3  -7.3750774948362708E-003
          21           4   6.9473337971726057E-004
          21           5   8.5898421458663939E-003
          21           6   9.2091830751213097E-005
          21           7  -8.8224283183182117E-014
          21           8   4.9527056457822095E-014
          21           9  -2.2123762375305193E-013
          21          10   3.4417188714706006E-014
          21          11   1.8986652232421647E-014
          21          12   4.5438774819851489E-014
          21          13  -2.7321507097454328E-014
          21          14  -6.0132246499428994E-015
          21          15  -1.2826863285045175E-014
          21          16   1.7729462409154326E-014
          21          17   1.6591291218609875E-015
          21          18   1.8316260436369882E-014
          21          19   1.6241668035008695E-004
          21          20   1.0799738256708872E-014
          21          21   1.6241668033895390E-004
          21          22   2.4379792964825830E-014
          21          23   7.2574427395886928E-015
          21          24   1.6241668034915849E-004
          21          25  -1.2466050419633965E-003
          21          26   1.9777644589742129E-014
          21          27  -1.2466050419751467E-003
          21          28  -6.4966419710320756E-015
          21          29  -1.1657737825123978E-014
          21          30  -1.2466050419878329E-003
          22           1   8.1242456303606887E-013
          22           2  -2.1908480720832244E-012
          22           3  -1.3349427363051428E-012
          22           4  -1.8126053453401319E-013
          22           5   1.9946873540743718E-013
          22           6  -1.5752837652010153E-015
          22           7   1.6078952540032774E-014
          22           8  -1.0723893904751326E-013
          22           9   2.1628884999151132E-014
          22          10   2.7115565817085860E-016
          22          11   1.5787073103334940E-015
          22          12   9.4767776248836396E-017
          22          13   1.7877791443426909E-016
          22          14  -1.1063305624467794E-015
          22          15   2.3362884413493653E-016
          22          16  -3.4055606110794506E-017
          22          17   3.4778596919851842E-016
          22          18  -5.5427231319767698E-017
          22          19   2.4379792968406037E-014
          22          20   2.4582781667634305E-024
          22          21   2.4379792964825830E-014
          22          22   6.4441299078486539E-024
          22          23  -2.2438947372293993E-024
          22          24   2.4379792964310205E-014
          22          25  -4.8822397578169402E-014
          22          26   4.4886442027089626E-024
          22          27  -4.8822397576873348E-014
          22          28   1.4906026810942737E-024
          22          29  -5.9941429170996297E-025
          22          30  -4.8822397578243239E-014
          23           1   2.0927118260730539E-013
          23           2  -5.5569653780434790E-013
          23           3  -3.5582559202292432E-013
          23           4  -4.3555600751527592E-014
          23           5   1.2190418954154356E-013
          23           6   4.8430197448220870E-016
          23           7   4.3617471949125700E-014
          23           8   9.0616647190820279E-014
          23           9  -1.4039988076568938E-013
          23          10  -6.1374665240762732E-016
          23          11  -8.9023118336097389E-016
          23          12   3.0483167955586851E-015
          23          13   4.5070008899393225E-016
          23          14   9.4611828830362739E-016
          23          15  -1.4235074948034547E-015
          23          16  -1.4044524530501488E-016
          23          17  -2.7807116844676338E-016
          23          18   4.9028861954878396E-016
          23          19   7.2574427363738322E-015
          23          20   1.2788430453783579E-025
          23          21   7.2574427395886928E-015
          23          22  -2.2438947372293993E-024
          23          23   1.4529425359345895E-023
          23          24   7.2574427505592300E-015
          23          25  -2.3495612988150737E-014
          23          26   5.0667371674064448E-025
          23          27  -2.3495613003414769E-014
          23          28  -1.1286892924768119E-023
          23          29  -8.1604640146513420E-024
          23          30  -2.3495613009641829E-014
          24           1   1.6633589241119699E-003
          24           2  -1.0706046559783779E-002
          24           3  -7.3750774953651541E-003
          24           4   6.9473337964523463E-004
          24           5   8.5898421459824729E-003
          24           6   9.2091830751069929E-005
          24           7  -2.1668886260488753E-013
          24           8   1.5347287810860416E-013
          24           9   6.3775682722887031E-014
          24          10   3.6603661747233681E-014
          24          11   1.5980640487767459E-014
          24          12   4.1210636774649375E-014
          24          13  -2.8639311649076680E-014
          24          14  -4.9783517125677918E-015
          24          15  -9.8873448968451190E-015
          24          16   1.8156603503146518E-014
          24          17   1.2694557302055195E-015
          24          18   1.7390783409288238E-014
          24          19   1.6241668036029151E-004
          24          20   1.0799738257219330E-014
          24          21   1.6241668034915849E-004
          24          22   2.4379792964310205E-014
          24          23   7.2574427505592300E-015
          24          24   1.6241668035936306E-004
          24          25  -1.2466050419887766E-003
          24          26   1.9777644591172820E-014
          24          27  -1.2466050420005266E-003
          24          28  -6.4966419798057945E-015
          24          29  -1.1657737831662016E-014
          24          30  -1.2466050420132132E-003
          25           1  -1.4060026760709794E-002
          25           2   3.7793137382266376E-002
          25           3   3.9902903033102205E-002
          25           4  -3.0248785521841199E-002
          25           5 -0.16239196804321201     
          25           6  -2.0670453388412181E-003
          25           7   1.0243152919734508E-012
          25           8  -3.1190791563707072E-014
          25           9   1.2078792460128740E-012
          25          10  -2.0973800827555189E-013
          25          11  -1.0604238622628095E-013
          25          12  -3.1395873062100546E-013
          25          13  -7.4287698414377150E-015
          25          14  -8.6675927893033179E-014
          25          15  -1.2849400204760266E-013
          25          16  -4.5334662981642393E-014
          25          17  -7.0200635430730353E-015
          25          18  -4.7392649584661000E-014
          25          19  -1.2466050419833257E-003
          25          20  -2.6053585035342564E-014
          25          21  -1.2466050419633965E-003
          25          22  -4.8822397578169402E-014
          25          23  -2.3495612988150737E-014
          25          24  -1.2466050419887766E-003
          25          25   2.1853514568069273E-002
          25          26  -4.4472622770271247E-014
          25          27   2.1853514568094600E-002
          25          28   1.6017303516290224E-014
          25          29   2.0537904266704815E-014
          25          30   2.1853514568118369E-002
          26           1   6.4587180212659733E-013
          26           2  -1.7483658139119429E-012
          26           3  -1.0711154635901190E-012
          26           4  -1.3832667747378500E-013
          26           5   1.9884680247632390E-013
          26           6  -7.4401577691077177E-016
          26           7  -5.0042663444679227E-014
          26           8  -2.3169666866823484E-013
          26           9   1.7462948232264453E-013
          26          10   6.4081885595108683E-016
          26          11   3.2891146444936541E-015
          26          12  -3.1944288780025982E-015
          26          13  -5.1870044809637356E-016
          26          14  -2.3933920504360910E-015
          26          15   1.7857250154447780E-015
          26          16   1.5887785701672527E-016
          26          17   7.4707612945207103E-016
          26          18  -5.8855378856061045E-016
          26          19   1.9777644591949889E-014
          26          20   1.8481937903911843E-024
          26          21   1.9777644589742129E-014
          26          22   4.4886442027089626E-024
          26          23   5.0667371674064448E-025
          26          24   1.9777644591172820E-014
          26          25  -4.4472622770271247E-014
          26          26   3.6004131702640889E-024
          26          27  -4.4472622771706090E-014
          26          28  -7.2735640481914698E-025
          26          29  -1.7317307863111257E-024
          26          30  -4.4472622773818565E-014
          27           1  -1.4060026761074079E-002
          27           2   3.7793137383247563E-002
          27           3   3.9902903033711905E-002
          27           4  -3.0248785521748991E-002
