           1           1   2.1123557188950657     
           1           2  -4.1561916260395237E-002
           1           3 -0.29692545890549471     
           1           4 -0.13596255053499379     
           1           5  -8.8732213107926318E-003
           1           6   2.6502490541524978E-012
           1           7  -3.6291372216891151E-012
           1           8   1.2094203898638277E-012
           1           9   1.3164288943251743E-012
           1          10  -1.8040927769797429E-012
           1          11   6.0456958216603334E-013
           1          12   2.7365304454727901E-012
           1          13  -4.2294909790859569E-012
           1          14   1.0348005438608140E-012
           1          15   1.8896822141521929E-013
           1          16  -2.7783194915493474E-013
           1          17   2.9560874736123240E-014
           1          18   1.3406004373025244E-002
           1          19   1.6184885835713735E-004
           1          20   1.3400683821508653E-002
           1          21   1.5594844460760295E-004
           1          22   1.5301669571167844E-004
           1          23   1.3390838918512357E-002
           1          24  -2.8161958252295631E-003
           1          25  -5.1408608862011989E-004
           1          26  -2.7992959763642774E-003
           1          27  -4.9534440086535523E-004
           1          28  -4.8603218634263833E-004
           1          29  -2.7680252733160333E-003
           1          30   1.9205181983097757E-003
           1          31  -1.0362361806372674E-003
           1          32   1.9545829905390426E-003
           1          33  -9.9845882297623536E-004
           1          34  -9.7968832215584219E-004
           1          35   2.0176149118066220E-003
           1          36   1.4209568437626364E-013
           1          37  -4.5936719352840376E-014
           1          38  -4.3435768062715578E-014
           1          39   1.1233585865832220E-014
           1          40   2.5986133518592395E-013
           1          41   5.4501928006848481E-014
           1          42  -8.5855851585814566E-014
           1          43  -4.5603138527573884E-014
           1          44   1.1064159052313072E-013
           1          45  -1.3084204447200265E-013
           1          46  -8.9372346912005784E-013
           1          47   4.6989857872726487E-013
           1          48  -3.5660505033213937E-013
           1          49   1.4252953391502234E-012
           1          50   2.2044055995281652E-013
           1          51   2.3651529904804476E-014
           1          52  -4.4345832594803128E-013
           1          53  -3.8906636120701285E-013
           1          54   8.6226407587557596E-013
           1          55  -8.6218637626240748E-013
           2           1  -4.1561916260395237E-002
           2           2   4.8019634549978263E-002
           2           3  0.18114149551498160     
           2           4   9.3903721711661933E-002
           2           5   8.2934765303046519E-003
           2           6  -1.3964068719673361E-012
           2           7   1.9107043550485563E-012
           2           8  -7.1220864626586527E-013
           2           9  -1.2748451604050237E-012
           2          10   1.7036250679106910E-012
           2          11  -6.1953370966532293E-013
           2          12  -1.2690092494350260E-012
           2          13   2.1352557426843249E-012
           2          14  -4.7085468701804354E-013
           2          15  -8.1621090148164363E-014
           2          16   1.2864584378180951E-013
           2          17   3.0988961821228225E-015
           2          18   1.5114483417981543E-003
           2          19   3.0613561003246326E-005
           2          20   1.5104419645228582E-003
           2          21   2.9497502225006122E-005
           2          22   2.8942964706070570E-005
           2          23   1.5085798093098931E-003
           2          24   4.7576673042002918E-003
           2          25   4.9845286207792264E-004
           2          26   4.7412813749594229E-003
           2          27   4.8028110430608866E-004
           2          28   4.7125207183728647E-004
           2          29   4.7109616054504082E-003
           2          30  -2.2555003560359955E-003
           2          31   7.0745242927847541E-004
           2          32  -2.2787568495676817E-003
           2          33   6.8166131725144513E-004
           2          34   6.6884644296004415E-004
           2          35  -2.3217895931208527E-003
           2          36  -9.3924477456860678E-014
           2          37   4.9159034489505129E-014
           2          38   5.1026384697261677E-014
           2          39   1.7783609563704467E-014
           2          40  -2.1930178399743171E-013
           2          41  -4.4832634573110296E-014
           2          42   7.4170930178792154E-014
           2          43   4.7684317629185415E-014
           2          44  -8.8456293850207526E-014
           2          45   1.0727814594363594E-013
           2          46   3.2806846899448933E-013
           2          47  -1.5735434032131699E-013
           2          48   1.1637192385576318E-013
           2          49  -6.0687801905322925E-013
           2          50  -2.1270565950149449E-013
           2          51  -1.0657771759199743E-014
           2          52   2.5501042937492457E-013
           2          53   1.3207539411106173E-013
           2          54  -4.3062805764952991E-013
           2          55   4.7304950597774863E-013
           3           1 -0.29692545890549471     
           3           2  0.18114149551498160     
           3           3  0.69313222857355983     
           3           4  0.35679218742485774     
           3           5   3.1488599825616637E-002
           3           6  -4.1911776245019429E-012
           3           7   4.3596073103595675E-012
           3           8  -9.3882983463719783E-013
           3           9  -3.8413509948803927E-012
           3          10   3.9741690360159338E-012
           3          11  -8.4650304518254022E-013
           3          12  -4.6245705533375585E-012
           3          13   7.3931422516498790E-012
           3          14  -1.2467174069039803E-012
           3          15  -3.3114046357532990E-013
           3          16   5.2078440095928914E-013
           3          17   2.3953647263371621E-015
           3          18   4.7128829907118206E-003
           3          19  -3.7073048433981098E-005
           3          20   4.7141017148828335E-003
           3          21  -3.5721505123578658E-005
           3          22  -3.5049959445674489E-005
           3          23   4.7163567817479967E-003
           3          24   1.7792455903780570E-002
           3          25   1.5764431139862027E-003
           3          26   1.7740632577640175E-002
           3          27   1.5189717970457315E-003
           3          28   1.4904159252213441E-003
           3          29   1.7644741078536742E-002
           3          30  -8.6090148462919357E-003
           3          31   2.6115142574780563E-003
           3          32  -8.6948646675390779E-003
           3          33   2.5163080586794078E-003
           3          34   2.4690027905106423E-003
           3          35  -8.8537172191240250E-003
           3          36  -3.5372900592859710E-013
           3          37   1.8184296420747580E-013
           3          38   2.3647450792579924E-013
           3          39   3.7562170044955372E-014
           3          40  -8.6003327932895815E-013
           3          41  -1.7375472541554935E-013
           3          42   3.2227076773226718E-013
           3          43   1.7229843921894121E-013
           3          44  -3.8586860636738417E-013
           3          45   4.3566950667891114E-013
           3          46   1.2854532464422475E-012
           3          47  -5.9979585086133418E-013
           3          48   4.6837755317168246E-013
           3          49  -2.3470550069738849E-012
           3          50  -8.4493460712990303E-013
           3          51  -4.1096862109583792E-014
           3          52   9.9140453908642618E-013
           3          53   5.1107701161053787E-013
           3          54  -1.6812843505248681E-012
           3          55   1.8184929702839319E-012
           4           1 -0.13596255053499379     
           4           2   9.3903721711661933E-002
           4           3  0.35679218742485774     
           4           4  0.18860608705801463     
           4           5   1.5974376516296317E-002
           4           6   3.5539051822626310E-012
           4           7   3.9140585847477972E-012
           4           8  -8.2775193496097312E-012
           4           9   2.8165165888212666E-012
           4          10   3.3546329482542510E-012
           4          11  -6.9643039705086831E-012
           4          12  -7.9376869720374766E-014
           4          13   3.7226940097911960E-012
           4          14  -3.1761335255209099E-012
           4          15  -1.5704167979126075E-013
           4          16   2.1178383980248104E-013
           4          17   2.8925889979166604E-014
           4          18   2.5696986150275441E-003
           4          19   4.9666711154257022E-004
           4          20   2.5533713889072931E-003
           4          21   4.7856045408789386E-004
           4          22   4.6956376887180508E-004
           4          23   2.5231602404653416E-003
           4          24   9.4959550903826965E-003
           4          25   1.9432343227811337E-003
           4          26   9.4320740241271087E-003
           4          27   1.8723911476774924E-003
           4          28   1.8371911775393376E-003
           4          29   9.3138714413064285E-003
           4          30  -4.0836914830281448E-003
           4          31   1.6629561014417506E-003
           4          32  -4.1383588015936187E-003
           4          33   1.6023308412605188E-003
           4          34   1.5722078639038074E-003
           4          35  -4.2395126882789754E-003
           4          36  -1.5223199055386134E-013
           4          37  -6.0506893828932726E-014
           4          38   1.1946942083030230E-013
           4          39   7.1959920144043823E-014
           4          40  -4.8926284283510917E-013
           4          41  -7.4600569937508841E-014
           4          42   1.4057220308220081E-013
           4          43   1.6345699095390812E-013
           4          44  -2.8550221273785972E-014
           4          45   1.1427781875890670E-013
           4          46   4.4308256070927548E-013
           4          47  -3.4676238722304661E-013
           4          48   1.6617722479020719E-013
           4          49  -1.0374591008856091E-012
           4          50  -3.3855939203852517E-013
           4          51  -2.0640374231664274E-014
           4          52   5.2435130646653122E-013
           4          53   2.0673311272643191E-013
           4          54  -6.9454797578332191E-013
           4          55   9.5404483001055346E-013
           5           1  -8.8732213107926318E-003
           5           2   8.2934765303046519E-003
           5           3   3.1488599825616637E-002
           5           4   1.5974376516296317E-002
           5           5   1.4585233992934613E-003
           5           6  -2.3756571645483449E-011
           5           7   1.9320335565370740E-011
           5           8   6.4734129804406008E-012
           5           9  -1.9952921630883521E-011
           5          10   1.6253285063493322E-011
           5          11   5.4390651410304543E-012
           5          12  -7.9594005399418332E-012
           5          13   6.8458540468685085E-012
           5          14   2.2167713793273768E-012
           5          15   8.8892876551625566E-014
           5          16  -3.2015984566950839E-014
           5          17  -1.0172424881270689E-014
           5          18   2.4658556943172748E-004
           5          19  -3.1333965553154364E-005
           5          20   2.4761562908752379E-004
           5          21  -3.0191644620341748E-005
           5          22  -2.9624057546229635E-005
           5          23   2.4952160378264871E-004
           5          24   7.9962375620615397E-004
           5          25   8.0329848529453376E-006
           5          26   7.9935968328181733E-004
           5          27   7.7401317718589447E-006
           5          28   7.5946213709960340E-006
           5          29   7.9887105466234045E-004
           5          30  -4.1662606016209353E-004
           5          31   1.0076589458011151E-004
           5          32  -4.1993859584431135E-004
           5          33   9.7092340954312118E-005
           5          34   9.5267056017676034E-005
           5          35  -4.2606795913182715E-004
           5          36  -1.2541268047097911E-013
           5          37   4.0822476145331105E-013
           5          38  -3.1883003866047602E-013
           5          39   1.0183858238371736E-013
           5          40   3.1399051449219312E-013
           5          41  -1.7852869196703444E-014
           5          42  -2.2904378116145392E-013
           5          43  -1.4219400448176352E-013
           5          44  -4.8903954973697616E-014
           5          45   6.5744060331418812E-014
           5          46   5.1345175515619925E-013
           5          47  -5.4540390226876118E-014
           5          48   1.0687062791520136E-013
           5          49  -5.0229083144416868E-013
           5          50   3.6418329868883128E-014
           5          51  -5.4170125508852017E-015
           5          52  -1.2214572933231130E-013
           5          53   1.8394482263345447E-013
           5          54  -2.8672473612996239E-013
           5          55  -4.7230064747974130E-014
           6           1   2.6502490541524978E-012
           6           2  -1.3964068719673361E-012
           6           3  -4.1911776245019429E-012
           6           4   3.5539051822626310E-012
           6           5  -2.3756571645483449E-011
           6           6  0.38389599355874610     
           6           7   8.2116045482449621E-002
           6           8   7.9122396424000901E-002
           6           9  0.32412754942157324     
           6          10   7.0730502637705750E-002
           6          11   6.8151928647163795E-002
           6          12  0.15830959952192494     
           6          13   5.7315295649149473E-002
           6          14   5.5225790867630749E-002
           6          15   2.4774934604955357E-003
           6          16   3.5615159791165729E-003
           6          17   3.4316762234846668E-003
           6          18   3.2761757778290295E-013
           6          19  -1.0136333270060653E-012
           6          20  -5.6459016754828178E-014
           6          21  -8.1496957957076587E-013
           6          22   1.0479206310322455E-013
           6          23  -4.2903839175937677E-013
           6          24  -3.7827481678005879E-013
           6          25  -7.5566898746876118E-013
           6          26  -8.9427374232820105E-013
           6          27  -4.3039226040606757E-012
           6          28   6.9096072484946881E-013
           6          29  -7.3309444214786748E-013
           6          30   8.0347106774774574E-012
           6          31   3.1063185961688053E-013
           6          32   7.7972519394376282E-013
           6          33  -4.8480773174266491E-012
           6          34   1.7197286359159774E-012
           6          35   6.6281866429832191E-012
           6          36   3.7906624565553536E-003
           6          37  -3.1438110922215341E-003
           6          38   1.9996892495414932E-003
           6          39   2.3305870815613946E-003
           6          40  -3.0291993048408932E-003
           6          41  -2.0370278334643707E-003
           6          42   1.2169212458412453E-003
           6          43   2.1307490791705524E-003
           6          44   1.2392671760695006E-003
           6          45   2.2286035897709417E-003
           6          46  -1.0555008514625304E-002
           6          47  -3.8611581678018492E-003
           6          48  -4.6766844186578848E-003
           6          49  -4.5598639014766112E-003
           6          50  -3.7203945462413500E-003
           6          51  -9.8448150797813758E-004
           6          52  -1.9563089153792159E-003
           6          53  -4.6133441027749449E-003
           6          54  -2.0312834878810112E-003
           6          55  -4.3943148508987975E-003
           7           1  -3.6291372216891151E-012
           7           2   1.9107043550485563E-012
           7           3   4.3596073103595675E-012
           7           4   3.9140585847477972E-012
           7           5   1.9320335565370740E-011
           7           6   8.2116045482449621E-002
           7           7  0.38077893902355558     
           7           8   7.7634936932802018E-002
           7           9   7.0730502630909992E-002
           7          10  0.32144268030062689     
           7          11   6.6870708184592190E-002
           7          12   5.7315295641174178E-002
           7          13  0.15613396012861697     
           7          14   5.4187574998340052E-002
           7          15   3.5615159715971395E-003
           7          16   2.3423013662413556E-003
           7          17   3.3671625055343591E-003
           7          18   8.9775305882484607E-013
           7          19   1.1726849459954733E-012
           7          20  -1.0110410432365865E-012
           7          21  -1.0800988811264724E-013
           7          22   5.9482195699546684E-013
           7          23   2.4726373114439036E-013
           7          24   3.2231639437732776E-012
           7          25   2.7789721731449928E-012
           7          26  -8.9965309849521072E-013
           7          27  -9.9847736702614904E-013
           7          28   1.3799920778192780E-012
           7          29  -1.1870895041062250E-012
           7          30  -2.5135605687029268E-012
           7          31   3.4348415499036016E-012
           7          32  -9.0190359326534870E-012
           7          33   1.8490846706842331E-012
           7          34   7.7915189843567722E-013
           7          35  -1.4910616567660286E-011
           7          36   2.3401327043655728E-003
           7          37   1.8804324754420122E-003
           7          38  -3.1566178887679043E-003
           7          39   3.8800322000285313E-003
           7          40   1.2061516892609317E-003
           7          41  -2.0903055064120154E-003
           7          42  -2.9843598727628540E-003
           7          43   1.2392671767232567E-003
           7          44   2.0837075622449422E-003
           7          45   2.1867070133264757E-003
           7          46  -4.5594786825823314E-003
           7          47  -4.6338660234032528E-003
           7          48  -3.8616749989927365E-003
           7          49  -1.0304590912873196E-002
           7          50  -1.9190427061920804E-003
           7          51  -1.0039188771836030E-003
           7          52  -3.6509417085253647E-003
           7          53  -2.0312834831231479E-003
           7          54  -4.5362383255303654E-003
           7          55  -4.3117040347595845E-003
           8           1   1.2094203898638277E-012
           8           2  -7.1220864626586527E-013
           8           3  -9.3882983463719783E-013
           8           4  -8.2775193496097312E-012
           8           5   6.4734129804406008E-012
           8           6   7.9122396424000901E-002
           8           7   7.7634936932802018E-002
           8           8  0.37501128477307483     
           8           9   6.8151928630831304E-002
           8          10   6.6870708174370824E-002
           8          11  0.31647472209208832     
           8          12   5.5225790818762138E-002
           8          13   5.4187574973537739E-002
           8          14  0.15210825724856153     
           8          15   3.4316762114126073E-003
           8          16   3.3671625083368057E-003
           8          17   2.0921481740655097E-003
           8          18  -1.0420529076702183E-012
           8          19  -3.1172375163473386E-013
           8          20   1.7833914825332076E-013
           8          21   1.0908322354941508E-012
           8          22  -1.3969002633931596E-012
           8          23   8.3778423678506323E-013
           8          24  -5.3108365789162281E-012
           8          25  -2.6577184675786854E-012
           8          26   2.4664648649879985E-012
           8          27   2.8284892912551574E-012
           8          28  -3.3851876682380153E-012
           8          29   3.4122700172567106E-012
           8          30  -9.2139215465258980E-012
           8          31  -4.2668898614054180E-012
           8          32   1.0425251972545183E-011
           8          33   2.5751449303800787E-014
           8          34  -2.5404100376304212E-012
           8          35   9.1330561075405833E-012
           8          36   2.2548200709092024E-003
           8          37   1.2061516903863968E-003
           8          38   1.2169212472164072E-003
           8          39   2.2034059254472920E-003
           8          40   1.7908250632459953E-003
           8          41  -2.1967566796574616E-003
           8          42   1.8630403192773110E-003
           8          43  -3.0643724060876610E-003
           8          44  -3.0067638151996183E-003
           8          45   4.0473089132150612E-003
           8          46  -4.3932568611890072E-003
           8          47  -1.9190427008356421E-003
           8          48  -1.9563089071307641E-003
           8          49  -4.3110301379653314E-003
           8          50  -4.4912965155846614E-003
           8          51  -1.0430070953680102E-003
           8          52  -4.4570091361138464E-003
           8          53  -3.7218139893622189E-003
           8          54  -3.6518458400046313E-003
           8          55  -9.8411525852583719E-003
           9           1   1.3164288943251743E-012
           9           2  -1.2748451604050237E-012
           9           3  -3.8413509948803927E-012
           9           4   2.8165165888212666E-012
           9           5  -1.9952921630883521E-011
           9           6  0.32412754942157324     
           9           7   7.0730502630909992E-002
           9           8   6.8151928630831304E-002
           9           9  0.27369211190190179     
           9          10   6.0920292964367254E-002
           9          11   5.8699363165395743E-002
           9          12  0.13395345882672394     
           9          13   4.9142943618889726E-002
           9          14   4.7351372730942060E-002
           9          15   2.1316749560405727E-003
           9          16   3.0408070063653774E-003
           9          17   2.9299503818069313E-003
           9          18   2.5995782518451201E-013
           9          19  -8.5069471344278342E-013
           9          20  -5.3468120925562633E-014
           9          21  -6.8572781486995061E-013
           9          22   9.1707604096715543E-014
           9          23  -3.7150297507650742E-013
           9          24  -3.4921987466801878E-013
           9          25  -6.3843705409991401E-013
           9          26  -7.4012175882210750E-013
           9          27  -3.6263333971015655E-012
           9          28   5.9144837863300597E-013
           9          29  -6.2957329800452270E-013
           9          30   6.7331918164342068E-012
           9          31   2.5743067781840128E-013
           9          32   6.7675839636144162E-013
           9          33  -4.0835574398928463E-012
           9          34   1.4491957783810031E-012
           9          35   5.5639260728249612E-012
           9          36   3.1962116623042601E-003
           9          37  -2.6295557319121750E-003
           9          38   1.6886981683303449E-003
           9          39   1.9699707818423623E-003
           9          40  -2.5336918031401380E-003
           9          41  -1.7039104373393523E-003
           9          42   1.0309796572652537E-003
           9          43   1.7983256398530776E-003
           9          44   1.0496946227776119E-003
           9          45   1.8835789167548122E-003
           9          46  -8.9505756314806340E-003
           9          47  -3.2786406174170209E-003
           9          48  -3.9641521743889949E-003
           9          49  -3.9156981212222393E-003
           9          50  -3.1591134430104194E-003
           9          51  -8.2310744307646192E-004
           9          52  -1.6781679923879053E-003
           9          53  -3.9111944651055424E-003
           9          54  -1.7426817132154841E-003
           9          55  -3.7736780845533374E-003
          10           1  -1.8040927769797429E-012
          10           2   1.7036250679106910E-012
          10           3   3.9741690360159338E-012
          10           4   3.3546329482542510E-012
          10           5   1.6253285063493322E-011
          10           6   7.0730502637705750E-002
          10           7  0.32144268030062689     
          10           8   6.6870708174370824E-002
          10           9   6.0920292964367254E-002
          10          10  0.27137962990471992     
          10          11   5.7595845971570789E-002
          10          12   4.9142943614957087E-002
          10          13  0.13208803489494106     
          10          14   4.6461191789694725E-002
          10          15   3.0408070001148833E-003
          10          16   2.0162485284221428E-003
          10          17   2.8748688474502112E-003
          10          18   7.6204129569574064E-013
          10          19   9.7306100542996783E-013
          10          20  -8.3126077007892864E-013
          10          21  -1.0352034961991521E-013
          10          22   4.9190421560847735E-013
          10          23   2.2074691916400580E-013
          10          24   2.6905828010081712E-012
          10          25   2.3042737066759683E-012
          10          26  -7.2844049172332849E-013
          10          27  -8.7497075826065291E-013
          10          28   1.1461661304745478E-012
          10          29  -9.9255135817919443E-013
          10          30  -2.1408351200058526E-012
          10          31   2.8754818906694948E-012
          10          32  -7.5684951382861983E-012
          10          33   1.5345745399678455E-012
          10          34   6.5471685009465973E-013
          10          35  -1.2537077918577432E-011
          10          36   1.9781451065975877E-003
          10          37   1.5884193072363292E-003
          10          38  -2.6405227389805844E-003
          10          39   3.2705749250610556E-003
          10          40   1.0219663137674832E-003
          10          41  -1.7487587341646455E-003
          10          42  -2.4964282605239915E-003
          10          43   1.0496946233640582E-003
          10          44   1.7584801340877307E-003
          10          45   1.8481686227881410E-003
          10          46  -3.9152876067462166E-003
          10          47  -3.9266813800133728E-003
          10          48  -3.2791913856505270E-003
          10          49  -8.7371053549504356E-003
          10          50  -1.6460986016773919E-003
          10          51  -8.3949069709364976E-004
          10          52  -3.1002444806331815E-003
          10          53  -1.7426817092536598E-003
          10          54  -3.8450437634824702E-003
          10          55  -3.7027349146440680E-003
          11           1   6.0456958216603334E-013
          11           2  -6.1953370966532293E-013
          11           3  -8.4650304518254022E-013
          11           4  -6.9643039705086831E-012
          11           5   5.4390651410304543E-012
          11           6   6.8151928647163795E-002
          11           7   6.6870708184592190E-002
          11           8  0.31647472209208832     
          11           9   5.8699363165395743E-002
          11          10   5.7595845971570789E-002
          11          11  0.26710071971998578     
          11          12   4.7351372699363459E-002
          11          13   4.6461191775737848E-002
          11          14  0.12863634042479333     
          11          15   2.9299503721708282E-003
          11          16   2.8748688502312830E-003
          11          17   1.8026688103061905E-003
          11          18  -8.8280805974834799E-013
          11          19  -2.6006965926494502E-013
          11          20   1.5027878628571249E-013
          11          21   9.1568902693170963E-013
          11          22  -1.1679860896587969E-012
          11          23   6.9889536360366384E-013
          11          24  -4.4799383854649465E-012
          11          25  -2.2318347865966317E-012
          11          26   2.0894774268392125E-012
          11          27   2.3656206383937676E-012
          11          28  -2.8282548940148093E-012
          11          29   2.8599202316428229E-012
          11          30  -7.7500092635752128E-012
          11          31  -3.5837848884704080E-012
          11          32   8.7709098979078108E-012
          11          33   1.0695016958038913E-014
          11          34  -2.1261276836250698E-012
          11          35   7.6642075894077923E-012
          11          36   1.9060292103868313E-003
          11          37   1.0219663144451351E-003
          11          38   1.0309796581932074E-003
          11          39   1.8624686153209844E-003
          11          40   1.5124953933182274E-003
          11          41  -1.8383563540476651E-003
          11          42   1.5729287476904733E-003
          11          43  -2.5638120329542621E-003
          11          44  -2.5156137140537925E-003
          11          45   3.4098098011597308E-003
          11          46  -3.7725506236029145E-003
          11          47  -1.6460985975256938E-003
          11          48  -1.6781679858345064E-003
          11          49  -3.7020167668725705E-003
          11          50  -3.8043894344547240E-003
          11          51  -8.7243017368336976E-004
          11          52  -3.7757095293192312E-003
          11          53  -3.1606260929622331E-003
          11          54  -3.1012079815286348E-003
          11          55  -8.3420275942137044E-003
          12           1   2.7365304454727901E-012
          12           2  -1.2690092494350260E-012
          12           3  -4.6245705533375585E-012
          12           4  -7.9376869720374766E-014
          12           5  -7.9594005399418332E-012
          12           6  0.15830959952192494     
          12           7   5.7315295641174178E-002
          12           8   5.5225790818762138E-002
          12           9  0.13395345882672394     
          12          10   4.9142943614957087E-002
          12          11   4.7351372699363459E-002
          12          12   6.8856812702934728E-002
          12          13   3.4946010594612116E-002
          12          14   3.3672007646113854E-002
          12          15   1.5008216521255201E-003
          12          16   1.8488225676655627E-003
          12          17   1.7814213040052182E-003
          12          18   6.5053301730391737E-014
          12          19  -3.0239100592192137E-013
          12          20  -3.0656879850527670E-014
          12          21  -2.4296426030086763E-013
          12          22   7.8543881461808603E-014
          12          23  -1.4975033149379168E-013
          12          24  -4.1011106585981081E-013
          12          25  -2.2018947361073546E-013
          12          26  -1.7922472740798246E-013
          12          27  -1.5354427005410158E-012
          12          28   3.5303451142047759E-013
          12          29  -2.9225097012256031E-013
          12          30   2.5103252138647106E-012
          12          31   8.6846662106928062E-014
          12          32   5.0941188070071888E-013
          12          33  -1.7881994970328818E-012
          12          34   6.3395051760261470E-013
          12          35   2.2456466395705319E-012
          12          36   1.6214967856018115E-003
          12          37  -9.7696498086412981E-004
          12          38   7.4096074707891840E-004
          12          39   1.1325752069110142E-003
          12          40  -9.4134843160221073E-004
          12          41  -8.2335018168516337E-004
          12          42   4.7636572821894340E-004
          12          43   7.9393407041118572E-004
          12          44   4.9569005690854116E-004
          12          45   1.0922198301091929E-003
          12          46  -4.7808427408164399E-003
          12          47  -1.8822357437499890E-003
          12          48  -2.1627347986657147E-003
          12          49  -2.7603650691304356E-003
          12          50  -1.8136163544657678E-003
          12          51  -3.9431359097025123E-004
          12          52  -1.2244094183785144E-003
          12          53  -2.1373651508343654E-003
          12          54  -1.2668420384918365E-003
          12          55  -2.6569359034805547E-003
          13           1  -4.2294909790859569E-012
          13           2   2.1352557426843249E-012
          13           3   7.3931422516498790E-012
          13           4   3.7226940097911960E-012
          13           5   6.8458540468685085E-012
          13           6   5.7315295649149473E-002
          13           7  0.15613396012861697     
          13           8   5.4187574973537739E-002
          13           9   4.9142943618889726E-002
          13          10  0.13208803489494106     
          13          11   4.6461191775737848E-002
          13          12   3.4946010594612116E-002
          13          13   6.7530292160505656E-002
          13          14   3.3038991593574193E-002
          13          15   1.8488225650661681E-003
          13          16   1.4306419341553888E-003
          13          17   1.7479315170900488E-003
          13          18   3.0767664401938016E-013
          13          19   3.1425551219217941E-013
          13          20  -2.9237579006138062E-013
          13          21  -1.1444264523139033E-013
          13          22   1.3658631207555574E-013
          13          23   1.3783264627551644E-013
          13          24   9.6218989006305437E-013
          13          25   7.3506625827929263E-013
          13          26  -7.4466045485807540E-015
          13          27  -6.4589173878527164E-013
          13          28   3.7168798668195251E-013
          13          29  -2.5321761428228300E-013
          13          30  -1.1862876169321614E-012
          13          31   1.0932696320212107E-012
          13          32  -2.9444631227588567E-012
          13          33   4.1135169094821812E-013
          13          34   2.8814057439486038E-013
          13          35  -5.1088383195461879E-012
          13          36   1.1320512570696670E-003
          13          37   6.9359208386034871E-004
          13          38  -9.7626202811420279E-004
          13          39   1.6414530616482353E-003
          13          40   4.6674571080830069E-004
          13          41  -8.3834318866741922E-004
          13          42  -9.2298698317497718E-004
          13          43   4.9569005724615261E-004
          13          44   7.7511810170529370E-004
          13          45   1.0716866710426644E-003
          13          46  -2.7619335355959845E-003
          13          47  -2.1281295838900946E-003
          13          48  -1.8801314283617148E-003
          13          49  -4.6486006238479032E-003
          13          50  -1.2033806456745509E-003
          13          51  -3.9952723989491432E-004
          13          52  -1.7775318375940952E-003
          13          53  -1.2668420365794613E-003
          13          54  -2.0892769155818275E-003
          13          55  -2.6069869031151980E-003
          14           1   1.0348005438608140E-012
          14           2  -4.7085468701804354E-013
          14           3  -1.2467174069039803E-012
          14           4  -3.1761335255209099E-012
          14           5   2.2167713793273768E-012
          14           6   5.5225790867630749E-002
          14           7   5.4187574998340052E-002
          14           8  0.15210825724856153     
          14           9   4.7351372730942060E-002
          14          10   4.6461191789694725E-002
          14          11  0.12863634042479333     
          14          12   3.3672007646113854E-002
          14          13   3.3038991593574193E-002
          14          14   6.5075759696490168E-002
          14          15   1.7814212996662884E-003
          14          16   1.7479315178586226E-003
          14          17   1.3007846275487744E-003
          14          18  -3.7646884443121610E-013
          14          19  -1.0491898877711584E-013
          14          20   6.1093291840899966E-014
          14          21   3.5672350268791534E-013
          14          22  -4.5586313866505808E-013
          14          23   2.8722731377104747E-013
          14          24  -2.0017544462864491E-012
          14          25  -9.2479143145509390E-013
          14          26   9.6912484929228598E-013
          14          27   7.7613781436769073E-013
          14          28  -1.0762098841159246E-012
          14          29   1.1305401868872826E-012
          14          30  -3.2705465340916896E-012
          14          31  -1.4485188963832115E-012
          14          32   3.6556655744666880E-012
          14          33  -1.6942996712088169E-013
          14          34  -7.9935886191221940E-013
          14          35   3.0280374727959650E-012
          14          36   1.0907808326952298E-003
          14          37   4.6674571057954688E-004
          14          38   4.7636572849690264E-004
          14          39   1.0707700840179668E-003
          14          40   6.5891661431093898E-004
          14          41  -8.6856053577356711E-004
          14          42   6.8746930872969503E-004
          14          43  -9.3941781279307905E-004
          14          44  -9.2175725172153819E-004
          14          45   1.6782743401152077E-003
          14          46  -2.6612436011203937E-003
          14          47  -1.2033806439974274E-003
          14          48  -1.2244094154343608E-003
          14          49  -2.6097307453817270E-003
          14          50  -2.0387280399140409E-003
          14          51  -4.1014753809065605E-004
          14          52  -2.0252450201545141E-003
          14          53  -1.8078369769619733E-003
          14          54  -1.7738505914092768E-003
          14          55  -4.4042199109295844E-003
          15           1   1.8896822141521929E-013
          15           2  -8.1621090148164363E-014
          15           3  -3.3114046357532990E-013
          15           4  -1.5704167979126075E-013
          15           5   8.8892876551625566E-014
          15           6   2.4774934604955357E-003
          15           7   3.5615159715971395E-003
          15           8   3.4316762114126073E-003
          15           9   2.1316749560405727E-003
          15          10   3.0408070001148833E-003
          15          11   2.9299503721708282E-003
          15          12   1.5008216521255201E-003
          15          13   1.8488225650661681E-003
          15          14   1.7814212996662884E-003
