           1           1   2.4323455820793782     
           1           2 -0.27044706129411972     
           1           3  -1.4611883970945965     
           1           4 -0.38842521809769504     
           1           5 -0.32550889067504996     
           1           6   1.9089060098850515E-015
           1           7  -1.5212396844228289E-013
           1           8   2.1266025605671744E-013
           1           9  -2.4711615858724170E-013
           1          10   3.6485569697978248E-014
           1          11  -3.1785233897817190E-014
           1          12   3.3201346124489978E-013
           1          13  -7.9352914727927575E-014
           1          14   7.7409330396530428E-014
           1          15   3.5833084128551407E-014
           1          16   1.6838957469383200E-014
           1          17   2.0570434664511084E-014
           1          18  0.30915232081607036     
           1          19   2.0960709109489818E-014
           1          20  0.30915232081603450     
           1          21  -6.2054980197625275E-015
           1          22   6.4750415745662442E-015
           1          23  0.30915232081607574     
           1          24  0.44104307910429663     
           1          25  -6.4599364167294620E-015
           1          26  0.44104307910430229     
           1          27   8.8673068428814563E-015
           1          28   4.1173877019682108E-016
           1          29  0.44104307910430263     
           1          30  0.14745415158776021     
           1          31   2.1696785988659155E-015
           1          32  0.14745415158772759     
           1          33   7.9034390572877912E-015
           1          34  -4.1540105314969248E-015
           1          35  0.14745415158773670     
           1          36   6.7799397860527846E-014
           1          37  -1.2996842092798737E-014
           1          38   2.0241026796162389E-014
           1          39   2.4170348998283159E-015
           1          40  -1.7065265691567660E-015
           1          41   1.1965333263372171E-014
           1          42  -5.4155516534347019E-015
           1          43   1.0343346767227690E-014
           1          44  -4.8921280154740530E-016
           1          45  -3.9836809759476352E-014
           1          46  -1.6537432271161625E-013
           1          47  -5.1370412670736890E-015
           1          48  -8.9237961403835986E-014
           1          49   4.0402670920518681E-014
           1          50  -4.3483872327021469E-015
           1          51   6.4224995767250611E-015
           1          52  -3.4104180309907793E-014
           1          53  -6.2521876172548806E-014
           1          54   4.6094710210785473E-017
           1          55  -3.7638169180272664E-014
           2           1 -0.27044706129411972     
           2           2  0.38798807443670658     
           2           3   1.2720587876448755     
           2           4  0.32103340055466068     
           2           5  0.27297796638544986     
           2           6   3.7012612690269771E-014
           2           7   2.2967235838126207E-013
           2           8  -2.7944691014298491E-013
           2           9  -1.9834476602092473E-015
           2          10   1.4313248659159387E-014
           2          11   3.4724762626055069E-014
           2          12   1.4561649960676864E-014
           2          13   2.6090401056044815E-015
           2          14  -7.3644086630797236E-014
           2          15   1.8103207171366772E-015
           2          16  -5.0104602978509738E-018
           2          17  -9.5908019050468300E-015
           2          18 -0.21017322587163442     
           2          19   3.4807032872210331E-016
           2          20 -0.21017322587163875     
           2          21  -4.3097850541961407E-015
           2          22  -2.1675877148877413E-015
           2          23 -0.21017322587163345     
           2          24 -0.36099798166703689     
           2          25  -3.4030773661804571E-015
           2          26 -0.36099798166702907     
           2          27   5.7119003305929667E-016
           2          28   1.0322593733855828E-015
           2          29 -0.36099798166703562     
           2          30 -0.12355882818834682     
           2          31  -2.1719680775115446E-015
           2          32 -0.12355882818834585     
           2          33  -3.5766519238784082E-017
           2          34   1.6365673951785576E-015
           2          35 -0.12355882818834636     
           2          36  -3.8573981292207106E-015
           2          37  -1.1812799417913949E-014
           2          38   7.7065898548841689E-017
           2          39  -2.4005644747779126E-014
           2          40   7.6861683157766520E-015
           2          41  -1.0797395375717013E-015
           2          42   6.1356704634721197E-015
           2          43   1.3140904991372425E-015
           2          44  -1.2300817540265635E-014
           2          45   1.7223803914408943E-014
           2          46  -5.0877010432342453E-015
           2          47  -1.0573946039433235E-016
           2          48  -4.6364441727205644E-015
           2          49  -4.2145666982113857E-016
           2          50   1.7837869210027307E-014
           2          51  -8.7641370143655525E-016
           2          52   1.6512184684022612E-014
           2          53  -5.6236794295199111E-015
           2          54  -1.4754096354076101E-015
           2          55   3.8764109515776062E-014
           3           1  -1.4611883970945965     
           3           2   1.2720587876448755     
           3           3   4.3176677841114497     
           3           4   1.0946969457893185     
           3           5  0.92960988665836086     
           3           6   1.0152550933036950E-013
           3           7   7.4907311951594233E-013
           3           8  -9.1211578127966192E-013
           3           9   5.7606939419117806E-014
           3          10   3.5103491314416259E-014
           3          11   1.1545948281388279E-013
           3          12  -4.2236294133310226E-014
           3          13   2.8053150170544857E-014
           3          14  -2.4651308766572525E-013
           3          15  -3.7998104213827805E-015
           3          16  -4.3621821527520342E-015
           3          17  -3.4838031372143795E-014
           3          18 -0.73071895402823683     
           3          19  -4.2876178894954978E-015
           3          20 -0.73071895402824105     
           3          21  -1.1772081708543844E-014
           3          22  -8.3776505220732163E-015
           3          23 -0.73071895402823517     
           3          24  -1.2320645098878011     
           3          25  -8.8960217143848930E-015
           3          26  -1.2320645098877785     
           3          27  -4.9957865483914324E-016
           3          28   3.0947220661044009E-015
           3          29  -1.2320645098877989     
           3          30 -0.42080232220536024     
           3          31  -7.2889051465583368E-015
           3          32 -0.42080232220534880     
           3          33  -2.1344407059514166E-015
           3          34   6.1371507240184809E-015
           3          35 -0.42080232220535280     
           3          36  -2.8102931953218845E-014
           3          37  -3.3212918425600117E-014
           3          38  -4.4003364513496005E-015
           3          39  -7.4859131038977271E-014
           3          40   2.3895758312680221E-014
           3          41  -6.4108847849296735E-015
           3          42   2.0038649668455941E-014
           3          43   1.9687607040782917E-015
           3          44  -3.7928234847105407E-014
           3          45   6.2769896582086767E-014
           3          46   2.7811714025477728E-014
           3          47   1.0700046102707477E-015
           3          48   9.0301818150096383E-015
           3          49  -1.1466503049837500E-014
           3          50   5.6035269822404136E-014
           3          51  -4.3613862515627046E-015
           3          52   5.9544005639078140E-014
           3          53  -8.7064119274661416E-016
           3          54  -4.5032216176879863E-015
           3          55   1.2896572482471572E-013
           4           1 -0.38842521809769504     
           4           2  0.32103340055466068     
           4           3   1.0946969457893185     
           4           4  0.27771471023856359     
           4           5  0.23579340601721860     
           4           6  -6.7373310943075505E-016
           4           7   1.7997761920143026E-013
           4           8  -1.8911989472540371E-013
           4           9   1.7709285755915080E-014
           4          10   8.7952033381692053E-015
           4          11   2.7633065667331766E-014
           4          12  -1.8512341224345304E-014
           4          13   6.0823762817882182E-015
           4          14  -5.4758578669692518E-014
           4          15  -1.7700958714653064E-015
           4          16  -1.4163024369334830E-015
           4          17  -8.1445784006662275E-015
           4          18 -0.18583895654770360     
           4          19  -1.2678643802703667E-015
           4          20 -0.18583895654770433     
           4          21  -2.8902611464296833E-015
           4          22  -2.1577895041290467E-015
           4          23 -0.18583895654770324     
           4          24 -0.31259953980728084     
           4          25  -2.1677294132639238E-015
           4          26 -0.31259953980727517     
           4          27  -2.0726474870723494E-016
           4          28   7.7111224608833894E-016
           4          29 -0.31259953980728034     
           4          30 -0.10673653575524610     
           4          31  -1.8452688395537535E-015
           4          32 -0.10673653575524295     
           4          33  -6.0770740627274941E-016
           4          34   1.5752538860073740E-015
           4          35 -0.10673653575524403     
           4          36  -5.1771644605887142E-015
           4          37  -7.8120646473457774E-015
           4          38  -1.7668356837026454E-016
           4          39  -1.7908441764021158E-014
           4          40   4.2394038516963345E-015
           4          41  -1.7161812151365205E-015
           4          42   3.3079419914886455E-015
           4          43   1.5098740221265494E-015
           4          44  -9.1086956752143673E-015
           4          45   1.2151484223645006E-014
           4          46   1.1042164330499554E-014
           4          47   7.0851512081477539E-016
           4          48   4.2265289478880820E-015
           4          49  -2.3669062083281552E-015
           4          50   1.2271088301051278E-014
           4          51  -1.1516180961439701E-015
           4          52   1.3425417806098894E-014
           4          53   1.4997691905613578E-015
           4          54  -7.3506676835172022E-016
           4          55   2.8615901242878460E-014
           5           1 -0.32550889067504996     
           5           2  0.27297796638544986     
           5           3  0.92960988665836086     
           5           4  0.23579340601721860     
           5           5  0.20020987459630951     
           5           6   1.5719141873523655E-014
           5           7   1.2778288466565287E-013
           5           8  -2.3162575648308814E-013
           5           9   1.3910773152628020E-014
           5          10   8.5411326155527007E-015
           5          11   2.6182379219483630E-014
           5          12  -1.1988384311117570E-014
           5          13   2.9779752181362029E-016
           5          14  -5.9709673064230703E-014
           5          15  -1.1233487686891615E-015
           5          16  -1.6399840791602415E-015
           5          17  -8.2178491362999404E-015
           5          18 -0.15767476771171463     
           5          19  -1.0329747493653648E-015
           5          20 -0.15767476771171535     
           5          21  -2.4772089725634103E-015
           5          22  -1.8242307966416017E-015
           5          23 -0.15767476771171432     
           5          24 -0.26540366141672411     
           5          25  -1.8620297055941338E-015
           5          26 -0.26540366141671928     
           5          27  -1.5653006539782723E-016
           5          28   6.5809100937219592E-016
           5          29 -0.26540366141672367     
           5          30  -9.0628707811092349E-002
           5          31  -1.5676560587383146E-015
           5          32  -9.0628707811089726E-002
           5          33  -4.9998081169451734E-016
           5          34   1.3330447078802385E-015
           5          35  -9.0628707811090628E-002
           5          36  -5.8125057695623773E-015
           5          37  -5.6095568787666224E-015
           5          38  -7.9971506793430866E-016
           5          39  -1.2847068660856554E-014
           5          40   6.6358114953979848E-015
           5          41  -1.4354349507695372E-015
           5          42   5.8335912502679476E-015
           5          43   6.1516209124234168E-016
           5          44  -6.6862131038153625E-015
           5          45   1.7033492068460824E-014
           5          46   7.4453772914756369E-015
           5          47   1.6945466430397727E-015
           5          48   2.6885227708067843E-015
           5          49   5.3948455773077673E-016
           5          50   1.3544452705586919E-014
           5          51  -9.6687029258675243E-016
           5          52   1.4460729342669644E-014
           5          53   4.2529722034753182E-016
           5          54   4.7604884658464695E-016
           5          55   3.1226014230549807E-014
           6           1   1.9089060098850515E-015
           6           2   3.7012612690269771E-014
           6           3   1.0152550933036950E-013
           6           4  -6.7373310943075505E-016
           6           5   1.5719141873523655E-014
           6           6   2.2417331296052954     
           6           7  -4.2257314003304958E-002
           6           8  0.24827915885995905     
           6           9  -8.5483437378923832E-002
           6          10   1.6113873714863529E-003
           6          11  -9.4675658081030505E-003
           6          12  0.41774285354413565     
           6          13  -7.8745728925642740E-003
           6          14   4.6266365486495105E-002
           6          15   4.1825890223426906E-002
           6          16  -7.8843005587827023E-004
           6          17   4.6323519539720262E-003
           6          18  -1.5931592164327888E-014
           6          19  -3.9503164854863042E-016
           6          20  -1.6559212686165971E-014
           6          21   1.3080588521705297E-015
           6          22   3.3455890101757485E-015
           6          23  -1.1928168131752028E-014
           6          24  -2.6632161868611078E-014
           6          25   5.5528228806360621E-016
           6          26  -1.6533418757043987E-014
           6          27   1.7383392112641176E-015
           6          28  -3.7597712167027039E-015
           6          29  -1.4452637048424176E-014
           6          30  -2.1373310986682594E-015
           6          31  -4.8825159519587924E-015
           6          32  -6.5722792662200457E-015
           6          33  -3.9051448258129004E-017
           6          34   3.6337829444472545E-015
           6          35  -9.9803549943015256E-015
           6          36 -0.21388561585678234     
           6          37   1.8030781679009220E-003
           6          38  -9.5652555293033348E-002
           6          39   4.0318053521781819E-003
           6          40  -1.0593828345274494E-002
           6          41  -1.3405588548435484E-015
           6          42  -1.0593828345293493E-002
           6          43  -9.5652555293031169E-002
           6          44   1.8030781679041427E-003
           6          45  -2.3688520322027545E-002
           6          46 -0.21882274672360491     
           6          47   1.8446986987600941E-003
           6          48  -9.7860507339434813E-002
           6          49   4.1248716884333941E-003
           6          50  -1.0838366140439223E-002
           6          51  -3.2558636145211285E-015
           6          52  -1.0838366140424417E-002
           6          53  -9.7860507339436659E-002
           6          54   1.8446986987581521E-003
           6          55  -2.4235323455040141E-002
           7           1  -1.5212396844228289E-013
           7           2   2.2967235838126207E-013
           7           3   7.4907311951594233E-013
           7           4   1.7997761920143026E-013
           7           5   1.2778288466565287E-013
           7           6  -4.2257314003304958E-002
           7           7   1.1515490998327791     
           7           8  -9.6092898182171902E-003
           7           9   1.6113873714975037E-003
           7          10  -4.3911727968189519E-002
           7          11   3.6642859649793982E-004
           7          12  -7.8745728925632280E-003
           7          13  0.21458906085095675     
           7          14  -1.7906735178042695E-003
           7          15  -7.8843005587588835E-004
           7          16   2.1485414833914925E-002
           7          17  -1.7928855837324708E-004
           7          18  -1.2436622294704624E-013
           7          19  -1.2999024851042602E-015
           7          20  -1.2313657098948504E-013
           7          21  -4.6717042122038969E-016
           7          22   5.1432642601585696E-015
           7          23  -1.2229591851611699E-013
           7          24  -2.1000633939964321E-013
           7          25   2.9221081847877826E-015
           7          26  -2.0447784770192951E-013
           7          27   2.3459999961554559E-015
           7          28  -1.8248785736640764E-016
           7          29  -2.0064218580590810E-013
           7          30  -6.0118139492562112E-014
           7          31  -1.5097801947610369E-015
           7          32  -6.2369216353914688E-014
           7          33   3.3169414712655746E-015
           7          34   1.0935328937269898E-016
           7          35  -6.0852342707927256E-014
           7          36   4.0318053521673598E-003
           7          37  -4.9135471341214147E-002
           7          38   1.8030781679017006E-003
           7          39 -0.10987025402544724     
           7          40   4.1001897751909996E-004
           7          41  -1.9102995277347563E-015
           7          42   4.1001897751858984E-004
           7          43   1.8030781679014252E-003
           7          44  -4.9135471341211642E-002
           7          45   9.1683030579166813E-004
           7          46   4.1248716884251854E-003
           7          47  -5.0269667538781940E-002
           7          48   1.8446986987594391E-003
           7          49 -0.11240639382304110     
           7          50   4.1948346320056098E-004
           7          51  -5.9426966878218035E-016
           7          52   4.1948346319845627E-004
           7          53   1.8446986987562767E-003
           7          54  -5.0269667538782599E-002
           7          55   9.3799353915252691E-004
           8           1   2.1266025605671744E-013
           8           2  -2.7944691014298491E-013
           8           3  -9.1211578127966192E-013
           8           4  -1.8911989472540371E-013
           8           5  -2.3162575648308814E-013
           8           6  0.24827915885995905     
           8           7  -9.6092898182171902E-003
           8           8   1.2063721342414571     
           8           9  -9.4675658081890494E-003
           8          10   3.6642859651183100E-004
           8          11  -4.6002280749337127E-002
           8          12   4.6266365486585463E-002
           8          13  -1.7906735178263365E-003
           8          14  0.22480523267413477     
           8          15   4.6323519539832958E-003
           8          16  -1.7928855836770800E-004
           8          17   2.2508294046709319E-002
           8          18   1.5052145274124131E-013
           8          19   1.1837903826894656E-015
           8          20   1.5068952997679316E-013
           8          21   4.7801323296752252E-016
           8          22  -1.1211634574184692E-014
           8          23   1.4823492841599514E-013
           8          24   2.5953734169093920E-013
           8          25  -8.5814882950690165E-016
           8          26   2.4404628077994011E-013
           8          27  -2.7882339261993128E-015
           8          28   2.2354221226157262E-015
           8          29   2.4379800708891492E-013
           8          30   9.8057944014053770E-014
           8          31   4.6596731985497057E-015
           8          32   9.9298915056227307E-014
           8          33  -6.4521381049950747E-015
           8          34  -4.8343632835828204E-016
           8          35   1.0363651297746439E-013
           8          36  -2.3688520321995789E-002
           8          37   4.1001897751793357E-004
           8          38  -1.0593828345276810E-002
           8          39   9.1683030578963189E-004
           8          40  -5.1474716481893570E-002
           8          41   4.3410881402509817E-015
           8          42  -5.1474716481892294E-002
           8          43  -1.0593828345276730E-002
           8          44   4.1001897751600657E-004
           8          45 -0.11510096517603415     
           8          46  -2.4235323455077735E-002
           8          47   4.1948346319818479E-004
           8          48  -1.0838366140454135E-002
           8          49   9.3799353916248617E-004
           8          50  -5.2662909575610442E-002
           8          51   2.3315689909665285E-015
           8          52  -5.2662909575607292E-002
           8          53  -1.0838366140449881E-002
           8          54   4.1948346319830698E-004
           8          55 -0.11775784570397820     
           9           1  -2.4711615858724170E-013
           9           2  -1.9834476602092473E-015
           9           3   5.7606939419117806E-014
           9           4   1.7709285755915080E-014
           9           5   1.3910773152628020E-014
           9           6  -8.5483437378923832E-002
           9           7   1.6113873714975037E-003
           9           8  -9.4675658081890494E-003
           9           9   3.2597181036455565E-003
           9          10  -6.1446623436610002E-005
           9          11   3.6102427099865574E-004
           9          12  -1.5929681633299764E-002
           9          13   3.0027907864712443E-004
           9          14  -1.7642635087071006E-003
           9          15  -1.5949359986313738E-003
           9          16   3.0065002126068714E-005
           9          17  -1.7664429496339933E-004
           9          18  -1.7019220046351916E-014
           9          19   1.5063641046409510E-017
           9          20  -1.6995287153146540E-014
           9          21  -4.9879874414328630E-017
           9          22  -1.2757649198795252E-016
           9          23  -1.7171881593380848E-014
           9          24  -1.9339623562739425E-014
           9          25  -2.1174437791206644E-017
           9          26  -1.9724716356785840E-014
           9          27  -6.6287645549480465E-017
           9          28   1.4337039637645182E-016
           9          29  -1.9804062274700056E-014
           9          30  -6.4993099678956965E-015
           9          31   1.8618373486060396E-016
           9          32  -6.3301932211424992E-015
           9          33   1.4891389102701908E-018
           9          34  -1.3856611774042711E-016
           9          35  -6.2002339390878380E-015
           9          36   8.1560456094811953E-003
           9          37  -6.8756319659862033E-005
           9          38   3.6474944820776897E-003
           9          39  -1.5374380464238340E-004
           9          40   4.0397175292557430E-004
           9          41   5.1119188722607474E-017
           9          42   4.0397175292629871E-004
           9          43   3.6474944820776064E-003
           9          44  -6.8756319659984874E-005
           9          45   9.0330830053246482E-004
           9          46   8.3443119609535911E-003
           9          47  -7.0343424742221240E-005
           9          48   3.7316897540311624E-003
           9          49  -1.5729267949376321E-004
           9          50   4.1329665026670545E-004
           9          51   1.2415501637064463E-016
           9          52   4.1329665026614086E-004
           9          53   3.7316897540312323E-003
           9          54  -7.0343424742147175E-005
           9          55   9.2415940486877623E-004
          10           1   3.6485569697978248E-014
          10           2   1.4313248659159387E-014
          10           3   3.5103491314416259E-014
          10           4   8.7952033381692053E-015
          10           5   8.5411326155527007E-015
          10           6   1.6113873714863529E-003
          10           7  -4.3911727968189519E-002
          10           8   3.6642859651183100E-004
          10           9  -6.1446623436610002E-005
          10          10   1.6744747170852597E-003
          10          11  -1.3972928163951610E-005
          10          12   3.0027907864500677E-004
          10          13  -8.1828698979529661E-003
          10          14   6.8283296305205981E-005
          10          15   3.0065002125769817E-005
          10          16  -8.1929784114943903E-004
          10          17   6.8367648450764326E-006
          10          18  -4.3652786857460794E-015
          10          19   4.9568849751968198E-017
          10          20  -4.4121686900585582E-015
          10          21   1.7814490457978149E-017
          10          22  -1.9612678355929249E-016
          10          23  -4.4442250763041765E-015
          10          24  -9.5105099462324666E-015
          10          25  -1.1142800573863850E-016
          10          26  -9.7213265093640357E-015
          10          27  -8.9459419193954693E-017
          10          28   6.9587628973494022E-018
          10          29  -9.8675908256499115E-015
          10          30  -3.7766173735430677E-015
          10          31   5.7572062896644455E-017
          10          32  -3.6907776340261047E-015
          10          33  -1.2648408269663070E-016
          10          34  -4.1699410786094388E-018
          10          35  -3.7486201896879406E-015
          10          36  -1.5374380464090680E-004
          10          37   1.8736703901183933E-003
          10          38  -6.8756319659415939E-005
          10          39   4.1896543597332641E-003
          10          40  -1.5635149039912517E-005
          10          41   7.2844964415408682E-017
          10          42  -1.5635149039893086E-005
          10          43  -6.8756319659405490E-005
          10          44   1.8736703901182981E-003
          10          45  -3.4961256091356108E-005
          10          46  -1.5729267949236164E-004
          10          47   1.9169204042926778E-003
          10          48  -7.0343424741709483E-005
          10          49   4.2863643314551940E-003
          10          50  -1.5996055857228982E-005
          10          51   2.2661133632328713E-017
          10          52  -1.5996055857148768E-005
          10          53  -7.0343424741588838E-005
          10          54   1.9169204042927027E-003
          10          55  -3.5768268268611075E-005
          11           1  -3.1785233897817190E-014
          11           2   3.4724762626055069E-014
          11           3   1.1545948281388279E-013
          11           4   2.7633065667331766E-014
          11           5   2.6182379219483630E-014
          11           6  -9.4675658081030505E-003
          11           7   3.6642859649793982E-004
          11           8  -4.6002280749337127E-002
          11           9   3.6102427099865574E-004
          11          10  -1.3972928163951610E-005
          11          11   1.7541932328132431E-003
          11          12  -1.7642635086945208E-003
          11          13   6.8283296303459047E-005
          11          14  -8.5724405710831224E-003
          11          15  -1.7664429496222457E-004
          11          16   6.8367648446060490E-006
          11          17  -8.5830303314856922E-004
          11          18  -1.9277892102344881E-014
          11          19  -4.5141176579938149E-017
          11          20  -1.9284301348677905E-014
          11          21  -1.8227956632079526E-017
          11          22   4.2753040019853996E-016
          11          23  -1.9190700653732290E-014
          11          24  -3.2873591330836772E-014
          11          25   3.2723570330384601E-017
          11          26  -3.2282874658172587E-014
          11          27   1.0632301279785140E-016
          11          28  -8.5242781360007267E-017
          11          29  -3.2273407300868315E-014
          11          30  -1.1592697334990479E-014
          11          31  -1.7768612901111216E-016
          11          32  -1.1640018967066918E-014
          11          33   2.4603773588163481E-016
          11          34   1.8434754144780573E-017
          11          35  -1.1805423481716310E-014
          11          36   9.0330830052304841E-004
          11          37  -1.5635149039275403E-005
          11          38   4.0397175292199318E-004
          11          39  -3.4961256089953374E-005
          11          40   1.9628722281301056E-003
          11          41  -1.6553760628034170E-016
          11          42   1.9628722281300566E-003
          11          43   4.0397175292199009E-004
          11          44  -1.5635149039201890E-005
          11          45   4.3891157332450583E-003
          11          46   9.2415940486181554E-004
          11          47  -1.5996055856531813E-005
          11          48   4.1329665026352001E-004
          11          49  -3.5768268267635063E-005
          11          50   2.0081812921661007E-003
          11          51  -8.8909125355891574E-017
          11          52   2.0081812921659806E-003
          11          53   4.1329665026335771E-004
          11          54  -1.5996055856536614E-005
          11          55   4.4904298804263349E-003
          12           1   3.3201346124489978E-013
          12           2   1.4561649960676864E-014
          12           3  -4.2236294133310226E-014
          12           4  -1.8512341224345304E-014
          12           5  -1.1988384311117570E-014
          12           6  0.41774285354413565     
          12           7  -7.8745728925632280E-003
          12           8   4.6266365486585463E-002
          12           9  -1.5929681633299764E-002
          12          10   3.0027907864500677E-004
          12          11  -1.7642635086945208E-003
          12          12   7.7845613905845781E-002
          12          13  -1.4674122031383763E-003
          12          14   8.6216522770705475E-003
          12          15   7.7941778631939670E-003
          12          16  -1.4692249358810573E-004
          12          17   8.6323028299711488E-004
          12          18   1.7307878147776223E-014
          12          19  -7.3613422542831834E-017
          12          20   1.7190922215651131E-014
          12          21   2.4375436589201282E-016
          12          22   6.2344437053697597E-016
          12          23   1.8053908867147407E-014
          12          24   1.6353246964028180E-014
          12          25   1.0347583504561692E-016
          12          26   1.8235129204570537E-014
          12          27   3.2393632094482331E-016
          12          28  -7.0062646440640786E-016
          12          29   1.8622879056272537E-014
          12          30   6.3716544913188974E-015
          12          31  -9.0984788479488825E-016
          12          32   5.5452100415415384E-015
          12          33  -7.2771656947244419E-018
          12          34   6.7714878114851619E-016
          12          35   4.9101213858321709E-015
          12          36  -3.9857191884293972E-002
          12          37   3.3600030666915321E-004
          12          38  -1.7824678089106642E-002
          12          39   7.5131952617411011E-004
          12          40  -1.9741404650121244E-003
          12          41  -2.4981068172963624E-016
          12          42  -1.9741404650156654E-003
          12          43  -1.7824678089106236E-002
          12          44   3.3600030666975365E-004
          12          45  -4.4143122769056842E-003
          12          46  -4.0777217158216930E-002
          12          47   3.4375621619175354E-004
          12          48  -1.8236125899807807E-002
          12          49   7.6866226709295174E-004
          12          50  -2.0197096342421390E-003
          12          51  -6.0672420776427369E-016
          12          52  -2.0197096342393799E-003
          12          53  -1.8236125899808150E-002
          12          54   3.4375621619139147E-004
          12          55  -4.5162080369740521E-003
          13           1  -7.9352914727927575E-014
          13           2   2.6090401056044815E-015
          13           3   2.8053150170544857E-014
          13           4   6.0823762817882182E-015
          13           5   2.9779752181362029E-016
          13           6  -7.8745728925642740E-003
          13           7  0.21458906085095675     
          13           8  -1.7906735178263365E-003
          13           9   3.0027907864712443E-004
          13          10  -8.1828698979529661E-003
          13          11   6.8283296303459047E-005
          13          12  -1.4674122031383763E-003
          13          13   3.9988277567654301E-002
          13          14  -3.3368872289877356E-004
          13          15  -1.4692249358768129E-004
          13          16   4.0037676134456893E-003
          13          17  -3.3410093732379490E-005
          13          18  -7.1324580075309990E-015
          13          19  -2.4223444186425446E-016
          13          20  -6.9033146225142517E-015
          13          21  -8.7056350407180708E-017
          13          22   9.5843785337186272E-016
          13          23  -6.7466605772929202E-015
          13          24  -8.4103916066231889E-015
          13          25   5.4452949611124202E-016
          13          26  -7.3801673274273785E-015
          13          27   4.3717279272251188E-016
          13          28  -3.4006277226863132E-017
          13          29  -6.6653987742414353E-015
          13          30  -5.6371247800957751E-016
          13          31  -2.8134476778467666E-016
          13          32  -9.8319651881171823E-016
          13          33   6.1810595424859602E-016
          13          34   2.0377784734393315E-017
          13          35  -7.0052989941282675E-016
          13          36   7.5131952617219291E-004
          13          37  -9.1563048862713450E-003
          13          38   3.3600030666934311E-004
          13          39  -2.0474120148416146E-002
          13          40   7.6406283787775492E-005
          13          41  -3.5598081024993231E-016
          13          42   7.6406283787680326E-005
          13          43   3.3600030666929178E-004
          13          44  -9.1563048862708784E-003
          13          45   1.7084964445648990E-004
          13          46   7.6866226709152428E-004
          13          47  -9.3676602656400081E-003
          13          48   3.4375621619167689E-004
          13          49  -2.0946725144096682E-002
          13          50   7.8169973320535324E-005
          13          51  -1.1074106187477708E-016
          13          52   7.8169973320142748E-005
          13          53   3.4375621619108751E-004
          13          54  -9.3676602656401296E-003
          13          55   1.7479337414388207E-004
          14           1   7.7409330396530428E-014
          14           2  -7.3644086630797236E-014
          14           3  -2.4651308766572525E-013
          14           4  -5.4758578669692518E-014
          14           5  -5.9709673064230703E-014
          14           6   4.6266365486495105E-002
          14           7  -1.7906735178042695E-003
          14           8  0.22480523267413477     
          14           9  -1.7642635087071006E-003
          14          10   6.8283296305205981E-005
          14          11  -8.5724405710831224E-003
          14          12   8.6216522770705475E-003
          14          13  -3.3368872289877356E-004
          14          14   4.1892042433033128E-002
          14          15   8.6323028299752904E-004
          14          16  -3.3410093730935760E-005
          14          17   4.1943792770461723E-003
          14          18   4.1382458049817306E-014
          14          19   2.2059716472603693E-016
          14          20   4.1413778934122281E-014
          14          21   8.9076888472939690E-017
          14          22  -2.0892675216605480E-015
          14          23   4.0956368439188629E-014
          14          24   7.0353510747960812E-014
          14          25  -1.5991445907155662E-016
          14          26   6.7466779984192743E-014
          14          27  -5.1958227377599162E-016
          14          28   4.1656680897696654E-016
          14          29   6.7420514637627384E-014
          14          30   2.5763669149073135E-014
          14          31   8.6832154677088426E-016
          14          32   2.5994921824726875E-014
          14          33  -1.2023440916521427E-015
          14          34  -9.0087472344000919E-017
          14          35   2.6803225234805272E-014
          14          36  -4.4143122768911421E-003
          14          37   7.6406283786617320E-005
          14          38  -1.9741404650087000E-003
          14          39   1.7084964445400537E-004
          14          40  -9.5922189240746289E-003
          14          41   8.0895380598456849E-016
          14          42  -9.5922189240743912E-003
          14          43  -1.9741404650086853E-003
          14          44   7.6406283786258056E-005
          14          45  -2.1448853569289144E-002
          14          46  -4.5162080369722368E-003
          14          47   7.8169973319129236E-005
          14          48  -2.0197096342409733E-003
          14          49   1.7479337414358386E-004
          14          50  -9.8136365259183372E-003
          14          51   4.3448360139710831E-016
          14          52  -9.8136365259177509E-003
          14          53  -2.0197096342401801E-003
          14          54   7.8169973319151950E-005
          14          55  -2.1943958378426165E-002
          15           1   3.5833084128551407E-014
          15           2   1.8103207171366772E-015
          15           3  -3.7998104213827805E-015
          15           4  -1.7700958714653064E-015
          15           5  -1.1233487686891615E-015
          15           6   4.1825890223426906E-002
          15           7  -7.8843005587588835E-004
          15           8   4.6323519539832958E-003
          15           9  -1.5949359986313738E-003
          15          10   3.0065002125769817E-005
          15          11  -1.7664429496222457E-004
          15          12   7.7941778631939670E-003
          15          13  -1.4692249358768129E-004
          15          14   8.6323028299752904E-004
