           1           1   2.1790745040752419     
           1           2 -0.32707805143403029     
           1           3 -0.38566353003271658     
           1           4 -0.32815936281904290     
           1           5  -4.7805027775677446E-002
           1           6  -7.0952687823626875E-002
           1           7  -1.4200937396337690E-013
           1           8   6.5897940172453798E-014
           1           9   3.1803685046626362E-014
           1          10   5.7325082121239688E-014
           1          11  -2.3054523692110861E-014
           1          12  -2.6184030898825644E-014
           1          13   2.6380164216054270E-013
           1          14  -7.5331639930546288E-014
           1          15   2.1283780368629693E-014
           1          16  -4.1752817692248290E-013
           1          17   1.2002550631477954E-013
           1          18  -4.1837483299771694E-014
           1          19  -2.8338062383956558E-015
           1          20   1.5980791340574326E-015
           1          21  -2.2107327701579960E-015
           1          22  0.22411601156505975     
           1          23  -4.9201816787836592E-015
           1          24  0.22411601156505817     
           1          25  -1.4348327726714948E-015
           1          26  -3.3957621723179575E-015
           1          27  0.22411601156505873     
           1          28  0.11804410540119006     
           1          29  -2.4312280280998008E-015
           1          30  0.11804410540118572     
           1          31  -2.0167250002996051E-015
           1          32   1.6962872611475570E-015
           1          33  0.11804410540118677     
           1          34   2.9584825312486566E-002
           1          35  -2.5965077361215761E-015
           1          36   2.9584825312490567E-002
           1          37   3.4315562051386226E-015
           1          38  -1.0593758259085822E-015
           1          39   2.9584825312484363E-002
           1          40  -8.2229318061186680E-014
           1          41   1.1737880272612859E-014
           1          42  -3.6368224671898851E-014
           1          43   3.1992767292171674E-014
           1          44   4.2158294865942672E-015
           1          45   1.5964838917617969E-015
           1          46   1.1456466128482872E-014
           1          47  -4.3655135711267984E-014
           1          48   1.1231782669572213E-014
           1          49   6.9773452360987512E-015
           1          50   1.9392590898371593E-013
           1          51  -2.9292286563528227E-014
           1          52   8.8414943631607074E-014
           1          53  -5.3396582132396421E-014
           1          54   1.2790099480674570E-014
           1          55  -2.7560210532211703E-015
           1          56   1.1672474775376778E-014
           1          57   8.6513585013745321E-014
           1          58  -2.2397141420950374E-014
           1          59   1.5666746272401625E-014
           2           1 -0.32707805143403029     
           2           2  0.67373819749500030     
           2           3  0.74318062387529360     
           2           4  0.43358983880896751     
           2           5   8.8600433138280449E-002
           2           6  0.12976863663463525     
           2           7   2.4904061329533327E-013
           2           8  -5.3302491345746000E-014
           2           9  -3.7096519493015981E-014
           2          10  -1.3472051435228849E-013
           2          11  -4.7511555372788813E-014
           2          12   2.6150582488494163E-015
           2          13  -3.5840368418614056E-013
           2          14  -1.1064351606524795E-013
           2          15   1.2524382973945865E-014
           2          16   5.1706047678350550E-013
           2          17   1.7335632469746538E-013
           2          18  -1.0018430758312177E-014
           2          19   1.7617900010984791E-015
           2          20   1.2641512613290054E-015
           2          21   3.0328265271580204E-015
           2          22 -0.56352586577409780     
           2          23   4.0074947257800429E-015
           2          24 -0.56352586577407737     
           2          25   1.8037703951273332E-015
           2          26  -7.0322149470624106E-016
           2          27 -0.56352586577406394     
           2          28 -0.18645326912218368     
           2          29   1.5702661415294254E-016
           2          30 -0.18645326912218563     
           2          31  -1.5581836616311351E-015
           2          32   1.5009690369915287E-017
           2          33 -0.18645326912218779     
           2          34  -5.4192640114181567E-002
           2          35  -2.0635027091125496E-015
           2          36  -5.4192640114176981E-002
           2          37  -5.8773180119719716E-016
           2          38   7.1404370224301405E-016
           2          39  -5.4192640114176391E-002
           2          40   1.5146387561491908E-013
           2          41   2.0176823715191160E-014
           2          42   7.1419165453506736E-014
           2          43   4.1056859285226760E-014
           2          44  -6.1270594670244481E-015
           2          45  -4.6306197091784143E-015
           2          46  -4.9654581400980708E-015
           2          47   6.8241602304698140E-014
           2          48   1.6700041926938574E-014
           2          49  -3.1015348086114057E-015
           2          50  -2.3355969825444261E-013
           2          51  -3.7492456373309465E-014
           2          52  -1.0838043774545367E-013
           2          53  -7.9507143766064476E-014
           2          54  -1.0916469760288232E-015
           2          55  -3.0768300248681917E-016
           2          56   4.8646563482082377E-015
           2          57  -1.0640504335719935E-013
           2          58  -3.5228012541711292E-014
           2          59   1.4889638259623722E-015
           3           1 -0.38566353003271658     
           3           2  0.74318062387529360     
           3           3  0.93467641922845346     
           3           4  0.55907196908700352     
           3           5   8.7484787357079513E-002
           3           6  0.12879381397012474     
           3           7   2.9088205211548689E-013
           3           8  -1.3140850990601703E-013
           3           9  -6.7047638065299758E-014
           3          10  -8.5526687126506543E-014
           3          11   6.4052261634831010E-015
           3          12   2.8773050302480592E-014
           3          13  -2.5830446165861062E-013
           3          14  -5.2897443567161443E-014
           3          15   5.4288455285594244E-014
           3          16   3.6295364070806093E-013
           3          17   1.0494048115173348E-013
           3          18  -7.1399537445662568E-014
           3          19   6.6996674661075034E-016
           3          20   3.0057470115316884E-015
           3          21   5.7150710703783028E-015
           3          22 -0.47089195559165659     
           3          23   2.8575770263003054E-015
           3          24 -0.47089195559164065     
           3          25   9.2167233447812613E-016
           3          26   1.0865673949268660E-015
           3          27 -0.47089195559163266     
           3          28 -0.20830891027741627     
           3          29   2.3821859918763704E-015
           3          30 -0.20830891027742032     
           3          31   1.9822364122901692E-015
           3          32  -2.0988480333441160E-015
           3          33 -0.20830891027742107     
           3          34  -5.3748953339658512E-002
           3          35  -3.2533892645972983E-015
           3          36  -5.3748953339653932E-002
           3          37  -2.5730072601153390E-015
           3          38  -1.4904469007439939E-016
           3          39  -5.3748953339651538E-002
           3          40   1.1062127964407783E-013
           3          41   2.2408466719537962E-015
           3          42   5.2226193797872984E-014
           3          43  -3.1154402139335279E-016
           3          44  -1.6405134634559487E-014
           3          45  -4.9607153795388626E-015
           3          46  -1.4444101862340225E-014
           3          47   5.0684395034826760E-014
           3          48  -1.6269337323890368E-015
           3          49  -2.4231472724592888E-014
           3          50  -1.6283749222651283E-013
           3          51  -2.4326098635285916E-014
           3          52  -7.6531205576580879E-014
           3          53  -5.0775440519702826E-014
           3          54   1.0574132540399740E-014
           3          55   6.7364231123140932E-016
           3          56   1.7016319943504211E-014
           3          57  -7.4199618448414762E-014
           3          58  -2.1371605508739420E-014
           3          59   2.7657450006874239E-014
           4           1 -0.32815936281904290     
           4           2  0.43358983880896751     
           4           3  0.55907196908700352     
           4           4  0.34083156726187641     
           4           5   5.0162171642188891E-002
           4           6   7.3972962668454476E-002
           4           7   3.6666214384396124E-013
           4           8  -3.2978455652361527E-013
           4           9  -9.3597747320069633E-015
           4          10  -3.9528941917394445E-013
           4          11   4.9681793409299242E-013
           4          12  -2.7784565057168240E-014
           4          13  -6.0808833167851443E-013
           4          14   6.1664854618915385E-013
           4          15  -3.2304364170084686E-014
           4          16   8.4181255085519558E-013
           4          17  -8.3050197625829870E-013
           4          18   4.6526090789522490E-014
           4          19   8.8459779242915420E-016
           4          20   1.1138826383288086E-015
           4          21   3.7107959051515025E-015
           4          22 -0.25584491540448945     
           4          23   1.6447294559857881E-015
           4          24 -0.25584491540448134     
           4          25   4.4912674914680508E-016
           4          26   1.0226935046229227E-015
           4          27 -0.25584491540447774     
           4          28 -0.12318859407370415     
           4          29   1.7476586213229926E-015
           4          30 -0.12318859407370644     
           4          31   1.6977223007076720E-015
           4          32  -1.5397675639762264E-015
           4          33 -0.12318859407370671     
           4          34  -3.0864217412162373E-002
           4          35  -1.8257136163507472E-015
           4          36  -3.0864217412160059E-002
           4          37  -1.8673439053352676E-015
           4          38  -1.5360777498742221E-016
           4          39  -3.0864217412158172E-002
           4          40   3.2689054651782387E-013
           4          41  -1.6514589747504788E-013
           4          42   1.4754562525069208E-013
           4          43  -3.7266223305270441E-013
           4          44   6.2530301235830573E-015
           4          45  -2.8457698730862756E-015
           4          46   7.0832037616949202E-015
           4          47   1.4729905122486566E-013
           4          48  -1.6729693608208667E-013
           4          49   2.1195531885431273E-014
           4          50  -3.8107728733287880E-013
           4          51   1.6700256826038305E-013
           4          52  -1.7250717659930386E-013
           4          53   3.7470861251863280E-013
           4          54  -1.1919098582206562E-014
           4          55   6.4787495765748485E-016
           4          56  -8.2627187031371520E-015
           4          57  -1.7108338942825179E-013
           4          58   1.6837859987870978E-013
           4          59  -2.3797621351200186E-014
           5           1  -4.7805027775677446E-002
           5           2   8.8600433138280449E-002
           5           3   8.7484787357079513E-002
           5           4   5.0162171642188891E-002
           5           5   1.2589867374470954E-002
           5           6   1.8383712273499414E-002
           5           7  -8.7922460478605904E-014
           5           8   8.2069115183110500E-015
           5           9  -6.6886943824309272E-015
           5          10   5.1333388823518294E-014
           5          11   1.0552482812978885E-013
           5          12  -3.5021762919213875E-014
           5          13   6.9445518147211677E-014
           5          14   1.0656550320252208E-013
           5          15  -3.7420155535686824E-014
           5          16  -9.2173279847472333E-014
           5          17  -1.4357119575910548E-013
           5          18   5.2525517110047804E-014
           5          19   1.4578371157066584E-016
           5          20  -7.5263453650135715E-017
           5          21   2.1150846063449551E-016
           5          22  -8.7490950543175183E-002
           5          23   6.7793982467445442E-016
           5          24  -8.7490950543171922E-002
           5          25   3.3521380597286102E-016
           5          26  -2.4697537613565305E-016
           5          27  -8.7490950543169563E-002
           5          28  -2.4378194600199653E-002
           5          29  -1.6984125367167547E-016
           5          30  -2.4378194600199722E-002
           5          31  -5.2814788471891150E-016
           5          32   1.8631554550700229E-016
           5          33  -2.4378194600200159E-002
           5          34  -7.6803485516441505E-003
           5          35  -1.7094824982990967E-016
           5          36  -7.6803485516435269E-003
           5          37   8.4878766685064627E-017
           5          38   1.8063058794835561E-016
           5          39  -7.6803485516435876E-003
           5          40  -4.2623426289578975E-014
           5          41  -3.0809394397679687E-014
           5          42  -1.8467571500215316E-014
           5          43  -6.9363031690725041E-014
           5          44   9.9277557685729776E-015
           5          45  -6.1992440877862778E-016
           5          46   9.9922211453722764E-015
           5          47  -1.9031303053821674E-014
           5          48  -3.1256040911461947E-014
           5          49   2.3515217196249474E-014
           5          50   4.1990933500788311E-014
           5          51   2.8851675640680099E-014
           5          52   1.8206611672537941E-014
           5          53   6.5138025374143307E-014
           5          54  -1.1024294050537429E-014
           5          55  -1.2147008281228567E-016
           5          56  -1.0235662597261620E-014
           5          57   1.8455941851442856E-014
           5          58   2.9080572730598149E-014
           5          59  -2.4066930342841129E-014
           6           1  -7.0952687823626875E-002
           6           2  0.12976863663463525     
           6           3  0.12879381397012474     
           6           4   7.3972962668454476E-002
           6           5   1.8383712273499414E-002
           6           6   2.6847723350679191E-002
           6           7   6.5793243281842350E-013
           6           8  -2.8227497899531564E-013
           6           9   3.0093231495618335E-014
           6          10  -8.3292825270143927E-013
           6          11   3.3382858836945457E-015
           6          12   7.8718515583871474E-014
           6          13  -1.2131518182719179E-012
           6          14   1.0084109672645472E-013
           6          15   7.4705028401317148E-014
           6          16   1.6811326213082766E-012
           6          17  -1.4107948938821660E-013
           6          18  -9.9423266403239542E-014
           6          19   1.9282591322227722E-015
           6          20  -3.2705742946373754E-016
           6          21   2.6117473089473600E-016
           6          22 -0.12727228717735417     
           6          23   9.8528001952110316E-016
           6          24 -0.12727228717734942     
           6          25   4.8515409254683690E-016
           6          26  -3.4973680533526990E-016
           6          27 -0.12727228717734604     
           6          28  -3.5731260669467121E-002
           6          29  -2.3534613970304236E-016
           6          30  -3.5731260669467232E-002
           6          31  -7.5154204125449928E-016
           6          32   2.6026026315042712E-016
           6          33  -3.5731260669467857E-002
           6          34  -1.1216232157533909E-002
           6          35  -2.5448783656346395E-016
           6          36  -1.1216232157533002E-002
           6          37   1.1220149734997321E-016
           6          38   2.5954645749778487E-016
           6          39  -1.1216232157533080E-002
           6          40   6.6765486598398585E-013
           6          41  -1.7189637296982480E-014
           6          42   2.9944638340704892E-013
           6          43  -3.9133494700904412E-014
           6          44  -2.2721011783318032E-014
           6          45  -9.0688423522747345E-016
           6          46  -2.2625819711605465E-014
           6          47   2.9863528305554548E-013
           6          48  -1.7843139947425348E-014
           6          49  -4.8874893325053551E-014
           6          50  -7.6298415919879369E-013
           6          51   2.8438394287472017E-014
           6          52  -3.4205148912756029E-013
           6          53   6.4491594679331331E-014
           6          54   1.9571222929781177E-014
           6          55  -1.7104265953899637E-016
           6          56   2.0724870816520141E-014
           6          57  -3.4168507459602811E-013
           6          58   2.8773085852383791E-014
           6          59   4.4620661505540947E-014
           7           1  -1.4200937396337690E-013
           7           2   2.4904061329533327E-013
           7           3   2.9088205211548689E-013
           7           4   3.6666214384396124E-013
           7           5  -8.7922460478605904E-014
           7           6   6.5793243281842350E-013
           7           7   2.8689740501686312     
           7           8   2.7658431100974168E-014
           7           9  -6.7584826624055892E-015
           7          10  -2.0116847404839424     
           7          11   2.7866597918091634E-014
           7          12  -1.7628259962876572E-014
           7          13  -3.3475581426356036     
           7          14  -5.3701487701118802E-013
           7          15   1.4237222512036818E-013
           7          16   4.6429122418926987     
           7          17   9.2592600253738015E-013
           7          18  -2.1796453530953333E-013
           7          19   5.1693673331787635E-003
           7          20   1.0200553509503981E-014
           7          21   1.9999532086846363E-015
           7          22  -1.2907549601541058E-013
           7          23   1.6510972920434252E-013
           7          24  -8.1837911118634178E-014
           7          25  -2.0599153665846630E-014
           7          26   7.1651815591391638E-014
           7          27  -2.4105331778775076E-013
           7          28  -1.6815500872578980E-013
           7          29   1.5036923900624222E-014
           7          30  -1.7813338124652308E-013
           7          31  -1.9257522940920158E-014
           7          32  -1.7337332009737862E-015
           7          33  -1.7058396717477244E-013
           7          34  -2.3388722660683276E-013
           7          35   5.9696988849213294E-015
           7          36  -2.2704520864816087E-013
           7          37   5.8062315702476536E-015
           7          38  -3.4739935280180063E-015
           7          39  -2.3728901988736524E-013
           7          40   1.7741227450478143     
           7          41   6.5530914028499802E-014
           7          42  0.79341181167108843     
           7          43   8.4959816959439965E-014
           7          44  -9.0032148403195562E-015
           7          45  -1.1824665909074573E-014
           7          46  -1.9890339375550001E-014
           7          47  0.79341181167109531     
           7          48   3.9718228705964900E-014
           7          49  -4.0613346019568818E-014
           7          50  -2.1091567454047908     
           7          51  -1.8539336732459328E-013
           7          52 -0.94324357158548311     
           7          53  -4.5027870321234766E-013
           7          54   4.2405315370252936E-014
           7          55   4.8927851719606062E-015
           7          56   4.3935341476064505E-014
           7          57 -0.94324357158547523     
           7          58  -1.9446944055090391E-013
           7          59   1.0697345786958555E-013
           8           1   6.5897940172453798E-014
           8           2  -5.3302491345746000E-014
           8           3  -1.3140850990601703E-013
           8           4  -3.2978455652361527E-013
           8           5   8.2069115183110500E-015
           8           6  -2.8227497899531564E-013
           8           7   2.7658431100974168E-014
           8           8   2.8689740501686583     
           8           9  -1.8226305881219368E-014
           8          10   6.5336624999190513E-014
           8          11  -2.0116847404839850     
           8          12  -9.4889374135928745E-015
           8          13  -1.1856071679972035E-012
           8          14  -3.3475581426363021     
           8          15   3.3250832642828273E-013
           8          16   2.0596857552845884E-012
           8          17   4.6429122418938853     
           8          18  -5.7417265386661193E-013
           8          19   3.8433286501243761E-014
           8          20   5.1693673331934982E-003
           8          21   5.5863720225223115E-015
           8          22  -3.1209953486763355E-014
           8          23  -2.4560865678612641E-013
           8          24  -1.0176483349882974E-013
           8          25   2.3920838994712027E-013
           8          26  -1.0538676270001446E-013
           8          27   3.7610574166819134E-013
           8          28   1.3218387930205803E-013
           8          29  -2.6378028343301606E-014
           8          30   1.3414607682284989E-013
           8          31   2.3681093048020953E-014
           8          32  -9.1281764525662369E-015
           8          33   1.3611174641889694E-013
           8          34   1.0301349966503129E-013
           8          35   7.0089237301960450E-015
           8          36   1.0074938305164021E-013
           8          37   8.2947029567645603E-015
           8          38   1.1252803901847756E-015
           8          39   1.1544900758537668E-013
           8          40   2.2667978605284103E-013
           8          41  0.79341181167116681     
           8          42   9.6145313932538405E-014
           8          43   1.7741227450480004     
           8          44  -3.6045819107322150E-014
           8          45   1.7403896966030847E-014
           8          46  -1.3190837311327712E-014
           8          47   1.0856593402053237E-013
           8          48  0.79341181167118369     
           8          49  -5.6290042071971603E-014
           8          50  -9.9414920740059562E-013
           8          51 -0.94324357158572902     
           8          52  -4.4107772989576648E-013
           8          53  -2.1091567454053539     
           8          54   1.1095204616173871E-013
           8          55  -2.8024958414496199E-015
           8          56   1.3635793882915702E-013
           8          57  -4.5366488343745419E-013
           8          58 -0.94324357158572958     
           8          59   2.6357561966339230E-013
           9           1   3.1803685046626362E-014
           9           2  -3.7096519493015981E-014
           9           3  -6.7047638065299758E-014
           9           4  -9.3597747320069633E-015
           9           5  -6.6886943824309272E-015
           9           6   3.0093231495618335E-014
           9           7  -6.7584826624055892E-015
           9           8  -1.8226305881219368E-014
           9           9   2.8689740501685872     
           9          10   3.3029134982597914E-015
           9          11   8.4134088584877605E-015
           9          12  -2.0116847404840335     
           9          13   1.4167833572997632E-013
           9          14   3.2291877505308294E-013
           9          15  -3.3475581426340542     
           9          16  -2.3003127180842621E-013
           9          17  -5.1426571334722877E-013
           9          18   4.6429122418900564     
           9          19  -3.6299292022721816E-015
           9          20  -7.2056618484473041E-015
           9          21   5.1693673331571124E-003
           9          22   2.3143521695086763E-014
           9          23   3.3942357021804945E-014
           9          24   3.2497042716095261E-014
           9          25  -2.5413449667168319E-014
           9          26   1.8453619637449235E-014
           9          27  -2.7727991782485351E-014
           9          28  -3.8115036099988891E-015
           9          29   2.2985134816299986E-015
           9          30   1.1049367963127497E-015
           9          31  -1.3654738615350338E-016
           9          32   1.8034070912402349E-015
           9          33  -3.8179839548771876E-015
           9          34  -7.9280446006209338E-015
           9          35  -3.8218551340774171E-015
           9          36  -1.0565613354619382E-014
           9          37  -2.2758545728106290E-015
           9          38   2.4133208342017140E-015
           9          39  -1.0316996890314920E-014
           9          40  -2.8702734633511909E-014
           9          41  -4.3678602401620102E-014
           9          42  -2.1052604104454348E-014
           9          43  -7.4563619167911276E-014
           9          44  0.79341181167095987     
           9          45  -1.6406156555544322E-015
           9          46  0.79341181167096275     
           9          47  -2.0218202112509542E-014
           9          48  -3.2527799898041198E-014
           9          49   1.7741227450475487     
           9          50   1.0710529685375896E-013
           9          51   1.0146571083335950E-013
           9          52   4.7444687067965169E-014
           9          53   2.4814872379153050E-013
           9          54 -0.94324357158491567     
           9          55   3.2144252546783133E-015
           9          56 -0.94324357158491523     
           9          57   5.1760679076195478E-014
           9          58   1.0313364745551120E-013
           9          59  -2.1091567454035629     
          10           1   5.7325082121239688E-014
          10           2  -1.3472051435228849E-013
          10           3  -8.5526687126506543E-014
          10           4  -3.9528941917394445E-013
          10           5   5.1333388823518294E-014
          10           6  -8.3292825270143927E-013
          10           7  -2.0116847404839424     
          10           8   6.5336624999190513E-014
          10           9   3.3029134982597914E-015
          10          10   4.1131410865850322     
          10          11  -1.3231082895970323E-013
          10          12   2.4008572907521527E-015
          10          13   5.3592651952552650     
          10          14   9.2803542628416815E-013
          10          15   1.4155343563971068E-014
          10          16  -7.3766999169371203     
          10          17  -1.6575074646141271E-012
          10          18  -5.6621374255883501E-014
          10          19  -5.9253206619376735E-003
          10          20  -3.4268378065749326E-014
          10          21  -1.9314519601742869E-015
          10          22   5.3513973573083026E-014
          10          23  -7.9748224839141042E-013
          10          24  -1.5945149489591005E-013
          10          25   9.8866325512270240E-014
          10          26  -3.7276052764859877E-013
          10          27   5.3027817663777893E-013
          10          28   2.5337237780525089E-013
          10          29  -5.0504358087146642E-014
          10          30   2.2612938335498782E-013
          10          31   1.3561777701016204E-014
          10          32   7.9100047409238542E-015
          10          33   2.3264432771828915E-013
          10          34   3.0760660343124105E-013
          10          35  -6.8914942969947242E-015
          10          36   2.8786751638362857E-013
          10          37   3.3348846075129494E-015
          10          38  -2.0123924145732234E-015
          10          39   3.0057692753952158E-013
          10          40  -3.0913760395735754     
          10          41  -8.1885886960009139E-014
          10          42  -1.3825053937001102     
          10          43  -9.6284091810616562E-014
          10          44  -3.3029134982599109E-015
          10          45   2.8448537827173557E-014
          10          46  -1.5265566588602687E-016
          10          47  -1.3825053937000897     
          10          48  -5.6392390757053976E-014
          10          49   5.2804982608732162E-015
          10          50   3.3469883619306966     
          10          51   3.3842373348136329E-013
          10          52   1.4968186994355706     
          10          53   8.0449535921900386E-013
          10          54   2.1392609905746092E-014
          10          55  -1.8065088141038377E-014
          10          56   3.3695268797373589E-014
          10          57   1.4968186994355748     
          10          58   3.5682568011452526E-013
          10          59   2.1135870831301645E-014
          11           1  -2.3054523692110861E-014
          11           2  -4.7511555372788813E-014
          11           3   6.4052261634831010E-015
          11           4   4.9681793409299242E-013
          11           5   1.0552482812978885E-013
          11           6   3.3382858836945457E-015
          11           7   2.7866597918091634E-014
          11           8  -2.0116847404839850     
          11           9   8.4134088584877605E-015
          11          10  -1.3231082895970323E-013
          11          11   4.1131410865850464     
          11          12   9.7755137318243784E-014
          11          13   1.0181855358837252E-012
          11          14   5.3592651952572394     
          11          15  -9.1382457156896796E-013
          11          16  -1.8410273305846565E-012
          11          17  -7.3766999169404848     
          11          18   1.6786017020820081E-012
          11          19  -2.8190232266578267E-014
          11          20  -5.9253206619636796E-003
          11          21  -5.8359485863649549E-015
          11          22   5.1695949449995500E-013
          11          23   1.1693769660763191E-012
          11          24   8.1312590402249354E-013
          11          25  -1.0723071323934821E-012
          11          26   5.2289895125596584E-013
          11          27  -1.3680925988319614E-012
          11          28  -1.7265656455558901E-013
          11          29   1.2344763012679825E-013
          11          30  -1.4888095674714955E-013
          11          31  -7.0757934614500973E-014
          11          32   6.6408537915528562E-014
          11          33  -2.0658597131150194E-013
          11          34  -3.1684778761587997E-014
          11          35  -3.8403409108808358E-014
          11          36  -1.8739249785160353E-014
          11          37  -3.8260481823448210E-014
          11          38   2.2425064349650486E-014
          11          39  -6.0221011150942472E-014
          11          40  -1.2351231148954730E-013
          11          41  -1.3825053937003637     
          11          42  -1.0517975379542502E-013
          11          43  -3.0913760395740537     
          11          44   9.8268615467134522E-014
          11          45  -8.0339409239644811E-014
          11          46  -5.1660065114585923E-015
          11          47  -1.1303458169464817E-013
          11          48  -1.3825053937003322     
          11          49   9.2328922285390502E-014
          11          50   8.9650509238480967E-013
          11          51   1.4968186994362780     
          11          52   3.8798131374306675E-013
          11          53   3.3469883619323073     
          11          54  -3.5225641847880296E-013
          11          55   3.4138529561853104E-014
          11          56  -4.0801043099669744E-013
          11          57   4.3393066917474046E-013
          11          58   1.4968186994362565     
          11          59  -7.9238698935668706E-013
          12           1  -2.6184030898825644E-014
          12           2   2.6150582488494163E-015
          12           3   2.8773050302480592E-014
          12           4  -2.7784565057168240E-014
          12           5  -3.5021762919213875E-014
          12           6   7.8718515583871474E-014
          12           7  -1.7628259962876572E-014
          12           8  -9.4889374135928745E-015
          12           9  -2.0116847404840335     
          12          10   2.4008572907521527E-015
          12          11   9.7755137318243784E-014
          12          12   4.1131410865853493     
          12          13  -6.0645932720074865E-015
          12          14   7.2650219173907267E-014
          12          15   5.3592651952535508     
          12          16  -3.7747582837374409E-015
          12          17  -1.2015388684005547E-013
          12          18  -7.3766999169341565     
          12          19  -1.0665567821284111E-015
          12          20  -4.6686152123039627E-015
          12          21  -5.9253206619223411E-003
          12          22  -4.9239570555588616E-014
          12          23  -1.4400694075137457E-013
          12          24  -8.4507387283726795E-014
          12          25   1.3076209469250161E-013
          12          26  -8.6318783548328585E-014
          12          27   2.0956694745661474E-013
          12          28   1.0817834584459095E-014
          12          29  -1.5410253745969480E-014
          12          30   6.2357315941952544E-015
          12          31   7.7585576303315449E-015
          12          32  -8.5147660179401738E-015
          12          33   1.7830760326802543E-014
          12          34  -2.4262804997822598E-014
          12          35   6.4614219720958003E-015
          12          36  -2.3885975190911769E-014
          12          37   5.1385967557076478E-015
          12          38  -3.9202372310055812E-015
          12          39  -2.0714959444496966E-014
          12          40  -6.6127658904253265E-015
          12          41  -8.2364670639375093E-015
          12          42   1.7506829319556997E-014
          12          43  -5.1049442451044621E-014
          12          44  -1.3825053937000160     
          12          45   1.1760748325799793E-014
          12          46  -1.3825053937000087     
          12          47   7.1123662515041707E-015
          12          48  -2.4358987049665883E-014
          12          49  -3.0913760395733507     
          12          50   3.0531133177246015E-015
          12          51   3.3237301799715220E-014
          12          52   7.3829831137598390E-015
          12          53   5.5615234639815363E-014
          12          54   1.4968186994349375     
          12          55  -8.4012588461972327E-015
          12          56   1.4968186994349384     
          12          57  -5.4053983511412129E-015
          12          58   3.1603192285345043E-014
          12          59   3.3469883619293457     
          13           1   2.6380164216054270E-013
          13           2  -3.5840368418614056E-013
          13           3  -2.5830446165861062E-013
          13           4  -6.0808833167851443E-013
          13           5   6.9445518147211677E-014
          13           6  -1.2131518182719179E-012
          13           7  -3.3475581426356036     
          13           8  -1.1856071679972035E-012
          13           9   1.4167833572997632E-013
          13          10   5.3592651952552650     
          13          11   1.0181855358837252E-012
          13          12  -6.0645932720074865E-015
          13          13   7.2628364079979404     
          13          14   3.0333513478808462E-012
          13          15  -1.0844103393025267E-013
          13          16  -10.010414584739802     
          13          17  -4.6836978739861382E-012
          13          18   1.1934897514718921E-013
          13          19  -8.5957287684776656E-003
          13          20  -4.4627929823847923E-014
          13          21  -2.7466635736657109E-015
          13          22   2.9813321497644693E-013
          13          23  -9.5241343223412151E-013
          13          24   4.2581696199848814E-014
          13          25   1.1812371288851036E-013
          13          26  -4.4305005435349321E-013
          13          27   8.7263419233472465E-013
          13          28   3.7800506425626438E-013
          13          29  -6.2081215167783130E-014
          13          30   3.5148804181738240E-013
          13          31   2.2535328598412133E-014
          13          32   9.4837387715961717E-015
          13          33   3.5583976996573704E-013
          13          34   4.4605677850932296E-013
          13          35  -9.9809279514606192E-015
          13          36   4.2142114297783895E-013
          13          37   1.4792997229529370E-015
          13          38  -9.0410912921058627E-016
          13          39   4.3953311582249016E-013
          13          40  -4.1289707709365455     
          13          41  -5.5379312247083418E-013
          13          42  -1.8465318641847561     
          13          43  -1.1178558079194505E-012
          13          44   1.3024303857631798E-014
          13          45   3.6262308553158641E-014
          13          46   2.0643209364121994E-014
          13          47  -1.8465318641847361     
          13          48  -5.1547655033345816E-013
          13          49   5.0931481254673623E-014
          13          50   4.5429531666532874     
          13          51   9.5201624361606992E-013
          13          52   2.0316704198469755     
          13          53   2.1957990981036298E-012
          13          54  -1.2496947920933706E-014
          13          55  -2.2018844860361788E-014
          13          56   6.5919492087377416E-016
          13          57   2.0316704198469768     
          13          58   9.7621910555289813E-013
          13          59  -6.2422289559542674E-014
          14           1  -7.5331639930546288E-014
          14           2  -1.1064351606524795E-013
          14           3  -5.2897443567161443E-014
          14           4   6.1664854618915385E-013
          14           5   1.0656550320252208E-013
          14           6   1.0084109672645472E-013
          14           7  -5.3701487701118802E-013
          14           8  -3.3475581426363021     
          14           9   3.2291877505308294E-013
          14          10   9.2803542628416815E-013
          14          11   5.3592651952572394     
          14          12   7.2650219173907267E-014
          14          13   3.0333513478808462E-012
          14          14   7.2628364080028200     
          14          15  -1.3092860129404489E-012
          14          16  -4.8295811794218830E-012
          14          17  -10.010414584747322     
