           1           1   2.1533646879526405     
           1           2 -0.13397083798586623     
           1           3 -0.52883715463091319     
           1           4   9.1042972980530185E-002
           1           5   8.4917316679686300E-002
           1           6   7.4553099494514517E-003
           1           7   2.4415104862624432E-011
           1           8   4.8520577531143458E-011
           1           9   6.1612430099022452E-012
           1          10  -5.4626686183195583E-011
           1          11   1.5765986366537476E-010
           1          12  -1.0539484426270571E-011
           1          13   8.5837307589571005E-013
           1          14   1.6726797520799155E-010
           1          15   4.1283787951385213E-012
           1          16   8.2092825374128744E-013
           1          17   9.2611745252652182E-011
           1          18   1.2202975384771695E-012
           1          19   1.2129281520277877E-011
           1          20  -1.4105696174456222E-011
           1          21   1.6321329484854451E-012
           1          22  -2.0511370797866788E-003
           1          23   2.4844824966488113E-006
           1          24  -2.0640561817417869E-003
           1          25  -1.4179463842806220E-004
           1          26  -2.2994213706813148E-005
           1          27  -9.2789254800906774E-004
           1          28   2.4929268019700567E-003
           1          29   1.7596925095186248E-006
           1          30   2.4837765183365603E-003
           1          31  -1.0043028354844567E-004
           1          32  -1.6286266831192192E-005
           1          33   3.2885004108082119E-003
           1          34  -2.0765164396661191E-003
           1          35   3.8013095966259790E-006
           1          36  -2.0962829357309963E-003
           1          37  -2.1694860804797995E-004
           1          38  -3.5181846389268270E-005
           1          39  -3.5792422218464972E-004
           1          40  -9.0693763682047567E-012
           1          41  -1.7225853772848817E-011
           1          42   2.3103132419637405E-011
           1          43  -2.4806320231221300E-012
           1          44   2.2716327927501632E-011
           1          45  -1.3056484997348668E-011
           1          46  -9.9314462328657722E-012
           1          47  -1.9118664125387800E-011
           1          48   1.9790695306782588E-011
           1          49  -1.2977773686866426E-011
           1          50  -1.3492099538742334E-011
           1          51  -2.2098765921302523E-011
           1          52   2.5331014345091520E-011
           1          53  -1.1615710681007799E-011
           1          54   1.9230730935207718E-011
           1          55  -1.1908441999256339E-012
           1          56  -1.8390078992818458E-011
           1          57  -1.8851348528225782E-011
           1          58   1.6800197588413972E-011
           1          59  -3.0136609003241050E-012
           2           1 -0.13397083798586623     
           2           2   6.6050146841352103E-002
           2           3  0.31549431696944519     
           2           4   4.7432489062847333E-003
           2           5  -5.1327567936282903E-003
           2           6  -6.5631136094446824E-004
           2           7  -9.3850444780858449E-011
           2           8   6.6122231424517669E-010
           2           9   3.2832571728987038E-012
           2          10   1.9376846854494398E-011
           2          11   3.4702092205970260E-011
           2          12   1.6446019174350692E-012
           2          13   2.6419675223572105E-011
           2          14   1.5672329580967152E-011
           2          15   4.1928333874547764E-013
           2          16   1.5775384967971652E-011
           2          17   4.5091425539914387E-011
           2          18   5.0817490147515029E-012
           2          19  -6.5932755974865530E-013
           2          20   8.9514861768106423E-013
           2          21  -6.5092980501612880E-014
           2          22  -1.8478664328063226E-003
           2          23  -1.3515456133435018E-006
           2          24  -1.8408385084935507E-003
           2          25   7.7135440095504784E-005
           2          26   1.2508718458173593E-005
           2          27  -2.4589043115127614E-003
           2          28  -1.4653217365817265E-003
           2          29   1.9972340005231227E-007
           2          30  -1.4663602706561389E-003
           2          31  -1.1398499572159975E-005
           2          32  -1.8484611351329862E-006
           2          33  -1.3750271152377924E-003
           2          34   2.0427884893547930E-004
           2          35  -2.2397195339645923E-007
           2          36   2.0544348405640781E-004
           2          37   1.2782537278782666E-005
           2          38   2.0729009562366709E-006
           2          39   1.0302008040075996E-004
           2          40   1.3012897615961762E-012
           2          41   3.7984170851194746E-012
           2          42   6.8730700584714125E-013
           2          43   8.9239420642532776E-012
           2          44   1.1047338600174107E-012
           2          45   6.9259300439025756E-014
           2          46   7.0554701859453614E-013
           2          47  -5.9920008813112342E-013
           2          48   2.3709371507873919E-012
           2          49   1.6522607961839171E-012
           2          50  -1.4087947607405438E-012
           2          51  -5.2528364567904052E-012
           2          52  -2.1587680577837290E-012
           2          53  -1.3526116712758742E-011
           2          54  -1.5224300192105476E-012
           2          55   2.1692150579205828E-013
           2          56   1.5917713240466184E-013
           2          57  -8.5162212867671440E-013
           2          58  -8.0411431841544890E-012
           2          59  -1.7475820531577249E-012
           3           1 -0.52883715463091319     
           3           2  0.31549431696944519     
           3           3   2.1008397767834657     
           3           4 -0.66248826818971851     
           3           5 -0.57964830048719418     
           3           6  -4.4178620180364836E-002
           3           7   2.6368232326848576E-012
           3           8  -1.3373060585716174E-010
           3           9  -2.7096230705178849E-011
           3          10   2.6220567429129268E-011
           3          11  -1.3069802890750202E-009
           3          12   3.9020293292422608E-011
           3          13  -4.9685002347538743E-010
           3          14  -1.3406381199216486E-009
           3          15  -7.4684290097221461E-011
           3          16  -3.4937481236597336E-010
           3          17  -1.1199577906104281E-009
           3          18  -6.0765232030645156E-011
           3          19  -8.3425092547002933E-011
           3          20   9.5419165031808721E-011
           3          21  -1.1385168286486370E-011
           3          22  -8.1218252154397971E-003
           3          23  -9.7885022997257441E-006
           3          24  -8.0709256019330985E-003
           3          25   5.5865280504498465E-004
           3          26   9.0593899250402662E-005
           3          27  -1.2547264224674847E-002
           3          28  -1.6624050392336845E-002
           3          29  -1.4582252626131836E-005
           3          30  -1.6548223824667748E-002
           3          31   8.3224519157584125E-004
           3          32   1.3496127287465176E-004
           3          33  -2.3216805528699404E-002
           3          34   1.1605757993653668E-002
           3          35  -2.6228874873824099E-005
           3          36   1.1742145991638631E-002
           3          37   1.4969363311440735E-003
           3          38   2.4275325848025715E-004
           3          39  -2.5245680672675297E-004
           3          40   3.8125899726163125E-011
           3          41   8.6673697192844640E-011
           3          42  -1.8192396243034894E-010
           3          43  -7.1402512092624760E-011
           3          44  -1.7501436450669663E-010
           3          45   9.4242288521266143E-011
           3          46   6.8162579416097306E-011
           3          47   1.4686912534403448E-010
           3          48  -1.7374585298566211E-010
           3          49   8.8171541152052517E-011
           3          50   1.4968693669084482E-010
           3          51   2.1700866971440349E-010
           3          52  -1.5006676388108808E-010
           3          53   2.2326458948560630E-010
           3          54  -1.3046869017602892E-010
           3          55   6.5183864507322790E-012
           3          56   1.3244530390118880E-010
           3          57   1.6930585050373162E-010
           3          58  -4.3349004326235075E-011
           3          59   3.6368312047330461E-011
           4           1   9.1042972980530185E-002
           4           2   4.7432489062847333E-003
           4           3 -0.66248826818971851     
           4           4  0.81906327915724586     
           4           5  0.66179304433151920     
           4           6   4.9118080626778499E-002
           4           7   1.1247930330686470E-010
           4           8  -6.7333552028407654E-010
           4           9   5.1560427084979846E-011
           4          10   2.7774946827445509E-010
           4          11   1.1971900297955396E-009
           4          12  -4.5271154141935168E-011
           4          13   9.8752814151096594E-010
           4          14   1.1069018692531831E-009
           4          15   8.0548597371923545E-011
           4          16   7.1252494162033352E-010
           4          17   1.0916737481463575E-009
           4          18   8.2713441530428424E-011
           4          19   9.6834039185287942E-011
           4          20  -1.0950883184227553E-010
           4          21   1.1768700980533424E-011
           4          22  -1.6419095055243567E-003
           4          23   3.5087300603099803E-006
           4          24  -1.6601548763287223E-003
           4          25  -2.0025412525018931E-004
           4          26  -3.2473841894223822E-005
           4          27  -5.5569923160287901E-005
           4          28   1.1504510430109185E-002
           4          29   1.6793368394651481E-005
           4          30   1.1417186268687122E-002
           4          31  -9.5843847470969325E-004
           4          32  -1.5542538855084086E-004
           4          33   1.9096922001025633E-002
           4          34  -1.2675369532683067E-002
           4          35   2.9399230780580478E-005
           4          36  -1.2828243143197839E-002
           4          37  -1.6778751478230191E-003
           4          38  -2.7209551713590325E-004
           4          39   6.1618093490328416E-004
           4          40  -1.9299963798798086E-011
           4          41  -1.0885649275472803E-010
           4          42   2.3524748845235208E-010
           4          43   8.2649551172624916E-011
           4          44   2.2362965057337495E-010
           4          45  -1.1794430843664707E-010
           4          46  -7.8891373640236394E-011
           4          47  -1.8252911187810190E-010
           4          48   2.2820353349859947E-010
           4          49  -9.9300522484553898E-011
           4          50  -2.2900266557471017E-010
           4          51  -2.4596406806192041E-010
           4          52   1.5180664055216171E-010
           4          53  -2.4325096207329548E-010
           4          54   1.5266553302212178E-010
           4          55  -8.9769696594901831E-012
           4          56  -1.5819918709240922E-010
           4          57  -2.3334108504353091E-010
           4          58   6.9473588879046941E-011
           4          59  -5.4367503215572019E-011
           5           1   8.4917316679686300E-002
           5           2  -5.1327567936282903E-003
           5           3 -0.57964830048719418     
           5           4  0.66179304433151920     
           5           5  0.53730444501814190     
           5           6   3.9386681946041634E-002
           5           7   1.0637883658468641E-010
           5           8  -9.8651004148334344E-009
           5           9  -1.5401761974361002E-010
           5          10  -1.0472752147083032E-009
           5          11   1.0500519848081000E-008
           5          12   3.4880755276952363E-011
           5          13  -8.9681370632059301E-010
           5          14   1.3778217043424432E-008
           5          15   1.6597784264587716E-010
           5          16  -8.4843813769860218E-010
           5          17   1.1780021193164747E-008
           5          18   1.8599849687701694E-010
           5          19   7.4140809017693352E-011
           5          20  -8.2286385711303952E-011
           5          21   1.3496703854840153E-011
           5          22  -1.1750381427831449E-003
           5          23   4.1504775407341401E-006
           5          24  -1.1966204783551812E-003
           5          25  -2.3687930726188928E-004
           5          26  -3.8413379907308208E-005
           5          27   7.0143436483961676E-004
           5          28   8.1887591275619110E-003
           5          29   2.0501974626194643E-005
           5          30   8.0821506329675115E-003
           5          31  -1.1700953630093313E-003
           5          32  -1.8974946361635203E-004
           5          33   1.7457846181561570E-002
           5          34  -1.0372064452410189E-002
           5          35   2.6170257527696625E-005
           5          36  -1.0508147592783141E-002
           5          37  -1.4935910015981707E-003
           5          38  -2.4221077279468702E-004
           5          39   1.4596501526977050E-003
           5          40  -1.4495748038516412E-010
           5          41   3.8145999277930954E-010
           5          42   1.0784677648923959E-010
           5          43   1.0994543402896531E-009
           5          44   1.4598618606718861E-010
           5          45  -2.1273825619465492E-011
           5          46  -3.8748424288473284E-011
           5          47  -1.2791178007781075E-010
           5          48   1.0888464342028821E-010
           5          49  -6.9856100620086514E-011
           5          50   1.0193918196183370E-010
           5          51  -1.1519708475544909E-009
           5          52   2.3424617730141386E-010
           5          53  -2.3369080666465827E-009
           5          54   9.2380388148207074E-011
           5          55   3.9804000572086839E-011
           5          56  -1.1740893608891327E-010
           5          57  -8.7229882847360745E-012
           5          58  -1.2785572154975629E-009
           5          59  -5.9376421860849980E-011
           6           1   7.4553099494514517E-003
           6           2  -6.5631136094446824E-004
           6           3  -4.4178620180364836E-002
           6           4   4.9118080626778499E-002
           6           5   3.9386681946041634E-002
           6           6   3.0954414875609838E-003
           6           7  -1.7864174405336168E-009
           6           8   2.0755617991869961E-008
           6           9   1.4930499214360099E-010
           6          10   3.9132280382459355E-009
           6          11  -1.8084270601307513E-008
           6          12   1.3437919030201635E-010
           6          13   5.2529032684882044E-009
           6          14  -2.4540941599785253E-008
           6          15   1.8090409375963896E-010
           6          16   4.4502216047824205E-009
           6          17  -2.0795095373899003E-008
           6          18   1.5261477646285234E-010
           6          19   7.9041851563452836E-012
           6          20  -1.3428609023472616E-011
           6          21   1.9221573022784949E-012
           6          22  -3.4368287769949207E-005
           6          23  -1.2971847319030363E-007
           6          24  -3.3693784551190362E-005
           6          25   7.4030901748889827E-006
           6          26   1.2005883018983147E-006
           6          27  -9.3013435112814077E-005
           6          28   1.1341102553019161E-003
           6          29  -1.2132825020787564E-006
           6          30   1.1404191874953104E-003
           6          31   6.9244241212188993E-005
           6          32   1.1229228836509431E-005
           6          33   5.8558045313249489E-004
           6          34  -7.3425326537101317E-004
           6          35   1.0141560646348485E-006
           6          36  -7.3952681734933254E-004
           6          37  -5.7879972366383029E-005
           6          38  -9.3862015837239577E-006
           6          39  -2.7574796165109915E-004
           6          40   4.1164000358784259E-010
           6          41  -8.8141898795604518E-010
           6          42   2.1188914588913383E-010
           6          43  -1.9653387947312696E-009
           6          44   7.0318027297896484E-011
           6          45  -1.3046263438292656E-010
           6          46  -3.7253758921271159E-011
           6          47  -3.8918788448891000E-011
           6          48   1.3421672896436252E-010
           6          49  -6.6604650756503697E-012
           6          50  -8.8594858157228269E-010
           6          51   1.8221411397249662E-009
           6          52  -3.7168972222437245E-010
           6          53   4.0820674224512069E-009
           6          54   3.1741245440288103E-011
           6          55  -8.6188508443001495E-011
           6          56  -4.9810151473848957E-011
           6          57  -5.5234514577645784E-010
           6          58   2.5444566279337105E-009
           6          59  -3.9352359329407744E-011
           7           1   2.4415104862624432E-011
           7           2  -9.3850444780858449E-011
           7           3   2.6368232326848576E-012
           7           4   1.1247930330686470E-010
           7           5   1.0637883658468641E-010
           7           6  -1.7864174405336168E-009
           7           7   2.0237900312023367     
           7           8   1.2248329138149806E-004
           7           9  -6.9898689778841493E-003
           7          10  -3.8900745151547594E-002
           7          11  -1.6338301564414932E-004
           7          12   9.3245818696775333E-003
           7          13 -0.11280927283515825     
           7          14  -2.2982836497248559E-004
           7          15   1.3116698482916538E-002
           7          16 -0.11990472120919475     
           7          17  -1.7937522379202908E-004
           7          18   1.0237441286053823E-002
           7          19  -3.4386825834073237E-004
           7          20  -9.1788956197919553E-006
           7          21   5.2388612021598267E-004
           7          22   6.1752707654261994E-011
           7          23   2.0837942151575818E-010
           7          24  -7.3711279718567719E-011
           7          25  -2.0902062759409383E-010
           7          26  -6.2053793374193303E-011
           7          27   2.2427640340366941E-010
           7          28   2.3897802546354243E-010
           7          29   1.0791378148637569E-009
           7          30  -6.7649836049389954E-010
           7          31  -9.1495034134154757E-010
           7          32   9.8257466556924928E-011
           7          33   1.1336577131463464E-009
           7          34   1.3584559386515525E-009
           7          35   6.9764903891784037E-010
           7          36   4.1339916948748547E-010
           7          37  -3.2898880363253590E-010
           7          38  -5.2193374696612075E-010
           7          39   1.4185143539293571E-009
           7          40  -1.4571462242062802E-002
           7          41   1.8993306639013930E-005
           7          42  -6.5668001624435745E-003
           7          43   5.1138741587743718E-006
           7          44  -1.0839673997837260E-003
           7          45  -8.8821598581423491E-005
           7          46  -1.3043241510099428E-004
           7          47  -2.1780676835384915E-003
           7          48  -4.8204861396142002E-006
           7          49   1.0459583168921345E-005
           7          50   2.7406854838019173E-002
           7          51   1.8175587400149468E-005
           7          52   1.2215145086811027E-002
           7          53   9.6983647147058079E-006
           7          54  -1.0373348786984747E-003
           7          55  -7.3792955362585538E-005
           7          56  -2.4754031898553317E-004
           7          57   1.5861295969666577E-002
           7          58   1.9439751768502120E-006
           7          59  -4.5178802649753448E-004
           8           1   4.8520577531143458E-011
           8           2   6.6122231424517669E-010
           8           3  -1.3373060585716174E-010
           8           4  -6.7333552028407654E-010
           8           5  -9.8651004148334344E-009
           8           6   2.0755617991869961E-008
           8           7   1.2248329138149806E-004
           8           8   2.0230546584265334     
           8           9  -1.1336065199772025E-003
           8          10  -1.6338280436389236E-004
           8          11  -3.7919743798195696E-002
           8          12   1.5121363676464381E-003
           8          13  -2.2982444876285256E-004
           8          14 -0.11142931984500920     
           8          15   2.1271054467937086E-003
           8          16  -1.7938374349000079E-004
           8          17 -0.11882767540715850     
           8          18   1.6601505416431062E-003
           8          19  -9.1800536238795306E-006
           8          20  -2.8875118340588983E-004
           8          21   8.4958346528578627E-005
           8          22   1.1689127509930344E-010
           8          23  -2.7640206138385230E-010
           8          24  -6.6678609795675760E-011
           8          25   1.6192386538358735E-010
           8          26   6.5775543272225080E-010
           8          27  -1.1579311534785534E-010
           8          28  -2.0318579851758662E-010
           8          29  -1.3011627763093354E-009
           8          30   4.6042022732966374E-010
           8          31   1.3224220450874944E-009
           8          32  -1.3667317234849080E-010
           8          33  -4.1969544984609251E-010
           8          34  -6.2358951420468437E-009
           8          35  -7.0247246031197050E-010
           8          36  -5.5714628652085520E-009
           8          37   4.9416036670358783E-010
           8          38   2.3255407436031171E-010
           8          39  -7.5878099365182080E-009
           8          40   5.0534509352689545E-006
           8          41  -6.5301336360748807E-003
           8          42   1.9074402522773435E-005
           8          43  -1.4714494267313735E-002
           8          44  -2.0406407652639049E-005
           8          45  -5.5304240239595196E-004
           8          46  -1.7653442586543780E-004
           8          47  -4.8214785705158696E-006
           8          48  -2.1491203868143640E-003
           8          49   1.6900261919227651E-006
           8          50   9.6836704008095072E-006
           8          51   1.2230723345451656E-002
           8          52   1.8204265294454265E-005
           8          53   2.7255657210932486E-002
           8          54  -3.9887048274660398E-005
           8          55  -4.5683662559835916E-004
           8          56  -1.6846937621969871E-004
           8          57   1.9457406723057484E-006
           8          58   1.5849619612976283E-002
           8          59  -7.3256055955172819E-005
           9           1   6.1612430099022452E-012
           9           2   3.2832571728987038E-012
           9           3  -2.7096230705178849E-011
           9           4   5.1560427084979846E-011
           9           5  -1.5401761974361002E-010
           9           6   1.4930499214360099E-010
           9           7  -6.9898689778841493E-003
           9           8  -1.1336065199772025E-003
           9           9   2.0877274127023879     
           9          10   9.3245813702534323E-003
           9          11   1.5121365787125391E-003
           9          12 -0.12419405615264625     
           9          13   1.3116700749999223E-002
           9          14   2.1270993705544841E-003
           9          15 -0.23278970754086969     
           9          16   1.0237439114071776E-002
           9          17   1.6601596424080784E-003
           9          18 -0.21354783093503571     
           9          19   5.2388592499821179E-004
           9          20   8.4957073151299586E-005
           9          21  -5.1359265752395772E-003
           9          22  -7.0494193213537907E-011
           9          23   5.2865300788152184E-011
           9          24   1.6772797607549125E-011
           9          25   6.7843378396520394E-011
           9          26  -1.3548068529323380E-010
           9          27   6.8591584272739131E-011
           9          28  -3.4093253481900647E-010
           9          29   2.3085709804127079E-010
           9          30   7.4410286932963999E-011
           9          31   3.5526156327778408E-010
           9          32  -5.1435223395520783E-010
           9          33   3.4036770121724732E-010
           9          34  -2.2817533516600952E-010
           9          35   1.4322331885077588E-010
           9          36   6.6137787189808391E-011
           9          37   3.0055094595392540E-010
           9          38  -5.0485908415485583E-010
           9          39   1.6293226637576179E-010
           9          40  -2.8840421357177520E-004
           9          41  -2.0406043340238646E-005
           9          42  -1.3043246954056429E-004
           9          43  -4.7331743307726511E-005
           9          44  -5.3659655765271952E-003
           9          45   1.4844354165123603E-006
           9          46  -5.3736846308870363E-003
           9          47  -6.8300023830901663E-004
           9          48  -1.1076182012461269E-004
           9          49  -4.9005651253137082E-003
           9          50  -5.5242220362132651E-004
           9          51  -3.9888473888795577E-005
           9          52  -2.4754027102335055E-004
           9          53  -8.9766717655685306E-005
           9          54   1.4506648408199797E-002
           9          55   5.2413898055949768E-006
           9          56   1.4479393463860731E-002
           9          57  -9.0231758005125879E-004
           9          58  -1.4632310790967953E-004
           9          59   3.9621410189873398E-002
          10           1  -5.4626686183195583E-011
          10           2   1.9376846854494398E-011
          10           3   2.6220567429129268E-011
          10           4   2.7774946827445509E-010
          10           5  -1.0472752147083032E-009
          10           6   3.9132280382459355E-009
          10           7  -3.8900745151547594E-002
          10           8  -1.6338280436389236E-004
          10           9   9.3245813702534323E-003
          10          10  0.12750449258181593     
          10          11   2.0170781333414542E-004
          10          12  -1.1511854105323323E-002
          10          13  0.16931083174116807     
          10          14   2.7435415862969053E-004
          10          15  -1.5657877226769097E-002
          10          16  0.14338357390606407     
          10          17   2.8992039423973151E-004
          10          18  -1.6546421163856680E-002
          10          19   1.0856028429282685E-004
          10          20   1.2925864869458345E-005
          10          21  -7.3774915182165258E-004
          10          22  -1.7886470983354087E-010
          10          23  -2.8912974132126841E-010
          10          24   9.8095599094458664E-011
          10          25   2.4444203189087872E-010
          10          26  -2.0028583537054309E-011
          10          27  -2.9861985681932221E-010
          10          28  -4.8081951012681495E-010
          10          29  -1.3402534771399719E-009
          10          30   7.5225606757825165E-010
          10          31   1.1683189765975501E-009
          10          32  -9.6889035684533603E-012
          10          33  -1.7201946499736701E-009
          10          34  -2.2607230803354057E-009
          10          35  -1.0120861656464267E-009
          10          36  -1.0363117086265275E-009
          10          37   5.2860855468971604E-010
          10          38   7.2263602847861508E-010
          10          39  -2.3565054400447233E-009
          10          40   1.3222506831623114E-002
          10          41  -1.9924782984320546E-005
          10          42   5.9907255266641694E-003
          10          43   1.3034741364082584E-005
          10          44   1.1371386200303897E-003
          10          45   1.3699989988992246E-004
          10          46  -3.3280260529215184E-004
          10          47  -7.7852097712449492E-004
          10          48   1.5614460841008437E-005
          10          49  -1.1600998200566117E-003
          10          50  -2.8038763275225035E-002
          10          51  -3.3362457071794011E-005
          10          52  -1.2484923204028860E-002
          10          53  -3.4116151262638276E-005
          10          54   1.9040681020374951E-003
          10          55   9.6538277199665175E-005
          10          56   8.7075175931914078E-004
          10          57  -1.7254930463182327E-002
          10          58  -1.2005435152289176E-005
          10          59   1.8088372730684804E-003
          11           1   1.5765986366537476E-010
          11           2   3.4702092205970260E-011
          11           3  -1.3069802890750202E-009
          11           4   1.1971900297955396E-009
          11           5   1.0500519848081000E-008
          11           6  -1.8084270601307513E-008
          11           7  -1.6338301564414932E-004
          11           8  -3.7919743798195696E-002
          11           9   1.5121365787125391E-003
          11          10   2.0170781333414542E-004
          11          11  0.12629337651129752     
          11          12  -1.8668369854639177E-003
          11          13   2.7435059507006048E-004
          11          14  0.16766353185591013     
          11          15  -2.5391850727102031E-003
          11          16   2.8992712407149097E-004
          11          17  0.14164278426599575     
          11          18  -2.6832750483938941E-003
          11          19   1.2927202576708511E-005
          11          20   3.0943912997980344E-005
          11          21  -1.1963926661049851E-004
          11          22  -1.9931559491525800E-010
          11          23   2.2596808642868975E-010
          11          24  -2.9379323919115212E-010
          11          25  -2.0405744782108395E-010
          11          26  -1.1700961705113046E-010
          11          27   2.5623187957112397E-010
          11          28  -9.3056918851272971E-010
          11          29   1.0488783254770393E-009
          11          30  -9.0701126262626751E-010
          11          31  -1.1087823867604851E-009
          11          32  -4.5116339908162481E-010
          11          33   4.0541555816382918E-010
          11          34   5.5456456413262536E-009
          11          35   1.1423016233955419E-009
          11          36   4.2636490776771779E-009
          11          37  -9.5971657337840052E-010
          11          38  -6.6673704186248510E-010
          11          39   6.6960958881625797E-009
          11          40   1.3117604604940731E-005
          11          41   5.8780734695401621E-003
          11          42  -2.0035741015728898E-005
          11          43   1.3317377862012003E-002
          11          44  -5.4998741756965520E-005
          11          45   8.5213877455989453E-004
          11          46   1.8543626455049011E-004
          11          47   1.5615056905024680E-005
          11          48  -8.7227793219343060E-004
          11          49  -1.8812908059490717E-004
          11          50  -3.4093903648350382E-005
          11          51  -1.2447773265006809E-002
          11          52  -3.3400675580795318E-005
          11          53  -2.7712289803654651E-002
          11          54   1.4086371309384021E-004
          11          55   5.9773780803811449E-004
          11          56   3.0911823862461827E-004
          11          57  -1.2006732065042619E-005
          11          58  -1.7182842852627719E-002
          11          59   2.9333112574483856E-004
          12           1  -1.0539484426270571E-011
          12           2   1.6446019174350692E-012
          12           3   3.9020293292422608E-011
          12           4  -4.5271154141935168E-011
          12           5   3.4880755276952363E-011
          12           6   1.3437919030201635E-010
          12           7   9.3245818696775333E-003
          12           8   1.5121363676464381E-003
          12           9 -0.12419405615264625     
          12          10  -1.1511854105323323E-002
          12          11  -1.8668369854639177E-003
          12          12  0.23280503038591949     
          12          13  -1.5657879628033625E-002
          12          14  -2.5391847492729274E-003
          12          15  0.31253565684603013     
          12          16  -1.6546420365652865E-002
          12          17  -2.6832783370066963E-003
          12          18  0.29473599064941358     
          12          19  -7.3774878773454316E-004
          12          20  -1.1963873219877430E-004
          12          21   6.8568544531161608E-003
          12          22   7.5399373848487414E-011
          12          23  -6.5335418592719003E-011
          12          24  -2.5664898113648964E-011
          12          25  -9.5691803726169202E-011
          12          26   1.4187475565892417E-010
          12          27  -9.6264710688946302E-011
          12          28   4.6825680378763429E-010
          12          29  -3.3383783923497974E-010
          12          30  -1.4657632267659479E-010
          12          31  -5.2150082087265181E-010
          12          32   7.5673901489371057E-010
          12          33  -5.0540382801789972E-010
          12          34   2.1599493834383160E-010
          12          35  -1.9826589132148268E-010
          12          36  -2.0052409081945980E-010
          12          37  -4.0601317909186428E-010
          12          38   6.8228854524659211E-010
          12          39  -3.3273986372819843E-010
          12          40  -7.4864618187383929E-004
          12          41  -5.4998979555785773E-005
          12          42  -3.3280273111539022E-004
          12          43  -1.2063769455258350E-004
          12          44   9.0160205970856808E-003
          12          45  -3.6337764497517945E-006
          12          46   9.0349159768900143E-003
          12          47   5.8511620320095303E-004
          12          48   9.4886503458589352E-005
          12          49   8.7807996947673033E-003
          12          50   1.9455731609624399E-003
          12          51   1.4086460933396486E-004
          12          52   8.7075194483035806E-004
          12          53   3.1576192363352135E-004
          12          54  -2.0484747571136615E-002
          12          55  -6.7189898872137570E-006
          12          56  -2.0449809187637592E-002
          12          57   1.7206157157196214E-003
          12          58   2.7902601094712269E-004
          12          59  -5.5158760927572131E-002
          13           1   8.5837307589571005E-013
          13           2   2.6419675223572105E-011
          13           3  -4.9685002347538743E-010
          13           4   9.8752814151096594E-010
          13           5  -8.9681370632059301E-010
          13           6   5.2529032684882044E-009
          13           7 -0.11280927283515825     
          13           8  -2.2982444876285256E-004
          13           9   1.3116700749999223E-002
          13          10  0.16931083174116807     
          13          11   2.7435059507006048E-004
          13          12  -1.5657879628033625E-002
          13          13  0.22672518225327648     
          13          14   3.7355243004184413E-004
          13          15  -2.1319517487439654E-002
          13          16  0.19260731063698647     
          13          17   3.9254332319323040E-004
          13          18  -2.2403533950776475E-002
          13          19   1.5354584164749307E-004
          13          20   1.7447959734962310E-005
          13          21  -9.9584910313814108E-004
          13          22  -2.3640814776118681E-010
          13          23  -3.8743081815506221E-010
          13          24   1.3249961097339689E-010
          13          25   3.2956168217306492E-010
          13          26  -2.4123814734063341E-011
          13          27  -4.0685929381385070E-010
          13          28  -6.0939320365279752E-010
          13          29  -1.7999705403294465E-009
          13          30   1.0448712224628688E-009
          13          31   1.5745279924898605E-009
          13          32  -1.5683037538282746E-011
          13          33  -2.3175354710652785E-009
          13          34  -3.0284377043280646E-009
          13          35  -1.3551736960589291E-009
          13          36  -1.3851585302169613E-009
          13          37   7.0782312769945668E-010
          13          38   9.6820045479196251E-010
          13          39  -3.1642542477603645E-009
          13          40   1.7841441084249707E-002
          13          41  -2.6706421079621249E-005
          13          42   8.0825100729988893E-003
          13          43   1.7305491346659456E-005
          13          44   1.5241691677841192E-003
          13          45   1.8323796726703564E-004
          13          46  -4.4185198675676500E-004
          13          47  -9.7138791438227106E-004
          13          48   2.0780398118409930E-005
          13          49  -1.5423358431078309E-003
          13          50  -3.7762410533860376E-002
          13          51  -4.4909769125774089E-005
          13          52  -1.6814893501997625E-002
          13          53  -4.6109329956336825E-005
          13          54   2.5631151550447049E-003
          13          55   1.2951472436063423E-004
          13          56   1.1768729680528883E-003
          13          57  -2.3214285182481646E-002
          13          58  -1.6322664894860039E-005
          13          59   2.4488753956469372E-003
          14           1   1.6726797520799155E-010
          14           2   1.5672329580967152E-011
          14           3  -1.3406381199216486E-009
          14           4   1.1069018692531831E-009
          14           5   1.3778217043424432E-008
          14           6  -2.4540941599785253E-008
          14           7  -2.2982836497248559E-004
          14           8 -0.11142931984500920     
          14           9   2.1270993705544841E-003
          14          10   2.7435415862969053E-004
          14          11  0.16766353185591013     
          14          12  -2.5391847492729274E-003
          14          13   3.7355243004184413E-004
          14          14  0.22448224867847827     
          14          15  -3.4573165031012237E-003
          14          16   3.9255657147646366E-004
          14          17  0.19025031853920635     
