           1           1   2.1634606222149899     
           1           2 -0.30608916547903398     
           1           3 -0.37213914784373980     
           1           4 -0.26296811472528947     
           1           5  -4.5357861102938789E-002
           1           6  -7.7269843816580724E-002
           1           7   1.2750346305472133E-013
           1           8  -3.9012135515246882E-014
           1           9  -3.2905456578721581E-014
           1          10  -2.4803737054069588E-014
           1          11   4.5260934890671026E-014
           1          12   2.3608743968795306E-014
           1          13  -2.0700758806916629E-013
           1          14  -2.8888493871398636E-014
           1          15   1.0558547566603665E-013
           1          16   2.9546399265917881E-013
           1          17   5.1702143745704965E-014
           1          18  -1.5592043722479807E-013
           1          19   5.6816082056455004E-015
           1          20  -2.3007100963184164E-015
           1          21  -1.5811100755097976E-015
           1          22  0.19930016505897197     
           1          23  -3.2474782935736034E-015
           1          24  0.19930016505896797     
           1          25  -2.5056512237095772E-015
           1          26   1.6811901416579775E-015
           1          27  0.19930016505897138     
           1          28   9.2474990018883402E-002
           1          29   5.8576723253875034E-015
           1          30   9.2474990018891451E-002
           1          31  -3.7140685800128350E-015
           1          32  -3.6499006800381930E-015
           1          33   9.2474990018886635E-002
           1          34   2.9294916131252180E-002
           1          35   2.0486598248913319E-016
           1          36   2.9294916131246532E-002
           1          37   1.3970405174173737E-015
           1          38   4.7743021445068987E-015
           1          39   2.9294916131245390E-002
           1          40   6.3306948827597892E-014
           1          41  -8.6683084884651789E-016
           1          42   2.9912783431660717E-014
           1          43  -9.8114209448842081E-015
           1          44  -1.4351524196330024E-014
           1          45  -1.8066601474216890E-015
           1          46  -1.6464226444310430E-014
           1          47   2.9076579346140602E-014
           1          48  -1.6625418680662870E-015
           1          49  -3.2604054580617666E-014
           1          50  -1.3566353888235201E-013
           1          51  -1.0397107244855998E-014
           1          52  -6.2937201010613108E-014
           1          53  -2.0736435586237100E-014
           1          54   3.3149778545533167E-014
           1          55  -8.8976941653805391E-016
           1          56   3.3072903470601744E-014
           1          57  -6.2717061167683242E-014
           1          58  -1.4896153827807066E-014
           1          59   7.1267679768341261E-014
           2           1 -0.30608916547903398     
           2           2  0.60088539295808263     
           2           3  0.70426862225218523     
           2           4  0.35939406890002906     
           2           5   8.3204457814735039E-002
           2           6  0.14019967197488498     
           2           7  -1.5950458118245505E-013
           2           8   9.1850378196100221E-014
           2           9   1.0746462260347235E-013
           2          10  -3.0868024454168852E-014
           2          11  -1.3878144962168825E-013
           2          12  -1.7770796649021804E-013
           2          13   4.3979312960634657E-014
           2          14  -2.3764209353124676E-013
           2          15  -3.4690858199828748E-013
           2          16  -6.5926161985485161E-014
           2          17   3.0850542509965083E-013
           2          18   4.3554698753078408E-013
           2          19   2.3063790864226069E-015
           2          20   8.3443120370516439E-015
           2          21   6.1264580116005910E-015
           2          22 -0.52183965765929308     
           2          23   1.5129983225324390E-015
           2          24 -0.52183965765929918     
           2          25   7.8679291767458567E-015
           2          26  -2.1644843401122135E-015
           2          27 -0.52183965765929519     
           2          28 -0.15370184793937108     
           2          29  -5.6024071753831639E-015
           2          30 -0.15370184793937952     
           2          31   4.8477942528775585E-015
           2          32   4.3574087384114126E-015
           2          33 -0.15370184793937391     
           2          34  -5.3279498169791606E-002
           2          35   4.1793348612063828E-015
           2          36  -5.3279498169784119E-002
           2          37  -5.3848279413584815E-016
           2          38  -2.6692428603901637E-015
           2          39  -5.3279498169782502E-002
           2          40  -3.5152358094660247E-015
           2          41   4.8909578806194114E-014
           2          42  -2.2203257100961498E-015
           2          43   1.1225193009606186E-013
           2          44   7.1452985649819488E-014
           2          45   4.4183005222543577E-015
           2          46   7.6553951834855927E-014
           2          47  -2.2133951574448197E-015
           2          48   5.4084728412385686E-014
           2          49   1.5885032312734929E-013
           2          50   2.5049359883250927E-014
           2          51  -6.3350856049034572E-014
           2          52   1.4873696140485315E-014
           2          53  -1.4991772748953377E-013
           2          54  -9.0894513600172590E-014
           2          55  -9.2894869034663779E-016
           2          56  -9.1175477902423058E-014
           2          57   1.3296144723987049E-014
           2          58  -6.1004285310451713E-014
           2          59  -1.9644111152171908E-013
           3           1 -0.37213914784373980     
           3           2  0.70426862225218523     
           3           3  0.96815564743190929     
           3           4  0.48729905089984737     
           3           5   8.8152010454314228E-002
           3           6  0.14858133614388358     
           3           7  -3.4622604855469481E-013
           3           8   5.6644233454195647E-014
           3           9   1.1773828171772833E-013
           3          10   1.2932318079628413E-013
           3          11   1.3692198937928230E-013
           3          12  -1.1747528129847193E-013
           3          13   2.5120398928438848E-013
           3          14   1.6201431168273197E-013
           3          15  -3.0392406442867172E-013
           3          16  -2.8365500362202076E-013
           3          17  -1.2473081666511775E-013
           3          18   4.0672819036609094E-013
           3          19   3.7767330427486213E-015
           3          20   1.0050163331235250E-014
           3          21   7.7676688479362196E-015
           3          22 -0.44311514351261055     
           3          23   2.8376318472480970E-015
           3          24 -0.44311514351260883     
           3          25   2.7807681560109173E-015
           3          26  -3.9078799904170825E-015
           3          27 -0.44311514351261039     
           3          28 -0.17638869391901757     
           3          29  -8.5728516125027631E-015
           3          30 -0.17638869391902823     
           3          31   6.7492563395124613E-015
           3          32   7.6283413111004122E-015
           3          33 -0.17638869391902101     
           3          34  -5.6393603468178302E-002
           3          35   7.2213952073719598E-015
           3          36  -5.6393603468168643E-002
           3          37  -9.3633975385746651E-016
           3          38  -4.4293726681303357E-015
           3          39  -5.6393603468165160E-002
           3          40  -1.2908635639242143E-013
           3          41  -5.2845395116239745E-014
           3          42  -6.0598200719145377E-014
           3          43  -1.1544976108136649E-013
           3          44   5.2315676805793363E-014
           3          45   5.8567005934278347E-015
           3          46   6.2997210381808016E-014
           3          47  -5.8990253939320391E-014
           3          48  -4.4867033435130103E-014
           3          49   1.1887403494973902E-013
           3          50   1.1752136745029157E-013
           3          51   2.1848276662073465E-014
           3          52   5.8190258870473116E-014
           3          53   3.5015014934291364E-014
           3          54  -8.6580251813332703E-014
           3          55  -1.2258374485802329E-015
           3          56  -8.8209185529935348E-014
           3          57   5.4982428734714630E-014
           3          58   2.5068365294584285E-014
           3          59  -1.8443332838224540E-013
           4           1 -0.26296811472528947     
           4           2  0.35939406890002906     
           4           3  0.48729905089984737     
           4           4  0.24825082775622720     
           4           5   4.5569850873419818E-002
           4           6   7.6836897647886968E-002
           4           7  -2.3035197897468236E-013
           4           8   1.8094416136064081E-013
           4           9  -4.5513434403715541E-014
           4          10   6.0645997043822782E-014
           4          11  -6.1146325835176291E-013
           4          12   1.4522295789970258E-013
           4          13   1.5178030940980751E-013
           4          14  -9.2268229641230945E-013
           4          15   1.7373051233191952E-013
           4          16  -1.7622867190630058E-013
           4          17   1.0898854133198740E-012
           4          18  -1.7198363804516256E-013
           4          19   1.3430320019914694E-015
           4          20   1.3061492136366689E-014
           4          21   1.1308921254475718E-015
           4          22 -0.23224246838631299     
           4          23   1.4849742601668338E-015
           4          24 -0.23224246838631230     
           4          25   1.6910836447614179E-015
           4          26  -1.9458262126041472E-015
           4          27 -0.23224246838631299     
           4          28  -9.0724370496957224E-002
           4          29  -4.3831965131639284E-015
           4          30  -9.0724370496962747E-002
           4          31   3.4356922268693219E-015
           4          32   3.8172553357785214E-015
           4          33  -9.0724370496959028E-002
           4          34  -2.9164758356863517E-002
           4          35   3.4813940443866263E-015
           4          36  -2.9164758356858569E-002
           4          37  -5.0355752854847433E-016
           4          38  -2.3196838737900546E-015
           4          39  -2.9164758356856856E-002
           4          40  -7.2710349916466168E-014
           4          41   2.1740585492276517E-013
           4          42  -3.3920670576920979E-014
           4          43   4.8778942436176266E-013
           4          44  -5.1251553338103809E-014
           4          45   2.9379567240810949E-015
           4          46  -4.6057445440764129E-014
           4          47  -3.3150812038329989E-014
           4          48   2.2131249440164520E-013
           4          49  -1.1375114523467686E-013
           4          50   7.4549291459445595E-014
           4          51  -2.1927759516567443E-013
           4          52   3.6161063417589268E-014
           4          53  -4.9710839075360495E-013
           4          54   3.1740587884344074E-014
           4          55  -5.6852593000670565E-016
           4          56   3.0983436203298471E-014
           4          57   3.4614547964561054E-014
           4          58  -2.1753686966414649E-013
           4          59   7.5568770903137474E-014
           5           1  -4.5357861102938789E-002
           5           2   8.3204457814735039E-002
           5           3   8.8152010454314228E-002
           5           4   4.5569850873419818E-002
           5           5   1.2143606895348000E-002
           5           6   2.0460653634819550E-002
           5           7   2.1697140865510688E-013
           5           8   3.5270511653999169E-013
           5           9  -2.4796457917083363E-014
           5          10  -3.0364326767767199E-013
           5          11  -1.0699145711002898E-012
           5          12  -6.1571121739411522E-014
           5          13  -5.0188411694241188E-013
           5          14  -1.6328581799161050E-012
           5          15  -8.1318695219690583E-014
           5          16   5.7701044169823033E-013
           5          17   1.8832368460627097E-012
           5          18   9.6595079992091892E-014
           5          19   4.4149132776627984E-015
           5          20   1.3983540201981244E-014
           5          21   9.7619019340369081E-016
           5          22  -8.3222459323861256E-002
           5          23   1.4420687534687375E-016
           5          24  -8.3222459323862644E-002
           5          25   1.5105224246724992E-015
           5          26  -2.1058792442591058E-016
           5          27  -8.3222459323861700E-002
           5          28  -2.1557623981155634E-002
           5          29  -6.4946136035847739E-016
           5          30  -2.1557623981156761E-002
           5          31   6.0340710826519134E-016
           5          32   4.4016810857820282E-016
           5          33  -2.1557623981156029E-002
           5          34  -7.7801260827996387E-003
           5          35   4.2133027931534381E-016
           5          36  -7.7801260827986560E-003
           5          37  -5.6630540439949351E-017
           5          38  -2.9054206493737061E-016
           5          39  -7.7801260827985372E-003
           5          40   2.6596342335418333E-013
           5          41   3.9202318963305571E-013
           5          42   1.1898908292466053E-013
           5          43   8.7704645139952876E-013
           5          44   1.9686382423612712E-014
           5          45   5.6630767419571563E-016
           5          46   2.0082231901222630E-014
           5          47   1.1888634109435557E-013
           5          48   3.9261035543313681E-013
           5          49   4.3698304859421643E-014
           5          50  -2.5841065273018880E-013
           5          51  -3.7656827147091822E-013
           5          52  -1.1514318633989100E-013
           5          53  -8.4289926824999108E-013
           5          54  -1.9754184935270777E-014
           5          55  -1.1699270983054795E-016
           5          56  -1.9707125964749333E-014
           5          57  -1.1527106906671666E-013
           5          58  -3.7626791994392407E-013
           5          59  -4.3308878400849711E-014
           6           1  -7.7269843816580724E-002
           6           2  0.14019967197488498     
           6           3  0.14858133614388358     
           6           4   7.6836897647886968E-002
           6           5   2.0460653634819550E-002
           6           6   3.4474334298888749E-002
           6           7  -6.2563010002123617E-013
           6           8  -5.8598068805786980E-013
           6           9   8.6485832489260929E-015
           6          10   5.8969095731690914E-013
           6          11   1.5713958695063082E-012
           6          12  -6.0195264749968817E-016
           6          13   1.0931979614608122E-012
           6          14   2.4232234621288215E-012
           6          15  -1.4538218739474217E-014
           6          16  -1.2738447628233380E-012
           6          17  -2.7857895962598376E-012
           6          18   2.3619751781821560E-014
           6          19  -9.0279158717200703E-015
           6          20  -1.8830605736316321E-014
           6          21   7.2435840745006598E-016
           6          22 -0.14015566649926942     
           6          23   2.4431692786399684E-016
           6          24 -0.14015566649927175     
           6          25   2.5428261371424234E-015
           6          26  -3.5546148252689640E-016
           6          27 -0.14015566649927017     
           6          28  -3.6329518964309603E-002
           6          29  -1.0961521231776823E-015
           6          30  -3.6329518964311504E-002
           6          31   1.0175566913435618E-015
           6          32   7.4297792714244364E-016
           6          33  -3.6329518964310262E-002
           6          34  -1.3108754196733286E-002
           6          35   7.0961003585980159E-016
           6          36  -1.3108754196731628E-002
           6          37  -9.5975610147553201E-017
           6          38  -4.9134888799200110E-016
           6          39  -1.3108754196731427E-002
           6          40  -5.5705397588858151E-013
           6          41  -5.8234831549335992E-013
           6          42  -2.4904466316063381E-013
           6          43  -1.3013996539509483E-012
           6          44   1.4401953399172797E-015
           6          45   9.5423159826221420E-016
           6          46   2.1082993743969546E-015
           6          47  -2.4921699362369239E-013
           6          48  -5.8135917970248057E-013
           6          49   2.6793998972526607E-015
           6          50   5.6935130127149185E-013
           6          51   5.5658738510904985E-013
           6          52   2.5533252323731323E-013
           6          53   1.2431058656127275E-012
           6          54  -5.5297689063966405E-015
           6          55  -1.9660183701383710E-016
           6          56  -5.4507417657989074E-015
           6          57   2.5511690864216348E-013
           6          58   5.5709498699402522E-013
           6          59  -1.0911007929987352E-014
           7           1   1.2750346305472133E-013
           7           2  -1.5950458118245505E-013
           7           3  -3.4622604855469481E-013
           7           4  -2.3035197897468236E-013
           7           5   2.1697140865510688E-013
           7           6  -6.2563010002123617E-013
           7           7   2.9357588675303781     
           7           8  -3.6296969266300050E-002
           7           9   2.3466337767797767E-002
           7          10  -2.0857340433277347     
           7          11  0.13890107964748577     
           7          12  -8.9800876414923181E-002
           7          13  -4.1083885813253609     
           7          14  0.20794484615922879     
           7          15 -0.13443833178616160     
           7          16   4.7796118399443479     
           7          17 -0.23919866578482707     
           7          18  0.15464422507967940     
           7          19   3.5774143218079459E-002
           7          20  -1.6918350769116125E-003
           7          21   1.0937875576024945E-003
           7          22   1.5433738823865122E-013
           7          23  -1.3701890385236154E-014
           7          24   1.8287538122773987E-014
           7          25  -1.9847646195444189E-015
           7          26   2.8634123137514810E-015
           7          27   9.0378406057579827E-014
           7          28   7.8937514811182307E-014
           7          29  -1.0130646390935681E-014
           7          30   7.2062539197220188E-014
           7          31  -2.5114784867246781E-015
           7          32   7.9692728033960349E-015
           7          33   8.4281647849210754E-014
           7          34   1.9836583329360192E-013
           7          35   3.6875813865131758E-016
           7          36   1.9565210094259677E-013
           7          37   1.5246697401903999E-015
           7          38  -5.8728156336662822E-015
           7          39   1.9351990528553668E-013
           7          40   2.0749988367907739     
           7          41  -5.0275188151144901E-002
           7          42  0.92796769045943128     
           7          43 -0.11241873828759047     
           7          44   3.2503389961848470E-002
           7          45   1.0584269834869134E-016
           7          46   3.2503389961839435E-002
           7          47  0.92796769045943017     
           7          48  -5.0275188151148814E-002
           7          49   7.2679789453872656E-002
           7          50  -2.1394323947557861     
           7          51   4.7803537076211940E-002
           7          52 -0.95678325358780847     
           7          53  0.10689195846733493     
           7          54  -3.0905443903556720E-002
           7          55  -5.6915726452839921E-015
           7          56  -3.0905443903556356E-002
           7          57 -0.95678325358782201     
           7          58   4.7803537076209934E-002
           7          59  -6.9106673443163305E-002
           8           1  -3.9012135515246882E-014
           8           2   9.1850378196100221E-014
           8           3   5.6644233454195647E-014
           8           4   1.8094416136064081E-013
           8           5   3.5270511653999169E-013
           8           6  -5.8598068805786980E-013
           8           7  -3.6296969266300050E-002
           8           8   2.7927081210737033     
           8           9  -5.6135049413833585E-003
           8          10  0.13890107964753529     
           8          11  -1.5383080865916094     
           8          12   2.1481735602934055E-002
           8          13  0.20794484615882847     
           8          14  -3.2888527890507353     
           8          15   3.2159693909588040E-002
           8          16 -0.23919866578423910     
           8          17   3.8369009639807299     
           8          18  -3.6993250937985091E-002
           8          19  -1.6918350768875519E-003
           8          20   2.9106416531136395E-002
           8          21  -2.6165062142174559E-004
           8          22  -4.2802138044333726E-013
           8          23   5.4045957427819147E-013
           8          24   3.0499538889844710E-013
           8          25  -1.2616781865646014E-013
           8          26   6.1005794016779727E-013
           8          27  -1.4243037078739587E-013
           8          28  -5.1632289253218640E-014
           8          29   2.4338345163661777E-014
           8          30  -6.7872851866794938E-014
           8          31  -2.8371416250836696E-014
           8          32   3.4426334808343518E-014
           8          33  -8.7295420940345406E-014
           8          34   1.8671863159975707E-013
           8          35  -2.8579927562229403E-015
           8          36   1.9725820456273738E-013
           8          37  -9.6274561724448815E-015
           8          38  -1.1005007615933122E-014
           8          39   1.5495403984348999E-013
           8          40 -0.11241873828750597     
           8          41  0.72982709253507794     
           8          42  -5.0275188151127505E-002
           8          43   1.6319429907294580     
           8          44  -7.7753052891536608E-003
           8          45  -1.8284121491540314E-014
           8          46  -7.7753052891138628E-003
           8          47  -5.0275188151097681E-002
           8          48  0.72982709253507283     
           8          49  -1.7386111172332710E-002
           8          50  0.10689195846705582     
           8          51 -0.76838373152775763     
           8          52   4.7803537076108051E-002
           8          53  -1.7181582565009943     
           8          54   7.3930522855515986E-003
           8          55   1.9766134097426596E-014
           8          56   7.3930522855598898E-003
           8          57   4.7803537076082175E-002
           8          58 -0.76838373152773531     
           8          59   1.6531367471731579E-002
           9           1  -3.2905456578721581E-014
           9           2   1.0746462260347235E-013
           9           3   1.1773828171772833E-013
           9           4  -4.5513434403715541E-014
           9           5  -2.4796457917083363E-014
           9           6   8.6485832489260929E-015
           9           7   2.3466337767797767E-002
           9           8  -5.6135049413833585E-003
           9           9   2.7876545185419008     
           9          10  -8.9800876415053951E-002
           9          11   2.1481735602989892E-002
           9          12  -1.5189689830245285     
           9          13 -0.13443833178515208     
           9          14   3.2159693909213645E-002
           9          15  -3.2599007684793602     
           9          16  0.15464422507817283     
           9          17  -3.6993250937267429E-002
           9          18   3.8035974952005578     
           9          19   1.0937875575905867E-003
           9          20  -2.6165062141380685E-004
           9          21   2.8870863475476252E-002
           9          22   2.1139066299987061E-013
           9          23  -2.0390987895632375E-013
           9          24  -4.3055010584152896E-013
           9          25   8.5992501831167975E-014
           9          26  -1.6096019796189401E-013
           9          27   3.7712485448674925E-014
           9          28   1.8029343899137401E-014
           9          29  -2.1737370763059206E-014
           9          30  -5.1041001088173518E-015
           9          31   8.2952930960498029E-015
           9          32   1.8605978498488186E-014
           9          33   3.8032136767143088E-014
           9          34  -3.6177372116253674E-015
           9          35  -8.6689812005726646E-017
           9          36  -1.0116377134845316E-014
           9          37  -1.5924504222296088E-015
           9          38  -1.0086961007714292E-014
           9          39  -2.6175713238300607E-015
           9          40   7.2679789453652041E-002
           9          41  -7.7753052890917719E-003
           9          42   3.2503389961754968E-002
           9          43  -1.7386111172266863E-002
           9          44  0.72282731202300687     
           9          45   7.8072124108876268E-015
           9          46  0.72282731202299821     
           9          47   3.2503389961769109E-002
           9          48  -7.7753052891023581E-003
           9          49   1.6162910056768849     
           9          50  -6.9106673442470221E-002
           9          51   7.3930522854019128E-003
           9          52  -3.0905443903240647E-002
           9          53   1.6531367471385457E-002
           9          54 -0.76172807732769310     
           9          55  -1.3065462175788216E-014
           9          56 -0.76172807732769754     
           9          57  -3.0905443903246378E-002
           9          58   7.3930522853946521E-003
           9          59  -1.7032757612749556     
          10           1  -2.4803737054069588E-014
          10           2  -3.0868024454168852E-014
          10           3   1.2932318079628413E-013
          10           4   6.0645997043822782E-014
          10           5  -3.0364326767767199E-013
          10           6   5.8969095731690914E-013
          10           7  -2.0857340433277347     
          10           8  0.13890107964753529     
          10           9  -8.9800876415053951E-002
          10          10   4.9181552066010550     
          10          11 -0.53154603035072201     
          10          12  0.34364959222451036     
          10          13   7.6929615939621510     
          10          14 -0.79576240723257030     
          10          15  0.51446800679304816     
          10          16  -8.8671974469095112     
          10          17  0.91536438438990053     
          10          18 -0.59179182887547765     
          10          19  -6.3376145087250729E-002
          10          20   6.4743069054024431E-003
          10          21  -4.1857013333616968E-003
          10          22  -1.9418929685792049E-013
          10          23   5.7783878002067551E-014
          10          24   3.4401523852473891E-013
          10          25   7.8358219420509114E-015
          10          26  -1.3698908261855677E-014
          10          27   3.9649873146599561E-014
          10          28   4.9931830665027231E-015
          10          29   1.8054140196390313E-014
          10          30   2.2728909916976607E-014
          10          31   1.4562379646867921E-014
          10          32  -3.3568453135344547E-014
          10          33  -1.3315657524667961E-014
          10          34  -1.7979577242148412E-013
          10          35   2.1206675877943219E-015
          10          36  -1.6587563835394963E-013
          10          37  -2.9619322179670463E-015
          10          38   1.8021824994195298E-014
          10          39  -1.6221813511483165E-013
          10          40  -4.1100416574195036     
          10          41  0.19239286515742657     
          10          42  -1.8380665072691680     
          10          43  0.43020352487804409     
          10          44 -0.12438382733227443     
          10          45  -1.3740019439670840E-015
          10          46 -0.12438382733225972     
          10          47  -1.8380665072691826     
          10          48  0.19239286515743806     
          10          49 -0.27813069321653028     
          10          50   3.9637170289030004     
          10          51 -0.18293436187800627     
          10          52   1.7726281440400951     
          10          53 -0.40905366857974512     
          10          54  0.11826881450288942     
          10          55   1.1771910073151703E-014
          10          56  0.11826881450288268     
          10          57   1.7726281440401122     
          10          58 -0.18293436187798900     
          10          59  0.26445710884675427     
          11           1   4.5260934890671026E-014
          11           2  -1.3878144962168825E-013
          11           3   1.3692198937928230E-013
          11           4  -6.1146325835176291E-013
          11           5  -1.0699145711002898E-012
          11           6   1.5713958695063082E-012
          11           7  0.13890107964748577     
          11           8  -1.5383080865916094     
          11           9   2.1481735602989892E-002
          11          10 -0.53154603035072201     
          11          11   2.8232680037626832     
          11          12  -8.2206209726942869E-002
          11          13 -0.79576240723171721     
          11          14   4.5567656895172499     
          11          15 -0.12306857281753668     
          11          16  0.91536438438869827     
          11          17  -5.2596356831138049     
          11          18  0.14156560723569603     
          11          19   6.4743069053379574E-003
          11          20  -3.7860118423637845E-002
          11          21   1.0012834278198884E-003
          11          22   1.5589916881322723E-012
          11          23  -2.0609360036161457E-012
          11          24  -1.2425305049470256E-012
          11          25   4.9118549371009447E-013
          11          26  -2.3344460055602424E-012
          11          27   4.5952783963349350E-013
          11          28   1.9854308045698564E-013
          11          29  -1.0168201912105888E-013
          11          30   2.5112384174218879E-013
          11          31   1.0247361549341166E-013
          11          32  -1.3754650774849953E-013
          11          33   3.3419172827287166E-013
          11          34  -4.8947188552468372E-013
          11          35   8.6081004866372567E-015
          11          36  -5.3280510830764553E-013
          11          37   4.3092679374352522E-014
          11          38   3.8741034423450933E-014
          11          39  -3.8354380546378651E-013
          11          40  0.43020352487782731     
          11          41  -1.0798229533297052     
          11          42  0.19239286515737322     
          11          43  -2.4145575273097966     
          11          44   2.9754503505040903E-002
          11          45   6.8247819058863659E-014
          11          46   2.9754503504926099E-002
          11          47  0.19239286515727735     
          11          48  -1.0798229533296826     
          11          49   6.6533092473978137E-002
          11          50 -0.40905366857917069     
          11          51   1.0516616956510734     
          11          52 -0.18293436187782064     
          11          53   2.3515870408084494     
          11          54  -2.8291699420628445E-002
          11          55  -7.4179583613602895E-014
          11          56  -2.8291699420675432E-002
          11          57 -0.18293436187773465     
          11          58   1.0516616956510014     
          11          59  -6.3262163103639107E-002
          12           1   2.3608743968795306E-014
          12           2  -1.7770796649021804E-013
          12           3  -1.1747528129847193E-013
          12           4   1.4522295789970258E-013
          12           5  -6.1571121739411522E-014
          12           6  -6.0195264749968817E-016
          12           7  -8.9800876414923181E-002
          12           8   2.1481735602934055E-002
          12           9  -1.5189689830245285     
          12          10  0.34364959222451036     
          12          11  -8.2206209726942869E-002
          12          12   2.7492612087276753     
          12          13  0.51446800679111493     
          12          14 -0.12306857281591042     
          12          15   4.4459722266711923     
          12          16 -0.59179182887271697     
          12          17  0.14156560723288311     
          12          18  -5.1321901177183173     
          12          19  -4.1857013333313660E-003
          12          20   1.0012834277866899E-003
          12          21  -3.6958705043404122E-002
          12          22  -8.6786702365888680E-013
          12          23   7.9019742491495371E-013
          12          24   1.6737214269763506E-012
          12          25  -3.6433125013843016E-013
          12          26   6.0715175997250794E-013
          12          27  -1.6665260699009753E-013
          12          28   2.0520101953925267E-014
          12          29   4.8902790598913367E-014
          12          30   6.1900760428818801E-014
          12          31  -7.1019330157331477E-015
          12          32  -5.0711113485929710E-014
          12          33  -6.4059001756516097E-014
          12          34   4.9395407050992565E-015
          12          35   5.4475888694049260E-015
          12          36   5.4180980199955896E-014
          12          37  -6.9761173890631874E-015
          12          38   3.3004487571199217E-014
          12          39   2.1587411314079869E-014
          12          40 -0.27813069321601630     
          12          41   2.9754503504763233E-002
          12          42 -0.12438382733201754     
          12          43   6.6533092473553365E-002
          12          44  -1.0530362245715545     
          12          45  -3.7906176637132188E-014
          12          46  -1.0530362245715612     
          12          47 -0.12438382733207223     
          12          48   2.9754503504806858E-002
          12          49  -2.3546605809117280     
          12          50  0.26445710884550000     
          12          51  -2.8291699420069066E-002
          12          52  0.11826881450229185     
          12          53  -6.3262163102309893E-002
          12          54   1.0261918679220532     
          12          55   4.2617955300572642E-014
          12          56   1.0261918679220616     
          12          57  0.11826881450229812     
          12          58  -2.8291699420044895E-002
          12          59   2.2946347746311933     
          13           1  -2.0700758806916629E-013
          13           2   4.3979312960634657E-014
          13           3   2.5120398928438848E-013
          13           4   1.5178030940980751E-013
          13           5  -5.0188411694241188E-013
          13           6   1.0931979614608122E-012
          13           7  -4.1083885813253609     
          13           8  0.20794484615882847     
          13           9 -0.13443833178515208     
          13          10   7.6929615939621510     
          13          11 -0.79576240723171721     
          13          12  0.51446800679111493     
          13          13   12.382135623135863     
          13          14  -1.1913132120397947     
          13          15  0.77019538507052265     
          13          16  -14.290313947038975     
          13          17   1.3703659220932853     
          13          18 -0.88595467454544008     
          13          19 -0.10280174148536911     
          13          20   9.6925002803726588E-003
          13          21  -6.2662941284442599E-003
          13          22  -4.6206092864006794E-013
          13          23   8.5930118007803801E-014
          13          24   3.4177640186305997E-013
          13          25   1.1704865218041096E-014
          13          26  -2.0212845892757404E-014
          13          27  -1.1081034370670182E-013
          13          28  -3.4392480733270225E-014
          13          29   2.9260498377672666E-014
          13          30  -6.9169421340473585E-015
          13          31   2.1267343057845440E-014
          13          32  -4.9923363873802315E-014
          13          33  -6.2032957303253183E-014
          13          34  -3.3769468104947693E-013
          13          35   2.7941935688457268E-015
          13          36  -3.1723620962731301E-013
          13          37  -4.7437889526584501E-015
          13          38   2.7459743124778793E-014
          13          39  -3.1127552362721032E-013
          13          40  -6.5658148394165483     
          13          41  0.28802587315136885     
          13          42  -2.9363216617224328     
          13          43  0.64404543164532990     
          13          44 -0.18621148161551004     
          13          45  -1.9525615747188319E-015
          13          46 -0.18621148161548592     
          13          47  -2.9363216617224523     
          13          48  0.28802587315138645     
          13          49 -0.41638153108318682     
          13          50   6.3890960014238365     
          13          51 -0.27386581756137474     
          13          52   2.8572905947911167     
          13          53 -0.61238258478075469     
          13          54  0.17705687025264921     
          13          55   1.8701936087674456E-014
          13          56  0.17705687025263972     
          13          57   2.8572905947911460     
          13          58 -0.27386581756134998     
          13          59  0.39591119776825867     
          14           1  -2.8888493871398636E-014
          14           2  -2.3764209353124676E-013
          14           3   1.6201431168273197E-013
          14           4  -9.2268229641230945E-013
          14           5  -1.6328581799161050E-012
          14           6   2.4232234621288215E-012
          14           7  0.20794484615922879     
          14           8  -3.2888527890507353     
          14           9   3.2159693909213645E-002
          14          10 -0.79576240723257030     
          14          11   4.5567656895172499     
          14          12 -0.12306857281591042     
          14          13  -1.1913132120397947     
          14          14   7.6870261500665320     
          14          15 -0.18424245157931451     
          14          16   1.3703659220929316     
          14          17  -8.8895360849563243     
