           1           1   2.1409758983160563     
           1           2 -0.14661521994154025     
           1           3 -0.47748840118526015     
           1           4   8.3314515443246986E-002
           1           5   7.4082983389836571E-002
           1           6   1.3489911406078147E-002
           1           7  -3.2339875961560356E-011
           1           8  -1.4335580982926781E-011
           1           9   1.9443864566335818E-011
           1          10  -2.9400750756599202E-012
           1          11  -7.5106306334360142E-013
           1          12   1.5987532152282316E-012
           1          13  -5.0233375279882442E-012
           1          14  -4.9004918178131577E-013
           1          15   2.0187927902383492E-012
           1          16  -2.2770950332062501E-012
           1          17  -3.2773725571616448E-013
           1          18   9.0535003242311719E-013
           1          19   5.8406168124414657E-014
           1          20   1.3244755702821775E-014
           1          21  -1.3352722180824966E-015
           1          22  -6.3139254844607837E-003
           1          23   2.9581462260969100E-004
           1          24  -6.9935518677520766E-003
           1          25   4.5503301766960759E-005
           1          26  -1.3594657733974355E-004
           1          27  -6.2462925671811212E-003
           1          28  -2.4947568770848443E-003
           1          29  -1.5211069395647931E-004
           1          30  -2.1452863775905072E-003
           1          31  -2.3399372859918245E-005
           1          32   6.9907217371477284E-005
           1          33  -2.5295483419261384E-003
           1          34  -3.9389471934164980E-003
           1          35   1.8612954084940556E-004
           1          36  -4.3665751908879219E-003
           1          37   2.8632750464673999E-005
           1          38  -8.5542059068676574E-005
           1          39  -3.8963720880844945E-003
           1          40  -1.0318434437590991E-013
           1          41   2.6931910823757046E-013
           1          42  -2.0495010354006383E-014
           1          43   2.8702245600752812E-013
           1          44   1.6175828838391158E-013
           1          45  -1.3777428044009903E-013
           1          46  -1.4936105840259738E-013
           1          47  -6.4470646638923438E-014
           1          48   1.0145631356338553E-013
           1          49  -2.7121903876446343E-013
           1          50   3.3184488631718047E-013
           1          51   9.3536562136505651E-014
           1          52   1.8295592711464627E-013
           1          53  -3.6129572363546486E-014
           1          54   1.6856299308411294E-013
           1          55  -1.1227342726208562E-013
           1          56  -9.9374870074837572E-014
           1          57   5.2364259556131300E-014
           1          58  -7.3475459302113806E-014
           1          59  -1.2554181772619643E-013
           2           1 -0.14661521994154025     
           2           2   6.1031306232903690E-002
           2           3  0.27280482063593708     
           2           4   2.7686015678308726E-002
           2           5   2.3617085352289600E-002
           2           6   9.8521399799634808E-004
           2           7   1.0836925507266784E-011
           2           8   1.0952272413004316E-014
           2           9   2.2153640513052474E-011
           2          10   7.3126983870964288E-013
           2          11   7.2452808964195779E-013
           2          12  -1.4277469654523594E-013
           2          13   1.4516330372904043E-012
           2          14   1.3453004254546749E-012
           2          15  -1.3842169463513489E-012
           2          16   1.2792397555715095E-012
           2          17   7.2317468644955021E-013
           2          18  -1.7360069452764197E-012
           2          19   2.9259079441351320E-014
           2          20   1.0461157504713629E-014
           2          21  -2.4418368159953320E-014
           2          22  -5.9019126903976638E-004
           2          23  -2.1678010422386751E-004
           2          24  -9.2144627871506418E-005
           2          25  -3.3345982465569836E-005
           2          26   9.9625058877924965E-005
           2          27  -6.3975506951077180E-004
           2          28   1.9930679631134196E-003
           2          29  -6.8425774005711625E-005
           2          30   2.1502744457169648E-003
           2          31  -1.0525915658539481E-005
           2          32   3.1446999835914362E-005
           2          33   1.9774185778662747E-003
           2          34   6.8781852827486762E-005
           2          35   4.3946692797078497E-005
           2          36  -3.2184604478864955E-005
           2          37   6.7605754672816319E-006
           2          38  -2.0197463781703319E-005
           2          39   7.8836030646033714E-005
           2          40   3.4797718609629620E-014
           2          41   5.3030225774578843E-014
           2          42   4.6240564820619410E-014
           2          43  -1.4118673807463242E-014
           2          44   4.2224521096643446E-016
           2          45  -7.6415775972501629E-014
           2          46  -1.0104435262997550E-013
           2          47   3.1174972009058000E-014
           2          48   8.8852107762657484E-015
           2          49  -2.3840483012187209E-013
           2          50  -9.0296046986418557E-014
           2          51   2.3640676557640623E-014
           2          52  -4.2616841580206811E-014
           2          53  -7.8677828269105861E-014
           2          54   2.3497046596773371E-013
           2          55  -4.7414956340057105E-014
           2          56   1.5328065365985522E-013
           2          57  -7.3820593810760386E-014
           2          58  -4.3300937746959231E-014
           2          59   3.5304154478210780E-013
           3           1 -0.47748840118526015     
           3           2  0.27280482063593708     
           3           3   2.0784063794411241     
           3           4 -0.66457314956031643     
           3           5 -0.55680227581471486     
           3           6  -8.8616423025098187E-002
           3           7   1.4061350530635551E-010
           3           8   6.7531941002990453E-011
           3           9  -1.0520394376230881E-010
           3          10  -3.3940036661151391E-014
           3          11  -4.0622005009481094E-012
           3          12  -7.1396247659834330E-012
           3          13  -4.2203666078428493E-012
           3          14  -1.2144031252063740E-011
           3          15  -8.3319658050191988E-012
           3          16  -1.5385384114990541E-011
           3          17  -8.0113783318178940E-012
           3          18  -3.6508806265972634E-012
           3          19  -6.8250090929791043E-013
           3          20  -1.7337862031865329E-013
           3          21   8.8149821391191285E-014
           3          22   6.2221850261915488E-003
           3          23  -8.6689229088664232E-004
           3          24   8.2138474593643346E-003
           3          25  -1.3334831113476832E-004
           3          26   3.9839438244908954E-004
           3          27   6.0239883380777551E-003
           3          28   1.6317022796368111E-002
           3          29   1.1828508741014068E-003
           3          30   1.3599452630441794E-002
           3          31   1.8195930329992205E-004
           3          32  -5.4361587907511989E-004
           3          33   1.6587568929959981E-002
           3          34   2.4480048390487827E-002
           3          35  -1.3350513523585350E-003
           3          36   2.7547295810448812E-002
           3          37  -2.0537477398773949E-004
           3          38   6.1356876593378221E-004
           3          39   2.4174662025429672E-002
           3          40  -2.6985224510610969E-013
           3          41  -2.0076013739214135E-012
           3          42  -3.1534142038016151E-013
           3          43  -1.6183393035507186E-012
           3          44  -1.5113964019033367E-012
           3          45   1.1710495262224478E-012
           3          46   1.0282513770792598E-012
           3          47  -9.5872681256840605E-014
           3          48  -6.2980845163228325E-013
           3          49   1.5428320795707797E-012
           3          50   2.2063709179186410E-012
           3          51  -4.0877514441683584E-013
           3          52   8.9147211845540440E-013
           3          53   1.5587837973555405E-012
           3          54  -1.2941228896429933E-012
           3          55   9.1563656259881310E-013
           3          56   7.4217226736339534E-013
           3          57   1.6791632512648510E-012
           3          58   1.0239840782760506E-012
           3          59   9.1993650187211916E-013
           4           1   8.3314515443246986E-002
           4           2   2.7686015678308726E-002
           4           3 -0.66457314956031643     
           4           4  0.79212548530910976     
           4           5  0.66629478818843091     
           4           6   9.1864511239759999E-002
           4           7  -1.4405989080417139E-010
           4           8  -6.3048718156027862E-011
           4           9   6.2116066150409810E-011
           4          10   4.2286068440603487E-011
           4          11   2.1514756988356982E-011
           4          12   5.9046935782598267E-013
           4          13   9.1049427037278055E-011
           4          14   4.5978625646092908E-011
           4          15  -1.5748210913301102E-012
           4          16   9.3437682681887225E-011
           4          17   3.5349624028229040E-011
           4          18  -3.4308844323451600E-012
           4          19   1.4217551762378865E-012
           4          20   4.1497832157784294E-013
           4          21  -1.6054174810274402E-013
           4          22  -1.0125238567866821E-002
           4          23  -2.5953621389687514E-004
           4          24  -9.5289608699734452E-003
           4          25  -3.9923356766571381E-005
           4          26   1.1927525211931020E-004
           4          27  -1.0184583483020725E-002
           4          28  -6.1621408434763478E-003
           4          29  -1.8773199487738812E-003
           4          30  -1.8490458833103039E-003
           4          31  -2.8878682698582668E-004
           4          32   8.6277409902246142E-004
           4          33  -6.5914863681576560E-003
           4          34  -2.3746469112905011E-002
           4          35   1.3355060820701556E-003
           4          36  -2.6814761585891828E-002
           4          37   2.0544693994230343E-004
           4          38  -6.1378200826401989E-004
           4          39  -2.3440951606210743E-002
           4          40   4.4312596152005581E-012
           4          41   3.1108806949751869E-012
           4          42   1.9979533574214203E-012
           4          43   2.4330228206570199E-012
           4          44   2.0413527664777964E-012
           4          45  -1.5792081663412360E-012
           4          46  -1.2045408580457636E-012
           4          47   2.0932847519246401E-012
           4          48   1.1695391640945928E-012
           4          49  -1.6386865419062055E-012
           4          50  -1.5236872101048142E-011
           4          51  -9.4378388009248055E-013
           4          52  -7.0823493033480196E-012
           4          53  -6.3374262126576823E-012
           4          54   2.0197719275186683E-012
           4          55  -1.2286937401701045E-012
           4          56  -5.0269412264236593E-013
           4          57  -7.6265381267537130E-012
           4          58  -3.0178280542937782E-012
           4          59  -2.7222585565176240E-013
           5           1   7.4082983389836571E-002
           5           2   2.3617085352289600E-002
           5           3 -0.55680227581471486     
           5           4  0.66629478818843091     
           5           5  0.56118461017262977     
           5           6   7.7805552577394521E-002
           5           7   5.3576689952401752E-011
           5           8  -7.1120585779914327E-012
           5           9   1.2884104898572319E-010
           5          10  -1.6776372397911483E-010
           5          11  -5.8523798200344143E-011
           5          12   5.4655511561515980E-011
           5          13  -3.3511015444426037E-010
           5          14  -1.1537443931362414E-010
           5          15   1.0147507094724289E-010
           5          16  -2.8918909219867222E-010
           5          17  -1.0704301158847019E-010
           5          18   8.5619320377201887E-011
           5          19  -1.8571595058464648E-012
           5          20  -7.7504227325673907E-013
           5          21   5.7487311771133735E-013
           5          22  -8.4956630386986403E-003
           5          23  -1.6739153922927172E-004
           5          24  -8.1110853089917945E-003
           5          25  -2.5749362098548845E-005
           5          26   7.6928698643482509E-005
           5          27  -8.5339411758012275E-003
           5          28  -4.2503898178386929E-003
           5          29  -7.5102312130336316E-004
           5          30  -2.5249325834303810E-003
           5          31  -1.1553445586526701E-004
           5          32   3.4516314211008401E-004
           5          33  -4.4222120754233950E-003
           5          34  -1.9921734153993335E-002
           5          35   1.5724428155711595E-003
           5          36  -2.3534382339661774E-002
           5          37   2.4189172292423604E-004
           5          38  -7.2266698687511489E-004
           5          39  -1.9562066018233543E-002
           5          40  -1.5642094359935182E-011
           5          41  -2.1426289808698925E-012
           5          42  -5.5045764291811620E-012
           5          43  -3.4001653161073877E-012
           5          44   3.1647078960249033E-012
           5          45  -7.5765910392323789E-013
           5          46   5.9795405894735965E-013
           5          47  -7.0613766447771308E-012
           5          48  -2.4114261700717853E-012
           5          49   2.6396784479664098E-012
           5          50   5.1009158141651977E-011
           5          51   8.0111380339622953E-012
           5          52   2.4280130552573021E-011
           5          53   2.0245735438459939E-011
           5          54  -5.1833839053845963E-012
           5          55  -3.7252613180399454E-013
           5          56  -7.2744327388493809E-012
           5          57   2.1977406743982683E-011
           5          58   7.7411039975946247E-012
           5          59  -1.4783869395511880E-011
           6           1   1.3489911406078147E-002
           6           2   9.8521399799634808E-004
           6           3  -8.8616423025098187E-002
           6           4   9.1864511239759999E-002
           6           5   7.7805552577394521E-002
           6           6   1.1164038104041863E-002
           6           7   1.1185889870859785E-010
           6           8   8.1142086047019214E-011
           6           9  -2.8905382161826255E-010
           6          10   3.6330780820005222E-010
           6          11   1.3853114046096550E-010
           6          12  -1.0553448932420827E-010
           6          13   7.1280899098195209E-010
           6          14   2.6968289690130231E-010
           6          15  -1.9283303886330326E-010
           6          16   6.2728403197259600E-010
           6          17   2.3530441067385173E-010
           6          18  -1.6239674292908864E-010
           6          19   5.1824000991439564E-012
           6          20   1.9262136821700490E-012
           6          21  -1.2757016571668399E-012
           6          22  -1.1310040054534213E-003
           6          23   1.8600181443259958E-005
           6          24  -1.1737374196554582E-003
           6          25   2.8609924076072298E-006
           6          26  -8.5477245002810217E-006
           6          27  -1.1267532956894663E-003
           6          28  -9.5437392254996579E-005
           6          29   4.2413261065786891E-004
           6          30  -1.0698707914037413E-003
           6          31   6.5240083013149190E-005
           6          32  -1.9491425103853775E-004
           6          33   1.5140372723182471E-006
           6          34  -2.7527185971491317E-003
           6          35   5.0269061353611815E-004
           6          36  -3.9076374722120891E-003
           6          37   7.7327864594000303E-005
           6          38  -2.3102400761025133E-004
           6          39  -2.6377609195948415E-003
           6          40   3.0284075950825985E-011
           6          41   7.5123854498339183E-012
           6          42   1.1318833265502439E-011
           6          43   8.6478722736046054E-012
           6          44  -2.1845297071108949E-012
           6          45  -9.6716702907716244E-013
           6          46  -2.6211070176661333E-012
           6          47   1.3785464432098967E-011
           6          48   5.3313940773783312E-012
           6          49  -6.4143374565166986E-012
           6          50  -1.0666225764056653E-010
           6          51  -1.4686164070210650E-011
           6          52  -5.0495969100702247E-011
           6          53  -4.3129108683499333E-011
           6          54   1.2348082346178538E-011
           6          55  -1.2821875674350632E-012
           6          56   1.2190601484807027E-011
           6          57  -4.7521149244309253E-011
           6          58  -1.7335067161978301E-011
           6          59   2.5891803708204415E-011
           7           1  -3.2339875961560356E-011
           7           2   1.0836925507266784E-011
           7           3   1.4061350530635551E-010
           7           4  -1.4405989080417139E-010
           7           5   5.3576689952401752E-011
           7           6   1.1185889870859785E-010
           7           7   1.9988250747407053     
           7           8   1.6201880371462737E-002
           7           9   2.4922364696569445E-003
           7          10   9.3077235318652848E-003
           7          11  -2.0354600476012362E-002
           7          12  -3.1310222880565263E-003
           7          13  -8.3260696817718569E-002
           7          14  -3.4020528389074753E-002
           7          15  -5.2331768781436914E-003
           7          16 -0.11414070684528371     
           7          17  -2.6270357618008083E-002
           7          18  -4.0410613272435312E-003
           7          19  -1.3252024437135600E-003
           7          20  -2.0029446883325824E-004
           7          21  -3.0817356361359794E-005
           7          22   4.5766697387796644E-011
           7          23  -2.2790785954969119E-011
           7          24   3.4034963565488548E-012
           7          25   5.3297732556490057E-011
           7          26  -1.5400517436424034E-011
           7          27   2.1866567474257388E-012
           7          28  -5.2202133977426502E-011
           7          29   4.5089737533718948E-011
           7          30   1.7218707915716425E-011
           7          31  -3.9678171147366591E-012
           7          32  -5.5860205068042931E-011
           7          33   2.9689660673691454E-011
           7          34  -9.1299626009850753E-011
           7          35  -2.0834144222067090E-011
           7          36  -1.0207637263938405E-010
           7          37   7.2350270569618427E-011
           7          38   2.0848522124606514E-011
           7          39  -4.1234733930206418E-011
           7          40  -1.3454148819661615E-002
           7          41  -5.4532588652693556E-004
           7          42  -4.8230124045773072E-003
           7          43   1.3297635800555386E-003
           7          44  -8.3883918915531500E-005
           7          45   2.4139496059981687E-004
           7          46   1.4448648527006039E-004
           7          47  -6.1498877484588562E-003
           7          48   4.3461450239404769E-004
           7          49   1.4668370659609751E-004
           7          50   2.7791807843426192E-002
           7          51   1.3657742151989606E-003
           7          52   1.2714521471658538E-002
           7          53   4.1653442422262023E-003
           7          54   2.1008875902389125E-004
           7          55   6.0174557597324911E-005
           7          56   3.4877049953343923E-004
           7          57   1.2383757178879930E-002
           7          58   1.6748927921396571E-003
           7          59   5.7280885154603676E-004
           8           1  -1.4335580982926781E-011
           8           2   1.0952272413004316E-014
           8           3   6.7531941002990453E-011
           8           4  -6.3048718156027862E-011
           8           5  -7.1120585779914327E-012
           8           6   8.1142086047019214E-011
           8           7   1.6201880371462737E-002
           8           8   1.9558431511438439     
           8           9  -7.4458553044518851E-003
           8          10  -2.0354600439434892E-002
           8          11   6.3306326326600021E-002
           8          12   9.3543023793596757E-003
           8          13  -3.4020528950578902E-002
           8          14   6.9921740434658684E-003
           8          15   1.5634730246042547E-002
           8          16  -2.6270356639877434E-002
           8          17  -4.4448215242109068E-002
           8          18   1.2073094304236488E-002
           8          19  -2.0029442805110477E-004
           8          20  -7.9384126864061625E-004
           8          21   9.2062617620752081E-005
           8          22   1.1787973965553995E-011
           8          23  -7.5903808578875386E-012
           8          24   2.2777975444309896E-012
           8          25   1.7562747477198238E-011
           8          26  -3.6400936104219189E-012
           8          27   4.6531921228789323E-013
           8          28  -1.6469820766953377E-011
           8          29   1.3159739135573000E-011
           8          30   8.2300390614827082E-012
           8          31  -1.6564940335327124E-012
           8          32  -1.9215504743802912E-011
           8          33   1.6687958712611965E-011
           8          34  -4.4796226287340155E-011
           8          35  -4.1070020464905858E-012
           8          36  -5.2031048422973479E-011
           8          37   2.5090374112132155E-011
           8          38   7.9943176994105733E-012
           8          39  -2.4427994744813365E-011
           8          40   9.8763397444172818E-004
           8          41  -7.3039666124145109E-003
           8          42  -8.6310619175015193E-005
           8          43  -1.4054375640247124E-002
           8          44  -2.2072449640191198E-004
           8          45   7.3141718849166915E-007
           8          46   3.9667394574178816E-005
           8          47   4.3461442448769060E-004
           8          48  -7.3028737419815653E-003
           8          49  -4.3823671639951582E-004
           8          50   3.7637454437678443E-003
           8          51   7.8281274788988709E-003
           8          52   1.9045746075599457E-003
           8          53   1.7683078218558381E-002
           8          54  -7.9437410587335406E-004
           8          55   7.5561793574997792E-005
           8          56  -8.7528217805938951E-004
           8          57   1.6748926552764565E-003
           8          58   7.9404435472057756E-003
           8          59  -1.7113301064368806E-003
           9           1   1.9443864566335818E-011
           9           2   2.2153640513052474E-011
           9           3  -1.0520394376230881E-010
           9           4   6.2116066150409810E-011
           9           5   1.2884104898572319E-010
           9           6  -2.8905382161826255E-010
           9           7   2.4922364696569445E-003
           9           8  -7.4458553044518851E-003
           9           9   2.0031024936266313     
           9          10  -3.1310222172802457E-003
           9          11   9.3543024111471546E-003
           9          12   3.9340347647069430E-003
           9          13  -5.2331767112992157E-003
           9          14   1.5634730341610333E-002
           9          15  -9.2242378583376097E-002
           9          16  -4.0410615853019747E-003
           9          17   1.2073094407828455E-002
           9          18 -0.12107696230832679     
           9          19  -3.0817380808864090E-005
           9          20   9.2062795120007732E-005
           9          21  -1.3781839058486086E-003
           9          22   2.3533138026713084E-011
           9          23  -6.6529316065072894E-012
           9          24  -3.0066328163863087E-012
           9          25   1.2679289899329444E-012
           9          26  -9.7083297727214235E-012
           9          27  -6.2216877131361231E-014
           9          28  -6.0741132342700912E-012
           9          29   1.0832616542896736E-011
           9          30  -1.9133874612925460E-011
           9          31   1.7752726044077481E-012
           9          32   2.5949903260144827E-012
           9          33  -4.4612902545069059E-011
           9          34   9.3619739225086579E-011
           9          35  -1.7311880842140516E-011
           9          36   1.1636899730731294E-010
           9          37  -5.5169125314671028E-012
           9          38  -7.1013047095288964E-012
           9          39   7.0923853923581424E-011
           9          40   1.5191972239572636E-004
           9          41  -2.2072505457491670E-004
           9          42   1.4448754724369274E-004
           9          43  -6.1111242412460536E-004
           9          44  -5.9030139021287870E-003
           9          45  -5.7801700895276323E-004
           9          46  -4.5750352063969367E-003
           9          47  -9.0910081297099432E-005
           9          48   2.7160491128771656E-004
           9          49  -1.3493739692765905E-002
           9          50   5.7895792987588870E-004
           9          51  -7.9437321238294317E-004
           9          52   3.4876880000038083E-004
           9          53  -1.9142607623924242E-003
           9          54   1.2870067838176735E-002
           9          55  -1.9284789484522356E-004
           9          56   1.3313131020448224E-002
           9          57   2.0184061252539380E-004
           9          58  -6.0302288770904108E-004
           9          59   2.8681237360574402E-002
          10           1  -2.9400750756599202E-012
          10           2   7.3126983870964288E-013
          10           3  -3.3940036661151391E-014
          10           4   4.2286068440603487E-011
          10           5  -1.6776372397911483E-010
          10           6   3.6330780820005222E-010
          10           7   9.3077235318652848E-003
          10           8  -2.0354600439434892E-002
          10           9  -3.1310222172802457E-003
          10          10   5.8916823831080524E-002
          10          11   1.8405290736563714E-002
          10          12   2.8311681201318157E-003
          10          13  0.11626667821080583     
          10          14   3.7766996331725811E-002
          10          15   5.8094641702570310E-003
          10          16  0.10269488038795166     
          10          17   3.3985130818512788E-002
          10          18   5.2277749068828840E-003
          10          19   8.4045474530296195E-004
          10          20   2.8337006691429568E-004
          10          21   4.3597391417961949E-005
          10          22  -1.4635361896768653E-011
          10          23  -2.1637825275693520E-012
          10          24   5.4486733444750381E-012
          10          25  -2.3270870235456689E-012
          10          26   6.6640375710993763E-012
          10          27  -4.6262298144067301E-012
          10          28  -4.1452062766134038E-012
          10          29  -2.1889279480048971E-011
          10          30  -2.5670380651417576E-011
          10          31  -2.8762214602321054E-011
          10          32   3.2904167471862543E-011
          10          33  -3.2038401874341812E-011
          10          34  -8.7676680850826162E-011
          10          35  -1.9175796097133953E-011
          10          36  -4.9779355321405852E-011
          10          37  -5.8593781859000473E-011
          10          38   2.4510501556681724E-011
          10          39  -3.6763807993891793E-011
          10          40   5.1620555120318965E-003
          10          41   1.2508536836240249E-003
          10          42   1.9091436286707525E-003
          10          43   1.4681163195443784E-003
          10          44   1.9240961888073618E-004
          10          45  -8.3048971738394458E-005
          10          46   3.6227881120822874E-005
          10          47   2.3656352615150497E-003
          10          48   8.5213849214289480E-004
          10          49   2.9652930520471731E-004
          10          50  -1.7593999799706109E-002
          10          51  -2.1708670193209705E-003
          10          52  -8.3585379695824552E-003
          10          53  -6.4196541136538341E-003
          10          54  -3.3392992648534326E-004
          10          55  -1.0163026067025631E-004
          10          56  -5.1463054465820588E-004
          10          57  -7.7999034504647822E-003
          10          58  -2.6504914685881063E-003
          10          59  -9.0780404065510972E-004
          11           1  -7.5106306334360142E-013
          11           2   7.2452808964195779E-013
          11           3  -4.0622005009481094E-012
          11           4   2.1514756988356982E-011
          11           5  -5.8523798200344143E-011
          11           6   1.3853114046096550E-010
          11           7  -2.0354600476012362E-002
          11           8   6.3306326326600021E-002
          11           9   9.3543024111471546E-003
          11          10   1.8405290736563714E-002
          11          11   1.0089531889020016E-002
          11          12  -8.4584567861918179E-003
          11          13   3.7766996105737242E-002
          11          14   1.6074826170548805E-002
          11          15  -1.7356466911104453E-002
          11          16   3.3985131189466465E-002
          11          17   1.2535907990166904E-002
          11          18  -1.5618544682713257E-002
          11          19   2.8337010609119119E-004
          11          20   8.8702379017959655E-005
          11          21  -1.3024366321998923E-004
          11          22  -5.1630295123136479E-012
          11          23  -1.1462589480056154E-012
          11          24   1.9530608676177089E-012
          11          25  -6.2093132415691930E-013
          11          26   2.3014216109921162E-012
          11          27  -2.0729848804923818E-012
          11          28  -2.4195679400534205E-012
          11          29  -8.4130730122837080E-012
          11          30  -8.7208517372865916E-012
          11          31  -1.0096743496060782E-011
          11          32   1.1437481191456352E-011
          11          33  -1.2475473177000312E-011
          11          34  -3.3673791393203422E-011
          11          35  -8.3871583498650151E-012
          11          36  -2.0669521557660805E-011
          11          37  -2.3537100216831694E-011
          11          38   8.5062915430671664E-012
          11          39  -1.8082243643423690E-011
          11          40   1.8861271332939024E-003
          11          41   2.1175345366844143E-004
          11          42   6.9003323786672409E-004
          11          43   5.9081614260431364E-005
          11          44  -3.6596767083316200E-004
          11          45  -7.1814763914687503E-005
          11          46  -3.1711635516482078E-004
          11          47   8.5213858035184189E-004
          11          48   1.0500195728023476E-004
          11          49  -8.8591606983022509E-004
          11          50  -5.9484693573854733E-003
          11          51  -6.5208893554081950E-004
          11          52  -2.8030279475115992E-003
          11          53  -2.0148169746272457E-003
          11          54   1.2469959562042350E-003
          11          55  -7.8268788013104669E-005
          11          56   1.2881794249524679E-003
          11          57  -2.6504917460677753E-003
          11          58  -7.6842879318984132E-004
          11          59   2.7121701546398281E-003
          12           1   1.5987532152282316E-012
          12           2  -1.4277469654523594E-013
          12           3  -7.1396247659834330E-012
          12           4   5.9046935782598267E-013
          12           5   5.4655511561515980E-011
          12           6  -1.0553448932420827E-010
          12           7  -3.1310222880565263E-003
          12           8   9.3543023793596757E-003
          12           9   3.9340347647069430E-003
          12          10   2.8311681201318157E-003
          12          11  -8.4584567861918179E-003
          12          12   6.3775836288912757E-002
          12          13   5.8094642690315768E-003
          12          14  -1.7356466873975317E-002
          12          15  0.12623732355814110     
          12          16   5.2277747862792294E-003
          12          17  -1.5618545012027370E-002
          12          18  0.11166782511406523     
          12          19   4.3597553906495049E-005
          12          20  -1.3024385199972603E-004
          12          21   9.1538450268193177E-004
          12          22   1.0278981645115662E-012
          12          23   2.3815137714177394E-012
          12          24  -1.1142096794565365E-012
          12          25  -1.0644455914300002E-012
          12          26  -3.9873226285050986E-013
          12          27   2.6018469088471273E-012
          12          28   4.6856480811708421E-012
          12          29   5.3262391709744880E-012
          12          30   2.5216487068877463E-012
          12          31   2.7813572069075787E-012
          12          32  -2.0163632417569121E-012
          12          33   8.9368685429749704E-012
          12          34   2.6613227440248564E-011
          12          35   1.2089693377608702E-011
          12          36   2.6246579903761565E-011
          12          37   2.5404378973303462E-011
          12          38  -1.6348218849221249E-012
          12          39   3.5893532943723958E-011
          12          40   2.9013177122097944E-004
          12          41  -3.6596707412827424E-004
          12          42   3.6226731124543267E-005
          12          43  -6.7469850240843240E-004
          12          44   2.5345669003736201E-003
          12          45   2.4516261712069829E-004
          12          46   1.9713125731007923E-003
          12          47   2.0099391555602689E-004
          12          48  -6.0049502227019994E-004
          12          49   5.7911967010602335E-003
          12          50  -9.1501846480884796E-004
          12          51   1.2469948608636627E-003
          12          52  -5.1462836738003670E-004
          12          53   2.9502632011875625E-003
          12          54  -8.5668433754510741E-003
          12          55   2.9378056674590075E-004
          12          56  -9.2417967314504003E-003
          12          57  -3.2425276007203377E-004
          12          58   9.6874517390735913E-004
          12          59  -1.9007588952129256E-002
          13           1  -5.0233375279882442E-012
          13           2   1.4516330372904043E-012
          13           3  -4.2203666078428493E-012
          13           4   9.1049427037278055E-011
          13           5  -3.3511015444426037E-010
          13           6   7.1280899098195209E-010
          13           7  -8.3260696817718569E-002
          13           8  -3.4020528950578902E-002
          13           9  -5.2331767112992157E-003
          13          10  0.11626667821080583     
          13          11   3.7766996105737242E-002
          13          12   5.8094642690315768E-003
          13          13  0.23469913027341568     
          13          14   7.6668955755596443E-002
          13          15   1.1793530550098224E-002
          13          16  0.20946593379604100     
          13          17   6.8609043386994584E-002
          13          18   1.0553826984450525E-002
          13          19   1.7346195885321668E-003
          13          20   5.6967074501565462E-004
          13          21   8.7645934977294689E-005
          13          22  -3.1453534704006941E-011
          13          23  -2.9975398642687283E-012
          13          24   1.0580384545105987E-011
          13          25  -7.5526933610911201E-012
          13          26   1.4026922514449921E-011
          13          27  -9.2374822387462037E-012
          13          28  -4.8959217151435874E-012
          13          29  -4.5457202909138079E-011
          13          30  -5.2138534576538845E-011
          13          31  -5.6637350948538529E-011
          13          32   6.8038334532015971E-011
          13          33  -6.4537735398328561E-011
          13          34  -1.6837765473226711E-010
          13          35  -3.6598398049443132E-011
          13          36  -9.3231456571637726E-011
          13          37  -1.1991698705029730E-010
          13          38   4.7256284764325911E-011
          13          39  -7.0365703736185374E-011
          13          40   1.0962564354496848E-002
          13          41   2.4896335637840344E-003
          13          42   4.0446541589477941E-003
          13          43   2.8007510539511090E-003
          13          44   3.8296235496525081E-004
          13          45  -1.7797356374896797E-004
          13          46   6.2270830308016324E-005
          13          47   5.0229144268914777E-003
          13          48   1.6463002475943242E-003
          13          49   5.7316355134767521E-004
          13          50  -3.6323857412962082E-002
          13          51  -4.3505463540936288E-003
          13          52  -1.7230844506410676E-002
          13          53  -1.2889799163703071E-002
          13          54  -6.6921661843174238E-004
          13          55  -2.0452144575198411E-004
          13          56  -1.0348117912514444E-003
          13          57  -1.6106644222343196E-002
          13          58  -5.3172943628523222E-003
          13          59  -1.8211115375945815E-003
          14           1  -4.9004918178131577E-013
          14           2   1.3453004254546749E-012
          14           3  -1.2144031252063740E-011
          14           4   4.5978625646092908E-011
          14           5  -1.1537443931362414E-010
          14           6   2.6968289690130231E-010
          14           7  -3.4020528389074753E-002
          14           8   6.9921740434658684E-003
          14           9   1.5634730341610333E-002
          14          10   3.7766996331725811E-002
          14          11   1.6074826170548805E-002
          14          12  -1.7356466873975317E-002
          14          13   7.6668955755596443E-002
          14          14   3.1304486175721159E-002
          14          15  -3.5234559799821645E-002
          14          16   6.8609044413273590E-002
          14          17   2.7453365855092053E-002
