           1           1   1.9999700603887880     
           1           2  -4.2594223843839295E-004
           1           3   5.6015348864707406E-004
           1           4   5.3206399795945622E-004
           1           5  -5.7640738636521086E-013
           1           6   4.4727211523060912E-014
           1           7  -6.1697583151577668E-013
           1           8   5.0541957658217431E-013
           1           9   6.4258533301399277E-013
           1          10   7.7823515712878595E-013
           1          11  -4.4998716875069174E-013
           1          12  -9.4250784021823376E-014
           1          13  -6.7296663799260533E-013
           1          14  -4.9147825622005651E-004
           1          15   2.4385976537158433E-006
           1          16  -4.5876796548189702E-004
           1          17   3.5548108346818468E-005
           1          18  -2.2843506860802586E-006
           1          19  -4.8744468188452819E-004
           2           1  -4.2594223843839295E-004
           2           2   1.9983001523758850     
           2           3   1.2444417809948973E-002
           2           4   1.4109790835558323E-002
           2           5  -5.7187331882914083E-012
           2           6  -2.6662431759659306E-013
           2           7  -6.3313314770473822E-012
           2           8  -5.9296627484240351E-012
           2           9   1.0687175056840128E-011
           2          10  -7.2633601596190801E-012
           2          11   4.7948647870629340E-012
           2          12  -3.5968043710775684E-012
           2          13   4.8122374055436528E-012
           2          14  -1.2517695523379484E-002
           2          15   3.6230218321669110E-005
           2          16  -1.2031719238221442E-002
           2          17   5.2788847559023431E-004
           2          18  -3.3934791333918949E-005
           2          19  -1.2457768766539194E-002
           3           1   5.6015348864707406E-004
           3           2   1.2444417809948973E-002
           3           3   1.9788537826246246     
           3           4  -1.9370421233844866E-003
           3           5  -2.1036864301859387E-011
           3           6   5.2769498821367863E-012
           3           7  -3.0139379072665182E-011
           3           8   1.3089659919478117E-010
           3           9   5.4275585576825096E-010
           3          10  -2.4666023386121245E-010
           3          11  -5.9823603128342247E-012
           3          12  -1.6533267316075379E-010
           3          13   7.7007560687981820E-011
           3          14   5.3552908135430129E-003
           3          15  -2.8633382766522775E-004
           3          16   1.5145407017387695E-003
           3          17  -4.1709576745915661E-003
           3          18   2.6817726651554106E-004
           3          19   4.8816798272082167E-003
           4           1   5.3206399795945622E-004
           4           2   1.4109790835558323E-002
           4           3  -1.9370421233844866E-003
           4           4   2.5443326736534794E-004
           4           5   1.9863364650675792E-011
           4           6  -2.0832420615193930E-012
           4           7   2.2446369511359046E-011
           4           8   2.9265477573130987E-012
           4           9  -2.3647910267742889E-011
           4          10  -1.0593587296060487E-012
           4          11   2.8889167000251008E-013
           4          12   7.1138688399004551E-012
           4          13   2.1258241084230861E-013
           4          14   3.1504540425394528E-004
           4          15  -6.1520946193705818E-005
           4          16  -5.1017010576520400E-004
           4          17  -8.9615626959249563E-004
           4          18   5.7619782046129446E-005
           4          19   2.1328630184033428E-004
           5           1  -5.7640738636521086E-013
           5           2  -5.7187331882914083E-012
           5           3  -2.1036864301859387E-011
           5           4   1.9863364650675792E-011
           5           5   1.9996405632600998     
           5           6   4.8781189916293337E-005
           5           7   7.1058214175416306E-004
           5           8  -1.5359489573521020E-003
           5           9   2.7093973578265170E-004
           5          10   3.9467053752647594E-003
           5          11   2.2738729732465724E-003
           5          12  -3.1096518382794501E-004
           5          13  -4.5297426882605889E-003
           5          14  -2.1040891519437469E-012
           5          15  -2.5196678229926668E-012
           5          16   5.6076391482037325E-013
           5          17   4.7081348243993320E-011
           5          18   2.4023484554043078E-010
           5          19   5.9782837607885940E-012
           6           1   4.4727211523060912E-014
           6           2  -2.6662431759659306E-013
           6           3   5.2769498821367863E-012
           6           4  -2.0832420615193930E-012
           6           5   4.8781189916293337E-005
           6           6   2.0003961189344714     
           6           7  -4.5687870662284333E-005
           6           8   2.7093973852624221E-004
           6           9   2.6605474765296309E-003
           6          10  -2.5375884572184079E-004
           6          11  -3.1096517913258958E-004
           6          12  -2.5425622288946102E-003
           6          13   2.9124622311132260E-004
           6          14  -2.0214204799681711E-013
           6          15  -1.7418370753506120E-012
           6          16   6.8975273846458316E-012
           6          17   3.3892224957703381E-010
           6          18  -1.8759080166078032E-010
           6          19   5.5510057868575414E-012
           7           1  -6.1697583151577668E-013
           7           2  -6.3313314770473822E-012
           7           3  -3.0139379072665182E-011
           7           4   2.2446369511359046E-011
           7           5   7.1058214175416306E-004
           7           6  -4.5687870662284333E-005
           7           7   1.9997337331201344     
           7           8   3.9467052764805772E-003
           7           9  -2.5375880110253574E-004
           7          10  -1.0184645654295415E-003
           7          11  -4.5297427560728378E-003
           7          12   2.9124620195654263E-004
           7          13   1.6799436341442869E-003
           7          14  -6.0688601640034922E-013
           7          15  -2.1611250212957282E-012
           7          16   2.8824916117906408E-013
           7          17  -1.0964925179928319E-010
           7          18   2.7544216172813821E-011
           7          19   4.5975500481575198E-012
           8           1   5.0541957658217431E-013
           8           2  -5.9296627484240351E-012
           8           3   1.3089659919478117E-010
           8           4   2.9265477573130987E-012
           8           5  -1.5359489573521020E-003
           8           6   2.7093973852624221E-004
           8           7   3.9467052764805772E-003
           8           8  0.55696271823988996     
           8           9  -3.5810529708233653E-002
           8          10 -0.52164138105383273     
           8          11  -1.3838871543236609E-002
           8          12   8.8957018816213053E-004
           8          13   1.2958110897848582E-002
           8          14  -1.8905683664405183E-011
           8          15  -1.3235793615145565E-010
           8          16   3.3930387722311743E-011
           8          17   2.9001734094375945E-010
           8          18   5.5874038836873351E-010
           8          19  -2.8615315380172552E-011
           9           1   6.4258533301399277E-013
           9           2   1.0687175056840128E-011
           9           3   5.4275585576825096E-010
           9           4  -2.3647910267742889E-011
           9           5   2.7093973578265170E-004
           9           6   2.6605474765296309E-003
           9           7  -2.5375880110253574E-004
           9           8  -3.5810529708233653E-002
           9           9   2.3060822089963733E-003
           9          10   3.3539721726976175E-002
           9          11   8.8957055254594987E-004
           9          12  -6.0627676081801356E-005
           9          13  -8.3316134290279471E-004
           9          14  -5.8982344593534319E-011
           9          15   1.7779803677619542E-011
           9          16   6.2002205810734548E-011
           9          17   1.1687547416812518E-010
           9          18  -4.4839674608749946E-011
           9          19  -4.3013395890176475E-011
          10           1   7.7823515712878595E-013
          10           2  -7.2633601596190801E-012
          10           3  -2.4666023386121245E-010
          10           4  -1.0593587296060487E-012
          10           5   3.9467053752647594E-003
          10           6  -2.5375884572184079E-004
          10           7  -1.0184645654295415E-003
          10           8 -0.52164138105383273     
          10           9   3.3539721726976175E-002
          10          10  0.48856678372189660     
          10          11   1.2958110795171800E-002
          10          12  -8.3316099501656404E-004
          10          13  -1.2139845965934534E-002
          10          14   2.1740730656198999E-011
          10          15   1.2332492831284461E-010
          10          16  -3.6244600837650013E-011
          10          17  -2.8095019017716856E-010
          10          18  -5.2237823837476745E-010
          10          19   2.9802360517687583E-011
          11           1  -4.4998716875069174E-013
          11           2   4.7948647870629340E-012
          11           3  -5.9823603128342247E-012
          11           4   2.8889167000251008E-013
          11           5   2.2738729732465724E-003
          11           6  -3.1096517913258958E-004
          11           7  -4.5297427560728378E-003
          11           8  -1.3838871543236609E-002
          11           9   8.8957055254594987E-004
          11          10   1.2958110795171800E-002
          11          11   3.5752898022467760E-004
          11          12  -2.2776781676864970E-005
          11          13  -3.3178276690638874E-004
          11          14   1.3653925505615698E-012
          11          15   3.1427747625632675E-012
          11          16  -1.8425392264662111E-012
          11          17  -9.0152517345115444E-012
          11          18  -1.3499029125342199E-011
          11          19   1.3696582685226029E-012
          12           1  -9.4250784021823376E-014
          12           2  -3.5968043710775684E-012
          12           3  -1.6533267316075379E-010
          12           4   7.1138688399004551E-012
          12           5  -3.1096518382794501E-004
          12           6  -2.5425622288946102E-003
          12           7   2.9124620195654263E-004
          12           8   8.8957018816213053E-004
          12           9  -6.0627676081801356E-005
          12          10  -8.3316099501656404E-004
          12          11  -2.2776781676864970E-005
          12          12   4.7473134967173489E-006
          12          13   2.1332466435024609E-005
          12          14   1.8225456105842114E-011
          12          15  -3.0196866661558076E-012
          12          16  -1.9404392215895517E-011
          12          17  -4.0937215082655600E-011
          12          18   3.7296804925676410E-012
          12          19   1.3552699713138327E-011
          13           1  -6.7296663799260533E-013
          13           2   4.8122374055436528E-012
          13           3   7.7007560687981820E-011
          13           4   2.1258241084230861E-013
          13           5  -4.5297426882605889E-003
          13           6   2.9124622311132260E-004
          13           7   1.6799436341442869E-003
          13           8   1.2958110897848582E-002
          13           9  -8.3316134290279471E-004
          13          10  -1.2139845965934534E-002
          13          11  -3.3178276690638874E-004
          13          12   2.1332466435024609E-005
          13          13   3.1402669819996905E-004
          13          14   3.0011454877288051E-013
          13          15  -3.1662387683988488E-012
          13          16   2.3490706348829744E-013
          13          17   5.1987063879449162E-012
          13          18   1.2533629259581919E-011
          13          19  -9.8115310127935809E-014
          14           1  -4.9147825622005651E-004
          14           2  -1.2517695523379484E-002
          14           3   5.3552908135430129E-003
          14           4   3.1504540425394528E-004
          14           5  -2.1040891519437469E-012
          14           6  -2.0214204799681711E-013
          14           7  -6.0688601640034922E-013
          14           8  -1.8905683664405183E-011
          14           9  -5.8982344593534319E-011
          14          10   2.1740730656198999E-011
          14          11   1.3653925505615698E-012
          14          12   1.8225456105842114E-011
          14          13   3.0011454877288051E-013
          14          14   1.1918635722990927E-003
          14          15  -1.6764058359342146E-004
          14          16  -1.0567950527287156E-003
          14          17  -2.4419711852610919E-003
          14          18   1.5701021791483422E-004
          14          19   9.1457663441186544E-004
          15           1   2.4385976537158433E-006
          15           2   3.6230218321669110E-005
          15           3  -2.8633382766522775E-004
          15           4  -6.1520946193705818E-005
          15           5  -2.5196678229926668E-012
          15           6  -1.7418370753506120E-012
          15           7  -2.1611250212957282E-012
          15           8  -1.3235793615145565E-010
          15           9   1.7779803677619542E-011
          15          10   1.2332492831284461E-010
          15          11   3.1427747625632675E-012
          15          12  -3.0196866661558076E-012
          15          13  -3.1662387683988488E-012
          15          14  -1.6764058359342146E-004
          15          15   2.5319249560290238E-005
          15          16   1.7198093356887343E-004
          15          17   3.6881794794694085E-004
          15          18  -2.3713712254017025E-005
          15          19  -1.2576112281014238E-004
          16           1  -4.5876796548189702E-004
          16           2  -1.2031719238221442E-002
          16           3   1.5145407017387695E-003
          16           4  -5.1017010576520400E-004
          16           5   5.6076391482037325E-013
          16           6   6.8975273846458316E-012
          16           7   2.8824916117906408E-013
          16           8   3.3930387722311743E-011
          16           9   6.2002205810734548E-011
          16          10  -3.6244600837650013E-011
          16          11  -1.8425392264662111E-012
          16          12  -1.9404392215895517E-011
          16          13   2.3490706348829744E-013
          16          14  -1.0567950527287156E-003
          16          15   1.7198093356887343E-004
          16          16   1.2500831933093298E-003
          16          17   2.5051940433194865E-003
          16          18  -1.6107531278313652E-004
          16          19  -7.7232892699184079E-004
          17           1   3.5548108346818468E-005
          17           2   5.2788847559023431E-004
          17           3  -4.1709576745915661E-003
          17           4  -8.9615626959249563E-004
          17           5   4.7081348243993320E-011
          17           6   3.3892224957703381E-010
          17           7  -1.0964925179928319E-010
          17           8   2.9001734094375945E-010
          17           9   1.1687547416812518E-010
          17          10  -2.8095019017716856E-010
          17          11  -9.0152517345115444E-012
          17          12  -4.0937215082655600E-011
          17          13   5.1987063879449162E-012
          17          14  -2.4419711852610919E-003
          17          15   3.6881794794694085E-004
          17          16   2.5051940433194865E-003
          17          17   5.3724609176952617E-003
          17          18  -3.4543056542447068E-004
          17          19  -1.8319255853536695E-003
          18           1  -2.2843506860802586E-006
          18           2  -3.3934791333918949E-005
          18           3   2.6817726651554106E-004
          18           4   5.7619782046129446E-005
          18           5   2.4023484554043078E-010
          18           6  -1.8759080166078032E-010
          18           7   2.7544216172813821E-011
          18           8   5.5874038836873351E-010
          18           9  -4.4839674608749946E-011
          18          10  -5.2237823837476745E-010
          18          11  -1.3499029125342199E-011
          18          12   3.7296804925676410E-012
          18          13   1.2533629259581919E-011
          18          14   1.5701021791483422E-004
          18          15  -2.3713712254017025E-005
          18          16  -1.6107531278313652E-004
          18          17  -3.4543056542447068E-004
          18          18   2.2209984838900376E-005
          18          19   1.1778640600827487E-004
          19           1  -4.8744468188452819E-004
          19           2  -1.2457768766539194E-002
          19           3   4.8816798272082167E-003
          19           4   2.1328630184033428E-004
          19           5   5.9782837607885940E-012
          19           6   5.5510057868575414E-012
          19           7   4.5975500481575198E-012
          19           8  -2.8615315380172552E-011
          19           9  -4.3013395890176475E-011
          19          10   2.9802360517687583E-011
          19          11   1.3696582685226029E-012
          19          12   1.3552699713138327E-011
          19          13  -9.8115310127935809E-014
          19          14   9.1457663441186544E-004
          19          15  -1.2576112281014238E-004
          19          16  -7.7232892699184079E-004
          19          17  -1.8319255853536695E-003
          19          18   1.1778640600827487E-004
          19          19   7.0656067674551202E-004
