           1           1   1.9999956227350331     
           1           2   2.7639605435922024E-004
           1           3   1.8529729100113352E-003
           1           4   1.9994198503436422E-004
           1           5  -1.2820299169090629E-014
           1           6   7.3890875283599018E-014
           1           7   2.6772890677790482E-014
           1           8  -1.1123258550943465E-014
           1           9  -8.5057809505107060E-015
           1          10   7.1888603360741621E-016
           1          11   1.5226870774520888E-014
           1          12  -4.0332114268461929E-015
           1          13   1.2864019725656046E-015
           1          14  -9.3762652280967381E-004
           1          15  -7.1000567127849165E-014
           1          16  -9.3762652283280179E-004
           1          17  -1.1123434796440408E-013
           1          18  -9.0639662378159758E-015
           1          19  -9.3762652284476791E-004
           2           1   2.7639605435922024E-004
           2           2   2.0060912623958722     
           2           3   1.7191835126684499E-002
           2           4   2.6707970958325992E-003
           2           5  -2.1741193820485150E-014
           2           6   2.5217838162099355E-013
           2           7   1.1256480302567224E-013
           2           8  -1.1773576413502993E-014
           2           9  -8.3515278047886254E-014
           2          10  -1.1267218896857646E-014
           2          11   9.5019637706777076E-015
           2          12   1.9865349742601073E-014
           2          13  -8.2768539942236958E-015
           2          14  -9.3162395792603069E-003
           2          15  -2.4611810782951934E-013
           2          16  -9.3162395792579233E-003
           2          17  -3.6324345865980952E-013
           2          18  -2.7049541254332971E-014
           2          19  -9.3162395792502940E-003
           3           1   1.8529729100113352E-003
           3           2   1.7191835126684499E-002
           3           3   1.9965137780596196     
           3           4  -1.0543576104496632E-003
           3           5   8.1876928127311388E-015
           3           6  -1.4221745908579756E-013
           3           7  -3.7633146337664957E-014
           3           8  -5.5403526180182510E-015
           3           9  -2.0440858990094820E-013
           3          10  -5.5363183569993673E-014
           3          11  -9.1203433034618131E-015
           3          12   7.5178874638716014E-014
           3          13   2.1293298993088230E-014
           3          14   1.2325123524199331E-003
           3          15   4.6070086224961701E-014
           3          16   1.2325123524184354E-003
           3          17   6.5154852462627808E-014
           3          18   1.9238680977584322E-015
           3          19   1.2325123524233989E-003
           4           1   1.9994198503436422E-004
           4           2   2.6707970958325992E-003
           4           3  -1.0543576104496632E-003
           4           4   4.1571530754946358E-006
           4           5  -2.1945757911932314E-014
           4           6   8.5009090906578347E-014
           4           7  -1.1304045867325874E-015
           4           8   2.6690225467795178E-014
           4           9   1.3062309659300313E-013
           4          10   3.3321717433447479E-014
           4          11   1.3688693829874689E-017
           4          12  -2.8538727973299815E-017
           4          13  -2.7622461025657120E-017
           4          14  -1.3205291134351322E-005
           4          15  -3.6078678687969454E-016
           4          16  -1.3205291134349647E-005
           4          17  -5.3159368611362661E-016
           4          18  -3.8087399677473793E-017
           4          19  -1.3205291134343341E-005
           5           1  -1.2820299169090629E-014
           5           2  -2.1741193820485150E-014
           5           3   8.1876928127311388E-015
           5           4  -2.1945757911932314E-014
           5           5   1.9999768567333036     
           5           6  -4.0278214997863392E-016
           5           7   1.3882650581364842E-015
           5           8  -8.4620871372948121E-005
           5           9  -4.1654142200430702E-015
           5          10   6.9345740358762314E-015
           5          11   1.3085399971813862E-004
           5          12   1.0035299451410767E-014
           5          13  -9.3957288104085987E-015
           5          14   4.6799035960766858E-014
           5          15   1.4763151837629442E-015
           5          16  -5.7558776240045273E-015
           5          17  -5.0812484162247560E-015
           5          18  -5.2708240180577132E-015
           5          19  -1.0098739103271396E-014
           6           1   7.3890875283599018E-014
           6           2   2.5217838162099355E-013
           6           3  -1.4221745908579756E-013
           6           4   8.5009090906578347E-014
           6           5  -4.0278214997863392E-016
           6           6   1.9999768567333076     
           6           7  -4.4379352027836793E-016
           6           8   2.5423780732714918E-015
           6           9  -8.4620871361246056E-005
           6          10   6.5546662065055217E-015
           6          11  -8.0763554793263840E-015
           6          12   1.3085399970860450E-004
           6          13   9.4323505908255006E-016
           6          14   2.4493772901431357E-014
           6          15  -2.0302845921584870E-015
           6          16  -1.4285022202731060E-014
           6          17   1.0164672447159665E-015
           6          18   7.7615531121182204E-015
           6          19  -2.4282829065075254E-014
           7           1   2.6772890677790482E-014
           7           2   1.1256480302567224E-013
           7           3  -3.7633146337664957E-014
           7           4  -1.1304045867325874E-015
           7           5   1.3882650581364842E-015
           7           6  -4.4379352027836793E-016
           7           7   1.9999768567333001     
           7           8  -3.8049431498338865E-015
           7           9   1.3103580953420068E-014
           7          10  -8.4620871394319684E-005
           7          11   8.7593211412885423E-016
           7          12  -7.6602134200830434E-015
           7          13   1.3085399973236173E-004
           7          14   1.7326308229942069E-016
           7          15  -9.0738226312671839E-016
           7          16   1.1305813389460466E-014
           7          17   5.2837671214083116E-015
           7          18   5.3007647171035849E-015
           7          19   1.7558892415127301E-014
           8           1  -1.1123258550943465E-014
           8           2  -1.1773576413502993E-014
           8           3  -5.5403526180182510E-015
           8           4   2.6690225467795178E-014
           8           5  -8.4620871372948121E-005
           8           6   2.5423780732714918E-015
           8           7  -3.8049431498338865E-015
           8           8   2.0005137805680366     
           8           9   1.5952517085082718E-014
           8          10   2.9976021664879227E-014
           8          11  -3.0187026360683903E-004
           8          12  -5.3835717944006453E-015
           8          13  -1.2243075205985859E-014
           8          14  -3.6378707585555357E-015
           8          15  -4.7228715425038965E-014
           8          16   2.5912688198538645E-015
           8          17  -2.8987294726658298E-015
           8          18   7.4130513130024596E-015
           8          19  -5.1228520904289435E-015
           9           1  -8.5057809505107060E-015
           9           2  -8.3515278047886254E-014
           9           3  -2.0440858990094820E-013
           9           4   1.3062309659300313E-013
           9           5  -4.1654142200430702E-015
           9           6  -8.4620871361246056E-005
           9           7   1.3103580953420068E-014
           9           8   1.5952517085082718E-014
           9           9   2.0005137805680770     
           9          10   4.9300841187260858E-015
           9          11  -1.3583131515244287E-014
           9          12  -3.0187026362838684E-004
           9          13   1.1309195970649576E-014
           9          14   2.7190645572047092E-014
           9          15   3.2775407465119780E-015
           9          16  -4.1860549524852820E-014
           9          17   7.1515140283218501E-015
           9          18  -3.9094269288884325E-016
           9          19   4.4535784484960175E-014
          10           1   7.1888603360741621E-016
          10           2  -1.1267218896857646E-014
          10           3  -5.5363183569993673E-014
          10           4   3.3321717433447479E-014
          10           5   6.9345740358762314E-015
          10           6   6.5546662065055217E-015
          10           7  -8.4620871394319684E-005
          10           8   2.9976021664879227E-014
          10           9   4.9300841187260858E-015
          10          10   2.0005137805680580     
          10          11  -2.2904800885820142E-014
          10          12  -1.9979055912379591E-014
          10          13  -3.0187026361482136E-004
          10          14   1.5375025813265790E-014
          10          15  -7.5299226472921188E-016
          10          16   1.0202079419902831E-014
          10          17   9.0387084229486792E-015
          10          18  -2.9255996390762598E-014
          10          19  -7.5528566163755250E-015
          11           1   1.5226870774520888E-014
          11           2   9.5019637706777076E-015
          11           3  -9.1203433034618131E-015
          11           4   1.3688693829874689E-017
          11           5   1.3085399971813862E-004
          11           6  -8.0763554793263840E-015
          11           7   8.7593211412885423E-016
          11           8  -3.0187026360683903E-004
          11           9  -1.3583131515244287E-014
          11          10  -2.2904800885820142E-014
          11          11   5.4113250822257885E-008
          11          12   3.0262701529248802E-018
          11          13   4.7194839480049747E-018
          11          14  -5.3692111099271853E-017
          11          15   7.1796959200150409E-018
          11          16  -5.8087153412065515E-017
          11          17   1.1531168299659238E-019
          11          18  -1.4586059909247926E-018
          11          19  -5.7217498647263578E-017
          12           1  -4.0332114268461929E-015
          12           2   1.9865349742601073E-014
          12           3   7.5178874638716014E-014
          12           4  -2.8538727973299815E-017
          12           5   1.0035299451410767E-014
          12           6   1.3085399970860450E-004
          12           7  -7.6602134200830434E-015
          12           8  -5.3835717944006453E-015
          12           9  -3.0187026362838684E-004
          12          10  -1.9979055912379591E-014
          12          11   3.0262701529248802E-018
          12          12   5.4113250827492555E-008
          12          13   8.7797410335594090E-019
          12          14  -4.3381000249366809E-017
          12          15  -6.1274821082383062E-019
          12          16  -3.5573364403076961E-017
          12          17  -1.0079262133151679E-018
          12          18   5.7155832325206469E-019
          12          19  -4.9181411085533321E-017
          13           1   1.2864019725656046E-015
          13           2  -8.2768539942236958E-015
          13           3   2.1293298993088230E-014
          13           4  -2.7622461025657120E-017
          13           5  -9.3957288104085987E-015
          13           6   9.4323505908255006E-016
          13           7   1.3085399973236173E-004
          13           8  -1.2243075205985859E-014
          13           9   1.1309195970649576E-014
          13          10  -3.0187026361482136E-004
          13          11   4.7194839480049747E-018
          13          12   8.7797410335594090E-019
          13          13   5.4113250826555816E-008
          13          14   4.9623368802870182E-017
          13          15   5.5489540334716964E-020
          13          16   5.1115918970965099E-017
          13          17  -1.0079355183698819E-018
          13          18   4.7165364696577836E-018
          13          19   5.4234059479167719E-017
          14           1  -9.3762652280967381E-004
          14           2  -9.3162395792603069E-003
          14           3   1.2325123524199331E-003
          14           4  -1.3205291134351322E-005
          14           5   4.6799035960766858E-014
          14           6   2.4493772901431357E-014
          14           7   1.7326308229942069E-016
          14           8  -3.6378707585555357E-015
          14           9   2.7190645572047092E-014
          14          10   1.5375025813265790E-014
          14          11  -5.3692111099271853E-017
          14          12  -4.3381000249366809E-017
          14          13   4.9623368802870182E-017
          14          14   4.4566602481512474E-005
          14          15   1.2079269224570831E-015
          14          16   4.4566602481511247E-005
          14          17   1.7839216984053351E-015
          14          18   1.3128286220618241E-016
          14          19   4.4566602481484657E-005
          15           1  -7.1000567127849165E-014
          15           2  -2.4611810782951934E-013
          15           3   4.6070086224961701E-014
          15           4  -3.6078678687969454E-016
          15           5   1.4763151837629442E-015
          15           6  -2.0302845921584870E-015
          15           7  -9.0738226312671839E-016
          15           8  -4.7228715425038965E-014
          15           9   3.2775407465119780E-015
          15          10  -7.5299226472921188E-016
          15          11   7.1796959200150409E-018
          15          12  -6.1274821082383062E-019
          15          13   5.5489540334716964E-020
          15          14   1.2079269224570831E-015
          15          15   3.5945819380883379E-026
          15          16   1.2079269224571756E-015
          15          17   5.0083925180167005E-026
          15          18   3.4517842284152565E-027
          15          19   1.2079269224578406E-015
          16           1  -9.3762652283280179E-004
          16           2  -9.3162395792579233E-003
          16           3   1.2325123524184354E-003
          16           4  -1.3205291134349647E-005
          16           5  -5.7558776240045273E-015
          16           6  -1.4285022202731060E-014
          16           7   1.1305813389460466E-014
          16           8   2.5912688198538645E-015
          16           9  -4.1860549524852820E-014
          16          10   1.0202079419902831E-014
          16          11  -5.8087153412065515E-017
          16          12  -3.5573364403076961E-017
          16          13   5.1115918970965099E-017
          16          14   4.4566602481511247E-005
          16          15   1.2079269224571756E-015
          16          16   4.4566602481510028E-005
          16          17   1.7839216984057509E-015
          16          18   1.3128286220651112E-016
          16          19   4.4566602481483431E-005
          17           1  -1.1123434796440408E-013
          17           2  -3.6324345865980952E-013
          17           3   6.5154852462627808E-014
          17           4  -5.3159368611362661E-016
          17           5  -5.0812484162247560E-015
          17           6   1.0164672447159665E-015
          17           7   5.2837671214083116E-015
          17           8  -2.8987294726658298E-015
          17           9   7.1515140283218501E-015
          17          10   9.0387084229486792E-015
          17          11   1.1531168299659238E-019
          17          12  -1.0079262133151679E-018
          17          13  -1.0079355183698819E-018
          17          14   1.7839216984053351E-015
          17          15   5.0083925180167005E-026
          17          16   1.7839216984057509E-015
          17          17   7.4526889164954052E-026
          17          18   5.1919564912971212E-027
          17          19   1.7839216984057118E-015
          18           1  -9.0639662378159758E-015
          18           2  -2.7049541254332971E-014
          18           3   1.9238680977584322E-015
          18           4  -3.8087399677473793E-017
          18           5  -5.2708240180577132E-015
          18           6   7.7615531121182204E-015
          18           7   5.3007647171035849E-015
          18           8   7.4130513130024596E-015
          18           9  -3.9094269288884325E-016
          18          10  -2.9255996390762598E-014
          18          11  -1.4586059909247926E-018
          18          12   5.7155832325206469E-019
          18          13   4.7165364696577836E-018
          18          14   1.3128286220618241E-016
          18          15   3.4517842284152565E-027
          18          16   1.3128286220651112E-016
          18          17   5.1919564912971212E-027
          18          18   1.8342075980471195E-027
          18          19   1.3128286220624091E-016
          19           1  -9.3762652284476791E-004
          19           2  -9.3162395792502940E-003
          19           3   1.2325123524233989E-003
          19           4  -1.3205291134343341E-005
          19           5  -1.0098739103271396E-014
          19           6  -2.4282829065075254E-014
          19           7   1.7558892415127301E-014
          19           8  -5.1228520904289435E-015
          19           9   4.4535784484960175E-014
          19          10  -7.5528566163755250E-015
          19          11  -5.7217498647263578E-017
          19          12  -4.9181411085533321E-017
          19          13   5.4234059479167719E-017
          19          14   4.4566602481484657E-005
          19          15   1.2079269224578406E-015
          19          16   4.4566602481483431E-005
          19          17   1.7839216984057118E-015
          19          18   1.3128286220624091E-016
          19          19   4.4566602481456841E-005
