           1           1   2.0038902199692563     
           1           2   2.7501702928740972E-002
           1           3  0.19462654892884174     
           1           4  -7.2802441335436507E-002
           1           5  -2.6974827276300355E-015
           1           6   1.2551686942406258E-016
           1           7   3.3702619085019753E-015
           1           8   2.2375440812444345E-015
           1           9   9.6037340456220551E-016
           1          10   7.0678883358481699E-015
           1          11   4.6148147277726201E-016
           1          12   1.4299418141157638E-015
           1          13  -5.3491478254356020E-015
           1          14  -2.8022362110340253E-002
           1          15  -3.5929521865702258E-015
           1          16  -2.8022362110346557E-002
           1          17  -2.9500731573526957E-016
           1          18  -4.9363947637464837E-016
           1          19  -2.8022362110344545E-002
           2           1   2.7501702928740972E-002
           2           2   2.0735688311804128     
           2           3   1.2574602849844574     
           2           4 -0.48157759945631085     
           2           5  -6.8933180896814044E-014
           2           6   1.5755944886781205E-014
           2           7   6.9883539946846724E-014
           2           8   9.5033693496092596E-015
           2           9   4.1778817225695224E-015
           2          10  -2.6269352994353660E-014
           2          11   4.0865309649039992E-016
           2          12  -9.7339492671744711E-015
           2          13   9.3379089862678080E-015
           2          14  -7.0851915942093918E-002
           2          15   8.2765661203900186E-016
           2          16  -7.0851915942085647E-002
           2          17  -6.2103946540159689E-016
           2          18  -2.6383493925189016E-015
           2          19  -7.0851915942070048E-002
           3           1  0.19462654892884174     
           3           2   1.2574602849844574     
           3           3   9.6190975992106083     
           3           4  -3.5873612342067434     
           3           5   4.9591252455055147E-014
           3           6  -1.0599241008730183E-014
           3           7  -4.9416598795060216E-014
           3           8   1.4831217721625533E-014
           3           9   3.2968721942327244E-014
           3          10  -2.3348606807767681E-014
           3          11  -1.5450797265922135E-015
           3          12  -1.1801889996240868E-014
           3          13   1.1770933520367618E-014
           3          14  -1.1104498554005156     
           3          15  -1.7416749606221522E-015
           3          16  -1.1104498554005204     
           3          17  -2.4906359440269721E-015
           3          18   3.7048385420836924E-015
           3          19  -1.1104498554005289     
           4           1  -7.2802441335436507E-002
           4           2 -0.48157759945631085     
           4           3  -3.5873612342067434     
           4           4   1.3842255652258069     
           4           5  -1.5550909593202257E-014
           4           6  -6.6720405503313848E-015
           4           7   1.4751052682355984E-014
           4           8   3.2323509564428558E-014
           4           9  -7.9143530985209293E-014
           4          10   1.0640148745368485E-014
           4          11  -2.2652995922808484E-014
           4          12   4.0607817301980712E-014
           4          13  -1.2040300707135333E-015
           4          14  0.43529898588377181     
           4          15   5.1090757783893034E-016
           4          16  0.43529898588377403     
           4          17   9.7003663224245870E-016
           4          18  -1.2408822200489983E-015
           4          19  0.43529898588377697     
           5           1  -2.6974827276300355E-015
           5           2  -6.8933180896814044E-014
           5           3   4.9591252455055147E-014
           5           4  -1.5550909593202257E-014
           5           5   1.9841540941979567     
           5           6  -5.3939058081153846E-016
           5           7  -2.7386946876983842E-016
           5           8   7.4986833648079815E-002
           5           9  -5.7523430463390923E-015
           5          10   3.3653635433950058E-016
           5          11   4.4456950967930460E-002
           5          12   3.0882414681077108E-015
           5          13   8.6389229103644993E-016
           5          14  -1.0406623075062045E-014
           5          15   3.3620759952389258E-015
           5          16  -1.4961067103004746E-014
           5          17  -2.4032682843625385E-015
           5          18  -3.0530582256570392E-016
           5          19  -1.1879553917681931E-014
           6           1   1.2551686942406258E-016
           6           2   1.5755944886781205E-014
           6           3  -1.0599241008730183E-014
           6           4  -6.6720405503313848E-015
           6           5  -5.3939058081153846E-016
           6           6   1.9841540941979576     
           6           7   6.2237541509357897E-015
           6           8   1.8266638202035779E-015
           6           9   7.4986833648088891E-002
           6          10   3.0392355299113660E-014
           6          11   9.6489656542519953E-015
           6          12   4.4456950967918719E-002
           6          13  -2.6622801185816058E-014
           6          14   3.4181957493679092E-015
           6          15   3.0525650314882361E-015
           6          16   7.7800426504863765E-015
           6          17   9.3143934848713877E-015
           6          18  -9.1190826159953044E-015
           6          19  -3.0271592205867755E-016
           7           1   3.3702619085019753E-015
           7           2   6.9883539946846724E-014
           7           3  -4.9416598795060216E-014
           7           4   1.4751052682355984E-014
           7           5  -2.7386946876983842E-016
           7           6   6.2237541509357897E-015
           7           7   1.9841540941979592     
           7           8   7.9797279894933126E-016
           7           9   5.6829541073000200E-015
           7          10   7.4986833648100007E-002
           7          11   1.9212062496443139E-015
           7          12  -3.8736375218562102E-015
           7          13   4.4456950967913050E-002
           7          14   1.2213170886723150E-014
           7          15   4.4089323590916424E-015
           7          16   1.2743132807086071E-014
           7          17   6.2145389181171835E-015
           7          18  -4.0161577238579422E-015
           7          19   9.6576164391909174E-015
           8           1   2.2375440812444345E-015
           8           2   9.5033693496092596E-015
           8           3   1.4831217721625533E-014
           8           4   3.2323509564428558E-014
           8           5   7.4986833648079815E-002
           8           6   1.8266638202035779E-015
           8           7   7.9797279894933126E-016
           8           8   4.1669968822188270     
           8           9  -2.3286927941512658E-014
           8          10  -7.4107386893729199E-015
           8          11  -1.7237568897888829     
           8          12   2.5097979250432445E-014
           8          13   2.2343238370581275E-014
           8          14   7.8458452696022385E-015
           8          15   3.1662872749061978E-014
           8          16  -3.0484145827185874E-014
           8          17  -2.6295839072255298E-014
           8          18   8.6569155459786974E-015
           8          19  -1.2025949401526593E-014
           9           1   9.6037340456220551E-016
           9           2   4.1778817225695224E-015
           9           3   3.2968721942327244E-014
           9           4  -7.9143530985209293E-014
           9           5  -5.7523430463390923E-015
           9           6   7.4986833648088891E-002
           9           7   5.6829541073000200E-015
           9           8  -2.3286927941512658E-014
           9           9   4.1669968822188483     
           9          10   3.2529534621517087E-014
           9          11   3.4715286201247864E-014
           9          12  -1.7237568897889233     
           9          13  -4.4381165409390633E-014
           9          14  -3.6727227804373987E-016
           9          15  -3.9142151891722898E-014
           9          16   3.5048723274780974E-014
           9          17   3.9315085908104316E-014
           9          18  -1.6035694126513286E-014
           9          19  -9.2758992222483475E-015
          10           1   7.0678883358481699E-015
          10           2  -2.6269352994353660E-014
          10           3  -2.3348606807767681E-014
          10           4   1.0640148745368485E-014
          10           5   3.3653635433950058E-016
          10           6   3.0392355299113660E-014
          10           7   7.4986833648100007E-002
          10           8  -7.4107386893729199E-015
          10           9   3.2529534621517087E-014
          10          10   4.1669968822188039     
          10          11  -4.6074255521943996E-015
          10          12  -2.1982415887578100E-014
          10          13  -1.7237568897888611     
          10          14   1.1506271415123927E-014
          10          15   6.2717619595898661E-015
          10          16   9.3435561981328670E-015
          10          17   1.7215020805211879E-014
          10          18   7.0620006467565746E-015
          10          19  -7.2077799252456684E-015
          11           1   4.6148147277726201E-016
          11           2   4.0865309649039992E-016
          11           3  -1.5450797265922135E-015
          11           4  -2.2652995922808484E-014
          11           5   4.4456950967930460E-002
          11           6   9.6489656542519953E-015
          11           7   1.9212062496443139E-015
          11           8  -1.7237568897888829     
          11           9   3.4715286201247864E-014
          11          10  -4.6074255521943996E-015
          11          11  0.77509989400566703     
          11          12  -2.5585436547181928E-014
          11          13  -7.3066552808143115E-015
          11          14  -1.5628764952436426E-015
          11          15  -1.3800237405651977E-014
          11          16   1.2760292900894906E-014
          11          17   1.2500647605122223E-014
          11          18  -3.9095788375392519E-015
          11          19   9.3952401863031501E-016
          12           1   1.4299418141157638E-015
          12           2  -9.7339492671744711E-015
          12           3  -1.1801889996240868E-014
          12           4   4.0607817301980712E-014
          12           5   3.0882414681077108E-015
          12           6   4.4456950967918719E-002
          12           7  -3.8736375218562102E-015
          12           8   2.5097979250432445E-014
          12           9  -1.7237568897889233     
          12          10  -2.1982415887578100E-014
          12          11  -2.5585436547181928E-014
          12          12  0.77509989400570711     
          12          13   2.1496693314304594E-014
          12          14  -2.2815315574481150E-015
          12          15   2.1961140530846492E-014
          12          16  -1.9523649738323299E-014
          12          17  -1.9077200849609678E-014
          12          18   6.2829907644640651E-015
          12          19   1.3148189495404330E-015
          13           1  -5.3491478254356020E-015
          13           2   9.3379089862678080E-015
          13           3   1.1770933520367618E-014
          13           4  -1.2040300707135333E-015
          13           5   8.6389229103644993E-016
          13           6  -2.6622801185816058E-014
          13           7   4.4456950967913050E-002
          13           8   2.2343238370581275E-014
          13           9  -4.4381165409390633E-014
          13          10  -1.7237568897888611     
          13          11  -7.3066552808143115E-015
          13          12   2.1496693314304594E-014
          13          13  0.77509989400565527     
          13          14  -4.2315417434986595E-015
          13          15   8.6043333679633948E-016
          13          16  -4.5002239402114617E-015
          13          17  -5.8798656556012278E-015
          13          18  -2.1444265341565588E-015
          13          19   1.5089602758208343E-015
          14           1  -2.8022362110340253E-002
          14           2  -7.0851915942093918E-002
          14           3  -1.1104498554005156     
          14           4  0.43529898588377181     
          14           5  -1.0406623075062045E-014
          14           6   3.4181957493679092E-015
          14           7   1.2213170886723150E-014
          14           8   7.8458452696022385E-015
          14           9  -3.6727227804373987E-016
          14          10   1.1506271415123927E-014
          14          11  -1.5628764952436426E-015
          14          12  -2.2815315574481150E-015
          14          13  -4.2315417434986595E-015
          14          14  0.14193305169517068     
          14          15   1.4185973406839454E-016
          14          16  0.14193305169517217     
          14          17   4.9721378514361731E-016
          14          18  -7.2955186190101915E-016
          14          19  0.14193305169517367     
          15           1  -3.5929521865702258E-015
          15           2   8.2765661203900186E-016
          15           3  -1.7416749606221522E-015
          15           4   5.1090757783893034E-016
          15           5   3.3620759952389258E-015
          15           6   3.0525650314882361E-015
          15           7   4.4089323590916424E-015
          15           8   3.1662872749061978E-014
          15           9  -3.9142151891722898E-014
          15          10   6.2717619595898661E-015
          15          11  -1.3800237405651977E-014
          15          12   2.1961140530846492E-014
          15          13   8.6043333679633948E-016
          15          14   1.4185973406839454E-016
          15          15   1.3949161340194552E-027
          15          16   1.4185973406748114E-016
          15          17  -7.8924523107744842E-028
          15          18   2.5628773766690896E-028
          15          19   1.4185973406827594E-016
          16           1  -2.8022362110346557E-002
          16           2  -7.0851915942085647E-002
          16           3  -1.1104498554005204     
          16           4  0.43529898588377403     
          16           5  -1.4961067103004746E-014
          16           6   7.7800426504863765E-015
          16           7   1.2743132807086071E-014
          16           8  -3.0484145827185874E-014
          16           9   3.5048723274780974E-014
          16          10   9.3435561981328670E-015
          16          11   1.2760292900894906E-014
          16          12  -1.9523649738323299E-014
          16          13  -4.5002239402114617E-015
          16          14  0.14193305169517217     
          16          15   1.4185973406748114E-016
          16          16  0.14193305169517362     
          16          17   4.9721378514438408E-016
          16          18  -7.2955186190139820E-016
          16          19  0.14193305169517512     
          17           1  -2.9500731573526957E-016
          17           2  -6.2103946540159689E-016
          17           3  -2.4906359440269721E-015
          17           4   9.7003663224245870E-016
          17           5  -2.4032682843625385E-015
          17           6   9.3143934848713877E-015
          17           7   6.2145389181171835E-015
          17           8  -2.6295839072255298E-014
          17           9   3.9315085908104316E-014
          17          10   1.7215020805211879E-014
          17          11   1.2500647605122223E-014
          17          12  -1.9077200849609678E-014
          17          13  -5.8798656556012278E-015
          17          14   4.9721378514361731E-016
          17          15  -7.8924523107744842E-028
          17          16   4.9721378514438408E-016
          17          17   9.9680802437754496E-028
          17          18  -3.3227244410846165E-028
          17          19   4.9721378514341191E-016
          18           1  -4.9363947637464837E-016
          18           2  -2.6383493925189016E-015
          18           3   3.7048385420836924E-015
          18           4  -1.2408822200489983E-015
          18           5  -3.0530582256570392E-016
          18           6  -9.1190826159953044E-015
          18           7  -4.0161577238579422E-015
          18           8   8.6569155459786974E-015
          18           9  -1.6035694126513286E-014
          18          10   7.0620006467565746E-015
          18          11  -3.9095788375392519E-015
          18          12   6.2829907644640651E-015
          18          13  -2.1444265341565588E-015
          18          14  -7.2955186190101915E-016
          18          15   2.5628773766690896E-028
          18          16  -7.2955186190139820E-016
          18          17  -3.3227244410846165E-028
          18          18   2.9752425376552709E-028
          18          19  -7.2955186190114773E-016
          19           1  -2.8022362110344545E-002
          19           2  -7.0851915942070048E-002
          19           3  -1.1104498554005289     
          19           4  0.43529898588377697     
          19           5  -1.1879553917681931E-014
          19           6  -3.0271592205867755E-016
          19           7   9.6576164391909174E-015
          19           8  -1.2025949401526593E-014
          19           9  -9.2758992222483475E-015
          19          10  -7.2077799252456684E-015
          19          11   9.3952401863031501E-016
          19          12   1.3148189495404330E-015
          19          13   1.5089602758208343E-015
          19          14  0.14193305169517367     
          19          15   1.4185973406827594E-016
          19          16  0.14193305169517512     
          19          17   4.9721378514341191E-016
          19          18  -7.2955186190114773E-016
          19          19  0.14193305169517662     
