           1           1   1.9964242032100925     
           1           2   3.6770221852362771E-004
           1           3  -3.6933675165272947E-002
           1           4 -0.10141478702526412     
           1           5   2.7274589041636460E-002
           1           6  -1.3243458242283385E-015
           1           7   1.0773816886440284E-015
           1           8  -1.2864067248469925E-015
           1           9  -1.5594261737025272E-015
           1          10  -1.8694611233201440E-015
           1          11   9.2842454769162100E-016
           1          12  -4.4485393058836974E-015
           1          13   2.6690030361708597E-015
           1          14   5.0833229011730865E-016
           1          15   3.7366900759653642E-015
           1          16  -2.5152174514150610E-015
           1          17  -7.4360083410257738E-016
           1          18   1.4155268608781963E-002
           1          19   1.3292358375847196E-015
           1          20   1.4155268608780485E-002
           1          21   2.7915258594976717E-016
           1          22  -6.3472602198670009E-015
           1          23   1.4155268608793663E-002
           1          24   2.2453316289191821E-002
           1          25   4.7400671394826055E-017
           1          26   2.2453316289192705E-002
           1          27  -6.7880393532418060E-016
           1          28   3.8704778337391653E-016
           1          29   2.2453316289191609E-002
           2           1   3.6770221852362771E-004
           2           2   2.5743954322777141     
           2           3  0.73446898231043956     
           2           4 -0.58318221038329343     
           2           5  0.11611401693516890     
           2           6  -4.4226090172467732E-013
           2           7  -7.5861646703746192E-013
           2           8   3.1372452679082233E-013
           2           9  -1.0587695940907754E-014
           2          10   2.2964065594756805E-014
           2          11   4.9526237904941674E-015
           2          12  -3.6514382552712207E-014
           2          13  -2.1823397936371801E-014
           2          14   1.6029523598939859E-014
           2          15   3.2392151925071333E-014
           2          16   2.0530017701516966E-014
           2          17  -2.6819420229526745E-014
           2          18 -0.37808540551823899     
           2          19   1.7063598258136841E-014
           2          20 -0.37808540551842607     
           2          21  -9.6584083511832529E-015
           2          22  -6.4823880509081708E-014
           2          23 -0.37808540551815417     
           2          24  0.12046141480725367     
           2          25  -8.4300927666008070E-015
           2          26  0.12046141480729586     
           2          27  -1.6512817840671842E-015
           2          28   1.2398990666353758E-015
           2          29  0.12046141480727675     
           3           1  -3.6933675165272947E-002
           3           2  0.73446898231043956     
           3           3   2.5424083244916575     
           3           4  -1.0202110819844536     
           3           5  0.10791875250350971     
           3           6  -4.1681483462648938E-014
           3           7  -3.6019182664068925E-014
           3           8   7.3075675530961972E-015
           3           9  -3.9240751668610567E-014
           3          10  -2.8167065481086406E-014
           3          11   6.8762236667691788E-015
           3          12  -3.6287826163171987E-014
           3          13   2.6697605997499451E-014
           3          14  -5.3118735812403309E-015
           3          15   2.3514216659579951E-014
           3          16  -1.8175815691308959E-014
           3          17  -1.2065490687241197E-015
           3          18 -0.29748760694318582     
           3          19   6.9417537173877229E-014
           3          20 -0.29748760694338788     
           3          21   3.7101896862957724E-015
           3          22  -1.5706525557978407E-013
           3          23 -0.29748760694292131     
           3          24  0.35062100704719418     
           3          25  -1.1021003329893790E-014
           3          26  0.35062100704725541     
           3          27  -3.9836075135118034E-015
           3          28   1.4411796380795649E-014
           3          29  0.35062100704719051     
           4           1 -0.10141478702526412     
           4           2 -0.58318221038329343     
           4           3  -1.0202110819844536     
           4           4   9.4606225837191786     
           4           5  -2.2556524903631274     
           4           6  -8.6246099365194687E-014
           4           7  -1.2784865013618222E-013
           4           8   5.4692868505444487E-014
           4           9  -3.8224727645091713E-014
           4          10  -2.5506918479874171E-015
           4          11  -7.4499354058951778E-016
           4          12   7.3695016200991906E-014
           4          13   6.8790273020450630E-014
           4          14  -1.0723250365879785E-013
           4          15  -3.3507544370383512E-014
           4          16  -4.9797261925908102E-014
           4          17   1.1023256251741796E-013
           4          18   1.1196401578082296     
           4          19   1.3526870715090220E-013
           4          20   1.1196401578087620     
           4          21  -3.3014000301849613E-014
           4          22  -1.7434852749067043E-013
           4          23   1.1196401578087198     
           4          24  -1.9007692723185601     
           4          25  -1.4958099909400980E-014
           4          26  -1.9007692723186693     
           4          27   6.3822902959761935E-014
           4          28   1.3904838192862805E-013
           4          29  -1.9007692723187162     
           5           1   2.7274589041636460E-002
           5           2  0.11611401693516890     
           5           3  0.10791875250350971     
           5           4  -2.2556524903631274     
           5           5  0.54594192066306013     
           5           6   9.9113600480498953E-014
           5           7   1.8353757094119587E-013
           5           8  -9.3443476086538808E-014
           5           9   3.2488195494887622E-014
           5          10  -4.0153178369849093E-015
           5          11  -1.1536401251775562E-014
           5          12  -2.5030270063727299E-014
           5          13   1.1464504765600445E-016
           5          14   3.7371047574501722E-014
           5          15   1.3654682413932937E-014
           5          16  -5.7016499841457227E-017
           5          17  -3.4563105134340825E-014
           5          18 -0.25631120624908343     
           5          19  -1.2158560713936408E-013
           5          20 -0.25631120625000714     
           5          21  -2.5886414262896845E-014
           5          22   1.1015696820420352E-013
           5          23 -0.25631120624950510     
           5          24  0.44330504826483852     
           5          25   1.4344825490854471E-014
           5          26  0.44330504826495309     
           5          27  -1.0561409415605470E-014
           5          28  -4.1429477176035049E-014
           5          29  0.44330504826490924     
           6           1  -1.3243458242283385E-015
           6           2  -4.4226090172467732E-013
           6           3  -4.1681483462648938E-014
           6           4  -8.6246099365194687E-014
           6           5   9.9113600480498953E-014
           6           6   2.0003538987350602     
           6           7   6.2170880016405055E-015
           6           8  -4.5392180123584653E-015
           6           9   2.3854473032992422E-003
           6          10  -1.1114156470154614E-014
           6          11  -2.6931487096853031E-014
           6          12   4.2729442626046860E-002
           6          13  -7.4122565724156113E-015
           6          14  -4.6634788045122252E-015
           6          15  -3.3961518878262001E-002
           6          16  -1.0781848504282422E-014
           6          17   2.3361412630762207E-014
           6          18   1.2755568260019545E-014
           6          19   2.2535447866138487E-014
           6          20   1.1918453427708460E-014
           6          21   8.7878110972029604E-015
           6          22   6.6322515804330351E-015
           6          23   7.0683041711605510E-015
           6          24   1.8251775413761136E-014
           6          25   7.1882190323985182E-015
           6          26  -1.7139749913270834E-014
           6          27   7.6499148821919715E-016
           6          28   2.2262709681423099E-015
           6          29  -1.8060620716504175E-014
           7           1   1.0773816886440284E-015
           7           2  -7.5861646703746192E-013
           7           3  -3.6019182664068925E-014
           7           4  -1.2784865013618222E-013
           7           5   1.8353757094119587E-013
           7           6   6.2170880016405055E-015
           7           7   2.0003538987350513     
           7           8  -8.8370269760675374E-016
           7           9   5.8192057943153709E-014
           7          10   2.3854473032492180E-003
           7          11  -5.7882464012793317E-014
           7          12   5.9837226319697514E-014
           7          13   4.2729442625996240E-002
           7          14  -5.8542580505517232E-015
           7          15  -6.9863711170406160E-014
           7          16  -3.3961518878246222E-002
           7          17   4.3029165300302282E-014
           7          18   4.9477159477870367E-014
           7          19   5.4646162199448090E-014
           7          20  -3.6074690205945694E-014
           7          21   1.4867938943169157E-014
           7          22   7.6779815072070576E-015
           7          23  -1.9959414479488587E-014
           7          24   2.2029811419558999E-014
           7          25   1.5586573344756965E-014
           7          26  -4.1308780989164795E-014
           7          27   2.1673741811234539E-015
           7          28   4.7864993382357166E-015
           7          29  -4.7216139775291798E-014
           8           1  -1.2864067248469925E-015
           8           2   3.1372452679082233E-013
           8           3   7.3075675530961972E-015
           8           4   5.4692868505444487E-014
           8           5  -9.3443476086538808E-014
           8           6  -4.5392180123584653E-015
           8           7  -8.8370269760675374E-016
           8           8   2.0003538987350580     
           8           9  -3.0897281803366912E-014
           8          10   1.2267097060371394E-014
           8          11   2.3854473033034763E-003
           8          12  -3.0632722920753596E-014
           8          13   1.1788909692195234E-014
           8          14   4.2729442626016828E-002
           8          15   3.6922179723341963E-014
           8          16   8.3206011525228688E-015
           8          17  -3.3961518878247623E-002
           8          18  -3.4356649189881717E-015
           8          19  -2.7450086977458554E-014
           8          20   5.9845566471946412E-015
           8          21  -6.9436580339061521E-015
           8          22  -3.2814632221599127E-015
           8          23   2.1741128657667742E-014
           8          24  -1.0264010067362145E-014
           8          25  -7.3029476520687425E-015
           8          26   2.7136957476978720E-014
           8          27  -1.7704659591468983E-015
           8          28  -4.1913826182055720E-015
           8          29   2.8209716228910990E-014
           9           1  -1.5594261737025272E-015
           9           2  -1.0587695940907754E-014
           9           3  -3.9240751668610567E-014
           9           4  -3.8224727645091713E-014
           9           5   3.2488195494887622E-014
           9           6   2.3854473032992422E-003
           9           7   5.8192057943153709E-014
           9           8  -3.0897281803366912E-014
           9           9   1.9523764007044622     
           9          10  -2.0955459591090753E-015
           9          11   3.2092384298109214E-016
           9          12   8.1175368841794715E-002
           9          13   1.3287981825852172E-015
           9          14  -1.1386724896312611E-014
           9          15   1.7495105453137233E-002
           9          16   2.8622937352688946E-016
           9          17   4.5588532948571165E-015
           9          18  -1.8807479827630570E-013
           9          19   2.7366782777179595E-014
           9          20   1.6818166125320799E-013
           9          21  -6.3848555225846659E-015
           9          22  -3.1089699495882945E-014
           9          23   7.5260116216719986E-014
           9          24   2.4071754382404967E-014
           9          25  -3.6072475820367111E-015
           9          26  -1.4729054861210192E-014
           9          27   3.0282193556520790E-016
           9          28  -6.8142389009345046E-015
           9          29  -3.4797505987621263E-015
          10           1  -1.8694611233201440E-015
          10           2   2.2964065594756805E-014
          10           3  -2.8167065481086406E-014
          10           4  -2.5506918479874171E-015
          10           5  -4.0153178369849093E-015
          10           6  -1.1114156470154614E-014
          10           7   2.3854473032492180E-003
          10           8   1.2267097060371394E-014
          10           9  -2.0955459591090753E-015
          10          10   1.9523764007044606     
          10          11   2.3939183970844020E-015
          10          12  -1.1268763699866374E-014
          10          13   8.1175368841766959E-002
          10          14   7.3552275383019448E-016
          10          15   1.1931428067729885E-014
          10          16   1.7495105453158299E-002
          10          17  -5.5858095926313962E-015
          10          18   4.8543449158412294E-013
          10          19   4.8290768090233598E-014
          10          20  -5.1585355883053856E-013
          10          21   2.3036331344141532E-014
          10          22  -3.4988429878615009E-014
          10          23   7.8546183233853539E-014
          10          24  -4.9056164030081378E-014
          10          25  -5.3381217321003774E-015
          10          26   6.7965773363989368E-014
          10          27  -5.5936869172242132E-015
          10          28   4.2741570748790208E-015
          10          29   2.4712263961930342E-015
          11           1   9.2842454769162100E-016
          11           2   4.9526237904941674E-015
          11           3   6.8762236667691788E-015
          11           4  -7.4499354058951778E-016
          11           5  -1.1536401251775562E-014
          11           6  -2.6931487096853031E-014
          11           7  -5.7882464012793317E-014
          11           8   2.3854473033034763E-003
          11           9   3.2092384298109214E-016
          11          10   2.3939183970844020E-015
          11          11   1.9523764007044571     
          11          12  -6.3490879220293395E-015
          11          13  -4.7878367934938558E-016
          11          14   8.1175368841775897E-002
          11          15   1.1976530878121233E-014
          11          16  -1.8630930131821796E-015
          11          17   1.7495105453153081E-002
          11          18   3.0973226651816051E-013
          11          19   1.8405209009520392E-014
          11          20  -3.6983970126870265E-013
          11          21  -1.3155013381699468E-014
          11          22  -1.4475354093679626E-015
          11          23   4.0385177156213590E-014
          11          24  -3.2319952436672721E-014
          11          25  -4.3658726875312089E-015
          11          26   4.1865050404705685E-014
          11          27   4.4946216532243705E-015
          11          28   3.6497268064991000E-015
          11          29  -4.5797114151662652E-016
          12           1  -4.4485393058836974E-015
          12           2  -3.6514382552712207E-014
          12           3  -3.6287826163171987E-014
          12           4   7.3695016200991906E-014
          12           5  -2.5030270063727299E-014
          12           6   4.2729442626046860E-002
          12           7   5.9837226319697514E-014
          12           8  -3.0632722920753596E-014
          12           9   8.1175368841794715E-002
          12          10  -1.1268763699866374E-014
          12          11  -6.3490879220293395E-015
          12          12   4.9342060719577141     
          12          13  -1.6476403574809911E-014
          12          14   1.0956513474271565E-014
          12          15  -3.3685700189774472     
          12          16   1.8095767939652530E-014
          12          17  -1.5359241656294684E-014
          12          18   1.2369811915584651E-013
          12          19   3.1204180633772884E-014
          12          20  -7.8249741743543911E-014
          12          21   2.9746168022124693E-015
          12          22  -2.8527739103388662E-014
          12          23   1.4053744640535432E-014
          12          24  -2.0842070969379583E-014
          12          25  -7.0478907570965249E-015
          12          26   2.9218477278566138E-014
          12          27   2.5191187618450191E-015
          12          28  -1.7808167549031256E-014
          12          29  -7.7091538292758024E-015
          13           1   2.6690030361708597E-015
          13           2  -2.1823397936371801E-014
          13           3   2.6697605997499451E-014
          13           4   6.8790273020450630E-014
          13           5   1.1464504765600445E-016
          13           6  -7.4122565724156113E-015
          13           7   4.2729442625996240E-002
          13           8   1.1788909692195234E-014
          13           9   1.3287981825852172E-015
          13          10   8.1175368841766959E-002
          13          11  -4.7878367934938558E-016
          13          12  -1.6476403574809911E-014
          13          13   4.9342060719576288     
          13          14   1.9433239739629143E-014
          13          15   1.9837430309519345E-014
          13          16  -3.3685700189773686     
          13          17  -2.2302038688023204E-014
          13          18   3.2346780371410900E-014
          13          19   4.3039675943968315E-014
          13          20  -5.9651545820216229E-014
          13          21  -9.9830018463327083E-015
          13          22  -4.2925484505505052E-014
          13          23  -3.0329904199858264E-014
          13          24  -1.4157560435453703E-015
          13          25   5.6081910518558512E-015
          13          26  -3.8749286989038930E-015
          13          27  -1.2976210316382316E-014
          13          28   1.4121087401091636E-014
          13          29   3.1301131423864716E-016
          14           1   5.0833229011730865E-016
          14           2   1.6029523598939859E-014
          14           3  -5.3118735812403309E-015
          14           4  -1.0723250365879785E-013
          14           5   3.7371047574501722E-014
          14           6  -4.6634788045122252E-015
          14           7  -5.8542580505517232E-015
          14           8   4.2729442626016828E-002
          14           9  -1.1386724896312611E-014
          14          10   7.3552275383019448E-016
          14          11   8.1175368841775897E-002
          14          12   1.0956513474271565E-014
          14          13   1.9433239739629143E-014
          14          14   4.9342060719576475     
          14          15  -6.0090821207871521E-015
          14          16  -1.5071711240151023E-014
          14          17  -3.3685700189773873     
          14          18  -2.8154757486963424E-014
          14          19   4.8998533204436464E-014
          14          20  -4.7455202561997452E-014
          14          21  -2.3894504980615811E-015
          14          22  -5.2384017101782812E-014
          14          23   6.8524581974197789E-014
          14          24   1.4843751942847762E-014
          14          25  -1.2925644685529844E-014
          14          26   2.2470231107665908E-014
          14          27   1.0678369517746335E-014
          14          28   5.6775720012920549E-015
          14          29  -2.2086852043499613E-015
          15           1   3.7366900759653642E-015
          15           2   3.2392151925071333E-014
          15           3   2.3514216659579951E-014
          15           4  -3.3507544370383512E-014
          15           5   1.3654682413932937E-014
          15           6  -3.3961518878262001E-002
          15           7  -6.9863711170406160E-014
          15           8   3.6922179723341963E-014
          15           9   1.7495105453137233E-002
          15          10   1.1931428067729885E-014
          15          11   1.1976530878121233E-014
          15          12  -3.3685700189774472     
          15          13   1.9837430309519345E-014
          15          14  -6.0090821207871521E-015
          15          15   2.3025108583640090     
          15          16  -1.8019873787576854E-014
          15          17   9.5097540953053803E-015
          15          18  -5.3727841402482608E-014
          15          19  -4.4699483229427143E-014
          15          20   3.1033523952214313E-014
          15          21   5.6346643554073046E-015
          15          22   4.6126765146192615E-014
          15          23  -9.6694195092103472E-015
          15          24   6.3104635369486092E-015
          15          25   7.3268427423363560E-015
          15          26  -2.1311321801697195E-014
          15          27  -2.8596847881951630E-015
          15          28   8.6867160816333870E-015
          15          29   1.3412589071623752E-015
          16           1  -2.5152174514150610E-015
          16           2   2.0530017701516966E-014
          16           3  -1.8175815691308959E-014
          16           4  -4.9797261925908102E-014
          16           5  -5.7016499841457227E-017
          16           6  -1.0781848504282422E-014
          16           7  -3.3961518878246222E-002
          16           8   8.3206011525228688E-015
          16           9   2.8622937352688946E-016
          16          10   1.7495105453158299E-002
          16          11  -1.8630930131821796E-015
          16          12   1.8095767939652530E-014
          16          13  -3.3685700189773686     
          16          14  -1.5071711240151023E-014
          16          15  -1.8019873787576854E-014
          16          16   2.3025108583639406     
          16          17   1.5988946278076196E-014
          16          18   6.4802481881361965E-014
          16          19   2.4502964980497034E-015
          16          20  -3.1118135025250869E-014
          16          21   1.0913630705936663E-014
          16          22   3.0927032056247460E-015
          16          23   6.7501825118785175E-015
          16          24  -8.8666894377643530E-015
          16          25  -7.5543010298887141E-015
          16          26   1.2009076923271797E-014
          16          27   8.2397434283469532E-015
          16          28  -6.6439341177783672E-015
          16          29   2.5239639677726317E-015
          17           1  -7.4360083410257738E-016
          17           2  -2.6819420229526745E-014
          17           3  -1.2065490687241197E-015
          17           4   1.1023256251741796E-013
          17           5  -3.4563105134340825E-014
          17           6   2.3361412630762207E-014
          17           7   4.3029165300302282E-014
          17           8  -3.3961518878247623E-002
          17           9   4.5588532948571165E-015
          17          10  -5.5858095926313962E-015
          17          11   1.7495105453153081E-002
          17          12  -1.5359241656294684E-014
          17          13  -2.2302038688023204E-014
          17          14  -3.3685700189773873     
          17          15   9.5097540953053803E-015
          17          16   1.5988946278076196E-014
          17          17   2.3025108583639575     
          17          18   7.3072527216887389E-014
          17          19  -4.3889467012112206E-014
          17          20   1.1042952053347323E-014
          17          21   1.0549453777025730E-014
          17          22   4.9169499673684211E-014
          17          23  -6.3049795778902791E-014
          17          24  -2.2415315853779546E-014
          17          25   9.8994962627963919E-015
          17          26  -1.9209288606328094E-014
          17          27  -8.4587374360980537E-015
          17          28  -5.3200599647333255E-015
          17          29  -2.7997623535170321E-015
          18           1   1.4155268608781963E-002
          18           2 -0.37808540551823899     
          18           3 -0.29748760694318582     
          18           4   1.1196401578082296     
          18           5 -0.25631120624908343     
          18           6   1.2755568260019545E-014
          18           7   4.9477159477870367E-014
          18           8  -3.4356649189881717E-015
          18           9  -1.8807479827630570E-013
          18          10   4.8543449158412294E-013
          18          11   3.0973226651816051E-013
          18          12   1.2369811915584651E-013
          18          13   3.2346780371410900E-014
          18          14  -2.8154757486963424E-014
          18          15  -5.3727841402482608E-014
          18          16   6.4802481881361965E-014
          18          17   7.3072527216887389E-014
          18          18   2.2975398738313881     
          18          19  -5.8522787454365276E-012
          18          20 -0.85186857846989295     
          18          21   8.9616714649070994E-012
          18          22  -2.5064126039145239E-012
          18          23 -0.85186857847018216     
          18          24 -0.51536053481001676     
          18          25   6.3013850077666849E-013
          18          26 -0.10875682482491483     
          18          27  -8.1006519654032684E-013
          18          28   1.9554929092583422E-015
          18          29 -0.10875682482442922     
          19           1   1.3292358375847196E-015
          19           2   1.7063598258136841E-014
          19           3   6.9417537173877229E-014
          19           4   1.3526870715090220E-013
          19           5  -1.2158560713936408E-013
          19           6   2.2535447866138487E-014
          19           7   5.4646162199448090E-014
          19           8  -2.7450086977458554E-014
          19           9   2.7366782777179595E-014
          19          10   4.8290768090233598E-014
          19          11   1.8405209009520392E-014
          19          12   3.1204180633772884E-014
          19          13   4.3039675943968315E-014
          19          14   4.8998533204436464E-014
          19          15  -4.4699483229427143E-014
          19          16   2.4502964980497034E-015
          19          17  -4.3889467012112206E-014
          19          18  -5.8522787454365276E-012
          19          19   2.0986521661793631     
          19          20   5.7991113640629334E-012
          19          21  -1.4432899982331640E-015
          19          22  -2.0539125729142086E-015
          19          23   1.7320760013125217E-014
          19          24   6.4028948660703379E-013
          19          25 -0.26721006858064311     
          19          26  -6.6927231241541276E-013
          19          27   1.4393000686113295E-014
          19          28   1.6531914725814144E-014
          19          29  -9.5868683857383152E-015
          20           1   1.4155268608780485E-002
          20           2 -0.37808540551842607     
          20           3 -0.29748760694338788     
          20           4   1.1196401578087620     
          20           5 -0.25631120625000714     
          20           6   1.1918453427708460E-014
          20           7  -3.6074690205945694E-014
          20           8   5.9845566471946412E-015
          20           9   1.6818166125320799E-013
          20          10  -5.1585355883053856E-013
          20          11  -3.6983970126870265E-013
          20          12  -7.8249741743543911E-014
          20          13  -5.9651545820216229E-014
          20          14  -4.7455202561997452E-014
          20          15   3.1033523952214313E-014
          20          16  -3.1118135025250869E-014
          20          17   1.1042952053347323E-014
          20          18 -0.85186857846989295     
          20          19   5.7991113640629334E-012
          20          20   2.2975398738317327     
          20          21  -9.1810804727894278E-012
          20          22   3.5779166663671270E-012
          20          23 -0.85186857846985964     
          20          24 -0.10875682482443663     
          20          25  -6.0706619926812508E-013
          20          26 -0.51536053480968103     
          20          27   8.4673325577941928E-013
          20          28  -6.8267217261189862E-014
          20          29 -0.10875682482519561     
          21           1   2.7915258594976717E-016
          21           2  -9.6584083511832529E-015
          21           3   3.7101896862957724E-015
          21           4  -3.3014000301849613E-014
          21           5  -2.5886414262896845E-014
          21           6   8.7878110972029604E-015
          21           7   1.4867938943169157E-014
          21           8  -6.9436580339061521E-015
          21           9  -6.3848555225846659E-015
          21          10   2.3036331344141532E-014
          21          11  -1.3155013381699468E-014
          21          12   2.9746168022124693E-015
          21          13  -9.9830018463327083E-015
          21          14  -2.3894504980615811E-015
          21          15   5.6346643554073046E-015
          21          16   1.0913630705936663E-014
          21          17   1.0549453777025730E-014
          21          18   8.9616714649070994E-012
          21          19  -1.4432899982331640E-015
          21          20  -9.1810804727894278E-012
          21          21   2.0986521661793653     
          21          22   2.1441181828529633E-015
          21          23   2.2160763891720404E-013
          21          24  -1.0532031683841055E-012
          21          25   7.5677312347838424E-016
          21          26   1.0988999521428926E-012
          21          27 -0.26721006858065632     
          21          28   4.8862823513147083E-015
          21          29   6.3293538726577176E-015
          22           1  -6.3472602198670009E-015
          22           2  -6.4823880509081708E-014
          22           3  -1.5706525557978407E-013
          22           4  -1.7434852749067043E-013
          22           5   1.1015696820420352E-013
          22           6   6.6322515804330351E-015
          22           7   7.6779815072070576E-015
          22           8  -3.2814632221599127E-015
          22           9  -3.1089699495882945E-014
          22          10  -3.4988429878615009E-014
          22          11  -1.4475354093679626E-015
          22          12  -2.8527739103388662E-014
          22          13  -4.2925484505505052E-014
          22          14  -5.2384017101782812E-014
          22          15   4.6126765146192615E-014
          22          16   3.0927032056247460E-015
          22          17   4.9169499673684211E-014
          22          18  -2.5064126039145239E-012
          22          19  -2.0539125729142086E-015
          22          20   3.5779166663671270E-012
          22          21   2.1441181828529633E-015
          22          22   2.0986521661793649     
          22          23  -9.0282792779105654E-013
          22          24   3.5033419659982495E-013
          22          25  -1.4190038057687671E-015
          22          26  -4.0208159125135919E-013
          22          27  -1.7249656561245562E-014
          22          28 -0.26721006858065410     
          22          29   1.3731021484080253E-013
          23           1   1.4155268608793663E-002
          23           2 -0.37808540551815417     
          23           3 -0.29748760694292131     
          23           4   1.1196401578087198     
          23           5 -0.25631120624950510     
          23           6   7.0683041711605510E-015
          23           7  -1.9959414479488587E-014
          23           8   2.1741128657667742E-014
          23           9   7.5260116216719986E-014
          23          10   7.8546183233853539E-014
          23          11   4.0385177156213590E-014
          23          12   1.4053744640535432E-014
          23          13  -3.0329904199858264E-014
          23          14   6.8524581974197789E-014
          23          15  -9.6694195092103472E-015
          23          16   6.7501825118785175E-015
          23          17  -6.3049795778902791E-014
          23          18 -0.85186857847018216     
          23          19   1.7320760013125217E-014
          23          20 -0.85186857846985964     
          23          21   2.2160763891720404E-013
          23          22  -9.0282792779105654E-013
          23          23   2.2975398738311861     
          23          24 -0.10875682482487546     
          23          25  -1.3527213073956406E-014
          23          26 -0.10875682482489489     
          23          27  -1.2917656804613974E-014
          23          28   8.7975315654702851E-014
          23          29 -0.51536053480976451     
          24           1   2.2453316289191821E-002
          24           2  0.12046141480725367     
          24           3  0.35062100704719418     
          24           4  -1.9007692723185601     
          24           5  0.44330504826483852     
          24           6   1.8251775413761136E-014
          24           7   2.2029811419558999E-014
          24           8  -1.0264010067362145E-014
          24           9   2.4071754382404967E-014
          24          10  -4.9056164030081378E-014
          24          11  -3.2319952436672721E-014
          24          12  -2.0842070969379583E-014
          24          13  -1.4157560435453703E-015
          24          14   1.4843751942847762E-014
          24          15   6.3104635369486092E-015
          24          16  -8.8666894377643530E-015
          24          17  -2.2415315853779546E-014
          24          18 -0.51536053481001676     
          24          19   6.4028948660703379E-013
          24          20 -0.10875682482443663     
          24          21  -1.0532031683841055E-012
          24          22   3.5033419659982495E-013
          24          23 -0.10875682482487546     
          24          24  0.43561046656456692     
          24          25  -6.9013827560806834E-014
          24          26  0.38263749000371938     
          24          27   8.3627369961846344E-014
          24          28  -2.9340269322851322E-014
          24          29  0.38263749000372571     
          25           1   4.7400671394826055E-017
          25           2  -8.4300927666008070E-015
          25           3  -1.1021003329893790E-014
          25           4  -1.4958099909400980E-014
          25           5   1.4344825490854471E-014
          25           6   7.1882190323985182E-015
          25           7   1.5586573344756965E-014
          25           8  -7.3029476520687425E-015
          25           9  -3.6072475820367111E-015
          25          10  -5.3381217321003774E-015
          25          11  -4.3658726875312089E-015
          25          12  -7.0478907570965249E-015
          25          13   5.6081910518558512E-015
          25          14  -1.2925644685529844E-014
          25          15   7.3268427423363560E-015
          25          16  -7.5543010298887141E-015
          25          17   9.8994962627963919E-015
          25          18   6.3013850077666849E-013
          25          19 -0.26721006858064311     
          25          20  -6.0706619926812508E-013
          25          21   7.5677312347838424E-016
          25          22  -1.4190038057687671E-015
          25          23  -1.3527213073956406E-014
          25          24  -6.9013827560806834E-014
          25          25   3.4347986445187585E-002
          25          26   6.9338921658899286E-014
          25          27  -1.5970298007057614E-015
          25          28  -1.7607443280902960E-015
          25          29   1.7404674406617613E-015
          26           1   2.2453316289192705E-002
          26           2  0.12046141480729586     
          26           3  0.35062100704725541     
          26           4  -1.9007692723186693     
          26           5  0.44330504826495309     
          26           6  -1.7139749913270834E-014
          26           7  -4.1308780989164795E-014
          26           8   2.7136957476978720E-014
          26           9  -1.4729054861210192E-014
          26          10   6.7965773363989368E-014
          26          11   4.1865050404705685E-014
          26          12   2.9218477278566138E-014
          26          13  -3.8749286989038930E-015
          26          14   2.2470231107665908E-014
          26          15  -2.1311321801697195E-014
          26          16   1.2009076923271797E-014
          26          17  -1.9209288606328094E-014
          26          18 -0.10875682482491483     
          26          19  -6.6927231241541276E-013
          26          20 -0.51536053480968103     
          26          21   1.0988999521428926E-012
          26          22  -4.0208159125135919E-013
          26          23 -0.10875682482489489     
          26          24  0.38263749000371938     
          26          25   6.9338921658899286E-014
          26          26  0.43561046656450225     
          26          27  -1.1423282934223224E-013
          26          28  -1.6484294486026534E-014
          26          29  0.38263749000382191     
          27           1  -6.7880393532418060E-016
          27           2  -1.6512817840671842E-015
          27           3  -3.9836075135118034E-015
          27           4   6.3822902959761935E-014
          27           5  -1.0561409415605470E-014
          27           6   7.6499148821919715E-016
          27           7   2.1673741811234539E-015
          27           8  -1.7704659591468983E-015
          27           9   3.0282193556520790E-016
          27          10  -5.5936869172242132E-015
          27          11   4.4946216532243705E-015
          27          12   2.5191187618450191E-015
          27          13  -1.2976210316382316E-014
          27          14   1.0678369517746335E-014
          27          15  -2.8596847881951630E-015
          27          16   8.2397434283469532E-015
          27          17  -8.4587374360980537E-015
          27          18  -8.1006519654032684E-013
          27          19   1.4393000686113295E-014
          27          20   8.4673325577941928E-013
          27          21 -0.26721006858065632     
          27          22  -1.7249656561245562E-014
          27          23  -1.2917656804613974E-014
          27          24   8.3627369961846344E-014
          27          25  -1.5970298007057614E-015
          27          26  -1.1423282934223224E-013
          27          27   3.4347986445191221E-002
          27          28   1.3027773304272077E-015
          27          29  -1.4648660859651823E-014
          28           1   3.8704778337391653E-016
