           1           1   2.0000574475948358     
           1           2   7.9050805667393460E-005
           1           3   2.4769004972024426E-003
           1           4   7.0285141162078151E-004
           1           5   2.2690486665681824E-004
           1           6   2.6466941865220470E-011
           1           7  -9.9644055481428392E-013
           1           8  -4.3569553545968400E-012
           1           9  -4.0698972394257494E-012
           1          10   1.4742613448636910E-011
           1          11   2.1512190624246105E-011
           1          12  -5.1685249358784654E-013
           1          13   1.5935746507420360E-012
           1          14  -5.4772633052451187E-012
           1          15   4.6704149868185460E-015
           1          16   1.6339580945750000E-014
           1          17   9.2376149076449393E-014
           1          18  -4.1512951877144884E-004
           1          19   2.6027216799667525E-013
           1          20  -4.1512951846043851E-004
           1          21   2.4983781699228472E-012
           1          22   1.0938138247862784E-012
           1          23  -4.1512952274019410E-004
           1          24  -4.5848058299210949E-004
           1          25   7.5942447113144815E-014
           1          26  -4.5848058300752430E-004
           1          27   2.5820419641370880E-014
           1          28  -1.9045638620358595E-014
           1          29  -4.5848058287120393E-004
           2           1   7.9050805667393460E-005
           2           2   1.9927816897840391     
           2           3   1.4087660617723026E-002
           2           4  -5.7141904505921184E-003
           2           5   5.9366717725921631E-003
           2           6  -1.1411622971645609E-010
           2           7   2.5532667004171719E-012
           2           8   2.1335173441106537E-011
           2           9   2.1632819891171847E-011
           2          10  -4.8001511886377724E-011
           2          11  -9.2544379849340858E-011
           2          12  -5.7281311545260104E-012
           2          13   2.6031920822506754E-011
           2          14  -9.3352461376955471E-013
           2          15   1.3508027438558472E-012
           2          16  -2.8714512197553178E-013
           2          17  -1.7422379815734816E-012
           2          18   3.1021739172685096E-003
           2          19  -5.8992175340811637E-011
           2          20   3.1021739342908883E-003
           2          21   5.9503975267482476E-011
           2          22   4.9188280254844320E-011
           2          23   3.1021738306551859E-003
           2          24  -2.3106948667601158E-003
           2          25  -5.1941232150805052E-013
           2          26  -2.3106948661633800E-003
           2          27   7.2155508275269596E-013
           2          28   5.1612369597950463E-013
           2          29  -2.3106948672800319E-003
           3           1   2.4769004972024426E-003
           3           2   1.4087660617723026E-002
           3           3   2.0919299427480817     
           3           4   3.3931876877831550E-002
           3           5   7.0352494338535403E-003
           3           6   5.6964779745694064E-011
           3           7   2.3864028766269436E-012
           3           8  -7.6090072509081350E-012
           3           9  -5.8197104831763160E-012
           3          10   4.9540322962080693E-011
           3          11   4.6578444411778324E-011
           3          12  -5.2670789817225566E-011
           3          13   9.1388808563700572E-011
           3          14  -8.3902310896317950E-011
           3          15   2.1264309907168747E-011
           3          16   6.8078458097642555E-012
           3          17  -3.4648220463263137E-012
           3          18  -2.2248978060473368E-002
           3          19  -4.4530734392615731E-011
           3          20  -2.2248978048069412E-002
           3          21   1.2871705240776874E-010
           3          22   8.1048895444722847E-011
           3          23  -2.2248978215948893E-002
           3          24  -1.7140065161391219E-002
           3          25   5.0983212183919674E-012
           3          26  -1.7140065164326534E-002
           3          27   1.7940757245970893E-012
           3          28  -3.5490830176842882E-013
           3          29  -1.7140065164289536E-002
           4           1   7.0285141162078151E-004
           4           2  -5.7141904505921184E-003
           4           3   3.3931876877831550E-002
           4           4   2.0398248364506926     
           4           5  -1.8990066800044208E-002
           4           6  -1.1221110905473967E-011
           4           7   6.6812349519493959E-012
           4           8   2.9510625279315208E-012
           4           9   1.3713268433473759E-011
           4          10   7.0603044191991922E-012
           4          11  -2.1732812727331189E-011
           4          12   4.2723424917838646E-010
           4          13   5.6852978920603751E-010
           4          14  -5.1706395658996088E-010
           4          15  -1.3463190151206265E-010
           4          16  -2.2286110048657145E-010
           4          17   8.7549519528665848E-011
           4          18   5.2649889611332424E-003
           4          19   2.2021519946848177E-010
           4          20   5.2649888037762296E-003
           4          21   1.5374431731101674E-010
           4          22  -4.9734578539099221E-011
           4          23   5.2649884808769216E-003
           4          24  -2.5941515012952669E-003
           4          25  -1.8378981166008640E-011
           4          26  -2.5941515062215606E-003
           4          27   5.9111214709894625E-013
           4          28   1.1797671638246247E-011
           4          29  -2.5941514647888145E-003
           5           1   2.2690486665681824E-004
           5           2   5.9366717725921631E-003
           5           3   7.0352494338535403E-003
           5           4  -1.8990066800044208E-002
           5           5   7.5378745242662320E-004
           5           6   3.7640056678548993E-012
           5           7  -1.4916008902920827E-012
           5           8   7.1136236360112235E-013
           5           9   2.1079169681307913E-012
           5          10   1.4249476854481625E-012
           5          11   2.3542975797953898E-012
           5          12   1.5197503310630462E-010
           5          13  -4.0361305212816320E-010
           5          14   3.2668794505547356E-010
           5          15  -3.6094726027425975E-012
           5          16   8.4125632371524178E-012
           5          17  -3.2612730853258297E-012
           5          18  -7.1271684318624799E-005
           5          19  -9.8162137384443964E-010
           5          20  -7.1271489259527290E-005
           5          21   4.5401479361993577E-010
           5          22   5.5145704930534692E-010
           5          23  -7.1272152093225646E-005
           5          24  -5.5748561388656607E-004
           5          25  -1.0731682109275751E-011
           5          26  -5.5748560861210302E-004
           5          27   3.5176552023844097E-012
           5          28   4.4893812517653605E-012
           5          29  -5.5748560859592011E-004
           6           1   2.6466941865220470E-011
           6           2  -1.1411622971645609E-010
           6           3   5.6964779745694064E-011
           6           4  -1.1221110905473967E-011
           6           5   3.7640056678548993E-012
           6           6   2.0000018114489864     
           6           7   1.2434210271652930E-014
           6           8  -6.0729401523416622E-015
           6           9  -2.0966086254071762E-005
           6          10   1.4713563795265533E-013
           6          11   2.3541739983127195E-013
           6          12   2.2611744642756030E-004
           6          13   1.8064798381818292E-012
           6          14   1.9858905459972937E-012
           6          15  -1.1813650278789909E-004
           6          16  -6.7266476221333325E-013
           6          17  -2.2182344098798974E-013
           6          18  -2.5999058508020114E-012
           6          19   2.4321505694026956E-012
           6          20   2.3355840334643707E-013
           6          21  -1.0155038583849336E-015
           6          22  -1.1582116517920170E-012
           6          23   3.5980319788067766E-012
           6          24  -1.0570543046800428E-013
           6          25  -2.9380201776307879E-013
           6          26   3.7373778970292648E-013
           6          27   3.8271266854871311E-013
           6          28   1.7887582712667298E-013
           6          29  -7.5239538201853628E-013
           7           1  -9.9644055481428392E-013
           7           2   2.5532667004171719E-012
           7           3   2.3864028766269436E-012
           7           4   6.6812349519493959E-012
           7           5  -1.4916008902920827E-012
           7           6   1.2434210271652930E-014
           7           7   2.0000018114489895     
           7           8   2.6947611128999200E-017
           7           9   6.9842564132031174E-013
           7          10  -2.0966086311528934E-005
           7          11  -1.0006133897730635E-014
           7          12   4.8068931718311306E-012
           7          13   2.2611744729376807E-004
           7          14  -2.2489551216184955E-012
           7          15  -1.3037169928584030E-012
           7          16  -1.1813650286380089E-004
           7          17   1.8559504990569602E-013
           7          18  -6.3787357811480978E-012
           7          19   9.9704151015178096E-012
           7          20  -8.5416871546745755E-012
           7          21  -6.8425351356543315E-012
           7          22  -6.4613349999411849E-012
           7          23   8.0853809075612811E-012
           7          24  -7.7878273492561573E-013
           7          25  -2.2477034554970652E-013
           7          26  -1.6428910570087860E-012
           7          27  -3.0064274764827972E-013
           7          28   1.0974057201642059E-014
           7          29  -7.6134334555231304E-013
           8           1  -4.3569553545968400E-012
           8           2   2.1335173441106537E-011
           8           3  -7.6090072509081350E-012
           8           4   2.9510625279315208E-012
           8           5   7.1136236360112235E-013
           8           6  -6.0729401523416622E-015
           8           7   2.6947611128999200E-017
           8           8   2.0000018114490077     
           8           9  -3.8869823432545008E-014
           8          10  -1.3153567380460218E-013
           8          11  -2.0966085974062002E-005
           8          12  -4.8144486414012426E-014
           8          13  -3.8637920348565747E-013
           8          14   2.2611745432627665E-004
           8          15   7.0941174682668476E-013
           8          16  -2.9631118605880056E-013
           8          17  -1.1813650435259923E-004
           8          18  -5.9488976739825457E-012
           8          19   4.7479887423454874E-012
           8          20   2.5109880043396006E-013
           8          21  -3.8935754833631909E-012
           8          22  -1.0397717427041253E-013
           8          23   1.9388058912636907E-012
           8          24  -1.0967290922724882E-012
           8          25  -3.2154813607255335E-013
           8          26  -1.0264547285603148E-012
           8          27  -1.5617588524749920E-014
           8          28  -5.1011775424737056E-013
           8          29  -1.0057166345736755E-012
           9           1  -4.0698972394257494E-012
           9           2   2.1632819891171847E-011
           9           3  -5.8197104831763160E-012
           9           4   1.3713268433473759E-011
           9           5   2.1079169681307913E-012
           9           6  -2.0966086254071762E-005
           9           7   6.9842564132031174E-013
           9           8  -3.8869823432545008E-014
           9           9   1.9989540088091649     
           9          10   2.8233443154152333E-012
           9          11  -8.8476125656321517E-013
           9          12  -3.3582669533599192E-003
           9          13   5.8696157430158566E-011
           9          14   3.2767936874520092E-011
           9          15   4.4650542542750606E-003
           9          16  -3.7421110658154920E-011
           9          17   5.8348198152418966E-013
           9          18   2.1284351430238057E-011
           9          19  -7.0109058094684434E-011
           9          20   7.6567155558891372E-011
           9          21   6.4365241036494826E-011
           9          22   5.3771341160425913E-011
           9          23  -1.0749341616306267E-010
           9          24  -2.4265142723431774E-012
           9          25  -1.5135218388144797E-011
           9          26   4.4348165344453964E-012
           9          27  -2.0964746401816241E-011
           9          28  -1.5244613222597135E-012
           9          29   3.0586152075545894E-013
          10           1   1.4742613448636910E-011
          10           2  -4.8001511886377724E-011
          10           3   4.9540322962080693E-011
          10           4   7.0603044191991922E-012
          10           5   1.4249476854481625E-012
          10           6   1.4713563795265533E-013
          10           7  -2.0966086311528934E-005
          10           8  -1.3153567380460218E-013
          10           9   2.8233443154152333E-012
          10          10   1.9989540087925395     
          10          11  -3.1762263162394404E-012
          10          12   2.9437726357230145E-011
          10          13  -3.3582670347230151E-003
          10          14  -5.0992158528089605E-011
          10          15   1.2337554550057636E-011
          10          16   4.4650543250474928E-003
          10          17   1.6008795693138370E-011
          10          18  -3.4220067808458703E-011
          10          19   7.2965537448046602E-011
          10          20  -2.7471584632762947E-011
          10          21  -3.8544539829567487E-011
          10          22  -2.5182274420374924E-011
          10          23   2.5070231175799414E-011
          10          24   1.2430332234767507E-011
          10          25   1.6434732921641691E-011
          10          26   8.8987042375864970E-012
          10          27   4.7834696614644501E-012
          10          28   4.5033150928555698E-012
          10          29   3.3044745736231181E-012
          11           1   2.1512190624246105E-011
          11           2  -9.2544379849340858E-011
          11           3   4.6578444411778324E-011
          11           4  -2.1732812727331189E-011
          11           5   2.3542975797953898E-012
          11           6   2.3541739983127195E-013
          11           7  -1.0006133897730635E-014
          11           8  -2.0966085974062002E-005
          11           9  -8.8476125656321517E-013
          11          10  -3.1762263162394404E-012
          11          11   1.9989540087998621     
          11          12  -4.8621874663830544E-012
          11          13  -1.9144905711722377E-011
          11          14  -3.3582669447410557E-003
          11          15   6.4677453107768001E-012
          11          16   1.1427926173522244E-011
          11          17   4.4650542930878973E-003
          11          18  -1.9782330815382700E-011
          11          19  -9.8545875367410740E-012
          11          20   6.8516093474165647E-011
          11          21  -6.2687674581732350E-012
          11          22   2.5773460943872713E-011
          11          23  -5.0739749138805974E-011
          11          24  -8.5212375226000658E-012
          11          25   7.8149617753160198E-013
          11          26   5.1387282134146978E-012
          11          27  -1.8374895701438337E-012
          11          28  -5.5245674850629073E-012
          11          29   9.3225718311298661E-012
          12           1  -5.1685249358784654E-013
          12           2  -5.7281311545260104E-012
          12           3  -5.2670789817225566E-011
          12           4   4.2723424917838646E-010
          12           5   1.5197503310630462E-010
          12           6   2.2611744642756030E-004
          12           7   4.8068931718311306E-012
          12           8  -4.8144486414012426E-014
          12           9  -3.3582669533599192E-003
          12          10   2.9437726357230145E-011
          12          11  -4.8621874663830544E-012
          12          12   1.0242487303237959     
          12          13   5.5484762303247654E-010
          12          14   3.0996780575584669E-010
          12          15  -1.3286382025542824E-002
          12          16  -4.2195101282359490E-010
          12          17  -1.1947095071964639E-011
          12          18  -4.0547833764148208E-010
          12          19   4.1141679980566981E-011
          12          20   1.5465554374413918E-010
          12          21  -1.3479502426928153E-011
          12          22   4.8014589390762012E-011
          12          23   2.3015296582937225E-010
          12          24   3.1603327305355520E-011
          12          25  -1.1050155828105365E-010
          12          26   6.5630335920204797E-012
          12          27   1.5932812335615229E-012
          12          28   1.0854603885208189E-010
          12          29  -1.0003401189970854E-010
          13           1   1.5935746507420360E-012
          13           2   2.6031920822506754E-011
          13           3   9.1388808563700572E-011
          13           4   5.6852978920603751E-010
          13           5  -4.0361305212816320E-010
          13           6   1.8064798381818292E-012
          13           7   2.2611744729376807E-004
          13           8  -3.8637920348565747E-013
          13           9   5.8696157430158566E-011
          13          10  -3.3582670347230151E-003
          13          11  -1.9144905711722377E-011
          13          12   5.5484762303247654E-010
          13          13   1.0242487305044319     
          13          14  -2.1618646339855905E-010
          13          15  -1.8999835969466316E-010
          13          16  -1.3286382125260223E-002
          13          17   3.8800355259168251E-011
          13          18  -2.0226410319079772E-010
          13          19   3.1476649711338912E-010
          13          20  -5.7399385617848836E-012
          13          21  -2.5622614014548574E-010
          13          22  -8.4939648455363169E-011
          13          23   2.4389616851058195E-010
          13          24  -6.9423908472127460E-011
          13          25   6.6460705106891389E-012
          13          26   3.6316044742536256E-011
          13          27   1.8340299048084959E-011
          13          28  -4.3502343254411579E-011
          13          29   3.0759726174505449E-011
          14           1  -5.4772633052451187E-012
          14           2  -9.3352461376955471E-013
          14           3  -8.3902310896317950E-011
          14           4  -5.1706395658996088E-010
          14           5   3.2668794505547356E-010
          14           6   1.9858905459972937E-012
          14           7  -2.2489551216184955E-012
          14           8   2.2611745432627665E-004
          14           9   3.2767936874520092E-011
          14          10  -5.0992158528089605E-011
          14          11  -3.3582669447410557E-003
          14          12   3.0996780575584669E-010
          14          13  -2.1618646339855905E-010
          14          14   1.0242487313575070     
          14          15  -3.2997205867380461E-010
          14          16   1.9961802552614619E-010
          14          17  -1.3286382595699553E-002
          14          18  -2.3451573924371521E-010
          14          19   1.3928648155959156E-010
          14          20   2.0898360196435114E-010
          14          21  -2.6888268794432724E-010
          14          22   7.1452498280891863E-011
          14          23  -7.2415644141496262E-012
          14          24   4.9767760786822741E-011
          14          25   5.2470472593161202E-011
          14          26  -4.2899923437952032E-011
          14          27  -9.0712682764870221E-011
          14          28   4.9303159638378410E-011
          14          29   5.8384407843437685E-011
          15           1   4.6704149868185460E-015
          15           2   1.3508027438558472E-012
          15           3   2.1264309907168747E-011
          15           4  -1.3463190151206265E-010
          15           5  -3.6094726027425975E-012
          15           6  -1.1813650278789909E-004
          15           7  -1.3037169928584030E-012
          15           8   7.0941174682668476E-013
          15           9   4.4650542542750606E-003
          15          10   1.2337554550057636E-011
          15          11   6.4677453107768001E-012
          15          12  -1.3286382025542824E-002
          15          13  -1.8999835969466316E-010
          15          14  -3.2997205867380461E-010
          15          15   1.8241634079848679E-004
          15          16   7.7755263449061689E-012
          15          17   4.3983483535072389E-012
          15          18   2.2615942765905433E-010
          15          19   1.1552853621783119E-010
          15          20  -2.2523684222490101E-010
          15          21  -7.6637734532420763E-011
          15          22  -1.5063984601307670E-010
          15          23  -3.1098547032088658E-012
          15          24   8.6309890806411085E-012
          15          25   1.4380653985348161E-012
          15          26  -1.1582097223118274E-012
          15          27   1.5189339127491790E-013
          15          28  -2.7016882161033855E-012
          15          29   1.7985509734349739E-012
          16           1   1.6339580945750000E-014
          16           2  -2.8714512197553178E-013
          16           3   6.8078458097642555E-012
          16           4  -2.2286110048657145E-010
          16           5   8.4125632371524178E-012
          16           6  -6.7266476221333325E-013
          16           7  -1.1813650286380089E-004
          16           8  -2.9631118605880056E-013
          16           9  -3.7421110658154920E-011
          16          10   4.4650543250474928E-003
          16          11   1.1427926173522244E-011
          16          12  -4.2195101282359490E-010
          16          13  -1.3286382125260223E-002
          16          14   1.9961802552614619E-010
          16          15   7.7755263449061689E-012
          16          16   1.8241634360171926E-004
          16          17  -2.9988218888111590E-012
          16          18   9.6051823947755117E-011
          16          19  -1.6364707447701862E-010
          16          20  -1.2360434585316738E-010
          16          21   1.5973034940785088E-010
          16          22  -2.8006082961464669E-011
          16          23   2.5268645754904233E-011
          16          24   1.6080379732014570E-012
          16          25  -3.5621952925405741E-012
          16          26  -4.1932829336160536E-012
          16          27   2.7529986865900280E-012
          16          28   1.4305678923834461E-013
          16          29  -9.5561595121528524E-014
          17           1   9.2376149076449393E-014
          17           2  -1.7422379815734816E-012
          17           3  -3.4648220463263137E-012
          17           4   8.7549519528665848E-011
          17           5  -3.2612730853258297E-012
          17           6  -2.2182344098798974E-013
          17           7   1.8559504990569602E-013
          17           8  -1.1813650435259923E-004
          17           9   5.8348198152418966E-013
          17          10   1.6008795693138370E-011
          17          11   4.4650542930878973E-003
          17          12  -1.1947095071964639E-011
          17          13   3.8800355259168251E-011
          17          14  -1.3286382595699553E-002
          17          15   4.3983483535072389E-012
          17          16  -2.9988218888111590E-012
          17          17   1.8241635554774286E-004
          17          18   2.7352785428769419E-010
          17          19  -3.2286050117014930E-010
          17          20  -1.4681653211997880E-010
          17          21   3.5227679477841660E-010
          17          22   3.3874861316375410E-011
          17          23  -1.2505888282370270E-010
          17          24   1.3163939266391495E-012
          17          25  -6.3151622211640610E-012
          17          26  -5.0684688690803553E-012
          17          27   6.6908936257035685E-012
          17          28  -3.4374087195771792E-013
          17          29  -2.3017381291292933E-012
          18           1  -4.1512951877144884E-004
          18           2   3.1021739172685096E-003
          18           3  -2.2248978060473368E-002
          18           4   5.2649889611332424E-003
          18           5  -7.1271684318624799E-005
          18           6  -2.5999058508020114E-012
          18           7  -6.3787357811480978E-012
          18           8  -5.9488976739825457E-012
          18           9   2.1284351430238057E-011
          18          10  -3.4220067808458703E-011
          18          11  -1.9782330815382700E-011
          18          12  -4.0547833764148208E-010
          18          13  -2.0226410319079772E-010
          18          14  -2.3451573924371521E-010
          18          15   2.2615942765905433E-010
          18          16   9.6051823947755117E-011
          18          17   2.7352785428769419E-010
          18          18   1.9852657820557036     
          18          19   7.2498867166396796E-011
          18          20 -0.99223843318471450     
          18          21  -7.9978745473564427E-011
          18          22  -6.0335239817665121E-011
          18          23 -0.99223843303885750     
          18          24   2.9258809445983372E-002
          18          25   4.4806455718253069E-011
          18          26  -1.4436555816004497E-002
          18          27   6.2380857495273596E-011
          18          28  -4.4429978843388062E-011
          18          29  -1.4436555915234198E-002
          19           1   2.6027216799667525E-013
          19           2  -5.8992175340811637E-011
          19           3  -4.4530734392615731E-011
          19           4   2.2021519946848177E-010
          19           5  -9.8162137384443964E-010
          19           6   2.4321505694026956E-012
          19           7   9.9704151015178096E-012
          19           8   4.7479887423454874E-012
          19           9  -7.0109058094684434E-011
          19          10   7.2965537448046602E-011
          19          11  -9.8545875367410740E-012
          19          12   4.1141679980566981E-011
          19          13   3.1476649711338912E-010
          19          14   1.3928648155959156E-010
          19          15   1.1552853621783119E-010
          19          16  -1.6364707447701862E-010
          19          17  -3.2286050117014930E-010
          19          18   7.2498867166396796E-011
          19          19   1.9850028100691552     
          19          20   1.5737210065578209E-010
          19          21   2.6140312115036973E-011
          19          22  -6.0214749789636409E-012
          19          23   1.6795484366969660E-010
          19          24   4.5275178325695525E-010
          19          25   2.9130243673949709E-002
          19          26   1.5839237293811510E-010
          19          27  -1.1845635495668889E-010
          19          28  -2.8816498882125198E-011
          19          29   1.9131349620413229E-010
          20           1  -4.1512951846043851E-004
          20           2   3.1021739342908883E-003
          20           3  -2.2248978048069412E-002
          20           4   5.2649888037762296E-003
          20           5  -7.1271489259527290E-005
          20           6   2.3355840334643707E-013
          20           7  -8.5416871546745755E-012
          20           8   2.5109880043396006E-013
          20           9   7.6567155558891372E-011
          20          10  -2.7471584632762947E-011
          20          11   6.8516093474165647E-011
          20          12   1.5465554374413918E-010
          20          13  -5.7399385617848836E-012
          20          14   2.0898360196435114E-010
          20          15  -2.2523684222490101E-010
          20          16  -1.2360434585316738E-010
          20          17  -1.4681653211997880E-010
          20          18 -0.99223843318471450     
          20          19   1.5737210065578209E-010
          20          20   1.9852657818984032     
          20          21  -1.1101605712088980E-010
          20          22  -1.3085315075650753E-010
          20          23 -0.99223843297993231     
          20          24  -1.4436555940767072E-002
          20          25   1.1116762316318099E-011
          20          26   2.9258809602968283E-002
          20          27  -1.6144418936744956E-011
          20          28   3.4135898036542676E-011
          20          29  -1.4436556004203531E-002
          21           1   2.4983781699228472E-012
          21           2   5.9503975267482476E-011
          21           3   1.2871705240776874E-010
          21           4   1.5374431731101674E-010
          21           5   4.5401479361993577E-010
          21           6  -1.0155038583849336E-015
          21           7  -6.8425351356543315E-012
          21           8  -3.8935754833631909E-012
          21           9   6.4365241036494826E-011
          21          10  -3.8544539829567487E-011
          21          11  -6.2687674581732350E-012
          21          12  -1.3479502426928153E-011
          21          13  -2.5622614014548574E-010
          21          14  -2.6888268794432724E-010
          21          15  -7.6637734532420763E-011
          21          16   1.5973034940785088E-010
          21          17   3.5227679477841660E-010
          21          18  -7.9978745473564427E-011
          21          19   2.6140312115036973E-011
          21          20  -1.1101605712088980E-010
          21          21   1.9850028100161285     
          21          22  -8.1797763092032418E-012
          21          23  -9.0955298509574744E-011
          21          24  -3.4456161601203015E-010
          21          25   1.8001478566900429E-011
          21          26  -1.4428676853166586E-010
          21          27   2.9130243775786262E-002
          21          28  -1.1843537646938078E-011
          21          29  -1.9387082239747796E-010
          22           1   1.0938138247862784E-012
          22           2   4.9188280254844320E-011
          22           3   8.1048895444722847E-011
          22           4  -4.9734578539099221E-011
          22           5   5.5145704930534692E-010
          22           6  -1.1582116517920170E-012
          22           7  -6.4613349999411849E-012
          22           8  -1.0397717427041253E-013
          22           9   5.3771341160425913E-011
          22          10  -2.5182274420374924E-011
          22          11   2.5773460943872713E-011
          22          12   4.8014589390762012E-011
          22          13  -8.4939648455363169E-011
          22          14   7.1452498280891863E-011
          22          15  -1.5063984601307670E-010
          22          16  -2.8006082961464669E-011
          22          17   3.3874861316375410E-011
          22          18  -6.0335239817665121E-011
          22          19  -6.0214749789636409E-012
          22          20  -1.3085315075650753E-010
          22          21  -8.1797763092032418E-012
          22          22   1.9850028100192179     
          22          23  -8.4050588930483542E-011
          22          24  -2.6684942155029142E-010
          22          25   5.3332484695869016E-011
          22          26  -7.4708001575335597E-011
          22          27   4.4106247090194205E-011
          22          28   2.9130243767989453E-002
          22          29  -2.3003374212983254E-010
          23           1  -4.1512952274019410E-004
          23           2   3.1021738306551859E-003
          23           3  -2.2248978215948893E-002
          23           4   5.2649884808769216E-003
          23           5  -7.1272152093225646E-005
          23           6   3.5980319788067766E-012
          23           7   8.0853809075612811E-012
          23           8   1.9388058912636907E-012
          23           9  -1.0749341616306267E-010
          23          10   2.5070231175799414E-011
          23          11  -5.0739749138805974E-011
          23          12   2.3015296582937225E-010
          23          13   2.4389616851058195E-010
          23          14  -7.2415644141496262E-012
          23          15  -3.1098547032088658E-012
          23          16   2.5268645754904233E-011
          23          17  -1.2505888282370270E-010
          23          18 -0.99223843303885750     
          23          19   1.6795484366969660E-010
          23          20 -0.99223843297993231     
          23          21  -9.0955298509574744E-011
          23          22  -8.4050588930483542E-011
          23          23   1.9852657821974748     
          23          24  -1.4436555417057424E-002
          23          25  -5.2773671223429376E-011
          23          26  -1.4436555701075847E-002
          23          27  -4.9142494996224816E-011
          23          28   8.0633982045078317E-012
          23          29   2.9258810006707287E-002
          24           1  -4.5848058299210949E-004
          24           2  -2.3106948667601158E-003
          24           3  -1.7140065161391219E-002
          24           4  -2.5941515012952669E-003
          24           5  -5.5748561388656607E-004
          24           6  -1.0570543046800428E-013
          24           7  -7.7878273492561573E-013
          24           8  -1.0967290922724882E-012
          24           9  -2.4265142723431774E-012
          24          10   1.2430332234767507E-011
          24          11  -8.5212375226000658E-012
          24          12   3.1603327305355520E-011
          24          13  -6.9423908472127460E-011
          24          14   4.9767760786822741E-011
          24          15   8.6309890806411085E-012
          24          16   1.6080379732014570E-012
          24          17   1.3163939266391495E-012
          24          18   2.9258809445983372E-002
          24          19   4.5275178325695525E-010
          24          20  -1.4436555940767072E-002
          24          21  -3.4456161601203015E-010
          24          22  -2.6684942155029142E-010
          24          23  -1.4436555417057424E-002
          24          24   1.1415520544907102E-003
          24          25   4.9880130153054380E-012
          24          26   3.9453700919144256E-004
          24          27  -2.7748601816062144E-012
          24          28  -2.9131312488631114E-012
          24          29   3.9453701139835831E-004
          25           1   7.5942447113144815E-014
          25           2  -5.1941232150805052E-013
          25           3   5.0983212183919674E-012
          25           4  -1.8378981166008640E-011
          25           5  -1.0731682109275751E-011
          25           6  -2.9380201776307879E-013
          25           7  -2.2477034554970652E-013
          25           8  -3.2154813607255335E-013
          25           9  -1.5135218388144797E-011
          25          10   1.6434732921641691E-011
          25          11   7.8149617753160198E-013
          25          12  -1.1050155828105365E-010
          25          13   6.6460705106891389E-012
          25          14   5.2470472593161202E-011
          25          15   1.4380653985348161E-012
          25          16  -3.5621952925405741E-012
          25          17  -6.3151622211640610E-012
          25          18   4.4806455718253069E-011
          25          19   2.9130243673949709E-002
          25          20   1.1116762316318099E-011
          25          21   1.8001478566900429E-011
          25          22   5.3332484695869016E-011
          25          23  -5.2773671223429376E-011
          25          24   4.9880130153054380E-012
          25          25   4.9801003389318514E-004
          25          26   1.6815745195311235E-012
          25          27  -1.1403520025053952E-012
          25          28  -7.9281517758547305E-014
          25          29  -1.0634836107809893E-012
          26           1  -4.5848058300752430E-004
          26           2  -2.3106948661633800E-003
          26           3  -1.7140065164326534E-002
          26           4  -2.5941515062215606E-003
          26           5  -5.5748560861210302E-004
          26           6   3.7373778970292648E-013
          26           7  -1.6428910570087860E-012
          26           8  -1.0264547285603148E-012
          26           9   4.4348165344453964E-012
          26          10   8.8987042375864970E-012
          26          11   5.1387282134146978E-012
          26          12   6.5630335920204797E-012
          26          13   3.6316044742536256E-011
          26          14  -4.2899923437952032E-011
          26          15  -1.1582097223118274E-012
          26          16  -4.1932829336160536E-012
          26          17  -5.0684688690803553E-012
          26          18  -1.4436555816004497E-002
          26          19   1.5839237293811510E-010
          26          20   2.9258809602968283E-002
          26          21  -1.4428676853166586E-010
          26          22  -7.4708001575335597E-011
          26          23  -1.4436555701075847E-002
          26          24   3.9453700919144256E-004
          26          25   1.6815745195311235E-012
          26          26   1.1415520571694555E-003
          26          27  -2.1286612518486795E-012
          26          28   1.9431697297455274E-013
          26          29   3.9453700702837412E-004
          27           1   2.5820419641370880E-014
          27           2   7.2155508275269596E-013
          27           3   1.7940757245970893E-012
          27           4   5.9111214709894625E-013
          27           5   3.5176552023844097E-012
          27           6   3.8271266854871311E-013
          27           7  -3.0064274764827972E-013
          27           8  -1.5617588524749920E-014
          27           9  -2.0964746401816241E-011
          27          10   4.7834696614644501E-012
          27          11  -1.8374895701438337E-012
          27          12   1.5932812335615229E-012
          27          13   1.8340299048084959E-011
          27          14  -9.0712682764870221E-011
          27          15   1.5189339127491790E-013
          27          16   2.7529986865900280E-012
          27          17   6.6908936257035685E-012
          27          18   6.2380857495273596E-011
          27          19  -1.1845635495668889E-010
          27          20  -1.6144418936744956E-011
          27          21   2.9130243775786262E-002
          27          22   4.4106247090194205E-011
          27          23  -4.9142494996224816E-011
          27          24  -2.7748601816062144E-012
          27          25  -1.1403520025053952E-012
          27          26  -2.1286612518486795E-012
          27          27   4.9801003624409660E-004
          27          28   1.5221704915548322E-013
          27          29  -1.4119821612374716E-012
          28           1  -1.9045638620358595E-014
