           1           1   2.0000351544337800     
           1           2   4.8099140630026502E-003
           1           3   2.9675864939682798E-003
           1           4  -1.4701299858090729E-011
           1           5   9.3905473619434188E-013
           1           6  -3.4241863028843632E-011
           1           7  -1.3679120907316028E-012
           1           8  -7.2509839574852944E-013
           1           9   4.9081677332810695E-012
           1          10  -4.7461539342491419E-003
           1          11  -7.0503459740522501E-004
           1          12  -3.9215895253140272E-003
           1          13   6.1669923791608349E-004
           1          14  -1.1601512621406565E-003
           1          15  -4.1917765388210845E-003
           2           1   4.8099140630026502E-003
           2           2   1.9858619473092849     
           2           3   2.9258256202733951E-003
           2           4   1.2633024324091024E-010
           2           5   5.8305445462656131E-011
           2           6   1.5745526181351943E-010
           2           7   4.2387302981769959E-012
           2           8  -1.0747326769814231E-011
           2           9   5.8334242271238391E-011
           2          10  -2.4963445287663217E-003
           2          11  -4.3510719563051997E-003
           2          12   2.5923963265971125E-003
           2          13   3.8052650113152495E-003
           2          14  -7.1609824576857363E-003
           2          15   9.2495620899794070E-004
           3           1   2.9675864939682798E-003
           3           2   2.9258256202733951E-003
           3           3   4.9425282363059174E-003
           3           4   9.1230191812008884E-011
           3           5  -7.2478521146468532E-012
           3           6   1.8597456652278049E-010
           3           7  -1.2334659776137333E-014
           3           8  -1.2675128626985859E-012
           3           9  -1.7451166265440391E-011
           3          10   9.1947614831674475E-004
           3          11   1.8253063689326005E-003
           3          12  -1.2152876842351651E-003
           3          13  -1.5963388176190906E-003
           3          14   3.0040800149792411E-003
           3          15  -5.1578441715335768E-004
           4           1  -1.4701299858090729E-011
           4           2   1.2633024324091024E-010
           4           3   9.1230191812008884E-011
           4           4  0.14081755992076225     
           4           5 -0.26499832336535417     
           4           6  0.23175679964460960     
           4           7  -1.7414326769910455E-003
           4           8   3.2771234456373207E-003
           4           9  -2.8660394924320634E-003
           4          10  -1.7750493721796278E-012
           4          11   1.9700071211344068E-011
           4          12   4.0954818801706210E-011
           4          13  -1.7919301502083440E-010
           4          14   1.1642882008435332E-010
           4          15  -5.2522396432562311E-011
           5           1   9.3905473619434188E-013
           5           2   5.8305445462656131E-011
           5           3  -7.2478521146468532E-012
           5           4 -0.26499832336535417     
           5           5  0.49868859697585849     
           5           6 -0.43613284713142336     
           5           7   3.2771249545577941E-003
           5           8  -6.1670733326429413E-003
           5           9   5.3934726650621849E-003
           5          10   3.3915763343302780E-011
           5          11   2.3245675666985489E-011
           5          12  -1.1704025900781367E-010
           5          13   2.8446339046363274E-010
           5          14  -1.1983058499836488E-010
           5          15   8.1985882039128480E-011
           6           1  -3.4241863028843632E-011
           6           2   1.5745526181351943E-010
           6           3   1.8597456652278049E-010
           6           4  0.23175679964460960     
           6           5 -0.43613284713142336     
           6           6  0.38142412218856020     
           6           7  -2.8660407426679491E-003
           6           8   5.3934725344522930E-003
           6           9  -4.7169127259048789E-003
           6          10   3.9302030756881316E-012
           6          11   4.5881933812398041E-011
           6          12   5.8513221131556089E-011
           6          13  -3.0668619545788336E-010
           6          14   2.1376977810158315E-010
           6          15  -9.0173008153810631E-011
           7           1  -1.3679120907316028E-012
           7           2   4.2387302981769959E-012
           7           3  -1.2334659776137333E-014
           7           4  -1.7414326769910455E-003
           7           5   3.2771249545577941E-003
           7           6  -2.8660407426679491E-003
           7           7   2.1535579583956928E-005
           7           8  -4.0526833854936656E-005
           7           9   3.5443128175750659E-005
           7          10   2.2793011338579859E-013
           7          11   1.5620945518157995E-013
           7          12  -7.6811109537081030E-013
           7          13   1.8663290444393139E-012
           7          14  -7.8178576201965285E-013
           7          15   5.4110877794776454E-013
           8           1  -7.2509839574852944E-013
           8           2  -1.0747326769814231E-011
           8           3  -1.2675128626985859E-012
           8           4   3.2771234456373207E-003
           8           5  -6.1670733326429413E-003
           8           6   5.3934725344522930E-003
           8           7  -4.0526833854936656E-005
           8           8   7.6265616901677192E-005
           8           9  -6.6698820957106960E-005
           8          10  -6.5724847882452972E-013
           8          11  -7.6395866446302293E-013
           8          12   1.7668333014895313E-012
           8          13  -3.1011217297390965E-012
           8          14   6.9769140941182017E-013
           8          15  -8.7704235634819045E-013
           9           1   4.9081677332810695E-012
           9           2   5.8334242271238391E-011
           9           3  -1.7451166265440391E-011
           9           4  -2.8660394924320634E-003
           9           5   5.3934726650621849E-003
           9           6  -4.7169127259048789E-003
           9           7   3.5443128175750659E-005
           9           8  -6.6698820957106960E-005
           9           9   5.8332088532157147E-005
           9          10  -3.0067650745572933E-012
           9          11  -6.3657499109527699E-012
           9          12   3.0996127357445062E-012
           9          13   8.8636594971334944E-012
           9          14  -1.2186491170557623E-011
           9          15   2.7162808458117882E-012
          10           1  -4.7461539342491419E-003
          10           2  -2.4963445287663217E-003
          10           3   9.1947614831674475E-004
          10           4  -1.7750493721796278E-012
          10           5   3.3915763343302780E-011
          10           6   3.9302030756881316E-012
          10           7   2.2793011338579859E-013
          10           8  -6.5724847882452972E-013
          10           9  -3.0067650745572933E-012
          10          10   1.9016868767718543E-004
          10          11   3.5241333184570384E-004
          10          12  -2.2199183945629866E-004
          10          13  -3.0820665543459472E-004
          10          14   5.7999959296049352E-004
          10          15  -8.6938195167423455E-005
          11           1  -7.0503459740522501E-004
          11           2  -4.3510719563051997E-003
          11           3   1.8253063689326005E-003
          11           4   1.9700071211344068E-011
          11           5   2.3245675666985489E-011
          11           6   4.5881933812398041E-011
          11           7   1.5620945518157995E-013
          11           8  -7.6395866446302293E-013
          11           9  -6.3657499109527699E-012
          11          10   3.5241333184570384E-004
          11          11   6.9069402112995168E-004
          11          12  -4.5537907029546764E-004
          11          13  -6.0405301712081996E-004
          11          14   1.1367405925780025E-003
          11          15  -1.9068776545787264E-004
          12           1  -3.9215895253140272E-003
          12           2   2.5923963265971125E-003
          12           3  -1.2152876842351651E-003
          12           4   4.0954818801706210E-011
          12           5  -1.1704025900781367E-010
          12           6   5.8513221131556089E-011
          12           7  -7.6811109537081030E-013
          12           8   1.7668333014895313E-012
          12           9   3.0996127357445062E-012
          12          10  -2.2199183945629866E-004
          12          11  -4.5537907029546764E-004
          12          12   3.1059095678442303E-004
          12          13   3.9825586312374888E-004
          12          14  -7.4946090010664880E-004
          12          15   1.3607825415335955E-004
          13           1   6.1669923791608349E-004
          13           2   3.8052650113152495E-003
          13           3  -1.5963388176190906E-003
          13           4  -1.7919301502083440E-010
          13           5   2.8446339046363274E-010
          13           6  -3.0668619545788336E-010
          13           7   1.8663290444393139E-012
          13           8  -3.1011217297390965E-012
          13           9   8.8636594971334944E-012
          13          10  -3.0820665543459472E-004
          13          11  -6.0405301712081996E-004
          13          12   3.9825586312374888E-004
          13          13   5.2828030406231656E-004
          13          14  -9.9414728319233408E-004
          13          15   1.6676756816033400E-004
          14           1  -1.1601512621406565E-003
          14           2  -7.1609824576857363E-003
          14           3   3.0040800149792411E-003
          14           4   1.1642882008435332E-010
          14           5  -1.1983058499836488E-010
          14           6   2.1376977810158315E-010
          14           7  -7.8178576201965285E-013
          14           8   6.9769140941182017E-013
          14           9  -1.2186491170557623E-011
          14          10   5.7999959296049352E-004
          14          11   1.1367405925780025E-003
          14          12  -7.4946090010664880E-004
          14          13  -9.9414728319233408E-004
          14          14   1.8708416973311445E-003
          14          15  -3.1383334071487658E-004
          15           1  -4.1917765388210845E-003
          15           2   9.2495620899794070E-004
          15           3  -5.1578441715335768E-004
          15           4  -5.2522396432562311E-011
          15           5   8.1985882039128480E-011
          15           6  -9.0173008153810631E-011
          15           7   5.4110877794776454E-013
          15           8  -8.7704235634819045E-013
          15           9   2.7162808458117882E-012
          15          10  -8.6938195167423455E-005
          15          11  -1.9068776545787264E-004
          15          12   1.3607825415335955E-004
          15          13   1.6676756816033400E-004
          15          14  -3.1383334071487658E-004
          15          15   6.3001910768624203E-005
