           1           1   2.0023060958955581     
           1           2   1.1823655364729159E-002
           1           3  -2.5150261032895723E-003
           1           4  -6.1344491804269239E-015
           1           5  -5.8494594888353322E-014
           1           6   2.9804786951577849E-014
           1           7  -3.1148740519993037E-014
           1           8   3.8079359760991537E-014
           1           9  -2.3601136918470701E-014
           1          10  -4.2182488444449549E-003
           1          11  -5.0620749795647668E-012
           1          12  -4.2182488442937061E-003
           1          13   4.7979018676040282E-012
           1          14   6.6722445413815515E-012
           1          15  -4.2182488442560019E-003
           2           1   1.1823655364729159E-002
           2           2   2.0135277802708735     
           2           3   1.9799367911142436E-004
           2           4  -2.1971059669059788E-014
           2           5  -3.3187246638603557E-014
           2           6  -8.4704462094396812E-014
           2           7   2.6094558259509463E-014
           2           8   4.3613445225758291E-014
           2           9   8.3948770232164407E-014
           2          10  -3.3080773664273446E-003
           2          11   2.8486268939559206E-013
           2          12  -3.3080773664373644E-003
           2          13  -2.6977003804342514E-013
           2          14  -3.7405153406752356E-013
           2          15  -3.3080773664401725E-003
           3           1  -2.5150261032895723E-003
           3           2   1.9799367911142436E-004
           3           3   3.1815651738338717E-006
           3           4   5.2935567012986613E-018
           3           5   6.9819905189257529E-017
           3           6  -4.6525273252430515E-017
           3           7   4.1915143858497745E-017
           3           8  -4.3225802885629661E-017
           3           9   3.8545614121271844E-017
           3          10   4.9513265376013472E-006
           3          11   6.3915666788062425E-015
           3          12   4.9513265374102167E-006
           3          13  -6.0579876295175020E-015
           3          14  -8.4244779895468155E-015
           3          15   4.9513265373625406E-006
           4           1  -6.1344491804269239E-015
           4           2  -2.1971059669059788E-014
           4           3   5.2935567012986613E-018
           4           4   5.5373770410176183E-028
           4           5   1.1103292906971425E-027
           4           6   1.2024606805379061E-027
           4           7  -2.3122089048567160E-028
           4           8  -6.4491885473379396E-028
           4           9  -8.8354828382791735E-028
           4          10   4.8689436736779834E-017
           4          11   1.2079749262722093E-026
           4          12   4.8689436736428711E-017
           4          13  -1.1450379827096216E-026
           4          14  -1.5938177878036519E-026
           4          15   4.8689436736338534E-017
           5           1  -5.8494594888353322E-014
           5           2  -3.3187246638603557E-014
           5           3   6.9819905189257529E-017
           5           4   1.1103292906971425E-027
           5           5   3.3613600243984902E-027
           5           6   1.2278148766733131E-027
           5           7   4.0457917130149029E-028
           5           8  -1.9289093814318839E-027
           5           9  -7.5680098512440149E-028
           5          10   1.7678023323032384E-016
           5          11   1.4274898070179057E-025
           5          12   1.7678023322607053E-016
           5          13  -1.3530327700086636E-025
           5          14  -1.8817475658066137E-025
           5          15   1.7678023322500369E-016
           6           1   2.9804786951577849E-014
           6           2  -8.4704462094396812E-014
           6           3  -4.6525273252430515E-017
           6           4   1.2024606805379061E-027
           6           5   1.2278148766733131E-027
           6           6   4.4822689613382612E-027
           6           7  -1.6220151022398247E-027
           6           8  -1.3314339392847928E-027
           6           9  -3.9461328845430455E-027
           6          10   7.5616016659509047E-017
           6          11  -8.8619204610693544E-026
           6          12   7.5616016662212178E-017
           6          13   8.3987126447393365E-026
           6          14   1.1674631926666574E-025
           6          15   7.5616016662891596E-017
           7           1  -3.1148740519993037E-014
           7           2   2.6094558259509463E-014
           7           3   4.1915143858497745E-017
           7           4  -2.3122089048567160E-028
           7           5   4.0457917130149029E-028
           7           6  -1.6220151022398247E-027
           7           7   8.3337528074683847E-028
           7           8  -1.8771138321811814E-029
           7           9   1.4705954520933205E-027
           7          10   2.2771032549945527E-017
           7          11   8.2856120475482772E-026
           7          12   2.2771032547451121E-017
           7          13  -7.8530059113431117E-026
           7          14  -1.0919166380006708E-025
           7          15   2.2771032546826096E-017
           8           1   3.8079359760991537E-014
           8           2   4.3613445225758291E-014
           8           3  -4.3225802885629661E-017
           8           4  -6.4491885473379396E-028
           8           5  -1.9289093814318839E-027
           8           6  -1.3314339392847928E-027
           8           7  -1.8771138321811814E-029
           8           8   1.6698068127442647E-027
           8           9   1.3702506964539692E-027
           8          10  -1.5097132198782143E-016
           8          11  -8.9486803144322104E-026
           8          12  -1.5097132198517892E-016
           8          13   8.4821920300690352E-026
           8          14   1.1798109872722166E-025
           8          15  -1.5097132198452577E-016
           9           1  -2.3601136918470701E-014
           9           2   8.3948770232164407E-014
           9           3   3.8545614121271844E-017
           9           4  -8.8354828382791735E-028
           9           5  -7.5680098512440149E-028
           9           6  -3.9461328845430455E-027
           9           7   1.4705954520933205E-027
           9           8   1.3702506964539692E-027
           9           9   3.7962141887491016E-027
           9          10  -8.7394571059982061E-017
           9          11   7.2812161132522971E-026
           9          12  -8.7394571062219665E-017
           9          13  -6.9004196364347451E-026
           9          14  -9.5911343185365844E-026
           9          15  -8.7394571062789592E-017
          10           1  -4.2182488444449549E-003
          10           2  -3.3080773664273446E-003
          10           3   4.9513265376013472E-006
          10           4   4.8689436736779834E-017
          10           5   1.7678023323032384E-016
          10           6   7.5616016659509047E-017
          10           7   2.2771032549945527E-017
          10           8  -1.5097132198782143E-016
          10           9  -8.7394571059982061E-017
          10          10   1.4240138721521235E-005
          10          11   1.0151007392840129E-014
          10          12   1.4240138721220392E-005
          10          13  -9.6216290464965925E-015
          10          14  -1.3382207693355209E-014
          10          15   1.4240138721145906E-005
          11           1  -5.0620749795647668E-012
          11           2   2.8486268939559206E-013
          11           3   6.3915666788062425E-015
          11           4   1.2079749262722093E-026
          11           5   1.4274898070179057E-025
          11           6  -8.8619204610693544E-026
          11           7   8.2856120475482772E-026
          11           8  -8.9486803144322104E-026
          11           9   7.2812161132522971E-026
          11          10   1.0151007392840129E-014
          11          11   1.2846749705717519E-023
          11          12   1.0151007392456047E-014
          11          13  -1.2176285133930758E-023
          11          14  -1.6932883402476320E-023
          11          15   1.0151007392360254E-014
          12           1  -4.2182488442937061E-003
          12           2  -3.3080773664373644E-003
          12           3   4.9513265374102167E-006
          12           4   4.8689436736428711E-017
          12           5   1.7678023322607053E-016
          12           6   7.5616016662212178E-017
          12           7   2.2771032547451121E-017
          12           8  -1.5097132198517892E-016
          12           9  -8.7394571062219665E-017
          12          10   1.4240138721220392E-005
          12          11   1.0151007392456047E-014
          12          12   1.4240138720919552E-005
          12          13  -9.6216290461325553E-015
          12          14  -1.3382207692848965E-014
          12          15   1.4240138720845062E-005
          13           1   4.7979018676040282E-012
          13           2  -2.6977003804342514E-013
          13           3  -6.0579876295175020E-015
          13           4  -1.1450379827096216E-026
          13           5  -1.3530327700086636E-025
          13           6   8.3987126447393365E-026
          13           7  -7.8530059113431117E-026
          13           8   8.4821920300690352E-026
          13           9  -6.9004196364347451E-026
          13          10  -9.6216290464965925E-015
          13          11  -1.2176285133930758E-023
          13          12  -9.6216290461325553E-015
          13          13   1.1540813184435854E-023
          13          14   1.6049163705889023E-023
          13          15  -9.6216290460417637E-015
          14           1   6.6722445413815515E-012
          14           2  -3.7405153406752356E-013
          14           3  -8.4244779895468155E-015
          14           4  -1.5938177878036519E-026
          14           5  -1.8817475658066137E-025
          14           6   1.1674631926666574E-025
          14           7  -1.0919166380006708E-025
          14           8   1.1798109872722166E-025
          14           9  -9.5911343185365844E-026
          14          10  -1.3382207693355209E-014
          14          11  -1.6932883402476320E-023
          14          12  -1.3382207692848965E-014
          14          13   1.6049163705889023E-023
          14          14   2.2318688135263259E-023
          14          15  -1.3382207692722704E-014
          15           1  -4.2182488442560019E-003
          15           2  -3.3080773664401725E-003
          15           3   4.9513265373625406E-006
          15           4   4.8689436736338534E-017
          15           5   1.7678023322500369E-016
          15           6   7.5616016662891596E-017
          15           7   2.2771032546826096E-017
          15           8  -1.5097132198452577E-016
          15           9  -8.7394571062789592E-017
          15          10   1.4240138721145906E-005
          15          11   1.0151007392360254E-014
          15          12   1.4240138720845062E-005
          15          13  -9.6216290460417637E-015
          15          14  -1.3382207692722704E-014
          15          15   1.4240138720770576E-005
