           1           1   2.0316169775250215     
           1           2  0.58429388487142120     
           1           3 -0.25174130941118172     
           1           4   1.5156564016104875E-014
           1           5  -9.6585996433756507E-015
           1           6   1.3818812552388619E-014
           1           7  -1.1943414416354833E-014
           1           8   1.4647719785400447E-014
           1           9  -9.9426809761931844E-015
           1          10  -3.0338127833784541E-002
           1          11  -2.0361989141770166E-015
           1          12  -3.0338127833781016E-002
           1          13  -3.4774227100919409E-015
           1          14   3.5373252569570045E-016
           1          15  -3.0338127833789145E-002
           2           1  0.58429388487142120     
           2           2   8.4883213616893514     
           2           3  -3.3624425988905022     
           2           4  -1.3706918569025598E-015
           2           5  -1.5890713724966976E-016
           2           6   7.0625110915612668E-016
           2           7   1.0191655881257560E-015
           2           8   2.8016782294031965E-016
           2           9  -1.1101303575779253E-015
           2          10 -0.74839341757294464     
           2          11   1.2162833631867404E-015
           2          12 -0.74839341757294475     
           2          13   1.3326554815953523E-015
           2          14  -1.2962393812628323E-015
           2          15 -0.74839341757294819     
           3           1 -0.25174130941118172     
           3           2  -3.3624425988905022     
           3           3   1.4526833346472472     
           3           4   4.8383975512945743E-016
           3           5   3.1468000080949984E-016
           3           6  -1.6841392756716294E-016
           3           7  -4.0712869216528500E-016
           3           8  -1.5532694349462983E-016
           3           9   4.5547472562572824E-016
           3          10  0.32383434126943522     
           3          11  -4.9733133593503880E-016
           3          12  0.32383434126943544     
           3          13  -6.0292541615519169E-016
           3          14   4.6244169512343520E-016
           3          15  0.32383434126943700     
           4           1   1.5156564016104875E-014
           4           2  -1.3706918569025598E-015
           4           3   4.8383975512945743E-016
           4           4   1.4140824457610591E-028
           4           5  -8.5873831133438347E-029
           4           6   1.5211015781282608E-028
           4           7  -1.0085907354395072E-028
           4           8   1.3627393702757015E-028
           4           9  -1.2268475116008104E-028
           4          10   1.8817539892115133E-016
           4          11  -1.8914095890691920E-029
           4          12   1.8817539892116829E-016
           4          13  -2.7393063652149127E-029
           4          14  -4.5305922646752331E-030
           4          15   1.8817539892109683E-016
           5           1  -9.6585996433756507E-015
           5           2  -1.5890713724966976E-016
           5           3   3.1468000080949984E-016
           5           4  -8.5873831133438347E-029
           5           5   5.2996344335180595E-029
           5           6  -8.9649693441873859E-029
           5           7   6.2310185998780879E-029
           5           8  -8.2824734881871481E-029
           5           9   7.1291318596504179E-029
           5          10   4.8923937997430093E-018
           5          11   1.1424698665436828E-029
           5          12   4.8923937997313120E-018
           5          13   1.7002271637940576E-029
           5          14   1.8600015532427945E-030
           5          15   4.8923937997756300E-018
           6           1   1.3818812552388619E-014
           6           2   7.0625110915612668E-016
           6           3  -1.6841392756716294E-016
           6           4   1.5211015781282608E-028
           6           5  -8.9649693441873859E-029
           6           6   1.8498987709809439E-028
           6           7  -9.9700917093696446E-029
           6           8   1.4775534667410028E-028
           6           9  -1.5896507186723252E-028
           6          10  -8.2109113922992245E-017
           6          11  -1.9333152561535788E-029
           6          12  -8.2109113922986994E-017
           6          13  -2.4332380062866963E-029
           6          14  -1.2646554400185288E-029
           6          15  -8.2109113923063896E-017
           7           1  -1.1943414416354833E-014
           7           2   1.0191655881257560E-015
           7           3  -4.0712869216528500E-016
           7           4  -1.0085907354395072E-028
           7           5   6.2310185998780879E-029
           7           6  -9.9700917093696446E-029
           7           7   7.5762854765641999E-029
           7           8  -9.6876513077851883E-029
           7           9   7.6163921489474520E-029
           7          10  -2.0511771089551873E-016
           7          11   1.3840271547125909E-029
           7          12  -2.0511771089553663E-016
           7          13   2.1721444744692393E-029
           7          14   8.0585484102804127E-032
           7          15  -2.0511771089548540E-016
           8           1   1.4647719785400447E-014
           8           2   2.8016782294031965E-016
           8           3  -1.5532694349462983E-016
           8           4   1.3627393702757015E-028
           8           5  -8.2824734881871481E-029
           8           6   1.4775534667410028E-028
           8           7  -9.6876513077851883E-029
           8           8   1.3165634113290426E-028
           8           9  -1.1961415735289336E-028
           8          10   3.8451369368005147E-017
           8          11  -1.8006668566188935E-029
           8          12   3.8451369368021072E-017
           8          13  -2.6027096603452532E-029
           8          14  -4.8887003506908391E-030
           8          15   3.8451369367951467E-017
           9           1  -9.9426809761931844E-015
           9           2  -1.1101303575779253E-015
           9           3   4.5547472562572824E-016
           9           4  -1.2268475116008104E-028
           9           5   7.1291318596504179E-029
           9           6  -1.5896507186723252E-028
           9           7   7.6163921489474520E-029
           9           8  -1.1961415735289336E-028
           9           9   1.4086222760885760E-028
           9          10   2.0065630276457435E-016
           9          11   1.5135681414545668E-029
           9          12   2.0065630276457659E-016
           9          13   1.7111044419365861E-029
           9          14   1.3735600537144066E-029
           9          15   2.0065630276463867E-016
          10           1  -3.0338127833784541E-002
          10           2 -0.74839341757294464     
          10           3  0.32383434126943522     
          10           4   1.8817539892115133E-016
          10           5   4.8923937997430093E-018
          10           6  -8.2109113922992245E-017
          10           7  -2.0511771089551873E-016
          10           8   3.8451369368005147E-017
          10           9   2.0065630276457435E-016
          10          10   7.3087847678771634E-002
          10          11  -1.2648720455149005E-016
          10          12   7.3087847678771772E-002
          10          13  -1.8213144493371668E-016
          10          14   1.4726834380140038E-016
          10          15   7.3087847678772078E-002
          11           1  -2.0361989141770166E-015
          11           2   1.2162833631867404E-015
          11           3  -4.9733133593503880E-016
          11           4  -1.8914095890691920E-029
          11           5   1.1424698665436828E-029
          11           6  -1.9333152561535788E-029
          11           7   1.3840271547125909E-029
          11           8  -1.8006668566188935E-029
          11           9   1.5135681414545668E-029
          11          10  -1.2648720455149005E-016
          11          11   2.6899199071069189E-030
          11          12  -1.2648720455149286E-016
          11          13   4.0000479797718262E-030
          11          14   1.7374611412899641E-031
          11          15  -1.2648720455148379E-016
          12           1  -3.0338127833781016E-002
          12           2 -0.74839341757294475     
          12           3  0.32383434126943544     
          12           4   1.8817539892116829E-016
          12           5   4.8923937997313120E-018
          12           6  -8.2109113922986994E-017
          12           7  -2.0511771089553663E-016
          12           8   3.8451369368021072E-017
          12           9   2.0065630276457659E-016
          12          10   7.3087847678771772E-002
          12          11  -1.2648720455149286E-016
          12          12   7.3087847678771911E-002
          12          13  -1.8213144493372333E-016
          12          14   1.4726834380140452E-016
          12          15   7.3087847678772216E-002
          13           1  -3.4774227100919409E-015
          13           2   1.3326554815953523E-015
          13           3  -6.0292541615519169E-016
          13           4  -2.7393063652149127E-029
          13           5   1.7002271637940576E-029
          13           6  -2.4332380062866963E-029
          13           7   2.1721444744692393E-029
          13           8  -2.6027096603452532E-029
          13           9   1.7111044419365861E-029
          13          10  -1.8213144493371668E-016
          13          11   4.0000479797718262E-030
          13          12  -1.8213144493372333E-016
          13          13   6.7115909143679625E-030
          13          14  -1.0360364042506294E-030
          13          15  -1.8213144493370995E-016
          14           1   3.5373252569570045E-016
          14           2  -1.2962393812628323E-015
          14           3   4.6244169512343520E-016
          14           4  -4.5305922646752331E-030
          14           5   1.8600015532427945E-030
          14           6  -1.2646554400185288E-029
          14           7   8.0585484102804127E-032
          14           8  -4.8887003506908391E-030
          14           9   1.3735600537144066E-029
          14          10   1.4726834380140038E-016
          14          11   1.7374611412899641E-031
          14          12   1.4726834380140452E-016
          14          13  -1.0360364042506294E-030
          14          14   3.0098004332768069E-030
          14          15   1.4726834380140708E-016
          15           1  -3.0338127833789145E-002
          15           2 -0.74839341757294819     
          15           3  0.32383434126943700     
          15           4   1.8817539892109683E-016
          15           5   4.8923937997756300E-018
          15           6  -8.2109113923063896E-017
          15           7  -2.0511771089548540E-016
          15           8   3.8451369367951467E-017
          15           9   2.0065630276463867E-016
          15          10   7.3087847678772078E-002
          15          11  -1.2648720455148379E-016
          15          12   7.3087847678772216E-002
          15          13  -1.8213144493370995E-016
          15          14   1.4726834380140708E-016
          15          15   7.3087847678772508E-002
