           1           1   2.0592028121324608     
           1           2 -0.14816601506782234     
           1           3 -0.21502847201161512     
           1           4   1.9629172822477253E-016
           1           5   1.5154493030523276E-016
           1           6   2.3039585692668788E-015
           1           7   3.5315014196195691E-015
           1           8  -6.6490830013522979E-016
           1           9   5.5278865163105522E-016
           1          10  -3.6129242897631163E-003
           1          11   6.6783515553710217E-016
           1          12  -3.6129242897614683E-003
           1          13   6.1362294760532818E-016
           1          14   8.4741603129282834E-016
           1          15  -3.6129242897575183E-003
           2           1 -0.14816601506782234     
           2           2  0.47257888498095657     
           2           3  0.56569011191084062     
           2           4  -3.8257388407762107E-015
           2           5   5.0606670669332575E-015
           2           6  -2.4851133799214106E-016
           2           7  -1.2647596879835766E-015
           2           8   1.4517775899525462E-015
           2           9  -4.8118948903653823E-015
           2          10  -1.6504281626346588E-003
           2          11   5.6290571967944114E-016
           2          12  -1.6504281626346148E-003
           2          13  -5.6206731143751458E-017
           2          14   1.3857139668918997E-016
           2          15  -1.6504281626351755E-003
           3           1 -0.21502847201161512     
           3           2  0.56569011191084062     
           3           3  0.67785185482053656     
           3           4  -4.5607411661786314E-015
           3           5   6.0252383461905603E-015
           3           6  -3.3936269416971479E-016
           3           7  -1.5726268700278758E-015
           3           8   1.7416450359775820E-015
           3           9  -5.7422313579141673E-015
           3          10  -1.8983064512571644E-003
           3          11   6.5800459953545116E-016
           3          12  -1.8983064512571430E-003
           3          13  -7.8449553131582457E-017
           3          14   1.4917168196368809E-016
           3          15  -1.8983064512578846E-003
           4           1   1.9629172822477253E-016
           4           2  -3.8257388407762107E-015
           4           3  -4.5607411661786314E-015
           4           4   3.1717397405579716E-029
           4           5  -4.2547896960536122E-029
           4           6   3.8712995646642516E-031
           4           7   7.6784606659906085E-030
           4           8  -1.1474779767320966E-029
           4           9   3.9870620315297663E-029
           4          10   1.5419602805029373E-017
           4          11  -5.3940151232712897E-030
           4          12   1.5419602805027457E-017
           4          13   3.2235909800162943E-033
           4          14  -1.7332734592896539E-030
           4          15   1.5419602805028501E-017
           5           1   1.5154493030523276E-016
           5           2   5.0606670669332575E-015
           5           3   6.0252383461905603E-015
           5           4  -4.2547896960536122E-029
           5           5   5.8674881640743513E-029
           5           6  -2.0288043647182809E-029
           5           7  -8.1201402830581384E-030
           5           8   5.6938058099695855E-030
           5           9  -6.7432940302902519E-029
           5          10  -2.1240683271531814E-017
           5          11   7.2739531429080769E-030
           5          12  -2.1240683271535235E-017
           5          13  -9.4962914181176264E-031
           5          14   1.9055490724914473E-032
           5          15  -2.1240683271533928E-017
           6           1   2.3039585692668788E-015
           6           2  -2.4851133799214106E-016
           6           3  -3.3936269416971479E-016
           6           4   3.8712995646642516E-031
           6           5  -2.0288043647182809E-029
           6           6   4.8690480238443398E-028
           6           7   1.0185211997486478E-029
           6           8   2.0922886243269073E-028
           6           9   3.1761719051318641E-028
           6          10  -3.7031818651759491E-018
           6          11   1.7314433389859061E-029
           6          12  -3.7031818650016386E-018
           6          13   3.1108978294941880E-029
           6          14   6.3709439559543852E-029
           6          15  -3.7031818649794888E-018
           7           1   3.5315014196195691E-015
           7           2  -1.2647596879835766E-015
           7           3  -1.5726268700278758E-015
           7           4   7.6784606659906085E-030
           7           5  -8.1201402830581384E-030
           7           6   1.0185211997486478E-029
           7           7   1.2342440226035124E-029
           7           8  -3.1865068623518727E-030
           7           9   1.2209995395558227E-029
           7          10  -2.0163332801557089E-018
           7          11   1.6243713579896215E-030
           7          12  -2.0163332801488680E-018
           7          13   1.9525778452554659E-030
           7          14   2.2075756672194753E-030
           7          15  -2.0163332801348384E-018
           8           1  -6.6490830013522979E-016
           8           2   1.4517775899525462E-015
           8           3   1.7416450359775820E-015
           8           4  -1.1474779767320966E-029
           8           5   5.6938058099695855E-030
           8           6   2.0922886243269073E-028
           8           7  -3.1865068623518727E-030
           8           8   9.6374939187552625E-029
           8           9   1.2379907695022570E-028
           8          10  -4.6410506736079376E-018
           8          11   8.2362380667136958E-030
           8          12  -4.6410506735339880E-018
           8          13   1.2771941500304594E-029
           8          14   2.7428392842694216E-029
           8          15  -4.6410506735310021E-018
           9           1   5.5278865163105522E-016
           9           2  -4.8118948903653823E-015
           9           3  -5.7422313579141673E-015
           9           4   3.9870620315297663E-029
           9           5  -6.7432940302902519E-029
           9           6   3.1761719051318641E-028
           9           7   1.2209995395558227E-029
           9           8   1.2379907695022570E-028
           9           9   2.5826905134239355E-028
           9          10   1.8764614226924346E-017
           9          11   3.4951738554849998E-030
           9          12   1.8764614227033979E-017
           9          13   1.9760238585078815E-029
           9          14   3.8840086088711274E-029
           9          15   1.8764614227044404E-017
          10           1  -3.6129242897631163E-003
          10           2  -1.6504281626346588E-003
          10           3  -1.8983064512571644E-003
          10           4   1.5419602805029373E-017
          10           5  -2.1240683271531814E-017
          10           6  -3.7031818651759491E-018
          10           7  -2.0163332801557089E-018
          10           8  -4.6410506736079376E-018
          10           9   1.8764614226924346E-017
          10          10   1.4239912072166955E-005
          10          11  -3.6986407336322435E-018
          10          12   1.4239912072163389E-005
          10          13  -1.0269549266525229E-018
          10          14  -2.3124819553007369E-018
          10          15   1.4239912072157604E-005
          11           1   6.6783515553710217E-016
          11           2   5.6290571967944114E-016
          11           3   6.5800459953545116E-016
          11           4  -5.3940151232712897E-030
          11           5   7.2739531429080769E-030
          11           6   1.7314433389859061E-029
          11           7   1.6243713579896215E-030
          11           8   8.2362380667136958E-030
          11           9   3.4951738554849998E-030
          11          10  -3.6986407336322435E-018
          11          11   2.2449820701438932E-030
          11          12  -3.6986407336246646E-018
          11          13   1.4289654049981237E-030
          11          14   2.8642940063691610E-030
          11          15  -3.6986407336205554E-018
          12           1  -3.6129242897614683E-003
          12           2  -1.6504281626346148E-003
          12           3  -1.8983064512571430E-003
          12           4   1.5419602805027457E-017
          12           5  -2.1240683271535235E-017
          12           6  -3.7031818650016386E-018
          12           7  -2.0163332801488680E-018
          12           8  -4.6410506735339880E-018
          12           9   1.8764614227033979E-017
          12          10   1.4239912072163389E-005
          12          11  -3.6986407336246646E-018
          12          12   1.4239912072159826E-005
          12          13  -1.0269549266409277E-018
          12          14  -2.3124819552773970E-018
          12          15   1.4239912072154038E-005
          13           1   6.1362294760532818E-016
          13           2  -5.6206731143751458E-017
          13           3  -7.8449553131582457E-017
          13           4   3.2235909800162943E-033
          13           5  -9.4962914181176264E-031
          13           6   3.1108978294941880E-029
          13           7   1.9525778452554659E-030
          13           8   1.2771941500304594E-029
          13           9   1.9760238585078815E-029
          13          10  -1.0269549266525229E-018
          13          11   1.4289654049981237E-030
          13          12  -1.0269549266409277E-018
          13          13   2.1548422028946955E-030
          13          14   4.2417978124324666E-030
          13          15  -1.0269549266378394E-018
          14           1   8.4741603129282834E-016
          14           2   1.3857139668918997E-016
          14           3   1.4917168196368809E-016
          14           4  -1.7332734592896539E-030
          14           5   1.9055490724914473E-032
          14           6   6.3709439559543852E-029
          14           7   2.2075756672194753E-030
          14           8   2.7428392842694216E-029
          14           9   3.8840086088711274E-029
          14          10  -2.3124819553007369E-018
          14          11   2.8642940063691610E-030
          14          12  -2.3124819552773970E-018
          14          13   4.2417978124324666E-030
          14          14   8.6185712822119137E-030
          14          15  -2.3124819552729461E-018
          15           1  -3.6129242897575183E-003
          15           2  -1.6504281626351755E-003
          15           3  -1.8983064512578846E-003
          15           4   1.5419602805028501E-017
          15           5  -2.1240683271533928E-017
          15           6  -3.7031818649794888E-018
          15           7  -2.0163332801348384E-018
          15           8  -4.6410506735310021E-018
          15           9   1.8764614227044404E-017
          15          10   1.4239912072157604E-005
          15          11  -3.6986407336205554E-018
          15          12   1.4239912072154038E-005
          15          13  -1.0269549266378394E-018
          15          14  -2.3124819552729461E-018
          15          15   1.4239912072148252E-005
