           1           1   2.1847209123856519     
           1           2 -0.69650933265620540     
           1           3  0.31551611439454175     
           1           4  -3.3550931102322226E-002
           1           5  -4.0198575897619812E-002
           1           6  -6.0608242188791765E-011
           1           7  -2.6865953363533284E-011
           1           8  -5.5723763281350606E-012
           1           9   1.4999483081987764E-010
           1          10   6.3090931673769770E-011
           1          11   1.6937634357161802E-011
           1          12  -2.8707500609845758E-010
           1          13  -1.2029085152972906E-010
           1          14  -1.8688746102218614E-010
           1          15  -1.5839670143561173E-011
           1          16  -2.8652947064430973E-011
           1          17   6.4299580128554895E-011
           1          18  -2.8091476971868557E-003
           1          19   1.3539794027932960E-004
           1          20  -3.0108175788618905E-003
           1          21  -1.6757085761564333E-005
           1          22   3.6510929484700959E-005
           1          23  -2.7592442404288384E-003
           1          24  -1.3945704832872045E-003
           1          25  -1.2860557130886638E-004
           1          26  -1.2030177943719769E-003
           1          27   1.5916888090954863E-005
           1          28  -3.4680165242924365E-005
           1          29  -1.4419703440043566E-003
           2           1 -0.69650933265620540     
           2           2   2.6274476478983004     
           2           3  -1.1518231089680684     
           2           4  0.12631919712907155     
           2           5  0.14889955365820709     
           2           6   4.8376373301733522E-010
           2           7   2.5597697782091620E-010
           2           8   1.8299013194118054E-010
           2           9  -1.2503110990630148E-009
           2          10  -6.2684475699488653E-010
           2          11  -5.2195727742955859E-010
           2          12   2.5319010058543718E-009
           2          13   1.2281681507625848E-009
           2          14   1.5548199177564280E-009
           2          15   1.4992585665338071E-009
           2          16   8.6798926338751640E-010
           2          17   5.7132711240486362E-010
           2          18   9.1597838983765376E-003
           2          19  -5.4012718011844560E-004
           2          20   9.9642828191107043E-003
           2          21   6.6846863633764685E-005
           2          22  -1.4564843455369098E-004
           2          23   8.9607098937448497E-003
           2          24   3.7735563788014494E-003
           2          25   4.4245367648246790E-004
           2          26   3.1145397869050133E-003
           2          27  -5.4760514944638685E-005
           2          28   1.1931372840193275E-004
           2          29   3.9366304277222543E-003
           3           1  0.31551611439454175     
           3           2  -1.1518231089680684     
           3           3   2.7450069588765431     
           3           4 -0.35597913493408029     
           3           5 -0.41338064806787878     
           3           6  -5.2520298450690114E-011
           3           7   1.7548140513161131E-010
           3           8   1.7296358145633102E-010
           3           9   5.2547518130113428E-010
           3          10  -3.2555192248071794E-011
           3          11  -4.5671616666035283E-010
           3          12  -1.9754982926454780E-010
           3          13   2.5263181269226148E-010
           3          14  -2.5196046913177887E-010
           3          15   2.4314427959571871E-009
           3          16   1.0953386186298257E-009
           3          17   2.2518189405291566E-009
           3          18  -1.4720970275896000E-002
           3          19   2.1473054121811173E-003
           3          20  -1.7919284979520590E-002
           3          21  -2.6575450643976669E-004
           3          22   5.7903411836805892E-004
           3          23  -1.3929538630207662E-002
           3          24  -1.5837184073727084E-002
           3          25  -1.4481853783868993E-003
           3          26  -1.3680173130889491E-002
           3          27   1.7923427648378781E-004
           3          28  -3.9052070187238930E-004
           3          29  -1.6370938940977735E-002
           4           1  -3.3550931102322226E-002
           4           2  0.12631919712907155     
           4           3 -0.35597913493408029     
           4           4  0.63081332217407615     
           4           5  0.59320062616684865     
           4           6   3.6993409389611590E-009
           4           7   1.9495244907005761E-009
           4           8   1.8922074876464352E-009
           4           9  -1.0292303447978715E-008
           4          10  -5.3556835876509315E-009
           4          11  -5.3572764542203285E-009
           4          12   1.9745711971992436E-008
           4          13   1.0071260533841734E-008
           4          14   1.1627036044467339E-008
           4          15   1.5679872875656058E-008
           4          16   8.5340428652316212E-009
           4          17   7.1080749942067767E-009
           4          18  -4.7628888550438038E-004
           4          19  -4.9781855346899950E-003
           4          20   6.9385157347834989E-003
           4          21   6.1610437160868612E-004
           4          22  -1.3423903496481929E-003
           4          23  -2.3110959325489630E-003
           4          24   6.7883095152408528E-004
           4          25   1.9157076529764498E-003
           4          26  -2.1745323536010858E-003
           4          27  -2.3709758480831454E-004
           4          28   5.1659452861306260E-004
           4          29   1.3848997871496165E-003
           5           1  -4.0198575897619812E-002
           5           2  0.14889955365820709     
           5           3 -0.41338064806787878     
           5           4  0.59320062616684865     
           5           5  0.56071493736277134     
           5           6  -3.1770947519607490E-009
           5           7  -1.8195808440445166E-009
           5           8  -2.4543678841991912E-009
           5           9   9.4226778195381824E-009
           5          10   5.3813673730298969E-009
           5          11   7.0936430253834880E-009
           5          12  -2.0530704603771645E-008
           5          13  -1.1283976701128562E-008
           5          14  -1.1754806951494636E-008
           5          15  -2.3173801093322294E-008
           5          16  -1.1988556973048684E-008
           5          17  -1.4432265246078232E-008
           5          18   1.2708751271135995E-003
           5          19  -1.3075619612593903E-003
           5          20   3.2184393120996582E-003
           5          21   1.6182788366069715E-004
           5          22  -3.5259599347941617E-004
           5          23   7.8895011707308263E-004
           5          24   1.2740066059294943E-003
           5          25   2.5838581178932851E-003
           5          26  -2.5745374067180117E-003
           5          27  -3.1978692646044121E-004
           5          28   6.9676121722717392E-004
           5          29   2.2263362606040841E-003
           6           1  -6.0608242188791765E-011
           6           2   4.8376373301733522E-010
           6           3  -5.2520298450690114E-011
           6           4   3.6993409389611590E-009
           6           5  -3.1770947519607490E-009
           6           6   2.3322670872901758     
           6           7   3.8389372702685165E-003
           6           8  -4.7510280841814940E-004
           6           9 -0.90237965876046711     
           6          10  -1.1037918817783987E-002
           6          11   1.3660417893105879E-003
           6          12   9.5786826782734175E-002
           6          13   2.1165361152579536E-002
           6          14  -2.6194237924960012E-003
           6          15  0.10451663555691554     
           6          16   2.1320503874425672E-002
           6          17  -2.6386176044093353E-003
           6          18   5.1145250927303381E-010
           6          19  -1.9622971375631309E-010
           6          20  -2.0285921744940063E-010
           6          21  -1.1932991706068943E-010
           6          22   6.7274877888054879E-010
           6          23  -2.7441765506774063E-010
           6          24  -1.6740798033618275E-009
           6          25   2.7194321983605918E-010
           6          26   7.1802953527990267E-010
           6          27   8.4141002808102041E-010
           6          28  -1.9778523286585670E-009
           6          29   6.0677544035489926E-010
           7           1  -2.6865953363533284E-011
           7           2   2.5597697782091620E-010
           7           3   1.7548140513161131E-010
           7           4   1.9495244907005761E-009
           7           5  -1.8195808440445166E-009
           7           6   3.8389372702685165E-003
           7           7   2.3256645979799306     
           7           8   1.0351704590654176E-003
           7           9  -1.1037918784485798E-002
           7          10 -0.88339582465927502     
           7          11  -2.9763794248220954E-003
           7          12   2.1165361990520576E-002
           7          13   5.9385041629860157E-002
           7          14   5.7072930765980062E-003
           7          15   2.1320502350294743E-002
           7          16   6.7848020956872299E-002
           7          17   5.7491167595513240E-003
           7          18  -4.8878277521723599E-011
           7          19   6.4112345558656875E-011
           7          20   3.6919632055957639E-011
           7          21  -7.7142742221861250E-012
           7          22   3.0488304996414919E-010
           7          23  -1.7614310833256865E-010
           7          24   2.1252424852947485E-010
           7          25  -7.2545168789602547E-010
           7          26  -5.4096105113325552E-010
           7          27   2.1185211527123434E-010
           7          28  -8.3078768647679978E-010
           7          29   2.2462144128934299E-010
           8           1  -5.5723763281350606E-012
           8           2   1.8299013194118054E-010
           8           3   1.7296358145633102E-010
           8           4   1.8922074876464352E-009
           8           5  -2.4543678841991912E-009
           8           6  -4.7510280841814940E-004
           8           7   1.0351704590654176E-003
           8           8   2.3339008972701780     
           8           9   1.3660417882591061E-003
           8          10  -2.9763793668596901E-003
           8          11 -0.90707727639578417     
           8          12  -2.6194242726570028E-003
           8          13   5.7072945338160555E-003
           8          14  0.10479455780683705     
           8          15  -2.6386167612150596E-003
           8          16   5.7491139158893020E-003
           8          17  0.11359039892970398     
           8          18  -2.6445191969278690E-010
           8          19   4.8199338229348845E-012
           8          20   1.3585317838980606E-010
           8          21   3.5345256530571479E-010
           8          22   2.6888569906309446E-010
           8          23   2.2848756520344519E-010
           8          24   1.3239290389632570E-009
           8          25  -4.3829404175008970E-010
           8          26   8.2881987272244804E-011
           8          27  -1.0586120710865692E-009
           8          28  -1.3784470408750291E-009
           8          29  -3.4562055466995378E-010
           9           1   1.4999483081987764E-010
           9           2  -1.2503110990630148E-009
           9           3   5.2547518130113428E-010
           9           4  -1.0292303447978715E-008
           9           5   9.4226778195381824E-009
           9           6 -0.90237965876046711     
           9           7  -1.1037918784485798E-002
           9           8   1.3660417882591061E-003
           9           9   2.4512453743773452     
           9          10   3.1745400808465621E-002
           9          11  -3.9287807949832422E-003
           9          12 -0.28125678152177536     
           9          13  -6.0870191853753267E-002
           9          14   7.5332901938451411E-003
           9          15 -0.29929299934903808     
           9          16  -6.1589083662433999E-002
           9          17   7.6222419369878702E-003
           9          18  -1.7001699177673481E-009
           9          19   5.2113600287062194E-010
           9          20   3.4000581773962670E-010
           9          21   3.6933741523511653E-010
           9          22  -1.8919925899367769E-009
           9          23   5.0693500064055374E-010
           9          24   4.6461937510125390E-009
           9          25  -7.5092391261466226E-010
           9          26  -2.2869605934833503E-009
           9          27  -2.4393214202610532E-009
           9          28   5.6802848890991666E-009
           9          29  -1.9287517615005445E-009
          10           1   6.3090931673769770E-011
          10           2  -6.2684475699488653E-010
          10           3  -3.2555192248071794E-011
          10           4  -5.3556835876509315E-009
          10           5   5.3813673730298969E-009
          10           6  -1.1037918817783987E-002
          10           7 -0.88339582465927502     
          10           8  -2.9763793668596901E-003
          10           9   3.1745400808465621E-002
          10          10   2.3966472681336759     
          10          11   8.5601647920737056E-003
          10          12  -6.0870194317872793E-002
          10          13 -0.17656762813175145     
          10          14  -1.6413799329634115E-002
          10          15  -6.1589079453690285E-002
          10          16 -0.19336744048469995     
          10          17  -1.6607619827981548E-002
          10          18  -9.3870893140489260E-011
          10          19  -2.3462309527710333E-010
          10          20  -3.9685125595614297E-010
          10          21   3.6897517467001078E-011
          10          22  -8.5180029101453159E-010
          10          23   2.2448677001246176E-010
          10          24  -7.3746610250018177E-010
          10          25   2.1057634426452736E-009
          10          26   1.4484256743089377E-009
          10          27  -6.0448352854505514E-010
          10          28   2.3788365180169832E-009
          10          29  -7.6053908677843501E-010
          11           1   1.6937634357161802E-011
          11           2  -5.2195727742955859E-010
          11           3  -4.5671616666035283E-010
          11           4  -5.3572764542203285E-009
          11           5   7.0936430253834880E-009
          11           6   1.3660417893105879E-003
          11           7  -2.9763794248220954E-003
          11           8 -0.90707727639578417     
          11           9  -3.9287807949832422E-003
          11          10   8.5601647920737056E-003
          11          11   2.4647558686409461     
          11          12   7.5332916579993782E-003
          11          13  -1.6413803823291728E-002
          11          14 -0.30716242569645202     
          11          15   7.6222396172163434E-003
          11          16  -1.6607611973538740E-002
          11          17 -0.32550461219811100     
          11          18   7.0573897149165071E-010
          11          19  -3.1904005743163380E-011
          11          20  -4.0324402646819594E-010
          11          21  -1.0101983243305358E-009
          11          22  -7.9259596381333863E-010
          11          23  -6.7949708992294900E-010
          11          24  -3.8029244135402643E-009
          11          25   1.2629953142639710E-009
          11          26  -2.2477245379096042E-010
          11          27   3.0724955863120635E-009
          11          28   3.9780822600221781E-009
          11          29   9.7241720286055452E-010
          12           1  -2.8707500609845758E-010
          12           2   2.5319010058543718E-009
          12           3  -1.9754982926454780E-010
          12           4   1.9745711971992436E-008
          12           5  -2.0530704603771645E-008
          12           6   9.5786826782734175E-002
          12           7   2.1165361990520576E-002
          12           8  -2.6194242726570028E-003
          12           9 -0.28125678152177536     
          12          10  -6.0870194317872793E-002
          12          11   7.5332916579993782E-003
          12          12  0.62639143594202196     
          12          13  0.11392171349341844     
          12          14  -1.4098951227174897E-002
          12          15  0.58756151279708235     
          12          16  0.12074224657038826     
          12          17  -1.4943025191620128E-002
          12          18   3.0406651597671904E-009
          12          19  -1.5434482043345992E-009
          12          20  -1.2376060608285823E-009
          12          21  -1.0503140585313038E-009
          12          22   4.0240214575193170E-009
          12          23  -9.8190507600841181E-010
          12          24  -6.6971241446943496E-009
          12          25   1.8076976294263592E-009
          12          26   6.1330535227744709E-009
          12          27   4.8791539803831699E-009
          12          28  -1.1033916591604523E-008
          12          29   5.4320315417650435E-009
          13           1  -1.2029085152972906E-010
          13           2   1.2281681507625848E-009
          13           3   2.5263181269226148E-010
          13           4   1.0071260533841734E-008
          13           5  -1.1283976701128562E-008
          13           6   2.1165361152579536E-002
          13           7   5.9385041629860157E-002
          13           8   5.7072945338160555E-003
          13           9  -6.0870191853753267E-002
          13          10 -0.17656762813175145     
          13          11  -1.6413803823291728E-002
          13          12  0.11392171349341844     
          13          13  0.43046027655449787     
          13          14   3.0719291073983912E-002
          13          15  0.12074223518452290     
          13          16  0.37989988309874950     
          13          17   3.2558408427441579E-002
          13          18   4.3384732527296638E-010
          13          19  -6.0104415287804001E-011
          13          20   2.9477551284350609E-010
          13          21  -2.2111613186217834E-010
          13          22   1.8698013644224754E-009
          13          23  -3.3111880086418089E-010
          13          24   2.1110207790855834E-009
          13          25  -4.0826616042811971E-009
          13          26  -1.8914482228867814E-009
          13          27   1.1179520343603558E-009
          13          28  -4.3138497993882411E-009
          13          29   2.2142021785321530E-009
          14           1  -1.8688746102218614E-010
          14           2   1.5548199177564280E-009
          14           3  -2.5196046913177887E-010
          14           4   1.1627036044467339E-008
          14           5  -1.1754806951494636E-008
          14           6  -2.6194237924960012E-003
          14           7   5.7072930765980062E-003
          14           8  0.10479455780683705     
          14           9   7.5332901938451411E-003
          14          10  -1.6413799329634115E-002
          14          11 -0.30716242569645202     
          14          12  -1.4098951227174897E-002
          14          13   3.0719291073983912E-002
          14          14  0.67487518034182448     
          14          15  -1.4943018991205644E-002
          14          16   3.2558386215509841E-002
          14          17  0.63894802876823720     
          14          18  -1.6390414928169114E-009
          14          19   6.5202824475392867E-011
          14          20   5.9452629512417486E-010
          14          21   1.2356961918089604E-009
          14          22   1.9733035281497533E-009
          14          23   1.3790218769449145E-009
          14          24   6.9156053858913168E-009
          14          25  -2.4762247044838473E-009
          14          26  -1.5899589664911264E-010
          14          27  -5.9607631269808814E-009
          14          28  -7.6413353081709147E-009
          14          29  -2.2472502094000314E-009
          15           1  -1.5839670143561173E-011
          15           2   1.4992585665338071E-009
          15           3   2.4314427959571871E-009
          15           4   1.5679872875656058E-008
          15           5  -2.3173801093322294E-008
          15           6  0.10451663555691554     
          15           7   2.1320502350294743E-002
          15           8  -2.6386167612150596E-003
          15           9 -0.29929299934903808     
          15          10  -6.1589079453690285E-002
          15          11   7.6222396172163434E-003
          15          12  0.58756151279708235     
          15          13  0.12074223518452290     
          15          14  -1.4943018991205644E-002
          15          15  0.55229336786804684     
          15          16  0.12538654635765639     
          15          17  -1.5517770666939358E-002
          15          18   1.5989975698139068E-009
          15          19   7.4737018506167818E-010
          15          20  -6.0405720410571326E-010
          15          21  -1.3352765662617295E-009
          15          22   1.5824285683863602E-009
          15          23  -2.5428137713872128E-010
          15          24  -6.2120857634113056E-009
          15          25   1.2350016643862819E-009
          15          26   6.3771247302286321E-009
          15          27   4.6632732113330092E-009
          15          28  -1.0767289500165338E-008
          15          29   4.8076082457070343E-009
          16           1  -2.8652947064430973E-011
          16           2   8.6798926338751640E-010
          16           3   1.0953386186298257E-009
          16           4   8.5340428652316212E-009
          16           5  -1.1988556973048684E-008
          16           6   2.1320503874425672E-002
          16           7   6.7848020956872299E-002
          16           8   5.7491139158893020E-003
          16           9  -6.1589083662433999E-002
          16          10 -0.19336744048469995     
          16          11  -1.6607611973538740E-002
          16          12  0.12074224657038826     
          16          13  0.37989988309874950     
          16          14   3.2558386215509841E-002
          16          15  0.12538654635765639     
          16          16  0.33664410310066090     
          16          17   3.3810692335059435E-002
          16          18  -7.7964824521578416E-010
          16          19   2.1073425125557024E-009
          16          20   1.2282825988799145E-009
          16          21  -5.1467128512843838E-010
          16          22   4.4941452882277327E-010
          16          23  -8.5107730097439032E-011
          16          24   1.6620600357505206E-009
          16          25  -3.6372586985763344E-009
          16          26  -1.1377596787500799E-009
          16          27   1.1211076933685004E-009
          16          28  -4.3755006183040191E-009
          16          29   1.9616001020996069E-009
          17           1   6.4299580128554895E-011
          17           2   5.7132711240486362E-010
          17           3   2.2518189405291566E-009
          17           4   7.1080749942067767E-009
          17           5  -1.4432265246078232E-008
          17           6  -2.6386176044093353E-003
          17           7   5.7491167595513240E-003
          17           8  0.11359039892970398     
          17           9   7.6222419369878702E-003
          17          10  -1.6607619827981548E-002
          17          11 -0.32550461219811100     
          17          12  -1.4943025191620128E-002
          17          13   3.2558408427441579E-002
          17          14  0.63894802876823720     
          17          15  -1.5517770666939358E-002
          17          16   3.3810692335059435E-002
          17          17  0.60565647734009143     
          17          18  -7.8412693507472207E-010
          17          19   1.1730251691929929E-009
          17          20   4.3247189332130816E-010
          17          21   1.6377378786061066E-009
          17          22   1.8538845802677074E-009
          17          23   6.4067658257111668E-010
          17          24   6.5017073548199875E-009
          17          25  -2.2098072294244019E-009
          17          26  -3.8285695988590632E-010
          17          27  -5.5571387287398553E-009
          17          28  -7.1381726750595644E-009
          17          29  -2.0077207860830919E-009
          18           1  -2.8091476971868557E-003
          18           2   9.1597838983765376E-003
          18           3  -1.4720970275896000E-002
          18           4  -4.7628888550438038E-004
          18           5   1.2708751271135995E-003
          18           6   5.1145250927303381E-010
          18           7  -4.8878277521723599E-011
          18           8  -2.6445191969278690E-010
          18           9  -1.7001699177673481E-009
          18          10  -9.3870893140489260E-011
          18          11   7.0573897149165071E-010
          18          12   3.0406651597671904E-009
          18          13   4.3384732527296638E-010
          18          14  -1.6390414928169114E-009
          18          15   1.5989975698139068E-009
          18          16  -7.7964824521578416E-010
          18          17  -7.8412693507472207E-010
          18          18   1.9873927874156512     
          18          19  -4.3556772992512543E-004
          18          20 -0.99345058239288364     
          18          21   5.3897446796549983E-005
          18          22  -1.0622447277192879E-004
          18          23 -0.99418251393516743     
          18          24   2.5745445685348672E-002
          18          25  -9.6659137677646326E-005
          18          26  -1.1208790151391635E-002
          18          27   1.1967413323141367E-005
          18          28  -5.0948361692814846E-005
          18          29  -1.1559767738623888E-002
          19           1   1.3539794027932960E-004
          19           2  -5.4012718011844560E-004
          19           3   2.1473054121811173E-003
          19           4  -4.9781855346899950E-003
          19           5  -1.3075619612593903E-003
          19           6  -1.9622971375631309E-010
          19           7   6.4112345558656875E-011
          19           8   4.8199338229348845E-012
          19           9   5.2113600287062194E-010
          19          10  -2.3462309527710333E-010
          19          11  -3.1904005743163380E-011
          19          12  -1.5434482043345992E-009
          19          13  -6.0104415287804001E-011
          19          14   6.5202824475392867E-011
          19          15   7.4737018506167818E-010
          19          16   2.1073425125557024E-009
          19          17   1.1730251691929929E-009
          19          18  -4.3556772992512543E-004
          19          19   1.9877715500625119     
          19          20  -5.9959328690056455E-004
          19          21  -2.0110315758383506E-005
          19          22   3.2688564030631129E-005
          19          23  -3.5335389730920029E-004
          19          24   2.3289848704360996E-003
          19          25   2.4352280870710098E-002
          19          26   2.8948200379996332E-003
          19          27   6.1381792991814711E-005
          19          28  -1.0905162002786492E-004
          19          29   2.0967402479811748E-003
          20           1  -3.0108175788618905E-003
          20           2   9.9642828191107043E-003
          20           3  -1.7919284979520590E-002
          20           4   6.9385157347834989E-003
          20           5   3.2184393120996582E-003
          20           6  -2.0285921744940063E-010
          20           7   3.6919632055957639E-011
          20           8   1.3585317838980606E-010
          20           9   3.4000581773962670E-010
          20          10  -3.9685125595614297E-010
          20          11  -4.0324402646819594E-010
          20          12  -1.2376060608285823E-009
          20          13   2.9477551284350609E-010
          20          14   5.9452629512417486E-010
          20          15  -6.0405720410571326E-010
          20          16   1.2282825988799145E-009
          20          17   4.3247189332130816E-010
          20          18 -0.99345058239288364     
          20          19  -5.9959328690056455E-004
          20          20   1.9889346244201485     
          20          21   6.9067984788620084E-005
          20          22  -1.6170474987152006E-004
          20          23 -0.99365622982963231     
          20          24  -1.4821689651173042E-002
          20          25   4.6917594391641991E-004
          20          26   2.1577699073693554E-002
          20          27  -4.6659527225170139E-005
          20          28   1.2653903162548346E-004
          20          29  -1.4682778816763907E-002
          21           1  -1.6757085761564333E-005
          21           2   6.6846863633764685E-005
          21           3  -2.6575450643976669E-004
          21           4   6.1610437160868612E-004
          21           5   1.6182788366069715E-004
          21           6  -1.1932991706068943E-010
          21           7  -7.7142742221861250E-012
          21           8   3.5345256530571479E-010
          21           9   3.6933741523511653E-010
          21          10   3.6897517467001078E-011
          21          11  -1.0101983243305358E-009
          21          12  -1.0503140585313038E-009
          21          13  -2.2111613186217834E-010
          21          14   1.2356961918089604E-009
          21          15  -1.3352765662617295E-009
          21          16  -5.1467128512843838E-010
          21          17   1.6377378786061066E-009
          21          18   5.3897446796549983E-005
          21          19  -2.0110315758383506E-005
          21          20   6.9067984788620084E-005
          21          21   1.9876115449943033     
          21          22  -2.7727166251720955E-005
          21          23   4.8879293483505731E-005
          21          24  -2.8823170597113736E-004
          21          25   6.1381777737573671E-005
          21          26  -3.4685846021477944E-004
          21          27   2.4840581654426413E-002
          21          28   6.5935753229923785E-005
          21          29  -2.7090428370503633E-004
          22           1   3.6510929484700959E-005
          22           2  -1.4564843455369098E-004
          22           3   5.7903411836805892E-004
          22           4  -1.3423903496481929E-003
          22           5  -3.5259599347941617E-004
          22           6   6.7274877888054879E-010
          22           7   3.0488304996414919E-010
          22           8   2.6888569906309446E-010
          22           9  -1.8919925899367769E-009
          22          10  -8.5180029101453159E-010
          22          11  -7.9259596381333863E-010
          22          12   4.0240214575193170E-009
          22          13   1.8698013644224754E-009
          22          14   1.9733035281497533E-009
          22          15   1.5824285683863602E-009
          22          16   4.4941452882277327E-010
          22          17   1.8538845802677074E-009
          22          18  -1.0622447277192879E-004
          22          19   3.2688564030631129E-005
          22          20  -1.6170474987152006E-004
          22          21  -2.7727166251720955E-005
          22          22   1.9876591996791104     
          22          23  -1.0649060706681624E-004
          22          24   6.0313646312515823E-004
          22          25  -1.0905152681729173E-004
          22          26   7.8062338716266904E-004
          22          27   6.5935592215523404E-005
          22          28   2.4727184581514225E-002
          22          29   5.9025399414801413E-004
          23           1  -2.7592442404288384E-003
          23           2   8.9607098937448497E-003
          23           3  -1.3929538630207662E-002
          23           4  -2.3110959325489630E-003
          23           5   7.8895011707308263E-004
          23           6  -2.7441765506774063E-010
          23           7  -1.7614310833256865E-010
          23           8   2.2848756520344519E-010
          23           9   5.0693500064055374E-010
          23          10   2.2448677001246176E-010
          23          11  -6.7949708992294900E-010
          23          12  -9.8190507600841181E-010
          23          13  -3.3111880086418089E-010
          23          14   1.3790218769449145E-009
          23          15  -2.5428137713872128E-010
          23          16  -8.5107730097439032E-011
          23          17   6.4067658257111668E-010
          23          18 -0.99418251393516743     
          23          19  -3.5335389730920029E-004
          23          20 -0.99365622982963231     
          23          21   4.8879293483505731E-005
          23          22  -1.0649060706681624E-004
          23          23   1.9870866685650930     
          23          24  -1.0665749314120208E-002
          23          25  -3.2890424112013014E-004
          23          26  -1.0175861402467224E-002
          23          27   2.9294582267952496E-005
          23          28  -6.3830318025688253E-005
          23          29   2.6516627518055648E-002
          24           1  -1.3945704832872045E-003
          24           2   3.7735563788014494E-003
          24           3  -1.5837184073727084E-002
          24           4   6.7883095152408528E-004
          24           5   1.2740066059294943E-003
          24           6  -1.6740798033618275E-009
          24           7   2.1252424852947485E-010
          24           8   1.3239290389632570E-009
          24           9   4.6461937510125390E-009
          24          10  -7.3746610250018177E-010
          24          11  -3.8029244135402643E-009
          24          12  -6.6971241446943496E-009
          24          13   2.1110207790855834E-009
          24          14   6.9156053858913168E-009
          24          15  -6.2120857634113056E-009
          24          16   1.6620600357505206E-009
          24          17   6.5017073548199875E-009
          24          18   2.5745445685348672E-002
          24          19   2.3289848704360996E-003
          24          20  -1.4821689651173042E-002
          24          21  -2.8823170597113736E-004
          24          22   6.0313646312515823E-004
          24          23  -1.0665749314120208E-002
          24          24   4.7885284776313664E-004
          24          25   2.4555374488612281E-004
          24          26  -3.6127100805557219E-004
          24          27  -3.0389507556194593E-005
          24          28   6.7076670259536044E-005
          24          29   1.0092060134757105E-004
          25           1  -1.2860557130886638E-004
          25           2   4.4245367648246790E-004
          25           3  -1.4481853783868993E-003
          25           4   1.9157076529764498E-003
          25           5   2.5838581178932851E-003
          25           6   2.7194321983605918E-010
          25           7  -7.2545168789602547E-010
          25           8  -4.3829404175008970E-010
          25           9  -7.5092391261466226E-010
          25          10   2.1057634426452736E-009
          25          11   1.2629953142639710E-009
          25          12   1.8076976294263592E-009
          25          13  -4.0826616042811971E-009
          25          14  -2.4762247044838473E-009
          25          15   1.2350016643862819E-009
          25          16  -3.6372586985763344E-009
          25          17  -2.2098072294244019E-009
          25          18  -9.6659137677646326E-005
          25          19   2.4352280870710098E-002
          25          20   4.6917594391641991E-004
          25          21   6.1381777737573671E-005
          25          22  -1.0905152681729173E-004
          25          23  -3.2890424112013014E-004
          25          24   2.4555374488612281E-004
          25          25   1.5377069020462626E-003
          25          26  -1.5737439272981285E-003
          25          27  -1.5166423743870545E-004
          25          28   3.2959451038065267E-004
          25          29   6.9894512035571473E-004
          26           1  -1.2030177943719769E-003
          26           2   3.1145397869050133E-003
          26           3  -1.3680173130889491E-002
          26           4  -2.1745323536010858E-003
          26           5  -2.5745374067180117E-003
          26           6   7.1802953527990267E-010
          26           7  -5.4096105113325552E-010
          26           8   8.2881987272244804E-011
          26           9  -2.2869605934833503E-009
          26          10   1.4484256743089377E-009
          26          11  -2.2477245379096042E-010
          26          12   6.1330535227744709E-009
          26          13  -1.8914482228867814E-009
          26          14  -1.5899589664911264E-010
          26          15   6.3771247302286321E-009
          26          16  -1.1377596787500799E-009
          26          17  -3.8285695988590632E-010
          26          18  -1.1208790151391635E-002
          26          19   2.8948200379996332E-003
          26          20   2.1577699073693554E-002
          26          21  -3.4685846021477944E-004
          26          22   7.8062338716266904E-004
          26          23  -1.0175861402467224E-002
          26          24  -3.6127100805557219E-004
          26          25  -1.5737439272981285E-003
          26          26   2.4571335678311539E-003
          26          27   1.9436943679503402E-004
          26          28  -4.2436211903662785E-004
          26          29  -9.4012751163808012E-004
          27           1   1.5916888090954863E-005
          27           2  -5.4760514944638685E-005
          27           3   1.7923427648378781E-004
          27           4  -2.3709758480831454E-004
          27           5  -3.1978692646044121E-004
          27           6   8.4141002808102041E-010
          27           7   2.1185211527123434E-010
          27           8  -1.0586120710865692E-009
          27           9  -2.4393214202610532E-009
          27          10  -6.0448352854505514E-010
          27          11   3.0724955863120635E-009
          27          12   4.8791539803831699E-009
          27          13   1.1179520343603558E-009
          27          14  -5.9607631269808814E-009
          27          15   4.6632732113330092E-009
          27          16   1.1211076933685004E-009
          27          17  -5.5571387287398553E-009
          27          18   1.1967413323141367E-005
          27          19   6.1381792991814711E-005
          27          20  -4.6659527225170139E-005
          27          21   2.4840581654426413E-002
          27          22   6.5935592215523404E-005
          27          23   2.9294582267952496E-005
          27          24  -3.0389507556194593E-005
          27          25  -1.5166423743870545E-004
          27          26   1.9436943679503402E-004
          27          27   3.3099920465623196E-004
          27          28  -4.2609802582350674E-005
          27          29  -8.6104943271405064E-005
          28           1  -3.4680165242924365E-005
