           1           1   2.0817860902543814     
           1           2 -0.18185929920571609     
           1           3 -0.25313274329249430     
           1           4  -6.0216793433378339E-012
           1           5  -1.2241252271513546E-011
           1           6   2.6632475836201059E-011
           1           7  -1.7094524067731248E-013
           1           8  -4.5752529750913994E-014
           1           9   3.9790114488355944E-011
           1          10  -3.4398427232690300E-003
           1          11   4.7770615309281539E-005
           1          12  -3.8355904998097767E-003
           1          13  -1.2241344111848791E-005
           1          14   1.1836579270829792E-004
           1          15  -3.4618320796179713E-003
           2           1 -0.18185929920571609     
           2           2  0.48575600363365212     
           2           3  0.57166774510658447     
           2           4  -2.4598075998852828E-011
           2           5   4.6534750338483672E-011
           2           6   5.2085460616401952E-011
           2           7  -2.7327256416656898E-011
           2           8   1.3190576543194469E-011
           2           9  -2.5419947114149228E-011
           2          10   1.1721547401062557E-003
           2          11   5.6323245575012849E-004
           2          12  -3.4938508341655801E-003
           2          13  -1.4432981382268026E-004
           2          14   1.3955745679094704E-003
           2          15   9.1289236927209923E-004
           3           1 -0.25313274329249430     
           3           2  0.57166774510658447     
           3           3  0.68898471078572743     
           3           4   6.3655977768040133E-011
           3           5   9.4794804917949239E-012
           3           6  -1.9198204847399986E-010
           3           7   3.2334212332345720E-011
           3           8  -1.2597646739695508E-011
           3           9  -1.9027416770208235E-010
           3          10  -2.0697824378835966E-003
           3          11  -2.7199685535771873E-004
           3          12   1.8353069840207868E-004
           3          13   6.9699906525687305E-005
           3          14  -6.7395245234327592E-004
           3          15  -1.9445791608889984E-003
           4           1  -6.0216793433378339E-012
           4           2  -2.4598075998852828E-011
           4           3   6.3655977768040133E-011
           4           4  0.44917139179354004     
           4           5   4.3590735597046681E-002
           4           6  -1.1170241356285970E-002
           4           7  0.30912758135211071     
           4           8   2.9999903636407432E-002
           4           9  -7.6875546437732700E-003
           4          10   3.0409792671607033E-011
           4          11  -5.5240722150721379E-012
           4          12  -3.0871784788954246E-011
           4          13   1.3894740158394968E-011
           4          14   1.1897115151423632E-011
           4          15  -3.5538824485311351E-011
           5           1  -1.2241252271513546E-011
           5           2   4.6534750338483672E-011
           5           3   9.4794804917949239E-012
           5           4   4.3590735597046681E-002
           5           5   3.2185705920975541E-002
           5           6  0.10800890724600987     
           5           7   2.9999904110807708E-002
           5           8   2.2150763533071560E-002
           5           9   7.4333612578825176E-002
           5          10  -2.2658499570139613E-012
           5          11  -7.9679766082535797E-013
           5          12  -4.1869376735802489E-012
           5          13  -1.2515382402087554E-011
           5          14  -6.6146602869654597E-012
           5          15   1.9092104794017463E-012
           6           1   2.6632475836201059E-011
           6           2   5.2085460616401952E-011
           6           3  -1.9198204847399986E-010
           6           4  -1.1170241356285970E-002
           6           5  0.10800890724600987     
           6           6  0.42600196216032543     
           6           7  -7.6875546481732504E-003
           6           8   7.4333611631348218E-002
           6           9  0.29318197557623449     
           6          10  -1.2657278386869988E-011
           6          11   1.2966172802984830E-012
           6          12  -1.3453579969714024E-011
           6          13  -5.5005478041944532E-011
           6          14  -2.5221344520929012E-011
           6          15   2.9249402948429858E-011
           7           1  -1.7094524067731248E-013
           7           2  -2.7327256416656898E-011
           7           3   3.2334212332345720E-011
           7           4  0.30912758135211071     
           7           5   2.9999904110807708E-002
           7           6  -7.6875546481732504E-003
           7           7  0.21274698989852314     
           7           8   2.0646456640357091E-002
           7           9  -5.2907089963251108E-003
           7          10   2.0729467989417848E-011
           7          11  -3.8598153985699010E-012
           7          12  -2.0964654607019629E-011
           7          13   9.5774784910059933E-012
           7          14   8.0439595484535714E-012
           7          15  -2.4630797591417773E-011
           8           1  -4.5752529750913994E-014
           8           2   1.3190576543194469E-011
           8           3  -1.2597646739695508E-011
           8           4   2.9999903636407432E-002
           8           5   2.2150763533071560E-002
           8           6   7.4333611631348218E-002
           8           7   2.0646456640357091E-002
           8           8   1.5244541359532224E-002
           8           9   5.1157687171153363E-002
           8          10  -2.3065382899857789E-012
           8          11  -7.5497954876493869E-013
           8          12  -1.9170420621293573E-012
           8          13  -8.5603599688464751E-012
           8          14  -5.0642604777795122E-012
           8          15   6.6191577415499013E-013
           9           1   3.9790114488355944E-011
           9           2  -2.5419947114149228E-011
           9           3  -1.9027416770208235E-010
           9           4  -7.6875546437732700E-003
           9           5   7.4333612578825176E-002
           9           6  0.29318197557623449     
           9           7  -5.2907089963251108E-003
           9           8   5.1157687171153363E-002
           9           9  0.20177294575566862     
           9          10  -1.2025633982220888E-011
           9          11  -1.7243618339964393E-014
           9          12  -5.0382470399214010E-012
           9          13  -3.7622641775806293E-011
           9          14  -1.9611566856828132E-011
           9          15   1.7233973039458665E-011
          10           1  -3.4398427232690300E-003
          10           2   1.1721547401062557E-003
          10           3  -2.0697824378835966E-003
          10           4   3.0409792671607033E-011
          10           5  -2.2658499570139613E-012
          10           6  -1.2657278386869988E-011
          10           7   2.0729467989417848E-011
          10           8  -2.3065382899857789E-012
          10           9  -1.2025633982220888E-011
          10          10   8.0749228961370491E-004
          10          11   2.1226208342405825E-004
          10          12  -9.5095772619509375E-004
          10          13  -5.4392720663492143E-005
          10          14   5.2594193132423034E-004
          10          15   7.0978561386685242E-004
          11           1   4.7770615309281539E-005
          11           2   5.6323245575012849E-004
          11           3  -2.7199685535771873E-004
          11           4  -5.5240722150721379E-012
          11           5  -7.9679766082535797E-013
          11           6   1.2966172802984830E-012
          11           7  -3.8598153985699010E-012
          11           8  -7.5497954876493869E-013
          11           9  -1.7243618339964393E-014
          11          10   2.1226208342405825E-004
          11          11   5.6652486682334162E-005
          11          12  -2.5706604363270674E-004
          11          13  -1.4517349655626823E-005
          11          14   1.4037324885954002E-004
          11          15   1.8618429291202007E-004
          12           1  -3.8355904998097767E-003
          12           2  -3.4938508341655801E-003
          12           3   1.8353069840207868E-004
          12           4  -3.0871784788954246E-011
          12           5  -4.1869376735802489E-012
          12           6  -1.3453579969714024E-011
          12           7  -2.0964654607019629E-011
          12           8  -1.9170420621293573E-012
          12           9  -5.0382470399214010E-012
          12          10  -9.5095772619509375E-004
          12          11  -2.5706604363270674E-004
          12          12   1.1786632632763932E-003
          12          13   6.5873854075020055E-005
          12          14  -6.3695696039669874E-004
          12          15  -8.3262727284960506E-004
          13           1  -1.2241344111848791E-005
          13           2  -1.4432981382268026E-004
          13           3   6.9699906525687305E-005
          13           4   1.3894740158394968E-011
          13           5  -1.2515382402087554E-011
          13           6  -5.5005478041944532E-011
          13           7   9.5774784910059933E-012
          13           8  -8.5603599688464751E-012
          13           9  -3.7622641775806293E-011
          13          10  -5.4392720663492143E-005
          13          11  -1.4517349655626823E-005
          13          12   6.5873854075020055E-005
          13          13   3.7201092726164040E-006
          13          14  -3.5971016548965003E-005
          13          15  -4.7710217824168454E-005
          14           1   1.1836579270829792E-004
          14           2   1.3955745679094704E-003
          14           3  -6.7395245234327592E-004
          14           4   1.1897115151423632E-011
          14           5  -6.6146602869654597E-012
          14           6  -2.5221344520929012E-011
          14           7   8.0439595484535714E-012
          14           8  -5.0642604777795122E-012
          14           9  -1.9611566856828132E-011
          14          10   5.2594193132423034E-004
          14          11   1.4037324885954002E-004
          14          12  -6.3695696039669874E-004
          14          13  -3.5971016548965003E-005
          14          14   3.4781613569536069E-004
          14          15   4.6132651209683788E-004
          15           1  -3.4618320796179713E-003
          15           2   9.1289236927209923E-004
          15           3  -1.9445791608889984E-003
          15           4  -3.5538824485311351E-011
          15           5   1.9092104794017463E-012
          15           6   2.9249402948429858E-011
          15           7  -2.4630797591417773E-011
          15           8   6.6191577415499013E-013
          15           9   1.7233973039458665E-011
          15          10   7.0978561386685242E-004
          15          11   1.8618429291202007E-004
          15          12  -8.3262727284960506E-004
          15          13  -4.7710217824168454E-005
          15          14   4.6132651209683788E-004
          15          15   6.2408284470583065E-004
