           1           1   2.0027236097379202     
           1           2  0.14881899321774922     
           1           3  -7.2041060753039565E-002
           1           4   5.3949783802698949E-017
           1           5   4.3755897364151264E-016
           1           6   4.6410461898634977E-016
           1           7   1.3097247760097430E-015
           1           8  -1.7600678721959026E-016
           1           9  -1.1471396892281907E-015
           1          10   9.2077858728747113E-003
           1          11   6.0910344857424251E-005
           1          12   9.1290261185177236E-003
           1          13   1.8213492084082108E-004
           1          14  -3.6751732003822187E-004
           1          15   8.2999461151867307E-003
           2           1  0.14881899321774922     
           2           2   3.9786508235852835     
           2           3 -0.95950731378906273     
           2           4   1.9779976360068770E-015
           2           5   5.5178037990204154E-015
           2           6   4.3991399745553822E-015
           2           7  -3.0210009592706494E-015
           2           8  -2.4356714323067777E-015
           2           9  -4.0975647351837543E-015
           2          10 -0.24223423844826314     
           2          11  -1.8802984834966723E-003
           2          12 -0.23978639591836584     
           2          13  -5.6233870729476172E-003
           2          14   1.1347210844451555E-002
           2          15 -0.21400957059195166     
           3           1  -7.2041060753039565E-002
           3           2 -0.95950731378906273     
           3           3  0.45091618841892639     
           3           4  -1.0302903999930436E-015
           3           5  -4.0320924017164848E-015
           3           6  -3.1594006165738066E-015
           3           7   8.8586778085874564E-016
           3           8   1.4887490245650382E-015
           3           9   1.7418979431241528E-015
           3          10   6.7709350683680336E-002
           3          11  -5.1710212091211731E-004
           3          12   6.8382528910379020E-002
           3          13  -1.5464911261336611E-003
           3          14   3.1206033631130908E-003
           3          15   7.5471380106938823E-002
           4           1   5.3949783802698949E-017
           4           2   1.9779976360068770E-015
           4           3  -1.0302903999930436E-015
           4           4   2.0420290625338957     
           4           5  0.10171561167152865     
           4           6  0.30427832436576735     
           4           7 -0.87418633146373115     
           4           8  -4.3544139038544441E-002
           4           9 -0.13026061039071349     
           4          10   6.1980211868078150E-017
           4          11  -1.6240591675008216E-016
           4          12  -2.0366252169770783E-016
           4          13  -2.0654537424126896E-016
           4          14  -7.9616870055254058E-017
           4          15  -6.3278686345092515E-017
           5           1   4.3755897364151264E-016
           5           2   5.5178037990204154E-015
           5           3  -4.0320924017164848E-015
           5           4  0.10171561167152865     
           5           5   1.8871825218998193     
           5           6 -0.61400629048406630     
           5           7  -4.3544139038543442E-002
           5           8 -0.80789700591966618     
           5           9  0.26285419557539230     
           5          10   2.4118124181776566E-016
           5          11  -3.2872596646536919E-016
           5          12  -9.0514972083419672E-016
           5          13  -3.4728152945424484E-016
           5          14  -1.1721684545611167E-016
           5          15  -6.2652217860071101E-016
           6           1   4.6410461898634977E-016
           6           2   4.3991399745553822E-015
           6           3  -3.1594006165738066E-015
           6           4  0.30427832436576735     
           6           5 -0.61400629048406630     
           6           6  0.25565937060313693     
           6           7 -0.13026061039071346     
           6           8  0.26285419557539258     
           6           9 -0.10944698652552744     
           6          10  -5.4285902993933412E-016
           6          11   9.3066930571632413E-017
           6          12  -2.1679052673884485E-016
           6          13   1.1202946525657108E-016
           6          14  -3.4853252316931208E-017
           6          15  -4.2490234879414227E-016
           7           1   1.3097247760097430E-015
           7           2  -3.0210009592706494E-015
           7           3   8.8586778085874564E-016
           7           4 -0.87418633146373115     
           7           5  -4.3544139038543442E-002
           7           6 -0.13026061039071346     
           7           7  0.37423646711949360     
           7           8   1.8641111363820115E-002
           7           9   5.5764164781466792E-002
           7          10   9.4149114272298431E-017
           7          11   7.0862437305339536E-017
           7          12   2.0613024656235977E-016
           7          13   9.2419842077385874E-017
           7          14   2.6015519536649335E-017
           7          15   1.2771301158284227E-016
           8           1  -1.7600678721959026E-016
           8           2  -2.4356714323067777E-015
           8           3   1.4887490245650382E-015
           8           4  -4.3544139038544441E-002
           8           5 -0.80789700591966618     
           8           6  0.26285419557539258     
           8           7   1.8641111363820115E-002
           8           8  0.34585821169904274     
           8           9 -0.11252706886295269     
           8          10  -1.1072403758354041E-016
           8          11   1.4188875985419366E-016
           8          12   3.7850373856794294E-016
           8          13   1.5214589537066603E-016
           8          14   4.3166599259814810E-017
           8          15   2.4329197353871336E-016
           9           1  -1.1471396892281907E-015
           9           2  -4.0975647351837543E-015
           9           3   1.7418979431241528E-015
           9           4 -0.13026061039071349     
           9           5  0.26285419557539230     
           9           6 -0.10944698652552744     
           9           7   5.5764164781466792E-002
           9           8 -0.11252706886295269     
           9           9   4.6853916722315543E-002
           9          10   3.6170879184158975E-016
           9          11  -3.8133493922285757E-017
           9          12   2.1989569189564858E-016
           9          13  -4.2850836407205797E-017
           9          14   4.6120594140968223E-018
           9          15   2.8556591179130148E-016
          10           1   9.2077858728747113E-003
          10           2 -0.24223423844826314     
          10           3   6.7709350683680336E-002
          10           4   6.1980211868078150E-017
          10           5   2.4118124181776566E-016
          10           6  -5.4285902993933412E-016
          10           7   9.4149114272298431E-017
          10           8  -1.1072403758354041E-016
          10           9   3.6170879184158975E-016
          10          10   1.5712511115534671E-002
          10          11   7.3487537250260877E-005
          10          12   1.5616840142421711E-002
          10          13   2.1977845028869016E-004
          10          14  -4.4348228356604682E-004
          10          15   1.4609382825841675E-002
          11           1   6.0910344857424251E-005
          11           2  -1.8802984834966723E-003
          11           3  -5.1710212091211731E-004
          11           4  -1.6240591675008216E-016
          11           5  -3.2872596646536919E-016
          11           6   9.3066930571632413E-017
          11           7   7.0862437305339536E-017
          11           8   1.4188875985419366E-016
          11           9  -3.8133493922285757E-017
          11          10   7.3487537250260877E-005
          11          11   5.1805930253912212E-006
          11          12   6.6743253698537202E-005
          11          13   1.5493539762464649E-005
          11          14  -3.1263802371625625E-005
          11          15  -4.2769242505243212E-006
          12           1   9.1290261185177236E-003
          12           2 -0.23978639591836584     
          12           3   6.8382528910379020E-002
          12           4  -2.0366252169770783E-016
          12           5  -9.0514972083419672E-016
          12           6  -2.1679052673884485E-016
          12           7   2.0613024656235977E-016
          12           8   3.7850373856794294E-016
          12           9   2.1989569189564858E-016
          12          10   1.5616840142421711E-002
          12          11   6.6743253698537202E-005
          12          12   1.5529949122083058E-002
          12          13   1.9960839930305890E-004
          12          14  -4.0278193377161586E-004
          12          15   1.4614948447441383E-002
          13           1   1.8213492084082108E-004
          13           2  -5.6233870729476172E-003
          13           3  -1.5464911261336611E-003
          13           4  -2.0654537424126896E-016
          13           5  -3.4728152945424484E-016
          13           6   1.1202946525657108E-016
          13           7   9.2419842077385874E-017
          13           8   1.5214589537066603E-016
          13           9  -4.2850836407205797E-017
          13          10   2.1977845028869016E-004
          13          11   1.5493539762464649E-005
          13          12   1.9960839930305890E-004
          13          13   4.6336350529535775E-005
          13          14  -9.3500292882703342E-005
          13          15  -1.2790827288204158E-005
          14           1  -3.6751732003822187E-004
          14           2   1.1347210844451555E-002
          14           3   3.1206033631130908E-003
          14           4  -7.9616870055254058E-017
          14           5  -1.1721684545611167E-016
          14           6  -3.4853252316931208E-017
          14           7   2.6015519536649335E-017
          14           8   4.3166599259814810E-017
          14           9   4.6120594140968223E-018
          14          10  -4.4348228356604682E-004
          14          11  -3.1263802371625625E-005
          14          12  -4.0278193377161586E-004
          14          13  -9.3500292882703342E-005
          14          14   1.8867055064209680E-004
          14          15   2.5810082407326218E-005
          15           1   8.2999461151867307E-003
          15           2 -0.21400957059195166     
          15           3   7.5471380106938823E-002
          15           4  -6.3278686345092515E-017
          15           5  -6.2652217860071101E-016
          15           6  -4.2490234879414227E-016
          15           7   1.2771301158284227E-016
          15           8   2.4329197353871336E-016
          15           9   2.8556591179130148E-016
          15          10   1.4609382825841675E-002
          15          11  -4.2769242505243212E-006
          15          12   1.4614948447441383E-002
          15          13  -1.2790827288204158E-005
          15          14   2.5810082407326218E-005
          15          15   1.4673555588127085E-002
