           1           1   2.0007260911725506     
           1           2   1.0723298696500905E-002
           1           3   8.3231503309430938E-002
           1           4  -5.5780971081625254E-002
           1           5  -8.2505676846981388E-003
           1           6  -2.8194320368807212E-016
           1           7  -8.5670421091359158E-016
           1           8  -2.2487423704444389E-016
           1           9  -1.7905879680610672E-015
           1          10   1.1448433896455702E-015
           1          11  -1.9866694183978477E-015
           1          12  -2.7298491207436877E-015
           1          13  -2.0969713668355779E-015
           1          14  -1.4876061141795003E-016
           1          15   9.4828396622873978E-016
           1          16   1.9449151984190109E-015
           1          17  -1.7070077576822416E-017
           1          18  -3.5389438197441121E-002
           1          19  -3.5213898456868054E-004
           1          20  -3.5501899573848125E-002
           1          21   2.8341351168800977E-004
           1          22  -1.2159691373199680E-004
           1          23  -3.5375439647345845E-002
           1          24   4.4551679630507697E-003
           1          25   2.0771761336078423E-004
           1          26   4.5285412492752641E-003
           1          27  -1.7523467706457552E-004
           1          28   7.5744821835095987E-005
           1          29   4.4521445537560678E-003
           2           1   1.0723298696500905E-002
           2           2   2.1505205238756213     
           2           3   1.4210274589328371     
           2           4 -0.83029819208445899     
           2           5  -7.4279157144245003E-002
           2           6  -1.8115031004524876E-014
           2           7  -2.9901183241336582E-014
           2           8  -1.2608438191924841E-014
           2           9  -7.2120451975792866E-015
           2          10  -1.0495950985487129E-015
           2          11  -1.5500061220169493E-014
           2          12  -1.5630614589979130E-014
           2          13  -6.8422582281244647E-015
           2          14  -4.1031676637805003E-015
           2          15   2.0041982270690121E-014
           2          16   8.8477444816052172E-015
           2          17   7.7218076631802568E-015
           2          18 -0.53974766117070594     
           2          19  -6.6496572623760304E-003
           2          20 -0.54260687859636103     
           2          21   6.2334315304397496E-003
           2          22  -2.7333712316890209E-003
           2          23 -0.54011920578031902     
           2          24   5.4859222306071730E-002
           2          25   3.8770383102119349E-003
           2          26   5.6736789229604657E-002
           2          27  -3.8779420296196883E-003
           2          28   1.7151284188169880E-003
           2          29   5.5240793443172120E-002
           3           1   8.3231503309430938E-002
           3           2   1.4210274589328371     
           3           3   10.296586723283784     
           3           4  -6.7012170100558563     
           3           5 -0.79633086294215416     
           3           6   6.2458118072788907E-015
           3           7   1.0288980468421535E-014
           3           8  -3.2468647828815046E-015
           3           9   1.6413053531961866E-015
           3          10   7.8266430420927012E-015
           3          11  -4.5820089561155388E-014
           3          12   2.0751517430411916E-015
           3          13   2.1737287565909851E-015
           3          14   2.7549290375874956E-014
           3          15  -4.2626882870574062E-015
           3          16  -2.1064958623215204E-015
           3          17  -2.3548365054489250E-014
           3          18  -4.2599577382124956     
           3          19  -1.9554488700236489E-002
           3          20  -4.2756900362079469     
           3          21   2.7114216964953881E-002
           3          22  -1.2378330216959974E-002
           3          23  -4.2673796961714441     
           3          24  0.46276805570795787     
           3          25   1.1048744502558019E-002
           3          26  0.47309000312897020     
           3          27  -1.6991821001328684E-002
           3          28   7.8258537593792771E-003
           3          29  0.46814067599246323     
           4           1  -5.5780971081625254E-002
           4           2 -0.83029819208445899     
           4           3  -6.7012170100558563     
           4           4   4.4110594247913584     
           4           5  0.52340696594627389     
           4           6  -5.7985107257212424E-015
           4           7  -9.0456676476178489E-015
           4           8   3.3430610446815449E-015
           4           9  -2.5250817945710140E-015
           4          10  -4.2345474621551670E-015
           4          11   5.3529779982652667E-014
           4          12  -2.1343252596425456E-015
           4          13  -1.3803976416300412E-015
           4          14  -2.9650983096428563E-014
           4          15   3.6608018704006273E-015
           4          16   1.4961881150977167E-015
           4          17   2.4962707721124591E-014
           4          18   2.8045367040447244     
           4          19   1.9609753260426747E-002
           4          20   2.8138121242830363     
           4          21  -1.9395265407795379E-002
           4          22   8.5576777342072155E-003
           4          23   2.8063608268095703     
           4          24 -0.30417961270120986     
           4          25  -1.1415513362028368E-002
           4          26 -0.31024699511296883     
           4          27   1.2062177304119409E-002
           4          28  -5.3661401425712432E-003
           4          29 -0.30576767053695636     
           5           1  -8.2505676846981388E-003
           5           2  -7.4279157144245003E-002
           5           3 -0.79633086294215416     
           5           4  0.52340696594627389     
           5           5   6.2513975831526805E-002
           5           6  -2.9638534338474174E-015
           5           7   3.9774835501008668E-016
           5           8   4.8367069129690786E-015
           5           9  -1.1962444724430784E-014
           5          10   1.3208925526212796E-014
           5          11   5.1393145142235374E-014
           5          12   4.5369310004942821E-015
           5          13  -6.0681034502923853E-015
           5          14  -2.4980364983923932E-014
           5          15  -3.3115173776402432E-015
           5          16   4.9492508187670707E-015
           5          17   2.0250360411141550E-014
           5          18  0.33280776204822460     
           5          19   4.8347393094814988E-003
           5          20  0.33407520529326251     
           5          21  -3.5595324522196331E-003
           5          22   1.5053289602463575E-003
           5          23  0.33237648402639713     
           5          24  -3.6289273271878676E-002
           5          25  -2.8670403510404337E-003
           5          26  -3.7113535308863341E-002
           5          27   2.1934500613804719E-003
           5          28  -9.3388753865440884E-004
           5          29  -3.6085063959598623E-002
           6           1  -2.8194320368807212E-016
           6           2  -1.8115031004524876E-014
           6           3   6.2458118072788907E-015
           6           4  -5.7985107257212424E-015
           6           5  -2.9638534338474174E-015
           6           6   2.0003686999637194     
           6           7  -1.5065908739054362E-007
           6           8  -1.2022532257195337E-007
           6           9   3.2536515990091545E-003
           6          10  -3.7179908262867725E-006
           6          11  -2.9675604318428472E-006
           6          12   4.7332300629698273E-002
           6          13  -3.1246015530558141E-005
           6          14  -2.4955453971193219E-005
           6          15  -3.9297900610140858E-002
           6          16   2.4972319901406421E-005
           6          17   1.9941752451227077E-005
           6          18  -2.3399891500091734E-015
           6          19   4.0301425520446618E-016
           6          20  -3.1072076713478867E-015
           6          21  -5.4690351339167742E-016
           6          22   1.1001260041969482E-015
           6          23  -4.0581684425634119E-015
           6          24   1.6481815721159701E-016
           6          25  -5.5488925649804328E-016
           6          26   9.7709563130546544E-016
           6          27  -6.7999773589927808E-017
           6          28  -9.0646326626004274E-016
           6          29   1.6417130080551785E-015
           7           1  -8.5670421091359158E-016
           7           2  -2.9901183241336582E-014
           7           3   1.0288980468421535E-014
           7           4  -9.0456676476178489E-015
           7           5   3.9774835501008668E-016
           7           6  -1.5065908739054362E-007
           7           7   2.0003688781408329     
           7           8   6.7983546304484048E-008
           7           9  -3.7179908244011281E-006
           7          10   3.2580470548263908E-003
           7          11   1.6801393824938254E-006
           7          12  -3.1246015527601739E-005
           7          13   4.7369198129010873E-002
           7          14   1.4181532738106063E-005
           7          15   2.4972319897822483E-005
           7          16  -3.9327397649211573E-002
           7          17  -1.1322407954933097E-005
           7          18  -6.2057173616824264E-015
           7          19  -4.4617386981879384E-015
           7          20  -5.2574735303301209E-015
           7          21  -4.8410990881877566E-017
           7          22  -5.2181304264525361E-015
           7          23  -5.7385524736489720E-015
           7          24   7.1931718432027912E-016
           7          25   4.3959147245875039E-015
           7          26  -2.9168986195981013E-016
           7          27   4.7940842445014750E-016
           7          28   5.0361358865205126E-015
           7          29   1.8053715706883073E-016
           8           1  -2.2487423704444389E-016
           8           2  -1.2608438191924841E-014
           8           3  -3.2468647828815046E-015
           8           4   3.3430610446815449E-015
           8           5   4.8367069129690786E-015
           8           6  -1.2022532257195337E-007
           8           7   6.7983546304484048E-008
           8           8   2.0003689093080030     
           8           9  -2.9675604306528269E-006
           8          10   1.6801393838876758E-006
           8          11   3.2588158809170771E-003
           8          12  -2.4955453962920322E-005
           8          13   1.4181532761227324E-005
           8          14   4.7375652013668570E-002
           8          15   1.9941752443785980E-005
           8          16  -1.1322407979174557E-005
           8          17  -3.9332557090677844E-002
           8          18   1.0117518156986030E-015
           8          19   2.4366808008692959E-017
           8          20   2.2792185487506402E-015
           8          21  -1.5092545713730682E-015
           8          22  -4.9051250146543683E-016
           8          23  -1.6787115375693308E-015
           8          24  -1.8534915358521766E-015
           8          25   1.5068274880371050E-016
           8          26  -2.5137706871369067E-015
           8          27   1.1138701333322728E-015
           8          28   2.0764939896365355E-016
           8          29   7.8128337104982155E-016
           9           1  -1.7905879680610672E-015
           9           2  -7.2120451975792866E-015
           9           3   1.6413053531961866E-015
           9           4  -2.5250817945710140E-015
           9           5  -1.1962444724430784E-014
           9           6   3.2536515990091545E-003
           9           7  -3.7179908244011281E-006
           9           8  -2.9675604306528269E-006
           9           9   1.7834123125044616     
           9          10   9.4609698982506263E-005
           9          11   7.5738453700568975E-005
           9          12 -0.79425573572361374     
           9          13   2.7156937752428195E-004
           9          14   2.1738351617890672E-004
           9          15  0.63765749799512772     
           9          16  -2.5149390123273621E-004
           9          17  -2.0132255667179577E-004
           9          18   6.6544291359952227E-015
           9          19  -7.5356763453296966E-015
           9          20   3.0996526921212352E-015
           9          21  -3.4550702209881480E-015
           9          22  -6.5577760896535171E-015
           9          23  -1.2547517456322969E-014
           9          24  -2.0196104536682880E-015
           9          25   5.8702315832599618E-015
           9          26   1.7275987196031041E-015
           9          27   1.4039533062942869E-015
           9          28   3.3914023297964055E-015
           9          29   1.2763517817958968E-014
          10           1   1.1448433896455702E-015
          10           2  -1.0495950985487129E-015
          10           3   7.8266430420927012E-015
          10           4  -4.2345474621551670E-015
          10           5   1.3208925526212796E-014
          10           6  -3.7179908262867725E-006
          10           7   3.2580470548263908E-003
          10           8   1.6801393838876758E-006
          10           9   9.4609698982506263E-005
          10          10   1.7833010500833701     
          10          11  -4.3615368751998007E-005
          10          12   2.7156937752274846E-004
          10          13 -0.79457515107018684     
          10          14  -1.2512717735194481E-004
          10          15  -2.5149390123146292E-004
          10          16  0.63795327770245835     
          10          17   1.1591138240335530E-004
          10          18  -1.1878863848732354E-014
          10          19   3.2522192613865571E-015
          10          20  -4.9513961647839482E-016
          10          21   1.5453402415475522E-015
          10          22   2.5241889925855795E-015
          10          23  -4.4371669715556527E-015
          10          24   6.0846593129196104E-016
          10          25  -8.7282966238717247E-016
          10          26  -6.3271479454867247E-015
          10          27   8.3379286450292441E-016
          10          28  -2.0295919670369063E-015
          10          29  -4.1921705680039756E-015
          11           1  -1.9866694183978477E-015
          11           2  -1.5500061220169493E-014
          11           3  -4.5820089561155388E-014
          11           4   5.3529779982652667E-014
          11           5   5.1393145142235374E-014
          11           6  -2.9675604318428472E-006
          11           7   1.6801393824938254E-006
          11           8   3.2588158809170771E-003
          11           9   7.5738453700568975E-005
          11          10  -4.3615368751998007E-005
          11          11   1.7832815887413773     
          11          12   2.1738351617593688E-004
          11          13  -1.2512717732260023E-004
          11          14 -0.79463102124580698     
          11          15  -2.0132255667497378E-004
          11          16   1.1591138237481216E-004
          11          17  0.63800501367690032     
          11          18   1.7195079247337095E-014
          11          19  -5.8688146772030155E-016
          11          20   2.8868605944143649E-014
          11          21  -1.2533884599327581E-014
          11          22  -4.3376785911007909E-015
          11          23  -4.8153376105896233E-015
          11          24  -1.7807157746541575E-014
          11          25   2.9440877462366090E-015
          11          26  -2.1448101648527663E-014
          11          27   9.9162827106661763E-015
          11          28   3.2165185578520303E-015
          11          29   4.8112361996547262E-015
          12           1  -2.7298491207436877E-015
          12           2  -1.5630614589979130E-014
          12           3   2.0751517430411916E-015
          12           4  -2.1343252596425456E-015
          12           5   4.5369310004942821E-015
          12           6   4.7332300629698273E-002
          12           7  -3.1246015527601739E-005
          12           8  -2.4955453962920322E-005
          12           9 -0.79425573572361374     
          12          10   2.7156937752274846E-004
          12          11   2.1738351617593688E-004
          12          12  0.36117956309202881     
          12          13  -2.2610783660686681E-004
          12          14  -1.8102612471825735E-004
          12          15 -0.28999988077693645     
          12          16   1.9452136646023153E-004
          12          17   1.5574260749708774E-004
          12          18  -5.1588241969246215E-015
          12          19  -2.2088310044912461E-015
          12          20  -4.1353410139853455E-015
          12          21   3.2291944228455297E-015
          12          22   4.2240827344982948E-015
          12          23   5.3868592664961909E-015
          12          24   1.3355352717124861E-015
          12          25   7.4983055064741864E-016
          12          26   2.8742403871502832E-017
          12          27  -1.6775633351642130E-015
          12          28  -2.3349980714171656E-015
          12          29  -6.4761328711580100E-015
          13           1  -2.0969713668355779E-015
          13           2  -6.8422582281244647E-015
          13           3   2.1737287565909851E-015
          13           4  -1.3803976416300412E-015
          13           5  -6.0681034502923853E-015
          13           6  -3.1246015530558141E-005
          13           7   4.7369198129010873E-002
          13           8   1.4181532761227324E-005
          13           9   2.7156937752428195E-004
          13          10 -0.79457515107018684     
          13          11  -1.2512717732260023E-004
          13          12  -2.2610783660686681E-004
          13          13  0.36144542045630634     
          13          14   1.0430819440782578E-004
          13          15   1.9452136646019164E-004
          13          16 -0.29022858523299527     
          13          17  -8.9756648147362034E-005
          13          18   4.1708124367954458E-015
          13          19   9.9039204940960089E-015
          13          20  -4.2881732546270456E-016
          13          21  -9.5724611590184037E-015
          13          22   5.8048163167952591E-015
          13          23  -2.8842717187485080E-015
          13          24  -6.0120851786305640E-016
          13          25  -6.4631091593411351E-015
          13          26   2.1061563917668364E-015
          13          27   5.0533415195722630E-015
          13          28  -3.3239572084934971E-015
          13          29   3.7256892523738672E-015
          14           1  -1.4876061141795003E-016
          14           2  -4.1031676637805003E-015
          14           3   2.7549290375874956E-014
          14           4  -2.9650983096428563E-014
          14           5  -2.4980364983923932E-014
          14           6  -2.4955453971193219E-005
          14           7   1.4181532738106063E-005
          14           8   4.7375652013668570E-002
          14           9   2.1738351617890672E-004
          14          10  -1.2512717735194481E-004
          14          11 -0.79463102124580698     
          14          12  -1.8102612471825735E-004
          14          13   1.0430819440782578E-004
          14          14  0.36149192259791074     
          14          15   1.5574260750002983E-004
          14          16  -8.9756648145249140E-005
          14          17 -0.29026858881548900     
          14          18  -1.1787095851357245E-014
          14          19  -7.6694698782223189E-015
          14          20  -1.7646440474287454E-014
          14          21   7.8292802981619510E-015
          14          22   5.0642349558587032E-015
          14          23   2.1276824718548639E-015
          14          24   9.7023746396596466E-015
          14          25   3.2916373855555427E-015
          14          26   1.1365142686546886E-014
          14          27  -5.7550296518882041E-015
          14          28  -3.4514329116249730E-015
          14          29  -3.6672315549608015E-015
          15           1   9.4828396622873978E-016
          15           2   2.0041982270690121E-014
          15           3  -4.2626882870574062E-015
          15           4   3.6608018704006273E-015
          15           5  -3.3115173776402432E-015
          15           6  -3.9297900610140858E-002
          15           7   2.4972319897822483E-005
          15           8   1.9941752443785980E-005
          15           9  0.63765749799512772     
          15          10  -2.5149390123146292E-004
          15          11  -2.0132255667497378E-004
          15          12 -0.28999988077693645     
          15          13   1.9452136646019164E-004
          15          14   1.5574260750002983E-004
          15          15  0.23284888275542540     
          15          16  -1.6660309715360241E-004
          15          17  -1.3339427634284987E-004
          15          18   5.5330815611257835E-015
          15          19   3.7460991140658657E-015
          15          20   4.8245197860059150E-015
          15          21  -4.2756886999093324E-015
          15          22  -2.0141877774895173E-015
          15          23  -3.5928037406763374E-015
          15          24  -1.3387765314929811E-015
          15          25  -1.7795706718709017E-015
          15          26  -3.5898069041739729E-016
          15          27   2.3813511764908853E-015
          15          28   1.0123644673691723E-015
          15          29   5.3351044055146689E-015
          16           1   1.9449151984190109E-015
          16           2   8.8477444816052172E-015
          16           3  -2.1064958623215204E-015
          16           4   1.4961881150977167E-015
          16           5   4.9492508187670707E-015
          16           6   2.4972319901406421E-005
          16           7  -3.9327397649211573E-002
          16           8  -1.1322407979174557E-005
          16           9  -2.5149390123273621E-004
          16          10  0.63795327770245835     
          16          11   1.1591138237481216E-004
          16          12   1.9452136646023153E-004
          16          13 -0.29022858523299527     
          16          14  -8.9756648145249140E-005
          16          15  -1.6660309715360241E-004
          16          16  0.23304475166175848     
          16          17   7.6891010906523019E-005
          16          18  -3.3226337750191991E-015
          16          19  -1.0462132437852167E-014
          16          20   2.5034964065391159E-016
          16          21   8.9837034836178887E-015
          16          22  -5.2519636828600464E-015
          16          23   3.0498551133600011E-015
          16          24   5.7700067530437704E-016
          16          25   6.7025575337027366E-015
          16          26  -1.5231886315850025E-015
          16          27  -4.8441863817338841E-015
          16          28   3.0289449322748029E-015
          16          29  -3.3291069426373599E-015
          17           1  -1.7070077576822416E-017
          17           2   7.7218076631802568E-015
          17           3  -2.3548365054489250E-014
          17           4   2.4962707721124591E-014
          17           5   2.0250360411141550E-014
          17           6   1.9941752451227077E-005
          17           7  -1.1322407954933097E-005
          17           8  -3.9332557090677844E-002
          17           9  -2.0132255667179577E-004
          17          10   1.1591138240335530E-004
          17          11  0.63800501367690032     
          17          12   1.5574260749708774E-004
          17          13  -8.9756648147362034E-005
          17          14 -0.29026858881548900     
          17          15  -1.3339427634284987E-004
          17          16   7.6891010906523019E-005
          17          17  0.23307901185103896     
          17          18   1.0225229080416515E-014
          17          19   7.0599711028110214E-015
          17          20   1.4960509209709540E-014
          17          21  -6.3195611301361261E-015
          17          22  -4.4425699255135452E-015
          17          23  -1.1280078472285403E-015
          17          24  -7.9072838436998187E-015
          17          25  -3.1956822328305342E-015
          17          26  -9.2616610362531400E-015
          17          27   4.6314904111927022E-015
          17          28   3.0149345232723325E-015
          17          29   2.9362991264997746E-015
          18           1  -3.5389438197441121E-002
          18           2 -0.53974766117070594     
          18           3  -4.2599577382124956     
          18           4   2.8045367040447244     
          18           5  0.33280776204822460     
          18           6  -2.3399891500091734E-015
          18           7  -6.2057173616824264E-015
          18           8   1.0117518156986030E-015
          18           9   6.6544291359952227E-015
          18          10  -1.1878863848732354E-014
          18          11   1.7195079247337095E-014
          18          12  -5.1588241969246215E-015
          18          13   4.1708124367954458E-015
          18          14  -1.1787095851357245E-014
          18          15   5.5330815611257835E-015
          18          16  -3.3226337750191991E-015
          18          17   1.0225229080416515E-014
          18          18   1.7932834522210008     
          18          19  0.13807861292835413     
          18          20   1.8049181348097441     
          18          21  -7.2205881397213095E-002
          18          22   2.8425203795146931E-002
          18          23   1.7597376704680037     
          18          24 -0.19953302680589582     
          18          25  -8.3144123174636375E-002
          18          26 -0.20689435626317454     
          18          27   4.3841945583435023E-002
          18          28  -1.7297661149349251E-002
          18          29 -0.17935114679485498     
          19           1  -3.5213898456868054E-004
          19           2  -6.6496572623760304E-003
          19           3  -1.9554488700236489E-002
          19           4   1.9609753260426747E-002
          19           5   4.8347393094814988E-003
          19           6   4.0301425520446618E-016
          19           7  -4.4617386981879384E-015
          19           8   2.4366808008692959E-017
          19           9  -7.5356763453296966E-015
          19          10   3.2522192613865571E-015
          19          11  -5.8688146772030155E-016
          19          12  -2.2088310044912461E-015
          19          13   9.9039204940960089E-015
          19          14  -7.6694698782223189E-015
          19          15   3.7460991140658657E-015
          19          16  -1.0462132437852167E-014
          19          17   7.0599711028110214E-015
          19          18  0.13807861292835413     
          19          19   1.8448188375344992     
          19          20  0.20971055297717628     
          19          21 -0.39505310907081326     
          19          22 -0.32769950831564121     
          19          23 -0.29398863187579033     
          19          24  -7.8077380457797788E-002
          19          25  -1.1236379859547125     
          19          26 -0.12182966938500184     
          19          27  0.22726758558755597     
          19          28  0.21794184134360992     
          19          29  0.18573760519433430     
          20           1  -3.5501899573848125E-002
          20           2 -0.54260687859636103     
          20           3  -4.2756900362079469     
          20           4   2.8138121242830363     
          20           5  0.33407520529326251     
          20           6  -3.1072076713478867E-015
          20           7  -5.2574735303301209E-015
          20           8   2.2792185487506402E-015
          20           9   3.0996526921212352E-015
          20          10  -4.9513961647839482E-016
          20          11   2.8868605944143649E-014
          20          12  -4.1353410139853455E-015
          20          13  -4.2881732546270456E-016
          20          14  -1.7646440474287454E-014
          20          15   4.8245197860059150E-015
          20          16   2.5034964065391159E-016
          20          17   1.4960509209709540E-014
          20          18   1.8049181348097441     
          20          19  0.20971055297717628     
          20          20   1.8198896757553196     
          20          21 -0.10642835085873026     
          20          22   4.1570958830151473E-002
          20          23   1.7516370261239023     
          20          24 -0.20370959985652748     
          20          25 -0.12641631678858745     
          20          26 -0.21311179597777358     
          20          27   6.4519953164091023E-002
          20          28  -2.5241155156968998E-002
          20          29 -0.17148079880937345     
          21           1   2.8341351168800977E-004
          21           2   6.2334315304397496E-003
          21           3   2.7114216964953881E-002
          21           4  -1.9395265407795379E-002
          21           5  -3.5595324522196331E-003
          21           6  -5.4690351339167742E-016
          21           7  -4.8410990881877566E-017
          21           8  -1.5092545713730682E-015
          21           9  -3.4550702209881480E-015
          21          10   1.5453402415475522E-015
          21          11  -1.2533884599327581E-014
          21          12   3.2291944228455297E-015
          21          13  -9.5724611590184037E-015
          21          14   7.8292802981619510E-015
          21          15  -4.2756886999093324E-015
          21          16   8.9837034836178887E-015
          21          17  -6.3195611301361261E-015
          21          18  -7.2205881397213095E-002
          21          19 -0.39505310907081326     
          21          20 -0.10642835085873026     
          21          21  0.79458119138994010     
          21          22 -0.90468627417662173     
          21          23  0.13374628551618112     
          21          24   3.7948668256126104E-002
          21          25  0.22724700643103113     
          21          26   5.8854795398484969E-002
          21          27 -0.49431989646749597     
          21          28  0.57154415619023391     
          21          29  -8.7799339488115510E-002
          22           1  -1.2159691373199680E-004
          22           2  -2.7333712316890209E-003
          22           3  -1.2378330216959974E-002
          22           4   8.5576777342072155E-003
          22           5   1.5053289602463575E-003
          22           6   1.1001260041969482E-015
          22           7  -5.2181304264525361E-015
          22           8  -4.9051250146543683E-016
          22           9  -6.5577760896535171E-015
          22          10   2.5241889925855795E-015
          22          11  -4.3376785911007909E-015
          22          12   4.2240827344982948E-015
          22          13   5.8048163167952591E-015
          22          14   5.0642349558587032E-015
          22          15  -2.0141877774895173E-015
          22          16  -5.2519636828600464E-015
          22          17  -4.4425699255135452E-015
          22          18   2.8425203795146931E-002
          22          19 -0.32769950831564121     
          22          20   4.1570958830151473E-002
          22          21 -0.90468627417662173     
          22          22   1.3968290355717989     
          22          23  -5.0634562964177933E-002
          22          24  -1.4648529129533594E-002
          22          25  0.21795213028678861     
          22          26  -2.2679487676623929E-002
          22          27  0.57154299424107857     
          22          28 -0.88760785486278226     
          22          29   3.3622484592257119E-002
          23           1  -3.5375439647345845E-002
          23           2 -0.54011920578031902     
          23           3  -4.2673796961714441     
          23           4   2.8063608268095703     
          23           5  0.33237648402639713     
          23           6  -4.0581684425634119E-015
          23           7  -5.7385524736489720E-015
          23           8  -1.6787115375693308E-015
          23           9  -1.2547517456322969E-014
          23          10  -4.4371669715556527E-015
          23          11  -4.8153376105896233E-015
          23          12   5.3868592664961909E-015
          23          13  -2.8842717187485080E-015
          23          14   2.1276824718548639E-015
          23          15  -3.5928037406763374E-015
          23          16   3.0498551133600011E-015
          23          17  -1.1280078472285403E-015
          23          18   1.7597376704680037     
          23          19 -0.29398863187579033     
          23          20   1.7516370261239023     
          23          21  0.13374628551618112     
          23          22  -5.0634562964177933E-002
          23          23   1.8455694426033697     
          23          24 -0.17848814761193557     
          23          25  0.17788395692269962     
          23          26 -0.17379764250989788     
          23          27  -8.0582982384329135E-002
          23          28   3.0466061891569331E-002
          23          29 -0.23119953524043155     
          24           1   4.4551679630507697E-003
          24           2   5.4859222306071730E-002
          24           3  0.46276805570795787     
          24           4 -0.30417961270120986     
          24           5  -3.6289273271878676E-002
          24           6   1.6481815721159701E-016
          24           7   7.1931718432027912E-016
          24           8  -1.8534915358521766E-015
          24           9  -2.0196104536682880E-015
          24          10   6.0846593129196104E-016
          24          11  -1.7807157746541575E-014
          24          12   1.3355352717124861E-015
          24          13  -6.0120851786305640E-016
          24          14   9.7023746396596466E-015
          24          15  -1.3387765314929811E-015
          24          16   5.7700067530437704E-016
          24          17  -7.9072838436998187E-015
          24          18 -0.19953302680589582     
          24          19  -7.8077380457797788E-002
          24          20 -0.20370959985652748     
          24          21   3.7948668256126104E-002
          24          22  -1.4648529129533594E-002
          24          23 -0.17848814761193557     
          24          24   2.4760816145918504E-002
          24          25   4.7138069688641912E-002
          24          26   2.7340686799912597E-002
          24          27  -2.2951580815710936E-002
          24          28   8.8641383269381924E-003
          24          29   1.1945103516501927E-002
          25           1   2.0771761336078423E-004
          25           2   3.8770383102119349E-003
          25           3   1.1048744502558019E-002
          25           4  -1.1415513362028368E-002
          25           5  -2.8670403510404337E-003
          25           6  -5.5488925649804328E-016
          25           7   4.3959147245875039E-015
          25           8   1.5068274880371050E-016
          25           9   5.8702315832599618E-015
          25          10  -8.7282966238717247E-016
          25          11   2.9440877462366090E-015
          25          12   7.4983055064741864E-016
          25          13  -6.4631091593411351E-015
          25          14   3.2916373855555427E-015
          25          15  -1.7795706718709017E-015
          25          16   6.7025575337027366E-015
          25          17  -3.1956822328305342E-015
          25          18  -8.3144123174636375E-002
          25          19  -1.1236379859547125     
          25          20 -0.12641631678858745     
          25          21  0.22724700643103113     
          25          22  0.21795213028678861     
          25          23  0.17788395692269962     
          25          24   4.7138069688641912E-002
          25          25  0.68463468561414520     
          25          26   7.3568281975642302E-002
          25          27 -0.13003068320932931     
          25          28 -0.14438516892297279     
          25          29 -0.11224265670181877     
          26           1   4.5285412492752641E-003
          26           2   5.6736789229604657E-002
          26           3  0.47309000312897020     
          26           4 -0.31024699511296883     
          26           5  -3.7113535308863341E-002
          26           6   9.7709563130546544E-016
          26           7  -2.9168986195981013E-016
          26           8  -2.5137706871369067E-015
          26           9   1.7275987196031041E-015
          26          10  -6.3271479454867247E-015
          26          11  -2.1448101648527663E-014
          26          12   2.8742403871502832E-017
          26          13   2.1061563917668364E-015
          26          14   1.1365142686546886E-014
          26          15  -3.5898069041739729E-016
          26          16  -1.5231886315850025E-015
          26          17  -9.2616610362531400E-015
          26          18 -0.20689435626317454     
          26          19 -0.12182966938500184     
          26          20 -0.21311179597777358     
          26          21   5.8854795398484969E-002
          26          22  -2.2679487676623929E-002
          26          23 -0.17379764250989788     
          26          24   2.7340686799912597E-002
          26          25   7.3568281975642302E-002
          26          26   3.1168908130208318E-002
          26          27  -3.5583659130940311E-002
          26          28   1.3717013921162934E-002
          26          29   7.1683987644279778E-003
          27           1  -1.7523467706457552E-004
          27           2  -3.8779420296196883E-003
          27           3  -1.6991821001328684E-002
          27           4   1.2062177304119409E-002
          27           5   2.1934500613804719E-003
          27           6  -6.7999773589927808E-017
          27           7   4.7940842445014750E-016
          27           8   1.1138701333322728E-015
          27           9   1.4039533062942869E-015
          27          10   8.3379286450292441E-016
          27          11   9.9162827106661763E-015
          27          12  -1.6775633351642130E-015
          27          13   5.0533415195722630E-015
          27          14  -5.7550296518882041E-015
          27          15   2.3813511764908853E-015
          27          16  -4.8441863817338841E-015
          27          17   4.6314904111927022E-015
          27          18   4.3841945583435023E-002
          27          19  0.22726758558755597     
          27          20   6.4519953164091023E-002
          27          21 -0.49431989646749597     
          27          22  0.57154299424107857     
          27          23  -8.0582982384329135E-002
          27          24  -2.2951580815710936E-002
          27          25 -0.13003068320932931     
          27          26  -3.5583659130940311E-002
          27          27  0.30773085530973365     
          27          28 -0.36120022006597030     
          27          29   5.3018289188291975E-002
          28           1   7.5744821835095987E-005
