           1           1   1.9999809378969802     
           1           2   1.0598890683389389E-004
           1           3   1.6238197616117792E-003
           1           4   3.3528311958560370E-004
           1           5  -4.1907732656552018E-014
           1           6  -4.5167902840476179E-014
           1           7  -2.9805097506083181E-014
           1           8   3.9195142253208445E-013
           1           9   9.6245171817000292E-014
           1          10  -3.4155402113053785E-013
           1          11   9.0282696611287270E-014
           1          12  -5.8324864151144783E-014
           1          13   3.5439479178149483E-015
           1          14  -9.3829225686828605E-004
           1          15  -8.2369669581232728E-006
           1          16  -8.4663344474534261E-004
           1          17   3.4069530358163066E-006
           1          18  -4.4040203899804151E-005
           1          19  -9.2306875604664552E-004
           2           1   1.0598890683389389E-004
           2           2   2.0047520260253644     
           2           3   1.6156724955921603E-002
           2           4   4.3817460769657009E-003
           2           5  -8.1589070965259076E-013
           2           6   6.1859846703594236E-013
           2           7  -6.2831364334002322E-013
           2           8   3.4333432466328582E-012
           2           9   1.7632217191129623E-013
           2          10  -2.6017044784823054E-012
           2          11  -3.4643400187131903E-014
           2          12   1.0159314593227264E-014
           2          13   6.8738956807234515E-014
           2          14  -1.0029363599841482E-002
           2          15  -6.0209496639608296E-005
           2          16  -9.3593680872028264E-003
           2          17   2.4903696644789759E-005
           2          18  -3.2191928260068601E-004
           2          19  -9.9180848597712531E-003
           3           1   1.6238197616117792E-003
           3           2   1.6156724955921603E-002
           3           3   1.9900959471143000     
           3           4  -6.5158921268186620E-004
           3           5  -6.8999888860123120E-013
           3           6  -3.1619386269517393E-013
           3           7  -5.7460829668226504E-013
           3           8   1.1327354046075230E-011
           3           9   3.1464090658498638E-012
           3          10  -6.8518579676166948E-012
           3          11   1.5190695200207532E-013
           3          12  -9.1797062432723108E-013
           3          13   5.4040303763993179E-013
           3          14   3.6580342562337886E-003
           3          15   4.0878021619790254E-004
           3          16  -8.9076509810698257E-004
           3          17  -1.6907862382063818E-004
           3          18   2.1856060102954343E-003
           3          19   2.9025297055158559E-003
           4           1   3.3528311958560370E-004
           4           2   4.3817460769657009E-003
           4           3  -6.5158921268186620E-004
           4           4   5.5897901709628644E-004
           4           5   8.5680862372594554E-013
           4           6   9.3583776537606569E-013
           4           7   4.9605681833038203E-013
           4           8  -1.0240078408410600E-011
           4           9  -6.7108334720704336E-013
           4          10   7.4227429909303253E-012
           4          11   4.7405198927496927E-014
           4          12   8.5127017786485172E-014
           4          13  -1.1848704401683299E-013
           4          14   4.5990904990779599E-004
           4          15   1.3957795145110320E-004
           4          16  -1.0932778508393390E-003
           4          17  -5.7731872586108749E-005
           4          18   7.4627486707210173E-004
           4          19   2.0194212640570886E-004
           5           1  -4.1907732656552018E-014
           5           2  -8.1589070965259076E-013
           5           3  -6.8999888860123120E-013
           5           4   8.5680862372594554E-013
           5           5   1.9996145444033224     
           5           6  -7.2248697801460715E-005
           5           7   2.9883320804431426E-005
           5           8  -3.5068664145163227E-003
           5           9  -7.1865485414866889E-004
           5          10   2.9724818552342357E-004
           5          11   2.0616119832815461E-003
           5          12   3.9575398137194263E-004
           5          13  -1.6369075113227048E-004
           5          14  -2.4164486750988324E-013
           5          15  -1.2404801668507952E-013
           5          16  -2.7012667577896259E-014
           5          17  -6.0049706822200486E-014
           5          18  -4.8162555720386705E-015
           5          19  -4.5323755160182929E-014
           6           1  -4.5167902840476179E-014
           6           2   6.1859846703594236E-013
           6           3  -3.1619386269517393E-013
           6           4   9.3583776537606569E-013
           6           5  -7.2248697801460715E-005
           6           6   2.0005428841532860     
           6           7  -3.8628927593777691E-004
           6           8  -7.1865484320967937E-004
           6           9   5.7272770980750995E-003
           6          10  -3.8423980076538692E-003
           6          11   3.9575397882316504E-004
           6          12  -3.0235120278837265E-003
           6          13   2.1159591401312362E-003
           6          14  -2.7562105291256412E-013
           6          15   7.3722687788437447E-014
           6          16  -2.9974764719461742E-013
           6          17  -1.8811207533259040E-013
           6          18  -2.1871592929910525E-013
           6          19  -1.3025592856076847E-013
           7           1  -2.9805097506083181E-014
           7           2  -6.2831364334002322E-013
           7           3  -5.7460829668226504E-013
           7           4   4.9605681833038203E-013
           7           5   2.9883320804431426E-005
           7           6  -3.8628927593777691E-004
           7           7   1.9997687312257606     
           7           8   2.9724818209630126E-004
           7           9  -3.8423980140372127E-003
           7          10  -1.9731787467557756E-003
           7          11  -1.6369075021258777E-004
           7          12   2.1159591422652835E-003
           7          13   1.2170299207964390E-003
           7          14  -5.3103474679961240E-014
           7          15  -5.9258105700225931E-014
           7          16   9.7018729376182738E-015
           7          17   7.5827859758706240E-014
           7          18  -1.7982237670793921E-014
           7          19   6.8263871665642758E-014
           8           1   3.9195142253208445E-013
           8           2   3.4333432466328582E-012
           8           3   1.1327354046075230E-011
           8           4  -1.0240078408410600E-011
           8           5  -3.5068664145163227E-003
           8           6  -7.1865484320967937E-004
           8           7   2.9724818209630126E-004
           8           8   1.9630094235078250     
           8           9   5.8398124682875280E-002
           8          10  -2.4154483254282377E-002
           8          11   1.8137116593340507E-002
           8          12   4.2711951658135627E-003
           8          13  -1.7666408444083162E-003
           8          14   3.2445683435354858E-012
           8          15   1.4947444511159802E-012
           8          16  -2.6312286546042480E-012
           8          17  -1.9237542997726209E-012
           8          18   1.8929855826384942E-012
           8          19   4.0633342180809218E-013
           9           1   9.6245171817000292E-014
           9           2   1.7632217191129623E-013
           9           3   3.1464090658498638E-012
           9           4  -6.7108334720704336E-013
           9           5  -7.1865485414866889E-004
           9           6   5.7272770980750995E-003
           9           7  -3.8423980140372127E-003
           9           8   5.8398124682875280E-002
           9           9   1.2126399308361540     
           9          10  0.31223450653090012     
           9          11   4.2711951935322495E-003
           9          12  -3.6744346896068793E-002
           9          13   2.2836598303910521E-002
           9          14  -5.2188634206381900E-013
           9          15   9.7788958486450154E-013
           9          16  -1.2118680089109354E-012
           9          17   1.4630439627747193E-012
           9          18  -7.8901461388476247E-013
           9          19   1.7833561757840339E-013
          10           1  -3.4155402113053785E-013
          10           2  -2.6017044784823054E-012
          10           3  -6.8518579676166948E-012
          10           4   7.4227429909303253E-012
          10           5   2.9724818552342357E-004
          10           6  -3.8423980076538692E-003
          10           7  -1.9731787467557756E-003
          10           8  -2.4154483254282377E-002
          10           9  0.31223450653090012     
          10          10   1.8383814670040604     
          10          11  -1.7666408486515417E-003
          10          12   2.2836598297653367E-002
          10          13   9.0219210500382101E-003
          10          14  -1.0465722671931733E-012
          10          15   1.1008839222137462E-012
          10          16  -4.2086242016640571E-013
          10          17   5.0695140532240340E-012
          10          18  -1.9804304519986672E-012
          10          19  -1.8862547087995436E-012
          11           1   9.0282696611287270E-014
          11           2  -3.4643400187131903E-014
          11           3   1.5190695200207532E-013
          11           4   4.7405198927496927E-014
          11           5   2.0616119832815461E-003
          11           6   3.9575397882316504E-004
          11           7  -1.6369075021258777E-004
          11           8   1.8137116593340507E-002
          11           9   4.2711951935322495E-003
          11          10  -1.7666408486515417E-003
          11          11   3.4064033081478682E-004
          11          12  -1.1064352514602320E-004
          11          13   4.5764091837709113E-005
          11          14   9.5528063944704024E-014
          11          15   7.9030514876406910E-014
          11          16  -2.1153375787478682E-013
          11          17  -7.8917690035622121E-015
          11          18   1.5447623580266962E-013
          11          19   3.6151788608727783E-014
          12           1  -5.8324864151144783E-014
          12           2   1.0159314593227264E-014
          12           3  -9.1797062432723108E-013
          12           4   8.5127017786485172E-014
          12           5   3.9575398137194263E-004
          12           6  -3.0235120278837265E-003
          12           7   2.1159591422652835E-003
          12           8   4.2711951658135627E-003
          12           9  -3.6744346896068793E-002
          12          10   2.2836598297653367E-002
          12          11  -1.1064352514602320E-004
          12          12   1.7623216743484370E-003
          12          13  -5.9157252253254973E-004
          12          14  -1.4547379008270907E-014
          12          15  -1.2533550797405404E-014
          12          16   5.8223138091287861E-014
          12          17   3.6116068759093046E-014
          12          18  -2.9797899644093705E-014
          12          19  -3.8495000871066135E-014
          13           1   3.5439479178149483E-015
          13           2   6.8738956807234515E-014
          13           3   5.4040303763993179E-013
          13           4  -1.1848704401683299E-013
          13           5  -1.6369075113227048E-004
          13           6   2.1159591401312362E-003
          13           7   1.2170299207964390E-003
          13           8  -1.7666408444083162E-003
          13           9   2.2836598303910521E-002
          13          10   9.0219210500382101E-003
          13          11   4.5764091837709113E-005
          13          12  -5.9157252253254973E-004
          13          13   5.7676565666888867E-004
          13          14  -9.1440638904101024E-014
          13          15  -3.8417533405527974E-015
          13          16   1.0731613053932953E-013
          13          17   3.8817847182865627E-014
          13          18  -1.2128242089555858E-013
          13          19  -3.1228138826087804E-015
          14           1  -9.3829225686828605E-004
          14           2  -1.0029363599841482E-002
          14           3   3.6580342562337886E-003
          14           4   4.5990904990779599E-004
          14           5  -2.4164486750988324E-013
          14           6  -2.7562105291256412E-013
          14           7  -5.3103474679961240E-014
          14           8   3.2445683435354858E-012
          14           9  -5.2188634206381900E-013
          14          10  -1.0465722671931733E-012
          14          11   9.5528063944704024E-014
          14          12  -1.4547379008270907E-014
          14          13  -9.1440638904101024E-014
          14          14   4.8311666010626079E-004
          14          15   1.2417815502198569E-004
          14          16  -8.9870533807914809E-004
          14          17  -5.1362248480547323E-005
          14          18   6.6393750005495802E-004
          14          19   2.5361152487607424E-004
          15           1  -8.2369669581232728E-006
          15           2  -6.0209496639608296E-005
          15           3   4.0878021619790254E-004
          15           4   1.3957795145110320E-004
          15           5  -1.2404801668507952E-013
          15           6   7.3722687788437447E-014
          15           7  -5.9258105700225931E-014
          15           8   1.4947444511159802E-012
          15           9   9.7788958486450154E-013
          15          10   1.1008839222137462E-012
          15          11   7.9030514876406910E-014
          15          12  -1.2533550797405404E-014
          15          13  -3.8417533405527974E-015
          15          14   1.2417815502198569E-004
          15          15   3.5707474705183855E-005
          15          16  -2.7316527493562702E-004
          15          17  -1.4769233670369136E-005
          15          18   1.9091547529081490E-004
          15          19   5.8183867953400668E-005
          16           1  -8.4663344474534261E-004
          16           2  -9.3593680872028264E-003
          16           3  -8.9076509810698257E-004
          16           4  -1.0932778508393390E-003
          16           5  -2.7012667577896259E-014
          16           6  -2.9974764719461742E-013
          16           7   9.7018729376182738E-015
          16           8  -2.6312286546042480E-012
          16           9  -1.2118680089109354E-012
          16          10  -4.2086242016640571E-013
          16          11  -2.1153375787478682E-013
          16          12   5.8223138091287861E-014
          16          13   1.0731613053932953E-013
          16          14  -8.9870533807914809E-004
          16          15  -2.7316527493562702E-004
          16          16   2.1410063239570014E-003
          16          17   1.1298591707533217E-004
          16          18  -1.4605199254662977E-003
          16          19  -3.9384332475172351E-004
          17           1   3.4069530358163066E-006
          17           2   2.4903696644789759E-005
          17           3  -1.6907862382063818E-004
          17           4  -5.7731872586108749E-005
          17           5  -6.0049706822200486E-014
          17           6  -1.8811207533259040E-013
          17           7   7.5827859758706240E-014
          17           8  -1.9237542997726209E-012
          17           9   1.4630439627747193E-012
          17          10   5.0695140532240340E-012
          17          11  -7.8917690035622121E-015
          17          12   3.6116068759093046E-014
          17          13   3.8817847182865627E-014
          17          14  -5.1362248480547323E-005
          17          15  -1.4769233670369136E-005
          17          16   1.1298591707533217E-004
          17          17   6.1088123708254917E-006
          17          18  -7.8965966905810965E-005
          17          19  -2.4065861528718104E-005
          18           1  -4.4040203899804151E-005
          18           2  -3.2191928260068601E-004
          18           3   2.1856060102954343E-003
          18           4   7.4627486707210173E-004
          18           5  -4.8162555720386705E-015
          18           6  -2.1871592929910525E-013
          18           7  -1.7982237670793921E-014
          18           8   1.8929855826384942E-012
          18           9  -7.8901461388476247E-013
          18          10  -1.9804304519986672E-012
          18          11   1.5447623580266962E-013
          18          12  -2.9797899644093705E-014
          18          13  -1.2128242089555858E-013
          18          14   6.6393750005495802E-004
          18          15   1.9091547529081490E-004
          18          16  -1.4605199254662977E-003
          18          17  -7.8965966905810965E-005
          18          18   1.0207587908821314E-003
          18          19   3.1108894982274926E-004
          19           1  -9.2306875604664552E-004
          19           2  -9.9180848597712531E-003
          19           3   2.9025297055158559E-003
          19           4   2.0194212640570886E-004
          19           5  -4.5323755160182929E-014
          19           6  -1.3025592856076847E-013
          19           7   6.8263871665642758E-014
          19           8   4.0633342180809218E-013
          19           9   1.7833561757840339E-013
          19          10  -1.8862547087995436E-012
          19          11   3.6151788608727783E-014
          19          12  -3.8495000871066135E-014
          19          13  -3.1228138826087804E-015
          19          14   2.5361152487607424E-004
          19          15   5.8183867953400668E-005
          19          16  -3.9384332475172351E-004
          19          17  -2.4065861528718104E-005
          19          18   3.1108894982274926E-004
          19          19   1.4607653627903865E-004
