           1           1   2.0033567742753204     
           1           2   2.5793394891817593E-002
           1           3  0.18790083431674723     
           1           4  -6.6985036218109945E-002
           1           5  -9.9915355020204663E-016
           1           6  -7.1343023000873545E-016
           1           7   3.3503957710268561E-016
           1           8  -2.5038065156017788E-015
           1           9   3.0565959373802907E-015
           1          10  -4.0576688459363082E-015
           1          11   3.2013889600553298E-015
           1          12  -4.0832244897333949E-017
           1          13   3.7377030701984279E-015
           1          14  -2.8895311033143953E-002
           1          15  -2.5965262920669614E-017
           1          16  -2.8895311033145646E-002
           1          17   7.9333495370119979E-016
           1          18  -1.5162814215334489E-016
           1          19  -2.8895311033145295E-002
           2           1   2.5793394891817593E-002
           2           2   2.0820948409718025     
           2           3   1.2828348518509662     
           2           4 -0.48464576856429992     
           2           5  -2.6432353421442905E-014
           2           6  -3.7009171489645998E-014
           2           7   1.6368423123025866E-014
           2           8  -5.3287764897412477E-015
           2           9   1.1041169107188316E-014
           2          10  -1.0584523038728070E-014
           2          11   2.5920009843718759E-015
           2          12  -6.7780304507234069E-015
           2          13   6.2344866808570901E-015
           2          14  -8.2391359498688324E-002
           2          15   2.8567570711343348E-016
           2          16  -8.2391359498690003E-002
           2          17  -1.0016236045138308E-015
           2          18   5.8633292104843457E-016
           2          19  -8.2391359498689004E-002
           3           1  0.18790083431674723     
           3           2   1.2828348518509662     
           3           3   10.129814672167967     
           3           4  -3.6595421840027957     
           3           5   2.9407688455601962E-015
           3           6   1.1019031221705875E-014
           3           7  -2.6213983224348427E-015
           3           8  -1.9141555096555835E-014
           3           9   7.3069225345055187E-015
           3          10  -1.3483042904065085E-014
           3          11   1.1957960780961620E-014
           3          12  -5.7356145840309862E-015
           3          13   7.6227501295366218E-015
           3          14  -1.2713243411896280     
           3          15   3.6179786375316330E-016
           3          16  -1.2713243411896229     
           3          17   7.9612869269452952E-017
           3          18  -6.8619260793627256E-016
           3          19  -1.2713243411896267     
           4           1  -6.6985036218109945E-002
           4           2 -0.48464576856429992     
           4           3  -3.6595421840027957     
           4           4   1.3611262578196037     
           4           5   1.3115091598374437E-014
           4           6  -1.7919843790389217E-016
           4           7   5.7798425391606883E-015
           4           8   3.4742845262911081E-014
           4           9  -1.4242619852559047E-014
           4          10   2.1556455238124823E-014
           4          11  -2.0650337696089375E-014
           4          12   4.9904934973845637E-015
           4          13  -9.7705212247104555E-015
           4          14  0.47814386380455193     
           4          15  -1.6015036811027843E-016
           4          16  0.47814386380455043     
           4          17  -4.2883514189505634E-017
           4          18   2.2769753573056673E-016
           4          19  0.47814386380455165     
           5           1  -9.9915355020204663E-016
           5           2  -2.6432353421442905E-014
           5           3   2.9407688455601962E-015
           5           4   1.3115091598374437E-014
           5           5   1.9812770230186207     
           5           6  -1.0450021599290029E-003
           5           7  -2.5461137636091707E-003
           5           8   9.1503838976793386E-002
           5           9  -1.5313938656404829E-002
           5          10  -3.7311913298677002E-002
           5          11   3.9053591416890916E-002
           5          12   4.7049374131058388E-003
           5          13   1.1463426932297412E-002
           5          14  -2.3429289951911684E-015
           5          15  -4.5137431230099549E-015
           5          16  -8.5284309122700524E-015
           5          17   2.2989362362359121E-015
           5          18  -1.3351262034715323E-017
           5          19  -7.4031047467217716E-015
           6           1  -7.1343023000873545E-016
           6           2  -3.7009171489645998E-014
           6           3   1.1019031221705875E-014
           6           4  -1.7919843790389217E-016
           6           5  -1.0450021599290029E-003
           6           6   1.9812717393015529     
           6           7  -2.5525587023637903E-003
           6           8  -1.5313938656400312E-002
           6           9   9.1426408975083959E-002
           6          10  -3.7406360373060256E-002
           6          11   4.7049374131017934E-003
           6          12   3.9077380418546817E-002
           6          13   1.1492444129224642E-002
           6          14  -4.3801857275305584E-015
           6          15  -2.1041047790566584E-015
           6          16  -6.2112075709737193E-015
           6          17   4.2322065703894944E-016
           6          18   3.4229112195669136E-016
           6          19  -5.1117170910581874E-015
           7           1   3.3503957710268561E-016
           7           2   1.6368423123025866E-014
           7           3  -2.6213983224348427E-015
           7           4   5.7798425391606883E-015
           7           5  -2.5461137636091707E-003
           7           6  -2.5525587023637903E-003
           7           7   1.9761001604283994     
           7           8  -3.7311913298673033E-002
           7           9  -3.7406360373062386E-002
           7          10   1.5639731533432052E-002
           7          11   1.1463426932289690E-002
           7          12   1.1492444129230367E-002
           7          13   6.2361499684673416E-002
           7          14  -1.8857051332625580E-016
           7          15  -9.5857686827042213E-016
           7          16   4.3619430742372791E-016
           7          17   7.4363829561317670E-017
           7          18   8.3548882998942898E-016
           7          19  -2.1068160187752466E-015
           8           1  -2.5038065156017788E-015
           8           2  -5.3287764897412477E-015
           8           3  -1.9141555096555835E-014
           8           4   3.4742845262911081E-014
           8           5   9.1503838976793386E-002
           8           6  -1.5313938656400312E-002
           8           7  -3.7311913298673033E-002
           8           8   4.4797310405887272     
           8           9 -0.22441744731743032     
           8          10 -0.54678580898699403     
           8          11  -2.0805692730974661     
           8          12   6.8948300481466177E-002
           8          13  0.16799029089620299     
           8          14   1.4988900053875704E-014
           8          15  -2.6690502074309103E-014
           8          16  -2.0947418964382983E-014
           8          17   6.4579939941191870E-015
           8          18   2.6282949742587420E-015
           8          19   1.3643458024171193E-015
           9           1   3.0565959373802907E-015
           9           2   1.1041169107188316E-014
           9           3   7.3069225345055187E-015
           9           4  -1.4242619852559047E-014
           9           5  -1.5313938656404829E-002
           9           6   9.1426408975083959E-002
           9           7  -3.7406360373062386E-002
           9           8 -0.22441744731743032     
           9           9   4.4785963459997742     
           9          10 -0.54816987952663010     
           9          11   6.8948300481459820E-002
           9          12  -2.0802206582084910     
           9          13  0.16841552214533742     
           9          14  -4.4494061701861891E-016
           9          15  -3.9147078283771022E-015
           9          16   4.6676166774978836E-015
           9          17   5.4852665797701903E-016
           9          18  -5.7639795808407367E-015
           9          19   4.8822877962526625E-015
          10           1  -4.0576688459363082E-015
          10           2  -1.0584523038728070E-014
          10           3  -1.3483042904065085E-014
          10           4   2.1556455238124823E-014
          10           5  -3.7311913298677002E-002
          10           6  -3.7406360373060256E-002
          10           7   1.5639731533432052E-002
          10           8 -0.54678580898699403     
          10           9 -0.54816987952663010     
          10          10   3.3679837809549804     
          10          11  0.16799029089618700     
          10          12  0.16841552214533587     
          10          13  -1.7390045461435377     
          10          14   6.6003670735605625E-015
          10          15  -1.0769058724085626E-014
          10          16  -6.7798031509152116E-015
          10          17   4.4895617958153106E-015
          10          18   3.9155009569383271E-015
          10          19  -3.8990423900128860E-015
          11           1   3.2013889600553298E-015
          11           2   2.5920009843718759E-015
          11           3   1.1957960780961620E-014
          11           4  -2.0650337696089375E-014
          11           5   3.9053591416890916E-002
          11           6   4.7049374131017934E-003
          11           7   1.1463426932289690E-002
          11           8  -2.0805692730974661     
          11           9   6.8948300481459820E-002
          11          10  0.16799029089618700     
          11          11   1.0277031517297845     
          11          12  -2.1183148619269655E-002
          11          13  -5.1612052418979475E-002
          11          14  -8.8226241262059291E-015
          11          15   1.5951191527338231E-014
          11          16   1.0535077478230211E-014
          11          17  -4.4165394293506285E-015
          11          18  -1.9199398176839768E-015
          11          19  -3.9954280082521208E-016
          12           1  -4.0832244897333949E-017
          12           2  -6.7780304507234069E-015
          12           3  -5.7356145840309862E-015
          12           4   4.9904934973845637E-015
          12           5   4.7049374131058388E-003
          12           6   3.9077380418546817E-002
          12           7   1.1492444129230367E-002
          12           8   6.8948300481466177E-002
          12           9  -2.0802206582084910     
          12          10  0.16841552214533587     
          12          11  -2.1183148619269655E-002
          12          12   1.0275960459569973     
          12          13  -5.1742697216381618E-002
          12          14  -1.3940419309713802E-016
          12          15   1.8163398650442392E-015
          12          16  -1.4177213987761208E-015
          12          17  -3.4282657112818264E-016
          12          18   1.6434098531980980E-015
          12          19  -1.5930334570921606E-015
          13           1   3.7377030701984279E-015
          13           2   6.2344866808570901E-015
          13           3   7.6227501295366218E-015
          13           4  -9.7705212247104555E-015
          13           5   1.1463426932297412E-002
          13           6   1.1492444129224642E-002
          13           7   6.2361499684673416E-002
          13           8  0.16799029089620299     
          13           9  0.16841552214533742     
          13          10  -1.7390045461435377     
          13          11  -5.1612052418979475E-002
          13          12  -5.1742697216381618E-002
          13          13  0.92276341683216112     
          13          14  -3.3384233057598081E-015
          13          15   5.3730021399961188E-015
          13          16   3.4168001098482932E-015
          13          17  -2.0413278984007233E-015
          13          18  -1.2910493863399529E-015
          13          19   1.2960079857813146E-015
          14           1  -2.8895311033143953E-002
          14           2  -8.2391359498688324E-002
          14           3  -1.2713243411896280     
          14           4  0.47814386380455193     
          14           5  -2.3429289951911684E-015
          14           6  -4.3801857275305584E-015
          14           7  -1.8857051332625580E-016
          14           8   1.4988900053875704E-014
          14           9  -4.4494061701861891E-016
          14          10   6.6003670735605625E-015
          14          11  -8.8226241262059291E-015
          14          12  -1.3940419309713802E-016
          14          13  -3.3384233057598081E-015
          14          14  0.17357053213758100     
          14          15  -5.0030974890947098E-017
          14          16  0.17357053213758047     
          14          17  -6.9402424851111833E-017
          14          18   1.1144526546233652E-016
          14          19  0.17357053213758092     
          15           1  -2.5965262920669614E-017
          15           2   2.8567570711343348E-016
          15           3   3.6179786375316330E-016
          15           4  -1.6015036811027843E-016
          15           5  -4.5137431230099549E-015
          15           6  -2.1041047790566584E-015
          15           7  -9.5857686827042213E-016
          15           8  -2.6690502074309103E-014
          15           9  -3.9147078283771022E-015
          15          10  -1.0769058724085626E-014
          15          11   1.5951191527338231E-014
          15          12   1.8163398650442392E-015
          15          13   5.3730021399961188E-015
          15          14  -5.0030974890947098E-017
          15          15   4.4815930920705784E-028
          15          16  -5.0030974890490175E-017
          15          17  -1.5309173828337842E-028
          15          18  -6.5157633958242082E-029
          15          19  -5.0030974890680524E-017
          16           1  -2.8895311033145646E-002
          16           2  -8.2391359498690003E-002
          16           3  -1.2713243411896229     
          16           4  0.47814386380455043     
          16           5  -8.5284309122700524E-015
          16           6  -6.2112075709737193E-015
          16           7   4.3619430742372791E-016
          16           8  -2.0947418964382983E-014
          16           9   4.6676166774978836E-015
          16          10  -6.7798031509152116E-015
          16          11   1.0535077478230211E-014
          16          12  -1.4177213987761208E-015
          16          13   3.4168001098482932E-015
          16          14  0.17357053213758047     
          16          15  -5.0030974890490175E-017
          16          16  0.17357053213757995     
          16          17  -6.9402424851263751E-017
          16          18   1.1144526546224664E-016
          16          19  0.17357053213758039     
          17           1   7.9333495370119979E-016
          17           2  -1.0016236045138308E-015
          17           3   7.9612869269452952E-017
          17           4  -4.2883514189505634E-017
          17           5   2.2989362362359121E-015
          17           6   4.2322065703894944E-016
          17           7   7.4363829561317670E-017
          17           8   6.4579939941191870E-015
          17           9   5.4852665797701903E-016
          17          10   4.4895617958153106E-015
          17          11  -4.4165394293506285E-015
          17          12  -3.4282657112818264E-016
          17          13  -2.0413278984007233E-015
          17          14  -6.9402424851111833E-017
          17          15  -1.5309173828337842E-028
          17          16  -6.9402424851263751E-017
          17          17   5.6745064773442342E-029
          17          18   2.7047097928416642E-029
          17          19  -6.9402424851209147E-017
          18           1  -1.5162814215334489E-016
          18           2   5.8633292104843457E-016
          18           3  -6.8619260793627256E-016
          18           4   2.2769753573056673E-016
          18           5  -1.3351262034715323E-017
          18           6   3.4229112195669136E-016
          18           7   8.3548882998942898E-016
          18           8   2.6282949742587420E-015
          18           9  -5.7639795808407367E-015
          18          10   3.9155009569383271E-015
          18          11  -1.9199398176839768E-015
          18          12   1.6434098531980980E-015
          18          13  -1.2910493863399529E-015
          18          14   1.1144526546233652E-016
          18          15  -6.5157633958242082E-029
          18          16   1.1144526546224664E-016
          18          17   2.7047097928416642E-029
          18          18   4.2499992120544127E-029
          18          19   1.1144526546226858E-016
          19           1  -2.8895311033145295E-002
          19           2  -8.2391359498689004E-002
          19           3  -1.2713243411896267     
          19           4  0.47814386380455165     
          19           5  -7.4031047467217716E-015
          19           6  -5.1117170910581874E-015
          19           7  -2.1068160187752466E-015
          19           8   1.3643458024171193E-015
          19           9   4.8822877962526625E-015
          19          10  -3.8990423900128860E-015
          19          11  -3.9954280082521208E-016
          19          12  -1.5930334570921606E-015
          19          13   1.2960079857813146E-015
          19          14  0.17357053213758092     
          19          15  -5.0030974890680524E-017
          19          16  0.17357053213758039     
          19          17  -6.9402424851209147E-017
          19          18   1.1144526546226858E-016
          19          19  0.17357053213758081     
