           1           1   2.1830600670571751     
           1           2 -0.66360459633957725     
           1           3   7.1232997904055184E-002
           1           4   9.8066090082472218E-002
           1           5  -1.9181527414238065E-015
           1           6  -3.0981120522214084E-014
           1           7   4.2436594966206443E-014
           1           8  -7.2260192613802320E-015
           1           9  -5.0549880725202284E-015
           1          10   4.3053464800402481E-014
           1          11   1.3398481245354779E-015
           1          12  -5.8426334198463167E-015
           1          13  -1.5492119420663103E-014
           1          14   2.2137023886923315E-003
           1          15   1.2500010280445018E-004
           1          16   1.7676837061099680E-003
           1          17  -5.3112699355925075E-005
           1          18   2.3104154228100870E-004
           1          19   2.1535704820984511E-003
           2           1 -0.66360459633957725     
           2           2   2.4165432082453080     
           2           3 -0.32390713527839532     
           2           4 -0.43210575455800404     
           2           5  -4.9695773666167289E-016
           2           6   1.0503186302751015E-013
           2           7  -1.4473622675387623E-013
           2           8   2.1151677126318136E-014
           2           9   2.5180135708092051E-014
           2          10  -1.5125731883589165E-013
           2          11  -1.0801709779561395E-014
           2          12   1.4099099714678668E-014
           2          13   5.7911363579933206E-014
           2          14  -1.1643275589061284E-002
           2          15  -6.1877105456186604E-004
           2          16  -9.4354098001876753E-003
           2          17   2.6291659170055767E-004
           2          18  -1.1436936096205297E-003
           2          19  -1.1345612767756740E-002
           3           1   7.1232997904055184E-002
           3           2 -0.32390713527839532     
           3           3  0.57042115402020133     
           3           4  0.59693451418132359     
           3           5  -2.8828287054335629E-014
           3           6   2.5231909986364587E-014
           3           7   1.3212743578894578E-014
           3           8  -7.0923261450890302E-014
           3           9  -2.3741089823908261E-014
           3          10   2.9215731077077043E-014
           3          11  -1.6628122204821282E-014
           3          12  -4.1393202287640541E-015
           3          13   7.5739594383538459E-015
           3          14   1.4912645865362483E-003
           3          15   6.1291796816604401E-004
           3          16  -6.9571653285841265E-004
           3          17  -2.6042960798219840E-004
           3          18   1.1328751698986509E-003
           3          19   1.1964174207234409E-003
           4           1   9.8066090082472218E-002
           4           2 -0.43210575455800404     
           4           3  0.59693451418132359     
           4           4  0.62911826176341645     
           4           5   1.2403870491203582E-014
           4           6   1.0155350647701932E-014
           4           7  -6.1293858739760143E-015
           4           8  -3.4608947512597730E-015
           4           9   3.2569597528787759E-015
           4          10   1.7576490377637655E-014
           4          11   3.6401697725117245E-014
           4          12   1.4994926049732692E-014
           4          13  -7.1775078212705028E-015
           4          14   2.4259062588604221E-003
           4          15   1.0493383166296361E-003
           4          16  -1.3182866106187449E-003
           4          17  -4.4586515761377635E-004
           4          18   1.9395243498899657E-003
           4          19   1.9211169644409668E-003
           5           1  -1.9181527414238065E-015
           5           2  -4.9695773666167289E-016
           5           3  -2.8828287054335629E-014
           5           4   1.2403870491203582E-014
           5           5   2.1413131738540372     
           5           6   1.3223229694917377E-002
           5           7  -5.6185667677329564E-003
           5           8 -0.34742894454506196     
           5           9  -3.1353829272880926E-002
           5          10   1.3322281110492532E-002
           5          11 -0.25446856891823655     
           5          12  -2.4992270588778277E-002
           5          13   1.0619246901378394E-002
           5          14   2.0817009472058697E-014
           5          15  -1.8909318034935721E-016
           5          16   2.1078493156699700E-014
           5          17  -5.0653752793154095E-015
           5          18   7.6059322391550784E-015
           5          19   5.7066922315116492E-015
           6           1  -3.0981120522214084E-014
           6           2   1.0503186302751015E-013
           6           3   2.5231909986364587E-014
           6           4   1.0155350647701932E-014
           6           5   1.3223229694917377E-002
           6           6   2.0868316068197394     
           6           7   2.4440902969370418E-002
           6           8  -3.1353829272398832E-002
           6           9 -0.21824675601907972     
           6          10  -5.7952248931494532E-002
           6          11  -2.4992270588652773E-002
           6          12 -0.15149689733042096     
           6          13  -4.6193983957691039E-002
           6          14  -1.5856941567266349E-014
           6          15  -8.6708837451249072E-016
           6          16  -1.0378884199915153E-014
           6          17   3.3488662623723645E-015
           6          18   1.1881523293095741E-015
           6          19  -1.4763646372341216E-014
           7           1   4.2436594966206443E-014
           7           2  -1.4473622675387623E-013
           7           3   1.3212743578894578E-014
           7           4  -6.1293858739760143E-015
           7           5  -5.6185667677329564E-003
           7           6   2.4440902969370418E-002
           7           7   2.1339680095528708     
           7           8   1.3322281110345212E-002
           7           9  -5.7952248931792669E-002
           7          10 -0.33001269807776035     
           7          11   1.0619246901354844E-002
           7          12  -4.6193983957774028E-002
           7          13 -0.24058600483047043     
           7          14  -1.1153790471232755E-014
           7          15   4.9163852967691155E-015
           7          16   1.5320536003960849E-015
           7          17   1.7172229367154779E-014
           7          18  -1.0602294354527608E-015
           7          19  -2.0608157499475970E-014
           8           1  -7.2260192613802320E-015
           8           2   2.1151677126318136E-014
           8           3  -7.0923261450890302E-014
           8           4  -3.4608947512597730E-015
           8           5 -0.34742894454506196     
           8           6  -3.1353829272398832E-002
           8           7   1.3322281110345212E-002
           8           8  0.85139850282434559     
           8           9   7.3072740130373640E-002
           8          10  -3.1048698295659441E-002
           8          11  0.62982851909986115     
           8          12   6.1209611371193115E-002
           8          13  -2.6008040109881263E-002
           8          14  -2.5109472949050052E-014
           8          15  -7.2583223896182603E-015
           8          16   1.4727793699778974E-014
           8          17   2.7133232770790316E-014
           8          18  -4.5678518391310799E-015
           8          19   2.5638892308132821E-014
           9           1  -5.0549880725202284E-015
           9           2   2.5180135708092051E-014
           9           3  -2.3741089823908261E-014
           9           4   3.2569597528787759E-015
           9           5  -3.1353829272880926E-002
           9           6 -0.21824675601907972     
           9           7  -5.7952248931792669E-002
           9           8   7.3072740130373640E-002
           9           9  0.55032853112466185     
           9          10  0.13506259759480690     
           9          11   6.1209611371717210E-002
           9          12  0.37763630719996072     
           9          13  0.11313561110056351     
           9          14   6.2471140239504189E-015
           9          15  -1.4630547116403800E-014
           9          16   6.9957234320766481E-015
           9          17  -6.1257782954785509E-015
           9          18   2.0798445779217525E-014
           9          19   3.1352027729715409E-015
          10           1   4.3053464800402481E-014
          10           2  -1.5125731883589165E-013
          10           3   2.9215731077077043E-014
          10           4   1.7576490377637655E-014
          10           5   1.3322281110492532E-002
          10           6  -5.7952248931494532E-002
          10           7 -0.33001269807776035     
          10           8  -3.1048698295659441E-002
          10           9  0.13506259759480690     
          10          10  0.81080847342069551     
          10          11  -2.6008040110016201E-002
          10          12  0.11313561110018708     
          10          13  0.59582815287828317     
          10          14  -5.6874116027054209E-015
          10          15   2.0116556353425605E-015
          10          16  -1.6473237273362041E-014
          10          17  -2.9973327299484206E-014
          10          18  -2.4969310136592165E-015
          10          19   1.5263361025261680E-014
          11           1   1.3398481245354779E-015
          11           2  -1.0801709779561395E-014
          11           3  -1.6628122204821282E-014
          11           4   3.6401697725117245E-014
          11           5 -0.25446856891823655     
          11           6  -2.4992270588652773E-002
          11           7   1.0619246901354844E-002
          11           8  0.62982851909986115     
          11           9   6.1209611371717210E-002
          11          10  -2.6008040110016201E-002
          11          11  0.46619867809066029     
          11          12   5.0073089506303445E-002
          11          13  -2.1276118098506429E-002
          11          14  -1.8056346618016752E-014
          11          15  -5.4531419795683185E-015
          11          16   1.0485189622221187E-014
          11          17   1.9680270091523629E-014
          11          18  -2.6201977196690522E-015
          11          19   1.9231741613396517E-014
          12           1  -5.8426334198463167E-015
          12           2   1.4099099714678668E-014
          12           3  -4.1393202287640541E-015
          12           4   1.4994926049732692E-014
          12           5  -2.4992270588778277E-002
          12           6 -0.15149689733042096     
          12           7  -4.6193983957774028E-002
          12           8   6.1209611371193115E-002
          12           9  0.37763630719996072     
          12          10  0.11313561110018708     
          12          11   5.0073089506303445E-002
          12          12  0.25989050334187280     
          12          13   9.2551634522263615E-002
          12          14   3.5924036312143992E-015
          12          15  -1.0093976197726424E-014
          12          16   4.8310968289146541E-015
          12          17  -4.6328504394051889E-015
          12          18   1.3640907984939593E-014
          12          19   2.6164637589297879E-015
          13           1  -1.5492119420663103E-014
          13           2   5.7911363579933206E-014
          13           3   7.5739594383538459E-015
          13           4  -7.1775078212705028E-015
          13           5   1.0619246901378394E-002
          13           6  -4.6193983957691039E-002
          13           7 -0.24058600483047043     
          13           8  -2.6008040109881263E-002
          13           9  0.11313561110056351     
          13          10  0.59582815287828317     
          13          11  -2.1276118098506429E-002
          13          12   9.2551634522263615E-002
          13          13  0.43838436359226773     
          13          14  -4.0224808526835333E-015
          13          15   1.5642627102408846E-015
          13          16  -1.3557935951990134E-014
          13          17  -2.2500200143310462E-014
          13          18  -6.6474833553902581E-016
          13          19   1.0027134846906120E-014
          14           1   2.2137023886923315E-003
          14           2  -1.1643275589061284E-002
          14           3   1.4912645865362483E-003
          14           4   2.4259062588604221E-003
          14           5   2.0817009472058697E-014
          14           6  -1.5856941567266349E-014
          14           7  -1.1153790471232755E-014
          14           8  -2.5109472949050052E-014
          14           9   6.2471140239504189E-015
          14          10  -5.6874116027054209E-015
          14          11  -1.8056346618016752E-014
          14          12   3.5924036312143992E-015
          14          13  -4.0224808526835333E-015
          14          14   3.6837845897817506E-004
          14          15   3.0177062458436722E-004
          14          16  -7.0838334664617415E-004
          14          17  -1.2822271425018354E-004
          14          18   5.5777194561799394E-004
          14          19   2.2321023411601192E-004
          15           1   1.2500010280445018E-004
          15           2  -6.1877105456186604E-004
          15           3   6.1291796816604401E-004
          15           4   1.0493383166296361E-003
          15           5  -1.8909318034935721E-016
          15           6  -8.6708837451249072E-016
          15           7   4.9163852967691155E-015
          15           8  -7.2583223896182603E-015
          15           9  -1.4630547116403800E-014
          15          10   2.0116556353425605E-015
          15          11  -5.4531419795683185E-015
          15          12  -1.0093976197726424E-014
          15          13   1.5642627102408846E-015
          15          14   3.0177062458436722E-004
          15          15   2.8717290769717912E-004
          15          16  -7.2290438824686772E-004
          15          17  -1.2202012616317816E-004
          15          18   5.3079053561295563E-004
          15          19   1.6362470234073455E-004
          16           1   1.7676837061099680E-003
          16           2  -9.4354098001876753E-003
          16           3  -6.9571653285841265E-004
          16           4  -1.3182866106187449E-003
          16           5   2.1078493156699700E-014
          16           6  -1.0378884199915153E-014
          16           7   1.5320536003960849E-015
          16           8   1.4727793699778974E-014
          16           9   6.9957234320766481E-015
          16          10  -1.6473237273362041E-014
          16          11   1.0485189622221187E-014
          16          12   4.8310968289146541E-015
          16          13  -1.3557935951990134E-014
          16          14  -7.0838334664617415E-004
          16          15  -7.2290438824686772E-004
          16          16   1.8710454345792025E-003
          16          17   3.0716297496590151E-004
          16          18  -1.3361664598231890E-003
          16          19  -3.6062667903608139E-004
          17           1  -5.3112699355925075E-005
          17           2   2.6291659170055767E-004
          17           3  -2.6042960798219840E-004
          17           4  -4.4586515761377635E-004
          17           5  -5.0653752793154095E-015
          17           6   3.3488662623723645E-015
          17           7   1.7172229367154779E-014
          17           8   2.7133232770790316E-014
          17           9  -6.1257782954785509E-015
          17          10  -2.9973327299484206E-014
          17          11   1.9680270091523629E-014
          17          12  -4.6328504394051889E-015
          17          13  -2.2500200143310462E-014
          17          14  -1.2822271425018354E-004
          17          15  -1.2202012616317816E-004
          17          16   3.0716297496590151E-004
          17          17   5.1846503586536517E-005
          17          18  -2.2553355969780423E-004
          17          19  -6.9524339823889291E-005
          18           1   2.3104154228100870E-004
          18           2  -1.1436936096205297E-003
          18           3   1.1328751698986509E-003
          18           4   1.9395243498899657E-003
          18           5   7.6059322391550784E-015
          18           6   1.1881523293095741E-015
          18           7  -1.0602294354527608E-015
          18           8  -4.5678518391310799E-015
          18           9   2.0798445779217525E-014
          18          10  -2.4969310136592165E-015
          18          11  -2.6201977196690522E-015
          18          12   1.3640907984939593E-014
          18          13  -6.6474833553902581E-016
          18          14   5.5777194561799394E-004
          18          15   5.3079053561295563E-004
          18          16  -1.3361664598231890E-003
          18          17  -2.2553355969780423E-004
          18          18   9.8107650528572428E-004
          18          19   3.0243258004745890E-004
          19           1   2.1535704820984511E-003
          19           2  -1.1345612767756740E-002
          19           3   1.1964174207234409E-003
          19           4   1.9211169644409668E-003
          19           5   5.7066922315116492E-015
          19           6  -1.4763646372341216E-014
          19           7  -2.0608157499475970E-014
          19           8   2.5638892308132821E-014
          19           9   3.1352027729715409E-015
          19          10   1.5263361025261680E-014
          19          11   1.9231741613396517E-014
          19          12   2.6164637589297879E-015
          19          13   1.0027134846906120E-014
          19          14   2.2321023411601192E-004
          19          15   1.6362470234073455E-004
          19          16  -3.6062667903608139E-004
          19          17  -6.9524339823889291E-005
          19          18   3.0243258004745890E-004
          19          19   1.4449777621870468E-004
