           1           1   2.0000314495546681     
           1           2   5.4616064208253099E-004
           1           3  -6.9795230254071031E-004
           1           4  -2.6072325089189601E-003
           1           5  -2.3727079581442636E-004
           1           6  -4.8017541143752923E-004
           1           7   4.3228606716833815E-013
           1           8   2.3507759612144197E-015
           1           9  -2.7101978353215063E-013
           1          10  -7.9496766661987223E-014
           1          11   8.9960277995960674E-013
           1          12  -6.0927277636299488E-014
           1          13   1.6183582764416574E-013
           1          14  -1.1051335066098397E-012
           1          15   1.6354559146357017E-014
           1          16  -8.4257380393988366E-015
           1          17   4.3081275966416747E-013
           1          18   6.3353607227884943E-015
           1          19   5.8304407703440330E-014
           1          20  -1.8625696414504638E-014
           1          21  -2.3700730185922569E-014
           1          22   1.4395738687616858E-004
           1          23   1.1084538255986595E-006
           1          24  -1.5880837172382129E-004
           1          25  -3.0653021655888616E-005
           1          26   4.0111564829722976E-007
           1          27  -1.4488578326340404E-004
           1          28   2.6251512307517538E-006
           1          29  -1.2255660307008893E-007
           1          30   8.8971082788262329E-006
           1          31   5.5212366104252667E-006
           1          32   8.9121969563361840E-008
           1          33   9.7624117782388320E-006
           1          34  -3.5778004995004846E-005
           1          35  -1.0715165545674131E-007
           1          36   1.9149402640565592E-005
           1          37   6.9240155841816266E-007
           1          38  -1.7007805546322531E-007
           1          39   1.5762718856244336E-005
           1          40  -5.2484292950305606E-015
           1          41  -8.1746731441221662E-014
           1          42  -1.2347636388150754E-014
           1          43   7.8380510744658655E-014
           1          44   7.9811154930471668E-015
           1          45   2.6692036433765674E-014
           1          46  -6.3560652335020652E-015
           1          47   9.8266546041152337E-015
           1          48   3.2691326671010600E-014
           1          49  -8.4790185509214611E-015
           2           1   5.4616064208253099E-004
           2           2   2.0034775814427519     
           2           3   1.6005219768240814E-003
           2           4  -8.1030182533261934E-003
           2           5  -2.8133941495541593E-003
           2           6   3.3648556895597205E-003
           2           7   1.4318788394750925E-012
           2           8   1.4625527192729840E-014
           2           9  -1.1430694970456406E-012
           2          10  -2.5638423425438272E-013
           2          11   2.7482611669735625E-012
           2          12  -1.3414534294020848E-013
           2          13  -4.1642883026474156E-013
           2          14  -3.3836921494541962E-012
           2          15  -3.9665047256012502E-013
           2          16   6.3493472888064090E-013
           2          17   1.7239687472047435E-012
           2          18   3.9035405990406850E-013
           2          19   3.1687705534829445E-013
           2          20   2.1239681492877955E-013
           2          21   3.8632517825324697E-014
           2          22  -1.4464754866169026E-003
           2          23   4.4782432484477814E-006
           2          24  -3.3258254665417446E-003
           2          25  -6.9212529255534446E-005
           2          26   4.6433394903009067E-006
           2          27  -3.2225677675644156E-003
           2          28   1.7414268202650083E-004
           2          29  -1.9338216753330288E-007
           2          30   9.5912310062765474E-005
           2          31   1.6309464981934272E-005
           2          32   6.1081731914926560E-007
           2          33   1.0554635470690207E-004
           2          34  -2.4124726453483456E-004
           2          35  -3.2316451260317846E-007
           2          36  -8.8236728196527668E-005
           2          37   3.2779395181594133E-006
           2          38  -4.5394079059383363E-007
           2          39  -9.7744169597836254E-005
           2          40  -1.9290192103204428E-014
           2          41  -2.7889344668478815E-013
           2          42  -4.3717421616110704E-014
           2          43   2.6717673786177662E-013
           2          44   6.0977748130358133E-015
           2          45   9.5657221722417027E-014
           2          46  -4.7518463292946673E-014
           2          47   4.2843958079519733E-014
           2          48   1.0690922374352958E-013
           2          49  -4.5067488450270333E-014
           3           1  -6.9795230254071031E-004
           3           2   1.6005219768240814E-003
           3           3   1.9785551377715831     
           3           4  -5.6521202510187114E-002
           3           5  -1.1915094962352289E-002
           3           6   2.2871592479844632E-002
           3           7   3.2220812128021021E-012
           3           8   2.9352351880689402E-013
           3           9  -1.8785017655028328E-012
           3          10  -2.8014262121794085E-012
           3          11   2.3435358022899520E-011
           3          12  -1.7049931233307885E-012
           3          13   3.3730489380398842E-012
           3          14  -6.0276650183637394E-011
           3          15   3.3016038694927371E-012
           3          16  -1.3875868811166468E-012
           3          17   4.6597978995836880E-011
           3          18  -3.0278683669638292E-012
           3          19   4.2033733259910086E-013
           3          20   1.2466760123130914E-011
           3          21  -1.0245067470822102E-012
           3          22   2.8852158773804502E-002
           3          23   3.9588594149435158E-005
           3          24  -1.1413816615147097E-002
           3          25   1.0454075451641173E-003
           3          26   1.1916486095795919E-004
           3          27  -9.3224990060476916E-003
           3          28   5.5467777031144392E-004
           3          29  -6.3614714416071092E-006
           3          30   8.7556344667449469E-004
           3          31   2.6866898793923618E-004
           3          32   2.1193685654357864E-006
           3          33   8.8131651707053682E-004
           3          34  -2.3980176232791636E-003
           3          35  -2.5566330824134721E-006
           3          36  -2.4915592045679112E-003
           3          37   1.3477448196876047E-004
           3          38   2.5366755158839094E-006
           3          39  -2.4700908286366691E-003
           3          40   6.6536049438038967E-013
           3          41  -4.6986763593468152E-012
           3          42  -3.9194860192233352E-014
           3          43  -4.0302406800154388E-012
           3          44   4.8150212729324570E-013
           3          45   3.1417926119771692E-013
           3          46   2.2329414851210367E-013
           3          47   3.7144259018069482E-013
           3          48  -1.8055510344890681E-012
           3          49   3.6600179414858522E-013
           4           1  -2.6072325089189601E-003
           4           2  -8.1030182533261934E-003
           4           3  -5.6521202510187114E-002
           4           4  0.63052093988149116     
           4           5   2.5282420239025116E-002
           4           6  0.19094777196224749     
           4           7  -2.0518744795854911E-012
           4           8   1.9655825570409687E-013
           4           9  -1.1988729695895853E-012
           4          10  -3.3067485288628504E-012
           4          11   2.7815011617677464E-011
           4          12  -2.8183040042260428E-012
           4          13  -7.5196639705047034E-011
           4          14   2.4878151374342525E-010
           4          15   4.1648366738372195E-012
           4          16   3.1849003853531464E-011
           4          17  -7.7599706849159377E-011
           4          18  -5.7437704864406572E-012
           4          19  -9.7362173051861065E-012
           4          20   1.3973143667448540E-011
           4          21   1.5738637017487709E-012
           4          22  -4.3768001335773125E-002
           4          23  -1.5130797864033001E-004
           4          24   5.4155447531137151E-003
           4          25   2.3352417967316625E-003
           4          26  -2.1711065749361339E-004
           4          27   7.8397934428480268E-004
           4          28  -8.1678431740778309E-004
           4          29   4.8558363892365816E-005
           4          30  -1.0874700256199308E-002
           4          31  -1.5800674290620932E-003
           4          32   3.1264166875339123E-006
           4          33  -1.0510020424074507E-002
           4          34   1.0118727894505625E-002
           4          35   2.8366372407928025E-005
           4          36  -4.8400852327347963E-004
           4          37  -5.1746882408813322E-004
           4          38   2.4915075279961529E-005
           4          39   6.9633934651305233E-005
           4          40   1.8599405921052980E-012
           4          41   6.5448422651262854E-012
           4          42   2.7507950565858581E-012
           4          43  -1.1770200871366400E-011
           4          44  -9.7745872551288109E-013
           4          45   1.1396532719809616E-013
           4          46  -1.7967957100512859E-013
           4          47  -4.2319822143584695E-013
           4          48  -5.6231350204223108E-012
           4          49   4.2022203167052381E-013
           5           1  -2.3727079581442636E-004
           5           2  -2.8133941495541593E-003
           5           3  -1.1915094962352289E-002
           5           4   2.5282420239025116E-002
           5           5   1.0730599175060459E-003
           5           6   7.4907431248990358E-003
           5           7  -9.6674691189847241E-013
           5           8   4.9526366969001902E-014
           5           9   1.1386319961601227E-012
           5          10  -7.8386731092694101E-013
           5          11   8.0544804863933964E-012
           5          12  -9.5321752385199532E-013
           5          13  -3.0061663659756322E-012
           5          14   1.0406512590259825E-011
           5          15   1.4091929931566452E-013
           5          16   1.2879645691756853E-012
           5          17  -3.2695550755614735E-012
           5          18  -2.2883635271762534E-013
           5          19  -3.8957492338403769E-013
           5          20   4.3380187537064972E-013
           5          21   6.9416869389480001E-014
           5          22   2.4971238053300362E-004
           5          23   1.8135410610635983E-006
           5          24  -9.3268192909341644E-004
           5          25  -2.0264458806123899E-005
           5          26   7.4974558516942594E-007
           5          27  -9.1411294038575540E-004
           5          28  -2.0897694240026825E-005
           5          29   2.0508355323094098E-006
           5          30  -4.9041691873602891E-004
           5          31  -6.1777578079097559E-005
           5          32   4.7306190347300691E-007
           5          33  -4.6913181744096053E-004
           5          34   4.2822968747962083E-004
           5          35   1.1123656684573458E-006
           5          36  -9.5875067492617644E-006
           5          37  -1.7682512744818054E-005
           5          38   1.1561053777366306E-006
           5          39   1.5315766851423766E-005
           5          40   9.2670725896646656E-014
           5          41   9.0456601560579175E-014
           5          42   9.0131924458082425E-014
           5          43  -2.6090255927341278E-013
           5          44  -2.0252007209322976E-014
           5          45   7.6537743170230785E-014
           5          46  -1.2201807464582194E-014
           5          47  -3.4734775037227273E-014
           5          48  -1.4586486552757033E-013
           5          49  -6.5692673244399112E-015
           6           1  -4.8017541143752923E-004
           6           2   3.3648556895597205E-003
           6           3   2.2871592479844632E-002
           6           4  0.19094777196224749     
           6           5   7.4907431248990358E-003
           6           6   5.9650922904822906E-002
           6           7   4.2963251798122563E-012
           6           8   1.5416173050427508E-013
           6           9  -2.5775979228682734E-012
           6          10   1.9688466982020896E-012
           6          11  -2.8247932169121439E-011
           6          12   3.2258367418204254E-012
           6          13  -2.3460611963755388E-011
           6          14   7.5131750351043554E-011
           6          15   1.1359151284349679E-012
           6          16   1.0240283810897978E-011
           6          17  -1.9766722661188506E-011
           6          18  -2.0548516783990560E-012
           6          19  -2.9040032324568813E-012
           6          20   4.5829108686043934E-012
           6          21   4.7267152524163874E-013
           6          22   1.5405779967047804E-002
           6          23   1.4435284079355383E-005
           6          24  -1.5123183411568838E-002
           6          25   1.9398111610746641E-003
           6          26   1.3987862938867526E-004
           6          27  -1.2834832734224203E-002
           6          28   2.1285456618153867E-004
           6          29   1.4635469985917293E-005
           6          30  -4.0082602431992511E-003
           6          31  -3.5559341809877530E-004
           6          32   8.5008488211452720E-006
           6          33  -3.7713191199371557E-003
           6          34   3.2734253097493047E-003
           6          35   5.9642992071898751E-006
           6          36  -2.2260433618032278E-004
           6          37   7.4279127812583689E-006
           6          38   1.1957451027643137E-005
           6          39  -1.3443395507734547E-006
           6          40   5.5373604209904722E-013
           6          41   2.1983758538548040E-012
           6          42   8.8978882458861367E-013
           6          43  -3.9215119844581558E-012
           6          44  -3.3043486989643736E-013
           6          45  -1.4635005926976115E-013
           6          46  -6.1108199279520259E-014
           6          47  -8.3191235652435270E-014
           6          48  -1.8624170743901053E-012
           6          49   1.8498382267752617E-013
           7           1   4.3228606716833815E-013
           7           2   1.4318788394750925E-012
           7           3   3.2220812128021021E-012
           7           4  -2.0518744795854911E-012
           7           5  -9.6674691189847241E-013
           7           6   4.2963251798122563E-012
           7           7   1.9999236576704014     
           7           8  -7.8533255398105490E-009
           7           9   9.1410569145148620E-008
           7          10  -1.4883146665037139E-003
           7          11   1.3693678494000491E-007
           7          12  -9.4954488543574260E-007
           7          13   7.8944730903883868E-003
           7          14   1.4764277448101233E-006
           7          15  -3.5660708858223714E-006
           7          16  -6.5295970885486838E-003
           7          17  -1.2443779773019541E-006
           7          18   3.6366182879783281E-006
           7          19  -2.0416151746342833E-003
           7          20  -3.8037095566673053E-007
           7          21   9.2697437870060614E-007
           7          22  -2.3464288180748022E-012
           7          23  -8.1253914781320755E-014
           7          24  -1.8906234740986553E-012
           7          25   1.1826547447481912E-013
           7          26   8.2690003911530911E-013
           7          27  -1.8140129326014495E-012
           7          28   2.4200653976508801E-013
           7          29   3.8473068442297108E-015
           7          30   9.7103718514411193E-013
           7          31  -2.6128717073604876E-013
           7          32   2.1387758132116036E-013
           7          33   4.0926483972004107E-013
           7          34  -4.2153887500301983E-013
           7          35   2.2139945929233542E-013
           7          36  -1.0723416978611113E-012
           7          37   8.9893204224664392E-014
           7          38  -1.2127276993055176E-013
           7          39  -9.9983927207824146E-013
           7          40   4.7988322775644767E-004
           7          41   4.9402283528599198E-008
           7          42   1.4255762601318874E-004
           7          43   9.8821549211838640E-008
           7          44   4.3483200758005465E-006
           7          45   1.2185869846390507E-007
           7          46   7.2979258629707989E-006
           7          47   1.4115054327331012E-004
           7          48  -6.4764652031924559E-008
           7          49  -9.4690896116479228E-006
           8           1   2.3507759612144197E-015
           8           2   1.4625527192729840E-014
           8           3   2.9352351880689402E-013
           8           4   1.9655825570409687E-013
           8           5   4.9526366969001902E-014
           8           6   1.5416173050427508E-013
           8           7  -7.8533255398105490E-009
           8           8   1.9999276022906538     
           8           9  -1.2433550823251388E-008
           8          10   1.1590032360144636E-007
           8          11  -1.5748109287877701E-003
           8          12   1.6038896895274095E-007
           8          13   1.4819164901768898E-006
           8          14   6.9416177839200528E-003
           8          15   3.0337354132545536E-006
           8          16  -1.2529804562070275E-006
           8          17  -5.7345860646059021E-003
           8          18  -2.5145966946245230E-006
           8          19  -3.8096893192008646E-007
           8          20  -1.7963812050925997E-003
           8          21  -7.8174079310312767E-007
           8          22  -5.0887825115482183E-013
           8          23  -6.3999731693850987E-014
           8          24   1.6186320180905263E-012
           8          25   8.9694869023437583E-014
           8          26  -1.0431022585864462E-013
           8          27  -5.6547922735014158E-013
           8          28   2.0132803158346545E-013
           8          29  -1.1948011906336865E-013
           8          30   3.0930092652201287E-013
           8          31  -6.5189075643369099E-014
           8          32   9.6163425936342868E-015
           8          33  -7.5564317042283507E-014
           8          34   6.7630518435596540E-014
           8          35   5.1321342641850618E-014
           8          36  -2.1011601531582882E-014
           8          37   7.2706919405788711E-015
           8          38  -1.8572887404264229E-014
           8          39   1.2479832135865633E-013
           8          40   7.9441832696567447E-008
           8          41   1.7637841246141272E-004
           8          42  -9.8499221303333955E-008
           8          43   3.8282638279215085E-004
           8          44   9.1748119532066780E-008
           8          45  -7.9772769740585922E-006
           8          46   7.5340522007736560E-008
           8          47   9.5581328038590834E-008
           8          48   1.7337242050318049E-004
           8          49   2.9243116851578116E-008
           9           1  -2.7101978353215063E-013
           9           2  -1.1430694970456406E-012
           9           3  -1.8785017655028328E-012
           9           4  -1.1988729695895853E-012
           9           5   1.1386319961601227E-012
           9           6  -2.5775979228682734E-012
           9           7   9.1410569145148620E-008
           9           8  -1.2433550823251388E-008
           9           9   1.9999272125827672     
           9          10  -1.2258549641136008E-007
           9          11   1.6110274968165035E-007
           9          12  -1.5722468157992259E-003
           9          13  -3.7868987204708535E-006
           9          14   3.0338525184353544E-006
           9          15   7.0189716339855365E-003
           9          16   3.9797167739794546E-006
           9          17  -2.5145441033583058E-006
           9          18  -5.7988635781203628E-003
           9          19   9.5182738421735729E-007
           9          20  -7.8179858749173273E-007
           9          21  -1.8163221572402239E-003
           9          22   1.5121196430895581E-012
           9          23   2.4809853448211644E-013
           9          24   1.6075014504461702E-012
           9          25  -1.8572726176246177E-013
           9          26   1.2523145761988965E-012
           9          27   1.3598826081229390E-012
           9          28   6.3144841767338687E-013
           9          29  -2.6962273303800982E-015
           9          30   7.0462099153590715E-013
           9          31   6.2466945378144828E-014
           9          32   3.5766558670833899E-013
           9          33   7.7239336266443095E-013
           9          34   6.4433394088742214E-013
           9          35  -5.6264251303408074E-014
           9          36   5.4964954772662841E-013
           9          37  -1.5602729539536881E-013
           9          38  -3.6409241904087844E-013
           9          39   3.0001680412989978E-013
           9          40  -2.3601263009182622E-007
           9          41   7.6644171499804145E-008
           9          42   7.3895134178900233E-007
           9          43   8.7858773448386092E-008
           9          44   1.7640191888163253E-004
           9          45   3.6058517259537140E-007
           9          46   1.7242932062501765E-004
           9          47  -9.4840507939001251E-007
           9          48   1.2290779987251396E-008
           9          49   3.8788084643065328E-004
          10           1  -7.9496766661987223E-014
          10           2  -2.5638423425438272E-013
          10           3  -2.8014262121794085E-012
          10           4  -3.3067485288628504E-012
          10           5  -7.8386731092694101E-013
          10           6   1.9688466982020896E-012
          10           7  -1.4883146665037139E-003
          10           8   1.1590032360144636E-007
          10           9  -1.2258549641136008E-007
          10          10   1.9781269923547524     
          10          11   2.9935096048320370E-006
          10          12   1.3715358505417058E-005
          10          13  -1.4267507404892705E-002
          10          14   1.5273596590646379E-005
          10          15  -1.9246824729017911E-004
          10          16   1.4559770238603555E-002
          10          17  -1.3645821858803854E-005
          10          18   1.5924669838942229E-004
          10          19   2.8784233422549971E-003
          10          20  -3.6200621136474563E-006
          10          21   4.8707949722280684E-005
          10          22   2.8795764964320822E-012
          10          23  -1.3201489457436010E-011
          10          24   8.3780322618609871E-013
          10          25   1.4373354108176346E-012
          10          26   5.0141611608008708E-012
          10          27  -6.9665663914754068E-014
          10          28   8.4604016728063440E-013
          10          29   1.5721704567432685E-011
          10          30   2.5384514374266644E-012
          10          31  -1.5302375843024976E-012
          10          32  -3.2129160401968594E-012
          10          33  -3.0541630413271148E-013
          10          34  -7.9231079210601320E-013
          10          35   7.4723287577786591E-013
          10          36  -2.1581311984971673E-013
          10          37  -1.9413764181573383E-014
          10          38   1.0090565355455907E-012
          10          39  -2.5930522082968746E-014
          10          40   9.8262462233942704E-003
          10          41  -4.5387881991578545E-006
          10          42   3.0360876815838014E-003
          10          43   4.0488205579544689E-007
          10          44   2.7849194723623960E-004
          10          45   6.2641359130903861E-006
          10          46   6.5098177541002278E-005
          10          47   3.0416257184449624E-003
          10          48   2.7940227019840921E-007
          10          49  -2.2478432338844635E-004
          11           1   8.9960277995960674E-013
          11           2   2.7482611669735625E-012
          11           3   2.3435358022899520E-011
          11           4   2.7815011617677464E-011
          11           5   8.0544804863933964E-012
          11           6  -2.8247932169121439E-011
          11           7   1.3693678494000491E-007
          11           8  -1.5748109287877701E-003
          11           9   1.6110274968165035E-007
          11          10   2.9935096048320370E-006
          11          11   1.9756403835110685     
          11          12   5.4857718065230493E-006
          11          13   1.7280594043233058E-005
          11          14  -2.0937755702918559E-002
          11          15   2.2352117034975988E-005
          11          16  -1.5763400666761343E-005
          11          17   2.0776988805945789E-002
          11          18  -2.0530259030565641E-005
          11          19  -4.0507502482895499E-006
          11          20   4.3864202874998792E-003
          11          21  -5.2224084619525837E-006
          11          22  -1.0911678890322653E-011
          11          23  -2.8228417539913976E-013
          11          24   8.1410335255202208E-014
          11          25   1.6166810474347487E-013
          11          26  -9.6076639936624040E-013
          11          27  -1.0063051202075825E-011
          11          28   1.1663766547255225E-011
          11          29   3.2627600441682306E-012
          11          30  -2.0824361299446700E-011
          11          31  -1.3919609561523190E-012
          11          32   3.1156125016359299E-013
          11          33  -5.8609078026097082E-012
          11          34  -4.5818281667356416E-012
          11          35  -1.0341146379056600E-012
          11          36   7.2014102900637812E-012
          11          37   3.4217088141216188E-013
          11          38  -3.7608996906500915E-013
          11          39  -2.1756837363478820E-012
          11          40  -3.2895386861109244E-006
          11          41   4.8661480132433411E-003
          11          42  -5.8626146234235052E-006
          11          43   9.1776682017594320E-003
          11          44   3.5772084296902652E-006
          11          45  -5.7256446851393708E-004
          11          46  -2.4803511940197848E-006
          11          47   5.9608439028161755E-006
          11          48   4.1883725696216425E-003
          11          49  -3.9488033546825716E-006
          12           1  -6.0927277636299488E-014
          12           2  -1.3414534294020848E-013
          12           3  -1.7049931233307885E-012
          12           4  -2.8183040042260428E-012
          12           5  -9.5321752385199532E-013
          12           6   3.2258367418204254E-012
          12           7  -9.4954488543574260E-007
          12           8   1.6038896895274095E-007
          12           9  -1.5722468157992259E-003
          12          10   1.3715358505417058E-005
          12          11   5.4857718065230493E-006
          12          12   1.9757494287242148     
          12          13  -2.7128439584043129E-004
          12          14   2.2283989589028997E-005
          12          15  -2.0477969168168516E-002
          12          16   2.4244341532975904E-004
          12          17  -2.0455612141803758E-005
          12          18   2.0354718826739338E-002
          12          19   6.5628960349936377E-005
          12          20  -5.2078464230854985E-006
          12          21   4.2791128402690495E-003
          12          22   1.1247470288869709E-012
          12          23   2.0561198071617970E-012
          12          24   7.1566765621313268E-013
          12          25   1.7725950857196366E-012
          12          26   4.6850457677754337E-012
          12          27  -9.2170643302335010E-013
          12          28  -1.4363105965586093E-012
          12          29  -1.2649383766600793E-012
          12          30   1.6015566857170077E-013
          12          31  -1.6396124885251330E-012
          12          32  -8.3634157797132775E-012
          12          33   1.9969177283294365E-012
          12          34   7.3190169705067966E-013
          12          35   3.5406659680581312E-013
          12          36   3.7388114489737365E-013
          12          37  -2.9087386269581750E-013
          12          38   5.2210419287564627E-012
          12          39  -4.9152136269766617E-013
          12          40   8.7685808142745104E-005
          12          41   2.9248905231937615E-006
          12          42  -1.6432376273407042E-004
          12          43  -2.8584348612197726E-006
          12          44   4.8992155799443375E-003
          12          45   1.8341069176706172E-005
          12          46   4.1160890188605068E-003
          12          47   1.1219944410932993E-004
          12          48  -3.2704569366281130E-006
          12          49   9.1357648359016285E-003
          13           1   1.6183582764416574E-013
          13           2  -4.1642883026474156E-013
          13           3   3.3730489380398842E-012
          13           4  -7.5196639705047034E-011
          13           5  -3.0061663659756322E-012
          13           6  -2.3460611963755388E-011
          13           7   7.8944730903883868E-003
          13           8   1.4819164901768898E-006
          13           9  -3.7868987204708535E-006
          13          10  -1.4267507404892705E-002
          13          11   1.7280594043233058E-005
          13          12  -2.7128439584043129E-004
          13          13   4.3965748261251542E-004
          13          14  -1.2317907347379721E-005
          13          15   4.0471250467833834E-004
          13          16  -4.5204453969521286E-004
          13          17   1.0368333715923808E-005
          13          18  -3.4251233177180426E-004
          13          19  -9.9469042340942742E-005
          13          20   3.1724968838596748E-006
          13          21  -1.0398852676074227E-004
          13          22  -1.0615188040172686E-011
          13          23   6.1123740352310590E-010
          13          24   9.3632246927796043E-012
          13          25  -4.1066813028034239E-011
          13          26  -1.4843167341822508E-010
          13          27   6.3615472094320337E-012
          13          28  -3.3313145355205713E-013
          13          29   3.2477749082564606E-011
          13          30   1.7743912931242048E-012
          13          31  -1.9732332845224002E-012
          13          32  -7.7635452812453005E-012
          13          33   1.6675367404754302E-012
          13          34  -1.5628347614465318E-012
          13          35   2.7341954336471621E-011
          13          36   2.3264245393764867E-013
          13          37  -1.8075867468996943E-012
          13          38  -6.3471657175814556E-012
          13          39   8.0682924441536714E-014
          13          40   3.4913478734837960E-004
          13          41   8.5689302642764926E-006
          13          42  -3.0011577670714250E-004
          13          43  -3.2800462769713461E-006
          13          44  -2.9575608505148516E-004
          13          45  -5.9110666047458036E-006
          13          46   1.8374413437277813E-004
          13          47  -3.6406170114924267E-004
          13          48  -4.6694945623470018E-006
          13          49   9.4479573634605489E-005
          14           1  -1.1051335066098397E-012
          14           2  -3.3836921494541962E-012
          14           3  -6.0276650183637394E-011
          14           4   2.4878151374342525E-010
          14           5   1.0406512590259825E-011
          14           6   7.5131750351043554E-011
          14           7   1.4764277448101233E-006
          14           8   6.9416177839200528E-003
          14           9   3.0338525184353544E-006
          14          10   1.5273596590646379E-005
          14          11  -2.0937755702918559E-002
          14          12   2.2283989589028997E-005
          14          13  -1.2317907347379721E-005
          14          14   2.9881802364725334E-003
          14          15  -2.0544061547072855E-006
          14          16   1.0487599527845191E-005
          14          17  -2.6014071184953455E-003
          14          18   1.5319297082119635E-006
          14          19   3.1506154263257280E-006
          14          20  -7.5415493192108863E-004
          14          21   5.5837325345403400E-007
          14          22   1.0508359031637248E-011
          14          23   9.4075062796957158E-011
          14          24  -3.0577936162541336E-011
          14          25   5.9710084134603679E-011
          14          26  -2.1923525616600762E-011
          14          27   2.4620867078365651E-012
          14          28  -2.5764105549515291E-013
          14          29   4.8734418348677119E-012
          14          30  -6.0532361329920009E-012
          14          31   2.5397274432561353E-012
          14          32  -1.0666488356710365E-012
          14          33  -4.0893455778408896E-012
          14          34   4.5620723630919094E-012
          14          35   4.2629909160121773E-012
          14          36  -2.8774721581551697E-013
          14          37   2.5575417855899586E-012
          14          38  -9.6421973707288759E-013
          14          39   1.6974875851810624E-013
          14          40   9.0172658083728593E-006
          14          41  -1.7310711735765748E-003
          14          42  -4.5167016147481033E-006
          14          43   9.6132492891827309E-004
          14          44  -3.9371420068146366E-006
          14          45   6.3778168158214264E-004
          14          46   1.4605689550535115E-006
          14          47  -7.7911011767898064E-006
          14          48   3.1636378790884744E-004
          14          49   1.5814316594850996E-006
          15           1   1.6354559146357017E-014
          15           2  -3.9665047256012502E-013
          15           3   3.3016038694927371E-012
          15           4   4.1648366738372195E-012
          15           5   1.4091929931566452E-013
          15           6   1.1359151284349679E-012
          15           7  -3.5660708858223714E-006
          15           8   3.0337354132545536E-006
          15           9   7.0189716339855365E-003
          15          10  -1.9246824729017911E-004
          15          11   2.2352117034975988E-005
          15          12  -2.0477969168168516E-002
          15          13   4.0471250467833834E-004
          15          14  -2.0544061547072855E-006
          15          15   2.8592856682322157E-003
          15          16  -3.4725410423676242E-004
          15          17   1.5277267706223758E-006
          15          18  -2.4965880101720434E-003
          15          19  -1.0312185522224421E-004
          15          20   5.5906307319744439E-007
          15          21  -7.2035423644929209E-004
          15          22  -5.4221017172932001E-012
          15          23   7.0878012009570836E-011
          15          24   4.2493701953460450E-012
          15          25  -6.8768581571942803E-011
          15          26  -3.4236953219730683E-011
          15          27   1.3770436897842470E-012
          15          28  -2.0010236851437371E-013
          15          29   3.6716968584802839E-012
          15          30   2.4118371728828948E-013
          15          31  -3.6194423281577805E-012
          15          32  -1.7654369033259483E-012
          15          33   1.4083902610259876E-013
          15          34  -2.3454804957663709E-013
          15          35   3.3427311279651582E-012
          15          36   1.5530620217897922E-013
          15          37  -3.0881665871485074E-012
          15          38  -9.1395009313927637E-013
          15          39   1.1728179197396823E-013
          15          40  -2.4249939330923815E-004
          15          41  -3.5659900358567457E-006
          15          42   3.0851973799997010E-004
          15          43   2.0370306532003240E-006
          15          44  -1.7853388087458516E-003
          15          45  -1.7408230058226169E-005
          15          46   3.8287539571957416E-004
          15          47   2.0023291787091865E-005
          15          48   4.6958077430835181E-007
          15          49   9.4358458408099247E-004
          16           1  -8.4257380393988366E-015
          16           2   6.3493472888064090E-013
          16           3  -1.3875868811166468E-012
          16           4   3.1849003853531464E-011
          16           5   1.2879645691756853E-012
          16           6   1.0240283810897978E-011
          16           7  -6.5295970885486838E-003
          16           8  -1.2529804562070275E-006
          16           9   3.9797167739794546E-006
          16          10   1.4559770238603555E-002
          16          11  -1.5763400666761343E-005
          16          12   2.4244341532975904E-004
          16          13  -4.5204453969521286E-004
          16          14   1.0487599527845191E-005
          16          15  -3.4725410423676242E-004
          16          16   4.6950046207729242E-004
          16          17  -8.7750614621102001E-006
          16          18   2.9216836256680252E-004
          16          19   1.0171627814807133E-004
          16          20  -2.7063458096983692E-006
          16          21   8.9400597047316119E-005
          16          22   1.3642214843170150E-011
          16          23  -7.8281313406735152E-011
          16          24  -1.5979977938331678E-011
          16          25  -8.9474943592572351E-012
          16          26  -3.1882401725712203E-011
          16          27  -2.0930796932515910E-013
          16          28   1.6169656407683613E-013
          16          29  -3.4324867742899274E-012
          16          30  -1.0881661807227206E-012
          16          31  -5.9778408692566558E-013
          16          32  -5.8159023437323960E-013
          16          33  -6.7330635246914958E-013
          16          34   6.1806647697807369E-013
          16          35  -3.2222499696926904E-012
          16          36  -1.2501021093785647E-013
          16          37  -3.5979035350227527E-013
          16          38   6.1262595426503015E-014
          16          39   1.3290555616119248E-013
          16          40  -3.9956930251725930E-004
          16          41  -7.7914009954361262E-006
          16          42   3.4100342134913303E-004
          16          43   2.5733100296465778E-006
          16          44   2.6319750375186336E-004
          16          45   5.2217103286308224E-006
          16          46  -1.8750910353338741E-004
          16          47   4.0122532430006375E-004
          16          48   4.7912311704359858E-006
          16          49  -6.6512449728928973E-005
