           1           1   2.4098497129355394     
           1           2  -1.1204620111336787     
           1           3  0.22830327914839743     
           1           4   3.2737440049454836E-002
           1           5  0.22040194460452484     
           1           6  -3.8844092717590091E-003
           1           7   4.5156692137754730E-013
           1           8  -4.4580734050122863E-014
           1           9   2.0067982273976801E-014
           1          10  -7.5161455966648380E-013
           1          11  -1.6193723897807445E-013
           1          12  -4.2593928291699829E-013
           1          13  -7.6269083751597587E-013
           1          14  -7.7115010053572360E-013
           1          15  -7.2585773186264640E-013
           1          16  -7.8671829590802549E-013
           1          17  -1.0240006681169453E-014
           1          18  -3.3914163489632022E-013
           1          19  -4.7896372897166292E-013
           1          20   4.8387052502452202E-014
           1          21  -4.6659208940773040E-014
           1          22  -1.1928142574877693E-003
           1          23   2.0488744656873021E-013
           1          24  -1.1928142575391948E-003
           1          25   3.2656550752277224E-013
           1          26  -2.0834979984230143E-013
           1          27  -1.1928142572818832E-003
           1          28  -4.2064740136841458E-002
           1          29  -3.1505973499929560E-013
           1          30  -4.2064740137513962E-002
           1          31   2.2950851439579305E-013
           1          32  -1.5677411716117868E-013
           1          33  -4.2064740137407755E-002
           1          34  -1.5378103611604873E-002
           1          35   3.2260616059865628E-014
           1          36  -1.5378103610645712E-002
           1          37  -3.2149594628577536E-013
           1          38  -2.7925770421456327E-014
           1          39  -1.5378103610888857E-002
           1          40   4.2708942202478201E-013
           1          41   2.4012000973432147E-013
           1          42  -2.4471955300841053E-013
           1          43   7.6157800608995765E-013
           1          44   5.4086234570242213E-013
           1          45  -1.4915296744105032E-013
           1          46   1.9810843225273733E-013
           1          47   1.2166455355541239E-013
           1          48   2.4952022737391052E-013
           1          49   9.3276789139629984E-013
           2           1  -1.1204620111336787     
           2           2   3.1232062568489729     
           2           3 -0.84935384807060910     
           2           4 -0.12511112391791068     
           2           5 -0.81432682639953113     
           2           6   1.5034488466731520E-002
           2           7  -1.6040431358419822E-012
           2           8   1.6569297289065569E-013
           2           9   3.3157044937855535E-014
           2          10   2.9201093751003156E-012
           2          11   6.4017435045952243E-013
           2          12   1.7027652074124863E-012
           2          13   2.9571293185600015E-012
           2          14   3.0993647989587066E-012
           2          15   2.9418569285953510E-012
           2          16   3.0930971609405846E-012
           2          17   6.7097166353362990E-014
           2          18   1.3691530481190380E-012
           2          19   1.9030961113617539E-012
           2          20  -1.8348727774347658E-013
           2          21   1.7337766149593762E-013
           2          22   5.4281054802234460E-003
           2          23  -8.3762975791402738E-013
           2          24   5.4281054804817827E-003
           2          25  -1.3158875742169921E-012
           2          26   8.2884229992348634E-013
           2          27   5.4281054793999806E-003
           2          28  0.16684901843907840     
           2          29   1.2793960179698929E-012
           2          30  0.16684901844180255     
           2          31  -9.1579200851859960E-013
           2          32   6.0565280253519554E-013
           2          33  0.16684901844132619     
           2          34   5.9429868056935925E-002
           2          35  -1.3915691569888607E-013
           2          36   5.9429868053117604E-002
           2          37   1.2802125117387360E-012
           2          38   1.1679451088921578E-013
           2          39   5.9429868054056006E-002
           2          40  -1.6331879096808306E-012
           2          41  -9.4821405023133165E-013
           2          42   1.0094621472527596E-012
           2          43  -3.0631783878790795E-012
           2          44  -2.1757333663291972E-012
           2          45   6.0176991479533140E-013
           2          46  -7.8729489239344537E-013
           2          47  -4.6576304572105222E-013
           2          48  -1.0146835918311774E-012
           2          49  -3.7500935216946402E-012
           3           1  0.22830327914839743     
           3           2 -0.84935384807060910     
           3           3  0.99684943155566841     
           3           4  0.14017049781343738     
           3           5  0.93616996990668866     
           3           6  -1.5915916725325330E-002
           3           7   1.0857036077697985E-012
           3           8  -3.2132278773596002E-013
           3           9  -7.8496948740535844E-013
           3          10  -4.2684641746394734E-012
           3          11  -8.6085730908248077E-013
           3          12  -2.7954664970513883E-012
           3          13  -3.9883458028985504E-012
           3          14  -4.3717386373299038E-012
           3          15  -4.3721915647146685E-012
           3          16  -4.0692532985672373E-012
           3          17  -2.9073441086142673E-013
           3          18  -1.9634981394985067E-012
           3          19  -2.5432417245215053E-012
           3          20   1.6682283273495592E-013
           3          21  -2.0835793498249989E-013
           3          22  -1.6165820413395388E-002
           3          23   9.7539817329957820E-013
           3          24  -1.6165820413103691E-002
           3          25   1.9368155555890410E-012
           3          26  -1.3422255126074887E-012
           3          27  -1.6165820412385755E-002
           3          28 -0.22389386574557785     
           3          29  -1.6146218444130336E-012
           3          30 -0.22389386574882930     
           3          31   1.3472197682974167E-012
           3          32  -5.7994763542711034E-013
           3          33 -0.22389386574850406     
           3          34  -7.2078111587632346E-002
           3          35   4.0909488690277239E-014
           3          36  -7.2078111582832852E-002
           3          37  -1.7556386643154623E-012
           3          38  -1.3317722794584033E-013
           3          39  -7.2078111583837701E-002
           3          40   2.2521644537620543E-012
           3          41   1.4340280511927351E-012
           3          42  -1.3088572960045692E-012
           3          43   4.2807195384157666E-012
           3          44   3.1558882053431909E-012
           3          45  -8.5522710837030920E-013
           3          46   1.1294667589852417E-012
           3          47   8.0986965976735661E-013
           3          48   1.3830245452345064E-012
           3          49   5.4121170267099856E-012
           4           1   3.2737440049454836E-002
           4           2 -0.12511112391791068     
           4           3  0.14017049781343738     
           4           4  0.72224607169900046     
           4           5  0.15815760196251744     
           4           6 -0.16393523934882540     
           4           7   2.7775095577831820E-012
           4           8  -5.3638559111940559E-013
           4           9   4.0544569183314650E-013
           4          10  -3.0839230700824785E-012
           4          11   1.4219044418510966E-012
           4          12  -1.5281996397740319E-012
           4          13  -1.2001000868153693E-012
           4          14  -1.0431070023996545E-012
           4          15  -1.7004762691631506E-012
           4          16  -1.0303159332945819E-012
           4          17   1.3665397622165072E-013
           4          18  -8.1490579623407892E-013
           4          19  -5.9722974692006107E-013
           4          20   1.1542148947544544E-013
           4          21  -3.2068053162759352E-013
           4          22   4.9557543346105015E-002
           4          23   1.2863151205030020E-013
           4          24   4.9557543346690609E-002
           4          25   1.1759221059380827E-012
           4          26  -7.9947598750444958E-013
           4          27   4.9557543346160700E-002
           4          28  0.22869060169573172     
           4          29  -4.8092269631141573E-013
           4          30  0.22869060169507111     
           4          31   4.5851896256712013E-013
           4          32   2.6021955632834984E-013
           4          33  0.22869060169542885     
           4          34 -0.12197278148424243     
           4          35  -2.8760376335457820E-013
           4          36 -0.12197278148320247     
           4          37  -5.2066501722034392E-013
           4          38   6.9119434444755904E-014
           4          39 -0.12197278148397445     
           4          40   9.0681984064990738E-013
           4          41   5.7598951279770553E-013
           4          42  -1.7570608856547901E-013
           4          43   8.4281682512463944E-013
           4          44   1.2307764411364860E-012
           4          45  -2.0740647236755774E-014
           4          46   3.5149029774243829E-013
           4          47   3.8583399590839772E-013
           4          48  -2.4344143894527743E-015
           4          49   1.7383340693178256E-012
           5           1  0.22040194460452484     
           5           2 -0.81432682639953113     
           5           3  0.93616996990668866     
           5           4  0.15815760196251744     
           5           5  0.88041771248758982     
           5           6  -2.1107221148664274E-002
           5           7   1.1464578325192680E-012
           5           8  -2.4739890501891625E-013
           5           9  -7.2244815816102931E-013
           5          10  -4.1572988592546007E-012
           5          11  -9.2138097638241511E-013
           5          12  -2.6734747508560421E-012
           5          13  -3.8012421452577942E-012
           5          14  -4.1524205839741064E-012
           5          15  -4.1405296105463267E-012
           5          16  -3.8779769939446638E-012
           5          17  -2.7834914315497096E-013
           5          18  -1.8627419132525806E-012
           5          19  -2.4221985828055343E-012
           5          20   1.5340122807545573E-013
           5          21  -1.8856934629811453E-013
           5          22  -1.3083578711378397E-002
           5          23   9.2432769791296843E-013
           5          24  -1.3083578711089325E-002
           5          25   1.8752984213546597E-012
           5          26  -1.3034799967746683E-012
           5          27  -1.3083578710399127E-002
           5          28 -0.19896931203097476     
           5          29  -1.5336365389831671E-012
           5          30 -0.19896931203407553     
           5          31   1.2943768492128106E-012
           5          32  -5.6208009539401926E-013
           5          33 -0.19896931203375828     
           5          34  -7.1657775328877613E-002
           5          35   3.9507269503327317E-014
           5          36  -7.1657775324310724E-002
           5          37  -1.6688409410484167E-012
           5          38  -1.2996533361334602E-013
           5          39  -7.1657775325256051E-002
           5          40   2.1425014115082591E-012
           5          41   1.3603436035890530E-012
           5          42  -1.2457701395526914E-012
           5          43   4.0781564344619736E-012
           5          44   2.9933352326377337E-012
           5          45  -8.1555494651590034E-013
           5          46   1.0723738541457353E-012
           5          47   7.6949272394706718E-013
           5          48   1.3212233240667395E-012
           5          49   5.1418003914956899E-012
           6           1  -3.8844092717590091E-003
           6           2   1.5034488466731520E-002
           6           3  -1.5915916725325330E-002
           6           4 -0.16393523934882540     
           6           5  -2.1107221148664274E-002
           6           6   3.7496225120049284E-002
           6           7  -7.1238798118532522E-013
           6           8   3.9967872887523660E-014
           6           9  -1.0141013477998013E-013
           6          10   8.2819746402809814E-013
           6          11  -1.9334572272780436E-013
           6          12   3.1592174379555701E-013
           6          13   2.2747406443358331E-013
           6          14   1.8418413388986654E-013
           6          15   3.1920432292162568E-013
           6          16   1.8882560323090906E-013
           6          17  -3.0798959691886117E-014
           6          18   1.5558297467705512E-013
           6          19   1.0762533294387234E-013
           6          20  -2.0855233278434201E-014
           6          21   6.2043653520504421E-014
           6          22  -1.1712161130939381E-002
           6          23  -5.3239949391701908E-014
           6          24  -1.1712161131072924E-002
           6          25  -2.2020638277156558E-013
           6          26   1.6326328721319964E-013
           6          27  -1.1712161130885921E-002
           6          28  -5.6921006483276200E-002
           6          29   7.8445384192328259E-014
           6          30  -5.6921006483158121E-002
           6          31  -8.4390065509015277E-014
           6          32  -4.8642020747376216E-014
           6          33  -5.6921006483211675E-002
           6          34   2.6782961662301711E-002
           6          35   6.2204980033885768E-014
           6          36   2.6782961662119041E-002
           6          37   9.5676204222275764E-014
           6          38  -1.4642406702691461E-014
           6          39   2.6782961662268324E-002
           6          40  -1.7863095694972211E-013
           6          41  -1.1089394444565327E-013
           6          42   2.5514994655158142E-014
           6          43  -1.5093087897238191E-013
           6          44  -2.3309596363253938E-013
           6          45  -1.4019754999075897E-015
           6          46  -6.4980417699116679E-014
           6          47  -7.7203185418354877E-014
           6          48   7.7432652939360351E-015
           6          49  -3.2438316362868414E-013
           7           1   4.5156692137754730E-013
           7           2  -1.6040431358419822E-012
           7           3   1.0857036077697985E-012
           7           4   2.7775095577831820E-012
           7           5   1.1464578325192680E-012
           7           6  -7.1238798118532522E-013
           7           7   2.3185919651911533     
           7           8  -2.5607987952379187E-014
           7           9  -6.4271504784912225E-015
           7          10 -0.91786300474684457     
           7          11   3.1816216328198322E-013
           7          12  -3.5832448119780607E-014
           7          13   6.9934700280318788E-003
           7          14   4.3841297779624114E-013
           7          15  -2.5873364052370479E-013
           7          16   1.0946483593470122E-002
           7          17   4.7005384610707943E-013
           7          18  -3.4833849129819380E-013
           7          19   4.1667419474393690E-003
           7          20   2.5283825055324445E-013
           7          21  -1.7108736709248863E-013
           7          22   1.6555611210931052E-013
           7          23   5.5132652241186159E-014
           7          24   2.3538234121114638E-014
           7          25  -7.1008646649011968E-014
           7          26  -8.6976904957725153E-014
           7          27   2.4741481317677163E-013
           7          28  -4.1211921137848321E-013
           7          29   1.2038813891288885E-013
           7          30  -3.7014992550240670E-013
           7          31  -7.3014260841428942E-014
           7          32  -4.0226629338506889E-014
           7          33  -5.4464400516338505E-013
           7          34  -9.0732434097929220E-013
           7          35  -3.2630298066955994E-014
           7          36  -7.4284724072328397E-013
           7          37   1.4846929960488191E-013
           7          38   3.7037242995043085E-014
           7          39  -7.7666514886257081E-013
           7          40   4.7000871368602634E-002
           7          41  -1.4186980583364547E-013
           7          42   2.1019428676535300E-002
           7          43  -3.6008153923849736E-013
           7          44   4.5480925883047303E-014
           7          45   8.5290987771628991E-014
           7          46   3.5720802401071379E-014
           7          47   2.1019428676489663E-002
           7          48   7.3235688347175399E-015
           7          49  -1.6842430228272666E-014
           8           1  -4.4580734050122863E-014
           8           2   1.6569297289065569E-013
           8           3  -3.2132278773596002E-013
           8           4  -5.3638559111940559E-013
           8           5  -2.4739890501891625E-013
           8           6   3.9967872887523660E-014
           8           7  -2.5607987952379187E-014
           8           8   2.3185919651910831     
           8           9  -1.2271000188198588E-014
           8          10  -1.8346435481891944E-014
           8          11 -0.91786300474680671     
           8          12   1.2869046106568909E-014
           8          13   3.2499935902220545E-014
           8          14   6.9934700278859443E-003
           8          15  -4.9543050258509078E-014
           8          16   6.6671386294243405E-015
           8          17   1.0946483593576658E-002
           8          18  -6.1604235303466320E-014
           8          19   1.6022854701054566E-014
           8          20   4.1667419474561897E-003
           8          21  -5.5905489113919709E-014
           8          22  -1.1435869651372732E-014
           8          23  -1.4307025453288608E-014
           8          24   8.8717481347642537E-014
           8          25  -8.7272771587584456E-016
           8          26  -1.0015127733986401E-014
           8          27   4.3107618012833888E-014
           8          28   1.5208277175935948E-013
           8          29   1.1634766324112408E-014
           8          30   1.7110752236084262E-013
           8          31  -1.9503803533692286E-014
           8          32  -1.7232844942622330E-014
           8          33   1.2339215610478179E-013
           8          34   1.6451474265126593E-013
           8          35  -1.4147796738825474E-014
           8          36   1.3385643446448635E-013
           8          37   1.4980855469939862E-014
           8          38   1.5596082410973348E-014
           8          39   1.8145370074845251E-013
           8          40  -6.8419228616002410E-014
           8          41   2.1019428676503547E-002
           8          42   2.2034674432268279E-014
           8          43   4.7000871368830473E-002
           8          44  -7.3985176980058880E-015
           8          45   2.4189001800490147E-014
           8          46   2.1305206269930107E-014
           8          47  -1.9545129403834504E-014
           8          48   2.1019428676541333E-002
           8          49  -2.8424270858023643E-014
           9           1   2.0067982273976801E-014
           9           2   3.3157044937855535E-014
           9           3  -7.8496948740535844E-013
           9           4   4.0544569183314650E-013
           9           5  -7.2244815816102931E-013
           9           6  -1.0141013477998013E-013
           9           7  -6.4271504784912225E-015
           9           8  -1.2271000188198588E-014
           9           9   2.3185919651910964     
           9          10   5.3231724583806266E-014
           9          11   2.3881938093798701E-014
           9          12 -0.91786300474689808     
           9          13  -1.3460749442186995E-014
           9          14   9.3030916087133481E-015
           9          15   6.9934700276833486E-003
           9          16  -5.0483028131125388E-014
           9          17   6.1298761341385821E-014
           9          18   1.0946483593387842E-002
           9          19  -3.0028212446979462E-014
           9          20   5.0786409074774535E-014
           9          21   4.1667419473680814E-003
           9          22   5.7163889857525712E-014
           9          23   1.0674603052796215E-014
           9          24   2.2208619226426134E-014
           9          25  -3.2289585620637402E-014
           9          26   5.9426421619345248E-014
           9          27   3.1413482357841689E-014
           9          28  -3.5836710318007155E-014
           9          29   6.0430459508760468E-015
           9          30  -1.6545979056134800E-014
           9          31  -7.1447295860990186E-016
           9          32  -3.9908916727788155E-015
           9          33  -3.9016389131022407E-015
           9          34  -1.0558194247015539E-013
           9          35  -1.5246365745144502E-014
           9          36  -1.0633220068661034E-013
           9          37   4.6456215564583455E-015
           9          38  -1.9188260229244231E-014
           9          39  -1.3247770699499418E-013
           9          40  -3.8156489686599654E-014
           9          41   1.9218842148166877E-014
           9          42  -7.2091312953975490E-015
           9          43  -2.2358078387796155E-014
           9          44   2.1019428676552675E-002
           9          45   2.0561616044584660E-014
           9          46   2.1019428676517616E-002
           9          47  -1.9028073387762699E-014
           9          48   1.9444644191189538E-014
           9          49   4.7000871368964428E-002
          10           1  -7.5161455966648380E-013
          10           2   2.9201093751003156E-012
          10           3  -4.2684641746394734E-012
          10           4  -3.0839230700824785E-012
          10           5  -4.1572988592546007E-012
          10           6   8.2819746402809814E-013
          10           7 -0.91786300474684457     
          10           8  -1.8346435481891944E-014
          10           9   5.3231724583806266E-014
          10          10   2.6330095143070142     
          10          11  -1.6095458299515289E-013
          10          12  -1.3859746683659865E-013
          10          13  -2.4079720671626698E-002
          10          14  -4.1412489756868955E-013
          10          15   7.8440590611440331E-014
          10          16  -3.2889611880124334E-002
          10          17  -3.1763328946225211E-013
          10          18   1.9196555694870193E-013
          10          19  -1.2304179352478503E-002
          10          20  -9.3304595820439995E-014
          10          21   1.8336281928583525E-013
          10          22   1.4455634227779070E-013
          10          23  -2.3816614370939442E-013
          10          24  -2.7716245692762188E-013
          10          25   1.6144373854137001E-013
          10          26   3.6433165027109099E-013
          10          27  -1.8301691909855409E-013
          10          28   5.7730162253027619E-013
          10          29  -1.0420191096420906E-013
          10          30   7.1596847943129869E-013
          10          31   1.6465063183017538E-013
          10          32   1.2255858418880733E-014
          10          33   8.6655512647669784E-013
          10          34   1.1050724683452135E-012
          10          35  -2.6665205356526070E-015
          10          36   6.9738990863980604E-013
          10          37  -2.0590361872701931E-013
          10          38   5.5850976704359827E-014
          10          39   7.1101668665964007E-013
          10          40 -0.12616600563032243     
          10          41   2.8370665192123748E-013
          10          42  -5.6423153008027860E-002
          10          43   1.5329057467817191E-013
          10          44   3.9431348811140268E-014
          10          45  -1.0791881649474599E-013
          10          46  -4.1580779618121047E-014
          10          47  -5.6423153008154821E-002
          10          48  -8.4811064421421718E-014
          10          49   1.1447711268519080E-013
          11           1  -1.6193723897807445E-013
          11           2   6.4017435045952243E-013
          11           3  -8.6085730908248077E-013
          11           4   1.4219044418510966E-012
          11           5  -9.2138097638241511E-013
          11           6  -1.9334572272780436E-013
          11           7   3.1816216328198322E-013
          11           8 -0.91786300474680671     
          11           9   2.3881938093798701E-014
          11          10  -1.6095458299515289E-013
          11          11   2.6330095143071510     
          11          12   3.9305364518562380E-014
          11          13  -8.6523670173415383E-015
          11          14  -2.4079720671168585E-002
          11          15   5.0818520940201329E-015
          11          16  -4.3352040707442027E-014
          11          17  -3.2889611879896724E-002
          11          18   1.7062062483281510E-014
          11          19  -5.1731730878296523E-014
          11          20  -1.2304179352328967E-002
          11          21   9.0569939785809646E-014
          11          22   3.3907503468190907E-013
          11          23   8.6956160924786019E-014
          11          24  -1.9201859746928974E-013
          11          25  -1.5843974871369669E-014
          11          26   1.2475015435037542E-013
          11          27   1.9779631844077634E-013
          11          28  -3.8616890071430694E-013
          11          29  -2.5881064184088048E-014
          11          30  -1.9164555179097512E-013
          11          31   2.0356845033937775E-014
          11          32   1.2067710520602824E-014
          11          33  -3.4154774846329927E-013
          11          34  -3.7593123999274417E-013
          11          35   4.2522706419437949E-015
          11          36  -3.8047611750636317E-013
          11          37   6.8684974221332589E-015
          11          38  -1.2739737215224800E-014
          11          39  -4.6252094090178700E-013
          11          40   6.3130924099487240E-014
          11          41  -5.6423153007967658E-002
          11          42  -6.2215423784958337E-014
          11          43 -0.12616600563068964     
          11          44   4.2389174310399064E-014
          11          45  -3.2198321773174681E-014
          11          46  -3.9232926260849730E-014
          11          47  -1.5743916587083873E-014
          11          48  -5.6423153008048697E-002
          11          49   7.3946382871075962E-014
          12           1  -4.2593928291699829E-013
          12           2   1.7027652074124863E-012
          12           3  -2.7954664970513883E-012
          12           4  -1.5281996397740319E-012
          12           5  -2.6734747508560421E-012
          12           6   3.1592174379555701E-013
          12           7  -3.5832448119780607E-014
          12           8   1.2869046106568909E-014
          12           9 -0.91786300474689808     
          12          10  -1.3859746683659865E-013
          12          11   3.9305364518562380E-014
          12          12   2.6330095143073127     
          12          13   5.5694110347925145E-014
          12          14   1.0995495285749917E-013
          12          15  -2.4079720670885443E-002
          12          16   6.5475782348182029E-014
          12          17   6.5475850110801640E-015
          12          18  -3.2889611879707382E-002
          12          19   6.2970557045730433E-014
          12          20  -2.9539687888707730E-014
          12          21  -1.2304179352254113E-002
          12          22   5.5246428138426829E-014
          12          23  -5.6104782910247905E-014
          12          24  -5.5035232924020620E-014
          12          25   1.0928092419126639E-013
          12          26  -2.2634751787043604E-013
          12          27   8.1388959380990142E-014
          12          28   4.9032146060068316E-013
          12          29  -6.6623987473128043E-015
          12          30   4.6057123248925139E-013
          12          31  -2.1201890657195143E-014
          12          32   1.0299770783451112E-013
          12          33   3.2532189048302751E-013
          12          34   3.7883389144345194E-013
          12          35   3.1321595713995559E-014
          12          36   3.8696651112805312E-013
          12          37   3.0858041214882864E-014
          12          38   5.6202374173098888E-014
          12          39   4.7967178123384285E-013
          12          40   2.8042563930652537E-014
          12          41  -8.2639312602263279E-014
          12          42   1.7232471959814952E-014
          12          43  -6.9963186719783833E-014
          12          44  -5.6423153008048864E-002
          12          45  -2.9404721428146148E-014
          12          46  -5.6423153007962766E-002
          12          47   2.3147716382134770E-015
          12          48  -5.4803600893347601E-014
          12          49 -0.12616600563088071     
          13           1  -7.6269083751597587E-013
          13           2   2.9571293185600015E-012
          13           3  -3.9883458028985504E-012
          13           4  -1.2001000868153693E-012
          13           5  -3.8012421452577942E-012
          13           6   2.2747406443358331E-013
          13           7   6.9934700280318788E-003
          13           8   3.2499935902220545E-014
          13           9  -1.3460749442186995E-014
          13          10  -2.4079720671626698E-002
          13          11  -8.6523670173415383E-015
          13          12   5.5694110347925145E-014
          13          13   6.4354716853911318E-004
          13          14  -3.4608275447115667E-015
          13          15   1.5140547701752436E-015
          13          16   5.3014481382633106E-004
          13          17  -2.2065843551146294E-015
          13          18   1.7227976756096466E-015
          13          19   1.8606201959423625E-004
          13          20  -8.7262858887529399E-016
          13          21   7.6049783787197338E-016
          13          22   2.0470855994838430E-014
          13          23   1.5423765752827422E-013
          13          24  -1.7208777547690817E-013
          13          25  -1.0715575503286307E-013
          13          26   1.6672853147425889E-013
          13          27   1.3364937682294389E-013
          13          28   2.9524620818248284E-013
          13          29   5.6419734052466374E-014
          13          30   2.4080553280472595E-013
          13          31  -2.5060494691788443E-014
          13          32   3.9999158947866593E-014
          13          33   3.1330458345945642E-013
          13          34   3.2340887020654165E-013
          13          35  -3.5338485522128987E-015
          13          36   3.2542490468583049E-013
          13          37   1.8988384291967246E-017
          13          38  -2.1569452741600581E-015
          13          39   3.2144778303927127E-013
          13          40   1.9678312710273540E-003
          13          41  -5.5853013731484370E-016
          13          42   8.8004089805244774E-004
          13          43  -3.6001136425244119E-015
          13          44   4.0674564479062946E-016
          13          45  -3.1085674307219945E-016
          13          46  -4.5904527095387118E-017
          13          47   8.8004089805141298E-004
          13          48  -2.4736428319344285E-015
          13          49   8.2963489053348192E-016
          14           1  -7.7115010053572360E-013
          14           2   3.0993647989587066E-012
          14           3  -4.3717386373299038E-012
          14           4  -1.0431070023996545E-012
          14           5  -4.1524205839741064E-012
          14           6   1.8418413388986654E-013
          14           7   4.3841297779624114E-013
          14           8   6.9934700278859443E-003
          14           9   9.3030916087133481E-015
          14          10  -4.1412489756868955E-013
          14          11  -2.4079720671168585E-002
          14          12   1.0995495285749917E-013
          14          13  -3.4608275447115667E-015
          14          14   6.4354716855044060E-004
          14          15  -1.8161604000370247E-016
          14          16   2.0477749947509460E-015
          14          17   5.3014481382894756E-004
          14          18  -2.2012271366304004E-016
          14          19   1.4905751227390027E-015
          14          20   1.8606201959505889E-004
          14          21  -1.0940397719446598E-015
          14          22  -5.4329571577515264E-014
          14          23  -3.0279898805135633E-014
          14          24   1.3020579632333004E-013
          14          25  -3.7108265009302452E-014
          14          26   2.7818865972785969E-014
          14          27  -2.7322356076712813E-014
          14          28   4.0199632633729902E-013
          14          29  -1.0276833244085470E-014
          14          30   4.9472266577299865E-013
          14          31  -5.3727102133405637E-015
          14          32  -6.8908393580714811E-015
          14          33   4.0038136640483133E-013
          14          34   3.1695592754221831E-013
          14          35   4.1573326791579207E-016
          14          36   3.1077248097113241E-013
          14          37  -7.6882071912309039E-016
          14          38   7.8214865146552858E-016
          14          39   3.1754807559382591E-013
          14          40   1.3167103448147223E-014
          14          41   8.8004089805044771E-004
          14          42   5.7789246343187732E-015
          14          43   1.9678312710207286E-003
          14          44  -1.6847149154699367E-015
          14          45  -4.9143470217181130E-016
          14          46  -8.1902220290482038E-016
          14          47   5.3396753707079806E-015
          14          48   8.8004089805036054E-004
          14          49  -3.8370227227722738E-015
          15           1  -7.2585773186264640E-013
          15           2   2.9418569285953510E-012
          15           3  -4.3721915647146685E-012
          15           4  -1.7004762691631506E-012
          15           5  -4.1405296105463267E-012
          15           6   3.1920432292162568E-013
          15           7  -2.5873364052370479E-013
          15           8  -4.9543050258509078E-014
          15           9   6.9934700276833486E-003
          15          10   7.8440590611440331E-014
          15          11   5.0818520940201329E-015
          15          12  -2.4079720670885443E-002
          15          13   1.5140547701752436E-015
          15          14  -1.8161604000370247E-016
          15          15   6.4354716854239874E-004
          15          16   6.5552726860539726E-017
          15          17  -1.7739090728699766E-016
          15          18   5.3014481382258579E-004
          15          19  -1.7986702281093849E-016
          15          20  -4.4520927858401412E-016
          15          21   1.8606201959348468E-004
          15          22   5.8474916934841295E-014
          15          23  -2.7890895830702622E-014
          15          24   2.1955137405233483E-014
          15          25  -3.9059483292655959E-014
          15          26   1.1972168530261281E-013
          15          27  -9.8187697674798801E-014
          15          28   6.2953663028001667E-013
          15          29  -1.1974836823666222E-014
          15          30   6.0299383384125619E-013
          15          31  -1.5297539649490457E-014
          15          32   6.7923760797164689E-014
          15          33   5.7495862801579512E-013
          15          34   4.9038699133810832E-013
          15          35   8.9748393253773795E-016
          15          36   4.9237409805079260E-013
          15          37   1.0272759584938909E-015
          15          38  -4.0548304119083772E-015
          15          39   4.9432495486664250E-013
          15          40  -3.2029280351047328E-015
          15          41  -2.7699380277551465E-016
          15          42  -1.4115092558179402E-015
          15          43  -1.7934546230227142E-016
          15          44   8.8004089804401449E-004
          15          45   1.6029511762689503E-017
          15          46   8.8004089804413841E-004
          15          47  -1.4850609383102181E-015
          15          48  -9.8250527871028127E-017
          15          49   1.9678312710066270E-003
          16           1  -7.8671829590802549E-013
          16           2   3.0930971609405846E-012
          16           3  -4.0692532985672373E-012
          16           4  -1.0303159332945819E-012
          16           5  -3.8779769939446638E-012
          16           6   1.8882560323090906E-013
          16           7   1.0946483593470122E-002
          16           8   6.6671386294243405E-015
          16           9  -5.0483028131125388E-014
          16          10  -3.2889611880124334E-002
          16          11  -4.3352040707442027E-014
          16          12   6.5475782348182029E-014
          16          13   5.3014481382633106E-004
          16          14   2.0477749947509460E-015
          16          15   6.5552726860539726E-017
          16          16   5.3514234878129514E-004
          16          17   1.9709575768229436E-015
          16          18  -8.9722134339529655E-016
          16          19   1.9355889838982318E-004
          16          20   5.2570041079845372E-016
          16          21  -1.1194306962925734E-015
          16          22   1.1285487116593938E-013
          16          23  -3.2429204985850276E-014
          16          24  -1.6704036856756310E-013
          16          25  -2.3414364846439315E-014
          16          26   1.2653457187657816E-013
          16          27   6.2389244884032149E-014
          16          28   3.2189721250242730E-013
          16          29  -9.0288035919315792E-015
          16          30   2.0923513246003565E-013
          16          31  -8.4337466270661530E-015
          16          32   5.7153707853212602E-014
          16          33   2.9951969574137467E-013
          16          34   2.7983425812574600E-013
          16          35   5.8985319430139999E-016
          16          36   2.8884794263671304E-013
          16          37   1.1197501671067906E-015
          16          38  -3.5350295756501088E-015
          16          39   2.8368547950645023E-013
          16          40   2.0180858812702991E-003
          16          41  -1.3158301082531002E-015
          16          42   9.0251544299177510E-004
          16          43  -6.3734147076094928E-016
          16          44  -6.8327522051436759E-016
          16          45   6.5339209664742356E-016
          16          46  -3.2814818717831342E-016
          16          47   9.0251544299215186E-004
          16          48   4.2445498611492809E-016
          16          49  -1.7921811088937946E-015
