           1           1   2.0000398653561215     
           1           2   2.4413615385296235E-004
           1           3  -7.1856415672844043E-004
           1           4  -2.5300094789881891E-003
           1           5   1.3891412167723715E-004
           1           6  -2.1780946949065695E-004
           1           7  -5.5974588508805878E-010
           1           8  -1.0762162550353692E-009
           1           9   7.7263051657288473E-010
           1          10   1.6113809859082637E-010
           1          11   2.3531822819088098E-010
           1          12  -1.9301042411793740E-010
           1          13  -1.1299017604238234E-010
           1          14  -1.6823792972308207E-010
           1          15   1.4140143357268962E-010
           1          16   8.5546739535012358E-011
           1          17   1.3094733849508983E-010
           1          18  -1.1117677825473457E-010
           1          19   4.3847202521075160E-011
           1          20   7.0328643173600876E-011
           1          21  -6.0413171740126835E-011
           1          22  -4.4456125794216585E-005
           1          23  -1.0882082533983765E-008
           1          24  -4.4402599350294478E-005
           1          25   1.3674279058855929E-008
           1          26   1.9453297856922122E-009
           1          27  -4.4403857754424944E-005
           1          28   3.9405890318038199E-005
           1          29   9.0854943765507605E-010
           1          30   3.9401414859654304E-005
           1          31  -1.1546500729419808E-009
           1          32  -1.7445750715982300E-010
           1          33   3.9401508501969642E-005
           1          34   9.0699249509861482E-006
           1          35  -1.0729689058955351E-009
           1          36   9.0751702634530967E-006
           1          37   1.3439792820438051E-009
           1          38   1.9192274860181934E-010
           1          39   9.0750534979584643E-006
           1          40  -6.5629289813090735E-011
           1          41  -4.0117856820394768E-011
           1          42  -2.6589755031233273E-011
           1          43  -9.1300790900596228E-011
           1          44   3.3327864170687172E-011
           1          45   1.5938415736235154E-012
           1          46   2.7246641568306507E-011
           1          47  -2.5454267428993638E-011
           1          48  -3.6239095729734139E-011
           1          49   7.9610668462033811E-011
           2           1   2.4413615385296235E-004
           2           2   2.0012035247110820     
           2           3  -2.5163877207144540E-003
           2           4  -9.5103602983660461E-003
           2           5   8.5760701001859081E-004
           2           6   1.0473030927269785E-003
           2           7  -1.6815487082856232E-009
           2           8  -3.5366424989808799E-009
           2           9   2.4642701960805162E-009
           2          10   1.1390057072528386E-009
           2          11   1.5358671856647068E-009
           2          12  -1.2621321558041704E-009
           2          13  -1.8341001071802211E-009
           2          14  -1.4690956967351011E-009
           2          15   1.2464087687901335E-009
           2          16   1.4147154966482586E-009
           2          17   1.1393964871921864E-009
           2          18  -9.6970632456415938E-010
           2          19   7.4409903540451509E-010
           2          20   6.0526636630306926E-010
           2          21  -5.1710004723297530E-010
           2          22  -4.9530783566684969E-004
           2          23  -3.5230019133014634E-008
           2          24  -4.9513438963640121E-004
           2          25   4.4249319692462034E-008
           2          26   6.2485977474758768E-009
           2          27  -4.9513862967098408E-004
           2          28   3.4014421055862475E-004
           2          29   4.3578672161326961E-009
           2          30   3.4012279154088188E-004
           2          31  -5.5235173342168277E-009
           2          32  -8.3617887486979521E-010
           2          33   3.4012323422384102E-004
           2          34   4.1635704384439774E-004
           2          35  -4.1127345920954769E-009
           2          36   4.1637714176311731E-004
           2          37   5.1527661589921289E-009
           2          38   7.4553190186501558E-010
           2          39   4.1637669869772775E-004
           2          40  -7.4406629242254867E-010
           2          41  -2.8322536833314650E-010
           2          42  -3.2199968670720878E-010
           2          43  -6.3931150204952877E-010
           2          44   2.3704302428495015E-010
           2          45   6.3365133616549954E-012
           2          46   2.1267515840823162E-010
           2          47  -3.1699407104321526E-010
           2          48  -2.6749379830153112E-010
           2          49   5.5110087222069192E-010
           3           1  -7.1856415672844043E-004
           3           2  -2.5163877207144540E-003
           3           3   1.9715422684913517     
           3           4  -2.6433106504039447E-002
           3           5  -1.1512615603403942E-002
           3           6  -2.7795989443009789E-002
           3           7  -1.0879716322628911E-009
           3           8  -5.0145532518207821E-009
           3           9   3.6783275618298082E-009
           3          10   3.3029795520363764E-009
           3          11  -3.8419129614519178E-009
           3          12   2.3861090494616058E-009
           3          13   1.6737895211823006E-009
           3          14   1.0014314834437333E-009
           3          15  -1.2320262427102252E-009
           3          16  -1.3694469143930848E-009
           3          17  -8.0207697121579330E-010
           3          18   9.2445314163741186E-010
           3          19  -7.2083045638997367E-010
           3          20  -3.7609678716163152E-010
           3          21   4.5992078376903896E-010
           3          22   1.2297089791066147E-002
           3          23  -1.4534158927578159E-007
           3          24   1.2297816745837954E-002
           3          25   1.8701378842089507E-007
           3          26   2.4942531826964679E-008
           3          27   1.2297796155004322E-002
           3          28   6.9645260940162396E-003
           3          29  -3.2205428160740086E-008
           3          30   6.9646869029578746E-003
           3          31   4.1134647766034913E-008
           3          32   5.8329301989227669E-009
           3          33   6.9646830850571221E-003
           3          34  -6.4570502688355604E-003
           3          35  -1.0296480173560372E-008
           3          36  -6.4569997300830545E-003
           3          37   1.3041964658481498E-008
           3          38   1.9207304155280487E-009
           3          39  -6.4570008424076532E-003
           3          40  -5.7355306891146051E-011
           3          41   1.3626491016958821E-010
           3          42  -6.5973527122702259E-011
           3          43   1.8984764011808453E-010
           3          44  -2.5464458113571856E-011
           3          45  -2.6688276695460437E-011
           3          46  -3.2722417607577263E-011
           3          47  -1.2228455449412829E-011
           3          48   8.2185780187933855E-011
           3          49  -1.4323516543187605E-010
           4           1  -2.5300094789881891E-003
           4           2  -9.5103602983660461E-003
           4           3  -2.6433106504039447E-002
           4           4  0.62334252857206018     
           4           5  -2.7627693679909221E-002
           4           6  0.13399235798015219     
           4           7   6.0097488027778163E-009
           4           8   1.8622325729300579E-009
           4           9  -1.5503719439590738E-009
           4          10   9.0585413338014813E-009
           4          11  -2.0301647678288756E-008
           4          12   1.3736131379143624E-008
           4          13  -2.7522323371395495E-010
           4          14   1.3506592277155963E-010
           4          15   1.6496112809988063E-009
           4          16   1.3746979379462860E-009
           4          17   1.1159735341951563E-010
           4          18  -1.0988522160516549E-009
           4          19   5.0455428123537751E-010
           4          20  -7.1058381330552545E-010
           4          21   2.5596759142724567E-010
           4          22   3.2668998946624919E-003
           4          23  -4.6692780445663812E-006
           4          24   3.2901320184660601E-003
           4          25   5.9717127558500506E-006
           4          26   9.1015677445718401E-007
           4          27   3.2896353484552815E-003
           4          28   2.1592946629353776E-003
           4          29  -3.9508995334023176E-008
           4          30   2.1594909842779699E-003
           4          31   5.0540877278511361E-008
           4          32   7.6641638996239117E-009
           4          33   2.1594867789127541E-003
           4          34   1.6650304406221571E-002
           4          35   6.5503088562199685E-008
           4          36   1.6649981237862436E-002
           4          37  -8.2438084508702353E-008
           4          38  -1.0928898503379897E-008
           4          39   1.6649988928969878E-002
           4          40   2.0867890348279044E-011
           4          41  -1.5437873708972950E-010
           4          42  -3.7937110132158226E-011
           4          43  -1.2520593231341417E-011
           4          44  -8.0883618550404782E-011
           4          45   2.0894642054788643E-011
           4          46  -6.9987849516483123E-011
           4          47   3.5557078627865548E-011
           4          48   3.1071939370184137E-011
           4          49   2.1243595108140082E-010
           5           1   1.3891412167723715E-004
           5           2   8.5760701001859081E-004
           5           3  -1.1512615603403942E-002
           5           4  -2.7627693679909221E-002
           5           5   1.3108116051953843E-003
           5           6  -5.7985167834177075E-003
           5           7   1.6649750414220567E-009
           5           8   7.1175381374887669E-010
           5           9  -7.8698979398864525E-010
           5          10  -2.7997783977900984E-009
           5          11   1.0729717022995914E-008
           5          12  -8.6822907010254935E-009
           5          13   5.2618695690038692E-011
           5          14  -2.1270362190289686E-010
           5          15   9.9769065600156504E-011
           5          16  -9.0750583974222491E-011
           5          17   1.6263321538259945E-010
           5          18  -9.1889136326236567E-011
           5          19  -3.8306174884547019E-011
           5          20   1.1275122696754972E-010
           5          21  -7.9286301993363442E-011
           5          22  -2.3069183850876225E-004
           5          23  -5.4476909650225462E-007
           5          24  -2.2799559002785333E-004
           5          25   6.8967680389421624E-007
           5          26   9.6626935118921743E-008
           5          27  -2.2806473800119709E-004
           5          28  -1.4442395085668291E-004
           5          29  -3.3896132289507788E-009
           5          30  -1.4440725419682495E-004
           5          31   4.2555069093969407E-009
           5          32   5.2929768886373846E-010
           5          33  -1.4440777030348811E-004
           5          34  -7.0234447671023588E-004
           5          35  -4.2284182877652254E-009
           5          36  -7.0232389013714794E-004
           5          37   5.2163729871969961E-009
           5          38   4.5269284471443965E-010
           5          39  -7.0232470882473648E-004
           5          40  -3.7920910710596840E-012
           5          41   1.1796725514212039E-011
           5          42   6.9973394334295398E-013
           5          43   1.2190704226663656E-011
           5          44  -9.0146845500757059E-013
           5          45  -8.3486577211856838E-013
           5          46  -1.2587768987678602E-012
           5          47  -2.9583624774394539E-012
           5          48   3.8495109182417530E-012
           5          49  -1.9177735642219948E-011
           6           1  -2.1780946949065695E-004
           6           2   1.0473030927269785E-003
           6           3  -2.7795989443009789E-002
           6           4  0.13399235798015219     
           6           5  -5.7985167834177075E-003
           6           6   2.9057242942377468E-002
           6           7  -8.4355931038261659E-010
           6           8  -6.4862341618893068E-011
           6           9  -1.4441636515024680E-010
           6          10  -6.4349007476120032E-009
           6          11   1.9333157556063844E-008
           6          12  -1.4426112211452770E-008
           6          13   8.9996077209283264E-011
           6          14  -4.7496872114398009E-010
           6          15   7.2911424665899030E-010
           6          16   1.7217830825762320E-010
           6          17   4.3173699575085780E-010
           6          18  -5.3828972367777363E-010
           6          19   5.0627069793454383E-011
           6          20   4.5537306034796956E-011
           6          21  -9.2413045310971198E-011
           6          22   5.6778823580929262E-004
           6          23   1.5734090045095334E-007
           6          24   5.6701772839466019E-004
           6          25  -2.0192834683662804E-007
           6          26  -2.9689014736284706E-008
           6          27   5.6702692620969714E-004
           6          28   3.8759777138730353E-004
           6          29   1.9242881133468665E-009
           6          30   3.8758838515812893E-004
           6          31  -2.4494739418675695E-009
           6          32  -3.2593718888274732E-010
           6          33   3.8758850639001040E-004
           6          34   3.6456210989505760E-003
           6          35   2.3015808408655007E-008
           6          36   3.6455078810552206E-003
           6          37  -2.9088689557138092E-008
           6          38  -3.8983946923269954E-009
           6          39   3.6455103355197927E-003
           6          40  -6.8521610938647339E-012
           6          41  -2.1697152707422900E-011
           6          42  -1.2748073321929095E-011
           6          43   2.4180035509632737E-011
           6          44  -2.6545626638276743E-011
           6          45   4.8369376706585773E-012
           6          46  -2.4217711445823342E-011
           6          47   2.4428764851518848E-012
           6          48   1.8732224149930797E-011
           6          49   2.6115972932203764E-011
           7           1  -5.5974588508805878E-010
           7           2  -1.6815487082856232E-009
           7           3  -1.0879716322628911E-009
           7           4   6.0097488027778163E-009
           7           5   1.6649750414220567E-009
           7           6  -8.4355931038261659E-010
           7           7   1.9998893624381409     
           7           8  -8.3024167538376903E-010
           7           9   6.5448097706635145E-010
           7          10  -8.4611110586258213E-004
           7          11  -4.8766315278266027E-009
           7          12   3.9840724301251257E-009
           7          13   1.0012941045616872E-003
           7          14   1.2108750144813728E-008
           7          15  -1.1654829553810396E-008
           7          16  -7.8415083888498324E-004
           7          17  -9.6815940998860889E-009
           7          18   9.3054234561844355E-009
           7          19  -4.0495006589902946E-004
           7          20  -4.9361921137672735E-009
           7          21   4.8140877773152591E-009
           7          22   3.3184038014208626E-010
           7          23   1.1770211449611872E-010
           7          24   3.4151972717939938E-010
           7          25   2.0690326974292490E-010
           7          26  -1.2717748233261708E-010
           7          27   6.6229083954521766E-011
           7          28  -2.1327526368869160E-009
           7          29  -4.4317813009775606E-010
           7          30  -1.7900646307229458E-009
           7          31   5.1391819392475836E-011
           7          32  -5.7640970425395113E-010
           7          33  -2.4178525405395298E-009
           7          34  -6.9072410519613564E-010
           7          35   2.4559635282053610E-010
           7          36  -9.3549147602082494E-010
           7          37  -5.3326470854833224E-011
           7          38   2.9645427234336162E-010
           7          39  -6.6996587967592849E-010
           7          40   3.0228320891465373E-004
           7          41   1.1050590124922938E-009
           7          42   1.3518643870640969E-004
           7          43   2.5433163982385172E-009
           7          44  -2.9164939911102262E-010
           7          45  -3.1879539924990534E-010
           7          46  -8.0941229191971959E-010
           7          47   1.3518622420230947E-004
           7          48   1.2918893142442536E-009
           7          49  -2.0204747405393554E-009
           8           1  -1.0762162550353692E-009
           8           2  -3.5366424989808799E-009
           8           3  -5.0145532518207821E-009
           8           4   1.8622325729300579E-009
           8           5   7.1175381374887669E-010
           8           6  -6.4862341618893068E-011
           8           7  -8.3024167538376903E-010
           8           8   1.9998893653674306     
           8           9   6.0362265480679870E-011
           8          10  -3.4844649378466448E-009
           8          11  -8.4609404534298754E-004
           8          12   2.7123164625473775E-010
           8          13   1.0042225323949296E-008
           8          14   1.0012366196109853E-003
           8          15  -1.4191672788554788E-009
           8          16  -8.0375178379489644E-009
           8          17  -7.8410549335494544E-004
           8          18   8.6557462968575097E-010
           8          19  -3.9825242912246367E-009
           8          20  -4.0492637053178061E-004
           8          21   6.4248743300742920E-010
           8          22   2.1014432933185739E-009
           8          23   1.1791022652763323E-010
           8          24   2.0014379092665762E-009
           8          25   1.9777633477530468E-011
           8          26   1.2079158673047798E-010
           8          27   2.1213233655238505E-009
           8          28  -2.0302871969888872E-009
           8          29  -2.4232006701159879E-010
           8          30  -2.2912799883079592E-009
           8          31   1.2283928076501709E-010
           8          32   9.9892554548436749E-010
           8          33  -1.8890555429114413E-009
           8          34   1.6028010729123706E-010
           8          35   2.0131535882550315E-010
           8          36   4.2137108251270278E-010
           8          37   3.6214252853807139E-011
           8          38  -4.6486259121930320E-010
           8          39   1.2875915334279807E-010
           8          40   2.3639671759357418E-009
           8          41   1.3518073363583645E-004
           8          42   4.0345048902339448E-010
           8          43   3.0227683516758806E-004
           8          44   1.4610326699342670E-010
           8          45   6.2910437999113097E-010
           8          46   1.9853668861520356E-012
           8          47   8.9485788843550622E-010
           8          48   1.3518203249108246E-004
           8          49  -6.8333367241653471E-011
           9           1   7.7263051657288473E-010
           9           2   2.4642701960805162E-009
           9           3   3.6783275618298082E-009
           9           4  -1.5503719439590738E-009
           9           5  -7.8698979398864525E-010
           9           6  -1.4441636515024680E-010
           9           7   6.5448097706635145E-010
           9           8   6.0362265480679870E-011
           9           9   1.9998893654253123     
           9          10   4.0551527866999619E-009
           9          11   6.9620378049818898E-010
           9          12  -8.4609377155495124E-004
           9          13  -1.1770558710288886E-008
           9          14  -1.9515644578747718E-009
           9          15   1.0012375302129466E-003
           9          16   9.4069365809588639E-009
           9          17   1.4049067038208182E-009
           9          18  -7.8410616364703637E-004
           9          19   4.7895587818787006E-009
           9          20   8.7575424116767717E-010
           9          21  -4.0492676689646057E-004
           9          22  -1.5052516025834662E-009
           9          23   8.2299794077141429E-011
           9          24  -1.4083717877505054E-009
           9          25   2.8494339337199751E-011
           9          26  -1.4021094658037783E-011
           9          27  -1.5053296092996298E-009
           9          28   1.6314208315229840E-009
           9          29   8.3131908583089040E-011
           9          30   1.7252303566771241E-009
           9          31  -2.6643879586348812E-010
           9          32  -5.2423847262779797E-010
           9          33   1.6968712850480641E-009
           9          34  -1.2194841463201854E-010
           9          35  -3.5580725487986730E-011
           9          36  -1.6071833606795290E-010
           9          37   1.6964060469156046E-010
           9          38   2.3477478961801714E-010
           9          39  -2.1411653897328789E-010
           9          40  -2.3456564771546678E-009
           9          41  -9.3552151966819257E-011
           9          42  -9.4531394503574042E-010
           9          43  -5.0114079193694328E-010
           9          44   1.3518067595249040E-004
           9          45  -3.8705582306208112E-010
           9          46   1.3518225693710800E-004
           9          47  -3.0550749959114131E-010
           9          48  -6.9571747726419822E-011
           9          49   3.0227648123176047E-004
          10           1   1.6113809859082637E-010
          10           2   1.1390057072528386E-009
          10           3   3.3029795520363764E-009
          10           4   9.0585413338014813E-009
          10           5  -2.7997783977900984E-009
          10           6  -6.4349007476120032E-009
          10           7  -8.4611110586258213E-004
          10           8  -3.4844649378466448E-009
          10           9   4.0551527866999619E-009
          10          10   1.9927204896004489     
          10          11  -1.6515727589153114E-008
          10          12   2.3453419093149301E-008
          10          13  -4.4345554493429196E-002
          10          14   8.0392508388129276E-008
          10          15  -1.0033814829296590E-007
          10          16   3.8912783878305345E-002
          10          17  -1.1614696098250862E-007
          10          18   1.4673785800514172E-007
          10          19   1.7181513043201303E-002
          10          20  -2.6665702776143013E-008
          10          21   3.1732416537543211E-008
          10          22   1.8263505101822219E-009
          10          23   5.2282307771020279E-010
          10          24  -6.0998156972877116E-010
          10          25   2.4192730871986515E-009
          10          26   1.0960752700888800E-010
          10          27  -2.2775831163367179E-009
          10          28  -1.1171425673568109E-009
          10          29  -5.2534622071336673E-010
          10          30  -4.8987441039684505E-010
          10          31  -3.5069707409476971E-010
          10          32   8.6762936120377410E-010
          10          33   4.5578022826950217E-010
          10          34  -1.4381913105790835E-009
          10          35   7.6578860748789964E-010
          10          36  -2.4193795536942407E-010
          10          37   5.6333483127433818E-010
          10          38   1.7852367404122511E-011
          10          39  -1.5031327862723922E-009
          10          40   2.1026040038143682E-003
          10          41   1.0381516421438513E-008
          10          42   9.4028644760852081E-004
          10          43   1.9158767295103177E-009
          10          44  -1.4164170390303427E-008
          10          45  -1.1500815612441923E-009
          10          46  -1.9884156535849300E-009
          10          47   9.4028694580781903E-004
          10          48   8.6375525393179383E-010
          10          49  -3.7327818845054176E-009
          11           1   2.3531822819088098E-010
          11           2   1.5358671856647068E-009
          11           3  -3.8419129614519178E-009
          11           4  -2.0301647678288756E-008
          11           5   1.0729717022995914E-008
          11           6   1.9333157556063844E-008
          11           7  -4.8766315278266027E-009
          11           8  -8.4609404534298754E-004
          11           9   6.9620378049818898E-010
          11          10  -1.6515727589153114E-008
          11          11   1.9927205848680671     
          11          12   4.2436382904523210E-009
          11          13   9.3526542698631525E-008
          11          14  -4.4346012082030352E-002
          11          15  -2.1670618155917246E-008
          11          16  -1.2418833166632110E-007
          11          17   3.8913448938231107E-002
          11          18   2.7236580127878291E-008
          11          19  -3.1467328688827295E-008
          11          20   1.7181661496900019E-002
          11          21   7.6133618909898041E-009
          11          22  -4.4916216893849822E-009
          11          23   2.8795789217015703E-009
          11          24  -1.8221801423512326E-009
          11          25   3.1851548499200540E-010
          11          26   3.1300355265599945E-010
          11          27  -5.2787680534941751E-010
          11          28  -2.8585604237474261E-010
          11          29  -7.5035890387109747E-011
          11          30   3.4064956334591716E-011
          11          31   1.9067453666453869E-009
          11          32  -2.1354533259481743E-009
          11          33  -1.4743684135045696E-009
          11          34   3.7013594426647012E-009
          11          35  -2.4525929583409396E-009
          11          36   7.3443478828218361E-011
          11          37  -2.0236553554586428E-009
          11          38  -1.9924566995337747E-010
          11          39   3.4217221229704138E-009
          11          40   3.4662968808494815E-009
          11          41   9.4030552367921610E-004
          11          42   1.0626781534274266E-008
          11          43   2.1025292613885182E-003
          11          44   1.3459546210952477E-009
          11          45  -6.4558365747682079E-009
          11          46  -1.1441975331106307E-009
          11          47   1.9183280771714427E-009
          11          48   9.4028018537418783E-004
          11          49  -9.1504189873201852E-010
          12           1  -1.9301042411793740E-010
          12           2  -1.2621321558041704E-009
          12           3   2.3861090494616058E-009
          12           4   1.3736131379143624E-008
          12           5  -8.6822907010254935E-009
          12           6  -1.4426112211452770E-008
          12           7   3.9840724301251257E-009
          12           8   2.7123164625473775E-010
          12           9  -8.4609377155495124E-004
          12          10   2.3453419093149301E-008
          12          11   4.2436382904523210E-009
          12          12   1.9927205895910851     
          12          13  -1.1299532321654402E-007
          12          14  -1.4561696681839166E-008
          12          15  -4.4345996702214632E-002
          12          16   1.5448843333789604E-007
          12          17   2.2524365273550790E-008
          12          18   3.8913431166515348E-002
          12          19   3.7466101287364287E-008
          12          20   2.1915216555034059E-009
          12          21   1.7181652880711457E-002
          12          22   4.2270737270563275E-009
          12          23  -2.4665956514627109E-009
          12          24   1.9406904191968408E-009
          12          25   7.3692132765431700E-010
          12          26   2.1787806827254968E-010
          12          27   2.4955850047705719E-010
          12          28   3.0157934847922530E-010
          12          29  -5.3445303531690853E-010
          12          30   1.8731852591355903E-010
          12          31  -1.9845457897295047E-009
          12          32   1.5743474641577819E-009
          12          33   1.9568657787600657E-009
          12          34  -2.5258129413866238E-009
          12          35   2.0211782716803502E-009
          12          36  -3.8717946045417373E-011
          12          37   1.6160387378987072E-009
          12          38   2.1171991636652029E-010
          12          39  -2.3017965086378722E-009
          12          40  -4.4551387699747008E-009
          12          41  -6.7747716510863643E-010
          12          42  -1.8730055703582952E-009
          12          43  -2.3326390769893355E-009
          12          44   9.4030422316175848E-004
          12          45   5.0847366605516848E-009
          12          46   9.4027835032277720E-004
          12          47  -1.4021275338326203E-008
          12          48  -2.6715654403261731E-009
          12          49   2.1025292769323652E-003
          13           1  -1.1299017604238234E-010
          13           2  -1.8341001071802211E-009
          13           3   1.6737895211823006E-009
          13           4  -2.7522323371395495E-010
          13           5   5.2618695690038692E-011
          13           6   8.9996077209283264E-011
          13           7   1.0012941045616872E-003
          13           8   1.0042225323949296E-008
          13           9  -1.1770558710288886E-008
          13          10  -4.4345554493429196E-002
          13          11   9.3526542698631525E-008
          13          12  -1.1299532321654402E-007
          13          13   9.9230896882870076E-004
          13          14  -1.9329037888515763E-009
          13          15   2.2889257115711775E-009
          13          16  -8.7508942823310415E-004
          13          17   1.8100131110620040E-009
          13          18  -2.1711628384350603E-009
          13          19  -3.8410995776824936E-004
          13          20   7.2301196653372224E-010
          13          21  -8.2376084227270735E-010
          13          22  -1.7571019882734644E-009
          13          23  -2.6453424428754914E-008
          13          24  -1.0690007534095828E-008
          13          25  -3.1592200540917444E-008
          13          26   2.6314651622126425E-009
          13          27   1.2505383488653997E-008
          13          28   2.3195749887925037E-011
          13          29  -3.8802448891078647E-010
          13          30  -1.4104564305920643E-010
          13          31  -4.2166480916949422E-010
          13          32   2.0192513903577518E-011
          13          33   1.5107996614566713E-010
          13          34   5.0194220968050068E-011
          13          35  -9.4063702109202744E-010
          13          36  -3.4415556296029050E-010
          13          37  -9.0295305302100857E-010
          13          38   8.9284101017556414E-011
          13          39   3.3316923009604092E-010
          13          40  -4.5935247225782862E-005
          13          41  -1.3359240789905984E-010
          13          42  -2.0542329602494292E-005
          13          43   1.3101156653519003E-010
          13          44   1.9421941636378892E-010
          13          45   2.3050028614591134E-011
          13          46  -5.1645503577731755E-011
          13          47  -2.0542340128345540E-005
          13          48   5.8616240884263779E-011
          13          49  -1.3017194164646634E-010
          14           1  -1.6823792972308207E-010
          14           2  -1.4690956967351011E-009
          14           3   1.0014314834437333E-009
          14           4   1.3506592277155963E-010
          14           5  -2.1270362190289686E-010
          14           6  -4.7496872114398009E-010
          14           7   1.2108750144813728E-008
          14           8   1.0012366196109853E-003
          14           9  -1.9515644578747718E-009
          14          10   8.0392508388129276E-008
          14          11  -4.4346012082030352E-002
          14          12  -1.4561696681839166E-008
          14          13  -1.9329037888515763E-009
          14          14   9.9231834368380348E-004
          14          15   4.1269720138569003E-010
          14          16   1.7557760235834113E-009
          14          17  -8.7509844857427423E-004
          14          18  -3.6985270155540969E-010
          14          19   7.1566174770213375E-010
          14          20  -3.8411336853149834E-004
          14          21  -1.5686694198037432E-010
          14          22   5.0709227425842222E-009
          14          23   2.2291043225653905E-010
          14          24   2.9974589353396499E-010
          14          25   1.5659149832924815E-008
          14          26  -1.1813618609866711E-010
          14          27  -5.2115399331991424E-009
          14          28   6.1493813798446797E-011
          14          29   2.0033353299232150E-012
          14          30   4.6941627489064424E-012
          14          31   1.4885156979408957E-010
          14          32   3.2771889159522840E-011
          14          33  -3.5682901225770832E-011
          14          34   9.9538020073128350E-012
          14          35   3.6641825322903609E-011
          14          36   7.1151043988102945E-012
          14          37   3.8112306622213100E-010
          14          38  -4.4727870470384064E-011
          14          39  -1.9925762913297739E-010
          14          40   8.2215484485524781E-011
          14          41  -2.0543098132025546E-005
          14          42  -1.4596622449929576E-010
          14          43  -4.5934600852046466E-005
          14          44  -4.0356414957678191E-011
          14          45   1.2997412531626004E-010
          14          46   9.6487857800467918E-012
          14          47   2.9227149450537867E-011
          14          48  -2.0542588513730059E-005
          14          49  -1.0073404040783543E-011
          15           1   1.4140143357268962E-010
          15           2   1.2464087687901335E-009
          15           3  -1.2320262427102252E-009
          15           4   1.6496112809988063E-009
          15           5   9.9769065600156504E-011
          15           6   7.2911424665899030E-010
          15           7  -1.1654829553810396E-008
          15           8  -1.4191672788554788E-009
          15           9   1.0012375302129466E-003
          15          10  -1.0033814829296590E-007
          15          11  -2.1670618155917246E-008
          15          12  -4.4345996702214632E-002
          15          13   2.2889257115711775E-009
          15          14   4.1269720138569003E-010
          15          15   9.9231789721433055E-004
          15          16  -2.1199087392698958E-009
          15          17  -3.9204642192040886E-010
          15          18  -8.7509807136926503E-004
          15          19  -8.3945299321876978E-010
          15          20  -1.0244863433896897E-010
          15          21  -3.8411313235497897E-004
          15          22  -2.2879621008762021E-009
          15          23  -7.9810656469345951E-009
          15          24  -5.3831841580771475E-009
          15          25  -1.2672483305687091E-008
          15          26  -5.8245601443352832E-010
          15          27   7.5429484249695488E-009
          15          28  -2.3987075605875681E-011
          15          29  -9.0082554284201346E-011
          15          30  -7.5503774285792587E-011
          15          31  -1.1127474471208589E-010
          15          32  -2.8262794221852075E-011
          15          33   6.5402617524637746E-011
          15          34   7.0250220267496524E-011
          15          35  -2.3615253027192886E-010
          15          36  -1.1878689778190271E-010
          15          37  -3.1672504699135032E-010
          15          38   3.1166191432102155E-011
          15          39   3.1536560666642874E-010
          15          40  -9.9032579602460031E-011
          15          41  -2.6892526012026115E-012
          15          42  -4.6888277593035753E-011
          15          43   1.0345740251772703E-011
          15          44  -2.0543060531342413E-005
          15          45  -1.0231221010406183E-010
          15          46  -2.0542539716083173E-005
          15          47   1.9819055578175871E-010
          15          48   3.7021427228344780E-011
          15          49  -4.5934576188367171E-005
          16           1   8.5546739535012358E-011
          16           2   1.4147154966482586E-009
          16           3  -1.3694469143930848E-009
          16           4   1.3746979379462860E-009
          16           5  -9.0750583974222491E-011
          16           6   1.7217830825762320E-010
          16           7  -7.8415083888498324E-004
          16           8  -8.0375178379489644E-009
          16           9   9.4069365809588639E-009
          16          10   3.8912783878305345E-002
          16          11  -1.2418833166632110E-007
          16          12   1.5448843333789604E-007
          16          13  -8.7508942823310415E-004
          16          14   1.7557760235834113E-009
          16          15  -2.1199087392698958E-009
          16          16   7.7561310880731112E-004
          16          17  -1.5757971542335726E-009
          16          18   1.9162875934283737E-009
          16          19   3.3841167638176673E-004
          16          20  -6.6218619067529573E-010
          16          21   7.7415837157546362E-010
          16          22   3.5829076507988621E-010
          16          23   9.4072433747841626E-009
          16          24   4.6219966697063040E-009
          16          25   1.5532079993758967E-008
          16          26  -8.5278819331407990E-010
          16          27  -5.0196894454903559E-009
          16          28  -2.7521127266385623E-011
          16          29   1.2262851913662645E-010
          16          30   5.2972702905688410E-011
          16          31   1.9662163158990670E-010
          16          32   9.3906777872382265E-012
          16          33  -4.6988930418465140E-011
          16          34  -1.4538975111248059E-011
          16          35   3.0650553721350019E-010
          16          36   1.5724593020035614E-010
          16          37   4.0844110090523278E-010
          16          38  -3.1670085084360360E-012
          16          39  -8.5912422077594627E-011
          16          40   3.9705776979933856E-005
          16          41   1.0313422386633960E-010
          16          42   1.7756542347536307E-005
          16          43  -1.0672764480671762E-010
          16          44  -1.5059457928822662E-010
          16          45  -1.8139170337526532E-011
          16          46   4.2319285126830088E-011
          16          47   1.7756550948322260E-005
          16          48  -4.7824524171321820E-011
          16          49   1.0632462329630606E-010
