           1           1   1.9900358574155244     
           1           2  0.11624639169737497     
           1           3  -3.1312323521089674E-002
           1           4  -8.8357499517623500E-015
           1           5  -6.7206052533757273E-016
           1           6  -1.4343008833937414E-015
           1           7   6.0361249766159996E-015
           1           8  -2.7838502470619534E-015
           1           9  -1.6017770044701065E-015
           1          10   1.1564398609678676E-002
           1          11   1.0989095489236252E-015
           1          12   1.1564398609676823E-002
           1          13  -1.6526344423851170E-015
           1          14  -3.0090531481819250E-015
           1          15   1.1564398609678927E-002
           2           1  0.11624639169737497     
           2           2   3.6416107624989347     
           2           3 -0.87454890403732477     
           2           4  -6.9467430618969942E-014
           2           5  -7.2495833906753548E-015
           2           6   5.3013567097018646E-015
           2           7   2.9199433196881638E-014
           2           8   5.8447760713112787E-016
           2           9   1.9193351045237042E-015
           2          10 -0.12390645609655439     
           2          11   8.8306107048809782E-016
           2          12 -0.12390645609655647     
           2          13  -3.8861507768808598E-016
           2          14  -1.9128779439030294E-015
           2          15 -0.12390645609655471     
           3           1  -3.1312323521089674E-002
           3           2 -0.87454890403732477     
           3           3  0.33108000999782189     
           3           4   5.4837002367506226E-014
           3           5   3.4821086506959149E-015
           3           6  -1.9087173620233687E-015
           3           7  -2.0582852607883526E-014
           3           8  -4.9610825203072007E-016
           3           9  -7.5285468965426370E-016
           3          10   4.2240279574402587E-002
           3          11  -3.9391618008426070E-016
           3          12   4.2240279574403371E-002
           3          13   1.2224264858429679E-017
           3          14   5.9944928658737376E-016
           3          15   4.2240279574402670E-002
           4           1  -8.8357499517623500E-015
           4           2  -6.9467430618969942E-014
           4           3   5.4837002367506226E-014
           4           4   1.8921031319637389     
           4           5 -0.18900585627822275     
           4           6  0.17010680167808703     
           4           7 -0.64086991529464976     
           4           8  -2.3544874577010957E-002
           4           9   2.1190577842799083E-002
           4          10   3.8954112087676956E-015
           4          11   9.0699329079919582E-015
           4          12   2.1909921498187559E-016
           4          13   7.8469949579872112E-015
           4          14  -3.5224476020647932E-015
           4          15  -3.0730260645359377E-015
           5           1  -6.7206052533757273E-016
           5           2  -7.2495833906753548E-015
           5           3   3.4821086506959149E-015
           5           4 -0.18900585627822275     
           5           5   2.5792287333867039     
           5           6   4.3702466402109542E-002
           5           7  -2.3544874577004663E-002
           5           8 -0.55527317018458644     
           5           9   5.4441122111519294E-003
           5          10   5.6366531900068521E-016
           5          11   1.2772768672908950E-015
           5          12   4.9871772572431804E-016
           5          13  -2.3097791098054133E-016
           5          14  -8.5386692722914754E-016
           5          15   5.5397649212276455E-017
           6           1  -1.4343008833937414E-015
           6           2   5.3013567097018646E-015
           6           3  -1.9087173620233687E-015
           6           4  0.17010680167808703     
           6           5   4.3702466402109542E-002
           6           6   2.5884540185749740     
           6           7   2.1190577842787821E-002
           6           8   5.4441122111516371E-003
           6           9 -0.55412395614978405     
           6          10   2.7502548299462730E-016
           6          11   1.0098548238621799E-015
           6          12  -3.7244034990493519E-016
           6          13   1.4664933858679328E-015
           6          14  -4.4077378436974093E-016
           6          15  -1.6078743532808688E-015
           7           1   6.0361249766159996E-015
           7           2   2.9199433196881638E-014
           7           3  -2.0582852607883526E-014
           7           4 -0.64086991529464976     
           7           5  -2.3544874577004663E-002
           7           6   2.1190577842787821E-002
           7           7  0.23685028160316021     
           7           8  -2.9330367310442247E-003
           7           9   2.6397568167802342E-003
           7          10  -1.3995421250941494E-015
           7          11  -3.4094915744274959E-015
           7          12  -1.3182305699692351E-016
           7          13  -2.7457516907347026E-015
           7          14   1.3273751063737478E-015
           7          15   9.7390924176482288E-016
           8           1  -2.7838502470619534E-015
           8           2   5.8447760713112787E-016
           8           3  -4.9610825203072007E-016
           8           4  -2.3544874577010957E-002
           8           5 -0.55527317018458644     
           8           6   5.4441122111516371E-003
           8           7  -2.9330367310442247E-003
           8           8  0.24751325611357405     
           8           9   6.7818501351651157E-004
           8          10  -2.4589742261869411E-016
           8          11   1.8295364643324177E-017
           8          12  -3.3637440887965028E-017
           8          13   1.8230455701364338E-016
           8          14   1.0907660956524207E-016
           8          15   4.5683366167233609E-017
           9           1  -1.6017770044701065E-015
           9           2   1.9193351045237042E-015
           9           3  -7.5285468965426370E-016
           9           4   2.1190577842799083E-002
           9           5   5.4441122111519294E-003
           9           6 -0.55412395614978405     
           9           7   2.6397568167802342E-003
           9           8   6.7818501351651157E-004
           9           9  0.24765641622958645     
           9          10  -1.1596221281995640E-016
           9          11  -4.0588316461908438E-016
           9          12   6.6312998715283577E-017
           9          13  -3.4284772968252540E-017
           9          14   1.7468088554500324E-016
           9          15   6.1123957890986000E-017
          10           1   1.1564398609678676E-002
          10           2 -0.12390645609655439     
          10           3   4.2240279574402587E-002
          10           4   3.8954112087676956E-015
          10           5   5.6366531900068521E-016
          10           6   2.7502548299462730E-016
          10           7  -1.3995421250941494E-015
          10           8  -2.4589742261869411E-016
          10           9  -1.1596221281995640E-016
          10          10   5.7942172170651566E-003
          10          11  -3.4131776975256456E-017
          10          12   5.7942172170652190E-003
          10          13  -2.9168704280856385E-017
          10          14   3.0086885318332775E-017
          10          15   5.7942172170651609E-003
          11           1   1.0989095489236252E-015
          11           2   8.8306107048809782E-016
          11           3  -3.9391618008426070E-016
          11           4   9.0699329079919582E-015
          11           5   1.2772768672908950E-015
          11           6   1.0098548238621799E-015
          11           7  -3.4094915744274959E-015
          11           8   1.8295364643324177E-017
          11           9  -4.0588316461908438E-016
          11          10  -3.4131776975256456E-017
          11          11   5.1666958023472742E-029
          11          12  -3.4131776975277478E-017
          11          13   3.8327426642537238E-029
          11          14  -2.2941392225453602E-029
          11          15  -3.4131776975291468E-017
          12           1   1.1564398609676823E-002
          12           2 -0.12390645609655647     
          12           3   4.2240279574403371E-002
          12           4   2.1909921498187559E-016
          12           5   4.9871772572431804E-016
          12           6  -3.7244034990493519E-016
          12           7  -1.3182305699692351E-016
          12           8  -3.3637440887965028E-017
          12           9   6.6312998715283577E-017
          12          10   5.7942172170652190E-003
          12          11  -3.4131776975277478E-017
          12          12   5.7942172170652815E-003
          12          13  -2.9168704280867077E-017
          12          14   3.0086885318347708E-017
          12          15   5.7942172170652234E-003
          13           1  -1.6526344423851170E-015
          13           2  -3.8861507768808598E-016
          13           3   1.2224264858429679E-017
          13           4   7.8469949579872112E-015
          13           5  -2.3097791098054133E-016
          13           6   1.4664933858679328E-015
          13           7  -2.7457516907347026E-015
          13           8   1.8230455701364338E-016
          13           9  -3.4284772968252540E-017
          13          10  -2.9168704280856385E-017
          13          11   3.8327426642537238E-029
          13          12  -2.9168704280867077E-017
          13          13   3.8236892983445886E-029
          13          14  -9.6413015465979986E-030
          13          15  -2.9168704280885012E-017
          14           1  -3.0090531481819250E-015
          14           2  -1.9128779439030294E-015
          14           3   5.9944928658737376E-016
          14           4  -3.5224476020647932E-015
          14           5  -8.5386692722914754E-016
          14           6  -4.4077378436974093E-016
          14           7   1.3273751063737478E-015
          14           8   1.0907660956524207E-016
          14           9   1.7468088554500324E-016
          14          10   3.0086885318332775E-017
          14          11  -2.2941392225453602E-029
          14          12   3.0086885318347708E-017
          14          13  -9.6413015465979986E-030
          14          14   1.7403098163729727E-029
          14          15   3.0086885318347733E-017
          15           1   1.1564398609678927E-002
          15           2 -0.12390645609655471     
          15           3   4.2240279574402670E-002
          15           4  -3.0730260645359377E-015
          15           5   5.5397649212276455E-017
          15           6  -1.6078743532808688E-015
          15           7   9.7390924176482288E-016
          15           8   4.5683366167233609E-017
          15           9   6.1123957890986000E-017
          15          10   5.7942172170651609E-003
          15          11  -3.4131776975291468E-017
          15          12   5.7942172170652234E-003
          15          13  -2.9168704280885012E-017
          15          14   3.0086885318347733E-017
          15          15   5.7942172170651644E-003
