           1           1   2.0978819959129824     
           1           2 -0.21167222763492993     
           1           3 -0.27111229791444369     
           1           4  -2.0862881186058944E-015
           1           5   1.6110430206568889E-015
           1           6   1.0194875797614445E-016
           1           7  -6.4759603685222138E-016
           1           8   2.4362452389170910E-015
           1           9  -9.6223958431678740E-016
           1          10  -1.4959771790366545E-003
           1          11   3.5217599895929954E-006
           1          12  -1.6094549959253641E-003
           1          13   1.7597263586246635E-006
           1          14  -6.5520787082294207E-005
           1          15  -1.5242480109887791E-003
           2           1 -0.21167222763492993     
           2           2  0.53263512390121270     
           2           3  0.58883042629153737     
           2           4   4.0182304665256110E-015
           2           5  -3.7944265057973438E-015
           2           6   1.4965230013488429E-015
           2           7   2.8295510909803685E-015
           2           8  -3.1258311261316197E-015
           2           9  -4.0439545435026552E-016
           2          10  -1.4380095541871585E-003
           2          11   2.9657533862572467E-005
           2          12  -2.3936318019448901E-003
           2          13   1.4819051900096859E-005
           2          14  -5.5176530128650449E-004
           2          15  -1.6760845958092316E-003
           3           1 -0.27111229791444369     
           3           2  0.58883042629153737     
           3           3  0.65336553681405829     
           3           4   3.3453850250307370E-015
           3           5  -5.0447608906206815E-015
           3           6   4.9848935255695365E-016
           3           7   2.2875729068900966E-015
           3           8  -3.5915404986176103E-015
           3           9  -1.4880260098288674E-015
           3          10  -1.0997142458877502E-003
           3          11   7.0807603724942910E-005
           3          12  -3.3812701481102806E-003
           3          13   3.5380607145746063E-005
           3          14  -1.3173441521982729E-003
           3          15  -1.6681203474215533E-003
           4           1  -2.0862881186058944E-015
           4           2   4.0182304665256110E-015
           4           3   3.3453850250307370E-015
           4           4  0.94408158672059872     
           4           5   9.3313502470700020E-003
           4           6   4.6626184174913578E-003
           4           7  0.63722011456295991     
           4           8   7.0558206283801448E-003
           4           9   3.5255990120762323E-003
           4          10   3.6174247381098840E-016
           4          11   1.0216371028167445E-015
           4          12   1.6057589823209104E-016
           4          13  -7.6151226922936120E-016
           4          14  -3.2453739816461219E-017
           4          15  -1.1309830695460052E-016
           5           1   1.6110430206568889E-015
           5           2  -3.7944265057973438E-015
           5           3  -5.0447608906206815E-015
           5           4   9.3313502470700020E-003
           5           5  0.59689329093855281     
           5           6 -0.17360564449842755     
           5           7   7.0558206283779616E-003
           5           8  0.37469665606576363     
           5           9 -0.13127042230989555     
           5          10  -3.2345015833595874E-016
           5          11   3.7664693986975480E-016
           5          12   1.4972394642010404E-015
           5          13   6.7305547746555553E-016
           5          14   5.4569697278231116E-016
           5          15  -6.7951138784498191E-016
           6           1   1.0194875797614445E-016
           6           2   1.4965230013488429E-015
           6           3   4.9848935255695365E-016
           6           4   4.6626184174913578E-003
           6           5 -0.17360564449842755     
           6           6  0.85758625013383039     
           6           7   3.5255990120727459E-003
           6           8 -0.13127042230989822     
           6           9  0.57181740606010156     
           6          10  -3.4683628382150429E-016
           6          11  -1.2015697151689316E-016
           6          12  -3.5689691797614042E-016
           6          13   2.6685633592395573E-016
           6          14   1.8191622158040178E-015
           6          15  -4.8463585573847693E-016
           7           1  -6.4759603685222138E-016
           7           2   2.8295510909803685E-015
           7           3   2.2875729068900966E-015
           7           4  0.63722011456295991     
           7           5   7.0558206283779616E-003
           7           6   3.5255990120727459E-003
           7           7  0.43042409678776200     
           7           8   5.2283087556133515E-003
           7           9   2.6124417207362537E-003
           7          10   2.1778605444101630E-016
           7          11   6.6690489041108533E-016
           7          12   1.3926916282129604E-016
           7          13  -5.1412388606042879E-016
           7          14   1.8787161226947419E-019
           7          15  -7.6256729560713686E-017
           8           1   2.4362452389170910E-015
           8           2  -3.1258311261316197E-015
           8           3  -3.5915404986176103E-015
           8           4   7.0558206283801448E-003
           8           5  0.37469665606576363     
           8           6 -0.13127042230989822     
           8           7   5.2283087556133515E-003
           8           8  0.23589623547936378     
           8           9  -9.7270372145685860E-002
           8          10  -1.1544914317845966E-016
           8          11   2.4209987039707191E-016
           8          12   7.9129741548768094E-016
           8          13   4.1772780168897865E-016
           8          14   1.7086992843540618E-016
           8          15  -3.8320901185874675E-016
           9           1  -9.6223958431678740E-016
           9           2  -4.0439545435026552E-016
           9           3  -1.4880260098288674E-015
           9           4   3.5255990120762323E-003
           9           5 -0.13127042230989555     
           9           6  0.57181740606010156     
           9           7   2.6124417207362537E-003
           9           8  -9.7270372145685860E-002
           9           9  0.38196119338984180     
           9          10  -2.4818051740741428E-016
           9          11  -8.8501902770547747E-017
           9          12  -1.6712759920270460E-016
           9          13   1.4366894604956609E-016
           9          14   1.2450077427406895E-015
           9          15  -3.0459069413514108E-016
          10           1  -1.4959771790366545E-003
          10           2  -1.4380095541871585E-003
          10           3  -1.0997142458877502E-003
          10           4   3.6174247381098840E-016
          10           5  -3.2345015833595874E-016
          10           6  -3.4683628382150429E-016
          10           7   2.1778605444101630E-016
          10           8  -1.1544914317845966E-016
          10           9  -2.4818051740741428E-016
          10          10   1.2445144484055440E-004
          10          11   9.9159988451115843E-006
          10          12  -1.9506093096652671E-004
          10          13   4.9547512009330995E-006
          10          14  -1.8448277310020123E-004
          10          15   4.4851035423449880E-005
          11           1   3.5217599895929954E-006
          11           2   2.9657533862572467E-005
          11           3   7.0807603724942910E-005
          11           4   1.0216371028167445E-015
          11           5   3.7664693986975480E-016
          11           6  -1.2015697151689316E-016
          11           7   6.6690489041108533E-016
          11           8   2.4209987039707191E-016
          11           9  -8.8501902770547747E-017
          11          10   9.9159988451115843E-006
          11          11   8.5172141899865546E-007
          11          12  -1.7528088065429100E-005
          11          13   4.2558170786055776E-007
          11          14  -1.5845900321295548E-005
          11          15   3.0788284580828430E-006
          12           1  -1.6094549959253641E-003
          12           2  -2.3936318019448901E-003
          12           3  -3.3812701481102806E-003
          12           4   1.6057589823209104E-016
          12           5   1.4972394642010404E-015
          12           6  -3.5689691797614042E-016
          12           7   1.3926916282129604E-016
          12           8   7.9129741548768094E-016
          12           9  -1.6712759920270460E-016
          12          10  -1.9506093096652671E-004
          12          11  -1.7528088065429100E-005
          12          12   3.6972746288274340E-004
          12          13  -8.7583022899524248E-006
          12          14   3.2610232654971857E-004
          12          15  -5.4354683607998240E-005
          13           1   1.7597263586246635E-006
          13           2   1.4819051900096859E-005
          13           3   3.5380607145746063E-005
          13           4  -7.6151226922936120E-016
          13           5   6.7305547746555553E-016
          13           6   2.6685633592395573E-016
          13           7  -5.1412388606042879E-016
          13           8   4.1772780168897865E-016
          13           9   1.4366894604956609E-016
          13          10   4.9547512009330995E-006
          13          11   4.2558170786055776E-007
          13          12  -8.7583022899524248E-006
          13          13   2.1265144450452650E-007
          13          14  -7.9177594585486960E-006
          13          15   1.5384056854401799E-006
          14           1  -6.5520787082294207E-005
          14           2  -5.5176530128650449E-004
          14           3  -1.3173441521982729E-003
          14           4  -3.2453739816461219E-017
          14           5   5.4569697278231116E-016
          14           6   1.8191622158040178E-015
          14           7   1.8787161226947419E-019
          14           8   1.7086992843540618E-016
          14           9   1.2450077427406895E-015
          14          10  -1.8448277310020123E-004
          14          11  -1.5845900321295548E-005
          14          12   3.2610232654971857E-004
          14          13  -7.9177594585486960E-006
          14          14   2.9480596752825205E-004
          14          15  -5.7280241831297961E-005
          15           1  -1.5242480109887791E-003
          15           2  -1.6760845958092316E-003
          15           3  -1.6681203474215533E-003
          15           4  -1.1309830695460052E-016
          15           5  -6.7951138784498191E-016
          15           6  -4.8463585573847693E-016
          15           7  -7.6256729560713686E-017
          15           8  -3.8320901185874675E-016
          15           9  -3.0459069413514108E-016
          15          10   4.4851035423449880E-005
          15          11   3.0788284580828430E-006
          15          12  -5.4354683607998240E-005
          15          13   1.5384056854401799E-006
          15          14  -5.7280241831297961E-005
          15          15   2.0135824216132949E-005
