           1           1   1.9999792768064633     
           1           2   2.8610654841244138E-004
           1           3  -1.1549288639022739E-003
           1           4  -6.3219724356381498E-004
           1           5   1.7894237675997396E-004
           1           6   1.6687276450568693E-005
           1           7   3.2504616484298723E-012
           1           8   1.7024362670409398E-014
           1           9  -8.5775295405784175E-012
           1          10   7.5787826894036474E-013
           1          11   1.7397531776213479E-013
           1          12  -2.1844012149567743E-013
           1          13  -1.5626008972818844E-012
           1          14  -2.6875301030917243E-013
           1          15   3.2225525401342406E-013
           1          16   1.2364988162171764E-012
           1          17   2.2835967168004120E-013
           1          18  -2.4517670243895525E-013
           1          19   5.3310804024696788E-013
           1          20   8.4731632239633607E-014
           1          21  -1.0818654814872072E-013
           1          22  -4.5290437366335092E-005
           1          23  -4.2612592441620823E-012
           1          24  -2.8973785917146854E-005
           1          25  -3.8987346565106206E-015
           1          26   8.1551294627669127E-012
           1          27  -5.0299293489349130E-005
           1          28  -1.6127607560924106E-004
           1          29   1.0939395481235963E-012
           1          30   4.8437727426908528E-005
           1          31   8.9183780230688424E-015
           1          32  -2.8411225771999105E-012
           1          33  -1.5590987746697918E-004
           1          34   7.8599816801392349E-005
           1          35  -7.4608442121259374E-013
           1          36  -3.0274954326677594E-005
           1          37  -5.0248231827625038E-015
           1          38   1.8583673804599284E-012
           1          39   7.5567131489200757E-005
           1          40  -1.8431637330825913E-013
           1          41  -1.3195369443805582E-014
           1          42  -8.2042816374444902E-014
           1          43  -4.8268320540095593E-014
           1          44   9.3357197608309184E-015
           1          45   2.8712505872352147E-015
           1          46   7.5072922794565688E-015
           1          47  -9.8533300192766780E-014
           1          48  -2.9844531298517387E-014
           1          49   4.5657537631746154E-014
           2           1   2.8610654841244138E-004
           2           2   2.0026297001346607     
           2           3  -1.2253929617873126E-003
           2           4  -2.2598313955815704E-003
           2           5   3.9171911862599081E-003
           2           6   4.1733075819004369E-003
           2           7   1.9125737121914742E-011
           2           8   5.4717112756614370E-013
           2           9  -4.5154735182764568E-011
           2          10   3.7220998094619186E-012
           2          11   7.6023354552049337E-013
           2          12  -1.0444176045455795E-012
           2          13  -1.1253069127971658E-011
           2          14  -1.2310941484138880E-012
           2          15   1.6218199509641176E-012
           2          16   8.8875498282906322E-012
           2          17   1.0575085997420602E-012
           2          18  -1.2624218889935056E-012
           2          19   3.8256747727520160E-012
           2          20   3.8211076404894922E-013
           2          21  -5.6062400369352176E-013
           2          22  -2.7266565759280974E-003
           2          23  -1.1968389135168711E-011
           2          24  -2.8310114343777716E-003
           2          25  -5.5907209699907437E-014
           2          26   2.3204906338639545E-011
           2          27  -2.7256081176404629E-003
           2          28  -1.1510166063612916E-003
           2          29   5.5548868916847376E-012
           2          30  -9.9284690285372313E-005
           2          31   3.1413371705696078E-014
           2          32  -1.4238415272268557E-011
           2          33  -1.1235791659840895E-003
           2          34   1.3631904254171733E-003
           2          35  -3.9044077995538692E-012
           2          36   6.9734868536837661E-004
           2          37  -1.7475168045117505E-014
           2          38   9.7521337368087804E-012
           2          39   1.3459849900380721E-003
           2          40  -1.3839209551872126E-012
           2          41  -7.5717418942737378E-014
           2          42  -5.8786417787440282E-013
           2          43  -2.5137604861392345E-013
           2          44   7.4906922357250963E-014
           2          45   2.4628913232362436E-014
           2          46   6.3135716025764814E-014
           2          47  -6.6451477069302130E-013
           2          48  -1.3854876177310955E-013
           2          49   2.4159646652536184E-013
           3           1  -1.1549288639022739E-003
           3           2  -1.2253929617873126E-003
           3           3   1.9339819495038695     
           3           4  -3.9549376997674864E-002
           3           5  -1.5545800372233114E-002
           3           6  -7.3183789491406597E-004
           3           7   4.8374377183523423E-012
           3           8  -3.2218895259763508E-012
           3           9  -5.9876167921791070E-011
           3          10  -1.0602220918946553E-011
           3          11  -1.7315882439958603E-012
           3          12  -3.5085462155925809E-013
           3          13   2.2904210339404697E-011
           3          14   2.3130803502423444E-012
           3          15  -3.9950477687161609E-012
           3          16  -1.8018646548558475E-011
           3          17  -1.8379239038764141E-012
           3          18   3.1482241913141206E-012
           3          19  -7.8822577447020510E-012
           3          20  -7.7686117623642646E-013
           3          21   1.3351915789586766E-012
           3          22   2.8201695818260181E-002
           3          23  -6.2484020227805794E-012
           3          24   9.9422524126013805E-003
           3          25  -1.3709688764283254E-012
           3          26   8.5560628508921360E-011
           3          27   2.9203639156682538E-002
           3          28   1.4099610625081849E-002
           3          29   9.0026218667676770E-011
           3          30   2.1646723074748592E-002
           3          31  -1.7241645098876670E-014
           3          32  -1.9080341874301524E-010
           3          33   1.4325422787661503E-002
           3          34  -3.1418889615135654E-004
           3          35   8.0130646103053893E-012
           3          36  -2.1391535956970047E-003
           3          37  -7.1895743673191901E-015
           3          38  -1.5003458407928299E-011
           3          39  -3.3643184848452124E-004
           3          40   3.6914829234853673E-012
           3          41   2.8594446476580011E-013
           3          42   2.0636826739014762E-012
           3          43   6.6479611392178467E-013
           3          44  -1.8879244788805456E-013
           3          45   1.5234085050857801E-014
           3          46  -2.2945787191352382E-013
           3          47   1.4175040904238354E-012
           3          48   3.3962090536268152E-013
           3          49  -3.3323023118550497E-013
           4           1  -6.3219724356381498E-004
           4           2  -2.2598313955815704E-003
           4           3  -3.9549376997674864E-002
           4           4  0.70397706787407699     
           4           5   1.1653600560860952E-002
           4           6  0.17237834533931867     
           4           7  -2.9042575336548272E-011
           4           8  -1.0640739482569444E-012
           4           9  -1.8222595183375028E-011
           4          10  -3.8109819420947118E-011
           4          11  -6.4238433072519984E-012
           4          12   3.1872464114957544E-012
           4          13  -2.8636511065335080E-011
           4          14  -4.8725041725585422E-012
           4          15  -5.6903576225941927E-012
           4          16   2.3766651401253141E-011
           4          17   2.8179299786664549E-012
           4          18  -6.4240529761082612E-014
           4          19   7.5459951874806174E-012
           4          20   9.6066419325360264E-013
           4          21   2.9622730669132100E-013
           4          22  -2.9938275673547787E-002
           4          23   1.3065438744570355E-009
           4          24  -3.2757823164749178E-002
           4          25  -2.1460861502557377E-012
           4          26  -2.8728102217450991E-009
           4          27  -3.0006689882602744E-002
           4          28  -1.7987098764414053E-002
           4          29  -2.1458492076088823E-010
           4          30  -2.9733235719200234E-002
           4          31  -1.0537449282158405E-013
           4          32   4.4876007735625710E-010
           4          33  -1.8390932073791621E-002
           4          34   2.5048685057194178E-002
           4          35  -1.1991312016562725E-010
           4          36   7.8686875906370871E-003
           4          37  -2.4067614220387255E-013
           4          38   2.6934896772287710E-010
           4          39   2.4759910993937848E-002
           4          40   8.1116789436332601E-015
           4          41  -1.5624959574524609E-014
           4          42  -5.8483949602583339E-014
           4          43   3.4099219030582910E-014
           4          44  -1.9282309147616709E-014
           4          45  -4.4318119265285270E-015
           4          46   6.8382008469463014E-014
           4          47   1.7456284472407796E-013
           4          48  -7.0445241549740956E-014
           4          49   5.1039322968984796E-014
           5           1   1.7894237675997396E-004
           5           2   3.9171911862599081E-003
           5           3  -1.5545800372233114E-002
           5           4   1.1653600560860952E-002
           5           5   3.3020950297733386E-004
           5           6   2.8294275698641227E-003
           5           7   8.6027445151631212E-012
           5           8  -3.1146868349292419E-012
           5           9  -7.5516150977692072E-011
           5          10   6.1652629741222221E-012
           5          11   1.0138758568445142E-012
           5          12  -1.6233429109038341E-012
           5          13  -9.6487016098426443E-013
           5          14  -1.9228775353609945E-013
           5          15   1.1349209826585163E-013
           5          16   7.9548027449977153E-013
           5          17   1.3892719799745715E-013
           5          18  -1.6563059583889526E-013
           5          19   2.9116709794192042E-013
           5          20   5.3260137641890810E-014
           5          21  -6.4295405755379239E-014
           5          22  -6.6890661754133570E-004
           5          23   3.3602020827258621E-011
           5          24  -7.3932723645222110E-004
           5          25  -9.8928470515054049E-014
           5          26  -7.5236474204221300E-011
           5          27  -6.6094165107991141E-004
           5          28  -3.8844445511155033E-004
           5          29  -4.7105709424851974E-012
           5          30  -6.5003787653449712E-004
           5          31  -7.8290104962783689E-016
           5          32   9.7558142352288091E-012
           5          33  -3.9716852569362203E-004
           5          34   4.1792183816881319E-004
           5          35  -2.3111443281970598E-012
           5          36   1.5199037315487060E-004
           5          37  -3.7566953858408434E-015
           5          38   5.0442550662366064E-012
           5          39   4.1362999934519258E-004
           5          40   2.3746206456046688E-015
           5          41   5.6230361463608654E-015
           5          42   1.2776385856150063E-014
           5          43  -2.0543534038320485E-014
           5          44  -6.1120550206106002E-014
           5          45  -9.5478913399919577E-017
           5          46   3.9856647352612835E-015
           5          47  -7.3248839332820483E-014
           5          48   3.6539312734012775E-015
           5          49   8.4026351047605538E-014
           6           1   1.6687276450568693E-005
           6           2   4.1733075819004369E-003
           6           3  -7.3183789491406597E-004
           6           4  0.17237834533931867     
           6           5   2.8294275698641227E-003
           6           6   4.2358526800361257E-002
           6           7   1.0194487869736526E-011
           6           8  -2.4185991779579233E-012
           6           9  -6.1271949840852027E-011
           6          10   1.5074983279805927E-011
           6          11   2.5672273986765485E-012
           6          12  -2.2397339973439716E-012
           6          13  -7.9592787842496537E-012
           6          14  -1.4433181510172864E-012
           6          15  -1.2302482475868732E-012
           6          16   6.6275644768390942E-012
           6          17   8.9609417132703107E-013
           6          18  -1.4557435006327277E-013
           6          19   2.1602964877560302E-012
           6          20   3.1794723589144440E-013
           6          21   1.6895780518343895E-014
           6          22  -5.8804394390774041E-003
           6          23   3.1399272698048686E-010
           6          24  -1.1417295128913048E-002
           6          25   8.8761751968904143E-015
           6          26  -6.0710243423743945E-010
           6          27  -5.2319759330088592E-003
           6          28  -4.2959715402758154E-003
           6          29  -3.8826501951688348E-011
           6          30  -7.2577589824223132E-003
           6          31  -1.9459660393247746E-014
           6          32   8.3498805725375059E-011
           6          33  -4.3801644658758377E-003
           6          34   6.1710654753728217E-003
           6          35  -6.5007929300980505E-012
           6          36   1.9186321211065241E-003
           6          37  -6.5208657483736818E-014
           6          38   1.9976792482729595E-011
           6          39   6.1098227759482492E-003
           6          40   1.6447834016935167E-013
           6          41   4.2803699441625111E-014
           6          42   1.1466843497840517E-013
           6          43  -4.7890403189074997E-014
           6          44  -6.0906706925462978E-014
           6          45  -9.1136646635401733E-016
           6          46   1.0933089664911372E-014
           6          47  -1.9213129090639380E-013
           6          48   2.8107871480388976E-014
           6          49   7.5124996160936784E-014
           7           1   3.2504616484298723E-012
           7           2   1.9125737121914742E-011
           7           3   4.8374377183523423E-012
           7           4  -2.9042575336548272E-011
           7           5   8.6027445151631212E-012
           7           6   1.0194487869736526E-011
           7           7   1.9999476589463066     
           7           8  -1.6636960545897441E-010
           7           9  -1.6465986690876023E-012
           7          10  -1.0612430707198119E-003
           7          11  -1.0922149465594721E-011
           7          12  -9.8799415427321723E-012
           7          13   1.2923368101932684E-003
           7          14   1.0888264644137810E-010
           7          15   4.3476873325037248E-011
           7          16  -1.0310600074067242E-003
           7          17  -8.0006455418700660E-011
           7          18  -3.8438085181511019E-011
           7          19  -4.3296595222038143E-004
           7          20  -4.1884146501963250E-011
           7          21  -1.0660620490340829E-011
           7          22  -3.0611987524475931E-012
           7          23  -5.1914930207621714E-012
           7          24  -1.8949862708520593E-012
           7          25   3.0754964722773200E-012
           7          26   2.3687894395281278E-012
           7          27   2.4165529315484992E-013
           7          28  -1.1899883235292528E-012
           7          29  -2.5442852657113526E-012
           7          30   4.2286958050829646E-012
           7          31  -5.6914379395560740E-012
           7          32   4.3257909913326857E-012
           7          33   5.9922645101137826E-012
           7          34   1.1985286634893257E-011
           7          35   4.9959105825434447E-012
           7          36   1.1217801278718452E-011
           7          37   2.0698653743367099E-012
           7          38  -1.2803528379020464E-012
           7          39   7.8407556119282584E-012
           7          40  -1.1747233482079802E-004
           7          41   3.2852394886593468E-011
           7          42   6.1340707729841762E-004
           7          43   1.1639709638718462E-011
           7          44   3.0753374441025280E-012
           7          45   7.3122816305685835E-011
           7          46   8.2889032550189876E-012
           7          47  -2.5984284706425374E-005
           7          48  -2.9347553479040691E-011
           7          49   5.5682953580712695E-012
           8           1   1.7024362670409398E-014
           8           2   5.4717112756614370E-013
           8           3  -3.2218895259763508E-012
           8           4  -1.0640739482569444E-012
           8           5  -3.1146868349292419E-012
           8           6  -2.4185991779579233E-012
           8           7  -1.6636960545897441E-010
           8           8   1.9997551043230022     
           8           9   2.1177474715709534E-010
           8          10  -9.8203329103293562E-012
           8          11  -1.8975962889284594E-003
           8          12   1.2823669525207259E-011
           8          13   6.6617528777321312E-011
           8          14   7.3274324225596280E-003
           8          15  -8.6746291704722360E-011
           8          16  -5.2638168325992785E-011
           8          17  -5.8166583041096825E-003
           8          18   6.8695931014653417E-011
           8          19  -2.2997106696439225E-011
           8          20  -2.4785902218310393E-003
           8          21   2.9337979214719584E-011
           8          22   2.5213740757419149E-012
           8          23  -1.0365829305125884E-012
           8          24   2.3625098886317169E-012
           8          25  -9.6892691327333925E-014
           8          26   3.6525648329873457E-013
           8          27   3.1315301400609021E-012
           8          28   1.4864851029966004E-012
           8          29  -1.4202272262438796E-012
           8          30   1.2248748109155537E-012
           8          31  -1.7127952495521947E-013
           8          32  -1.3314274043385077E-013
           8          33   2.0749574136373354E-012
           8          34  -3.6907271069725519E-013
           8          35   9.6438913748452045E-013
           8          36  -8.8325952222081132E-013
           8          37  -2.3064000884615938E-013
           8          38   6.3372178394907819E-014
           8          39  -1.1421992992563965E-012
           8          40   3.0581792869186550E-011
           8          41   9.7214518062241307E-004
           8          42   8.5416584635573154E-012
           8          43   1.1654991962209112E-004
           8          44   6.0233859552231612E-011
           8          45   4.6193068125567641E-014
           8          46  -1.2029923612973886E-011
           8          47  -2.9283790671151684E-011
           8          48   9.6037670825843474E-004
           8          49  -5.5188145997317978E-011
           9           1  -8.5775295405784175E-012
           9           2  -4.5154735182764568E-011
           9           3  -5.9876167921791070E-011
           9           4  -1.8222595183375028E-011
           9           5  -7.5516150977692072E-011
           9           6  -6.1271949840852027E-011
           9           7  -1.6465986690876023E-012
           9           8   2.1177474715709534E-010
           9           9   1.9999426866531165     
           9          10   3.3791953490567408E-012
           9          11   2.9343957304162152E-011
           9          12  -1.0806793408808888E-003
           9          13   5.5216531961429330E-011
           9          14  -1.5193725872665997E-010
           9          15   1.4517302740227893E-003
           9          16  -3.5956061682158414E-011
           9          17   1.2491749058239182E-010
           9          18  -1.1572383827793424E-003
           9          19  -2.5167684431227651E-011
           9          20   5.3746835745606294E-011
           9          21  -4.8703651696132080E-004
           9          22   5.7576795237143642E-011
           9          23   3.4444637401082784E-012
           9          24   4.7094419071295247E-011
           9          25  -5.2590510681087055E-012
           9          26  -3.0027219750408678E-012
           9          27   4.6189621051395082E-011
           9          28   3.7919921326771506E-011
           9          29   7.7844862924231883E-012
           9          30   3.2448249356917751E-011
           9          31   7.2750746049789300E-012
           9          32   1.0118722518718242E-011
           9          33   4.1596378394163207E-011
           9          34  -1.9344330637364298E-011
           9          35  -2.4030042208429907E-012
           9          36  -6.6623831423373877E-012
           9          37   6.2543333227787324E-012
           9          38  -1.1802723708049000E-011
           9          39  -2.6950212169973193E-011
           9          40   3.4783954508478189E-012
           9          41   6.0132054091206343E-011
           9          42   2.6252815395244157E-013
           9          43  -2.7474511667726670E-011
           9          44  -1.7956257392930824E-005
           9          45  -3.8563296751236795E-011
           9          46   6.1099132400355062E-004
           9          47   3.7316401897074003E-012
           9          48  -6.5648697046844522E-011
           9          49  -8.9495412968759107E-005
          10           1   7.5787826894036474E-013
          10           2   3.7220998094619186E-012
          10           3  -1.0602220918946553E-011
          10           4  -3.8109819420947118E-011
          10           5   6.1652629741222221E-012
          10           6   1.5074983279805927E-011
          10           7  -1.0612430707198119E-003
          10           8  -9.8203329103293562E-012
          10           9   3.3791953490567408E-012
          10          10   1.9845547037601337     
          10          11   2.7048870577742593E-011
          10          12   1.0837390321271197E-011
          10          13  -4.6340884676565969E-002
          10          14  -4.8665663375137692E-010
          10          15   1.0226901024936967E-012
          10          16   3.8633984826909253E-002
          10          17   4.1652463069923880E-010
          10          18  -8.9540500921884529E-013
          10          19   1.5381355476249041E-002
          10          20   1.6085572773762737E-010
          10          21  -3.3993755245350111E-013
          10          22  -3.3842538403867727E-012
          10          23  -1.0496963220054523E-012
          10          24   2.2638156701879231E-012
          10          25  -6.9315326588678408E-013
          10          26   1.6979803940698243E-013
          10          27   1.1499046568949774E-011
          10          28   7.9071032381089184E-012
          10          29   7.4326639957416633E-013
          10          30   6.9336313220136758E-012
          10          31  -2.9570318921266960E-013
          10          32  -1.3978163546285925E-013
          10          33   7.2050471633777714E-012
          10          34   2.2286866578812330E-012
          10          35  -4.5844846664858386E-013
          10          36   4.7814625373582160E-012
          10          37   2.6231541059983226E-013
          10          38   6.6181919346892385E-014
          10          39   5.5382325097916602E-012
          10          40   2.1820411717138714E-003
          10          41   4.8714403526822688E-010
          10          42   7.4282600326502522E-003
          10          43   7.8637617348400991E-011
          10          44   4.0122283595777835E-013
          10          45   1.6199288854362438E-009
          10          46  -3.1924928407228175E-013
          10          47   1.0284723409977083E-003
          10          48  -6.1953918243424094E-010
          10          49  -1.0550055660454288E-012
          11           1   1.7397531776213479E-013
          11           2   7.6023354552049337E-013
          11           3  -1.7315882439958603E-012
          11           4  -6.4238433072519984E-012
          11           5   1.0138758568445142E-012
          11           6   2.5672273986765485E-012
          11           7  -1.0922149465594721E-011
          11           8  -1.8975962889284594E-003
          11           9   2.9343957304162152E-011
          11          10   2.7048870577742593E-011
          11          11   1.9843692231842143     
          11          12  -3.8146589551699723E-011
          11          13  -4.7239660789407875E-010
          11          14 -0.10378310942389088     
          11          15   1.0133414730341103E-009
          11          16   4.0437082100119533E-010
          11          17   8.7093438684107266E-002
          11          18  -8.6930251829827260E-010
          11          19   1.5625292449931252E-010
          11          20   3.4382417778760402E-002
          11          21  -3.3487275914830319E-010
          11          22   1.1378527761747754E-012
          11          23  -3.6122178277065112E-012
          11          24   2.0011636628866126E-013
          11          25   4.8462919512386641E-014
          11          26   2.6014424008198225E-013
          11          27   3.1306308047021384E-013
          11          28   8.4008185004187041E-013
          11          29  -5.5567447701760615E-013
          11          30   1.9541173981389473E-012
          11          31  -4.6720633957398307E-015
          11          32   2.7168039836248474E-013
          11          33   1.1818374315459379E-012
          11          34   9.0288789975805795E-013
          11          35  -2.3184794480015637E-012
          11          36   3.8122518493782363E-013
          11          37  -6.9512708303953941E-015
          11          38   3.0397770504931000E-013
          11          39   7.2592776692405781E-013
          11          40   4.6993102768160246E-010
          11          41   1.7772692587370183E-002
          11          42   2.0843746062489779E-011
          11          43  -1.8854214321197445E-002
          11          44   1.3383215961984314E-009
          11          45   1.1596952387554900E-013
          11          46   1.2558534158289179E-011
          11          47  -6.7875306846107243E-010
          11          48   1.7385020443703814E-002
          11          49  -9.7440403651298567E-010
          12           1  -2.1844012149567743E-013
          12           2  -1.0444176045455795E-012
          12           3  -3.5085462155925809E-013
          12           4   3.1872464114957544E-012
          12           5  -1.6233429109038341E-012
          12           6  -2.2397339973439716E-012
          12           7  -9.8799415427321723E-012
          12           8   1.2823669525207259E-011
          12           9  -1.0806793408808888E-003
          12          10   1.0837390321271197E-011
          12          11  -3.8146589551699723E-011
          12          12   1.9846045776777119     
          12          13   1.6788685500136643E-012
          12          14   1.0418303024547040E-009
          12          15  -4.7615887062247300E-002
          12          16  -1.3145495206283640E-012
          12          17  -8.9345256425308465E-010
          12          18   3.9704220329436095E-002
          12          19  -6.5650671804110129E-013
          12          20  -3.4416959112751402E-010
          12          21   1.5805699405502052E-002
          12          22  -2.7102757269606579E-013
          12          23  -4.8458616856211722E-014
          12          24   1.1815990591450336E-012
          12          25   1.1935077737264886E-012
          12          26  -5.9486288880518509E-013
          12          27   1.2728634777543734E-012
          12          28  -1.2864883820850685E-013
          12          29   1.5195088450973631E-013
          12          30  -2.1853310744212766E-014
          12          31   1.6917816865822957E-012
          12          32   3.6523606401357358E-013
          12          33  -5.4850410440578970E-014
          12          34  -9.6566876702466882E-013
          12          35  -3.6295823291709664E-014
          12          36  -7.6169097183051240E-013
          12          37  -1.4803127687959158E-012
          12          38  -4.3798194026595260E-013
          12          39  -5.7059705628657611E-013
          12          40  -8.7157330955165484E-013
          12          41   1.2211407775510354E-009
          12          42  -3.3184756911991185E-013
          12          43  -1.4572061505945871E-010
          12          44   1.2134506947178471E-003
          12          45  -8.1098264084626708E-010
          12          46   7.2828343732177000E-003
          12          47   3.4148973050574267E-013
          12          48  -9.8372267019236178E-010
          12          49   2.1110450944231782E-003
          13           1  -1.5626008972818844E-012
          13           2  -1.1253069127971658E-011
          13           3   2.2904210339404697E-011
          13           4  -2.8636511065335080E-011
          13           5  -9.6487016098426443E-013
          13           6  -7.9592787842496537E-012
          13           7   1.2923368101932684E-003
          13           8   6.6617528777321312E-011
          13           9   5.5216531961429330E-011
          13          10  -4.6340884676565969E-002
          13          11  -4.7239660789407875E-010
          13          12   1.6788685500136643E-012
          13          13   1.4993990885294798E-003
          13          14   7.0844203477917907E-011
          13          15  -2.8372710190526800E-013
          13          16  -1.2886015566450340E-003
          13          17  -5.8769591308184152E-011
          13          18   2.3602537448803090E-013
          13          19  -4.9543948464472070E-004
          13          20  -2.3730395273492972E-011
          13          21   8.9608936828817428E-014
          13          22  -2.8801479052855407E-011
          13          23  -9.7605769038892488E-012
          13          24   1.4538315955558642E-011
          13          25   8.4770723660838074E-013
          13          26   1.5781566997780082E-012
          13          27   1.8930115654165475E-011
          13          28  -8.9307693777030647E-014
          13          29  -3.8148719439339356E-013
          13          30   1.5009828180636026E-012
          13          31   1.6549383976527314E-014
          13          32   3.9903977512575742E-014
          13          33   1.0861125621488632E-012
          13          34  -1.6385471053940654E-012
          13          35  -3.3520187670293597E-013
          13          36  -4.8325536496908420E-013
          13          37  -1.7523437575812326E-014
          13          38   3.5076133071494832E-014
          13          39  -9.3879442237756565E-013
          13          40  -4.2071218860236312E-004
          13          41  -4.2165186956408740E-012
          13          42  -2.5625174069929686E-004
          13          43   9.6607574149909173E-013
          13          44   3.9032803881562480E-015
          13          45  -5.2152449589421576E-011
          13          46  -5.7665661528670961E-015
          13          47   5.6447515910534071E-004
          13          48   3.8196651699711975E-012
          13          49  -3.7909089512930998E-014
          14           1  -2.6875301030917243E-013
          14           2  -1.2310941484138880E-012
          14           3   2.3130803502423444E-012
          14           4  -4.8725041725585422E-012
          14           5  -1.9228775353609945E-013
          14           6  -1.4433181510172864E-012
          14           7   1.0888264644137810E-010
          14           8   7.3274324225596280E-003
          14           9  -1.5193725872665997E-010
          14          10  -4.8665663375137692E-010
          14          11 -0.10378310942389088     
          14          12   1.0418303024547040E-009
          14          13   7.0844203477917907E-011
          14          14   7.0012115428334815E-003
          14          15  -1.5007795303163391E-010
          14          16  -5.8549729337980660E-011
          14          17  -5.8954126277477367E-003
          14          18   1.2408998995434319E-010
          14          19  -2.3822342751525898E-011
          14          20  -2.3244128126316118E-003
          14          21   5.0447497364344600E-011
          14          22   1.6110625124817213E-012
          14          23  -4.4874344072504161E-011
          14          24  -5.3957133186980843E-012
          14          25  -8.0042654752873257E-013
          14          26   3.4862647395707158E-012
          14          27   4.5113029689008169E-012
          14          28   9.0271289145926335E-014
          14          29  -1.5323702799583432E-012
          14          30   5.2398322965276276E-014
          14          31  -3.8096942847907821E-016
          14          32   8.5061658404758621E-014
          14          33   1.8290992777553339E-013
          14          34  -2.3715504979328582E-013
          14          35  -1.3165052407914941E-012
          14          36  -1.3608926123754533E-013
          14          37   3.3877809669425879E-015
          14          38   8.3471234940049028E-014
          14          39  -1.9844778954915376E-013
          14          40  -2.8905651409784484E-011
          14          41  -1.3896776820934448E-003
          14          42  -1.1563700416440674E-011
          14          43   1.7251372844989126E-003
          14          44  -1.0083816327711130E-010
          14          45  -5.9415734013297207E-015
          14          46   1.5136644493515528E-011
          14          47   5.2542026358212264E-011
          14          48  -1.3880646836421488E-003
          14          49   6.1637268782390714E-011
          15           1   3.2225525401342406E-013
          15           2   1.6218199509641176E-012
          15           3  -3.9950477687161609E-012
          15           4  -5.6903576225941927E-012
          15           5   1.1349209826585163E-013
          15           6  -1.2302482475868732E-012
          15           7   4.3476873325037248E-011
          15           8  -8.6746291704722360E-011
          15           9   1.4517302740227893E-003
          15          10   1.0226901024936967E-012
          15          11   1.0133414730341103E-009
          15          12  -4.7615887062247300E-002
          15          13  -2.8372710190526800E-013
          15          14  -1.5007795303163391E-010
          15          15   1.6104424787759836E-003
          15          16   2.1641906819610566E-013
          15          17   1.2443675594076358E-010
          15          18  -1.3820175964922334E-003
          15          19   1.0821578651653690E-013
          15          20   5.0286178158308842E-011
          15          21  -5.3249901381126124E-004
          15          22   2.9703538164812699E-013
          15          23  -1.0740386420586169E-012
          15          24   3.8315736412023442E-013
          15          25  -2.7125452327385823E-011
          15          26  -6.2684893056689653E-012
          15          27  -4.2739983507192853E-013
          15          28   8.0848314731537442E-014
          15          29  -3.8027424362331993E-014
          15          30   1.4225329788093042E-013
          15          31  -1.1441129024542119E-013
          15          32  -2.4605214716649531E-013
          15          33   3.4103719728966755E-014
          15          34  -1.3866666139266193E-013
          15          35  -7.7995064113953587E-015
          15          36  -2.3242290768613747E-014
          15          37   2.4452141017934061E-013
          15          38  -1.7315627374827142E-013
          15          39  -1.4581429811272747E-013
          15          40  -3.8429861739807918E-014
          15          41  -5.6476585301689088E-012
          15          42   6.3648935243430044E-015
          15          43  -3.6792997932221679E-012
          15          44   5.8227520702542257E-004
          15          45   2.7734812692361472E-011
          15          46  -2.8390459641995858E-004
          15          47   7.0854077793706528E-015
          15          48   9.5491404353410139E-012
          15          49  -4.1629075884311621E-004
          16           1   1.2364988162171764E-012
          16           2   8.8875498282906322E-012
          16           3  -1.8018646548558475E-011
          16           4   2.3766651401253141E-011
          16           5   7.9548027449977153E-013
          16           6   6.6275644768390942E-012
          16           7  -1.0310600074067242E-003
          16           8  -5.2638168325992785E-011
          16           9  -3.5956061682158414E-011
          16          10   3.8633984826909253E-002
          16          11   4.0437082100119533E-010
          16          12  -1.3145495206283640E-012
          16          13  -1.2886015566450340E-003
          16          14  -5.8549729337980660E-011
          16          15   2.1641906819610566E-013
          16          16   1.1101808625243823E-003
          16          17   4.8429882015582290E-011
          16          18  -1.8043290727633195E-013
          16          19   4.2562433582795517E-004
          16          20   1.9626737966466400E-011
          16          21  -6.8080460215763206E-014
          16          22   3.1649794525600900E-011
          16          23   1.1090246218018993E-011
          16          24  -1.4026051312983735E-011
          16          25   5.6751866166360945E-013
          16          26  -1.7436743565077492E-012
          16          27  -2.1461674503336711E-011
          16          28   2.7126937355888179E-013
          16          29   4.4109747412296496E-013
          16          30  -1.2652392989627250E-012
          16          31  -8.8531528302762719E-015
          16          32  -4.4332332350456773E-014
          16          33  -1.0427293649367571E-012
          16          34   1.4793028115853947E-012
          16          35   4.0157380502583479E-013
          16          36   3.8881541179400380E-013
          16          37   3.9797880554650551E-015
          16          38  -3.6667849498112056E-014
          16          39   6.8132281360802497E-013
          16          40   3.8662299776827592E-004
          16          41   1.2664288253010687E-012
          16          42   2.2178731625135191E-004
          16          43   1.3016643611875439E-012
          16          44   4.6089216031485084E-015
          16          45   4.4865536141415706E-011
          16          46   4.4314273475802985E-015
          16          47  -5.2728043277568539E-004
          16          48  -3.7653407281307088E-012
          16          49   2.1696509841060193E-014
