           1           1   2.3203267982897575     
           1           2 -0.89392214162578187     
           1           3   7.9471992892227145E-002
           1           4  -3.4140978681537426E-002
           1           5   8.3979641330961294E-002
           1           6  -1.6172847740726047E-002
           1           7  -1.0840878430308406E-013
           1           8  -1.7135652453784786E-014
           1           9  -1.5734719258159605E-014
           1          10  -3.6880592657771273E-014
           1          11   3.2707742244010275E-014
           1          12   3.3587568873677054E-014
           1          13  -2.7346654117765243E-014
           1          14   2.3054735412262631E-014
           1          15  -2.6866373583510623E-014
           1          16   8.8969923418281984E-015
           1          17   4.7710512188316842E-015
           1          18  -9.4191502862519475E-016
           1          19   1.5792571959257962E-014
           1          20   8.8267338541067734E-015
           1          21   1.5336687560445893E-014
           1          22  -5.5253730847691779E-003
           1          23  -3.1062614527156842E-012
           1          24  -7.5422898202867281E-003
           1          25   1.8668435009552089E-013
           1          26   3.6989909549469213E-012
           1          27  -7.0821469658829796E-003
           1          28   1.4069915077197927E-002
           1          29  -9.7409168133694616E-013
           1          30   1.3337847644690140E-002
           1          31  -1.1831324242188093E-013
           1          32   1.3261441770341343E-012
           1          33   1.3491552771541210E-002
           1          34   1.1842257833963438E-002
           1          35   2.9763140700793016E-013
           1          36   1.2021537986326675E-002
           1          37   1.4508328448675069E-014
           1          38  -6.1042998508895395E-013
           1          39   1.1980737808851994E-002
           1          40   2.5282537659963322E-014
           1          41  -9.5237213271670433E-015
           1          42   2.3247118517282609E-015
           1          43  -2.1253180135247554E-014
           1          44   7.3578020558626225E-016
           1          45   2.5698501504655385E-015
           1          46   1.5687662173907531E-014
           1          47   1.5402751559786906E-014
           1          48   3.1498910825753112E-015
           1          49   1.7460311089966213E-014
           2           1 -0.89392214162578187     
           2           2   2.5207374753300833     
           2           3 -0.34002999350676710     
           2           4  0.12334556074111631     
           2           5 -0.34095584775134413     
           2           6   1.4505838107990721E-004
           2           7   3.3506219799099846E-013
           2           8   4.1486293154809251E-014
           2           9   5.1119268035184029E-014
           2          10   9.7429425844787575E-014
           2          11  -7.6537766126512684E-014
           2          12  -1.7400072392787170E-013
           2          13   3.7060870446953925E-014
           2          14  -3.8409498656760283E-014
           2          15   7.8883106600271258E-014
           2          16  -7.3675221156564192E-014
           2          17   8.2857655249989711E-015
           2          18   7.2766618366176010E-015
           2          19  -5.5290035066700762E-014
           2          20  -2.9499891213459047E-014
           2          21  -5.5199190624095821E-014
           2          22   1.8748346934845558E-002
           2          23   1.1880291429155634E-011
           2          24   2.6426153185019688E-002
           2          25  -6.3400743546910194E-013
           2          26  -1.4925808711638965E-011
           2          27   2.4619737940337671E-002
           2          28  -4.4649659482044399E-002
           2          29   3.5187863841902449E-012
           2          30  -4.2114537088278184E-002
           2          31   4.4110795021174193E-013
           2          32  -5.2386738810327475E-012
           2          33  -4.2686226016824230E-002
           2          34  -3.1637881566906903E-002
           2          35  -1.0520222210874146E-012
           2          36  -3.2410792848069837E-002
           2          37  -1.2796696166351444E-013
           2          38   1.6443891482027808E-012
           2          39  -3.2250841903174919E-002
           2          40  -6.2927798884817689E-014
           2          41   3.3232979639416723E-014
           2          42   1.0638454510708646E-014
           2          43   3.2445377982402800E-014
           2          44   8.3603097609138721E-016
           2          45  -1.5030389359901947E-014
           2          46  -4.3866658092289944E-014
           2          47  -4.8745883208425196E-014
           2          48  -3.0258307737847117E-014
           2          49  -3.1180031608530780E-014
           3           1   7.9471992892227145E-002
           3           2 -0.34002999350676710     
           3           3   1.0434975944177260     
           3           4  -4.0698162981500585E-002
           3           5   3.9538915904701377E-002
           3           6 -0.12790133003255985     
           3           7   4.5507579027004438E-014
           3           8  -5.9019183784499753E-014
           3           9  -1.6184043249823141E-013
           3          10  -1.0010294837749112E-013
           3          11   1.4938681140720006E-013
           3          12   2.0907366061566306E-013
           3          13  -6.7448740187116247E-014
           3          14   8.7907823765260416E-014
           3          15  -1.2906088279690384E-013
           3          16   7.6456329431610219E-014
           3          17   6.2119396030926376E-014
           3          18  -2.1104277231043462E-014
           3          19   8.0345641871549837E-014
           3          20   7.9052949212323901E-014
           3          21   6.1250390460651536E-014
           3          22  -5.7581814022800732E-003
           3          23  -1.8395046492475405E-011
           3          24  -1.5189425939607374E-002
           3          25   3.1672047649140131E-012
           3          26   1.5678289992163626E-011
           3          27  -1.3197858855767575E-002
           3          28   3.0342020227916489E-002
           3          29  -1.9730104302089721E-012
           3          30   2.8778650144223053E-002
           3          31  -1.9519302467255762E-013
           3          32   1.4078146009666979E-012
           3          33   2.9058630511823239E-002
           3          34   3.5223910474377479E-002
           3          35   4.5545901473023937E-013
           3          36   3.5322948021698657E-002
           3          37  -3.1403260191797674E-014
           3          38  -1.9613100489291435E-012
           3          39   3.5273973792929167E-002
           3          40   9.2348767394021034E-014
           3          41  -3.0265070418709980E-014
           3          42  -2.2535352134395448E-014
           3          43  -2.4918296294752418E-014
           3          44   1.5068972280098678E-014
           3          45   2.0961389631952056E-014
           3          46   9.1132829407744191E-014
           3          47   7.1424487625830360E-014
           3          48   4.7194072500833095E-014
           3          49   6.3034782124615557E-014
           4           1  -3.4140978681537426E-002
           4           2  0.12334556074111631     
           4           3  -4.0698162981500585E-002
           4           4  0.32936828753759106     
           4           5  -3.2532983835966062E-002
           4           6  -6.0273521326856073E-002
           4           7   6.2140216185005060E-013
           4           8   5.3228710213816630E-014
           4           9  -9.3729145457587961E-016
           4          10  -6.4168440356622100E-014
           4          11   8.8002477639557751E-014
           4          12   1.0947741782893573E-013
           4          13   1.6381048615575591E-014
           4          14   3.9078887356612279E-014
           4          15  -7.3028581437806887E-014
           4          16   6.0255507095352143E-015
           4          17   3.1786491317043195E-014
           4          18  -8.4932882771684206E-014
           4          19   3.5771734790763182E-014
           4          20   5.3287290312251342E-014
           4          21  -1.8323836720153829E-014
           4          22  -2.8279028280905069E-004
           4          23   6.0355603316663224E-012
           4          24   1.3752763812074777E-002
           4          25   7.0779749297749918E-012
           4          26  -2.7069601574861706E-011
           4          27   1.0762603394357122E-002
           4          28 -0.12092430966699839     
           4          29   1.8575468052696559E-012
           4          30 -0.11915821416388588     
           4          31   5.0118591296144649E-013
           4          32  -4.3135668271539128E-012
           4          33 -0.11963662806551970     
           4          34  -7.1353206138855402E-002
           4          35  -6.9150619443570574E-013
           4          36  -7.1992103832279608E-002
           4          37  -5.8721357908476783E-014
           4          38   2.9554460558226360E-013
           4          39  -7.1868883693546742E-002
           4          40   7.0787710232918872E-014
           4          41   1.0353439713087219E-015
           4          42  -8.8830841070104026E-015
           4          43   1.1957277372542173E-014
           4          44   4.5353022627083919E-016
           4          45  -2.8288969924654195E-015
           4          46   3.8653323210329483E-014
           4          47   8.8251983377778185E-015
           4          48   1.9057510562267126E-014
           4          49   2.4813974681125595E-014
           5           1   8.3979641330961294E-002
           5           2 -0.34095584775134413     
           5           3   3.9538915904701377E-002
           5           4  -3.2532983835966062E-002
           5           5   1.0357691963621039     
           5           6 -0.13497995871556956     
           5           7   1.5099034595514130E-013
           5           8  -5.4765380959519118E-014
           5           9  -1.1427300345659385E-013
           5          10  -1.0030916262441133E-013
           5          11   1.3681414051326833E-013
           5          12   2.0122971042378027E-013
           5          13  -6.7725811176745203E-014
           5          14   8.2468947594787221E-014
           5          15  -1.2433171524340043E-013
           5          16   7.4724275262555126E-014
           5          17   5.8626236561571734E-014
           5          18  -1.9429380337214494E-014
           5          19   8.1003436477676592E-014
           5          20   7.7839124220671033E-014
           5          21   6.0232366569409901E-014
           5          22  -7.9692868103504906E-003
           5          23  -1.7677605386796367E-011
           5          24  -1.7093063441372496E-002
           5          25   2.9552468809217555E-012
           5          26   1.5045723843277882E-011
           5          27  -1.5170376303522467E-002
           5          28   1.0738217724257218E-002
           5          29  -1.8952495941264334E-012
           5          30   9.1906983114797419E-003
           5          31  -2.0105431090482167E-013
           5          32   1.2011084936471284E-012
           5          33   9.4563900838034454E-003
           5          34   3.6335963444110948E-002
           5          35   4.4165811787158446E-013
           5          36   3.6382832559531474E-002
           5          37  -5.4140403456587826E-014
           5          38  -2.1022496823324424E-012
           5          39   3.6340446839284730E-002
           5          40   9.0208402717629768E-014
           5          41  -2.9608948574231965E-014
           5          42  -2.1565614806635857E-014
           5          43  -2.4165701131396942E-014
           5          44   1.3929944713179558E-014
           5          45   2.0345496443255420E-014
           5          46   8.7734332589988918E-014
           5          47   6.9476768244280585E-014
           5          48   4.5740530026621198E-014
           5          49   6.0133129848579433E-014
           6           1  -1.6172847740726047E-002
           6           2   1.4505838107990721E-004
           6           3 -0.12790133003255985     
           6           4  -6.0273521326856073E-002
           6           5 -0.13497995871556956     
           6           6   3.5939365245347816     
           6           7   2.0634899693403093E-013
           6           8   7.8056578942108838E-015
           6           9  -4.0273916264815119E-014
           6          10   3.6509054931687555E-014
           6          11   6.5724019107966285E-015
           6          12  -1.2488605204382417E-014
           6          13  -6.4123320086255505E-015
           6          14   8.1936548715585943E-015
           6          15   8.4789492515854941E-015
           6          16  -7.7505009483867967E-014
           6          17  -7.5136895213343639E-014
           6          18  -1.2579010800340709E-014
           6          19  -2.7990972219527940E-013
           6          20  -1.6461271424666895E-013
           6          21   8.4851985136064308E-014
           6          22  -3.1537080357462964E-002
           6          23   4.8910457949267024E-012
           6          24  -2.1494424859668244E-002
           6          25   7.5374986608781706E-013
           6          26   1.8878624071919403E-011
           6          27  -2.1399398160007289E-002
           6          28 -0.31068305090231207     
           6          29  -1.7639900005255237E-012
           6          30 -0.30531249432075264     
           6          31   1.7861179684531764E-013
           6          32   2.9853573432115113E-011
           6          33 -0.30425195556596912     
           6          34 -0.67978790033218917     
           6          35   1.7856686178106347E-013
           6          36 -0.67134322178353623     
           6          37   4.1630856439018994E-012
           6          38   3.3274891757197150E-011
           6          39 -0.67224653362069087     
           6          40   1.2462981746131105E-014
           6          41  -6.1159523464215864E-015
           6          42  -6.9701659204436311E-015
           6          43  -1.2926578426112975E-014
           6          44   1.6348523352626101E-015
           6          45  -7.6239388945059411E-015
           6          46   1.5941665537873763E-015
           6          47   7.5730727177612612E-016
           6          48   3.3050947623927754E-015
           6          49  -1.2545307210988285E-014
           7           1  -1.0840878430308406E-013
           7           2   3.3506219799099846E-013
           7           3   4.5507579027004438E-014
           7           4   6.2140216185005060E-013
           7           5   1.5099034595514130E-013
           7           6   2.0634899693403093E-013
           7           7   2.2470188630040746     
           7           8   2.0926279821136433E-011
           7           9   5.2313446239406733E-012
           7          10 -0.72461894260600834     
           7          11   2.6691364776388754E-012
           7          12   2.2245452171330813E-012
           7          13  -3.2973308784428411E-002
           7          14  -1.0520270926061119E-011
           7          15   1.2138674155922944E-011
           7          16  -2.4217247466088616E-003
           7          17  -9.1157242917991605E-012
           7          18   2.9277234524182797E-011
           7          19  -1.4335181609417239E-003
           7          20  -1.5099338034102192E-011
           7          21   6.4134295640626989E-011
           7          22   1.9376971724109970E-014
           7          23  -3.9151156708715688E-014
           7          24   4.9241743316117203E-014
           7          25  -3.4947567991344174E-015
           7          26   3.6634496732314804E-015
           7          27   5.4386608908216533E-014
           7          28  -6.9829674131784540E-014
           7          29  -4.1254476838093168E-014
           7          30  -1.5218782019331560E-013
           7          31  -3.3678433616868313E-014
           7          32  -6.5847922575336983E-014
           7          33  -2.2354899534052955E-013
           7          34  -3.5195664109349485E-013
           7          35   5.3326506699288797E-015
           7          36  -2.9888885569747930E-013
           7          37   4.3707239714507984E-014
           7          38   2.7044418019726171E-014
           7          39  -1.6157238363307559E-013
           7          40  -1.0328855343800791E-002
           7          41  -1.1043910235513279E-011
           7          42  -7.0627320274023013E-003
           7          43   1.1802797012781373E-011
           7          44  -2.2185344688244670E-012
           7          45  -9.7855724501392758E-012
           7          46  -1.4993396608799689E-012
           7          47  -7.6030834834284102E-003
           7          48   2.9552701374277742E-013
           7          49   2.8798615338693127E-013
           8           1  -1.7135652453784786E-014
           8           2   4.1486293154809251E-014
           8           3  -5.9019183784499753E-014
           8           4   5.3228710213816630E-014
           8           5  -5.4765380959519118E-014
           8           6   7.8056578942108838E-015
           8           7   2.0926279821136433E-011
           8           8   2.2457973066571721     
           8           9  -1.8828274243353576E-011
           8          10   2.7107599625356480E-012
           8          11 -0.72183340323159650     
           8          12  -3.1795708851111788E-012
           8          13  -1.0675997882406048E-011
           8          14  -3.6063267324791502E-002
           8          15   1.0764143364903776E-011
           8          16  -9.3743156584472564E-012
           8          17   4.5398564150878644E-003
           8          18   3.5275229500054748E-012
           8          19  -1.6075503708246661E-011
           8          20   1.7485146418376240E-002
           8          21   9.2872799819410102E-013
           8          22   4.1557958761811013E-014
           8          23  -2.0672279016295419E-015
           8          24   4.5188174739542402E-014
           8          25   3.0522827976829876E-015
           8          26   4.4474025750082538E-015
           8          27   3.7838025223550270E-014
           8          28  -9.1895639653107389E-015
           8          29   2.6771408436875987E-015
           8          30  -1.0047811740502601E-014
           8          31  -4.6985699145529976E-015
           8          32   1.2088838081769131E-014
           8          33  -1.8848290138862395E-014
           8          34  -2.1350254123733726E-014
           8          35  -1.7047731669026967E-015
           8          36  -2.0347090423229357E-014
           8          37   2.4547889588130452E-015
           8          38  -3.1960780344163936E-015
           8          39  -1.5192217661871990E-014
           8          40  -1.3388495867854079E-011
           8          41  -1.0292180991516972E-002
           8          42   2.2843225620727585E-011
           8          43  -4.6972233254878940E-003
           8          44  -3.0369866380022102E-012
           8          45  -2.8662954264689831E-013
           8          46  -5.0371864870035088E-011
           8          47   2.8070752406286344E-013
           8          48  -8.3012227243103101E-003
           8          49   3.4640438173915399E-011
           9           1  -1.5734719258159605E-014
           9           2   5.1119268035184029E-014
           9           3  -1.6184043249823141E-013
           9           4  -9.3729145457587961E-016
           9           5  -1.1427300345659385E-013
           9           6  -4.0273916264815119E-014
           9           7   5.2313446239406733E-012
           9           8  -1.8828274243353576E-011
           9           9   2.2461241982074869     
           9          10   2.5423522951121684E-012
           9          11  -3.0537830034824955E-012
           9          12 -0.72229989890975133     
           9          13   1.2722219975444497E-011
           9          14   1.0976658163068683E-011
           9          15  -3.4568400303670213E-002
           9          16   3.0155544835806047E-011
           9          17   3.7272905089112348E-012
           9          18   4.9226491289105622E-003
           9          19   6.5743613617132115E-011
           9          20   9.9039579871384593E-013
           9          21   1.7506465330923308E-002
           9          22   9.6636670176917077E-014
           9          23  -3.2500529523390565E-015
           9          24   5.8764504976167411E-014
           9          25  -6.3856915208157786E-014
           9          26   2.4041094135619307E-014
           9          27   6.8165593304609986E-014
           9          28  -3.3907089718935370E-014
           9          29  -4.9770965413600027E-015
           9          30  -3.0919666626958267E-015
           9          31   5.1602783252716103E-014
           9          32  -2.2660703921997438E-014
           9          33   2.0858982597684847E-014
           9          34   4.8332587661188793E-014
           9          35  -3.7177972897085425E-014
           9          36   2.7734692767488423E-014
           9          37  -2.6821908451879213E-014
           9          38   8.1541816076328525E-015
           9          39   2.6857985144831674E-015
           9          40  -3.6209105266753878E-012
           9          41  -3.0462595075799407E-012
           9          42  -1.5951847494099074E-012
           9          43  -2.9563981029535999E-011
           9          44  -1.0185224584515975E-002
           9          45   4.3343199250719110E-012
           9          46  -7.6550158949289411E-003
           9          47   2.8950067514153447E-012
           9          48   3.5585996507925181E-011
           9          49  -6.0614774863377921E-003
          10           1  -3.6880592657771273E-014
          10           2   9.7429425844787575E-014
          10           3  -1.0010294837749112E-013
          10           4  -6.4168440356622100E-014
          10           5  -1.0030916262441133E-013
          10           6   3.6509054931687555E-014
          10           7 -0.72461894260600834     
          10           8   2.7107599625356480E-012
          10           9   2.5423522951121684E-012
          10          10   2.1578795842611607     
          10          11  -1.0206870931970255E-011
          10          12   1.2519531904585211E-011
          10          13  0.11160045285109933     
          10          14   7.4922972802468554E-012
          10          15   5.2018252529534272E-011
          10          16   1.5162705656146783E-002
          10          17  -2.2428419191942749E-011
          10          18   1.1635318410757482E-010
          10          19   5.8320442001879962E-003
          10          20  -5.7801788474728791E-011
          10          21   2.5079297888492523E-010
          10          22  -5.4517682712649904E-014
          10          23   3.2851012055770902E-014
          10          24   2.5963411690465469E-014
          10          25  -7.4715032786991817E-014
          10          26   1.1352458520994767E-014
          10          27  -3.4359899852144511E-014
          10          28  -4.2620507258327071E-015
          10          29   1.1837312273316980E-014
          10          30   6.5311564296005840E-015
          10          31  -1.9014664239212356E-014
          10          32   8.7020465363798156E-015
          10          33   6.3451697142453021E-015
          10          34   4.8253578109751058E-015
          10          35  -7.0842015571808801E-015
          10          36   4.3206262517802824E-015
          10          37   2.2131214550110493E-015
          10          38  -4.9210434980674069E-015
          10          39   4.4887881859867810E-015
          10          40   3.0839400750612422E-004
          10          41   4.7653251887145573E-011
          10          42   1.0611004514813116E-002
          10          43  -3.5289120127860853E-011
          10          44   1.4754698216099690E-012
          10          45   3.3201066984006134E-011
          10          46  -1.3124645029164438E-012
          10          47   1.2464559312467031E-002
          10          48   1.5845892593264491E-012
          10          49  -1.5269101036167962E-011
          11           1   3.2707742244010275E-014
          11           2  -7.6537766126512684E-014
          11           3   1.4938681140720006E-013
          11           4   8.8002477639557751E-014
          11           5   1.3681414051326833E-013
          11           6   6.5724019107966285E-015
          11           7   2.6691364776388754E-012
          11           8 -0.72183340323159650     
          11           9  -3.0537830034824955E-012
          11          10  -1.0206870931970255E-011
          11          11   2.1564028783146698     
          11          12   5.4356159957789251E-012
          11          13   8.0758028252690978E-012
          11          14  0.14375805178960857     
          11          15  -2.7595017104751125E-011
          11          16  -2.0191429738815161E-011
          11          17   5.2915726472941779E-002
          11          18  -9.6335382797123926E-012
          11          19  -5.3495819878857415E-011
          11          20   7.9562048983063405E-002
          11          21  -4.1523806438282351E-012
          11          22  -7.3845231559511767E-015
          11          23  -1.2114032812279284E-015
          11          24  -8.5208957910171439E-015
          11          25   5.3017570778150692E-015
          11          26  -1.8716592193547846E-015
          11          27  -9.9093060275261078E-015
          11          28  -5.0369952040226731E-014
          11          29   1.6852314931459707E-015
          11          30  -5.1084502583066102E-014
          11          31   6.8820191255372142E-015
          11          32  -1.9102142364199783E-014
          11          33  -3.4833517457935755E-014
          11          34  -2.1714764094162521E-014
          11          35  -3.4659031525730777E-015
          11          36  -2.2018818277164167E-014
          11          37  -5.2039103980752982E-015
          11          38   5.3914137850667612E-015
          11          39  -1.7100933603843034E-014
          11          40   5.6407197488318132E-011
          11          41   2.0830277266635808E-002
          11          42  -7.5453748411731813E-011
          11          43  -1.5807326137321859E-002
          11          44   9.4029007156594841E-012
          11          45   9.6009259910036645E-013
          11          46   1.6645797110126579E-010
          11          47   1.3146196797575860E-012
          11          48   1.4089558886600483E-002
          11          49  -1.2571809438270140E-010
          12           1   3.3587568873677054E-014
          12           2  -1.7400072392787170E-013
          12           3   2.0907366061566306E-013
          12           4   1.0947741782893573E-013
          12           5   2.0122971042378027E-013
          12           6  -1.2488605204382417E-014
          12           7   2.2245452171330813E-012
          12           8  -3.1795708851111788E-012
          12           9 -0.72229989890975133     
          12          10   1.2519531904585211E-011
          12          11   5.4356159957789251E-012
          12          12   2.1576134930157442     
          12          13   5.1039550090008047E-011
          12          14  -2.7578493630866302E-011
          12          15  0.14008515114084380     
          12          16   1.1318725229665104E-010
          12          17  -9.5811016192723730E-012
          12          18   5.2298816934960961E-002
          12          19   2.4436430776700685E-010
          12          20  -4.1039576375831483E-012
          12          21   7.9870011689790313E-002
          12          22  -1.2367241490151649E-015
          12          23  -1.6666122780264823E-015
          12          24   2.4081187651425506E-014
          12          25  -3.1918540992181513E-015
          12          26   1.5724656164277727E-014
          12          27  -4.0074836963433798E-014
          12          28  -3.3109161969498059E-014
          12          29  -9.0204666351605326E-015
          12          30  -4.4762638717650616E-014
          12          31   2.1851614299624675E-015
          12          32   1.9273294757124453E-014
          12          33  -5.6983967602740912E-014
          12          34  -2.3535039507777519E-014
          12          35  -1.1960233461920383E-014
          12          36  -2.2239400370238126E-014
          12          37  -9.1035006251121748E-015
          12          38  -5.8179810547505422E-015
          12          39  -1.9117177544298909E-014
          12          40  -1.8133657042573685E-012
          12          41   9.3130737620651823E-012
          12          42  -1.0315801356902807E-012
          12          43   9.5896134855517963E-011
          12          44   2.0180340105758716E-002
          12          45  -1.4584080379292887E-011
          12          46   1.1586489401971656E-002
          12          47  -1.6324371708902927E-011
          12          48  -1.3086146813631398E-010
          12          49  -1.2754541615279377E-002
          13           1  -2.7346654117765243E-014
          13           2   3.7060870446953925E-014
          13           3  -6.7448740187116247E-014
          13           4   1.6381048615575591E-014
          13           5  -6.7725811176745203E-014
          13           6  -6.4123320086255505E-015
          13           7  -3.2973308784428411E-002
          13           8  -1.0675997882406048E-011
          13           9   1.2722219975444497E-011
          13          10  0.11160045285109933     
          13          11   8.0758028252690978E-012
          13          12   5.1039550090008047E-011
          13          13   1.3173587110955735E-002
          13          14  -4.7194368957160441E-011
          13          15   2.2527632298091694E-010
          13          16   3.2485154045968100E-003
          13          17  -1.1834458533523630E-010
          13          18   5.1507372631830071E-010
          13          19   1.2330832589714214E-003
          13          20  -2.5787367229005487E-010
          13          21   1.1129790454180581E-009
          13          22   1.3695385188564673E-015
          13          23  -5.6966023514785264E-015
          13          24   2.0858716209578797E-015
          13          25  -6.2230272901903024E-014
          13          26   6.1354894846953128E-014
          13          27   1.6876313041175862E-015
          13          28  -6.5929002738033101E-015
          13          29  -2.5256223366033748E-016
          13          30  -5.5965336048380165E-015
          13          31  -7.1387539457497409E-015
          13          32   4.8012715494164706E-015
          13          33  -6.0722544787854406E-015
          13          34  -4.4683753071008907E-015
          13          35  -3.3191470054028304E-016
          13          36  -4.1410415861134674E-015
          13          37   7.2594366117451355E-016
          13          38  -8.5721070980017271E-016
          13          39  -3.4487407635218466E-015
          13          40   1.1190836263194578E-002
          13          41   3.0313989719884329E-012
          13          42   4.1159008526667658E-003
          13          43   9.1568832530176400E-012
          13          44  -1.6396347748429226E-011
          13          45   2.7464218000398940E-013
          13          46  -1.5805261665562115E-011
          13          47   3.8881663308094508E-003
          13          48   7.4461044140162096E-012
          13          49  -3.6254082983409183E-011
          14           1   2.3054735412262631E-014
          14           2  -3.8409498656760283E-014
          14           3   8.7907823765260416E-014
          14           4   3.9078887356612279E-014
          14           5   8.2468947594787221E-014
          14           6   8.1936548715585943E-015
          14           7  -1.0520270926061119E-011
          14           8  -3.6063267324791502E-002
          14           9   1.0976658163068683E-011
          14          10   7.4922972802468554E-012
          14          11  0.14375805178960857     
          14          12  -2.7578493630866302E-011
          14          13  -4.7194368957160441E-011
          14          14   8.3686493673710616E-002
          14          15  -8.4612650992253542E-012
          14          16  -1.1524206685973613E-010
          14          17  0.15599347227830274     
          14          18  -7.1523542465966473E-012
          14          19  -2.5319253535193759E-010
          14          20  0.32960443731193151     
          14          21  -5.4702032287579656E-012
          14          22  -5.2034511772073065E-015
          14          23   9.4837927074514663E-015
          14          24   2.6523399558240421E-014
          14          25   2.8615035586296697E-014
          14          26  -9.4143936028586178E-016
          14          27  -2.5379213798708544E-014
          14          28  -1.7911327265844706E-014
          14          29  -9.4289162422416785E-016
          14          30  -1.4209883583080772E-014
          14          31  -2.5794237060010812E-015
          14          32   5.1684250271803141E-015
          14          33  -1.7806601825988021E-014
          14          34  -9.8408129365615692E-015
          14          35  -3.0282859402679943E-015
          14          36  -6.2835203869666578E-015
          14          37  -5.3289928655099009E-015
          14          38   2.5400249024828440E-015
          14          39  -8.4544911936849748E-015
          14          40   1.1647153759733137E-011
          14          41   1.6306042881114634E-003
          14          42  -4.2317158445223093E-013
          14          43  -1.1107469312808056E-003
          14          44  -3.5669274464698813E-012
          14          45   5.1806097751290258E-013
          14          46   2.2990204891485647E-011
          14          47   6.9974034099621978E-012
          14          48   2.5353922529488151E-003
          14          49  -1.8056796323810403E-011
          15           1  -2.6866373583510623E-014
          15           2   7.8883106600271258E-014
          15           3  -1.2906088279690384E-013
          15           4  -7.3028581437806887E-014
          15           5  -1.2433171524340043E-013
          15           6   8.4789492515854941E-015
          15           7   1.2138674155922944E-011
          15           8   1.0764143364903776E-011
          15           9  -3.4568400303670213E-002
          15          10   5.2018252529534272E-011
          15          11  -2.7595017104751125E-011
          15          12  0.14008515114084380     
          15          13   2.2527632298091694E-010
          15          14  -8.4612650992253542E-012
          15          15   8.3006852603561054E-002
          15          16   5.1109305299890266E-010
          15          17  -7.1448837849802393E-012
          15          18  0.15617968384014583     
          15          19   1.1066082993961272E-009
          15          20  -5.4519370452887127E-012
          15          21  0.33034889336846895     
          15          22  -1.7521911836094382E-015
          15          23  -7.5129896421404028E-015
          15          24   7.3913901631592644E-015
          15          25  -6.1734848014932850E-014
          15          26  -8.6554063955952148E-014
          15          27   5.1783577253587081E-016
          15          28   2.2048338758825551E-014
          15          29  -2.2190211840532466E-014
          15          30   3.2589429144545021E-014
          15          31  -1.2793810349105749E-014
          15          32   8.0483838673291206E-015
          15          33   3.1927705390392651E-014
          15          34   1.1504533018137794E-014
          15          35  -2.1794784437956877E-014
          15          36   2.0807225046529196E-014
          15          37  -8.5658362026141685E-015
          15          38   1.7961064084920256E-014
          15          39   1.2301617877536070E-014
          15          40  -3.6050633833890034E-011
          15          41  -3.6360156853918995E-012
          15          42  -1.5210329307174794E-011
          15          43   1.1978273385942295E-011
          15          44   8.3827411106536672E-004
          15          45   9.7066176346987455E-013
          15          46   1.9655359264745703E-003
          15          47  -1.6439038069914072E-011
          15          48  -1.7253528590543904E-011
          15          49  -7.1012010617980210E-004
          16           1   8.8969923418281984E-015
          16           2  -7.3675221156564192E-014
          16           3   7.6456329431610219E-014
          16           4   6.0255507095352143E-015
          16           5   7.4724275262555126E-014
          16           6  -7.7505009483867967E-014
          16           7  -2.4217247466088616E-003
          16           8  -9.3743156584472564E-012
          16           9   3.0155544835806047E-011
          16          10   1.5162705656146783E-002
          16          11  -2.0191429738815161E-011
          16          12   1.1318725229665104E-010
          16          13   3.2485154045968100E-003
          16          14  -1.1524206685973613E-010
          16          15   5.1109305299890266E-010
          16          16   9.2850015087330340E-004
          16          17  -2.6706647659096921E-010
          16          18   1.1704063913348285E-009
          16          19   3.5105875875102562E-004
          16          20  -5.7778211244569207E-010
          16          21   2.5294241992650465E-009
          16          22  -1.8593896353960696E-016
          16          23   2.5534276074661147E-015
          16          24   6.6938114779440154E-016
          16          25  -1.1211906423059703E-013
          16          26   3.0729907243538379E-014
          16          27  -3.5482224583626587E-015
          16          28   4.0395881433268735E-015
          16          29   1.5930189656700622E-016
          16          30   4.1041418265661517E-015
          16          31  -9.8601263094235141E-015
          16          32   2.3943333597488300E-015
          16          33   3.4295716837661741E-015
          16          34   1.2997764661242153E-014
          16          35  -5.7081873567944181E-017
          16          36   1.3045777609443181E-014
          16          37   6.8161816034727507E-016
          16          38  -2.6138309978546228E-016
          16          39   1.3475878458573931E-014
          16          40   3.7031205298670320E-003
          16          41   7.7400656115583252E-012
          16          42   1.2543177241369349E-003
          16          43   1.9201609489666899E-011
          16          44  -3.7264204364091236E-011
          16          45  -2.4610026191834383E-013
          16          46  -3.7192937480679034E-011
          16          47   1.1597275692567361E-003
          16          48   9.6846464164241374E-012
          16          49  -8.2163647064986549E-011
