           1           1   2.1803282044676173     
           1           2 -0.67863127861453765     
           1           3  0.28935095862840593     
           1           4  -2.2001922258752624E-002
           1           5  -2.6294169363443955E-002
           1           6   2.8455452547152416E-011
           1           7   2.2969366340360331E-011
           1           8  -3.0019432264948224E-011
           1           9  -7.9718912960851244E-011
           1          10  -5.5334584844093278E-011
           1          11   7.6618923103672609E-011
           1          12   1.4266364440306488E-010
           1          13   5.7815637193226789E-011
           1          14  -1.1892417024305819E-010
           1          15  -3.2207197540587826E-011
           1          16   3.7543941236945331E-011
           1          17   3.9218359625888987E-011
           1          18  -4.7010758887994671E-003
           1          19  -1.4606827831405188E-004
           1          20  -4.4550623198951148E-003
           1          21  -6.1626441269668520E-005
           1          22   1.4588363435811988E-004
           1          23  -4.7012108677867894E-003
           1          24  -2.2731797360243315E-003
           1          25   8.9587850177298375E-005
           1          26  -2.4240664693546332E-003
           1          27   3.7796890676866451E-005
           1          28  -8.9473594020915209E-005
           1          29  -2.2730963519126870E-003
           2           1 -0.67863127861453765     
           2           2   2.5548330144398665     
           2           3  -1.0464517466396330     
           2           4   7.9966683739605082E-002
           2           5   9.5019673163651397E-002
           2           6   1.2349843060318328E-011
           2           7  -2.4321256661214708E-011
           2           8   1.6539928487288563E-011
           2           9   1.2627591475599240E-011
           2          10   5.4159500049904432E-011
           2          11  -3.8895392349118168E-011
           2          12  -5.1195888342608049E-010
           2          13  -2.1769848148754695E-010
           2          14   4.2551140852892870E-010
           2          15   1.2182150963074919E-010
           2          16  -1.4738988046378378E-010
           2          17  -1.4674727643997570E-010
           2          18   1.6859048169066700E-002
           2          19   4.2260640054764796E-004
           2          20   1.6147279834677036E-002
           2          21   1.7829831924414893E-004
           2          22  -4.2207178808470166E-004
           2          23   1.6859438991908518E-002
           2          24   7.4589341279172093E-003
           2          25  -3.1994108903371033E-004
           2          26   7.9977891790407214E-003
           2          27  -1.3498233770121754E-004
           2          28   3.1953302638873526E-004
           2          29   7.4586363227667988E-003
           3           1  0.28935095862840593     
           3           2  -1.0464517466396330     
           3           3   2.6567417491441256     
           3           4 -0.29176157159754479     
           3           5 -0.32112867425939401     
           3           6   1.2977527859625037E-009
           3           7   6.3507826535642744E-010
           3           8  -9.5204078006131385E-010
           3           9  -3.4302974234309852E-009
           3          10  -1.7593059883931970E-009
           3          11   2.7401638310818502E-009
           3          12   1.6213516053419300E-009
           3          13   5.2387835159931199E-010
           3          14  -1.3926795210283986E-009
           3          15  -2.9290288836612767E-010
           3          16   3.4530545663851957E-010
           3          17   3.9608925602578493E-010
           3          18  -3.3726018356214138E-002
           3          19  -4.5709559887459998E-003
           3          20  -2.6027434269023902E-002
           3          21  -1.9284947625839352E-003
           3          22   4.5651854610840592E-003
           3          23  -3.3730236823449763E-002
           3          24  -2.2245494181286626E-002
           3          25   8.8751322853337228E-004
           3          26  -2.3740270017262706E-002
           3          27   3.7443869746099428E-004
           3          28  -8.8637816746609324E-004
           3          29  -2.2244666173685836E-002
           4           1  -2.2001922258752624E-002
           4           2   7.9966683739605082E-002
           4           3 -0.29176157159754479     
           4           4  0.63910510879564486     
           4           5  0.57849152458215092     
           4           6  -2.8273256375518196E-011
           4           7  -1.2183745289751637E-010
           4           8   6.5312023066286315E-011
           4           9   4.9931731679544414E-010
           4          10   4.7380932111207124E-010
           4          11  -3.9037729262757631E-010
           4          12  -2.0064246414701032E-009
           4          13  -8.2833557869932674E-010
           4          14   1.8472032033536960E-009
           4          15   3.1920963649151506E-010
           4          16  -8.1403550877993183E-010
           4          17  -5.3923011095639892E-010
           4          18   7.4416492732077358E-003
           4          19   6.5195827682982483E-003
           4          20  -3.5388744797883454E-003
           4          21   2.7506252466124020E-003
           4          22  -6.5113487488216411E-003
           4          23   7.4476690333238286E-003
           4          24  -2.0908027188116076E-003
           4          25  -1.6271081079989921E-003
           4          26   6.4962431751218463E-004
           4          27  -6.8647356733447622E-004
           4          28   1.6250339701842399E-003
           4          29  -2.0923162771749821E-003
           5           1  -2.6294169363443955E-002
           5           2   9.5019673163651397E-002
           5           3 -0.32112867425939401     
           5           4  0.57849152458215092     
           5           5  0.52545154645779002     
           5           6  -7.8601635170268586E-010
           5           7  -7.1436350890325841E-010
           5           8   1.0036123896123345E-009
           5           9   2.5114823163821925E-009
           5          10   2.1619519808302181E-009
           5          11  -3.1617091208116437E-009
           5          12  -1.8236632536065795E-009
           5          13  -6.8273339723250950E-010
           5          14   1.6971753387293518E-009
           5          15   2.6112929988716532E-010
           5          16  -6.9132004447781943E-010
           5          17  -4.4612144308871553E-010
           5          18   3.8513002283294680E-003
           5          19  -3.1799324357926866E-004
           5          20   4.3868807829785562E-003
           5          21  -1.3416342151281930E-004
           5          22   3.1759685448777119E-004
           5          23   3.8510102979506947E-003
           5          24  -1.7429476557561567E-003
           5          25  -2.4054362092179506E-003
           5          26   2.3083677364356438E-003
           5          27  -1.0148526509563731E-003
           5          28   2.4023809392596639E-003
           5          29  -1.7451789364391641E-003
           6           1   2.8455452547152416E-011
           6           2   1.2349843060318328E-011
           6           3   1.2977527859625037E-009
           6           4  -2.8273256375518196E-011
           6           5  -7.8601635170268586E-010
           6           6   2.2811440167316341     
           6           7  -1.2696376737554691E-003
           6           8  -5.3564624274909402E-004
           6           9 -0.79806473071429507     
           6          10   4.7175045173685915E-003
           6          11   1.9902790682138098E-003
           6          12  -8.9146284900026192E-003
           6          13  -9.7004079218882613E-003
           6          14  -4.0926250336381321E-003
           6          15   7.6564149873994715E-003
           6          16  -1.2541686739506714E-002
           6          17  -5.2913665386926413E-003
           6          18  -6.5855348887976377E-010
           6          19   5.5752600948633936E-011
           6          20  -3.8529760577864536E-010
           6          21   1.8240884705605530E-010
           6          22   3.1834958991839008E-010
           6          23  -5.4512913439609553E-010
           6          24   1.3140830324655429E-010
           6          25  -1.1642529095059460E-010
           6          26   2.5991881469514436E-010
           6          27  -1.1561663073104058E-011
           6          28  -3.2749744231802180E-010
           6          29   5.9153834059108213E-010
           7           1   2.2969366340360331E-011
           7           2  -2.4321256661214708E-011
           7           3   6.3507826535642744E-010
           7           4  -1.2183745289751637E-010
           7           5  -7.1436350890325841E-010
           7           6  -1.2696376737554691E-003
           7           7   2.2836132606615198     
           7           8   1.2680186929712668E-003
           7           9   4.7175045584414103E-003
           7          10 -0.80723946710183037     
           7          11  -4.7115037383007119E-003
           7          12  -9.7004080536086112E-003
           7          13   9.9506171136114121E-003
           7          14   9.6881630556533982E-003
           7          15  -1.2541686513451448E-002
           7          16   3.2047331879831560E-002
           7          17   1.2525846667327100E-002
           7          18  -2.3847719641012183E-010
           7          19  -1.3202450374457709E-011
           7          20  -3.0035066235038713E-010
           7          21   6.4777725482488331E-011
           7          22   2.6519457513478815E-010
           7          23  -1.1840504742734247E-010
           7          24   1.8687046390616123E-010
           7          25  -2.2402066001668729E-010
           7          26   3.7542435358160714E-010
           7          27   7.9385055167925424E-012
           7          28   7.8484809017805477E-012
           7          29   4.1710014722124579E-010
           8           1  -3.0019432264948224E-011
           8           2   1.6539928487288563E-011
           8           3  -9.5204078006131385E-010
           8           4   6.5312023066286315E-011
           8           5   1.0036123896123345E-009
           8           6  -5.3564624274909402E-004
           8           7   1.2680186929712668E-003
           8           8   2.2811426496135470     
           8           9   1.9902790775284257E-003
           8          10  -4.7115037829567928E-003
           8          11 -0.79805966363023462     
           8          12  -4.0926260595131542E-003
           8          13   9.6881634793605925E-003
           8          14  -8.9249678961465552E-003
           8          15  -5.2913661292475775E-003
           8          16   1.2525845719081620E-002
           8          17   7.6430405620218503E-003
           8          18   4.3886101615939645E-010
           8          19   7.3394136194103528E-011
           8          20   1.8239963458361955E-010
           8          21  -1.3645554804379156E-010
           8          22  -1.6680439199939927E-010
           8          23   4.1462003217207996E-010
           8          24  -2.7367516821493650E-010
           8          25   4.3758275062030926E-011
           8          26  -5.7060531236201098E-010
           8          27  -3.1387067033564369E-010
           8          28   2.9817863887178408E-012
           8          29  -3.8759929002848844E-010
           9           1  -7.9718912960851244E-011
           9           2   1.2627591475599240E-011
           9           3  -3.4302974234309852E-009
           9           4   4.9931731679544414E-010
           9           5   2.5114823163821925E-009
           9           6 -0.79806473071429507     
           9           7   4.7175045584414103E-003
           9           8   1.9902790775284257E-003
           9           9   2.2662611337099099     
           9          10  -1.7513379563559160E-002
           9          11  -7.3888039938441912E-003
           9          12   1.9476015384550786E-002
           9          13   3.5852559779238749E-002
           9          14   1.5126278771726849E-002
           9          15  -2.5837038416086075E-002
           9          16   4.6980355151744126E-002
           9          17   1.9821120371285465E-002
           9          18   1.7610206863458086E-009
           9          19  -2.1083157182650074E-010
           9          20   8.2520811815001820E-010
           9          21  -5.9927206788208930E-010
           9          22  -1.0864133198875815E-009
           9          23   1.2150026975270921E-009
           9          24  -4.2014725031466715E-010
           9          25   2.8360860198432573E-010
           9          26  -8.4201812997072287E-010
           9          27  -4.4953734200447351E-011
           9          28   9.1966707800118113E-010
           9          29  -1.7919848509064937E-009
          10           1  -5.5334584844093278E-011
          10           2   5.4159500049904432E-011
          10           3  -1.7593059883931970E-009
          10           4   4.7380932111207124E-010
          10           5   2.1619519808302181E-009
          10           6   4.7175045173685915E-003
          10           7 -0.80723946710183037     
          10           8  -4.7115037829567928E-003
          10           9  -1.7513379563559160E-002
          10          10   2.3003214765895255     
          10          11   1.7491142498454543E-002
          10          12   3.5852560370895514E-002
          10          13  -5.0249632158130914E-002
          10          14  -3.5807295659982363E-002
          10          15   4.6980353870627073E-002
          10          16 -0.11720385481729265     
          10          17  -4.6921021394181278E-002
          10          18   5.9366153349588487E-010
          10          19   4.3072268593902500E-011
          10          20   9.4643005980171516E-010
          10          21  -1.8003708282209928E-010
          10          22  -8.4930548413946290E-010
          10          23   1.3004565331632627E-010
          10          24  -5.4189318678964330E-010
          10          25   6.9558788877247140E-010
          10          26  -1.0707766095143768E-009
          10          27   1.3720392708645423E-011
          10          28  -1.3203711224887489E-010
          10          29  -1.2168756689916410E-009
          11           1   7.6618923103672609E-011
          11           2  -3.8895392349118168E-011
          11           3   2.7401638310818502E-009
          11           4  -3.9037729262757631E-010
          11           5  -3.1617091208116437E-009
          11           6   1.9902790682138098E-003
          11           7  -4.7115037383007119E-003
          11           8 -0.79805966363023462     
          11           9  -7.3888039938441912E-003
          11          10   1.7491142498454543E-002
          11          11   2.2662423570552237     
          11          12   1.5126281762302081E-002
          11          13  -3.5807297021084573E-002
          11          14   1.9514235303996277E-002
          11          15   1.9821118472503667E-002
          11          16  -4.6921017674419981E-002
          11          17  -2.5786940366502687E-002
          11          18  -1.1771573604723910E-009
          11          19  -2.4551175792789612E-010
          11          20  -3.5230035726274000E-010
          11          21   4.8989308480643688E-010
          11          22   3.4029746899365796E-010
          11          23  -1.2279192925763940E-009
          11          24   8.6097263336283237E-010
          11          25  -7.1754792705664069E-011
          11          26   1.6776801132879011E-009
          11          27   9.3985743156483301E-010
          11          28  -6.2093106981460678E-011
          11          29   1.1387575935176738E-009
          12           1   1.4266364440306488E-010
          12           2  -5.1195888342608049E-010
          12           3   1.6213516053419300E-009
          12           4  -2.0064246414701032E-009
          12           5  -1.8236632536065795E-009
          12           6  -8.9146284900026192E-003
          12           7  -9.7004080536086112E-003
          12           8  -4.0926260595131542E-003
          12           9   1.9476015384550786E-002
          12          10   3.5852560370895514E-002
          12          11   1.5126281762302081E-002
          12          12   3.0967343853565355E-002
          12          13  -7.2049533038334598E-002
          12          14  -3.0397861708361607E-002
          12          15   4.1338846814588590E-002
          12          16  -9.8075916790555218E-002
          12          17  -4.1378456863109002E-002
          12          18  -1.5627339530087680E-009
          12          19   6.7319132980317936E-010
          12          20   7.5989386344305263E-010
          12          21   1.1003114120154927E-009
          12          22   1.7376779756892628E-009
          12          23   7.4176506132354474E-010
          12          24  -7.5703918717049845E-012
          12          25   1.9774455992275798E-010
          12          26   2.0624411391753593E-011
          12          27   1.8223603486460540E-010
          12          28  -2.1002233086415378E-010
          12          29   1.2402129301989736E-011
          13           1   5.7815637193226789E-011
          13           2  -2.1769848148754695E-010
          13           3   5.2387835159931199E-010
          13           4  -8.2833557869932674E-010
          13           5  -6.8273339723250950E-010
          13           6  -9.7004079218882613E-003
          13           7   9.9506171136114121E-003
          13           8   9.6881634793605925E-003
          13           9   3.5852559779238749E-002
          13          10  -5.0249632158130914E-002
          13          11  -3.5807297021084573E-002
          13          12  -7.2049533038334598E-002
          13          13  0.17108839345356766     
          13          14   7.1958534534413796E-002
          13          15  -9.8075909557028218E-002
          13          16  0.23207569328759683     
          13          17   9.7952058602891717E-002
          13          18   3.7002166317032452E-011
          13          19  -1.9509575636923040E-010
          13          20  -1.1471691424542608E-009
          13          21  -2.1305173464226504E-011
          13          22   9.0333278082313094E-010
          13          23   1.2555614828369393E-009
          13          24  -4.5087238958599557E-011
          13          25  -3.7657349373747064E-010
          13          26  -1.6136225350004394E-010
          13          27  -3.5745843214763240E-010
          13          28   5.5786087225323536E-010
          13          29  -3.9140039496678217E-011
          14           1  -1.1892417024305819E-010
          14           2   4.2551140852892870E-010
          14           3  -1.3926795210283986E-009
          14           4   1.8472032033536960E-009
          14           5   1.6971753387293518E-009
          14           6  -4.0926250336381321E-003
          14           7   9.6881630556533982E-003
          14           8  -8.9249678961465552E-003
          14           9   1.5126278771726849E-002
          14          10  -3.5807295659982363E-002
          14          11   1.9514235303996277E-002
          14          12  -3.0397861708361607E-002
          14          13   7.1958534534413796E-002
          14          14   3.0890510413157088E-002
          14          15  -4.1378449206307323E-002
          14          16   9.7952047723085967E-002
          14          17   4.1234267073455899E-002
          14          18   2.7494398415762475E-010
          14          19   3.1854571721352068E-010
          14          20  -1.5352896901846785E-009
          14          21  -9.6121408742825459E-010
          14          22   1.3012193913360431E-009
          14          23   1.3193450777411629E-009
          14          24  -2.2419829634145296E-011
          14          25  -2.3447162978252568E-010
          14          26   4.2061887701074594E-011
          14          27  -1.8241074690480104E-010
          14          28   3.1279581382527290E-010
          14          29  -1.4328825689870380E-011
          15           1  -3.2207197540587826E-011
          15           2   1.2182150963074919E-010
          15           3  -2.9290288836612767E-010
          15           4   3.1920963649151506E-010
          15           5   2.6112929988716532E-010
          15           6   7.6564149873994715E-003
          15           7  -1.2541686513451448E-002
          15           8  -5.2913661292475775E-003
          15           9  -2.5837038416086075E-002
          15          10   4.6980353870627073E-002
          15          11   1.9821118472503667E-002
          15          12   4.1338846814588590E-002
          15          13  -9.8075909557028218E-002
          15          14  -4.1378449206307323E-002
          15          15   5.6378811599807031E-002
          15          16 -0.13342357552805970     
          15          17  -5.6291716083255255E-002
          15          18   6.4541359708288135E-010
          15          19  -5.8774150499537137E-010
          15          20  -7.4313126520058592E-011
          15          21  -1.2718475518072977E-010
          15          22  -9.2844381807737718E-010
          15          23  -6.4889917387009470E-010
          15          24   3.3445644452122645E-011
          15          25   2.0525660032850894E-010
          15          26   7.6949893736025541E-011
          15          27   2.0287569360894986E-010
          15          28  -3.3048231468174531E-010
          15          29   1.4997794525583824E-011
          16           1   3.7543941236945331E-011
          16           2  -1.4738988046378378E-010
          16           3   3.4530545663851957E-010
          16           4  -8.1403550877993183E-010
          16           5  -6.9132004447781943E-010
          16           6  -1.2541686739506714E-002
          16           7   3.2047331879831560E-002
          16           8   1.2525845719081620E-002
          16           9   4.6980355151744126E-002
          16          10 -0.11720385481729265     
          16          11  -4.6921017674419981E-002
          16          12  -9.8075916790555218E-002
          16          13  0.23207569328759683     
          16          14   9.7952047723085967E-002
          16          15 -0.13342357552805970     
          16          16  0.31585937648585183     
          16          17  0.13325508711102452     
          16          18   9.0952102790460480E-010
          16          19  -4.4566148005600237E-010
          16          20  -1.0321800339682188E-009
          16          21  -5.6395093178364274E-010
          16          22   2.9819046656156075E-010
          16          23   2.9402649151353744E-010
          16          24  -2.1883018868528997E-011
          16          25  -5.1274473035539278E-010
          16          26  -2.0362757020510877E-010
          16          27  -4.8927515413086646E-010
          16          28   7.2512528058601664E-010
          16          29  -4.1684444206213779E-011
          17           1   3.9218359625888987E-011
          17           2  -1.4674727643997570E-010
          17           3   3.9608925602578493E-010
          17           4  -5.3923011095639892E-010
          17           5  -4.4612144308871553E-010
          17           6  -5.2913665386926413E-003
          17           7   1.2525846667327100E-002
          17           8   7.6430405620218503E-003
          17           9   1.9821120371285465E-002
          17          10  -4.6921021394181278E-002
          17          11  -2.5786940366502687E-002
          17          12  -4.1378456863109002E-002
          17          13   9.7952058602891717E-002
          17          14   4.1234267073455899E-002
          17          15  -5.6291716083255255E-002
          17          16  0.13325508711102452     
          17          17   5.6236550414462620E-002
          17          18  -1.9699126137638515E-010
          17          19   4.8708678118699833E-010
          17          20   5.3237432843852418E-011
          17          21  -7.1704465755787178E-011
          17          22   2.9280158964351500E-010
          17          23   2.1016563119391818E-010
          17          24  -3.8685654897019856E-011
          17          25  -2.2997538072299337E-010
          17          26  -4.7479599953984688E-011
          17          27  -2.2077716850267133E-010
          17          28   3.4622755586162205E-010
          17          29  -2.8878387733003942E-011
          18           1  -4.7010758887994671E-003
          18           2   1.6859048169066700E-002
          18           3  -3.3726018356214138E-002
          18           4   7.4416492732077358E-003
          18           5   3.8513002283294680E-003
          18           6  -6.5855348887976377E-010
          18           7  -2.3847719641012183E-010
          18           8   4.3886101615939645E-010
          18           9   1.7610206863458086E-009
          18          10   5.9366153349588487E-010
          18          11  -1.1771573604723910E-009
          18          12  -1.5627339530087680E-009
          18          13   3.7002166317032452E-011
          18          14   2.7494398415762475E-010
          18          15   6.4541359708288135E-010
          18          16   9.0952102790460480E-010
          18          17  -1.9699126137638515E-010
          18          18   1.9835058709134916     
          18          19   1.7003765575074076E-003
          18          20 -0.99106972214337397     
          18          21   7.1735395554619740E-004
          18          22  -1.4005927111782382E-003
          18          23 -0.98870652699265937     
          18          24   3.9286080866585790E-002
          18          25  -3.4921122273753478E-004
          18          26  -2.1596365506913243E-002
          18          27  -1.4734932319989365E-004
          18          28  -2.3735374063160904E-004
          18          29  -2.1195798212576816E-002
          19           1  -1.4606827831405188E-004
          19           2   4.2260640054764796E-004
          19           3  -4.5709559887459998E-003
          19           4   6.5195827682982483E-003
          19           5  -3.1799324357926866E-004
          19           6   5.5752600948633936E-011
          19           7  -1.3202450374457709E-011
          19           8   7.3394136194103528E-011
          19           9  -2.1083157182650074E-010
          19          10   4.3072268593902500E-011
          19          11  -2.4551175792789612E-010
          19          12   6.7319132980317936E-010
          19          13  -1.9509575636923040E-010
          19          14   3.1854571721352068E-010
          19          15  -5.8774150499537137E-010
          19          16  -4.4566148005600237E-010
          19          17   4.8708678118699833E-010
          19          18   1.7003765575074076E-003
          19          19   1.9812739859933526     
          19          20   1.4765003463548267E-003
          19          21  -1.1572758462452678E-004
          19          22  -6.0181209741958365E-005
          19          23   1.4024995362670253E-003
          19          24  -2.9740615462757565E-003
          19          25   4.0500806079831801E-002
          19          26  -2.1662441803387152E-003
          19          27   1.3605251128822118E-004
          19          28   3.3611416498960622E-004
          19          29  -2.3876213899284696E-003
          20           1  -4.4550623198951148E-003
          20           2   1.6147279834677036E-002
          20           3  -2.6027434269023902E-002
          20           4  -3.5388744797883454E-003
          20           5   4.3868807829785562E-003
          20           6  -3.8529760577864536E-010
          20           7  -3.0035066235038713E-010
          20           8   1.8239963458361955E-010
          20           9   8.2520811815001820E-010
          20          10   9.4643005980171516E-010
          20          11  -3.5230035726274000E-010
          20          12   7.5989386344305263E-010
          20          13  -1.1471691424542608E-009
          20          14  -1.5352896901846785E-009
          20          15  -7.4313126520058592E-011
          20          16  -1.0321800339682188E-009
          20          17   5.3237432843852418E-011
          20          18 -0.99106972214337397     
          20          19   1.4765003463548267E-003
          20          20   1.9781551855033288     
          20          21   4.9719507570588880E-004
          20          22  -1.4746855996133775E-003
          20          23 -0.99106861498681487     
          20          24  -1.7175498134659604E-002
          20          25   4.5860500812759436E-004
          20          26   4.3522738703993938E-002
          20          27   4.4112019340752191E-004
          20          28  -4.5802964222260267E-004
          20          29  -1.7174503166331387E-002
          21           1  -6.1626441269668520E-005
          21           2   1.7829831924414893E-004
          21           3  -1.9284947625839352E-003
          21           4   2.7506252466124020E-003
          21           5  -1.3416342151281930E-004
          21           6   1.8240884705605530E-010
          21           7   6.4777725482488331E-011
          21           8  -1.3645554804379156E-010
          21           9  -5.9927206788208930E-010
          21          10  -1.8003708282209928E-010
          21          11   4.8989308480643688E-010
          21          12   1.1003114120154927E-009
          21          13  -2.1305173464226504E-011
          21          14  -9.6121408742825459E-010
          21          15  -1.2718475518072977E-010
          21          16  -5.6395093178364274E-010
          21          17  -7.1704465755787178E-011
          21          18   7.1735395554619740E-004
          21          19  -1.1572758462452678E-004
          21          20   4.9719507570588880E-004
          21          21   1.9814995667220536     
          21          22   1.1610267229747765E-004
          21          23   7.1749905796900820E-004
          21          24  -1.2547793234038618E-003
          21          25   1.3605181641832323E-004
          21          26  -6.6631197744161186E-004
          21          27   4.0235727274330793E-002
          21          28  -1.3675613067026674E-004
          21          29  -1.2549581383903274E-003
          22           1   1.4588363435811988E-004
          22           2  -4.2207178808470166E-004
          22           3   4.5651854610840592E-003
          22           4  -6.5113487488216411E-003
          22           5   3.1759685448777119E-004
          22           6   3.1834958991839008E-010
          22           7   2.6519457513478815E-010
          22           8  -1.6680439199939927E-010
          22           9  -1.0864133198875815E-009
          22          10  -8.4930548413946290E-010
          22          11   3.4029746899365796E-010
          22          12   1.7376779756892628E-009
          22          13   9.0333278082313094E-010
          22          14   1.3012193913360431E-009
          22          15  -9.2844381807737718E-010
          22          16   2.9819046656156075E-010
          22          17   2.9280158964351500E-010
          22          18  -1.4005927111782382E-003
          22          19  -6.0181209741958365E-005
          22          20  -1.4746855996133775E-003
          22          21   1.1610267229747765E-004
          22          22   1.9812739152917977     
          22          23  -1.6983217571631540E-003
          22          24   2.3841828295638359E-003
          22          25   3.3611359337481079E-004
          22          26   2.1635080223787202E-003
          22          27  -1.3675664849808447E-004
          22          28   4.0501668336652967E-002
          22          29   2.9707348054509239E-003
          23           1  -4.7012108677867894E-003
          23           2   1.6859438991908518E-002
          23           3  -3.3730236823449763E-002
          23           4   7.4476690333238286E-003
          23           5   3.8510102979506947E-003
          23           6  -5.4512913439609553E-010
          23           7  -1.1840504742734247E-010
          23           8   4.1462003217207996E-010
          23           9   1.2150026975270921E-009
          23          10   1.3004565331632627E-010
          23          11  -1.2279192925763940E-009
          23          12   7.4176506132354474E-010
          23          13   1.2555614828369393E-009
          23          14   1.3193450777411629E-009
          23          15  -6.4889917387009470E-010
          23          16   2.9402649151353744E-010
          23          17   2.1016563119391818E-010
          23          18 -0.98870652699265937     
          23          19   1.4024995362670253E-003
          23          20 -0.99106861498681487     
          23          21   7.1749905796900820E-004
          23          22  -1.6983217571631540E-003
          23          23   1.9835089865364663     
          23          24  -2.1198217829035686E-002
          23          25   2.3722598035716435E-004
          23          26  -2.1597797954137396E-002
          23          27  -1.4753101335007396E-004
          23          28   3.4920080498605636E-004
          23          29   3.9282986095643277E-002
          24           1  -2.2731797360243315E-003
          24           2   7.4589341279172093E-003
          24           3  -2.2245494181286626E-002
          24           4  -2.0908027188116076E-003
          24           5  -1.7429476557561567E-003
          24           6   1.3140830324655429E-010
          24           7   1.8687046390616123E-010
          24           8  -2.7367516821493650E-010
          24           9  -4.2014725031466715E-010
          24          10  -5.4189318678964330E-010
          24          11   8.6097263336283237E-010
          24          12  -7.5703918717049845E-012
          24          13  -4.5087238958599557E-011
          24          14  -2.2419829634145296E-011
          24          15   3.3445644452122645E-011
          24          16  -2.1883018868528997E-011
          24          17  -3.8685654897019856E-011
          24          18   3.9286080866585790E-002
          24          19  -2.9740615462757565E-003
          24          20  -1.7175498134659604E-002
          24          21  -1.2547793234038618E-003
          24          22   2.3841828295638359E-003
          24          23  -2.1198217829035686E-002
          24          24   1.2591714318409435E-003
          24          25   5.3341881593499917E-004
          24          26  -9.5040660275246794E-004
          24          27   2.2505015789485124E-004
          24          28  -5.7314033068325940E-004
          24          29   1.6650455616584647E-005
          25           1   8.9587850177298375E-005
          25           2  -3.1994108903371033E-004
          25           3   8.8751322853337228E-004
          25           4  -1.6271081079989921E-003
          25           5  -2.4054362092179506E-003
          25           6  -1.1642529095059460E-010
          25           7  -2.2402066001668729E-010
          25           8   4.3758275062030926E-011
          25           9   2.8360860198432573E-010
          25          10   6.9558788877247140E-010
          25          11  -7.1754792705664069E-011
          25          12   1.9774455992275798E-010
          25          13  -3.7657349373747064E-010
          25          14  -2.3447162978252568E-010
          25          15   2.0525660032850894E-010
          25          16  -5.1274473035539278E-010
          25          17  -2.2997538072299337E-010
          25          18  -3.4921122273753478E-004
          25          19   4.0500806079831801E-002
          25          20   4.5860500812759436E-004
          25          21   1.3605181641832323E-004
          25          22   3.3611359337481079E-004
          25          23   2.3722598035716435E-004
          25          24   5.3341881593499917E-004
          25          25   2.3444287745127707E-003
          25          26  -1.9429286572184353E-003
          25          27   6.4364971361504015E-004
          25          28  -1.4783034903806836E-003
          25          29   5.7522342203041206E-004
          26           1  -2.4240664693546332E-003
          26           2   7.9977891790407214E-003
          26           3  -2.3740270017262706E-002
          26           4   6.4962431751218463E-004
          26           5   2.3083677364356438E-003
          26           6   2.5991881469514436E-010
          26           7   3.7542435358160714E-010
          26           8  -5.7060531236201098E-010
          26           9  -8.4201812997072287E-010
          26          10  -1.0707766095143768E-009
          26          11   1.6776801132879011E-009
          26          12   2.0624411391753593E-011
          26          13  -1.6136225350004394E-010
          26          14   4.2061887701074594E-011
          26          15   7.6949893736025541E-011
          26          16  -2.0362757020510877E-010
          26          17  -4.7479599953984688E-011
          26          18  -2.1596365506913243E-002
          26          19  -2.1662441803387152E-003
          26          20   4.3522738703993938E-002
          26          21  -6.6631197744161186E-004
          26          22   2.1635080223787202E-003
          26          23  -2.1597797954137396E-002
          26          24  -9.5040660275246794E-004
          26          25  -1.9429286572184353E-003
          26          26   3.6331196192710465E-003
          26          27  -8.0266052235416683E-004
          26          28   1.9404749767805477E-003
          26          29  -9.5216287582220284E-004
          27           1   3.7796890676866451E-005
          27           2  -1.3498233770121754E-004
          27           3   3.7443869746099428E-004
          27           4  -6.8647356733447622E-004
          27           5  -1.0148526509563731E-003
          27           6  -1.1561663073104058E-011
          27           7   7.9385055167925424E-012
          27           8  -3.1387067033564369E-010
          27           9  -4.4953734200447351E-011
          27          10   1.3720392708645423E-011
          27          11   9.3985743156483301E-010
          27          12   1.8223603486460540E-010
          27          13  -3.5745843214763240E-010
          27          14  -1.8241074690480104E-010
          27          15   2.0287569360894986E-010
          27          16  -4.8927515413086646E-010
          27          17  -2.2077716850267133E-010
          27          18  -1.4734932319989365E-004
          27          19   1.3605251128822118E-004
          27          20   4.4112019340752191E-004
          27          21   4.0235727274330793E-002
          27          22  -1.3675664849808447E-004
          27          23  -1.4753101335007396E-004
          27          24   2.2505015789485124E-004
          27          25   6.4364971361504015E-004
          27          26  -8.0266052235416683E-004
          27          27   1.0903959642321014E-003
          27          28  -6.4289663635957680E-004
          27          29   2.2562299522027333E-004
          28           1  -8.9473594020915209E-005
