           1           1   1.9999780925141137     
           1           2  -4.9242609766020221E-004
           1           3   1.3817058531063429E-003
           1           4  -2.7718304676948289E-004
           1           5   5.2764408258550491E-004
           1           6   2.2894910669297155E-006
           1           7   2.6293863381676333E-006
           1           8   1.4042552149664320E-005
           1           9  -3.2265588979301422E-006
           1          10   1.5625237643756567E-006
           1          11   1.1076956086892897E-006
           1          12   2.8577725245919545E-007
           1          13  -1.1381560503666505E-007
           1          14  -1.2712016185062634E-008
           1          15  -2.6082681389554516E-008
           1          16  -1.2846184117537889E-008
           1          17  -9.2505677715891747E-008
           1          18   9.2807200565303766E-005
           1          19  -5.1863367584002890E-005
           1          20   7.7958833378523649E-005
           1          21  -5.6562874838979997E-005
           1          22   4.7980874029295978E-005
           1          23   8.5176425376791990E-005
           1          24  -2.3443375579420330E-004
           1          25  -6.9129145462120864E-007
           1          26  -2.3463167083041651E-004
           1          27  -7.5393412927831335E-007
           1          28   6.3954225490848322E-007
           1          29  -2.3453546553380987E-004
           2           1  -4.9242609766020221E-004
           2           2   1.9907465070755719     
           2           3   1.2540300949425339E-002
           2           4  -1.1721252581711892E-002
           2           5   7.6005490273875678E-003
           2           6  -1.6306036043255643E-005
           2           7  -1.8997524110255719E-005
           2           8  -1.0108545471185137E-004
           2           9   2.3757029558626678E-005
           2          10  -9.4730092737736577E-006
           2          11  -1.9493292568930425E-007
           2          12  -2.4222948906247202E-006
           2          13   9.8975978576488680E-007
           2          14   1.6760469834828315E-007
           2          15   4.0584774478152889E-007
           2          16   8.3452642784143839E-009
           2          17   6.4827399568464933E-007
           2          18   4.5769471831552675E-003
           2          19  -1.0539156389370039E-003
           2          20   4.2752130271340276E-003
           2          21  -1.1494152921543916E-003
           2          22   9.7502010232351842E-004
           2          23   4.4218832269188870E-003
           2          24  -1.2837405832597745E-003
           2          25  -5.6819673535311237E-005
           2          26  -1.3000080333957797E-003
           2          27  -6.1968553417048909E-005
           2          28   5.2566326390639367E-005
           2          29  -1.2921002694007266E-003
           3           1   1.3817058531063429E-003
           3           2   1.2540300949425339E-002
           3           3   2.1025121834168616     
           3           4   3.8325805844913692E-002
           3           5   1.3712806446551302E-002
           3           6   8.5843425588782543E-006
           3           7   9.5208962878105686E-006
           3           8   5.1312533136332932E-005
           3           9  -1.1214104764082857E-005
           3          10   7.7161538282066004E-006
           3          11   1.2792902364730225E-005
           3          12  -4.7003486485826412E-007
           3          13  -1.0780605451193468E-006
           3          14  -5.8567436170026278E-006
           3          15   4.6280878432882908E-007
           3          16   1.1199318172834490E-006
           3          17   5.1918276737024867E-006
           3          18  -2.6204822121037863E-002
           3          19  -7.6489831553839486E-004
           3          20  -2.6423810321411605E-002
           3          21  -8.3420614951747706E-004
           3          22   7.0763635091069177E-004
           3          23  -2.6317366143955887E-002
           3          24  -2.1354493851364228E-002
           3          25  -5.8110127134407518E-005
           3          26  -2.1371130953436353E-002
           3          27  -6.3376494718791457E-005
           3          28   5.3760480672605675E-005
           3          29  -2.1363042827360908E-002
           4           1  -2.7718304676948289E-004
           4           2  -1.1721252581711892E-002
           4           3   3.8325805844913692E-002
           4           4   2.0632165502243200     
           4           5  -3.9798939809023402E-002
           4           6  -5.8959472467238858E-007
           4           7  -8.7604378002013128E-007
           4           8  -4.4168812139657780E-006
           4           9   1.4905685329872315E-006
           4          10   1.8865989977263201E-007
           4          11   2.8468870027962528E-006
           4          12   8.2964125349506681E-006
           4          13   8.9930039549796307E-006
           4          14   4.1797094813413556E-005
           4          15  -7.4018821143441617E-006
           4          16  -4.0545020630154256E-006
           4          17  -2.5965777962401699E-005
           4          18   6.1557787144721123E-003
           4          19   1.2449775408702657E-002
           4          20   9.7201350237632253E-003
           4          21   1.3577920297496123E-002
           4          22  -1.1517806251421937E-002
           4          23   7.9875085407934143E-003
           4          24  -7.2293921217541149E-004
           4          25  -3.0953029555568674E-003
           4          26  -1.6091187781151072E-003
           4          27  -3.3757682674460353E-003
           4          28   2.8635806361102661E-003
           4          29  -1.1783773760236198E-003
           5           1   5.2764408258550491E-004
           5           2   7.6005490273875678E-003
           5           3   1.3712806446551302E-002
           5           4  -3.9798939809023402E-002
           5           5   1.4287582148142721E-003
           5           6   5.0101577753424704E-008
           5           7   2.2005371484897193E-007
           5           8   9.5738955573799085E-007
           5           9  -3.8423472404839727E-007
           5          10  -4.3393143620599253E-007
           5          11  -2.2240763014534056E-006
           5          12   4.9202056562064297E-006
           5          13  -4.4139780931230540E-006
           5          14  -4.9976301235190994E-006
           5          15  -2.0064982219224300E-007
           5          16   3.3824627352113007E-007
           5          17   5.9752499237473799E-007
           5          18   6.1388114668763896E-004
           5          19  -6.8666193675087838E-003
           5          20  -1.3520255317422698E-003
           5          21  -7.4888433267487932E-003
           5          22   6.3525959383676465E-003
           5          23  -3.9640184058974755E-004
           5          24   1.5120996878002335E-004
           5          25  -9.2268405608759529E-004
           5          26  -1.1295423475073550E-004
           5          27  -1.0062958558676629E-003
           5          28   8.5361457393558693E-004
           5          29   1.5458817547878029E-005
           6           1   2.2894910669297155E-006
           6           2  -1.6306036043255643E-005
           6           3   8.5843425588782543E-006
           6           4  -5.8959472467238858E-007
           6           5   5.0101577753424704E-008
           6           6   2.0000012728380412     
           6           7  -1.2944686761114764E-007
           6           8  -1.3956682718940869E-007
           6           9  -2.2128445237303080E-005
           6          10   7.5355852501230798E-006
           6          11   8.2112410084527441E-006
           6          12   2.4337105140654578E-004
           6          13  -8.1185680683233184E-005
           6          14  -8.8584368468712062E-005
           6          15  -1.3776525806325483E-004
           6          16   1.5133167226043189E-005
           6          17   1.6561420382197182E-005
           6          18  -3.1220234769227780E-007
           6          19   3.3517132679397951E-008
           6          20  -3.3496577610703036E-007
           6          21   4.5059443327259423E-008
           6          22   8.1666663589395787E-008
           6          23  -3.6448246296505415E-007
           6          24  -2.0225458484663262E-007
           6          25   3.9463915682872090E-008
           6          26   1.2748498410742644E-008
           6          27  -3.0385748715875866E-007
           6          28  -1.4007823420720818E-007
           6          29  -2.3575987057744120E-008
           7           1   2.6293863381676333E-006
           7           2  -1.8997524110255719E-005
           7           3   9.5208962878105686E-006
           7           4  -8.7604378002013128E-007
           7           5   2.2005371484897193E-007
           7           6  -1.2944686761114764E-007
           7           7   2.0000012360229205     
           7           8   1.2116330002505287E-007
           7           9   7.5319830492197075E-006
           7          10  -1.9639979136185013E-005
           7          11  -6.9634408893190084E-006
           7          12  -8.1223928436715940E-005
           7          13   2.1652245079005077E-004
           7          14   7.5129886585408311E-005
           7          15   1.5187295233781336E-005
           7          16  -1.3275145163562041E-004
           7          17  -1.4037717011600224E-005
           7          18  -1.7680716899022684E-007
           7          19   2.8108056145357965E-008
           7          20  -2.3277091689398502E-007
           7          21   1.0270147451353248E-009
           7          22  -5.2196128657068293E-009
           7          23  -2.0977085852411386E-007
           7          24  -8.8191364917064145E-008
           7          25  -5.7658488302213662E-008
           7          26  -1.6373113993540305E-007
           7          27   1.8502559454119951E-008
           7          28  -2.8752393790097720E-007
           7          29  -1.0325424429760041E-007
           8           1   1.4042552149664320E-005
           8           2  -1.0108545471185137E-004
           8           3   5.1312533136332932E-005
           8           4  -4.4168812139657780E-006
           8           5   9.5738955573799085E-007
           8           6  -1.3956682718940869E-007
           8           7   1.2116330002505287E-007
           8           8   2.0000012482183553     
           8           9   8.2139218204076712E-006
           8          10  -6.9649077744875814E-006
           8          11  -2.0854283672406149E-005
           8          12  -8.8597793318460761E-005
           8          13   7.5215523623971118E-005
           8          14   2.2953068716442441E-004
           8          15   1.6600293157685871E-005
           8          16  -1.4119717786518363E-005
           8          17  -1.3516583216033386E-004
           8          18  -1.2025106132858933E-006
           8          19   1.6073554751942886E-007
           8          20  -1.4262452714188529E-006
           8          21   9.6170522881262880E-008
           8          22   1.4450625879167616E-007
           8          23  -1.4280916967858169E-006
           8          24  -4.7095424778680389E-007
           8          25   1.8236523870552804E-007
           8          26  -3.5515356892337314E-007
           8          27  -5.0184830451521621E-008
           8          28  -3.2167297639381287E-007
           8          29  -9.1809704470911165E-007
           9           1  -3.2265588979301422E-006
           9           2   2.3757029558626678E-005
           9           3  -1.1214104764082857E-005
           9           4   1.4905685329872315E-006
           9           5  -3.8423472404839727E-007
           9           6  -2.2128445237303080E-005
           9           7   7.5319830492197075E-006
           9           8   8.2139218204076712E-006
           9           9   1.9988468089688205     
           9          10   3.0082570938768705E-004
           9          11   3.2808607855849359E-004
           9          12  -6.3998972509890090E-003
           9          13   5.0236901851781739E-004
           9          14   5.4791603938460730E-004
           9          15   7.0541511709089361E-003
           9          16  -1.8145648720383483E-003
           9          17  -1.9790176406854531E-003
           9          18  -2.5423225278432152E-007
           9          19  -1.8708891055078652E-007
           9          20   4.3276728537379841E-008
           9          21  -8.5343790361008534E-007
           9          22  -5.7684024540744652E-008
           9          23   2.0198102902251375E-008
           9          24  -1.1311484717193909E-007
           9          25  -3.6540809511798614E-007
           9          26   6.2019204120385186E-007
           9          27  -1.9399686720028993E-006
           9          28   6.3236369973620049E-008
           9          29   6.2826952499489310E-007
          10           1   1.5625237643756567E-006
          10           2  -9.4730092737736577E-006
          10           3   7.7161538282066004E-006
          10           4   1.8865989977263201E-007
          10           5  -4.3393143620599253E-007
          10           6   7.5355852501230798E-006
          10           7  -1.9639979136185013E-005
          10           8  -6.9649077744875814E-006
          10           9   3.0082570938768705E-004
          10          10   1.9989462559353601     
          10          11  -2.7831986488254261E-004
          10          12   5.0236981069138784E-004
          10          13  -6.2338280950964406E-003
          10          14  -4.6477516800818631E-004
          10          15  -1.8145669576261538E-003
          10          16   6.4543016435178388E-003
          10          17   1.6787381084603639E-003
          10          18  -1.2537677296237158E-006
          10          19  -1.4648610215462844E-007
          10          20  -1.5659140757682894E-006
          10          21  -4.5197200783606189E-008
          10          22  -8.8631314221278517E-007
          10          23  -1.2394297576013224E-006
          10          24   4.8502321993521994E-007
          10          25  -4.7800992516174890E-007
          10          26  -1.1410861589993350E-007
          10          27   3.2910302448164555E-008
          10          28  -1.8542086160849848E-006
          10          29   4.5685345552793409E-007
          11           1   1.1076956086892897E-006
          11           2  -1.9493292568930425E-007
          11           3   1.2792902364730225E-005
          11           4   2.8468870027962528E-006
          11           5  -2.2240763014534056E-006
          11           6   8.2112410084527441E-006
          11           7  -6.9634408893190084E-006
          11           8  -2.0854283672406149E-005
          11           9   3.2808607855849359E-004
          11          10  -2.7831986488254261E-004
          11          11   1.9988979126137050     
          11          12   5.4785310881585092E-004
          11          13  -4.6483777679555503E-004
          11          14  -6.3145305356947946E-003
          11          15  -1.9789608978161436E-003
          11          16   1.6788528437680151E-003
          11          17   6.7458406724854618E-003
          11          18  -4.9049837324061281E-006
          11          19  -2.6720522643428810E-008
          11          20  -4.9878464837856147E-006
          11          21  -2.9938940230285524E-007
          11          22  -3.9933042479047377E-007
          11          23  -6.3267020227515883E-006
          11          24   2.9736080259765015E-006
          11          25  -2.2744177299082372E-007
          11          26   2.6826190853178576E-006
          11          27  -3.3375160756194441E-007
          11          28   1.1053789256590820E-007
          11          29  -5.6703029106630279E-007
          12           1   2.8577725245919545E-007
          12           2  -2.4222948906247202E-006
          12           3  -4.7003486485826412E-007
          12           4   8.2964125349506681E-006
          12           5   4.9202056562064297E-006
          12           6   2.4337105140654578E-004
          12           7  -8.1223928436715940E-005
          12           8  -8.8597793318460761E-005
          12           9  -6.3998972509890090E-003
          12          10   5.0236981069138784E-004
          12          11   5.4785310881585092E-004
          12          12  0.42280228309110729     
          12          13 -0.35863757528561691     
          12          14 -0.39113645768847671     
          12          15  -1.8885926602675691E-002
          12          16   1.6008124061636302E-002
          12          17   1.7458672010450583E-002
          12          18  -4.2623653770875859E-006
          12          19  -3.0775167575058450E-006
          12          20   2.0349170073117350E-006
          12          21  -1.9211538642870022E-005
          12          22  -1.1410286733425445E-006
          12          23   1.1993681453591977E-006
          12          24   2.2318271408146349E-006
          12          25  -1.4125584980677879E-006
          12          26   9.4813847355423736E-007
          12          27   7.9846380005688105E-008
          12          28  -9.4570341775176600E-007
          12          29  -2.0566596004541377E-006
          13           1  -1.1381560503666505E-007
          13           2   9.8975978576488680E-007
          13           3  -1.0780605451193468E-006
          13           4   8.9930039549796307E-006
          13           5  -4.4139780931230540E-006
          13           6  -8.1185680683233184E-005
          13           7   2.1652245079005077E-004
          13           8   7.5215523623971118E-005
          13           9   5.0236901851781739E-004
          13          10  -6.2338280950964406E-003
          13          11  -4.6483777679555503E-004
          13          12 -0.35863757528561691     
          13          13  0.30424014670352029     
          13          14  0.33179088573208593     
          13          15   1.6008115857900462E-002
          13          16  -1.3593804563492545E-002
          13          17  -1.4809738014496133E-002
          13          18   2.0090400312980207E-006
          13          19  -4.2843547134975086E-006
          13          20  -3.9706352990407109E-006
          13          21  -8.4927290726738780E-007
          13          22  -1.9322557433417719E-005
          13          23   3.0564875882295406E-006
          13          24  -1.8673723184694046E-006
          13          25   9.2616031254638088E-007
          13          26  -8.4314081355024399E-007
          13          27  -5.6125885598528097E-007
          13          28   5.1995695389846692E-007
          13          29   1.8570695766700996E-006
          14           1  -1.2712016185062634E-008
          14           2   1.6760469834828315E-007
          14           3  -5.8567436170026278E-006
          14           4   4.1797094813413556E-005
          14           5  -4.9976301235190994E-006
          14           6  -8.8584368468712062E-005
          14           7   7.5129886585408311E-005
          14           8   2.2953068716442441E-004
          14           9   5.4791603938460730E-004
          14          10  -4.6477516800818631E-004
          14          11  -6.3145305356947946E-003
          14          12 -0.39113645768847671     
          14          13  0.33179088573208593     
          14          14  0.36187420433212136     
          14          15   1.7458732876331314E-002
          14          16  -1.4809797418714181E-002
          14          17  -1.6166290313672879E-002
          14          18   1.1723417370749052E-005
          14          19  -1.3940299862607441E-007
          14          20   1.2190551147071653E-005
          14          21  -4.3689803946190115E-006
          14          22  -2.7945214812412837E-006
          14          23  -2.2293711038315234E-005
          14          24  -1.5641292348779106E-006
          14          25   2.6003028486938620E-007
          14          26  -5.3935111617087290E-007
          14          27  -1.5880860061104469E-006
          14          28   1.7039906550313372E-006
          14          29   1.6683614490407440E-006
          15           1  -2.6082681389554516E-008
          15           2   4.0584774478152889E-007
          15           3   4.6280878432882908E-007
          15           4  -7.4018821143441617E-006
          15           5  -2.0064982219224300E-007
          15           6  -1.3776525806325483E-004
          15           7   1.5187295233781336E-005
          15           8   1.6600293157685871E-005
          15           9   7.0541511709089361E-003
          15          10  -1.8145669576261538E-003
          15          11  -1.9789608978161436E-003
          15          12  -1.8885926602675691E-002
          15          13   1.6008115857900462E-002
          15          14   1.7458732876331314E-002
          15          15   8.7035679159236899E-004
          15          16  -7.2789744989764965E-004
          15          17  -7.9385435012128578E-004
          15          18   3.3947260108428012E-006
          15          19   2.7276609306629791E-006
          15          20  -1.8154778556127526E-006
          15          21   1.5762591433458542E-005
          15          22   3.1782466502963001E-007
          15          23  -1.5562102180497975E-006
          15          24  -1.0175542815239779E-007
          15          25   2.4160508534197639E-007
          15          26  -1.0123074888763783E-007
          15          27   4.3072681547758511E-007
          15          28  -6.7383691071009029E-008
          15          29   2.0562085705465568E-008
          16           1  -1.2846184117537889E-008
          16           2   8.3452642784143839E-009
          16           3   1.1199318172834490E-006
          16           4  -4.0545020630154256E-006
          16           5   3.3824627352113007E-007
          16           6   1.5133167226043189E-005
          16           7  -1.3275145163562041E-004
          16           8  -1.4119717786518363E-005
          16           9  -1.8145648720383483E-003
          16          10   6.4543016435178388E-003
          16          11   1.6788528437680151E-003
          16          12   1.6008124061636302E-002
          16          13  -1.3593804563492545E-002
          16          14  -1.4809797418714181E-002
          16          15  -7.2789744989764965E-004
          16          16   6.2972209876469747E-004
          16          17   6.7340700500984291E-004
          16          18  -1.5797964867821488E-006
          16          19   3.1789127992003924E-006
          16          20   3.2981121305946133E-006
          16          21   2.3146507766167353E-007
          16          22   1.5803486498674897E-005
          16          23  -1.9099058657952832E-006
          16          24   7.5751244340014099E-008
          16          25  -3.6826190452122526E-008
          16          26   1.1150563991502375E-007
          16          27  -2.6618020456108661E-008
          16          28   3.2476063800731740E-007
          16          29  -1.0438755587079871E-007
          17           1  -9.2505677715891747E-008
          17           2   6.4827399568464933E-007
          17           3   5.1918276737024867E-006
          17           4  -2.5965777962401699E-005
          17           5   5.9752499237473799E-007
          17           6   1.6561420382197182E-005
          17           7  -1.4037717011600224E-005
          17           8  -1.3516583216033386E-004
          17           9  -1.9790176406854531E-003
          17          10   1.6787381084603639E-003
          17          11   6.7458406724854618E-003
          17          12   1.7458672010450583E-002
          17          13  -1.4809738014496133E-002
          17          14  -1.6166290313672879E-002
          17          15  -7.9385435012128578E-004
          17          16   6.7340700500984291E-004
          17          17   7.4669133224030716E-004
          17          18  -9.3041627023807305E-006
          17          19  -4.7635890373359658E-008
          17          20  -9.4667224539847456E-006
          17          21   3.1195016498005447E-006
          17          22   2.6648017500964983E-006
          17          23   1.8207526812738199E-005
          17          24  -2.0934511857162289E-007
          17          25   2.5042521365745379E-007
          17          26  -1.8324005401166531E-007
          17          27   4.1433484627280521E-007
          17          28  -2.6577123834594665E-007
          17          29   2.0610417580533212E-007
          18           1   9.2807200565303766E-005
          18           2   4.5769471831552675E-003
          18           3  -2.6204822121037863E-002
          18           4   6.1557787144721123E-003
          18           5   6.1388114668763896E-004
          18           6  -3.1220234769227780E-007
          18           7  -1.7680716899022684E-007
          18           8  -1.2025106132858933E-006
          18           9  -2.5423225278432152E-007
          18          10  -1.2537677296237158E-006
          18          11  -4.9049837324061281E-006
          18          12  -4.2623653770875859E-006
          18          13   2.0090400312980207E-006
          18          14   1.1723417370749052E-005
          18          15   3.3947260108428012E-006
          18          16  -1.5797964867821488E-006
          18          17  -9.3041627023807305E-006
          18          18   1.9811457199530569     
          18          19   1.6980545813418226E-003
          18          20 -0.99024642124769657     
          18          21   1.8518394276320026E-003
          18          22  -1.2793073237300306E-003
          18          23 -0.99043892867276306     
          18          24   4.1414144130004146E-002
          18          25  -7.2366901495316905E-006
          18          26  -1.9730324513386167E-002
          18          27  -7.8813765947766861E-006
          18          28  -5.6760740078495842E-004
          18          29  -1.9815666249402029E-002
          19           1  -5.1863367584002890E-005
          19           2  -1.0539156389370039E-003
          19           3  -7.6489831553839486E-004
          19           4   1.2449775408702657E-002
          19           5  -6.8666193675087838E-003
          19           6   3.3517132679397951E-008
          19           7   2.8108056145357965E-008
          19           8   1.6073554751942886E-007
          19           9  -1.8708891055078652E-007
          19          10  -1.4648610215462844E-007
          19          11  -2.6720522643428810E-008
          19          12  -3.0775167575058450E-006
          19          13  -4.2843547134975086E-006
          19          14  -1.3940299862607441E-007
          19          15   2.7276609306629791E-006
          19          16   3.1789127992003924E-006
          19          17  -4.7635890373359658E-008
          19          18   1.6980545813418226E-003
          19          19   1.9814008642222127     
          19          20   1.7405672106778469E-003
          19          21  -6.1751195554619670E-006
          19          22   6.0915731535811672E-005
          19          23   1.4046744630283815E-003
          19          24  -2.7832975172647437E-003
          19          25   4.0225146866903441E-002
          19          26  -2.9368978125875046E-003
          19          27  -2.5358892246051977E-004
          19          28   1.0551539993437472E-004
          19          29  -2.2414706360173809E-003
          20           1   7.7958833378523649E-005
          20           2   4.2752130271340276E-003
          20           3  -2.6423810321411605E-002
          20           4   9.7201350237632253E-003
          20           5  -1.3520255317422698E-003
          20           6  -3.3496577610703036E-007
          20           7  -2.3277091689398502E-007
          20           8  -1.4262452714188529E-006
          20           9   4.3276728537379841E-008
          20          10  -1.5659140757682894E-006
          20          11  -4.9878464837856147E-006
          20          12   2.0349170073117350E-006
          20          13  -3.9706352990407109E-006
          20          14   1.2190551147071653E-005
          20          15  -1.8154778556127526E-006
          20          16   3.2981121305946133E-006
          20          17  -9.4667224539847456E-006
          20          18 -0.99024642124769657     
          20          19   1.7405672106778469E-003
          20          20   1.9821302291503395     
          20          21   1.5545436040986737E-003
          20          22  -1.6103039957103310E-003
          20          23 -0.99003680960269969     
          20          24  -2.0525108203878151E-002
          20          25  -1.6083607843415341E-004
          20          26   4.0571260900602257E-002
          20          27   5.0159654216774905E-004
          20          28   1.4877808882562927E-004
          20          29  -2.0457413212862825E-002
          21           1  -5.6562874838979997E-005
          21           2  -1.1494152921543916E-003
          21           3  -8.3420614951747706E-004
          21           4   1.3577920297496123E-002
          21           5  -7.4888433267487932E-003
          21           6   4.5059443327259423E-008
          21           7   1.0270147451353248E-009
          21           8   9.6170522881262880E-008
          21           9  -8.5343790361008534E-007
          21          10  -4.5197200783606189E-008
          21          11  -2.9938940230285524E-007
          21          12  -1.9211538642870022E-005
          21          13  -8.4927290726738780E-007
          21          14  -4.3689803946190115E-006
          21          15   1.5762591433458542E-005
          21          16   2.3146507766167353E-007
          21          17   3.1195016498005447E-006
          21          18   1.8518394276320026E-003
          21          19  -6.1751195554619670E-006
          21          20   1.5545436040986737E-003
          21          21   1.9813998096505745     
          21          22   3.1996832348370305E-005
          21          23   1.8757866097464555E-003
          21          24  -3.0355038616250857E-003
          21          25  -2.5358994318456748E-004
          21          26  -2.5260251314159340E-003
          21          27   4.0181073800468939E-002
          21          28   1.8293459822493014E-004
          21          29  -3.1215922606681961E-003
          22           1   4.7980874029295978E-005
          22           2   9.7502010232351842E-004
          22           3   7.0763635091069177E-004
          22           4  -1.1517806251421937E-002
          22           5   6.3525959383676465E-003
          22           6   8.1666663589395787E-008
          22           7  -5.2196128657068293E-009
          22           8   1.4450625879167616E-007
          22           9  -5.7684024540744652E-008
          22          10  -8.8631314221278517E-007
          22          11  -3.9933042479047377E-007
          22          12  -1.1410286733425445E-006
          22          13  -1.9322557433417719E-005
          22          14  -2.7945214812412837E-006
          22          15   3.1782466502963001E-007
          22          16   1.5803486498674897E-005
          22          17   2.6648017500964983E-006
          22          18  -1.2793073237300306E-003
          22          19   6.0915731535811672E-005
          22          20  -1.6103039957103310E-003
          22          21   3.1996832348370305E-005
          22          22   1.9814104135192996     
          22          23  -1.5911201124391666E-003
          22          24   2.0006499789409025E-003
          22          25   1.0551464404271122E-004
          22          26   2.7170342132190740E-003
          22          27   1.8293519811954655E-004
          22          28   4.0241560440628710E-002
          22          29   2.6479882940667644E-003
          23           1   8.5176425376791990E-005
          23           2   4.4218832269188870E-003
          23           3  -2.6317366143955887E-002
          23           4   7.9875085407934143E-003
          23           5  -3.9640184058974755E-004
          23           6  -3.6448246296505415E-007
          23           7  -2.0977085852411386E-007
          23           8  -1.4280916967858169E-006
          23           9   2.0198102902251375E-008
          23          10  -1.2394297576013224E-006
          23          11  -6.3267020227515883E-006
          23          12   1.1993681453591977E-006
          23          13   3.0564875882295406E-006
          23          14  -2.2293711038315234E-005
          23          15  -1.5562102180497975E-006
          23          16  -1.9099058657952832E-006
          23          17   1.8207526812738199E-005
          23          18 -0.99043892867276306     
          23          19   1.4046744630283815E-003
          23          20 -0.99003680960269969     
          23          21   1.8757866097464555E-003
          23          22  -1.5911201124391666E-003
          23          23   1.9816487063787460     
          23          24  -2.0224104272408922E-002
          23          25   5.3460128983329820E-004
          23          26  -2.0071067780122191E-002
          23          27  -9.3972628055566214E-005
          23          28   7.9738099400280529E-005
          23          29   4.0991937221675281E-002
          24           1  -2.3443375579420330E-004
          24           2  -1.2837405832597745E-003
          24           3  -2.1354493851364228E-002
          24           4  -7.2293921217541149E-004
          24           5   1.5120996878002335E-004
          24           6  -2.0225458484663262E-007
          24           7  -8.8191364917064145E-008
          24           8  -4.7095424778680389E-007
          24           9  -1.1311484717193909E-007
          24          10   4.8502321993521994E-007
          24          11   2.9736080259765015E-006
          24          12   2.2318271408146349E-006
          24          13  -1.8673723184694046E-006
          24          14  -1.5641292348779106E-006
          24          15  -1.0175542815239779E-007
          24          16   7.5751244340014099E-008
          24          17  -2.0934511857162289E-007
          24          18   4.1414144130004146E-002
          24          19  -2.7832975172647437E-003
          24          20  -2.0525108203878151E-002
          24          21  -3.0355038616250857E-003
          24          22   2.0006499789409025E-003
          24          23  -2.0224104272408922E-002
          24          24   1.2469249487453773E-003
          24          25  -5.4600903338726048E-004
          24          26  -1.9795611850259589E-004
          24          27  -5.9548678255584337E-004
          24          28   4.6555753461724144E-004
          24          29  -1.2791905176899804E-004
          25           1  -6.9129145462120864E-007
          25           2  -5.6819673535311237E-005
          25           3  -5.8110127134407518E-005
          25           4  -3.0953029555568674E-003
          25           5  -9.2268405608759529E-004
          25           6   3.9463915682872090E-008
          25           7  -5.7658488302213662E-008
          25           8   1.8236523870552804E-007
          25           9  -3.6540809511798614E-007
          25          10  -4.7800992516174890E-007
          25          11  -2.2744177299082372E-007
          25          12  -1.4125584980677879E-006
          25          13   9.2616031254638088E-007
          25          14   2.6003028486938620E-007
          25          15   2.4160508534197639E-007
          25          16  -3.6826190452122526E-008
          25          17   2.5042521365745379E-007
          25          18  -7.2366901495316905E-006
          25          19   4.0225146866903441E-002
          25          20  -1.6083607843415341E-004
          25          21  -2.5358994318456748E-004
          25          22   1.0551464404271122E-004
          25          23   5.3460128983329820E-004
          25          24  -5.4600903338726048E-004
          25          25   2.5036579517797386E-003
          25          26  -7.5155653747443137E-005
          25          27   1.8164977410393651E-003
          25          28  -1.5484414377685816E-003
          25          29  -2.6126081962951056E-004
          26           1  -2.3463167083041651E-004
          26           2  -1.3000080333957797E-003
          26           3  -2.1371130953436353E-002
          26           4  -1.6091187781151072E-003
          26           5  -1.1295423475073550E-004
          26           6   1.2748498410742644E-008
          26           7  -1.6373113993540305E-007
          26           8  -3.5515356892337314E-007
          26           9   6.2019204120385186E-007
          26          10  -1.1410861589993350E-007
          26          11   2.6826190853178576E-006
          26          12   9.4813847355423736E-007
          26          13  -8.4314081355024399E-007
          26          14  -5.3935111617087290E-007
          26          15  -1.0123074888763783E-007
          26          16   1.1150563991502375E-007
          26          17  -1.8324005401166531E-007
          26          18  -1.9730324513386167E-002
          26          19  -2.9368978125875046E-003
          26          20   4.0571260900602257E-002
          26          21  -2.5260251314159340E-003
          26          22   2.7170342132190740E-003
          26          23  -2.0071067780122191E-002
          26          24  -1.9795611850259589E-004
          26          25  -7.5155653747443137E-005
          26          26   1.0690864022170528E-003
          26          27  -3.5308624249669041E-005
          26          28   6.9529119647468804E-005
          26          29  -2.0271849093794872E-004
          27           1  -7.5393412927831335E-007
          27           2  -6.1968553417048909E-005
          27           3  -6.3376494718791457E-005
          27           4  -3.3757682674460353E-003
          27           5  -1.0062958558676629E-003
          27           6  -3.0385748715875866E-007
          27           7   1.8502559454119951E-008
          27           8  -5.0184830451521621E-008
          27           9  -1.9399686720028993E-006
          27          10   3.2910302448164555E-008
          27          11  -3.3375160756194441E-007
          27          12   7.9846380005688105E-008
          27          13  -5.6125885598528097E-007
          27          14  -1.5880860061104469E-006
          27          15   4.3072681547758511E-007
          27          16  -2.6618020456108661E-008
          27          17   4.1433484627280521E-007
          27          18  -7.8813765947766861E-006
          27          19  -2.5358892246051977E-004
          27          20   5.0159654216774905E-004
          27          21   4.0181073800468939E-002
          27          22   1.8293519811954655E-004
          27          23  -9.3972628055566214E-005
          27          24  -5.9548678255584337E-004
          27          25   1.8164977410393651E-003
          27          26  -3.5308624249669041E-005
          27          27   2.8191943631343018E-003
          27          28  -1.6840798766829044E-003
          27          29  -3.3159326272792457E-004
          28           1   6.3954225490848322E-007
