           1           1   2.0018778798741068     
           1           2   4.7413285264836229E-002
           1           3  0.10125648095550102     
           1           4 -0.13056859002243904     
           1           5   1.9032317413754177E-002
           1           6   2.0185165297764236E-015
           1           7  -1.7817891451758525E-014
           1           8  -2.2811337546104435E-013
           1           9   7.3228250901057456E-014
           1          10  -3.8011981958719871E-013
           1          11   7.1941533807900413E-014
           1          12  -5.0437220619343399E-014
           1          13   1.1284665760487020E-013
           1          14   1.7143209290965286E-014
           1          15   4.0359472740162936E-014
           1          16  -9.6327503578708694E-014
           1          17  -7.6565460566003148E-015
           1          18  -4.4120964233096298E-002
           1          19  -7.1200425683291929E-005
           1          20  -4.4267044051597669E-002
           1          21   1.2299318991243144E-005
           1          22   3.2883079581610734E-005
           1          23  -4.4102271326455139E-002
           1          24   3.3763825678641529E-002
           1          25  -1.3661621550338537E-004
           1          26   3.3500847789381123E-002
           1          27   2.3612347967785289E-005
           1          28   6.3098527671008259E-005
           1          29   3.3797513883322777E-002
           2           1   4.7413285264836229E-002
           2           2   2.9098768996796265     
           2           3   1.9447052183986291     
           2           4  -1.2899735672308159     
           2           5  0.14348063015970383     
           2           6   1.3169978032397119E-012
           2           7  -5.5561354188434473E-013
           2           8   7.8122167876135618E-012
           2           9   1.1174210101096137E-012
           2          10  -5.9517332353280592E-012
           2          11   5.7002937111396939E-013
           2          12  -7.3249079028563774E-013
           2          13   1.7480258978307784E-012
           2          14   6.4483784998802817E-013
           2          15   5.8402854431235191E-013
           2          16  -1.4684079148407737E-012
           2          17  -4.0930148072180356E-013
           2          18 -0.87293462161551894     
           2          19  -8.8387870795504815E-004
           2          20 -0.87475438386520832     
           2          21   1.5267926776113606E-004
           2          22   4.0820780808310385E-004
           2          23 -0.87270176908040442     
           2          24  0.33211793356107178     
           2          25  -2.0835820383226706E-003
           2          26  0.32810438391786151     
           2          27   3.6011894727049597E-004
           2          28   9.6233748573493129E-004
           2          29  0.33263207654069382     
           3           1  0.10125648095550102     
           3           2   1.9447052183986291     
           3           3   6.1850534406566187     
           3           4  -2.0923551165989962     
           3           5  -3.0440454100723324E-003
           3           6  -4.4283483865098710E-013
           3           7  -5.1097020492729045E-013
           3           8  -1.1450807856154002E-011
           3           9   2.6806884029894072E-012
           3          10  -1.3494632455716840E-011
           3          11   2.7267268087192238E-012
           3          12  -1.5165269558472790E-012
           3          13   4.3871903829634219E-012
           3          14  -2.7522944980859949E-013
           3          15   1.2362585460946848E-012
           3          16  -3.6418067310640650E-012
           3          17   3.3737665993468271E-013
           3          18  -1.8361320647942523     
           3          19  -1.9352043301233627E-003
           3          20  -1.8400648235954364     
           3          21   3.3430545220446416E-004
           3          22   8.9375561366408470E-004
           3          23  -1.8356287764733388     
           3          24  0.69356616707452279     
           3          25  -2.0219219555861552E-003
           3          26  0.68969022495272947     
           3          27   3.4947174467094932E-004
           3          28   9.3386174531838743E-004
           3          29  0.69406271267374597     
           4           1 -0.13056859002243904     
           4           2  -1.2899735672308159     
           4           3  -2.0923551165989962     
           4           4   5.4717612078538149     
           4           5  -1.0312374088466247     
           4           6  -5.7876316255570217E-014
           4           7  -2.1240539244948519E-013
           4           8  -5.4695688562200652E-012
           4           9   1.4025180645533945E-012
           4          10  -5.4707064162128222E-012
           4          11   5.1214923656711431E-013
           4          12   5.9296067542925586E-013
           4          13   4.1786420107420243E-012
           4          14  -6.6482550750336424E-012
           4          15  -4.4942188347015407E-013
           4          16  -3.1625990343064194E-012
           4          17   4.7363999752915875E-012
           4          18   1.6075094074133387     
           4          19  -2.0532545590548159E-003
           4          20   1.6036932967151802     
           4          21   3.5488639717160409E-004
           4          22   9.4833300932119973E-004
           4          23   1.6079982940088948     
           4          24  -1.1392847084391406     
           4          25   1.7177297983529828E-002
           4          26  -1.1060670024111028     
           4          27  -2.9688031059287661E-003
           4          28  -7.9336063090289406E-003
           4          29  -1.1435397708287995     
           5           1   1.9032317413754177E-002
           5           2  0.14348063015970383     
           5           3  -3.0440454100723324E-003
           5           4  -1.0312374088466247     
           5           5  0.22767343957994318     
           5           6  -1.3014098519404921E-014
           5           7  -1.1404395549092666E-013
           5           8   1.7158757167627740E-012
           5           9   2.8015883073509271E-013
           5          10  -1.6567393034177999E-012
           5          11   4.4781814823620329E-013
           5          12  -2.8840441645715222E-013
           5          13   1.5925648094147557E-013
           5          14   1.3179268701239597E-012
           5          15   2.2738045922301899E-013
           5          16  -1.7774571370928148E-013
           5          17  -9.2349381036480583E-013
           5          18 -0.19627012382864722     
           5          19   7.4467853907192623E-004
           5          20 -0.19483433041662584     
           5          21  -1.2868947297898427E-004
           5          22  -3.4393683260295640E-004
           5          23 -0.19645399803767497     
           5          24  0.19039052492234579     
           5          25  -3.9179403359127611E-003
           5          26  0.18280899264678308     
           5          27   6.7714775984946646E-004
           5          28   1.8095621749550253E-003
           5          29  0.19136168594144259     
           6           1   2.0185165297764236E-015
           6           2   1.3169978032397119E-012
           6           3  -4.4283483865098710E-013
           6           4  -5.7876316255570217E-014
           6           5  -1.3014098519404921E-014
           6           6   2.0002680416423040     
           6           7  -4.2235336352780026E-006
           6           8   7.2966403063570685E-007
           6           9   1.9409486671855987E-003
           6          10  -3.4710669864529550E-004
           6          11   5.9966673199406324E-005
           6          12   3.9024200808747564E-002
           6          13  -2.6915353551312518E-003
           6          14   4.6499367931654434E-004
           6          15  -3.1864517880287685E-002
           6          16   1.9105887651296876E-003
           6          17  -3.3007617671373989E-004
           6          18   1.8485133883954532E-013
           6          19  -1.8341352594476667E-014
           6          20   1.4267185433438347E-013
           6          21   5.2709570165695839E-014
           6          22  -7.8611237959398917E-014
           6          23   3.2681819665489330E-013
           6          24  -1.2902292782429813E-014
           6          25   3.8469526866952817E-014
           6          26   5.0626335938841152E-014
           6          27  -1.0199426319871888E-013
           6          28   4.7536559973911912E-015
           6          29   9.6919957303571013E-014
           7           1  -1.7817891451758525E-014
           7           2  -5.5561354188434473E-013
           7           3  -5.1097020492729045E-013
           7           4  -2.1240539244948519E-013
           7           5  -1.1404395549092666E-013
           7           6  -4.2235336352780026E-006
           7           7   2.0002583307429611     
           7           8   1.9506141603191638E-006
           7           9  -3.4710669901843186E-004
           7          10   1.1428685549901509E-003
           7          11   1.6030918094527902E-004
           7          12  -2.6915353549042276E-003
           7          13   3.2835726646421155E-002
           7          14   1.2430697231852949E-003
           7          15   1.9105887649198655E-003
           7          16  -2.7471623993657150E-002
           7          17  -8.8239414834910567E-004
           7          18   1.5235147151964630E-013
           7          19  -1.3808434233909888E-013
           7          20   2.2690727917121476E-013
           7          21  -9.8163755713141814E-014
           7          22   3.7013358801727193E-013
           7          23   2.8983731920396148E-013
           7          24   1.4802041127807086E-013
           7          25  -1.0364633536137959E-015
           7          26  -4.5873173132853581E-014
           7          27   5.8020482490121379E-014
           7          28  -2.4235538123735163E-014
           7          29   1.2769397845914695E-013
           8           1  -2.2811337546104435E-013
           8           2   7.8122167876135618E-012
           8           3  -1.1450807856154002E-011
           8           4  -5.4695688562200652E-012
           8           5   1.7158757167627740E-012
           8           6   7.2966403063570685E-007
           8           7   1.9506141603191638E-006
           8           8   2.0002692845437604     
           8           9   5.9966671913264666E-005
           8          10   1.6030918114021261E-004
           8          11   2.0430952220217968E-003
           8          12   4.6499367604907471E-004
           8          13   1.2430697225815973E-003
           8          14   3.9816265794185957E-002
           8          15  -3.3007617419475530E-004
           8          16  -8.8239414729379792E-004
           8          17  -3.2426765914295025E-002
           8          18   4.9246255276619678E-012
           8          19  -7.5996593708591454E-013
           8          20   4.5783152918846517E-012
           8          21   3.8427907937965707E-013
           8          22  -5.0229429297623466E-013
           8          23   7.0635912421111790E-012
           8          24   7.9620994747601262E-013
           8          25   2.3851775532160805E-013
           8          26   1.4552193986716739E-012
           8          27  -1.4285853988918282E-012
           8          28  -1.4533716216302401E-013
           8          29   1.8397422008426176E-012
           9           1   7.3228250901057456E-014
           9           2   1.1174210101096137E-012
           9           3   2.6806884029894072E-012
           9           4   1.4025180645533945E-012
           9           5   2.8015883073509271E-013
           9           6   1.9409486671855987E-003
           9           7  -3.4710669901843186E-004
           9           8   5.9966671913264666E-005
           9           9   1.9498122946262348     
           9          10  -2.8413348119068225E-002
           9          11   4.9087325788207195E-003
           9          12   6.9055795177047630E-003
           9          13 -0.21973959164328674     
           9          14   3.7962540979161741E-002
           9          15   5.7368404019358332E-002
           9          16  0.15601987927713640     
           9          17  -2.6954228030919458E-002
           9          18  -8.9381677712476323E-013
           9          19   5.3806046690767501E-013
           9          20  -1.1105518260304556E-012
           9          21   3.2077286072891588E-013
           9          22  -1.2721648791070516E-012
           9          23  -1.5896426648794244E-012
           9          24  -6.4906793541388452E-013
           9          25  -4.0463220977162457E-014
           9          26  -1.5707954139196191E-014
           9          27  -3.1017041056786808E-014
           9          28   1.3506730705739008E-013
           9          29  -7.0085710225145855E-013
          10           1  -3.8011981958719871E-013
          10           2  -5.9517332353280592E-012
          10           3  -1.3494632455716840E-011
          10           4  -5.4707064162128222E-012
          10           5  -1.6567393034177999E-012
          10           6  -3.4710669864529550E-004
          10           7   1.1428685549901509E-003
          10           8   1.6030918114021261E-004
          10           9  -2.8413348119068225E-002
          10          10   1.8844833104149035     
          10          11   1.3122537183581189E-002
          10          12 -0.21973959164513523     
          10          13 -0.49832753320931789     
          10          14  0.10148543388634536     
          10          15  0.15601987927905961     
          10          16  0.41609487959382663     
          10          17  -7.2056860691921715E-002
          10          18   4.6337805516178457E-012
          10          19  -2.7391431365652081E-012
          10          20   5.7413467901549785E-012
          10          21  -1.5598785264393635E-012
          10          22   6.4046970938793319E-012
          10          23   8.0872242030339595E-012
          10          24   2.8754003717867962E-012
          10          25   1.7176019489672689E-013
          10          26  -3.1032176813368551E-013
          10          27   3.4641102338073662E-013
          10          28  -6.4232199387337428E-013
          10          29   3.1167535137643828E-012
          11           1   7.1941533807900413E-014
          11           2   5.7002937111396939E-013
          11           3   2.7267268087192238E-012
          11           4   5.1214923656711431E-013
          11           5   4.4781814823620329E-013
          11           6   5.9966673199406324E-005
          11           7   1.6030918094527902E-004
          11           8   2.0430952220217968E-003
          11           9   4.9087325788207195E-003
          11          10   1.3122537183581189E-002
          11          11   1.9581737743045908     
          11          12   3.7962540980639947E-002
          11          13  0.10148543388162845     
          11          14   7.1570543408767007E-002
          11          15  -2.6954228032303906E-002
          11          16  -7.2056860687525010E-002
          11          17   1.1454876173843720E-002
          11          18  -1.0083932310295709E-012
          11          19   4.9513604559731220E-013
          11          20  -1.1874369424099368E-012
          11          21   2.4507329009531675E-013
          11          22  -1.0487378275122681E-012
          11          23  -1.6943697261788653E-012
          11          24  -5.0354695693473941E-013
          11          25  -4.6626095178342154E-014
          11          26  -8.5992460812058332E-015
          11          27   1.5401738553135413E-014
          11          28   1.1718709461870155E-013
          11          29  -5.3739847835276461E-013
          12           1  -5.0437220619343399E-014
          12           2  -7.3249079028563774E-013
          12           3  -1.5165269558472790E-012
          12           4   5.9296067542925586E-013
          12           5  -2.8840441645715222E-013
          12           6   3.9024200808747564E-002
          12           7  -2.6915353549042276E-003
          12           8   4.6499367604907471E-004
          12           9   6.9055795177047630E-003
          12          10 -0.21973959164513523     
          12          11   3.7962540980639947E-002
          12          12   4.8755437628452682     
          12          13  -1.6996075172604694     
          12          14  0.29362674036877012     
          12          15  -3.4837785805867587     
          12          16   1.2073349625172671     
          12          17 -0.20858099648130260     
          12          18   7.3956122028757046E-013
          12          19  -2.1726648490557831E-013
          12          20   7.7674281011034184E-013
          12          21   2.3452809997479661E-014
          12          22   4.6854281839478626E-013
          12          23   9.4776107859303611E-013
          12          24  -2.3356895265834309E-014
          12          25   2.2016930253625727E-014
          12          26  -2.2884024520516741E-013
          12          27  -1.0430814807903955E-014
          12          28  -5.0405802837781737E-014
          12          29   1.4204954329660728E-014
          13           1   1.1284665760487020E-013
          13           2   1.7480258978307784E-012
          13           3   4.3871903829634219E-012
          13           4   4.1786420107420243E-012
          13           5   1.5925648094147557E-013
          13           6  -2.6915353551312518E-003
          13           7   3.2835726646421155E-002
          13           8   1.2430697225815973E-003
          13           9 -0.21973959164328674     
          13          10 -0.49832753320931789     
          13          11  0.10148543388162845     
          13          12  -1.6996075172604694     
          13          13  0.96774549154947043     
          13          14  0.78495370373532669     
          13          15   1.2073349625171090     
          13          16 -0.70783093885986181     
          13          17 -0.55760052885863243     
          13          18  -1.2145865779662990E-012
          13          19   1.0198625424693462E-012
          13          20  -1.6685099324967646E-012
          13          21   5.6934088935284043E-013
          13          22  -2.2057126649694025E-012
          13          23  -2.5184557906944566E-012
          13          24  -1.4624539994285620E-012
          13          25  -5.6747864853413239E-014
          13          26  -2.7090074403461027E-013
          13          27  -1.2553080441399067E-013
          13          28   2.1844541732609009E-013
          13          29  -1.5553100368428783E-012
          14           1   1.7143209290965286E-014
          14           2   6.4483784998802817E-013
          14           3  -2.7522944980859949E-013
          14           4  -6.6482550750336424E-012
          14           5   1.3179268701239597E-012
          14           6   4.6499367931654434E-004
          14           7   1.2430697231852949E-003
          14           8   3.9816265794185957E-002
          14           9   3.7962540979161741E-002
          14          10  0.10148543388634536     
          14          11   7.1570543408767007E-002
          14          12  0.29362674036877012     
          14          13  0.78495370373532669     
          14          14   5.3757042387638547     
          14          15 -0.20858099648124295     
          14          16 -0.55760052885882294     
          14          17  -3.8390730961225659     
          14          18  -4.8693281966349067E-013
          14          19  -1.9444097961353316E-013
          14          20  -4.1008328163642298E-013
          14          21  -6.1338183421372261E-014
          14          22   3.6375275822888423E-013
          14          23   6.3240797379702450E-014
          14          24   1.2500601153939656E-012
          14          25  -1.5684844405178690E-014
          14          26   1.0094653553336233E-012
          14          27  -2.9047192848266575E-014
          14          28  -2.7976808380455171E-014
          14          29   1.2636008522268870E-012
          15           1   4.0359472740162936E-014
          15           2   5.8402854431235191E-013
          15           3   1.2362585460946848E-012
          15           4  -4.4942188347015407E-013
          15           5   2.2738045922301899E-013
          15           6  -3.1864517880287685E-002
          15           7   1.9105887649198655E-003
          15           8  -3.3007617419475530E-004
          15           9   5.7368404019358332E-002
          15          10  0.15601987927905961     
          15          11  -2.6954228032303906E-002
          15          12  -3.4837785805867587     
          15          13   1.2073349625171090     
          15          14 -0.20858099648124295     
          15          15   2.4913465838778097     
          15          16 -0.85764778350734150     
          15          17  0.14816851567107445     
          15          18  -6.0112207845304169E-013
          15          19   1.7980833461932357E-013
          15          20  -6.2869582374424042E-013
          15          21  -1.7435021494201358E-014
          15          22  -3.8686284391975025E-013
          15          23  -7.6941607755310278E-013
          15          24   1.3181073944458824E-014
          15          25  -1.7850349562762911E-014
          15          26   1.8220549503694767E-013
          15          27   7.6784974390614647E-015
          15          28   4.1678513208175699E-014
          15          29  -1.6542967468875938E-014
          16           1  -9.6327503578708694E-014
          16           2  -1.4684079148407737E-012
          16           3  -3.6418067310640650E-012
          16           4  -3.1625990343064194E-012
          16           5  -1.7774571370928148E-013
          16           6   1.9105887651296876E-003
          16           7  -2.7471623993657150E-002
          16           8  -8.8239414729379792E-004
          16           9  0.15601987927713640     
          16          10  0.41609487959382663     
          16          11  -7.2056860687525010E-002
          16          12   1.2073349625172671     
          16          13 -0.70783093885986181     
          16          14 -0.55760052885882294     
          16          15 -0.85764778350734150     
          16          16  0.51941218623863039     
          16          17  0.39609956847515415     
          16          18   1.0470090488180181E-012
          16          19  -8.3000523208878587E-013
          16          20   1.4143447046839194E-012
          16          21  -4.6277629937355716E-013
          16          22   1.7986674493937097E-012
          16          23   2.1107903188951041E-012
          16          24   1.1444345846137476E-012
          16          25   4.6968548169928203E-014
          16          26   1.7616449251151496E-013
          16          27   1.0214212950153229E-013
          16          28  -1.7862715792045125E-013
          16          29   1.2188557401645728E-012
          17           1  -7.6565460566003148E-015
          17           2  -4.0930148072180356E-013
          17           3   3.3737665993468271E-013
          17           4   4.7363999752915875E-012
          17           5  -9.2349381036480583E-013
          17           6  -3.3007617671373989E-004
          17           7  -8.8239414834910567E-004
          17           8  -3.2426765914295025E-002
          17           9  -2.6954228030919458E-002
          17          10  -7.2056860691921715E-002
          17          11   1.1454876173843720E-002
          17          12 -0.20858099648130260     
          17          13 -0.55760052885863243     
          17          14  -3.8390730961225659     
          17          15  0.14816851567107445     
          17          16  0.39609956847515415     
          17          17   2.7437351613662737     
          17          18   2.7525541283780499E-013
          17          19   1.5850744364494782E-013
          17          20   2.2037471716990822E-013
          17          21   5.0305118582983940E-014
          17          22  -2.9506293875028161E-013
          17          23  -1.6520234212631906E-013
          17          24  -9.0112056394478133E-013
          17          25   9.0569702299647530E-015
          17          26  -7.1324701089364888E-013
          17          27   2.5000595529880771E-014
          17          28   2.4457228269733709E-014
          17          29  -9.1305328819560610E-013
          18           1  -4.4120964233096298E-002
          18           2 -0.87293462161551894     
          18           3  -1.8361320647942523     
          18           4   1.6075094074133387     
          18           5 -0.19627012382864722     
          18           6   1.8485133883954532E-013
          18           7   1.5235147151964630E-013
          18           8   4.9246255276619678E-012
          18           9  -8.9381677712476323E-013
          18          10   4.6337805516178457E-012
          18          11  -1.0083932310295709E-012
          18          12   7.3956122028757046E-013
          18          13  -1.2145865779662990E-012
          18          14  -4.8693281966349067E-013
          18          15  -6.0112207845304169E-013
          18          16   1.0470090488180181E-012
          18          17   2.7525541283780499E-013
          18          18   2.9295365222364258     
          18          19   8.5100023976595620E-004
          18          20 -0.20763595979785138     
          18          21  -1.4699603666651985E-004
          18          22  -4.3067610183856022E-004
          18          23 -0.20980507901737583     
          18          24 -0.68742449872015732     
          18          25   2.5556994300745105E-003
          18          26 -0.27477150556807800     
          18          27  -4.4170724493981540E-004
          18          28  -1.0221536243786458E-003
          18          29 -0.27956598695072199     
          19           1  -7.1200425683291929E-005
          19           2  -8.8387870795504815E-004
          19           3  -1.9352043301233627E-003
          19           4  -2.0532545590548159E-003
          19           5   7.4467853907192623E-004
          19           6  -1.8341352594476667E-014
          19           7  -1.3808434233909888E-013
          19           8  -7.5996593708591454E-013
          19           9   5.3806046690767501E-013
          19          10  -2.7391431365652081E-012
          19          11   4.9513604559731220E-013
          19          12  -2.1726648490557831E-013
          19          13   1.0198625424693462E-012
          19          14  -1.9444097961353316E-013
          19          15   1.7980833461932357E-013
          19          16  -8.3000523208878587E-013
          19          17   1.5850744364494782E-013
          19          18   8.5100023976595620E-004
          19          19   2.0918353995501535     
          19          20   8.5858049695022875E-004
          19          21   2.1045336040858916E-005
          19          22   6.3176931316002137E-006
          19          23   9.3155931439341570E-004
          19          24  -5.4560464206319339E-005
          19          25 -0.26824636828849530     
          19          26  -1.0168450102361767E-004
          19          27  -8.5694192394268021E-005
          19          28  -2.2353141232771671E-005
          19          29  -3.8608555329589905E-004
          20           1  -4.4267044051597669E-002
          20           2 -0.87475438386520832     
          20           3  -1.8400648235954364     
          20           4   1.6036932967151802     
          20           5 -0.19483433041662584     
          20           6   1.4267185433438347E-013
          20           7   2.2690727917121476E-013
          20           8   4.5783152918846517E-012
          20           9  -1.1105518260304556E-012
          20          10   5.7413467901549785E-012
          20          11  -1.1874369424099368E-012
          20          12   7.7674281011034184E-013
          20          13  -1.6685099324967646E-012
          20          14  -4.1008328163642298E-013
          20          15  -6.2869582374424042E-013
          20          16   1.4143447046839194E-012
          20          17   2.2037471716990822E-013
          20          18 -0.20763595979785138     
          20          19   8.5858049695022875E-004
          20          20   2.9330724646411688     
          20          21  -1.6239061503859454E-004
          20          22  -3.9652323187766212E-004
          20          23 -0.20788389931718471     
          20          24 -0.27989844226177507     
          20          25   2.5071379589992351E-003
          20          26 -0.68277947048539278     
          20          27  -3.7412640984349070E-004
          20          28  -1.1579605325746441E-003
          20          29 -0.28043092861575364     
          21           1   1.2299318991243144E-005
          21           2   1.5267926776113606E-004
          21           3   3.3430545220446416E-004
          21           4   3.5488639717160409E-004
          21           5  -1.2868947297898427E-004
          21           6   5.2709570165695839E-014
          21           7  -9.8163755713141814E-014
          21           8   3.8427907937965707E-013
          21           9   3.2077286072891588E-013
          21          10  -1.5598785264393635E-012
          21          11   2.4507329009531675E-013
          21          12   2.3452809997479661E-014
          21          13   5.6934088935284043E-013
          21          14  -6.1338183421372261E-014
          21          15  -1.7435021494201358E-014
          21          16  -4.6277629937355716E-013
          21          17   5.0305118582983940E-014
          21          18  -1.4699603666651985E-004
          21          19   2.1045336040858916E-005
          21          20  -1.6239061503859454E-004
          21          21   2.0919535817911070     
          21          22  -4.6720405841643210E-005
          21          23  -1.4682818336538713E-004
          21          24   9.4089644041325557E-006
          21          25  -8.5694964383104064E-005
          21          26   7.5866205597159355E-005
          21          27 -0.26872759619457443     
          21          28   1.9273965970555051E-004
          21          29   8.3656706445407509E-006
          22           1   3.2883079581610734E-005
          22           2   4.0820780808310385E-004
          22           3   8.9375561366408470E-004
          22           4   9.4833300932119973E-004
          22           5  -3.4393683260295640E-004
          22           6  -7.8611237959398917E-014
          22           7   3.7013358801727193E-013
          22           8  -5.0229429297623466E-013
          22           9  -1.2721648791070516E-012
          22          10   6.4046970938793319E-012
          22          11  -1.0487378275122681E-012
          22          12   4.6854281839478626E-013
          22          13  -2.2057126649694025E-012
          22          14   3.6375275822888423E-013
          22          15  -3.8686284391975025E-013
          22          16   1.7986674493937097E-012
          22          17  -2.9506293875028161E-013
          22          18  -4.3067610183856022E-004
          22          19   6.3176931316002137E-006
          22          20  -3.9652323187766212E-004
          22          21  -4.6720405841643210E-005
          22          22   2.0918461603791623     
          22          23  -3.9257361121802548E-004
          22          24   1.8109315544899315E-004
          22          25  -2.2353375609477008E-005
          22          26   4.6957950112843359E-005
          22          27   1.9273934365704332E-004
          22          28 -0.26828444162385690     
          22          29   2.2404949850645892E-005
          23           1  -4.4102271326455139E-002
          23           2 -0.87270176908040442     
          23           3  -1.8356287764733388     
          23           4   1.6079982940088948     
          23           5 -0.19645399803767497     
          23           6   3.2681819665489330E-013
          23           7   2.8983731920396148E-013
          23           8   7.0635912421111790E-012
          23           9  -1.5896426648794244E-012
          23          10   8.0872242030339595E-012
          23          11  -1.6943697261788653E-012
          23          12   9.4776107859303611E-013
          23          13  -2.5184557906944566E-012
          23          14   6.3240797379702450E-014
          23          15  -7.6941607755310278E-013
          23          16   2.1107903188951041E-012
          23          17  -1.6520234212631906E-013
          23          18 -0.20980507901737583     
          23          19   9.3155931439341570E-004
          23          20 -0.20788389931718471     
          23          21  -1.4682818336538713E-004
          23          22  -3.9257361121802548E-004
          23          23   2.9290862084148781     
          23          24 -0.27890931663288715     
          23          25   2.2192978260836878E-003
          23          26 -0.27464732624905341     
          23          27  -4.4278215729308640E-004
          23          28  -1.1832619300053103E-003
          23          29 -0.68803310881076107     
          24           1   3.3763825678641529E-002
          24           2  0.33211793356107178     
          24           3  0.69356616707452279     
          24           4  -1.1392847084391406     
          24           5  0.19039052492234579     
          24           6  -1.2902292782429813E-014
          24           7   1.4802041127807086E-013
          24           8   7.9620994747601262E-013
          24           9  -6.4906793541388452E-013
          24          10   2.8754003717867962E-012
          24          11  -5.0354695693473941E-013
          24          12  -2.3356895265834309E-014
          24          13  -1.4624539994285620E-012
          24          14   1.2500601153939656E-012
          24          15   1.3181073944458824E-014
          24          16   1.1444345846137476E-012
          24          17  -9.0112056394478133E-013
          24          18 -0.68742449872015732     
          24          19  -5.4560464206319339E-005
          24          20 -0.27989844226177507     
          24          21   9.4089644041325557E-006
          24          22   1.8109315544899315E-004
          24          23 -0.27890931663288715     
          24          24  0.29284306163180740     
          24          25  -2.8389601858576511E-003
          24          26  0.23398308230109408     
          24          27   4.9066393192382588E-004
          24          28   1.2747819235639768E-003
          24          29  0.23998689094202369     
          25           1  -1.3661621550338537E-004
          25           2  -2.0835820383226706E-003
          25           3  -2.0219219555861552E-003
          25           4   1.7177297983529828E-002
          25           5  -3.9179403359127611E-003
          25           6   3.8469526866952817E-014
          25           7  -1.0364633536137959E-015
          25           8   2.3851775532160805E-013
          25           9  -4.0463220977162457E-014
          25          10   1.7176019489672689E-013
          25          11  -4.6626095178342154E-014
          25          12   2.2016930253625727E-014
          25          13  -5.6747864853413239E-014
          25          14  -1.5684844405178690E-014
          25          15  -1.7850349562762911E-014
          25          16   4.6968548169928203E-014
          25          17   9.0569702299647530E-015
          25          18   2.5556994300745105E-003
          25          19 -0.26824636828849530     
          25          20   2.5071379589992351E-003
          25          21  -8.5694964383104064E-005
          25          22  -2.2353375609477008E-005
          25          23   2.2192978260836878E-003
          25          24  -2.8389601858576511E-003
          25          25   3.4776170926258232E-002
          25          26  -2.6567237290740669E-003
          25          27   4.4284539759366758E-006
          25          28  -3.5715000404911367E-005
          25          29  -2.7834096733266134E-003
          26           1   3.3500847789381123E-002
          26           2  0.32810438391786151     
          26           3  0.68969022495272947     
          26           4  -1.1060670024111028     
          26           5  0.18280899264678308     
          26           6   5.0626335938841152E-014
          26           7  -4.5873173132853581E-014
          26           8   1.4552193986716739E-012
          26           9  -1.5707954139196191E-014
          26          10  -3.1032176813368551E-013
          26          11  -8.5992460812058332E-015
          26          12  -2.2884024520516741E-013
          26          13  -2.7090074403461027E-013
          26          14   1.0094653553336233E-012
          26          15   1.8220549503694767E-013
          26          16   1.7616449251151496E-013
          26          17  -7.1324701089364888E-013
          26          18 -0.27477150556807800     
          26          19  -1.0168450102361767E-004
          26          20 -0.68277947048539278     
          26          21   7.5866205597159355E-005
          26          22   4.6957950112843359E-005
          26          23 -0.27464732624905341     
          26          24  0.23398308230109408     
          26          25  -2.6567237290740669E-003
          26          26  0.28223260179905507     
          26          27   4.4554021392947951E-004
          26          28   1.2270491985826048E-003
          26          29  0.23461962029930977     
          27           1   2.3612347967785289E-005
          27           2   3.6011894727049597E-004
          27           3   3.4947174467094932E-004
          27           4  -2.9688031059287661E-003
          27           5   6.7714775984946646E-004
          27           6  -1.0199426319871888E-013
          27           7   5.8020482490121379E-014
          27           8  -1.4285853988918282E-012
          27           9  -3.1017041056786808E-014
          27          10   3.4641102338073662E-013
          27          11   1.5401738553135413E-014
          27          12  -1.0430814807903955E-014
          27          13  -1.2553080441399067E-013
          27          14  -2.9047192848266575E-014
          27          15   7.6784974390614647E-015
          27          16   1.0214212950153229E-013
          27          17   2.5000595529880771E-014
          27          18  -4.4170724493981540E-004
          27          19  -8.5694192394268021E-005
          27          20  -3.7412640984349070E-004
          27          21 -0.26872759619457443     
          27          22   1.9273934365704332E-004
          27          23  -4.4278215729308640E-004
          27          24   4.9066393192382588E-004
          27          25   4.4284539759366758E-006
          27          26   4.4554021392947951E-004
          27          27   3.4801076069346182E-002
          27          28  -3.7286844880929258E-005
          27          29   4.9469853028686023E-004
          28           1   6.3098527671008259E-005
