           1           1   2.0000127452890535     
           1           2  -2.5185572655802186E-004
           1           3   2.0007324118502192E-003
           1           4   2.1238770821929522E-004
           1           5   4.0189323197763118E-004
           1           6  -4.3881534960297332E-008
           1           7   2.3300444359503742E-007
           1           8   7.9383405948494819E-008
           1           9  -4.8987143422151007E-008
           1          10   2.7876850168857623E-007
           1          11   5.9065815408772593E-008
           1          12   5.2672025849468334E-009
           1          13  -3.0730876714312810E-008
           1          14  -6.3483188328051889E-009
           1          15   1.0755016046170370E-010
           1          16  -5.1378817406907603E-010
           1          17  -2.6697390972659986E-010
           1          18  -1.2515117137139846E-004
           1          19   1.3883211485202630E-005
           1          20  -1.7771314258104744E-004
           1          21  -1.0347577450109894E-005
           1          22   4.7493481888049803E-005
           1          23  -1.5318715238505449E-004
           1          24  -3.5063541879494460E-004
           1          25   2.9714384907809823E-006
           1          26  -3.6188517062926375E-004
           1          27  -2.2147946144368603E-006
           1          28   1.0164969561771311E-005
           1          29  -3.5663622211219497E-004
           2           1  -2.5185572655802186E-004
           2           2   1.9913212470292025     
           2           3   1.4288270816416357E-002
           2           4  -8.9121596366267056E-003
           2           5   6.9402028895947064E-003
           2           6   2.4441813193508394E-007
           2           7  -1.2992530437416871E-006
           2           8  -4.4684170740586335E-007
           2           9   2.5562554394958730E-007
           2          10  -1.4608317996943001E-006
           2          11  -3.0349436005913287E-007
           2          12  -3.3608226558870067E-008
           2          13   1.8674247156066663E-007
           2          14   3.8588710662818087E-008
           2          15   1.7535425349626281E-009
           2          16  -1.0613064169409234E-008
           2          17  -9.8784701827856086E-010
           2          18   4.5295949660133063E-003
           2          19   3.1482642258988164E-004
           2          20   3.3376521585275366E-003
           2          21  -2.3465239678522503E-004
           2          22   1.0770034849724307E-003
           2          23   3.8938163447945545E-003
           2          24  -1.7541797137719177E-003
           2          25   4.0543788913409373E-005
           2          26  -1.9076765180703770E-003
           2          27  -3.0219843411339595E-005
           2          28   1.3869559912196042E-004
           2          29  -1.8360577265906391E-003
           3           1   2.0007324118502192E-003
           3           2   1.4288270816416357E-002
           3           3   2.1033314439731132     
           3           4   3.7975982355296992E-002
           3           5   9.3093613246879314E-003
           3           6  -1.2183570801814253E-007
           3           7   6.5086121521074763E-007
           3           8   2.1947045830129678E-007
           3           9  -1.5464625049096441E-007
           3          10   8.7409604279347184E-007
           3          11   1.9113879453960437E-007
           3          12   3.0045969276727024E-008
           3          13  -1.8357047930249356E-007
           3          14  -3.0590881605421263E-008
           3          15  -1.5983793018324588E-008
           3          16   8.3748811355605826E-008
           3          17   2.4800514110758262E-008
           3          18  -2.5565833149165162E-002
           3          19   3.1452636824887375E-005
           3          20  -2.5684900939936240E-002
           3          21  -2.3437290673744636E-005
           3          22   1.0758809344470362E-004
           3          23  -2.5629323726033187E-002
           3          24  -1.9464189433315689E-002
           3          25   5.7647616180392733E-005
           3          26  -1.9682432124870759E-002
           3          27  -4.2970718506183563E-005
           3          28   1.9719915300282279E-004
           3          29  -1.9580611480871944E-002
           4           1   2.1238770821929522E-004
           4           2  -8.9121596366267056E-003
           4           3   3.7975982355296992E-002
           4           4   2.0447984570000299     
           4           5  -2.8495553613793752E-002
           4           6   1.8936982420324434E-008
           4           7  -9.3108288533386204E-008
           4           8  -3.3830546152520631E-008
           4           9   2.8916764963661275E-008
           4          10  -1.6400575125675643E-007
           4          11  -3.7606100142191095E-008
           4          12  -5.4069938578759932E-008
           4          13   1.1527964582675783E-007
           4          14   1.3006063520900839E-007
           4          15   2.3917736154210333E-008
           4          16  -5.4746516661701727E-008
           4          17  -4.7488005129258749E-008
           4          18  -1.4886874595293519E-003
           4          19  -4.1882544694341077E-003
           4          20   1.4368275520862440E-002
           4          21   3.1216646898614654E-003
           4          22  -1.4327878093907034E-002
           4          23   6.9693778430394374E-003
           4          24  -1.4172500745908458E-003
           4          25  -1.4648563060503002E-004
           4          26  -8.6298679106476539E-004
           4          27   1.0930781772169364E-004
           4          28  -5.0082802730056636E-004
           4          29  -1.1212177482342184E-003
           5           1   4.0189323197763118E-004
           5           2   6.9402028895947064E-003
           5           3   9.3093613246879314E-003
           5           4  -2.8495553613793752E-002
           5           5   5.3074292283728734E-004
           5           6  -5.2017411359156373E-009
           5           7   2.0192818305966643E-008
           5           8   6.7843229093938370E-009
           5           9  -2.3645561704796469E-009
           5          10   1.3698838746639112E-008
           5          11   1.5721824313205545E-009
           5          12   1.9385572759190024E-008
           5          13  -2.1834564762211008E-008
           5          14  -3.5095635186617192E-008
           5          15  -7.9369421799042649E-010
           5          16   1.4284170060582540E-009
           5          17   2.0674825191177792E-009
           5          18   4.2952676549115575E-003
           5          19   2.3271684195092547E-003
           5          20  -4.5155259729578751E-003
           5          21  -1.7345557966096646E-003
           5          22   7.9611512962172448E-003
           5          23  -4.0447324469811060E-004
           5          24   9.0779509980463491E-005
           5          25   6.6169913613212355E-005
           5          26  -1.5973667186284168E-004
           5          27  -4.9321873107761258E-005
           5          28   2.2635882510214797E-004
           5          29  -4.2853948267020765E-005
           6           1  -4.3881534960297332E-008
           6           2   2.4441813193508394E-007
           6           3  -1.2183570801814253E-007
           6           4   1.8936982420324434E-008
           6           5  -5.2017411359156373E-009
           6           6   2.0000017479776986     
           6           7   9.6080025623848748E-008
           6           8  -7.1583140248173948E-008
           6           9  -3.0861512465747702E-005
           6          10  -4.4073206359492814E-006
           6          11   3.2853138695146927E-006
           6          12   2.9301339250749857E-004
           6          13   2.5241207777543141E-005
           6          14  -1.8811867509135253E-005
           6          15  -1.4200001869322433E-004
           6          16  -7.9459678807679567E-006
           6          17   5.9217614412023443E-006
           6          18   1.6276793785529270E-010
           6          19  -1.4703828679665896E-010
           6          20   1.0874980472314160E-009
           6          21  -9.5652267341932273E-010
           6          22  -3.0589381947936283E-010
           6          23   5.7199305235043128E-010
           6          24   1.0919218708647250E-009
           6          25  -1.8235786896793875E-009
           6          26   9.8364582838388083E-010
           6          27  -1.3351559311289055E-009
           6          28   5.5930319972055369E-011
           6          29   7.3779456280770581E-010
           7           1   2.3300444359503742E-007
           7           2  -1.2992530437416871E-006
           7           3   6.5086121521074763E-007
           7           4  -9.3108288533386204E-008
           7           5   2.0192818305966643E-008
           7           6   9.6080025623848748E-008
           7           7   2.0000013281348625     
           7           8   3.2852388784583656E-007
           7           9  -4.4074760882689544E-006
           7          10  -1.1594019730997431E-005
           7          11  -1.5076838160776074E-005
           7          12   2.5239851433255084E-005
           7          13   1.8267194039577197E-004
           7          14   8.6345758993778798E-005
           7          15  -7.9453574781984906E-006
           7          16  -1.0726548784498482E-004
           7          17  -2.7181651733498833E-005
           7          18  -3.1770608791533699E-009
           7          19  -1.8328784752784810E-009
           7          20  -7.1333204949309293E-009
           7          21   3.6113607797080090E-009
           7          22   1.2502979702868093E-009
           7          23  -4.7460848959916156E-009
           7          24  -2.0371081723206802E-009
           7          25   8.8011972825897061E-010
           7          26  -1.0096799302994430E-008
           7          27   1.6158956390573386E-009
           7          28  -6.7054444225197055E-010
           7          29  -3.6794975158946618E-009
           8           1   7.9383405948494819E-008
           8           2  -4.4684170740586335E-007
           8           3   2.1947045830129678E-007
           8           4  -3.3830546152520631E-008
           8           5   6.7843229093938370E-009
           8           6  -7.1583140248173948E-008
           8           7   3.2852388784583656E-007
           8           8   2.0000015240320073     
           8           9   3.2846959881641973E-006
           8          10  -1.5076661903448222E-005
           8          11  -2.0584001006396357E-005
           8          12  -1.8812167629621737E-005
           8          13   8.6348194283119222E-005
           8          14   2.3415917493843397E-004
           8          15   5.9229469009482322E-006
           8          16  -2.7182489219484979E-005
           8          17  -1.2347319397439013E-004
           8          18  -5.8060630086745209E-011
           8          19  -1.2006165270388989E-009
           8          20  -7.5610251381015553E-010
           8          21   5.9566887337458640E-010
           8          22  -4.2809338510019784E-010
           8          23  -9.5767178956595080E-010
           8          24   2.4001052180653792E-010
           8          25   2.0163860501518368E-010
           8          26  -1.4975091074955830E-009
           8          27   5.0137468445685603E-010
           8          28  -1.6445287921802335E-009
           8          29  -1.7434359240865290E-009
           9           1  -4.8987143422151007E-008
           9           2   2.5562554394958730E-007
           9           3  -1.5464625049096441E-007
           9           4   2.8916764963661275E-008
           9           5  -2.3645561704796469E-009
           9           6  -3.0861512465747702E-005
           9           7  -4.4074760882689544E-006
           9           8   3.2846959881641973E-006
           9           9   1.9985477140932528     
           9          10  -1.6803855832372012E-004
           9          11   1.2524694854666648E-004
           9          12  -5.6611849014765719E-003
           9          13  -5.6953308574710169E-004
           9          14   4.2451495541490899E-004
           9          15   7.1726342886430745E-003
           9          16   8.2898816888601326E-004
           9          17  -6.1788993083089234E-004
           9          18   1.4648567025566021E-008
           9          19  -9.7734337993199403E-009
           9          20   1.3346591993173369E-008
           9          21  -2.5646028458505867E-009
           9          22   7.9320325868242583E-010
           9          23   1.1778507081468622E-008
           9          24  -4.8401050271334409E-009
           9          25  -1.5212014445255047E-008
           9          26  -9.2288838252501932E-009
           9          27  -6.0059885148462879E-009
           9          28   2.5426943506369736E-011
           9          29  -9.7551083260510278E-009
          10           1   2.7876850168857623E-007
          10           2  -1.4608317996943001E-006
          10           3   8.7409604279347184E-007
          10           4  -1.6400575125675643E-007
          10           5   1.3698838746639112E-008
          10           6  -4.4073206359492814E-006
          10           7  -1.1594019730997431E-005
          10           8  -1.5076661903448222E-005
          10           9  -1.6803855832372012E-004
          10          10   1.9992823513711595     
          10          11  -5.7485559696264727E-004
          10          12  -5.6954281571249443E-004
          10          13  -3.1712925394037951E-003
          10          14  -1.9483427956479866E-003
          10          15   8.2898846818932402E-004
          10          16   3.5485229703965931E-003
          10          17   2.8359088442451970E-003
          10          18  -6.2460912565856937E-008
          10          19  -1.7771459039724139E-009
          10          20  -8.3401332210181584E-008
          10          21   4.8426888218431930E-009
          10          22  -1.5053453483595186E-009
          10          23  -6.6862094311172009E-008
          10          24   5.0523163637769604E-008
          10          25   2.6174379728176955E-009
          10          26   1.9726245220884768E-008
          10          27   4.1679884479905852E-010
          10          28  -6.0637874039294179E-009
          10          29   4.9268885335791755E-008
          11           1   5.9065815408772593E-008
          11           2  -3.0349436005913287E-007
          11           3   1.9113879453960437E-007
          11           4  -3.7606100142191095E-008
          11           5   1.5721824313205545E-009
          11           6   3.2853138695146927E-006
          11           7  -1.5076838160776074E-005
          11           8  -2.0584001006396357E-005
          11           9   1.2524694854666648E-004
          11          10  -5.7485559696264727E-004
          11          11   1.9989395678065418     
          11          12   4.2451846133564647E-004
          11          13  -1.9483288442451732E-003
          11          14  -4.3330347090204356E-003
          11          15  -6.1788955689744888E-004
          11          16   2.8359077582265965E-003
          11          17   5.2395046257352716E-003
          11          18  -1.7073671719913405E-008
          11          19   1.0259836563637545E-009
          11          20  -1.7979446267449159E-008
          11          21   1.9561431888781725E-009
          11          22  -9.5352002398880752E-009
          11          23  -2.2990536189318254E-008
          11          24   1.7192633635646809E-008
          11          25   3.0398959533562469E-011
          11          26   1.5913062493794822E-008
          11          27   3.5507851064771604E-009
          11          28  -1.5538440351822021E-008
          11          29   5.6420821213940611E-009
          12           1   5.2672025849468334E-009
          12           2  -3.3608226558870067E-008
          12           3   3.0045969276727024E-008
          12           4  -5.4069938578759932E-008
          12           5   1.9385572759190024E-008
          12           6   2.9301339250749857E-004
          12           7   2.5239851433255084E-005
          12           8  -1.8812167629621737E-005
          12           9  -5.6611849014765719E-003
          12          10  -5.6954281571249443E-004
          12          11   4.2451846133564647E-004
          12          12   1.0124114148723509     
          12          13  0.14180580618624500     
          12          14 -0.10569643437827275     
          12          15  -2.2997545581321634E-002
          12          16  -3.2208744968319548E-003
          12          17   2.4005811326849058E-003
          12          18   2.5857639619034710E-008
          12          19  -1.4683645668194712E-007
          12          20  -7.5959121005538842E-009
          12          21  -4.2715155305077063E-008
          12          22   6.8577707656396559E-009
          12          23  -2.1397297668112929E-008
          12          24   5.6380597696786001E-009
          12          25  -7.0379424688108760E-009
          12          26   3.2327703549886805E-010
          12          27   1.5794667941190407E-009
          12          28  -2.9670094568365112E-010
          12          29   1.2933177357623913E-009
          13           1  -3.0730876714312810E-008
          13           2   1.8674247156066663E-007
          13           3  -1.8357047930249356E-007
          13           4   1.1527964582675783E-007
          13           5  -2.1834564762211008E-008
          13           6   2.5241207777543141E-005
          13           7   1.8267194039577197E-004
          13           8   8.6348194283119222E-005
          13           9  -5.6953308574710169E-004
          13          10  -3.1712925394037951E-003
          13          11  -1.9483288442451732E-003
          13          12  0.14180580618624500     
          13          13  0.39247888599504022     
          13          14  0.48510481999861699     
          13          15  -3.2210108391313970E-003
          13          16  -8.9167463411990080E-003
          13          17  -1.1018882593571888E-002
          13          18   9.6139434002915935E-008
          13          19   4.6727121320024156E-008
          13          20  -1.8774605077815179E-007
          13          21  -6.2788846237171648E-009
          13          22  -4.6077999920583591E-008
          13          23   1.0410881244073924E-007
          13          24  -6.6742521790387313E-009
          13          25  -3.5014852538033229E-010
          13          26  -1.3570130134962470E-008
          13          27   4.7866523697720117E-010
          13          28  -4.1846228130346439E-009
          13          29  -4.6526973273490493E-009
          14           1  -6.3483188328051889E-009
          14           2   3.8588710662818087E-008
          14           3  -3.0590881605421263E-008
          14           4   1.3006063520900839E-007
          14           5  -3.5095635186617192E-008
          14           6  -1.8811867509135253E-005
          14           7   8.6345758993778798E-005
          14           8   2.3415917493843397E-004
          14           9   4.2451495541490899E-004
          14          10  -1.9483427956479866E-003
          14          11  -4.3330347090204356E-003
          14          12 -0.10569643437827275     
          14          13  0.48510481999861699     
          14          14  0.68173105460124350     
          14          15   2.4006377279719750E-003
          14          16  -1.1018682888203733E-002
          14          17  -1.5487056963856785E-002
          14          18   3.0759881357818438E-008
          14          19  -2.0231655912785037E-009
          14          20   5.0393167877473780E-008
          14          21   2.8188083011088380E-008
          14          22  -1.5145961563428780E-007
          14          23  -7.3047294537096869E-008
          14          24  -1.4052149557195123E-008
          14          25  -1.0341772772707845E-010
          14          26  -1.5653906242506084E-008
          14          27   4.8004851281278879E-010
          14          28  -6.5152939776769051E-009
          14          29  -1.2484401783443658E-008
          15           1   1.0755016046170370E-010
          15           2   1.7535425349626281E-009
          15           3  -1.5983793018324588E-008
          15           4   2.3917736154210333E-008
          15           5  -7.9369421799042649E-010
          15           6  -1.4200001869322433E-004
          15           7  -7.9453574781984906E-006
          15           8   5.9229469009482322E-006
          15           9   7.1726342886430745E-003
          15          10   8.2898846818932402E-004
          15          11  -6.1788955689744888E-004
          15          12  -2.2997545581321634E-002
          15          13  -3.2210108391313970E-003
          15          14   2.4006377279719750E-003
          15          15   5.4816297920583961E-004
          15          16   7.6570861404268479E-005
          15          17  -5.7065883793724731E-005
          15          18  -2.3995377965410621E-008
          15          19   1.3362159351650477E-007
          15          20   1.0771126603255488E-008
          15          21   3.5186922645731733E-008
          15          22  -8.8685780760645341E-009
          15          23   1.4118613656967659E-008
          15          24  -2.1748715687888625E-010
          15          25   2.3268585680719537E-009
          15          26   2.4018003404880221E-010
          15          27   5.2138178763700702E-010
          15          28  -1.0817116961064582E-010
          15          29   2.7623407341394186E-010
          16           1  -5.1378817406907603E-010
          16           2  -1.0613064169409234E-008
          16           3   8.3748811355605826E-008
          16           4  -5.4746516661701727E-008
          16           5   1.4284170060582540E-009
          16           6  -7.9459678807679567E-006
          16           7  -1.0726548784498482E-004
          16           8  -2.7182489219484979E-005
          16           9   8.2898816888601326E-004
          16          10   3.5485229703965931E-003
          16          11   2.8359077582265965E-003
          16          12  -3.2208744968319548E-003
          16          13  -8.9167463411990080E-003
          16          14  -1.1018682888203733E-002
          16          15   7.6570861404268479E-005
          16          16   2.1342698536049129E-004
          16          17   2.6195247194825356E-004
          16          18  -7.8271845674991418E-008
          16          19  -3.5160789540860602E-008
          16          20   1.5228013027838858E-007
          16          21   4.4087780320772423E-009
          16          22   4.8270830900874558E-008
          16          23  -7.8069686019966429E-008
          16          24  -1.6355944021701438E-009
          16          25  -4.7742861083360810E-010
          16          26   2.0496967548382347E-009
          16          27   9.9700165894700252E-012
          16          28   1.1561877652722342E-009
          16          29  -1.7510012708088401E-009
          17           1  -2.6697390972659986E-010
          17           2  -9.8784701827856086E-010
          17           3   2.4800514110758262E-008
          17           4  -4.7488005129258749E-008
          17           5   2.0674825191177792E-009
          17           6   5.9217614412023443E-006
          17           7  -2.7181651733498833E-005
          17           8  -1.2347319397439013E-004
          17           9  -6.1788993083089234E-004
          17          10   2.8359088442451970E-003
          17          11   5.2395046257352716E-003
          17          12   2.4005811326849058E-003
          17          13  -1.1018882593571888E-002
          17          14  -1.5487056963856785E-002
          17          15  -5.7065883793724731E-005
          17          16   2.6195247194825356E-004
          17          17   3.6962852045644844E-004
          17          18  -3.2632441658293839E-008
          17          19  -1.5470594246861694E-009
          17          20  -2.7935770662980932E-008
          17          21  -2.4261104106871230E-008
          17          22   1.3318579609932884E-007
          17          23   5.8309486755610252E-008
          17          24  -8.9442187236741217E-011
          17          25   2.7672653253798237E-011
          17          26   4.9419960285041319E-011
          17          27  -4.0443365475883923E-010
          17          28   2.4055377984384216E-009
          17          29   1.4805963043469246E-009
          18           1  -1.2515117137139846E-004
          18           2   4.5295949660133063E-003
          18           3  -2.5565833149165162E-002
          18           4  -1.4886874595293519E-003
          18           5   4.2952676549115575E-003
          18           6   1.6276793785529270E-010
          18           7  -3.1770608791533699E-009
          18           8  -5.8060630086745209E-011
          18           9   1.4648567025566021E-008
          18          10  -6.2460912565856937E-008
          18          11  -1.7073671719913405E-008
          18          12   2.5857639619034710E-008
          18          13   9.6139434002915935E-008
          18          14   3.0759881357818438E-008
          18          15  -2.3995377965410621E-008
          18          16  -7.8271845674991418E-008
          18          17  -3.2632441658293839E-008
          18          18   1.9817194693244882     
          18          19  -5.0317645096044209E-004
          18          20 -0.99146163941680698     
          18          21   3.7486231375091338E-004
          18          22  -1.2760215537392892E-003
          18          23 -0.99212054470939748     
          18          24   3.5912567710971725E-002
          18          25  -1.2809145183114912E-004
          18          26  -1.4432627206524613E-002
          18          27   9.5404886154277585E-005
          18          28  -1.2153750126671320E-003
          18          29  -1.5060837772132470E-002
          19           1   1.3883211485202630E-005
          19           2   3.1482642258988164E-004
          19           3   3.1452636824887375E-005
          19           4  -4.1882544694341077E-003
          19           5   2.3271684195092547E-003
          19           6  -1.4703828679665896E-010
          19           7  -1.8328784752784810E-009
          19           8  -1.2006165270388989E-009
          19           9  -9.7734337993199403E-009
          19          10  -1.7771459039724139E-009
          19          11   1.0259836563637545E-009
          19          12  -1.4683645668194712E-007
          19          13   4.6727121320024156E-008
          19          14  -2.0231655912785037E-009
          19          15   1.3362159351650477E-007
          19          16  -3.5160789540860602E-008
          19          17  -1.5470594246861694E-009
          19          18  -5.0317645096044209E-004
          19          19   1.9834134548492193     
          19          20  -5.9130234219853344E-004
          19          21  -2.7381450458148157E-004
          19          22   1.3600986415793475E-004
          19          23  -4.2012349403008046E-004
          19          24   9.2822973730081061E-004
          19          25   3.3806885877688250E-002
          19          26   1.2311739096448511E-003
          19          27   5.0867567983363046E-004
          19          28  -3.7130641072597966E-004
          19          29   8.6262072850523674E-004
          20           1  -1.7771314258104744E-004
          20           2   3.3376521585275366E-003
          20           3  -2.5684900939936240E-002
          20           4   1.4368275520862440E-002
          20           5  -4.5155259729578751E-003
          20           6   1.0874980472314160E-009
          20           7  -7.1333204949309293E-009
          20           8  -7.5610251381015553E-010
          20           9   1.3346591993173369E-008
          20          10  -8.3401332210181584E-008
          20          11  -1.7979446267449159E-008
          20          12  -7.5959121005538842E-009
          20          13  -1.8774605077815179E-007
          20          14   5.0393167877473780E-008
          20          15   1.0771126603255488E-008
          20          16   1.5228013027838858E-007
          20          17  -2.7935770662980932E-008
          20          18 -0.99146163941680698     
          20          19  -5.9130234219853344E-004
          20          20   1.9858625736504132     
          20          21   3.4400123219246846E-004
          20          22  -2.0232997307341660E-003
          20          23 -0.99052930610685286     
          20          24  -1.8431885800893309E-002
          20          25   1.7484545591455516E-004
          20          26   3.1735762540230583E-002
          20          27   3.9031556123519170E-005
          20          28   5.9769097739221578E-004
          20          29  -1.8326232024590175E-002
          21           1  -1.0347577450109894E-005
          21           2  -2.3465239678522503E-004
          21           3  -2.3437290673744636E-005
          21           4   3.1216646898614654E-003
          21           5  -1.7345557966096646E-003
          21           6  -9.5652267341932273E-010
          21           7   3.6113607797080090E-009
          21           8   5.9566887337458640E-010
          21           9  -2.5646028458505867E-009
          21          10   4.8426888218431930E-009
          21          11   1.9561431888781725E-009
          21          12  -4.2715155305077063E-008
          21          13  -6.2788846237171648E-009
          21          14   2.8188083011088380E-008
          21          15   3.5186922645731733E-008
          21          16   4.4087780320772423E-009
          21          17  -2.4261104106871230E-008
          21          18   3.7486231375091338E-004
          21          19  -2.7381450458148157E-004
          21          20   3.4400123219246846E-004
          21          21   1.9832494337695288     
          21          22  -1.3485004282286938E-004
          21          23   4.1003421513453295E-004
          21          24  -6.9192394224925605E-004
          21          25   5.0867061553150675E-004
          21          26  -7.4828554779352735E-004
          21          27   3.4109911638375713E-002
          21          28   3.3516660919323147E-004
          21          29  -8.1223134997672735E-004
          22           1   4.7493481888049803E-005
          22           2   1.0770034849724307E-003
          22           3   1.0758809344470362E-004
          22           4  -1.4327878093907034E-002
          22           5   7.9611512962172448E-003
          22           6  -3.0589381947936283E-010
          22           7   1.2502979702868093E-009
          22           8  -4.2809338510019784E-010
          22           9   7.9320325868242583E-010
          22          10  -1.5053453483595186E-009
          22          11  -9.5352002398880752E-009
          22          12   6.8577707656396559E-009
          22          13  -4.6077999920583591E-008
          22          14  -1.5145961563428780E-007
          22          15  -8.8685780760645341E-009
          22          16   4.8270830900874558E-008
          22          17   1.3318579609932884E-007
          22          18  -1.2760215537392892E-003
          22          19   1.3600986415793475E-004
          22          20  -2.0232997307341660E-003
          22          21  -1.3485004282286938E-004
          22          22   1.9838382041798321     
          22          23  -1.8820544953065520E-003
          22          24   2.3982390024342637E-003
          22          25  -3.7130820604420881E-004
          22          26   4.2113276221780634E-003
          22          27   3.3517069085405406E-004
          22          28   3.2644928645906929E-002
          22          29   3.7285928017494665E-003
          23           1  -1.5318715238505449E-004
          23           2   3.8938163447945545E-003
          23           3  -2.5629323726033187E-002
          23           4   6.9693778430394374E-003
          23           5  -4.0447324469811060E-004
          23           6   5.7199305235043128E-010
          23           7  -4.7460848959916156E-009
          23           8  -9.5767178956595080E-010
          23           9   1.1778507081468622E-008
          23          10  -6.6862094311172009E-008
          23          11  -2.2990536189318254E-008
          23          12  -2.1397297668112929E-008
          23          13   1.0410881244073924E-007
          23          14  -7.3047294537096869E-008
          23          15   1.4118613656967659E-008
          23          16  -7.8069686019966429E-008
          23          17   5.8309486755610252E-008
          23          18 -0.99212054470939748     
          23          19  -4.2012349403008046E-004
          23          20 -0.99052930610685286     
          23          21   4.1003421513453295E-004
          23          22  -1.8820544953065520E-003
          23          23   1.9838458362470734     
          23          24  -1.7194068516727074E-002
          23          25  -1.9370850110230398E-004
          23          26  -1.6460158202221485E-002
          23          27  -2.4901699249852191E-005
          23          28   1.1496916836676338E-004
          23          29   3.3970458473143450E-002
          24           1  -3.5063541879494460E-004
          24           2  -1.7541797137719177E-003
          24           3  -1.9464189433315689E-002
          24           4  -1.4172500745908458E-003
          24           5   9.0779509980463491E-005
          24           6   1.0919218708647250E-009
          24           7  -2.0371081723206802E-009
          24           8   2.4001052180653792E-010
          24           9  -4.8401050271334409E-009
          24          10   5.0523163637769604E-008
          24          11   1.7192633635646809E-008
          24          12   5.6380597696786001E-009
          24          13  -6.6742521790387313E-009
          24          14  -1.4052149557195123E-008
          24          15  -2.1748715687888625E-010
          24          16  -1.6355944021701438E-009
          24          17  -8.9442187236741217E-011
          24          18   3.5912567710971725E-002
          24          19   9.2822973730081061E-004
          24          20  -1.8431885800893309E-002
          24          21  -6.9192394224925605E-004
          24          22   2.3982390024342637E-003
          24          23  -1.7194068516727074E-002
          24          24   2.8967730769425245E-003
          24          25   7.1686025758124924E-004
          24          26  -7.5728878988645665E-004
          24          27  -5.3432452342506162E-004
          24          28   2.3748012951987372E-003
          24          29   4.6898000442630267E-004
          25           1   2.9714384907809823E-006
          25           2   4.0543788913409373E-005
          25           3   5.7647616180392733E-005
          25           4  -1.4648563060503002E-004
          25           5   6.6169913613212355E-005
          25           6  -1.8235786896793875E-009
          25           7   8.8011972825897061E-010
          25           8   2.0163860501518368E-010
          25           9  -1.5212014445255047E-008
          25          10   2.6174379728176955E-009
          25          11   3.0398959533562469E-011
          25          12  -7.0379424688108760E-009
          25          13  -3.5014852538033229E-010
          25          14  -1.0341772772707845E-010
          25          15   2.3268585680719537E-009
          25          16  -4.7742861083360810E-010
          25          17   2.7672653253798237E-011
          25          18  -1.2809145183114912E-004
          25          19   3.3806885877688250E-002
          25          20   1.7484545591455516E-004
          25          21   5.0867061553150675E-004
          25          22  -3.7130820604420881E-004
          25          23  -1.9370850110230398E-004
          25          24   7.1686025758124924E-004
          25          25   8.6842359152028740E-004
          25          26  -1.9832007949055703E-004
          25          27  -1.3541204038306946E-004
          25          28   8.1718597678065896E-004
          25          29   2.0603032389559329E-004
          26           1  -3.6188517062926375E-004
          26           2  -1.9076765180703770E-003
          26           3  -1.9682432124870759E-002
          26           4  -8.6298679106476539E-004
          26           5  -1.5973667186284168E-004
          26           6   9.8364582838388083E-010
          26           7  -1.0096799302994430E-008
          26           8  -1.4975091074955830E-009
          26           9  -9.2288838252501932E-009
          26          10   1.9726245220884768E-008
          26          11   1.5913062493794822E-008
          26          12   3.2327703549886805E-010
          26          13  -1.3570130134962470E-008
          26          14  -1.5653906242506084E-008
          26          15   2.4018003404880221E-010
          26          16   2.0496967548382347E-009
          26          17   4.9419960285041319E-011
          26          18  -1.4432627206524613E-002
          26          19   1.2311739096448511E-003
          26          20   3.1735762540230583E-002
          26          21  -7.4828554779352735E-004
          26          22   4.2113276221780634E-003
          26          23  -1.6460158202221485E-002
          26          24  -7.5728878988645665E-004
          26          25  -1.9832007949055703E-004
          26          26   9.3356024020679581E-004
          26          27   1.6470953316463112E-004
          26          28  -6.7845187145881077E-004
          26          29  -3.1102426909068872E-004
          27           1  -2.2147946144368603E-006
          27           2  -3.0219843411339595E-005
          27           3  -4.2970718506183563E-005
          27           4   1.0930781772169364E-004
          27           5  -4.9321873107761258E-005
          27           6  -1.3351559311289055E-009
          27           7   1.6158956390573386E-009
          27           8   5.0137468445685603E-010
          27           9  -6.0059885148462879E-009
          27          10   4.1679884479905852E-010
          27          11   3.5507851064771604E-009
          27          12   1.5794667941190407E-009
          27          13   4.7866523697720117E-010
          27          14   4.8004851281278879E-010
          27          15   5.2138178763700702E-010
          27          16   9.9700165894700252E-012
          27          17  -4.0443365475883923E-010
          27          18   9.5404886154277585E-005
          27          19   5.0867567983363046E-004
          27          20   3.9031556123519170E-005
          27          21   3.4109911638375713E-002
          27          22   3.3517069085405406E-004
          27          23  -2.4901699249852191E-005
          27          24  -5.3432452342506162E-004
          27          25  -1.3541204038306946E-004
          27          26   1.6470953316463112E-004
          27          27   7.8767139007744169E-004
          27          28  -6.0328226612930557E-004
          27          29  -1.7045187013318665E-004
          28           1   1.0164969561771311E-005
