           1           1   2.1814030104084750     
           1           2 -0.68295222117976762     
           1           3  0.29737086388674977     
           1           4  -2.5241442362584781E-002
           1           5  -3.0409921304992441E-002
           1           6   8.7763717991551349E-011
           1           7   4.1780203100889853E-011
           1           8   2.4794015650546940E-011
           1           9  -3.2646682425706042E-010
           1          10  -9.3529255158578513E-011
           1          11  -7.3566249329899129E-011
           1          12   4.0136895301029322E-010
           1          13   2.2901906886461726E-010
           1          14   1.6091196050195810E-010
           1          15  -9.6942855646941218E-011
           1          16  -4.5509382934208916E-011
           1          17   2.1743172478557734E-012
           1          18  -4.5482144387538198E-003
           1          19  -6.8205143178142836E-006
           1          20  -4.5568851723651899E-003
           1          21   3.3915785548981335E-005
           1          22   6.6963271035000422E-005
           1          23  -4.8335932035173928E-003
           1          24  -2.0886935211888204E-003
           1          25  -2.4215833078862010E-007
           1          26  -2.0890009661705920E-003
           1          27   1.2038576164017994E-006
           1          28   2.3766431114356388E-006
           1          29  -2.0988224579237616E-003
           2           1 -0.68295222117976762     
           2           2   2.5724403440937840     
           2           3  -1.0765871462212271     
           2           4   9.3433091206249569E-002
           2           5  0.11078966491374538     
           2           6  -3.7797358720009905E-010
           2           7  -2.1928606136544624E-010
           2           8  -1.2372322986940380E-010
           2           9   1.3852123011979880E-009
           2          10   5.1576623352483189E-010
           2          11   3.6451090898368572E-010
           2          12  -2.4386610069836016E-009
           2          13  -1.2406008526815842E-009
           2          14  -7.6451929958247154E-010
           2          15  -8.2154334244651284E-010
           2          16  -3.2563278162811067E-010
           2          17  -2.2562423330846343E-010
           2          18   1.5613704045667792E-002
           2          19   2.1192444505213599E-005
           2          20   1.5640645203398675E-002
           2          21  -1.0537999918741852E-004
           2          22  -2.0806265928446390E-004
           2          23   1.6500397743750395E-002
           2          24   6.4311789518732149E-003
           2          25  -1.7995821151368832E-007
           2          26   6.4309487201491015E-003
           2          27   8.9593672667181296E-007
           2          28   1.7698809652087581E-006
           2          29   6.4236375286180177E-003
           3           1  0.29737086388674977     
           3           2  -1.0765871462212271     
           3           3   2.7002078006756225     
           3           4 -0.31603900142934238     
           3           5 -0.35419805449304098     
           3           6   1.8196954567776756E-009
           3           7   6.8683312529503460E-010
           3           8   2.4854813547187133E-010
           3           9  -4.7273264638475971E-009
           3          10  -2.3350688747565838E-009
           3          11  -7.2478644194733164E-010
           3          12   5.2261610412438259E-009
           3          13   2.8273418640127457E-009
           3          14   1.9869965015870283E-009
           3          15  -3.1567537494802727E-010
           3          16  -3.0921817874343102E-010
           3          17   1.3598977991955122E-010
           3          18  -2.7130567403957660E-002
           3          19  -2.1405804493867107E-004
           3          20  -2.7402692945474032E-002
           3          21   1.0644410280665449E-003
           3          22   2.1016276813568728E-003
           3          23  -3.6087216063642444E-002
           3          24  -2.0589143709801756E-002
           3          25  -1.6211017621898540E-005
           3          26  -2.0609747391629636E-002
           3          27   8.0607062856220997E-005
           3          28   1.5914792765688024E-004
           3          29  -2.1267390811766783E-002
           4           1  -2.5241442362584781E-002
           4           2   9.3433091206249569E-002
           4           3 -0.31603900142934238     
           4           4  0.64722918804246765     
           4           5  0.58350515545175563     
           4           6  -3.0557461988555191E-009
           4           7  -2.3415495248605319E-009
           4           8  -9.1291686967916146E-010
           4           9   8.8026342651373154E-009
           4          10   6.4684060584486275E-009
           4          11   2.5816393225278595E-009
           4          12  -2.3965248148202793E-008
           4          13  -1.1108633518140236E-008
           4          14  -6.1791672907103397E-009
           4          15  -1.7852868474166316E-008
           4          16  -7.2192422845766627E-009
           4          17  -3.5706959498039835E-009
           4          18  -1.8194441361920177E-003
           4          19   3.3698207440578323E-004
           4          20  -1.3910518224088579E-003
           4          21  -1.6756672156650880E-003
           4          22  -3.3084460998720959E-003
           4          23   1.2280163686165363E-002
           4          24  -1.3429242827570007E-003
           4          25   1.1549413380302557E-005
           4          26  -1.3282477673227967E-003
           4          27  -5.7425592870805238E-005
           4          28  -1.1337776715605700E-004
           4          29  -8.5973776333263599E-004
           5           1  -3.0409921304992441E-002
           5           2  0.11078966491374538     
           5           3 -0.35419805449304098     
           5           4  0.58350515545175563     
           5           5  0.52800594038154602     
           5           6   1.7593961384333899E-009
           5           7   3.3737356330294879E-009
           5           8   7.2724228345763594E-010
           5           9  -5.3427723924005111E-009
           5          10  -9.6442568283177749E-009
           5          11  -2.1057086829522275E-009
           5          12   2.0004954097375759E-008
           5          13   6.9518037615829666E-009
           5          14   2.0756379226863351E-009
           5          15   3.3286510535736813E-008
           5          16   1.3846974087222169E-008
           5          17   5.9010621448794445E-009
           5          18   3.7823134308467366E-003
           5          19  -1.9983673386262985E-005
           5          20   3.7569169298827037E-003
           5          21   9.9358676206397212E-005
           5          22   1.9616831538647739E-004
           5          23   2.9463287036771207E-003
           5          24  -4.5565891294152561E-004
           5          25   1.5690175905420716E-006
           5          26  -4.5366942276689123E-004
           5          27  -7.7980764089016080E-006
           5          28  -1.5393285568526122E-005
           5          29  -3.9005292709989522E-004
           6           1   8.7763717991551349E-011
           6           2  -3.7797358720009905E-010
           6           3   1.8196954567776756E-009
           6           4  -3.0557461988555191E-009
           6           5   1.7593961384333899E-009
           6           6   2.2956540327864965     
           6           7  -1.1726645584276304E-004
           6           8   5.8311569124650084E-004
           6           9 -0.82836593765504851     
           6          10   3.4172852723557472E-004
           6          11  -1.6992707666416591E-003
           6          12   2.4682148339215927E-002
           6          13  -7.8486162360722085E-004
           6          14   3.9027895375492341E-003
           6          15   4.7823145535364806E-002
           6          16  -8.8563577816656489E-004
           6          17   4.4038893923243824E-003
           6          18   1.0550959181719846E-010
           6          19  -5.5230041631699989E-010
           6          20  -2.2326927629808632E-009
           6          21   2.2184703802633104E-010
           6          22   1.2843960377477296E-009
           6          23   7.1365176004589063E-010
           6          24   5.8856582397300955E-010
           6          25   1.6496205513296925E-009
           6          26   3.7263385931996625E-010
           6          27   2.2634740647899057E-009
           6          28  -1.0571399825633757E-009
           6          29  -9.6972881339152632E-010
           7           1   4.1780203100889853E-011
           7           2  -2.1928606136544624E-010
           7           3   6.8683312529503460E-010
           7           4  -2.3415495248605319E-009
           7           5   3.3737356330294879E-009
           7           6  -1.1726645584276304E-004
           7           7   2.2954818942151696     
           7           8   1.1513060193386881E-003
           7           9   3.4172879047293664E-004
           7          10 -0.82786430480978079     
           7          11  -3.3550475244895355E-003
           7          12  -7.8486214464479245E-004
           7          13   2.3530023274237602E-002
           7          14   7.7057006948058043E-003
           7          15  -8.8563609899193453E-004
           7          16   4.6523100068812016E-002
           7          17   8.6950661791419040E-003
           7          18  -1.0609917702513549E-009
           7          19  -1.2998706109322771E-010
           7          20   1.4147354895200814E-009
           7          21   1.4968024444848301E-010
           7          22  -1.0805103034352167E-009
           7          23  -1.3041658656783906E-009
           7          24   1.0573046690420058E-010
           7          25   6.6203626247829010E-010
           7          26  -9.6306597157443459E-010
           7          27   8.8036412407400565E-010
           7          28  -3.3173695332661674E-010
           7          29  -1.1794607643592942E-009
           8           1   2.4794015650546940E-011
           8           2  -1.2372322986940380E-010
           8           3   2.4854813547187133E-010
           8           4  -9.1291686967916146E-010
           8           5   7.2724228345763594E-010
           8           6   5.8311569124650084E-004
           8           7   1.1513060193386881E-003
           8           8   2.2899884792852312     
           8           9  -1.6992708411306537E-003
           8          10  -3.3550476856686945E-003
           8          11 -0.81185581531400974     
           8          12   3.9027918367196398E-003
           8          13   7.7057000970011695E-003
           8          14  -1.3237498494832771E-002
           8          15   4.4038864885680247E-003
           8          16   8.6950664714772734E-003
           8          17   5.0348437791586749E-003
           8          18  -1.9972321391877210E-010
           8          19  -4.6743249241451688E-010
           8          20  -6.4872808603162351E-010
           8          21   2.3897622625632039E-010
           8          22   2.4328626771051952E-009
           8          23   7.5288766288129216E-010
           8          24   3.9926377140304715E-011
           8          25   2.7184762096350137E-010
           8          26  -2.5248574148539446E-010
           8          27   5.2121969624817291E-010
           8          28  -1.4293743579339217E-010
           8          29  -3.4932039076075849E-010
           9           1  -3.2646682425706042E-010
           9           2   1.3852123011979880E-009
           9           3  -4.7273264638475971E-009
           9           4   8.8026342651373154E-009
           9           5  -5.3427723924005111E-009
           9           6 -0.82836593765504851     
           9           7   3.4172879047293664E-004
           9           8  -1.6992708411306537E-003
           9           9   2.3209864804657925     
           9          10  -9.9607947278333329E-004
           9          11   4.9530808747597172E-003
           9          12  -7.6301336540291448E-002
           9          13   2.2884339338744260E-003
           9          14  -1.1379427072793505E-002
           9          15 -0.13882326072687776     
           9          16   2.5926065152145272E-003
           9          17  -1.2891926680223180E-002
           9          18  -3.3409776878952789E-010
           9          19   1.7993484603184409E-009
           9          20   6.6599735859496752E-009
           9          21  -9.7934884410196605E-010
           9          22  -5.0547875206704723E-009
           9          23  -2.7749141004869016E-009
           9          24  -1.7035405719492571E-009
           9          25  -4.7138815590037414E-009
           9          26  -1.1356747420366031E-009
           9          27  -6.5610761915031895E-009
           9          28   3.0120164544489473E-009
           9          29   2.8940189184037499E-009
          10           1  -9.3529255158578513E-011
          10           2   5.1576623352483189E-010
          10           3  -2.3350688747565838E-009
          10           4   6.4684060584486275E-009
          10           5  -9.6442568283177749E-009
          10           6   3.4172852723557472E-004
          10           7 -0.82786430480978079     
          10           8  -3.3550476856686945E-003
          10           9  -9.9607947278333329E-004
          10          10   2.3195243076735403     
          10          11   9.7793851732719886E-003
          10          12   2.2884354375315411E-003
          10          13  -7.2942067180084350E-002
          10          14  -2.2467636612204869E-002
          10          15   2.5926074018216704E-003
          10          16 -0.13501751328749781     
          10          17  -2.5453899557102706E-002
          10          18   3.2754705828059110E-009
          10          19   4.4193046067999057E-010
          10          20  -3.6990665791080964E-009
          10          21  -4.5608705414991810E-010
          10          22   2.7775988556517294E-009
          10          23   3.8163047334906326E-009
          10          24  -2.8607593455496700E-010
          10          25  -1.9446040111041161E-009
          10          26   2.7417856558273060E-009
          10          27  -2.5776712516496478E-009
          10          28   9.9799244982720377E-010
          10          29   3.4055920897926589E-009
          11           1  -7.3566249329899129E-011
          11           2   3.6451090898368572E-010
          11           3  -7.2478644194733164E-010
          11           4   2.5816393225278595E-009
          11           5  -2.1057086829522275E-009
          11           6  -1.6992707666416591E-003
          11           7  -3.3550475244895355E-003
          11           8 -0.81185581531400974     
          11           9   4.9530808747597172E-003
          11          10   9.7793851732719886E-003
          11          11   2.2728623174545328     
          11          12  -1.1379433559788283E-002
          11          13  -2.2467635047825851E-002
          11          14   3.4261593235871489E-002
          11          15  -1.2891918634589362E-002
          11          16  -2.5453900364872963E-002
          11          17  -1.3564969401193963E-002
          11          18   5.2664844726873105E-010
          11          19   1.1069144516898080E-009
          11          20   1.3628161533284553E-009
          11          21  -4.2862648070218973E-010
          11          22  -5.4657899378310664E-009
          11          23  -1.5519191238890889E-009
          11          24  -1.3786395361639189E-010
          11          25  -7.8665712890005605E-010
          11          26   6.9604754249571836E-010
          11          27  -1.5321107798472559E-009
          11          28   4.5794261612057107E-010
          11          29   1.0281484142972851E-009
          12           1   4.0136895301029322E-010
          12           2  -2.4386610069836016E-009
          12           3   5.2261610412438259E-009
          12           4  -2.3965248148202793E-008
          12           5   2.0004954097375759E-008
          12           6   2.4682148339215927E-002
          12           7  -7.8486214464479245E-004
          12           8   3.9027918367196398E-003
          12           9  -7.6301336540291448E-002
          12          10   2.2884354375315411E-003
          12          11  -1.1379433559788283E-002
          12          12  0.26041244305570133     
          12          13  -5.1129221103487924E-003
          12          14   2.5424415999537962E-002
          12          15  0.30844298343843585     
          12          16  -6.0748342685772111E-003
          12          17   3.0207572563117967E-002
          12          18  -1.7814265334144708E-009
          12          19  -3.4165946717851621E-009
          12          20  -6.5268629520927534E-009
          12          21  -7.5750337742337963E-009
          12          22   1.1424434408137584E-008
          12          23   4.2771805550616105E-009
          12          24   1.2999717542156101E-010
          12          25   7.2751112877022956E-009
          12          26   1.6994187181758622E-009
          12          27   1.4480018887994323E-008
          12          28  -5.5558994920349104E-009
          12          29  -9.7926827055081065E-009
          13           1   2.2901906886461726E-010
          13           2  -1.2406008526815842E-009
          13           3   2.8273418640127457E-009
          13           4  -1.1108633518140236E-008
          13           5   6.9518037615829666E-009
          13           6  -7.8486162360722085E-004
          13           7   2.3530023274237602E-002
          13           8   7.7057000970011695E-003
          13           9   2.2884339338744260E-003
          13          10  -7.2942067180084350E-002
          13          11  -2.2467635047825851E-002
          13          12  -5.1129221103487924E-003
          13          13  0.25290702364079043     
          13          14   5.0198152419344451E-002
          13          15  -6.0748345150038914E-003
          13          16  0.29952557204982233     
          13          17   5.9642039531251793E-002
          13          18  -1.5377286320915532E-009
          13          19  -5.0392595969259821E-010
          13          20   3.6599988352299600E-010
          13          21  -4.5793324670633771E-010
          13          22  -2.1947718064212451E-009
          13          23  -3.5262961031432074E-010
          13          24   1.2592529322505779E-009
          13          25   4.2455259516905246E-009
          13          26  -1.0166136379199424E-009
          13          27   4.4328655766675726E-009
          13          28  -4.5352737740174043E-009
          13          29  -3.3321315982800606E-009
          14           1   1.6091196050195810E-010
          14           2  -7.6451929958247154E-010
          14           3   1.9869965015870283E-009
          14           4  -6.1791672907103397E-009
          14           5   2.0756379226863351E-009
          14           6   3.9027895375492341E-003
          14           7   7.7057006948058043E-003
          14           8  -1.3237498494832771E-002
          14           9  -1.1379427072793505E-002
          14          10  -2.2467636612204869E-002
          14          11   3.4261593235871489E-002
          14          12   2.5424415999537962E-002
          14          13   5.0198152419344451E-002
          14          14   1.3388002279778160E-002
          14          15   3.0207561446908227E-002
          14          16   5.9642035952736441E-002
          14          17   1.4945333751039555E-002
          14          18   1.7892073130878645E-010
          14          19  -1.5099010867818590E-009
          14          20  -4.4380038002535153E-009
          14          21   1.2158738329012066E-011
          14          22   1.1442766676692006E-008
          14          23   3.5103233238454000E-009
          14          24   2.1513935085269846E-010
          14          25   1.5860027847344043E-009
          14          26  -1.4292711273686627E-010
          14          27   2.3617914511765490E-009
          14          28  -1.3693190339256650E-009
          14          29  -1.5517815685048199E-009
          15           1  -9.6942855646941218E-011
          15           2  -8.2154334244651284E-010
          15           3  -3.1567537494802727E-010
          15           4  -1.7852868474166316E-008
          15           5   3.3286510535736813E-008
          15           6   4.7823145535364806E-002
          15           7  -8.8563609899193453E-004
          15           8   4.4038864885680247E-003
          15           9 -0.13882326072687776     
          15          10   2.5926074018216704E-003
          15          11  -1.2891918634589362E-002
          15          12  0.30844298343843585     
          15          13  -6.0748345150038914E-003
          15          14   3.0207561446908227E-002
          15          15  0.36635485670803558     
          15          16  -7.2120472082124161E-003
          15          17   3.5862400259738213E-002
          15          18  -2.6872547857858728E-009
          15          19   5.0811353574499189E-010
          15          20   4.1116995622417123E-009
          15          21  -3.0711942555079096E-009
          15          22  -1.6574486559739839E-008
          15          23  -6.1691422833479175E-009
          15          24   8.5633653642384670E-010
          15          25   8.7168682247174080E-009
          15          26   2.8427284669941983E-009
          15          27   1.7478122779307623E-008
          15          28  -6.6999895208515097E-009
          15          29  -1.2455052610569507E-008
          16           1  -4.5509382934208916E-011
          16           2  -3.2563278162811067E-010
          16           3  -3.0921817874343102E-010
          16           4  -7.2192422845766627E-009
          16           5   1.3846974087222169E-008
          16           6  -8.8563577816656489E-004
          16           7   4.6523100068812016E-002
          16           8   8.6950664714772734E-003
          16           9   2.5926065152145272E-003
          16          10 -0.13501751328749781     
          16          11  -2.5453900364872963E-002
          16          12  -6.0748342685772111E-003
          16          13  0.29952557204982233     
          16          14   5.9642035952736441E-002
          16          15  -7.2120472082124161E-003
          16          16  0.35576813574960736     
          16          17   7.0806977290641698E-002
          16          18  -1.4612127271648057E-009
          16          19  -2.2206905125867122E-009
          16          20  -1.1178700863734075E-009
          16          21   1.5842226338481371E-009
          16          22   2.2411100059043436E-009
          16          23   7.5585005609408757E-010
          16          24   1.8788602808784148E-009
          16          25   4.9899442486646558E-009
          16          26  -9.1980613258428395E-010
          16          27   5.4108037862400440E-009
          16          28  -5.1259788952894965E-009
          16          29  -4.3714990553217312E-009
          17           1   2.1743172478557734E-012
          17           2  -2.2562423330846343E-010
          17           3   1.3598977991955122E-010
          17           4  -3.5706959498039835E-009
          17           5   5.9010621448794445E-009
          17           6   4.4038893923243824E-003
          17           7   8.6950661791419040E-003
          17           8   5.0348437791586749E-003
          17           9  -1.2891926680223180E-002
          17          10  -2.5453899557102706E-002
          17          11  -1.3564969401193963E-002
          17          12   3.0207572563117967E-002
          17          13   5.9642039531251793E-002
          17          14   1.4945333751039555E-002
          17          15   3.5862400259738213E-002
          17          16   7.0806977290641698E-002
          17          17   1.7914722233089285E-002
          17          18  -9.0764451511544581E-010
          17          19  -2.4798773666878993E-009
          17          20  -5.0011377282715920E-009
          17          21   1.6934423972321970E-009
          17          22   1.2526500971076871E-008
          17          23   5.0552430586763158E-009
          17          24   4.5769057701029541E-010
          17          25   1.8623354650981660E-009
          17          26   2.9975758056387994E-011
          17          27   2.8861072854254590E-009
          17          28  -1.5329186209550408E-009
          17          29  -2.0719991081909488E-009
          18           1  -4.5482144387538198E-003
          18           2   1.5613704045667792E-002
          18           3  -2.7130567403957660E-002
          18           4  -1.8194441361920177E-003
          18           5   3.7823134308467366E-003
          18           6   1.0550959181719846E-010
          18           7  -1.0609917702513549E-009
          18           8  -1.9972321391877210E-010
          18           9  -3.3409776878952789E-010
          18          10   3.2754705828059110E-009
          18          11   5.2664844726873105E-010
          18          12  -1.7814265334144708E-009
          18          13  -1.5377286320915532E-009
          18          14   1.7892073130878645E-010
          18          15  -2.6872547857858728E-009
          18          16  -1.4612127271648057E-009
          18          17  -9.0764451511544581E-010
          18          18   1.9815930558292774     
          18          19   7.1805721561932147E-005
          18          20 -0.99289961324473786     
          18          21  -3.5695331583624629E-004
          18          22  -5.2157384120429611E-004
          18          23 -0.99074671449119167     
          18          24   3.6012185385238808E-002
          18          25   1.9791018764800614E-005
          18          26  -1.5669284533682049E-002
          18          27  -9.8416819276814129E-005
          18          28  -5.1442643182706446E-004
          18          29  -1.3543598001646192E-002
          19           1  -6.8205143178142836E-006
          19           2   2.1192444505213599E-005
          19           3  -2.1405804493867107E-004
          19           4   3.3698207440578323E-004
          19           5  -1.9983673386262985E-005
          19           6  -5.5230041631699989E-010
          19           7  -1.2998706109322771E-010
          19           8  -4.6743249241451688E-010
          19           9   1.7993484603184409E-009
          19          10   4.4193046067999057E-010
          19          11   1.1069144516898080E-009
          19          12  -3.4165946717851621E-009
          19          13  -5.0392595969259821E-010
          19          14  -1.5099010867818590E-009
          19          15   5.0811353574499189E-010
          19          16  -2.2206905125867122E-009
          19          17  -2.4798773666878993E-009
          19          18   7.1805721561932147E-005
          19          19   1.9830566846003514     
          19          20   7.2628782311261883E-005
          19          21  -1.0793903919348742E-004
          19          22  -5.9582013933043778E-005
          19          23   7.2775100574664015E-005
          19          24  -1.3170165352932499E-004
          19          25   3.4469447807234314E-002
          19          26  -1.3378901636610605E-004
          19          27   1.9298907282204550E-004
          19          28   1.0973442372895628E-004
          19          29  -1.6791221924878193E-004
          20           1  -4.5568851723651899E-003
          20           2   1.5640645203398675E-002
          20           3  -2.7402692945474032E-002
          20           4  -1.3910518224088579E-003
          20           5   3.7569169298827037E-003
          20           6  -2.2326927629808632E-009
          20           7   1.4147354895200814E-009
          20           8  -6.4872808603162351E-010
          20           9   6.6599735859496752E-009
          20          10  -3.6990665791080964E-009
          20          11   1.3628161533284553E-009
          20          12  -6.5268629520927534E-009
          20          13   3.6599988352299600E-010
          20          14  -4.4380038002535153E-009
          20          15   4.1116995622417123E-009
          20          16  -1.1178700863734075E-009
          20          17  -5.0011377282715920E-009
          20          18 -0.99289961324473786     
          20          19   7.2628782311261883E-005
          20          20   1.9817757638847224     
          20          21  -2.6644597032137297E-004
          20          22  -7.0940956548263970E-004
          20          23 -0.99065329185632811     
          20          24  -1.5861874290148355E-002
          20          25   1.7702953492367849E-005
          20          26   3.5867248162117608E-002
          20          27  -2.5014109907484593E-004
          20          28  -1.7377912151620632E-004
          20          29  -1.3757049159866353E-002
          21           1   3.3915785548981335E-005
          21           2  -1.0537999918741852E-004
          21           3   1.0644410280665449E-003
          21           4  -1.6756672156650880E-003
          21           5   9.9358676206397212E-005
          21           6   2.2184703802633104E-010
          21           7   1.4968024444848301E-010
          21           8   2.3897622625632039E-010
          21           9  -9.7934884410196605E-010
          21          10  -4.5608705414991810E-010
          21          11  -4.2862648070218973E-010
          21          12  -7.5750337742337963E-009
          21          13  -4.5793324670633771E-010
          21          14   1.2158738329012066E-011
          21          15  -3.0711942555079096E-009
          21          16   1.5842226338481371E-009
          21          17   1.6934423972321970E-009
          21          18  -3.5695331583624629E-004
          21          19  -1.0793903919348742E-004
          21          20  -2.6644597032137297E-004
          21          21   1.9835715649995911     
          21          22   3.4000340411602118E-005
          21          23  -4.5671770720913520E-004
          21          24   6.5489174377469461E-004
          21          25   1.9298813256904667E-004
          21          26   5.0316185715495402E-004
          21          27   3.3548574042028323E-002
          21          28  -9.9118867766447087E-005
          21          29   9.9707098781873834E-004
          22           1   6.6963271035000422E-005
          22           2  -2.0806265928446390E-004
          22           3   2.1016276813568728E-003
          22           4  -3.3084460998720959E-003
          22           5   1.9616831538647739E-004
          22           6   1.2843960377477296E-009
          22           7  -1.0805103034352167E-009
          22           8   2.4328626771051952E-009
          22           9  -5.0547875206704723E-009
          22          10   2.7775988556517294E-009
          22          11  -5.4657899378310664E-009
          22          12   1.1424434408137584E-008
          22          13  -2.1947718064212451E-009
          22          14   1.1442766676692006E-008
          22          15  -1.6574486559739839E-008
          22          16   2.2411100059043436E-009
          22          17   1.2526500971076871E-008
          22          18  -5.2157384120429611E-004
          22          19  -5.9582013933043778E-005
          22          20  -7.0940956548263970E-004
          22          21   3.4000340411602118E-005
          22          22   1.9836218898486273     
          22          23  -9.0159237821982243E-004
          22          24   9.7291424702140882E-004
          22          25   1.0973346468926519E-004
          22          26   1.3135629111951821E-003
          22          27  -9.9128158895373967E-005
          22          28   3.3403088531311464E-002
          22          29   1.9686376739018337E-003
          23           1  -4.8335932035173928E-003
          23           2   1.6500397743750395E-002
          23           3  -3.6087216063642444E-002
          23           4   1.2280163686165363E-002
          23           5   2.9463287036771207E-003
          23           6   7.1365176004589063E-010
          23           7  -1.3041658656783906E-009
          23           8   7.5288766288129216E-010
          23           9  -2.7749141004869016E-009
          23          10   3.8163047334906326E-009
          23          11  -1.5519191238890889E-009
          23          12   4.2771805550616105E-009
          23          13  -3.5262961031432074E-010
          23          14   3.5103233238454000E-009
          23          15  -6.1691422833479175E-009
          23          16   7.5585005609408757E-010
          23          17   5.0552430586763158E-009
          23          18 -0.99074671449119167     
          23          19   7.2775100574664015E-005
          23          20 -0.99065329185632811     
          23          21  -4.5671770720913520E-004
          23          22  -9.0159237821982243E-004
          23          23   1.9884353164028075     
          23          24  -1.9882184381322152E-002
          23          25  -1.6418692577484198E-005
          23          26  -1.9903044882017482E-002
          23          27   2.4375946140903053E-004
          23          28   4.8129104487733195E-004
          23          29   2.8450584030981663E-002
          24           1  -2.0886935211888204E-003
          24           2   6.4311789518732149E-003
          24           3  -2.0589143709801756E-002
          24           4  -1.3429242827570007E-003
          24           5  -4.5565891294152561E-004
          24           6   5.8856582397300955E-010
          24           7   1.0573046690420058E-010
          24           8   3.9926377140304715E-011
          24           9  -1.7035405719492571E-009
          24          10  -2.8607593455496700E-010
          24          11  -1.3786395361639189E-010
          24          12   1.2999717542156101E-010
          24          13   1.2592529322505779E-009
          24          14   2.1513935085269846E-010
          24          15   8.5633653642384670E-010
          24          16   1.8788602808784148E-009
          24          17   4.5769057701029541E-010
          24          18   3.6012185385238808E-002
          24          19  -1.3170165352932499E-004
          24          20  -1.5861874290148355E-002
          24          21   6.5489174377469461E-004
          24          22   9.7291424702140882E-004
          24          23  -1.9882184381322152E-002
          24          24   3.0810031440091654E-003
          24          25  -1.0717192638945322E-004
          24          26   1.9173467296551582E-003
          24          27   5.3291973818545707E-004
          24          28   1.0202881898462397E-003
          24          29  -2.2987044288566919E-003
          25           1  -2.4215833078862010E-007
          25           2  -1.7995821151368832E-007
          25           3  -1.6211017621898540E-005
          25           4   1.1549413380302557E-005
          25           5   1.5690175905420716E-006
          25           6   1.6496205513296925E-009
          25           7   6.6203626247829010E-010
          25           8   2.7184762096350137E-010
          25           9  -4.7138815590037414E-009
          25          10  -1.9446040111041161E-009
          25          11  -7.8665712890005605E-010
          25          12   7.2751112877022956E-009
          25          13   4.2455259516905246E-009
          25          14   1.5860027847344043E-009
          25          15   8.7168682247174080E-009
          25          16   4.9899442486646558E-009
          25          17   1.8623354650981660E-009
          25          18   1.9791018764800614E-005
          25          19   3.4469447807234314E-002
          25          20   1.7702953492367849E-005
          25          21   1.9298813256904667E-004
          25          22   1.0973346468926519E-004
          25          23  -1.6418692577484198E-005
          25          24  -1.0717192638945322E-004
          25          25   6.8991415112751569E-004
          25          26  -1.0085125717356520E-004
          25          27  -6.2990746736399879E-006
          25          28  -3.9482348504562935E-005
          25          29   1.0410785865575572E-004
          26           1  -2.0890009661705920E-003
          26           2   6.4309487201491015E-003
          26           3  -2.0609747391629636E-002
          26           4  -1.3282477673227967E-003
          26           5  -4.5366942276689123E-004
          26           6   3.7263385931996625E-010
          26           7  -9.6306597157443459E-010
          26           8  -2.5248574148539446E-010
          26           9  -1.1356747420366031E-009
          26          10   2.7417856558273060E-009
          26          11   6.9604754249571836E-010
          26          12   1.6994187181758622E-009
          26          13  -1.0166136379199424E-009
          26          14  -1.4292711273686627E-010
          26          15   2.8427284669941983E-009
          26          16  -9.1980613258428395E-010
          26          17   2.9975758056387994E-011
          26          18  -1.5669284533682049E-002
          26          19  -1.3378901636610605E-004
          26          20   3.5867248162117608E-002
          26          21   5.0316185715495402E-004
          26          22   1.3135629111951821E-003
          26          23  -1.9903044882017482E-002
          26          24   1.9173467296551582E-003
          26          25  -1.0085125717356520E-004
          26          26   2.8165514707457328E-003
          26          27   4.8532712990347136E-004
          26          28   9.9014537258143489E-004
          26          29  -2.1663562957194736E-003
          27           1   1.2038576164017994E-006
          27           2   8.9593672667181296E-007
          27           3   8.0607062856220997E-005
          27           4  -5.7425592870805238E-005
          27           5  -7.7980764089016080E-006
          27           6   2.2634740647899057E-009
          27           7   8.8036412407400565E-010
          27           8   5.2121969624817291E-010
          27           9  -6.5610761915031895E-009
          27          10  -2.5776712516496478E-009
          27          11  -1.5321107798472559E-009
          27          12   1.4480018887994323E-008
          27          13   4.4328655766675726E-009
          27          14   2.3617914511765490E-009
          27          15   1.7478122779307623E-008
          27          16   5.4108037862400440E-009
          27          17   2.8861072854254590E-009
          27          18  -9.8416819276814129E-005
          27          19   1.9298907282204550E-004
          27          20  -2.5014109907484593E-004
          27          21   3.3548574042028323E-002
          27          22  -9.9128158895373967E-005
          27          23   2.4375946140903053E-004
          27          24   5.3291973818545707E-004
          27          25  -6.2990746736399879E-006
          27          26   4.8532712990347136E-004
          27          27   7.1996866911245975E-004
          27          28   2.4085269876828250E-004
          27          29  -5.0152067209039927E-004
          28           1   2.3766431114356388E-006
