           1           1   1.9946720392468666     
           1           2   3.0969008278122379E-002
           1           3  -5.5193288144760586E-002
           1           4  0.12320341564425169     
           1           5  -3.0636657319266528E-002
           1           6  -1.3720229411448009E-015
           1           7   7.6601655885182498E-016
           1           8  -4.0947846987642878E-015
           1           9   6.3003739775745962E-015
           1          10   5.6194680722252071E-015
           1          11   5.6899247309042049E-015
           1          12  -1.3627990087951317E-014
           1          13  -3.0961721852526240E-015
           1          14   2.6437197622138004E-015
           1          15   1.3927970831589892E-014
           1          16   2.9203376077975844E-015
           1          17  -2.5742522217509150E-015
           1          18   1.1201479364914297E-002
           1          19   1.4278043925654424E-015
           1          20   1.1201479364922546E-002
           1          21  -2.2962440794358701E-016
           1          22   8.7224944388706528E-015
           1          23   1.1201479364922325E-002
           1          24  -2.5669686488709754E-002
           1          25   2.8065004673369441E-015
           1          26  -2.5669686488707537E-002
           1          27   2.4460000280146267E-015
           1          28  -3.8439083955139145E-015
           1          29  -2.5669686488704990E-002
           2           1   3.0969008278122379E-002
           2           2   3.5093171547326500     
           2           3   1.5304338369571391     
           2           4   2.4649367440699055     
           2           5 -0.74988102176251559     
           2           6   6.9478597991638728E-014
           2           7  -3.0949167400928762E-014
           2           8  -1.6348035789175210E-013
           2           9   5.7563250393202195E-014
           2          10   3.6065123948782712E-014
           2          11   8.4991892277076550E-014
           2          12  -6.7720252137479663E-015
           2          13  -1.1833149245207341E-014
           2          14  -2.7488862348339394E-014
           2          15   4.7698800703695231E-015
           2          16   5.7120079370904221E-015
           2          17   1.6949100656189613E-014
           2          18 -0.88415600204735612     
           2          19   5.8385633876703961E-015
           2          20 -0.88415600204720690     
           2          21   1.0834639746338750E-015
           2          22   4.3533424896794773E-014
           2          23 -0.88415600204732891     
           2          24 -0.51913582565674099     
           2          25  -2.4712376194058902E-015
           2          26 -0.51913582565673810     
           2          27   1.2628322019474576E-015
           2          28  -2.7914303765462352E-015
           2          29 -0.51913582565674121     
           3           1  -5.5193288144760586E-002
           3           2   1.5304338369571391     
           3           3   2.2380102781241282     
           3           4   4.2296915839168401     
           3           5  -1.2530882330653075     
           3           6   5.4672378755650609E-014
           3           7  -4.5747259456803496E-014
           3           8  -1.2534079286976679E-013
           3           9  -8.7147652623361661E-015
           3          10   2.1718756266128491E-015
           3          11   3.1514872510986642E-014
           3          12   4.7739527039345807E-015
           3          13   9.5660601691048242E-015
           3          14  -9.0486601296264489E-014
           3          15  -3.1595056971596258E-015
           3          16   5.7756483140180009E-016
           3          17   4.0512938450931318E-014
           3          18 -0.43529263471477869     
           3          19   9.2227938410278142E-015
           3          20 -0.43529263471447827     
           3          21  -5.8215569896614805E-016
           3          22   8.6284679765178439E-014
           3          23 -0.43529263471462620     
           3          24 -0.74936035921222921     
           3          25  -2.8694584986451351E-015
           3          26 -0.74936035921222477     
           3          27   2.1452728949125312E-015
           3          28  -9.3010092267270826E-015
           3          29 -0.74936035921224420     
           4           1  0.12320341564425169     
           4           2   2.4649367440699055     
           4           3   4.2296915839168401     
           4           4   13.812693852507483     
           4           5  -3.9825254417870584     
           4           6   3.2520736859726581E-014
           4           7  -3.0967570710482616E-014
           4           8  -8.3359486662934183E-014
           4           9  -6.4770105764266846E-014
           4          10  -6.9796153058179093E-014
           4          11  -1.2186780654309286E-013
           4          12   1.6203539775290841E-014
           4          13   9.4464629961235901E-014
           4          14  -3.1970238423635299E-013
           4          15  -1.4198220581605822E-014
           4          16  -2.3529249758838820E-014
           4          17   1.3837200550501942E-013
           4          18  -1.4223327501683927     
           4          19   1.7546655836432949E-014
           4          20  -1.4223327501681851     
           4          21   1.6938054645457206E-014
           4          22   1.0091690125499696E-013
           4          23  -1.4223327501681733     
           4          24  -2.5047230192917227     
           4          25  -5.5941614733289156E-015
           4          26  -2.5047230192917298     
           4          27   6.2459265959240164E-015
           4          28  -2.3062088312633665E-014
           4          29  -2.5047230192917720     
           5           1  -3.0636657319266528E-002
           5           2 -0.74988102176251559     
           5           3  -1.2530882330653075     
           5           4  -3.9825254417870584     
           5           5   1.1545290809309454     
           5           6  -3.5980716642031032E-014
           5           7   2.3170069350041332E-014
           5           8   7.6415638759688419E-014
           5           9  -9.0244973692270286E-015
           5          10   3.8574609350983197E-014
           5          11  -1.3995479769953230E-014
           5          12  -7.9414989504835721E-015
           5          13  -1.2608153990675139E-013
           5          14   1.8850930389211525E-013
           5          15   3.8447098137223910E-015
           5          16   6.2766649188216921E-014
           5          17  -8.0236010239657464E-014
           5          18  0.41835000847482551     
           5          19  -6.8999680975380404E-015
           5          20  0.41835000847436549     
           5          21  -1.0505972406665947E-014
           5          22  -6.9532176619559005E-014
           5          23  0.41835000847451498     
           5          24  0.73152546472304625     
           5          25   1.8211791930227796E-015
           5          26  0.73152546472307578     
           5          27  -1.2366680515656179E-015
           5          28   9.7490559356255571E-015
           5          29  0.73152546472308133     
           6           1  -1.3720229411448009E-015
           6           2   6.9478597991638728E-014
           6           3   5.4672378755650609E-014
           6           4   3.2520736859726581E-014
           6           5  -3.5980716642031032E-014
           6           6   2.0004015523159318     
           6           7   1.4049503753186667E-015
           6           8  -2.3340524242417750E-016
           6           9   2.4640817721164662E-003
           6          10  -5.2460867003582476E-015
           6          11  -1.8172854714115783E-015
           6          12   4.0829675880700134E-002
           6          13  -3.1898854217782269E-015
           6          14   6.1634420169594945E-015
           6          15  -2.9663252684987942E-002
           6          16  -2.6785384077843838E-015
           6          17  -7.4575355656428255E-015
           6          18  -4.0203500919751764E-014
           6          19   2.0775284645520950E-015
           6          20  -1.8576746742657603E-014
           6          21  -5.1662249038336893E-015
           6          22  -2.3325874288213203E-015
           6          23  -1.5237242813315834E-014
           6          24   2.6360752762246073E-015
           6          25   3.9758904783378692E-015
           6          26   2.3368665003337884E-016
           6          27   3.5225741528332961E-015
           6          28  -3.1726798770617690E-015
           6          29   5.0612228814024954E-015
           7           1   7.6601655885182498E-016
           7           2  -3.0949167400928762E-014
           7           3  -4.5747259456803496E-014
           7           4  -3.0967570710482616E-014
           7           5   2.3170069350041332E-014
           7           6   1.4049503753186667E-015
           7           7   2.0004015523159397     
           7           8  -5.8912115569425931E-016
           7           9   2.1068733305836147E-015
           7          10   2.4640817721320496E-003
           7          11  -4.8113097707302988E-015
           7          12   8.8756042446180849E-015
           7          13   4.0829675880710292E-002
           7          14   1.0152035462285269E-014
           7          15  -7.0154656823390171E-015
           7          16  -2.9663252684994180E-002
           7          17  -5.2952434104192037E-015
           7          18   3.6428464271124723E-014
           7          19   3.2943477820274325E-015
           7          20  -4.6297067404065559E-016
           7          21   5.4539169387694699E-015
           7          22   7.3049717327984057E-015
           7          23   2.5987390836032466E-014
           7          24  -1.0760849910647689E-016
           7          25  -4.9359796064650388E-015
           7          26   4.8305579518088373E-015
           7          27  -1.5816112809105857E-015
           7          28  -2.2493191366546994E-016
           7          29  -7.8250768479569981E-016
           8           1  -4.0947846987642878E-015
           8           2  -1.6348035789175210E-013
           8           3  -1.2534079286976679E-013
           8           4  -8.3359486662934183E-014
           8           5   7.6415638759688419E-014
           8           6  -2.3340524242417750E-016
           8           7  -5.8912115569425931E-016
           8           8   2.0004015523159326     
           8           9   7.3840635042815139E-015
           8          10   9.0747721837036721E-016
           8          11   2.4640817721160381E-003
           8          12   1.8778639125464902E-014
           8          13   1.2074542754536566E-014
           8          14   4.0829675880707232E-002
           8          15  -1.7311898239274516E-014
           8          16  -5.6551985316843911E-016
           8          17  -2.9663252684988296E-002
           8          18   6.9104328678854486E-014
           8          19   3.4150120477543704E-015
           8          20   5.4823682521594351E-014
           8          21   1.1729812215596948E-014
           8          22   1.1820047035465244E-014
           8          23   3.7921287678360917E-014
           8          24  -1.7147809231361502E-016
           8          25  -8.2294251964591152E-015
           8          26   2.2236922871977101E-015
           8          27  -4.4965099064880340E-015
           8          28   6.4841530948566885E-017
           8          29  -3.8264118246161666E-015
           9           1   6.3003739775745962E-015
           9           2   5.7563250393202195E-014
           9           3  -8.7147652623361661E-015
           9           4  -6.4770105764266846E-014
           9           5  -9.0244973692270286E-015
           9           6   2.4640817721164662E-003
           9           7   2.1068733305836147E-015
           9           8   7.3840635042815139E-015
           9           9   1.9826739129139916     
           9          10   6.6997189046569261E-015
           9          11   2.4944835693568868E-014
           9          12  0.30842357549316657     
           9          13   1.1275702593849246E-014
           9          14   8.7649505708942144E-014
           9          15  -6.6180161511434354E-002
           9          16  -1.6105606431837671E-014
           9          17  -6.6970083992257123E-014
           9          18  -8.8107249851436722E-014
           9          19   1.3073150880037027E-013
           9          20   1.4780590007966812E-013
           9          21   6.0310233343842456E-014
           9          22   1.3836938338461562E-013
           9          23  -2.1923940189584992E-013
           9          24   5.7607668918469763E-015
           9          25  -1.5604696635495252E-014
           9          26  -1.8637956366571818E-015
           9          27   2.8434688564564482E-014
           9          28  -7.5784972962195969E-014
           9          29   6.9388516873386187E-014
          10           1   5.6194680722252071E-015
          10           2   3.6065123948782712E-014
          10           3   2.1718756266128491E-015
          10           4  -6.9796153058179093E-014
          10           5   3.8574609350983197E-014
          10           6  -5.2460867003582476E-015
          10           7   2.4640817721320496E-003
          10           8   9.0747721837036721E-016
          10           9   6.6997189046569261E-015
          10          10   1.9826739129139694     
          10          11   1.6316809015037848E-014
          10          12   1.7237079819043544E-014
          10          13  0.30842357549308586     
          10          14   4.9335535656780394E-014
          10          15  -2.4002501375353091E-014
          10          16  -6.6180161511363120E-002
          10          17  -2.2662427490161008E-014
          10          18   1.0474177189145749E-013
          10          19   4.2713410564945779E-014
          10          20  -1.6132658215172103E-013
          10          21   2.1755078020864610E-014
          10          22   6.3489404167208607E-014
          10          23  -5.5755147169427674E-014
          10          24  -6.4072393961555223E-015
          10          25   5.6140071360937821E-015
          10          26   1.3767208829590917E-014
          10          27   4.1164776962456427E-015
          10          28  -3.7856272544361052E-014
          10          29   3.5527036176483701E-014
          11           1   5.6899247309042049E-015
          11           2   8.4991892277076550E-014
          11           3   3.1514872510986642E-014
          11           4  -1.2186780654309286E-013
          11           5  -1.3995479769953230E-014
          11           6  -1.8172854714115783E-015
          11           7  -4.8113097707302988E-015
          11           8   2.4640817721160381E-003
          11           9   2.4944835693568868E-014
          11          10   1.6316809015037848E-014
          11          11   1.9826739129140059     
          11          12   7.9227206392640248E-014
          11          13   8.2725493122381977E-014
          11          14  0.30842357549322519     
          11          15  -6.5617216521429711E-014
          11          16  -7.4440453801116746E-014
          11          17  -6.6180161511467023E-002
          11          18   1.4851087857066293E-013
          11          19   1.3160414639890476E-013
          11          20  -7.8128796362612833E-014
          11          21   1.1284099730622983E-013
          11          22   1.9848349587604143E-013
          11          23  -2.9182013347600375E-013
          11          24  -1.0898922176982738E-014
          11          25  -4.1816518318681290E-014
          11          26   6.4490866386419469E-014
          11          27   4.4180817067092114E-014
          11          28  -1.1734258395778339E-013
          11          29   8.8760752988710860E-014
          12           1  -1.3627990087951317E-014
          12           2  -6.7720252137479663E-015
          12           3   4.7739527039345807E-015
          12           4   1.6203539775290841E-014
          12           5  -7.9414989504835721E-015
          12           6   4.0829675880700134E-002
          12           7   8.8756042446180849E-015
          12           8   1.8778639125464902E-014
          12           9  0.30842357549316657     
          12          10   1.7237079819043544E-014
          12          11   7.9227206392640248E-014
          12          12   6.0287579658842052     
          12          13   1.8665624601510444E-014
          12          14  -6.0951244051921094E-014
          12          15  -3.2246963729684066     
          12          16  -9.1524010592536342E-015
          12          17   3.1318697635285275E-014
          12          18  -1.1668272515183515E-013
          12          19  -1.4341217707090371E-014
          12          20   1.8942633855515650E-013
          12          21  -2.1735735198038692E-016
          12          22  -1.1299793751446410E-014
          12          23  -4.8470858572956230E-014
          12          24   1.8996636848299133E-014
          12          25   5.2898990250713907E-015
          12          26  -1.8956333529220275E-014
          12          27  -1.5919416345280169E-014
          12          28   8.2057185820257157E-015
          12          29  -2.8492850682341533E-015
          13           1  -3.0961721852526240E-015
          13           2  -1.1833149245207341E-014
          13           3   9.5660601691048242E-015
          13           4   9.4464629961235901E-014
          13           5  -1.2608153990675139E-013
          13           6  -3.1898854217782269E-015
          13           7   4.0829675880710292E-002
          13           8   1.2074542754536566E-014
          13           9   1.1275702593849246E-014
          13          10  0.30842357549308586     
          13          11   8.2725493122381977E-014
          13          12   1.8665624601510444E-014
          13          13   6.0287579658841324     
          13          14   9.3258734068513149E-014
          13          15  -3.2928521020991752E-014
          13          16  -3.2246963729683502     
          13          17  -7.2220007751866433E-014
          13          18   4.5876693249794426E-014
          13          19  -3.8966987561310629E-014
          13          20   1.3372044935364296E-013
          13          21   1.0388584492718744E-014
          13          22  -2.1766609238517128E-015
          13          23  -1.0933134747974342E-013
          13          24   6.8952383249660636E-014
          13          25   7.1556011243097300E-014
          13          26  -6.6805845112772783E-014
          13          27  -7.4877831240057187E-014
          13          28  -1.7911108052800769E-014
          13          29   5.7004131665416736E-014
          14           1   2.6437197622138004E-015
          14           2  -2.7488862348339394E-014
          14           3  -9.0486601296264489E-014
          14           4  -3.1970238423635299E-013
          14           5   1.8850930389211525E-013
          14           6   6.1634420169594945E-015
          14           7   1.0152035462285269E-014
          14           8   4.0829675880707232E-002
          14           9   8.7649505708942144E-014
          14          10   4.9335535656780394E-014
          14          11  0.30842357549322519     
          14          12  -6.0951244051921094E-014
          14          13   9.3258734068513149E-014
          14          14   6.0287579658840071     
          14          15   7.2222609837080398E-014
          14          16  -9.7144514654701197E-014
          14          17  -3.2246963729682427     
          14          18  -1.0567814105067635E-013
          14          19   1.8299937348069511E-014
          14          20   1.3045847964747823E-013
          14          21  -1.2320057163136966E-014
          14          22  -4.4152211823082082E-014
          14          23  -3.0639441180419824E-015
          14          24   4.8509788484453461E-015
          14          25  -8.1996145985991487E-014
          14          26   1.0616193505926517E-013
          14          27  -1.6851482573548708E-014
          14          28   6.5106932145318513E-014
          14          29   8.1160976415281327E-014
          15           1   1.3927970831589892E-014
          15           2   4.7698800703695231E-015
          15           3  -3.1595056971596258E-015
          15           4  -1.4198220581605822E-014
          15           5   3.8447098137223910E-015
          15           6  -2.9663252684987942E-002
          15           7  -7.0154656823390171E-015
          15           8  -1.7311898239274516E-014
          15           9  -6.6180161511434354E-002
          15          10  -2.4002501375353091E-014
          15          11  -6.5617216521429711E-014
          15          12  -3.2246963729684066     
          15          13  -3.2928521020991752E-014
          15          14   7.2222609837080398E-014
          15          15   1.7774459238557914     
          15          16   1.5548326515180122E-014
          15          17  -3.5627750749611664E-014
          15          18   1.8873802710389694E-013
          15          19   1.0610247242638244E-014
          15          20  -2.4842185004810968E-013
          15          21  -1.6892159425619656E-015
          15          22   4.0306944437102850E-015
          15          23   4.3103756478891915E-014
          15          24  -2.1450929685238951E-014
          15          25  -3.3931716811686733E-015
          15          26   2.2841133803893721E-014
          15          27   1.0192895378272254E-014
          15          28  -7.3062204472882730E-015
          15          29   2.4420777572229864E-015
          16           1   2.9203376077975844E-015
          16           2   5.7120079370904221E-015
          16           3   5.7756483140180009E-016
          16           4  -2.3529249758838820E-014
          16           5   6.2766649188216921E-014
          16           6  -2.6785384077843838E-015
          16           7  -2.9663252684994180E-002
          16           8  -5.6551985316843911E-016
          16           9  -1.6105606431837671E-014
          16          10  -6.6180161511363120E-002
          16          11  -7.4440453801116746E-014
          16          12  -9.1524010592536342E-015
          16          13  -3.2246963729683502     
          16          14  -9.7144514654701197E-014
          16          15   1.5548326515180122E-014
          16          16   1.7774459238557663     
          16          17   5.4872772992098362E-014
          16          18  -3.9148043080430038E-014
          16          19   2.2724411765716746E-014
          16          20  -1.1171373866201978E-013
          16          21  -3.5820526060596061E-015
          16          22   1.0219160893689478E-014
          16          23   1.1135356350001243E-013
          16          24  -3.9769111132275288E-014
          16          25  -2.8634493811181332E-014
          16          26   2.4337087619358679E-014
          16          27   4.3195007748731252E-014
          16          28   1.7920346702701320E-015
          16          29  -4.5840542744120350E-014
          17           1  -2.5742522217509150E-015
          17           2   1.6949100656189613E-014
          17           3   4.0512938450931318E-014
          17           4   1.3837200550501942E-013
          17           5  -8.0236010239657464E-014
          17           6  -7.4575355656428255E-015
          17           7  -5.2952434104192037E-015
          17           8  -2.9663252684988296E-002
          17           9  -6.6970083992257123E-014
          17          10  -2.2662427490161008E-014
          17          11  -6.6180161511467023E-002
          17          12   3.1318697635285275E-014
          17          13  -7.2220007751866433E-014
          17          14  -3.2246963729682427     
          17          15  -3.5627750749611664E-014
          17          16   5.4872772992098362E-014
          17          17   1.7774459238556861     
          17          18   8.8838536216967825E-014
          17          19   7.2898100394147102E-016
          17          20  -8.7033571437196007E-014
          17          21   1.1369100632349129E-014
          17          22   3.4304646873352350E-014
          17          23  -2.8502292586732864E-014
          17          24  -1.0054482502697331E-014
          17          25   3.2167179461729161E-014
          17          26  -4.2975404557495554E-014
          17          27   1.3880842308710714E-014
          17          28  -3.6527850595101804E-014
          17          29  -3.4123906282047082E-014
          18           1   1.1201479364914297E-002
          18           2 -0.88415600204735612     
          18           3 -0.43529263471477869     
          18           4  -1.4223327501683927     
          18           5  0.41835000847482551     
          18           6  -4.0203500919751764E-014
          18           7   3.6428464271124723E-014
          18           8   6.9104328678854486E-014
          18           9  -8.8107249851436722E-014
          18          10   1.0474177189145749E-013
          18          11   1.4851087857066293E-013
          18          12  -1.1668272515183515E-013
          18          13   4.5876693249794426E-014
          18          14  -1.0567814105067635E-013
          18          15   1.8873802710389694E-013
          18          16  -3.9148043080430038E-014
          18          17   8.8838536216967825E-014
          18          18   2.4773088133716641     
          18          19   1.1137388485135787E-012
          18          20 -0.66099589351889698     
          18          21   3.9010351263930247E-013
          18          22  -7.4559822377206306E-013
          18          23 -0.66099589351878074     
          18          24   8.3789092122179609E-002
          18          25  -7.5703056556086190E-014
          18          26  0.41457304837940989     
          18          27  -5.8343960272130987E-014
          18          28   7.7299095767422570E-014
          18          29  0.41457304837932729     
          19           1   1.4278043925654424E-015
          19           2   5.8385633876703961E-015
          19           3   9.2227938410278142E-015
          19           4   1.7546655836432949E-014
          19           5  -6.8999680975380404E-015
          19           6   2.0775284645520950E-015
          19           7   3.2943477820274325E-015
          19           8   3.4150120477543704E-015
          19           9   1.3073150880037027E-013
          19          10   4.2713410564945779E-014
          19          11   1.3160414639890476E-013
          19          12  -1.4341217707090371E-014
          19          13  -3.8966987561310629E-014
          19          14   1.8299937348069511E-014
          19          15   1.0610247242638244E-014
          19          16   2.2724411765716746E-014
          19          17   7.2898100394147102E-016
          19          18   1.1137388485135787E-012
          19          19   2.0909801764685580     
          19          20  -1.1565898830939635E-012
          19          21   2.1926904745682127E-015
          19          22   2.7755575677619428E-016
          19          23   2.4489086178259327E-014
          19          24  -9.3299973943312249E-014
          19          25 -0.21673482837530905     
          19          26   9.0637745725093480E-014
          19          27  -2.2169766023984146E-015
          19          28  -4.1933676354059630E-026
          19          29  -9.1542442326650232E-015
          20           1   1.1201479364922546E-002
          20           2 -0.88415600204720690     
          20           3 -0.43529263471447827     
          20           4  -1.4223327501681851     
          20           5  0.41835000847436549     
          20           6  -1.8576746742657603E-014
          20           7  -4.6297067404065559E-016
          20           8   5.4823682521594351E-014
          20           9   1.4780590007966812E-013
          20          10  -1.6132658215172103E-013
          20          11  -7.8128796362612833E-014
          20          12   1.8942633855515650E-013
          20          13   1.3372044935364296E-013
          20          14   1.3045847964747823E-013
          20          15  -2.4842185004810968E-013
          20          16  -1.1171373866201978E-013
          20          17  -8.7033571437196007E-014
          20          18 -0.66099589351889698     
          20          19  -1.1565898830939635E-012
          20          20   2.4773088133715464     
          20          21  -6.7302775716480039E-013
          20          22  -8.9117822139595795E-013
          20          23 -0.66099589351890586     
          20          24  0.41457304837947362     
          20          25   1.2609722430593329E-013
          20          26   8.3789092122140474E-002
          20          27   5.6963899306593898E-014
          20          28   4.7589348475581754E-014
          20          29  0.41457304837953379     
          21           1  -2.2962440794358701E-016
          21           2   1.0834639746338750E-015
          21           3  -5.8215569896614805E-016
          21           4   1.6938054645457206E-014
          21           5  -1.0505972406665947E-014
          21           6  -5.1662249038336893E-015
          21           7   5.4539169387694699E-015
          21           8   1.1729812215596948E-014
          21           9   6.0310233343842456E-014
          21          10   2.1755078020864610E-014
          21          11   1.1284099730622983E-013
          21          12  -2.1735735198038692E-016
          21          13   1.0388584492718744E-014
          21          14  -1.2320057163136966E-014
          21          15  -1.6892159425619656E-015
          21          16  -3.5820526060596061E-015
          21          17   1.1369100632349129E-014
          21          18   3.9010351263930247E-013
          21          19   2.1926904745682127E-015
          21          20  -6.7302775716480039E-013
          21          21   2.0909801764685572     
          21          22   2.7755575620764118E-015
          21          23   2.8493598999915189E-013
          21          24  -3.8610497887485329E-014
          21          25  -5.4366233738231913E-015
          21          26   4.5659771965072068E-014
          21          27 -0.21673482837530958     
          21          28  -1.6028844918165024E-015
          21          29  -1.7166435092477579E-014
          22           1   8.7224944388706528E-015
          22           2   4.3533424896794773E-014
          22           3   8.6284679765178439E-014
          22           4   1.0091690125499696E-013
          22           5  -6.9532176619559005E-014
          22           6  -2.3325874288213203E-015
          22           7   7.3049717327984057E-015
          22           8   1.1820047035465244E-014
          22           9   1.3836938338461562E-013
          22          10   6.3489404167208607E-014
          22          11   1.9848349587604143E-013
          22          12  -1.1299793751446410E-014
          22          13  -2.1766609238517128E-015
          22          14  -4.4152211823082082E-014
          22          15   4.0306944437102850E-015
          22          16   1.0219160893689478E-014
          22          17   3.4304646873352350E-014
          22          18  -7.4559822377206306E-013
          22          19   2.7755575677619428E-016
          22          20  -8.9117822139595795E-013
          22          21   2.7755575620764118E-015
          22          22   2.0909801764685643     
          22          23   1.5427038945475282E-012
          22          24   8.8987082238071282E-014
          22          25  -7.7299278090668842E-015
          22          26   6.7356464634004728E-014
          22          27  -7.7403361498353424E-015
          22          28 -0.21673482837531419     
          22          29  -1.9825456525769720E-013
          23           1   1.1201479364922325E-002
          23           2 -0.88415600204732891     
          23           3 -0.43529263471462620     
          23           4  -1.4223327501681733     
          23           5  0.41835000847451498     
          23           6  -1.5237242813315834E-014
          23           7   2.5987390836032466E-014
          23           8   3.7921287678360917E-014
          23           9  -2.1923940189584992E-013
          23          10  -5.5755147169427674E-014
          23          11  -2.9182013347600375E-013
          23          12  -4.8470858572956230E-014
          23          13  -1.0933134747974342E-013
          23          14  -3.0639441180419824E-015
          23          15   4.3103756478891915E-014
          23          16   1.1135356350001243E-013
          23          17  -2.8502292586732864E-014
          23          18 -0.66099589351878074     
          23          19   2.4489086178259327E-014
          23          20 -0.66099589351890586     
          23          21   2.8493598999915189E-013
          23          22   1.5427038945475282E-012
          23          23   2.4773088133716996     
          23          24  0.41457304837935394     
          23          25  -4.6527887650469806E-014
          23          26  0.41457304837942877     
          23          27  -7.5851225052014585E-016
          23          28  -1.1416306761313627E-013
          23          29   8.3789092122138337E-002
          24           1  -2.5669686488709754E-002
          24           2 -0.51913582565674099     
          24           3 -0.74936035921222921     
          24           4  -2.5047230192917227     
          24           5  0.73152546472304625     
          24           6   2.6360752762246073E-015
          24           7  -1.0760849910647689E-016
          24           8  -1.7147809231361502E-016
          24           9   5.7607668918469763E-015
          24          10  -6.4072393961555223E-015
          24          11  -1.0898922176982738E-014
          24          12   1.8996636848299133E-014
          24          13   6.8952383249660636E-014
          24          14   4.8509788484453461E-015
          24          15  -2.1450929685238951E-014
          24          16  -3.9769111132275288E-014
          24          17  -1.0054482502697331E-014
          24          18   8.3789092122179609E-002
          24          19  -9.3299973943312249E-014
          24          20  0.41457304837947362     
          24          21  -3.8610497887485329E-014
          24          22   8.8987082238071282E-014
          24          23  0.41457304837935394     
          24          24  0.50368282129770936     
          24          25   6.4818042637617847E-015
          24          26  0.46737676263294337     
          24          27   4.9014389360641154E-015
          24          28  -8.6376287884328372E-015
          24          29  0.46737676263297012     
          25           1   2.8065004673369441E-015
          25           2  -2.4712376194058902E-015
          25           3  -2.8694584986451351E-015
          25           4  -5.5941614733289156E-015
          25           5   1.8211791930227796E-015
          25           6   3.9758904783378692E-015
          25           7  -4.9359796064650388E-015
          25           8  -8.2294251964591152E-015
          25           9  -1.5604696635495252E-014
          25          10   5.6140071360937821E-015
          25          11  -4.1816518318681290E-014
          25          12   5.2898990250713907E-015
          25          13   7.1556011243097300E-014
          25          14  -8.1996145985991487E-014
          25          15  -3.3931716811686733E-015
          25          16  -2.8634493811181332E-014
          25          17   3.2167179461729161E-014
          25          18  -7.5703056556086190E-014
          25          19 -0.21673482837530905     
          25          20   1.2609722430593329E-013
          25          21  -5.4366233738231913E-015
          25          22  -7.7299278090668842E-015
          25          23  -4.6527887650469806E-014
          25          24   6.4818042637617847E-015
          25          25   2.3427531611658510E-002
          25          26  -8.7367046257728424E-015
          25          27   7.3118594513520839E-016
          25          28   6.4748553741307789E-016
          25          29   5.8099696573389924E-015
          26           1  -2.5669686488707537E-002
          26           2 -0.51913582565673810     
          26           3 -0.74936035921222477     
          26           4  -2.5047230192917298     
          26           5  0.73152546472307578     
          26           6   2.3368665003337884E-016
          26           7   4.8305579518088373E-015
          26           8   2.2236922871977101E-015
          26           9  -1.8637956366571818E-015
          26          10   1.3767208829590917E-014
          26          11   6.4490866386419469E-014
          26          12  -1.8956333529220275E-014
          26          13  -6.6805845112772783E-014
          26          14   1.0616193505926517E-013
          26          15   2.2841133803893721E-014
          26          16   2.4337087619358679E-014
          26          17  -4.2975404557495554E-014
          26          18  0.41457304837940989     
          26          19   9.0637745725093480E-014
          26          20   8.3789092122140474E-002
          26          21   4.5659771965072068E-014
          26          22   6.7356464634004728E-014
          26          23  0.41457304837942877     
          26          24  0.46737676263294337     
          26          25  -8.7367046257728424E-015
          26          26  0.50368282129770880     
          26          27  -4.3308849556988927E-015
          26          28  -2.3076866391767937E-015
          26          29  0.46737676263294392     
          27           1   2.4460000280146267E-015
          27           2   1.2628322019474576E-015
          27           3   2.1452728949125312E-015
          27           4   6.2459265959240164E-015
          27           5  -1.2366680515656179E-015
          27           6   3.5225741528332961E-015
          27           7  -1.5816112809105857E-015
          27           8  -4.4965099064880340E-015
          27           9   2.8434688564564482E-014
          27          10   4.1164776962456427E-015
          27          11   4.4180817067092114E-014
          27          12  -1.5919416345280169E-014
          27          13  -7.4877831240057187E-014
          27          14  -1.6851482573548708E-014
          27          15   1.0192895378272254E-014
          27          16   4.3195007748731252E-014
          27          17   1.3880842308710714E-014
          27          18  -5.8343960272130987E-014
          27          19  -2.2169766023984146E-015
          27          20   5.6963899306593898E-014
          27          21 -0.21673482837530958     
          27          22  -7.7403361498353424E-015
          27          23  -7.5851225052014585E-016
          27          24   4.9014389360641154E-015
          27          25   7.3118594513520839E-016
          27          26  -4.3308849556988927E-015
          27          27   2.3427531611658493E-002
          27          28   8.0317696937597919E-016
          27          29  -3.0130879261168817E-015
          28           1  -3.8439083955139145E-015
