           1           1   2.1858563737782246     
           1           2 -0.70104903696199106     
           1           3  0.31995023985444249     
           1           4  -3.5262805797656505E-002
           1           5  -4.3601055335331040E-002
           1           6  -1.3741629805664596E-014
           1           7   1.1095449520328668E-014
           1           8  -5.7748838688785251E-015
           1           9   3.6089030314772211E-014
           1          10  -2.7954788620837868E-014
           1          11   1.7836256452987681E-014
           1          12   7.9043528049488469E-014
           1          13   2.2237833093643855E-014
           1          14   2.6128639881519867E-014
           1          15  -1.5124473897235660E-014
           1          16  -2.9439431534501302E-014
           1          17  -2.3662065230613938E-014
           1          18  -1.9646311411019688E-003
           1          19   4.3958497868166855E-014
           1          20  -1.9646311410757853E-003
           1          21  -2.5459374136137392E-014
           1          22   2.6200278293726743E-014
           1          23  -1.9646311410935801E-003
           1          24  -1.0379590277110004E-003
           1          25   1.2200038708119597E-015
           1          26  -1.0379590277263357E-003
           1          27  -1.7758884436980083E-014
           1          28  -2.8597896129067539E-014
           1          29  -1.0379590277270572E-003
           2           1 -0.70104903696199106     
           2           2   2.6457431573487176     
           2           3  -1.1692795487776968     
           2           4  0.13462445676147272     
           2           5  0.16247906888066799     
           2           6   1.0172103408369804E-014
           2           7  -6.6751736868400383E-014
           2           8  -5.2009822717306164E-015
           2           9  -3.8666907973763019E-014
           2          10   1.8951111092667135E-013
           2          11   3.5119919877939938E-014
           2          12  -4.2131960486899303E-013
           2          13  -3.0536041446816021E-013
           2          14  -2.7094775386023102E-013
           2          15  -5.8683950281394615E-014
           2          16  -8.0794649070351415E-014
           2          17  -5.2422751912427070E-014
           2          18   5.7620476824218423E-003
           2          19  -1.5638246537661375E-013
           2          20   5.7620476822598035E-003
           2          21   7.4270362827093793E-014
           2          22  -1.1193067031390719E-013
           2          23   5.7620476823944562E-003
           2          24   2.3360742329831367E-003
           2          25  -4.9017261438818504E-015
           2          26   2.3360742330465947E-003
           2          27   6.0333428066710428E-014
           2          28   1.0623407796530229E-013
           2          29   2.3360742330430953E-003
           3           1  0.31995023985444249     
           3           2  -1.1692795487776968     
           3           3   2.7454686737312706     
           3           4 -0.34950290337255252     
           3           5 -0.42668003185841225     
           3           6  -2.1962523870875838E-013
           3           7  -6.6708675020174107E-016
           3           8  -8.4287198302047822E-014
           3           9   5.5213162203829508E-013
           3          10  -4.2846699434872697E-014
           3          11   3.5094363524723242E-013
           3          12   3.9130555350314183E-013
           3          13  -3.2837319143551272E-013
           3          14  -1.0093781217694270E-013
           3          15  -4.6955117637319749E-013
           3          16  -7.5005119643823834E-013
           3          17  -5.5876383502173379E-013
           3          18  -1.0707039238707330E-002
           3          19   1.0712004302175261E-012
           3          20  -1.0707039238775005E-002
           3          21  -1.0191518592316135E-012
           3          22   2.3499082912990778E-013
           3          23  -1.0707039238766980E-002
           3          24  -1.3340322373463337E-002
           3          25   1.9031398829480637E-014
           3          26  -1.3340322373615921E-002
           3          27  -1.6901842545945059E-013
           3          28  -2.8268622487548995E-013
           3          29  -1.3340322373618714E-002
           4           1  -3.5262805797656505E-002
           4           2  0.13462445676147272     
           4           3 -0.34950290337255252     
           4           4  0.61902040519481449     
           4           5  0.59531147245706162     
           4           6  -3.4590288882727185E-013
           4           7  -3.9022626772180310E-013
           4           8  -1.9406552591860825E-013
           4           9   9.7916500438950914E-013
           4          10   1.0723307821129186E-012
           4          11   6.0777879299836017E-013
           4          12  -2.1983928576814329E-012
           4          13  -2.0758313440161722E-012
           4          14  -1.5029039200332371E-012
           4          15  -7.5839110274486304E-013
           4          16  -1.1091434306188188E-012
           4          17  -8.0289487902853035E-013
           4          18   9.2726983239732478E-004
           4          19  -1.3311540909143204E-012
           4          20   9.2726983167385239E-004
           4          21   1.2562721061941646E-012
           4          22  -3.2239554893812352E-013
           4          23   9.2726983298712501E-004
           4          24  -9.0122610803911073E-005
           4          25  -4.3119503202842914E-014
           4          26  -9.0122610843489738E-005
           4          27   2.2961224107432512E-013
           4          28   3.4182179053964538E-013
           4          29  -9.0122610787816824E-005
           5           1  -4.3601055335331040E-002
           5           2  0.16247906888066799     
           5           3 -0.42668003185841225     
           5           4  0.59531147245706162     
           5           5  0.57574538892991955     
           5           6   2.9675248813065448E-013
           5           7   4.3503125160944672E-013
           5           8   5.9583116938735848E-013
           5           9  -8.8516050899479775E-013
           5          10  -1.2731693513670666E-012
           5          11  -1.6443137927794102E-012
           5          12   9.0652758431011529E-013
           5          13   2.9640326429494680E-012
           5          14   2.4962886631797790E-012
           5          15   1.8387873811469498E-012
           5          16   3.1373478669047454E-012
           5          17   2.5767541298113423E-012
           5          18   1.2505563228375695E-003
           5          19   8.6177209958396074E-013
           5          20   1.2505563234759397E-003
           5          21  -3.1139582354373185E-013
           5          22   2.1412689739287900E-013
           5          23   1.2505563231089204E-003
           5          24   3.9859326005577654E-004
           5          25  -1.8039047400694708E-014
           5          26   3.9859326003814383E-004
           5          27   2.0571349063005283E-013
           5          28   3.3761520020731546E-013
           5          29   3.9859326007338284E-004
           6           1  -1.3741629805664596E-014
           6           2   1.0172103408369804E-014
           6           3  -2.1962523870875838E-013
           6           4  -3.4590288882727185E-013
           6           5   2.9675248813065448E-013
           6           6   2.3411962830015325     
           6           7   1.7675097496727687E-014
           6           8  -8.4933687687083204E-015
           6           9 -0.92357376511641120     
           6          10  -7.0226810477969082E-014
           6          11   3.6884286857413739E-014
           6          12  0.12452408101497105     
           6          13   2.2575517844014570E-013
           6          14  -9.8632907397089298E-014
           6          15  0.11583813725043884     
           6          16  -1.3568052931178798E-013
           6          17   1.0735336231082471E-014
           6          18   5.5616952016842433E-014
           6          19  -2.6376633803387461E-013
           6          20  -1.1068336367446249E-013
           6          21   1.9392184997865572E-013
           6          22  -6.8422544150366983E-014
           6          23   1.2389558713803917E-013
           6          24  -2.4492453083495013E-013
           6          25   2.2545683229199210E-014
           6          26  -8.1580362643830711E-014
           6          27  -1.3823911809391698E-013
           6          28   3.6269878019805763E-014
           6          29   1.3507618595556387E-013
           7           1   1.1095449520328668E-014
           7           2  -6.6751736868400383E-014
           7           3  -6.6708675020174107E-016
           7           4  -3.9022626772180310E-013
           7           5   4.3503125160944672E-013
           7           6   1.7675097496727687E-014
           7           7   2.3411962830015298     
           7           8   4.8429142640582512E-015
           7           9  -7.1167030601948511E-014
           7          10 -0.92357376511640710     
           7          11  -2.4892197678094696E-014
           7          12   1.9565859349368608E-013
           7          13  0.12452408101493513     
           7          14   9.6268045618463916E-014
           7          15  -1.4471063236598525E-014
           7          16  0.11583813725043079     
           7          17  -6.5370885787841004E-014
           7          18   5.3461619672735726E-014
           7          19  -4.8508536112632119E-014
           7          20   6.8745700873000028E-015
           7          21   3.2548962135565010E-014
           7          22   6.3073695161051861E-014
           7          23  -4.8515527187136331E-014
           7          24  -8.9807699774431026E-014
           7          25  -2.8670324693990499E-013
           7          26   6.7224277472311720E-014
           7          27   2.9621801229120913E-013
           7          28  -1.8567892761015139E-013
           7          29  -8.8129933074731992E-014
           8           1  -5.7748838688785251E-015
           8           2  -5.2009822717306164E-015
           8           3  -8.4287198302047822E-014
           8           4  -1.9406552591860825E-013
           8           5   5.9583116938735848E-013
           8           6  -8.4933687687083204E-015
           8           7   4.8429142640582512E-015
           8           8   2.3411962830015312     
           8           9   4.6065094013586494E-014
           8          10  -3.4499529968923248E-014
           8          11 -0.92357376511645972     
           8          12  -1.5647390067680123E-013
           8          13   1.7517693025326242E-013
           8          14  0.12452408101510087     
           8          15   8.2545515561749383E-014
           8          16  -6.8637370093105332E-014
           8          17  0.11583813725037752     
           8          18  -3.1732056131517379E-014
           8          19  -5.0486082407869733E-014
           8          20  -5.8551682460536139E-014
           8          21  -1.0816316716779814E-013
           8          22   5.2446406978677604E-014
           8          23   2.7208846610562214E-014
           8          24  -3.9086392338090013E-014
           8          25   8.4569761932239945E-014
           8          26  -2.5266793709984890E-013
           8          27   2.3331264789523182E-014
           8          28  -1.5904423549862219E-013
           8          29  -2.8839802448841346E-013
           9           1   3.6089030314772211E-014
           9           2  -3.8666907973763019E-014
           9           3   5.5213162203829508E-013
           9           4   9.7916500438950914E-013
           9           5  -8.8516050899479775E-013
           9           6 -0.92357376511641120     
           9           7  -7.1167030601948511E-014
           9           8   4.6065094013586494E-014
           9           9   2.5008187919763927     
           9          10   2.3181109809478073E-013
           9          11  -1.4372075578250598E-013
           9          12 -0.36468571599413635     
           9          13  -6.5115968173046213E-013
           9          14   3.0209905757527800E-013
           9          15 -0.33208619229237579     
           9          16   3.9258526984831121E-013
           9          17  -3.3663610093936924E-014
           9          18  -1.4718923332971506E-013
           9          19   6.1104331093617152E-013
           9          20   2.6478771575120120E-013
           9          21  -4.3403570612977581E-013
           9          22   1.8200477150228146E-013
           9          23  -2.6081802693150809E-013
           9          24   6.9715602267363607E-013
           9          25  -6.7740477315343404E-014
           9          26   2.5501691515092786E-013
           9          27   3.9731685756829070E-013
           9          28  -1.0968110661237897E-013
           9          29  -3.9555966570057473E-013
          10           1  -2.7954788620837868E-014
          10           2   1.8951111092667135E-013
          10           3  -4.2846699434872697E-014
          10           4   1.0723307821129186E-012
          10           5  -1.2731693513670666E-012
          10           6  -7.0226810477969082E-014
          10           7 -0.92357376511640710     
          10           8  -3.4499529968923248E-014
          10           9   2.3181109809478073E-013
          10          10   2.5008187919763767     
          10          11   1.1423717874436967E-013
          10          12  -5.2254381377458969E-013
          10          13 -0.36468571599405913     
          10          14  -2.9044041477410687E-013
          10          15   4.2108677655861015E-014
          10          16 -0.33208619229241915     
          10          17   1.9439744952665095E-013
          10          18  -1.1989081384926166E-013
          10          19  -2.2642977493619910E-014
          10          20  -2.3683126502282012E-014
          10          21   6.2417564483327135E-014
          10          22  -1.9174492323274926E-013
          10          23   1.9137889232464561E-013
          10          24   2.8224506925951384E-013
          10          25   8.2409917830837371E-013
          10          26  -1.9156635066653847E-013
          10          27  -8.4494732727114718E-013
          10          28   5.3830439407762072E-013
          10          29   2.8411807394353976E-013
          11           1   1.7836256452987681E-014
          11           2   3.5119919877939938E-014
          11           3   3.5094363524723242E-013
          11           4   6.0777879299836017E-013
          11           5  -1.6443137927794102E-012
          11           6   3.6884286857413739E-014
          11           7  -2.4892197678094696E-014
          11           8 -0.92357376511645972     
          11           9  -1.4372075578250598E-013
          11          10   1.1423717874436967E-013
          11          11   2.5008187919765881     
          11          12   4.4566563980885654E-013
          11          13  -4.9463905194002677E-013
          11          14 -0.36468571599454175     
          11          15  -2.4572574877645970E-013
          11          16   1.8961698530772786E-013
          11          17 -0.33208619229226327     
          11          18   2.9788965473312039E-014
          11          19   2.0830385241367471E-013
          11          20   1.1947136147548711E-013
          11          21   2.0588707037263243E-013
          11          22  -1.4584033155653118E-013
          11          23  -1.6019419628963186E-013
          11          24   6.5073777883135705E-014
          11          25  -2.4044268726936945E-013
          11          26   6.8837420457731643E-013
          11          27  -7.6341623217163030E-014
          11          28   4.6186787827271941E-013
          11          29   7.7719552415446763E-013
          12           1   7.9043528049488469E-014
          12           2  -4.2131960486899303E-013
          12           3   3.9130555350314183E-013
          12           4  -2.1983928576814329E-012
          12           5   9.0652758431011529E-013
          12           6  0.12452408101497105     
          12           7   1.9565859349368608E-013
          12           8  -1.5647390067680123E-013
          12           9 -0.36468571599413635     
          12          10  -5.2254381377458969E-013
          12          11   4.4566563980885654E-013
          12          12  0.76118263421783161     
          12          13   1.2910505997609789E-012
          12          14  -8.2743620982705934E-013
          12          15  0.64463262264354526     
          12          16  -5.9782040429112726E-013
          12          17  -1.7171680743999218E-013
          12          18   3.9055027484459773E-013
          12          19  -4.6914186418871186E-013
          12          20   1.4788886025076580E-014
          12          21   5.0245380968257651E-013
          12          22  -1.7026133655290760E-013
          12          23  -3.1462429971055043E-013
          12          24  -1.1027588392531953E-012
          12          25   1.1103409985809776E-013
          12          26  -5.4611196844925836E-013
          12          27  -6.3568665115403002E-013
          12          28   2.2648698122521917E-013
          12          29   1.2405551537775603E-012
          13           1   2.2237833093643855E-014
          13           2  -3.0536041446816021E-013
          13           3  -3.2837319143551272E-013
          13           4  -2.0758313440161722E-012
          13           5   2.9640326429494680E-012
          13           6   2.2575517844014570E-013
          13           7  0.12452408101493513     
          13           8   1.7517693025326242E-013
          13           9  -6.5115968173046213E-013
          13          10 -0.36468571599405913     
          13          11  -4.9463905194002677E-013
          13          12   1.2910505997609789E-012
          13          13  0.76118263421750820     
          13          14   1.0721146193048980E-012
          13          15   4.4765580131667093E-013
          13          16  0.64463262264356325     
          13          17  -1.0061396160665481E-014
          13          18   1.5061077924509726E-013
          13          19  -2.9942523198840020E-013
          13          20  -4.4344187656468549E-013
          13          21   4.5126262770344368E-015
          13          22   2.4776323533936259E-013
          13          23   4.0833179802419633E-013
          13          24  -9.2833474008460565E-013
          13          25  -1.5942619171378628E-012
          13          26   2.9177398038545727E-013
          13          27   1.4870796330290774E-012
          13          28  -1.0152601786628811E-012
          13          29  -1.1869243997372975E-012
          14           1   2.6128639881519867E-014
          14           2  -2.7094775386023102E-013
          14           3  -1.0093781217694270E-013
          14           4  -1.5029039200332371E-012
          14           5   2.4962886631797790E-012
          14           6  -9.8632907397089298E-014
          14           7   9.6268045618463916E-014
          14           8  0.12452408101510087     
          14           9   3.0209905757527800E-013
          14          10  -2.9044041477410687E-013
          14          11 -0.36468571599454175     
          14          12  -8.2743620982705934E-013
          14          13   1.0721146193048980E-012
          14          14  0.76118263421844501     
          14          15   2.6804253261403233E-013
          14          16  -1.1425669438347441E-013
          14          17  0.64463262264350885     
          14          18  -2.0365865034938989E-014
          14          19  -8.3690660545364355E-013
          14          20  -1.3181167895071394E-013
          14          21   4.4921507843946017E-013
          14          22   3.5426846057006079E-013
          14          23   1.6136894986971289E-013
          14          24   2.2845320746997138E-013
          14          25   4.6372807926618753E-013
          14          26  -1.2607224672632983E-012
          14          27   2.6543053673438246E-013
          14          28  -8.8717866369414790E-013
          14          29  -1.0098455523624509E-012
          15           1  -1.5124473897235660E-014
          15           2  -5.8683950281394615E-014
          15           3  -4.6955117637319749E-013
          15           4  -7.5839110274486304E-013
          15           5   1.8387873811469498E-012
          15           6  0.11583813725043884     
          15           7  -1.4471063236598525E-014
          15           8   8.2545515561749383E-014
          15           9 -0.33208619229237579     
          15          10   4.2108677655861015E-014
          15          11  -2.4572574877645970E-013
          15          12  0.64463262264354526     
          15          13   4.4765580131667093E-013
          15          14   2.6804253261403233E-013
          15          15  0.54616212287691912     
          15          16  -1.0562661856283739E-012
          15          17   6.7691945798697972E-013
          15          18   3.8220110712514079E-013
          15          19   2.1479004291786601E-013
          15          20   1.8589188950823633E-013
          15          21  -1.4365603003204304E-013
          15          22  -8.5359824587662949E-014
          15          23  -4.8327817263348089E-013
          15          24  -9.3429906166824630E-013
          15          25   1.0082061875060657E-013
          15          26  -4.5978081991758064E-013
          15          27  -5.4544927090058149E-013
          15          28   1.9246541657936624E-013
          15          29   1.0469801991544132E-012
          16           1  -2.9439431534501302E-014
          16           2  -8.0794649070351415E-014
          16           3  -7.5005119643823834E-013
          16           4  -1.1091434306188188E-012
          16           5   3.1373478669047454E-012
          16           6  -1.3568052931178798E-013
          16           7  0.11583813725043079     
          16           8  -6.8637370093105332E-014
          16           9   3.9258526984831121E-013
          16          10 -0.33208619229241915     
          16          11   1.8961698530772786E-013
          16          12  -5.9782040429112726E-013
          16          13  0.64463262264356325     
          16          14  -1.1425669438347441E-013
          16          15  -1.0562661856283739E-012
          16          16  0.54616212287718113     
          16          17  -8.7543774313081357E-013
          16          18   8.1977143629550141E-014
          16          19   2.1647316381722151E-013
          16          20  -1.9988055199661656E-014
          16          21  -4.8683050853644187E-013
          16          22   2.0762293653673703E-013
          16          23   3.9013743172725277E-014
          16          24  -7.8460124911654053E-013
          16          25  -1.3457199235012665E-012
          16          26   2.5190159502113222E-013
          16          27   1.2554206956129161E-012
          16          28  -8.6035547982594011E-013
          16          29  -1.0051493354490114E-012
          17           1  -2.3662065230613938E-014
          17           2  -5.2422751912427070E-014
          17           3  -5.5876383502173379E-013
          17           4  -8.0289487902853035E-013
          17           5   2.5767541298113423E-012
          17           6   1.0735336231082471E-014
          17           7  -6.5370885787841004E-014
          17           8  0.11583813725037752     
          17           9  -3.3663610093936924E-014
          17          10   1.9439744952665095E-013
          17          11 -0.33208619229226327     
          17          12  -1.7171680743999218E-013
          17          13  -1.0061396160665481E-014
          17          14  0.64463262264350885     
          17          15   6.7691945798697972E-013
          17          16  -8.7543774313081357E-013
          17          17  0.54616212287641375     
          17          18   1.5075121651787322E-014
          17          19   3.8788752809764817E-013
          17          20   2.8561680428768739E-013
          17          21  -7.3737123620440335E-013
          17          22   2.7781036202286821E-013
          17          23  -2.8835332001735760E-013
          17          24   1.9309268673763460E-013
          17          25   4.0471927795869232E-013
          17          26  -1.0632262908950711E-012
          17          27   2.1224688982862899E-013
          17          28  -7.5193856704995179E-013
          17          29  -8.6175905770536594E-013
          18           1  -1.9646311411019688E-003
          18           2   5.7620476824218423E-003
          18           3  -1.0707039238707330E-002
          18           4   9.2726983239732478E-004
          18           5   1.2505563228375695E-003
          18           6   5.5616952016842433E-014
          18           7   5.3461619672735726E-014
          18           8  -3.1732056131517379E-014
          18           9  -1.4718923332971506E-013
          18          10  -1.1989081384926166E-013
          18          11   2.9788965473312039E-014
          18          12   3.9055027484459773E-013
          18          13   1.5061077924509726E-013
          18          14  -2.0365865034938989E-014
          18          15   3.8220110712514079E-013
          18          16   8.1977143629550141E-014
          18          17   1.5075121651787322E-014
          18          18   1.9884844408265716     
          18          19  -4.1504136286754905E-013
          18          20 -0.99417797932462304     
          18          21   3.9160248792017073E-013
          18          22  -1.0644986853444387E-014
          18          23 -0.99417797932464380     
          18          24   2.1509211992813110E-002
          18          25   3.4699732742220537E-014
          18          26  -1.0677245993445664E-002
          18          27   9.1051478969008444E-015
          18          28  -2.5161454860399047E-014
          18          29  -1.0677245993443135E-002
          19           1   4.3958497868166855E-014
          19           2  -1.5638246537661375E-013
          19           3   1.0712004302175261E-012
          19           4  -1.3311540909143204E-012
          19           5   8.6177209958396074E-013
          19           6  -2.6376633803387461E-013
          19           7  -4.8508536112632119E-014
          19           8  -5.0486082407869733E-014
          19           9   6.1104331093617152E-013
          19          10  -2.2642977493619910E-014
          19          11   2.0830385241367471E-013
          19          12  -4.6914186418871186E-013
          19          13  -2.9942523198840020E-013
          19          14  -8.3690660545364355E-013
          19          15   2.1479004291786601E-013
          19          16   2.1647316381722151E-013
          19          17   3.8788752809764817E-013
          19          18  -4.1504136286754905E-013
          19          19   1.9884416134338392     
          19          20  -4.4618398607146065E-013
          19          21   1.5398793351569594E-013
          19          22   1.8485213359902912E-014
          19          23  -3.3855480272662247E-013
          19          24  -3.0536826472429094E-013
          19          25   2.1457638658139672E-002
          19          26  -3.0293110020706953E-013
          19          27   7.1455862059633952E-014
          19          28  -1.5455686860518905E-013
          19          29  -2.7092068159149348E-013
          20           1  -1.9646311410757853E-003
          20           2   5.7620476822598035E-003
          20           3  -1.0707039238775005E-002
          20           4   9.2726983167385239E-004
          20           5   1.2505563234759397E-003
          20           6  -1.1068336367446249E-013
          20           7   6.8745700873000028E-015
          20           8  -5.8551682460536139E-014
          20           9   2.6478771575120120E-013
          20          10  -2.3683126502282012E-014
          20          11   1.1947136147548711E-013
          20          12   1.4788886025076580E-014
          20          13  -4.4344187656468549E-013
          20          14  -1.3181167895071394E-013
          20          15   1.8589188950823633E-013
          20          16  -1.9988055199661656E-014
          20          17   2.8561680428768739E-013
          20          18 -0.99417797932462304     
          20          19  -4.4618398607146065E-013
          20          20   1.9884844408267064     
          20          21   4.0437959368204528E-013
          20          22  -6.6978404240817745E-015
          20          23 -0.99417797932454754     
          20          24  -1.0677245993612926E-002
          20          25   1.8226890479963345E-013
          20          26   2.1509211992677791E-002
          20          27   1.9574583547714230E-014
          20          28  -3.7186718933044296E-014
          20          29  -1.0677245993641442E-002
          21           1  -2.5459374136137392E-014
          21           2   7.4270362827093793E-014
          21           3  -1.0191518592316135E-012
          21           4   1.2562721061941646E-012
          21           5  -3.1139582354373185E-013
          21           6   1.9392184997865572E-013
          21           7   3.2548962135565010E-014
          21           8  -1.0816316716779814E-013
          21           9  -4.3403570612977581E-013
          21          10   6.2417564483327135E-014
          21          11   2.0588707037263243E-013
          21          12   5.0245380968257651E-013
          21          13   4.5126262770344368E-015
          21          14   4.4921507843946017E-013
          21          15  -1.4365603003204304E-013
          21          16  -4.8683050853644187E-013
          21          17  -7.3737123620440335E-013
          21          18   3.9160248792017073E-013
          21          19   1.5398793351569594E-013
          21          20   4.0437959368204528E-013
          21          21   1.9884416134341909     
          21          22  -5.8706511874466639E-014
          21          23   4.1288667761027613E-013
          21          24   6.9415746087486156E-014
          21          25  -6.1589015137893159E-013
          21          26  -1.7111325769814872E-014
          21          27   2.1457638657460063E-002
          21          28   1.5597267401457187E-013
          21          29  -1.3825542672633658E-014
          22           1   2.6200278293726743E-014
          22           2  -1.1193067031390719E-013
          22           3   2.3499082912990778E-013
          22           4  -3.2239554893812352E-013
          22           5   2.1412689739287900E-013
          22           6  -6.8422544150366983E-014
          22           7   6.3073695161051861E-014
          22           8   5.2446406978677604E-014
          22           9   1.8200477150228146E-013
          22          10  -1.9174492323274926E-013
          22          11  -1.4584033155653118E-013
          22          12  -1.7026133655290760E-013
          22          13   2.4776323533936259E-013
          22          14   3.5426846057006079E-013
          22          15  -8.5359824587662949E-014
          22          16   2.0762293653673703E-013
          22          17   2.7781036202286821E-013
          22          18  -1.0644986853444387E-014
          22          19   1.8485213359902912E-014
          22          20  -6.6978404240817745E-015
          22          21  -5.8706511874466639E-014
          22          22   1.9884416134341845     
          22          23  -4.6820259700081534E-014
          22          24  -8.8699963605023413E-014
          22          25   7.8593219172578485E-014
          22          26  -1.0282705523283552E-013
          22          27   4.9778269615424805E-014
          22          28   2.1457638657480550E-002
          22          29  -5.0633508439003720E-014
          23           1  -1.9646311410935801E-003
          23           2   5.7620476823944562E-003
          23           3  -1.0707039238766980E-002
          23           4   9.2726983298712501E-004
          23           5   1.2505563231089204E-003
          23           6   1.2389558713803917E-013
          23           7  -4.8515527187136331E-014
          23           8   2.7208846610562214E-014
          23           9  -2.6081802693150809E-013
          23          10   1.9137889232464561E-013
          23          11  -1.6019419628963186E-013
          23          12  -3.1462429971055043E-013
          23          13   4.0833179802419633E-013
          23          14   1.6136894986971289E-013
          23          15  -4.8327817263348089E-013
          23          16   3.9013743172725277E-014
          23          17  -2.8835332001735760E-013
          23          18 -0.99417797932464380     
          23          19  -3.3855480272662247E-013
          23          20 -0.99417797932454754     
          23          21   4.1288667761027613E-013
          23          22  -4.6820259700081534E-014
          23          23   1.9884844408266618     
          23          24  -1.0677245993627370E-002
          23          25  -2.2994118331807593E-013
          23          26  -1.0677245993654935E-002
          23          27  -1.4235719108334478E-014
          23          28   6.4280838433678863E-014
          23          29   2.1509211992661002E-002
          24           1  -1.0379590277110004E-003
          24           2   2.3360742329831367E-003
          24           3  -1.3340322373463337E-002
          24           4  -9.0122610803911073E-005
          24           5   3.9859326005577654E-004
          24           6  -2.4492453083495013E-013
          24           7  -8.9807699774431026E-014
          24           8  -3.9086392338090013E-014
          24           9   6.9715602267363607E-013
          24          10   2.8224506925951384E-013
          24          11   6.5073777883135705E-014
          24          12  -1.1027588392531953E-012
          24          13  -9.2833474008460565E-013
          24          14   2.2845320746997138E-013
          24          15  -9.3429906166824630E-013
          24          16  -7.8460124911654053E-013
          24          17   1.9309268673763460E-013
          24          18   2.1509211992813110E-002
          24          19  -3.0536826472429094E-013
          24          20  -1.0677245993612926E-002
          24          21   6.9415746087486156E-014
          24          22  -8.8699963605023413E-014
          24          23  -1.0677245993627370E-002
          24          24   3.0735602315029912E-004
          24          25  -2.8211030807498847E-015
          24          26  -3.9973956509780240E-005
          24          27   9.5927195633879867E-016
          24          28  -8.0291719593997771E-016
          24          29  -3.9973956510011941E-005
          25           1   1.2200038708119597E-015
          25           2  -4.9017261438818504E-015
          25           3   1.9031398829480637E-014
          25           4  -4.3119503202842914E-014
          25           5  -1.8039047400694708E-014
          25           6   2.2545683229199210E-014
          25           7  -2.8670324693990499E-013
          25           8   8.4569761932239945E-014
          25           9  -6.7740477315343404E-014
          25          10   8.2409917830837371E-013
          25          11  -2.4044268726936945E-013
          25          12   1.1103409985809776E-013
          25          13  -1.5942619171378628E-012
          25          14   4.6372807926618753E-013
          25          15   1.0082061875060657E-013
          25          16  -1.3457199235012665E-012
          25          17   4.0471927795869232E-013
          25          18   3.4699732742220537E-014
          25          19   2.1457638658139672E-002
          25          20   1.8226890479963345E-013
          25          21  -6.1589015137893159E-013
          25          22   7.8593219172578485E-014
          25          23  -2.2994118331807593E-013
          25          24  -2.8211030807498847E-015
          25          25   2.3155331978649016E-004
          25          26  -1.1987422567622883E-015
          25          27  -5.8929911699161450E-015
          25          28  -8.2188559918982026E-016
          25          29  -5.3140509581113379E-015
          26           1  -1.0379590277263357E-003
          26           2   2.3360742330465947E-003
          26           3  -1.3340322373615921E-002
          26           4  -9.0122610843489738E-005
          26           5   3.9859326003814383E-004
          26           6  -8.1580362643830711E-014
          26           7   6.7224277472311720E-014
          26           8  -2.5266793709984890E-013
          26           9   2.5501691515092786E-013
          26          10  -1.9156635066653847E-013
          26          11   6.8837420457731643E-013
          26          12  -5.4611196844925836E-013
          26          13   2.9177398038545727E-013
          26          14  -1.2607224672632983E-012
          26          15  -4.5978081991758064E-013
          26          16   2.5190159502113222E-013
          26          17  -1.0632262908950711E-012
          26          18  -1.0677245993445664E-002
          26          19  -3.0293110020706953E-013
          26          20   2.1509211992677791E-002
          26          21  -1.7111325769814872E-014
          26          22  -1.0282705523283552E-013
          26          23  -1.0677245993654935E-002
          26          24  -3.9973956509780240E-005
          26          25  -1.1987422567622883E-015
          26          26   3.0735602314914509E-004
          26          27   1.3702319265817748E-016
          26          28  -1.0855682375318480E-015
          26          29  -3.9973956511569540E-005
          27           1  -1.7758884436980083E-014
          27           2   6.0333428066710428E-014
          27           3  -1.6901842545945059E-013
          27           4   2.2961224107432512E-013
          27           5   2.0571349063005283E-013
          27           6  -1.3823911809391698E-013
          27           7   2.9621801229120913E-013
          27           8   2.3331264789523182E-014
          27           9   3.9731685756829070E-013
          27          10  -8.4494732727114718E-013
          27          11  -7.6341623217163030E-014
          27          12  -6.3568665115403002E-013
          27          13   1.4870796330290774E-012
          27          14   2.6543053673438246E-013
          27          15  -5.4544927090058149E-013
          27          16   1.2554206956129161E-012
          27          17   2.1224688982862899E-013
          27          18   9.1051478969008444E-015
          27          19   7.1455862059633952E-014
          27          20   1.9574583547714230E-014
          27          21   2.1457638657460063E-002
          27          22   4.9778269615424805E-014
          27          23  -1.4235719108334478E-014
          27          24   9.5927195633879867E-016
          27          25  -5.8929911699161450E-015
          27          26   1.3702319265817748E-016
          27          27   2.3155331977178174E-004
          27          28   2.2271117675319714E-015
          27          29  -1.9335181348533021E-016
          28           1  -2.8597896129067539E-014
