           1           1   2.0210651042811301     
           1           2  -6.0772615584493490E-002
           1           3  -8.6437152597012332E-002
           1           4   1.4500080909809298E-016
           1           5   1.2818553469359654E-015
           1           6  -1.5503057359927547E-015
           1           7  -3.6972807386089910E-016
           1           8  -1.2652226611146695E-015
           1           9  -4.0852023538985164E-016
           1          10  -3.0069129332539065E-003
           1          11   7.9836948193766779E-016
           1          12  -3.0069129332513551E-003
           1          13   3.6383997956101273E-016
           1          14  -1.5523023003732909E-016
           1          15  -3.0069129332551030E-003
           2           1  -6.0772615584493490E-002
           2           2  0.28282296549965724     
           2           3  0.27516266161561198     
           2           4   2.0179895148412606E-015
           2           5  -3.4943126549308151E-016
           2           6   9.5117816014631434E-017
           2           7   1.0116137635063114E-015
           2           8   1.9714956453681328E-015
           2           9   8.5437730223292259E-017
           2          10  -2.3762777839022168E-004
           2          11   8.4957185555509694E-016
           2          12  -2.3762777838866230E-004
           2          13  -2.9523492015770012E-016
           2          14  -1.0743203698080467E-016
           2          15  -2.3762777838974835E-004
           3           1  -8.6437152597012332E-002
           3           2  0.27516266161561198     
           3           3  0.26810588164512933     
           3           4   1.9589655025980968E-015
           3           5  -3.5263865564681855E-016
           3           6   1.0750766626718502E-016
           3           7   9.8544016139285686E-016
           3           8   1.9276021875314771E-015
           3           9   8.7183069881809182E-017
           3          10  -1.7673499909494217E-004
           3          11   8.1681199968737915E-016
           3          12  -1.7673499909345687E-004
           3          13  -2.9391029278195065E-016
           3          14  -1.0274311163692466E-016
           3          15  -1.7673499909447149E-004
           4           1   1.4500080909809298E-016
           4           2   2.0179895148412606E-015
           4           3   1.9589655025980968E-015
           4           4   1.5064408961584829E-029
           4           5  -1.6126358856968183E-030
           4           6  -5.9414727200990264E-031
           4           7   7.0536326307722334E-030
           4           8   1.3547909762104723E-029
           4           9   3.1956077460150342E-031
           4          10  -7.4424498785165775E-019
           4          11   6.8561560524992132E-030
           4          12  -7.4424498783863895E-019
           4          13  -2.3883359071795190E-030
           4          14  -9.0995620419700260E-031
           4          15  -7.4424498784926334E-019
           5           1   1.2818553469359654E-015
           5           2  -3.4943126549308151E-016
           5           3  -3.5263865564681855E-016
           5           4  -1.6126358856968183E-030
           5           5   1.7260429130669100E-030
           5           6  -1.9254395028812469E-030
           5           7  -1.4701084017110989E-030
           5           8  -3.2369030722955496E-030
           5           9  -5.2972788807001675E-031
           5          10   4.1274193423594584E-019
           5          11   8.6271786118510075E-032
           5          12   4.1274193423688637E-019
           5          13   1.5193090297166428E-031
           5          14  -7.2709052846668067E-032
           5          15   4.1274193423399039E-019
           6           1  -1.5503057359927547E-015
           6           2   9.5117816014631434E-017
           6           3   1.0750766626718502E-016
           6           4  -5.9414727200990264E-031
           6           5  -1.9254395028812469E-030
           6           6   2.5848024032471052E-030
           6           7   6.5721640835761951E-031
           6           8   1.7653228590378511E-030
           6           9   6.2215701465160566E-031
           6          10  -8.0548164993655110E-019
           6          11  -1.3147492741767863E-030
           6          12  -8.0548164993999399E-019
           6          13   2.8601233792531263E-031
           6          14   2.5316880987663513E-031
           6          15  -8.0548164993444509E-019
           7           1  -3.6972807386089910E-016
           7           2   1.0116137635063114E-015
           7           3   9.8544016139285686E-016
           7           4   7.0536326307722334E-030
           7           5  -1.4701084017110989E-030
           7           6   6.5721640835761951E-031
           7           7   3.6590446329125115E-030
           7           8   7.1823682703037338E-030
           7           9   3.7809518553958128E-031
           7          10  -1.0604637506081097E-018
           7          11   2.8407989519735429E-030
           7          12  -1.0604637506030074E-018
           7          13  -9.8984817606134840E-031
           7          14  -3.4851431059650310E-031
           7          15  -1.0604637506061724E-018
           8           1  -1.2652226611146695E-015
           8           2   1.9714956453681328E-015
           8           3   1.9276021875314771E-015
           8           4   1.3547909762104723E-029
           8           5  -3.2369030722955496E-030
           8           6   1.7653228590378511E-030
           8           7   7.1823682703037338E-030
           8           8   1.4248834082286879E-029
           8           9   8.5752929660525296E-031
           8          10  -1.3903390766737044E-018
           8          11   5.2274944019361607E-030
           8          12  -1.3903390766646319E-018
           8          13  -1.9797821532294208E-030
           8          14  -6.2314832236495458E-031
           8          15  -1.3903390766695763E-018
           9           1  -4.0852023538985164E-016
           9           2   8.5437730223292259E-017
           9           3   8.7183069881809182E-017
           9           4   3.1956077460150342E-031
           9           5  -5.2972788807001675E-031
           9           6   6.2215701465160566E-031
           9           7   3.7809518553958128E-031
           9           8   8.5752929660525296E-031
           9           9   1.6484875343057981E-031
           9          10  -1.2991660992456705E-019
           9          11  -1.1608657362358768E-031
           9          12  -1.2991660992503433E-019
           9          13  -1.6433517429820634E-032
           9          14   3.4952542333195187E-032
           9          15  -1.2991660992397380E-019
          10           1  -3.0069129332539065E-003
          10           2  -2.3762777839022168E-004
          10           3  -1.7673499909494217E-004
          10           4  -7.4424498785165775E-019
          10           5   4.1274193423594584E-019
          10           6  -8.0548164993655110E-019
          10           7  -1.0604637506081097E-018
          10           8  -1.3903390766737044E-018
          10           9  -1.2991660992456705E-019
          10          10   1.1586107180877943E-005
          10          11  -3.2864309370218997E-019
          10          12   1.1586107180876134E-005
          10          13  -1.5621418467243283E-018
          10          14   2.3856568232437091E-020
          10          15   1.1586107180876762E-005
          11           1   7.9836948193766779E-016
          11           2   8.4957185555509694E-016
          11           3   8.1681199968737915E-016
          11           4   6.8561560524992132E-030
          11           5   8.6271786118510075E-032
          11           6  -1.3147492741767863E-030
          11           7   2.8407989519735429E-030
          11           8   5.2274944019361607E-030
          11           9  -1.1608657362358768E-031
          11          10  -3.2864309370218997E-019
          11          11   3.5558727870422785E-030
          11          12  -3.2864309369500828E-019
          11          13  -1.1178151641520297E-030
          11          14  -5.0418889070408390E-031
          11          15  -3.2864309370198732E-019
          12           1  -3.0069129332513551E-003
          12           2  -2.3762777838866230E-004
          12           3  -1.7673499909345687E-004
          12           4  -7.4424498783863895E-019
          12           5   4.1274193423688637E-019
          12           6  -8.0548164993999399E-019
          12           7  -1.0604637506030074E-018
          12           8  -1.3903390766646319E-018
          12           9  -1.2991660992503433E-019
          12          10   1.1586107180876134E-005
          12          11  -3.2864309369500828E-019
          12          12   1.1586107180874324E-005
          12          13  -1.5621418467263072E-018
          12          14   2.3856568231392849E-020
          12          15   1.1586107180874951E-005
          13           1   3.6383997956101273E-016
          13           2  -2.9523492015770012E-016
          13           3  -2.9391029278195065E-016
          13           4  -2.3883359071795190E-030
          13           5   1.5193090297166428E-031
          13           6   2.8601233792531263E-031
          13           7  -9.8984817606134840E-031
          13           8  -1.9797821532294208E-030
          13           9  -1.6433517429820634E-032
          13          10  -1.5621418467243283E-018
          13          11  -1.1178151641520297E-030
          13          12  -1.5621418467263072E-018
          13          13   6.2504761310378517E-031
          13          14   1.5340571656365282E-031
          13          15  -1.5621418467244933E-018
          14           1  -1.5523023003732909E-016
          14           2  -1.0743203698080467E-016
          14           3  -1.0274311163692466E-016
          14           4  -9.0995620419700260E-031
          14           5  -7.2709052846668067E-032
          14           6   2.5316880987663513E-031
          14           7  -3.4851431059650310E-031
          14           8  -6.2314832236495458E-031
          14           9   3.4952542333195187E-032
          14          10   2.3856568232437091E-020
          14          11  -5.0418889070408390E-031
          14          12   2.3856568231392849E-020
          14          13   1.5340571656365282E-031
          14          14   7.3616276688756945E-032
          14          15   2.3856568232477614E-020
          15           1  -3.0069129332551030E-003
          15           2  -2.3762777838974835E-004
          15           3  -1.7673499909447149E-004
          15           4  -7.4424498784926334E-019
          15           5   4.1274193423399039E-019
          15           6  -8.0548164993444509E-019
          15           7  -1.0604637506061724E-018
          15           8  -1.3903390766695763E-018
          15           9  -1.2991660992397380E-019
          15          10   1.1586107180876762E-005
          15          11  -3.2864309370198732E-019
          15          12   1.1586107180874951E-005
          15          13  -1.5621418467244933E-018
          15          14   2.3856568232477614E-020
          15          15   1.1586107180875578E-005
