           1           1   2.0020686664459877     
           1           2   9.9755507078172767E-003
           1           3  -3.3700787848593748E-003
           1           4  -3.9379644876813336E-014
           1           5  -1.5181611954014046E-014
           1           6  -1.8028138571435183E-014
           1           7   3.5816213914554997E-014
           1           8   9.6691286055035264E-015
           1           9  -7.8566140849492894E-015
           1          10  -3.0716309430947443E-003
           1          11  -1.2815215757350302E-006
           1          12  -3.0716237384963625E-003
           1          13   1.5855170060654091E-006
           1          14   2.3653926087800323E-006
           1          15  -3.0716230594001422E-003
           2           1   9.9755507078172767E-003
           2           2   1.0026756077456076     
           2           3  -6.0227422240782943E-004
           2           4   8.7823236742527503E-015
           2           5  -9.4798052291602100E-015
           2           6   2.4413365103482925E-015
           2           7  -1.4202964213117747E-014
           2           8   1.6241722970568591E-014
           2           9   1.7515142537800847E-015
           2          10  -3.9550679780439053E-004
           2          11   4.6995745548847943E-008
           2          12  -3.9550650180710992E-004
           2          13  -5.8134601521845146E-008
           2          14  -8.6871703111775321E-008
           2          15  -3.9550649020028098E-004
           3           1  -3.3700787848593748E-003
           3           2  -6.0227422240782943E-004
           3           3   3.0611930944243862E-005
           3           4   5.5463108588249816E-017
           3           5   8.6500071822961909E-018
           3           6   4.2726282056243625E-017
           3           7  -5.0025579209117778E-017
           3           8  -9.8369450479322902E-018
           3           9  -1.6566840175280621E-017
           3          10   1.8258317469120058E-005
           3          11   2.1026937799434095E-009
           3          12   1.8258305352773218E-005
           3          13  -2.6014827302083304E-009
           3          14  -3.8810159701877112E-009
           3          15   1.8258304201223646E-005
           4           1  -3.9379644876813336E-014
           4           2   8.7823236742527503E-015
           4           3   5.5463108588249816E-017
           4           4   8.5624661598197019E-028
           4           5   2.1948214820670293E-028
           4           6   3.7412614012039855E-028
           4           7  -8.3369556454393771E-028
           4           8  -4.8780089957244011E-029
           4           9   1.7709396731510908E-028
           4          10   5.4093156329250519E-017
           4          11   2.5690179964521095E-020
           4          12   5.4093016910766756E-017
           4          13  -3.1784180566365008E-020
           4          14  -4.7419283035136686E-020
           4          15   5.4093003627760169E-017
           5           1  -1.5181611954014046E-014
           5           2  -9.4798052291602100E-015
           5           3   8.6500071822961909E-018
           5           4   2.1948214820670293E-028
           5           5   2.2372133110291202E-028
           5           6   1.0034765650654401E-028
           5           7  -1.3840087069242000E-028
           5           8  -2.3968180002207424E-028
           5           9   6.8955425283108365E-029
           5          10   1.5143329590767456E-017
           5          11   9.2382722295221396E-021
           5          12   1.5143272370513691E-017
           5          13  -1.1429815530654061E-020
           5          14  -1.7050506726270997E-020
           5          15   1.5143267147124886E-017
           6           1  -1.8028138571435183E-014
           6           2   2.4413365103482925E-015
           6           3   4.2726282056243625E-017
           6           4   3.7412614012039855E-028
           6           5   1.0034765650654401E-028
           6           6   1.7653612271863895E-028
           6           7  -3.5777150138888718E-028
           6           8  -3.7231849566867147E-029
           6           9   5.9072372111724133E-029
           6          10   3.3947829287401574E-017
           6          11   1.1661414033085277E-020
           6          12   3.3947765160231872E-017
           6          13  -1.4427643388814090E-020
           6          14  -2.1524601411146706E-020
           6          15   3.3947759063853253E-017
           7           1   3.5816213914554997E-014
           7           2  -1.4202964213117747E-014
           7           3  -5.0025579209117778E-017
           7           4  -8.3369556454393771E-028
           7           5  -1.3840087069242000E-028
           7           6  -3.5777150138888718E-028
           7           7   8.4716302060702087E-028
           7           8  -5.8093706590013976E-029
           7           9  -1.6841700390553644E-028
           7          10  -4.8520818932862837E-017
           7          11  -2.3693366426110167E-020
           7          12  -4.8520693763894955E-017
           7          13   2.9313643489007299E-020
           7          14   4.3734319466744266E-020
           7          15  -4.8520681733358993E-017
           8           1   9.6691286055035264E-015
           8           2   1.6241722970568591E-014
           8           3  -9.8369450479322902E-018
           8           4  -4.8780089957244011E-029
           8           5  -2.3968180002207424E-028
           8           6  -3.7231849566867147E-029
           8           7  -5.8093706590013976E-029
           8           8   3.1851375580156616E-028
           8           9  -2.7599338773799063E-029
           8          10  -1.2661144661473503E-017
           8          11  -5.3421000576396519E-021
           8          12  -1.2661105560115910E-017
           8          13   6.6094759032880544E-021
           8          14   9.8582050082164049E-021
           8          15  -1.2661102149904033E-017
           9           1  -7.8566140849492894E-015
           9           2   1.7515142537800847E-015
           9           3  -1.6566840175280621E-017
           9           4   1.7709396731510908E-028
           9           5   6.8955425283108365E-029
           9           6   5.9072372111724133E-029
           9           7  -1.6841700390553644E-028
           9           8  -2.7599338773799063E-029
           9           9   6.7624451896373593E-029
           9          10  -3.6612054305868546E-018
           9          11   5.1515962674337222E-021
           9          12  -3.6612334292131937E-018
           9          13  -6.3736196083001749E-021
           9          14  -9.5088802913274114E-021
           9          15  -3.6612360752310980E-018
          10           1  -3.0716309430947443E-003
          10           2  -3.9550679780439053E-004
          10           3   1.8258317469120058E-005
          10           4   5.4093156329250519E-017
          10           5   1.5143329590767456E-017
          10           6   3.3947829287401574E-017
          10           7  -4.8520818932862837E-017
          10           8  -1.2661144661473503E-017
          10           9  -3.6612054305868546E-018
          10          10   1.1586369718554485E-005
          10          11   1.9337081094098840E-009
          10          12   1.1586358651695101E-005
          10          13  -2.3924120828579989E-009
          10          14  -3.5691317372126829E-009
          10          15   1.1586357604791308E-005
          11           1  -1.2815215757350302E-006
          11           2   4.6995745548847943E-008
          11           3   2.1026937799434095E-009
          11           4   2.5690179964521095E-020
          11           5   9.2382722295221396E-021
          11           6   1.1661414033085277E-020
          11           7  -2.3693366426110167E-020
          11           8  -5.3421000576396519E-021
          11           9   5.1515962674337222E-021
          11          10   1.9337081094098840E-009
          11          11   8.2316449199578597E-013
          11          12   1.9337035114492198E-009
          11          13  -1.0184305156593364E-012
          11          14  -1.5193782132988451E-012
          11          15   1.9337030772018520E-009
          12           1  -3.0716237384963625E-003
          12           2  -3.9550650180710992E-004
          12           3   1.8258305352773218E-005
          12           4   5.4093016910766756E-017
          12           5   1.5143272370513691E-017
          12           6   3.3947765160231872E-017
          12           7  -4.8520693763894955E-017
          12           8  -1.2661105560115910E-017
          12           9  -3.6612334292131937E-018
          12          10   1.1586358651695101E-005
          12          11   1.9337035114492198E-009
          12          12   1.1586347584861711E-005
          12          13  -2.3924063941922157E-009
          12          14  -3.5691232504734451E-009
          12          15   1.1586346537960366E-005
          13           1   1.5855170060654091E-006
          13           2  -5.8134601521845146E-008
          13           3  -2.6014827302083304E-009
          13           4  -3.1784180566365008E-020
          13           5  -1.1429815530654061E-020
          13           6  -1.4427643388814090E-020
          13           7   2.9313643489007299E-020
          13           8   6.6094759032880544E-021
          13           9  -6.3736196083001749E-021
          13          10  -2.3924120828579989E-009
          13          11  -1.0184305156593364E-012
          13          12  -2.3924063941922157E-009
          13          13   1.2600163459213308E-012
          13          14   1.8797957775497363E-012
          13          15  -2.3924058569350247E-009
          14           1   2.3653926087800323E-006
          14           2  -8.6871703111775321E-008
          14           3  -3.8810159701877112E-009
          14           4  -4.7419283035136686E-020
          14           5  -1.7050506726270997E-020
          14           6  -2.1524601411146706E-020
          14           7   4.3734319466744266E-020
          14           8   9.8582050082164049E-021
          14           9  -9.5088802913274114E-021
          14          10  -3.5691317372126829E-009
          14          11  -1.5193782132988451E-012
          14          12  -3.5691232504734451E-009
          14          13   1.8797957775497363E-012
          14          14   2.8044336107645202E-012
          14          15  -3.5691224489542321E-009
          15           1  -3.0716230594001422E-003
          15           2  -3.9550649020028098E-004
          15           3   1.8258304201223646E-005
          15           4   5.4093003627760169E-017
          15           5   1.5143267147124886E-017
          15           6   3.3947759063853253E-017
          15           7  -4.8520681733358993E-017
          15           8  -1.2661102149904033E-017
          15           9  -3.6612360752310980E-018
          15          10   1.1586357604791308E-005
          15          11   1.9337030772018520E-009
          15          12   1.1586346537960366E-005
          15          13  -2.3924058569350247E-009
          15          14  -3.5691224489542321E-009
          15          15   1.1586345491059249E-005
