           1           1   2.1361996639752787     
           1           2 -0.54841943642905466     
           1           3   3.9330673488016832E-002
           1           4   5.4548690513418222E-002
           1           5   3.2571731400132287E-014
           1           6   2.7429059419962846E-014
           1           7  -3.7041287009297598E-014
           1           8  -3.7969165278394693E-015
           1           9   3.6708871121681121E-015
           1          10   2.3930750449478602E-014
           1          11   2.4155347620922004E-014
           1          12  -1.3344446668819545E-014
           1          13  -2.2226187343358322E-014
           1          14   2.2851875706377850E-003
           1          15  -3.2459505591723563E-016
           1          16   2.2851875706703939E-003
           1          17   2.6051790342779797E-015
           1          18  -1.0478969822831737E-014
           1          19   2.2851875706415337E-003
           2           1 -0.54841943642905466     
           2           2   2.2083624808312932     
           2           3 -0.16164502652794499     
           2           4 -0.22312736329123611     
           2           5  -1.3769308754064167E-013
           2           6  -1.0946196266695523E-013
           2           7   1.5941557232803813E-013
           2           8   1.5478337815960698E-014
           2           9  -1.7096664066232622E-014
           2          10  -9.0555036160025160E-014
           2          11  -8.9837129945146132E-014
           2          12   5.9988099757421782E-014
           2          13   8.8235787286829263E-014
           2          14  -9.3555138979868092E-003
           2          15  -5.7341484846880140E-015
           2          16  -9.3555138981276150E-003
           2          17  -9.5667772948801587E-015
           2          18   3.6209550902511064E-014
           2          19  -9.3555138979976478E-003
           3           1   3.9330673488016832E-002
           3           2 -0.16164502652794499     
           3           3  0.58431318655340703     
           3           4  0.54839585230548571     
           3           5  -2.6541992075931113E-014
           3           6  -4.2386443187880509E-014
           3           7   3.3945702931327690E-014
           3           8   3.1958017870870602E-015
           3           9   3.8208715426659829E-015
           3          10  -1.3627566220962689E-014
           3          11  -2.8107205650006074E-015
           3          12   4.2767318735172105E-015
           3          13   4.3793130626247982E-015
           3          14   4.0596971005023054E-003
           3          15  -7.0694258920347574E-016
           3          16   4.0596971004993303E-003
           3          17  -3.0188308183669264E-016
           3          18   5.9150039865544237E-016
           3          19   4.0596971005019515E-003
           4           1   5.4548690513418222E-002
           4           2 -0.22312736329123611     
           4           3  0.54839585230548571     
           4           4  0.51704375352151877     
           4           5   5.2822335846283645E-015
           4           6  -1.5748444785656333E-014
           4           7  -2.6023405908661798E-015
           4           8   2.6298855315040491E-015
           4           9   4.2488240690304532E-015
           4          10  -9.8684192204672522E-015
           4          11   3.5245515429012645E-016
           4          12   1.9931869323536262E-015
           4          13   1.1599451499150779E-015
           4          14   4.0818919554976669E-003
           4          15  -4.6761793006103690E-016
           4          16   4.0818919554995500E-003
           4          17   3.5214725962528778E-017
           4          18  -6.4539542092471836E-016
           4          19   4.0818919554976955E-003
           5           1   3.2571731400132287E-014
           5           2  -1.3769308754064167E-013
           5           3  -2.6541992075931113E-014
           5           4   5.2822335846283645E-015
           5           5   1.9940679623066062     
           5           6   6.7723604502135567E-015
           5           7   4.2396641752873205E-015
           5           8   1.3276277226639776E-002
           5           9  -1.8112681493542383E-015
           5          10   5.7809659836888541E-016
           5          11  -1.5753252660682585E-004
           5          12   2.1218378616625734E-015
           5          13  -1.1946040233142005E-015
           5          14   9.1911861848922795E-015
           5          15   1.2215134036232912E-016
           5          16   5.6520303526869537E-015
           5          17  -8.6254417163960030E-016
           5          18   2.7980033284736400E-015
           5          19   6.6523999292342967E-015
           6           1   2.7429059419962846E-014
           6           2  -1.0946196266695523E-013
           6           3  -4.2386443187880509E-014
           6           4  -1.5748444785656333E-014
           6           5   6.7723604502135567E-015
           6           6   1.9940679623066200     
           6           7  -1.0963452368173421E-014
           6           8  -4.4625761419506084E-015
           6           9   1.3276277226626103E-002
           6          10  -9.0027811594507040E-015
           6          11   6.2958671479329636E-015
           6          12  -1.5753252660204978E-004
           6          13  -2.1320056451616054E-015
           6          14   2.0675238900476278E-014
           6          15  -4.0527822682539620E-015
           6          16   2.0992965237806026E-014
           6          17  -1.1318698738227785E-014
           6          18   8.9727300733524476E-016
           6          19   1.3411442168560733E-014
           7           1  -3.7041287009297598E-014
           7           2   1.5941557232803813E-013
           7           3   3.3945702931327690E-014
           7           4  -2.6023405908661798E-015
           7           5   4.2396641752873205E-015
           7           6  -1.0963452368173421E-014
           7           7   1.9940679623066062     
           7           8   8.7424642178368759E-016
           7           9   2.5077596249589808E-015
           7          10   1.3276277226637339E-002
           7          11  -2.6851613583989707E-015
           7          12  -3.9061517285695091E-015
           7          13  -1.5753252660314531E-004
           7          14  -9.0058679690610647E-015
           7          15   2.5111311622404789E-016
           7          16  -8.2715505166738981E-015
           7          17   8.5883594583770807E-016
           7          18  -5.4029264083854067E-016
           7          19  -1.0526722418419880E-014
           8           1  -3.7969165278394693E-015
           8           2   1.5478337815960698E-014
           8           3   3.1958017870870602E-015
           8           4   2.6298855315040491E-015
           8           5   1.3276277226639776E-002
           8           6  -4.4625761419506084E-015
           8           7   8.7424642178368759E-016
           8           8   8.8391940671275995E-005
           8           9  -4.2073820556093278E-017
           8          10   9.4893101090195561E-018
           8          11  -1.0488336116094989E-006
           8          12   1.4482913439809541E-017
           8          13  -8.0204755680729247E-018
           8          14   1.8751672450279383E-017
           8          15   8.1334222096884933E-019
           8          16  -4.8117240772780355E-018
           8          17  -5.7427879062711985E-018
           8          18   1.8628850372994298E-017
           8          19   1.8486851913321586E-018
           9           1   3.6708871121681121E-015
           9           2  -1.7096664066232622E-014
           9           3   3.8208715426659829E-015
           9           4   4.2488240690304532E-015
           9           5  -1.8112681493542383E-015
           9           6   1.3276277226626103E-002
           9           7   2.5077596249589808E-015
           9           8  -4.2073820556093278E-017
           9           9   8.8391940671093307E-005
           9          10  -4.2755682078666548E-017
           9          11   4.2064185556139504E-017
           9          12  -1.0488336115766112E-006
           9          13  -1.4398752775033184E-017
           9          14   2.2412989253350881E-016
           9          15  -2.6982969583993744E-017
           9          16   2.2624501081431359E-016
           9          17  -7.5358677707062451E-017
           9          18   5.9742799700600628E-018
           9          19   1.7576764865520315E-016
          10           1   2.3930750449478602E-014
          10           2  -9.0555036160025160E-014
          10           3  -1.3627566220962689E-014
          10           4  -9.8684192204672522E-015
          10           5   5.7809659836888541E-016
          10           6  -9.0027811594507040E-015
          10           7   1.3276277226637339E-002
          10           8   9.4893101090195561E-018
          10           9  -4.2755682078666548E-017
          10          10   8.8391940671243537E-005
          10          11  -1.7921066493334700E-017
          10          12  -2.5301496174234071E-017
          10          13  -1.0488336115848018E-006
          10          14   2.0695437109455808E-016
          10          15   1.6719118151077893E-018
          10          16   2.1184338643453248E-016
          10          17   5.7182657476169306E-018
          10          18  -3.5971376130090903E-018
          10          19   1.9682869127700365E-016
          11           1   2.4155347620922004E-014
          11           2  -8.9837129945146132E-014
          11           3  -2.8107205650006074E-015
          11           4   3.5245515429012645E-016
          11           5  -1.5753252660682585E-004
          11           6   6.2958671479329636E-015
          11           7  -2.6851613583989707E-015
          11           8  -1.0488336116094989E-006
          11           9   4.2064185556139504E-017
          11          10  -1.7921066493334700E-017
          11          11   1.2445162364989182E-008
          11          12  -6.6513882519016325E-019
          11          13   3.0651392160677895E-019
          11          14   3.2458361407027001E-016
          11          15  -9.6761986275602374E-021
          11          16   3.2486324566409701E-016
          11          17   6.8165714160675794E-020
          11          18  -2.2106666358456824E-019
          11          19   3.2478419327180574E-016
          12           1  -1.3344446668819545E-014
          12           2   5.9988099757421782E-014
          12           3   4.2767318735172105E-015
          12           4   1.9931869323536262E-015
          12           5   2.1218378616625734E-015
          12           6  -1.5753252660204978E-004
          12           7  -3.9061517285695091E-015
          12           8   1.4482913439809541E-017
          12           9  -1.0488336115766112E-006
          12          10  -2.5301496174234071E-017
          12          11  -6.6513882519016325E-019
          12          12   1.2445162364233561E-008
          12          13   4.7718736391469116E-019
          12          14  -2.0467797579482008E-016
          12          15   3.2017472934181881E-019
          12          16  -2.0470297983722482E-016
          12          17   8.9420958015933534E-019
          12          18  -7.1007272467023249E-020
          12          19  -2.0410387427395816E-016
          13           1  -2.2226187343358322E-014
          13           2   8.8235787286829263E-014
          13           3   4.3793130626247982E-015
          13           4   1.1599451499150779E-015
          13           5  -1.1946040233142005E-015
          13           6  -2.1320056451616054E-015
          13           7  -1.5753252660314531E-004
          13           8  -8.0204755680729247E-018
          13           9  -1.4398752775033184E-017
          13          10  -1.0488336115848018E-006
          13          11   3.0651392160677895E-019
          13          12   4.7718736391469116E-019
          13          13   1.2445162364407767E-008
          13          14  -3.0922615221646244E-016
          13          15  -1.9848659230837121E-020
          13          16  -3.0928416857386028E-016
          13          17  -6.7932955812099333E-020
          13          18   4.2658454227394859E-020
          13          19  -3.0910600230680292E-016
          14           1   2.2851875706377850E-003
          14           2  -9.3555138979868092E-003
          14           3   4.0596971005023054E-003
          14           4   4.0818919554976669E-003
          14           5   9.1911861848922795E-015
          14           6   2.0675238900476278E-014
          14           7  -9.0058679690610647E-015
          14           8   1.8751672450279383E-017
          14           9   2.2412989253350881E-016
          14          10   2.0695437109455808E-016
          14          11   3.2458361407027001E-016
          14          12  -2.0467797579482008E-016
          14          13  -3.0922615221646244E-016
          14          14   5.9530087846286236E-005
          14          15   1.7681530956153954E-017
          14          16   5.9530087846804505E-005
          14          17   3.4618427965921362E-017
          14          18  -1.3426192340176067E-016
          14          19   5.9530087846325382E-005
          15           1  -3.2459505591723563E-016
          15           2  -5.7341484846880140E-015
          15           3  -7.0694258920347574E-016
          15           4  -4.6761793006103690E-016
          15           5   1.2215134036232912E-016
          15           6  -4.0527822682539620E-015
          15           7   2.5111311622404789E-016
          15           8   8.1334222096884933E-019
          15           9  -2.6982969583993744E-017
          15          10   1.6719118151077893E-018
          15          11  -9.6761986275602374E-021
          15          12   3.2017472934181881E-019
          15          13  -1.9848659230837121E-020
          15          14   1.7681530956153954E-017
          15          15   6.5370683355650719E-029
          15          16   1.7681530956927820E-017
          15          17   1.3208519253690897E-028
          15          18  -1.4384856118652913E-028
          15          19   1.7681530956284914E-017
          16           1   2.2851875706703939E-003
          16           2  -9.3555138981276150E-003
          16           3   4.0596971004993303E-003
          16           4   4.0818919554995500E-003
          16           5   5.6520303526869537E-015
          16           6   2.0992965237806026E-014
          16           7  -8.2715505166738981E-015
          16           8  -4.8117240772780355E-018
          16           9   2.2624501081431359E-016
          16          10   2.1184338643453248E-016
          16          11   3.2486324566409701E-016
          16          12  -2.0470297983722482E-016
          16          13  -3.0928416857386028E-016
          16          14   5.9530087846804505E-005
          16          15   1.7681530956927820E-017
          16          16   5.9530087847322760E-005
          16          17   3.4618427967474740E-017
          16          18  -1.3426192340465433E-016
          16          19   5.9530087846843644E-005
          17           1   2.6051790342779797E-015
          17           2  -9.5667772948801587E-015
          17           3  -3.0188308183669264E-016
          17           4   3.5214725962528778E-017
          17           5  -8.6254417163960030E-016
          17           6  -1.1318698738227785E-014
          17           7   8.5883594583770807E-016
          17           8  -5.7427879062711985E-018
          17           9  -7.5358677707062451E-017
          17          10   5.7182657476169306E-018
          17          11   6.8165714160675794E-020
          17          12   8.9420958015933534E-019
          17          13  -6.7932955812099333E-020
          17          14   3.4618427965921362E-017
          17          15   1.3208519253690897E-028
          17          16   3.4618427967474740E-017
          17          17   3.1040342838868221E-028
          17          18  -2.7630098838594269E-028
          17          19   3.4618427966225092E-017
          18           1  -1.0478969822831737E-014
          18           2   3.6209550902511064E-014
          18           3   5.9150039865544237E-016
          18           4  -6.4539542092471836E-016
          18           5   2.7980033284736400E-015
          18           6   8.9727300733524476E-016
          18           7  -5.4029264083854067E-016
          18           8   1.8628850372994298E-017
          18           9   5.9742799700600628E-018
          18          10  -3.5971376130090903E-018
          18          11  -2.2106666358456824E-019
          18          12  -7.1007272467023249E-020
          18          13   4.2658454227394859E-020
          18          14  -1.3426192340176067E-016
          18          15  -1.4384856118652913E-028
          18          16  -1.3426192340465433E-016
          18          17  -2.7630098838594269E-028
          18          18   6.8739281711725477E-028
          18          19  -1.3426192340208866E-016
          19           1   2.2851875706415337E-003
          19           2  -9.3555138979976478E-003
          19           3   4.0596971005019515E-003
          19           4   4.0818919554976955E-003
          19           5   6.6523999292342967E-015
          19           6   1.3411442168560733E-014
          19           7  -1.0526722418419880E-014
          19           8   1.8486851913321586E-018
          19           9   1.7576764865520315E-016
          19          10   1.9682869127700365E-016
          19          11   3.2478419327180574E-016
          19          12  -2.0410387427395816E-016
          19          13  -3.0910600230680292E-016
          19          14   5.9530087846325382E-005
          19          15   1.7681530956284914E-017
          19          16   5.9530087846843644E-005
          19          17   3.4618427966225092E-017
          19          18  -1.3426192340208866E-016
          19          19   5.9530087846364529E-005
