           1           1   2.0000040487110571     
           1           2   4.0938642903465576E-004
           1           3  -1.5766643053575466E-004
           1           4  -8.1128200760179368E-005
           1           5  -8.4668069952101647E-009
           1           6  -8.8045826362501740E-009
           1           7  -3.5335777240126675E-009
           1           8   7.6351170967760858E-010
           1           9   7.9165777750812220E-010
           1          10   3.2460496866138148E-010
           1          11  -7.4165815542502820E-011
           1          12  -7.5680537288794249E-011
           1          13  -3.5818248923491050E-011
           1          14  -3.9463043382969991E-005
           1          15  -4.6501621921071072E-011
           1          16  -3.9463058133579654E-005
           1          17  -3.3288995911423598E-011
           1          18   1.1392032057475180E-010
           1          19  -3.9463045669971939E-005
           2           1   4.0938642903465576E-004
           2           2   2.0109294245692020     
           2           3   2.4753368098808883E-002
           2           4  -1.4814400875800247E-002
           2           5   1.7259572423199362E-009
           2           6   2.0021983008372530E-009
           2           7   6.7437916436128443E-010
           2           8  -6.8552387304027846E-010
           2           9  -5.4804412435321163E-010
           2          10  -1.5441629790429157E-010
           2          11   3.8396439393331774E-010
           2          12   2.6834935622399025E-010
           2          13   6.8035702439263297E-011
           2          14  -7.5574100397764543E-003
           2          15  -1.4939081434570262E-010
           2          16  -7.5574100390415379E-003
           2          17  -1.0647896121873112E-010
           2          18   3.6037830388204674E-010
           2          19  -7.5574100432435135E-003
           3           1  -1.5766643053575466E-004
           3           2   2.4753368098808883E-002
           3           3   1.9450125218334735     
           3           4   1.1667215499319285E-002
           3           5  -3.3815285701569187E-009
           3           6  -3.4627918560155097E-009
           3           7  -1.4646386111759053E-009
           3           8   7.4699326803295821E-010
           3           9  -7.1705464507269794E-010
           3          10  -6.6511514062440580E-010
           3          11  -3.6042107812528089E-010
           3          12   3.0619004998966750E-010
           3          13   2.8788055452500418E-010
           3          14   7.6871864244307253E-003
           3          15   1.3998753809751028E-011
           3          16   7.6871864248170838E-003
           3          17   1.0830746551084982E-011
           3          18  -3.3465771809133907E-011
           3          19   7.6871864246929747E-003
           4           1  -8.1128200760179368E-005
           4           2  -1.4814400875800247E-002
           4           3   1.1667215499319285E-002
           4           4   1.8134216212523709E-004
           4           5   1.8867174315136526E-009
           4           6   1.8417247449383164E-009
           4           7   8.9214568648271440E-010
           4           8   9.2004455660933755E-012
           4           9  -7.3493512055106371E-013
           4          10  -3.1157106607873874E-012
           4          11  -4.7087462241975814E-012
           4          12   2.0589945141445910E-013
           4          13   1.4105278014443155E-012
           4          14   1.0308315492386202E-004
           4          15   1.1988391524009245E-012
           4          16   1.0308315492130692E-004
           4          17   8.5968486245850224E-013
           4          18  -2.8902168358879122E-012
           4          19   1.0308315495134870E-004
           5           1  -8.4668069952101647E-009
           5           2   1.7259572423199362E-009
           5           3  -3.3815285701569187E-009
           5           4   1.8867174315136526E-009
           5           5   1.9999508120061660     
           5           6   9.3217019256576813E-013
           5           7  -2.7953264547084978E-012
           5           8  -4.4097117646811065E-004
           5           9  -1.4302832756689416E-011
           5          10   1.3239611833029722E-012
           5          11   3.5622183900133205E-004
           5          12  -1.0601277187637719E-011
           5          13  -1.8523434703174777E-012
           5          14   6.2986538136893357E-010
           5          15  -4.2565395745974167E-009
           5          16   6.2837887758896304E-010
           5          17   5.3124449214227315E-011
           5          18  -1.2824779033749805E-009
           5          19   6.2847269093933389E-010
           6           1  -8.8045826362501740E-009
           6           2   2.0021983008372530E-009
           6           3  -3.4627918560155097E-009
           6           4   1.8417247449383164E-009
           6           5   9.3217019256576813E-013
           6           6   1.9999508120095926     
           6           7   3.9573700358194276E-012
           6           8   2.0065033545047665E-012
           6           9  -4.4097113732454200E-004
           6          10   1.8274478535012677E-011
           6          11  -2.1054229300113439E-012
           6          12   3.5622181396602169E-004
           6          13  -1.2942223721246538E-011
           6          14   6.3391569104700567E-010
           6          15  -2.4577657294586513E-009
           6          16   6.3236722594054913E-010
           6          17  -2.2506305050574793E-009
           6          18   3.4546475453184678E-009
           6          19   6.6438143948737936E-010
           7           1  -3.5335777240126675E-009
           7           2   6.7437916436128443E-010
           7           3  -1.4646386111759053E-009
           7           4   8.9214568648271440E-010
           7           5  -2.7953264547084978E-012
           7           6   3.9573700358194276E-012
           7           7   1.9999508120028662     
           7           8  -1.0546430654439552E-010
           7           9  -1.2641169437017858E-012
           7          10  -4.4097118506140811E-004
           7          11   4.3826024226553252E-011
           7          12  -4.2810001616956621E-011
           7          13   3.5622186224108581E-004
           7          14   2.6763817075005640E-010
           7          15  -1.8661608529736453E-010
           7          16   2.3228694494511785E-010
           7          17  -5.1313590997594014E-009
           7          18   5.7762600538572599E-009
           7          19   2.4807489646394894E-010
           8           1   7.6351170967760858E-010
           8           2  -6.8552387304027846E-010
           8           3   7.4699326803295821E-010
           8           4   9.2004455660933755E-012
           8           5  -4.4097117646811065E-004
           8           6   2.0065033545047665E-012
           8           7  -1.0546430654439552E-010
           8           8   9.7230184969450196E-008
           8           9   2.7114842556890578E-015
           8          10   2.2967606447688021E-014
           8          11  -7.8543716898029724E-008
           8          12   2.6949634765536238E-015
           8          13  -1.8381096679241382E-014
           8          14   5.4410660106700920E-012
           8          15   9.3852864477326085E-013
           8          16   5.4413942646747315E-012
           8          17  -1.1713382631632213E-014
           8          18   2.8277416079185774E-013
           8          19   5.4413730789955550E-012
           9           1   7.9165777750812220E-010
           9           2  -5.4804412435321163E-010
           9           3  -7.1705464507269794E-010
           9           4  -7.3493512055106371E-013
           9           5  -1.4302832756689416E-011
           9           6  -4.4097113732454200E-004
           9           7  -1.2641169437017858E-012
           9           8   2.7114842556890578E-015
           9           9   9.7230167706306511E-008
           9          10  -3.7496904187149995E-015
           9          11  -2.0834014430014477E-015
           9          12  -7.8543704405501714E-008
           9          13   2.6279697715035176E-015
           9          14  -9.4131625199873607E-013
           9          15   5.4191519234931648E-013
           9          16  -9.4097398464136948E-013
           9          17   4.9624379429277052E-013
           9          18  -7.6171880361207723E-013
           9          19  -9.4803367540497787E-013
          10           1   3.2460496866138148E-010
          10           2  -1.5441629790429157E-010
          10           3  -6.6511514062440580E-010
          10           4  -3.1157106607873874E-012
          10           5   1.3239611833029722E-012
          10           6   1.8274478535012677E-011
          10           7  -4.4097118506140811E-004
          10           8   2.2967606447688021E-014
          10           9  -3.7496904187149995E-015
          10          10   9.7230188762303128E-008
          10          11  -9.4298284688957824E-015
          10          12   1.2695496051564490E-014
          10          13  -7.8543723557178266E-008
          10          14  -2.1399066916251671E-012
          10          15   4.1146856075244688E-014
          10          16  -2.1321107019997914E-012
          10          17   1.1314167863131281E-012
          10          18  -1.2736134054778721E-012
          10          19  -2.1355931247176002E-012
          11           1  -7.4165815542502820E-011
          11           2   3.8396439393331774E-010
          11           3  -3.6042107812528089E-010
          11           4  -4.7087462241975814E-012
          11           5   3.5622183900133205E-004
          11           6  -2.1054229300113439E-012
          11           7   4.3826024226553252E-011
          11           8  -7.8543716898029724E-008
          11           9  -2.0834014430014477E-015
          11          10  -9.4298284688957824E-015
          11          11   6.3448562464544619E-008
          11          12  -2.2632969403309414E-015
          11          13   7.4783316854186278E-015
          11          14  -2.7867266843908251E-012
          11          15  -7.5815476426675144E-013
          11          16  -2.7869918416148942E-012
          11          17   9.4623136312445605E-015
          11          18  -2.2842851257175405E-013
          11          19  -2.7869747379968194E-012
          12           1  -7.5680537288794249E-011
          12           2   2.6834935622399025E-010
          12           3   3.0619004998966750E-010
          12           4   2.0589945141445910E-013
          12           5  -1.0601277187637719E-011
          12           6   3.5622181396602169E-004
          12           7  -4.2810001616956621E-011
          12           8   2.6949634765536238E-015
          12           9  -7.8543704405501714E-008
          12          10   1.2695496051564490E-014
          12          11  -2.2632969403309414E-015
          12          12   6.3448553546534160E-008
          12          13  -9.9314290392930259E-015
          12          14   3.2137586944220909E-013
          12          15  -4.3776559426811449E-013
          12          16   3.2109940093648838E-013
          12          17  -4.0087162420906848E-013
          12          18   6.1532554603821807E-013
          12          19   3.2680228531659582E-013
          13           1  -3.5818248923491050E-011
          13           2   6.8035702439263297E-011
          13           3   2.8788055452500418E-010
          13           4   1.4105278014443155E-012
          13           5  -1.8523434703174777E-012
          13           6  -1.2942223721246538E-011
          13           7   3.5622186224108581E-004
          13           8  -1.8381096679241382E-014
          13           9   2.6279697715035176E-015
          13          10  -7.8543723557178266E-008
          13          11   7.4783316854186278E-015
          13          12  -9.9314290392930259E-015
          13          13   6.3448570747947936E-008
          13          14   9.4251278135244678E-013
          13          15  -3.3238939572522391E-014
          13          16   9.3621512001559445E-013
          13          17  -9.1397222840956565E-013
          13          18   1.0288403402420327E-012
          13          19   9.3902823065652465E-013
          14           1  -3.9463043382969991E-005
          14           2  -7.5574100397764543E-003
          14           3   7.6871864244307253E-003
          14           4   1.0308315492386202E-004
          14           5   6.2986538136893357E-010
          14           6   6.3391569104700567E-010
          14           7   2.6763817075005640E-010
          14           8   5.4410660106700920E-012
          14           9  -9.4131625199873607E-013
          14          10  -2.1399066916251671E-012
          14          11  -2.7867266843908251E-012
          14          12   3.2137586944220909E-013
          14          13   9.4251278135244678E-013
          14          14   5.9529094865404464E-005
          14          15   6.2566140118407268E-013
          14          16   5.9529094864426595E-005
          14          17   4.4935878778911949E-013
          14          18  -1.5081165124510572E-012
          14          19   5.9529094879696749E-005
          15           1  -4.6501621921071072E-011
          15           2  -1.4939081434570262E-010
          15           3   1.3998753809751028E-011
          15           4   1.1988391524009245E-012
          15           5  -4.2565395745974167E-009
          15           6  -2.4577657294586513E-009
          15           7  -1.8661608529736453E-010
          15           8   9.3852864477326085E-013
          15           9   5.4191519234931648E-013
          15          10   4.1146856075244688E-014
          15          11  -7.5815476426675144E-013
          15          12  -4.3776559426811449E-013
          15          13  -3.3238939572522391E-014
          15          14   6.2566140118407268E-013
          15          15   1.2109410295352477E-017
          15          16   6.2566140972922342E-013
          15          17   3.1404734784726147E-018
          15          18  -2.0846376034947250E-018
          15          19   6.2566136884470083E-013
          16           1  -3.9463058133579654E-005
          16           2  -7.5574100390415379E-003
          16           3   7.6871864248170838E-003
          16           4   1.0308315492130692E-004
          16           5   6.2837887758896304E-010
          16           6   6.3236722594054913E-010
          16           7   2.3228694494511785E-010
          16           8   5.4413942646747315E-012
          16           9  -9.4097398464136948E-013
          16          10  -2.1321107019997914E-012
          16          11  -2.7869918416148942E-012
          16          12   3.2109940093648838E-013
          16          13   9.3621512001559445E-013
          16          14   5.9529094864426595E-005
          16          15   6.2566140972922342E-013
          16          16   5.9529094863448733E-005
          16          17   4.4935887984273452E-013
          16          18  -1.5081166170412631E-012
          16          19   5.9529094878718880E-005
          17           1  -3.3288995911423598E-011
          17           2  -1.0647896121873112E-010
          17           3   1.0830746551084982E-011
          17           4   8.5968486245850224E-013
          17           5   5.3124449214227315E-011
          17           6  -2.2506305050574793E-009
          17           7  -5.1313590997594014E-009
          17           8  -1.1713382631632213E-014
          17           9   4.9624379429277052E-013
          17          10   1.1314167863131281E-012
          17          11   9.4623136312445605E-015
          17          12  -4.0087162420906848E-013
          17          13  -9.1397222840956565E-013
          17          14   4.4935878778911949E-013
          17          15   3.1404734784726147E-018
          17          16   4.4935887984273452E-013
          17          17   1.5706869568844753E-017
          17          18  -1.8763326756403034E-017
          17          19   4.4935880386980953E-013
          18           1   1.1392032057475180E-010
          18           2   3.6037830388204674E-010
          18           3  -3.3465771809133907E-011
          18           4  -2.8902168358879122E-012
          18           5  -1.2824779033749805E-009
          18           6   3.4546475453184678E-009
          18           7   5.7762600538572599E-009
          18           8   2.8277416079185774E-013
          18           9  -7.6171880361207723E-013
          18          10  -1.2736134054778721E-012
          18          11  -2.2842851257175405E-013
          18          12   6.1532554603821807E-013
          18          13   1.0288403402420327E-012
          18          14  -1.5081165124510572E-012
          18          15  -2.0846376034947250E-018
          18          16  -1.5081166170412631E-012
          18          17  -1.8763326756403034E-017
          18          18   2.3544661179971334E-017
          18          19  -1.5081165161919230E-012
          19           1  -3.9463045669971939E-005
          19           2  -7.5574100432435135E-003
          19           3   7.6871864246929747E-003
          19           4   1.0308315495134870E-004
          19           5   6.2847269093933389E-010
          19           6   6.6438143948737936E-010
          19           7   2.4807489646394894E-010
          19           8   5.4413730789955550E-012
          19           9  -9.4803367540497787E-013
          19          10  -2.1355931247176002E-012
          19          11  -2.7869747379968194E-012
          19          12   3.2680228531659582E-013
          19          13   9.3902823065652465E-013
          19          14   5.9529094879696749E-005
          19          15   6.2566136884470083E-013
          19          16   5.9529094878718880E-005
          19          17   4.4935880386980953E-013
          19          18  -1.5081165161919230E-012
          19          19   5.9529094893989041E-005
