           1           1   1.9999767968290127     
           1           2  -2.0066185529261558E-004
           1           3   5.0839743944464067E-004
           1           4   8.0318304540349049E-004
           1           5   3.0583454403390283E-005
           1           6  -4.5447686798917000E-005
           1           7  -6.3524478703818751E-014
           1           8  -9.6695932905758550E-014
           1           9  -2.7978382104036520E-013
           1          10  -3.4179365150462602E-014
           1          11  -2.4696289723089328E-014
           1          12   6.2224491625160874E-014
           1          13   8.6006107250551528E-013
           1          14   8.5384507818108493E-013
           1          15  -2.4886866266054671E-013
           1          16  -6.6536719956295391E-013
           1          17  -6.4783571280060699E-013
           1          18   2.4661099102194376E-013
           1          19  -2.6218182851182941E-013
           1          20  -2.5650277462946545E-013
           1          21   1.0784207606721132E-013
           1          22   9.9059357591018457E-006
           1          23  -1.9490239956973015E-013
           1          24  -4.8701583959280135E-005
           1          25  -1.7416163363182827E-013
           1          26  -2.7938145494386937E-012
           1          27   5.3344844232993365E-005
           1          28  -6.3753526639027659E-005
           1          29   3.2929401406952694E-013
           1          30  -8.9855815115223378E-005
           1          31  -4.5479521815600005E-012
           1          32   3.0593577125537796E-012
           1          33  -7.3091012243694172E-005
           1          34   2.4208483209360880E-006
           1          35  -2.7929497609248194E-013
           1          36   1.6081349703564210E-005
           1          37   3.3983225293480307E-012
           1          38  -2.2144008678877775E-012
           1          39   9.4273956189924572E-006
           1          40   3.0142581749855420E-014
           1          41   3.1671859306202172E-014
           1          42   2.1675514037124434E-016
           1          43  -4.1273804975032966E-015
           1          44   1.3247911888820051E-014
           1          45  -6.8435547335879387E-015
           1          46  -2.4860608069516529E-014
           1          47   5.2211279320381216E-015
           1          48   1.1784205494144969E-014
           1          49  -1.6142364886586081E-014
           2           1  -2.0066185529261558E-004
           2           2   1.9987549375380560     
           2           3   1.9642659195910476E-003
           2           4   5.4103783218010645E-003
           2           5   1.4398292855442290E-003
           2           6   7.0824288566865862E-005
           2           7  -3.5817153914960691E-013
           2           8  -2.6793085426119562E-013
           2           9  -1.5603422824386724E-012
           2          10  -1.1102329368738362E-013
           2          11  -1.1137229481321751E-013
           2          12   4.4322650975343758E-013
           2          13   3.6470243460673334E-012
           2          14   4.9731309538924522E-012
           2          15  -2.8059909359079083E-012
           2          16  -2.7963134646568676E-012
           2          17  -3.7147480162625705E-012
           2          18   2.8068961470421563E-012
           2          19  -1.1221671525541688E-012
           2          20  -1.4813564153904437E-012
           2          21   1.0408667981564793E-012
           2          22  -9.4913552272839880E-004
           2          23  -1.0756540866375211E-012
           2          24  -1.5151471664842273E-003
           2          25  -6.6444105744324255E-012
           2          26  -4.1592014331479781E-012
           2          27  -5.0432810236404764E-004
           2          28  -2.0723386797273841E-003
           2          29   2.5006915445736189E-012
           2          30  -2.2169073658098479E-003
           2          31  -2.9562338398719019E-011
           2          32   1.9113070632858959E-011
           2          33  -2.1397373999529359E-003
           2          34   4.6061839649966761E-004
           2          35  -1.9514736828009922E-012
           2          36   5.4128930912637676E-004
           2          37   2.1292765908965312E-011
           2          38  -1.3704661204199571E-011
           2          39   4.9742569954397506E-004
           2          40   6.8664543569769118E-014
           2          41   2.0465186359571119E-013
           2          42  -3.2209180814477281E-014
           2          43  -6.7147019908135472E-014
           2          44   1.1820275824267388E-014
           2          45  -2.8315111439717164E-014
           2          46  -2.3026555084813169E-013
           2          47   3.2603558517123716E-014
           2          48   4.4093325506281449E-014
           2          49  -2.8229019504772603E-013
           3           1   5.0839743944464067E-004
           3           2   1.9642659195910476E-003
           3           3   1.9927376846898137     
           3           4   4.4300068445663102E-002
           3           5  -5.0023524007084166E-002
           3           6  -4.5903714665010989E-002
           3           7  -3.4607555958608028E-013
           3           8  -1.4408388545048213E-012
           3           9   3.2574248787354455E-013
           3          10  -2.0200622394213301E-013
           3          11  -1.7453491184253290E-013
           3          12   6.0232887982664863E-013
           3          13   6.9483979975436733E-013
           3          14   2.5454132108116133E-012
           3          15   1.3966465966987723E-011
           3          16  -6.7951173042621433E-013
           3          17  -1.5116907903235603E-012
           3          18  -8.4115512990011701E-012
           3          19  -1.6900137024686644E-013
           3          20  -7.0425464818703660E-013
           3          21  -2.9729551995885838E-012
           3          22   1.4810047455938056E-002
           3          23  -4.9579578823598901E-011
           3          24  -1.9244236874075775E-002
           3          25  -5.6356759982178488E-010
           3          26   7.9553918644599279E-010
           3          27   4.4012896986322013E-002
           3          28   1.5209338613142264E-002
           3          29   3.1424326178493585E-011
           3          30   1.5262214815232518E-002
           3          31  -1.3390945343139443E-010
           3          32   1.2744047989688306E-010
           3          33   1.3960642444152420E-002
           3          34  -2.0124730527318946E-002
           3          35  -1.6393267807119848E-011
           3          36  -1.9377451540357721E-002
           3          37   7.9439384625697477E-011
           3          38  -9.0906644827812411E-011
           3          39  -2.0102709574195236E-002
           3          40   1.2638892688372044E-013
           3          41   8.2281488433139644E-014
           3          42   5.6190786799516733E-014
           3          43   1.8790644946427446E-013
           3          44  -1.1110586428826478E-013
           3          45   2.3614967007883521E-014
           3          46   1.5301538451031900E-013
           3          47   5.1718126118544882E-014
           3          48   4.8926406214156074E-014
           3          49  -2.3782155071709024E-013
           4           1   8.0318304540349049E-004
           4           2   5.4103783218010645E-003
           4           3   4.4300068445663102E-002
           4           4   2.1582787147178086     
           4           5   1.8350235427873660E-002
           4           6  -9.1971754735875419E-002
           4           7   4.4066752877396122E-013
           4           8   1.5323794172234643E-012
           4           9   2.6967418019358618E-012
           4          10   1.0713110802791588E-013
           4          11  -1.1190204839932676E-012
           4          12  -5.1599708569123533E-012
           4          13   2.5371970648216040E-012
           4          14   2.0754617251846177E-011
           4          15  -9.4548673830730822E-012
           4          16  -2.2494089037750778E-012
           4          17  -2.2946623453901239E-011
           4          18  -8.6979858847714081E-013
           4          19  -1.3626091611588372E-012
           4          20  -3.6636154566193657E-012
           4          21   1.6971097504993351E-011
           4          22   1.7485647372262641E-002
           4          23  -2.0567332974415174E-010
           4          24  -3.7559050864058009E-002
           4          25   1.0183149773192812E-009
           4          26  -1.9772942696244500E-010
           4          27   5.7382637174021145E-002
           4          28   9.0316598033422409E-003
           4          29  -1.0708425697494506E-010
           4          30   8.8173793579377699E-003
           4          31   7.2198430562688645E-010
           4          32  -5.3755998331158829E-010
           4          33   1.4036279324207366E-002
           4          34  -1.5900905497060126E-002
           4          35  -4.6175897221442660E-011
           4          36  -1.6621022261830324E-002
           4          37   2.0498339055249831E-010
           4          38  -2.2159167589040975E-010
           4          39  -1.3775719104780102E-002
           4          40  -1.5939819529033962E-013
           4          41  -3.2798190503490669E-013
           4          42   1.0430591189000882E-013
           4          43  -1.0778061872965992E-012
           4          44   1.6161778996796296E-012
           4          45  -6.6660153841895514E-015
           4          46  -1.8945453228609170E-012
           4          47  -5.5807219207853785E-014
           4          48  -2.3425383014166737E-013
           4          49   2.0845705678739701E-012
           5           1   3.0583454403390283E-005
           5           2   1.4398292855442290E-003
           5           3  -5.0023524007084166E-002
           5           4   1.8350235427873660E-002
           5           5   1.4487045007777791E-003
           5           6   2.8931334736417337E-004
           5           7  -2.1915631717124628E-013
           5           8  -1.0976777169868337E-012
           5           9   5.5157037417162250E-013
           5          10   1.8488778621854195E-013
           5          11   9.6255805037704449E-013
           5          12   2.4118525653842147E-013
           5          13   1.7372998913945890E-013
           5          14  -1.4625231484585658E-013
           5          15  -4.3471672611766928E-012
           5          16  -8.1327226737000255E-014
           5          17  -1.4683369209258219E-013
           5          18   1.7951844977632400E-012
           5          19  -3.8181988982768472E-014
           5          20  -2.0602167052894654E-015
           5          21   8.3625202435092550E-013
           5          22  -3.6539077197090842E-004
           5          23   5.3385767263430539E-012
           5          24   1.2156708072628983E-003
           5          25   5.5330049002573902E-011
           5          26  -2.7362939144915151E-011
           5          27  -1.4613783487813937E-003
           5          28  -3.2066130797954337E-004
           5          29  -1.8537451603795260E-012
           5          30  -2.4137916150994827E-004
           5          31   9.1062087901009183E-012
           5          32  -9.1306488974823028E-012
           5          33  -2.0369716407830620E-004
           5          34   3.6319735324828717E-004
           5          35  -3.7352196090552090E-015
           5          36   3.2118825292992318E-004
           5          37   5.8649509236045549E-014
           5          38   9.2459160551289172E-013
           5          39   3.8426085436752609E-004
           5          40   1.6163728478314184E-015
           5          41  -1.0437286014013199E-014
           5          42  -1.6126556662937814E-014
           5          43  -2.4525893578200389E-016
           5          44  -6.0486823755980426E-014
           5          45  -7.1355769406284727E-016
           5          46   1.9406592343344939E-013
           5          47  -1.0630198275939195E-015
           5          48  -1.5942218646798366E-014
           5          49  -4.7854718573357600E-015
           6           1  -4.5447686798917000E-005
           6           2   7.0824288566865862E-005
           6           3  -4.5903714665010989E-002
           6           4  -9.1971754735875419E-002
           6           5   2.8931334736417337E-004
           6           6   5.4185365929251324E-003
           6           7  -2.6661059470438629E-013
           6           8  -9.8226817799305346E-013
           6           9  -5.9562707250808618E-014
           6          10   1.2783939232547714E-013
           6          11   1.2723472887083501E-012
           6          12   1.3825422606703455E-012
           6          13  -1.4905130103081826E-012
           6          14   3.9071185786898718E-012
           6          15   3.8204949526589784E-011
           6          16   6.5023729667140625E-013
           6          17  -1.0560477638514229E-012
           6          18  -1.5169646587503305E-011
           6          19   2.7191564029113127E-013
           6          20  -6.0493632352157686E-013
           6          21  -6.5950512906955354E-012
           6          22  -1.2189372765957223E-003
           6          23   1.0283033600763183E-011
           6          24   1.4497891262202729E-003
           6          25  -2.2239573034799196E-011
           6          26  -1.7876432264587712E-011
           6          27  -3.2561760882382790E-003
           6          28  -4.3992577420315582E-004
           6          29   2.7694163250931067E-012
           6          30  -1.5389427215246306E-003
           6          31  -2.8530392898812642E-011
           6          32   3.0474280728918246E-011
           6          33  -7.9318287692563120E-004
           6          34   1.2060695258656264E-003
           6          35   1.7032751778186361E-012
           6          36   1.2048018702129864E-003
           6          37  -1.5269648599568024E-011
           6          38   6.6203355459050039E-012
           6          39   1.1439851459836376E-003
           6          40   3.1247367305849874E-014
           6          41  -2.4041472443574412E-014
           6          42  -1.5444819660828650E-014
           6          43  -8.8602038866406634E-015
           6          44  -4.0096446638305165E-013
           6          45  -3.9539038361005759E-016
           6          46   7.6183935258712716E-014
           6          47   1.0806989039644660E-014
           6          48  -3.4378536070525136E-014
           6          49  -6.5068869765327808E-013
           7           1  -6.3524478703818751E-014
           7           2  -3.5817153914960691E-013
           7           3  -3.4607555958608028E-013
           7           4   4.4066752877396122E-013
           7           5  -2.1915631717124628E-013
           7           6  -2.6661059470438629E-013
           7           7   2.0000149410590682     
           7           8   2.9420820259189266E-011
           7           9  -7.8386357806589164E-011
           7          10   1.7613351968381299E-003
           7          11  -7.5400474053692250E-012
           7          12  -3.7745001560155468E-013
           7          13  -3.2915940350687779E-003
           7          14   9.5072924773893995E-011
           7          15  -9.4232815923588019E-012
           7          16   2.6448366429468670E-003
           7          17  -7.6158800014108202E-011
           7          18   6.9080777657650629E-012
           7          19   9.6350953111408607E-004
           7          20  -2.7959443309512950E-011
           7          21   3.0533221985203971E-012
           7          22   1.7420599144891027E-013
           7          23  -3.9601221501653030E-014
           7          24   1.8672253548422818E-013
           7          25   6.2729486833802102E-014
           7          26  -1.2422059632979322E-014
           7          27   1.8158267899922742E-013
           7          28  -8.8739164794847673E-014
           7          29   1.5702784460392265E-014
           7          30  -8.1023521170383917E-014
           7          31  -2.2907254106453669E-013
           7          32   3.1903506647909023E-015
           7          33  -8.8395893873961587E-014
           7          34  -7.4324691395121482E-014
           7          35  -1.0943172989671051E-014
           7          36  -7.7323692056631539E-014
           7          37   1.5447006087789648E-013
           7          38  -1.4660529567351799E-015
           7          39  -7.5445079589961157E-014
           7          40  -9.5220191561963693E-005
           7          41   4.2664268361784879E-012
           7          42  -5.8371143251684482E-005
           7          43   5.7523005373324030E-012
           7          44  -3.4359355862151024E-013
           7          45  -1.9372076479233799E-012
           7          46   1.1139100980411821E-011
           7          47  -3.9985257604515238E-005
           7          48   3.0722671280247500E-012
           7          49  -1.5571249085240543E-012
           8           1  -9.6695932905758550E-014
           8           2  -2.6793085426119562E-013
           8           3  -1.4408388545048213E-012
           8           4   1.5323794172234643E-012
           8           5  -1.0976777169868337E-012
           8           6  -9.8226817799305346E-013
           8           7   2.9420820259189266E-011
           8           8   2.0000270532848363     
           8           9   4.7120998643622096E-011
           8          10  -7.7459170570346776E-012
           8          11   1.8394630666375353E-003
           8          12  -1.5348450577987323E-011
           8          13   9.4471377779798283E-011
           8          14  -4.3833675961870364E-003
           8          15   1.8236989800798611E-010
           8          16  -7.5605984098821788E-011
           8          17   3.5171957472100550E-003
           8          18  -1.4617334658633036E-010
           8          19  -2.7830560734691483E-011
           8          20   1.2848645667816261E-003
           8          21  -5.3528293797865343E-011
           8          22   8.7105662249960365E-013
           8          23   8.5718974222154930E-015
           8          24   7.3013624913009227E-013
           8          25   1.0266847052269217E-013
           8          26  -1.3856751168306361E-013
           8          27   8.4529073809395985E-013
           8          28  -2.6681903738431878E-013
           8          29   4.1962925628242756E-014
           8          30  -7.6806809121053864E-014
           8          31  -3.5835138015741719E-014
           8          32  -3.6098243553439524E-013
           8          33  -1.7485112916086570E-013
           8          34  -2.7169283397950371E-013
           8          35  -2.4827532596973541E-014
           8          36  -5.1118488228625510E-013
           8          37  -1.4424210589059032E-014
           8          38   2.7416888298383114E-013
           8          39  -4.2614442622876440E-013
           8          40   7.5736817389863085E-012
           8          41  -1.0094104026949575E-004
           8          42   1.8577247375340059E-012
           8          43  -1.8164327789257006E-004
           8          44   3.3072328285992283E-012
           8          45   1.0410748261840060E-011
           8          46   4.7651511116060056E-012
           8          47   3.0938763419222538E-012
           8          48  -2.5021633124143895E-005
           8          49   1.3186558436012790E-011
           9           1  -2.7978382104036520E-013
           9           2  -1.5603422824386724E-012
           9           3   3.2574248787354455E-013
           9           4   2.6967418019358618E-012
           9           5   5.5157037417162250E-013
           9           6  -5.9562707250808618E-014
           9           7  -7.8386357806589164E-011
           9           8   4.7120998643622096E-011
           9           9   2.0000171335927570     
           9          10   2.2913925105809117E-013
           9          11  -1.4907684661298166E-011
           9          12   1.8470216834652897E-003
           9          13  -1.4143621831897874E-011
           9          14   1.8293425849310332E-010
           9          15  -3.5318433765435427E-003
           9          16   1.0375357933019091E-011
           9          17  -1.4653698069074894E-010
           9          18   2.8382075634523080E-003
           9          19   4.7706980492112130E-012
           9          20  -5.3678927256243852E-011
           9          21   1.0340450700843285E-003
           9          22  -6.9919105034632107E-013
           9          23   3.4503121642009794E-014
           9          24  -6.4297435136000107E-013
           9          25   8.3534234856579369E-015
           9          26   1.1194686111713062E-013
           9          27  -6.0927708279376776E-013
           9          28  -1.2286738241511496E-012
           9          29   2.2452893932749865E-013
           9          30  -1.2131036776434451E-012
           9          31  -6.9637455473341677E-014
           9          32  -1.3006881128328963E-015
           9          33  -1.5491314559838804E-012
           9          34   2.1511881830239161E-013
           9          35  -2.8692769666583120E-013
           9          36   1.1636314258305643E-013
           9          37   2.0003077680914972E-013
           9          38  -1.7398387988497670E-014
           9          39   2.5920195805247226E-013
           9          40   1.5060660569193194E-012
           9          41   3.5607416496654202E-012
           9          42   1.1190358380621419E-011
           9          43   1.0553785479226266E-011
           9          44  -3.6317896334329714E-005
           9          45   9.4219007359622360E-014
           9          46  -9.4264081592094345E-006
           9          47  -5.0205179103894322E-012
           9          48   7.5711593883189317E-012
           9          49  -1.5009129387928130E-004
          10           1  -3.4179365150462602E-014
          10           2  -1.1102329368738362E-013
          10           3  -2.0200622394213301E-013
          10           4   1.0713110802791588E-013
          10           5   1.8488778621854195E-013
          10           6   1.2783939232547714E-013
          10           7   1.7613351968381299E-003
          10           8  -7.7459170570346776E-012
          10           9   2.2913925105809117E-013
          10          10   2.0318886296147318     
          10          11  -7.5731961061847336E-012
          10          12   9.4054048447932569E-011
          10          13   8.4672010028310846E-002
          10          14  -2.2294842229955195E-010
          10          15   8.3879702705049794E-010
          10          16  -7.1267308287251072E-002
          10          17   1.8101178836417405E-010
          10          18  -6.8124529540023499E-010
          10          19  -2.3920453390986016E-002
          10          20   6.4809282260469164E-011
          10          21  -2.4311118038159577E-010
          10          22  -7.7190450604844576E-015
          10          23  -6.6462497668162435E-014
          10          24  -1.0023971171568223E-013
          10          25  -8.2186834604413218E-013
          10          26  -1.2410485793025091E-013
          10          27  -1.2236395664404267E-013
          10          28  -1.0851526516467581E-013
          10          29   9.9565048227480494E-014
          10          30   1.0056243505062090E-014
          10          31   4.3717307418813112E-013
          10          32   1.0380993772898867E-015
          10          33  -5.5157882396130597E-014
          10          34   4.7412334645356977E-014
          10          35  -1.3790413147978815E-013
          10          36   5.8093438701557260E-014
          10          37  -1.4421731399522547E-013
          10          38   3.7168007497371474E-015
          10          39   5.3920825426168519E-014
          10          40  -1.3059964878561016E-002
          10          41  -1.8550039331757638E-012
          10          42  -5.2504561683467434E-003
          10          43  -3.7609031048444863E-012
          10          44   1.2160508567549524E-010
          10          45  -1.4897706222090813E-010
          10          46   1.3871856063631239E-010
          10          47  -5.3118486723697502E-003
          10          48   1.0033069654037507E-011
          10          49  -2.5344814231983529E-010
          11           1  -2.4696289723089328E-014
          11           2  -1.1137229481321751E-013
          11           3  -1.7453491184253290E-013
          11           4  -1.1190204839932676E-012
          11           5   9.6255805037704449E-013
          11           6   1.2723472887083501E-012
          11           7  -7.5400474053692250E-012
          11           8   1.8394630666375353E-003
          11           9  -1.4907684661298166E-011
          11          10  -7.5731961061847336E-012
          11          11   2.0323993162052147     
          11          12  -5.8213517725655262E-011
          11          13  -2.1674275321032442E-010
          11          14   8.5588069087731172E-002
          11          15  -7.5012832439132045E-010
          11          16   1.7581589404496884E-010
          11          17  -7.2726167373898670E-002
          11          18   6.1303417910208605E-010
          11          19   6.2961301519651304E-011
          11          20  -2.4100281601144594E-002
          11          21   2.1679313833062417E-010
          11          22  -3.6781159682559180E-014
          11          23  -6.5770345585963433E-014
          11          24  -1.7178979619070686E-013
          11          25   2.5616436456064603E-014
          11          26  -1.3696297254866606E-013
          11          27  -1.1292904546923137E-013
          11          28  -1.1053441260088121E-013
          11          29   9.7144943854586552E-014
          11          30   1.6563395400614898E-013
          11          31  -2.5355799277937537E-014
          11          32  -1.1213883879874933E-012
          11          33  -1.1634270914075533E-014
          11          34   5.7399176420841369E-013
          11          35  -6.3606201172402069E-014
          11          36   2.3553737003499552E-013
          11          37  -1.0052232673173795E-014
          11          38   7.8841126249826707E-013
          11          39   5.1856097448737352E-013
          11          40   3.7594529350432087E-011
          11          41  -6.6938682685096637E-003
          11          42  -5.7087550304302352E-011
          11          43  -1.2637274990891048E-002
          11          44   2.4722848733592392E-012
          11          45   3.4528842562278042E-010
          11          46  -1.3691804292802173E-010
          11          47   9.9770085192021361E-012
          11          48  -4.3133278409655113E-003
          11          49   1.2883410397610247E-010
          12           1   6.2224491625160874E-014
          12           2   4.4322650975343758E-013
          12           3   6.0232887982664863E-013
          12           4  -5.1599708569123533E-012
          12           5   2.4118525653842147E-013
          12           6   1.3825422606703455E-012
          12           7  -3.7745001560155468E-013
          12           8  -1.5348450577987323E-011
          12           9   1.8470216834652897E-003
          12          10   9.4054048447932569E-011
          12          11  -5.8213517725655262E-011
          12          12   2.0335297642052299     
          12          13   8.4855594158498830E-010
          12          14  -7.8630866852666210E-010
          12          15   8.9097917255020115E-002
          12          16  -6.8924383878510663E-010
          12          17   6.4469065049563998E-010
          12          18  -7.4755405228823874E-002
          12          19  -2.4594085458473798E-010
          12          20   2.2699854773881463E-010
          12          21  -2.5195824229300900E-002
          12          22   3.2189460782444821E-013
          12          23   5.5969674719032171E-014
          12          24  -2.7810421769800075E-013
          12          25   5.8403538141629755E-014
          12          26  -3.2617140354993341E-013
          12          27  -9.0886766377001729E-013
          12          28   7.7157002546428917E-013
          12          29  -4.2336072846040913E-014
          12          30  -4.3001213309754255E-013
          12          31  -2.0492949737884633E-014
          12          32   1.9879779266499777E-013
          12          33   6.8011397019053957E-013
          12          34   3.5355751303164019E-013
          12          35   3.0137743384565539E-014
          12          36   2.6071054113965721E-014
          12          37  -2.9148153304055695E-015
          12          38  -1.6181275608321650E-013
          12          39   4.7695118152781190E-013
          12          40  -1.8106038179485313E-010
          12          41   1.2328279003070150E-011
          12          42   1.3979258165535230E-010
          12          43   8.5314019520946007E-011
          12          44  -5.9252462470112946E-003
          12          45  -1.9070688378436757E-011
          12          46  -4.7559175023590503E-003
          12          47   2.5453963813087775E-011
          12          48  -8.7269349983629940E-011
          12          49  -1.3725509125285881E-002
          13           1   8.6006107250551528E-013
          13           2   3.6470243460673334E-012
          13           3   6.9483979975436733E-013
          13           4   2.5371970648216040E-012
          13           5   1.7372998913945890E-013
          13           6  -1.4905130103081826E-012
          13           7  -3.2915940350687779E-003
          13           8   9.4471377779798283E-011
          13           9  -1.4143621831897874E-011
          13          10   8.4672010028310846E-002
          13          11  -2.1674275321032442E-010
          13          12   8.4855594158498830E-010
          13          13   3.7579163773023799E-003
          13          14  -2.0052806790724781E-011
          13          15   8.6545709983223478E-011
          13          16  -3.1487732568816649E-003
          13          17   1.6584787987026245E-011
          13          18  -7.0848366405547390E-011
          13          19  -1.0650626911023189E-003
          13          20   5.7547448456565749E-012
          13          21  -2.4932095055383909E-011
          13          22   1.1308481155673237E-012
          13          23   3.7966115427777295E-014
          13          24   1.6486747666941121E-012
          13          25  -2.5014173921729487E-011
          13          26   6.3147527415273092E-012
          13          27  -1.2386547460916626E-012
          13          28  -7.7085770475613867E-013
          13          29   5.5585815528142639E-015
          13          30   2.2923044335526509E-012
          13          31   6.7969533564275885E-013
          13          32  -2.5732015924123433E-013
          13          33  -2.4998605657894326E-013
          13          34  -2.4424646503927754E-013
          13          35  -5.8921253395974488E-015
          13          36  -2.3510894149481781E-013
          13          37   2.0946057513016134E-013
          13          38  -5.7869751211714387E-014
          13          39  -3.0836160311313192E-013
          13          40  -2.9761004024882599E-004
          13          41   1.6312681453678232E-013
          13          42  -5.9251674291956958E-004
          13          43   1.4189837535815416E-012
          13          44   1.5506853733633942E-011
          13          45  -9.3629558786970272E-013
          13          46  -1.8203355733500489E-011
          13          47  -1.6807564485231950E-004
          13          48   9.2572951395818902E-013
          13          49  -6.6058029566706713E-012
          14           1   8.5384507818108493E-013
          14           2   4.9731309538924522E-012
          14           3   2.5454132108116133E-012
          14           4   2.0754617251846177E-011
          14           5  -1.4625231484585658E-013
          14           6   3.9071185786898718E-012
          14           7   9.5072924773893995E-011
          14           8  -4.3833675961870364E-003
          14           9   1.8293425849310332E-010
          14          10  -2.2294842229955195E-010
          14          11   8.5588069087731172E-002
          14          12  -7.8630866852666210E-010
          14          13  -2.0052806790724781E-011
          14          14   1.0077564834776953E-002
          14          15  -1.7074329251958020E-010
          14          16   1.6653340821787021E-011
          14          17  -8.2275560870806938E-003
          14          18   1.3950866767079933E-010
          14          19   5.7462048682312847E-012
          14          20  -2.9218447095074374E-003
          14          21   4.9527818503615800E-011
          14          22   1.4820772352767490E-012
          14          23  -2.6422772039133954E-012
          14          24  -6.6846232705528110E-012
          14          25  -3.4745447016599410E-014
          14          26   4.4169204560833697E-011
          14          27   4.3327268456010293E-013
          14          28   2.5402713808776559E-012
          14          29   1.1912106432571457E-013
          14          30  -7.3773813731721306E-012
          14          31   8.9881839979209686E-016
          14          32  -2.0641306780712105E-012
          14          33   1.1470056543008445E-012
          14          34   6.5083048698865632E-013
          14          35   2.1854917019564641E-014
          14          36   5.9693082473304698E-013
          14          37  -6.3541786746232614E-016
          14          38  -3.4197195943886338E-013
          14          39   9.7218912153633852E-013
          14          40   3.3101193158907164E-012
          14          41  -5.6025494958152934E-004
          14          42  -2.7435519319048585E-012
          14          43   6.6575440755554821E-005
          14          44   1.4978040117877233E-011
          14          45   2.0937222811694906E-011
          14          46  -3.7485914721885146E-011
          14          47   8.4222403056379938E-013
          14          48  -8.0874775109013991E-004
          14          49   2.7461566641219542E-011
          15           1  -2.4886866266054671E-013
          15           2  -2.8059909359079083E-012
          15           3   1.3966465966987723E-011
          15           4  -9.4548673830730822E-012
          15           5  -4.3471672611766928E-012
          15           6   3.8204949526589784E-011
          15           7  -9.4232815923588019E-012
          15           8   1.8236989800798611E-010
          15           9  -3.5318433765435427E-003
          15          10   8.3879702705049794E-010
          15          11  -7.5012832439132045E-010
          15          12   8.9097917255020115E-002
          15          13   8.6545709983223478E-011
          15          14  -1.7074329251958020E-010
          15          15   3.9160388838664854E-003
          15          16  -7.0731569136378126E-011
          15          17   1.3864296983841171E-010
          15          18  -3.2860890225503555E-003
          15          19  -2.4958140482498903E-011
          15          20   4.9682588753290033E-011
          15          21  -1.1074037845302896E-003
          15          22   3.3826155386013796E-011
          15          23   2.4647981331559707E-013
          15          24  -8.0623675764437280E-011
          15          25   4.1179483771346022E-014
          15          26  -5.4241346523289291E-012
          15          27   5.3233991977664815E-012
          15          28   1.9461926660044767E-011
          15          29  -1.2278520833345192E-014
          15          30  -6.0823563131583767E-011
          15          31  -1.6000259024643841E-015
          15          32   2.2807303026492355E-013
          15          33   7.7866839904347306E-012
          15          34   5.7705291169328459E-012
          15          35  -4.8038791917275675E-016
          15          36   6.0508017881521445E-012
          15          37  -8.0853108341634758E-016
          15          38   4.2791921190403306E-014
          15          39   8.3680091936929291E-012
          15          40   6.8179944320617049E-012
          15          41   7.5050509021664389E-012
          15          42  -2.6614611855402685E-011
          15          43   9.7556751864108038E-014
          15          44  -2.8366475657778516E-004
          15          45  -7.9553936314197737E-013
          15          46  -1.6131111383310334E-004
          15          47   2.6463137860053077E-012
          15          48   6.3232878181166999E-012
          15          49  -6.1956980575729795E-004
          16           1  -6.6536719956295391E-013
          16           2  -2.7963134646568676E-012
          16           3  -6.7951173042621433E-013
          16           4  -2.2494089037750778E-012
          16           5  -8.1327226737000255E-014
          16           6   6.5023729667140625E-013
          16           7   2.6448366429468670E-003
          16           8  -7.5605984098821788E-011
          16           9   1.0375357933019091E-011
          16          10  -7.1267308287251072E-002
          16          11   1.7581589404496884E-010
          16          12  -6.8924383878510663E-010
          16          13  -3.1487732568816649E-003
          16          14   1.6653340821787021E-011
          16          15  -7.0731569136378126E-011
          16          16   2.6392525504862203E-003
          16          17  -1.3766683365837516E-011
          16          18   5.7902820676916444E-011
          16          19   8.9221160728109017E-004
          16          20  -4.7809098541980672E-012
          16          21   2.0374849741428454E-011
          16          22  -2.1769461741404399E-012
          16          23  -3.8822038357962898E-012
          16          24  -1.0183996895336522E-012
          16          25   6.4259041308009698E-011
          16          26  -4.8211455743605415E-012
          16          27   2.5379731676679193E-012
          16          28   3.4175606213918335E-013
          16          29   1.5376487327014514E-013
          16          30  -9.2830982670676846E-013
          16          31  -1.6404881339086867E-012
          16          32   1.9647140888466365E-013
          16          33   2.9849414423194087E-014
          16          34   1.2162745200507621E-013
          16          35   4.1671910711682589E-014
          16          36   1.1438889790985106E-013
          16          37  -5.6189959950738722E-013
          16          38   4.4172865247530729E-014
          16          39   1.1349405424252718E-013
          16          40   2.6838302047880872E-004
          16          41  -1.5732101777897696E-013
          16          42   4.7120768284520471E-004
          16          43  -1.1205341045184719E-012
          16          44  -1.2607786010214964E-011
          16          45   1.1745732321054542E-012
          16          46   1.4470044286073428E-011
          16          47   1.4528778765095587E-004
          16          48  -7.7804621885865171E-013
          16          49   5.7627940332852690E-012
