           1           1   2.2847047448706062     
           1           2 -0.84551853312663927     
           1           3   9.1502476157189844E-002
           1           4  -3.7409533337608096E-002
           1           5   9.5104728485619322E-002
           1           6  -1.8136573586151554E-002
           1           7  -1.1633443397528227E-013
           1           8   1.7196833799859053E-013
           1           9   8.9873488446314172E-018
           1          10   7.0918845534965798E-015
           1          11   4.2052818630769316E-014
           1          12   2.1340690057470892E-014
           1          13   3.5460195281368293E-014
           1          14  -4.2116112597123404E-014
           1          15  -2.2722429079288064E-014
           1          16   2.4655926084279457E-014
           1          17  -2.2382984330478585E-014
           1          18  -2.6158760303209400E-014
           1          19  -4.6155146971384022E-015
           1          20   2.5359114215739234E-015
           1          21  -3.1893731482410676E-015
           1          22  -5.7563479424943779E-003
           1          23  -2.2958179437846703E-008
           1          24  -7.0437044949105219E-003
           1          25   2.5647681432641361E-012
           1          26  -1.0607229724525023E-012
           1          27  -3.6159628899727070E-003
           1          28   1.4461337787821627E-002
           1          29  -4.9376575363716073E-009
           1          30   1.4207603610354017E-002
           1          31   5.4393815511298103E-013
           1          32  -2.4861938326120388E-013
           1          33   1.5013461794709861E-002
           1          34   1.3113811370568202E-002
           1          35   1.8214338056216902E-009
           1          36   1.3252648517871959E-002
           1          37  -1.3481540534959169E-013
           1          38   9.2168290304587342E-014
           1          39   1.2964438910296510E-002
           1          40   1.0950950673209901E-014
           1          41  -6.7873465064829054E-015
           1          42   3.5048080486087702E-015
           1          43  -2.2112334316924395E-014
           1          44   1.8629269994189852E-015
           1          45   3.1310659965968550E-015
           1          46  -2.0653063621305720E-015
           1          47  -3.2373840640320170E-015
           1          48  -9.7221046773374429E-015
           1          49  -5.1399154960262174E-015
           2           1 -0.84551853312663927     
           2           2   2.5313796618322861     
           2           3 -0.37379859826701495     
           2           4  0.13301121619227355     
           2           5 -0.37243921840048266     
           2           6  -5.8982493337321230E-003
           2           7   3.8603825250376185E-013
           2           8  -5.0254067604868829E-013
           2           9   1.0390208857837118E-014
           2          10  -2.6109186711656671E-013
           2          11  -1.3006978486999444E-013
           2          12  -9.2191846910297905E-014
           2          13   7.5533461952858659E-014
           2          14   1.4205902697068180E-013
           2          15   8.2925721815729230E-014
           2          16   8.2277769708215739E-014
           2          17   6.1682474795913175E-014
           2          18   9.6500420399441050E-014
           2          19  -4.1880798182184386E-014
           2          20   1.6332968199502652E-014
           2          21   6.8430349545985260E-015
           2          22   2.0200793667929470E-002
           2          23   9.1069442489093230E-008
           2          24   2.5226493785507502E-002
           2          25  -9.7994849631254445E-012
           2          26   4.1012938244077213E-012
           2          27   1.1940548544106986E-002
           2          28  -4.4516863981193831E-002
           2          29   1.8502375426726864E-008
           2          30  -4.3637946738457521E-002
           2          31  -1.6740202357947596E-012
           2          32   8.2218751215485317E-013
           2          33  -4.6365760400953089E-002
           2          34  -3.2507676663080971E-002
           2          35  -5.7677410812007193E-009
           2          36  -3.2844412611887308E-002
           2          37   6.7886451489379928E-013
           2          38  -3.2010337300333347E-013
           2          39  -3.1855591364273905E-002
           2          40   5.8158316870899841E-014
           2          41   3.1163747379574950E-014
           2          42   3.3524316955648755E-014
           2          43   7.0373434942519935E-014
           2          44   1.5341788001580051E-016
           2          45  -1.2676621384344611E-014
           2          46   1.4638603636106795E-014
           2          47   4.4714909995297795E-014
           2          48   3.4323338681833172E-014
           2          49   2.3918311085504433E-014
           3           1   9.1502476157189844E-002
           3           2 -0.37379859826701495     
           3           3   1.0708759519728968     
           3           4  -3.1362884588554796E-002
           3           5   6.3951546747446686E-002
           3           6 -0.11783575981777959     
           3           7  -2.8672378091168624E-013
           3           8  -7.0208366336567144E-013
           3           9  -1.7315494862999523E-014
           3          10   6.2148066609220576E-013
           3          11  -1.0755797834253895E-013
           3          12   1.3899933869892800E-013
           3          13  -1.2966149645565379E-013
           3          14   4.0717237044901718E-015
           3          15  -1.0083020722071102E-013
           3          16  -8.3497094272548530E-014
           3          17   5.3257279648680640E-015
           3          18  -1.2652925636772394E-013
           3          19   3.2801323135000504E-014
           3          20  -1.2104432066656074E-015
           3          21   6.7555247858597215E-014
           3          22  -1.9027349547448807E-002
           3          23  -1.0249168631007608E-007
           3          24  -2.5426555153872217E-002
           3          25   1.0829747818042726E-011
           3          26  -4.8327595280680260E-012
           3          27  -1.0484612205660033E-002
           3          28   2.2831766623487890E-002
           3          29  -4.9455077872387351E-009
           3          30   2.2757375307658090E-002
           3          31   4.9955321317809531E-013
           3          32  -2.5143775123139309E-013
           3          33   2.3591651500566788E-002
           3          34   3.1988143236742955E-002
           3          35   2.8780797754795584E-009
           3          36   3.2306778654612664E-002
           3          37   2.0848567857257346E-013
           3          38   9.9224740522486657E-014
           3          39   3.1980356295633804E-002
           3          40  -1.3393340771273377E-013
           3          41   8.5626120158295071E-015
           3          42  -5.8052952926544322E-014
           3          43   4.2320428989461236E-014
           3          44   1.4012857647997685E-015
           3          45   1.0181216447197825E-014
           3          46  -2.3626403582020844E-014
           3          47  -6.5772474426791877E-014
           3          48   5.6588056401461729E-015
           3          49  -2.2477071788273835E-014
           4           1  -3.7409533337608096E-002
           4           2  0.13301121619227355     
           4           3  -3.1362884588554796E-002
           4           4  0.46042259726929341     
           4           5  -2.8024359809823984E-003
           4           6  0.24802190477162403     
           4           7   2.6029254211719449E-013
           4           8  -1.5266090283985876E-012
           4           9  -6.8806748603201927E-014
           4          10   1.7750090001372023E-012
           4          11  -6.8062408770711789E-013
           4          12  -7.9709395260033934E-016
           4          13   8.8510879810801404E-014
           4          14   6.0055842362847039E-014
           4          15   1.4054337026799507E-013
           4          16   2.2441998288425782E-013
           4          17  -6.7941714173703308E-015
           4          18   1.5597612683628320E-013
           4          19  -1.6949509133787232E-013
           4          20  -3.8284679319573623E-014
           4          21  -5.3186653676752633E-014
           4          22  -2.9558345769451237E-003
           4          23   1.4298445946018718E-007
           4          24   4.4310000830647990E-003
           4          25  -2.3714575509933211E-011
           4          26   7.9686383307984869E-012
           4          27  -2.4247066844179370E-002
           4          28 -0.19258450006347425     
           4          29   9.1504895693724498E-009
           4          30 -0.19226548373271787     
           4          31  -1.9556061238455133E-012
           4          32   5.6025951944965586E-013
           4          33 -0.19425794101954993     
           4          34 -0.16191494170110166     
           4          35  -5.7311726343580640E-009
           4          36 -0.16260237564368049     
           4          37  -2.6593183490921373E-013
           4          38  -1.8841107973616032E-013
           4          39 -0.16196786796719964     
           4          40   1.7316648329000424E-013
           4          41  -8.5041047277007135E-014
           4          42   5.0945795778226820E-014
           4          43  -2.3751491122624412E-013
           4          44   2.3837738547076120E-014
           4          45  -1.6574911406902749E-014
           4          46   2.8999778350087677E-014
           4          47   1.0085778123291319E-013
           4          48  -1.0806668258185135E-013
           4          49   3.8141797227084151E-014
           5           1   9.5104728485619322E-002
           5           2 -0.37243921840048266     
           5           3   6.3951546747446686E-002
           5           4  -2.8024359809823984E-003
           5           5   1.0585650911747817     
           5           6 -0.10745039468383077     
           5           7  -1.2535782629160139E-013
           5           8  -2.8697485603682991E-013
           5           9  -2.2388510846743773E-014
           5          10   6.2605298867630248E-013
           5          11  -8.9185572908301576E-014
           5          12   1.1822156363368503E-013
           5          13  -1.2460270422472780E-013
           5          14  -4.5376734517810850E-015
           5          15  -4.8658548729866088E-014
           5          16  -7.7538723077125037E-014
           5          17  -4.0450436667814381E-015
           5          18  -1.7625178969599617E-014
           5          19   3.0754864753662566E-014
           5          20   9.3093371395219152E-015
           5          21  -1.1960912235996842E-013
           5          22  -2.1204782588368526E-002
           5          23  -9.7596428887059423E-008
           5          24  -2.7293509617750927E-002
           5          25   1.0259212594625630E-011
           5          26  -4.5919541686495236E-012
           5          27  -1.3138751160884093E-002
           5          28  -1.5989965572083681E-003
           5          29  -4.7190967141208914E-009
           5          30  -1.6741189025027969E-003
           5          31   5.0031013523838197E-013
           5          32  -2.4686380846208593E-013
           5          33  -8.5917706281651851E-004
           5          34   2.6202565716237476E-002
           5          35   2.8297120994006121E-009
           5          36   2.6520518955156884E-002
           5          37   2.1327166076136398E-013
           5          38   9.7532568435367897E-014
           5          39   2.6201757399752695E-002
           5          40  -1.2785710443205222E-013
           5          41   4.4321642956522529E-015
           5          42  -5.6140572143075417E-014
           5          43   3.1465588016691504E-014
           5          44   2.2607857197003766E-015
           5          45   9.5764561122503134E-015
           5          46  -2.1736694042742670E-014
           5          47  -6.2415437223131145E-014
           5          48   1.6584865082773760E-015
           5          49  -1.9218237945494859E-014
           6           1  -1.8136573586151554E-002
           6           2  -5.8982493337321230E-003
           6           3 -0.11783575981777959     
           6           4  0.24802190477162403     
           6           5 -0.10745039468383077     
           6           6   4.2689559641110231     
           6           7   2.1217819424736355E-013
           6           8   2.0322333773039626E-013
           6           9  -4.4139918463109017E-015
           6          10   2.3302897526145550E-013
           6          11  -9.7236175393018377E-014
           6          12  -1.3947331922906303E-014
           6          13  -1.0569052152740788E-013
           6          14   1.7723894534153370E-013
           6          15   7.1824735735707239E-015
           6          16  -2.7800568294662511E-013
           6          17   2.7831276088395963E-013
           6          18   3.6136916662867561E-014
           6          19   2.8741578711055464E-013
           6          20  -1.0414273364603537E-012
           6          21   2.0096331767644864E-013
           6          22  -9.1974678029511509E-003
           6          23   6.9212081977768410E-009
           6          24  -5.2128208689599335E-003
           6          25  -2.2650728111708358E-011
           6          26   6.5060222315918337E-012
           6          27  -2.4050618848469752E-002
           6          28 -0.47889583166113209     
           6          29  -4.9388521844131531E-008
           6          30 -0.47878308984723106     
           6          31  -1.3926904983889891E-011
           6          32   3.0308903424485406E-012
           6          33 -0.48618490155048816     
           6          34 -0.92665332410651524     
           6          35  -4.2834716556041609E-008
           6          36 -0.93595062390701034     
           6          37  -1.2345352826195171E-011
           6          38  -2.1811011129858292E-013
           6          39 -0.93395542818126276     
           6          40   4.4911262607869293E-014
           6          41  -3.1853131977760350E-015
           6          42   1.7083082076817753E-014
           6          43  -2.1357256438956635E-014
           6          44   1.5205393573410608E-016
           6          45  -2.5852599402169097E-015
           6          46   7.2564977562793477E-016
           6          47   2.0758334164871741E-014
           6          48  -5.5807062656510680E-015
           6          49  -4.7046349397971113E-015
           7           1  -1.1633443397528227E-013
           7           2   3.8603825250376185E-013
           7           3  -2.8672378091168624E-013
           7           4   2.6029254211719449E-013
           7           5  -1.2535782629160139E-013
           7           6   2.1217819424736355E-013
           7           7   2.2442261110095352     
           7           8  -1.4850264476046312E-008
           7           9  -2.8106045922663756E-011
           7          10 -0.72993356897643635     
           7          11   7.3573881610888009E-009
           7          12  -2.3809339119517633E-012
           7          13   2.1927224848066747E-002
           7          14   6.8477568866703998E-008
           7          15  -5.4634589569474750E-012
           7          16  -1.5214633995362849E-002
           7          17   4.7852209826997277E-008
           7          18  -8.4079548030561422E-013
           7          19   2.1215395645893760E-002
           7          20  -7.1102629670084723E-008
           7          21  -4.8446108047474421E-013
           7          22   4.0854831106720372E-013
           7          23   2.7821410296775496E-014
           7          24   2.6222174859643062E-013
           7          25  -3.5291777215493117E-015
           7          26   1.6194393795780157E-013
           7          27   2.8700717607769233E-013
           7          28   3.8812058626924027E-014
           7          29   2.3662491478797805E-013
           7          30  -3.4043260268579348E-013
           7          31  -1.4012884817573361E-013
           7          32  -1.6821513019669972E-013
           7          33  -3.6621207092745256E-014
           7          34  -3.9901854986015919E-013
           7          35  -4.5985514040776853E-014
           7          36  -8.2825504196361831E-014
           7          37  -7.0393376802696176E-014
           7          38   1.1103457855562205E-013
           7          39  -1.1647726390209127E-013
           7          40  -1.2347622509557891E-002
           7          41  -1.3934838656745599E-008
           7          42   3.0425720883493108E-003
           7          43   7.7973206632881087E-008
           7          44   5.6480293863605181E-012
           7          45   2.6684244528682591E-012
           7          46  -8.3808805468376276E-012
           7          47  -4.9231494325787592E-003
           7          48  -6.9725195576693399E-008
           7          49   8.3294159710816809E-013
           8           1   1.7196833799859053E-013
           8           2  -5.0254067604868829E-013
           8           3  -7.0208366336567144E-013
           8           4  -1.5266090283985876E-012
           8           5  -2.8697485603682991E-013
           8           6   2.0322333773039626E-013
           8           7  -1.4850264476046312E-008
           8           8   2.2430814046111500     
           8           9   2.1950798285900518E-012
           8          10   8.0977363154413803E-009
           8          11 -0.73153433579573002     
           8          12  -5.7527595088221481E-013
           8          13   6.7288271067549253E-008
           8          14   3.0551601824571444E-002
           8          15   4.4183213179757814E-012
           8          16   4.6237202790846470E-008
           8          17  -3.3355585832442608E-003
           8          18   3.5965995406604188E-012
           8          19  -6.7385389602148297E-008
           8          20   9.8615211248855809E-004
           8          21  -5.0659323351590107E-012
           8          22   5.3967421636472693E-014
           8          23  -7.0299200233039956E-014
           8          24  -2.2941430954691401E-013
           8          25  -1.7682697668398944E-013
           8          26   1.0310977135141493E-013
           8          27   5.8773043409480177E-014
           8          28   4.7141551624635699E-013
           8          29  -1.8506443966831434E-013
           8          30   6.7715439321061534E-013
           8          31   4.5254073176265374E-013
           8          32  -1.1897967877938168E-013
           8          33   3.6148337765691637E-014
           8          34   1.4133182469670806E-013
           8          35   3.3684456410182207E-014
           8          36   2.5593441610757055E-013
           8          37  -2.9159154193797207E-013
           8          38   3.1436716442683245E-013
           8          39   9.6290461800782624E-014
           8          40  -6.0043767816803301E-008
           8          41   8.3939024893786574E-004
           8          42   1.7211521772380659E-007
           8          43  -4.9846215437877178E-003
           8          44   8.5867502946625356E-013
           8          45  -1.3894731590147936E-011
           8          46   5.8571469417321866E-012
           8          47  -7.0796326890854196E-008
           8          48  -1.1302746210724728E-002
           8          49  -3.9027076660721636E-012
           9           1   8.9873488446314172E-018
           9           2   1.0390208857837118E-014
           9           3  -1.7315494862999523E-014
           9           4  -6.8806748603201927E-014
           9           5  -2.2388510846743773E-014
           9           6  -4.4139918463109017E-015
           9           7  -2.8106045922663756E-011
           9           8   2.1950798285900518E-012
           9           9   2.2457100478071528     
           9          10  -1.9031858690344471E-012
           9          11   4.0477983491544896E-014
           9          12 -0.73133667536564606     
           9          13  -5.8570089142660343E-012
           9          14   3.8064382456886861E-012
           9          15   1.5892105567178988E-002
           9          16  -1.0511847295388905E-012
           9          17   3.3256659766348534E-012
           9          18  -1.6299348408672101E-002
           9          19  -2.3262147162223161E-013
           9          20  -5.1601592342956357E-012
           9          21   2.1010512515821513E-002
           9          22  -4.5133812882609559E-015
           9          23   8.9256803472652853E-017
           9          24  -6.9017880248800806E-015
           9          25  -1.0384998841099452E-013
           9          26   2.5329439160350678E-014
           9          27  -1.2154818125594838E-014
           9          28   3.5960704110045318E-014
           9          29  -3.6719433137776770E-015
           9          30   2.7145127969798665E-014
           9          31   2.0276058465552154E-014
           9          32   3.0037292581521854E-014
           9          33   1.9872122165822975E-014
           9          34   1.3791147410855627E-014
           9          35   3.2632889689742532E-015
           9          36   2.0192769343948729E-014
           9          37  -3.0597531930087647E-015
           9          38  -1.0930800375244732E-014
           9          39   2.1658106190194152E-014
           9          40   9.9521553984480868E-012
           9          41   5.8369079650951902E-013
           9          42  -8.2984505264685456E-012
           9          43   1.9329422188569053E-012
           9          44  -1.0298228581325959E-003
           9          45  -4.5380511913008457E-008
           9          46  -5.4180165963735177E-003
           9          47  -7.2014327413760491E-012
           9          48  -2.2792250425638347E-012
           9          49  -1.0807690520412208E-002
          10           1   7.0918845534965798E-015
          10           2  -2.6109186711656671E-013
          10           3   6.2148066609220576E-013
          10           4   1.7750090001372023E-012
          10           5   6.2605298867630248E-013
          10           6   2.3302897526145550E-013
          10           7 -0.72993356897643635     
          10           8   8.0977363154413803E-009
          10           9  -1.9031858690344471E-012
          10          10   2.2650093480438649     
          10          11  -1.2535214410744747E-007
          10          12   8.9927270683934871E-012
          10          13 -0.15354821825928400     
          10          14   6.6858427876764495E-008
          10          15   1.1145867285455248E-011
          10          16 -0.11579241663086290     
          10          17   3.7821824025808800E-007
          10          18  -2.3334397593101901E-014
          10          19  0.20774801366730519     
          10          20  -7.0447932949320163E-007
          10          21   1.5016396401017058E-012
          10          22   4.9036685044086723E-013
          10          23  -2.1890661834696272E-013
          10          24  -7.7183101111577518E-015
          10          25   5.4747031992828811E-014
          10          26  -4.6354380970234296E-015
          10          27  -7.1022093204279234E-014
          10          28  -8.5061748212055289E-013
          10          29   2.6059839015028594E-014
          10          30  -5.9743898082127865E-013
          10          31  -1.7696523773032690E-015
          10          32   4.2894538114105421E-015
          10          33  -5.9127838378161934E-013
          10          34  -4.6253277671940914E-013
          10          35  -1.8228611874072978E-014
          10          36  -4.7931357894797438E-013
          10          37  -1.0466873004362940E-014
          10          38  -3.6753533142776600E-015
          10          39  -4.9779347525990872E-013
          10          40   8.2410292157773790E-003
          10          41   7.0539660421290344E-008
          10          42  -2.4607151260678941E-002
          10          43  -2.3673744835537404E-007
          10          44  -2.7969057665083311E-011
          10          45  -7.7733652809638035E-012
          10          46   2.7708154166800332E-011
          10          47  -1.0549485073677520E-003
          10          48   2.7354528001489734E-007
          10          49  -5.2802783703269014E-012
          11           1   4.2052818630769316E-014
          11           2  -1.3006978486999444E-013
          11           3  -1.0755797834253895E-013
          11           4  -6.8062408770711789E-013
          11           5  -8.9185572908301576E-014
          11           6  -9.7236175393018377E-014
          11           7   7.3573881610888009E-009
          11           8 -0.73153433579573002     
          11           9   4.0477983491544896E-014
          11          10  -1.2535214410744747E-007
          11          11   2.2389141420194592     
          11          12  -8.0228236480823417E-012
          11          13   7.0108283747751463E-008
          11          14 -0.10826447146512741     
          11          15   8.2606446795099863E-012
          11          16   3.8925293225794193E-007
          11          17  -2.0325000520925070E-003
          11          18   2.9103831758291928E-011
          11          19  -7.1998418210477289E-007
          11          20  -2.2072927695563401E-004
          11          21  -5.3813554795813351E-011
          11          22   7.8964946023600501E-014
          11          23   3.8466264796266421E-013
          11          24  -4.6588805652419375E-013
          11          25  -1.0034724860043423E-014
          11          26   5.6072448775064544E-014
          11          27   9.8287738493539371E-014
          11          28   2.7715018800750271E-013
          11          29  -7.4722325819277085E-014
          11          30   2.3459601029212908E-013
          11          31   2.4619031671753662E-014
          11          32   1.3589844466713517E-014
          11          33   2.3467979017691463E-013
          11          34   2.0193435126156551E-013
          11          35   1.7438375773748784E-014
          11          36   1.7727293380613399E-013
          11          37  -4.1585273289258505E-016
          11          38   4.6900068156922724E-015
          11          39   2.0272029988318994E-013
          11          40   2.3055955800719867E-007
          11          41  -1.6937953512409641E-002
          11          42  -5.5890358288079794E-007
          11          43  -1.4100415671652489E-002
          11          44  -9.5380498280969396E-013
          11          45   4.7961361380443123E-011
          11          46  -1.9875297197454102E-011
          11          47   2.7829307388804683E-007
          11          48   2.4953637411688254E-002
          11          49   1.6989670690822733E-011
          12           1   2.1340690057470892E-014
          12           2  -9.2191846910297905E-014
          12           3   1.3899933869892800E-013
          12           4  -7.9709395260033934E-016
          12           5   1.1822156363368503E-013
          12           6  -1.3947331922906303E-014
          12           7  -2.3809339119517633E-012
          12           8  -5.7527595088221481E-013
          12           9 -0.73133667536564606     
          12          10   8.9927270683934871E-012
          12          11  -8.0228236480823417E-012
          12          12   2.2695288995204352     
          12          13   1.1146937933060425E-011
          12          14   8.1978091321837236E-012
          12          15 -0.14061924268190443     
          12          16  -4.0596569214506430E-014
          12          17   2.9009259694494439E-011
          12          18 -0.11471000950553117     
          12          19   1.5557705171710667E-012
          12          20  -5.3794619360526211E-011
          12          21  0.20870928585359430     
          12          22  -1.1486237304362252E-014
          12          23   1.4242877935163867E-015
          12          24  -2.8872497485245899E-014
          12          25   4.5862749367102485E-013
          12          26  -2.9066223413710759E-013
          12          27   8.5325831486463049E-015
          12          28  -4.9398944069705918E-015
          12          29   4.9580555131389643E-015
          12          30  -5.1275439771794939E-015
          12          31  -1.5011587284544259E-013
          12          32  -2.2636995688397964E-015
          12          33  -8.4217374188983967E-015
          12          34   2.3618691348450559E-015
          12          35   5.9100383067167116E-015
          12          36   1.5830303036888391E-014
          12          37   1.3723433653777996E-014
          12          38  -2.4500137244899480E-014
          12          39   6.8609704347506330E-015
          12          40  -4.2385099106792290E-011
          12          41  -9.8968197486496540E-013
          12          42   2.7677813110679925E-011
          12          43  -6.5053702994178667E-012
          12          44  -1.4749860802827398E-002
          12          45   1.9286265906561827E-007
          12          46   4.2123308624238305E-003
          12          47   2.1809950721565927E-011
          12          48   1.1641936457693127E-011
          12          49  -5.1783827859214759E-003
          13           1   3.5460195281368293E-014
          13           2   7.5533461952858659E-014
          13           3  -1.2966149645565379E-013
          13           4   8.8510879810801404E-014
          13           5  -1.2460270422472780E-013
          13           6  -1.0569052152740788E-013
          13           7   2.1927224848066747E-002
          13           8   6.7288271067549253E-008
          13           9  -5.8570089142660343E-012
          13          10 -0.15354821825928400     
          13          11   7.0108283747751463E-008
          13          12   1.1146937933060425E-011
          13          13  0.11817320925492907     
          13          14  -3.7706433236142039E-007
          13          15  -5.2927367475279116E-013
          13          16  0.24465828066005754     
          13          17  -8.2878557774115742E-007
          13          18  -2.5810430644254395E-013
          13          19 -0.44399992963444634     
          13          20   1.5108405095213463E-006
          13          21  -3.0116648235845681E-013
          13          22  -2.3432238995500481E-014
          13          23   5.4586307960229880E-014
          13          24   1.5052197190960034E-014
          13          25   2.1876664880263798E-015
          13          26   1.0120403211636549E-014
          13          27  -4.4167882523403839E-015
          13          28  -4.2118976744982451E-015
          13          29  -2.4204631171373805E-015
          13          30  -2.4462323009148476E-014
          13          31   7.1752931069481174E-015
          13          32  -6.1836358024781888E-016
          13          33  -2.9067018443075948E-014
          13          34   4.5580466608615129E-014
          13          35   2.5435864727716479E-014
          13          36  -2.1899450409525702E-016
          13          37  -1.1616402875557383E-014
          13          38  -2.4592245210484298E-015
          13          39   4.4094479878122365E-016
          13          40   1.0154717360767490E-003
          13          41  -1.0333728223219229E-008
          13          42   1.6300536844594030E-003
          13          43  -8.9226329815597407E-009
          13          44   2.1208211540814175E-012
          13          45   2.8541335924614280E-013
          13          46  -7.2192955696463788E-013
          13          47   7.7257174595460375E-004
          13          48  -2.2164285820899196E-008
          13          49   1.8025218321353134E-012
          14           1  -4.2116112597123404E-014
          14           2   1.4205902697068180E-013
          14           3   4.0717237044901718E-015
          14           4   6.0055842362847039E-014
          14           5  -4.5376734517810850E-015
          14           6   1.7723894534153370E-013
          14           7   6.8477568866703998E-008
          14           8   3.0551601824571444E-002
          14           9   3.8064382456886861E-012
          14          10   6.6858427876764495E-008
          14          11 -0.10826447146512741     
          14          12   8.1978091321837236E-012
          14          13  -3.7706433236142039E-007
          14          14   5.3772427373282011E-003
          14          15  -2.8819212656781976E-011
          14          16  -8.4039991244028882E-007
          14          17  -2.2744212920745572E-004
          14          18  -6.2842573572386474E-011
          14          19   1.5207290330233640E-006
          14          20   9.0511005651410480E-005
          14          21   1.1429123981177102E-010
          14          22  -1.2958310827219974E-014
          14          23  -6.6953600870405839E-014
          14          24   3.1590586148955515E-014
          14          25   1.4982095809848268E-015
          14          26   6.1340835444929674E-015
          14          27  -5.4921391126173414E-015
          14          28  -3.9240625414985656E-014
          14          29   2.9434154285288853E-015
          14          30  -3.6466774855780198E-014
          14          31  -3.9449657755187508E-015
          14          32   3.0143753242043117E-017
          14          33  -3.4730587232337828E-014
          14          34  -5.0383651812055828E-014
          14          35  -1.2548029189137812E-015
          14          36  -5.0313246318869580E-014
          14          37   1.8034479604269936E-015
          14          38  -1.9757138729888532E-015
          14          39  -5.0414994219431670E-014
          14          40  -3.5958697329813411E-008
          14          41   2.5579586014650097E-004
          14          42   2.5256368505369237E-008
          14          43  -9.9124845648884945E-004
          14          44  -4.0218517655739931E-013
          14          45  -2.4630033228533029E-012
          14          46   4.6099463398864565E-013
          14          47  -2.4224485473189134E-008
          14          48  -1.8924698786754377E-003
          14          49  -2.0040764763582011E-012
          15           1  -2.2722429079288064E-014
          15           2   8.2925721815729230E-014
          15           3  -1.0083020722071102E-013
          15           4   1.4054337026799507E-013
          15           5  -4.8658548729866088E-014
          15           6   7.1824735735707239E-015
          15           7  -5.4634589569474750E-012
          15           8   4.4183213179757814E-012
          15           9   1.5892105567178988E-002
          15          10   1.1145867285455248E-011
          15          11   8.2606446795099863E-012
          15          12 -0.14061924268190443     
          15          13  -5.2927367475279116E-013
          15          14  -2.8819212656781976E-011
          15          15  0.11735666216385729     
          15          16  -2.4461463049838176E-013
          15          17  -6.2812212249313514E-011
          15          18  0.24384422542600881     
          15          19  -3.6547186968287603E-013
          15          20   1.1433346532676574E-010
          15          21 -0.44389426533973059     
          15          22  -1.0988565264592903E-014
          15          23  -2.2653268279672710E-015
          15          24   7.1773922303727163E-015
          15          25  -5.4358171655385441E-015
          15          26   7.9858265755184083E-014
          15          27   1.5052693195771646E-014
          15          28  -6.0176308712387793E-014
          15          29   5.6544689769096756E-016
          15          30  -5.8735567864136632E-014
          15          31   1.2827062241775381E-014
          15          32   1.1734442188826815E-014
          15          33  -3.6388588234192323E-014
          15          34  -2.9428104046819413E-014
          15          35  -1.9285927973726748E-014
          15          36  -6.6652529308626662E-014
          15          37   3.7104584737816173E-014
          15          38   3.3102214732777235E-014
          15          39  -5.0787480490487404E-014
          15          40   3.3265249495688041E-012
          15          41  -3.9907496601039733E-013
          15          42  -6.8686084329806469E-013
          15          43  -7.3404537863710855E-013
          15          44   1.8059034747155123E-003
          15          45  -9.8929348847296425E-009
          15          46   7.8605577285145441E-004
          15          47   9.6801934335068399E-014
          15          48  -1.2663829463621435E-012
          15          49   3.1745403106180517E-003
          16           1   2.4655926084279457E-014
          16           2   8.2277769708215739E-014
          16           3  -8.3497094272548530E-014
          16           4   2.2441998288425782E-013
          16           5  -7.7538723077125037E-014
          16           6  -2.7800568294662511E-013
          16           7  -1.5214633995362849E-002
          16           8   4.6237202790846470E-008
          16           9  -1.0511847295388905E-012
          16          10 -0.11579241663086290     
          16          11   3.8925293225794193E-007
          16          12  -4.0596569214506430E-014
          16          13  0.24465828066005754     
          16          14  -8.4039991244028882E-007
          16          15  -2.4461463049838176E-013
          16          16  0.52829350031789157     
          16          17  -1.7794787310104902E-006
          16          18  -4.5207417812537902E-012
          16          19 -0.95673782583394251     
          16          20   3.2529953189352216E-006
          16          21   5.4044608850018555E-012
          16          22  -3.2578228748519861E-015
          16          23   2.0650449939244868E-014
          16          24   3.7771261349506578E-014
          16          25   1.1524039976224596E-014
          16          26   7.7511827355722896E-015
          16          27   6.4240405930009303E-016
          16          28  -3.5864569712019292E-014
          16          29  -4.2041339035053894E-015
          16          30  -5.5188796603136087E-014
          16          31   1.4221504349816111E-014
          16          32  -3.6575715651820467E-015
          16          33  -6.1411273815016306E-014
          16          34   1.0091337070276971E-013
          16          35   5.3884413409738577E-014
          16          36   1.7593220370247795E-015
          16          37  -2.7241727181623322E-014
          16          38  -4.3897540137294283E-015
          16          39   8.1607989671673297E-016
          16          40   9.7199005850758680E-003
          16          41   3.2561941307676312E-009
          16          42   3.2622014894909896E-003
          16          43  -1.6009118693751197E-008
          16          44   1.7395606479391909E-012
          16          45  -5.9387990893177572E-013
          16          46  -8.9414065170637166E-014
          16          47   5.2500836293657279E-003
          16          48  -7.5948579569340348E-009
          16          49  -1.5406675479543615E-012
