           1           1   2.0014431153169676     
           1           2   4.2190172989803008E-003
           1           3  -3.0127755069478891E-003
           1           4   5.6153632754972512E-013
           1           5   2.0812815286647373E-013
           1           6   5.8412234594741083E-013
           1           7  -4.7624238701028776E-016
           1           8   6.9775099978379638E-014
           1           9  -1.2736875285867185E-013
           1          10  -3.1819962218992211E-003
           1          11  -7.1405512474050823E-013
           1          12  -3.1819962218854539E-003
           1          13   4.4786307911174292E-012
           1          14  -5.4489296928716407E-012
           1          15  -3.1819962220755020E-003
           2           1   4.2190172989803008E-003
           2           2   1.9727679682996988     
           2           3   8.7743187602353223E-003
           2           4   4.7992106259302160E-012
           2           5   1.6976719092273062E-012
           2           6   3.1075801521479458E-012
           2           7  -1.7181912397806694E-014
           2           8  -3.8907720783630103E-014
           2           9   1.1696137594346343E-013
           2          10  -2.2944495327359192E-003
           2          11   6.4828766488625728E-014
           2          12  -2.2944495326931219E-003
           2          13  -2.3376366379887117E-013
           2          14   3.4085709705889770E-013
           2          15  -2.2944495326878284E-003
           3           1  -3.0127755069478891E-003
           3           2   8.7743187602353223E-003
           3           3   2.6305636863754197E-002
           3           4  -5.5361813476437303E-012
           3           5  -2.8063418092000451E-012
           3           6  -4.7842280992722505E-012
           3           7   5.3605559982991530E-014
           3           8   2.7090921040176023E-014
           3           9   3.5382664979721355E-014
           3          10  -1.3307769616669358E-003
           3          11   4.4233762908855046E-015
           3          12  -1.3307769616682386E-003
           3          13   6.3176563636070752E-015
           3          14  -5.1665641615083448E-015
           3          15  -1.3307769616718263E-003
           4           1   5.6153632754972512E-013
           4           2   4.7992106259302160E-012
           4           3  -5.5361813476437303E-012
           4           4   1.0117819325320618     
           4           5  -7.1196937234669618E-012
           4           6  -2.6071644843021873E-012
           4           7  -7.2505574794869401E-003
           4           8   8.5281135452086404E-012
           4           9   3.0259184237044740E-012
           4          10   8.0362498832068768E-013
           4          11   1.3626916733444526E-012
           4          12  -3.0443183592413126E-013
           4          13   2.2610574082243613E-013
           4          14   1.5128858280540644E-012
           4          15   2.4324928003963486E-012
           5           1   2.0812815286647373E-013
           5           2   1.6976719092273062E-012
           5           3  -2.8063418092000451E-012
           5           4  -7.1196937234669618E-012
           5           5   1.0117819325287678     
           5           6  -4.7101836320167422E-012
           5           7   2.7064721991315925E-013
           5           8  -7.2505574774494319E-003
           5           9   2.1329907783601287E-013
           5          10   4.2379762174352984E-013
           5          11   3.5901437716124063E-013
           5          12  -1.2309732756808770E-013
           5          13  -1.3640284297258803E-013
           5          14   5.4599232438617302E-013
           5          15   1.1657803384428337E-012
           6           1   5.8412234594741083E-013
           6           2   3.1075801521479458E-012
           6           3  -4.7842280992722505E-012
           6           4  -2.6071644843021873E-012
           6           5  -4.7101836320167422E-012
           6           6   1.0117819325332698     
           6           7   1.9447960494619672E-013
           6           8   5.6066797255241206E-012
           6           9  -7.2505574802291658E-003
           6          10   7.5444433318966073E-013
           6          11   6.1494627959475191E-013
           6          12  -3.1128524587464774E-013
           6          13  -2.1579695931521685E-013
           6          14   9.4291378133333464E-013
           6          15   2.1748780467758214E-012
           7           1  -4.7624238701028776E-016
           7           2  -1.7181912397806694E-014
           7           3   5.3605559982991530E-014
           7           4  -7.2505574794869401E-003
           7           5   2.7064721991315925E-013
           7           6   1.9447960494619672E-013
           7           7   5.1958413244029856E-005
           7           8  -6.2687414260169199E-014
           7           9  -2.2943893785671447E-014
           7          10  -6.4604202925157769E-015
           7          11  -9.7652211277267201E-015
           7          12   1.4800552547310177E-015
           7          13  -1.6203023770418679E-015
           7          14  -1.0841531463686544E-014
           7          15  -1.8133093343688861E-014
           8           1   6.9775099978379638E-014
           8           2  -3.8907720783630103E-014
           8           3   2.7090921040176023E-014
           8           4   8.5281135452086404E-012
           8           5  -7.2505574774494319E-003
           8           6   5.6066797255241206E-012
           8           7  -6.2687414260169199E-014
           8           8   5.1958413214996934E-005
           8           9  -4.1464821495813295E-014
           8          10  -3.4523803235700222E-015
           8          11  -2.5727424835304579E-015
           8          12   4.6673813594552504E-016
           8          13   9.7748004994603960E-016
           8          14  -3.9126501324641547E-015
           8          15  -8.7695224270478594E-015
           9           1  -1.2736875285867185E-013
           9           2   1.1696137594346343E-013
           9           3   3.5382664979721355E-014
           9           4   3.0259184237044740E-012
           9           5   2.1329907783601287E-013
           9           6  -7.2505574802291658E-003
           9           7  -2.2943893785671447E-014
           9           8  -4.1464821495813295E-014
           9           9   5.1958413254605611E-005
           9          10  -5.3329428479367561E-015
           9          11  -4.4067829241420819E-015
           9          12   2.3042102969222193E-015
           9          13   1.5464283435215945E-015
           9          14  -6.7570395809773536E-015
           9          15  -1.5511950745794458E-014
          10           1  -3.1819962218992211E-003
          10           2  -2.2944495327359192E-003
          10           3  -1.3307769616669358E-003
          10           4   8.0362498832068768E-013
          10           5   4.2379762174352984E-013
          10           6   7.5444433318966073E-013
          10           7  -6.4604202925157769E-015
          10           8  -3.4523803235700222E-015
          10           9  -5.3329428479367561E-015
          10          10   8.0183344215103687E-005
          10          11   9.1409658593972782E-016
          10          12   8.0183344215100651E-005
          10          13  -7.6010624543274212E-015
          10          14   9.0617803599582324E-015
          10          15   8.0183344215594289E-005
          11           1  -7.1405512474050823E-013
          11           2   6.4828766488625728E-014
          11           3   4.4233762908855046E-015
          11           4   1.3626916733444526E-012
          11           5   3.5901437716124063E-013
          11           6   6.1494627959475191E-013
          11           7  -9.7652211277267201E-015
          11           8  -2.5727424835304579E-015
          11           9  -4.4067829241420819E-015
          11          10   9.1409658593972782E-016
          11          11   2.5938073919645634E-024
          11          12   9.1409658360192413E-016
          11          13  -1.4794960628116909E-024
          11          14   4.7586368963507736E-024
          11          15   9.1409658932401348E-016
          12           1  -3.1819962218854539E-003
          12           2  -2.2944495326931219E-003
          12           3  -1.3307769616682386E-003
          12           4  -3.0443183592413126E-013
          12           5  -1.2309732756808770E-013
          12           6  -3.1128524587464774E-013
          12           7   1.4800552547310177E-015
          12           8   4.6673813594552504E-016
          12           9   2.3042102969222193E-015
          12          10   8.0183344215100651E-005
          12          11   9.1409658360192413E-016
          12          12   8.0183344215097643E-005
          12          13  -7.6010624542492183E-015
          12          14   9.0617803569840154E-015
          12          15   8.0183344215591266E-005
          13           1   4.4786307911174292E-012
          13           2  -2.3376366379887117E-013
          13           3   6.3176563636070752E-015
          13           4   2.2610574082243613E-013
          13           5  -1.3640284297258803E-013
          13           6  -2.1579695931521685E-013
          13           7  -1.6203023770418679E-015
          13           8   9.7748004994603960E-016
          13           9   1.5464283435215945E-015
          13          10  -7.6010624543274212E-015
          13          11  -1.4794960628116909E-024
          13          12  -7.6010624542492183E-015
          13          13   1.0174807763860403E-023
          13          14  -1.2181652769326652E-023
          13          15  -7.6010624547696929E-015
          14           1  -5.4489296928716407E-012
          14           2   3.4085709705889770E-013
          14           3  -5.1665641615083448E-015
          14           4   1.5128858280540644E-012
          14           5   5.4599232438617302E-013
          14           6   9.4291378133333464E-013
          14           7  -1.0841531463686544E-014
          14           8  -3.9126501324641547E-015
          14           9  -6.7570395809773536E-015
          14          10   9.0617803599582324E-015
          14          11   4.7586368963507736E-024
          14          12   9.0617803569840154E-015
          14          13  -1.2181652769326652E-023
          14          14   1.8342193174395322E-023
          14          15   9.0617803646095693E-015
          15           1  -3.1819962220755020E-003
          15           2  -2.2944495326878284E-003
          15           3  -1.3307769616718263E-003
          15           4   2.4324928003963486E-012
          15           5   1.1657803384428337E-012
          15           6   2.1748780467758214E-012
          15           7  -1.8133093343688861E-014
          15           8  -8.7695224270478594E-015
          15           9  -1.5511950745794458E-014
          15          10   8.0183344215594289E-005
          15          11   9.1409658932401348E-016
          15          12   8.0183344215591266E-005
          15          13  -7.6010624547696929E-015
          15          14   9.0617803646095693E-015
          15          15   8.0183344216084904E-005
