           1           1   2.0878181945478498     
           1           2 -0.19039728315891971     
           1           3 -0.26354367938985312     
           1           4   9.8272302858313183E-016
           1           5   5.6771735739848260E-015
           1           6   2.5819310434240140E-015
           1           7  -6.2255483272376734E-016
           1           8  -5.6321493947418184E-016
           1           9   4.3973302835746245E-015
           1          10  -2.6607762268361559E-003
           1          11   4.1411761712354778E-016
           1          12  -2.6607762268364898E-003
           1          13  -4.1075946667419596E-015
           1          14  -3.7794615505449023E-015
           1          15  -2.6607762268378967E-003
           2           1 -0.19039728315891971     
           2           2  0.49377064803681781     
           2           3  0.57529839134018523     
           2           4  -1.2082753919300883E-014
           2           5  -9.2289432417979117E-015
           2           6  -4.2868556798486827E-015
           2           7   1.3980305162515218E-015
           2           8  -2.8100511848259668E-015
           2           9  -4.4621121257875497E-015
           2          10  -1.1921094299642459E-003
           2          11   1.5930349657419518E-015
           2          12  -1.1921094299666658E-003
           2          13   2.0440965666861382E-015
           2          14   2.0613054613383053E-015
           2          15  -1.1921094299655885E-003
           3           1 -0.26354367938985312     
           3           2  0.57529839134018523     
           3           3  0.69741176993872522     
           3           4  -5.1642599788622386E-015
           3           5  -1.1762171220974031E-014
           3           6  -5.5925575332470666E-015
           3           7   6.7020630602050069E-015
           3           8  -4.7201976774202837E-015
           3           9  -5.9241946786245323E-015
           3          10  -2.6496697846121369E-003
           3          11   1.7439012700858616E-015
           3          12  -2.6496697846141960E-003
           3          13   2.3935143085216933E-015
           3          14   2.6650276319083573E-015
           3          15  -2.6496697846132801E-003
           4           1   9.8272302858313183E-016
           4           2  -1.2082753919300883E-014
           4           3  -5.1642599788622386E-015
           4           4  0.46465617109667590     
           4           5   1.5820678100908471E-015
           4           6   5.4123372450475938E-016
           4           7  0.31200887595453763     
           4           8  -1.5959455978986515E-015
           4           9  -1.7208456881689970E-015
           4          10  -4.8861896410017154E-016
           4          11   2.7811068843380543E-015
           4          12  -1.0283938269010076E-016
           4          13  -1.0887821293396127E-015
           4          14  -6.0925318819783346E-016
           4          15  -1.6629226283810603E-016
           5           1   5.6771735739848260E-015
           5           2  -9.2289432417979117E-015
           5           3  -1.1762171220974031E-014
           5           4   1.5820678100908471E-015
           5           5  0.46465617109667534     
           5           6  -4.3298697960381925E-015
           5           7   1.6098233857064389E-015
           5           8  0.31200887595453697     
           5           9  -3.6359804056474145E-015
           5          10  -2.1867375298196954E-016
           5          11   8.9601330608140596E-016
           5          12   3.1655538183262159E-015
           5          13  -1.2506310319257625E-016
           5          14  -5.2005637237712325E-016
           5          15  -6.1621440888607979E-016
           6           1   2.5819310434240140E-015
           6           2  -4.2868556798486827E-015
           6           3  -5.5925575332470666E-015
           6           4   5.4123372450475938E-016
           6           5  -4.3298697960381925E-015
           6           6  0.46465617109667079     
           6           7   1.1102230246251924E-015
           6           8   5.2180482157381726E-015
           6           9  0.31200887595453908     
           6          10   4.9014195238477252E-016
           6          11  -2.1467896924068919E-015
           6          12   2.1634537112930039E-016
           6          13   7.8451179571229591E-016
           6          14   2.5614074298164514E-015
           6          15  -6.7692921427523274E-016
           7           1  -6.2255483272376734E-016
           7           2   1.3980305162515218E-015
           7           3   6.7020630602050069E-015
           7           4  0.31200887595453763     
           7           5   1.6098233857064389E-015
           7           6   1.1102230246251924E-015
           7           7  0.20950876095038370     
           7           8  -6.9388939039075518E-016
           7           9  -6.5919492087117338E-016
           7          10  -3.0551786845833650E-016
           7          11   1.8674669290278703E-015
           7          12  -4.6473308094820446E-017
           7          13  -7.3109905660533151E-016
           7          14  -4.0910336340235483E-016
           7          15  -8.9080859748158304E-017
           8           1  -5.6321493947418184E-016
           8           2  -2.8100511848259668E-015
           8           3  -4.7201976774202837E-015
           8           4  -1.5959455978986515E-015
           8           5  0.31200887595453697     
           8           6   5.2180482157381726E-015
           8           7  -6.9388939039075518E-016
           8           8  0.20950876095038307     
           8           9   3.0114799542957127E-015
           8          10  -1.1588520108524509E-016
           8          11   6.0165800404829509E-016
           8          12   2.1565672189613033E-015
           8          13  -8.3977789767395736E-017
           8          14  -3.4920918793649410E-016
           8          15  -3.8282712698744140E-016
           9           1   4.3973302835746245E-015
           9           2  -4.4621121257875497E-015
           9           3  -5.9241946786245323E-015
           9           4  -1.7208456881689970E-015
           9           5  -3.6359804056474145E-015
           9           6  0.31200887595453908     
           9           7  -6.5919492087117338E-016
           9           8   3.0114799542957127E-015
           9           9  0.20950876095038790     
           9          10   3.4381253003426535E-016
           9          11  -1.4415335047800728E-015
           9          12   1.5996268821230789E-016
           9          13   5.2678659787420243E-016
           9          14   1.7199424063440749E-015
           9          15  -4.3985631053900256E-016
          10           1  -2.6607762268361559E-003
          10           2  -1.1921094299642459E-003
          10           3  -2.6496697846121369E-003
          10           4  -4.8861896410017154E-016
          10           5  -2.1867375298196954E-016
          10           6   4.9014195238477252E-016
          10           7  -3.0551786845833650E-016
          10           8  -1.1588520108524509E-016
          10           9   3.4381253003426535E-016
          10          10   8.0182029531459877E-005
          10          11  -8.2880162412227279E-019
          10          12   8.0182029531423895E-005
          10          13  -2.2242019712129093E-018
          10          14  -1.2940132022369682E-017
          10          15   8.0182029531444089E-005
          11           1   4.1411761712354778E-016
          11           2   1.5930349657419518E-015
          11           3   1.7439012700858616E-015
          11           4   2.7811068843380543E-015
          11           5   8.9601330608140596E-016
          11           6  -2.1467896924068919E-015
          11           7   1.8674669290278703E-015
          11           8   6.0165800404829509E-016
          11           9  -1.4415335047800728E-015
          11          10  -8.2880162412227279E-019
          11          11   3.4271215294161199E-029
          11          12  -8.2880162412318722E-019
          11          13  -5.3086294550611518E-030
          11          14  -1.2064920569213777E-029
          11          15  -8.2880162412250621E-019
          12           1  -2.6607762268364898E-003
          12           2  -1.1921094299666658E-003
          12           3  -2.6496697846141960E-003
          12           4  -1.0283938269010076E-016
          12           5   3.1655538183262159E-015
          12           6   2.1634537112930039E-016
          12           7  -4.6473308094820446E-017
          12           8   2.1565672189613033E-015
          12           9   1.5996268821230789E-016
          12          10   8.0182029531423895E-005
          12          11  -8.2880162412318722E-019
          12          12   8.0182029531387900E-005
          12          13  -2.2242019712182572E-018
          12          14  -1.2940132022375144E-017
          12          15   8.0182029531408093E-005
          13           1  -4.1075946667419596E-015
          13           2   2.0440965666861382E-015
          13           3   2.3935143085216933E-015
          13           4  -1.0887821293396127E-015
          13           5  -1.2506310319257625E-016
          13           6   7.8451179571229591E-016
          13           7  -7.3109905660533151E-016
          13           8  -8.3977789767395736E-017
          13           9   5.2678659787420243E-016
          13          10  -2.2242019712129093E-018
          13          11  -5.3086294550611518E-030
          13          12  -2.2242019712182572E-018
          13          13   2.2993634995306505E-029
          13          14   2.1198557973776944E-029
          13          15  -2.2242019712146488E-018
          14           1  -3.7794615505449023E-015
          14           2   2.0613054613383053E-015
          14           3   2.6650276319083573E-015
          14           4  -6.0925318819783346E-016
          14           5  -5.2005637237712325E-016
          14           6   2.5614074298164514E-015
          14           7  -4.0910336340235483E-016
          14           8  -3.4920918793649410E-016
          14           9   1.7199424063440749E-015
          14          10  -1.2940132022369682E-017
          14          11  -1.2064920569213777E-029
          14          12  -1.2940132022375144E-017
          14          13   2.1198557973776944E-029
          14          14   3.1118851423584096E-029
          14          15  -1.2940132022373885E-017
          15           1  -2.6607762268378967E-003
          15           2  -1.1921094299655885E-003
          15           3  -2.6496697846132801E-003
          15           4  -1.6629226283810603E-016
          15           5  -6.1621440888607979E-016
          15           6  -6.7692921427523274E-016
          15           7  -8.9080859748158304E-017
          15           8  -3.8282712698744140E-016
          15           9  -4.3985631053900256E-016
          15          10   8.0182029531444089E-005
          15          11  -8.2880162412250621E-019
          15          12   8.0182029531408093E-005
          15          13  -2.2242019712146488E-018
          15          14  -1.2940132022373885E-017
          15          15   8.0182029531428300E-005
