           1           1   1.9993331294311736     
           1           2  0.10978286476695664     
           1           3  -6.4551589283668331E-002
           1           4   5.9531999889758905E-016
           1           5  -1.4100920473924454E-015
           1           6   9.6256249105176650E-016
           1           7  -3.9965845643300267E-016
           1           8   6.8414202135251616E-016
           1           9   8.3893832624788890E-017
           1          10   1.2287282998042600E-002
           1          11   1.4508735230797357E-016
           1          12   1.2287282998043624E-002
           1          13  -7.0445304025199026E-016
           1          14  -7.2613247448893841E-016
           1          15   1.2287282998045067E-002
           2           1  0.10978286476695664     
           2           2   3.5401862826978174     
           2           3 -0.80100859184071571     
           2           4   1.0143179093689583E-014
           2           5  -1.9905506953776069E-014
           2           6  -2.5005014741730048E-015
           2           7  -1.3019628215354701E-014
           2           8   8.2751127557693232E-015
           2           9   1.0612580361222999E-014
           2          10 -0.17103267800774258     
           2          11  -1.1201074508797893E-016
           2          12 -0.17103267800773742     
           2          13   2.1476024153866992E-015
           2          14  -1.5390575433940473E-015
           2          15 -0.17103267800771951     
           3           1  -6.4551589283668331E-002
           3           2 -0.80100859184071571     
           3           3  0.45517658836558811     
           3           4  -4.2184730978200085E-015
           3           5   9.8117085444911079E-015
           3           6  -3.0621856873789945E-016
           3           7   4.9336386255283543E-015
           3           8  -2.8554607597381872E-015
           3           9  -3.8749276676387228E-015
           3          10   4.8629302321627883E-002
           3          11   1.8540481941952382E-017
           3          12   4.8629302321626454E-002
           3          13  -7.9441204371818884E-016
           3          14   4.8167671405885144E-016
           3          15   4.8629302321620028E-002
           4           1   5.9531999889758905E-016
           4           2   1.0143179093689583E-014
           4           3  -4.2184730978200085E-015
           4           4   1.9304872450046813     
           4           5  -1.5543122344752219E-015
           4           6   3.8857805861880508E-016
           4           7 -0.74738812163680146     
           4           8  -2.7755575615628923E-016
           4           9  -6.1062266354383541E-016
           4          10  -2.9400936804623158E-016
           4          11   1.2618912958072895E-016
           4          12  -5.1765966811372853E-016
           4          13  -8.5476871335979374E-017
           4          14  -1.2114004942138337E-016
           4          15  -4.8688013382585441E-016
           5           1  -1.4100920473924454E-015
           5           2  -1.9905506953776069E-014
           5           3   9.8117085444911079E-015
           5           4  -1.5543122344752219E-015
           5           5   1.9304872450046795     
           5           6  -4.4408920985007159E-016
           5           7   1.4988010832439645E-015
           5           8 -0.74738812163679735     
           5           9   1.5265566588595602E-016
           5          10   1.1163534308833308E-015
           5          11  -2.2548146181915777E-016
           5          12   1.5355722366921830E-015
           5          13  -2.0977290419624207E-016
           5          14  -3.2620449517526384E-017
           5          15   7.1152770799086768E-016
           6           1   9.6256249105176650E-016
           6           2  -2.5005014741730048E-015
           6           3  -3.0621856873789945E-016
           6           4   3.8857805861880508E-016
           6           5  -4.4408920985007159E-016
           6           6   1.9304872450046835     
           6           7  -7.7715611723760948E-016
           6           8   4.1633363423443390E-016
           6           9 -0.74738812163680168     
           6          10   2.1998012322033101E-016
           6          11   1.3199554601919620E-016
           6          12  -9.1982563842974616E-018
           6          13  -5.5071965985733398E-016
           6          14   1.2096736838042431E-017
           6          15   1.1782665982672953E-016
           7           1  -3.9965845643300267E-016
           7           2  -1.3019628215354701E-014
           7           3   4.9336386255283543E-015
           7           4 -0.74738812163680146     
           7           5   1.4988010832439645E-015
           7           6  -7.7715611723760948E-016
           7           7  0.28935130538116122     
           7           8  -2.2204460492503116E-016
           7           9   4.7878367936959767E-016
           7          10   5.8452579075257855E-016
           7          11  -4.8854120519244770E-017
           7          12   6.7111200265501463E-016
           7          13   3.3092370061744911E-017
           7          14   4.6899369175487861E-017
           7          15   6.5919570619881903E-016
           8           1   6.8414202135251616E-016
           8           2   8.2751127557693232E-015
           8           3  -2.8554607597381872E-015
           8           4  -2.7755575615628923E-016
           8           5 -0.74738812163679735     
           8           6   4.1633363423443390E-016
           8           7  -2.2204460492503116E-016
           8           8  0.28935130538115844     
           8           9  -1.5959455978986638E-016
           8          10  -4.2609886767629539E-016
           8          11   8.7295146160124468E-017
           8          12  -5.8839942502990785E-016
           8          13   8.1213578200638438E-017
           8          14   1.2629006772739972E-017
           8          15  -2.6937059225994545E-016
           9           1   8.3893832624788890E-017
           9           2   1.0612580361222999E-014
           9           3  -3.8749276676387228E-015
           9           4  -6.1062266354383541E-016
           9           5   1.5265566588595602E-016
           9           6 -0.74738812163680168     
           9           7   4.7878367936959767E-016
           9           8  -1.5959455978986638E-016
           9           9  0.28935130538116116     
           9          10  -6.0465294521663159E-016
           9          11  -5.1102074597479363E-017
           9          12  -5.1592653736508192E-016
           9          13   2.1321111195855066E-016
           9          14  -4.6832515711889868E-018
           9          15  -5.6510423267157249E-016
          10           1   1.2287282998042600E-002
          10           2 -0.17103267800774258     
          10           3   4.8629302321627883E-002
          10           4  -2.9400936804623158E-016
          10           5   1.1163534308833308E-015
          10           6   2.1998012322033101E-016
          10           7   5.8452579075257855E-016
          10           8  -4.2609886767629539E-016
          10           9  -6.0465294521663159E-016
          10          10   9.1232909592928076E-003
          10          11   5.1148300169970997E-018
          10          12   9.1232909592925630E-003
          10          13  -1.0875500868925432E-016
          10          14   7.8230094302347339E-017
          10          15   9.1232909592916193E-003
          11           1   1.4508735230797357E-016
          11           2  -1.1201074508797893E-016
          11           3   1.8540481941952382E-017
          11           4   1.2618912958072895E-016
          11           5  -2.2548146181915777E-016
          11           6   1.3199554601919620E-016
          11           7  -4.8854120519244770E-017
          11           8   8.7295146160124468E-017
          11           9  -5.1102074597479363E-017
          11          10   5.1148300169970997E-018
          11          11   6.4971243158244051E-032
          11          12   5.1148300169968917E-018
          11          13  -2.0369561594582850E-031
          11          14  -3.1275958979102137E-032
          11          15   5.1148300169965212E-018
          12           1   1.2287282998043624E-002
          12           2 -0.17103267800773742     
          12           3   4.8629302321626454E-002
          12           4  -5.1765966811372853E-016
          12           5   1.5355722366921830E-015
          12           6  -9.1982563842974616E-018
          12           7   6.7111200265501463E-016
          12           8  -5.8839942502990785E-016
          12           9  -5.1592653736508192E-016
          12          10   9.1232909592925630E-003
          12          11   5.1148300169968917E-018
          12          12   9.1232909592923184E-003
          12          13  -1.0875500868925090E-016
          12          14   7.8230094302344825E-017
          12          15   9.1232909592913764E-003
          13           1  -7.0445304025199026E-016
          13           2   2.1476024153866992E-015
          13           3  -7.9441204371818884E-016
          13           4  -8.5476871335979374E-017
          13           5  -2.0977290419624207E-016
          13           6  -5.5071965985733398E-016
          13           7   3.3092370061744911E-017
          13           8   8.1213578200638438E-017
          13           9   2.1321111195855066E-016
          13          10  -1.0875500868925432E-016
          13          11  -2.0369561594582850E-031
          13          12  -1.0875500868925090E-016
          13          13   2.7824888106688314E-030
          13          14  -5.7378531149256832E-031
          13          15  -1.0875500868923746E-016
          14           1  -7.2613247448893841E-016
          14           2  -1.5390575433940473E-015
          14           3   4.8167671405885144E-016
          14           4  -1.2114004942138337E-016
          14           5  -3.2620449517526384E-017
          14           6   1.2096736838042431E-017
          14           7   4.6899369175487861E-017
          14           8   1.2629006772739972E-017
          14           9  -4.6832515711889868E-018
          14          10   7.8230094302347339E-017
          14          11  -3.1275958979102137E-032
          14          12   7.8230094302344825E-017
          14          13  -5.7378531149256832E-031
          14          14   1.0501344442693668E-030
          14          15   7.8230094302335753E-017
          15           1   1.2287282998045067E-002
          15           2 -0.17103267800771951     
          15           3   4.8629302321620028E-002
          15           4  -4.8688013382585441E-016
          15           5   7.1152770799086768E-016
          15           6   1.1782665982672953E-016
          15           7   6.5919570619881903E-016
          15           8  -2.6937059225994545E-016
          15           9  -5.6510423267157249E-016
          15          10   9.1232909592916193E-003
          15          11   5.1148300169965212E-018
          15          12   9.1232909592913764E-003
          15          13  -1.0875500868923746E-016
          15          14   7.8230094302335753E-017
          15          15   9.1232909592904310E-003
