           1           1   2.1177582137613689     
           1           2 -0.50168813029970061     
           1           3   1.0516487656210334E-002
           1           4   1.7872945277300028E-002
           1           5  -3.6167419841273243E-015
           1           6  -4.8466029695569845E-014
           1           7  -1.9903487900768589E-014
           1           8  -8.1165780563428111E-015
           1           9  -8.6525657339674750E-015
           1          10   1.2881717426313178E-014
           1          11   8.8687187050421036E-015
           1          12   4.5365700498455468E-015
           1          13  -3.3848309642153884E-014
           1          14   3.1127131494817287E-003
           1          15   1.0816179501736695E-015
           1          16   3.1127131494866119E-003
           1          17  -3.3456514221460065E-014
           1          18  -1.2679328440315030E-014
           1          19   3.1127131494469084E-003
           2           1 -0.50168813029970061     
           2           2   2.1358881825755827     
           2           3  -5.0422240775524853E-002
           2           4  -7.1867529145467429E-002
           2           5   5.1213215849640428E-015
           2           6   2.0907017412833449E-013
           2           7   9.9843343208532444E-014
           2           8   3.1379936328233821E-014
           2           9   3.5033294182472334E-014
           2          10  -3.5822955001789247E-014
           2          11  -3.1272031528734062E-014
           2          12  -2.2020998476192519E-014
           2          13   1.3039128730992605E-013
           2          14  -9.3068378120461752E-003
           2          15  -6.1146922815480286E-015
           2          16  -9.3068378120563806E-003
           2          17   1.3179615905538616E-013
           2          18   3.5370784155269519E-014
           2          19  -9.3068378118982987E-003
           3           1   1.0516487656210334E-002
           3           2  -5.0422240775524853E-002
           3           3  0.35949540077851860     
           3           4  0.25505546625809328     
           3           5  -2.0527717362264087E-014
           3           6  -2.3795959402154018E-014
           3           7   3.6771853510672280E-014
           3           8   2.3524218782768272E-014
           3           9  -4.1296992318268315E-014
           3          10  -3.5240251081384049E-014
           3          11   3.6409149811178018E-015
           3          12   5.1967225895689460E-015
           3          13   1.2476107742712996E-015
           3          14   4.4147694595177639E-003
           3          15  -2.7242951721663811E-015
           3          16   4.4147694595223982E-003
           3          17   2.8248431671314504E-016
           3          18   8.0670266098719591E-016
           3          19   4.4147694595294299E-003
           4           1   1.7872945277300028E-002
           4           2  -7.1867529145467429E-002
           4           3  0.25505546625809328     
           4           4  0.18157415464788490     
           4           5   8.2090910645808409E-014
           4           6   6.3044125942002016E-014
           4           7  -7.9101899945994277E-014
           4           8   1.6742886491883379E-014
           4           9  -2.9173105181212469E-014
           4          10  -2.4928970150180070E-014
           4          11   2.8638511741397665E-015
           4          12   3.8634336864185335E-015
           4          13  -1.0412056113859706E-015
           4          14   3.2825733940634338E-003
           4          15  -1.8144444322811096E-015
           4          16   3.2825733940669284E-003
           4          17  -1.8855802690396211E-015
           4          18   3.3941212897656358E-017
           4          19   3.2825733940692815E-003
           5           1  -3.6167419841273243E-015
           5           2   5.1213215849640428E-015
           5           3  -2.0527717362264087E-014
           5           4   8.2090910645808409E-014
           5           5   1.9954629057573237     
           5           6  -4.3853809472695159E-015
           5           7   7.1748162966399574E-015
           5           8   1.6001678783279467E-002
           5           9  -3.8217259218375197E-014
           5          10   1.4849016113927678E-014
           5          11  -3.8202449359002241E-003
           5          12   7.2736846927490159E-014
           5          13  -2.1098899537219643E-014
           5          14  -4.2098211736330170E-014
           5          15  -1.4045044539759169E-014
           5          16  -2.7715652318879736E-014
           5          17   1.6342794355701448E-014
           5          18   1.2341688329751774E-014
           5          19  -4.4225084222724918E-015
           6           1  -4.8466029695569845E-014
           6           2   2.0907017412833449E-013
           6           3  -2.3795959402154018E-014
           6           4   6.3044125942002016E-014
           6           5  -4.3853809472695159E-015
           6           6   1.9954629057573410     
           6           7  -7.2164496600634023E-015
           6           8   3.5945855667019372E-014
           6           9   1.6001678783210738E-002
           6          10   1.4849666635229766E-014
           6          11  -2.7427279197800221E-014
           6          12  -3.8202449358200716E-003
           6          13  -1.6595611603692514E-014
           6          14  -2.2044962953125427E-014
           6          15  -7.9616868213916903E-015
           6          16  -1.2115349275532866E-014
           6          17   8.8532946953955308E-015
           6          18   5.8305807515828084E-015
           6          19   1.2698688918020172E-014
           7           1  -1.9903487900768589E-014
           7           2   9.9843343208532444E-014
           7           3   3.6771853510672280E-014
           7           4  -7.9101899945994277E-014
           7           5   7.1748162966399574E-015
           7           6  -7.2164496600634023E-015
           7           7   1.9954629057573494     
           7           8  -4.5312711915989812E-014
           7           9   3.7686867515595471E-014
           7          10   1.6001678783218523E-002
           7          11   3.1314035565943651E-014
           7          12  -7.0250554505546426E-014
           7          13  -3.8202449358473909E-003
           7          14   3.7184802862689040E-014
           7          15   1.4426419416225716E-014
           7          16   2.3018459291977410E-014
           7          17  -1.4555687717797560E-014
           7          18  -1.4923644659059729E-014
           7          19  -6.4078090505629600E-015
           8           1  -8.1165780563428111E-015
           8           2   3.1379936328233821E-014
           8           3   2.3524218782768272E-014
           8           4   1.6742886491883379E-014
           8           5   1.6001678783279467E-002
           8           6   3.5945855667019372E-014
           8           7  -4.5312711915989812E-014
           8           8   1.3844799691571741E-004
           8           9  -1.3052777719839886E-017
           8          10  -1.8511905062464776E-016
           8          11  -3.2964323464828048E-005
           8          12   3.8463512024968386E-016
           8          13  -5.7715977993017741E-017
           8          14  -5.1560830223534626E-017
           8          15  -7.4302833925205873E-017
           8          16   3.5002081146394161E-017
           8          17   9.5409088186004041E-017
           8          18   7.1118680748156953E-017
           8          19   1.5160179926900531E-016
           9           1  -8.6525657339674750E-015
           9           2   3.5033294182472334E-014
           9           3  -4.1296992318268315E-014
           9           4  -2.9173105181212469E-014
           9           5  -3.8217259218375197E-014
           9           6   1.6001678783210738E-002
           9           7   3.7686867515595471E-014
           9           8  -1.3052777719839886E-017
           9           9   1.3844799691495072E-004
           9          10   3.1842340179940354E-016
           9          11  -1.2131332925564508E-016
           9          12  -3.2964323464277029E-005
           9          13  -1.5688151325970837E-016
           9          14  -6.6223989426357410E-016
           9          15  -3.7986356866813601E-017
           9          16  -6.0729384695109486E-016
           9          17   3.8706737887517110E-017
           9          18   2.6352528260461691E-017
           9          19  -4.5498408669639923E-016
          10           1   1.2881717426313178E-014
          10           2  -3.5822955001789247E-014
          10           3  -3.5240251081384049E-014
          10           4  -2.4928970150180070E-014
          10           5   1.4849016113927678E-014
          10           6   1.4849666635229766E-014
          10           7   1.6001678783218523E-002
          10           8  -1.8511905062464776E-016
          10           9   3.1842340179940354E-016
          10          10   1.3844799691503575E-004
          10          11   1.6477162516309652E-016
          10          12  -4.2703166035877888E-016
          10          13  -3.2964323464435051E-005
          10          14  -6.3449996014143237E-017
          10          15   8.6495481310481362E-017
          10          16  -1.4448139794679867E-016
          10          17  -7.0136325840567065E-017
          10          18  -8.5560717741400507E-017
          10          19  -3.1763968979211053E-016
          11           1   8.8687187050421036E-015
          11           2  -3.1272031528734062E-014
          11           3   3.6409149811178018E-015
          11           4   2.8638511741397665E-015
          11           5  -3.8202449359002241E-003
          11           6  -2.7427279197800221E-014
          11           7   3.1314035565943651E-014
          11           8  -3.2964323464828048E-005
          11           9  -1.2131332925564508E-016
          11          10   1.6477162516309652E-016
          11          11   7.8494922446129946E-006
          11          12  -6.3014804352686069E-017
          11          13  -1.5055057725389484E-017
          11          14   1.5797420840540713E-016
          11          15   1.8074984838839408E-017
          11          16   1.3705598375608075E-016
          11          17  -2.3090403325714559E-017
          11          18  -1.7222987643285451E-017
          11          19   1.0860375092824678E-016
          12           1   4.5365700498455468E-015
          12           2  -2.2020998476192519E-014
          12           3   5.1967225895689460E-015
          12           4   3.8634336864185335E-015
          12           5   7.2736846927490159E-014
          12           6  -3.8202449358200716E-003
          12           7  -7.0250554505546426E-014
          12           8   3.8463512024968386E-016
          12           9  -3.2964323464277029E-005
          12          10  -4.2703166035877888E-016
          12          11  -6.3014804352686069E-017
          12          12   7.8494922443910550E-006
          12          13   1.2269992218982363E-016
          12          14   1.3563198272166258E-016
          12          15   9.2955170748935212E-018
          12          16   1.2229783684499489E-016
          12          17  -9.5238534885729270E-018
          12          18  -6.4702371080438072E-018
          12          19   8.5526272928184775E-017
          13           1  -3.3848309642153884E-014
          13           2   1.3039128730992605E-013
          13           3   1.2476107742712996E-015
          13           4  -1.0412056113859706E-015
          13           5  -2.1098899537219643E-014
          13           6  -1.6595611603692514E-014
          13           7  -3.8202449358473909E-003
          13           8  -5.7715977993017741E-017
          13           9  -1.5688151325970837E-016
          13          10  -3.2964323464435051E-005
          13          11  -1.5055057725389484E-017
          13          12   1.2269992218982363E-016
          13          13   7.8494922444628309E-006
          13          14  -4.6973990861095117E-016
          13          15  -2.0905800071904408E-017
          13          16  -4.5010899238555986E-016
          13          17   1.7152680408457395E-017
          13          18   2.0725774678942868E-017
          13          19  -4.0821860727030491E-016
          14           1   3.1127131494817287E-003
          14           2  -9.3068378120461752E-003
          14           3   4.4147694595177639E-003
          14           4   3.2825733940634338E-003
          14           5  -4.2098211736330170E-014
          14           6  -2.2044962953125427E-014
          14           7   3.7184802862689040E-014
          14           8  -5.1560830223534626E-017
          14           9  -6.6223989426357410E-016
          14          10  -6.3449996014143237E-017
          14          11   1.5797420840540713E-016
          14          12   1.3563198272166258E-016
          14          13  -4.6973990861095117E-016
          14          14   9.1630123409850849E-005
          14          15  -1.1002071748774074E-018
          14          16   9.1630123409977430E-005
          14          17  -4.2955980357853606E-016
          14          18  -8.9751886247112199E-017
          14          19   9.1630123409458192E-005
          15           1   1.0816179501736695E-015
          15           2  -6.1146922815480286E-015
          15           3  -2.7242951721663811E-015
          15           4  -1.8144444322811096E-015
          15           5  -1.4045044539759169E-014
          15           6  -7.9616868213916903E-015
          15           7   1.4426419416225716E-014
          15           8  -7.4302833925205873E-017
          15           9  -3.7986356866813601E-017
          15          10   8.6495481310481362E-017
          15          11   1.8074984838839408E-017
          15          12   9.2955170748935212E-018
          15          13  -2.0905800071904408E-017
          15          14  -1.1002071748774074E-018
          15          15   6.0136083185569304E-028
          15          16  -1.1002071752694527E-018
          15          17  -5.8814546436659880E-028
          15          18  -4.0400012372925011E-028
          15          19  -1.1002071766784384E-018
          16           1   3.1127131494866119E-003
          16           2  -9.3068378120563806E-003
          16           3   4.4147694595223982E-003
          16           4   3.2825733940669284E-003
          16           5  -2.7715652318879736E-014
          16           6  -1.2115349275532866E-014
          16           7   2.3018459291977410E-014
          16           8   3.5002081146394161E-017
          16           9  -6.0729384695109486E-016
          16          10  -1.4448139794679867E-016
          16          11   1.3705598375608075E-016
          16          12   1.2229783684499489E-016
          16          13  -4.5010899238555986E-016
          16          14   9.1630123409977430E-005
          16          15  -1.1002071752694527E-018
          16          16   9.1630123410104010E-005
          16          17  -4.2955980357646634E-016
          16          18  -8.9751886245889699E-017
          16          19   9.1630123409584772E-005
          17           1  -3.3456514221460065E-014
          17           2   1.3179615905538616E-013
          17           3   2.8248431671314504E-016
          17           4  -1.8855802690396211E-015
          17           5   1.6342794355701448E-014
          17           6   8.8532946953955308E-015
          17           7  -1.4555687717797560E-014
          17           8   9.5409088186004041E-017
          17           9   3.8706737887517110E-017
          17          10  -7.0136325840567065E-017
          17          11  -2.3090403325714559E-017
          17          12  -9.5238534885729270E-018
          17          13   1.7152680408457395E-017
          17          14  -4.2955980357853606E-016
          17          15  -5.8814546436659880E-028
          17          16  -4.2955980357646634E-016
          17          17   1.6320027152719392E-026
          17          18   6.0619411546189829E-027
          17          19  -4.2955980356227567E-016
          18           1  -1.2679328440315030E-014
          18           2   3.5370784155269519E-014
          18           3   8.0670266098719591E-016
          18           4   3.3941212897656358E-017
          18           5   1.2341688329751774E-014
          18           6   5.8305807515828084E-015
          18           7  -1.4923644659059729E-014
          18           8   7.1118680748156953E-017
          18           9   2.6352528260461691E-017
          18          10  -8.5560717741400507E-017
          18          11  -1.7222987643285451E-017
          18          12  -6.4702371080438072E-018
          18          13   2.0725774678942868E-017
          18          14  -8.9751886247112199E-017
          18          15  -4.0400012372925011E-028
          18          16  -8.9751886245889699E-017
          18          17   6.0619411546189829E-027
          18          18   2.5115041739328177E-027
          18          19  -8.9751886240885067E-017
          19           1   3.1127131494469084E-003
          19           2  -9.3068378118982987E-003
          19           3   4.4147694595294299E-003
          19           4   3.2825733940692815E-003
          19           5  -4.4225084222724918E-015
          19           6   1.2698688918020172E-014
          19           7  -6.4078090505629600E-015
          19           8   1.5160179926900531E-016
          19           9  -4.5498408669639923E-016
          19          10  -3.1763968979211053E-016
          19          11   1.0860375092824678E-016
          19          12   8.5526272928184775E-017
          19          13  -4.0821860727030491E-016
          19          14   9.1630123409458192E-005
          19          15  -1.1002071766784384E-018
          19          16   9.1630123409584772E-005
          19          17  -4.2955980356227567E-016
          19          18  -8.9751886240885067E-017
          19          19   9.1630123409065548E-005
