           1           1   1.9863660829148664     
           1           2  0.11522064817701762     
           1           3  -2.1453266705533932E-002
           1           4  -4.9674745422459803E-015
           1           5   6.1333376709983066E-015
           1           6  -5.2234976736621142E-015
           1           7   3.9081502736821891E-015
           1           8  -9.0343887755128683E-015
           1           9   3.3337845161648189E-015
           1          10   1.2168174552978429E-002
           1          11  -4.2646040950046329E-015
           1          12   1.2168174552979465E-002
           1          13   3.6514194391643377E-016
           1          14   2.3540149210698915E-015
           1          15   1.2168174552976335E-002
           2           1  0.11522064817701762     
           2           2   3.6612057689448729     
           2           3 -0.89212466469189089     
           2           4   8.0133451732336537E-015
           2           5  -6.0254090784892544E-015
           2           6  -1.2084368250980333E-014
           2           7  -1.0949825649334223E-015
           2           8   4.5923260625807113E-015
           2           9   2.9488016255682550E-015
           2          10 -0.11025018114204885     
           2          11  -1.2341085805386961E-016
           2          12 -0.11025018114204790     
           2          13  -7.9738825970600588E-016
           2          14   1.4526297146974941E-016
           2          15 -0.11025018114205012     
           3           1  -2.1453266705533932E-002
           3           2 -0.89212466469189089     
           3           3  0.30501791228609787     
           3           4  -6.0713545935074660E-015
           3           5   2.4118479063122286E-015
           3           6   1.4104232720898250E-014
           3           7   1.5613980416184488E-015
           3           8  -1.6226215338096805E-015
           3           9  -4.5620905679540244E-015
           3          10   3.8193439004656181E-002
           3          11   3.9093942452346912E-017
           3          12   3.8193439004656098E-002
           3          13   2.7103684577389561E-016
           3          14  -2.6206226918849098E-017
           3          15   3.8193439004656451E-002
           4           1  -4.9674745422459803E-015
           4           2   8.0133451732336537E-015
           4           3  -6.0713545935074660E-015
           4           4   2.6447397223628495     
           4           5   1.1518563880485999E-015
           4           6   4.5102810375396984E-015
           4           7 -0.53616820927451525     
           4           8  -5.5120838449163045E-016
           4           9  -3.0960477237496065E-015
           4          10   8.9669224119049324E-016
           4          11  -2.3762070780561613E-016
           4          12  -3.1143707476331118E-016
           4          13  -1.6762489418397323E-015
           4          14  -6.9031785197871740E-016
           4          15  -9.0630529470159363E-016
           5           1   6.1333376709983066E-015
           5           2  -6.0254090784892544E-015
           5           3   2.4118479063122286E-015
           5           4   1.1518563880485999E-015
           5           5   2.6447397223628526     
           5           6  -1.7423128911842056E-015
           5           7  -6.2059732353070274E-016
           5           8 -0.53616820927451991     
           5           9   1.5230601068533245E-015
           5          10   6.8995945491054226E-016
           5          11  -3.2847106242722146E-016
           5          12  -3.1883546921467339E-016
           5          13  -7.3242998377561484E-017
           5          14  -2.7934588905269337E-016
           5          15   1.8049492027111757E-016
           6           1  -5.2234976736621142E-015
           6           2  -1.2084368250980333E-014
           6           3   1.4104232720898250E-014
           6           4   4.5102810375396984E-015
           6           5  -1.7423128911842056E-015
           6           6   2.6447397223628442     
           6           7  -5.2844013886943486E-015
           6           8   3.1194800432024494E-015
           6           9 -0.53616820927451703     
           6          10  -1.1662101180604826E-015
           6          11   4.8210749759238393E-017
           6          12  -1.2348582934048701E-016
           6          13   7.4235804091651690E-016
           6          14   2.6382690655851261E-015
           6          15  -3.2919989811591299E-016
           7           1   3.9081502736821891E-015
           7           2  -1.0949825649334223E-015
           7           3   1.5613980416184488E-015
           7           4 -0.53616820927451525     
           7           5  -6.2059732353070274E-016
           7           6  -5.2844013886943486E-015
           7           7  0.20547464585383568     
           7           8   9.5924787210655005E-017
           7           9   2.2902415641040674E-015
           7          10  -5.0276463048308142E-016
           7          11   1.2066076311376377E-016
           7          12   9.2379421039236978E-018
           7          13   5.4103729485648609E-016
           7          14   1.7279843038669055E-016
           7          15   2.2172201561554063E-016
           8           1  -9.0343887755128683E-015
           8           2   4.5923260625807113E-015
           8           3  -1.6226215338096805E-015
           8           4  -5.5120838449163045E-016
           8           5 -0.53616820927451991     
           8           6   3.1194800432024494E-015
           8           7   9.5924787210655005E-017
           8           8  0.20547464585383571     
           8           9  -1.4902299568506951E-015
           8          10  -3.5449623483169542E-016
           8          11   7.9376475815757193E-017
           8          12  -7.4625732675324061E-017
           8          13   8.9608488758588499E-018
           8          14   1.0829305752090810E-016
           8          15  -2.2239501662271191E-016
           9           1   3.3337845161648189E-015
           9           2   2.9488016255682550E-015
           9           3  -4.5620905679540244E-015
           9           4  -3.0960477237496065E-015
           9           5   1.5230601068533245E-015
           9           6 -0.53616820927451703     
           9           7   2.2902415641040674E-015
           9           8  -1.4902299568506951E-015
           9           9  0.20547464585383671     
           9          10   4.5169877432456432E-016
           9          11  -3.8622431553965270E-017
           9          12  -1.0300064744126051E-016
           9          13  -3.0288843613382067E-016
           9          14  -7.8826494818998657E-016
           9          15   2.5242927509970548E-016
          10           1   1.2168174552978429E-002
          10           2 -0.11025018114204885     
          10           3   3.8193439004656181E-002
          10           4   8.9669224119049324E-016
          10           5   6.8995945491054226E-016
          10           6  -1.1662101180604826E-015
          10           7  -5.0276463048308142E-016
          10           8  -3.5449623483169542E-016
          10           9   4.5169877432456432E-016
          10          10   5.0126483868611982E-003
          10          11  -5.4514312989338839E-018
          10          12   5.0126483868612242E-003
          10          13   6.0037447458431136E-017
          10          14   6.4441926607543385E-018
          10          15   5.0126483868612130E-003
          11           1  -4.2646040950046329E-015
          11           2  -1.2341085805386961E-016
          11           3   3.9093942452346912E-017
          11           4  -2.3762070780561613E-016
          11           5  -3.2847106242722146E-016
          11           6   4.8210749759238393E-017
          11           7   1.2066076311376377E-016
          11           8   7.9376475815757193E-017
          11           9  -3.8622431553965270E-017
          11          10  -5.4514312989338839E-018
          11          11   1.3193043550289770E-029
          11          12  -5.4514312989306668E-018
          11          13   3.8025643350560557E-030
          11          14  -6.2351492415062296E-030
          11          15  -5.4514312989298918E-018
          12           1   1.2168174552979465E-002
          12           2 -0.11025018114204790     
          12           3   3.8193439004656098E-002
          12           4  -3.1143707476331118E-016
          12           5  -3.1883546921467339E-016
          12           6  -1.2348582934048701E-016
          12           7   9.2379421039236978E-018
          12           8  -7.4625732675324061E-017
          12           9  -1.0300064744126051E-016
          12          10   5.0126483868612242E-003
          12          11  -5.4514312989306668E-018
          12          12   5.0126483868612494E-003
          12          13   6.0037447458438643E-017
          12          14   6.4441926607562929E-018
          12          15   5.0126483868612381E-003
          13           1   3.6514194391643377E-016
          13           2  -7.9738825970600588E-016
          13           3   2.7103684577389561E-016
          13           4  -1.6762489418397323E-015
          13           5  -7.3242998377561484E-017
          13           6   7.4235804091651690E-016
          13           7   5.4103729485648609E-016
          13           8   8.9608488758588499E-018
          13           9  -3.0288843613382067E-016
          13          10   6.0037447458431136E-017
          13          11   3.8025643350560557E-030
          13          12   6.0037447458438643E-017
          13          13   6.8263093417112252E-030
          13          14   5.2823985777226911E-031
          13          15   6.0037447458432110E-017
          14           1   2.3540149210698915E-015
          14           2   1.4526297146974941E-016
          14           3  -2.6206226918849098E-017
          14           4  -6.9031785197871740E-016
          14           5  -2.7934588905269337E-016
          14           6   2.6382690655851261E-015
          14           7   1.7279843038669055E-016
          14           8   1.0829305752090810E-016
          14           9  -7.8826494818998657E-016
          14          10   6.4441926607543385E-018
          14          11  -6.2351492415062296E-030
          14          12   6.4441926607562929E-018
          14          13   5.2823985777226911E-031
          14          14   6.8606510826437781E-030
          14          15   6.4441926607537854E-018
          15           1   1.2168174552976335E-002
          15           2 -0.11025018114205012     
          15           3   3.8193439004656451E-002
          15           4  -9.0630529470159363E-016
          15           5   1.8049492027111757E-016
          15           6  -3.2919989811591299E-016
          15           7   2.2172201561554063E-016
          15           8  -2.2239501662271191E-016
          15           9   2.5242927509970548E-016
          15          10   5.0126483868612130E-003
          15          11  -5.4514312989298918E-018
          15          12   5.0126483868612381E-003
          15          13   6.0037447458432110E-017
          15          14   6.4441926607537854E-018
          15          15   5.0126483868612260E-003
