           1           1   2.0015447378985045     
           1           2   6.7339814549996907E-003
           1           3  -1.5146486938657361E-003
           1           4   3.8196210544022201E-014
           1           5   1.4596205353017966E-014
           1           6   6.2470260847238191E-014
           1           7   6.5253624723924829E-015
           1           8  -1.0384461103242563E-013
           1           9  -4.3812276324162206E-014
           1          10  -1.9040225274362501E-003
           1          11   1.0143257228815748E-012
           1          12  -1.9040225275896907E-003
           1          13  -4.8261050619749369E-012
           1          14   7.4470110805672470E-012
           1          15  -1.9040225275938540E-003
           2           1   6.7339814549996907E-003
           2           2   2.0211364921725199     
           2           3  -8.1958364844778183E-004
           2           4   7.3507957833077369E-014
           2           5  -2.4753429873840307E-013
           2           6   5.1733528412408529E-014
           2           7  -2.4213452077178268E-018
           2           8   2.3174520192778954E-014
           2           9   2.4100349770090975E-015
           2          10  -4.6925438124153455E-003
           2          11  -5.4632171528166512E-014
           2          12  -4.6925438124056735E-003
           2          13   2.5638915512765990E-013
           2          14  -3.9551671373510206E-013
           2          15  -4.6925438124061870E-003
           3           1  -1.5146486938657361E-003
           3           2  -8.1958364844778183E-004
           3           3   1.4744256351391008E-006
           3           4  -9.2127052758104956E-014
           3           5   1.9649722539028060E-013
           3           6   6.0417813861792565E-014
           3           7  -9.8727859792973450E-018
           3           8   7.9646159439155801E-017
           3           9   3.5387303476700100E-017
           3          10   3.3293144059377689E-006
           3          11  -7.4418945662687925E-016
           3          12   3.3293144060497776E-006
           3          13   3.5422403520873564E-015
           3          14  -5.4659645680464950E-015
           3          15   3.3293144060531297E-006
           4           1   3.8196210544022201E-014
           4           2   7.3507957833077369E-014
           4           3  -9.2127052758104956E-014
           4           4   1.9998299194941687     
           4           5   2.5895952049381776E-014
           4           6  -2.3459012510329558E-013
           4           7   1.0725374596535754E-004
           4           8   1.0499161422531343E-014
           4           9   1.7658744001021638E-013
           4          10   2.4050797723845581E-014
           4          11   1.0548936533639022E-014
           4          12   1.0140894716092402E-014
           4          13  -1.8149493474618410E-014
           4          14   4.7730767794862571E-015
           4          15  -1.1630655099520072E-014
           5           1   1.4596205353017966E-014
           5           2  -2.4753429873840307E-013
           5           3   1.9649722539028060E-013
           5           4   2.5895952049381776E-014
           5           5   1.9998299194940272     
           5           6   3.5482727867020003E-013
           5           7  -4.0039794599994703E-014
           5           8   1.0725374605820699E-004
           5           9  -2.6069285483576107E-013
           5          10  -3.6658247002627991E-014
           5          11  -1.0196363887886623E-014
           5          12   4.2190349456436720E-015
           5          13   7.2733278585817517E-016
           5          14   7.5748930054906618E-015
           5          15  -6.8945051589298409E-015
           6           1   6.2470260847238191E-014
           6           2   5.1733528412408529E-014
           6           3   6.0417813861792565E-014
           6           4  -2.3459012510329558E-013
           6           5   3.5482727867020003E-013
           6           6   1.9998299194941365     
           6           7   1.1957285611955901E-013
           6           8  -1.8138948324050372E-013
           6           9   1.0725374598698507E-004
           6          10  -3.6302009549105047E-014
           6          11   1.3491827451835255E-014
           6          12   4.6632345711872678E-015
           6          13  -8.9348873381856862E-015
           6          14  -1.9499169515697799E-014
           6          15  -4.8003503701476053E-015
           7           1   6.5253624723924829E-015
           7           2  -2.4213452077178268E-018
           7           3  -9.8727859792973450E-018
           7           4   1.0725374596535754E-004
           7           5  -4.0039794599994703E-014
           7           6   1.1957285611955901E-013
           7           7   5.7526355529588829E-009
           7           8  -1.5675216330511306E-018
           7           9   1.5858291976187028E-017
           7          10  -4.8455807401909495E-018
           7          11   5.6564310352845295E-019
           7          12  -5.5961990573794982E-018
           7          13  -9.7507206371872903E-019
           7          14   2.5696035650005872E-019
           7          15  -6.7641094210475189E-018
           8           1  -1.0384461103242563E-013
           8           2   2.3174520192778954E-014
           8           3   7.9646159439155801E-017
           8           4   1.0499161422531343E-014
           8           5   1.0725374605820699E-004
           8           6  -1.8138948324050372E-013
           8           7  -1.5675216330511306E-018
           8           8   5.7526355629350806E-009
           8           9  -2.3706970299580478E-017
           8          10   4.2244850450122540E-017
           8          11  -5.4795094104579328E-019
           8          12   4.4443125253160766E-017
           8          13   3.5743616955156347E-020
           8          14   4.0960356399150218E-019
           8          15   4.3838203643072164E-017
           9           1  -4.3812276324162206E-014
           9           2   2.4100349770090975E-015
           9           3   3.5387303476700100E-017
           9           4   1.7658744001021638E-013
           9           5  -2.6069285483576107E-013
           9           6   1.0725374598698507E-004
           9           7   1.5858291976187028E-017
           9           8  -2.3706970299580478E-017
           9           9   5.7526355552698692E-009
           9          10   3.3808104867730346E-017
           9          11   7.2369323814454069E-019
           9          12   3.6011405855236782E-017
           9          13  -4.8210002436872169E-019
           9          14  -1.0458818637132441E-018
           9          15   3.5495526192733735E-017
          10           1  -1.9040225274362501E-003
          10           2  -4.6925438124153455E-003
          10           3   3.3293144059377689E-006
          10           4   2.4050797723845581E-014
          10           5  -3.6658247002627991E-014
          10           6  -3.6302009549105047E-014
          10           7  -4.8455807401909495E-018
          10           8   4.2244850450122540E-017
          10           9   3.3808104867730346E-017
          10          10   1.2676492846225777E-005
          10          11  -8.3032214386554925E-016
          10          12   1.2676492846348119E-005
          10          13   3.9588519132617108E-015
          10          14  -6.1090334877526859E-015
          10          15   1.2676492846353238E-005
          11           1   1.0143257228815748E-012
          11           2  -5.4632171528166512E-014
          11           3  -7.4418945662687925E-016
          11           4   1.0548936533639022E-014
          11           5  -1.0196363887886623E-014
          11           6   1.3491827451835255E-014
          11           7   5.6564310352845295E-019
          11           8  -5.4795094104579328E-019
          11           9   7.2369323814454069E-019
          11          10  -8.3032214386554925E-016
          11          11   5.1589978774903869E-025
          11          12  -8.3032214394361798E-016
          11          13  -2.4537139345933572E-024
          11          14   3.7858578400370728E-024
          11          15  -8.3032214394581683E-016
          12           1  -1.9040225275896907E-003
          12           2  -4.6925438124056735E-003
          12           3   3.3293144060497776E-006
          12           4   1.0140894716092402E-014
          12           5   4.2190349456436720E-015
          12           6   4.6632345711872678E-015
          12           7  -5.5961990573794982E-018
          12           8   4.4443125253160766E-017
          12           9   3.6011405855236782E-017
          12          10   1.2676492846348119E-005
          12          11  -8.3032214394361798E-016
          12          12   1.2676492846470461E-005
          12          13   3.9588519136329519E-015
          12          14  -6.1090334883259464E-015
          12          15   1.2676492846475580E-005
          13           1  -4.8261050619749369E-012
          13           2   2.5638915512765990E-013
          13           3   3.5422403520873564E-015
          13           4  -1.8149493474618410E-014
          13           5   7.2733278585817517E-016
          13           6  -8.9348873381856862E-015
          13           7  -9.7507206371872903E-019
          13           8   3.5743616955156347E-020
          13           9  -4.8210002436872169E-019
          13          10   3.9588519132617108E-015
          13          11  -2.4537139345933572E-024
          13          12   3.9588519136329519E-015
          13          13   1.1673683981697303E-023
          13          14  -1.8012870370477561E-023
          13          15   3.9588519136432765E-015
          14           1   7.4470110805672470E-012
          14           2  -3.9551671373510206E-013
          14           3  -5.4659645680464950E-015
          14           4   4.7730767794862571E-015
          14           5   7.5748930054906618E-015
          14           6  -1.9499169515697799E-014
          14           7   2.5696035650005872E-019
          14           8   4.0960356399150218E-019
          14           9  -1.0458818637132441E-018
          14          10  -6.1090334877526859E-015
          14          11   3.7858578400370728E-024
          14          12  -6.1090334883259464E-015
          14          13  -1.8012870370477561E-023
          14          14   2.7795359514873458E-023
          14          15  -6.1090334883413986E-015
          15           1  -1.9040225275938540E-003
          15           2  -4.6925438124061870E-003
          15           3   3.3293144060531297E-006
          15           4  -1.1630655099520072E-014
          15           5  -6.8945051589298409E-015
          15           6  -4.8003503701476053E-015
          15           7  -6.7641094210475189E-018
          15           8   4.3838203643072164E-017
          15           9   3.5495526192733735E-017
          15          10   1.2676492846353238E-005
          15          11  -8.3032214394581683E-016
          15          12   1.2676492846475580E-005
          15          13   3.9588519136432765E-015
          15          14  -6.1090334883413986E-015
          15          15   1.2676492846480700E-005
