           1           1   2.1013946433401247     
           1           2 -0.21922888382346506     
           1           3 -0.27397244595987374     
           1           4   1.9322920651477265E-015
           1           5   1.0525940771480160E-015
           1           6  -1.8667265289037343E-015
           1           7  -1.2643693273098516E-015
           1           8  -7.6771783788310662E-016
           1           9   5.6347196426114903E-018
           1          10  -7.8002646965415982E-004
           1          11  -8.1038073797232261E-016
           1          12  -7.8002646965558674E-004
           1          13  -5.8756486650936113E-016
           1          14  -6.5744020332311340E-016
           1          15  -7.8002646965386383E-004
           2           1 -0.21922888382346506     
           2           2  0.54589741377725198     
           2           3  0.59298161449311571     
           2           4  -1.4292373264133339E-015
           2           5  -1.7725607402169344E-015
           2           6   3.3311737652395113E-015
           2           7   2.8020678699040364E-015
           2           8  -9.9345796494552890E-016
           2           9   7.3401925248019819E-016
           2          10  -2.4639547723792382E-003
           2          11  -5.7697842843221670E-016
           2          12  -2.4639547723784572E-003
           2          13  -3.1463711045429952E-016
           2          14   1.5733494343705659E-016
           2          15  -2.4639547723797738E-003
           3           1 -0.27397244595987374     
           3           2  0.59298161449311571     
           3           3  0.64476468454081126     
           3           4  -2.7765252565813153E-015
           3           5  -1.9125833799596618E-015
           3           6   2.2071601031804787E-015
           3           7   2.2611651063505848E-015
           3           8  -1.0459969735438801E-015
           3           9  -1.3761799549212183E-016
           3          10  -2.6449781298662515E-003
           3          11  -6.0819804074719195E-016
           3          12  -2.6449781298653833E-003
           3          13  -3.2906960966508675E-016
           3          14   1.8148183058554469E-016
           3          15  -2.6449781298668344E-003
           4           1   1.9322920651477265E-015
           4           2  -1.4292373264133339E-015
           4           3  -2.7765252565813153E-015
           4           4  0.97006821805560883     
           4           5   1.2628786905111156E-015
           4           6   1.0304257447302234E-015
           4           7  0.63473119451641624     
           4           8  -2.0816681711721685E-017
           4           9  -6.2103100439969694E-016
           4          10   9.8409690289593040E-016
           4          11  -5.7476671561284047E-016
           4          12  -8.2238855837291877E-017
           4          13   3.9983897179123071E-016
           4          14   1.6105950902520757E-016
           4          15  -3.5564642256883021E-016
           5           1   1.0525940771480160E-015
           5           2  -1.7725607402169344E-015
           5           3  -1.9125833799596618E-015
           5           4   1.2628786905111156E-015
           5           5  0.97006821805560817     
           5           6  -7.8409501114151681E-016
           5           7   2.7061686225238191E-016
           5           8  0.63473119451641669     
           5           9   6.5225602696727947E-016
           5          10   4.3416421975909970E-016
           5          11   2.6519961233951061E-016
           5          12   4.5770363473984686E-017
           5          13  -7.2694959928017020E-017
           5          14   5.0805645096728444E-016
           5          15   1.9503688151174075E-016
           6           1  -1.8667265289037343E-015
           6           2   3.3311737652395113E-015
           6           3   2.2071601031804787E-015
           6           4   1.0304257447302234E-015
           6           5  -7.8409501114151681E-016
           6           6  0.97006821805560672     
           6           7   2.2551405187698492E-016
           6           8  -1.5959455978986625E-016
           6           9  0.63473119451641602     
           6          10  -5.1203339633093904E-017
           6          11  -9.4537886999723336E-017
           6          12  -4.5407180159289444E-016
           6          13   3.8487959710061341E-016
           6          14  -3.6149233863899608E-016
           6          15   3.0952518344341616E-016
           7           1  -1.2643693273098516E-015
           7           2   2.8020678699040364E-015
           7           3   2.2611651063505848E-015
           7           4  0.63473119451641624     
           7           5   2.7061686225238191E-016
           7           6   2.2551405187698492E-016
           7           7  0.41531480136737509     
           7           8  -3.8337388819087437E-016
           7           9  -7.1470607210244452E-016
           7          10   6.2794366243425568E-016
           7          11  -3.7607973832326322E-016
           7          12  -6.9774676296728120E-017
           7          13   2.6162037969840682E-016
           7          14   1.0538404041412159E-016
           7          15  -2.4866949193299819E-016
           8           1  -7.6771783788310662E-016
           8           2  -9.9345796494552890E-016
           8           3  -1.0459969735438801E-015
           8           4  -2.0816681711721685E-017
           8           5  0.63473119451641669     
           8           6  -1.5959455978986625E-016
           8           7  -3.8337388819087437E-016
           8           8  0.41531480136737597     
           8           9   6.4184768611141862E-016
           8          10   2.8455179897843512E-016
           8          11   1.7352357720176012E-016
           8          12   3.0418895298092958E-017
           8          13  -4.7565712296129004E-017
           8          14   3.3242937271349630E-016
           8          15   1.2808629783305244E-016
           9           1   5.6347196426114903E-018
           9           2   7.3401925248019819E-016
           9           3  -1.3761799549212183E-016
           9           4  -6.2103100439969694E-016
           9           5   6.5225602696727947E-016
           9           6  0.63473119451641602     
           9           7  -7.1470607210244452E-016
           9           8   6.4184768611141862E-016
           9           9  0.41531480136737564     
           9          10  -2.7546899067630865E-017
           9          11  -6.1858041653673022E-017
           9          12  -2.9114970954737987E-016
           9          13   2.5183190815191243E-016
           9          14  -2.3652995766424028E-016
           9          15   2.0848368730577354E-016
          10           1  -7.8002646965415982E-004
          10           2  -2.4639547723792382E-003
          10           3  -2.6449781298662515E-003
          10           4   9.8409690289593040E-016
          10           5   4.3416421975909970E-016
          10           6  -5.1203339633093904E-017
          10           7   6.2794366243425568E-016
          10           8   2.8455179897843512E-016
          10           9  -2.7546899067630865E-017
          10          10   1.2676513687393918E-005
          10          11   3.5201654459485518E-018
          10          12   1.2676513687391372E-005
          10          13   2.0476273091489986E-018
          10          14  -1.8785753815249195E-019
          10          15   1.2676513687396265E-005
          11           1  -8.1038073797232261E-016
          11           2  -5.7697842843221670E-016
          11           3  -6.0819804074719195E-016
          11           4  -5.7476671561284047E-016
          11           5   2.6519961233951061E-016
          11           6  -9.4537886999723336E-017
          11           7  -3.7607973832326322E-016
          11           8   1.7352357720176012E-016
          11           9  -6.1858041653673022E-017
          11          10   3.5201654459485518E-018
          11          11   4.7322682581839043E-030
          11          12   3.5201654459476712E-018
          11          13   2.4306561553075016E-030
          11          14   8.4112204845102078E-031
          11          15   3.5201654459463308E-018
          12           1  -7.8002646965558674E-004
          12           2  -2.4639547723784572E-003
          12           3  -2.6449781298653833E-003
          12           4  -8.2238855837291877E-017
          12           5   4.5770363473984686E-017
          12           6  -4.5407180159289444E-016
          12           7  -6.9774676296728120E-017
          12           8   3.0418895298092958E-017
          12           9  -2.9114970954737987E-016
          12          10   1.2676513687391372E-005
          12          11   3.5201654459476712E-018
          12          12   1.2676513687388824E-005
          12          13   2.0476273091472006E-018
          12          14  -1.8785753815212680E-019
          12          15   1.2676513687393717E-005
          13           1  -5.8756486650936113E-016
          13           2  -3.1463711045429952E-016
          13           3  -3.2906960966508675E-016
          13           4   3.9983897179123071E-016
          13           5  -7.2694959928017020E-017
          13           6   3.8487959710061341E-016
          13           7   2.6162037969840682E-016
          13           8  -4.7565712296129004E-017
          13           9   2.5183190815191243E-016
          13          10   2.0476273091489986E-018
          13          11   2.4306561553075016E-030
          13          12   2.0476273091472006E-018
          13          13   2.3492502469402470E-030
          13          14   2.1275434008049545E-031
          13          15   2.0476273091464410E-018
          14           1  -6.5744020332311340E-016
          14           2   1.5733494343705659E-016
          14           3   1.8148183058554469E-016
          14           4   1.6105950902520757E-016
          14           5   5.0805645096728444E-016
          14           6  -3.6149233863899608E-016
          14           7   1.0538404041412159E-016
          14           8   3.3242937271349630E-016
          14           9  -2.3652995766424028E-016
          14          10  -1.8785753815249195E-019
          14          11   8.4112204845102078E-031
          14          12  -1.8785753815212680E-019
          14          13   2.1275434008049545E-031
          14          14   1.0606955416553884E-030
          14          15  -1.8785753815367091E-019
          15           1  -7.8002646965386383E-004
          15           2  -2.4639547723797738E-003
          15           3  -2.6449781298668344E-003
          15           4  -3.5564642256883021E-016
          15           5   1.9503688151174075E-016
          15           6   3.0952518344341616E-016
          15           7  -2.4866949193299819E-016
          15           8   1.2808629783305244E-016
          15           9   2.0848368730577354E-016
          15          10   1.2676513687396265E-005
          15          11   3.5201654459463308E-018
          15          12   1.2676513687393717E-005
          15          13   2.0476273091464410E-018
          15          14  -1.8785753815367091E-019
          15          15   1.2676513687398609E-005
