           1           1   2.0935687821577469     
           1           2 -0.20269702351979968     
           1           3 -0.26755944715659707     
           1           4   1.3719953621637036E-014
           1           5  -5.0856091580011160E-015
           1           6   3.4928979383967270E-015
           1           7  -5.0874381880511113E-015
           1           8   1.7573367460163369E-015
           1           9   1.7820642348924306E-016
           1          10  -2.1733655304967021E-003
           1          11   4.8203978691489313E-005
           1          12  -2.1124953652217416E-003
           1          13   1.4414657583585854E-004
           1          14  -7.3297232896608628E-005
           1          15  -2.2810869559540189E-003
           2           1 -0.20269702351979968     
           2           2  0.51684539006106045     
           2           3  0.58334996001691219     
           2           4  -2.9711697558578085E-014
           2           5   7.9824009374537963E-015
           2           6  -1.4350383336979642E-016
           2           7   2.8128449346491455E-015
           2           8  -9.9105335925886935E-015
           2           9  -9.5288720135351407E-015
           2          10  -1.4901739950961815E-003
           2          11  -2.2630985892740018E-004
           2          12  -1.7759495450439412E-003
           2          13  -6.7674478605224582E-004
           2          14   3.4411861611435054E-004
           2          15  -9.8443938019305817E-004
           3           1 -0.26755944715659707     
           3           2  0.58334996001691219     
           3           3  0.66798781782992456     
           3           4  -3.1726869757368255E-014
           3           5   1.7006451131805114E-014
           3           6  -1.0576118491142393E-015
           3           7   7.1078309961241370E-015
           3           8  -9.7702986950274110E-015
           3           9  -1.3007479992858014E-014
           3          10  -2.2136044613486655E-003
           3          11  -9.3388179405294982E-004
           3          12  -3.3928751505106864E-003
           3          13  -2.7926297065865519E-003
           3          14   1.4200270024334106E-003
           3          15  -1.2665892686020488E-004
           4           1   1.3719953621637036E-014
           4           2  -2.9711697558578085E-014
           4           3  -3.1726869757368255E-014
           4           4  0.61003160382930299     
           4           5  -5.6528701436211914E-002
           4           6 -0.16904037739357955     
           4           7  0.40209981664733885     
           4           8  -4.7350726623122119E-002
           4           9 -0.14159505693343571     
           4          10   1.2313234906560213E-015
           4          11  -4.8238733751432692E-016
           4          12   6.1141414799560586E-016
           4          13   2.9607384075546023E-016
           4          14  -4.0940077614864095E-016
           4          15  -7.2063820683241565E-016
           5           1  -5.0856091580011160E-015
           5           2   7.9824009374537963E-015
           5           3   1.7006451131805114E-014
           5           4  -5.6528701436211914E-002
           5           5  0.52760641083497062     
           5           6   8.5955506322313649E-002
           5           7  -4.7350726623123333E-002
           5           8  0.33305714131297925     
           5           9   7.1999808561191689E-002
           5          10  -3.0937646190477300E-016
           5          11   6.6058939873752620E-016
           5          12  -1.2118287612683389E-015
           5          13  -2.5381300548790995E-016
           5          14  -1.8437054320202169E-016
           5          15   6.5990777941257380E-017
           6           1   3.4928979383967270E-015
           6           2  -1.4350383336979642E-016
           6           3  -1.0576118491142393E-015
           6           4 -0.16904037739357955     
           6           5   8.5955506322313649E-002
           6           6  0.75589878260966192     
           6           7 -0.14159505693343397     
           6           8   7.1999808561189746E-002
           6           9  0.52428406518362958     
           6          10  -4.8154999719934401E-016
           6          11   1.4322550470640854E-016
           6          12  -6.8173885968368947E-016
           6          13   6.3112397042634950E-016
           6          14  -4.0490485894044270E-016
           6          15   2.5355092793750342E-016
           7           1  -5.0874381880511113E-015
           7           2   2.8128449346491455E-015
           7           3   7.1078309961241370E-015
           7           4  0.40209981664733885     
           7           5  -4.7350726623123333E-002
           7           6 -0.14159505693343397     
           7           7  0.26690492291336476     
           7           8  -3.8407568377884657E-002
           7           9 -0.11485191926254350     
           7          10   5.6554667905237038E-016
           7          11  -5.3849362664368492E-016
           7          12  -8.8541511275671831E-017
           7          13  -4.6958315121744593E-016
           7          14   8.1102512156346717E-017
           7          15  -2.4338530673539854E-016
           8           1   1.7573367460163369E-015
           8           2  -9.9105335925886935E-015
           8           3  -9.7702986950274110E-015
           8           4  -4.7350726623122119E-002
           8           5  0.33305714131297925     
           8           6   7.1999808561189746E-002
           8           7  -3.8407568377884657E-002
           8           8  0.21090237632093697     
           8           9   5.8401164411237168E-002
           8          10   7.2173743267053993E-017
           8          11   7.0057826841606399E-016
           8          12  -1.3533302307146131E-016
           8          13   6.8179059993131750E-016
           8          14  -5.4216068996024002E-016
           8          15  -2.7761906001684266E-016
           9           1   1.7820642348924306E-016
           9           2  -9.5288720135351407E-015
           9           3  -1.3007479992858014E-014
           9           4 -0.14159505693343571     
           9           5   7.1999808561191689E-002
           9           6  0.52428406518362958     
           9           7 -0.11485191926254350     
           9           8   5.8401164411237168E-002
           9           9  0.36601216402731229     
           9          10  -2.1364495411731388E-016
           9          11   2.6394399108314589E-016
           9          12  -1.6588262210319258E-016
           9          13   8.1778123466076567E-016
           9          14  -4.7187691306025488E-016
           9          15   5.6313752340320759E-017
          10           1  -2.1733655304967021E-003
          10           2  -1.4901739950961815E-003
          10           3  -2.2136044613486655E-003
          10           4   1.2313234906560213E-015
          10           5  -3.0937646190477300E-016
          10           6  -4.8154999719934401E-016
          10           7   5.6554667905237038E-016
          10           8   7.2173743267053993E-017
          10           9  -2.1364495411731388E-016
          10          10   4.9349811118682194E-005
          10          11   4.5932371233765042E-005
          10          12   1.0735147623956495E-004
          10          13   1.3735368353860573E-004
          10          14  -6.9843108468149056E-005
          10          15  -5.3295253435065628E-005
          11           1   4.8203978691489313E-005
          11           2  -2.2630985892740018E-004
          11           3  -9.3388179405294982E-004
          11           4  -4.8238733751432692E-016
          11           5   6.6058939873752620E-016
          11           6   1.4322550470640854E-016
          11           7  -5.3849362664368492E-016
          11           8   7.0057826841606399E-016
          11           9   2.6394399108314589E-016
          11          10   4.5932371233765042E-005
          11          11   5.2375626816257630E-005
          11          12   1.1207033636592234E-004
          11          13   1.5662124722991847E-004
          11          14  -7.9640490716226703E-005
          11          15  -7.1111435806827587E-005
          12           1  -2.1124953652217416E-003
          12           2  -1.7759495450439412E-003
          12           3  -3.3928751505106864E-003
          12           4   6.1141414799560586E-016
          12           5  -1.2118287612683389E-015
          12           6  -6.8173885968368947E-016
          12           7  -8.8541511275671831E-017
          12           8  -1.3533302307146131E-016
          12           9  -1.6588262210319258E-016
          12          10   1.0735147623956495E-004
          12          11   1.1207033636592234E-004
          12          12   2.4886966799158439E-004
          12          13   3.3512908438654320E-004
          12          14  -1.7041011488462822E-004
          12          15  -1.4309209115869316E-004
          13           1   1.4414657583585854E-004
          13           2  -6.7674478605224582E-004
          13           3  -2.7926297065865519E-003
          13           4   2.9607384075546023E-016
          13           5  -2.5381300548790995E-016
          13           6   6.3112397042634950E-016
          13           7  -4.6958315121744593E-016
          13           8   6.8179059993131750E-016
          13           9   8.1778123466076567E-016
          13          10   1.3735368353860573E-004
          13          11   1.5662124722991847E-004
          13          12   3.3512908438654320E-004
          13          13   4.6835172340583717E-004
          13          14  -2.3815262449720934E-004
          13          15  -2.1264779908890789E-004
          14           1  -7.3297232896608628E-005
          14           2   3.4411861611435054E-004
          14           3   1.4200270024334106E-003
          14           4  -4.0940077614864095E-016
          14           5  -1.8437054320202169E-016
          14           6  -4.0490485894044270E-016
          14           7   8.1102512156346717E-017
          14           8  -5.4216068996024002E-016
          14           9  -4.7187691306025488E-016
          14          10  -6.9843108468149056E-005
          14          11  -7.9640490716226703E-005
          14          12  -1.7041011488462822E-004
          14          13  -2.3815262449720934E-004
          14          14   1.2109846023938408E-004
          14          15   1.0812948669924159E-004
          15           1  -2.2810869559540189E-003
          15           2  -9.8443938019305817E-004
          15           3  -1.2665892686020488E-004
          15           4  -7.2063820683241565E-016
          15           5   6.5990777941257380E-017
          15           6   2.5355092793750342E-016
          15           7  -2.4338530673539854E-016
          15           8  -2.7761906001684266E-016
          15           9   5.6313752340320759E-017
          15          10  -5.3295253435065628E-005
          15          11  -7.1111435806827587E-005
          15          12  -1.4309209115869316E-004
          15          13  -2.1264779908890789E-004
          15          14   1.0812948669924159E-004
          15          15   1.0561746373692569E-004
