           1           1   2.0014755881810928     
           1           2   5.8367560053293535E-003
           1           3  -1.5978387283886813E-003
           1           4  -1.8516625211294391E-015
           1           5   3.3427162691521688E-014
           1           6  -6.9480194476164092E-014
           1           7  -1.9719237530501791E-014
           1           8  -2.9177646079911284E-014
           1           9   4.0279408960069267E-014
           1          10  -2.9298550725472918E-003
           1          11  -2.3921879806100651E-006
           1          12  -2.6381192941250502E-003
           1          13   8.5232932307768906E-007
           1          14  -1.2003055017816911E-004
           1          15  -2.8928329983305794E-003
           2           1   5.8367560053293535E-003
           2           2   1.9965166241032857     
           2           3   3.6520725074286747E-003
           2           4   4.1283380553066096E-015
           2           5  -7.6968770147990918E-014
           2           6   3.0657151132788553E-014
           2           7   2.0175880152131937E-015
           2           8   2.3205375447928452E-015
           2           9   2.9049291753550973E-015
           2          10  -3.6067065258558149E-003
           2          11  -1.9622922634846761E-005
           2          12  -1.2136184632543304E-003
           2          13   6.9915670590398759E-006
           2          14  -9.8460217768474648E-004
           2          15  -3.3030170561220559E-003
           3           1  -1.5978387283886813E-003
           3           2   3.6520725074286747E-003
           3           3   8.8367425922269167E-003
           3           4  -6.3254431656648353E-015
           3           5   3.5919613802237279E-015
           3           6  -1.6446707599337608E-015
           3           7   2.1836140227271242E-016
           3           8  -1.6516093173665235E-015
           3           9   8.0253621139480115E-016
           3          10  -1.7456345624957722E-003
           3          11  -3.0085717170513284E-005
           3          12   1.9234299955808939E-003
           3          13   1.0719418157298799E-005
           3          14  -1.5095846282906222E-003
           3          15  -1.2800201593037379E-003
           4           1  -1.8516625211294391E-015
           4           2   4.1283380553066096E-015
           4           3  -6.3254431656648353E-015
           4           4   1.0591113410697632     
           4           5  -5.3097484152148993E-003
           4           6   1.8918416752872671E-003
           4           7  -3.7534150125289496E-002
           4           8  -6.0721353749261064E-004
           4           9   2.1634770348877709E-004
           4          10   2.5401250127544016E-015
           4          11  -1.2216683965665001E-015
           4          12  -1.2058188416314824E-015
           4          13   7.3669423006101541E-016
           4          14  -1.0960292185464620E-015
           4          15   3.5349138319761627E-016
           5           1   3.3427162691521688E-014
           5           2  -7.6968770147990918E-014
           5           3   3.5919613802237279E-015
           5           4  -5.3097484152148993E-003
           5           5   1.8068301355396641     
           5           6 -0.26642258655972467     
           5           7  -6.0721353746449143E-004
           5           8   4.7973662826298523E-002
           5           9  -3.0467620803570274E-002
           5          10  -7.9047826360230683E-015
           5          11   1.9727392996796112E-014
           5          12   4.9309779019204944E-015
           5          13   8.3733490444900713E-015
           5          14  -9.7507971399327775E-015
           5          15   9.9337331551918545E-016
           6           1  -6.9480194476164092E-014
           6           2   3.0657151132788553E-014
           6           3  -1.6446707599337608E-015
           6           4   1.8918416752872671E-003
           6           5 -0.26642258655972467     
           6           6   1.1539989165625597     
           6           7   2.1634770348177273E-004
           6           8  -3.0467620803629074E-002
           6           9  -2.6682973029496765E-002
           6          10   2.8443409503340493E-015
           6          11  -7.4936641747405803E-015
           6          12  -1.0078318376027536E-015
           6          13  -3.6316195034834912E-015
           6          14   2.6121236387860082E-015
           6          15   3.0090943976811778E-016
           7           1  -1.9719237530501791E-014
           7           2   2.0175880152131937E-015
           7           3   2.1836140227271242E-016
           7           4  -3.7534150125289496E-002
           7           5  -6.0721353746449143E-004
           7           6   2.1634770348177273E-004
           7           7   1.3306351807310002E-003
           7           8  -1.3898132723631229E-005
           7           9   4.9518479322690452E-006
           7          10  -6.0140460389808362E-017
           7          11   3.1161323581056587E-017
           7          12   5.1164134509125000E-017
           7          13  -3.2522617129082828E-017
           7          14   4.8781078181058691E-017
           7          15   1.0485470911006887E-017
           8           1  -2.9177646079911284E-014
           8           2   2.3205375447928452E-015
           8           3  -1.6516093173665235E-015
           8           4  -6.0721353749261064E-004
           8           5   4.7973662826298523E-002
           8           6  -3.0467620803629074E-002
           8           7  -1.3898132723631229E-005
           8           8   3.2877702900775832E-003
           8           9  -6.9735440908016109E-004
           8          10  -2.1085515609349308E-016
           8          11   1.0252819038489313E-015
           8          12   5.4830471269775460E-016
           8          13   6.0073411977516444E-016
           8          14  -3.0877779835721404E-016
           8          15   2.1282320084225403E-016
           9           1   4.0279408960069267E-014
           9           2   2.9049291753550973E-015
           9           3   8.0253621139480115E-016
           9           4   2.1634770348877709E-004
           9           5  -3.0467620803570274E-002
           9           6  -2.6682973029496765E-002
           9           7   4.9518479322690452E-006
           9           8  -6.9735440908016109E-004
           9           9   1.5790010193463188E-003
           9          10  -1.1398465012664555E-017
           9          11  -3.4961685994866017E-016
           9          12  -2.1105187301402170E-016
           9          13  -1.9078124845083031E-016
           9          14   1.0091150318279707E-016
           9          15  -1.7234259358587787E-016
          10           1  -2.9298550725472918E-003
          10           2  -3.6067065258558149E-003
          10           3  -1.7456345624957722E-003
          10           4   2.5401250127544016E-015
          10           5  -7.9047826360230683E-015
          10           6   2.8443409503340493E-015
          10           7  -6.0140460389808362E-017
          10           8  -2.1085515609349308E-016
          10           9  -1.1398465012664555E-017
          10          10   3.5765790056262739E-004
          10          11   5.9783646131371080E-006
          10          12  -3.7142578969724714E-004
          10          13  -2.1300668998114970E-006
          10          14   2.9997115453226633E-004
          10          15   2.6513517114644191E-004
          11           1  -2.3921879806100651E-006
          11           2  -1.9622922634846761E-005
          11           3  -3.0085717170513284E-005
          11           4  -1.2216683965665001E-015
          11           5   1.9727392996796112E-014
          11           6  -7.4936641747405803E-015
          11           7   3.1161323581056587E-017
          11           8   1.0252819038489313E-015
          11           9  -3.4961685994866017E-016
          11          10   5.9783646131371080E-006
          11          11   1.0252974728233124E-007
          11          12  -6.5255175355053790E-006
          11          13  -3.6530930232935657E-008
          11          14   5.1445451522414814E-006
          11          15   4.3915875117617839E-006
          12           1  -2.6381192941250502E-003
          12           2  -1.2136184632543304E-003
          12           3   1.9234299955808939E-003
          12           4  -1.2058188416314824E-015
          12           5   4.9309779019204944E-015
          12           6  -1.0078318376027536E-015
          12           7   5.1164134509125000E-017
          12           8   5.4830471269775460E-016
          12           9  -2.1105187301402170E-016
          12          10  -3.7142578969724714E-004
          12          11  -6.5255175355053790E-006
          12          12   4.2438522554346693E-004
          12          13   2.3250152448376991E-006
          12          14  -3.2742516699444074E-004
          12          15  -2.7043517886178120E-004
          13           1   8.5232932307768906E-007
          13           2   6.9915670590398759E-006
          13           3   1.0719418157298799E-005
          13           4   7.3669423006101541E-016
          13           5   8.3733490444900713E-015
          13           6  -3.6316195034834912E-015
          13           7  -3.2522617129082828E-017
          13           8   6.0073411977516444E-016
          13           9  -1.9078124845083031E-016
          13          10  -2.1300668998114970E-006
          13          11  -3.6530930232935657E-008
          13          12   2.3250152448376991E-006
          13          13   1.3015821252429700E-008
          13          14  -1.8329804278090464E-006
          13          15  -1.5647046988695356E-006
          14           1  -1.2003055017816911E-004
          14           2  -9.8460217768474648E-004
          14           3  -1.5095846282906222E-003
          14           4  -1.0960292185464620E-015
          14           5  -9.7507971399327775E-015
          14           6   2.6121236387860082E-015
          14           7   4.8781078181058691E-017
          14           8  -3.0877779835721404E-016
          14           9   1.0091150318279707E-016
          14          10   2.9997115453226633E-004
          14          11   5.1445451522414814E-006
          14          12  -3.2742516699444074E-004
          14          13  -1.8329804278090464E-006
          14          14   2.5813332739982504E-004
          14          15   2.2035283242629759E-004
          15           1  -2.8928329983305794E-003
          15           2  -3.3030170561220559E-003
          15           3  -1.2800201593037379E-003
          15           4   3.5349138319761627E-016
          15           5   9.9337331551918545E-016
          15           6   3.0090943976811778E-016
          15           7   1.0485470911006887E-017
          15           8   2.1282320084225403E-016
          15           9  -1.7234259358587787E-016
          15          10   2.6513517114644191E-004
          15          11   4.3915875117617839E-006
          15          12  -2.7043517886178120E-004
          15          13  -1.5647046988695356E-006
          15          14   2.2035283242629759E-004
          15          15   1.9716981786925894E-004
