           1           1   1.9939742448662665     
           1           2  0.11481226090886988     
           1           3  -4.3997198513044442E-002
           1           4   6.1279136815976440E-016
           1           5  -1.5281848066564196E-015
           1           6  -1.6993659680196343E-015
           1           7  -1.7730754430843058E-015
           1           8  -2.0859848035759076E-015
           1           9   2.2537371898580318E-015
           1          10   1.1433025492194625E-002
           1          11   2.2915388718571896E-015
           1          12   1.1433025492193986E-002
           1          13  -2.6553557275216361E-016
           1          14   4.6157124592530909E-016
           1          15   1.1433025492193501E-002
           2           1  0.11481226090886988     
           2           2   3.6101063165307457     
           2           3 -0.84681444392632665     
           2           4   4.3222107737824622E-015
           2           5  -6.4835814102760383E-015
           2           6  -2.1807572938270463E-015
           2           7  -5.8864630989833753E-015
           2           8   2.3850974861463596E-016
           2           9   8.4791576893072925E-015
           2          10 -0.14377172593873380     
           2          11   6.8738576454953231E-016
           2          12 -0.14377172593873316     
           2          13   8.6606361779844312E-017
           2          14  -3.6269244752450718E-016
           2          15 -0.14377172593874141     
           3           1  -4.3997198513044442E-002
           3           2 -0.84681444392632665     
           3           3  0.37288806122931434     
           3           4  -8.7671890247568945E-016
           3           5   4.7631951612224700E-015
           3           6  -2.0515851960048948E-015
           3           7   1.9487417211072561E-015
           3           8  -1.0641784060881429E-015
           3           9  -2.0107978790022395E-015
           3          10   4.6511471389247834E-002
           3          11  -2.3119482704570120E-016
           3          12   4.6511471389247667E-002
           3          13   8.6894396860297373E-018
           3          14   6.6725197406321957E-017
           3          15   4.6511471389250443E-002
           4           1   6.1279136815976440E-016
           4           2   4.3222107737824622E-015
           4           3  -8.7671890247568945E-016
           4           4   2.4935976148324670     
           4           5 -0.20956590033621164     
           4           6  -6.9472862045539208E-002
           4           7 -0.56247460927434267     
           4           8  -4.8378691295121942E-002
           4           9  -1.6037943868247983E-002
           4          10  -3.9116474266282662E-016
           4          11   3.7902251335023659E-016
           4          12  -2.5215324777086108E-016
           4          13  -5.3321128205821305E-016
           4          14   2.1234538190611576E-016
           4          15  -4.8440638091161435E-016
           5           1  -1.5281848066564196E-015
           5           2  -6.4835814102760383E-015
           5           3   4.7631951612224700E-015
           5           4 -0.20956590033621164     
           5           5   1.9402901402875998     
           5           6   2.3342424957147875E-002
           5           7  -4.8378691295120811E-002
           5           8 -0.69020670433057119     
           5           9   5.3886437119306527E-003
           5          10   7.4567324630085989E-016
           5          11  -4.7439125832509464E-016
           5          12   1.9654246776417639E-016
           5          13  -3.0433488045958550E-016
           5          14   5.6073760552262652E-016
           5          15  -6.2181452047750580E-016
           6           1  -1.6993659680196343E-015
           6           2  -2.1807572938270463E-015
           6           3  -2.0515851960048948E-015
           6           4  -6.9472862045539208E-002
           6           5   2.3342424957147875E-002
           6           6   1.8776155859750920     
           6           7  -1.6037943868247740E-002
           6           8   5.3886437119301678E-003
           6           9 -0.70467524577877438     
           6          10   8.4178436090579844E-017
           6          11   7.7277890794488442E-016
           6          12   8.1909740999393347E-016
           6          13  -7.9141343795433169E-017
           6          14  -3.2560934110282197E-016
           6          15   8.5519711945073784E-016
           7           1  -1.7730754430843058E-015
           7           2  -5.8864630989833753E-015
           7           3   1.9487417211072561E-015
           7           4 -0.56247460927434267     
           7           5  -4.8378691295120811E-002
           7           6  -1.6037943868247740E-002
           7           7  0.30014917703654154     
           7           8  -1.1168313965553126E-002
           7           9  -3.7023901988103799E-003
           7          10   2.3927358341295956E-016
           7          11  -1.5410868484901682E-017
           7          12   2.0590585907500560E-016
           7          13   1.9800785411881065E-016
           7          14  -7.8610589037836500E-017
           7          15   3.3313206968125663E-016
           8           1  -2.0859848035759076E-015
           8           2   2.3850974861463596E-016
           8           3  -1.0641784060881429E-015
           8           4  -4.8378691295121942E-002
           8           5 -0.69020670433057119     
           8           6   5.3886437119301678E-003
           8           7  -1.1168313965553126E-002
           8           8  0.27066197713765205     
           8           9   1.2439787685898057E-003
           8          10  -1.7132868867005975E-016
           8          11   1.3629456275869595E-016
           8          12   2.9704269297916373E-017
           8          13   1.1613899960022460E-016
           8          14  -2.1239621277615836E-016
           8          15   3.2562471526019413E-016
           9           1   2.2537371898580318E-015
           9           2   8.4791576893072925E-015
           9           3  -2.0107978790022395E-015
           9           4  -1.6037943868247983E-002
           9           5   5.3886437119306527E-003
           9           6 -0.70467524577877438     
           9           7  -3.7023901988103799E-003
           9           8   1.2439787685898057E-003
           9           9  0.26732188650701977     
           9          10  -3.8842863326325072E-016
           9          11  -3.0619859853036464E-016
           9          12  -6.6822293930771490E-016
           9          13   3.0284319031540643E-017
           9          14   1.2283903561975303E-016
           9          15  -6.8625910454158070E-016
          10           1   1.1433025492194625E-002
          10           2 -0.14377172593873380     
          10           3   4.6511471389247834E-002
          10           4  -3.9116474266282662E-016
          10           5   7.4567324630085989E-016
          10           6   8.4178436090579844E-017
          10           7   2.3927358341295956E-016
          10           8  -1.7132868867005975E-016
          10           9  -3.8842863326325072E-016
          10          10   7.0422947908817257E-003
          10          11  -1.7358827850134515E-017
          10          12   7.0422947908816763E-003
          10          13  -1.3192087216493660E-017
          10          14  -2.1594398018143271E-017
          10          15   7.0422947908820822E-003
          11           1   2.2915388718571896E-015
          11           2   6.8738576454953231E-016
          11           3  -2.3119482704570120E-016
          11           4   3.7902251335023659E-016
          11           5  -4.7439125832509464E-016
          11           6   7.7277890794488442E-016
          11           7  -1.5410868484901682E-017
          11           8   1.3629456275869595E-016
          11           9  -3.0619859853036464E-016
          11          10  -1.7358827850134515E-017
          11          11   3.3340733088035773E-030
          11          12  -1.7358827850134349E-017
          11          13  -1.2672078129407423E-031
          11          14   9.9631270312999371E-031
          11          15  -1.7358827850136574E-017
          12           1   1.1433025492193986E-002
          12           2 -0.14377172593873316     
          12           3   4.6511471389247667E-002
          12           4  -2.5215324777086108E-016
          12           5   1.9654246776417639E-016
          12           6   8.1909740999393347E-016
          12           7   2.0590585907500560E-016
          12           8   2.9704269297916373E-017
          12           9  -6.6822293930771490E-016
          12          10   7.0422947908816763E-003
          12          11  -1.7358827850134349E-017
          12          12   7.0422947908816277E-003
          12          13  -1.3192087216492806E-017
          12          14  -2.1594398018140815E-017
          12          15   7.0422947908820345E-003
          13           1  -2.6553557275216361E-016
          13           2   8.6606361779844312E-017
          13           3   8.6894396860297373E-018
          13           4  -5.3321128205821305E-016
          13           5  -3.0433488045958550E-016
          13           6  -7.9141343795433169E-017
          13           7   1.9800785411881065E-016
          13           8   1.1613899960022460E-016
          13           9   3.0284319031540643E-017
          13          10  -1.3192087216493660E-017
          13          11  -1.2672078129407423E-031
          13          12  -1.3192087216492806E-017
          13          13   6.4545342676588982E-031
          13          14   1.4121026528835509E-030
          13          15  -1.3192087216493345E-017
          14           1   4.6157124592530909E-016
          14           2  -3.6269244752450718E-016
          14           3   6.6725197406321957E-017
          14           4   2.1234538190611576E-016
          14           5   5.6073760552262652E-016
          14           6  -3.2560934110282197E-016
          14           7  -7.8610589037836500E-017
          14           8  -2.1239621277615836E-016
          14           9   1.2283903561975303E-016
          14          10  -2.1594398018143271E-017
          14          11   9.9631270312999371E-031
          14          12  -2.1594398018140815E-017
          14          13   1.4121026528835509E-030
          14          14   6.9817669730668351E-030
          14          15  -2.1594398018143284E-017
          15           1   1.1433025492193501E-002
          15           2 -0.14377172593874141     
          15           3   4.6511471389250443E-002
          15           4  -4.8440638091161435E-016
          15           5  -6.2181452047750580E-016
          15           6   8.5519711945073784E-016
          15           7   3.3313206968125663E-016
          15           8   3.2562471526019413E-016
          15           9  -6.8625910454158070E-016
          15          10   7.0422947908820822E-003
          15          11  -1.7358827850136574E-017
          15          12   7.0422947908820345E-003
          15          13  -1.3192087216493345E-017
          15          14  -2.1594398018143284E-017
          15          15   7.0422947908824396E-003
