           1           1   2.0024097333343027     
           1           2   2.2638945913670029E-002
           1           3  0.17629747674158014     
           1           4  -5.7311734737705108E-002
           1           5   4.4003443386855841E-016
           1           6   1.6199420624829603E-015
           1           7   9.8593509815108368E-016
           1           8  -7.1244488014100631E-015
           1           9  -3.4919037154955099E-015
           1          10   2.6588556850496627E-015
           1          11   6.5260843061097795E-015
           1          12   6.6066722678581875E-015
           1          13  -3.3406176294008754E-015
           1          14  -3.0767132479564762E-002
           1          15  -7.8307123940523615E-016
           1          16  -3.0767132479566112E-002
           1          17   9.4955674601426705E-017
           1          18  -1.6889130842556597E-015
           1          19  -3.0767132479567135E-002
           2           1   2.2638945913670029E-002
           2           2   2.1060451601154395     
           2           3   1.3837634766378482     
           2           4 -0.51230488671665764     
           2           5   4.1326191191288227E-014
           2           6  -7.5610390773291494E-015
           2           7   4.9407249854773652E-014
           2           8  -8.1970325135362506E-015
           2           9   9.3814108098321290E-015
           2          10  -9.1756851870783833E-015
           2          11   8.0192260502056062E-015
           2          12  -7.8112741173708856E-015
           2          13   8.6261890183467195E-015
           2          14 -0.11787432347270341     
           2          15  -6.1488406628735503E-016
           2          16 -0.11787432347270342     
           2          17  -2.1670367420602765E-016
           2          18  -3.4666717586108539E-015
           2          19 -0.11787432347270022     
           3           1  0.17629747674158014     
           3           2   1.3837634766378482     
           3           3   11.770582284011454     
           3           4  -4.0122445515623610     
           3           5  -1.9025669704613851E-014
           3           6   1.1204822234690411E-015
           3           7  -1.8362096024455513E-014
           3           8  -8.9680786705353705E-015
           3           9  -5.2395673725045503E-016
           3          10  -3.4047894934616480E-014
           3          11   5.2604673426350563E-015
           3          12   1.5608135399239869E-015
           3          13   1.9385196008839174E-014
           3          14  -1.7474496057349866     
           3          15  -2.1368608842347133E-016
           3          16  -1.7474496057349880     
           3          17   5.0880525175100472E-016
           3          18  -2.7742798523243130E-015
           3          19  -1.7474496057349822     
           4           1  -5.7311734737705108E-002
           4           2 -0.51230488671665764     
           4           3  -4.0122445515623610     
           4           4   1.3905979791712890     
           4           5   7.9609327845087922E-015
           4           6  -1.5889016905745516E-015
           4           7   6.7062654133514851E-015
           4           8   1.1967644280259844E-014
           4           9   2.4784918811398459E-015
           4          10   2.0163075478501973E-014
           4          11  -7.3290957666377303E-015
           4          12  -1.9437767949014137E-015
           4          13  -1.2037072120039906E-014
           4          14  0.60785033051855708     
           4          15   6.4300931056672955E-017
           4          16  0.60785033051855708     
           4          17  -2.0810220615547160E-016
           4          18   1.0602251134332538E-015
           4          19  0.60785033051855519     
           5           1   4.4003443386855841E-016
           5           2   4.1326191191288227E-014
           5           3  -1.9025669704613851E-014
           5           4   7.9609327845087922E-015
           5           5   1.9610103824701481     
           5           6  -1.7694179454963434E-015
           5           7  -9.5062846483528950E-016
           5           8  -8.1094353416968912E-004
           5           9  -2.6922908347160062E-015
           5          10  -3.0054084221297532E-016
           5          11   7.8264135912109692E-002
           5          12   1.7971735211119729E-015
           5          13  -6.5876124000219624E-016
           5          14   3.6082604430019596E-015
           5          15  -1.3535359769042016E-015
           5          16   3.9744447389244937E-015
           5          17  -7.2823498247452195E-016
           5          18   1.6115918880367955E-015
           5          19   3.8738426459145708E-015
           6           1   1.6199420624829603E-015
           6           2  -7.5610390773291494E-015
           6           3   1.1204822234690411E-015
           6           4  -1.5889016905745516E-015
           6           5  -1.7694179454963434E-015
           6           6   1.9610103824701486     
           6           7  -6.9388939039072343E-016
           6           8   7.6327832942979374E-016
           6           9  -8.1094353417049403E-004
           6          10  -2.1770779623508976E-015
           6          11  -1.2004286453759497E-015
           6          12   7.8264135912111066E-002
           6          13   1.3340023530261674E-015
           6          14   6.6378564017999487E-018
           6          15   3.8204100262354144E-016
           6          16   2.5643474967954068E-016
           6          17   3.0808067608173108E-016
           6          18  -7.8482891157602997E-016
           6          19   1.5330364751656610E-015
           7           1   9.8593509815108368E-016
           7           2   4.9407249854773652E-014
           7           3  -1.8362096024455513E-014
           7           4   6.7062654133514851E-015
           7           5  -9.5062846483528950E-016
           7           6  -6.9388939039072343E-016
           7           7   1.9610103824701546     
           7           8  -1.0776535913636914E-014
           7           9  -4.0748654450695246E-015
           7          10  -8.1094353416244491E-004
           7          11   1.0589619459100416E-014
           7          12   4.0488445929298709E-015
           7          13   7.8264135912104946E-002
           7          14   5.1691487891615728E-015
           7          15   2.3922410152027753E-015
           7          16   3.7549875422454574E-015
           7          17  -1.2014901642795411E-015
           7          18   3.0983451252115461E-015
           7          19   4.7483436422163176E-015
           8           1  -7.1244488014100631E-015
           8           2  -8.1970325135362506E-015
           8           3  -8.9680786705353705E-015
           8           4   1.1967644280259844E-014
           8           5  -8.1094353416968912E-004
           8           6   7.6327832942979374E-016
           8           7  -1.0776535913636914E-014
           8           8   4.0292040658183135     
           8           9   2.4806545706468329E-014
           8          10   1.0024424866583774E-014
           8          11  -2.5295672757115986     
           8          12  -2.3883672817248674E-014
           8          13  -1.1627743039255318E-014
           8          14  -5.2749588620437968E-015
           8          15   9.3301035728955191E-016
           8          16   1.9919751199634428E-015
           8          17  -5.1490064614679458E-015
           8          18   8.8543790908645335E-015
           8          19  -2.4765338761212282E-015
           9           1  -3.4919037154955099E-015
           9           2   9.3814108098321290E-015
           9           3  -5.2395673725045503E-016
           9           4   2.4784918811398459E-015
           9           5  -2.6922908347160062E-015
           9           6  -8.1094353417049403E-004
           9           7  -4.0748654450695246E-015
           9           8   2.4806545706468329E-014
           9           9   4.0292040658183037     
           9          10   6.8122590901608828E-015
           9          11  -1.9309207011097833E-014
           9          12  -2.5295672757115950     
           9          13  -2.8293339893181495E-015
           9          14   5.1832052564250858E-016
           9          15  -1.9163884477812276E-015
           9          16  -3.2693582086758389E-015
           9          17   3.7938236845626428E-015
           9          18  -5.2487222108561162E-015
           9          19   2.8776619056493370E-015
          10           1   2.6588556850496627E-015
          10           2  -9.1756851870783833E-015
          10           3  -3.4047894934616480E-014
          10           4   2.0163075478501973E-014
          10           5  -3.0054084221297532E-016
          10           6  -2.1770779623508976E-015
          10           7  -8.1094353416244491E-004
          10           8   1.0024424866583774E-014
          10           9   6.8122590901608828E-015
          10          10   4.0292040658183463     
          10          11  -6.3372701183950519E-015
          10          12  -9.1287654518934281E-015
          10          13  -2.5295672757116368     
          10          14   1.2109584607802893E-015
          10          15   2.7380959505558058E-015
          10          16   1.0977057726639341E-014
          10          17  -5.2001747739773718E-016
          10          18   5.5885542350038438E-015
          10          19  -2.3675517483777857E-015
          11           1   6.5260843061097795E-015
          11           2   8.0192260502056062E-015
          11           3   5.2604673426350563E-015
          11           4  -7.3290957666377303E-015
          11           5   7.8264135912109692E-002
          11           6  -1.2004286453759497E-015
          11           7   1.0589619459100416E-014
          11           8  -2.5295672757115986     
          11           9  -1.9309207011097833E-014
          11          10  -6.3372701183950519E-015
          11          11   1.5913121172830027     
          11          12   1.7217997860807796E-014
          11          13   7.6865597220532496E-015
          11          14   3.3891059162902218E-015
          11          15  -6.4036618654404247E-016
          11          16  -1.1519318085917997E-015
          11          17   3.2033827019933264E-015
          11          18  -5.4876130020271653E-015
          11          19   1.6471639193580585E-015
          12           1   6.6066722678581875E-015
          12           2  -7.8112741173708856E-015
          12           3   1.5608135399239869E-015
          12           4  -1.9437767949014137E-015
          12           5   1.7971735211119729E-015
          12           6   7.8264135912111066E-002
          12           7   4.0488445929298709E-015
          12           8  -2.3883672817248674E-014
          12           9  -2.5295672757115950     
          12          10  -9.1287654518934281E-015
          12          11   1.7217997860807796E-014
          12          12   1.5913121172830018     
          12          13   5.0599715389898366E-015
          12          14  -5.8022127727810699E-016
          12          15   1.2120242207122325E-015
          12          16   1.8040005751513923E-015
          12          17  -2.3708036344072786E-015
          12          18   3.2637049239350402E-015
          12          19  -2.0089037644328138E-015
          13           1  -3.3406176294008754E-015
          13           2   8.6261890183467195E-015
          13           3   1.9385196008839174E-014
          13           4  -1.2037072120039906E-014
          13           5  -6.5876124000219624E-016
          13           6   1.3340023530261674E-015
          13           7   7.8264135912104946E-002
          13           8  -1.1627743039255318E-014
          13           9  -2.8293339893181495E-015
          13          10  -2.5295672757116368     
          13          11   7.6865597220532496E-015
          13          12   5.0599715389898366E-015
          13          13   1.5913121172830373     
          13          14  -3.2989930825971350E-016
          13          15  -1.6072753426867824E-015
          13          16  -6.5397020625958523E-015
          13          17   2.6889096078232745E-016
          13          18  -3.3649542140704012E-015
          13          19   1.9037526237645576E-015
          14           1  -3.0767132479564762E-002
          14           2 -0.11787432347270341     
          14           3  -1.7474496057349866     
          14           4  0.60785033051855708     
          14           5   3.6082604430019596E-015
          14           6   6.6378564017999487E-018
          14           7   5.1691487891615728E-015
          14           8  -5.2749588620437968E-015
          14           9   5.1832052564250858E-016
          14          10   1.2109584607802893E-015
          14          11   3.3891059162902218E-015
          14          12  -5.8022127727810699E-016
          14          13  -3.2989930825971350E-016
          14          14  0.27312933253674154     
          14          15  -1.2397400433884587E-017
          14          16  0.27312933253674154     
          14          17  -1.3833474036995422E-016
          14          18   3.2837373055162082E-016
          14          19  0.27312933253674077     
          15           1  -7.8307123940523615E-016
          15           2  -6.1488406628735503E-016
          15           3  -2.1368608842347133E-016
          15           4   6.4300931056672955E-017
          15           5  -1.3535359769042016E-015
          15           6   3.8204100262354144E-016
          15           7   2.3922410152027753E-015
          15           8   9.3301035728955191E-016
          15           9  -1.9163884477812276E-015
          15          10   2.7380959505558058E-015
          15          11  -6.4036618654404247E-016
          15          12   1.2120242207122325E-015
          15          13  -1.6072753426867824E-015
          15          14  -1.2397400433884587E-017
          15          15   9.9869677540181158E-030
          15          16  -1.2397400433877555E-017
          15          17  -6.2413726015952999E-030
          15          18   1.4532009429300142E-029
          15          19  -1.2397400433886423E-017
          16           1  -3.0767132479566112E-002
          16           2 -0.11787432347270342     
          16           3  -1.7474496057349880     
          16           4  0.60785033051855708     
          16           5   3.9744447389244937E-015
          16           6   2.5643474967954068E-016
          16           7   3.7549875422454574E-015
          16           8   1.9919751199634428E-015
          16           9  -3.2693582086758389E-015
          16          10   1.0977057726639341E-014
          16          11  -1.1519318085917997E-015
          16          12   1.8040005751513923E-015
          16          13  -6.5397020625958523E-015
          16          14  0.27312933253674154     
          16          15  -1.2397400433877555E-017
          16          16  0.27312933253674154     
          16          17  -1.3833474036996934E-016
          16          18   3.2837373055165124E-016
          16          19  0.27312933253674082     
          17           1   9.4955674601426705E-017
          17           2  -2.1670367420602765E-016
          17           3   5.0880525175100472E-016
          17           4  -2.0810220615547160E-016
          17           5  -7.2823498247452195E-016
          17           6   3.0808067608173108E-016
          17           7  -1.2014901642795411E-015
          17           8  -5.1490064614679458E-015
          17           9   3.7938236845626428E-015
          17          10  -5.2001747739773718E-016
          17          11   3.2033827019933264E-015
          17          12  -2.3708036344072786E-015
          17          13   2.6889096078232745E-016
          17          14  -1.3833474036995422E-016
          17          15  -6.2413726015952999E-030
          17          16  -1.3833474036996934E-016
          17          17   1.7481858233297802E-029
          17          18  -2.1082504208509897E-029
          17          19  -1.3833474036995240E-016
          18           1  -1.6889130842556597E-015
          18           2  -3.4666717586108539E-015
          18           3  -2.7742798523243130E-015
          18           4   1.0602251134332538E-015
          18           5   1.6115918880367955E-015
          18           6  -7.8482891157602997E-016
          18           7   3.0983451252115461E-015
          18           8   8.8543790908645335E-015
          18           9  -5.2487222108561162E-015
          18          10   5.5885542350038438E-015
          18          11  -5.4876130020271653E-015
          18          12   3.2637049239350402E-015
          18          13  -3.3649542140704012E-015
          18          14   3.2837373055162082E-016
          18          15   1.4532009429300142E-029
          18          16   3.2837373055165124E-016
          18          17  -2.1082504208509897E-029
          18          18   5.1676684701758263E-029
          18          19   3.2837373055161293E-016
          19           1  -3.0767132479567135E-002
          19           2 -0.11787432347270022     
          19           3  -1.7474496057349822     
          19           4  0.60785033051855519     
          19           5   3.8738426459145708E-015
          19           6   1.5330364751656610E-015
          19           7   4.7483436422163176E-015
          19           8  -2.4765338761212282E-015
          19           9   2.8776619056493370E-015
          19          10  -2.3675517483777857E-015
          19          11   1.6471639193580585E-015
          19          12  -2.0089037644328138E-015
          19          13   1.9037526237645576E-015
          19          14  0.27312933253674077     
          19          15  -1.2397400433886423E-017
          19          16  0.27312933253674082     
          19          17  -1.3833474036995240E-016
          19          18   3.2837373055161293E-016
          19          19  0.27312933253674004     
