           1           1   2.1683272027067488     
           1           2 -0.62758321693043195     
           1           3   6.2329339349883273E-002
           1           4   8.5019766113670209E-002
           1           5   4.3269001322331123E-015
           1           6  -1.5740823435367608E-014
           1           7   2.3093295093084996E-014
           1           8   2.6189642712953000E-015
           1           9   7.3441668976241144E-015
           1          10   1.2462859821639462E-014
           1          11  -1.8975835518637423E-014
           1          12   1.1491724966739924E-014
           1          13  -2.5206605769640311E-015
           1          14   2.2450467136002602E-003
           1          15   3.8888182251659600E-015
           1          16   2.2450467135979994E-003
           1          17   4.6045159420223623E-016
           1          18   3.6393362659315891E-015
           1          19   2.2450467135957846E-003
           2           1 -0.62758321693043195     
           2           2   2.3456005889173452     
           2           3 -0.27739118100970789     
           2           4 -0.37003112107122615     
           2           5  -1.4230617019142668E-014
           2           6   6.3447340038265291E-014
           2           7  -9.1051235066187436E-014
           2           8  -3.2092942155770373E-015
           2           9  -2.1187801964599495E-014
           2          10  -5.2172938553299619E-014
           2          11   6.2425389058239855E-014
           2          12  -4.6294413473893401E-014
           2          13   6.6469071846608130E-015
           2          14  -1.1180731123411822E-002
           2          15  -9.3351822406859390E-015
           2          16  -1.1180731123402999E-002
           2          17  -4.6221738488156161E-015
           2          18  -1.6131865064082909E-014
           2          19  -1.1180731123389956E-002
           3           1   6.2329339349883273E-002
           3           2 -0.27739118100970789     
           3           3  0.56255525059361366     
           3           4  0.58520544242788186     
           3           5   1.2392146971892775E-014
           3           6  -3.6134167702921174E-014
           3           7  -7.8457345961245194E-015
           3           8  -5.1343017996178674E-015
           3           9   2.9025729868717291E-014
           3          10   2.5963254566243514E-014
           3          11  -2.6901425165648187E-014
           3          12   4.4578615518826081E-014
           3          13   1.7552261030860969E-014
           3          14  -2.2317922334365563E-004
           3          15  -4.9013675808803280E-016
           3          16  -2.2317922334461754E-004
           3          17   1.1593903112921001E-016
           3          18  -1.1189538283629962E-015
           3          19  -2.2317922334363222E-004
           4           1   8.5019766113670209E-002
           4           2 -0.37003112107122615     
           4           3  0.58520544242788186     
           4           4  0.61387583793654188     
           4           5   1.4053971195780109E-014
           4           6  -2.4989984215093250E-014
           4           7  -5.8325782931065628E-015
           4           8  -3.6062669286687592E-015
           4           9   3.5723525898875309E-014
           4          10   2.4426805913260857E-014
           4          11  -2.7417362552992659E-014
           4          12   4.8614564824101965E-014
           4          13   1.2698338736088411E-014
           4          14  -7.2475963099989833E-004
           4          15  -2.8992361918696162E-016
           4          16  -7.2475963100109009E-004
           4          17   2.5651649245568063E-016
           4          18  -6.0322635221158063E-016
           4          19  -7.2475963100067028E-004
           5           1   4.3269001322331123E-015
           5           2  -1.4230617019142668E-014
           5           3   1.2392146971892775E-014
           5           4   1.4053971195780109E-014
           5           5   2.0338723613201584     
           5           6   1.7850304567796679E-015
           5           7   1.5959455978960295E-016
           5           8  -9.6696068049571079E-002
           5           9  -4.9907452302753039E-015
           5          10   1.1728899101954265E-015
           5          11 -0.13698616217337101     
           5          12   4.1051146856826819E-015
           5          13  -1.3209919269560668E-015
           5          14  -2.1555528080973804E-014
           5          15   1.6341312254316743E-014
           5          16  -7.9126266361126843E-015
           5          17   5.2973908067555616E-015
           5          18  -8.3155885875806714E-016
           5          19   4.9933934419600794E-015
           6           1  -1.5740823435367608E-014
           6           2   6.3447340038265291E-014
           6           3  -3.6134167702921174E-014
           6           4  -2.4989984215093250E-014
           6           5   1.7850304567796679E-015
           6           6   2.0338723613201584     
           6           7  -2.3748364386115445E-015
           6           8  -1.8048171464270274E-015
           6           9  -9.6696068049568137E-002
           6          10   5.8685695192279126E-015
           6          11   5.2503845455458491E-016
           6          12 -0.13698616217338067     
           6          13  -3.9225350398360338E-015
           6          14   2.6451219381431310E-015
           6          15  -1.0674790806936516E-014
           6          16   3.9905355704349196E-014
           6          17   4.1422487462598720E-016
           6          18   2.5690510689884066E-015
           6          19  -2.0537052905837697E-015
           7           1   2.3093295093084996E-014
           7           2  -9.1051235066187436E-014
           7           3  -7.8457345961245194E-015
           7           4  -5.8325782931065628E-015
           7           5   1.5959455978960295E-016
           7           6  -2.3748364386115445E-015
           7           7   2.0338723613201597     
           7           8   1.3466875184447909E-015
           7           9  -5.9240806704810995E-016
           7          10  -9.6696068049577089E-002
           7          11   3.2031397933443282E-016
           7          12  -6.6136332522847380E-017
           7          13 -0.13698616217337434     
           7          14  -3.8291780198866438E-015
           7          15  -3.7619495185497490E-015
           7          16  -2.0101828444873940E-015
           7          17  -1.0520690729499191E-014
           7          18   1.5624251542237467E-014
           7          19   3.5333225791142917E-015
           8           1   2.6189642712953000E-015
           8           2  -3.2092942155770373E-015
           8           3  -5.1343017996178674E-015
           8           4  -3.6062669286687592E-015
           8           5  -9.6696068049571079E-002
           8           6  -1.8048171464270274E-015
           8           7   1.3466875184447909E-015
           8           8  0.31634084236788002     
           8           9  -3.5631965585836118E-016
           8          10  -3.4323519910628192E-015
           8          11  0.31909517209820432     
           8          12   4.1921600265047615E-015
           8          13  -7.8208881360650854E-016
           8          14   3.0900550691751353E-014
           8          15  -4.2378504943806064E-014
           8          16  -9.3507757468105896E-015
           8          17  -8.6830631341455427E-015
           8          18   1.4136232743212433E-015
           8          19  -1.6275383024743130E-014
           9           1   7.3441668976241144E-015
           9           2  -2.1187801964599495E-014
           9           3   2.9025729868717291E-014
           9           4   3.5723525898875309E-014
           9           5  -4.9907452302753039E-015
           9           6  -9.6696068049568137E-002
           9           7  -5.9240806704810995E-016
           9           8  -3.5631965585836118E-016
           9           9  0.31634084236787757     
           9          10  -4.6232684564351575E-015
           9          11  -3.8602494249748421E-015
           9          12  0.31909517209820498     
           9          13   1.8061080246417065E-015
           9          14   2.7337787678784953E-014
           9          15   2.9607841128286526E-014
           9          16  -6.3432498016891120E-014
           9          17   5.1113132923549455E-015
           9          18  -1.5491582239067915E-014
           9          19   2.1626120739248559E-014
          10           1   1.2462859821639462E-014
          10           2  -5.2172938553299619E-014
          10           3   2.5963254566243514E-014
          10           4   2.4426805913260857E-014
          10           5   1.1728899101954265E-015
          10           6   5.8685695192279126E-015
          10           7  -9.6696068049577089E-002
          10           8  -3.4323519910628192E-015
          10           9  -4.6232684564351575E-015
          10          10  0.31634084236787835     
          10          11   7.5105140881894626E-017
          10          12  -1.7193311932564589E-015
          10          13  0.31909517209820337     
          10          14   4.0131872944997822E-015
          10          15   1.9134969220130754E-015
          10          16  -2.5379277185307827E-015
          10          17   2.3716218189758454E-014
          10          18  -3.7755137225584318E-014
          10          19  -9.9963819769123682E-015
          11           1  -1.8975835518637423E-014
          11           2   6.2425389058239855E-014
          11           3  -2.6901425165648187E-014
          11           4  -2.7417362552992659E-014
          11           5 -0.13698616217337101     
          11           6   5.2503845455458491E-016
          11           7   3.2031397933443282E-016
          11           8  0.31909517209820432     
          11           9  -3.8602494249748421E-015
          11          10   7.5105140881894626E-017
          11          11  0.32265370920189013     
          11          12   4.9063175124035088E-016
          11          13   2.8466773065497887E-015
          11          14   3.0743379709952305E-014
          11          15  -4.2813853839138094E-014
          11          16  -9.8849780362799192E-015
          11          17  -8.8110096494372397E-015
          11          18   1.4341726523745675E-015
          11          19  -1.7072196549371392E-014
          12           1   1.1491724966739924E-014
          12           2  -4.6294413473893401E-014
          12           3   4.4578615518826081E-014
          12           4   4.8614564824101965E-014
          12           5   4.1051146856826819E-015
          12           6 -0.13698616217338067     
          12           7  -6.6136332522847380E-017
          12           8   4.1921600265047615E-015
          12           9  0.31909517209820498     
          12          10  -1.7193311932564589E-015
          12          11   4.9063175124035088E-016
          12          12  0.32265370920189446     
          12          13   4.9337356777629707E-015
          12          14   2.9014035923802575E-014
          12          15   2.9896017312762272E-014
          12          16  -6.2735268978355253E-014
          12          17   5.1164903143281189E-015
          12          18  -1.5582603791077147E-014
          12          19   2.3358411499508874E-014
          13           1  -2.5206605769640311E-015
          13           2   6.6469071846608130E-015
          13           3   1.7552261030860969E-014
          13           4   1.2698338736088411E-014
          13           5  -1.3209919269560668E-015
          13           6  -3.9225350398360338E-015
          13           7 -0.13698616217337434     
          13           8  -7.8208881360650854E-016
          13           9   1.8061080246417065E-015
          13          10  0.31909517209820337     
          13          11   2.8466773065497887E-015
          13          12   4.9337356777629707E-015
          13          13  0.32265370920188985     
          13          14   4.2549903680786512E-015
          13          15   1.9920376277475725E-015
          13          16  -2.3527043915128555E-015
          13          17   2.3987576794964579E-014
          13          18  -3.8162561137866189E-014
          13          19  -9.9290678471004887E-015
          14           1   2.2450467136002602E-003
          14           2  -1.1180731123411822E-002
          14           3  -2.2317922334365563E-004
          14           4  -7.2475963099989833E-004
          14           5  -2.1555528080973804E-014
          14           6   2.6451219381431310E-015
          14           7  -3.8291780198866438E-015
          14           8   3.0900550691751353E-014
          14           9   2.7337787678784953E-014
          14          10   4.0131872944997822E-015
          14          11   3.0743379709952305E-014
          14          12   2.9014035923802575E-014
          14          13   4.2549903680786512E-015
          14          14   4.5199643294682235E-004
          14          15   1.0714684523018227E-016
          14          16   4.5199643294672960E-004
          14          17   3.8499302282374994E-017
          14          18   1.1143796866572137E-016
          14          19   4.5199643294670288E-004
          15           1   3.8888182251659600E-015
          15           2  -9.3351822406859390E-015
          15           3  -4.9013675808803280E-016
          15           4  -2.8992361918696162E-016
          15           5   1.6341312254316743E-014
          15           6  -1.0674790806936516E-014
          15           7  -3.7619495185497490E-015
          15           8  -4.2378504943806064E-014
          15           9   2.9607841128286526E-014
          15          10   1.9134969220130754E-015
          15          11  -4.2813853839138094E-014
          15          12   2.9896017312762272E-014
          15          13   1.9920376277475725E-015
          15          14   1.0714684523018227E-016
          15          15   8.5899188602719692E-027
          15          16   1.0714684522694124E-016
          15          17   1.8386975464373169E-027
          15          18  -1.7206367573238236E-027
          15          19   1.0714684523568620E-016
          16           1   2.2450467135979994E-003
          16           2  -1.1180731123402999E-002
          16           3  -2.2317922334461754E-004
          16           4  -7.2475963100109009E-004
          16           5  -7.9126266361126843E-015
          16           6   3.9905355704349196E-014
          16           7  -2.0101828444873940E-015
          16           8  -9.3507757468105896E-015
          16           9  -6.3432498016891120E-014
          16          10  -2.5379277185307827E-015
          16          11  -9.8849780362799192E-015
          16          12  -6.2735268978355253E-014
          16          13  -2.3527043915128555E-015
          16          14   4.5199643294672960E-004
          16          15   1.0714684522694124E-016
          16          16   4.5199643294663685E-004
          16          17   3.8499302281495007E-017
          16          18   1.1143796867063153E-016
          16          19   4.5199643294661018E-004
          17           1   4.6045159420223623E-016
          17           2  -4.6221738488156161E-015
          17           3   1.1593903112921001E-016
          17           4   2.5651649245568063E-016
          17           5   5.2973908067555616E-015
          17           6   4.1422487462598720E-016
          17           7  -1.0520690729499191E-014
          17           8  -8.6830631341455427E-015
          17           9   5.1113132923549455E-015
          17          10   2.3716218189758454E-014
          17          11  -8.8110096494372397E-015
          17          12   5.1164903143281189E-015
          17          13   2.3987576794964579E-014
          17          14   3.8499302282374994E-017
          17          15   1.8386975464373169E-027
          17          16   3.8499302281495007E-017
          17          17   2.1291391463896134E-027
          17          18  -3.0654043022383770E-027
          17          19   3.8499302282440241E-017
          18           1   3.6393362659315891E-015
          18           2  -1.6131865064082909E-014
          18           3  -1.1189538283629962E-015
          18           4  -6.0322635221158063E-016
          18           5  -8.3155885875806714E-016
          18           6   2.5690510689884066E-015
          18           7   1.5624251542237467E-014
          18           8   1.4136232743212433E-015
          18           9  -1.5491582239067915E-014
          18          10  -3.7755137225584318E-014
          18          11   1.4341726523745675E-015
          18          12  -1.5582603791077147E-014
          18          13  -3.8162561137866189E-014
          18          14   1.1143796866572137E-016
          18          15  -1.7206367573238236E-027
          18          16   1.1143796867063153E-016
          18          17  -3.0654043022383770E-027
          18          18   5.5031938118731836E-027
          18          19   1.1143796866715204E-016
          19           1   2.2450467135957846E-003
          19           2  -1.1180731123389956E-002
          19           3  -2.2317922334363222E-004
          19           4  -7.2475963100067028E-004
          19           5   4.9933934419600794E-015
          19           6  -2.0537052905837697E-015
          19           7   3.5333225791142917E-015
          19           8  -1.6275383024743130E-014
          19           9   2.1626120739248559E-014
          19          10  -9.9963819769123682E-015
          19          11  -1.7072196549371392E-014
          19          12   2.3358411499508874E-014
          19          13  -9.9290678471004887E-015
          19          14   4.5199643294670288E-004
          19          15   1.0714684523568620E-016
          19          16   4.5199643294661018E-004
          19          17   3.8499302282440241E-017
          19          18   1.1143796866715204E-016
          19          19   4.5199643294658340E-004
