           1           1   2.1761023011099638     
           1           2 -0.64671606903372314     
           1           3   6.7167751048782143E-002
           1           4   9.1856994199226938E-002
           1           5   1.4334271464274959E-014
           1           6   2.5984158638101435E-014
           1           7   9.6346393355732092E-015
           1           8   7.5795315833784369E-016
           1           9  -5.7348593351542187E-016
           1          10   7.3645370290602822E-015
           1          11  -6.0124492842139579E-015
           1          12   3.5803021278657572E-015
           1          13  -3.0752540751546038E-015
           1          14   1.8902440222375431E-003
           1          15  -3.0728008350760041E-004
           1          16   2.7405752220431429E-003
           1          17  -9.1167381560055378E-005
           1          18   3.1749328159767494E-004
           1          19   1.8954080126000693E-003
           2           1 -0.64671606903372314     
           2           2   2.3833563331591816     
           2           3 -0.30303259525615478     
           2           4 -0.40315724649418583     
           2           5  -3.4976824917265395E-014
           2           6  -5.2504316828394003E-014
           2           7  -1.7429172111743184E-014
           2           8  -4.3195801606432094E-015
           2           9   8.6454917850663602E-015
           2          10  -2.7817505111993516E-014
           2          11   2.2835937891507808E-014
           2          12  -1.0590299416403093E-014
           2          13   1.3028338219817215E-014
           2          14  -9.7480569478848207E-003
           2          15   1.5118771566257749E-003
           2          16  -1.3931850124039450E-002
           2          17   4.4856106531424630E-004
           2          18  -1.5621280570838969E-003
           2          19  -9.7734647744423045E-003
           3           1   6.7167751048782143E-002
           3           2 -0.30303259525615478     
           3           3  0.56657597115889657     
           3           4  0.59025449902238869     
           3           5   2.4367958506567848E-013
           3           6  -1.3704739516894462E-013
           3           7  -4.8445980523470725E-014
           3           8   3.2284578293514763E-014
           3           9   2.2975097241782153E-014
           3          10   2.8459613563671901E-014
           3          11   3.6323485109042044E-015
           3          12   7.6918227525431218E-015
           3          13   1.2275383716014300E-014
           3          14  -1.0843164018894159E-003
           3          15  -1.7711794566597425E-003
           3          16   3.8170398306146686E-003
           3          17  -5.2549384746153555E-004
           3          18   1.8300488973270277E-003
           3          19  -1.0545508748002266E-003
           4           1   9.1856994199226938E-002
           4           2 -0.40315724649418583     
           4           3  0.59025449902238869     
           4           4  0.62007595120073578     
           4           5  -1.9822275226186807E-013
           4           6  -2.0570912912724290E-013
           4           7  -5.8938561911705178E-014
           4           8   1.0120097493292128E-014
           4           9  -7.8748785485591922E-015
           4          10   7.1956390984226660E-015
           4          11  -9.5329464427546323E-015
           4          12  -2.0234458312297418E-014
           4          13  -7.5623885062624785E-015
           4          14  -2.1305160030199149E-003
           4          15  -2.8771939217718378E-003
           4          16   5.8314961508585082E-003
           4          17  -8.5363891172178042E-004
           4          18   2.9728244329770021E-003
           4          19  -2.0821633681105470E-003
           5           1   1.4334271464274959E-014
           5           2  -3.4976824917265395E-014
           5           3   2.4367958506567848E-013
           5           4  -1.9822275226186807E-013
           5           5   2.0586124497406568     
           5           6  -1.5184779292183703E-002
           5           7  -4.5051945835574174E-003
           5           8 -0.15240942946580469     
           5           9   3.4145590998987486E-002
           5          10   1.0130705796360929E-002
           5          11 -0.14710628625954811     
           5          12   3.4559563958359248E-002
           5          13   1.0253528044788542E-002
           5          14   8.2284868039005787E-014
           5          15   8.9488275333338332E-014
           5          16  -3.9036977093465450E-014
           5          17   3.1054779925685404E-014
           5          18  -6.2191990870426617E-014
           5          19  -5.8550891571498598E-014
           6           1   2.5984158638101435E-014
           6           2  -5.2504316828394003E-014
           6           3  -1.3704739516894462E-013
           6           4  -2.0570912912724290E-013
           6           5  -1.5184779292183703E-002
           6           6   2.1071336522278381     
           6           7   1.5689482259296082E-002
           6           8   3.4145590999231847E-002
           6           9 -0.26151770815205239     
           6          10  -3.5280502447680377E-002
           6          11   3.4559563958291663E-002
           6          12 -0.25753736756063395     
           6          13  -3.5708234801844825E-002
           6          14   1.3301796268383885E-013
           6          15   1.0310403253079800E-013
           6          16   1.5055953555007211E-013
           6          17   4.5804400403039848E-014
           6          18   1.3387404916907385E-014
           6          19   2.3793556973602589E-014
           7           1   9.6346393355732092E-015
           7           2  -1.7429172111743184E-014
           7           3  -4.8445980523470725E-014
           7           4  -5.8938561911705178E-014
           7           5  -4.5051945835574174E-003
           7           6   1.5689482259296082E-002
           7           7   2.0589071149714226     
           7           8   1.0130705796419195E-002
           7           9  -3.5280502447767897E-002
           7          10 -0.15307203493076699     
           7          11   1.0253528044722600E-002
           7          12  -3.5708234801846199E-002
           7          13 -0.14777692499436129     
           7          14   3.3313344529328415E-014
           7          15   2.8581385232385270E-014
           7          16   4.2519650359503155E-014
           7          17   9.7775875041259532E-015
           7          18   3.7438150318932136E-015
           7          19   6.4351438286895253E-015
           8           1   7.5795315833784369E-016
           8           2  -4.3195801606432094E-015
           8           3   3.2284578293514763E-014
           8           4   1.0120097493292128E-014
           8           5 -0.15240942946580469     
           8           6   3.4145590999231847E-002
           8           7   1.0130705796419195E-002
           8           8  0.41626525312092205     
           8           9  -7.4875152128421676E-002
           8          10  -2.2214819409412809E-002
           8          11  0.34673752631094745     
           8          12  -8.0355816462338053E-002
           8          13  -2.3840885800733253E-002
           8          14   1.3452122933625687E-014
           8          15   3.6687360685578436E-015
           8          16  -4.4806333022555811E-015
           8          17  -1.0857298129528762E-015
           8          18  -1.5218807390664997E-015
           8          19  -7.1573995351995487E-015
           9           1  -5.7348593351542187E-016
           9           2   8.6454917850663602E-015
           9           3   2.2975097241782153E-014
           9           4  -7.8748785485591922E-015
           9           5   3.4145590998987486E-002
           9           6 -0.26151770815205239     
           9           7  -3.5280502447767897E-002
           9           8  -7.4875152128421676E-002
           9           9  0.65552012398890080     
           9          10   7.7363809226346822E-002
           9          11  -8.0355816462315793E-002
           9          12  0.60350522486882308     
           9          13   8.3026636718607161E-002
           9          14  -3.7629802112166012E-015
           9          15   6.7586983937987631E-015
           9          16   4.1799467897855878E-015
           9          17   3.9065069780931009E-015
           9          18   1.7129887335343435E-015
           9          19   4.9068864307371215E-016
          10           1   7.3645370290602822E-015
          10           2  -2.7817505111993516E-014
          10           3   2.8459613563671901E-014
          10           4   7.1956390984226660E-015
          10           5   1.0130705796360929E-002
          10           6  -3.5280502447680377E-002
          10           7 -0.15307203493076699     
          10           8  -2.2214819409412809E-002
          10           9   7.7363809226346822E-002
          10          10  0.41771822797201708     
          10          11  -2.3840885800740723E-002
          10          12   8.3026636718650265E-002
          10          13  0.34829685510215169     
          10          14  -1.3000778494127708E-015
          10          15  -2.1020573603276184E-015
          10          16   1.1997635964251878E-015
          10          17   1.1295994955267328E-014
          10          18   3.3944258565580135E-015
          10          19  -3.4416159949832845E-015
          11           1  -6.0124492842139579E-015
          11           2   2.2835937891507808E-014
          11           3   3.6323485109042044E-015
          11           4  -9.5329464427546323E-015
          11           5 -0.14710628625954811     
          11           6   3.4559563958291663E-002
          11           7   1.0253528044722600E-002
          11           8  0.34673752631094745     
          11           9  -8.0355816462315793E-002
          11          10  -2.3840885800740723E-002
          11          11  0.28960020691815214     
          11          12  -8.3661951824734251E-002
          11          13  -2.4821787981648982E-002
          11          14   9.7628050966347879E-015
          11          15   1.6559088274227298E-015
          11          16  -3.4641245071018887E-015
          11          17  -1.4485926721501740E-015
          11          18  -5.4364038373874870E-016
          11          19  -5.6058154476498785E-015
          12           1   3.5803021278657572E-015
          12           2  -1.0590299416403093E-014
          12           3   7.6918227525431218E-015
          12           4  -2.0234458312297418E-014
          12           5   3.4559563958359248E-002
          12           6 -0.25753736756063395     
          12           7  -3.5708234801846199E-002
          12           8  -8.0355816462338053E-002
          12           9  0.60350522486882308     
          12          10   8.3026636718650265E-002
          12          11  -8.3661951824734251E-002
          12          12  0.55693227785753907     
          12          13   8.6442659500328006E-002
          12          14  -4.3027643017435969E-015
          12          15   5.2899525420460088E-015
          12          16   2.3154809346244905E-015
          12          17   3.3674987879595752E-015
          12          18   1.4532847244364722E-015
          12          19   9.8147127518279260E-016
          13           1  -3.0752540751546038E-015
          13           2   1.3028338219817215E-014
          13           3   1.2275383716014300E-014
          13           4  -7.5623885062624785E-015
          13           5   1.0253528044788542E-002
          13           6  -3.5708234801844825E-002
          13           7 -0.14777692499436129     
          13           8  -2.3840885800733253E-002
          13           9   8.3026636718607161E-002
          13          10  0.34829685510215169     
          13          11  -2.4821787981648982E-002
          13          12   8.6442659500328006E-002
          13          13  0.29122369226062239     
          13          14  -1.6968896166640791E-015
          13          15  -1.8568664727498078E-015
          13          16   5.9993008145101926E-016
          13          17   9.2825708797097500E-015
          13          18   2.8833838124069637E-015
          13          19  -2.9584044211774381E-015
          14           1   1.8902440222375431E-003
          14           2  -9.7480569478848207E-003
          14           3  -1.0843164018894159E-003
          14           4  -2.1305160030199149E-003
          14           5   8.2284868039005787E-014
          14           6   1.3301796268383885E-013
          14           7   3.3313344529328415E-014
          14           8   1.3452122933625687E-014
          14           9  -3.7629802112166012E-015
          14          10  -1.3000778494127708E-015
          14          11   9.7628050966347879E-015
          14          12  -4.3027643017435969E-015
          14          13  -1.6968896166640791E-015
          14          14   1.2122841090441185E-003
          14          15   8.3366949678273993E-004
          14          16  -1.0947159911193394E-003
          14          17   2.4734263359344356E-004
          14          18  -8.6137852242719362E-004
          14          19   1.1982738900887854E-003
          15           1  -3.0728008350760041E-004
          15           2   1.5118771566257749E-003
          15           3  -1.7711794566597425E-003
          15           4  -2.8771939217718378E-003
          15           5   8.9488275333338332E-014
          15           6   1.0310403253079800E-013
          15           7   2.8581385232385270E-014
          15           8   3.6687360685578436E-015
          15           9   6.7586983937987631E-015
          15          10  -2.1020573603276184E-015
          15          11   1.6559088274227298E-015
          15          12   5.2899525420460088E-015
          15          13  -1.8568664727498078E-015
          15          14   8.3366949678273993E-004
          15          15   6.0288802111800003E-004
          15          16  -8.3469276245100343E-004
          15          17   1.7887173691824695E-004
          15          18  -6.2292646525244507E-004
          15          19   8.2353767210407373E-004
          16           1   2.7405752220431429E-003
          16           2  -1.3931850124039450E-002
          16           3   3.8170398306146686E-003
          16           4   5.8314961508585082E-003
          16           5  -3.9036977093465450E-014
          16           6   1.5055953555007211E-013
          16           7   4.2519650359503155E-014
          16           8  -4.4806333022555811E-015
          16           9   4.1799467897855878E-015
          16          10   1.1997635964251878E-015
          16          11  -3.4641245071018887E-015
          16          12   2.3154809346244905E-015
          16          13   5.9993008145101926E-016
          16          14  -1.0947159911193394E-003
          16          15  -8.3469276245100343E-004
          16          16   1.2151157755602394E-003
          16          17  -2.4764622779509867E-004
          16          18   8.6243579880916914E-004
          16          19  -1.0806885756899096E-003
          17           1  -9.1167381560055378E-005
          17           2   4.4856106531424630E-004
          17           3  -5.2549384746153555E-004
          17           4  -8.5363891172178042E-004
          17           5   3.1054779925685404E-014
          17           6   4.5804400403039848E-014
          17           7   9.7775875041259532E-015
          17           8  -1.0857298129528762E-015
          17           9   3.9065069780931009E-015
          17          10   1.1295994955267328E-014
          17          11  -1.4485926721501740E-015
          17          12   3.3674987879595752E-015
          17          13   9.2825708797097500E-015
          17          14   2.4734263359344356E-004
          17          15   1.7887173691824695E-004
          17          16  -2.4764622779509867E-004
          17          17   5.3069719661735196E-005
          17          18  -1.8481697248756658E-004
          17          19   2.4433660757377997E-004
          18           1   3.1749328159767494E-004
          18           2  -1.5621280570838969E-003
          18           3   1.8300488973270277E-003
          18           4   2.9728244329770021E-003
          18           5  -6.2191990870426617E-014
          18           6   1.3387404916907385E-014
          18           7   3.7438150318932136E-015
          18           8  -1.5218807390664997E-015
          18           9   1.7129887335343435E-015
          18          10   3.3944258565580135E-015
          18          11  -5.4364038373874870E-016
          18          12   1.4532847244364722E-015
          18          13   2.8833838124069637E-015
          18          14  -8.6137852242719362E-004
          18          15  -6.2292646525244507E-004
          18          16   8.6243579880916914E-004
          18          17  -1.8481697248756658E-004
          18          18   6.4363093562935011E-004
          18          19  -8.5090994200667856E-004
          19           1   1.8954080126000693E-003
          19           2  -9.7734647744423045E-003
          19           3  -1.0545508748002266E-003
          19           4  -2.0821633681105470E-003
          19           5  -5.8550891571498598E-014
          19           6   2.3793556973602589E-014
          19           7   6.4351438286895253E-015
          19           8  -7.1573995351995487E-015
          19           9   4.9068864307371215E-016
          19          10  -3.4416159949832845E-015
          19          11  -5.6058154476498785E-015
          19          12   9.8147127518279260E-016
          19          13  -2.9584044211774381E-015
          19          14   1.1982738900887854E-003
          19          15   8.2353767210407373E-004
          19          16  -1.0806885756899096E-003
          19          17   2.4433660757377997E-004
          19          18  -8.5090994200667856E-004
          19          19   1.1844339413457027E-003
