           1           1   1.9999735934454907     
           1           2  -2.9263963304847851E-005
           1           3   1.2632320682481411E-003
           1           4   3.9154755908642495E-004
           1           5   1.2313051461679759E-011
           1           6   3.5255554565667595E-012
           1           7   5.5432559773346826E-012
           1           8  -1.7277856720571217E-011
           1           9  -1.2311292586823571E-011
           1          10   2.0447827854812345E-011
           1          11   1.4713731731290768E-012
           1          12   2.2260069583953277E-013
           1          13  -1.0236393188442401E-012
           1          14  -7.9387670780969725E-004
           1          15   6.3586044193916807E-005
           1          16  -9.2082644180010748E-004
           1          17   1.2418831171497302E-005
           1          18  -3.3173979266330002E-005
           1          19  -7.7891277540662702E-004
           2           1  -2.9263963304847851E-005
           2           2   2.0035593492265678     
           2           3   1.4739360692095102E-002
           2           4   5.8422399018377737E-003
           2           5  -1.7699682969170848E-011
           2           6   2.9949689571441420E-011
           2           7  -1.8721823550923420E-010
           2           8  -1.1715534803408559E-010
           2           9  -8.8298045809404473E-011
           2          10   1.6711698457185995E-010
           2          11   4.0427237256963198E-012
           2          12   7.0886259050994351E-012
           2          13  -5.1643962658695362E-011
           2          14  -9.9818491220851971E-003
           2          15   3.8931541339148310E-004
           2          16  -1.0759118649963151E-002
           2          17   7.5951034616984360E-005
           2          18  -2.0309950686672366E-004
           2          19  -9.8902301467918216E-003
           3           1   1.2632320682481411E-003
           3           2   1.4739360692095102E-002
           3           3   1.9839655885811769     
           3           4   2.7645107928636788E-003
           3           5  -9.7929046589752774E-011
           3           6  -4.3673905848982730E-011
           3           7  -3.8887217753746849E-011
           3           8  -1.5440290449983208E-010
           3           9   6.8131381412110213E-011
           3          10  -1.5131318119665058E-009
           3          11   1.0636252316851623E-010
           3          12   2.5585143466709029E-010
           3          13  -3.7430830359351680E-010
           3          14  -8.4495618723277183E-004
           3          15  -4.3190091195420485E-003
           3          16   7.7779589434379924E-003
           3          17  -8.4107675697506559E-004
           3          18   2.2529190857229105E-003
           3          19  -1.8613640729313735E-003
           4           1   3.9154755908642495E-004
           4           2   5.8422399018377737E-003
           4           3   2.7645107928636788E-003
           4           4   1.7283083189119663E-003
           4           5  -2.0375731727288166E-010
           4           6  -6.4986171987430771E-011
           4           7  -5.8390943709079926E-011
           4           8   4.0276903441170123E-010
           4           9   2.9536863078214469E-010
           4          10  -5.2507929683718466E-010
           4          11  -2.7308020945538447E-011
           4          12  -7.1535169514865246E-012
           4          13   6.0570393626962312E-011
           4          14  -1.2679264841142760E-003
           4          15  -1.3099306813606126E-003
           4          16   1.3473541028324798E-003
           4          17  -2.5508636057302084E-004
           4          18   6.8329622808144816E-004
           4          19  -1.5761972007502971E-003
           5           1   1.2313051461679759E-011
           5           2  -1.7699682969170848E-011
           5           3  -9.7929046589752774E-011
           5           4  -2.0375731727288166E-010
           5           5   2.0002503984347948     
           5           6   4.0945638668269394E-004
           5           7   7.9722069405904723E-005
           5           8   3.5518215748686363E-003
           5           9   4.8323555400039998E-003
           5          10   9.4102045772863157E-004
           5          11  -1.3858473899139771E-003
           5          12  -2.1187264898196298E-003
           5          13  -4.1258664634112043E-004
           5          14   1.7403661066393476E-010
           5          15  -2.2907266699852397E-011
           5          16  -2.6065932699365664E-011
           5          17   5.6769766239791545E-012
           5          18   4.7276793166723261E-011
           5          19   1.2015997018111680E-010
           6           1   3.5255554565667595E-012
           6           2   2.9949689571441420E-011
           6           3  -4.3673905848982730E-011
           6           4  -6.4986171987430771E-011
           6           5   4.0945638668269394E-004
           6           6   1.9993065093779019     
           6           7  -2.1353978245753724E-004
           6           8   4.8323558771082827E-003
           6           9  -7.5885126144595834E-003
           6          10  -2.5206901502369452E-003
           6          11  -2.1187266659533537E-003
           6          12   3.4985857654965501E-003
           6          13   1.1051851118474452E-003
           6          14   3.6205794397650095E-011
           6          15  -1.5473962278314487E-011
           6          16  -1.5262560312719775E-011
           6          17   1.5036806334073962E-010
           6          18  -5.8867378107268289E-012
           6          19   3.5056852241948641E-011
           7           1   5.5432559773346826E-012
           7           2  -1.8721823550923420E-010
           7           3  -3.8887217753746849E-011
           7           4  -5.8390943709079926E-011
           7           5   7.9722069405904723E-005
           7           6  -2.1353978245753724E-004
           7           7   2.0003616862609990     
           7           8   9.4102052838317520E-004
           7           9  -2.5206901696990230E-003
           7          10   4.8649658107641873E-003
           7          11  -4.1258681752175965E-004
           7          12   1.1051854217457584E-003
           7          13  -1.9615905427231520E-003
           7          14   1.5120788643246597E-010
           7          15   2.7973525564710944E-011
           7          16  -2.3407559666910342E-011
           7          17   6.1400425951383729E-011
           7          18   7.4300671768104379E-011
           7          19   1.0174878406402479E-010
           8           1  -1.7277856720571217E-011
           8           2  -1.1715534803408559E-010
           8           3  -1.5440290449983208E-010
           8           4   4.0276903441170123E-010
           8           5   3.5518215748686363E-003
           8           6   4.8323558771082827E-003
           8           7   9.4102052838317520E-004
           8           8   1.1645997353634006     
           8           9 -0.26192915247609183     
           8          10  -5.1006268070034805E-002
           8          11  -2.6755321942374059E-002
           8          12  -3.0748263172072701E-002
           8          13  -5.9877040862186676E-003
           8          14  -3.1424340818251967E-010
           8          15  -3.8959802225952320E-010
           8          16   6.9634426660602340E-011
           8          17   3.1035945707051249E-010
           8          18   5.7304943673357552E-011
           8          19   1.8385924527217173E-010
           9           1  -1.2311292586823571E-011
           9           2  -8.8298045809404473E-011
           9           3   6.8131381412110213E-011
           9           4   2.9536863078214469E-010
           9           5   4.8323555400039998E-003
           9           6  -7.5885126144595834E-003
           9           7  -2.5206901696990230E-003
           9           8 -0.26192915247609183     
           9           9   1.7684415500470374     
           9          10  0.13662953049237650     
           9          11  -3.0748262746273985E-002
           9          12   4.4130590965992797E-002
           9          13   1.6039151630482480E-002
           9          14  -2.5153717050389858E-012
           9          15  -1.1439947003316659E-010
           9          16  -2.1002213446151456E-010
           9          17   8.3205341061559870E-010
           9          18  -2.4883528523501672E-010
           9          19   1.3455840123262793E-010
          10           1   2.0447827854812345E-011
          10           2   1.6711698457185995E-010
          10           3  -1.5131318119665058E-009
          10           4  -5.2507929683718466E-010
          10           5   9.4102045772863157E-004
          10           6  -2.5206901502369452E-003
          10           7   4.8649658107641873E-003
          10           8  -5.1006268070034805E-002
          10           9  0.13662953049237650     
          10          10   1.0934231482102381     
          10          11  -5.9877051926708700E-003
          10          12   1.6039152009803211E-002
          10          13  -3.5110850312551643E-002
          10          14  -2.2301743253792288E-010
          10          15   3.9694846169431376E-010
          10          16  -9.3300954850232987E-010
          10          17   3.6332176272747310E-010
          10          18   3.9260676919116407E-010
          10          19   1.4132493819895582E-009
          11           1   1.4713731731290768E-012
          11           2   4.0427237256963198E-012
          11           3   1.0636252316851623E-010
          11           4  -2.7308020945538447E-011
          11           5  -1.3858473899139771E-003
          11           6  -2.1187266659533537E-003
          11           7  -4.1258681752175965E-004
          11           8  -2.6755321942374059E-002
          11           9  -3.0748262746273985E-002
          11          10  -5.9877051926708700E-003
          11          11   1.5045082263888778E-003
          11          12  -3.4443593951297412E-004
          11          13  -6.7073033240804816E-005
          11          14   1.6809708605627243E-011
          11          15   1.8264694987923104E-011
          11          16  -4.4916506234774288E-012
          11          17  -2.8884041758946840E-011
          11          18   4.1462929254994731E-012
          11          19  -6.4843650845638818E-013
          12           1   2.2260069583953277E-013
          12           2   7.0886259050994351E-012
          12           3   2.5585143466709029E-010
          12           4  -7.1535169514865246E-012
          12           5  -2.1187264898196298E-003
          12           6   3.4985857654965501E-003
          12           7   1.1051854217457584E-003
          12           8  -3.0748263172072701E-002
          12           9   4.4130590965992797E-002
          12          10   1.6039152009803211E-002
          12          11  -3.4443593951297412E-004
          12          12   2.2985581498716568E-003
          12          13   1.7966728101591778E-004
          12          14   7.6707749756623391E-012
          12          15   1.6814988699770030E-011
          12          16  -1.1391855186949876E-011
          12          17   2.2287353181436353E-011
          12          18  -2.0525279629263994E-011
          12          19   7.8685404509592680E-012
          13           1  -1.0236393188442401E-012
          13           2  -5.1643962658695362E-011
          13           3  -3.7430830359351680E-010
          13           4   6.0570393626962312E-011
          13           5  -4.1258664634112043E-004
          13           6   1.1051851118474452E-003
          13           7  -1.9615905427231520E-003
          13           8  -5.9877040862186676E-003
          13           9   1.6039151630482480E-002
          13          10  -3.5110850312551643E-002
          13          11  -6.7073033240804816E-005
          13          12   1.7966728101591778E-004
          13          13   1.4109112980894832E-003
          13          14  -2.0850781050642598E-011
          13          15  -4.2765092919631722E-011
          13          16   6.1657392949030666E-011
          13          17  -9.0415603221091349E-012
          13          18  -3.8358140286742235E-012
          13          19  -8.5507783559682723E-011
          14           1  -7.9387670780969725E-004
          14           2  -9.9818491220851971E-003
          14           3  -8.4495618723277183E-004
          14           4  -1.2679264841142760E-003
          14           5   1.7403661066393476E-010
          14           6   3.6205794397650095E-011
          14           7   1.5120788643246597E-010
          14           8  -3.1424340818251967E-010
          14           9  -2.5153717050389858E-012
          14          10  -2.2301743253792288E-010
          14          11   1.6809708605627243E-011
          14          12   7.6707749756623391E-012
          14          13  -2.0850781050642598E-011
          14          14   9.4740618485729248E-004
          14          15   9.4570954764469954E-004
          14          16  -9.4070580103347025E-004
          14          17   1.8416016741765629E-004
          14          18  -4.9330830169742521E-004
          14          19   1.1699634272587466E-003
          15           1   6.3586044193916807E-005
          15           2   3.8931541339148310E-004
          15           3  -4.3190091195420485E-003
          15           4  -1.3099306813606126E-003
          15           5  -2.2907266699852397E-011
          15           6  -1.5473962278314487E-011
          15           7   2.7973525564710944E-011
          15           8  -3.8959802225952320E-010
          15           9  -1.1439947003316659E-010
          15          10   3.9694846169431376E-010
          15          11   1.8264694987923104E-011
          15          12   1.6814988699770030E-011
          15          13  -4.2765092919631722E-011
          15          14   9.4570954764469954E-004
          15          15   1.0072663648197215E-003
          15          16  -1.0653008119128257E-003
          15          17   1.9614808679043071E-004
          15          18  -5.2541817220683239E-004
          15          19   1.1827531777186817E-003
          16           1  -9.2082644180010748E-004
          16           2  -1.0759118649963151E-002
          16           3   7.7779589434379924E-003
          16           4   1.3473541028324798E-003
          16           5  -2.6065932699365664E-011
          16           6  -1.5262560312719775E-011
          16           7  -2.3407559666910342E-011
          16           8   6.9634426660602340E-011
          16           9  -2.1002213446151456E-010
          16          10  -9.3300954850232987E-010
          16          11  -4.4916506234774288E-012
          16          12  -1.1391855186949876E-011
          16          13   6.1657392949030666E-011
          16          14  -9.4070580103347025E-004
          16          15  -1.0653008119128257E-003
          16          16   1.1861705096138974E-003
          16          17  -2.0745008417012129E-004
          16          18   5.5569067643963745E-004
          16          19  -1.1914068867121146E-003
          17           1   1.2418831171497302E-005
          17           2   7.5951034616984360E-005
          17           3  -8.4107675697506559E-004
          17           4  -2.5508636057302084E-004
          17           5   5.6769766239791545E-012
          17           6   1.5036806334073962E-010
          17           7   6.1400425951383729E-011
          17           8   3.1035945707051249E-010
          17           9   8.3205341061559870E-010
          17          10   3.6332176272747310E-010
          17          11  -2.8884041758946840E-011
          17          12   2.2287353181436353E-011
          17          13  -9.0415603221091349E-012
          17          14   1.8416016741765629E-004
          17          15   1.9614808679043071E-004
          17          16  -2.0745008417012129E-004
          17          17   3.8196522097743536E-005
          17          18  -1.0231630167002371E-004
          17          19   2.3032040481741207E-004
          18           1  -3.3173979266330002E-005
          18           2  -2.0309950686672366E-004
          18           3   2.2529190857229105E-003
          18           4   6.8329622808144816E-004
          18           5   4.7276793166723261E-011
          18           6  -5.8867378107268289E-012
          18           7   7.4300671768104379E-011
          18           8   5.7304943673357552E-011
          18           9  -2.4883528523501672E-010
          18          10   3.9260676919116407E-010
          18          11   4.1462929254994731E-012
          18          12  -2.0525279629263994E-011
          18          13  -3.8358140286742235E-012
          18          14  -4.9330830169742521E-004
          18          15  -5.2541817220683239E-004
          18          16   5.5569067643963745E-004
          18          17  -1.0231630167002371E-004
          18          18   2.7407274314658679E-004
          18          19  -6.1695685703167772E-004
          19           1  -7.7891277540662702E-004
          19           2  -9.8902301467918216E-003
          19           3  -1.8613640729313735E-003
          19           4  -1.5761972007502971E-003
          19           5   1.2015997018111680E-010
          19           6   3.5056852241948641E-011
          19           7   1.0174878406402479E-010
          19           8   1.8385924527217173E-010
          19           9   1.3455840123262793E-010
          19          10   1.4132493819895582E-009
          19          11  -6.4843650845638818E-013
          19          12   7.8685404509592680E-012
          19          13  -8.5507783559682723E-011
          19          14   1.1699634272587466E-003
          19          15   1.1827531777186817E-003
          19          16  -1.1914068867121146E-003
          19          17   2.3032040481741207E-004
          19          18  -6.1695685703167772E-004
          19          19   1.4483050029022925E-003
