           1           1   1.9999840782375906     
           1           2  -1.0890729645490532E-004
           1           3   5.5646535990856371E-003
           1           4   1.2692008803236335E-003
           1           5   2.2538086616618141E-005
           1           6  -1.0322405911229634E-004
           1           7   1.1100904428767328E-013
           1           8   2.6944536765058394E-014
           1           9   8.0511918492639544E-015
           1          10   3.3970038720048163E-014
           1          11  -3.0300310813349699E-014
           1          12   1.8506700137746911E-014
           1          13  -8.4229273157487094E-013
           1          14  -1.3699834219514424E-012
           1          15  -7.9174180966003758E-014
           1          16  -6.0317172884978312E-013
           1          17  -1.0965438128741210E-012
           1          18  -3.5998670511721338E-014
           1          19  -2.3732432870578426E-013
           1          20  -3.3342262660039406E-013
           1          21  -3.7432215995778840E-014
           1          22   1.8631358149871505E-004
           1          23   2.5075321178922555E-005
           1          24   1.7624469867922972E-004
           1          25  -2.4621934171777287E-005
           1          26  -2.1989097752043834E-005
           1          27   1.7571966129606355E-004
           1          28   1.5689651931299263E-004
           1          29  -1.0583812864388553E-004
           1          30   1.9746366671969396E-004
           1          31   1.0400845455250845E-004
           1          32   9.0615390151969650E-005
           1          33   1.9971023883005992E-004
           1          34   2.8465696871961489E-006
           1          35   6.4070029628580556E-005
           1          36  -2.2099799899545821E-005
           1          37  -6.2945520579973986E-005
           1          38  -5.5296804238198302E-005
           1          39  -2.3453645650597904E-005
           1          40  -3.6384327466370758E-014
           1          41  -4.1636728917083204E-015
           1          42  -2.1762528863428812E-014
           1          43   1.9178498910798350E-014
           1          44  -4.5078532706984703E-015
           1          45  -4.2979754168315809E-015
           1          46  -2.0590023321610225E-014
           1          47  -1.7085805605017424E-014
           1          48  -4.9790768334216024E-015
           1          49  -7.4285080763186749E-015
           2           1  -1.0890729645490532E-004
           2           2   1.9994733251193471     
           2           3   1.6140412200508845E-002
           2           4  -4.7815962365737111E-006
           2           5  -9.0606669726105648E-005
           2           6   4.8063072224648117E-004
           2           7   4.1680618951379436E-013
           2           8   1.5553422844037893E-013
           2           9  -4.2233002885801298E-014
           2          10   1.3772727517707605E-013
           2          11  -3.9821370228516035E-014
           2          12   3.3786917357992728E-014
           2          13   1.0197913903753877E-012
           2          14  -3.6827190397704752E-012
           2          15   1.0014325602767717E-012
           2          16   1.1490412380116593E-012
           2          17  -2.7977948796660644E-012
           2          18   8.6025485697737769E-013
           2          19   1.2448999199775129E-013
           2          20  -9.6885640588362010E-013
           2          21   2.3870872878736818E-013
           2          22   1.8407961750897897E-003
           2          23   1.0860636632775314E-004
           2          24   1.7981908513055027E-003
           2          25  -1.0668635313654397E-004
           2          26  -9.4096466034954444E-005
           2          27   1.7959009414970028E-003
           2          28   1.5062677040564658E-003
           2          29  -3.9590488205640197E-004
           2          30   1.6585849614628259E-003
           2          31   3.8903593845794024E-004
           2          32   3.3960896410066110E-004
           2          33   1.6669796473877429E-003
           2          34  -2.5633800805167255E-004
           2          35   2.4517759146330370E-004
           2          36  -3.5177135979869606E-004
           2          37  -2.4087568959296499E-004
           2          38  -2.1157173524588644E-004
           2          39  -3.5695259984241392E-004
           2          40  -1.4782092909129208E-013
           2          41  -2.0146036015742816E-014
           2          42  -1.0698674352543148E-013
           2          43  -4.3034756155021199E-014
           2          44  -2.9501057115502931E-014
           2          45  -3.0836703658353036E-014
           2          46  -4.2980489276787838E-014
           2          47  -8.2675308766470868E-014
           2          48  -4.1678568730096515E-014
           2          49  -1.4961764904928539E-014
           3           1   5.5646535990856371E-003
           3           2   1.6140412200508845E-002
           3           3   2.1447494151652862     
           3           4  0.12303125979085056     
           3           5   5.1320646742047662E-003
           3           6  -4.1296738511703783E-002
           3           7   9.9796922927990963E-013
           3           8   1.6190468119114449E-013
           3           9   7.7040402049766593E-014
           3          10   2.6038690984693329E-013
           3          11  -5.5777792683875211E-013
           3          12   3.7388487893450892E-014
           3          13   7.8142403279620375E-013
           3          14   1.3613413596146372E-012
           3          15   2.8945256773674143E-013
           3          16   6.4959386760983136E-013
           3          17   9.8263923999610141E-013
           3          18   1.3745874129424064E-013
           3          19   2.4314144862792541E-013
           3          20   4.0030023535368518E-013
           3          21   5.3476937068520363E-014
           3          22  -4.3008617201954175E-002
           3          23   6.1118145113967150E-003
           3          24  -4.5365013462123474E-002
           3          25  -6.0055578547517380E-003
           3          26  -5.2484102489348235E-003
           3          27  -4.5494528433077039E-002
           3          28  -1.5775238723734025E-002
           3          29  -7.1616257946249973E-003
           3          30  -1.3000609122595890E-002
           3          31   7.0365315482298768E-003
           3          32   6.1652475143787631E-003
           3          33  -1.2849060543739504E-002
           3          34   1.0265060102771020E-002
           3          35   3.5269278951554129E-003
           3          36   8.8903150860463499E-003
           3          37  -3.4649608240768792E-003
           3          38  -3.0456815773428490E-003
           3          39   8.8158122068694028E-003
           3          40   4.3316304087642435E-014
           3          41   3.7794374741392157E-014
           3          42   1.9788626128039715E-014
           3          43   9.8159109634018514E-014
           3          44   5.0890753183920738E-015
           3          45  -9.9481231040145698E-015
           3          46   1.4791565564520354E-014
           3          47   2.4963904299103320E-014
           3          48   3.9463013538463981E-014
           3          49   1.4190935308039136E-014
           4           1   1.2692008803236335E-003
           4           2  -4.7815962365737111E-006
           4           3  0.12303125979085056     
           4           4   2.1101122395776795     
           4           5   5.2135452208423354E-002
           4           6  -4.6779690662797781E-002
           4           7   2.0333222946834147E-012
           4           8   3.8989949967509568E-013
           4           9   1.9753966036334706E-013
           4          10   7.9324170810183135E-013
           4          11  -9.9925844574055363E-013
           4          12   1.1015901993328136E-014
           4          13   7.3354666783603018E-013
           4          14   4.3688168556674685E-013
           4          15   1.7513353932417468E-013
           4          16   7.5554817546461166E-013
           4          17   3.3610832585696569E-013
           4          18  -8.4408359594069983E-015
           4          19   6.8811871023492388E-014
           4          20   8.5907821196326317E-014
           4          21   1.6473545810931213E-013
           4          22  -6.9100353515469254E-003
           4          23   2.8638769531692521E-002
           4          24  -1.7749298999623173E-002
           4          25  -2.8149669539338909E-002
           4          26  -2.4362923292911631E-002
           4          27  -1.8359375494099262E-002
           4          28  -1.1061153091354355E-003
           4          29   2.2262901874074498E-002
           4          30  -9.8936461424045576E-003
           4          31  -2.1866976372502140E-002
           4          32  -1.9349977619254166E-002
           4          33  -1.0362194995114088E-002
           4          34   4.0900631437899796E-003
           4          35  -4.9404062629734707E-003
           4          36   6.0074938074151998E-003
           4          37   4.8539642692983029E-003
           4          38   4.2568900287887242E-003
           4          39   6.1119855647916443E-003
           4          40   2.1266993277466664E-014
           4          41  -4.0303818096045131E-014
           4          42  -1.6810629164229052E-014
           4          43   2.5767321588942319E-014
           4          44   5.3421445277062326E-014
           4          45   3.4073099112520315E-014
           4          46   9.3858973303348590E-016
           4          47  -8.9587478416413153E-015
           4          48  -3.9486610969337938E-014
           4          49  -4.1441113281709518E-014
           5           1   2.2538086616618141E-005
           5           2  -9.0606669726105648E-005
           5           3   5.1320646742047662E-003
           5           4   5.2135452208423354E-002
           5           5   1.6164927585950472E-003
           5           6  -2.1887482443740439E-003
           5           7   2.0239799640503018E-013
           5           8   3.7061148593930893E-014
           5           9   1.5941917490257733E-014
           5          10   7.1237180118694180E-014
           5          11  -5.1883568828879810E-014
           5          12  -1.1544796750343628E-014
           5          13  -4.2546227595553093E-014
           5          14  -1.3529589166483908E-014
           5          15   5.4632979997058151E-014
           5          16   6.2957340584156249E-014
           5          17   2.8422724161775469E-014
           5          18  -2.6143700232413350E-014
           5          19   1.3958076758329155E-014
           5          20   7.9168800650837409E-015
           5          21  -1.9793326628809209E-015
           5          22  -6.9024216620650904E-004
           5          23   4.5942815943717907E-005
           5          24  -5.0371297057023911E-004
           5          25  -5.4024310381715240E-005
           5          26   1.9279902103462907E-004
           5          27  -5.0791096024218674E-004
           5          28  -2.6416433613467961E-004
           5          29   2.7565739184682875E-004
           5          30  -4.0833631976907762E-004
           5          31  -2.6921742429717718E-004
           5          32  -2.7980497437115779E-004
           5          33  -4.1357953721737184E-004
           5          34   2.4853642898401410E-004
           5          35  -8.0545161503998199E-005
           5          36   2.7913472710396233E-004
           5          37   7.9164660916153988E-005
           5          38   6.8648526356549977E-005
           5          39   2.8084874672274054E-004
           5          40  -4.8721016807301493E-015
           5          41  -1.1169584330888028E-015
           5          42  -2.9945520992265504E-015
           5          43  -1.4037027445664442E-015
           5          44   2.6783700616867528E-015
           5          45  -3.7968907521846520E-016
           5          46   1.6548571159172858E-015
           5          47  -2.4433214067973196E-015
           5          48  -1.7724206808510287E-015
           5          49   3.1922961703096249E-015
           6           1  -1.0322405911229634E-004
           6           2   4.8063072224648117E-004
           6           3  -4.1296738511703783E-002
           6           4  -4.6779690662797781E-002
           6           5  -2.1887482443740439E-003
           6           6   4.7772345471347958E-003
           6           7   5.8165529145974032E-013
           6           8   4.5908614161641041E-013
           6           9  -1.5747549052077587E-013
           6          10   4.2256377455513074E-013
           6          11   1.6488690083764903E-013
           6          12  -1.5556735502601640E-013
           6          13   2.1448619064373819E-013
           6          14   5.0142957848265816E-014
           6          15  -1.8209160175525951E-013
           6          16  -1.0688865108434512E-013
           6          17  -7.7450953017368053E-014
           6          18   5.7726267179702786E-014
           6          19  -2.9531500616994212E-014
           6          20  -2.4155152216781397E-014
           6          21   9.2888875070967337E-015
           6          22   2.0294175026691714E-003
           6          23   1.5287266299403187E-003
           6          24   1.4480922811067965E-003
           6          25  -1.5024999649329348E-003
           6          26  -1.3035897560147163E-003
           6          27   1.4155697887427248E-003
           6          28   1.0297188508433981E-003
           6          29   4.5281579991996660E-004
           6          30   8.8188119907323939E-004
           6          31  -4.4610620744585123E-004
           6          32  -3.5843583434148782E-004
           6          33   8.7186341149796728E-004
           6          34  -6.9345822906932383E-004
           6          35  -7.8998751718279737E-005
           6          36  -6.6198747871577682E-004
           6          37   7.7581280857398063E-005
           6          38   6.8990554803375389E-005
           6          39  -6.6032941223604508E-004
           6          40   6.2517068663972673E-015
           6          41   4.2469727477924716E-017
           6          42   2.7704115075660936E-015
           6          43   2.3856363915774576E-015
           6          44  -4.2087380465923569E-015
           6          45   7.5944380197340653E-016
           6          46  -2.4223485798227239E-015
           6          47   2.0227694458377778E-015
           6          48   1.3941595722832088E-015
           6          49  -8.5990387309905589E-015
           7           1   1.1100904428767328E-013
           7           2   4.1680618951379436E-013
           7           3   9.9796922927990963E-013
           7           4   2.0333222946834147E-012
           7           5   2.0239799640503018E-013
           7           6   5.8165529145974032E-013
           7           7   2.0000003971439693     
           7           8   4.0339099411661574E-006
           7           9  -3.9627888893733647E-006
           7          10   7.3489920868524304E-004
           7          11   2.5174869409174262E-004
           7          12  -2.4731864807383066E-004
           7          13   4.5233338963776553E-003
           7          14   4.1761390217945563E-003
           7          15  -4.1027653905239417E-003
           7          16   3.9736795848525535E-003
           7          17   3.7351506848499246E-003
           7          18  -3.6695215256771132E-003
           7          19   1.0413040051893635E-003
           7          20   9.5161104210686432E-004
           7          21  -9.3489226525659630E-004
           7          22  -1.0294633290163188E-012
           7          23  -2.7115184669024953E-015
           7          24  -1.0305850476373475E-012
           7          25  -1.4422898410509545E-015
           7          26   2.1660805494862636E-015
           7          27  -1.0217885894199547E-012
           7          28  -6.8058101897085106E-013
           7          29   1.8235510701794304E-015
           7          30  -6.8407061992737365E-013
           7          31  -4.0125311970641992E-015
           7          32   2.3622956608139792E-015
           7          33  -6.7828567791746063E-013
           7          34  -5.6821094325107177E-014
           7          35   6.1064817345156564E-016
           7          36  -5.3814318448148414E-014
           7          37   5.5016358678302933E-015
           7          38  -2.1692740760652303E-015
           7          39  -6.1213534756262288E-014
           7          40  -1.7060988424001683E-004
           7          41  -2.0103128792256064E-004
           7          42  -1.3589827893659791E-004
           7          43  -1.5844370252574469E-004
           7          44   2.1092198763850183E-004
           7          45  -1.5348086983913264E-004
           7          46   1.6213960923237229E-004
           7          47  -1.2411687498648777E-004
           7          48  -1.7689907422615745E-004
           7          49   1.5433685720262397E-004
           8           1   2.6944536765058394E-014
           8           2   1.5553422844037893E-013
           8           3   1.6190468119114449E-013
           8           4   3.8989949967509568E-013
           8           5   3.7061148593930893E-014
           8           6   4.5908614161641041E-013
           8           7   4.0339099411661574E-006
           8           8   1.9999985751296923     
           8           9  -3.4898056916325392E-006
           8          10   2.5174869405856202E-004
           8          11   6.2140758785653866E-004
           8          12  -2.1757821706829038E-004
           8          13   4.1761390195719150E-003
           8          14   2.6437105941618660E-003
           8          15  -3.6063123301253146E-003
           8          16   3.7351506830572666E-003
           8          17   2.2924442211868269E-003
           8          18  -3.2255895256214561E-003
           8          19   9.5161104152094098E-004
           8          20   6.1301731915924525E-004
           8          21  -8.2174524611008872E-004
           8          22  -2.5934488591091256E-013
           8          23  -3.4667965093694308E-015
           8          24  -2.6424168276510070E-013
           8          25   1.4707913658308044E-015
           8          26   8.1633114467142352E-015
           8          27  -2.4988858762386621E-013
           8          28  -1.8592464254314196E-013
           8          29   7.5039569954421355E-015
           8          30  -1.9167464051627945E-013
           8          31  -3.9549006151157436E-015
           8          32   9.2569694876931880E-016
           8          33  -1.8897888763313153E-013
           8          34  -8.4857744860318368E-014
           8          35  -3.8818926892526079E-015
           8          36  -8.3691593679077978E-014
           8          37   3.1303376830223966E-015
           8          38  -1.0610307268389084E-014
           8          39  -9.9183569912845386E-014
           8          40  -2.8663151480495705E-004
           8          41  -9.4251598304297222E-005
           8          42  -2.9024574702120960E-005
           8          43  -1.9010915885647641E-004
           8          44  -5.3335773121261214E-005
           8          45   8.3140821554629902E-005
           8          46   2.0737348411246453E-004
           8          47  -1.7692378965692129E-004
           8          48   1.2627303581536620E-004
           8          49   2.6533907642920597E-004
           9           1   8.0511918492639544E-015
           9           2  -4.2233002885801298E-014
           9           3   7.7040402049766593E-014
           9           4   1.9753966036334706E-013
           9           5   1.5941917490257733E-014
           9           6  -1.5747549052077587E-013
           9           7  -3.9627888893733647E-006
           9           8  -3.4898056916325392E-006
           9           9   1.9999984768283792     
           9          10  -2.4731864805337849E-004
           9          11  -2.1757821709234753E-004
           9          12   6.1526985108596678E-004
           9          13  -4.1027653893926028E-003
           9          14  -3.6063123296083588E-003
           9          15   2.5418466979156701E-003
           9          16  -3.6695215247667841E-003
           9          17  -3.2255895252404428E-003
           9          18   2.2013383598493705E-003
           9          19  -9.3489226495230998E-004
           9          20  -8.2174524596669300E-004
           9          21   5.8980541008938833E-004
           9          22  -5.0184455268905731E-014
           9          23   6.1421595737093041E-016
           9          24  -4.6169141158770649E-014
           9          25   8.9690392954930554E-016
           9          26   3.8022952959585981E-015
           9          27  -4.2109100678828372E-014
           9          28  -2.6207600826329513E-014
           9          29   6.4756917156106476E-015
           9          30  -4.6884081639956690E-014
           9          31   5.2345605123033258E-015
           9          32   4.1574931180120286E-015
           9          33  -3.9676400334143171E-014
           9          34   4.3536488503017381E-014
           9          35  -4.7676048796324984E-015
           9          36   5.2983333546878540E-014
           9          37  -5.6100247484846916E-015
           9          38  -1.1310984964588681E-014
           9          39   4.1104127730912380E-014
           9          40   2.9158081812805483E-004
           9          41  -5.3336703745057826E-005
           9          42   1.6216394862375865E-004
           9          43   2.7320879352740328E-004
           9          44  -8.0237387417123973E-005
           9          45  -9.8307332952444931E-005
           9          46   1.2850623195703845E-004
           9          47   2.6765552075454951E-005
           9          48   1.9681608132033395E-004
           9          49  -1.9148465275917810E-004
          10           1   3.3970038720048163E-014
          10           2   1.3772727517707605E-013
          10           3   2.6038690984693329E-013
          10           4   7.9324170810183135E-013
          10           5   7.1237180118694180E-014
          10           6   4.2256377455513074E-013
          10           7   7.3489920868524304E-004
          10           8   2.5174869405856202E-004
          10           9  -2.4731864805337849E-004
          10          10   2.0426750482862630     
          10          11   3.7608486852280607E-003
          10          12  -3.6944337767995696E-003
          10          13  0.16405674284105543     
          10          14   5.2671002993848999E-003
          10          15  -5.1746999899765223E-003
          10          16  0.15786576815105213     
          10          17   5.0824397110022755E-003
          10          18  -4.9931801954769817E-003
          10          19   3.7575024645682173E-002
          10          20   1.6339613304417130E-003
          10          21  -1.6052555012699829E-003
          10          22  -4.1965204413592237E-013
          10          23  -2.0958009437323270E-014
          10          24  -3.9302130484900007E-013
          10          25  -3.2251207949638979E-014
          10          26  -6.3171854516029934E-015
          10          27  -3.9857244651819686E-013
          10          28  -2.9099691802772755E-013
          10          29   1.6160797026797096E-014
          10          30  -3.5214511333834823E-013
          10          31   1.9382540389943360E-014
          10          32  -5.9408937420485506E-015
          10          33  -3.4003985065158436E-013
          10          34  -8.4790220157615516E-014
          10          35  -8.9899426618203208E-015
          10          36  -3.4541308911504007E-014
          10          37  -7.1058394036292244E-015
          10          38   1.2825536079775299E-014
          10          39  -4.5942320427038955E-014
          10          40  -2.6300072071588756E-002
          10          41  -2.6886734631010115E-004
          10          42  -1.6071203853032047E-002
          10          43  -2.6286517378273531E-004
          10          44   9.1902222439907335E-004
          10          45  -1.0570549878008933E-002
          10          46   4.6412867655713837E-003
          10          47  -1.5571441380542419E-002
          10          48  -5.3028361013305915E-003
          10          49   1.9347625072553987E-004
          11           1  -3.0300310813349699E-014
          11           2  -3.9821370228516035E-014
          11           3  -5.5777792683875211E-013
          11           4  -9.9925844574055363E-013
          11           5  -5.1883568828879810E-014
          11           6   1.6488690083764903E-013
          11           7   2.5174869409174262E-004
          11           8   6.2140758785653866E-004
          11           9  -2.1757821709234753E-004
          11          10   3.7608486852280607E-003
          11          11   2.0409733708505140     
          11          12  -3.2565219314124039E-003
          11          13   5.2671002539497738E-003
          11          14  0.16168984453865531     
          11          15  -4.5447190696839505E-003
          11          16   5.0824396801701418E-003
          11          17  0.15557923048181121     
          11          18  -4.3879658228872034E-003
          11          19   1.6339613162485959E-003
          11          20   3.6839665837718798E-002
          11          21  -1.4109462721888935E-003
          11          22   4.0004728309243873E-013
          11          23  -4.3169046203057179E-015
          11          24   3.9498975566592115E-013
          11          25  -1.0706023157841573E-014
          11          26  -4.7247477963958094E-015
          11          27   4.3800287398921497E-013
          11          28   2.6010177890873388E-013
          11          29   6.0552560493170252E-015
          11          30   3.0422746848734053E-013
          11          31   2.1069242043299869E-015
          11          32   4.6130504522885764E-015
          11          33   2.4507909404881070E-013
          11          34  -5.4593019549132030E-014
          11          35  -3.5440718101868635E-015
          11          36  -6.9183716288311800E-014
          11          37  -3.5300881964332925E-015
          11          38   1.2748977156192472E-014
          11          39  -4.2572768292031368E-014
          11          40  -6.5265460069705026E-003
          11          41  -1.4150425735082781E-002
          11          42   8.1358126023447497E-003
          11          43  -3.3726488556368034E-002
          11          44  -5.4791040330914908E-003
          11          45   5.4563966976067585E-004
          11          46   1.8851921884732925E-003
          11          47  -5.3039063444249579E-003
          11          48  -4.8515393038879740E-003
          11          49   6.4997809503604580E-003
          12           1   1.8506700137746911E-014
          12           2   3.3786917357992728E-014
          12           3   3.7388487893450892E-014
          12           4   1.1015901993328136E-014
          12           5  -1.1544796750343628E-014
          12           6  -1.5556735502601640E-013
          12           7  -2.4731864807383066E-004
          12           8  -2.1757821706829038E-004
          12           9   6.1526985108596678E-004
          12          10  -3.6944337767995696E-003
          12          11  -3.2565219314124039E-003
          12          12   2.0408817782426079     
          12          13  -5.1746999442887250E-003
          12          14  -4.5447190672532212E-003
          12          15  0.16156131072870034     
          12          16  -4.9931801645801003E-003
          12          17  -4.3879658211920889E-003
          12          18  0.15545524435002883     
          12          19  -1.6052554869263962E-003
          12          20  -1.4109462714461812E-003
          12          21   3.6799809393973371E-002
          12          22   8.3840640817695082E-015
          12          23   1.3026816049423060E-014
          12          24   3.9557354478708332E-014
          12          25  -2.1199930539498891E-014
          12          26   4.4422685401420642E-015
          12          27   1.0509669877456555E-014
          12          28   3.2860872347481130E-014
          12          29   5.9030042447517446E-015
          12          30   2.2660116135444476E-014
          12          31   1.8137607837446855E-014
          12          32   3.1312116788040381E-014
          12          33   2.5702183172983298E-014
          12          34   2.8075218259447341E-014
          12          35  -5.0924053707825038E-015
          12          36   2.0114338342937576E-014
          12          37  -6.1390737031798548E-015
          12          38  -2.7560535495107538E-014
          12          39   2.8479099556152246E-014
          12          40   6.8993910958317830E-003
          12          41  -5.4791443323322121E-003
          12          42   4.6423407258354074E-003
          12          43   6.8841997286290101E-003
          12          44  -1.3547320822124684E-002
          12          45  -1.2229872851783003E-003
          12          46  -4.7481800084693600E-003
          12          47  -8.0789606301544109E-003
          12          48   1.3694805744945580E-003
          12          49  -3.4145471867707763E-002
          13           1  -8.4229273157487094E-013
          13           2   1.0197913903753877E-012
          13           3   7.8142403279620375E-013
          13           4   7.3354666783603018E-013
          13           5  -4.2546227595553093E-014
          13           6   2.1448619064373819E-013
          13           7   4.5233338963776553E-003
          13           8   4.1761390195719150E-003
          13           9  -4.1027653893926028E-003
          13          10  0.16405674284105543     
          13          11   5.2671002539497738E-003
          13          12  -5.1746999442887250E-003
          13          13   1.4020447610536018E-002
          13          14   3.6122948561740308E-004
          13          15  -3.5559367819326736E-004
          13          16   1.3428688502572910E-002
          13          17   3.8432488541142507E-004
          13          18  -3.7820468023584512E-004
          13          19   3.2166313854767306E-003
          13          20   1.1542313205212972E-004
          13          21  -1.1356241872687017E-004
          13          22   2.2405767972006943E-014
          13          23   1.5151478132816542E-013
          13          24  -3.4311357071666028E-014
          13          25  -1.5154244899843128E-013
          13          26  -1.3338798493877536E-013
          13          27  -3.5844407614378792E-014
          13          28   1.7775070022863608E-014
          13          29   6.0677416914597544E-014
          13          30  -7.1459991759212206E-015
          13          31  -5.7817496368310621E-014
          13          32  -5.0356207424865521E-014
          13          33  -8.8622299956207007E-015
          13          34  -3.1598100353468844E-014
          13          35  -9.9087434188087754E-015
          13          36  -2.4467378314475961E-014
          13          37   8.8678829545523572E-015
          13          38   9.3342855244719922E-015
          13          39  -2.4610077988412845E-014
          13          40  -2.2605872576213892E-003
          13          41   1.5262885370442424E-004
          13          42  -1.2797157620893867E-003
          13          43  -2.5954855293469636E-004
          13          44  -1.2131784650775182E-004
          13          45  -5.8525011345832894E-004
          13          46   3.1903991044719888E-004
          13          47  -1.2610840466493025E-003
          13          48  -3.4915168250143418E-004
          13          49   2.5165021451960040E-004
          14           1  -1.3699834219514424E-012
          14           2  -3.6827190397704752E-012
          14           3   1.3613413596146372E-012
          14           4   4.3688168556674685E-013
          14           5  -1.3529589166483908E-014
          14           6   5.0142957848265816E-014
          14           7   4.1761390217945563E-003
          14           8   2.6437105941618660E-003
          14           9  -3.6063123296083588E-003
          14          10   5.2671002993848999E-003
          14          11  0.16168984453865531     
          14          12  -4.5447190672532212E-003
          14          13   3.6122948561740308E-004
          14          14   1.3876743001245776E-002
          14          15  -2.9334752149426965E-004
          14          16   3.8432488665620084E-004
          14          17   1.3272501066684397E-002
          14          18  -3.1534775916868311E-004
          14          19   1.1542313092489307E-004
          14          20   3.1691225364224285E-003
          14          21  -9.5299842157157673E-005
          14          22   1.4714744297133171E-013
          14          23  -2.0176990371432457E-014
          14          24  -6.2919984267450430E-014
          14          25   2.5022964002757201E-014
          14          26  -2.2958997116904534E-013
          14          27  -5.5451470915345796E-014
          14          28   9.5243513622058941E-015
          14          29   2.9744446833037876E-014
          14          30   2.7507753530227167E-014
          14          31  -2.9339837656989415E-014
          14          32   6.3097830569531683E-015
          14          33   2.2993264764796158E-014
          14          34  -7.8983753740807242E-015
          14          35  -2.0016340266886209E-015
          14          36  -6.9533559139647311E-015
          14          37   1.2033608724875963E-015
          14          38   3.3652001435515405E-015
          14          39  -5.2332433708739585E-015
          14          40  -5.3415427021411639E-004
          14          41  -1.0747445993270640E-003
          14          42   5.2231113741067173E-004
          14          43  -2.6196708381149730E-003
          14          44  -1.2228187378844854E-004
          14          45  -1.2426523738210741E-004
          14          46  -7.9403840775786800E-005
          14          47  -3.5041172400845574E-004
          14          48  -7.4372023403982714E-004
          14          49   4.9757153710171514E-004
          15           1  -7.9174180966003758E-014
          15           2   1.0014325602767717E-012
          15           3   2.8945256773674143E-013
          15           4   1.7513353932417468E-013
          15           5   5.4632979997058151E-014
          15           6  -1.8209160175525951E-013
          15           7  -4.1027653905239417E-003
          15           8  -3.6063123301253146E-003
          15           9   2.5418466979156701E-003
          15          10  -5.1746999899765223E-003
          15          11  -4.5447190696839505E-003
          15          12  0.16156131072870034     
          15          13  -3.5559367819326736E-004
          15          14  -2.9334752149426965E-004
          15          15   1.3867633863388611E-002
          15          16  -3.7820468149945652E-004
          15          17  -3.1534775922525374E-004
          15          18   1.3262861550852838E-002
          15          19  -1.1356241755393852E-004
          15          20  -9.5299842100380716E-005
          15          21   3.1662370267269637E-003
          15          22   1.4538388688979774E-013
          15          23  -2.4356995551794689E-013
          15          24  -1.2224540094698266E-013
          15          25   2.5378452839503483E-013
          15          26  -2.0511695039788715E-013
          15          27  -1.1126425833530158E-013
          15          28  -5.8882889269355055E-014
          15          29  -2.4825459455087820E-014
          15          30  -5.9542468563094261E-015
          15          31   2.3577067132465444E-014
          15          32   7.3560844393225468E-014
          15          33  -6.0445647534464383E-015
          15          34   2.5718156700793995E-014
          15          35   6.9161377519502030E-015
          15          36   2.3157020801796062E-014
          15          37  -7.3859381938705805E-015
          15          38  -7.1602441735332983E-015
          15          39   2.3941055289851720E-014
          15          40   5.4558370412048814E-004
          15          41  -1.2232931849484108E-004
          15          42   3.2028078134973626E-004
          15          43   5.1444290022784164E-004
          15          44  -1.0456588546420326E-003
          15          45   9.8697275004031558E-005
          15          46  -7.3324636223285396E-004
          15          47  -5.1691188791695654E-004
          15          48  -1.0199170559026661E-004
          15          49  -2.6391988186406558E-003
          16           1  -6.0317172884978312E-013
          16           2   1.1490412380116593E-012
          16           3   6.4959386760983136E-013
          16           4   7.5554817546461166E-013
          16           5   6.2957340584156249E-014
          16           6  -1.0688865108434512E-013
          16           7   3.9736795848525535E-003
          16           8   3.7351506830572666E-003
          16           9  -3.6695215247667841E-003
          16          10  0.15786576815105213     
          16          11   5.0824396801701418E-003
          16          12  -4.9931801645801003E-003
          16          13   1.3428688502572910E-002
          16          14   3.8432488665620084E-004
          16          15  -3.7820468149945652E-004
          16          16   1.2866506791182971E-002
          16          17   4.0245339423224460E-004
          16          18  -3.9594429622665309E-004
          16          19   3.0806060090199181E-003
          16          20   1.1963136897645468E-004
          16          21  -1.1767853109076085E-004
          16          22  -2.4180675899510700E-014
          16          23  -1.3001812824496751E-013
          16          24  -9.1214569413989231E-014
          16          25   1.3024640539423563E-013
          16          26  -2.6479128761343099E-014
          16          27  -8.5146682090374227E-014
          16          28  -6.4390636489122428E-014
          16          29  -1.6458689332855274E-014
          16          30  -4.7276754715215658E-014
          16          31   1.7441517127161397E-014
          16          32   2.9891824897393177E-014
          16          33  -4.7429206830045526E-014
          16          34   1.2431873660445859E-014
          16          35   2.3239134482142371E-015
          16          36   1.4912327183987534E-014
          16          37  -3.1552272205873901E-015
          16          38  -1.0489924527908637E-015
          16          39   1.4478249939555825E-014
          16          40  -2.1663610209132363E-003
          16          41   1.3158930568289625E-004
          16          42  -1.2314632201790225E-003
          16          43  -2.3888867279724314E-004
          16          44  -9.9978584390019039E-005
          16          45  -5.8427598538592909E-004
          16          46   3.1241160718404655E-004
          16          47  -1.2120220972831990E-003
          16          48  -3.4315684022466264E-004
          16          49   2.3139172568662110E-004
