           1           1   2.3652323875204724     
           1           2 -0.98550470729600970     
           1           3  0.23582387990063425     
           1           4  -8.1413543660562755E-003
           1           5  -1.8655120700934714E-002
           1           6  -3.6973513411066548E-003
           1           7  -7.0506755729698462E-013
           1           8  -2.0534101003543579E-012
           1           9   1.1750135706823801E-013
           1          10  -2.8371448143360812E-013
           1          11  -5.1635845943946370E-017
           1          12   1.9838308152704941E-013
           1          13  -2.6681415402988503E-013
           1          14   2.2332777446353364E-013
           1          15   1.1250388856484717E-013
           1          16   4.5183499866358654E-013
           1          17  -2.5525346181171043E-013
           1          18   2.4509241774784974E-013
           1          19  -6.7198657677679318E-014
           1          20   2.4824588026791429E-014
           1          21  -5.1114738528941071E-014
           1          22  -1.0832124308708508E-003
           1          23   2.6579168311857298E-005
           1          24  -1.0804781465065087E-003
           1          25   9.9489028201813913E-005
           1          26  -8.5722319156886863E-005
           1          27  -1.7726277019788697E-003
           1          28  -1.9469739319119645E-003
           1          29   7.6933396563883406E-005
           1          30  -1.9273922663248099E-003
           1          31   7.2518518857457939E-004
           1          32  -6.2843747720874553E-004
           1          33  -6.8842085791788179E-003
           1          34   2.4012575227613597E-004
           1          35   3.6677906479161320E-005
           1          36   2.4921642615217824E-004
           1          37   3.3655528452360297E-004
           1          38  -2.9162509860325447E-004
           1          39  -2.0519569357053654E-003
           1          40  -1.3342492127881984E-013
           1          41   2.4277718691153388E-014
           1          42  -6.6871680407019307E-014
           1          43   1.5456550678260127E-013
           1          44  -5.3980330214464810E-014
           1          45   3.1102109842660519E-014
           1          46  -7.9049266351115925E-014
           1          47  -8.4397952153344994E-014
           1          48   3.0445087749771421E-014
           1          49  -1.0073066675324469E-013
           2           1 -0.98550470729600970     
           2           2   2.6968862105123628     
           2           3 -0.92945755025666799     
           2           4   3.0840209926786065E-002
           2           5   7.8199831802299030E-002
           2           6   1.5684800286519640E-002
           2           7   1.9310146847521708E-012
           2           8   7.9949780535987470E-012
           2           9  -5.6106230657574907E-013
           2          10   1.2848851839171749E-012
           2          11   1.7828957932261328E-013
           2          12  -8.1384809765086212E-013
           2          13   1.3357710345699068E-012
           2          14  -6.1033443715011797E-013
           2          15  -4.9252189287770673E-013
           2          16  -1.6360848649726795E-012
           2          17   9.9411400933495756E-013
           2          18  -8.7228112027110127E-013
           2          19   2.2271758578990731E-013
           2          20  -8.1715824475570185E-014
           2          21   2.0437757662844433E-013
           2          22   4.0804185791116551E-003
           2          23  -1.2345409146497985E-004
           2          24   4.0686544231253383E-003
           2          25  -4.2702930829919996E-004
           2          26   3.6765075924069469E-004
           2          27   7.0466033704126357E-003
           2          28   6.3726436408693523E-003
           2          29  -3.1740600977026202E-004
           2          30   6.2927421574855225E-003
           2          31  -2.9586724057101975E-003
           2          32   2.5638441715437380E-003
           2          33   2.6518651406305403E-002
           2          34  -1.2369215533233877E-003
           2          35  -1.5042842456419552E-004
           2          36  -1.2742114063783463E-003
           2          37  -1.3805490827115410E-003
           2          38   1.1962463006823373E-003
           2          39   8.1651786271031458E-003
           2          40   3.4132900646728521E-013
           2          41  -1.6051909159583035E-013
           2          42   1.8480940307821253E-013
           2          43  -6.8488234392254516E-013
           2          44   1.9890141284601373E-013
           2          45  -1.0707933521612424E-013
           2          46   2.9804723096611306E-013
           2          47   2.6190870334004010E-013
           2          48  -1.6559729329863328E-013
           2          49   3.5843480725399478E-013
           3           1  0.23582387990063425     
           3           2 -0.92945755025666799     
           3           3   2.4338360680350499     
           3           4  -7.4815108376565798E-002
           3           5 -0.22314869920553573     
           3           6  -4.6738122742191787E-002
           3           7  -4.6819138637643137E-012
           3           8   2.1826001673968516E-011
           3           9  -3.3470997716583567E-012
           3          10  -7.2355422611548539E-012
           3          11  -3.1677984621395647E-012
           3          12   2.2035507044598851E-012
           3          13  -4.5381891942965756E-012
           3          14   7.5430790173243553E-013
           3          15   1.1917752848942990E-012
           3          16   3.9556165942595771E-012
           3          17  -2.9813037984237326E-012
           3          18   2.0503800771233129E-012
           3          19  -5.4170616067716336E-013
           3          20   2.6096111895972575E-013
           3          21  -4.6669467539666963E-013
           3          22  -1.1167858144875281E-002
           3          23   2.3374019057509083E-004
           3          24  -1.1143391742582463E-002
           3          25   8.9068750212537300E-004
           3          26  -7.6756919242131853E-004
           3          27  -1.7336754344485811E-002
           3          28  -1.0099568003541106E-002
           3          29   8.7298794683947627E-004
           3          30  -9.8747494098401119E-003
           3          31   8.3270582428821762E-003
           3          32  -7.2164575824252997E-003
           3          33  -6.6784333292511336E-002
           3          34   4.6588745724592566E-003
           3          35   4.0720769585807551E-004
           3          36   4.7596793317772352E-003
           3          37   3.7319425025570232E-003
           3          38  -3.2337121736412079E-003
           3          39  -2.0757595814648883E-002
           3          40  -3.3945775328305770E-013
           3          41   6.7654112676906893E-013
           3          42  -2.8777916848801673E-013
           3          43   2.3019334047894493E-012
           3          44  -4.2705706514392644E-013
           3          45   2.8999995212201266E-013
           3          46  -7.4820624016946284E-013
           3          47  -4.4827406052256794E-013
           3          48   7.1349115937533360E-013
           3          49  -7.3085114646802049E-013
           4           1  -8.1413543660562755E-003
           4           2   3.0840209926786065E-002
           4           3  -7.4815108376565798E-002
           4           4   2.6077131384251682E-003
           4           5   1.9224597248581037E-002
           4           6   3.9458663666073618E-003
           4           7   3.3208655197832671E-014
           4           8  -1.3200650519901135E-011
           4           9   1.5157026913660477E-012
           4          10   8.4034205474099720E-013
           4          11   2.0852093932335317E-013
           4          12  -4.7800675364479310E-014
           4          13   1.8589579308564971E-013
           4          14  -3.2140900126999037E-014
           4          15  -5.1765387107546935E-014
           4          16  -8.6858768099521697E-014
           4          17   6.0798745249544443E-014
           4          18  -1.9025313895544354E-013
           4          19   2.5618496087734524E-014
           4          20  -1.7383937994652841E-014
           4          21  -8.6001025763397256E-014
           4          22  -3.0791696378489572E-005
           4          23   2.1276325910813665E-004
           4          24  -3.5609788092523326E-005
           4          25  -2.0436676221285356E-004
           4          26   1.8432606529187549E-004
           4          27   1.1839739000545561E-003
           4          28  -1.6084363752568676E-004
           4          29  -5.4201848055034053E-006
           4          30  -1.7757719827513380E-004
           4          31  -6.2646094135731221E-004
           4          32   5.4476499489254995E-004
           4          33   4.0582701350857526E-003
           4          34  -4.9982540215423186E-004
           4          35  -3.6054456696272614E-005
           4          36  -5.0895009627148296E-004
           4          37  -3.3789991736201541E-004
           4          38   2.9281394856963745E-004
           4          39   1.8008347726480804E-003
           4          40  -1.9525588905878871E-014
           4          41  -2.0907702850867067E-014
           4          42   7.7447587556057942E-015
           4          43  -6.2007442153849004E-014
           4          44   1.4513483653965208E-014
           4          45  -8.3365424261369291E-015
           4          46   2.5886271580484162E-014
           4          47  -2.5101662053361173E-015
           4          48  -1.9077687441523050E-014
           4          49   1.8171347408222897E-014
           5           1  -1.8655120700934714E-002
           5           2   7.8199831802299030E-002
           5           3 -0.22314869920553573     
           5           4   1.9224597248581037E-002
           5           5  0.68799251840275899     
           5           6  0.13510991242487835     
           5           7  -9.6755857660561160E-011
           5           8   2.5337317111200477E-011
           5           9  -1.4998056533773121E-011
           5          10  -1.3046401031545088E-012
           5          11  -7.0561392324873614E-014
           5          12  -1.7682859647030914E-013
           5          13   2.6765451314025183E-013
           5          14   3.3331832049825483E-013
           5          15  -6.7217856494345225E-014
           5          16  -4.4305070823374190E-013
           5          17  -5.0276702106344372E-013
           5          18   1.2161348670679025E-013
           5          19   9.6954503599397957E-014
           5          20   4.1644842460501913E-014
           5          21  -1.2044621119985266E-013
           5          22  -2.6500738579836501E-002
           5          23  -1.2060564938551654E-003
           5          24  -2.6757705453601323E-002
           5          25  -9.4944999313513606E-003
           5          26   8.2217029206912047E-003
           5          27   3.8289824464525474E-002
           5          28  -2.6259194824161124E-002
           5          29  -2.1431220113504032E-003
           5          30  -2.6803088996491004E-002
           5          31  -2.0141818705032458E-002
           5          32   1.7454483035156617E-002
           5          33  0.11087588897344886     
           5          34  -1.8834846062774257E-002
           5          35  -1.3305422925302039E-003
           5          36  -1.9168934629680671E-002
           5          37  -1.2370586449462732E-002
           5          38   1.0719653683447707E-002
           5          39   6.5400774193442299E-002
           5          40  -2.5755106347747965E-013
           5          41  -1.0335869914407213E-013
           5          42  -1.7128038513344081E-013
           5          43  -2.8051908299011106E-013
           5          44   2.2096872686529515E-014
           5          45  -3.4445399138361775E-015
           5          46  -3.4945756660056504E-014
           5          47  -2.2250546348199446E-013
           5          48  -1.4950193553300742E-013
           5          49   5.7301271497588579E-014
           6           1  -3.6973513411066548E-003
           6           2   1.5684800286519640E-002
           6           3  -4.6738122742191787E-002
           6           4   3.9458663666073618E-003
           6           5  0.13510991242487835     
           6           6   2.6635639176478192E-002
           6           7   2.3896581032388566E-012
           6           8   4.1594971747883559E-011
           6           9  -4.3773322773054768E-012
           6          10   1.3438551785412040E-012
           6          11   2.1398233388876023E-012
           6          12  -1.7150204909576487E-013
           6          13   2.0595709438837066E-013
           6          14   2.5255451045571192E-013
           6          15  -4.7061216316580091E-014
           6          16  -4.6689145307685273E-014
           6          17  -7.2181051247204138E-014
           6          18  -3.9546615783215655E-014
           6          19   2.1255930539808834E-014
           6          20   4.5999147930058245E-016
           6          21  -7.9531794199783349E-014
           6          22  -5.0271492937227743E-003
           6          23  -1.9808008006903693E-004
           6          24  -5.0768179399877239E-003
           6          25  -1.8390958532088489E-003
           6          26   1.5936485169050268E-003
           6          27   7.4960903567992936E-003
           6          28  -5.1014264869317840E-003
           6          29  -4.1268862060761280E-004
           6          30  -5.2084543397191334E-003
           6          31  -3.9645317720277016E-003
           6          32   3.4358629033265542E-003
           6          33   2.1884103565024651E-002
           6          34  -3.7153510411175560E-003
           6          35  -2.6122237376260867E-004
           6          36  -3.7809570876729806E-003
           6          37  -2.4292586270751983E-003
           6          38   2.1050606318609509E-003
           6          39   1.2826268666603557E-002
           6          40  -1.0297734445215347E-013
           6          41  -2.7085351399991782E-014
           6          42  -5.1615725154755885E-014
           6          43  -1.2815130037023868E-013
           6          44   1.4375403214162120E-015
           6          45   4.6540145827691124E-015
           6          46  -7.3281809217966498E-016
           6          47  -6.1845888828190321E-014
           6          48  -5.4588590331917996E-014
           6          49   9.7281752023116483E-015
           7           1  -7.0506755729698462E-013
           7           2   1.9310146847521708E-012
           7           3  -4.6819138637643137E-012
           7           4   3.3208655197832671E-014
           7           5  -9.6755857660561160E-011
           7           6   2.3896581032388566E-012
           7           7   2.2275056081095670     
           7           8  -1.0085914474763710E-004
           7           9  -9.4579076825334479E-004
           7          10 -0.76482881812009906     
           7          11   4.4414616791741616E-004
           7          12   4.1393248693240101E-003
           7          13  -5.3375406110948730E-002
           7          14   9.9652342579751433E-005
           7          15   9.0438355066960034E-004
           7          16   1.4154931967482547E-003
           7          17  -6.8148596628348249E-004
           7          18  -6.2840548486758387E-003
           7          19  -5.9519859885497528E-004
           7          20  -4.1497882785728986E-004
           7          21  -3.8168468345839159E-003
           7          22   3.7780465329884746E-012
           7          23  -9.1412661739650303E-013
           7          24   1.8955290764020687E-012
           7          25   3.6640652192297014E-012
           7          26  -1.3794796744992257E-012
           7          27   1.9332400965123921E-012
           7          28   3.8027526849175297E-011
           7          29  -1.2043535692687839E-012
           7          30   4.1981465862271901E-011
           7          31  -2.3445084269271620E-012
           7          32   6.5962516939057406E-013
           7          33   3.6006104939855892E-011
           7          34   7.0892402346732851E-012
           7          35   1.6168850771000437E-012
           7          36  -7.3351475714303638E-013
           7          37   2.5714845530632336E-012
           7          38   3.2382355215637386E-012
           7          39   5.6062948959564487E-012
           7          40   1.0298105834527414E-002
           7          41  -9.6115295013968425E-005
           7          42  -1.3653016545911571E-003
           7          43  -9.8056786864084386E-005
           7          44   2.4193865276634269E-004
           7          45   5.8613653471754012E-004
           7          46  -8.1077825867927771E-004
           7          47   3.3880065372046851E-003
           7          48   1.0931971324530201E-004
           7          49  -4.4931906925568739E-004
           8           1  -2.0534101003543579E-012
           8           2   7.9949780535987470E-012
           8           3   2.1826001673968516E-011
           8           4  -1.3200650519901135E-011
           8           5   2.5337317111200477E-011
           8           6   4.1594971747883559E-011
           8           7  -1.0085914474763710E-004
           8           8   2.2274761169478765     
           8           9   8.1959575677870058E-004
           8          10   4.4414614301584025E-004
           8          11 -0.76469973841972405     
           8          12  -3.5869388014296783E-003
           8          13   9.9652319348373687E-005
           8          14  -5.3347195023781588E-002
           8          15  -7.8361458471899194E-004
           8          16  -6.8148594040623282E-004
           8          17   1.2195078986983363E-003
           8          18   5.4452357347589183E-003
           8          19  -4.1497883263344362E-004
           8          20  -7.1424095120269549E-004
           8          21   3.3073274282088669E-003
           8          22  -1.1651961746620301E-011
           8          23   8.8618240914075041E-013
           8          24  -9.5235536812817310E-012
           8          25   3.8043084741739712E-012
           8          26  -1.6231703417273102E-012
           8          27  -1.0533250204678220E-011
           8          28  -2.0081652561443872E-011
           8          29  -1.0362869553055923E-012
           8          30  -2.0341165122907667E-011
           8          31  -3.6756737221579019E-012
           8          32   3.4524168299160068E-012
           8          33  -2.4284967518302309E-011
           8          34  -1.2148322017699570E-011
           8          35   1.4202126817678607E-012
           8          36  -1.9911571715291980E-011
           8          37   3.5399418969412107E-012
           8          38   1.4356440982446840E-012
           8          39  -1.3115168363308339E-011
           8          40  -9.7174524196679771E-005
           8          41  -1.3722156297466775E-003
           8          42  -9.7308590715884842E-005
           8          43   1.0303604933055214E-002
           8          44   7.0074804833524581E-004
           8          45  -6.7917120705899615E-004
           8          46  -2.1483023508122047E-004
           8          47   1.0932930326366265E-004
           8          48   3.3510312113676846E-003
           8          49   3.9475318552642698E-004
           9           1   1.1750135706823801E-013
           9           2  -5.6106230657574907E-013
           9           3  -3.3470997716583567E-012
           9           4   1.5157026913660477E-012
           9           5  -1.4998056533773121E-011
           9           6  -4.3773322773054768E-012
           9           7  -9.4579076825334479E-004
           9           8   8.1959575677870058E-004
           9           9   2.2349413771505660     
           9          10   4.1393248641142756E-003
           9          11  -3.5869388064704347E-003
           9          12 -0.79737439741372762     
           9          13   9.0438355204882520E-004
           9          14  -7.8361459323127007E-004
           9          15  -6.0488424331504434E-002
           9          16  -6.2840548092812859E-003
           9          17   5.4452357319308056E-003
           9          18   5.0830355449391698E-002
           9          19  -3.8168465384935029E-003
           9          20   3.3073271662853476E-003
           9          21   2.9419612738739945E-002
           9          22   1.8275622642156570E-012
           9          23  -2.0604564963803480E-013
           9          24   1.4442724632058265E-012
           9          25   2.8832894231790362E-013
           9          26   1.9040695623083268E-013
           9          27   1.4093036628084430E-012
           9          28   7.0493312641376857E-012
           9          29  -4.2247917247114685E-014
           9          30   7.5489515466783591E-012
           9          31   2.3972963960337393E-014
           9          32  -3.2373571677235973E-013
           9          33   7.2753941861531809E-012
           9          34   2.2614465837503183E-012
           9          35   4.5747159795118511E-014
           9          36   2.1236990268273346E-012
           9          37  -6.7871745073935351E-014
           9          38   2.5698847915510010E-013
           9          39   2.1728883618142656E-012
           9          40  -1.5129746804816197E-004
           9          41   7.0043662646888580E-004
           9          42  -8.1050736985511856E-004
           9          43   1.2755827027855166E-004
           9          44   5.1312639284678977E-003
           9          45   1.4741275649442966E-004
           9          46   5.1012025753591362E-003
           9          47  -1.5817021711940187E-004
           9          48   1.4396078733089370E-004
           9          49   1.1040541779819358E-002
          10           1  -2.8371448143360812E-013
          10           2   1.2848851839171749E-012
          10           3  -7.2355422611548539E-012
          10           4   8.4034205474099720E-013
          10           5  -1.3046401031545088E-012
          10           6   1.3438551785412040E-012
          10           7 -0.76482881812009906     
          10           8   4.4414614301584025E-004
          10           9   4.1393248641142756E-003
          10          10   2.5714206423903945     
          10          11  -1.8892186084131088E-003
          10          12  -1.7667429734600448E-002
          10          13  0.17957483319458772     
          10          14  -3.8060695688726167E-004
          10          15  -3.5278490916016789E-003
          10          16  -4.6108508065510426E-003
          10          17   2.4512063874520540E-003
          10          18   2.2575748594801170E-002
          10          19   1.8454060628323335E-003
          10          20   1.4931410726632744E-003
          10          21   1.3739092050213831E-002
          10          22  -1.8923491436646020E-013
          10          23  -9.7216183619194030E-013
          10          24   1.9118653491339348E-012
          10          25   6.8972557663098474E-014
          10          26   1.0165031229412210E-013
          10          27   2.1723051258752513E-012
          10          28   1.1718466792251689E-012
          10          29   1.4571950903545733E-013
          10          30   4.8645164764094931E-013
          10          31  -8.7821576514996311E-014
          10          32  -2.1988055496443997E-014
          10          33   6.3413203361010533E-013
          10          34  -4.0113524244192435E-013
          10          35  -8.1405095882583396E-014
          10          36  -1.9933489719434308E-013
          10          37  -7.3884663408458094E-015
          10          38   2.5019736644061284E-014
          10          39  -1.0306163225853123E-013
          10          40  -3.5700910335150084E-002
          10          41   3.4599502927656314E-004
          10          42   5.5613164610912626E-003
          10          43   3.4482304255274585E-004
          10          44  -8.5161840705705555E-004
          10          45  -2.1354398147793458E-003
          10          46   2.8988042348868114E-003
          10          47  -1.1750242866619669E-002
          10          48  -4.0055239908636371E-004
          10          49   1.5490953350958171E-003
          11           1  -5.1635845943946370E-017
          11           2   1.7828957932261328E-013
          11           3  -3.1677984621395647E-012
          11           4   2.0852093932335317E-013
          11           5  -7.0561392324873614E-014
          11           6   2.1398233388876023E-012
          11           7   4.4414616791741616E-004
          11           8 -0.76469973841972405     
          11           9  -3.5869388064704347E-003
          11          10  -1.8892186084131088E-003
          11          11   2.5708697279790718     
          11          12   1.5309939981586789E-002
          11          13  -3.8060695648528645E-004
          11          14  0.17946481448870427     
          11          15   3.0569996061846003E-003
          11          16   2.4512063881450253E-003
          11          17  -3.9067547075729032E-003
          11          18  -1.9562163020739459E-002
          11          19   1.4931410743470983E-003
          11          20   2.2739078519298205E-003
          11          21  -1.1905048861597017E-002
          11          22   1.1542146110309614E-012
          11          23  -1.4802893260866031E-012
          11          24  -3.1961722669175360E-014
          11          25   1.9363320811169650E-013
          11          26   1.3958686908295903E-013
          11          27   1.2306764747996076E-012
          11          28  -3.0907459256661624E-013
          11          29   4.2490756353032823E-013
          11          30   1.0398305876685010E-013
          11          31  -3.6856874527699580E-014
          11          32  -2.2460811323668177E-014
          11          33  -2.6839586855216195E-013
          11          34  -5.5015663009468720E-013
          11          35  -1.5607672240150339E-013
          11          36  -7.0900173442205478E-013
          11          37   2.0470800087728828E-014
          11          38   3.3732578023921205E-014
          11          39  -4.6212831421464899E-013
          11          40   3.4163454474307612E-004
          11          41   5.5847896274171718E-003
          11          42   3.5030562120536631E-004
          11          43  -3.5720872236412932E-002
          11          44  -2.5053141975777881E-003
          11          45   2.4743506919196103E-003
          11          46   7.5647694487418059E-004
          11          47  -4.0058517280624052E-004
          11          48  -1.1618404576856155E-002
          11          49  -1.3619150511479999E-003
          12           1   1.9838308152704941E-013
          12           2  -8.1384809765086212E-013
          12           3   2.2035507044598851E-012
          12           4  -4.7800675364479310E-014
          12           5  -1.7682859647030914E-013
          12           6  -1.7150204909576487E-013
          12           7   4.1393248693240101E-003
          12           8  -3.5869388014296783E-003
          12           9 -0.79737439741372762     
          12          10  -1.7667429734600448E-002
          12          11   1.5309939981586789E-002
          12          12   2.7103257548936774     
          12          13  -3.5278491105845532E-003
          12          14   3.0569996248260081E-003
          12          15  0.20731446447663315     
          12          16   2.2575748494897723E-002
          12          17  -1.9562162928933622E-002
          12          18 -0.18213851330521308     
          12          19   1.3739090999705557E-002
          12          20  -1.1905047937870835E-002
          12          21 -0.10619514078897427     
          12          22  -2.9599119697896123E-013
          12          23  -1.0970032838795810E-014
          12          24  -3.4859453866504964E-013
          12          25  -1.3422747153430484E-012
          12          26  -9.1068827777321817E-013
          12          27   2.2027757320561827E-013
          12          28   1.0156202310002241E-013
          12          29   7.2301205489992794E-015
          12          30   1.5145452046930302E-013
          12          31   5.8545282593587117E-013
          12          32   2.7120538274430488E-013
          12          33  -6.5667736704663083E-014
          12          34   5.2073070928029167E-014
          12          35   8.8655359031698719E-015
          12          36   5.8219622203804735E-014
          12          37  -9.6091830823256688E-014
          12          38  -9.1374091825418419E-014
          12          39   9.1258920293284625E-014
          12          40   4.9145792089518112E-004
          12          41  -2.5042505536640820E-003
          12          42   2.8978790055725150E-003
          12          43  -4.1322663285042901E-004
          12          44  -1.7668656126441334E-002
          12          45  -5.3217650149582738E-004
          12          46  -1.7560291003443126E-002
          12          47   5.6827644642302164E-004
          12          48  -5.1738589184128722E-004
          12          49  -3.8210443538988885E-002
          13           1  -2.6681415402988503E-013
          13           2   1.3357710345699068E-012
          13           3  -4.5381891942965756E-012
          13           4   1.8589579308564971E-013
          13           5   2.6765451314025183E-013
          13           6   2.0595709438837066E-013
          13           7  -5.3375406110948730E-002
          13           8   9.9652319348373687E-005
          13           9   9.0438355204882520E-004
          13          10  0.17957483319458772     
          13          11  -3.8060695648528645E-004
          13          12  -3.5278491105845532E-003
          13          13   1.2626503702284709E-002
          13          14  -4.8598947655304155E-005
          13          15  -4.4761289453357353E-004
          13          16  -1.6901573525310076E-004
          13          17   7.0031532794563887E-005
          13          18   6.4486198924596210E-004
          13          19   1.9164933892483542E-004
          13          20   4.5376253771346019E-005
          13          21   4.1646178335769997E-004
          13          22   6.4806469349717784E-015
          13          23  -2.1203589773879719E-013
          13          24   1.6051676892382429E-013
          13          25   2.5404875696427956E-014
          13          26  -1.0402908312302999E-014
          13          27   1.9525921163252813E-013
          13          28   1.3768325467101971E-013
          13          29  -2.6673016051138045E-014
          13          30   9.1679393026689887E-014
          13          31  -2.2074122896419872E-014
          13          32   9.2977845561486361E-015
          13          33   2.1185512697578408E-013
          13          34  -3.4213808133306609E-014
          13          35  -5.4789719701281737E-015
          13          36  -2.8043246073002118E-014
          13          37  -4.8842172290907660E-015
          13          38   1.2415136446530422E-014
          13          39   4.0290579005973268E-014
          13          40  -2.4771529096029735E-003
          13          41   2.7410801232837093E-005
          13          42   2.2137514755938745E-004
          13          43   3.7964398285246869E-005
          13          44  -1.5864100259130414E-006
          13          45  -1.2190521736326972E-004
          13          46   2.4814778526407972E-004
          13          47  -7.6912539075295241E-004
          13          48  -2.4559129667175888E-005
          13          49   2.0219894488610155E-004
          14           1   2.2332777446353364E-013
          14           2  -6.1033443715011797E-013
          14           3   7.5430790173243553E-013
          14           4  -3.2140900126999037E-014
          14           5   3.3331832049825483E-013
          14           6   2.5255451045571192E-013
          14           7   9.9652342579751433E-005
          14           8  -5.3347195023781588E-002
          14           9  -7.8361459323127007E-004
          14          10  -3.8060695688726167E-004
          14          11  0.17946481448870427     
          14          12   3.0569996248260081E-003
          14          13  -4.8598947655304155E-005
          14          14   1.2612543486776522E-002
          14          15   3.8786211408411595E-004
          14          16   7.0031533720977130E-005
          14          17  -1.4890362597292175E-004
          14          18  -5.5878038560270215E-004
          14          19   4.5376254322781924E-005
          14          20   2.0463855999879561E-004
          14          21  -3.6086437527261422E-004
          14          22   3.2216525272560380E-014
          14          23  -3.2847158303203463E-013
          14          24  -5.4622398144532327E-014
          14          25   3.0715654521667583E-014
          14          26  -1.1608645459609357E-014
          14          27   1.0118679089834408E-013
          14          28  -7.0437950477384191E-014
          14          29  -2.7738647148913533E-014
          14          30  -4.0792746934250147E-014
          14          31  -8.3063129715356212E-015
          14          32   1.7736202373102941E-015
          14          33  -1.7852738559114797E-014
          14          34  -6.1240089627806485E-014
          14          35  -1.0591263833960385E-014
          14          36  -8.1714624088420869E-014
          14          37  -8.2903909060519271E-016
          14          38   8.8573934211378990E-015
          14          39  -1.7573092654389006E-014
          14          40   3.7745986350538489E-005
          14          41   2.2528301435050500E-004
          14          42   2.7703346628249638E-005
          14          43  -2.4741733261584528E-003
          14          44  -2.1439382762607727E-004
          14          45   1.4160361432745470E-004
          14          46   2.3086479278277089E-006
          14          47  -2.4558644864895950E-005
          14          48  -7.6088873165973913E-004
          14          49  -1.7642908703145046E-004
          15           1   1.1250388856484717E-013
          15           2  -4.9252189287770673E-013
          15           3   1.1917752848942990E-012
          15           4  -5.1765387107546935E-014
          15           5  -6.7217856494345225E-014
          15           6  -4.7061216316580091E-014
          15           7   9.0438355066960034E-004
          15           8  -7.8361458471899194E-004
          15           9  -6.0488424331504434E-002
          15          10  -3.5278490916016789E-003
          15          11   3.0569996061846003E-003
          15          12  0.20731446447663315     
          15          13  -4.4761289453357353E-004
          15          14   3.8786211408411595E-004
          15          15   1.6146370994135829E-002
          15          16   6.4486196256725989E-004
          15          17  -5.5878035539575020E-004
          15          18  -5.2399935373830912E-003
          15          19   4.1646173687912881E-004
          15          20  -3.6086433054435037E-004
          15          21  -3.0833954863521227E-003
          15          22  -5.4867879181696888E-014
          15          23  -7.6071032878344185E-015
          15          24  -6.2026236341715546E-014
          15          25  -1.1220619348130794E-013
          15          26  -6.5581465065437556E-014
          15          27   1.7740350622991896E-014
          15          28   7.9295689920067243E-016
          15          29  -8.9322972235323063E-016
          15          30   4.7754022039777813E-015
          15          31   4.2245546576762477E-014
          15          32   1.7683404388652223E-014
          15          33  -3.1115593074357690E-014
          15          34   1.0360458986015521E-014
          15          35   3.9269469202972385E-016
          15          36   9.7209763617214739E-015
          15          37  -9.9346724343970836E-015
          15          38  -7.8419623921030461E-015
          15          39   8.6792936461257700E-015
          15          40   1.8593519759058753E-004
          15          41  -2.1440955617649935E-004
          15          42   2.4816146500125755E-004
          15          43  -1.6051140523702892E-004
          15          44  -1.7544370174935498E-003
          15          45  -4.1699864146507703E-005
          15          46  -1.7501082253624997E-003
          15          47   2.0220015391245061E-005
          15          48  -1.9031434033718523E-005
          15          49  -3.3068765499059453E-003
          16           1   4.5183499866358654E-013
          16           2  -1.6360848649726795E-012
          16           3   3.9556165942595771E-012
          16           4  -8.6858768099521697E-014
          16           5  -4.4305070823374190E-013
          16           6  -4.6689145307685273E-014
          16           7   1.4154931967482547E-003
          16           8  -6.8148594040623282E-004
          16           9  -6.2840548092812859E-003
          16          10  -4.6108508065510426E-003
          16          11   2.4512063881450253E-003
          16          12   2.2575748494897723E-002
          16          13  -1.6901573525310076E-004
          16          14   7.0031533720977130E-005
          16          15   6.4486196256725989E-004
          16          16   8.2678062228375686E-003
          16          17  -7.1491195603203914E-003
          16          18  -6.5909974829394813E-002
          16          19   4.8257773900909308E-003
          16          20  -4.1856174630865084E-003
          16          21  -3.8588763384367189E-002
          16          22   1.6807033168342419E-014
          16          23  -2.5247275892590729E-014
          16          24   5.5087894393013045E-015
          16          25   4.0389576232802076E-015
          16          26  -4.7423721424776929E-014
          16          27  -3.0820388177816437E-014
          16          28   1.3751385301230430E-014
          16          29  -6.9488192255682166E-016
          16          30   3.0412913879034579E-014
          16          31   6.9022996069524441E-014
          16          32  -1.5633711621369041E-015
          16          33  -7.8661312832859420E-014
          16          34   9.0504597113042561E-015
          16          35   3.8784016832105067E-015
          16          36   8.9633332572294872E-015
          16          37   2.7897105134978718E-014
          16          38  -3.0069722802237233E-015
          16          39  -3.6078824355877987E-014
          16          40  -6.6151397472071101E-004
          16          41   2.6506537032626345E-004
          16          42  -3.8461386605373113E-004
          16          43   6.0656272989269614E-004
          16          44   2.4550550351256114E-003
          16          45   7.5340179946410739E-005
          16          46   2.4630357322440281E-003
          16          47   2.2678719760251605E-004
          16          48  -1.6835151501240356E-004
          16          49   2.5900376823880297E-003
