           1           1   2.0000702905830501     
           1           2   1.8408193183939566E-004
           1           3   2.2929852411758323E-003
           1           4   7.9133968209734384E-004
           1           5   2.4052869015663968E-004
           1           6  -5.8509340181332202E-006
           1           7   7.4584607379742272E-007
           1           8  -2.1474445844018692E-006
           1           9   2.9271839446760918E-006
           1          10  -6.1869744774531760E-006
           1          11   1.4687506727822104E-006
           1          12  -4.1914656241396074E-007
           1          13   8.6612975601821608E-007
           1          14  -2.0596570759141196E-007
           1          15   3.4400457158920693E-008
           1          16  -2.0260619654944622E-008
           1          17   1.4048808845294534E-008
           1          18  -4.7796641683619498E-004
           1          19  -1.1249155182568896E-005
           1          20  -4.7887644454882358E-004
           1          21   6.9393373554092388E-006
           1          22   7.2710184337423310E-006
           1          23  -4.7255315167945135E-004
           1          24  -4.8923856357560482E-004
           1          25  -1.6988696177773125E-005
           1          26  -4.9061240340506984E-004
           1          27   1.0480391824262981E-005
           1          28   1.0981128263007131E-005
           1          29  -4.8106353020572730E-004
           2           1   1.8408193183939566E-004
           2           2   1.9936025104060415     
           2           3   1.1000921747661780E-002
           2           4  -3.6789254221942518E-003
           2           5   5.5130292095559473E-003
           2           6   2.3633824742055312E-005
           2           7  -3.5200966724961815E-006
           2           8   8.7043115366063267E-006
           2           9  -1.0722164413426819E-005
           2          10   2.3546523640328033E-005
           2          11  -5.4437120424463113E-006
           2          12   1.2407984332410590E-006
           2          13  -3.3994843707668296E-006
           2          14   7.0204958735545611E-007
           2          15  -2.6450430539923957E-007
           2          16   2.9908123231733467E-007
           2          17  -1.1312713518204182E-007
           2          18   2.6792320943661392E-003
           2          19   2.0838316858837625E-004
           2          20   2.6960820902270626E-003
           2          21  -1.2855531861911376E-004
           2          22  -1.3469686803376158E-004
           2          23   2.5789595040756016E-003
           2          24  -2.6172392481715531E-003
           2          25  -1.3237263916588313E-004
           2          26  -2.6279449823320071E-003
           2          27   8.1661249309626887E-005
           2          28   8.5563287470866997E-005
           2          29  -2.5535417304785144E-003
           3           1   2.2929852411758323E-003
           3           2   1.1000921747661780E-002
           3           3   2.0715918389609214     
           3           4   2.5227954505304712E-002
           3           5   9.5211821700677338E-003
           3           6  -9.9769912921568880E-006
           3           7   5.2510585838729304E-007
           3           8  -3.6125589263191364E-006
           3           9   6.9006460708992873E-006
           3          10  -1.2512626200526243E-005
           3          11   3.3196973254330457E-006
           3          12  -1.5758514827917848E-006
           3          13   2.5295444490261003E-006
           3          14  -5.7189989912772763E-007
           3          15  -5.8127495396532135E-007
           3          16  -3.4223037403308568E-007
           3          17  -1.6725408413270376E-007
           3          18  -1.7724337560589006E-002
           3          19  -1.6081764388864610E-003
           3          20  -1.7854401611204187E-002
           3          21   9.9207991967676930E-004
           3          22   1.0394854687426421E-003
           3          23  -1.6950474222995435E-002
           3          24  -1.5020886534668394E-002
           3          25  -1.4105320097300859E-004
           3          26  -1.5032306407931698E-002
           3          27   8.7014355451836250E-005
           3          28   9.1176725433704314E-005
           3          29  -1.4953017816186607E-002
           4           1   7.9133968209734384E-004
           4           2  -3.6789254221942518E-003
           4           3   2.5227954505304712E-002
           4           4   2.0204344270973520     
           4           5  -1.4436762251734261E-002
           4           6   3.7051654577443498E-006
           4           7  -1.0740937729792117E-006
           4           8   1.3977175001216493E-006
           4           9   2.5801474979299885E-007
           4          10   3.2608082917944965E-006
           4          11  -1.3216736987145856E-007
           4          12  -1.1021993692420488E-005
           4          13   5.9859795779765001E-006
           4          14  -4.1175229803790997E-006
           4          15   4.6368436675730664E-006
           4          16  -2.8760625986221164E-006
           4          17   1.8557195890844302E-006
           4          18   2.4552641296929373E-003
           4          19  -1.2897794113634403E-002
           4          20   1.4121321549637120E-003
           4          21   7.9566627852087780E-003
           4          22   8.3368632345298555E-003
           4          23   8.6617009355399906E-003
           4          24   7.1503463281354356E-004
           4          25   6.9189205487160607E-003
           4          26   1.2746488470455519E-003
           4          27  -4.2682943270646242E-003
           4          28  -4.4722630408625709E-003
           4          29  -2.6143312755399876E-003
           5           1   2.4052869015663968E-004
           5           2   5.5130292095559473E-003
           5           3   9.5211821700677338E-003
           5           4  -1.4436762251734261E-002
           5           5   1.0104655544500021E-003
           5           6  -8.3915523725446859E-007
           5           7   2.8341232275675774E-007
           5           8  -3.2127151209843740E-007
           5           9  -1.6297057225676628E-007
           5          10  -5.9263293331028022E-007
           5          11  -1.3342890828972056E-008
           5          12   3.7334750659938521E-006
           5          13  -2.1942438316799849E-006
           5          14   1.3993750437104922E-006
           5          15  -1.8403400181447535E-007
           5          16   1.2467569004455214E-007
           5          17  -8.0752716622239943E-008
           5          18   6.6274498062440909E-004
           5          19   5.5813741552756362E-003
           5          20   1.1141357717969903E-003
           5          21  -3.4431562738219150E-003
           5          22  -3.6076789654376426E-003
           5          23  -2.0230280058672421E-003
           5          24  -3.0122082357509646E-004
           5          25   1.1873367906369389E-003
           5          26  -2.0520231173443290E-004
           5          27  -7.3247127738871698E-004
           5          28  -7.6746801488844247E-004
           5          29  -8.7257312868995623E-004
           6           1  -5.8509340181332202E-006
           6           2   2.3633824742055312E-005
           6           3  -9.9769912921568880E-006
           6           4   3.7051654577443498E-006
           6           5  -8.3915523725446859E-007
           6           6   2.0000020113881947     
           6           7   5.0675974428750759E-007
           6           8  -3.1224939889750028E-007
           6           9  -1.8340154008526391E-005
           6          10  -1.7808475667726300E-005
           6          11   1.0984204486462053E-005
           6          12   2.1046822715430161E-004
           6          13  -3.0969821721500994E-004
           6          14   1.9106327469865824E-004
           6          15  -1.2800925086304984E-004
           6          16  -2.9451416092747080E-005
           6          17   1.8154766834800634E-005
           6          18  -8.4941807022879925E-007
           6          19  -3.7690311418657501E-008
           6          20  -8.6067244297981590E-007
           6          21   2.1774300149389950E-008
           6          22   2.1491830694700213E-009
           6          23  -8.3785466644888028E-007
           6          24  -2.3167783569679652E-007
           6          25   2.2048952806119314E-009
           6          26  -3.6192116352265690E-007
           6          27  -1.6121415397095881E-008
           6          28  -1.7711619294121326E-008
           6          29  -3.2494927212247441E-007
           7           1   7.4584607379742272E-007
           7           2  -3.5200966724961815E-006
           7           3   5.2510585838729304E-007
           7           4  -1.0740937729792117E-006
           7           5   2.8341232275675774E-007
           7           6   5.0675974428750759E-007
           7           7   2.0000020654623238     
           7           8  -3.2454609358058840E-007
           7           9  -1.7800749261991039E-005
           7          10  -2.0002923855544040E-005
           7          11   1.1507301523283487E-005
           7          12  -3.0970024816385214E-004
           7          13   1.8154870918342061E-004
           7          14   2.0018877867179763E-004
           7          15  -2.9457110833390662E-005
           7          16  -1.3075551031979007E-004
           7          17   1.9044154337156701E-005
           7          18   4.8291942597305506E-007
           7          19  -1.7444520069978256E-008
           7          20   4.9683888789855191E-007
           7          21  -5.8202649378732405E-009
           7          22  -3.0175104256632352E-008
           7          23   4.3117692548748159E-007
           7          24   2.2326058638245296E-007
           7          25   9.3759791247322553E-008
           7          26   1.6657181800455759E-007
           7          27   3.6424812750907787E-008
           7          28   3.3052230645314854E-008
           7          29   1.8579262496065497E-007
           8           1  -2.1474445844018692E-006
           8           2   8.7043115366063267E-006
           8           3  -3.6125589263191364E-006
           8           4   1.3977175001216493E-006
           8           5  -3.2127151209843740E-007
           8           6  -3.1224939889750028E-007
           8           7  -3.2454609358058840E-007
           8           8   2.0000017329026334     
           8           9   1.0984155399727063E-005
           8          10   1.1509865391625220E-005
           8          11  -8.4473309621951876E-006
           8          12   1.9105174887160603E-004
           8          13   2.0017833828930013E-004
           8          14   3.8255748300160546E-004
           8          15   1.8169916310377250E-005
           8          16   1.9031588035989894E-005
           8          17  -1.1165038103758285E-004
           8          18  -3.4239297552242645E-007
           8          19  -1.7439833933135903E-008
           8          20  -3.3461320572573887E-007
           8          21   4.7512334285236482E-009
           8          22   8.2367138789776061E-009
           8          23  -3.3015180440082394E-007
           8          24  -1.5337746025305542E-007
           8          25   9.0281602075587910E-009
           8          26  -1.3977850858900970E-007
           8          27   5.4322309681204606E-008
           8          28  -5.3127238260551424E-008
           8          29  -6.6418206794683968E-008
           9           1   2.9271839446760918E-006
           9           2  -1.0722164413426819E-005
           9           3   6.9006460708992873E-006
           9           4   2.5801474979299885E-007
           9           5  -1.6297057225676628E-007
           9           6  -1.8340154008526391E-005
           9           7  -1.7800749261991039E-005
           9           8   1.0984155399727063E-005
           9           9   1.9990360578271109     
           9          10  -6.2658260495558203E-004
           9          11   3.8654115255869616E-004
           9          12  -2.6975169818776543E-003
           9          13  -6.8179178191967085E-003
           9          14   4.2059957503797554E-003
           9          15   3.7962202093396258E-003
           9          16   2.5592506149774491E-003
           9          17  -1.5787976266619058E-003
           9          18  -1.4354319139553790E-007
           9          19  -2.3447008903778931E-008
           9          20  -3.8448688114219442E-007
           9          21   3.8462548229070670E-008
           9          22  -2.4431263950517540E-008
           9          23  -4.3656154734096140E-007
           9          24  -2.7800275883354551E-007
           9          25  -1.4945774545347890E-007
           9          26  -9.4915168618041296E-007
           9          27   1.9569037591564694E-007
           9          28   1.7456499429201370E-008
           9          29  -9.9041367811556763E-007
          10           1  -6.1869744774531760E-006
          10           2   2.3546523640328033E-005
          10           3  -1.2512626200526243E-005
          10           4   3.2608082917944965E-006
          10           5  -5.9263293331028022E-007
          10           6  -1.7808475667726300E-005
          10           7  -2.0002923855544040E-005
          10           8   1.1509865391625220E-005
          10           9  -6.2658260495558203E-004
          10          10   1.9989775380293318     
          10          11   4.0501255480654321E-004
          10          12  -6.8179209780414828E-003
          10          13  -3.3341732244563361E-003
          10          14   4.4069679838902101E-003
          10          15   2.5592439246652447E-003
          10          16   4.0352197651793327E-003
          10          17  -1.6542577630146525E-003
          10          18   1.6482090341730371E-007
          10          19   9.4209515744681809E-008
          10          20   9.0628972268280429E-008
          10          21   2.3015445555607474E-008
          10          22   4.2407182142724319E-008
          10          23   1.4827646677861640E-007
          10          24  -6.7258120550438515E-008
          10          25   4.3692578248136690E-007
          10          26  -3.0949336579602608E-007
          10          27  -3.6584591749383897E-008
          10          28   1.3550773121916808E-007
          10          29  -4.1988765188730787E-008
          11           1   1.4687506727822104E-006
          11           2  -5.4437120424463113E-006
          11           3   3.3196973254330457E-006
          11           4  -1.3216736987145856E-007
          11           5  -1.3342890828972056E-008
          11           6   1.0984204486462053E-005
          11           7   1.1507301523283487E-005
          11           8  -8.4473309621951876E-006
          11           9   3.8654115255869616E-004
          11          10   4.0501255480654321E-004
          11          11   1.9993842122919330     
          11          12   4.2059973472559076E-003
          11          13   4.4069497116155289E-003
          11          14   1.0908361172519711E-003
          11          15  -1.5788153977451410E-003
          11          16  -1.6542473448267127E-003
          11          17   2.3742124667815931E-003
          11          18  -1.5380518014409270E-007
          11          19   1.0224406721105859E-008
          11          20  -1.4230655843657811E-007
          11          21   1.3599756704742121E-007
          11          22  -4.7577823349584087E-008
          11          23  -7.6652391461527401E-008
          11          24  -3.4535556273972712E-007
          11          25  -5.1028058942082290E-009
          11          26  -3.2703696299530737E-007
          11          27   4.0525964717840315E-007
          11          28  -1.2676968987883676E-007
          11          29  -9.0900239401943173E-008
          12           1  -4.1914656241396074E-007
          12           2   1.2407984332410590E-006
          12           3  -1.5758514827917848E-006
          12           4  -1.1021993692420488E-005
          12           5   3.7334750659938521E-006
          12           6   2.1046822715430161E-004
          12           7  -3.0970024816385214E-004
          12           8   1.9105174887160603E-004
          12           9  -2.6975169818776543E-003
          12          10  -6.8179209780414828E-003
          12          11   4.2059973472559076E-003
          12          12   1.4166238609878938     
          12          13  0.34558044426725432     
          12          14 -0.21318947005652439     
          12          15  -1.1599830150347271E-002
          12          16   3.9059364606690294E-002
          12          17  -2.4095823107792173E-002
          12          18   2.7561215599513727E-006
          12          19  -8.6595534762402925E-007
          12          20  -1.3706968127169504E-006
          12          21   9.2671759294837623E-007
          12          22  -2.7100036440799714E-008
          12          23  -1.2907479761130346E-006
          12          24  -8.8149910769697576E-007
          12          25   3.6403165019760449E-007
          12          26   1.3312610009758009E-006
          12          27  -1.1361116157145890E-007
          12          28  -2.3365617463725545E-007
          12          29   1.0766874670058483E-006
          13           1   8.6612975601821608E-007
          13           2  -3.3994843707668296E-006
          13           3   2.5295444490261003E-006
          13           4   5.9859795779765001E-006
          13           5  -2.1942438316799849E-006
          13           6  -3.0969821721500994E-004
          13           7   1.8154870918342061E-004
          13           8   2.0017833828930013E-004
          13           9  -6.8179178191967085E-003
          13          10  -3.3341732244563361E-003
          13          11   4.4069497116155289E-003
          13          12  0.34558044426725432     
          13          13   1.4488946292225897     
          13          14 -0.22337568432067431     
          13          15   3.9059392191569689E-002
          13          16  -7.9526001733420601E-003
          13          17  -2.5247070138992224E-002
          13          18   4.3838409450507612E-007
          13          19   2.3028820416189702E-006
          13          20  -8.1393489582201319E-007
          13          21   3.8569806108065653E-008
          13          22   9.2779837618097417E-007
          13          23   6.3555416496085783E-007
          13          24  -9.5027852316207292E-007
          13          25  -6.7214332080497629E-007
          13          26   1.1756510832177257E-006
          13          27   2.9541978771624523E-008
          13          28  -6.5946156383056515E-007
          13          29  -2.2389617452831073E-007
          14           1  -2.0596570759141196E-007
          14           2   7.0204958735545611E-007
          14           3  -5.7189989912772763E-007
          14           4  -4.1175229803790997E-006
          14           5   1.3993750437104922E-006
          14           6   1.9106327469865824E-004
          14           7   2.0018877867179763E-004
          14           8   3.8255748300160546E-004
          14           9   4.2059957503797554E-003
          14          10   4.4069679838902101E-003
          14          11   1.0908361172519711E-003
          14          12 -0.21318947005652439     
          14          13 -0.22337568432067431     
          14          14   1.2246033530762754     
          14          15  -2.4095836655866620E-002
          14          16  -2.5247067788662925E-002
          14          17  -3.3303158724355228E-002
          14          18  -4.9568242414338400E-007
          14          19   8.4702129017218331E-008
          14          20  -5.5357520110867498E-007
          14          21   2.4110432636493628E-006
          14          22  -7.8052729529373705E-007
          14          23   9.8564480070036689E-007
          14          24   6.4274880894848846E-007
          14          25   2.1777909807786826E-009
          14          26  -5.0453545567116325E-008
          14          27  -6.8743729708034431E-007
          14          28   8.1791842615318164E-007
          14          29  -2.7473007113676302E-007
          15           1   3.4400457158920693E-008
          15           2  -2.6450430539923957E-007
          15           3  -5.8127495396532135E-007
          15           4   4.6368436675730664E-006
          15           5  -1.8403400181447535E-007
          15           6  -1.2800925086304984E-004
          15           7  -2.9457110833390662E-005
          15           8   1.8169916310377250E-005
          15           9   3.7962202093396258E-003
          15          10   2.5592439246652447E-003
          15          11  -1.5788153977451410E-003
          15          12  -1.1599830150347271E-002
          15          13   3.9059392191569689E-002
          15          14  -2.4095836655866620E-002
          15          15   2.0355934256545524E-003
          15          16  -1.7280786770470992E-004
          15          17   1.0660536438222878E-004
          15          18  -2.2831583745709553E-006
          15          19   5.7179960431598905E-007
          15          20   1.1672156856754972E-006
          15          21  -7.5278015846538429E-007
          15          22   7.3290913205789020E-009
          15          23   1.1655241883508378E-006
          15          24  -5.1044184773611029E-008
          15          25  -1.8570139275524109E-009
          15          26   3.6528840047421270E-008
          15          27  -4.6539529749822447E-009
          15          28  -4.3810787506194211E-008
          15          29  -7.7336448987295326E-009
          16           1  -2.0260619654944622E-008
          16           2   2.9908123231733467E-007
          16           3  -3.4223037403308568E-007
          16           4  -2.8760625986221164E-006
          16           5   1.2467569004455214E-007
          16           6  -2.9451416092747080E-005
          16           7  -1.3075551031979007E-004
          16           8   1.9031588035989894E-005
          16           9   2.5592506149774491E-003
          16          10   4.0352197651793327E-003
          16          11  -1.6542473448267127E-003
          16          12   3.9059364606690294E-002
          16          13  -7.9526001733420601E-003
          16          14  -2.5247067788662925E-002
          16          15  -1.7280786770470992E-004
          16          16   2.0194598229475286E-003
          16          17   1.1169773794396354E-004
          16          18  -3.1477822493935470E-007
          16          19  -2.0000842841705436E-006
          16          20   6.4439406387889016E-007
          16          21  -4.3113974560947228E-009
          16          22  -7.5070958060490952E-007
          16          23  -3.3806461112555002E-007
          16          24  -3.5048512921304265E-008
          16          25  -1.6105340815667218E-008
          16          26   3.0390166282075560E-008
          16          27   1.6367745151160123E-008
          16          28  -1.7248133539537755E-008
          16          29   3.9859732836232518E-008
          17           1   1.4048808845294534E-008
          17           2  -1.1312713518204182E-007
          17           3  -1.6725408413270376E-007
          17           4   1.8557195890844302E-006
          17           5  -8.0752716622239943E-008
          17           6   1.8154766834800634E-005
          17           7   1.9044154337156701E-005
          17           8  -1.1165038103758285E-004
          17           9  -1.5787976266619058E-003
          17          10  -1.6542577630146525E-003
          17          11   2.3742124667815931E-003
          17          12  -2.4095823107792173E-002
          17          13  -2.5247070138992224E-002
          17          14  -3.3303158724355228E-002
          17          15   1.0660536438222878E-004
          17          16   1.1169773794396354E-004
          17          17   2.1316161152680115E-003
          17          18   4.3082205558461158E-007
          17          19  -2.9923247679969104E-009
          17          20   4.4357854929471980E-007
          17          21  -2.0011420332707309E-006
          17          22   5.6703548228235059E-007
          17          23  -8.6517554603431141E-007
          17          24   2.4678032632415297E-008
          17          25   1.3029892080573007E-008
          17          26  -3.6155909578370928E-008
          17          27  -4.3072069881065158E-009
          17          28  -6.3912759367761665E-009
          17          29  -1.6239451871407438E-008
          18           1  -4.7796641683619498E-004
          18           2   2.6792320943661392E-003
          18           3  -1.7724337560589006E-002
          18           4   2.4552641296929373E-003
          18           5   6.6274498062440909E-004
          18           6  -8.4941807022879925E-007
          18           7   4.8291942597305506E-007
          18           8  -3.4239297552242645E-007
          18           9  -1.4354319139553790E-007
          18          10   1.6482090341730371E-007
          18          11  -1.5380518014409270E-007
          18          12   2.7561215599513727E-006
          18          13   4.3838409450507612E-007
          18          14  -4.9568242414338400E-007
          18          15  -2.2831583745709553E-006
          18          16  -3.1477822493935470E-007
          18          17   4.3082205558461158E-007
          18          18   1.9864337227284286     
          18          19  -6.6715361759327185E-004
          18          20 -0.99330491286618428     
          18          21   4.1143692832124143E-004
          18          22   4.4594403788045809E-004
          18          23 -0.99291745730183623     
          18          24   2.6580130447978852E-002
          18          25  -2.9329213088595627E-005
          18          26  -1.2530654485276710E-002
          18          27   1.8139618885885868E-005
          18          28   1.9606953862846485E-005
          18          29  -1.2513569606008901E-002
          19           1  -1.1249155182568896E-005
          19           2   2.0838316858837625E-004
          19           3  -1.6081764388864610E-003
          19           4  -1.2897794113634403E-002
          19           5   5.5813741552756362E-003
          19           6  -3.7690311418657501E-008
          19           7  -1.7444520069978256E-008
          19           8  -1.7439833933135903E-008
          19           9  -2.3447008903778931E-008
          19          10   9.4209515744681809E-008
          19          11   1.0224406721105859E-008
          19          12  -8.6595534762402925E-007
          19          13   2.3028820416189702E-006
          19          14   8.4702129017218331E-008
          19          15   5.7179960431598905E-007
          19          16  -2.0000842841705436E-006
          19          17  -2.9923247679969104E-009
          19          18  -6.6715361759327185E-004
          19          19   1.9866214997080456     
          19          20  -6.5368249630341215E-004
          19          21  -1.1015113260120653E-004
          19          22  -1.1471043357626109E-004
          19          23  -7.6911114546996805E-004
          19          24   2.9500962818973580E-003
          19          25   2.5524766252957978E-002
          19          26   2.9056428054181948E-003
          19          27   3.3742312760158045E-004
          19          28   3.5363417290627347E-004
          19          29   3.2125863216715764E-003
          20           1  -4.7887644454882358E-004
          20           2   2.6960820902270626E-003
          20           3  -1.7854401611204187E-002
          20           4   1.4121321549637120E-003
          20           5   1.1141357717969903E-003
          20           6  -8.6067244297981590E-007
          20           7   4.9683888789855191E-007
          20           8  -3.3461320572573887E-007
          20           9  -3.8448688114219442E-007
          20          10   9.0628972268280429E-008
          20          11  -1.4230655843657811E-007
          20          12  -1.3706968127169504E-006
          20          13  -8.1393489582201319E-007
          20          14  -5.5357520110867498E-007
          20          15   1.1672156856754972E-006
          20          16   6.4439406387889016E-007
          20          17   4.4357854929471980E-007
          20          18 -0.99330491286618428     
          20          19  -6.5368249630341215E-004
          20          20   1.9863267575418684     
          20          21   4.1739575479136709E-004
          20          22   4.2245450304583112E-004
          20          23 -0.99297950686668279     
          20          24  -1.2289691835092195E-002
          20          25  -7.3781823927467245E-005
          20          26   2.6812829200157436E-002
          20          27   4.6060167311301752E-005
          20          28   4.7615424535982632E-005
          20          29  -1.2253819934579694E-002
          21           1   6.9393373554092388E-006
          21           2  -1.2855531861911376E-004
          21           3   9.9207991967676930E-004
          21           4   7.9566627852087780E-003
          21           5  -3.4431562738219150E-003
          21           6   2.1774300149389950E-008
          21           7  -5.8202649378732405E-009
          21           8   4.7512334285236482E-009
          21           9   3.8462548229070670E-008
          21          10   2.3015445555607474E-008
          21          11   1.3599756704742121E-007
          21          12   9.2671759294837623E-007
          21          13   3.8569806108065653E-008
          21          14   2.4110432636493628E-006
          21          15  -7.5278015846538429E-007
          21          16  -4.3113974560947228E-009
          21          17  -2.0011420332707309E-006
          21          18   4.1143692832124143E-004
          21          19  -1.1015113260120653E-004
          21          20   4.1739575479136709E-004
          21          21   1.9865110204319349     
          21          22   7.8735960432499126E-005
          21          23   4.6046828528762627E-004
          21          24  -1.8198726884212774E-003
          21          25   3.3742302528065804E-004
          21          26  -1.7919494766393670E-003
          21          27   2.5863629011361789E-002
          21          28  -2.1780137976566433E-004
          21          29  -1.9824384112267644E-003
          22           1   7.2710184337423310E-006
          22           2  -1.3469686803376158E-004
          22           3   1.0394854687426421E-003
          22           4   8.3368632345298555E-003
          22           5  -3.6076789654376426E-003
          22           6   2.1491830694700213E-009
          22           7  -3.0175104256632352E-008
          22           8   8.2367138789776061E-009
          22           9  -2.4431263950517540E-008
          22          10   4.2407182142724319E-008
          22          11  -4.7577823349584087E-008
          22          12  -2.7100036440799714E-008
          22          13   9.2779837618097417E-007
          22          14  -7.8052729529373705E-007
          22          15   7.3290913205789020E-009
          22          16  -7.5070958060490952E-007
          22          17   5.6703548228235059E-007
          22          18   4.4594403788045809E-004
          22          19  -1.1471043357626109E-004
          22          20   4.2245450304583112E-004
          22          21   7.8735960432499126E-005
          22          22   1.9865182528368828     
          22          23   4.8250503645299095E-004
          22          24  -1.9062277130779655E-003
          22          25   3.5363397914218926E-004
          22          26  -1.8782237249068948E-003
          22          27  -2.1780169061811185E-004
          22          28   2.5843260733644170E-002
          22          29  -2.0771225762500731E-003
          23           1  -4.7255315167945135E-004
          23           2   2.5789595040756016E-003
          23           3  -1.6950474222995435E-002
          23           4   8.6617009355399906E-003
          23           5  -2.0230280058672421E-003
          23           6  -8.3785466644888028E-007
          23           7   4.3117692548748159E-007
          23           8  -3.3015180440082394E-007
          23           9  -4.3656154734096140E-007
          23          10   1.4827646677861640E-007
          23          11  -7.6652391461527401E-008
          23          12  -1.2907479761130346E-006
          23          13   6.3555416496085783E-007
          23          14   9.8564480070036689E-007
          23          15   1.1655241883508378E-006
          23          16  -3.3806461112555002E-007
          23          17  -8.6517554603431141E-007
          23          18 -0.99291745730183623     
          23          19  -7.6911114546996805E-004
          23          20 -0.99297950686668279     
          23          21   4.6046828528762627E-004
          23          22   4.8250503645299095E-004
          23          23   1.9871139998094065     
          23          24  -1.3947272264745854E-002
          23          25   2.3316190575022858E-004
          23          26  -1.3928490304239566E-002
          23          27  -1.4442830312002549E-004
          23          28  -1.5128451429625067E-004
          23          29   2.5047975201486064E-002
          24           1  -4.8923856357560482E-004
          24           2  -2.6172392481715531E-003
          24           3  -1.5020886534668394E-002
          24           4   7.1503463281354356E-004
          24           5  -3.0122082357509646E-004
          24           6  -2.3167783569679652E-007
          24           7   2.2326058638245296E-007
          24           8  -1.5337746025305542E-007
          24           9  -2.7800275883354551E-007
          24          10  -6.7258120550438515E-008
          24          11  -3.4535556273972712E-007
          24          12  -8.8149910769697576E-007
          24          13  -9.5027852316207292E-007
          24          14   6.4274880894848846E-007
          24          15  -5.1044184773611029E-008
          24          16  -3.5048512921304265E-008
          24          17   2.4678032632415297E-008
          24          18   2.6580130447978852E-002
          24          19   2.9500962818973580E-003
          24          20  -1.2289691835092195E-002
          24          21  -1.8198726884212774E-003
          24          22  -1.9062277130779655E-003
          24          23  -1.3947272264745854E-002
          24          24   5.6962119020671797E-004
          24          25  -3.1563691935353926E-004
          24          26   8.9538157925103613E-007
          24          27   1.9471820964080805E-004
          24          28   1.8907239141341078E-004
          24          29   1.6530882790620119E-004
          25           1  -1.6988696177773125E-005
          25           2  -1.3237263916588313E-004
          25           3  -1.4105320097300859E-004
          25           4   6.9189205487160607E-003
          25           5   1.1873367906369389E-003
          25           6   2.2048952806119314E-009
          25           7   9.3759791247322553E-008
          25           8   9.0281602075587910E-009
          25           9  -1.4945774545347890E-007
          25          10   4.3692578248136690E-007
          25          11  -5.1028058942082290E-009
          25          12   3.6403165019760449E-007
          25          13  -6.7214332080497629E-007
          25          14   2.1777909807786826E-009
          25          15  -1.8570139275524109E-009
          25          16  -1.6105340815667218E-008
          25          17   1.3029892080573007E-008
          25          18  -2.9329213088595627E-005
          25          19   2.5524766252957978E-002
          25          20  -7.3781823927467245E-005
          25          21   3.3742302528065804E-004
          25          22   3.5363397914218926E-004
          25          23   2.3316190575022858E-004
          25          24  -3.1563691935353926E-004
          25          25   2.0451735530572319E-003
          25          26  -1.7953405807308184E-004
          25          27  -1.0296409647243287E-003
          25          28  -1.0796414465147931E-003
          25          29  -1.1023969687701334E-003
          26           1  -4.9061240340506984E-004
          26           2  -2.6279449823320071E-003
          26           3  -1.5032306407931698E-002
          26           4   1.2746488470455519E-003
          26           5  -2.0520231173443290E-004
          26           6  -3.6192116352265690E-007
          26           7   1.6657181800455759E-007
          26           8  -1.3977850858900970E-007
          26           9  -9.4915168618041296E-007
          26          10  -3.0949336579602608E-007
          26          11  -3.2703696299530737E-007
          26          12   1.3312610009758009E-006
          26          13   1.1756510832177257E-006
          26          14  -5.0453545567116325E-008
          26          15   3.6528840047421270E-008
          26          16   3.0390166282075560E-008
          26          17  -3.6155909578370928E-008
          26          18  -1.2530654485276710E-002
          26          19   2.9056428054181948E-003
          26          20   2.6812829200157436E-002
          26          21  -1.7919494766393670E-003
          26          22  -1.8782237249068948E-003
          26          23  -1.3928490304239566E-002
          26          24   8.9538157925103613E-007
          26          25  -1.7953405807308184E-004
          26          26   5.2957838228447139E-004
          26          27   9.6487030298816624E-005
          26          28   1.1604543437115941E-004
          26          29   7.6157822948967906E-005
          27           1   1.0480391824262981E-005
          27           2   8.1661249309626887E-005
          27           3   8.7014355451836250E-005
          27           4  -4.2682943270646242E-003
          27           5  -7.3247127738871698E-004
          27           6  -1.6121415397095881E-008
          27           7   3.6424812750907787E-008
          27           8   5.4322309681204606E-008
          27           9   1.9569037591564694E-007
          27          10  -3.6584591749383897E-008
          27          11   4.0525964717840315E-007
          27          12  -1.1361116157145890E-007
          27          13   2.9541978771624523E-008
          27          14  -6.8743729708034431E-007
          27          15  -4.6539529749822447E-009
          27          16   1.6367745151160123E-008
          27          17  -4.3072069881065158E-009
          27          18   1.8139618885885868E-005
          27          19   3.3742312760158045E-004
          27          20   4.6060167311301752E-005
          27          21   2.5863629011361789E-002
          27          22  -2.1780169061811185E-004
          27          23  -1.4442830312002549E-004
          27          24   1.9471820964080805E-004
          27          25  -1.0296409647243287E-003
          27          26   9.6487030298816624E-005
          27          27   1.0113138185619919E-003
          27          28   6.5776324394533855E-004
          27          29   6.9433868978178721E-004
          28           1   1.0981128263007131E-005
