           1           1   2.1835703580659382     
           1           2 -0.69188459838009275     
           1           3  0.31008475710756944     
           1           4  -3.0841874734798280E-002
           1           5  -3.7610006837910923E-002
           1           6   5.3820885440790242E-011
           1           7   1.9577927674920395E-011
           1           8  -3.2265430593242317E-011
           1           9  -3.5327360321311818E-010
           1          10  -1.4272485691181012E-010
           1          11  -1.3059647059999462E-010
           1          12   9.5709813699234060E-010
           1          13   3.9897738397273364E-010
           1          14   2.1660874426207030E-010
           1          15  -2.1138498654813854E-010
           1          16  -9.7924103675671633E-011
           1          17   2.8180741363483667E-010
           1          18  -3.6949199258280740E-003
           1          19  -1.4082253662049714E-004
           1          20  -3.3898941704228504E-003
           1          21   1.0944509567244986E-005
           1          22  -3.1211247977073462E-005
           1          23  -3.7355841371090898E-003
           1          24  -1.3927395361681030E-003
           1          25   1.7982006688530450E-004
           1          26  -1.7822314773585394E-003
           1          27  -1.3975549773476162E-005
           1          28   3.9854776223226403E-005
           1          29  -1.3408139661469222E-003
           2           1 -0.69188459838009275     
           2           2   2.6094145111048226     
           2           3  -1.1269001503448370     
           2           4  0.11686852884272508     
           2           5  0.13887712181627521     
           2           6  -6.2550732428424363E-010
           2           7  -1.8679157701503288E-010
           2           8   5.6137985915277078E-010
           2           9   3.1051672729988726E-009
           2          10   1.1608401973980521E-009
           2          11   5.1035724659491435E-010
           2          12  -7.7274634946709427E-009
           2          13  -2.9269602994194496E-009
           2          14  -8.3508176367833762E-010
           2          15  -3.1783626121443735E-009
           2          16  -1.0105478356711679E-009
           2          17  -1.0742391489708959E-009
           2          18   1.1464845896622973E-002
           2          19   5.6776273575654139E-004
           2          20   1.0235050371659043E-002
           2          21  -4.4125966876910216E-005
           2          22   1.2583750412857743E-004
           2          23   1.1628793548022771E-002
           2          24   3.5424901512175334E-003
           2          25  -6.2178956859984622E-004
           2          26   4.8892905071974795E-003
           2          27   4.8325304944451684E-005
           2          28  -1.3781156041822913E-004
           2          29   3.3629395037989927E-003
           3           1  0.31008475710756944     
           3           2  -1.1269001503448370     
           3           3   2.7348754487371867     
           3           4 -0.34165940151722557     
           3           5 -0.39951046480992125     
           3           6   3.0110013216331690E-009
           3           7   1.4077433527809247E-009
           3           8   4.3448778720027794E-009
           3           9  -3.1189862105038432E-009
           3          10  -1.1929039286429962E-009
           3          11  -1.1439455313247156E-009
           3          12   3.7431002107643988E-009
           3          13   2.0053290159245472E-009
           3          14   2.1957636653436579E-009
           3          15  -7.9089374858124957E-009
           3          16  -3.0253555495192222E-009
           3          17   2.8931755037539486E-009
           3          18  -2.2197751290229210E-002
           3          19  -2.3405524931677064E-003
           3          20  -1.7128092001864704E-002
           3          21   1.8189977587987837E-004
           3          22  -5.1873362232145712E-004
           3          23  -2.2873621366871030E-002
           3          24  -1.4936467095615726E-002
           3          25   2.0716218820319935E-003
           3          26  -1.9423631883114974E-002
           3          27  -1.6100536296666137E-004
           3          28   4.5914814249797321E-004
           3          29  -1.4338258509094825E-002
           4           1  -3.0841874734798280E-002
           4           2  0.11686852884272508     
           4           3 -0.34165940151722557     
           4           4  0.63543197354127923     
           4           5  0.59053330415937433     
           4           6  -9.7282817396880199E-009
           4           7  -3.2984701646873451E-009
           4           8   1.4105149691728379E-009
           4           9   3.0348443456344361E-008
           4          10   1.0793166471109560E-008
           4          11   2.0558845128291146E-009
           4          12  -6.3309782605162721E-008
           4          13  -2.3015071136476576E-008
           4          14  -3.9313711662264619E-009
           4          15  -4.3197853859078117E-008
           4          16  -1.4538985257631760E-008
           4          17  -5.1318388141915117E-009
           4          18   5.1734719878449116E-003
           4          19   5.4190237562389207E-003
           4          20  -6.5643058783506738E-003
           4          21  -4.2115665701106887E-004
           4          22   1.2010437799318261E-003
           4          23   6.7382795673907384E-003
           4          24  -2.4088234191507463E-003
           4          25  -2.8830524224272500E-003
           4          26   3.8359256057481621E-003
           4          27   2.2407133031493844E-004
           4          28  -6.3899820179308571E-004
           4          29  -3.2413411529087516E-003
           5           1  -3.7610006837910923E-002
           5           2  0.13887712181627521     
           5           3 -0.39951046480992125     
           5           4  0.59053330415937433     
           5           5  0.55229610121706263     
           5           6   9.8905037360131241E-009
           5           7   3.2627453019179592E-009
           5           8  -1.5577657347854937E-009
           5           9  -3.1022399160319173E-008
           5          10  -1.0542238109703040E-008
           5          11   1.3059088185770374E-009
           5          12   6.4484060405227672E-008
           5          13   2.1365344626299556E-008
           5          14  -2.6274738049967820E-009
           5          15   7.5140849041921956E-008
           5          16   2.6393576784192097E-008
           5          17  -3.7168603240027833E-009
           5          18   2.8858113831930600E-003
           5          19   9.1989543470123204E-004
           5          20   8.9328490311710133E-004
           5          21  -7.1493126992626540E-005
           5          22   2.0388344544664189E-004
           5          23   3.1514419198200873E-003
           5          24  -2.6731780497098682E-003
           5          25  -3.6193803617027651E-003
           5          26   5.1665012478472917E-003
           5          27   2.8129686961566095E-004
           5          28  -8.0219425735371256E-004
           5          29  -3.7183170579115511E-003
           6           1   5.3820885440790242E-011
           6           2  -6.2550732428424363E-010
           6           3   3.0110013216331690E-009
           6           4  -9.7282817396880199E-009
           6           5   9.8905037360131241E-009
           6           6   2.3168834536282414     
           6           7  -2.6089195469278692E-003
           6           8   2.0296122541631491E-004
           6           9 -0.86638752193009272     
           6          10   7.5467843865687553E-003
           6          11  -5.8652947422385628E-004
           6          12   4.5511954906949426E-002
           6          13  -1.4672221996261208E-002
           6          14   1.1402961104191676E-003
           6          15   6.1494937421722635E-002
           6          16  -1.7006753266985412E-002
           6          17   1.3217406275208708E-003
           6          18  -1.1007181464864990E-009
           6          19  -6.5092182304933278E-010
           6          20  -1.0969626638099004E-009
           6          21  -1.1183469912999627E-009
           6          22   8.4095562189663249E-010
           6          23  -2.4283009934882430E-009
           6          24  -1.1682471436491687E-009
           6          25   1.3584541443618926E-009
           6          26  -1.5202693580609284E-009
           6          27   3.3083752863248651E-009
           6          28  -3.3880796813214748E-009
           6          29   1.6442420571537958E-009
           7           1   1.9577927674920395E-011
           7           2  -1.8679157701503288E-010
           7           3   1.4077433527809247E-009
           7           4  -3.2984701646873451E-009
           7           5   3.2627453019179592E-009
           7           6  -2.6089195469278692E-003
           7           7   2.3234080540224342     
           7           8  -5.7875793723108175E-004
           7           9   7.5467842033591533E-003
           7          10 -0.88526292597669864     
           7          11   1.6726529299516243E-003
           7          12  -1.4672221131882351E-002
           7          13   8.2209010469359606E-002
           7          14  -3.2518822733421642E-003
           7          15  -1.7006752854898444E-002
           7          16  0.10403116996723866     
           7          17  -3.7693282794260684E-003
           7          18  -9.6391642884022075E-010
           7          19   2.0772100549571196E-010
           7          20  -1.3585293223827888E-010
           7          21  -1.3946731486447128E-011
           7          22   1.7705872975161124E-010
           7          23  -9.5420638847337077E-010
           7          24   1.8559258042525013E-010
           7          25   2.3172694336518001E-010
           7          26  -1.3250330153179790E-009
           7          27   7.3776890120398236E-011
           7          28  -1.6723808398865468E-009
           7          29   6.4836817317919085E-010
           8           1  -3.2265430593242317E-011
           8           2   5.6137985915277078E-010
           8           3   4.3448778720027794E-009
           8           4   1.4105149691728379E-009
           8           5  -1.5577657347854937E-009
           8           6   2.0296122541631491E-004
           8           7  -5.7875793723108175E-004
           8           8   2.3160135703145812     
           8           9  -5.8652964857427525E-004
           8          10   1.6726531859934278E-003
           8          11 -0.86387117391336321     
           8          12   1.1402969101202117E-003
           8          13  -3.2518826876883041E-003
           8          14   4.0619751898625441E-002
           8          15   1.3217392954766726E-003
           8          16  -3.7693288979270701E-003
           8          17   5.5824357857345894E-002
           8          18  -2.4332243192892221E-009
           8          19  -7.3982934224478245E-010
           8          20  -2.0929872783936307E-009
           8          21   4.5541065672807662E-013
           8          22  -1.2169081583073468E-010
           8          23  -1.5120044749084296E-009
           8          24   1.9071223193063403E-009
           8          25  -2.3589765106890363E-010
           8          26  -1.1875376267245401E-009
           8          27   9.0715806064435358E-010
           8          28   7.1619733068320907E-010
           8          29  -1.1250514095445720E-009
           9           1  -3.5327360321311818E-010
           9           2   3.1051672729988726E-009
           9           3  -3.1189862105038432E-009
           9           4   3.0348443456344361E-008
           9           5  -3.1022399160319173E-008
           9           6 -0.86638752193009272     
           9           7   7.5467842033591533E-003
           9           8  -5.8652964857427525E-004
           9           9   2.3690092517076411     
           9          10  -2.1837612422857672E-002
           9          11   1.6972028070451493E-003
           9          12 -0.13659787813389310     
           9          13   4.2464128752464678E-002
           9          14  -3.3002300509831902E-003
           9          15 -0.17594514935273975     
           9          16   4.9417355863169657E-002
           9          17  -3.8406446575842174E-003
           9          18  -1.3981177455289523E-010
           9          19   1.9397575595810055E-009
           9          20   8.8274985666255833E-010
           9          21   3.4491329514640371E-009
           9          22  -2.4545680754441835E-009
           9          23   4.5692718697726152E-009
           9          24   3.6669640682853618E-009
           9          25  -3.4083754321448552E-009
           9          26   4.7913227180567142E-009
           9          27  -9.8263642668656147E-009
           9          28   9.7638748150037101E-009
           9          29  -4.8206228309220936E-009
          10           1  -1.4272485691181012E-010
          10           2   1.1608401973980521E-009
          10           3  -1.1929039286429962E-009
          10           4   1.0793166471109560E-008
          10           5  -1.0542238109703040E-008
          10           6   7.5467843865687553E-003
          10           7 -0.88526292597669864     
          10           8   1.6726531859934278E-003
          10           9  -2.1837612422857672E-002
          10          10   2.4236277295877269     
          10          11  -4.8400499452730603E-003
          10          12   4.2464126688811603E-002
          10          13 -0.24280598452195631     
          10          14   9.4115564052396055E-003
          10          15   4.9417354815631719E-002
          10          16 -0.29954475668027697     
          10          17   1.0952717520400357E-002
          10          18   4.7564989356318402E-010
          10          19   2.8070533209477424E-010
          10          20  -2.0774325448311476E-010
          10          21  -1.3683931652143998E-011
          10          22  -2.4990269343513242E-010
          10          23   1.4392791343151294E-009
          10          24  -4.3321738703199959E-010
          10          25  -4.7577683802723139E-010
          10          26   3.9104708672100224E-009
          10          27  -3.3203159442431922E-010
          10          28   4.8064748374671981E-009
          10          29  -1.9790226238043659E-009
          11           1  -1.3059647059999462E-010
          11           2   5.1035724659491435E-010
          11           3  -1.1439455313247156E-009
          11           4   2.0558845128291146E-009
          11           5   1.3059088185770374E-009
          11           6  -5.8652947422385628E-004
          11           7   1.6726529299516243E-003
          11           8 -0.86387117391336321     
          11           9   1.6972028070451493E-003
          11          10  -4.8400499452730603E-003
          11          11   2.3617278711308112     
          11          12  -3.3002315487370335E-003
          11          13   9.4115573434288280E-003
          11          14 -0.12243894101440427     
          11          15  -3.8406414238211757E-003
          11          16   1.0952718229880757E-002
          11          17 -0.15946786649425487     
          11          18  -6.0195694283232709E-011
          11          19   2.2348410978966365E-009
          11          20   8.3925168937628778E-010
          11          21   5.8502868325614593E-010
          11          22   4.4900555090041951E-010
          11          23  -9.6643967639502741E-010
          11          24  -5.6939842773186980E-009
          11          25   1.5450431528259319E-009
          11          26   3.1721515058059858E-009
          11          27  -3.1867940098950211E-009
          11          28  -2.1004301881953373E-009
          11          29   2.4152826505479463E-009
          12           1   9.5709813699234060E-010
          12           2  -7.7274634946709427E-009
          12           3   3.7431002107643988E-009
          12           4  -6.3309782605162721E-008
          12           5   6.4484060405227672E-008
          12           6   4.5511954906949426E-002
          12           7  -1.4672221131882351E-002
          12           8   1.1402969101202117E-003
          12           9 -0.13659787813389310     
          12          10   4.2464126688811603E-002
          12          11  -3.3002315487370335E-003
          12          12  0.36745933810959613     
          12          13  -8.0148411099289690E-002
          12          14   6.2289968190048835E-003
          12          15  0.35348181747003993     
          12          16  -9.8359175553862574E-002
          12          17   7.6443171017998779E-003
          12          18   4.8729581298952932E-009
          12          19  -5.1533233829113009E-009
          12          20   6.0701262005025468E-010
          12          21  -6.8706315050471351E-009
          12          22   5.7182033559121119E-009
          12          23  -9.6789552137252052E-009
          12          24  -1.3315272499905155E-008
          12          25   5.9784655573102370E-009
          12          26  -1.3548750216003879E-008
          12          27   2.0347965717852912E-008
          12          28  -2.1160582888696310E-008
          12          29   6.5486779771764387E-009
          13           1   3.9897738397273364E-010
          13           2  -2.9269602994194496E-009
          13           3   2.0053290159245472E-009
          13           4  -2.3015071136476576E-008
          13           5   2.1365344626299556E-008
          13           6  -1.4672221996261208E-002
          13           7   8.2209010469359606E-002
          13           8  -3.2518826876883041E-003
          13           9   4.2464128752464678E-002
          13          10 -0.24280598452195631     
          13          11   9.4115573434288280E-003
          13          12  -8.0148411099289690E-002
          13          13  0.56792051527191845     
          13          14  -1.7763784437310720E-002
          13          15  -9.8359174329735219E-002
          13          16  0.59949126635110095     
          13          17  -2.1799975332721461E-002
          13          18  -3.7586846047718076E-009
          13          19   5.2705040854421386E-009
          13          20   5.8980087278614924E-009
          13          21  -1.6206581691211084E-009
          13          22   4.6233561764492346E-009
          13          23  -3.5832313825496893E-009
          13          24  -7.8676043627376948E-010
          13          25   1.0974854464360902E-010
          13          26  -9.2806512596801086E-009
          13          27   8.7862186650073388E-011
          13          28  -9.3625842012992748E-009
          13          29   2.9842167789581457E-009
          14           1   2.1660874426207030E-010
          14           2  -8.3508176367833762E-010
          14           3   2.1957636653436579E-009
          14           4  -3.9313711662264619E-009
          14           5  -2.6274738049967820E-009
          14           6   1.1402961104191676E-003
          14           7  -3.2518822733421642E-003
          14           8   4.0619751898625441E-002
          14           9  -3.3002300509831902E-003
          14          10   9.4115564052396055E-003
          14          11 -0.12243894101440427     
          14          12   6.2289968190048835E-003
          14          13  -1.7763784437310720E-002
          14          14  0.34073521777020993     
          14          15   7.6443059453658634E-003
          14          16  -2.1799975562842640E-002
          14          17  0.32068575385884573     
          14          18  -4.0095846223834163E-009
          14          19   5.0124287647340193E-010
          14          20   2.0378397826195920E-009
          14          21  -3.7825494986686444E-010
          14          22  -2.8815526667162135E-010
          14          23   1.9995657359802443E-009
          14          24   1.2177778370027276E-008
          14          25  -3.6163749462601716E-009
          14          26  -6.1136175632563343E-009
          14          27   4.4202742948285965E-009
          14          28   4.0341599171173882E-009
          14          29  -5.0715651313599028E-009
          15           1  -2.1138498654813854E-010
          15           2  -3.1783626121443735E-009
          15           3  -7.9089374858124957E-009
          15           4  -4.3197853859078117E-008
          15           5   7.5140849041921956E-008
          15           6   6.1494937421722635E-002
          15           7  -1.7006752854898444E-002
          15           8   1.3217392954766726E-003
          15           9 -0.17594514935273975     
          15          10   4.9417354815631719E-002
          15          11  -3.8406414238211757E-003
          15          12  0.35348181747003993     
          15          13  -9.8359174329735219E-002
          15          14   7.6443059453658634E-003
          15          15  0.34177587376644381     
          15          16 -0.11715234040929612     
          15          17   9.1048892265929004E-003
          15          18   2.3373724891478553E-010
          15          19  -5.3199174724334624E-009
          15          20  -4.0769081365574461E-009
          15          21  -3.2802446254027047E-009
          15          22   4.4987595211206753E-009
          15          23  -6.5217697451385821E-011
          15          24  -1.1589541229163731E-008
          15          25   6.7059429108798104E-009
          15          26  -1.3701779199342889E-008
          15          27   1.9287962261906629E-008
          15          28  -1.9665138647574544E-008
          15          29   7.7204378357202227E-009
          16           1  -9.7924103675671633E-011
          16           2  -1.0105478356711679E-009
          16           3  -3.0253555495192222E-009
          16           4  -1.4538985257631760E-008
          16           5   2.6393576784192097E-008
          16           6  -1.7006753266985412E-002
          16           7  0.10403116996723866     
          16           8  -3.7693288979270701E-003
          16           9   4.9417355863169657E-002
          16          10 -0.29954475668027697     
          16          11   1.0952718229880757E-002
          16          12  -9.8359175553862574E-002
          16          13  0.59949126635110095     
          16          14  -2.1799975562842640E-002
          16          15 -0.11715234040929612     
          16          16  0.63479023786672373     
          16          17  -2.5965250035279823E-002
          16          18  -2.6162866029044698E-009
          16          19   8.7316870271552972E-010
          16          20   1.6170577744475299E-009
          16          21   6.6777669325131331E-010
          16          22   1.1126168665989288E-009
          16          23  -3.2576239150059271E-010
          16          24  -3.1014155635295266E-012
          16          25   1.6147634898063226E-010
          16          26  -9.5931706855930367E-009
          16          27  -2.9651931250660267E-010
          16          28  -8.9610539368386943E-009
          16          29   3.4807741876785491E-009
          17           1   2.8180741363483667E-010
          17           2  -1.0742391489708959E-009
          17           3   2.8931755037539486E-009
          17           4  -5.1318388141915117E-009
          17           5  -3.7168603240027833E-009
          17           6   1.3217406275208708E-003
          17           7  -3.7693282794260684E-003
          17           8   5.5824357857345894E-002
          17           9  -3.8406446575842174E-003
          17          10   1.0952717520400357E-002
          17          11 -0.15946786649425487     
          17          12   7.6443171017998779E-003
          17          13  -2.1799975332721461E-002
          17          14  0.32068575385884573     
          17          15   9.1048892265929004E-003
          17          16  -2.5965250035279823E-002
          17          17  0.30271367124022902     
          17          18  -1.6138891449300953E-009
          17          19   1.5870206891634891E-010
          17          20   6.3743372375537193E-010
          17          21  -2.1876696225640048E-009
          17          22  -1.3682727157687038E-009
          17          23   9.9600642054924951E-010
          17          24   1.1381223610507607E-008
          17          25  -3.4762639819531969E-009
          17          26  -5.6586476275707601E-009
          17          27   4.1850091507556133E-009
          17          28   3.7784281135203457E-009
          17          29  -4.9208249574990055E-009
          18           1  -3.6949199258280740E-003
          18           2   1.1464845896622973E-002
          18           3  -2.2197751290229210E-002
          18           4   5.1734719878449116E-003
          18           5   2.8858113831930600E-003
          18           6  -1.1007181464864990E-009
          18           7  -9.6391642884022075E-010
          18           8  -2.4332243192892221E-009
          18           9  -1.3981177455289523E-010
          18          10   4.7564989356318402E-010
          18          11  -6.0195694283232709E-011
          18          12   4.8729581298952932E-009
          18          13  -3.7586846047718076E-009
          18          14  -4.0095846223834163E-009
          18          15   2.3373724891478553E-010
          18          16  -2.6162866029044698E-009
          18          17  -1.6138891449300953E-009
          18          18   1.9872943270598942     
          18          19   5.7098178967023179E-004
          18          20 -0.99363630631961319     
          18          21  -4.4238542388222442E-005
          18          22   1.3025738840563450E-004
          18          23 -0.99219254639527033     
          18          24   2.4630455466087872E-002
          18          25  -2.2310703135103391E-004
          18          26  -1.3995127407081861E-002
          18          27   1.7363511041583369E-005
          18          28  -4.9252768401875991E-005
          18          29  -1.4541133805672624E-002
          19           1  -1.4082253662049714E-004
          19           2   5.6776273575654139E-004
          19           3  -2.3405524931677064E-003
          19           4   5.4190237562389207E-003
          19           5   9.1989543470123204E-004
          19           6  -6.5092182304933278E-010
          19           7   2.0772100549571196E-010
          19           8  -7.3982934224478245E-010
          19           9   1.9397575595810055E-009
          19          10   2.8070533209477424E-010
          19          11   2.2348410978966365E-009
          19          12  -5.1533233829113009E-009
          19          13   5.2705040854421386E-009
          19          14   5.0124287647340193E-010
          19          15  -5.3199174724334624E-009
          19          16   8.7316870271552972E-010
          19          17   1.5870206891634891E-010
          19          18   5.7098178967023179E-004
          19          19   1.9865529926733503     
          19          20   3.7243545866475576E-004
          19          21  -9.3705131412773402E-006
          19          22   2.1034912215534222E-005
          19          23   6.1511720829199442E-004
          19          24  -2.4449190519028438E-003
          19          25   2.5768044590430549E-002
          19          26  -1.7853348189907636E-003
          19          27   2.3526558384194193E-005
          19          28  -6.7467393863003636E-005
          19          29  -2.5321611518304482E-003
          20           1  -3.3898941704228504E-003
          20           2   1.0235050371659043E-002
          20           3  -1.7128092001864704E-002
          20           4  -6.5643058783506738E-003
          20           5   8.9328490311710133E-004
          20           6  -1.0969626638099004E-009
          20           7  -1.3585293223827888E-010
          20           8  -2.0929872783936307E-009
          20           9   8.8274985666255833E-010
          20          10  -2.0774325448311476E-010
          20          11   8.3925168937628778E-010
          20          12   6.0701262005025468E-010
          20          13   5.8980087278614924E-009
          20          14   2.0378397826195920E-009
          20          15  -4.0769081365574461E-009
          20          16   1.6170577744475299E-009
          20          17   6.3743372375537193E-010
          20          18 -0.99363630631961319     
          20          19   3.7243545866475576E-004
          20          20   1.9852492386281324     
          20          21  -3.0364331174610629E-005
          20          22   8.2550409774074482E-005
          20          23 -0.99352322054487630     
          20          24  -9.1826226696611734E-003
          20          25   4.3647036095588671E-004
          20          26   2.8980797694312971E-002
          20          27  -3.4018689289457386E-005
          20          28   9.6727451411117264E-005
          20          29  -9.0563968764163227E-003
          21           1   1.0944509567244986E-005
          21           2  -4.4125966876910216E-005
          21           3   1.8189977587987837E-004
          21           4  -4.2115665701106887E-004
          21           5  -7.1493126992626540E-005
          21           6  -1.1183469912999627E-009
          21           7  -1.3946731486447128E-011
          21           8   4.5541065672807662E-013
          21           9   3.4491329514640371E-009
          21          10  -1.3683931652143998E-011
          21          11   5.8502868325614593E-010
          21          12  -6.8706315050471351E-009
          21          13  -1.6206581691211084E-009
          21          14  -3.7825494986686444E-010
          21          15  -3.2802446254027047E-009
          21          16   6.6777669325131331E-010
          21          17  -2.1876696225640048E-009
          21          18  -4.4238542388222442E-005
          21          19  -9.3705131412773402E-006
          21          20  -3.0364331174610629E-005
          21          21   1.9864346692582395     
          21          22  -1.1485155512133759E-005
          21          23  -4.6517890924005945E-005
          21          24   1.9003587072340429E-004
          21          25   2.3529515885147587E-005
          21          26   1.3865554573951389E-004
          21          27   2.6069643801315753E-002
          21          28   4.8077318092532885E-006
          21          29   1.9686784788937482E-004
          22           1  -3.1211247977073462E-005
          22           2   1.2583750412857743E-004
          22           3  -5.1873362232145712E-004
          22           4   1.2010437799318261E-003
          22           5   2.0388344544664189E-004
          22           6   8.4095562189663249E-010
          22           7   1.7705872975161124E-010
          22           8  -1.2169081583073468E-010
          22           9  -2.4545680754441835E-009
          22          10  -2.4990269343513242E-010
          22          11   4.4900555090041951E-010
          22          12   5.7182033559121119E-009
          22          13   4.6233561764492346E-009
          22          14  -2.8815526667162135E-010
          22          15   4.4987595211206753E-009
          22          16   1.1126168665989288E-009
          22          17  -1.3682727157687038E-009
          22          18   1.3025738840563450E-004
          22          19   2.1034912215534222E-005
          22          20   8.2550409774074482E-005
          22          21  -1.1485155512133759E-005
          22          22   1.9864627840038123     
          22          23   1.3259623345979700E-004
          22          24  -5.4167970006210354E-004
          22          25  -6.7468285673869419E-005
          22          26  -3.9569635192460807E-004
          22          27   4.8072460318548385E-006
          22          28   2.6057436038202007E-002
          22          29  -5.6139975037836944E-004
          23           1  -3.7355841371090898E-003
          23           2   1.1628793548022771E-002
          23           3  -2.2873621366871030E-002
          23           4   6.7382795673907384E-003
          23           5   3.1514419198200873E-003
          23           6  -2.4283009934882430E-009
          23           7  -9.5420638847337077E-010
          23           8  -1.5120044749084296E-009
          23           9   4.5692718697726152E-009
          23          10   1.4392791343151294E-009
          23          11  -9.6643967639502741E-010
          23          12  -9.6789552137252052E-009
          23          13  -3.5832313825496893E-009
          23          14   1.9995657359802443E-009
          23          15  -6.5217697451385821E-011
          23          16  -3.2576239150059271E-010
          23          17   9.9600642054924951E-010
          23          18 -0.99219254639527033     
          23          19   6.1511720829199442E-004
          23          20 -0.99352322054487630     
          23          21  -4.6517890924005945E-005
          23          22   1.3259623345979700E-004
          23          23   1.9876312975178840     
          23          24  -1.5182711206491055E-002
          23          25  -3.1034846284872571E-004
          23          26  -1.4510473562155799E-002
          23          27   2.4192822724236931E-005
          23          28  -6.8970515875955559E-005
          23          29   2.3834646972302625E-002
          24           1  -1.3927395361681030E-003
          24           2   3.5424901512175334E-003
          24           3  -1.4936467095615726E-002
          24           4  -2.4088234191507463E-003
          24           5  -2.6731780497098682E-003
          24           6  -1.1682471436491687E-009
          24           7   1.8559258042525013E-010
          24           8   1.9071223193063403E-009
          24           9   3.6669640682853618E-009
          24          10  -4.3321738703199959E-010
          24          11  -5.6939842773186980E-009
          24          12  -1.3315272499905155E-008
          24          13  -7.8676043627376948E-010
          24          14   1.2177778370027276E-008
          24          15  -1.1589541229163731E-008
          24          16  -3.1014155635295266E-012
          24          17   1.1381223610507607E-008
          24          18   2.4630455466087872E-002
          24          19  -2.4449190519028438E-003
          24          20  -9.1826226696611734E-003
          24          21   1.9003587072340429E-004
          24          22  -5.4167970006210354E-004
          24          23  -1.5182711206491055E-002
          24          24   1.5545106525153493E-003
          24          25   9.8854495444718063E-004
          24          26  -1.1222019810581329E-003
          24          27  -7.6827379096530956E-005
          24          28   2.1527652180217789E-004
          24          29   1.2621537321642643E-003
          25           1   1.7982006688530450E-004
          25           2  -6.2178956859984622E-004
          25           3   2.0716218820319935E-003
          25           4  -2.8830524224272500E-003
          25           5  -3.6193803617027651E-003
          25           6   1.3584541443618926E-009
          25           7   2.3172694336518001E-010
          25           8  -2.3589765106890363E-010
          25           9  -3.4083754321448552E-009
          25          10  -4.7577683802723139E-010
          25          11   1.5450431528259319E-009
          25          12   5.9784655573102370E-009
          25          13   1.0974854464360902E-010
          25          14  -3.6163749462601716E-009
          25          15   6.7059429108798104E-009
          25          16   1.6147634898063226E-010
          25          17  -3.4762639819531969E-009
          25          18  -2.2310703135103391E-004
          25          19   2.5768044590430549E-002
          25          20   4.3647036095588671E-004
          25          21   2.3529515885147587E-005
          25          22  -6.7468285673869419E-005
          25          23  -3.1034846284872571E-004
          25          24   9.8854495444718063E-004
          25          25   1.2929414360700574E-003
          25          26  -1.0387955937127436E-003
          25          27  -7.0535498233540038E-005
          25          28   2.0666890071145588E-004
          25          29   1.2415655094597127E-003
          26           1  -1.7822314773585394E-003
          26           2   4.8892905071974795E-003
          26           3  -1.9423631883114974E-002
          26           4   3.8359256057481621E-003
          26           5   5.1665012478472917E-003
          26           6  -1.5202693580609284E-009
          26           7  -1.3250330153179790E-009
          26           8  -1.1875376267245401E-009
          26           9   4.7913227180567142E-009
          26          10   3.9104708672100224E-009
          26          11   3.1721515058059858E-009
          26          12  -1.3548750216003879E-008
          26          13  -9.2806512596801086E-009
          26          14  -6.1136175632563343E-009
          26          15  -1.3701779199342889E-008
          26          16  -9.5931706855930367E-009
          26          17  -5.6586476275707601E-009
          26          18  -1.3995127407081861E-002
          26          19  -1.7853348189907636E-003
          26          20   2.8980797694312971E-002
          26          21   1.3865554573951389E-004
          26          22  -3.9569635192460807E-004
          26          23  -1.4510473562155799E-002
          26          24  -1.1222019810581329E-003
          26          25  -1.0387955937127436E-003
          26          26   1.6633546650001807E-003
          26          27   8.2072463121820607E-005
          26          28  -2.3023491368736416E-004
          26          29  -1.4271449005195777E-003
          27           1  -1.3975549773476162E-005
          27           2   4.8325304944451684E-005
          27           3  -1.6100536296666137E-004
          27           4   2.2407133031493844E-004
          27           5   2.8129686961566095E-004
          27           6   3.3083752863248651E-009
          27           7   7.3776890120398236E-011
          27           8   9.0715806064435358E-010
          27           9  -9.8263642668656147E-009
          27          10  -3.3203159442431922E-010
          27          11  -3.1867940098950211E-009
          27          12   2.0347965717852912E-008
          27          13   8.7862186650073388E-011
          27          14   4.4202742948285965E-009
          27          15   1.9287962261906629E-008
          27          16  -2.9651931250660267E-010
          27          17   4.1850091507556133E-009
          27          18   1.7363511041583369E-005
          27          19   2.3526558384194193E-005
          27          20  -3.4018689289457386E-005
          27          21   2.6069643801315753E-002
          27          22   4.8072460318548385E-006
          27          23   2.4192822724236931E-005
          27          24  -7.6827379096530956E-005
          27          25  -7.0535498233540038E-005
          27          26   8.2072463121820607E-005
          27          27   3.9086020528058781E-004
          27          28  -6.1657449055085728E-006
          27          29  -9.7831837201620494E-005
          28           1   3.9854776223226403E-005
