           1           1   2.0016143396598585     
           1           2   1.8530750640226495E-002
           1           3  0.15209280706444048     
           1           4  -4.4266119744211699E-002
           1           5  -1.4842991941146683E-015
           1           6  -4.5383494953425772E-015
           1           7  -2.9659137188894292E-015
           1           8  -3.3723219996392562E-015
           1           9  -7.3706524136671733E-015
           1          10  -2.1739438098414047E-015
           1          11   7.8634698521143158E-016
           1          12  -3.2830231317942480E-016
           1          13  -6.0608208676400165E-016
           1          14  -2.8834700313416940E-002
           1          15   4.2034902774690567E-004
           1          16  -2.9122050670792182E-002
           1          17   2.4853474254864455E-004
           1          18   1.6733122840149997E-004
           1          19  -2.9277013486811873E-002
           2           1   1.8530750640226495E-002
           2           2   2.1149501018934314     
           2           3   1.3426334224617635     
           2           4 -0.48377300792108635     
           2           5   5.4958235760633336E-015
           2           6   2.5963266205143344E-013
           2           7   1.9295463266706462E-013
           2           8   3.3331411032504004E-014
           2           9  -1.0565696735510042E-013
           2          10  -1.2594037110274761E-013
           2          11  -2.5664774590402024E-014
           2          12   7.1274830913657953E-014
           2          13   8.9899156737469193E-014
           2          14 -0.13186600338161275     
           2          15   6.1878372543692139E-003
           2          16 -0.13610073582543264     
           2          17   3.6585844001819981E-003
           2          18   2.4631885727763336E-003
           2          19 -0.13838436195357068     
           3           1  0.15209280706444048     
           3           2   1.3426334224617635     
           3           3   12.311068133406254     
           3           4  -3.8930818283729076     
           3           5   9.3584944259414659E-014
           3           6  -2.2286763677929683E-014
           3           7  -7.8557491121636141E-014
           3           8  -4.0125942781472049E-014
           3           9  -2.6018719903069959E-013
           3          10  -8.1716238779442588E-014
           3          11   2.8534173494849132E-014
           3          12   1.7108121967807550E-013
           3          13   4.4014711159052329E-014
           3          14  -2.0109937979591290     
           3          15   4.2559883422187979E-002
           3          16  -2.0400848975526680     
           3          17   2.5163887274557765E-002
           3          18   1.6942132375110868E-002
           3          19  -2.0557732489538880     
           4           1  -4.4266119744211699E-002
           4           2 -0.48377300792108635     
           4           3  -3.8930818283729076     
           4           4   1.2410547755372754     
           4           5  -9.5555776169384610E-015
           4           6   4.0355898919099314E-014
           4           7   2.9138115721056399E-014
           4           8  -1.9906794892937420E-014
           4           9   8.6175062693394534E-014
           4          10   3.7233026358127074E-014
           4          11   1.3910281553056579E-014
           4          12  -5.5194029054116782E-014
           4          13  -2.1546980100376698E-014
           4          14  0.64388709196777116     
           4          15  -1.1893868479290250E-002
           4          16  0.65201697900854039     
           4          17  -7.0323491236980564E-003
           4          18  -4.7346812301837134E-003
           4          19  0.65640129275483061     
           5           1  -1.4842991941146683E-015
           5           2   5.4958235760633336E-015
           5           3   9.3584944259414659E-014
           5           4  -9.5555776169384610E-015
           5           5   1.9229764225085788     
           5           6  -2.7164270524517056E-002
           5           7  -1.6058684797067874E-002
           5           8 -0.31969662144308519     
           5           9 -0.22665651271096618     
           5          10 -0.13399238869941840     
           5          11  0.28329605692904258     
           5          12  0.15086840993858242     
           5          13   8.9188783437841465E-002
           5          14  -4.3981636941066393E-014
           5          15   1.9244633460167182E-014
           5          16  -2.9870891408380530E-014
           5          17   2.6868606869837386E-015
           5          18   1.8894594465725586E-014
           5          19  -2.7720674462914733E-014
           6           1  -4.5383494953425772E-015
           6           2   2.5963266205143344E-013
           6           3  -2.2286763677929683E-014
           6           4   4.0355898919099314E-014
           6           5  -2.7164270524517056E-002
           6           6   1.9450505241153921     
           6           7  -1.0808840660096727E-002
           6           8 -0.22665651271092330     
           6           9 -0.13551207332506632     
           6          10  -9.0188106772750562E-002
           6          11  0.15086840993848366     
           6          12  0.16069808002804151     
           6          13   6.0031525683671441E-002
           6          14  -2.8779061578809640E-014
           6          15   2.9485924609954999E-014
           6          16  -1.1677048218429927E-014
           6          17   1.1252677676097914E-014
           6          18   2.7638351138121293E-014
           6          19  -5.6449290453028313E-015
           7           1  -2.9659137188894292E-015
           7           2   1.9295463266706462E-013
           7           3  -7.8557491121636141E-014
           7           4   2.9138115721056399E-014
           7           5  -1.6058684797067874E-002
           7           6  -1.0808840660096727E-002
           7           7   1.9569444991041798     
           7           8 -0.13399238869941510     
           7           9  -9.0188106772756793E-002
           7          10  -3.6269692022954131E-002
           7          11   8.9188783437809102E-002
           7          12   6.0031525683661817E-002
           7          13   9.4639796123058464E-002
           7          14   1.5723122298974898E-014
           7          15   9.6385857043077433E-015
           7          16   1.1293252265609176E-014
           7          17   4.2935058373688394E-015
           7          18   2.1933307881471944E-015
           7          19   1.2627274024898073E-014
           8           1  -3.3723219996392562E-015
           8           2   3.3331411032504004E-014
           8           3  -4.0125942781472049E-014
           8           4  -1.9906794892937420E-014
           8           5 -0.31969662144308519     
           8           6 -0.22665651271092330     
           8           7 -0.13399238869941510     
           8           8   1.8714817317511314     
           8           9  -1.8925275961717092     
           8          10  -1.1188043540316734     
           8          11  -1.2675077296341930     
           8          12   1.2612071116134658     
           8          13  0.74558701847370779     
           8          14   1.4553663343807751E-014
           8          15  -6.2087688858990903E-015
           8          16   3.2945271935938480E-014
           8          17  -1.6510452031971906E-014
           8          18   3.7269335181162271E-015
           8          19   3.3368287041830662E-014
           9           1  -7.3706524136671733E-015
           9           2  -1.0565696735510042E-013
           9           3  -2.6018719903069959E-013
           9           4   8.6175062693394534E-014
           9           5 -0.22665651271096618     
           9           6 -0.13551207332506632     
           9           7  -9.0188106772756793E-002
           9           8  -1.8925275961717092     
           9           9   3.4093785957457357     
           9          10 -0.75304909121041796     
           9          11   1.2612071116134951     
           9          12  -2.2923839141197830     
           9          13  0.50184254705180420     
           9          14   3.0772841049702526E-014
           9          15  -2.6449627111719716E-014
           9          16   3.7591565410855404E-014
           9          17   7.7130593707254326E-015
           9          18  -7.1712789143628389E-015
           9          19   2.8391299012221925E-014
          10           1  -2.1739438098414047E-015
          10           2  -1.2594037110274761E-013
          10           3  -8.1716238779442588E-014
          10           4   3.7233026358127074E-014
          10           5 -0.13399238869941840     
          10           6  -9.0188106772750562E-002
          10           7  -3.6269692022954131E-002
          10           8  -1.1188043540316734     
          10           9 -0.75304909121041796     
          10          10   4.2380287107475043     
          10          11  0.74558701847370434     
          10          12  0.50184254705182718     
          10          13  -2.8446080508740565     
          10          14   2.5247604380168610E-014
          10          15   1.6701258076847000E-014
          10          16  -4.8501716847910781E-014
          10          17   1.3916885271434351E-014
          10          18  -3.2921125969592946E-014
          10          19  -3.6960194437204073E-014
          11           1   7.8634698521143158E-016
          11           2  -2.5664774590402024E-014
          11           3   2.8534173494849132E-014
          11           4   1.3910281553056579E-014
          11           5  0.28329605692904258     
          11           6  0.15086840993848366     
          11           7   8.9188783437809102E-002
          11           8  -1.2675077296341930     
          11           9   1.2612071116134951     
          11          10  0.74558701847370434     
          11          11  0.86094934933812284     
          11          12 -0.84049639038679202     
          11          13 -0.49687572483214210     
          11          14  -1.1553237028951578E-014
          11          15   4.9999322116620901E-015
          11          16  -2.3286701431513755E-014
          11          17   1.1214057279893266E-014
          11          18  -1.6908632328870961E-015
          11          19  -2.3461455716006034E-014
          12           1  -3.2830231317942480E-016
          12           2   7.1274830913657953E-014
          12           3   1.7108121967807550E-013
          12           4  -5.5194029054116782E-014
          12           5  0.15086840993858242     
          12           6  0.16069808002804151     
          12           7   6.0031525683661817E-002
          12           8   1.2612071116134658     
          12           9  -2.2923839141197830     
          12          10  0.50184254705182718     
          12          11 -0.84049639038679202     
          12          12   1.5439495685103439     
          12          13 -0.33443900328151283     
          12          14  -2.2416003584648812E-014
          12          15   1.8966351218209242E-014
          12          16  -2.6169321537449966E-014
          12          17  -4.7416145176554960E-015
          12          18   5.9967498956766820E-015
          12          19  -1.9748540489109468E-014
          13           1  -6.0608208676400165E-016
          13           2   8.9899156737469193E-014
          13           3   4.4014711159052329E-014
          13           4  -2.1546980100376698E-014
          13           5   8.9188783437841465E-002
          13           6   6.0031525683671441E-002
          13           7   9.4639796123058464E-002
          13           8  0.74558701847370779     
          13           9  0.50184254705180420     
          13          10  -2.8446080508740565     
          13          11 -0.49687572483214210     
          13          12 -0.33443900328151283     
          13          13   1.9119639805387072     
          13          14  -1.5377796203332119E-014
          13          15  -1.0860447964456429E-014
          13          16   3.4006374582301553E-014
          13          17  -9.2004375938795798E-015
          13          18   2.2197949421075343E-014
          13          19   2.6359008504325390E-014
          14           1  -2.8834700313416940E-002
          14           2 -0.13186600338161275     
          14           3  -2.0109937979591290     
          14           4  0.64388709196777116     
          14           5  -4.3981636941066393E-014
          14           6  -2.8779061578809640E-014
          14           7   1.5723122298974898E-014
          14           8   1.4553663343807751E-014
          14           9   3.0772841049702526E-014
          14          10   2.5247604380168610E-014
          14          11  -1.1553237028951578E-014
          14          12  -2.2416003584648812E-014
          14          13  -1.5377796203332119E-014
          14          14  0.34782349178214533     
          14          15  -4.6602345264643253E-003
          14          16  0.35100867153818366     
          14          17  -2.7554039193666410E-003
          14          18  -1.8551369571850123E-003
          14          19  0.35272639114367410     
          15           1   4.2034902774690567E-004
          15           2   6.1878372543692139E-003
          15           3   4.2559883422187979E-002
          15           4  -1.1893868479290250E-002
          15           5   1.9244633460167182E-014
          15           6   2.9485924609954999E-014
          15           7   9.6385857043077433E-015
          15           8  -6.2087688858990903E-015
          15           9  -2.6449627111719716E-014
          15          10   1.6701258076847000E-014
          15          11   4.9999322116620901E-015
          15          12   1.8966351218209242E-014
          15          13  -1.0860447964456429E-014
          15          14  -4.6602345264643253E-003
          15          15   4.7659386382081830E-004
          15          16  -4.9860194892462429E-003
          15          17   2.8179002341224569E-004
          15          18   1.8972113022838375E-004
          15          19  -5.1617096411973647E-003
          16           1  -2.9122050670792182E-002
          16           2 -0.13610073582543264     
          16           3  -2.0400848975526680     
          16           4  0.65201697900854039     
          16           5  -2.9870891408380530E-014
          16           6  -1.1677048218429927E-014
          16           7   1.1293252265609176E-014
          16           8   3.2945271935938480E-014
          16           9   3.7591565410855404E-014
          16          10  -4.8501716847910781E-014
          16          11  -2.3286701431513755E-014
          16          12  -2.6169321537449966E-014
          16          13   3.4006374582301553E-014
          16          14  0.35100867153818366     
          16          15  -4.9860194892462429E-003
          16          16  0.35441654793956712     
          16          17  -2.9480269453726602E-003
          16          18  -1.9848245086166714E-003
          16          19  0.35625436396376448     
          17           1   2.4853474254864455E-004
          17           2   3.6585844001819981E-003
          17           3   2.5163887274557765E-002
          17           4  -7.0323491236980564E-003
          17           5   2.6868606869837386E-015
          17           6   1.1252677676097914E-014
          17           7   4.2935058373688394E-015
          17           8  -1.6510452031971906E-014
          17           9   7.7130593707254326E-015
          17          10   1.3916885271434351E-014
          17          11   1.1214057279893266E-014
          17          12  -4.7416145176554960E-015
          17          13  -9.2004375938795798E-015
          17          14  -2.7554039193666410E-003
          17          15   2.8179002341224569E-004
          17          16  -2.9480269453726602E-003
          17          17   1.6661065809453325E-004
          17          18   1.1217417131829766E-004
          17          19  -3.0519051858541161E-003
          18           1   1.6733122840149997E-004
          18           2   2.4631885727763336E-003
          18           3   1.6942132375110868E-002
          18           4  -4.7346812301837134E-003
          18           5   1.8894594465725586E-014
          18           6   2.7638351138121293E-014
          18           7   2.1933307881471944E-015
          18           8   3.7269335181162271E-015
          18           9  -7.1712789143628389E-015
          18          10  -3.2921125969592946E-014
          18          11  -1.6908632328870961E-015
          18          12   5.9967498956766820E-015
          18          13   2.2197949421075343E-014
          18          14  -1.8551369571850123E-003
          18          15   1.8972113022838375E-004
          18          16  -1.9848245086166714E-003
          18          17   1.1217417131829766E-004
          18          18   7.5523648096908417E-005
          18          19  -2.0547627446365594E-003
          19           1  -2.9277013486811873E-002
          19           2 -0.13838436195357068     
          19           3  -2.0557732489538880     
          19           4  0.65640129275483061     
          19           5  -2.7720674462914733E-014
          19           6  -5.6449290453028313E-015
          19           7   1.2627274024898073E-014
          19           8   3.3368287041830662E-014
          19           9   2.8391299012221925E-014
          19          10  -3.6960194437204073E-014
          19          11  -2.3461455716006034E-014
          19          12  -1.9748540489109468E-014
          19          13   2.6359008504325390E-014
          19          14  0.35272639114367410     
          19          15  -5.1617096411973647E-003
          19          16  0.35625436396376448     
          19          17  -3.0519051858541161E-003
          19          18  -2.0547627446365594E-003
          19          19  0.35815694589301589     
