           1           1   2.1596589991885917     
           1           2 -0.60590490945959219     
           1           3   5.7915231982210033E-002
           1           4   7.4857347236257518E-002
           1           5   9.0511626117297293E-013
           1           6   4.7877016198997821E-013
           1           7   1.5360703958767078E-013
           1           8   7.3218869601643700E-014
           1           9  -7.9626845547282531E-014
           1          10   2.1881948226535463E-014
           1          11   1.6740089249537922E-013
           1          12  -2.8102930766179644E-014
           1          13   5.9456974439018141E-014
           1          14   2.6267763340446625E-003
           1          15  -1.4457897127531389E-005
           1          16   2.6472434324153436E-003
           1          17   2.7752185582204580E-006
           1          18  -5.8524785495011169E-006
           1          19   2.6218118826209710E-003
           2           1 -0.60590490945959219     
           2           2   2.3025439783628157     
           2           3 -0.25174453830205046     
           2           4 -0.32032563057488728     
           2           5  -3.1775045087838934E-012
           2           6  -1.7766891897900755E-012
           2           7  -8.3802561431832858E-013
           2           8  -8.6654422334930856E-013
           2           9   4.2257637835228840E-014
           2          10  -2.1520831322727562E-013
           2          11  -1.3739722923096101E-012
           2          12  -1.9340597556434910E-013
           2          13  -3.2877120178894222E-013
           2          14  -1.2594899450323240E-002
           2          15   1.4660880319907095E-004
           2          16  -1.2802442274882661E-002
           2          17  -2.8142044117824725E-005
           2          18   5.9346547150614798E-005
           2          19  -1.2544557536350712E-002
           3           1   5.7915231982210033E-002
           3           2 -0.25174453830205046     
           3           3  0.57473002794880912     
           3           4  0.57297513096362807     
           3           5   1.2800703381258013E-012
           3           6   6.4072504035347059E-013
           3           7  -1.6909613093758883E-012
           3           8  -1.2549208405575158E-012
           3           9  -1.3769944021374051E-012
           3          10   8.5486353709706114E-014
           3          11  -3.7215183814259376E-013
           3          12  -8.9821987851218234E-013
           3          13   1.2211351002614415E-013
           3          14   7.2086133412696540E-004
           3          15  -6.2659879195890375E-004
           3          16   1.6078858702237037E-003
           3          17   1.2027812653468651E-004
           3          18  -2.5364439142238140E-004
           3          19   5.0570178064834881E-004
           4           1   7.4857347236257518E-002
           4           2 -0.32032563057488728     
           4           3  0.57297513096362807     
           4           4  0.57359599876470568     
           4           5  -1.6852577958814503E-012
           4           6  -3.6653679246864567E-014
           4           7   2.1206713630713646E-012
           4           8   3.8696920772067331E-012
           4           9   1.1467295369265629E-012
           4          10   9.0668927077074289E-013
           4          11   5.3625885133522125E-012
           4          12   1.9371614648303805E-012
           4          13   9.3856525622323780E-013
           4          14   6.8836021222756956E-004
           4          15  -1.2584381198531350E-003
           4          16   2.4698258738153032E-003
           4          17   2.4156250354137165E-004
           4          18  -5.0941025899462703E-004
           4          19   2.5624101702864319E-004
           5           1   9.0511626117297293E-013
           5           2  -3.1775045087838934E-012
           5           3   1.2800703381258013E-012
           5           4  -1.6852577958814503E-012
           5           5   2.0155691145157721     
           5           6   1.7679318744843780E-002
           5           7  -3.3936239805621507E-003
           5           8  -5.4072504746943889E-002
           5           9  -4.3883863429829383E-002
           5          10   8.4237032918447440E-003
           5          11 -0.10802835871482032     
           5          12  -4.6230134483176040E-002
           5          13   8.8740796327717777E-003
           5          14   1.4872021785509072E-012
           5          15   6.2742886118026891E-013
           5          16  -1.9895003820429824E-014
           5          17   8.5160502605504857E-013
           5          18  -2.4241773630603228E-013
           5          19  -4.2841649724554668E-013
           6           1   4.7877016198997821E-013
           6           2  -1.7766891897900755E-012
           6           3   6.4072504035347059E-013
           6           4  -3.6653679246864567E-014
           6           5   1.7679318744843780E-002
           6           6   1.9866703115137458     
           6           7   7.1565127185298887E-003
           6           8  -4.3883863527220679E-002
           6           9   1.7660528325846286E-002
           6          10  -1.7764000961191236E-002
           6          11  -4.6230133828594491E-002
           6          12  -3.2460087458161951E-002
           6          13  -1.8713760828413757E-002
           6          14   6.4322428732568917E-013
           6          15   2.5873948426045727E-013
           6          16  -2.2325476521595864E-013
           6          17   4.5814553094582035E-013
           6          18  -1.4862732708721283E-013
           6          19  -2.5306337912435663E-013
           7           1   1.5360703958767078E-013
           7           2  -8.3802561431832858E-013
           7           3  -1.6909613093758883E-012
           7           4   2.1206713630713646E-012
           7           5  -3.3936239805621507E-003
           7           6   7.1565127185298887E-003
           7           7   2.0225789374511813     
           7           8   8.4237032879425251E-003
           7           9  -1.7764000914134728E-002
           7          10  -7.1472390097213262E-002
           7          11   8.8740796605041097E-003
           7          12  -1.8713761153624275E-002
           7          13 -0.12635853344297410     
           7          14   1.9292322050486598E-013
           7          15   2.3818771583414029E-013
           7          16  -1.3115018590161145E-012
           7          17   2.3062680711036333E-013
           7          18  -6.1269171780064000E-014
           7          19   3.8383144812644472E-013
           8           1   7.3218869601643700E-014
           8           2  -8.6654422334930856E-013
           8           3  -1.2549208405575158E-012
           8           4   3.8696920772067331E-012
           8           5  -5.4072504746943889E-002
           8           6  -4.3883863527220679E-002
           8           7   8.4237032879425251E-003
           8           8  0.23082103724363320     
           8           9  0.10515998770172970     
           8          10  -2.0185928987578355E-002
           8          11  0.25946822387188806     
           8          12  0.11873483452393384     
           8          13  -2.2791679305807520E-002
           8          14  -1.3409482700224361E-012
           8          15  -4.7338024790792148E-013
           8          16   6.4069322874906194E-013
           8          17  -3.7274876909190682E-014
           8          18  -2.4125687058689554E-013
           8          19  -3.6953498682216526E-014
           9           1  -7.9626845547282531E-014
           9           2   4.2257637835228840E-014
           9           3  -1.3769944021374051E-012
           9           4   1.1467295369265629E-012
           9           5  -4.3883863429829383E-002
           9           6   1.7660528325846286E-002
           9           7  -1.7764000914134728E-002
           9           8  0.10515998770172970     
           9           9   5.8925394457465523E-002
           9          10   4.2568315073841886E-002
           9          11  0.11873483253173980     
           9          12   6.5382995904638919E-002
           9          13   4.8063353564547613E-002
           9          14  -4.7505209373878548E-013
           9          15  -4.8935822421007560E-014
           9          16   1.5586480758120371E-013
           9          17  -2.3426537517120662E-013
           9          18   1.4244180519804608E-014
           9          19   1.1508837811332495E-013
          10           1   2.1881948226535463E-014
          10           2  -2.1520831322727562E-013
          10           3   8.5486353709706114E-014
          10           4   9.0668927077074289E-013
          10           5   8.4237032918447440E-003
          10           6  -1.7764000961191236E-002
          10           7  -7.1472390097213262E-002
          10           8  -2.0185928987578355E-002
          10           9   4.2568315073841886E-002
          10          10  0.27251681485157103     
          10          11  -2.2791679392546518E-002
          10          12   4.8063354553757064E-002
          10          13  0.30654639895972974     
          10          14   8.7595723955614205E-014
          10          15  -2.5397387489903095E-013
          10          16   1.3122628574675327E-013
          10          17  -9.0335606564166796E-013
          10          18   1.9584099519603770E-013
          10          19  -4.6111013573129026E-013
          11           1   1.6740089249537922E-013
          11           2  -1.3739722923096101E-012
          11           3  -3.7215183814259376E-013
          11           4   5.3625885133522125E-012
          11           5 -0.10802835871482032     
          11           6  -4.6230133828594491E-002
          11           7   8.8740796605041097E-003
          11           8  0.25946822387188806     
          11           9  0.11873483253173980     
          11          10  -2.2791679392546518E-002
          11          11  0.29279381783705799     
          11          12  0.13389781389569780     
          11          13  -2.5702278742571784E-002
          11          14  -1.3783232024600577E-012
          11          15  -3.0786490206247824E-013
          11          16   5.3934280347053239E-013
          11          17  -1.0768222061815967E-013
          11          18  -1.6813479835875944E-013
          11          19   2.0766001814257105E-013
          12           1  -2.8102930766179644E-014
          12           2  -1.9340597556434910E-013
          12           3  -8.9821987851218234E-013
          12           4   1.9371614648303805E-012
          12           5  -4.6230134483176040E-002
          12           6  -3.2460087458161951E-002
          12           7  -1.8713761153624275E-002
          12           8  0.11873483452393384     
          12           9   6.5382995904638919E-002
          12          10   4.8063354553757064E-002
          12          11  0.13389781389569780     
          12          12   7.3923023769956603E-002
          12          13   5.4201262942188404E-002
          12          14  -5.4292176554459413E-013
          12          15  -5.6908642913653209E-014
          12          16   1.7785935018400648E-013
          12          17  -2.7383356902114373E-013
          12          18   2.1141060176275908E-014
          12          19   1.4014845188631188E-013
          13           1   5.9456974439018141E-014
          13           2  -3.2877120178894222E-013
          13           3   1.2211351002614415E-013
          13           4   9.3856525622323780E-013
          13           5   8.8740796327717777E-003
          13           6  -1.8713760828413757E-002
          13           7 -0.12635853344297410     
          13           8  -2.2791679305807520E-002
          13           9   4.8063353564547613E-002
          13          10  0.30654639895972974     
          13          11  -2.5702278742571784E-002
          13          12   5.4201262942188404E-002
          13          13  0.34588408118519037     
          13          14   1.2633651077088447E-013
          13          15  -2.4042223375086777E-013
          13          16   1.4155122681054540E-013
          13          17  -1.0254189988794402E-012
          13          18   2.4053816227978477E-013
          13          19  -4.7497223679940450E-013
          14           1   2.6267763340446625E-003
          14           2  -1.2594899450323240E-002
          14           3   7.2086133412696540E-004
          14           4   6.8836021222756956E-004
          14           5   1.4872021785509072E-012
          14           6   6.4322428732568917E-013
          14           7   1.9292322050486598E-013
          14           8  -1.3409482700224361E-012
          14           9  -4.7505209373878548E-013
          14          10   8.7595723955614205E-014
          14          11  -1.3783232024600577E-012
          14          12  -5.4292176554459413E-013
          14          13   1.2633651077088447E-013
          14          14   1.0711601161248817E-003
          14          15   1.5240395266202878E-003
          14          16  -1.0862928292142545E-003
          14          17  -2.9254618541243603E-004
          14          18   6.1692470665234279E-004
          14          19   1.5944815600960893E-003
          15           1  -1.4457897127531389E-005
          15           2   1.4660880319907095E-004
          15           3  -6.2659879195890375E-004
          15           4  -1.2584381198531350E-003
          15           5   6.2742886118026891E-013
          15           6   2.5873948426045727E-013
          15           7   2.3818771583414029E-013
          15           8  -4.7338024790792148E-013
          15           9  -4.8935822421007560E-014
          15          10  -2.5397387489903095E-013
          15          11  -3.0786490206247824E-013
          15          12  -5.6908642913653209E-014
          15          13  -2.4042223375086777E-013
          15          14   1.5240395266202878E-003
          15          15   2.3209918324221370E-003
          15          16  -1.7615909254280703E-003
          15          17  -4.4552473425459358E-004
          15          18   9.3952760382128096E-004
          15          19   2.3210167524245580E-003
          16           1   2.6472434324153436E-003
          16           2  -1.2802442274882661E-002
          16           3   1.6078858702237037E-003
          16           4   2.4698258738153032E-003
          16           5  -1.9895003820429824E-014
          16           6  -2.2325476521595864E-013
          16           7  -1.3115018590161145E-012
          16           8   6.4069322874906194E-013
          16           9   1.5586480758120371E-013
          16          10   1.3122628574675327E-013
          16          11   5.3934280347053239E-013
          16          12   1.7785935018400648E-013
          16          13   1.4155122681054540E-013
          16          14  -1.0862928292142545E-003
          16          15  -1.7615909254280703E-003
          16          16   1.4074414104362698E-003
          16          17   3.3814523433289828E-004
          16          18  -7.1308449998659673E-004
          16          19  -1.6911841631220793E-003
          17           1   2.7752185582204580E-006
          17           2  -2.8142044117824725E-005
          17           3   1.2027812653468651E-004
          17           4   2.4156250354137165E-004
          17           5   8.5160502605504857E-013
          17           6   4.5814553094582035E-013
          17           7   2.3062680711036333E-013
          17           8  -3.7274876909190682E-014
          17           9  -2.3426537517120662E-013
          17          10  -9.0335606564166796E-013
          17          11  -1.0768222061815967E-013
          17          12  -2.7383356902114373E-013
          17          13  -1.0254189988794402E-012
          17          14  -2.9254618541243603E-004
          17          15  -4.4552473425459358E-004
          17          16   3.3814523433289828E-004
          17          17   8.5520459856803699E-005
          17          18  -1.8034651400755146E-004
          17          19  -4.4552951856051729E-004
          18           1  -5.8524785495011169E-006
          18           2   5.9346547150614798E-005
          18           3  -2.5364439142238140E-004
          18           4  -5.0941025899462703E-004
          18           5  -2.4241773630603228E-013
          18           6  -1.4862732708721283E-013
          18           7  -6.1269171780064000E-014
          18           8  -2.4125687058689554E-013
          18           9   1.4244180519804608E-014
          18          10   1.9584099519603770E-013
          18          11  -1.6813479835875944E-013
          18          12   2.1141060176275908E-014
          18          13   2.4053816227978477E-013
          18          14   6.1692470665234279E-004
          18          15   9.3952760382128096E-004
          18          16  -7.1308449998659673E-004
          18          17  -1.8034651400755146E-004
          18          18   3.8031677061998905E-004
          18          19   9.3953769167030615E-004
          19           1   2.6218118826209710E-003
          19           2  -1.2544557536350712E-002
          19           3   5.0570178064834881E-004
          19           4   2.5624101702864319E-004
          19           5  -4.2841649724554668E-013
          19           6  -2.5306337912435663E-013
          19           7   3.8383144812644472E-013
          19           8  -3.6953498682216526E-014
          19           9   1.1508837811332495E-013
          19          10  -4.6111013573129026E-013
          19          11   2.0766001814257105E-013
          19          12   1.4014845188631188E-013
          19          13  -4.7497223679940450E-013
          19          14   1.5944815600960893E-003
          19          15   2.3210167524245580E-003
          19          16  -1.6911841631220793E-003
          19          17  -4.4552951856051729E-004
          19          18   9.3953769167030615E-004
          19          19   2.3914673442764654E-003
