           1           1   2.3276004660204768     
           1           2 -0.91423563661218421     
           1           3   9.0516725102215312E-002
           1           4  -3.7065121786447615E-002
           1           5   9.1812883981161636E-002
           1           6  -1.3784486540996838E-002
           1           7  -1.0138612912458620E-010
           1           8  -1.4728164606253073E-010
           1           9   5.4264980944065234E-011
           1          10  -2.7798899353035685E-011
           1          11  -2.3187033578130971E-010
           1          12   1.3627016283242084E-010
           1          13   4.4319254573039739E-011
           1          14   1.2740044531229598E-010
           1          15  -1.2566351693025765E-010
           1          16  -1.3233395970603279E-011
           1          17   2.5704674665009766E-010
           1          18  -3.9090851085377471E-011
           1          19   6.7063230301253973E-011
           1          20  -7.7872931280839221E-011
           1          21  -7.3027237226421609E-011
           1          22  -1.3530446063229245E-003
           1          23   2.2638522620290542E-007
           1          24  -1.3527468047270044E-003
           1          25   1.8277187653597322E-007
           1          26   1.7928668018550738E-008
           1          27  -1.3549220814903498E-003
           1          28  -8.9085631431129941E-004
           1          29  -1.7274802196183379E-007
           1          30  -8.9108354851815232E-004
           1          31  -1.3917742315750999E-007
           1          32  -1.3453513241984668E-008
           1          33  -8.8942411012097624E-004
           1          34  -8.7894519087840890E-006
           1          35  -5.0795672756193112E-008
           1          36  -8.8562799615595346E-006
           1          37  -4.0964646532702259E-008
           1          38  -4.0034699059983627E-009
           1          39  -8.3682763462550683E-006
           1          40  -7.9650893033707658E-012
           1          41   2.7216411888499266E-011
           1          42   4.0159106328962112E-012
           1          43   5.4034508461883241E-011
           1          44  -1.9190297872649856E-011
           1          45  -2.2338904435032929E-011
           1          46  -1.2397836248714327E-011
           1          47  -1.5630674592276996E-011
           1          48   2.6318299235344962E-011
           1          49  -2.1513876336598122E-011
           2           1 -0.91423563661218421     
           2           2   2.5814029026656975     
           2           3 -0.38012591462829592     
           2           4  0.14011228831612571     
           2           5 -0.37991706792023922     
           2           6   5.2408661142381706E-002
           2           7   2.9818845079864175E-010
           2           8   4.0204145164355570E-010
           2           9  -1.6596452172850562E-010
           2          10   3.0344257580678558E-011
           2          11   7.7098744074760420E-010
           2          12  -2.6591886402271688E-010
           2          13  -1.0964737034238639E-010
           2          14  -4.1037264991559006E-010
           2          15   2.8701614825942093E-010
           2          16   8.0717747965003151E-011
           2          17  -1.0040533829737427E-009
           2          18   9.4226907903877883E-011
           2          19  -2.5178003498421490E-010
           2          20   2.7971789843965932E-010
           2          21   2.8019056716465197E-010
           2          22   5.8111202050176117E-003
           2          23  -8.8604159368698847E-007
           2          24   5.8099547998477809E-003
           2          25  -7.1520793375692773E-007
           2          26  -7.0012762164604194E-008
           2          27   5.8184674842041871E-003
           2          28   4.3954247508747983E-003
           2          29   6.6727473101480728E-007
           2          30   4.3963025305118354E-003
           2          31   5.3763589788186658E-007
           2          32   5.2004803648776913E-008
           2          33   4.3898922993493147E-003
           2          34   2.3424991594720671E-004
           2          35   1.8948894203997666E-007
           2          36   2.3449921942237707E-004
           2          37   1.5282276506940640E-007
           2          38   1.4942326151571103E-008
           2          39   2.3267869694768744E-004
           2          40   5.6903217620157165E-011
           2          41  -8.6683096907087819E-011
           2          42  -3.3725194881897486E-012
           2          43  -1.6755695151200388E-010
           2          44   3.3885608459033150E-011
           2          45   8.7008734919495285E-011
           2          46   6.4328512090435223E-012
           2          47   7.2593664961465256E-011
           2          48  -8.3259655440008458E-011
           2          49  -7.6662147858470272E-012
           3           1   9.0516725102215312E-002
           3           2 -0.38012591462829592     
           3           3  0.59187472655071249     
           3           4  -3.1732807038275385E-004
           3           5  0.57393783010324795     
           3           6   3.4216103654435663E-003
           3           7  -2.4395266405532345E-010
           3           8   1.2378216169830071E-010
           3           9  -2.9642922103443053E-012
           3          10   2.8056586224544780E-010
           3          11  -1.9310682886095508E-009
           3          12  -1.4794317286327449E-010
           3          13  -1.0156848427315326E-010
           3          14   3.4756259071627197E-010
           3          15   1.2428947325209822E-010
           3          16  -1.0951683997827794E-009
           3          17   2.3969257679663069E-009
           3          18   8.8297717399776079E-010
           3          19  -3.7617962617165214E-010
           3          20   9.4171054025693716E-010
           3          21   2.7917320934482757E-010
           3          22  -8.5142867254338998E-003
           3          23   1.4642496189499861E-006
           3          24  -8.5123596776814532E-003
           3          25   1.1821452760985288E-006
           3          26   1.1633439243260320E-007
           3          27  -8.5264335335733452E-003
           3          28  -2.9517700887356619E-003
           3          29  -1.9319444166575055E-007
           3          30  -2.9520240787207939E-003
           3          31  -1.5534534186293494E-007
           3          32  -1.4640923946732546E-008
           3          33  -2.9501682738275704E-003
           3          34  -3.2581784563469459E-004
           3          35   1.6900550738471316E-007
           3          36  -3.2559560549363996E-004
           3          37   1.3611303278601953E-007
           3          38   1.3226237470494148E-008
           3          39  -3.2721723698788600E-004
           3          40  -2.3855558860206590E-011
           3          41  -2.5410080231540882E-011
           3          42   2.9293308991095466E-011
           3          43  -9.1736175131994251E-011
           3          44   7.3106975776308525E-012
           3          45   4.4685108223003692E-012
           3          46   5.6201690282793435E-012
           3          47  -2.5573351979012029E-011
           3          48  -6.4282170180168528E-011
           3          49   8.5609818967565480E-011
           4           1  -3.7065121786447615E-002
           4           2  0.14011228831612571     
           4           3  -3.1732807038275385E-004
           4           4  0.99621298078005460     
           4           5  -2.2044357093713086E-002
           4           6  0.39432705272042923     
           4           7   9.0094837844539624E-010
           4           8   1.9952249265948108E-009
           4           9  -8.7997388242249958E-010
           4          10  -2.2304689862200293E-010
           4          11  -2.1111154962957713E-009
           4          12  -2.1230150890469798E-010
           4          13  -1.6428526438522051E-010
           4          14   1.2807877059826204E-010
           4          15   1.1722612643140356E-010
           4          16  -2.9131966717689750E-009
           4          17   1.1181253251955169E-009
           4          18   3.1746568807959666E-009
           4          19  -3.1264599983527777E-009
           4          20   5.1644498196376584E-009
           4          21   3.0534738573388512E-009
           4          22   3.8729099997712323E-003
           4          23   6.3602824231028563E-007
           4          24   3.8737596033582922E-003
           4          25   5.2553437560442615E-007
           4          26   6.3072330223379717E-008
           4          27   3.8675463519101685E-003
           4          28   3.7961097916570624E-002
           4          29   4.0239740255229811E-006
           4          30   3.7966394052597850E-002
           4          31   3.2471228711082812E-006
           4          32   3.1817504738291309E-007
           4          33   3.7927713102136253E-002
           4          34   4.8164323253998415E-003
           4          35   1.9691835394311286E-006
           4          36   4.8190230653257036E-003
           4          37   1.5878735587679839E-006
           4          38   1.5534652833788388E-007
           4          39   4.8001086033615647E-003
           4          40   7.0688182786301945E-010
           4          41  -3.4661604124948033E-010
           4          42   2.4083343120855556E-010
           4          43  -7.2306039234621350E-010
           4          44  -2.3845549366139007E-010
           4          45   6.2497466148713461E-010
           4          46  -3.3220225988590180E-010
           4          47   5.9595871918556548E-010
           4          48  -4.1692056350276471E-010
           4          49  -7.8531574716855158E-010
           5           1   9.1812883981161636E-002
           5           2 -0.37991706792023922     
           5           3  0.57393783010324795     
           5           4  -2.2044357093713086E-002
           5           5  0.55705650798834971     
           5           6  -5.4580130359640003E-003
           5           7  -2.8227088580828099E-010
           5           8  -1.5083350471395183E-011
           5           9   2.1503454636539903E-012
           5          10   2.6860905805724837E-010
           5          11  -1.6998517995339965E-009
           5          12  -1.2466597375679035E-010
           5          13  -9.3055303962109586E-011
           5          14   3.2408463249422968E-010
           5          15   1.1523538376785065E-010
           5          16  -9.0592950291828538E-010
           5          17   2.0957391379226421E-009
           5          18   7.1313817301768898E-010
           5          19  -2.6325257399485152E-010
           5          20   7.1833166811547394E-010
           5          21   1.7931135439798598E-010
           5          22  -8.3101275884299181E-003
           5          23   1.3908060731968217E-006
           5          24  -8.3082925135683928E-003
           5          25   1.1279246126137408E-006
           5          26   1.1576180891494250E-007
           5          27  -8.3216971253112365E-003
           5          28  -3.5154397003782298E-003
           5          29  -2.8918701660406566E-007
           5          30  -3.5158184621443991E-003
           5          31  -2.3112318068127687E-007
           5          32  -2.0500365668677602E-008
           5          33  -3.5130523678033147E-003
           5          34  -3.7925186133354642E-004
           5          35   1.1462063518185268E-007
           5          36  -3.7910107640140404E-004
           5          37   9.2367859228048866E-008
           5          38   9.0384316993244961E-009
           5          39  -3.8020119714215735E-004
           5          40  -4.3661249857640516E-011
           5          41  -1.1574323029103781E-011
           5          42   1.9184777345530768E-011
           5          43  -5.9828180657748598E-011
           5          44   1.4237646662785993E-011
           5          45  -9.0605048595390787E-012
           5          46   1.5742315641248648E-011
           5          47  -3.9161818178759721E-011
           5          48  -4.6143475882297063E-011
           5          49   1.0283870980527002E-010
           6           1  -1.3784486540996838E-002
           6           2   5.2408661142381706E-002
           6           3   3.4216103654435663E-003
           6           4  0.39432705272042923     
           6           5  -5.4580130359640003E-003
           6           6  0.15983635905523524     
           6           7   1.0962103242958090E-010
           6           8   1.3185204067481798E-009
           6           9   9.6489107687111036E-010
           6          10   7.6955153686062761E-010
           6          11  -2.1872529579767698E-009
           6          12  -7.5397256540314072E-010
           6          13  -1.3715158302772769E-010
           6          14   2.2121716444186073E-010
           6          15   1.0965310679166512E-010
           6          16  -3.1223778263404204E-009
           6          17   4.7738165515563144E-009
           6          18   2.8250614602512218E-009
           6          19  -1.9443760265682793E-009
           6          20   3.7927926442721809E-009
           6          21   1.7353285516945262E-009
           6          22   8.4351498894827685E-004
           6          23   4.9501907450131748E-007
           6          24   8.4416860192367406E-004
           6          25   3.9685253959437737E-007
           6          26   3.9161854397019222E-008
           6          27   8.3941445264940702E-004
           6          28   1.1526890618727052E-002
           6          29   1.8684951537138111E-006
           6          30   1.1529348492276818E-002
           6          31   1.5048622511720736E-006
           6          32   1.4585475600456823E-007
           6          33   1.1511407229232348E-002
           6          34   1.0829590580171645E-003
           6          35   9.1166050380550533E-007
           6          36   1.0841582003683957E-003
           6          37   7.3466690006558346E-007
           6          38   7.1662513184212280E-008
           6          39   1.0754059786410493E-003
           6          40   3.9402880813764380E-010
           6          41  -2.6127478032960553E-010
           6          42   1.6091301601548699E-010
           6          43  -5.7706130234043493E-010
           6          44  -1.3766276689147501E-010
           6          45   2.0675975068302202E-010
           6          46  -1.7912186366226964E-010
           6          47   2.6511917064317758E-010
           6          48  -3.0104356464891046E-010
           6          49  -3.8474196359348455E-010
           7           1  -1.0138612912458620E-010
           7           2   2.9818845079864175E-010
           7           3  -2.4395266405532345E-010
           7           4   9.0094837844539624E-010
           7           5  -2.8227088580828099E-010
           7           6   1.0962103242958090E-010
           7           7   2.2380565852173380     
           7           8   7.2455400763499886E-008
           7           9   5.8321971545353857E-008
           7          10 -0.76597378917975267     
           7          11  -1.9308394458216042E-007
           7          12  -1.5640785462204952E-007
           7          13   4.0767760952994891E-002
           7          14  -9.2026757101410357E-008
           7          15  -7.3548270054875365E-008
           7          16   5.5659140981324448E-003
           7          17  -5.5805478631452742E-009
           7          18  -4.6109523403275467E-009
           7          19  -1.7216624057357238E-003
           7          20  -1.4906874617734265E-008
           7          21  -1.1801760994003627E-008
           7          22   1.1755815475874503E-010
           7          23  -4.2601364190035899E-010
           7          24   6.2869602530692442E-010
           7          25   1.8522448592958912E-011
           7          26   3.2041973245232344E-010
           7          27   5.5847810214151119E-010
           7          28  -3.9661677014855441E-010
           7          29  -2.2508859349515554E-011
           7          30  -2.4196523647285610E-010
           7          31  -3.9737357955519406E-011
           7          32  -2.2407667617333832E-010
           7          33  -5.2916340294335347E-010
           7          34  -2.4806933106665283E-010
           7          35   2.9171722518707637E-011
           7          36  -1.1222488220126201E-010
           7          37   1.1946480223079272E-011
           7          38   1.4965460311072372E-011
           7          39  -1.7509937563105909E-010
           7          40   8.1485481725311840E-003
           7          41  -2.4909056886294838E-004
           7          42   3.4522604886012293E-003
           7          43   4.5728364997619158E-004
           7          44  -4.2394638019283906E-003
           7          45   1.0880822395013417E-003
           7          46   4.4684683529426584E-003
           7          47   5.1332015736069853E-005
           7          48  -3.6416509843474826E-004
           7          49  -1.7053623015880271E-004
           8           1  -1.4728164606253073E-010
           8           2   4.0204145164355570E-010
           8           3   1.2378216169830071E-010
           8           4   1.9952249265948108E-009
           8           5  -1.5083350471395183E-011
           8           6   1.3185204067481798E-009
           8           7   7.2455400763499886E-008
           8           8   2.2380566951863772     
           8           9   5.7694699141349437E-009
           8          10  -1.9532035067290685E-007
           8          11 -0.76597408196006311     
           8          12  -1.5953384698731240E-008
           8          13  -8.9865720073888360E-008
           8          14   4.0767620424377427E-002
           8          15  -6.6260673669041654E-009
           8          16  -4.5077079795459304E-009
           8          17   5.5659050808895645E-003
           8          18  -6.6830070281983107E-010
           8          19  -1.5225236795100323E-008
           8          20  -1.7216848746548917E-003
           8          21  -9.9556003639411043E-010
           8          22   9.0628284451840351E-010
           8          23  -7.0485663396089301E-012
           8          24  -3.5621878208114649E-011
           8          25   5.2119859209209657E-010
           8          26  -4.3761502010544589E-011
           8          27   6.7207115456997456E-010
           8          28  -9.6548731813771948E-010
           8          29   1.5102892256914620E-010
           8          30  -1.6553822948596768E-009
           8          31   9.3688916350186172E-011
           8          32  -3.9985220115593667E-010
           8          33  -1.5074227095003817E-009
           8          34  -7.6804693042049398E-010
           8          35   5.1504388535621279E-011
           8          36  -3.9160906926358193E-010
           8          37   1.2753128439766441E-010
           8          38  -4.6396923597610499E-011
           8          39  -5.8769868023227124E-010
           8          40  -1.8512009297019254E-004
           8          41   3.4527977828494407E-003
           8          42   6.1279105866862238E-004
           8          43   7.7326569592398413E-003
           8          44   9.4230992021114394E-004
           8          45   5.1594505945080403E-003
           8          46  -1.4815517218198194E-003
           8          47  -3.6417046514769562E-004
           8          48   6.0915834634729920E-004
           8          49   4.0194280493711053E-004
           9           1   5.4264980944065234E-011
           9           2  -1.6596452172850562E-010
           9           3  -2.9642922103443053E-012
           9           4  -8.7997388242249958E-010
           9           5   2.1503454636539903E-012
           9           6   9.6489107687111036E-010
           9           7   5.8321971545353857E-008
           9           8   5.7694699141349437E-009
           9           9   2.2380558920873104     
           9          10  -1.5543525709034313E-007
           9          11  -1.6148440893291085E-008
           9          12 -0.76597193381368411     
           9          13  -7.4394379768220710E-008
           9          14  -6.5102790065398649E-009
           9          15   4.0768635711498760E-002
           9          16  -4.8088661170156600E-009
           9          17  -5.5081097266263407E-010
           9          18   5.5659666225516746E-003
           9          19  -1.1845008821302196E-008
           9          20  -1.1012594368966714E-009
           9          21  -1.7215210013115717E-003
           9          22  -2.3576711441776646E-011
           9          23  -2.4350439582829728E-010
           9          24  -7.4638286623173532E-010
           9          25   6.8301735098875253E-010
           9          26   2.3220667577157783E-010
           9          27  -8.1580372519624856E-011
           9          28   3.7119448159171536E-010
           9          29  -3.7218357087430430E-010
           9          30   2.1036477532092473E-011
           9          31   2.6924131532667685E-010
           9          32   1.4234165220404309E-010
           9          33   4.8131876629645613E-010
           9          34  -6.6889256704188534E-011
           9          35   5.2012925624676942E-011
           9          36  -1.5068768772988263E-010
           9          37  -1.5885678754362393E-011
           9          38  -1.3724480616574974E-011
           9          39  -3.1840100544769733E-010
           9          40  -3.1593594856222764E-003
           9          41   9.4228815862877852E-004
           9          42   4.4683303664775197E-003
           9          43  -1.1042074373250037E-003
           9          44   4.7950715863807197E-005
           9          45  -4.2089361063611457E-004
           9          46   6.0524354181988854E-004
           9          47  -2.2939930244867627E-004
           9          48   5.3918274063840979E-004
           9          49   1.0271287870185577E-002
          10           1  -2.7798899353035685E-011
          10           2   3.0344257580678558E-011
          10           3   2.8056586224544780E-010
          10           4  -2.2304689862200293E-010
          10           5   2.6860905805724837E-010
          10           6   7.6955153686062761E-010
          10           7 -0.76597378917975267     
          10           8  -1.9532035067290685E-007
          10           9  -1.5543525709034313E-007
          10          10   2.4692186342352489     
          10          11   1.3863693247889725E-006
          10          12   1.1191699783871686E-006
          10          13 -0.13364965407398882     
          10          14  -1.7993435400768239E-007
          10          15  -1.4552836493952079E-007
          10          16  -1.8406486711820273E-002
          10          17  -8.3038083071722821E-008
          10          18  -6.6858069342205494E-008
          10          19   5.5915382776145304E-003
          10          20   6.1081866576871915E-008
          10          21   4.9293115549956387E-008
          10          22   7.5480832296358689E-010
          10          23   6.8670683085588951E-010
          10          24  -3.8464285834704576E-010
          10          25  -7.2362191856654801E-010
          10          26   4.7614577143051677E-010
          10          27  -8.0561546462473609E-010
          10          28  -6.3799849747993668E-011
          10          29  -4.6446777170748007E-010
          10          30  -5.9367609739874730E-010
          10          31   4.6613526976234525E-010
          10          32   8.7382855105309876E-010
          10          33   6.3804656886698766E-011
          10          34   1.6806674241763875E-011
          10          35   9.7005760539568807E-014
          10          36   3.6165374085513435E-011
          10          37   5.3369113566276878E-011
          10          38  -2.2294257085985958E-011
          10          39   1.9185543701502881E-011
          10          40  -2.8135571087096183E-002
          10          41   8.8483107679242885E-004
          10          42  -1.1900969906011166E-002
          10          43  -1.6248615583442302E-003
          10          44   1.5062866995540956E-002
          10          45  -3.8660239909958276E-003
          10          46  -1.5876724932274898E-002
          10          47   1.8352807878463211E-004
          10          48   1.2938508194829815E-003
          10          49   6.0583276387450526E-004
          11           1  -2.3187033578130971E-010
          11           2   7.7098744074760420E-010
          11           3  -1.9310682886095508E-009
          11           4  -2.1111154962957713E-009
          11           5  -1.6998517995339965E-009
          11           6  -2.1872529579767698E-009
          11           7  -1.9308394458216042E-007
          11           8 -0.76597408196006311     
          11           9  -1.6148440893291085E-008
          11          10   1.3863693247889725E-006
          11          11   2.4692207425507346     
          11          12   1.1073033100262745E-007
          11          13  -1.7997557105643495E-007
          11          14 -0.13364992825364147     
          11          15  -1.4751995493870328E-008
          11          16  -8.3109891707509756E-008
          11          17  -1.8406612972195882E-002
          11          18  -6.4040646671957843E-009
          11          19   6.1076797842558935E-008
          11          20   5.5916311197552375E-003
          11          21   4.8343944399195813E-009
          11          22  -1.3266117957857522E-009
          11          23  -1.3551932690721344E-009
          11          24   3.5478448418614733E-009
          11          25  -2.1258218451676214E-009
          11          26   2.2162174423355269E-009
          11          27  -1.8301940085948080E-010
          11          28   1.4444641046562225E-009
          11          29  -1.3140280128725891E-009
          11          30   2.7717276463789350E-009
          11          31  -6.1089503236435177E-011
          11          32   1.7533797724116926E-009
          11          33   2.1370629891330551E-009
          11          34   8.3849087784569459E-010
          11          35  -2.7272424486354021E-011
          11          36   7.4774974648689730E-010
          11          37  -7.2942419776065881E-011
          11          38   6.5971403576887826E-011
          11          39   7.9397587814302815E-010
          11          40   6.5763259241513659E-004
          11          41  -1.1902835291579152E-002
          11          42  -2.1774779510638333E-003
          11          43  -2.6658316723274778E-002
          11          44  -3.3480736113409020E-003
          11          45  -1.8331865831038296E-002
          11          46   5.2640069499313834E-003
          11          47   1.2938724123066278E-003
          11          48  -1.7985255754138724E-003
          11          49  -1.4281292492764254E-003
          12           1   1.3627016283242084E-010
          12           2  -2.6591886402271688E-010
          12           3  -1.4794317286327449E-010
          12           4  -2.1230150890469798E-010
          12           5  -1.2466597375679035E-010
          12           6  -7.5397256540314072E-010
          12           7  -1.5640785462204952E-007
          12           8  -1.5953384698731240E-008
          12           9 -0.76597193381368411     
          12          10   1.1191699783871686E-006
          12          11   1.1073033100262745E-007
          12          12   2.4692053487946257     
          12          13  -1.4558805434158952E-007
          12          14  -1.4818435717225289E-008
          12          15 -0.13364792678452531     
          12          16  -6.7090358777377632E-008
          12          17  -6.5917401161076147E-009
          12          18  -1.8405691399473907E-002
          12          19   4.9293204881174174E-008
          12          20   4.8410446170794502E-009
          12          21   5.5909531127511392E-003
          12          22  -5.3692779039377954E-010
          12          23   1.3607976201891361E-009
          12          24   1.2221336762909710E-009
          12          25  -2.2897284194478653E-009
          12          26  -1.3953261599749148E-009
          12          27  -9.5376961916019213E-010
          12          28  -1.2143416462307293E-011
          12          29   9.9421162901584785E-010
          12          30   6.8759377625759977E-010
          12          31  -6.0035953491864935E-010
          12          32  -6.9657137373058705E-010
          12          33   4.6560588586741590E-011
          12          34  -4.8362117280789279E-011
          12          35   2.7201492315651413E-011
          12          36   1.8226698953542990E-011
          12          37  -9.6006247688197337E-011
          12          38  -6.0553760395151493E-011
          12          39   6.6402100415669782E-011
          12          40   1.1225232983995604E-002
          12          41  -3.3479887264558600E-003
          12          42  -1.5876186513750792E-002
          12          43   3.9232807935312402E-003
          12          44   1.9525703655202172E-004
          12          45   1.4953628930863357E-003
          12          46  -1.7849477694337470E-003
          12          47   8.1490795547771889E-004
          12          48  -1.9157481919309055E-003
          12          49  -3.5675077417062898E-002
          13           1   4.4319254573039739E-011
          13           2  -1.0964737034238639E-010
          13           3  -1.0156848427315326E-010
          13           4  -1.6428526438522051E-010
          13           5  -9.3055303962109586E-011
          13           6  -1.3715158302772769E-010
          13           7   4.0767760952994891E-002
          13           8  -8.9865720073888360E-008
          13           9  -7.4394379768220710E-008
          13          10 -0.13364965407398882     
          13          11  -1.7997557105643495E-007
          13          12  -1.4558805434158952E-007
          13          13   7.2583380779861276E-003
          13          14   1.2542440616563904E-008
          13          15   1.0152610108984827E-008
          13          16   1.0028173236365280E-003
          13          17   4.2168140609226852E-009
          13          18   3.3968741630998238E-009
          13          19  -3.0334638811286348E-004
          13          20  -3.4503411404151293E-009
          13          21  -2.7843759126945338E-009
          13          22   3.1928292112548902E-010
          13          23   6.8090098847857834E-010
          13          24  -4.1912521325854882E-010
          13          25   3.6041372116090045E-010
          13          26  -1.0639266938552572E-009
          13          27   1.3794840929519890E-010
          13          28   1.2676941875008304E-010
          13          29   2.4655632969010021E-010
          13          30  -9.6523530287061737E-011
          13          31   7.7612615644210479E-011
          13          32  -3.7140743016294542E-010
          13          33   3.7421668565376047E-011
          13          34   6.7697979200904683E-012
          13          35   1.1698871288663239E-011
          13          36  -7.3114941661905289E-012
          13          37   2.4248649248106583E-012
          13          38  -1.5983827545470944E-011
          13          39   2.2218585334589419E-012
          13          40   1.5133522460720598E-003
          13          41  -4.5095453821888320E-005
          13          42   6.4205470018240791E-004
          13          43   8.2808027067818362E-005
          13          44  -7.6760652358629498E-004
          13          45   1.9701630789781033E-004
          13          46   8.0907251714859693E-004
          13          47   2.6272484239661859E-005
          13          48  -6.5933975613896576E-005
          13          49  -3.0865304573501724E-005
          14           1   1.2740044531229598E-010
          14           2  -4.1037264991559006E-010
          14           3   3.4756259071627197E-010
          14           4   1.2807877059826204E-010
          14           5   3.2408463249422968E-010
          14           6   2.2121716444186073E-010
          14           7  -9.2026757101410357E-008
          14           8   4.0767620424377427E-002
          14           9  -6.5102790065398649E-009
          14          10  -1.7993435400768239E-007
          14          11 -0.13364992825364147     
          14          12  -1.4818435717225289E-008
          14          13   1.2542440616563904E-008
          14          14   7.2583571986183154E-003
          14          15   1.0475601680258489E-009
          14          16   4.2215781074878424E-009
          14          17   1.0028237372649205E-003
          14          18   3.2829965371702313E-010
          14          19  -3.4505240045083687E-009
          14          20  -3.0335163293229196E-004
          14          21  -2.7363134566216709E-010
          14          22   4.8771368998025526E-010
          14          23   1.8316651771943208E-009
          14          24  -8.3060436119537224E-010
          14          25   1.6749819012915106E-010
          14          26  -2.5705662346867033E-009
          14          27   1.8377496657959110E-010
          14          28  -2.1846181733776551E-011
          14          29   6.2101733868011136E-010
          14          30  -4.2989419588715501E-010
          14          31   2.1786374802422687E-011
          14          32  -8.6197769753419056E-010
          14          33  -1.3562185729496552E-010
          14          34  -5.4506339804258366E-011
          14          35   3.0654957321116739E-011
          14          36  -6.6871366398124456E-011
          14          37   4.9199199002572789E-012
          14          38  -4.4054611554173443E-011
          14          39  -5.5875696861401703E-011
          14          40  -3.3506466539299029E-005
          14          41   6.4215587824356679E-004
          14          42   1.1095956457129465E-004
          14          43   1.4380704935725160E-003
          14          44   1.7061400111110389E-004
          14          45   9.3419300567951159E-004
          14          46  -2.6825103544063562E-004
          14          47  -6.5936719081128098E-005
          14          48   1.2727757481350839E-004
          14          49   7.2778449870900474E-005
          15           1  -1.2566351693025765E-010
          15           2   2.8701614825942093E-010
          15           3   1.2428947325209822E-010
          15           4   1.1722612643140356E-010
          15           5   1.1523538376785065E-010
          15           6   1.0965310679166512E-010
          15           7  -7.3548270054875365E-008
          15           8  -6.6260673669041654E-009
          15           9   4.0768635711498760E-002
          15          10  -1.4552836493952079E-007
          15          11  -1.4751995493870328E-008
          15          12 -0.13364792678452531     
          15          13   1.0152610108984827E-008
          15          14   1.0475601680258489E-009
          15          15   7.2582175875271146E-003
          15          16   3.4083384313008156E-009
          15          17   3.3768155374992724E-010
          15          18   1.0027769070632085E-003
          15          19  -2.7844034637825527E-009
          15          20  -2.7404640683170731E-010
          15          21  -3.0331333152900123E-004
          15          22  -2.5346981771119133E-010
          15          23  -4.3483052467704129E-010
          15          24   2.6365569630618643E-010
          15          25  -2.1483615881292676E-010
          15          26   6.2678145603360782E-010
          15          27  -1.1192137227038140E-011
          15          28  -9.7672971770488497E-011
          15          29  -1.6580540983740043E-010
          15          30   5.6815237037262277E-011
          15          31  -7.3071498641661900E-011
          15          32   2.0804466778836408E-010
          15          33  -3.1053726219894616E-011
          15          34  -3.2729191276977587E-012
          15          35  -7.3153131636113564E-012
          15          36   3.1747106909917631E-012
          15          37  -5.0415776394932188E-013
          15          38   1.1988391075710522E-011
          15          39  -6.3328407265398936E-012
          15          40  -5.7199798879306737E-004
          15          41   1.7060323211471310E-004
          15          42   8.0900421276259476E-004
          15          43  -1.9991757586274267E-004
          15          44   2.5638400480619452E-005
          15          45  -7.6202578671486786E-005
          15          46   1.2654441444098877E-004
          15          47  -4.1532531511436644E-005
          15          48   9.7619857063184002E-005
          15          49   1.8975693791307608E-003
          16           1  -1.3233395970603279E-011
          16           2   8.0717747965003151E-011
          16           3  -1.0951683997827794E-009
          16           4  -2.9131966717689750E-009
          16           5  -9.0592950291828538E-010
          16           6  -3.1223778263404204E-009
          16           7   5.5659140981324448E-003
          16           8  -4.5077079795459304E-009
          16           9  -4.8088661170156600E-009
          16          10  -1.8406486711820273E-002
          16          11  -8.3109891707509756E-008
          16          12  -6.7090358777377632E-008
          16          13   1.0028173236365280E-003
          16          14   4.2215781074878424E-009
          16          15   3.4083384313008156E-009
          16          16   1.3905626574252337E-004
          16          17   7.5791980370293041E-010
          16          18   6.1058866943669799E-010
          16          19  -4.1865882992194566E-005
          16          20  -5.8696794176812163E-010
          16          21  -4.7349616300719746E-010
          16          22  -3.7774806123561769E-010
          16          23  -6.1718281164777285E-009
          16          24   1.6661622919700351E-009
          16          25   1.2220327273781565E-009
          16          26   8.3973456225294270E-009
          16          27  -2.6719164867895916E-010
          16          28   1.4989568695121403E-009
          16          29  -1.9340677025721704E-009
          16          30   2.1415797256971696E-009
          16          31   3.7907500261416759E-010
          16          32   2.6316607253861654E-009
          16          33   1.5304112196466975E-009
          16          34   4.0604030000318875E-010
          16          35  -1.0153324602245031E-010
          16          36   4.3927242127059181E-010
          16          37   1.9544138539599096E-011
          16          38   1.3831015709393555E-010
          16          39   4.0819595617958997E-010
          16          40   2.0568267898136587E-004
          16          41  -5.6571875963678174E-006
          16          42   8.7628111606311671E-005
          16          43   1.0389020914470456E-005
          16          44  -9.6289826824327604E-005
          16          45   2.4716018888725753E-005
          16          46   1.0148852485299300E-004
          16          47   1.0391856737529311E-005
          16          48  -8.2710334904536787E-006
          16          49  -3.8687999902698430E-006
