           1           1   1.9967624611004791     
           1           2  -1.0579074079145245E-002
           1           3  -3.8748590752180873E-002
           1           4  -3.3289418043738375E-002
           1           5  -1.1328069785806572E-002
           1           6  -1.2450636185370142E-003
           1           7   1.1140062599073273E-014
           1           8   2.8088542814889971E-014
           1           9  -1.2901003241870032E-014
           1          10  -1.3268422855219894E-014
           1          11   8.2037562316639945E-015
           1          12   3.7914442784865506E-015
           1          13  -9.6621264140900550E-015
           1          14   2.2190907320632956E-014
           1          15  -6.7210624320190973E-015
           1          16   6.6425290661022931E-015
           1          17   7.7444385956818838E-015
           1          18   1.2269783486248920E-015
           1          19   1.2046543704483207E-014
           1          20  -2.1894312817145508E-014
           1          21   1.1623854284156059E-014
           1          22   1.6844361634710026E-002
           1          23  -6.7959844028254762E-004
           1          24   1.6811281568007860E-002
           1          25  -5.9120961711834675E-004
           1          26  -6.3646462189150942E-004
           1          27   1.6896056349756706E-002
           1          28   9.0708459229564588E-003
           1          29  -3.7724814902927113E-005
           1          30   9.0683674676327458E-003
           1          31  -3.6429098516697295E-005
           1          32  -3.6539634712599994E-005
           1          33   9.0750762687244468E-003
           1          34  -3.7117369905535938E-003
           1          35   9.2061895525103832E-005
           1          36  -3.7415442444762963E-003
           1          37  -3.0018545318309121E-005
           1          38   6.2205593879525735E-005
           1          39  -3.6968619173909328E-003
           1          40   1.2263253592943485E-015
           1          41  -7.2512676627275793E-015
           1          42   3.1859750573251129E-015
           1          43  -2.4013018924645399E-014
           1          44  -2.2213142383289605E-015
           1          45   8.1507868510009168E-015
           1          46  -2.9426741608918997E-015
           1          47   5.7695530543954938E-015
           1          48  -6.8803628449344196E-016
           1          49   3.9377671465836089E-015
           2           1  -1.0579074079145245E-002
           2           2   1.9654225090444672     
           2           3 -0.12827568765295613     
           2           4 -0.11177032251213868     
           2           5  -3.6923286482210486E-002
           2           6  -3.4497165485999665E-003
           2           7   2.2083616084401457E-014
           2           8   7.1032274316180988E-014
           2           9  -5.7918645948371413E-014
           2          10  -3.7819497842801029E-014
           2          11  -8.6772112051046063E-015
           2          12  -5.7763780189566279E-016
           2          13  -2.8690810028443858E-014
           2          14   6.6416005749945768E-014
           2          15  -3.1419172454448332E-014
           2          16   1.6183485120058746E-014
           2          17  -9.1548851300815209E-015
           2          18  -1.3602169356829695E-014
           2          19   4.9866640836370380E-014
           2          20  -4.1920535468700152E-014
           2          21   5.5722475834842318E-014
           2          22   5.5361099853485252E-002
           2          23  -2.7519757479672123E-003
           2          24   5.5487755385072043E-002
           2          25  -1.6537664064597607E-003
           2          26  -2.4165724124148246E-003
           2          27   5.5410659660492481E-002
           2          28   3.0682691911248047E-002
           2          29  -2.1938592382425180E-004
           2          30   3.0666029237745300E-002
           2          31  -1.5669991123920410E-004
           2          32  -1.9766342799438477E-004
           2          33   3.0703920973058643E-002
           2          34  -1.2163955597851599E-002
           2          35   3.3282999243491895E-004
           2          36  -1.2242973707681921E-002
           2          37  -6.0163738346940079E-005
           2          38   2.3415497571227127E-004
           2          39  -1.2126624103478319E-002
           2          40   8.5699987427255383E-016
           2          41  -3.6688830265531119E-014
           2          42   7.3313660590240976E-015
           2          43  -3.2889474794068226E-014
           2          44  -3.7772908269754735E-015
           2          45   6.4669821538055135E-015
           2          46   6.1813027593547820E-015
           2          47   1.3525449742822393E-014
           2          48   2.6371478904652712E-014
           2          49   1.7179075696863632E-014
           3           1  -3.8748590752180873E-002
           3           2 -0.12827568765295613     
           3           3   1.4238848948020322     
           3           4 -0.61283081264051020     
           3           5  -9.4038065446784169E-002
           3           6  -1.1463507492407890E-002
           3           7   1.3080049730897020E-013
           3           8   2.1744994519173324E-013
           3           9   1.2143090475804036E-013
           3          10   7.4261867454626045E-014
           3          11   7.3674829448765265E-015
           3          12  -7.4792411875250670E-014
           3          13  -1.7937356659696109E-014
           3          14   1.1178069546749093E-014
           3          15  -1.6339294620686903E-014
           3          16   1.3817739936962162E-013
           3          17  -6.8164597081088738E-014
           3          18   3.8342937266718175E-015
           3          19   2.5224682703998567E-015
           3          20  -8.4463640620815561E-014
           3          21   7.4607024334561870E-014
           3          22  0.19797782267085345     
           3          23  -3.4446167173542458E-002
           3          24  0.20947397729863185     
           3          25   1.5869682975681101E-003
           3          26  -2.5660850086086394E-002
           3          27  0.19272111974686759     
           3          28  0.14353547981055084     
           3          29   1.9218328405405725E-004
           3          30  0.14165457923190122     
           3          31  -2.4868628940694706E-003
           3          32  -3.0213115775910263E-004
           3          33  0.14463299963053466     
           3          34  -2.3683126202465168E-002
           3          35   1.1405212940914849E-003
           3          36  -2.3567087462938660E-002
           3          37   1.2272676165811080E-005
           3          38   8.1838485658194504E-004
           3          39  -2.3759947239607650E-002
           3          40  -3.3059207926275563E-014
           3          41   1.5241639460014220E-014
           3          42  -5.1175183662781131E-015
           3          43   1.4963825868674503E-014
           3          44   5.2438267339634992E-014
           3          45  -5.0204552843860948E-014
           3          46   5.4198813974242616E-015
           3          47  -2.8193371653302116E-014
           3          48   8.9116470610828941E-014
           3          49   4.3062411182500973E-014
           4           1  -3.3289418043738375E-002
           4           2 -0.11177032251213868     
           4           3 -0.61283081264051020     
           4           4  0.54760821571096552     
           4           5  -9.2669143049713201E-003
           4           6   4.9965843515839943E-002
           4           7  -1.9732583647245548E-013
           4           8  -3.3149691732093380E-013
           4           9  -1.8459227599083446E-013
           4          10  -3.7641449037113977E-014
           4          11   4.8510018891373238E-014
           4          12   2.8694267235065616E-014
           4          13  -5.2273170548566551E-014
           4          14   5.1296844826966976E-014
           4          15  -1.1923423383291683E-013
           4          16  -2.9325311868342122E-013
           4          17   5.0520805020310287E-014
           4          18  -2.1963790699507424E-013
           4          19  -3.8809899872000325E-014
           4          20   3.1624397204029016E-013
           4          21  -1.0453937174253274E-013
           4          22   7.7734674312261720E-004
           4          23  0.10886644700721530     
           4          24  -2.0145516444652879E-002
           4          25   2.4607780145298769E-002
           4          26   8.6936919508535743E-002
           4          27   8.4444039382926585E-003
           4          28   1.0187043320685908E-002
           4          29  -1.1891818953982478E-004
           4          30   1.0006944500457509E-002
           4          31   6.7716824737871356E-004
           4          32   1.3280208528290358E-004
           4          33   1.0179139798827161E-002
           4          34   2.0456588286887059E-003
           4          35  -4.0760066106692132E-003
           4          36   4.7737483951697983E-003
           4          37   4.1122436593915472E-003
           4          38  -2.2034854958200515E-003
           4          39   5.3406648452015114E-004
           4          40   1.0186875672868029E-013
           4          41   1.1473232822203638E-014
           4          42  -1.7334843545311775E-014
           4          43   1.4911020594543527E-014
           4          44  -1.0223398315044568E-013
           4          45   1.1905284118604480E-013
           4          46   9.3348211971121097E-014
           4          47   6.1653178954136356E-014
           4          48  -1.2460044763029133E-013
           4          49   7.2696269334275333E-014
           5           1  -1.1328069785806572E-002
           5           2  -3.6923286482210486E-002
           5           3  -9.4038065446784169E-002
           5           4  -9.2669143049713201E-003
           5           5   2.0329116651953950E-002
           5           6  -1.0849854194863692E-002
           5           7   1.0387551588957247E-013
           5           8   1.7863851610580609E-013
           5           9   1.0864607474780483E-013
           5          10  -9.2168667776492450E-015
           5          11  -3.6244243497620917E-014
           5          12  -7.6141279542494818E-015
           5          13   7.3991851705618608E-014
           5          14  -2.8869825790934727E-014
           5          15   5.0210337897767726E-014
           5          16   7.0015223235643389E-014
           5          17  -2.0556780835386778E-014
           5          18   3.6573926921896379E-014
           5          19   3.9541348359940575E-014
           5          20  -1.2446556164502269E-014
           5          21   3.4081478649997882E-014
           5          22  -3.1398695768383444E-002
           5          23   1.2900742845358731E-002
           5          24  -4.0265710684475077E-002
           5          25  -1.6307666918857534E-002
           5          26   6.0855919352790586E-003
           5          27  -2.6526842041762529E-002
           5          28  -2.5535133790094457E-002
           5          29   1.8930897984568021E-003
           5          30  -2.5598158708565018E-002
           5          31   6.7856103725055924E-005
           5          32   1.3912844081986600E-003
           5          33  -2.5519204258167921E-002
           5          34   4.1060495022102843E-003
           5          35   9.8507156638311132E-004
           5          36   3.2723210941009418E-003
           5          37  -1.1657582229493329E-003
           5          38   5.0413244793114380E-004
           5          39   4.5547633317714852E-003
           5          40  -1.1856030029658437E-014
           5          41  -4.1441560121124814E-016
           5          42   8.9775815329190330E-015
           5          43  -9.1948247600390870E-015
           5          44   1.9481601190781389E-014
           5          45  -8.0769468029719650E-015
           5          46  -1.3119531171903423E-014
           5          47  -4.5176139889984320E-015
           5          48   1.3506499396730668E-014
           5          49  -2.1338816515855242E-014
           6           1  -1.2450636185370142E-003
           6           2  -3.4497165485999665E-003
           6           3  -1.1463507492407890E-002
           6           4   4.9965843515839943E-002
           6           5  -1.0849854194863692E-002
           6           6   1.1139245859108783E-002
           6           7   1.4397423968556828E-014
           6           8  -4.5722272069445408E-015
           6           9  -4.6300552685428400E-015
           6          10  -4.2572283593339888E-014
           6          11  -1.1463930061064478E-014
           6          12  -4.2353700783518998E-014
           6          13  -9.6228222970932844E-014
           6          14   3.3397278355578036E-014
           6          15  -5.1213850929198690E-014
           6          16  -8.3746377459403333E-014
           6          17   4.0224450899472171E-014
           6          18  -1.8693363539667767E-014
           6          19  -5.6792863940190420E-014
           6          20  -8.4638774456352155E-015
           6          21  -5.2489194029097544E-014
           6          22   1.0580150851933994E-002
           6          23  -2.1063763073594439E-002
           6          24   2.4025089765324227E-002
           6          25   2.3404962378728088E-002
           6          26  -1.0639666100787459E-002
           6          27   3.2814888961207240E-003
           6          28   1.0903014023323500E-002
           6          29  -2.4261252301196034E-003
           6          30   1.1381235565199096E-002
           6          31   4.9687248883109158E-004
           6          32  -1.6803591516372331E-003
           6          33   1.0655657610132952E-002
           6          34  -1.7074970226186421E-003
           6          35  -1.0514554025860337E-003
           6          36  -8.7043771145369549E-004
           6          37   1.1890794834773569E-003
           6          38  -5.4493856776742446E-004
           6          39  -2.1512423061453524E-003
           6          40   1.0231791547445191E-014
           6          41  -1.3777700957945856E-015
           6          42  -1.0718317120369106E-014
           6          43   1.0261640561583469E-014
           6          44  -2.4089533594273873E-014
           6          45   5.7593221284661391E-015
           6          46   5.0801113875182398E-015
           6          47   2.0340863237254790E-015
           6          48  -2.0662141717820510E-014
           6          49   1.4888892505901990E-014
           7           1   1.1140062599073273E-014
           7           2   2.2083616084401457E-014
           7           3   1.3080049730897020E-013
           7           4  -1.9732583647245548E-013
           7           5   1.0387551588957247E-013
           7           6   1.4397423968556828E-014
           7           7   1.9999786343811610     
           7           8   2.9426780563038492E-006
           7           9   9.5358082671208452E-006
           7          10  -7.9210445512353203E-004
           7          11  -5.6131448839362712E-006
           7          12   1.3642359510851595E-004
           7          13  -2.1990749301300293E-004
           7          14   2.6693892908629315E-005
           7          15   5.3314370764823626E-005
           7          16  -5.9822959223504321E-005
           7          17   4.3319281648436557E-005
           7          18   7.8953668070671796E-005
           7          19   1.5473643182499388E-004
           7          20  -3.5273601625527214E-005
           7          21  -6.2236426612010114E-005
           7          22  -5.5259823087995657E-014
           7          23  -5.4126443117709410E-015
           7          24  -2.9848334032025964E-014
           7          25  -6.4034579735420570E-015
           7          26  -2.1378810084389947E-015
           7          27  -4.9135225571141695E-014
           7          28   4.9307693395909692E-014
           7          29   3.8834117317816986E-015
           7          30   6.8259077122895353E-014
           7          31  -1.6801348505363306E-014
           7          32  -8.0779328069247498E-016
           7          33   7.4161590803400433E-014
           7          34   6.4098631364145994E-014
           7          35  -5.7061911432615043E-016
           7          36   5.5544470655497948E-014
           7          37   9.7694296860727514E-015
           7          38   1.0773202218631253E-014
           7          39   5.4185110442391817E-014
           7          40  -1.2196084745113661E-004
           7          41  -1.6502303594057290E-004
           7          42   2.7471672441278528E-004
           7          43  -1.7429959085565793E-005
           7          44  -9.5211545096546399E-005
           7          45   2.2088148581241111E-004
           7          46   1.1774301713143904E-004
           7          47   2.8706741123947927E-004
           7          48   1.3335667287878787E-004
           7          49  -1.5190814209985507E-004
           8           1   2.8088542814889971E-014
           8           2   7.1032274316180988E-014
           8           3   2.1744994519173324E-013
           8           4  -3.3149691732093380E-013
           8           5   1.7863851610580609E-013
           8           6  -4.5722272069445408E-015
           8           7   2.9426780563038492E-006
           8           8   1.9999866507265076     
           8           9   3.8520466228978334E-006
           8          10  -5.8055152459209915E-006
           8          11  -6.7457546075092565E-004
           8          12   2.0000931366780003E-005
           8          13   2.7240568024930637E-005
           8          14  -1.8058560211486348E-004
           8          15   3.0080931132396335E-005
           8          16   4.2939148346112944E-005
           8          17  -2.0587260284184388E-006
           8          18   4.5780650479434001E-005
           8          19  -3.5422417023427998E-005
           8          20   1.0953420334509089E-004
           8          21  -3.7523567767348991E-005
           8          22  -8.4911744761059178E-014
           8          23  -6.8898334414078212E-015
           8          24  -5.9376573852924186E-014
           8          25  -2.5776079449844994E-014
           8          26  -4.7987749620296535E-015
           8          27  -7.0457644982812777E-014
           8          28   9.0600880514211654E-014
           8          29   5.7699926136568137E-016
           8          30   1.1634631356404429E-013
           8          31  -1.7151639535627703E-014
           8          32  -4.8070088204628399E-015
           8          33   1.3609353646489471E-013
           8          34   1.2442071793011149E-013
           8          35   5.9159354995308956E-015
           8          36   1.0053738023639543E-013
           8          37   6.7182593443754617E-015
           8          38   1.6358175519989006E-014
           8          39   9.5225631027916903E-014
           8          40  -1.2229087530538023E-004
           8          41   2.4916238512951924E-004
           8          42  -4.1311515726254194E-005
           8          43  -2.0412827586387090E-004
           8          44   2.0173812643146355E-004
           8          45   1.5755118102654710E-004
           8          46  -3.2680919611146909E-005
           8          47   1.5013920393595897E-004
           8          48   2.6916385968232283E-004
           8          49  -1.8024254776616733E-004
           9           1  -1.2901003241870032E-014
           9           2  -5.7918645948371413E-014
           9           3   1.2143090475804036E-013
           9           4  -1.8459227599083446E-013
           9           5   1.0864607474780483E-013
           9           6  -4.6300552685428400E-015
           9           7   9.5358082671208452E-006
           9           8   3.8520466228978334E-006
           9           9   1.9999740641172385     
           9          10   1.3653294824422552E-004
           9          11   2.0321976970007265E-005
           9          12  -8.5856716306374672E-004
           9          13   5.3134855119118808E-005
           9          14   2.9232974095393435E-005
           9          15  -2.4283237204865050E-004
           9          16   7.9005766654723504E-005
           9          17   4.6311949256281772E-005
           9          18  -9.3816207877509244E-005
           9          19  -6.2182090240281266E-005
           9          20  -3.7287978630291757E-005
           9          21   1.8130478508940399E-004
           9          22  -5.2065655195424991E-014
           9          23  -1.3880532608658164E-014
           9          24  -2.2811479323398474E-014
           9          25   1.5695439417680578E-014
           9          26   8.3758433926160365E-015
           9          27  -6.0227372675413208E-014
           9          28   4.5917368391945404E-014
           9          29  -1.7079313603695157E-015
           9          30   6.1702836350544958E-014
           9          31  -1.5823394869437402E-014
           9          32   4.2297447586779101E-015
           9          33   6.2079867166516210E-014
           9          34   7.3392341085803812E-014
           9          35   4.6674151087035202E-015
           9          36   6.1039420285527133E-014
           9          37   9.9892367415033531E-015
           9          38   7.4797203110200902E-015
           9          39   6.4826630845229044E-014
           9          40  -1.2434210356716054E-004
           9          41   1.7976043087707369E-004
           9          42   1.1323666293733410E-004
           9          43  -2.3101521607898212E-005
           9          44   3.0052406293201272E-004
           9          45   1.6093213122997250E-004
           9          46   3.0785792649546626E-004
           9          47  -1.2745855527837981E-004
           9          48  -2.2110964765957090E-004
           9          49  -9.1505592938324063E-005
          10           1  -1.3268422855219894E-014
          10           2  -3.7819497842801029E-014
          10           3   7.4261867454626045E-014
          10           4  -3.7641449037113977E-014
          10           5  -9.2168667776492450E-015
          10           6  -4.2572283593339888E-014
          10           7  -7.9210445512353203E-004
          10           8  -5.8055152459209915E-006
          10           9   1.3653294824422552E-004
          10          10   1.9777603037255500     
          10          11  -1.1588896359350440E-003
          10          12   1.9834621732663926E-003
          10          13   1.6361972182292940E-002
          10          14   5.5300709857671407E-004
          10          15  -2.7783953635133508E-006
          10          16  -1.6739055445998380E-002
          10          17   8.3973956111434872E-004
          10          18  -2.2170822239875646E-004
          10          19  -3.1263569838280072E-003
          10          20  -3.9649086601698858E-004
          10          21   2.8396666816645372E-004
          10          22  -1.6522633289520751E-014
          10          23   9.9764043522513500E-015
          10          24   7.7568558462962471E-014
          10          25   2.5330776550742219E-013
          10          26  -5.8027933910437983E-014
          10          27  -5.3904926546672301E-014
          10          28   3.5034879004530727E-014
          10          29   2.6921874741787313E-014
          10          30  -4.9757607954750253E-014
          10          31  -1.7694702662659049E-013
          10          32   1.0829045151713741E-013
          10          33   2.1492272371437953E-014
          10          34  -1.4260680160013194E-014
          10          35  -1.6055558877864652E-014
          10          36   2.1264801244419990E-014
          10          37   7.5063166307374536E-014
          10          38  -3.7272262944700533E-014
          10          39  -5.0688204265633796E-015
          10          40  -1.0349251725783502E-003
          10          41  -4.4535338148516393E-003
          10          42   1.4415806301844544E-002
          10          43   4.4397319171450176E-005
          10          44   6.2414229687354252E-004
          10          45   1.0363978663593214E-002
          10          46   4.8263788455577810E-003
          10          47   1.2384669305594473E-002
          10          48   5.7067569367041321E-003
          10          49  -5.8599149005766488E-003
          11           1   8.2037562316639945E-015
          11           2  -8.6772112051046063E-015
          11           3   7.3674829448765265E-015
          11           4   4.8510018891373238E-014
          11           5  -3.6244243497620917E-014
          11           6  -1.1463930061064478E-014
          11           7  -5.6131448839362712E-006
          11           8  -6.7457546075092565E-004
          11           9   2.0321976970007265E-005
          11          10  -1.1588896359350440E-003
          11          11   1.9795092949328652     
          11          12  -4.8973790756817043E-004
          11          13   5.7332016788640692E-004
          11          14   1.5990881940925936E-002
          11          15   4.5927556753670755E-004
          11          16   8.1998812474976196E-004
          11          17  -1.7389867199340034E-002
          11          18   5.8850422201033200E-004
          11          19  -4.0094840089075119E-004
          11          20  -2.6728199117741535E-003
          11          21  -2.6306784001300102E-004
          11          22  -5.5379757819802200E-015
          11          23   1.6648284806057966E-014
          11          24   1.4143283805250364E-013
          11          25   1.6602432714791076E-013
          11          26  -2.9329485601113131E-014
          11          27  -6.4893286682439975E-015
          11          28  -9.3938494721765251E-015
          11          29  -9.6242903006327564E-014
          11          30   5.6801613424814410E-014
          11          31   1.2479399818389124E-013
          11          32   9.7649079568258125E-014
          11          33  -1.6303560897622000E-013
          11          34   3.9224806249822266E-016
          11          35   2.8141449284820595E-014
          11          36  -3.3339396290061184E-014
          11          37  -3.0942897442201844E-014
          11          38  -3.8501090199476524E-014
          11          39   5.5565030160195911E-014
          11          40  -4.3397027471517909E-003
          11          41   1.1947446662925543E-002
          11          42   7.7413608334330982E-004
          11          43  -4.2043430860269583E-004
          11          44   8.4625730659200864E-003
          11          45   8.7862836928823494E-003
          11          46   1.2587491663369323E-003
          11          47   6.3481356559412679E-003
          11          48   1.1868438110550827E-002
          11          49  -6.8572639264743640E-003
          12           1   3.7914442784865506E-015
          12           2  -5.7763780189566279E-016
          12           3  -7.4792411875250670E-014
          12           4   2.8694267235065616E-014
          12           5  -7.6141279542494818E-015
          12           6  -4.2353700783518998E-014
          12           7   1.3642359510851595E-004
          12           8   2.0000931366780003E-005
          12           9  -8.5856716306374672E-004
          12          10   1.9834621732663926E-003
          12          11  -4.8973790756817043E-004
          12          12   1.9767874599932342     
          12          13  -8.6117742724308409E-006
          12          14   4.2806519626676954E-004
          12          15   1.6549743437292739E-002
          12          16  -2.1759949965253372E-004
          12          17   6.1650847485898047E-004
          12          18  -1.6411181803540193E-002
          12          19   2.8505074972916982E-004
          12          20  -2.5619666017177108E-004
          12          21  -3.3690030905132512E-003
          12          22   3.4489938338604810E-014
          12          23  -1.5527819819770342E-013
          12          24   3.0091084056368632E-014
          12          25   1.5521907723758229E-013
          12          26   1.4519449681268557E-013
          12          27  -1.1948894747074167E-013
          12          28  -1.4300056249935855E-013
          12          29   1.1650091930637979E-013
          12          30   6.1938901988172534E-014
          12          31   2.5556558856479211E-014
          12          32  -1.2679964200659743E-013
          12          33   5.1941030656738178E-014
          12          34   3.8632567607577363E-014
          12          35  -4.6860105345876154E-014
          12          36  -2.1157519283870297E-014
          12          37   1.0415105937313544E-015
          12          38   4.1950500745662458E-014
          12          39  -2.6226986689624540E-014
          12          40  -4.7616182995417686E-003
          12          41   7.6281723722114933E-003
          12          42   4.6562752186192959E-003
          12          43  -3.4737884865411917E-004
          12          44   1.3807367537965560E-002
          12          45   7.6946353538759052E-003
          12          46   1.5742437691072603E-002
          12          47  -6.6941058305256679E-004
          12          48  -6.6175206365908972E-003
          12          49  -2.1798194004805788E-003
          13           1  -9.6621264140900550E-015
          13           2  -2.8690810028443858E-014
          13           3  -1.7937356659696109E-014
          13           4  -5.2273170548566551E-014
          13           5   7.3991851705618608E-014
          13           6  -9.6228222970932844E-014
          13           7  -2.1990749301300293E-004
          13           8   2.7240568024930637E-005
          13           9   5.3134855119118808E-005
          13          10   1.6361972182292940E-002
          13          11   5.7332016788640692E-004
          13          12  -8.6117742724308409E-006
          13          13   1.3740164380801435E-004
          13          14   9.3212685408739057E-006
          13          15   5.3597851206673054E-007
          13          16  -1.3565947006632733E-004
          13          17   1.9766073531513391E-006
          13          18  -3.8423481584653430E-007
          13          19  -2.6875460682270671E-005
          13          20  -4.7845987031968843E-006
          13          21   1.3524189022055411E-006
          13          22   4.3599556197781914E-013
          13          23  -3.1864920171109207E-014
          13          24  -7.1558882133031036E-013
          13          25  -1.8952503526404956E-012
          13          26   4.6271674917650597E-013
          13          27   2.3328710756666298E-013
          13          28   1.8309939084712076E-014
          13          29   9.9042257652537446E-015
          13          30  -5.5175573670478240E-014
          13          31  -1.0674574183306851E-013
          13          32   4.4730081871940656E-014
          13          33  -7.7675221807492246E-016
          13          34   1.6904964313509409E-014
          13          35   3.7324224278065158E-016
          13          36  -4.6100436917665148E-015
          13          37  -3.1401876776100090E-014
          13          38   5.7203198656584124E-015
          13          39   1.5775356337232758E-014
          13          40  -7.3663213370475676E-006
          13          41  -4.7335037921424091E-005
          13          42   1.0227307618895894E-004
          13          43   3.0771284990988698E-006
          13          44   1.4963426273011313E-006
          13          45   8.5817714600736801E-005
          13          46   2.8523204004394708E-005
          13          47   1.1989962273539182E-004
          13          48   4.5424453423030090E-005
          13          49  -4.3834641740785601E-005
          14           1   2.2190907320632956E-014
          14           2   6.6416005749945768E-014
          14           3   1.1178069546749093E-014
          14           4   5.1296844826966976E-014
          14           5  -2.8869825790934727E-014
          14           6   3.3397278355578036E-014
          14           7   2.6693892908629315E-005
          14           8  -1.8058560211486348E-004
          14           9   2.9232974095393435E-005
          14          10   5.5300709857671407E-004
          14          11   1.5990881940925936E-002
          14          12   4.2806519626676954E-004
          14          13   9.3212685408739057E-006
          14          14   1.3162467621836646E-004
          14          15   7.5036301514083760E-006
          14          16   1.8440115070407406E-006
          14          17  -1.3700423888346030E-004
          14          18   1.3101766393371168E-006
          14          19  -4.7503165495316003E-006
          14          20  -2.3029291720155837E-005
          14          21  -3.4680812467281339E-006
          14          22   4.4755789666709742E-013
          14          23  -4.0398892850062306E-013
          14          24   3.0172594540524288E-013
          14          25   9.0765791740728311E-013
          14          26   1.1230374334878188E-012
          14          27  -6.7971572333856756E-013
          14          28   4.9041818090308556E-014
          14          29  -3.6170520698767064E-014
          14          30   3.8267447931071129E-014
          14          31   5.3481021191078383E-014
          14          32   6.5127935353673224E-014
          14          33  -3.2290789568743403E-014
          14          34   1.1619121379183874E-015
          14          35  -7.0332554338323765E-015
          14          36   7.7050366594915372E-016
          14          37   1.4065396335704942E-014
          14          38   1.4501601682512491E-014
          14          39  -1.5406241140618204E-014
          14          40  -4.5736950914051017E-005
          14          41   8.9575658418171745E-005
          14          42   1.0516858825621973E-005
          14          43  -1.6124711770269587E-006
          14          44   7.4530112738243850E-005
          14          45   4.7703478846694515E-005
          14          46   1.3923418257743051E-005
          14          47   5.2977947194205331E-005
          14          48   1.0291613313742510E-004
          14          49  -6.8523010152187611E-005
          15           1  -6.7210624320190973E-015
          15           2  -3.1419172454448332E-014
          15           3  -1.6339294620686903E-014
          15           4  -1.1923423383291683E-013
          15           5   5.0210337897767726E-014
          15           6  -5.1213850929198690E-014
          15           7   5.3314370764823626E-005
          15           8   3.0080931132396335E-005
          15           9  -2.4283237204865050E-004
          15          10  -2.7783953635133508E-006
          15          11   4.5927556753670755E-004
          15          12   1.6549743437292739E-002
          15          13   5.3597851206673054E-007
          15          14   7.5036301514083760E-006
          15          15   1.4034052342591446E-004
          15          16  -3.8123131970850711E-007
          15          17   1.4554749796428644E-006
          15          18  -1.3501165964820280E-004
          15          19   1.3349285350279381E-006
          15          20  -3.5183343316479522E-006
          15          21  -2.8905759441395670E-005
          15          22  -8.9541097004905592E-013
          15          23   1.2712134270206962E-012
          15          24  -3.2223193814746372E-014
          15          25   2.0271118583066544E-013
          15          26  -1.2671309346830578E-012
          15          27   7.9789322212820339E-013
          15          28  -9.8602453804035141E-014
          15          29   8.6595369521914855E-014
          15          30  -3.0683802141843342E-014
          15          31   2.1521149837835833E-014
          15          32  -8.0013172295867598E-014
          15          33   2.1489421657769150E-014
          15          34  -4.4450366508087402E-015
          15          35   1.9230133413908582E-014
          15          36   5.1869214134326786E-015
          15          37  -1.0316636891808465E-015
          15          38  -1.6694483457880003E-014
          15          39   2.1032671840562822E-014
          15          40  -3.3110050473868818E-005
          15          41   6.4381505788138605E-005
          15          42   2.6103241782295927E-005
          15          43   1.1317945511201425E-006
          15          44   1.2803963606631695E-004
          15          45   6.1561012051527313E-005
          15          46   1.2378967090527336E-004
          15          47  -1.0734310870554243E-005
          15          48  -6.9405316599952760E-005
          15          49  -1.9768178343750691E-005
          16           1   6.6425290661022931E-015
          16           2   1.6183485120058746E-014
          16           3   1.3817739936962162E-013
          16           4  -2.9325311868342122E-013
          16           5   7.0015223235643389E-014
          16           6  -8.3746377459403333E-014
          16           7  -5.9822959223504321E-005
          16           8   4.2939148346112944E-005
          16           9   7.9005766654723504E-005
          16          10  -1.6739055445998380E-002
          16          11   8.1998812474976196E-004
          16          12  -2.1759949965253372E-004
          16          13  -1.3565947006632733E-004
          16          14   1.8440115070407406E-006
          16          15  -3.8123131970850711E-007
          16          16   1.4566567279056274E-004
          16          17  -1.4103577343069388E-005
          16          18   5.5286521236370274E-006
          16          19   2.4899873534659263E-005
          16          20   1.2356528220039781E-006
          16          21  -3.4584081924389349E-006
          16          22   4.1271468078385575E-013
          16          23  -1.7377498863955764E-013
          16          24  -2.9383458117235331E-013
          16          25  -5.5874227588101097E-013
          16          26   8.6599850377894129E-013
          16          27  -2.7214790598021549E-013
          16          28  -1.4433454637453750E-014
          16          29  -4.9041293378742924E-015
          16          30  -5.8248124115288602E-014
          16          31  -2.5121571491587706E-014
          16          32   6.2490151341680534E-014
          16          33  -6.6109211637756813E-014
          16          34   1.6568749279146737E-014
          16          35   1.4177704575527070E-015
          16          36   1.4240158112178985E-015
          16          37  -1.4366914877146592E-014
          16          38   1.3983844096322007E-014
          16          39   8.6657422647568114E-015
          16          40   1.2319102319113014E-005
          16          41   2.3436499799132606E-005
          16          42  -1.4704136951994870E-004
          16          43   3.9031249851963882E-006
          16          44  -9.0590118617174824E-006
          16          45  -8.7986333151690094E-005
          16          46  -5.8526352280719070E-005
          16          47  -8.3053194802527305E-005
          16          48  -5.3242445183578359E-005
          16          49   5.6175437016495301E-005
