           1           1   2.2950163009644049     
           1           2 -0.86342719103939847     
           1           3   8.9091814300144179E-002
           1           4  -2.2462725711173963E-002
           1           5   9.1346554629589655E-002
           1           6  -1.2235928834669774E-002
           1           7  -3.1477851855101795E-011
           1           8   3.8526555324250739E-011
           1           9   1.0146951527094505E-013
           1          10  -5.1477900108168647E-011
           1          11  -8.9630007286733799E-011
           1          12   1.5547670530026181E-012
           1          13   4.2731034246090061E-012
           1          14  -5.5831642016582518E-013
           1          15  -2.2773713694377468E-012
           1          16  -9.4405588498024243E-013
           1          17  -5.1134691877343631E-012
           1          18   2.2222085566134597E-012
           1          19  -5.6495064481797428E-013
           1          20  -9.3432705987984850E-013
           1          21   2.2030990819152934E-012
           1          22   4.1048710240893637E-003
           1          23  -1.4800166008877474E-012
           1          24   4.1048710224173635E-003
           1          25  -4.9408818394720519E-009
           1          26  -3.6936670836597570E-010
           1          27  -3.7496961593865932E-003
           1          28   6.0226501957966654E-003
           1          29  -1.8924835023761498E-012
           1          30   6.0226501964077694E-003
           1          31  -1.1773257586760019E-009
           1          32  -7.7516184051354269E-011
           1          33   4.1525254029816851E-003
           1          34   2.3567765422576872E-003
           1          35  -9.2266380954382270E-013
           1          36   2.3567765426035503E-003
           1          37   2.7914181307778332E-010
           1          38   2.9503793979784747E-011
           1          39   2.7994900941676606E-003
           1          40   4.9244363663486071E-014
           1          41  -3.1406380339267093E-013
           1          42   6.5499522476191265E-013
           1          43  -4.9176027582174771E-012
           1          44   1.4746328718125328E-013
           1          45  -7.8742607657296594E-015
           1          46  -9.8161518126028731E-013
           1          47  -5.0333430728475902E-013
           1          48  -2.7385599445470392E-012
           1          49  -4.7670474818056555E-013
           2           1 -0.86342719103939847     
           2           2   2.5498167357890029     
           2           3 -0.36910653662422688     
           2           4   8.3476057591168357E-002
           2           5 -0.37166511121875367     
           2           6   4.4096325918828054E-002
           2           7   1.0416113250197265E-010
           2           8  -1.0115654661906427E-010
           2           9  -2.5559658201054894E-013
           2          10   1.3575193528961763E-010
           2          11   2.1700446137121985E-010
           2          12  -5.6534547153322064E-012
           2          13  -1.3734758724203897E-011
           2          14   8.4405078847449392E-012
           2          15   8.2062705965026843E-012
           2          16   3.5203787390675469E-012
           2          17   1.9900411514122143E-011
           2          18  -7.8806507380762904E-012
           2          19   1.9715873478559012E-012
           2          20   2.9475882071279027E-012
           2          21  -7.8509075984695942E-012
           2          22  -1.5223763162844892E-002
           2          23   5.7542750977804042E-012
           2          24  -1.5223763156283867E-002
           2          25   1.9352307122464691E-008
           2          26   1.4465522598370629E-009
           2          27   1.5548761787732584E-002
           2          28  -2.2680373785345896E-002
           2          29   7.2981761186244502E-012
           2          30  -2.2680373787590812E-002
           2          31   4.7237415614112810E-009
           2          32   3.1326847637008657E-010
           2          33  -1.5174055206764341E-002
           2          34  -9.3190859683880863E-003
           2          35   3.4015202823152028E-012
           2          36  -9.3190859695843516E-003
           2          37  -8.4405038500258965E-010
           2          38  -9.4082233660673255E-011
           2          39  -1.0656290027990055E-002
           2          40  -1.1369155196314361E-012
           2          41   3.7080672334604324E-012
           2          42  -1.3794479455828872E-012
           2          43   1.7357004854913854E-011
           2          44  -7.2988344914799315E-013
           2          45   4.4490249355012191E-014
           2          46   3.6839861284149466E-012
           2          47   1.7226605823072547E-012
           2          48   1.0180926313754216E-011
           2          49   1.4780407618526353E-012
           3           1   8.9091814300144179E-002
           3           2 -0.36910653662422688     
           3           3  0.54257971402008032     
           3           4  -2.6271870696921811E-002
           3           5  0.52867994166076171     
           3           6   1.1915335626214284E-002
           3           7   2.5228403149585217E-010
           3           8   5.0459091511617902E-010
           3           9  -6.2182416870813227E-012
           3          10  -6.5466510509355184E-010
           3          11  -1.5320660333254306E-009
           3          12   2.1980896779211612E-011
           3          13   1.8720477859748308E-011
           3          14   2.3388119237983613E-011
           3          15  -6.9984943010598276E-012
           3          16  -8.1405147981836664E-013
           3          17  -1.0492929426806161E-011
           3          18  -7.0442098174178979E-012
           3          19   1.5358299461225403E-012
           3          20   6.2442517006302667E-012
           3          21  -2.9421432857802561E-012
           3          22   1.2949267471820462E-002
           3          23   4.0160900010053614E-014
           3          24   1.2949267467999664E-002
           3          25  -1.7892445543851839E-008
           3          26  -1.3873059303746106E-009
           3          27  -1.5521260725667226E-002
           3          28   1.6044260737173830E-002
           3          29  -3.5516874634419365E-012
           3          30   1.6044260740142913E-002
           3          31  -4.0535075239912202E-009
           3          32  -3.0412542063913008E-010
           3          33   9.5970047142773136E-003
           3          34   1.1178182519296196E-002
           3          35  -1.8013101902136517E-013
           3          36   1.1178182518510740E-002
           3          37  -2.2131526283230819E-009
           3          38  -1.7752831250514606E-010
           3          39   7.6575002790074519E-003
           3          40  -1.5452919357965377E-011
           3          41   1.4158534186728572E-011
           3          42   7.3534571178542101E-012
           3          43  -5.0671938539142447E-011
           3          44   2.3207363135384129E-012
           3          45  -2.0188891665357197E-013
           3          46  -3.9894951651763537E-012
           3          47  -9.0757960822480553E-012
           3          48  -2.4149186975591569E-011
           3          49   1.4982015733744850E-012
           4           1  -2.2462725711173963E-002
           4           2   8.3476057591168357E-002
           4           3  -2.6271870696921811E-002
           4           4  0.44937267057479002     
           4           5  -2.9647365858918698E-002
           4           6  0.38748100976105498     
           4           7   3.6183405228058020E-010
           4           8  -2.2491941621139263E-010
           4           9  -3.9755924490628447E-011
           4          10   7.5024545703846263E-010
           4          11   3.8205907172136313E-010
           4          12   1.0673840901746515E-010
           4          13  -2.5638893399569481E-011
           4          14   9.6594002784560567E-012
           4          15  -3.0065062108942370E-012
           4          16   5.3286023642301619E-011
           4          17   1.0479693288313964E-010
           4          18  -1.0552819492932601E-010
           4          19   1.7067732364184222E-011
           4          20   5.3273778072295912E-011
           4          21  -7.1703950983027102E-011
           4          22  -4.0780674640440134E-002
           4          23   5.4727026296170038E-011
           4          24  -4.0780674616998615E-002
           4          25   6.1988152277157500E-008
           4          26   4.1044821964227637E-009
           4          27   5.7243314827563729E-002
           4          28  -6.5965471555433738E-002
           4          29   4.4089287462045191E-011
           4          30  -6.5965471554716965E-002
           4          31   1.9078592415925054E-008
           4          32   1.0227275045275959E-009
           4          33  -3.5936534450528801E-002
           4          34  -5.3677751495320352E-003
           4          35   2.4307342268076326E-011
           4          36  -5.3677751629476527E-003
           4          37  -1.5260103554147095E-008
           4          38  -1.4532500719459259E-009
           4          39  -2.9648267810559934E-002
           4          40   1.5606756389895323E-011
           4          41  -1.3616709113246914E-012
           4          42  -6.4694774729657845E-012
           4          43   2.2669705873651951E-011
           4          44   2.4764552034836738E-012
           4          45  -6.6831464192207379E-013
           4          46  -2.2038394749246523E-013
           4          47   3.2639158075418880E-012
           4          48   1.0989212862297457E-012
           4          49   8.5850372150307675E-012
           5           1   9.1346554629589655E-002
           5           2 -0.37166511121875367     
           5           3  0.52867994166076171     
           5           4  -2.9647365858918698E-002
           5           5  0.51523144660796716     
           5           6   8.0431147354410662E-003
           5           7   2.1596898185770756E-010
           5           8   4.7430514720210138E-010
           5           9  -5.5957635443775556E-012
           5          10  -6.0592584281375068E-010
           5          11  -1.4297110475547138E-009
           5          12   2.0183686718200985E-011
           5          13   1.7591969789022416E-011
           5          14   2.0438066311652779E-011
           5          15  -6.7939351952763270E-012
           5          16  -1.2190800168698996E-012
           5          17  -1.1221142106941993E-011
           5          18  -5.8522313045607636E-012
           5          19   1.3214835632189142E-012
           5          20   5.5998961051047256E-012
           5          21  -2.1955420556617772E-012
           5          22   1.2555642237405518E-002
           5          23   2.0385914201812372E-013
           5          24   1.2555642233670276E-002
           5          25  -1.7182199559086097E-008
           5          26  -1.3607700397369551E-009
           5          27  -1.4747394206812772E-002
           5          28   1.6052518160784887E-002
           5          29  -3.5160636283071310E-012
           5          30   1.6052518163765423E-002
           5          31  -3.6939914765510406E-009
           5          32  -2.9002110509550246E-010
           5          33   1.0195996694423472E-002
           5          34   1.0895618997261696E-002
           5          35  -3.2347715330048717E-013
           5          36   1.0895618996629001E-002
           5          37  -1.9164708725565204E-009
           5          38  -1.5523384008460696E-010
           5          39   7.8498649070214213E-003
           5          40  -1.4084921799331602E-011
           5          41   1.3283489465794719E-011
           5          42   6.1166506031735698E-012
           5          43  -4.8367720248915609E-011
           5          44   2.2328806879249871E-012
           5          45  -1.9003523339721182E-013
           5          46  -3.8889882978024232E-012
           5          47  -8.3324101677736998E-012
           5          48  -2.3326931236764919E-011
           5          49   1.3719706805868023E-012
           6           1  -1.2235928834669774E-002
           6           2   4.4096325918828054E-002
           6           3   1.1915335626214284E-002
           6           4  0.38748100976105498     
           6           5   8.0431147354410662E-003
           6           6  0.34231425391799047     
           6           7   1.4884271984768233E-010
           6           8   5.0383205519399883E-010
           6           9  -1.6039692712855554E-011
           6          10  -6.0055520852305175E-010
           6          11  -1.5442169145206653E-009
           6          12   4.8248604206362599E-011
           6          13   2.0949642587559229E-011
           6          14   6.6653211025385562E-011
           6          15  -5.5845736965755195E-013
           6          16   4.8216223250033415E-011
           6          17   9.3415277674094678E-011
           6          18  -9.5864305128655694E-011
           6          19   1.4881345401601628E-011
           6          20   4.7373100703989108E-011
           6          21  -6.4090833981639187E-011
           6          22  -1.0229881948427149E-002
           6          23   9.6538467569282591E-012
           6          24  -1.0229881945744902E-002
           6          25   5.6617953470930721E-009
           6          26   3.6474129251808816E-010
           6          27  -1.3068380042420332E-003
           6          28  -4.5277512353975362E-002
           6          29   1.8871210461889957E-011
           6          30  -4.5277512361393928E-002
           6          31  -8.6760250901448270E-009
           6          32  -8.0393933620190734E-010
           6          33  -5.9137555403406324E-002
           6          34  -9.3388626894986572E-004
           6          35   1.7086307133880358E-011
           6          36  -9.3388628175182899E-004
           6          37  -1.9378518946109706E-008
           6          38  -1.6937057101875707E-009
           6          39  -3.1711490789069846E-002
           6          40  -9.0480857225579201E-012
           6          41   2.5462645771572023E-011
           6          42   8.6669576772366591E-012
           6          43  -2.1145792161608654E-011
           6          44   1.9208828322224990E-012
           6          45  -5.9051275125521623E-013
           6          46  -6.6084959327307406E-013
           6          47  -4.1551636656946195E-012
           6          48  -8.9484427868972489E-012
           6          49   7.8140355808240341E-012
           7           1  -3.1477851855101795E-011
           7           2   1.0416113250197265E-010
           7           3   2.5228403149585217E-010
           7           4   3.6183405228058020E-010
           7           5   2.1596898185770756E-010
           7           6   1.4884271984768233E-010
           7           7   2.2397200673175455     
           7           8   2.9563120211748295E-011
           7           9  -7.6817011018072316E-010
           7          10 -0.74516513394013673     
           7          11   1.3217381351560607E-010
           7          12   1.5672034667322359E-009
           7          13   2.7763796144376972E-002
           7          14  -2.4671055429909312E-010
           7          15   1.3579039291137460E-009
           7          16   6.1298051117412229E-004
           7          17  -1.0319289940443062E-011
           7          18  -1.9350885797356650E-010
           7          19  -2.3595702604744869E-004
           7          20  -1.1725684349373572E-010
           7          21  -3.8447845706044029E-011
           7          22  -1.0957494075036354E-010
           7          23   3.2249330246953421E-012
           7          24   1.1496358066318894E-010
           7          25   2.2290899193322808E-011
           7          26  -3.5306619602851620E-011
           7          27  -2.4101774526169368E-010
           7          28  -2.1012677193200577E-011
           7          29  -1.3098541103289092E-010
           7          30  -2.5964131411134235E-010
           7          31   7.9491948083623658E-011
           7          32  -1.6725430709396436E-010
           7          33  -1.2850804838215172E-010
           7          34  -1.4850325469151044E-010
           7          35   7.7015781879608144E-011
           7          36  -2.4651847266554513E-011
           7          37  -7.2057147565366338E-011
           7          38   5.2656000545266881E-011
           7          39  -8.6624764065919669E-011
           7          40  -1.0572065487614697E-002
           7          41  -4.9878836232136891E-011
           7          42   1.3850156878369014E-003
           7          43  -6.2685253394153422E-011
           7          44   3.4911205522955784E-009
           7          45  -2.1400801131669255E-010
           7          46  -3.7791925701774064E-009
           7          47  -1.0023928236318181E-003
           7          48  -3.5002056828357367E-011
           7          49  -8.0291295065704629E-010
           8           1   3.8526555324250739E-011
           8           2  -1.0115654661906427E-010
           8           3   5.0459091511617902E-010
           8           4  -2.2491941621139263E-010
           8           5   4.7430514720210138E-010
           8           6   5.0383205519399883E-010
           8           7   2.9563120211748295E-011
           8           8   2.2397200672301292     
           8           9  -1.4557408368149934E-009
           8          10  -2.0799016216304275E-010
           8          11 -0.74516513356193814     
           8          12   4.6240465659241165E-009
           8          13  -4.9799046695333274E-011
           8          14   2.7763796093330004E-002
           8          15  -6.7481102480444580E-010
           8          16  -3.9676005381151023E-010
           8          17   6.1298106226107961E-004
           8          18  -1.6544048988157512E-010
           8          19   2.5883137016411918E-010
           8          20  -2.3595759666618306E-004
           8          21  -9.6573846884688838E-012
           8          22  -2.4201176054542998E-010
           8          23   4.3395115355005483E-011
           8          24  -2.7301805374520054E-010
           8          25   1.8985926059014510E-010
           8          26  -3.2060919155521727E-011
           8          27  -7.5389906067632365E-010
           8          28   2.2213451882744714E-010
           8          29  -2.1932315414801179E-010
           8          30  -1.4043165881944980E-010
           8          31  -5.5679350033385069E-011
           8          32  -3.5567292707172035E-010
           8          33   4.1087079291065391E-011
           8          34  -1.5025175870642635E-010
           8          35   8.6767942383056306E-011
           8          36  -3.0310922448704756E-011
           8          37  -3.9574640134329461E-012
           8          38   1.5861216793829157E-013
           8          39  -3.3763711870714067E-011
           8          40   4.5081408360963183E-010
           8          41   1.3850155708665991E-003
           8          42   1.4926524487180640E-010
           8          43  -1.0572065898502967E-002
           8          44  -5.6660691088543187E-010
           8          45  -1.4186979379748977E-009
           8          46   2.9773442902855387E-010
           8          47  -2.2618240236085428E-011
           8          48  -1.0023928896733068E-003
           8          49  -1.5643772524284865E-010
           9           1   1.0146951527094505E-013
           9           2  -2.5559658201054894E-013
           9           3  -6.2182416870813227E-012
           9           4  -3.9755924490628447E-011
           9           5  -5.5957635443775556E-012
           9           6  -1.6039692712855554E-011
           9           7  -7.6817011018072316E-010
           9           8  -1.4557408368149934E-009
           9           9   2.2386664551494504     
           9          10   1.4161790114105178E-009
           9          11   4.0370884490499310E-009
           9          12 -0.74389376236167104     
           9          13   1.5765690945114767E-009
           9          14  -7.4323509089561131E-011
           9          15   3.0783998766873374E-002
           9          16  -3.3161201533859670E-010
           9          17  -7.3713241456234194E-011
           9          18   3.7192339940607909E-005
           9          19   7.4629279669861209E-011
           9          20   1.6508391992963325E-011
           9          21  -1.0518526719333358E-004
           9          22  -1.2345575018783730E-011
           9          23   4.4034792856201430E-013
           9          24  -4.2385332420307485E-012
           9          25  -2.6032548053650699E-011
           9          26  -3.8830108089225757E-011
           9          27   1.3813524179775018E-011
           9          28   9.3391695441484604E-012
           9          29   2.4282729080688208E-013
           9          30   9.9507737699852048E-012
           9          31  -3.1744084651344082E-012
           9          32  -9.9236613375748507E-012
           9          33   1.6530266558358554E-011
           9          34   7.7492526198358612E-012
           9          35  -7.7905066234014222E-014
           9          36   7.4899659328399035E-012
           9          37  -2.4480244382661303E-013
           9          38  -2.7116449644256074E-012
           9          39   7.4976079193978155E-012
           9          40  -1.0268165139265758E-009
           9          41  -4.4935217719172192E-010
           9          42  -3.8049452855740552E-009
           9          43  -3.4289306213044262E-011
           9          44  -5.5641004786237385E-003
           9          45  -5.4721688164520115E-012
           9          46  -5.5641004774543206E-003
           9          47   4.0372223736126909E-009
           9          48   3.4718815955545664E-010
           9          49  -3.5022341177829660E-003
          10           1  -5.1477900108168647E-011
          10           2   1.3575193528961763E-010
          10           3  -6.5466510509355184E-010
          10           4   7.5024545703846263E-010
          10           5  -6.0592584281375068E-010
          10           6  -6.0055520852305175E-010
          10           7 -0.74516513394013673     
          10           8  -2.0799016216304275E-010
          10           9   1.4161790114105178E-009
          10          10   2.3146571975967976     
          10          11   5.2355407518787420E-010
          10          12  -5.3580075326366408E-009
          10          13  -8.5441625046358438E-002
          10          14   1.3933651261238942E-010
          10          15  -2.3818360180428772E-009
          10          16  -1.5357033497487315E-003
          10          17  -4.2067250271834015E-010
          10          18   1.7890558522263832E-009
          10          19   6.6655060216416848E-004
          10          20   6.1533415861599211E-010
          10          21  -2.0070930413721444E-010
          10          22   5.4800920854072214E-010
          10          23   6.0992598079590570E-012
          10          24   1.9973251764878212E-010
          10          25  -2.0232375985697688E-010
          10          26   9.4059166281100018E-011
          10          27   1.0651149628253626E-009
          10          28  -5.6179768452016079E-010
          10          29   3.2246930440799493E-010
          10          30   7.4320060367420501E-011
          10          31  -2.4152810995524781E-011
          10          32   4.9975582219972660E-010
          10          33  -2.2132470682557529E-010
          10          34   1.3342633185444346E-010
          10          35  -9.5654379814237797E-011
          10          36  -1.6983607583224890E-010
          10          37   3.9352412259552585E-011
          10          38  -2.7899505232303323E-011
          10          39   2.4066034952710788E-011
          10          40   3.4333849595246345E-002
          10          41   1.7756121356048991E-010
          10          42  -5.8750421959716595E-003
          10          43   2.3760664361703654E-010
          10          44  -1.1053026525971661E-008
          10          45   6.9002918852797053E-010
          10          46   1.3315751811080427E-008
          10          47   3.3640523397619982E-003
          10          48   2.5909919957147407E-011
          10          49   2.8108120251556278E-009
          11           1  -8.9630007286733799E-011
          11           2   2.1700446137121985E-010
          11           3  -1.5320660333254306E-009
          11           4   3.8205907172136313E-010
          11           5  -1.4297110475547138E-009
          11           6  -1.5442169145206653E-009
          11           7   1.3217381351560607E-010
          11           8 -0.74516513356193814     
          11           9   4.0370884490499310E-009
          11          10   5.2355407518787420E-010
          11          11   2.3146571965505327     
          11          12  -1.4196716457785749E-008
          11          13   1.1269518498304996E-010
          11          14  -8.5441625091075890E-002
          11          15   2.0777584496103963E-009
          11          16   1.2053045955709770E-009
          11          17  -1.5357050543817910E-003
          11          18   4.5539074679729630E-010
          11          19  -7.9731473184732901E-010
          11          20   6.6655229810681543E-004
          11          21   5.3604305498937844E-011
          11          22   6.9119740463832672E-010
          11          23  -1.2294136795979916E-010
          11          24   7.8030749945908023E-010
          11          25  -5.3048448477020202E-010
          11          26   1.0625403191249419E-010
          11          27   2.2396041997525689E-009
          11          28  -5.8405762639241765E-010
          11          29   6.7913672429487928E-010
          11          30   5.3638163577344583E-010
          11          31   1.4893096970876620E-010
          11          32   1.1006093298910612E-009
          11          33  -2.1708906146851575E-011
          11          34   5.0848952998769687E-010
          11          35  -2.8651723322852132E-010
          11          36   1.3588317648686548E-010
          11          37   4.5071075768525202E-011
          11          38  -2.2057357223957085E-011
          11          39   1.3581324737620297E-010
          11          40  -1.4017089314817949E-009
          11          41  -5.8750418797038108E-003
          11          42  -4.7236814444462329E-010
          11          43   3.4333850697570986E-002
          11          44   1.8809560893143908E-009
          11          45   5.5747137853172298E-009
          11          46  -9.8171691042665344E-010
          11          47   4.0500389319296809E-011
          11          48   3.3640523751039351E-003
          11          49   4.7164180379549507E-010
          12           1   1.5547670530026181E-012
          12           2  -5.6534547153322064E-012
          12           3   2.1980896779211612E-011
          12           4   1.0673840901746515E-010
          12           5   2.0183686718200985E-011
          12           6   4.8248604206362599E-011
          12           7   1.5672034667322359E-009
          12           8   4.6240465659241165E-009
          12           9 -0.74389376236167104     
          12          10  -5.3580075326366408E-009
          12          11  -1.4196716457785749E-008
          12          12   2.3103619016471435     
          12          13  -3.2726558161133204E-009
          12          14   3.2981282347666733E-010
          12          15  -9.1692741745485640E-002
          12          16   1.7213381167781068E-009
          12          17   2.4967764554186753E-010
          12          18   1.6057433224245165E-003
          12          19  -3.5736492270386616E-010
          12          20  -5.4701196927851835E-011
          12          21   1.3708721247176212E-005
          12          22   4.0767720202139180E-011
          12          23  -1.7412874790957160E-012
          12          24   1.2879932397362378E-011
          12          25   8.9318973212273651E-011
          12          26   1.3331440483979350E-010
          12          27  -5.0973176647665163E-011
          12          28  -2.4215333004812807E-011
          12          29  -8.5246136833018117E-013
          12          30  -2.4294987394274884E-011
          12          31   5.7580321684109881E-012
          12          32   1.9984331891930909E-011
          12          33  -4.1556878031777905E-011
          12          34  -1.8753649289255644E-011
          12          35   2.9067775397496538E-013
          12          36  -1.8334410046108843E-011
          12          37   2.3469367388604639E-012
          12          38   1.1020304702602607E-011
          12          39  -1.9872271023811412E-011
          12          40   3.7642121305843584E-009
          12          41   1.5414260369696400E-009
          12          42   1.3320761029185839E-008
          12          43   6.1283079188346900E-011
          12          44   1.8484643704137649E-002
          12          45   1.8057314898282302E-011
          12          46   1.8484643700590952E-002
          12          47  -1.2992662349716312E-008
          12          48  -1.1460293905828011E-009
          12          49   1.2277074033561297E-002
          13           1   4.2731034246090061E-012
          13           2  -1.3734758724203897E-011
          13           3   1.8720477859748308E-011
          13           4  -2.5638893399569481E-011
          13           5   1.7591969789022416E-011
          13           6   2.0949642587559229E-011
          13           7   2.7763796144376972E-002
          13           8  -4.9799046695333274E-011
          13           9   1.5765690945114767E-009
          13          10  -8.5441625046358438E-002
          13          11   1.1269518498304996E-010
          13          12  -3.2726558161133204E-009
          13          13   3.2341573689330847E-003
          13          14  -7.3791044819884553E-012
          13          15   2.8918373770725856E-010
          13          16   7.1498113747679406E-005
          13          17   1.4084261801926272E-011
          13          18  -2.2729417422971092E-011
          13          19  -2.8952696663381101E-005
          13          20  -1.9607697695213642E-011
          13          21   4.7037701338573449E-013
          13          22  -1.8518717243562110E-011
          13          23  -1.9311485741998085E-012
          13          24  -5.0823012666772380E-012
          13          25   1.6588440397942436E-011
          13          26   1.0286393020605586E-011
          13          27  -3.4545685487445266E-011
          13          28   1.9673492136971369E-011
          13          29  -9.7264232639775057E-012
          13          30  -6.5148647510334514E-013
          13          31   6.1419790416016574E-012
          13          32  -8.8825989096991034E-012
          13          33   7.6328436299088045E-012
          13          34  -3.8342665617165808E-012
          13          35   2.4057123743186015E-012
          13          36   6.7927537150776760E-012
          13          37  -2.8983591247229325E-013
          13          38   2.1954240396515071E-012
          13          39  -3.4006193865735611E-013
          13          40  -1.1891700891003829E-003
          13          41  -8.6880429726227442E-012
          13          42   7.9393783945977555E-005
          13          43  -4.8673646423640314E-012
          13          44   4.0726453798572278E-010
          13          45  -1.2647822443891431E-011
          13          46  -4.3250010143115971E-010
          13          47  -5.8808724975915330E-005
          13          48   5.3659899617689347E-013
          13          49  -1.2920673486507360E-010
          14           1  -5.5831642016582518E-013
          14           2   8.4405078847449392E-012
          14           3   2.3388119237983613E-011
          14           4   9.6594002784560567E-012
          14           5   2.0438066311652779E-011
          14           6   6.6653211025385562E-011
          14           7  -2.4671055429909312E-010
          14           8   2.7763796093330004E-002
          14           9  -7.4323509089561131E-011
          14          10   1.3933651261238942E-010
          14          11  -8.5441625091075890E-002
          14          12   3.2981282347666733E-010
          14          13  -7.3791044819884553E-012
          14          14   3.2341573762840739E-003
          14          15  -5.9010374975066568E-011
          14          16  -3.7335303742962563E-011
          14          17   7.1498168998721578E-005
          14          18  -1.5851623213350316E-011
          14          19   2.5126474812994160E-011
          14          20  -2.8952750144028013E-005
          14          21  -4.0160144613581310E-013
          14          22  -1.6813021426283267E-011
          14          23   3.6680823987136534E-012
          14          24  -3.1563678620299810E-011
          14          25  -1.9290847649225350E-011
          14          26  -2.2518436879608576E-011
          14          27  -6.7887050848243540E-011
          14          28   1.7284913262974488E-011
          14          29  -2.1316480095553666E-011
          14          30  -2.2100514252937471E-011
          14          31  -2.3987597204022882E-011
          14          32  -4.4412004114666341E-011
          14          33  -2.6031444632390470E-012
          14          34  -1.6828282358172008E-011
          14          35   9.2108127760870635E-012
          14          36  -5.5587197207739639E-012
          14          37  -4.5933305071330212E-012
          14          38  -9.1941591076605293E-013
          14          39  -4.8660737016478151E-012
          14          40   4.7746824934596192E-011
          14          41   7.9393772167029404E-005
          14          42   1.2878801891306362E-011
          14          43  -1.1891701232387324E-003
          14          44  -5.9489938522808775E-011
          14          45  -7.9699981399755247E-011
          14          46   3.5804591879673988E-011
          14          47   6.5449008390424509E-013
          14          48  -5.8808725376774878E-005
          14          49  -2.0890225112699183E-011
          15           1  -2.2773713694377468E-012
          15           2   8.2062705965026843E-012
          15           3  -6.9984943010598276E-012
          15           4  -3.0065062108942370E-012
          15           5  -6.7939351952763270E-012
          15           6  -5.5845736965755195E-013
          15           7   1.3579039291137460E-009
          15           8  -6.7481102480444580E-010
          15           9   3.0783998766873374E-002
          15          10  -2.3818360180428772E-009
          15          11   2.0777584496103963E-009
          15          12  -9.1692741745485640E-002
          15          13   2.8918373770725856E-010
          15          14  -5.9010374975066568E-011
          15          15   3.8219916311897540E-003
          15          16  -2.0273298613880048E-011
          15          17  -7.9839464977749921E-012
          15          18   3.1897027979881483E-005
          15          19   5.2941799136072030E-012
          15          20   2.0317308997078998E-012
          15          21  -1.8616174679863574E-005
          15          22  -1.4624364020883660E-012
          15          23   9.3702334333505605E-014
          15          24  -8.3714059871110018E-013
          15          25  -6.2726036981402834E-012
          15          26   3.9774806496255660E-012
          15          27   1.8722799410006628E-012
          15          28   1.1909260716836613E-012
          15          29   3.9701046318171772E-014
          15          30   8.4018035867260498E-013
          15          31  -1.5197729420732629E-012
          15          32   4.6048130185502419E-012
          15          33   1.3475359916779994E-012
          15          34   9.0501261645523629E-013
          15          35  -1.0938777107763046E-014
          15          36   8.4035650369507362E-013
          15          37  -3.5419783921442796E-013
          15          38   5.9489204305452313E-013
          15          39   6.7516410839307772E-013
          15          40  -1.9776727803478436E-010
          15          41  -7.3066277762533232E-011
          15          42  -4.4767329511682868E-010
          15          43   2.2752510877536616E-011
          15          44  -7.1402830328074428E-004
          15          45  -5.8127808969847131E-013
          15          46  -7.1402830314402552E-004
          15          47   5.5191015209431022E-010
          15          48   5.6392693373099992E-011
          15          49  -3.6219615944255591E-004
          16           1  -9.4405588498024243E-013
          16           2   3.5203787390675469E-012
          16           3  -8.1405147981836664E-013
          16           4   5.3286023642301619E-011
          16           5  -1.2190800168698996E-012
          16           6   4.8216223250033415E-011
          16           7   6.1298051117412229E-004
          16           8  -3.9676005381151023E-010
          16           9  -3.3161201533859670E-010
          16          10  -1.5357033497487315E-003
          16          11   1.2053045955709770E-009
          16          12   1.7213381167781068E-009
          16          13   7.1498113747679406E-005
          16          14  -3.7335303742962563E-011
          16          15  -2.0273298613880048E-011
          16          16   4.9032197454582828E-006
          16          17   2.8666919254415552E-013
          16          18   2.6078833682639334E-011
          16          19  -1.3894567700969341E-006
          16          20  -5.5701050895244281E-014
          16          21  -4.5247264648199381E-012
          16          22   2.6800279049215427E-012
          16          23  -2.1021299382910673E-013
          16          24  -2.9609829773806721E-012
          16          25   9.9027998957529388E-011
          16          26   7.8167539263092543E-011
          16          27  -3.2257332897004492E-012
          16          28  -3.9415529012486755E-012
          16          29   7.5807575361389950E-014
          16          30  -6.6958944454833129E-012
          16          31   4.9994087747251553E-011
          16          32   3.9530320485429633E-011
          16          33  -9.7007545963543053E-012
          16          34   3.4239414428367375E-013
          16          35  -1.1274641180866855E-013
          16          36   5.0093047582372277E-014
          16          37   9.7424793243198805E-012
          16          38   7.6260850740564113E-012
          16          39  -4.7071581691171441E-012
          16          40  -1.0626847776939158E-005
          16          41  -1.8291233770243561E-011
          16          42  -1.1767446241840850E-005
          16          43   2.5338902356495237E-011
          16          44   2.7984459411358135E-011
          16          45   1.1371354782825713E-012
          16          46   1.9073381881349910E-011
          16          47   6.9410068785500910E-006
          16          48   8.4169926873036702E-012
          16          49   3.3487868157923128E-011
