           1           1   2.0003204538689596     
           1           2   2.4331489742985749E-004
           1           3   3.0777848074432681E-003
           1           4  -3.7680291336660156E-002
           1           5  -5.8183259869239680E-003
           1           6  -3.5603333229367463E-002
           1           7   6.1725546797122273E-014
           1           8   2.6549997536081055E-013
           1           9   1.4623287452243064E-013
           1          10  -4.1649720111677357E-012
           1          11   4.3736767136869146E-012
           1          12   7.7161691707739049E-012
           1          13   8.6247225222744890E-013
           1          14  -4.5574839162633102E-012
           1          15  -6.2926943467659270E-012
           1          16   1.3707000908286514E-013
           1          17   5.8967716919594400E-013
           1          18   5.0896047716652625E-012
           1          19   2.1071506352926547E-012
           1          20  -3.8486094522339468E-012
           1          21  -7.1867721080646952E-012
           1          22   2.9909241399660299E-003
           1          23  -7.8377116059604555E-008
           1          24   2.9918774355552000E-003
           1          25  -1.0267089656895416E-006
           1          26  -1.1779229566627512E-006
           1          27   2.9776140669431420E-003
           1          28  -2.5693747376576352E-003
           1          29   7.9264694271875094E-010
           1          30  -2.5716546237493599E-003
           1          31  -1.6515879468454503E-007
           1          32   1.0633301472805261E-008
           1          33  -2.5715157557325242E-003
           1          34  -3.0785647003842035E-003
           1          35   4.3161767522103005E-007
           1          36  -3.0777176867089178E-003
           1          37   6.1254412813585643E-006
           1          38   6.4901858175364283E-006
           1          39  -2.9991555585897152E-003
           1          40  -9.7334641813873038E-014
           1          41  -4.8965919736316440E-014
           1          42  -4.3314270497920914E-014
           1          43  -1.0961820803871183E-013
           1          44   3.3314532933862833E-014
           1          45   8.4428372899439122E-015
           1          46   3.7260687825170835E-014
           1          47   3.9137955496612117E-014
           1          48   5.5786446968935513E-014
           1          49   2.0351377305809919E-013
           2           1   2.4331489742985749E-004
           2           2   1.9915160347639467     
           2           3  0.11167854992907728     
           2           4 -0.20231139597655190     
           2           5  0.15146065907470063     
           2           6   8.8690564904345737E-002
           2           7  -1.2975703376762572E-013
           2           8  -2.1939883827947203E-012
           2           9  -5.8298133491405291E-012
           2          10  -4.2722282569290254E-010
           2          11   1.2677396822059310E-010
           2          12   3.8991360707676791E-011
           2          13   2.1421238252309886E-010
           2          14  -8.5744926984060424E-011
           2          15  -4.3485072069815461E-011
           2          16   2.7221549275307475E-012
           2          17   5.4700066628964920E-011
           2          18   6.1683882543685879E-011
           2          19   2.0788518165600571E-010
           2          20  -8.0923988032792766E-011
           2          21   4.3074682572878229E-011
           2          22  -7.2581833256081835E-002
           2          23   1.6519270592186681E-006
           2          24  -7.2548758761541876E-002
           2          25   2.5750598964091171E-005
           2          26   2.4856644060133792E-005
           2          27  -7.2248007511402909E-002
           2          28   5.8600879713495278E-002
           2          29  -6.3295885783884538E-007
           2          30   5.8552974082510353E-002
           2          31  -1.2590981985305211E-005
           2          32  -9.5439985327170894E-006
           2          33   5.8437654240134404E-002
           2          34  -2.7303133591936500E-002
           2          35   1.5044333776954516E-005
           2          36  -2.7161116660362500E-002
           2          37   2.2220480491073891E-004
           2          38   2.2628326026167224E-004
           2          39  -2.4422513657022360E-002
           2          40  -9.5075499569047179E-012
           2          41  -1.2977082661334520E-012
           2          42  -4.2152088464349957E-012
           2          43  -2.8357404894390298E-012
           2          44  -2.1958788557580485E-012
           2          45   1.3669994534804371E-013
           2          46  -2.0685555270414665E-012
           2          47  -3.0985682443361958E-012
           2          48   2.5722256505432268E-013
           2          49  -2.8998148508375437E-012
           3           1   3.0777848074432681E-003
           3           2  0.11167854992907728     
           3           3   2.5740133679814541     
           3           4 -0.71601542581300093     
           3           5   1.0298528980702535     
           3           6   1.0795077608469399     
           3           7  -3.7048110129373916E-011
           3           8  -6.5513935737316556E-011
           3           9  -6.8168138592372930E-011
           3          10  -2.6729656709851978E-009
           3          11   1.0207832114496906E-009
           3          12   3.8549510571608583E-010
           3          13   1.3258048699848846E-009
           3          14  -6.9693583342682938E-010
           3          15  -3.8906473546033635E-010
           3          16   2.1514095169494371E-011
           3          17  -1.3026604475285647E-010
           3          18   2.8249934735843465E-010
           3          19   1.3097016865333663E-009
           3          20  -5.9081532049832531E-010
           3          21   2.6442055944643023E-010
           3          22 -0.49919198388260033     
           3          23  -7.0562098756766199E-006
           3          24 -0.49904227306429705     
           3          25  -8.7493674972870467E-005
           3          26  -1.0601117153610012E-004
           3          27 -0.50032623776530727     
           3          28  0.29599820278397410     
           3          29  -1.6526571959998816E-006
           3          30  0.29557245025291362     
           3          31  -5.6123861302112786E-005
           3          32  -2.5088850354321721E-005
           3          33  0.29527063708516760     
           3          34 -0.12556840893668031     
           3          35   1.1937613721675328E-004
           3          36 -0.12448647509972903     
           3          37   1.7597086478154133E-003
           3          38   1.7955224160188313E-003
           3          39 -0.10275588780040407     
           3          40  -5.1370029474311428E-011
           3          41  -1.5121607271949269E-012
           3          42  -2.3024050494499421E-011
           3          43  -3.6708200334002036E-012
           3          44  -9.1822080009834006E-012
           3          45   9.9907691167440857E-013
           3          46  -8.7552258108625787E-012
           3          47  -1.5936621365121018E-011
           3          48   7.6825960732767774E-012
           3          49  -8.4281292719191629E-012
           4           1  -3.7680291336660156E-002
           4           2 -0.20231139597655190     
           4           3 -0.71601542581300093     
           4           4   11.967260843997458     
           4           5  0.45069067928597328     
           4           6   8.3210767632867864     
           4           7   5.4094455672235076E-011
           4           8   2.3500246644275033E-011
           4           9  -6.0346213268989308E-011
           4          10  -1.2893733263804320E-009
           4          11  -2.0855549872001944E-009
           4          12  -3.2512505587198196E-009
           4          13   1.1234256029457278E-009
           4          14   2.0223079070997263E-009
           4          15   2.6052413037157168E-009
           4          16  -2.4438515742978480E-011
           4          17   1.3922703256778937E-010
           4          18  -3.3713974504089797E-010
           4          19   5.6678217864060246E-010
           4          20   1.3106025251825749E-009
           4          21   2.8495129063337638E-009
           4          22 -0.48574920325589810     
           4          23   1.4188501053759615E-004
           4          24 -0.48486976794308700     
           4          25   2.0600770472702667E-003
           4          26   2.1338464737980152E-003
           4          27 -0.45904275809570239     
           4          28  0.24131390264416597     
           4          29   1.5435753765899866E-005
           4          30  0.24241447834400759     
           4          31   3.0181900439562459E-004
           4          32   2.3270875044727687E-004
           4          33  0.24522659832371130     
           4          34  0.96821957071472187     
           4          35  -2.0473913189997868E-004
           4          36  0.96742202507645092     
           4          37  -2.9362226295536913E-003
           4          38  -3.0788617368958712E-003
           4          39  0.93015491210415002     
           4          40   4.8405687991669435E-012
           4          41   1.3980753997496999E-011
           4          42   1.2101645951016137E-012
           4          43   2.9912896877468852E-011
           4          44  -3.9243636923730068E-013
           4          45  -3.5767608826012816E-012
           4          46  -3.8143366884799883E-012
           4          47  -2.9531371907871600E-011
           4          48  -2.7934267793053537E-011
           4          49  -5.4873822398004178E-011
           5           1  -5.8183259869239680E-003
           5           2  0.15146065907470063     
           5           3   1.0298528980702535     
           5           4  0.45069067928597328     
           5           5   1.7754761991131813     
           5           6   2.9805362466596290     
           5           7  -2.8159490395322716E-011
           5           8  -4.3973532118729428E-011
           5           9  -7.6809518277050766E-011
           5          10  -3.5255526764383952E-009
           5          11   1.0670863586008395E-009
           5          12   1.4749869317785350E-010
           5          13   1.8401237934744218E-009
           5          14  -6.4419767145647333E-010
           5          15  -2.1660581963516840E-010
           5          16   1.7313516309489965E-011
           5          17  -1.2455060160383720E-010
           5          18   1.3500874514037819E-010
           5          19   1.7089385502158462E-009
           5          20  -5.4036166767371188E-010
           5          21   6.8317556550525061E-010
           5          22 -0.91852659583873564     
           5          23  -1.0790182111145608E-005
           5          24 -0.91831175179027835     
           5          25  -1.3488269564937747E-004
           5          26  -1.6211774794290187E-004
           5          27 -0.92027519760810783     
           5          28  0.56516564088164090     
           5          29  -1.1845298930926983E-005
           5          30  0.56470075659036501     
           5          31  -2.0225514141133800E-004
           5          32  -1.7836519336207523E-004
           5          33  0.56254365519995697     
           5          34  -7.9827778039747693E-002
           5          35   1.5323047498323592E-004
           5          36  -7.8227179378387413E-002
           5          37   2.2751308161298826E-003
           5          38   2.3048407832179096E-003
           5          39  -5.0333431194192590E-002
           5          40  -7.0612889858364814E-011
           5          41  -6.9724750587470902E-012
           5          42  -3.1077856572670335E-011
           5          43  -1.4685255297011268E-011
           5          44  -1.7323646715548892E-011
           5          45   1.2080176202858995E-012
           5          46  -1.5914191023845409E-011
           5          47  -2.0293713980787816E-011
           5          48   8.2024566107210647E-012
           5          49  -1.9443701175750671E-011
           6           1  -3.5603333229367463E-002
           6           2   8.8690564904345737E-002
           6           3   1.0795077608469399     
           6           4   8.3210767632867864     
           6           5   2.9805362466596290     
           6           6   10.435536528453696     
           6           7  -1.3738430740694237E-012
           6           8  -3.8419431814402684E-011
           6           9  -1.3346930403014550E-010
           6          10  -3.3988259206341857E-009
           6          11   1.2497195117587341E-010
           6          12  -1.8627515495073814E-009
           6          13   2.0189605494930715E-009
           6          14   3.4753596340613575E-010
           6          15   1.3191144715903942E-009
           6          16   1.8109330084327787E-012
           6          17  -3.6333915897779098E-011
           6          18  -5.4714446315813576E-011
           6          19   1.6509626115523695E-009
           6          20   2.0681701164185985E-010
           6          21   2.7292307797823943E-009
           6          22  -1.7627098497403166     
           6          23   6.4520363635952200E-005
           6          24  -1.7624376872326870     
           6          25   9.2691529324354983E-004
           6          26   9.7026698381463383E-004
           6          27  -1.7506934920431081     
           6          28   1.0476954120032533     
           6          29  -4.1526796402807371E-006
           6          30   1.0477961592561920     
           6          31  -5.0513825644982717E-005
           6          32  -6.2381922764284198E-005
           6          33   1.0470405573967740     
           6          34  0.54658826872775590     
           6          35   4.1012899168907456E-005
           6          36  0.54782498246629308     
           6          37   6.7145024955876610E-004
           6          38   6.1735703904657936E-004
           6          39  0.55529278845298990     
           6          40  -5.2941551533021445E-011
           6          41   3.4582188758593299E-012
           6          42  -2.3738969175205952E-011
           6          43   7.8162852681383483E-012
           6          44  -1.9579581974768655E-011
           6          45  -7.6534914407825366E-013
           6          46  -2.0134540952226064E-011
           6          47  -3.0312910855659384E-011
           6          48  -5.0022744401754070E-012
           6          49  -5.4949674647629759E-011
           7           1   6.1725546797122273E-014
           7           2  -1.2975703376762572E-013
           7           3  -3.7048110129373916E-011
           7           4   5.4094455672235076E-011
           7           5  -2.8159490395322716E-011
           7           6  -1.3738430740694237E-012
           7           7   1.9216527871378306     
           7           8   1.6381322253696107E-005
           7           9   2.1684024013214170E-004
           7          10   5.6293380768330348E-002
           7          11   4.7540383598919362E-005
           7          12  -4.6005324518645363E-003
           7          13   2.6490660285635736E-004
           7          14  -6.0967712692606605E-005
           7          15   1.8126887409036319E-003
           7          16   7.2608851931788912E-003
           7          17   6.9052934576447469E-007
           7          18   1.5072842760303069E-005
           7          19 -0.10959446359557144     
           7          20  -8.0217031188776874E-006
           7          21   2.6137755306958376E-003
           7          22   5.0190798613297270E-011
           7          23   4.5864101301791605E-011
           7          24  -2.6522224688056220E-014
           7          25   4.3297974461416637E-011
           7          26   2.6105762421065739E-012
           7          27   5.1218710420152450E-012
           7          28  -1.1708996890285021E-011
           7          29   6.5631345064954643E-013
           7          30  -1.4373473617434175E-011
           7          31   4.3424314351428581E-013
           7          32   1.1595494552984175E-012
           7          33  -1.8999458313923892E-011
           7          34   4.6123736961026660E-012
           7          35  -8.0692143593941818E-012
           7          36   1.2553410481233382E-011
           7          37  -1.1209702911360197E-011
           7          38  -1.4409254864193190E-013
           7          39   1.6847546200432794E-011
           7          40   2.0740724774197264E-002
           7          41  -8.1394656604265862E-006
           7          42   9.2667865803444487E-003
           7          43  -4.5586565041100311E-006
           7          44  -1.4899806788588426E-004
           7          45  -5.2951662069473554E-005
           7          46  -6.2126396945933447E-005
           7          47   8.6258397497964261E-003
           7          48  -1.9921138234186873E-006
           7          49  -1.3837166986630276E-004
           8           1   2.6549997536081055E-013
           8           2  -2.1939883827947203E-012
           8           3  -6.5513935737316556E-011
           8           4   2.3500246644275033E-011
           8           5  -4.3973532118729428E-011
           8           6  -3.8419431814402684E-011
           8           7   1.6381322253696107E-005
           8           8   1.9214563415975499     
           8           9   2.4620915668118219E-004
           8          10   4.7540400934111434E-005
           8          11  -2.2376511896153362E-002
           8          12   6.7644317618599775E-004
           8          13  -6.0967715443280046E-005
           8          14   4.0117725334425286E-002
           8          15  -8.9726244492030949E-004
           8          16   6.9049165381559659E-007
           8          17   7.3412020708964344E-003
           8          18   1.0421225716887622E-005
           8          19  -8.0217164138128695E-006
           8          20  -6.8879668220804838E-002
           8          21  -1.0075807743900973E-004
           8          22   9.2227558444633710E-012
           8          23   2.8346012803196539E-011
           8          24   8.0673861607574361E-011
           8          25   1.5278075611130131E-012
           8          26   4.1794157154665850E-011
           8          27   1.1508460275810328E-011
           8          28  -2.3919788891044750E-011
           8          29  -2.8017368060028549E-013
           8          30  -2.2125773952782988E-011
           8          31  -3.7692016609962902E-013
           8          32   4.5841080259364291E-013
           8          33  -2.8592762364166084E-011
           8          34   1.4678750469253729E-011
           8          35  -8.3193564682099678E-012
           8          36  -6.1785166227905560E-012
           8          37   1.5782343164112927E-012
           8          38  -1.0773655361441498E-011
           8          39   1.7777382876176960E-011
           8          40  -4.5615297392498398E-006
           8          41   8.7745509309667714E-003
           8          42  -8.1257830275200034E-006
           8          43   1.9602364727230127E-002
           8          44  -3.0915259932112582E-005
           8          45  -4.9967104326432670E-005
           8          46  -1.2242921377156270E-004
           8          47  -2.0019465719257904E-006
           8          48   8.1267874127675388E-003
           8          49  -6.8706686081466639E-005
           9           1   1.4623287452243064E-013
           9           2  -5.8298133491405291E-012
           9           3  -6.8168138592372930E-011
           9           4  -6.0346213268989308E-011
           9           5  -7.6809518277050766E-011
           9           6  -1.3346930403014550E-010
           9           7   2.1684024013214170E-004
           9           8   2.4620915668118219E-004
           9           9   1.9248987380866089     
           9          10  -4.6005324428242140E-003
           9          11   6.7644306897827870E-004
           9          12  -1.2570796113625882E-002
           9          13   1.8126887426115274E-003
           9          14  -8.9726238327337345E-004
           9          15   2.7398265253383652E-002
           9          16   1.5072837184619671E-005
           9          17   1.0421256177714869E-005
           9          18   7.4865127148762180E-003
           9          19   2.6137754996220478E-003
           9          20  -1.0075804007807604E-004
           9          21  -7.0469397161727010E-002
           9          22   1.9938679796342739E-011
           9          23   3.2238935293169861E-012
           9          24   2.4641091442497162E-011
           9          25   4.7819666304740586E-011
           9          26   7.2053162606744827E-011
           9          27   1.0412232870565688E-010
           9          28  -3.1665184271206212E-011
           9          29  -1.0347978044547864E-012
           9          30  -3.1995375268495452E-011
           9          31  -6.3556796604469180E-014
           9          32   1.6701888415779676E-012
           9          33  -2.9541897482522341E-011
           9          34   9.7982362154735934E-012
           9          35  -6.0135214764294659E-012
           9          36   1.5788756453277001E-011
           9          37  -1.6525889444868537E-011
           9          38  -1.6659085784349426E-011
           9          39  -5.2224174467663446E-012
           9          40  -1.3905901116232294E-004
           9          41  -3.0914602928653004E-005
           9          42  -6.2126393472334733E-005
           9          43  -6.9088502168635301E-005
           9          44   8.3446628093792885E-003
           9          45  -3.4662600370942857E-006
           9          46   8.3368128253194923E-003
           9          47  -1.4807590344882886E-004
           9          48  -1.2191761300838298E-004
           9          49   1.7216578750974862E-002
          10           1  -4.1649720111677357E-012
          10           2  -4.2722282569290254E-010
          10           3  -2.6729656709851978E-009
          10           4  -1.2893733263804320E-009
          10           5  -3.5255526764383952E-009
          10           6  -3.3988259206341857E-009
          10           7   5.6293380768330348E-002
          10           8   4.7540400934111434E-005
          10           9  -4.6005324428242140E-003
          10          10   52.712207852214625     
          10          11   1.7682016001297923E-003
          10          12  -3.3732575372090663     
          10          13  -26.703679486052195     
          10          14  -8.9580344709752169E-004
          10          15   1.7024084028477724     
          10          16  -5.8999005932716023E-002
          10          17   1.0011762822151419E-006
          10          18   3.7629703952643642E-003
          10          19  -28.621221097585803     
          10          20  -9.6263151587959071E-004
          10          21   1.7485922076252969     
          10          22   2.2131001597806760E-009
          10          23   5.0172913320342870E-010
          10          24   1.9510174928130902E-009
          10          25   3.4745650777300828E-010
          10          26  -1.6786731403796812E-011
          10          27   1.8748935984980694E-009
          10          28  -1.1626786384381799E-009
          10          29   5.1116629618638104E-011
          10          30  -1.2536513326620823E-009
          10          31   4.9863979293251889E-011
          10          32  -4.9453649525913495E-012
          10          33  -1.2654851468573990E-009
          10          34   5.4891755439559078E-010
          10          35   1.1829487366370917E-009
          10          36  -5.2962950563971546E-010
          10          37   1.0100945749165956E-009
          10          38  -7.0367899579259468E-011
          10          39  -6.3674648976505421E-010
          10          40  0.75134774022694428     
          10          41   6.6875743831540635E-006
          10          42  0.33597589655733606     
          10          43   2.3765587555940093E-005
          10          44  -2.2300229764966824E-002
          10          45  -3.4123721575112709E-005
          10          46  -2.2237470962670754E-002
          10          47  0.33556479309064197     
          10          48   1.3702968803494364E-005
          10          49  -4.9676063022508675E-002
          11           1   4.3736767136869146E-012
          11           2   1.2677396822059310E-010
          11           3   1.0207832114496906E-009
          11           4  -2.0855549872001944E-009
          11           5   1.0670863586008395E-009
          11           6   1.2497195117587341E-010
          11           7   4.7540383598919362E-005
          11           8  -2.2376511896153362E-002
          11           9   6.7644306897827870E-004
          11          10   1.7682016001297923E-003
          11          11   1.9668180923496623     
          11          12   1.8408256314662501E-003
          11          13  -8.9580344989753115E-004
          11          14  -1.0928852401962967     
          11          15  -9.8026441656228077E-004
          11          16   1.0011390610466960E-006
          11          17  -3.0144663409061110E-003
          11          18   4.2353089517672632E-005
          11          19  -9.6263091765395620E-004
          11          20  -2.3067278481369415     
          11          21  -1.6419160512092155E-003
          11          22  -4.6294250695074981E-010
          11          23   8.0356579242809819E-012
          11          24  -4.7823288366515305E-010
          11          25   2.3305130943524407E-011
          11          26   5.3908894788808698E-011
          11          27  -5.6987015371687990E-010
          11          28   3.1174524633403124E-010
          11          29  -5.6222613279388304E-013
          11          30   3.2999100717245261E-010
          11          31   4.1424247557792770E-012
          11          32  -6.6016608815090730E-013
          11          33   3.0142921628493795E-010
          11          34  -1.5095816149148216E-010
          11          35  -9.3167818141242625E-012
          11          36  -3.3397919172110579E-010
          11          37   6.4990171033462391E-011
          11          38  -3.4035192576653987E-011
          11          39  -1.9752107642626008E-010
          11          40   2.3768345091001856E-005
          11          41   1.6635732793018653E-003
          11          42   9.8141476403899272E-006
          11          43   3.7197479113108573E-003
          11          44  -3.2223002634258435E-006
          11          45  -6.6067905952481424E-006
          11          46  -1.5460611370851437E-005
          11          47   1.0572650036560835E-005
          11          48   1.5779356156546201E-003
          11          49  -7.7002651296617121E-006
          12           1   7.7161691707739049E-012
          12           2   3.8991360707676791E-011
          12           3   3.8549510571608583E-010
          12           4  -3.2512505587198196E-009
          12           5   1.4749869317785350E-010
          12           6  -1.8627515495073814E-009
          12           7  -4.6005324518645363E-003
          12           8   6.7644317618599775E-004
          12           9  -1.2570796113625882E-002
          12          10  -3.3732575372090663     
          12          11   1.8408256314662501E-003
          12          12   2.2185491210138903     
          12          13   1.7024084027826418     
          12          14  -9.8026436326241191E-004
          12          15  -1.2206477640684543     
          12          16   3.7629703611551778E-003
          12          17   4.2352946060649576E-005
          12          18  -2.6717877097322904E-003
          12          19   1.7485922074736737     
          12          20  -1.6419177991902041E-003
          12          21  -2.4468729851325759     
          12          22   1.2368142669331393E-010
          12          23   8.4008404433358164E-012
          12          24   1.8997330300881063E-010
          12          25  -1.9212811378941501E-010
          12          26  -1.0367261042763888E-010
          12          27  -2.1034207123396610E-010
          12          28   6.7205227258581038E-012
          12          29  -3.8239202305380245E-011
          12          30  -7.3934099605628497E-012
          12          31  -4.0385467190589195E-011
          12          32  -2.1550398490943510E-011
          12          33   1.2270414384452708E-011
          12          34  -2.8202923289144994E-010
          12          35  -1.9127807219160963E-010
          12          36  -8.1948895692082270E-011
          12          37  -2.0248908508084667E-010
          12          38  -4.5159490528154865E-011
          12          39  -1.6030574784446263E-010
          12          40  -4.9729985918327439E-002
          12          41  -3.0126703898580630E-006
          12          42  -2.2237469444988608E-002
          12          43  -7.1986927709626064E-006
          12          44   3.1108647870133205E-003
          12          45   1.2772611713711930E-006
          12          46   3.1073838678576608E-003
          12          47  -2.2227886154399475E-002
          12          48  -1.6343077270792110E-005
          12          49   6.7468043473118376E-003
          13           1   8.6247225222744890E-013
          13           2   2.1421238252309886E-010
          13           3   1.3258048699848846E-009
          13           4   1.1234256029457278E-009
          13           5   1.8401237934744218E-009
          13           6   2.0189605494930715E-009
          13           7   2.6490660285635736E-004
          13           8  -6.0967715443280046E-005
          13           9   1.8126887426115274E-003
          13          10  -26.703679486052195     
          13          11  -8.9580344989753115E-004
          13          12   1.7024084027826418     
          13          13   13.550922823028747     
          13          14   4.5763523447552192E-004
          13          15 -0.85911709914058210     
          13          16   2.8849026948710579E-002
          13          17  -1.4486294850238424E-006
          13          18  -1.9118691088444882E-003
          13          19   14.505846174638824     
          13          20   4.8210275816247837E-004
          13          21 -0.88255710455852165     
          13          22  -1.1638391083516472E-009
          13          23  -2.5333471479238186E-010
          13          24  -1.0343351194430646E-009
          13          25  -1.6034528715410436E-010
          13          26   3.7495826812813061E-011
          13          27  -9.4756998261650047E-010
          13          28   6.0249682644514239E-010
          13          29  -2.7625987398003644E-011
          13          30   6.5013379639051972E-010
          13          31  -2.4850295363452733E-011
          13          32   5.7765809444347843E-012
          13          33   6.6193432580322457E-010
          13          34  -2.4930274249950852E-010
          13          35  -5.9752110113745933E-010
          13          36   2.9636632536876565E-010
          13          37  -5.1086654817286603E-010
          13          38   3.3300825678307692E-011
          13          39   3.4748467920019367E-010
          13          40 -0.36649060516168519     
          13          41  -2.2993024707659668E-006
          13          42 -0.16388029332721377     
          13          43  -1.0250769010885666E-005
          13          44   1.1269621981889707E-002
          13          45   1.9796438512840682E-005
          13          46   1.1233709258740458E-002
          13          47 -0.16364165190729352     
          13          48  -6.0903046951017047E-006
          13          49   2.5095358484467003E-002
          14           1  -4.5574839162633102E-012
          14           2  -8.5744926984060424E-011
          14           3  -6.9693583342682938E-010
          14           4   2.0223079070997263E-009
          14           5  -6.4419767145647333E-010
          14           6   3.4753596340613575E-010
          14           7  -6.0967712692606605E-005
          14           8   4.0117725334425286E-002
          14           9  -8.9726238327337345E-004
          14          10  -8.9580344709752169E-004
          14          11  -1.0928852401962967     
          14          12  -9.8026436326241191E-004
          14          13   4.5763523447552192E-004
          14          14  0.62531737164795498     
          14          15   5.7786465424613511E-004
          14          16  -1.4485955924648579E-006
          14          17   6.0178842278974139E-004
          14          18  -3.5555168524191036E-005
          14          19   4.8210244455149743E-004
          14          20   1.2250686115786684     
          14          21   7.7255230970143390E-004
          14          22   2.3975261454845419E-010
          14          23   4.4133087962609962E-012
          14          24   2.5444307902696105E-010
          14          25   1.1739092117536037E-011
          14          26   1.3923522756690170E-012
          14          27   3.5819156012312294E-010
          14          28  -1.8026730530129695E-010
          14          29   2.4540740408324641E-013
          14          30  -1.9164308089640084E-010
          14          31   6.4974171466975634E-013
          14          32   2.3939238021383800E-012
          14          33  -1.6681156163960266E-010
          14          34   1.6075586436217039E-010
          14          35   3.1929565295429072E-012
          14          36   2.5375731617844802E-010
          14          37  -3.6154268473894094E-011
          14          38   1.4311427955276843E-011
          14          39   1.7546201856570786E-010
          14          40  -1.0252437448245109E-005
          14          41   4.8392160941911257E-003
          14          42  -3.8785270698963744E-006
          14          43   1.0822112188472668E-002
          14          44   1.3348119409557166E-005
          14          45   5.7699762106321328E-006
          14          46   2.3958458133906330E-005
          14          47  -4.5088165475623527E-006
          14          48   4.9140111427615806E-003
          14          49   3.0623181710178203E-005
          15           1  -6.2926943467659270E-012
          15           2  -4.3485072069815461E-011
          15           3  -3.8906473546033635E-010
          15           4   2.6052413037157168E-009
          15           5  -2.1660581963516840E-010
          15           6   1.3191144715903942E-009
          15           7   1.8126887409036319E-003
          15           8  -8.9726244492030949E-004
          15           9   2.7398265253383652E-002
          15          10   1.7024084028477724     
          15          11  -9.8026441656228077E-004
          15          12  -1.2206477640684543     
          15          13 -0.85911709914058210     
          15          14   5.7786465424613511E-004
          15          15  0.69096032284496256     
          15          16  -1.9118690855527325E-003
          15          17  -3.5555086535650628E-005
          15          18   2.3059991554530770E-004
          15          19 -0.88255710456728542     
          15          20   7.7255328369735341E-004
          15          21   1.2950147224445967     
          15          22  -2.0900903995145236E-010
          15          23   2.1560100460151541E-011
          15          24  -2.0588105469138234E-010
          15          25   4.5464590710799006E-010
          15          26   5.1623478700687510E-010
          15          27   4.8978848108082994E-010
          15          28  -5.3772314468521707E-011
          15          29   2.2910492673241643E-011
          15          30  -4.1637734356984704E-011
          15          31   6.1827895178924661E-011
          15          32   6.4150833696244735E-011
          15          33   3.6893097501057042E-012
          15          34   2.4623916523459625E-010
          15          35   9.5890560369815267E-011
          15          36   1.4038618472685445E-010
          15          37   7.4942177494209498E-011
          15          38  -1.4344474092475287E-011
          15          39   1.3597454843685358E-010
          15          40   2.5122105860761287E-002
          15          41   1.3242210017589578E-005
          15          42   1.1233708492791145E-002
          15          43   2.9843386655178326E-005
          15          44   4.2726468227788439E-003
          15          45  -4.2062041572473493E-007
          15          46   4.2749896660576490E-003
          15          47   1.1233737394729099E-002
          15          48   2.5110520177570263E-005
          15          49   9.7374483516106738E-003
          16           1   1.3707000908286514E-013
          16           2   2.7221549275307475E-012
          16           3   2.1514095169494371E-011
          16           4  -2.4438515742978480E-011
          16           5   1.7313516309489965E-011
          16           6   1.8109330084327787E-012
          16           7   7.2608851931788912E-003
          16           8   6.9049165381559659E-007
          16           9   1.5072837184619671E-005
          16          10  -5.8999005932716023E-002
          16          11   1.0011390610466960E-006
          16          12   3.7629703611551778E-003
          16          13   2.8849026948710579E-002
          16          14  -1.4485955924648579E-006
          16          15  -1.9118690855527325E-003
          16          16   2.0037536131727363     
          16          17  -2.5433816836796769E-007
          16          18  -7.6978600528755542E-006
          16          19   3.2928218964107796E-002
          16          20  -1.4451557249898764E-007
          16          21  -1.9464610436746470E-003
          16          22  -1.2304554538769456E-011
          16          23   1.0521852808870453E-012
          16          24  -1.2557445022096322E-011
          16          25   2.2984006640059077E-013
          16          26   3.6953509697098769E-013
          16          27  -1.2116376141781162E-011
          16          28   9.1300150558152549E-012
          16          29   4.7822036959353961E-013
          16          30   6.9101929381871364E-012
          16          31   1.8494131385521799E-012
          16          32  -4.3065380330343565E-013
          16          33   7.3325302181986898E-012
          16          34  -3.2503865958026149E-012
          16          35  -1.2156251311204149E-012
          16          36  -4.5381294896028130E-012
          16          37   2.8185669827358438E-013
          16          38   5.1998702258567637E-013
          16          39  -4.1241897656157784E-012
          16          40  -1.0537206105941260E-002
          16          41   1.2830606518196855E-007
          16          42  -4.7126285602531025E-003
          16          43   5.6850181269550897E-007
          16          44   2.6465452793265310E-005
          16          45  -1.0916343782214039E-006
          16          46   2.8266069024516961E-005
          16          47  -4.7258434480551108E-003
          16          48   2.5046370638707461E-007
          16          49   6.3150184963115655E-005
