           1           1   2.1333229966595626     
           1           2 -0.15163680225644327     
           1           3 -0.44277265797002907     
           1           4   7.6586183328275229E-002
           1           5   7.0694955053905134E-002
           1           6   1.6428596528925013E-012
           1           7   1.2624802722291992E-013
           1           8   1.1428611985839546E-013
           1           9  -2.1175459774955212E-012
           1          10   1.3976569930275688E-012
           1          11  -1.0171856130877840E-013
           1          12  -5.8255050229451366E-013
           1          13   3.8742638688044433E-013
           1          14  -2.2305016926901877E-013
           1          15   5.6141512418086006E-014
           1          16  -1.3518531961000932E-013
           1          17   3.3859523288285959E-014
           1          18  -9.8526050153946946E-003
           1          19  -3.1228406332455794E-005
           1          20  -9.8316387984935319E-003
           1          21   1.3020569280068733E-004
           1          22  -1.9011606138560395E-004
           1          23  -9.1846445144070140E-003
           1          24  -4.6411378661134657E-003
           1          25  -1.1496458769753143E-006
           1          26  -4.6403660113960169E-003
           1          27   4.7934507911240537E-006
           1          28  -6.9990301102915847E-006
           1          29  -4.6165470296101957E-003
           1          30   5.4129237006342313E-013
           1          31  -2.2422594391159264E-013
           1          32   2.2142117516288269E-013
           1          33  -1.0945386982704758E-012
           1          34  -2.0057740928156970E-013
           1          35   7.7195688611466493E-014
           1          36  -2.0238361333015242E-013
           1          37   3.2933763038644554E-013
           1          38  -3.2279410876920600E-013
           1          39  -1.9531137626969067E-013
           2           1 -0.15163680225644327     
           2           2   5.4959301444108245E-002
           2           3  0.23683326599443930     
           2           4   3.3383105264933925E-002
           2           5   4.7787693223947880E-002
           2           6   3.9036032193678119E-012
           2           7   1.1168158051890135E-012
           2           8  -1.0291209423027322E-013
           2           9   7.2895241070712078E-013
           2          10  -4.6199448873668530E-013
           2          11  -3.7393211781450337E-013
           2          12  -2.0570232494196074E-013
           2          13  -1.0581256644229604E-013
           2          14  -5.3893973974990034E-013
           2          15  -2.1589337657690129E-014
           2          16   3.4386230121463807E-014
           2          17  -7.7209349729695419E-014
           2          18   8.9604753703632738E-004
           2          19   2.0942974828624599E-005
           2          20   8.8198678220594473E-004
           2          21  -8.7320959624474851E-005
           2          22   1.2749916273202750E-004
           2          23   4.4808747287943608E-004
           2          24   5.5877706819164328E-003
           2          25   5.1126104057871828E-006
           2          26   5.5843381639562473E-003
           2          27  -2.1316804510587662E-005
           2          28   3.1125103540214066E-005
           2          29   5.4784147915078220E-003
           2          30  -3.7874198231706384E-013
           2          31   4.0496062275254263E-014
           2          32  -1.3798537530484413E-013
           2          33   3.9718878255018489E-013
           2          34   6.1133343005483680E-014
           2          35  -3.5787301633120815E-014
           2          36   3.0525503869800999E-014
           2          37  -1.7842589295381948E-013
           2          38   2.3696860612154977E-014
           2          39  -3.5444795940253113E-014
           3           1 -0.44277265797002907     
           3           2  0.23683326599443930     
           3           3   2.0788665698457320     
           3           4 -0.68226006796585836     
           3           5 -0.56012622945668022     
           3           6  -2.4109653182412064E-011
           3           7   3.2219196807503676E-012
           3           8   2.1807381084011383E-012
           3           9   8.4867884404925964E-012
           3          10  -5.2084358513194476E-013
           3          11   5.1244997614870116E-012
           3          12   3.8414958488767434E-012
           3          13  -6.1131534435745006E-013
           3          14   3.8153481342911075E-012
           3          15  -1.8363636360848905E-013
           3          16   3.3734091095405126E-013
           3          17  -1.9298382224979419E-013
           3          18   1.8050848270422928E-002
           3          19   9.9858962799905494E-005
           3          20   1.7983804666652448E-002
           3          21  -4.1635820778345778E-004
           3          22   6.0793337842157062E-004
           3          23   1.5914914037554226E-002
           3          24   4.3750482541841440E-002
           3          25  -6.7743476850198533E-006
           3          26   4.3755030709026296E-002
           3          27   2.8244986678870737E-005
           3          28  -4.1241002679621303E-005
           3          29   4.3895378359898776E-002
           3          30  -1.1877038154554754E-012
           3          31  -4.2698174245872054E-013
           3          32  -4.8705910582843711E-013
           3          33   1.5657313668609576E-012
           3          34   7.7719827117065881E-014
           3          35  -3.2231226030835645E-013
           3          36   2.0337833672082932E-013
           3          37  -1.0096665471309171E-012
           3          38   2.2117824643788651E-013
           3          39  -7.6391846159973382E-013
           4           1   7.6586183328275229E-002
           4           2   3.3383105264933925E-002
           4           3 -0.68226006796585836     
           4           4  0.73179272132516371     
           4           5  0.69707291110155523     
           4           6   6.1268243874143468E-011
           4           7  -2.3165907181926354E-011
           4           8  -1.3473703443311625E-011
           4           9  -2.7673448267393647E-012
           4          10  -2.6242920109124088E-012
           4          11  -7.2113785938480521E-012
           4          12  -4.5686802457424877E-012
           4          13   8.3323944567016900E-013
           4          14  -8.7350011798113196E-012
           4          15  -3.1456076390294220E-013
           4          16   4.2460167577488046E-013
           4          17  -2.4135920339733857E-012
           4          18  -1.2566627117014003E-002
           4          19   1.0812836867166344E-005
           4          20  -1.2573886666705864E-002
           4          21  -4.5083764028406000E-005
           4          22   6.5827718655534244E-005
           4          23  -1.2797908891891224E-002
           4          24  -1.0285678414014787E-002
           4          25   9.1162673210241560E-005
           4          26  -1.0346883454041984E-002
           4          27  -3.8009892175823196E-004
           4          28   5.5499025443038474E-004
           4          29  -1.2235598945730772E-002
           4          30  -9.2294806976423058E-013
           4          31   6.0131573000806885E-013
           4          32  -3.1266268177079525E-013
           4          33   6.2509080969822131E-013
           4          34   1.8721325330700460E-013
           4          35   1.2041603823117525E-013
           4          36  -6.3669888126048528E-014
           4          37  -6.2641361639248575E-014
           4          38   8.0544913573680321E-015
           4          39   4.5296717341729009E-013
           5           1   7.0694955053905134E-002
           5           2   4.7787693223947880E-002
           5           3 -0.56012622945668022     
           5           4  0.69707291110155523     
           5           5  0.67280104617593817     
           5           6  -8.0993896368678063E-012
           5           7   1.2195877067320823E-011
           5           8   5.0163298413345272E-012
           5           9  -5.8171109003756565E-012
           5          10  -1.6628962779061032E-012
           5          11  -3.9106177740500829E-012
           5          12  -3.2479768175649968E-012
           5          13  -1.8303499727521284E-012
           5          14   1.2663628166944649E-012
           5          15   8.9284101029491010E-013
           5          16  -1.3549478397667091E-012
           5          17   4.8166068110943154E-012
           5          18  -1.1652089563875111E-002
           5          19   1.5017215905346644E-005
           5          20  -1.1662171860883907E-002
           5          21  -6.2613754121707184E-005
           5          22   9.1423628185459849E-005
           5          23  -1.1973300786913646E-002
           5          24  -8.5880620862809377E-003
           5          25  -1.0330633589725863E-004
           5          26  -8.5187039663952545E-003
           5          27   4.3073251136320143E-004
           5          28  -6.2892163772080602E-004
           5          29  -6.3783837151431197E-003
           5          30  -3.2945959858265769E-013
           5          31   4.5084353715132444E-013
           5          32  -2.7405360166023069E-014
           5          33   3.6170803696478891E-013
           5          34   2.4522698970939910E-013
           5          35   8.5761224259295234E-014
           5          36  -1.4159984757844364E-014
           5          37   2.3209878145615760E-013
           5          38  -1.7263847433944639E-013
           5          39   4.9874822142088254E-013
           6           1   1.6428596528925013E-012
           6           2   3.9036032193678119E-012
           6           3  -2.4109653182412064E-011
           6           4   6.1268243874143468E-011
           6           5  -8.0993896368678063E-012
           6           6   1.9243857401167235     
           6           7  -1.4959117918162121E-003
           6           8   6.2371507476999908E-003
           6           9  0.10604132099784469     
           6          10   1.2715202795972043E-003
           6          11  -5.3015605704338654E-003
           6          12   4.6971241773189377E-003
           6          13   3.8817855445578038E-003
           6          14  -1.6184964713185420E-002
           6          15  -3.7500089415310632E-003
           6          16   2.7907715293922592E-003
           6          17  -1.1636013755958345E-002
           6          18   2.2783469687616079E-012
           6          19  -6.5534848507748231E-012
           6          20  -3.3068743257104218E-013
           6          21   3.0568515082369627E-012
           6          22  -2.4365677576988457E-012
           6          23  -1.0568662301956559E-012
           6          24  -1.9848188411558992E-011
           6          25  -2.0480837556351284E-012
           6          26  -1.8600892256116114E-011
           6          27   2.5399936077975053E-012
           6          28  -7.1347401745349383E-013
           6          29  -1.5702973793718506E-011
           6          30  -1.8378763192042284E-002
           6          31   2.5407964405018141E-005
           6          32  -8.2558821096864743E-003
           6          33  -1.4716048592211723E-004
           6          34  -1.0593693141978749E-004
           6          35   3.2755538967186752E-004
           6          36   2.6757286383744026E-004
           6          37  -9.3706038935008652E-003
           6          38  -2.3919536225233947E-005
           6          39   4.8848082877772940E-004
           7           1   1.2624802722291992E-013
           7           2   1.1168158051890135E-012
           7           3   3.2219196807503676E-012
           7           4  -2.3165907181926354E-011
           7           5   1.2195877067320823E-011
           7           6  -1.4959117918162121E-003
           7           7   1.9255454400911551     
           7           8  -9.1069946759594917E-003
           7           9   1.2715202691439380E-003
           7          10  0.10505558026192389     
           7          11   7.7409182660686388E-003
           7          12   3.8817855097628964E-003
           7          13   1.6877852673389941E-003
           7          14   2.3632004585750963E-002
           7          15   2.7907716008313504E-003
           7          16  -5.9135435431375500E-003
           7          17   1.6989986533816968E-002
           7          18  -9.3590914776598222E-012
           7          19   3.1944278058156743E-012
           7          20   5.1402807605968089E-012
           7          21  -3.3599472452887666E-012
           7          22   2.3152698208412020E-012
           7          23   3.6825209031792009E-012
           7          24   9.3496607421316367E-012
           7          25   5.5903161717164502E-012
           7          26   1.4072836797322255E-011
           7          27  -2.4191664453916811E-012
           7          28  -9.7747753209104112E-013
           7          29  -5.5614261776832946E-015
           7          30  -1.4813278043823778E-004
           7          31  -8.1689968943428025E-003
           7          32   2.6712439853134639E-005
           7          33  -1.8344119822450856E-002
           7          34  -3.9863009412767551E-004
           7          35  -2.3061481703353425E-004
           7          36   1.6262245554176172E-004
           7          37  -2.3919533735735675E-005
           7          38  -9.3520604438215860E-003
           7          39  -7.1324061904957828E-004
           8           1   1.1428611985839546E-013
           8           2  -1.0291209423027322E-013
           8           3   2.1807381084011383E-012
           8           4  -1.3473703443311625E-011
           8           5   5.0163298413345272E-012
           8           6   6.2371507476999908E-003
           8           7  -9.1069946759594917E-003
           8           8   1.9613325164821989     
           8           9  -5.3015604009688322E-003
           8          10   7.7409180381996009E-003
           8          11   7.4636658985047871E-002
           8          12  -1.6184963183356289E-002
           8          13   2.3632002386441718E-002
           8          14  -9.1177120023747477E-002
           8          15  -1.1636019934812466E-002
           8          16   1.6989995238187724E-002
           8          17  -7.2677806452046106E-002
           8          18  -8.5329362697548518E-013
           8          19   1.1169635616674812E-012
           8          20   4.1174569640557865E-012
           8          21  -3.9448183015841954E-012
           8          22  -1.5154273113916252E-012
           8          23  -2.5077065275678546E-012
           8          24   5.8480494832331512E-012
           8          25   1.8511283074899438E-012
           8          26   6.9221785525105766E-012
           8          27   9.9910853810836744E-014
           8          28   2.7882758425081290E-013
           8          29   4.3139523650366479E-012
           8          30   6.1763571424692533E-004
           8          31  -3.9863003453624986E-004
           8          32   2.6757282866653187E-004
           8          33  -8.9590308761664731E-004
           8          34  -6.6025261259457738E-003
           8          35   1.0179254562073565E-004
           8          36  -6.6708678915919804E-003
           8          37  -2.7921646059126884E-004
           8          38   4.0768996430254757E-004
           8          39  -1.8016098592006646E-002
           9           1  -2.1175459774955212E-012
           9           2   7.2895241070712078E-013
           9           3   8.4867884404925964E-012
           9           4  -2.7673448267393647E-012
           9           5  -5.8171109003756565E-012
           9           6  0.10604132099784469     
           9           7   1.2715202691439380E-003
           9           8  -5.3015604009688322E-003
           9           9   6.2588957804561429E-003
           9          10  -4.6101339848471053E-004
           9          11   1.9221782127853456E-003
           9          12   2.1181793455110850E-003
           9          13  -2.4957888414298087E-003
           9          14   1.0406101240080295E-002
           9          15   1.1495229396966959E-003
           9          16  -1.8276972470939905E-003
           9          17   7.6205129452593260E-003
           9          18   2.6086784354356537E-013
           9          19  -3.6543550791538860E-013
           9          20   9.6927493913995513E-014
           9          21   1.7139934406128616E-013
           9          22  -1.2854755203156676E-013
           9          23   6.0697670400826776E-014
           9          24  -8.6997043207565603E-013
           9          25  -8.7604419648955811E-014
           9          26  -7.7638446744483675E-013
           9          27   1.2913349602383453E-014
           9          28  -3.7557573056511213E-014
           9          29  -7.9291936649949930E-013
           9          30  -9.7380567583758393E-004
           9          31  -3.0380107065876619E-005
           9          32  -4.3646862045527827E-004
           9          33  -7.8762583031932048E-005
           9          34   1.2666877319667945E-004
           9          35   1.2148519488740412E-005
           9          36   1.5166973178031985E-004
           9          37  -4.7781191489350739E-004
           9          38  -6.4703685369807979E-005
           9          39   4.1643176663603470E-004
          10           1   1.3976569930275688E-012
          10           2  -4.6199448873668530E-013
          10           3  -5.2084358513194476E-013
          10           4  -2.6242920109124088E-012
          10           5  -1.6628962779061032E-012
          10           6   1.2715202795972043E-003
          10           7  0.10505558026192389     
          10           8   7.7409180381996009E-003
          10           9  -4.6101339848471053E-004
          10          10   6.6162946419465046E-003
          10          11  -2.8066126328771869E-003
          10          12  -2.4957888480513792E-003
          10          13   4.0530298288870351E-003
          10          14  -1.5194165639972078E-002
          10          15  -1.8276972881773644E-003
          10          16   2.5664380125749618E-003
          10          17  -1.1126870013042314E-002
          10          18  -5.2124051953609341E-013
          10          19   1.8008855683536384E-013
          10          20   3.1303032078788113E-013
          10          21  -1.8986161949402585E-013
          10          22   1.2105326570469218E-013
          10          23   2.0783060274785045E-013
          10          24   6.0208595502774745E-013
          10          25   3.0944244258631454E-013
          10          26   8.0157991294600722E-013
          10          27  -9.9253202027258929E-014
          10          28   1.6138614434528883E-013
          10          29  -4.6389175433041688E-013
          10          30  -7.8078373740640954E-005
          10          31  -4.0763993022891072E-004
          10          32  -3.1298072136220023E-005
          10          33  -9.1667827855643875E-004
          10          34  -2.1586763328687515E-004
          10          35  -3.9006933776004979E-006
          10          36  -1.9054020076980662E-004
          10          37  -6.4703684759684089E-005
          10          38  -4.2765064338840225E-004
          10          39  -6.0804068102971549E-004
          11           1  -1.0171856130877840E-013
          11           2  -3.7393211781450337E-013
          11           3   5.1244997614870116E-012
          11           4  -7.2113785938480521E-012
          11           5  -3.9106177740500829E-012
          11           6  -5.3015605704338654E-003
          11           7   7.7409182660686388E-003
          11           8   7.4636658985047871E-002
          11           9   1.9221782127853456E-003
          11          10  -2.8066126328771869E-003
          11          11   1.7645226316924230E-002
          11          12   1.0406100557004468E-002
          11          13  -1.5194164612045221E-002
          11          14   6.3760395825441671E-002
          11          15   7.6205172107134339E-003
          11          16  -1.1126875984481054E-002
          11          17   4.6290857961383262E-002
          11          18   7.2154772411814826E-014
          11          19   6.7711350772403796E-014
          11          20   2.7314321392585255E-013
          11          21  -2.1704300194669646E-013
          11          22  -3.0618232448009105E-014
          11          23  -2.1678968623804899E-014
          11          24   6.2588740725867233E-013
          11          25   2.4662245439460290E-013
          11          26   8.6806903268724813E-013
          11          27  -6.9003907502736000E-013
          11          28  -8.2812928070714444E-014
          11          29  -4.6929813303664304E-016
          11          30   3.2554504027974975E-004
          11          31  -2.1586766385367099E-004
          11          32   1.5166975567484624E-004
          11          33  -4.7950048812295709E-004
          11          34   4.4063911316243000E-004
          11          35  -3.1774091583349964E-005
          11          36   4.6197169658669418E-004
          11          37   2.4860617323922349E-004
          11          38  -3.6299504956977414E-004
          11          39   1.3676952708808342E-003
          12           1  -5.8255050229451366E-013
          12           2  -2.0570232494196074E-013
          12           3   3.8414958488767434E-012
          12           4  -4.5686802457424877E-012
          12           5  -3.2479768175649968E-012
          12           6   4.6971241773189377E-003
          12           7   3.8817855097628964E-003
          12           8  -1.6184963183356289E-002
          12           9   2.1181793455110850E-003
          12          10  -2.4957888480513792E-003
          12          11   1.0406100557004468E-002
          12          12   8.3979164809436548E-003
          12          13  -1.2220898636770889E-002
          12          14   5.0954594675054490E-002
          12          15   6.1091972244225303E-003
          12          16  -8.9304337429986311E-003
          12          17   3.7235097860181039E-002
          12          18   1.0822596778268027E-013
          12          19  -1.9460743043878910E-014
          12          20   4.8499642415602264E-014
          12          21  -1.7163247521434315E-015
          12          22   1.5232275361521535E-014
          12          23   6.5202897658109865E-014
          12          24   1.7522308983313259E-013
          12          25   1.0535589095508595E-013
          12          26   3.1040087048539526E-013
          12          27  -5.3034079862568465E-013
          12          28  -3.8255906252748615E-014
          12          29  -3.2913603467744289E-013
          12          30   1.3758397345959439E-004
          12          31  -1.3822512243939894E-004
          12          32   6.6166080414944075E-005
          12          33  -3.0735250962248288E-004
          12          34   5.7632450800737295E-004
          12          35  -2.6006936922114136E-005
          12          36   5.9605663066726936E-004
          12          37   1.5467172198183624E-004
          12          38  -2.7826273490222061E-004
          12          39   1.7019872687757298E-003
          13           1   3.8742638688044433E-013
          13           2  -1.0581256644229604E-013
          13           3  -6.1131534435745006E-013
          13           4   8.3323944567016900E-013
          13           5  -1.8303499727521284E-012
          13           6   3.8817855445578038E-003
          13           7   1.6877852673389941E-003
          13           8   2.3632002386441718E-002
          13           9  -2.4957888414298087E-003
          13          10   4.0530298288870351E-003
          13          11  -1.5194164612045221E-002
          13          12  -1.2220898636770889E-002
          13          13   1.7872120031929215E-002
          13          14  -7.4399867120808622E-002
          13          15  -8.9304339306651558E-003
          13          16   1.3032480693258908E-002
          13          17  -5.4367743490923416E-002
          13          18  -7.7779991049334698E-014
          13          19   4.4194186703980787E-015
          13          20   5.0067676029883247E-014
          13          21   5.1607252993845329E-015
          13          22  -2.4694469040347752E-014
          13          23   8.1112669077042289E-015
          13          24  -2.0162032801944851E-014
          13          25  -9.6708625570780435E-014
          13          26  -2.2421916606718792E-013
          13          27   5.8260115246186340E-013
          13          28   3.3529159899877612E-013
          13          29  -3.0528481208858704E-013
          13          30  -3.0408439906494644E-004
          13          31   1.7072618984418535E-004
          13          32  -1.4260976215100073E-004
          13          33   3.7779450352503892E-004
          13          34  -8.4362140199855176E-004
          13          35   3.8921246365231942E-005
          13          36  -8.6819676412032692E-004
          13          37  -2.7826273345722149E-004
          13          38   3.7039381226567351E-004
          13          39  -2.4851071290038378E-003
          14           1  -2.2305016926901877E-013
          14           2  -5.3893973974990034E-013
          14           3   3.8153481342911075E-012
          14           4  -8.7350011798113196E-012
          14           5   1.2663628166944649E-012
          14           6  -1.6184964713185420E-002
          14           7   2.3632004585750963E-002
          14           8  -9.1177120023747477E-002
          14           9   1.0406101240080295E-002
          14          10  -1.5194165639972078E-002
          14          11   6.3760395825441671E-002
          14          12   5.0954594675054490E-002
          14          13  -7.4399867120808622E-002
          14          14  0.31023568481550751     
          14          15   3.7235121145618381E-002
          14          16  -5.4367776347700632E-002
          14          17  0.22667730731101657     
          14          18   2.3848971633477778E-013
          14          19   3.7862097684440097E-014
          14          20  -4.4445694675011472E-014
          14          21  -9.4011934676318273E-014
          14          22   1.3975319181755386E-013
          14          23   6.3173244469017763E-014
          14          24   8.1859098367511969E-013
          14          25   6.1374560783026340E-013
          14          26   1.6722286215551198E-012
          14          27  -2.9435753973827618E-012
          14          28  -7.1712804081342136E-013
          14          29  -5.9084116887281754E-013
          14          30   1.2678689072716035E-003
          14          31  -8.4362161025941301E-004
          14          32   5.9605678490542741E-004
          14          33  -1.8711378505058289E-003
          14          34   3.4858417684379907E-003
          14          35  -1.6557166613649421E-004
          14          36   3.5970037612545656E-003
          14          37   1.1587558654891259E-003
          14          38  -1.6919236308151134E-003
          14          39   1.0281281839300287E-002
          15           1   5.6141512418086006E-014
          15           2  -2.1589337657690129E-014
          15           3  -1.8363636360848905E-013
          15           4  -3.1456076390294220E-013
          15           5   8.9284101029491010E-013
          15           6  -3.7500089415310632E-003
          15           7   2.7907716008313504E-003
          15           8  -1.1636019934812466E-002
          15           9   1.1495229396966959E-003
          15          10  -1.8276972881773644E-003
          15          11   7.6205172107134339E-003
          15          12   6.1091972244225303E-003
          15          13  -8.9304339306651558E-003
          15          14   3.7235121145618381E-002
          15          15   4.4709938498297486E-003
          15          16  -6.5256236876795942E-003
          15          17   2.7208335405967978E-002
          15          18   1.3417229514125225E-014
          15          19   1.0504563558109009E-014
          15          20  -1.9810719836763161E-014
          15          21  -1.2940906807426186E-014
          15          22   1.9781809566018593E-014
          15          23  -4.3963170486929878E-015
          15          24   1.1043263550243646E-013
          15          25   7.5868587841842802E-014
          15          26   2.1040851086026555E-013
          15          27  -3.6005973626894308E-013
          15          28  -7.8181625703063553E-014
          15          29  -8.6736741248056331E-014
          15          30   1.6906766378674891E-004
          15          31  -1.0083584370809069E-004
          15          32   7.9128491025618500E-005
          15          33  -2.2344826520228698E-004
          15          34   4.2043129608495579E-004
          15          35  -2.0197598887200706E-005
          15          36   4.3341609386368988E-004
          15          37   1.4786405366883269E-004
          15          38  -2.0277284275384334E-004
          15          39   1.2387741590784433E-003
          16           1  -1.3518531961000932E-013
          16           2   3.4386230121463807E-014
          16           3   3.3734091095405126E-013
          16           4   4.2460167577488046E-013
          16           5  -1.3549478397667091E-012
          16           6   2.7907715293922592E-003
          16           7  -5.9135435431375500E-003
          16           8   1.6989995238187724E-002
          16           9  -1.8276972470939905E-003
          16          10   2.5664380125749618E-003
          16          11  -1.1126875984481054E-002
          16          12  -8.9304337429986311E-003
          16          13   1.3032480693258908E-002
          16          14  -5.4367776347700632E-002
          16          15  -6.5256236876795942E-003
          16          16   9.5299576261397689E-003
          16          17  -3.9727457535852807E-002
          16          18  -1.3784005340808859E-014
          16          19  -9.1962937641603620E-015
          16          20   2.4421189846319693E-014
          16          21   1.7517514977842579E-014
          16          22  -2.7275435611162975E-014
          16          23   3.3658061554034500E-015
          16          24  -1.1496988426657487E-013
          16          25  -1.0799217926701344E-013
          16          26  -2.7060755218187733E-013
          16          27   5.0241468371559382E-013
          16          28   1.4848616545807846E-013
          16          29   6.2296067705771339E-014
          16          30  -2.2106133105563241E-004
          16          31   1.5500532868034769E-004
          16          32  -1.0403824958073498E-004
          16          33   3.4400619264342427E-004
          16          34  -6.1334387564248845E-004
          16          35   2.9250749349707302E-005
          16          36  -6.3337649284276524E-004
          16          37  -2.0277283727557633E-004
          16          38   3.0506289624287813E-004
          16          39  -1.8087599659794252E-003
          17           1   3.3859523288285959E-014
          17           2  -7.7209349729695419E-014
          17           3  -1.9298382224979419E-013
          17           4  -2.4135920339733857E-012
          17           5   4.8166068110943154E-012
          17           6  -1.1636013755958345E-002
          17           7   1.6989986533816968E-002
          17           8  -7.2677806452046106E-002
          17           9   7.6205129452593260E-003
          17          10  -1.1126870013042314E-002
          17          11   4.6290857961383262E-002
          17          12   3.7235097860181039E-002
          17          13  -5.4367743490923416E-002
          17          14  0.22667730731101657     
          17          15   2.7208335405967978E-002
          17          16  -3.9727457535852807E-002
          17          17  0.16564385512134211     
          17          18   1.1366913454078475E-013
          17          19   2.3884160148902460E-014
          17          20  -1.1030345353969328E-013
          17          21  -5.5850930084461374E-014
          17          22   1.0561230362771868E-013
          17          23  -1.1485898589799559E-014
          17          24   4.8700287072819071E-013
          17          25   4.3171178453272064E-013
          17          26   1.1117876912791402E-012
          17          27  -2.1095019919497133E-012
          17          28  -5.8006371684305806E-013
          17          29  -3.3763909152353372E-013
          17          30   9.2170666135906907E-004
          17          31  -6.1334365703067783E-004
          17          32   4.3341593536687210E-004
          17          33  -1.3603345615581565E-003
          17          34   2.5652150579315771E-003
          17          35  -1.2112605241963698E-004
          17          36   2.6465370237255042E-003
          17          37   8.4582101421153426E-004
          17          38  -1.2350009225734421E-003
          17          39   7.5616570009509037E-003
          18           1  -9.8526050153946946E-003
          18           2   8.9604753703632738E-004
          18           3   1.8050848270422928E-002
          18           4  -1.2566627117014003E-002
          18           5  -1.1652089563875111E-002
          18           6   2.2783469687616079E-012
          18           7  -9.3590914776598222E-012
          18           8  -8.5329362697548518E-013
          18           9   2.6086784354356537E-013
          18          10  -5.2124051953609341E-013
          18          11   7.2154772411814826E-014
          18          12   1.0822596778268027E-013
          18          13  -7.7779991049334698E-014
          18          14   2.3848971633477778E-013
          18          15   1.3417229514125225E-014
          18          16  -1.3784005340808859E-014
          18          17   1.1366913454078475E-013
          18          18   2.6717927480184869E-004
          18          19   3.1492285357928704E-007
          18          20   2.6696784090866253E-004
          18          21  -1.3130584115374337E-006
          18          22   1.9172246557642361E-006
          18          23   2.6044323633624166E-004
          18          24   3.1059491279279727E-004
          18          25  -9.1272386189202121E-007
          18          26   3.1120769967339738E-004
          18          27   3.8055601973510807E-006
          18          28  -5.5565759642353294E-006
          18          29   3.3011754927694592E-004
          18          30  -2.4036933046311664E-014
          18          31   3.3078922514684252E-014
          18          32  -1.3148735815649397E-014
          18          33   9.4840017188010109E-014
          18          34   3.6666917746415370E-015
          18          35   1.0041455828911693E-015
          18          36   4.0924321877747280E-015
          18          37  -2.3259057770733354E-014
          18          38   5.3948469972991155E-014
          18          39   1.5275476986410936E-014
          19           1  -3.1228406332455794E-005
          19           2   2.0942974828624599E-005
          19           3   9.9858962799905494E-005
          19           4   1.0812836867166344E-005
          19           5   1.5017215905346644E-005
          19           6  -6.5534848507748231E-012
          19           7   3.1944278058156743E-012
          19           8   1.1169635616674812E-012
          19           9  -3.6543550791538860E-013
          19          10   1.8008855683536384E-013
          19          11   6.7711350772403796E-014
          19          12  -1.9460743043878910E-014
          19          13   4.4194186703980787E-015
          19          14   3.7862097684440097E-014
          19          15   1.0504563558109009E-014
          19          16  -9.1962937641603620E-015
          19          17   2.3884160148902460E-014
          19          18   3.1492285357928704E-007
          19          19   9.9966238647349423E-009
          19          20   3.0821129047691248E-007
          19          21  -4.1680559318034471E-008
          19          22   6.0858657234957519E-008
          19          23   1.0109983209130740E-007
          19          24   3.1151038383447147E-006
          19          25   1.4285588761153495E-007
          19          26   3.0191928435684118E-006
          19          27  -5.9563240843349092E-007
          19          28   8.6969530693467198E-007
          19          29   5.9484860277255855E-008
          19          30   6.3367513283243473E-014
          19          31  -1.4602552721353133E-014
          19          32   2.8980433605849212E-014
          19          33  -3.1737610233928094E-014
          19          34  -2.0065286024270380E-015
          19          35  -2.7928128977073797E-015
          19          36  -1.3835042617888278E-015
          19          37   3.4141062173962489E-014
          19          38  -1.9150536899478535E-014
          19          39  -1.1209167724942484E-014
          20           1  -9.8316387984935319E-003
          20           2   8.8198678220594473E-004
          20           3   1.7983804666652448E-002
          20           4  -1.2573886666705864E-002
          20           5  -1.1662171860883907E-002
          20           6  -3.3068743257104218E-013
          20           7   5.1402807605968089E-012
          20           8   4.1174569640557865E-012
          20           9   9.6927493913995513E-014
          20          10   3.1303032078788113E-013
          20          11   2.7314321392585255E-013
          20          12   4.8499642415602264E-014
          20          13   5.0067676029883247E-014
          20          14  -4.4445694675011472E-014
          20          15  -1.9810719836763161E-014
          20          16   2.4421189846319693E-014
          20          17  -1.1030345353969328E-013
          20          18   2.6696784090866253E-004
          20          19   3.0821129047691248E-007
          20          20   2.6676091304470050E-004
          20          21  -1.2850747934889478E-006
          20          22   1.8763651892198404E-006
          20          23   2.6037535958003233E-004
          20          24   3.0850348490725813E-004
          20          25  -1.0086349353343249E-006
          20          26   3.0918066483890934E-004
          20          27   4.2054579168292563E-006
          20          28  -6.1404749679828507E-006
          20          29   3.3007761329081030E-004
          20          30   1.5751791708476088E-015
          20          31  -3.0139030210568795E-014
          20          32  -4.0019670441675202E-017
          20          33  -4.6598833061853725E-014
          20          34  -1.5949254165169938E-014
          20          35  -4.1543005953610107E-015
          20          36  -9.4192395386930315E-015
          20          37  -6.8936078196507271E-015
          20          38  -2.3136457362764301E-014
          20          39  -4.8723617280376430E-014
          21           1   1.3020569280068733E-004
          21           2  -8.7320959624474851E-005
          21           3  -4.1635820778345778E-004
          21           4  -4.5083764028406000E-005
