           1           1   2.1398554198848911     
           1           2 -0.26804814195302273     
           1           3 -0.35588604838417498     
           1           4 -0.17480280538636342     
           1           5  -5.4372278725784082E-002
           1           6  -4.6613591550146988E-014
           1           7   1.3881053048316383E-013
           1           8  -2.2631717898558610E-014
           1           9  -4.3724044158168850E-015
           1          10  -3.5983345822674600E-014
           1          11  -4.9165851204592225E-015
           1          12   5.9104633564114769E-015
           1          13  -3.4858153321793605E-014
           1          14   1.7588002439903349E-014
           1          15  -3.6651782797226655E-016
           1          16   2.4278299654944669E-015
           1          17  -2.6931832888868032E-015
           1          18  0.15445720815358763     
           1          19  -3.5310986552717996E-015
           1          20  0.15445720815360381     
           1          21  -3.6537730782619616E-015
           1          22  -2.0223386608854170E-015
           1          23  0.15445720815360256     
           1          24   5.0604365277640263E-002
           1          25   5.2450438338913237E-015
           1          26   5.0604365277646966E-002
           1          27   3.4102874504509856E-015
           1          28  -1.6852745861386279E-015
           1          29   5.0604365277642033E-002
           1          30  -6.4177766544792821E-015
           1          31   5.8723871176110480E-015
           1          32   9.6581722964398775E-016
           1          33   4.0967093915334967E-014
           1          34  -1.1069258356961458E-014
           1          35  -6.6421744229588228E-016
           1          36   1.9963464765214587E-015
           1          37   3.8940099764822380E-016
           1          38   1.3790307385273737E-014
           1          39  -5.6378370920606702E-015
           2           1 -0.26804814195302273     
           2           2  0.51214965021411774     
           2           3  0.64262455633068383     
           2           4  0.25955275204255746     
           2           5  0.10816725413302258     
           2           6   4.1690255338349184E-014
           2           7  -2.7628088107523090E-013
           2           8   4.5359834124221043E-014
           2           9   1.9329074165129250E-014
           2          10   8.4509917445574533E-014
           2          11  -1.8699828185988434E-014
           2          12   1.2805821339025783E-014
           2          13   1.0897788673043124E-013
           2          14  -4.1779202876038427E-015
           2          15   7.8513083078735166E-016
           2          16  -1.4110918595927974E-014
           2          17  -5.6009032863244022E-015
           2          18 -0.46249370598961631     
           2          19  -3.0601631939842566E-015
           2          20 -0.46249370598962741     
           2          21  -1.8541080369198764E-015
           2          22   1.0789639820191577E-014
           2          23 -0.46249370598963235     
           2          24  -9.6000214834707456E-002
           2          25   2.8854273575905704E-015
           2          26  -9.6000214834712258E-002
           2          27   7.4942970233543502E-016
           2          28   1.9300113998839610E-015
           2          29  -9.6000214834705486E-002
           2          30  -1.4563378196613740E-014
           2          31  -3.4496396107245025E-014
           2          32  -7.7162258906779511E-016
           2          33  -8.9517073939684140E-014
           2          34   4.2797389855135916E-015
           2          35   2.8362534164087601E-015
           2          36   2.0467062068210787E-015
           2          37  -2.7019205606419074E-015
           2          38  -3.8785924612700850E-014
           2          39   9.9991570668943038E-015
           3           1 -0.35588604838417498     
           3           2  0.64262455633068383     
           3           3   1.0088437531217953     
           3           4  0.37206917976189169     
           3           5  0.11920777309313439     
           3           6   1.1777674100803291E-013
           3           7  -3.9613387718423025E-013
           3           8   6.5933921892615915E-014
           3           9   1.7082712089447240E-014
           3          10   7.6554095828374027E-014
           3          11  -1.2537438687921855E-014
           3          12  -2.6697500484343359E-014
           3          13   1.2723735167338121E-013
           3          14   1.0509524489520413E-014
           3          15   1.0359168850938646E-014
           3          16  -1.8742907948275392E-014
           3          17  -1.2272207068286395E-014
           3          18 -0.37874362273011192     
           3          19   2.7231497431164448E-015
           3          20 -0.37874362273011603     
           3          21  -3.8239829818572694E-015
           3          22   6.4480107432485492E-015
           3          23 -0.37874362273013074     
           3          24 -0.11030962330982162     
           3          25   7.7047540471554327E-015
           3          26 -0.11030962330982950     
           3          27   7.9692982606704383E-017
           3          28   8.0835281266189841E-016
           3          29 -0.11030962330981553     
           3          30   7.0411003506406528E-015
           3          31  -3.9087260834581663E-014
           3          32   9.6104721705913946E-015
           3          33  -1.0438601631291967E-013
           3          34  -8.2181093476867173E-016
           3          35   5.6861282599823140E-015
           3          36  -2.4320082223153006E-015
           3          37   5.6630681621142990E-015
           3          38  -4.3105005057297021E-014
           3          39   2.5635789763955982E-015
           4           1 -0.17480280538636342     
           4           2  0.25955275204255746     
           4           3  0.37206917976189169     
           4           4  0.14276249566080917     
           4           5   5.1023261822851287E-002
           4           6   7.5788876325484538E-014
           4           7  -1.6267009926712349E-013
           4           8   1.2643980760946194E-014
           4           9  -7.0170574997418175E-014
           4          10   8.2903995783378384E-014
           4          11  -5.1432965187331876E-015
           4          12  -6.6497545616482707E-014
           4          13   8.8441754336336918E-014
           4          14   4.4502918063474782E-015
           4          15   1.0175925401027916E-014
           4          16  -1.1615906644122764E-014
           4          17  -4.3503154193436457E-015
           4          18 -0.18703155815962899     
           4          19   3.0328194157871789E-017
           4          20 -0.18703155815963254     
           4          21  -1.2004134124278572E-015
           4          22   3.7929647529748820E-015
           4          23 -0.18703155815963690     
           4          24  -4.6350391569233630E-002
           4          25   2.2745899881706013E-015
           4          26  -4.6350391569236565E-002
           4          27   1.1843349653584323E-016
           4          28   6.2284242608443559E-016
           4          29  -4.6350391569231861E-002
           4          30   5.1252031930876552E-014
           4          31  -2.9770235724392836E-014
           4          32   2.5543343253465851E-014
           4          33  -7.3540966726578757E-014
           4          34  -2.0281047403081156E-016
           4          35   1.9070440215003673E-015
           4          36  -1.2687968817943614E-015
           4          37   2.4245563710843996E-014
           4          38  -3.1731696338133456E-014
           4          39   3.0875759774561574E-016
           5           1  -5.4372278725784082E-002
           5           2  0.10816725413302258     
           5           3  0.11920777309313439     
           5           4   5.1023261822851287E-002
           5           5   2.4192435087118321E-002
           5           6   2.3290852789884489E-014
           5           7  -3.3844097051882389E-014
           5           8   6.8292344649211762E-016
           5           9   1.4494521208018680E-014
           5          10  -2.7313319532594020E-014
           5          11   1.4722611142463379E-015
           5          12   9.9052239376635081E-015
           5          13  -1.3947517346059867E-014
           5          14   3.7756885568865513E-015
           5          15  -1.0016594645829197E-015
           5          16   1.6745771376429150E-015
           5          17  -1.4867489436498034E-015
           5          18 -0.11414207712940393     
           5          19  -1.1830339634021623E-015
           5          20 -0.11414207712940708     
           5          21  -2.7099666530990921E-016
           5          22   2.8580346196320354E-015
           5          23 -0.11414207712940741     
           5          24  -2.1102671164355432E-002
           5          25   2.7861316665436983E-016
           5          26  -2.1102671164356292E-002
           5          27   2.2967826192527458E-016
           5          28   5.3893774937870168E-016
           5          29  -2.1102671164355311E-002
           5          30  -8.7100036296534290E-015
           5          31   6.4902361701864183E-015
           5          32  -2.6199163108408039E-015
           5          33   1.2022820487501419E-014
           5          34  -7.6876564931433715E-016
           5          35   4.2585331269997974E-016
           5          36  -1.3337011248284481E-015
           5          37  -2.9037545736600155E-015
           5          38   5.4748592434371507E-015
           5          39  -1.9369755328048701E-015
           6           1  -4.6613591550146988E-014
           6           2   4.1690255338349184E-014
           6           3   1.1777674100803291E-013
           6           4   7.5788876325484538E-014
           6           5   2.3290852789884489E-014
           6           6   2.7429484793436258     
           6           7  -3.3653635433950058E-015
           6           8   7.7993167479917247E-015
           6           9  -1.5304238165782995     
           6          10  -1.8041124150158794E-015
           6          11   1.6042722705833512E-014
           6          12  -1.5684080181696241     
           6          13   3.0114799542957371E-014
           6          14  -1.4027667916138853E-013
           6          15  0.19396366457373199     
           6          16  -1.3697376566312869E-014
           6          17   3.4618141686593162E-014
           6          18  -5.8247797819530697E-014
           6          19   4.3045574813458546E-014
           6          20   1.9211452617767594E-014
           6          21   2.2780104224426067E-014
           6          22  -2.3173074361728087E-014
           6          23  -2.7615541271533359E-014
           6          24  -1.5558733054495183E-014
           6          25   6.2407743654955418E-015
           6          26  -1.5045674821580327E-014
           6          27   7.7603930477047935E-015
           6          28  -1.2532559990255713E-015
           6          29  -3.2520162133605041E-014
           6          30   1.2720928415814416     
           6          31  -8.9997453933676752E-015
           6          32  0.56889721349339795     
           6          33  -7.0637939941775585E-015
           6          34   2.6478819137309983E-014
           6          35   1.0118767819877810E-015
           6          36   3.4777736246383029E-014
           6          37  0.56889721349338895     
           6          38  -8.1670781248988078E-015
           6          39   7.2775119264179011E-014
           7           1   1.3881053048316383E-013
           7           2  -2.7628088107523090E-013
           7           3  -3.9613387718423025E-013
           7           4  -1.6267009926712349E-013
           7           5  -3.3844097051882389E-014
           7           6  -3.3653635433950058E-015
           7           7   2.7429484793436267     
           7           8   3.5874081483200371E-015
           7           9   1.4543921622589551E-014
           7          10  -1.5304238165783031     
           7          11   2.8838043064638441E-014
           7          12   1.1768364061026659E-014
           7          13  -1.5684080181696582     
           7          14  -1.5631940186722204E-013
           7          15   7.1435912740724916E-015
           7          16  0.19396366457374475     
           7          17   2.8640284588377085E-014
           7          18   1.3236831859731274E-013
           7          19  -4.0716186300231778E-014
           7          20   5.8060017853915258E-014
           7          21   7.3042015827896886E-015
           7          22  -2.8157139423225618E-014
           7          23   8.6929457601899601E-014
           7          24   2.3867635659097401E-014
           7          25   7.9092057847016005E-015
           7          26   4.3592426805485668E-014
           7          27  -4.9712502327063140E-015
           7          28   2.8135992705350874E-015
           7          29   4.2304211071137109E-014
           7          30  -1.5612511283791264E-014
           7          31  0.56889721349339406     
           7          32  -1.3655743202889425E-014
           7          33   1.2720928415814570     
           7          34   4.1841530240560587E-014
           7          35   6.6233579316556411E-016
           7          36   3.3958946765721976E-014
           7          37  -4.7392645363686370E-015
           7          38  0.56889721349341149     
           7          39   6.8139938136368983E-014
           8           1  -2.2631717898558610E-014
           8           2   4.5359834124221043E-014
           8           3   6.5933921892615915E-014
           8           4   1.2643980760946194E-014
           8           5   6.8292344649211762E-016
           8           6   7.7993167479917247E-015
           8           7   3.5874081483200371E-015
           8           8   2.7429484793436170     
           8           9  -2.1871393585115584E-014
           8          10  -1.4988010832439613E-015
           8          11  -1.5304238165782886     
           8          12  -1.8873791418627661E-015
           8          13   2.3148150063434514E-014
           8          14  -1.5684080181696169     
           8          15  -3.3376079677793768E-015
           8          16  -8.6632090390281746E-015
           8          17  0.19396366457373249     
           8          18  -4.1877475064871132E-014
           8          19   5.1586453604593359E-015
           8          20   6.2790600037843724E-015
           8          21  -3.4084504330184985E-015
           8          22   5.3102162494300266E-014
           8          23  -2.8611214941892734E-015
           8          24  -1.5764270188563781E-015
           8          25  -5.4869221280782402E-016
           8          26  -2.2769283313503311E-015
           8          27   1.5610330347375171E-015
           8          28   4.7786915156225778E-015
           8          29  -2.2285920119527374E-015
           8          30   9.1593399531575415E-015
           8          31  -2.1718737919229625E-015
           8          32   8.1878948066105295E-015
           8          33  -1.0505485370515544E-014
           8          34  0.56889721349339006     
           8          35  -1.9501544456098040E-015
           8          36  0.56889721349339195     
           8          37   3.0253577421035516E-015
           8          38  -6.7584826624056404E-015
           8          39   1.2720928415814299     
           9           1  -4.3724044158168850E-015
           9           2   1.9329074165129250E-014
           9           3   1.7082712089447240E-014
           9           4  -7.0170574997418175E-014
           9           5   1.4494521208018680E-014
           9           6  -1.5304238165782995     
           9           7   1.4543921622589551E-014
           9           8  -2.1871393585115584E-014
           9           9   3.3412265305122109     
           9          10   3.3306690738754696E-016
           9          11  -2.1316282072803006E-014
           9          12   2.6669380348980756     
           9          13  -2.6573188094403122E-013
           9          14   2.7577939931688888E-013
           9          15 -0.32320355600890194     
           9          16   7.2032657616460938E-014
           9          17  -7.4440453801116746E-014
           9          18   7.5293725919825338E-014
           9          19  -1.5069994001851507E-013
           9          20  -1.6714109864960817E-013
           9          21  -8.7637168563718739E-014
           9          22   8.9971327356024881E-014
           9          23  -9.2430627775782896E-015
           9          24  -1.4221999107623493E-014
           9          25  -1.2061841609995113E-014
           9          26  -1.1239470063894813E-014
           9          27  -2.1098755533662935E-014
           9          28   9.3521344974399917E-015
           9          29   4.0650250782774561E-014
           9          30  -2.2293733154315056     
           9          31   6.9694250370844202E-014
           9          32 -0.99700605610577719     
           9          33   1.1446399383885364E-013
           9          34  -5.0848214527832170E-014
           9          35  -3.1340520729841978E-015
           9          36  -6.3726801613483985E-014
           9          37 -0.99700605610576531     
           9          38   6.8556271770603416E-014
           9          39  -1.4765966227514582E-013
          10           1  -3.5983345822674600E-014
          10           2   8.4509917445574533E-014
          10           3   7.6554095828374027E-014
          10           4   8.2903995783378384E-014
          10           5  -2.7313319532594020E-014
          10           6  -1.8041124150158794E-015
          10           7  -1.5304238165783031     
          10           8  -1.4988010832439613E-015
          10           9   3.3306690738754696E-016
          10          10   3.3412265305121887     
          10          11  -1.2878587085651816E-014
          10          12   1.0169642905566434E-013
          10          13   2.6669380348981933     
          10          14   1.0386136395368339E-013
          10          15  -4.1307235409959731E-014
          10          16 -0.32320355600893957     
          10          17  -7.2580830234869609E-015
          10          18  -1.7440006818426353E-013
          10          19   1.2279850490790444E-013
          10          20   9.8451402000115678E-014
          10          21  -1.8981057044066102E-014
          10          22   8.4078012153339500E-014
          10          23  -5.4802261897723192E-015
          10          24   3.3109323539398859E-014
          10          25  -1.8740567002593636E-014
          10          26  -7.9611481516726264E-015
          10          27   8.4237195053735781E-015
          10          28  -1.0352304082925224E-014
          10          29  -1.3137978114848461E-014
          10          30  -3.1308289294429414E-014
          10          31 -0.99700605610579018     
          10          32  -2.4980018054066022E-016
          10          33  -2.2293733154315443     
          10          34  -4.9016346537200661E-014
          10          35  -8.5476265932110885E-015
          10          36  -2.7366997557010109E-014
          10          37  -2.2426505097428162E-014
          10          38 -0.99700605610582860     
          10          39  -2.2537527399890678E-014
          11           1  -4.9165851204592225E-015
          11           2  -1.8699828185988434E-014
          11           3  -1.2537438687921855E-014
          11           4  -5.1432965187331876E-015
          11           5   1.4722611142463379E-015
          11           6   1.6042722705833512E-014
          11           7   2.8838043064638441E-014
          11           8  -1.5304238165782886     
          11           9  -2.1316282072803006E-014
          11          10  -1.2878587085651816E-014
          11          11   3.3412265305121887     
          11          12  -4.4630965589931293E-014
          11          13  -8.0435658134092591E-014
          11          14   2.6669380348981111     
          11          15   1.6070478281449141E-014
          11          16   2.1850576903403862E-014
          11          17 -0.32320355600891082     
          11          18   9.1439555460072134E-014
          11          19  -2.2637612188702527E-014
          11          20  -5.2222732013806509E-014
          11          21   5.5191761802455107E-015
          11          22  -1.7496983232711852E-013
          11          23  -2.1452514195468626E-014
          11          24  -4.5587643356116362E-015
          11          25   5.0062744556353131E-015
          11          26   4.6070746628893049E-015
          11          27  -1.7460437071495091E-015
          11          28  -7.1788280032826493E-015
          11          29  -4.7153902237709013E-015
          11          30   2.1649348980190553E-014
          11          31   1.6903145549918008E-014
          11          32   2.3869795029440866E-015
          11          33   4.2910119901762300E-014
          11          34 -0.99700605610577808     
          11          35   5.0307431846621100E-015
          11          36 -0.99700605610578541     
          11          37   8.3821838359199319E-015
          11          38   2.4785729024756620E-014
          11          39  -2.2293733154315096     
          12           1   5.9104633564114769E-015
          12           2   1.2805821339025783E-014
          12           3  -2.6697500484343359E-014
          12           4  -6.6497545616482707E-014
          12           5   9.9052239376635081E-015
          12           6  -1.5684080181696241     
          12           7   1.1768364061026659E-014
          12           8  -1.8873791418627661E-015
          12           9   2.6669380348980756     
          12          10   1.0169642905566434E-013
          12          11  -4.4630965589931293E-014
          12          12   2.1876390950614355     
          12          13  -1.2384537839693621E-013
          12          14   2.0072832285222830E-013
          12          15 -0.26577851240126737     
          12          16   4.5484449540111882E-014
          12          17  -5.6857296648615829E-014
          12          18   3.2333016482528305E-014
          12          19  -1.1587429166500899E-013
          12          20  -1.5547154433640676E-013
          12          21  -6.7002285013923992E-014
          12          22   6.8750538244220003E-014
          12          23  -3.3769519358588648E-014
          12          24  -1.0046116688869359E-014
          12          25  -9.7492636040367049E-015
          12          26  -7.9846781329105163E-015
          12          27  -1.6517483314622945E-014
          12          28   6.9500582453292282E-015
          12          29   3.2364308325854365E-014
          12          30  -1.8220909275583466     
          12          31   2.4119595209981526E-014
          12          32 -0.81486383504121584     
          12          33   2.1926904736346842E-014
          12          34  -3.3029134982598407E-014
          12          35  -2.4296133607776487E-015
          12          36  -4.3742787170231168E-014
          12          37 -0.81486383504120585     
          12          38   2.3203661214665772E-014
          12          39  -1.0047518372857667E-013
          13           1  -3.4858153321793605E-014
          13           2   1.0897788673043124E-013
          13           3   1.2723735167338121E-013
          13           4   8.8441754336336918E-014
          13           5  -1.3947517346059867E-014
          13           6   3.0114799542957371E-014
          13           7  -1.5684080181696582     
          13           8   2.3148150063434514E-014
          13           9  -2.6573188094403122E-013
          13          10   2.6669380348981933     
          13          11  -8.0435658134092591E-014
          13          12  -1.2384537839693621E-013
          13          13   2.1876390950616265     
          13          14   4.9349413444588208E-014
          13          15  -7.5078832040276211E-015
          13          16 -0.26577851240130879     
          13          17  -3.8094527532450684E-015
          13          18  -1.4638766994204674E-013
          13          19   9.5378712923114844E-014
          13          20   6.2793535024469636E-014
          13          21  -1.4914427438911032E-014
          13          22   6.5351624660937925E-014
          13          23  -1.6981427072361992E-014
          13          24   1.9755850300008323E-014
          13          25  -1.4843944280004903E-014
          13          26  -1.3181283071684595E-014
          13          27   6.9127602609948963E-015
          13          28  -7.9356039534680123E-015
          13          29  -1.6691809331383006E-014
          13          30   1.4482859356235167E-013
          13          31 -0.81486383504126259     
          13          32   7.5828232581898192E-014
          13          33  -1.8220909275584609     
          13          34  -2.3009372185356369E-014
          13          35  -6.2701274455037844E-015
          13          36  -6.0507154842071031E-015
          13          37   5.8342219944051976E-014
          13          38 -0.81486383504129301     
          13          39   1.5709655798445965E-014
          14           1   1.7588002439903349E-014
          14           2  -4.1779202876038427E-015
          14           3   1.0509524489520413E-014
          14           4   4.4502918063474782E-015
          14           5   3.7756885568865513E-015
          14           6  -1.4027667916138853E-013
          14           7  -1.5631940186722204E-013
          14           8  -1.5684080181696169     
          14           9   2.7577939931688888E-013
          14          10   1.0386136395368339E-013
          14          11   2.6669380348981111     
          14          12   2.0072832285222830E-013
          14          13   4.9349413444588208E-014
          14          14   2.1876390950614972     
          14          15  -1.6098233857064770E-014
          14          16   3.4902636336653359E-015
          14          17 -0.26577851240127837     
          14          18   6.6080527495814447E-014
          14          19  -1.7184138437786042E-014
          14          20  -4.5592035146601725E-014
          14          21   4.5549052482529434E-015
          14          22  -1.3506625267436383E-013
          14          23  -2.1872960724839601E-014
          14          24  -5.7126803995245412E-015
          14          25   3.6996692878099965E-015
          14          26   1.0092837981346420E-015
          14          27  -1.5229832251235431E-015
          14          28  -5.9832454863315045E-015
          14          29  -5.7147381144383766E-015
          14          30  -1.7996715229173788E-013
          14          31  -2.7977620220553945E-014
          14          32  -8.6541884769530952E-014
          14          33  -5.8009153036664429E-014
          14          34 -0.81486383504122961     
          14          35   3.9553428560966724E-015
          14          36 -0.81486383504123516     
          14          37  -8.1379347705023974E-014
          14          38  -2.1510571102112408E-014
          14          39  -1.8220909275583792     
          15           1  -3.6651782797226655E-016
          15           2   7.8513083078735166E-016
          15           3   1.0359168850938646E-014
          15           4   1.0175925401027916E-014
          15           5  -1.0016594645829197E-015
          15           6  0.19396366457373199     
          15           7   7.1435912740724916E-015
          15           8  -3.3376079677793768E-015
          15           9 -0.32320355600890194     
          15          10  -4.1307235409959731E-014
          15          11   1.6070478281449141E-014
          15          12 -0.26577851240126737     
          15          13  -7.5078832040276211E-015
          15          14  -1.6098233857064770E-014
          15          15   3.2296914003640292E-002
          15          16  -2.7798943702528334E-015
          15          17   5.8945903713691905E-015
          15          18  -2.0015617505177048E-015
          15          19   1.3993195695372477E-014
          15          20   2.0694304437762869E-014
          15          21   8.0868668500768881E-015
          15          22  -8.2974478177174503E-015
          15          23   5.9939288226061592E-015
          15          24   9.6084457577135570E-016
          15          25   1.1828673606278669E-015
          15          26   7.1460069529445366E-016
          15          27   1.9981107337186441E-015
          15          28  -8.3649774018815289E-016
          15          29  -4.1632642481725104E-015
          15          30  0.22129542339064823     
          15          31   5.5094817597023393E-015
          15          32   9.8966321962216636E-002
          15          33   1.6195378371719471E-014
          15          34   9.0899510141184692E-016
          15          35   2.9363536847297741E-016
          15          36   2.2135071553464059E-015
          15          37   9.8966321962215414E-002
          15          38   5.6239735091168086E-015
          15          39   5.2735593669694936E-015
          16           1   2.4278299654944669E-015
          16           2  -1.4110918595927974E-014
          16           3  -1.8742907948275392E-014
          16           4  -1.1615906644122764E-014
          16           5   1.6745771376429150E-015
          16           6  -1.3697376566312869E-014
          16           7  0.19396366457374475     
          16           8  -8.6632090390281746E-015
          16           9   7.2032657616460938E-014
          16          10 -0.32320355600893957     
          16          11   2.1850576903403862E-014
          16          12   4.5484449540111882E-014
          16          13 -0.26577851240130879     
          16          14   3.4902636336653359E-015
          16          15  -2.7798943702528334E-015
          16          16   3.2296914003647530E-002
          16          17  -6.6439909129911712E-016
          16          18   1.6272945558295132E-014
          16          19  -1.1529265228036731E-014
          16          20  -8.9809919507654519E-015
          16          21   1.8048167787535238E-015
          16          22  -7.9001736694367013E-015
          16          23   6.5116501893660110E-016
          16          24  -2.3405414811292813E-015
          16          25   1.7976373554039952E-015
          16          26   1.6528156083507099E-015
          16          27  -8.3987042105142389E-016
          16          28   9.5803474810654809E-016
          16          29   2.0712816647932172E-015
          16          30  -4.3159920082302961E-014
          16          31   9.8966321962229153E-002
          16          32  -2.0639739917172051E-014
          16          33  0.22129542339067756     
          16          34  -7.9450335199737765E-016
          16          35   7.5367389853005006E-016
          16          36  -2.8484159475539172E-015
          16          37  -1.8523377276480346E-014
          16          38   9.8966321962232859E-002
          16          39  -9.8809849191638932E-015
          17           1  -2.6931832888868032E-015
          17           2  -5.6009032863244022E-015
          17           3  -1.2272207068286395E-014
          17           4  -4.3503154193436457E-015
          17           5  -1.4867489436498034E-015
          17           6   3.4618141686593162E-014
          17           7   2.8640284588377085E-014
          17           8  0.19396366457373249     
          17           9  -7.4440453801116746E-014
          17          10  -7.2580830234869609E-015
          17          11 -0.32320355600891082     
          17          12  -5.6857296648615829E-014
          17          13  -3.8094527532450684E-015
          17          14 -0.26577851240127837     
          17          15   5.8945903713691905E-015
          17          16  -6.6439909129911712E-016
          17          17   3.2296914003642055E-002
          17          18  -5.6376879295960305E-015
          17          19   2.0726029913920500E-015
          17          20   7.8621814515748023E-015
          17          21  -5.5368162000194697E-016
          17          22   1.6317030897233195E-014
          17          23   4.9971275528073939E-015
          17          24   1.6720332630478886E-015
          17          25  -4.4503619594203691E-016
          17          26   8.6406844288515033E-016
          17          27   1.8601901782526647E-016
          17          28   7.2794287684108818E-016
          17          29   1.6709036115347762E-015
          17          30   4.9044102112816290E-014
          17          31   2.4667767828390197E-015
          17          32   2.2655488596257101E-014
          17          33   4.9682480351975755E-015
          17          34   9.8966321962219633E-002
          17          35  -4.7866942131234688E-016
          17          36   9.8966321962220299E-002
          17          37   2.2024049251001543E-014
          17          38   1.6896206656014101E-015
          17          39  0.22129542339065525     
          18           1  0.15445720815358763     
          18           2 -0.46249370598961631     
          18           3 -0.37874362273011192     
          18           4 -0.18703155815962899     
          18           5 -0.11414207712940393     
          18           6  -5.8247797819530697E-014
          18           7   1.3236831859731274E-013
          18           8  -4.1877475064871132E-014
          18           9   7.5293725919825338E-014
          18          10  -1.7440006818426353E-013
          18          11   9.1439555460072134E-014
          18          12   3.2333016482528305E-014
          18          13  -1.4638766994204674E-013
          18          14   6.6080527495814447E-014
          18          15  -2.0015617505177048E-015
          18          16   1.6272945558295132E-014
          18          17  -5.6376879295960305E-015
          18          18  0.62062557387878559     
          18          19   9.4497102588121224E-015
          18          20  0.62062557387880501     
          18          21   3.4635860437921920E-016
          18          22  -1.6901643180850294E-014
          18          23  0.62062557387880113     
          18          24   9.6747676013179393E-002
          18          25   1.2159406545924962E-015
          18          26   9.6747676013181738E-002
          18          27  -1.6603483824078464E-015
          18          28  -3.3204812592523642E-015
          18          29   9.6747676013181100E-002
          18          30  -3.3002141047797250E-014
          18          31   5.0710039708282246E-014
          18          32  -2.0913535382158374E-014
          18          33   1.2240511515455773E-013
          18          34  -2.7517218715191894E-014
          18          35  -4.7870121176342879E-016
          18          36  -2.4724175451176215E-014
          18          37  -2.0629585424285937E-014
          18          38   5.5743990419458711E-014
          18          39  -5.8745764398526958E-014
          19           1  -3.5310986552717996E-015
          19           2  -3.0601631939842566E-015
          19           3   2.7231497431164448E-015
          19           4   3.0328194157871789E-017
          19           5  -1.1830339634021623E-015
          19           6   4.3045574813458546E-014
          19           7  -4.0716186300231778E-014
          19           8   5.1586453604593359E-015
          19           9  -1.5069994001851507E-013
          19          10   1.2279850490790444E-013
          19          11  -2.2637612188702527E-014
          19          12  -1.1587429166500899E-013
          19          13   9.5378712923114844E-014
          19          14  -1.7184138437786042E-014
          19          15   1.3993195695372477E-014
          19          16  -1.1529265228036731E-014
          19          17   2.0726029913920500E-015
          19          18   9.4497102588121224E-015
          19          19   1.2166692515743798E-026
          19          20   9.4497102588352771E-015
          19          21   3.4035841926841230E-027
          19          22  -1.6508819454376909E-028
          19          23   9.4497102588234094E-015
          19          24   8.9946631443208767E-016
          19          25  -9.8325017129041388E-029
          19          26   8.9946631443031490E-016
          19          27   1.2461123411698465E-027
          19          28  -8.7262056537729046E-028
          19          29   8.9946631442788915E-016
          19          30   9.7358843701164350E-014
          19          31  -3.5788914061313341E-014
          19          32   4.3540198545316148E-014
          19          33  -8.0026444681993802E-014
          19          34   6.4685936810760416E-015
          19          35  -1.7744267807800293E-028
          19          36   6.4685936810774836E-015
          19          37   4.3540198545314766E-014
          19          38  -3.5788914061314704E-014
          19          39   1.4464215189716732E-014
          20           1  0.15445720815360381     
          20           2 -0.46249370598962741     
          20           3 -0.37874362273011603     
          20           4 -0.18703155815963254     
          20           5 -0.11414207712940708     
          20           6   1.9211452617767594E-014
          20           7   5.8060017853915258E-014
          20           8   6.2790600037843724E-015
          20           9  -1.6714109864960817E-013
          20          10   9.8451402000115678E-014
          20          11  -5.2222732013806509E-014
          20          12  -1.5547154433640676E-013
          20          13   6.2793535024469636E-014
          20          14  -4.5592035146601725E-014
          20          15   2.0694304437762869E-014
          20          16  -8.9809919507654519E-015
          20          17   7.8621814515748023E-015
          20          18  0.62062557387880501     
          20          19   9.4497102588352771E-015
          20          20  0.62062557387882455     
          20          21   3.4635860438398939E-016
          20          22  -1.6901643180842803E-014
          20          23  0.62062557387882067     
          20          24   9.6747676013181988E-002
          20          25   1.2159406545917598E-015
          20          26   9.6747676013184319E-002
          20          27  -1.6603483824055924E-015
          20          28  -3.3204812592538161E-015
          20          29   9.6747676013183681E-002
          20          30   1.2463056358184891E-013
          20          31  -2.7922741185296530E-014
          20          32   4.9581953223649132E-014
          20          33  -5.3423128183330005E-014
          20          34   1.4381044346403287E-014
          20          35  -4.7870121176414438E-016
          20          36   1.7174087610422178E-014
          20          37   4.9865903181518641E-014
          20          38  -2.2888790474123277E-014
          20          39   3.4941599946379568E-014
          21           1  -3.6537730782619616E-015
          21           2  -1.8541080369198764E-015
          21           3  -3.8239829818572694E-015
          21           4  -1.2004134124278572E-015
