           1           1   2.0553773376837841     
           1           2 -0.13578307064984055     
           1           3 -0.29836383172037867     
           1           4 -0.14061580637593224     
           1           5  -2.1800022426536181E-014
           1           6   2.4867486150552384E-014
           1           7  -6.4658808707925088E-014
           1           8  -9.9166452257246137E-015
           1           9   1.2378605807400490E-014
           1          10  -2.9889838123934684E-014
           1          11   1.1489033017308147E-014
           1          12   7.9716913348280825E-015
           1          13   3.1771275951226671E-014
           1          14   5.0487052232213919E-002
           1          15  -1.9614093032098629E-004
           1          16   4.9989906764061912E-002
           1          17   1.2095273409168618E-005
           1          18   3.9137728759950323E-005
           1          19   5.0537457220877297E-002
           1          20   2.8785352384860682E-002
           1          21  -1.6513710303807860E-004
           1          22   2.8366790279181167E-002
           1          23   1.0183384183731276E-005
           1          24   3.2951261831103921E-005
           1          25   2.8827789901289147E-002
           1          26  -5.0543796285021353E-015
           1          27  -2.3197346089374775E-014
           1          28  -1.6714788707536820E-015
           1          29  -1.3761378891193306E-015
           1          30   2.4585358782467410E-014
           1          31  -1.1382879118417533E-014
           1          32   1.5380305525370283E-014
           1          33   1.2541807687399735E-014
           1          34   6.6763177534758040E-015
           1          35   3.3335315628415398E-014
           2           1 -0.13578307064984055     
           2           2   6.0382970453558657E-002
           2           3  0.18019860518827657     
           2           4  0.12153478946815230     
           2           5   7.0016012642589596E-016
           2           6  -2.7684764713829696E-015
           2           7   1.3556433343011050E-015
           2           8   4.0916677458450153E-016
           2           9  -1.7936251005311121E-015
           2          10   9.5995661241104108E-016
           2          11  -6.2240385705772296E-015
           2          12  -6.8735476399067934E-016
           2          13  -1.2306404278570011E-015
           2          14  -1.3456144310016031E-003
           2          15   1.4580438084240999E-004
           2          16  -9.7605366044371345E-004
           2          17  -8.9912070017248390E-006
           2          18  -2.9093633109519536E-005
           2          19  -1.3830837525166534E-003
           2          20   4.8113576638795057E-003
           2          21   4.9016869951832524E-004
           2          22   6.0537558798386855E-003
           2          23  -3.0226860390361555E-005
           2          24  -9.7807681416422739E-005
           2          25   4.6853923807415815E-003
           2          26  -2.8532683940837303E-016
           2          27   1.0344214409357197E-015
           2          28   6.1577338800073402E-016
           2          29   3.0223825423506665E-016
           2          30  -8.9659493314191440E-016
           2          31   9.3610341863729893E-016
           2          32  -1.2224841953556165E-015
           2          33  -5.1199128232306168E-016
           2          34   2.5068596053048315E-017
           2          35  -8.3456757750049828E-016
           3           1 -0.29836383172037867     
           3           2  0.18019860518827657     
           3           3  0.54487918041146588     
           3           4  0.36960788139428968     
           3           5   2.4367078884588952E-015
           3           6  -6.3775826157199548E-015
           3           7   2.4960521602899281E-015
           3           8   2.1371678287493158E-015
           3           9  -3.7945489373948660E-015
           3          10   3.5048079566871280E-015
           3          11  -1.7863778748366773E-014
           3          12  -1.4595248304973319E-015
           3          13  -2.0118318685533457E-015
           3          14  -1.1597538635136125E-003
           3          15   5.2945287347999637E-004
           3          16   1.8221548549784321E-004
           3          17  -3.2649364907751929E-005
           3          18  -1.0564639811349013E-004
           3          19  -1.2958145228393139E-003
           3          20   1.6321275056879164E-002
           3          21   2.1470553748003003E-003
           3          22   2.1763274351104200E-002
           3          23  -1.3240083353685084E-004
           3          24  -4.2842088587779093E-004
           3          25   1.5769517173536505E-002
           3          26  -1.0443392685638738E-015
           3          27   1.7904245242425563E-015
           3          28   1.8702774736911580E-015
           3          29   8.7748110330047275E-016
           3          30  -1.2693154156472477E-015
           3          31   2.1829835229914528E-015
           3          32  -2.7252255574480471E-015
           3          33  -8.1061267726123585E-016
           3          34   4.4405111525488982E-016
           3          35  -5.2195946139867721E-016
           4           1 -0.14061580637593224     
           4           2  0.12153478946815230     
           4           3  0.36960788139428968     
           4           4  0.25703270284539281     
           4           5  -3.7242257081756820E-015
           4           6  -7.0694678610033100E-015
           4           7  -6.2348871251257148E-015
           4           8  -3.2443053433420661E-015
           4           9  -6.6165670637053103E-015
           4          10  -4.7255840243767634E-015
           4          11  -1.4638239908441991E-014
           4          12  -1.8884881486532484E-015
           4          13  -2.5556632708806433E-017
           4          14   9.7163615998784481E-004
           4          15   1.3236207631974969E-004
           4          16   1.3071256392660426E-003
           4          17  -8.1622698071908992E-006
           4          18  -2.6411371349183800E-005
           4          19   9.3762129321060697E-004
           4          20   1.3591139501338372E-002
           4          21  -1.9163254552384112E-004
           4          22   1.3105421354340918E-002
           4          23   1.1817263833572731E-005
           4          24   3.8238132640314865E-005
           4          25   1.3640385933735868E-002
           4          26  -1.3096870860040313E-015
           4          27   5.2531306515791121E-016
           4          28   1.1266749224365895E-015
           4          29   5.0148389288041486E-016
           4          30  -1.6845596751369671E-016
           4          31   1.2678280376829332E-015
           4          32  -1.8073269535499773E-015
           4          33  -2.2479928560294247E-016
           4          34   6.1981886493287443E-016
           4          35   5.9194239270713592E-016
           5           1  -2.1800022426536181E-014
           5           2   7.0016012642589596E-016
           5           3   2.4367078884588952E-015
           5           4  -3.7242257081756820E-015
           5           5   1.8810104168548003E-002
           5           6   6.0865490323129427E-002
           5           7  -3.7533458939177618E-003
           5           8   2.0569710522884158E-002
           5           9   6.6559201185209152E-002
           5          10  -4.1044556635780856E-003
           5          11   7.7219342878184745E-003
           5          12   2.4986530542209541E-002
           5          13  -1.5408256412340912E-003
           5          14  -4.9001995948238934E-016
           5          15   4.0836279855208592E-016
           5          16  -2.8967327494812745E-016
           5          17   7.6787339083755596E-017
           5          18   2.5536847475839530E-016
           5          19  -7.4698412566992909E-016
           5          20  -6.7135383547142796E-016
           5          21   2.8926830579996851E-015
           5          22   1.7525519536324024E-015
           5          23   7.6357452978163509E-016
           5          24   2.5250327113255331E-015
           5          25  -2.0634388216527757E-015
           5          26   3.2665097909605309E-004
           5          27   5.0569819600013177E-004
           5          28   3.0118081326835854E-004
           5          29   1.4064396673049997E-003
           5          30  -3.1184505653284582E-005
           5          31  -1.1407075898382212E-005
           5          32  -6.0097262936379162E-005
           5          33   1.4159187336246348E-004
           5          34   4.5816115324412822E-004
           5          35  -6.2994589264652454E-005
           6           1   2.4867486150552384E-014
           6           2  -2.7684764713829696E-015
           6           3  -6.3775826157199548E-015
           6           4  -7.0694678610033100E-015
           6           5   6.0865490323129427E-002
           6           6  0.19694776164341304     
           6           7  -1.2145027807320413E-002
           6           8   6.6559201669579224E-002
           6           9  0.21537139716788134     
           6          10  -1.3281144231563813E-002
           6          11   2.4986534495483187E-002
           6          12   8.0851090419178068E-002
           6          13  -4.9857835616336525E-003
           6          14   1.0728931171942760E-015
           6          15   6.9616074446010332E-016
           6          16   1.3648291042811355E-016
           6          17   2.8702208591090000E-016
           6          18   9.5107250538899168E-016
           6          19   4.0208158735355323E-016
           6          20   2.6591436514517965E-015
           6          21   4.6884162732691702E-015
           6          22  -1.3386365584066601E-015
           6          23   2.7588500981914380E-015
           6          24   9.1026514710946576E-015
           6          25  -6.4479937040023919E-016
           6          26   1.0569729879782103E-003
           6          27   1.6363316427846228E-003
           6          28   9.7455695679502354E-004
           6          29   4.5509391757411928E-003
           6          30  -1.0090641763937046E-004
           6          31  -3.6910867770158658E-005
           6          32  -1.9446194146106681E-004
           6          33   4.5816114152025120E-004
           6          34   1.4825118983573873E-003
           6          35  -2.0383707229587280E-004
           7           1  -6.4658808707925088E-014
           7           2   1.3556433343011050E-015
           7           3   2.4960521602899281E-015
           7           4  -6.2348871251257148E-015
           7           5  -3.7533458939177618E-003
           7           6  -1.2145027807320413E-002
           7           7   7.4893819157816912E-004
           7           8  -4.1044556605506505E-003
           7           9  -1.3281144125117047E-002
           7          10   8.1899821891563143E-004
           7          11  -1.5408256165188225E-003
           7          12  -4.9857826928287703E-003
           7          13   3.0745452241775660E-004
           7          14  -1.9078216354704901E-015
           7          15   2.8830622785932134E-016
           7          16  -1.0105151039434303E-015
           7          17  -3.8125641145273814E-017
           7          18  -1.2474347222227138E-016
           7          19  -1.9515773681209007E-015
           7          20  -3.1677701748013559E-015
           7          21   2.0348869463957355E-015
           7          22   2.9692567623965822E-015
           7          23  -3.1344050441195205E-016
           7          24  -1.0250552806343096E-015
           7          25  -3.5612592190203893E-015
           7          26  -6.5179549254406287E-005
           7          27  -1.0090641872640039E-004
           7          28  -6.0097262549868521E-005
           7          29  -2.8063930444090522E-004
           7          30   6.2225193012658368E-006
           7          31   2.2761544062254979E-006
           7          32   1.1991736624995352E-005
           7          33  -2.8253074610067374E-005
           7          34  -9.1420933551066992E-005
           7          35   1.2569865686914515E-005
           8           1  -9.9166452257246137E-015
           8           2   4.0916677458450153E-016
           8           3   2.1371678287493158E-015
           8           4  -3.2443053433420661E-015
           8           5   2.0569710522884158E-002
           8           6   6.6559201669579224E-002
           8           7  -4.1044556605506505E-003
           8           8   2.2493920671780757E-002
           8           9   7.2785535303063920E-002
           8          10  -4.4884102765886374E-003
           8          11   8.4442888542185443E-003
           8          12   2.7323915679523230E-002
           8          13  -1.6849634176624116E-003
           8          14  -1.7713611133348088E-016
           8          15   4.1644422529607956E-016
           8          16  -3.4388985136613342E-017
           8          17   8.5827810402969028E-017
           8          18   2.8526707408262471E-016
           8          19  -4.5039805894835596E-016
           8          20  -2.6999930714127396E-016
           8          21   2.8470577433554693E-015
           8          22   1.5791414804834494E-015
           8          23   8.5450405128687692E-016
           8          24   2.8243378306414946E-015
           8          25  -1.7110437205507762E-015
           8          26   3.5720780819796814E-004
           8          27   5.5300414130935718E-004
           8          28   3.2935501518039631E-004
           8          29   1.5380061994945628E-003
           8          30  -3.4101685367584223E-005
           8          31  -1.2474160006759989E-005
           8          32  -6.5719109832787205E-005
           8          33   1.5483719927126643E-004
           8          34   5.0102020757655200E-004
           8          35  -6.8887468887521400E-005
           9           1   1.2378605807400490E-014
           9           2  -1.7936251005311121E-015
           9           3  -3.7945489373948660E-015
           9           4  -6.6165670637053103E-015
           9           5   6.6559201185209152E-002
           9           6  0.21537139716788134     
           9           7  -1.3281144125117047E-002
           9           8   7.2785535303063920E-002
           9           9  0.23551848637928724     
           9          10  -1.4523539466871174E-002
           9          11   2.7323919803765171E-002
           9          12   8.8414370190469563E-002
           9          13  -5.4521826634916148E-003
           9          14   7.9678732213990054E-016
           9          15   7.9915171475723414E-016
           9          16  -1.3123845667071707E-016
           9          17   3.1153661529235377E-016
           9          18   1.0324851944576493E-015
           9          19   5.3492725198819015E-017
           9          20   2.5542353238732723E-015
           9          21   5.3647392866731833E-015
           9          22  -1.2149331171886104E-015
           9          23   3.0022683147801327E-015
           9          24   9.9067276348507684E-015
           9          25  -1.1198733061591384E-015
           9          26   1.1558483695881644E-003
           9          27   1.7894035920784756E-003
           9          28   1.0657226650011163E-003
           9          29   4.9766604125211595E-003
           9          30  -1.1034578899934303E-004
           9          31  -4.0363724350069881E-005
           9          32  -2.1265303895292811E-004
           9          33   5.0102019110989020E-004
           9          34   1.6211946569128085E-003
           9          35  -2.2290517388289815E-004
          10           1  -2.9889838123934684E-014
          10           2   9.5995661241104108E-016
          10           3   3.5048079566871280E-015
          10           4  -4.7255840243767634E-015
          10           5  -4.1044556635780856E-003
          10           6  -1.3281144231563813E-002
          10           7   8.1899821891563143E-004
          10           8  -4.4884102765886374E-003
          10           9  -1.4523539466871174E-002
          10          10   8.9561206803134082E-004
          10          11  -1.6849633918779574E-003
          10          12  -5.4521817571122630E-003
          10          13   3.3621560375642436E-004
          10          14  -9.6293579637739156E-016
          10          15   2.9409187581301175E-016
          10          16  -3.5384169886287804E-017
          10          17  -4.0385785618326412E-017
          10          18  -1.3218563265319652E-016
          10          19  -1.0053407061447125E-015
          10          20  -2.5344579558167481E-015
          10          21   2.2058221658936394E-015
          10          22   4.1274397309393124E-015
          10          23  -3.4156399558121570E-016
          10          24  -1.1170698756487311E-015
          10          25  -2.9597656494299679E-015
          10          26  -7.1276822773045577E-005
          10          27  -1.1034579107246823E-004
          10          28  -6.5719109458594341E-005
          10          29  -3.0689193458073707E-004
          10          30   6.8046098893234893E-006
          10          31   2.4890791064446337E-006
          10          32   1.3113513301920411E-005
          10          33  -3.0896031267649023E-005
          10          34  -9.9972978533988076E-005
          10          35   1.3745723913342729E-005
          11           1   1.1489033017308147E-014
          11           2  -6.2240385705772296E-015
          11           3  -1.7863778748366773E-014
          11           4  -1.4638239908441991E-014
          11           5   7.7219342878184745E-003
          11           6   2.4986534495483187E-002
          11           7  -1.5408256165188225E-003
          11           8   8.4442888542185443E-003
          11           9   2.7323919803765171E-002
          11          10  -1.6849633918779574E-003
          11          11   3.1700127022735924E-003
          11          12   1.0257484232869363E-002
          11          13  -6.3254058797239854E-004
          11          14   1.0290749781592138E-016
          11          15   1.7759353589537325E-016
          11          16   2.1037915115635539E-016
          11          17   3.0909064811562541E-017
          11          18   1.0284815308263522E-016
          11          19  -5.1391286509250161E-018
          11          20  -8.2202913143379910E-016
          11          21   1.3925798676018308E-015
          11          22   6.9282155800217239E-016
          11          23   3.0081688968417302E-016
          11          24   9.9565758517656041E-016
          11          25  -1.4462092775510618E-015
          11          26   1.3409693923167659E-004
          11          27   2.0759950099111010E-004
          11          28   1.2364091277595075E-004
          11          29   5.7737238419285314E-004
          11          30  -1.2801880377430977E-005
          11          31  -4.6828390589537501E-006
          11          32  -2.4671161367007523E-005
          11          33   5.8126373570128796E-005
          11          34   1.8808456810664152E-004
          11          35  -2.5860573361583407E-005
          12           1   7.9716913348280825E-015
          12           2  -6.8735476399067934E-016
          12           3  -1.4595248304973319E-015
          12           4  -1.8884881486532484E-015
          12           5   2.4986530542209541E-002
          12           6   8.0851090419178068E-002
          12           7  -4.9857826928287703E-003
          12           8   2.7323915679523230E-002
          12           9   8.8414370190469563E-002
          12          10  -5.4521817571122630E-003
          12          11   1.0257484232869363E-002
          12          12   3.3191028765310847E-002
          12          13  -2.0467662805020567E-003
          12          14   4.1415475031181607E-016
          12          15   2.6804495032511000E-016
          12          16  -1.5233580701937899E-017
          12          17   1.1892260789447893E-016
          12          18   3.9397522129649992E-016
          12          19   1.4333261116448721E-016
          12          20   1.1839901755628267E-015
          12          21   1.8318891894351792E-015
          12          22  -6.9239888338940653E-016
          12          23   1.1382872113926749E-015
          12          24   3.7553424339173653E-015
          12          25  -1.4849759508918466E-016
          12          26   4.3390906252786668E-004
          12          27   6.7174765786918750E-004
          12          28   4.0007559352279001E-004
          12          29   1.8682537527703708E-003
          12          30  -4.1424151401158837E-005
          12          31  -1.5152667299355583E-005
          12          32  -7.9830610314953360E-005
          12          33   1.8808453353573096E-004
          12          34   6.0860150194862227E-004
          12          35  -8.3679293562183727E-005
          13           1   3.1771275951226671E-014
          13           2  -1.2306404278570011E-015
          13           3  -2.0118318685533457E-015
          13           4  -2.5556632708806433E-017
          13           5  -1.5408256412340912E-003
          13           6  -4.9857835616336525E-003
          13           7   3.0745452241775660E-004
          13           8  -1.6849634176624116E-003
          13           9  -5.4521826634916148E-003
          13          10   3.3621560375642436E-004
          13          11  -6.3254058797239854E-004
          13          12  -2.0467662805020567E-003
          13          13   1.2621640132403980E-004
          13          14   8.1009605181405055E-016
          13          15  -3.2608821702790929E-017
          13          16   7.9581918614011476E-016
          13          17  -6.3419493097741043E-018
          13          18  -2.1086491196465124E-017
          13          19   8.3092880297270596E-016
          13          20   5.6648588603391543E-016
          13          21  -2.0510446264674549E-016
          13          22   4.4865783859300768E-016
          13          23  -6.4512054703521863E-017
          13          24  -2.1319263342224731E-016
          13          25   6.7233354710925084E-016
          13          26  -2.6757544765062916E-005
          13          27  -4.1424159065833288E-005
          13          28  -2.4671161604069209E-005
          13          29  -1.1520820314519130E-004
          13          30   2.5544720799650656E-006
          13          31   9.3440817117428423E-007
          13          32   4.9228543803172452E-006
          13          33  -1.1598467882599450E-005
          13          34  -3.7530172422773367E-005
          13          35   5.1601882439484075E-006
          14           1   5.0487052232213919E-002
          14           2  -1.3456144310016031E-003
          14           3  -1.1597538635136125E-003
          14           4   9.7163615998784481E-004
          14           5  -4.9001995948238934E-016
          14           6   1.0728931171942760E-015
          14           7  -1.9078216354704901E-015
          14           8  -1.7713611133348088E-016
          14           9   7.9678732213990054E-016
          14          10  -9.6293579637739156E-016
          14          11   1.0290749781592138E-016
          14          12   4.1415475031181607E-016
          14          13   8.1009605181405055E-016
          14          14   1.3214228482084037E-003
          14          15  -6.1977082738434667E-006
          14          16   1.3057139271858953E-003
          14          17   3.8218938436155374E-007
          14          18   1.2366833711280323E-006
          14          19   1.3230155572831442E-003
          14          20   9.9918757718477362E-004
          14          21  -2.7140671799302563E-005
          14          22   9.3039591639274813E-004
          14          23   1.6736633464675880E-006
          14          24   5.4156175403241002E-006
          14          25   1.0061622836750788E-003
          14          26  -1.6760494828410861E-016
          14          27  -5.7639557766181388E-016
          14          28  -3.7407187939369801E-017
          14          29  -2.8189427840076827E-017
          14          30   6.4814753211788223E-016
          14          31  -2.6860022211432736E-016
          14          32   3.6247119386077553E-016
          14          33   3.3069379419051740E-016
          14          34   2.0208220800669738E-016
          14          35   8.8652753444608759E-016
          15           1  -1.9614093032098629E-004
          15           2   1.4580438084240999E-004
          15           3   5.2945287347999637E-004
          15           4   1.3236207631974969E-004
          15           5   4.0836279855208592E-016
          15           6   6.9616074446010332E-016
          15           7   2.8830622785932134E-016
          15           8   4.1644422529607956E-016
          15           9   7.9915171475723414E-016
          15          10   2.9409187581301175E-016
          15          11   1.7759353589537325E-016
          15          12   2.6804495032511000E-016
          15          13  -3.2608821702790929E-017
          15          14  -6.1977082738434667E-006
          15          15   1.3020301300139478E-005
          15          16   2.6803990472017159E-005
          15          17  -8.0291300214344886E-007
          15          18  -2.5980554868466830E-006
          15          19  -9.5437112811174686E-006
          15          20  -5.1457572226150923E-005
          15          21   9.1266352458398462E-005
          15          22   1.7986920640838876E-004
          15          23  -5.6280531319725165E-006
          15          24  -1.8211179927958694E-005
          15          25  -7.4911523473795481E-005
          15          26   2.8483091945451054E-017
          15          27   4.0933224721211073E-019
          15          28   1.6855515375368234E-017
          15          29   2.1864125824642430E-017
          15          30  -2.9485096941841779E-018
          15          31  -5.2448042647417078E-018
          15          32   1.8072813451971985E-017
          15          33   5.3343255296877048E-019
          15          34  -5.4478205077915880E-018
          15          35   2.6897512003584304E-019
          16           1   4.9989906764061912E-002
          16           2  -9.7605366044371345E-004
          16           3   1.8221548549784321E-004
          16           4   1.3071256392660426E-003
          16           5  -2.8967327494812745E-016
          16           6   1.3648291042811355E-016
          16           7  -1.0105151039434303E-015
          16           8  -3.4388985136613342E-017
          16           9  -1.3123845667071707E-016
          16          10  -3.5384169886287804E-017
          16          11   2.1037915115635539E-016
          16          12  -1.5233580701937899E-017
          16          13   7.9581918614011476E-016
          16          14   1.3057139271858953E-003
          16          15   2.6803990472017159E-005
          16          16   1.3736522348262803E-003
          16          17  -1.6529012333639199E-006
          16          18  -5.3484364756013203E-006
          16          19   1.2988257431765702E-003
          16          20   8.6876146733202216E-004
          16          21   2.0418613080264619E-004
          16          22   1.3862985313800632E-003
          16          23  -1.2591391636271355E-005
          16          24  -4.0743058804977909E-005
          16          25   8.1628899088628608E-004
          16          26  -1.0990596224703628E-016
          16          27  -5.9779856725786263E-016
          16          28  -8.0496069898380066E-018
          16          29  -3.5183018960417021E-017
          16          30   6.4205796116760002E-016
          16          31  -2.8138768924155012E-016
          16          32   4.1094599444428559E-016
          16          33   3.2576267258860491E-016
          16          34   1.6794294992220412E-016
          16          35   8.9000469158317896E-016
          17           1   1.2095273409168618E-005
          17           2  -8.9912070017248390E-006
          17           3  -3.2649364907751929E-005
          17           4  -8.1622698071908992E-006
          17           5   7.6787339083755596E-017
          17           6   2.8702208591090000E-016
          17           7  -3.8125641145273814E-017
          17           8   8.5827810402969028E-017
          17           9   3.1153661529235377E-016
          17          10  -4.0385785618326412E-017
          17          11   3.0909064811562541E-017
          17          12   1.1892260789447893E-016
          17          13  -6.3419493097741043E-018
          17          14   3.8218938436155374E-007
          17          15  -8.0291300214344886E-007
          17          16  -1.6529012333639199E-006
          17          17   4.9512624489273535E-008
          17          18   1.6021230865502194E-007
          17          19   5.8852480301446916E-007
          17          20   3.1731950094234931E-006
          17          21  -5.6280526417680598E-006
          17          22  -1.1091857252846591E-005
          17          23   3.4706086574290544E-007
          17          24   1.1230149616199524E-006
          17          25   4.6195119567275303E-006
          17          26   1.4329152563289049E-020
          17          27   2.7161469138413125E-018
          17          28   5.9328435933165267E-019
          17          29   6.2760282091544664E-018
          17          30   1.2772369718530543E-020
          17          31   2.6158961698889596E-019
          17          32  -1.4402695666739146E-018
          17          33   7.3467448559398148E-019
          17          34   2.8196372928093242E-018
          17          35  -3.5808020601382877E-019
          18           1   3.9137728759950323E-005
          18           2  -2.9093633109519536E-005
          18           3  -1.0564639811349013E-004
          18           4  -2.6411371349183800E-005
          18           5   2.5536847475839530E-016
          18           6   9.5107250538899168E-016
          18           7  -1.2474347222227138E-016
          18           8   2.8526707408262471E-016
          18           9   1.0324851944576493E-015
          18          10  -1.3218563265319652E-016
          18          11   1.0284815308263522E-016
          18          12   3.9397522129649992E-016
          18          13  -2.1086491196465124E-017
          18          14   1.2366833711280323E-006
          18          15  -2.5980554868466830E-006
          18          16  -5.3484364756013203E-006
          18          17   1.6021230865502194E-007
          18          18   5.1841291204696207E-007
          18          19   1.9043408447658042E-006
          18          20   1.0267782993062319E-005
          18          21  -1.8211179782011116E-005
          18          22  -3.5890888199887571E-005
          18          23   1.1230150504347300E-006
          18          24   3.6338372552116752E-006
          18          25   1.4947756622599808E-005
          18          26   1.6620691140461290E-019
          18          27   8.9744021310944995E-018
          18          28   2.0302381931674120E-018
          18          29   2.0823881356560329E-017
          18          30   2.9887753900975668E-020
          18          31   8.4226328773732881E-019
          18          32  -4.6824538972674690E-018
          18          33   2.4291969931438952E-018
          18          34   9.2918346594265774E-018
          18          35  -1.1817826231980957E-018
          19           1   5.0537457220877297E-002
          19           2  -1.3830837525166534E-003
          19           3  -1.2958145228393139E-003
          19           4   9.3762129321060697E-004
          19           5  -7.4698412566992909E-016
          19           6   4.0208158735355323E-016
          19           7  -1.9515773681209007E-015
          19           8  -4.5039805894835596E-016
          19           9   5.3492725198819015E-017
          19          10  -1.0053407061447125E-015
          19          11  -5.1391286509250161E-018
          19          12   1.4333261116448721E-016
          19          13   8.3092880297270596E-016
          19          14   1.3230155572831442E-003
          19          15  -9.5437112811174686E-006
          19          16   1.2988257431765702E-003
          19          17   5.8852480301446916E-007
          19          18   1.9043408447658042E-006
          19          19   1.3254681340265819E-003
          19          20   1.0124113262652849E-003
          19          21  -5.0594621392627671E-005
          19          22   8.8417249288954224E-004
          19          23   3.1199803177304408E-006
          19          24   1.0095590877266773E-005
          19          25   1.0254133119829184E-003
          19          26  -1.7756459911245272E-016
          19          27  -5.8058777888753794E-016
          19          28  -4.4172895290100943E-017
          19          29  -4.5174873065333655E-017
          19          30   6.4915728104474951E-016
          19          31  -2.6716020276706837E-016
          19          32   3.5831247933206747E-016
          19          33   3.2941237739422231E-016
          19          34   1.9977938893009423E-016
          19          35   8.8696752917139544E-016
          20           1   2.8785352384860682E-002
          20           2   4.8113576638795057E-003
          20           3   1.6321275056879164E-002
          20           4   1.3591139501338372E-002
          20           5  -6.7135383547142796E-016
          20           6   2.6591436514517965E-015
          20           7  -3.1677701748013559E-015
          20           8  -2.6999930714127396E-016
          20           9   2.5542353238732723E-015
          20          10  -2.5344579558167481E-015
          20          11  -8.2202913143379910E-016
          20          12   1.1839901755628267E-015
          20          13   5.6648588603391543E-016
          20          14   9.9918757718477362E-004
          20          15  -5.1457572226150923E-005
          20          16   8.6876146733202216E-004
          20          17   3.1731950094234931E-006
          20          18   1.0267782993062319E-005
          20          19   1.0124113262652849E-003
          20          20   1.6274762189776586E-003
          20          21  -4.1813091042251164E-004
          20          22   5.6766750562708219E-004
          20          23   2.5784562905472461E-005
          20          24   8.3433346964858048E-005
          20          25   1.7349289859832999E-003
          20          26  -2.5699862595743317E-016
          20          27  -3.4591820819033009E-016
          20          28   1.4993314934073679E-017
          20          29   6.0522149131484878E-017
          20          30   4.2121084193818760E-016
          20          31  -1.0197508463393541E-016
          20          32   7.0578092386171183E-017
          20          33   2.1029458871271027E-016
          20          34   2.1272557427380925E-016
          20          35   6.1093681936513983E-016
          21           1  -1.6513710303807860E-004
          21           2   4.9016869951832524E-004
          21           3   2.1470553748003003E-003
          21           4  -1.9163254552384112E-004
          21           5   2.8926830579996851E-015
          21           6   4.6884162732691702E-015
          21           7   2.0348869463957355E-015
          21           8   2.8470577433554693E-015
          21           9   5.3647392866731833E-015
          21          10   2.2058221658936394E-015
          21          11   1.3925798676018308E-015
          21          12   1.8318891894351792E-015
          21          13  -2.0510446264674549E-016
          21          14  -2.7140671799302563E-005
          21          15   9.1266352458398462E-005
          21          16   2.0418613080264619E-004
          21          17  -5.6280526417680598E-006
          21          18  -1.8211179782011116E-005
          21          19  -5.0594621392627671E-005
          21          20  -4.1813091042251164E-004
          21          21   6.6871405614924080E-004
          21          22   1.2768143152320740E-003
          21          23  -4.1237083971127488E-005
          21          24  -1.3343441114321662E-004
          21          25  -5.8997942258436477E-004
          21          26   1.5823954365643027E-016
          21          27   1.7749770017775649E-017
          21          28   5.0299697229981569E-017
          21          29   8.6523173830554575E-017
          21          30   6.5098156448960531E-017
          21          31  -4.3003591448701486E-017
          21          32   1.5957398820946580E-016
          21          33   5.2775531708442073E-017
          21          34   1.2038394780807272E-017
          21          35   8.9451218750124868E-017
          22           1   2.8366790279181167E-002
          22           2   6.0537558798386855E-003
          22           3   2.1763274351104200E-002
          22           4   1.3105421354340918E-002
          22           5   1.7525519536324024E-015
          22           6  -1.3386365584066601E-015
          22           7   2.9692567623965822E-015
          22           8   1.5791414804834494E-015
          22           9  -1.2149331171886104E-015
          22          10   4.1274397309393124E-015
          22          11   6.9282155800217239E-016
          22          12  -6.9239888338940653E-016
          22          13   4.4865783859300768E-016
          22          14   9.3039591639274813E-004
          22          15   1.7986920640838876E-004
          22          16   1.3862985313800632E-003
          22          17  -1.1091857252846591E-005
          22          18  -3.5890888199887571E-005
          22          19   8.8417249288954224E-004
          22          20   5.6766750562708219E-004
          22          21   1.2768143152320740E-003
          22          22   3.8039241905610689E-003
          22          23  -7.8736342486085471E-005
          22          24  -2.5477401689344203E-004
          22          25   2.3954723129146027E-004
          22          26   5.8849952543248282E-017
          22          27  -4.3287726672064126E-016
          22          28   6.3899664689584466E-017
          22          29  -8.7145566541644988E-017
          22          30   5.9434757855245890E-016
          22          31  -2.0799707206824071E-016
          22          32   4.9072046044043064E-016
          22          33   3.0711667559888447E-016
          22          34   1.2369377384143635E-016
          22          35   8.5409962908390084E-016
          23           1   1.0183384183731276E-005
          23           2  -3.0226860390361555E-005
          23           3  -1.3240083353685084E-004
          23           4   1.1817263833572731E-005
          23           5   7.6357452978163509E-016
          23           6   2.7588500981914380E-015
          23           7  -3.1344050441195205E-016
          23           8   8.5450405128687692E-016
          23           9   3.0022683147801327E-015
          23          10  -3.4156399558121570E-016
          23          11   3.0081688968417302E-016
          23          12   1.1382872113926749E-015
          23          13  -6.4512054703521863E-017
          23          14   1.6736633464675880E-006
