           1           1   2.0581701927571894     
           1           2 -0.11717528018927020     
           1           3 -0.22325619554323395     
           1           4 -0.13596752452608757     
           1           5   3.4168913259025255E-015
           1           6   4.1953857281588315E-015
           1           7   5.3996183367916525E-015
           1           8  -4.2678177568691440E-015
           1           9  -6.0177693533147644E-016
           1          10   1.9071705533285210E-015
           1          11   3.3402615053988435E-002
           1          12   1.4221557168975594E-015
           1          13   3.3402615053986048E-002
           1          14  -1.9173699266497541E-015
           1          15   1.5768167172373338E-015
           1          16   3.3402615053994306E-002
           2           1 -0.11717528018927020     
           2           2   6.1105493742834083E-002
           2           3  0.17562393466204887     
           2           4  0.13240904500988371     
           2           5  -6.0648318394063511E-017
           2           6   1.4310759065869764E-016
           2           7  -1.6208919455926714E-016
           2           8  -5.0173049277551369E-016
           2           9  -9.9318572521364932E-017
           2          10   1.6142751599979872E-015
           2          11   2.8129134692132574E-003
           2          12  -1.5667506983885491E-016
           2          13   2.8129134692134361E-003
           2          14   1.6627644760867798E-016
           2          15   6.7149483940067861E-017
           2          16   2.8129134692131182E-003
           3           1 -0.22325619554323395     
           3           2  0.17562393466204887     
           3           3  0.51179100085827245     
           3           4  0.38786031315653541     
           3           5   3.0037244068258432E-017
           3           6   6.8804562630459875E-016
           3           7  -1.5077842065367573E-016
           3           8  -1.7658917992460218E-015
           3           9  -3.3451996701226877E-016
           3          10   4.9494016896082888E-015
           3          11   1.0486692300483314E-002
           3          12  -3.8085674988418164E-016
           3          13   1.0486692300483701E-002
           3          14   3.7892989472042907E-016
           3          15   2.9859539443603072E-016
           3          16   1.0486692300483262E-002
           4           1 -0.13596752452608757     
           4           2  0.13240904500988371     
           4           3  0.38786031315653541     
           4           4  0.29450261946165812     
           4           5   8.0918843841573294E-017
           4           6   5.9764380389861488E-016
           4           7  -2.3955435449963334E-017
           4           8  -1.4233901820647425E-015
           4           9  -2.6610250672049821E-016
           4          10   3.8195212427685097E-015
           4          11   8.5908827858429404E-003
           4          12  -2.6732098385809336E-016
           4          13   8.5908827858431971E-003
           4          14   2.5746474066832600E-016
           4          15   2.5521670616137728E-016
           4          16   8.5908827858429994E-003
           5           1   3.4168913259025255E-015
           5           2  -6.0648318394063511E-017
           5           3   3.0037244068258432E-017
           5           4   8.0918843841573294E-017
           5           5   1.0592973746423042E-029
           5           6   1.4207135798950768E-029
           5           7   1.3956923599263910E-029
           5           8   7.7464253711916505E-030
           5           9   1.4605491255209197E-030
           5          10  -5.9286982313406438E-030
           5          11   6.7049612560821677E-017
           5          12   4.7563931634138745E-030
           5          13   6.7049612560820383E-017
           5          14  -1.0274855582188725E-029
           5          15   2.1947834779300284E-030
           5          16   6.7049612560843358E-017
           6           1   4.1953857281588315E-015
           6           2   1.4310759065869764E-016
           6           3   6.8804562630459875E-016
           6           4   5.9764380389861488E-016
           6           5   1.4207135798950768E-029
           6           6   2.0524763323804250E-029
           6           7   2.3231063103101914E-029
           6           8   2.0287469536521381E-030
           6           9  -1.2911094376182589E-030
           6          10   6.4939674374010223E-030
           6          11   1.0116984390646102E-016
           6          12   5.4905178773488047E-030
           6          13   1.0116984390646109E-016
           6          14  -1.4919912938596735E-029
           6          15   3.0082331980764843E-030
           6          16   1.0116984390649294E-016
           7           1   5.3996183367916525E-015
           7           2  -1.6208919455926714E-016
           7           3  -1.5077842065367573E-016
           7           4  -2.3955435449963334E-017
           7           5   1.3956923599263910E-029
           7           6   2.3231063103101914E-029
           7           7   5.5838403873144188E-029
           7           8  -4.8694128328978465E-029
           7           9  -2.1460145446823246E-029
           7          10   6.2827874276927003E-029
           7          11   1.0021606672114969E-016
           7          12   2.9507645729093171E-030
           7          13   1.0021606672115461E-016
           7          14  -2.3399013095470778E-029
           7          15   2.2529929713829647E-030
           7          16   1.0021606672119884E-016
           8           1  -4.2678177568691440E-015
           8           2  -5.0173049277551369E-016
           8           3  -1.7658917992460218E-015
           8           4  -1.4233901820647425E-015
           8           5   7.7464253711916505E-030
           8           6   2.0287469536521381E-030
           8           7  -4.8694128328978465E-029
           8           8   1.5433624552528030E-028
           8           9   4.5133436865962775E-029
           8          10  -1.7125271688993423E-028
           8          11  -1.3375742663377464E-016
           8          12   1.2009532806136984E-029
           8          13  -1.3375742663377311E-016
           8          14  -7.0142770772227346E-030
           8          15  -6.2279480446002105E-030
           8          16  -1.3375742663377896E-016
           9           1  -6.0177693533147644E-016
           9           2  -9.9318572521364932E-017
           9           3  -3.3451996701226877E-016
           9           4  -2.6610250672049821E-016
           9           5   1.4605491255209197E-030
           9           6  -1.2911094376182589E-030
           9           7  -2.1460145446823246E-029
           9           8   4.5133436865962775E-029
           9           9   1.5830829111993422E-029
           9          10  -5.3579952977792134E-029
           9          11  -2.1333878013590467E-017
           9          12   3.2812868640573413E-030
           9          13  -2.1333878013593493E-017
           9          14   2.8756396485784836E-030
           9          15  -4.3046033458164503E-031
           9          16  -2.1333878013598950E-017
          10           1   1.9071705533285210E-015
          10           2   1.6142751599979872E-015
          10           3   4.9494016896082888E-015
          10           4   3.8195212427685097E-015
          10           5  -5.9286982313406438E-030
          10           6   6.4939674374010223E-030
          10           7   6.2827874276927003E-029
          10           8  -1.7125271688993423E-028
          10           9  -5.3579952977792134E-029
          10          10   2.1649775466649540E-028
          10          11   1.8016283644070536E-016
          10          12  -1.4376749572436588E-029
          10          13   1.8016283644071248E-016
          10          14   5.9343290412553995E-031
          10          15   6.0695792236760924E-030
          10          16   1.8016283644072326E-016
          11           1   3.3402615053988435E-002
          11           2   2.8129134692132574E-003
          11           3   1.0486692300483314E-002
          11           4   8.5908827858429404E-003
          11           5   6.7049612560821677E-017
          11           6   1.0116984390646102E-016
          11           7   1.0021606672114969E-016
          11           8  -1.3375742663377464E-016
          11           9  -2.1333878013590467E-017
          11          10   1.8016283644070536E-016
          11          11   9.5043141419167516E-004
          11          12   1.6523836248144215E-017
          11          13   9.5043141419164003E-004
          11          14  -2.6170515011157336E-017
          11          15   3.9181535972165812E-017
          11          16   9.5043141419178727E-004
          12           1   1.4221557168975594E-015
          12           2  -1.5667506983885491E-016
          12           3  -3.8085674988418164E-016
          12           4  -2.6732098385809336E-016
          12           5   4.7563931634138745E-030
          12           6   5.4905178773488047E-030
          12           7   2.9507645729093171E-030
          12           8   1.2009532806136984E-029
          12           9   3.2812868640573413E-030
          12          10  -1.4376749572436588E-029
          12          11   1.6523836248144215E-017
          12          12   2.8166756479381755E-030
          12          13   1.6523836248143207E-017
          12          14  -4.4949021665384185E-030
          12          15   5.4571772643685132E-031
          12          16   1.6523836248152550E-017
          13           1   3.3402615053986048E-002
          13           2   2.8129134692134361E-003
          13           3   1.0486692300483701E-002
          13           4   8.5908827858431971E-003
          13           5   6.7049612560820383E-017
          13           6   1.0116984390646109E-016
          13           7   1.0021606672115461E-016
          13           8  -1.3375742663377311E-016
          13           9  -2.1333878013593493E-017
          13          10   1.8016283644071248E-016
          13          11   9.5043141419164003E-004
          13          12   1.6523836248143207E-017
          13          13   9.5043141419160490E-004
          13          14  -2.6170515011161699E-017
          13          15   3.9181535972163310E-017
          13          16   9.5043141419175214E-004
          14           1  -1.9173699266497541E-015
          14           2   1.6627644760867798E-016
          14           3   3.7892989472042907E-016
          14           4   2.5746474066832600E-016
          14           5  -1.0274855582188725E-029
          14           6  -1.4919912938596735E-029
          14           7  -2.3399013095470778E-029
          14           8  -7.0142770772227346E-030
          14           9   2.8756396485784836E-030
          14          10   5.9343290412553995E-031
          14          11  -2.6170515011157336E-017
          14          12  -4.4949021665384185E-030
          14          13  -2.6170515011161699E-017
          14          14   1.6677555305736820E-029
          14          15   4.2544916933990351E-031
          14          16  -2.6170515011187288E-017
          15           1   1.5768167172373338E-015
          15           2   6.7149483940067861E-017
          15           3   2.9859539443603072E-016
          15           4   2.5521670616137728E-016
          15           5   2.1947834779300284E-030
          15           6   3.0082331980764843E-030
          15           7   2.2529929713829647E-030
          15           8  -6.2279480446002105E-030
          15           9  -4.3046033458164503E-031
          15          10   6.0695792236760924E-030
          15          11   3.9181535972165812E-017
          15          12   5.4571772643685132E-031
          15          13   3.9181535972163310E-017
          15          14   4.2544916933990351E-031
          15          15   1.8632551105442780E-030
          15          16   3.9181535972167981E-017
          16           1   3.3402615053994306E-002
          16           2   2.8129134692131182E-003
          16           3   1.0486692300483262E-002
          16           4   8.5908827858429994E-003
          16           5   6.7049612560843358E-017
          16           6   1.0116984390649294E-016
          16           7   1.0021606672119884E-016
          16           8  -1.3375742663377896E-016
          16           9  -2.1333878013598950E-017
          16          10   1.8016283644072326E-016
          16          11   9.5043141419178727E-004
          16          12   1.6523836248152550E-017
          16          13   9.5043141419175214E-004
          16          14  -2.6170515011187288E-017
          16          15   3.9181535972167981E-017
          16          16   9.5043141419189959E-004
