           1           1   1.9684552267242383     
           1           2 -0.35583859326464901     
           1           3 -0.35206720711134593     
           1           4  0.13331880779369243     
           1           5   9.7966416136960282E-015
           1           6   3.6029462526071417E-015
           1           7  -2.5897409753257498E-015
           1           8  -7.1492942987587154E-015
           1           9  -3.3018964531758835E-015
           1          10  -7.9613468798691158E-015
           1          11  0.23392125793895094     
           1          12   2.1060622920200394E-015
           1          13  0.23392125793894750     
           1          14  -6.0691626451611088E-015
           1          15   1.3367819760589210E-015
           1          16  0.23392125793895394     
           2           1 -0.35583859326464901     
           2           2   6.4325112777534721E-002
           2           3   6.3643357497948083E-002
           2           4  -2.4100104679532813E-002
           2           5  -1.7721482680331324E-015
           2           6  -6.5817549116991504E-016
           2           7   4.4596775618701344E-016
           2           8   1.2924079041811320E-015
           2           9   5.9703680820643383E-016
           2          10   1.4396653850421532E-015
           2          11  -4.2286057731784156E-002
           2          12  -3.8071388830482126E-016
           2          13  -4.2286057731783531E-002
           2          14   1.0971254355337338E-015
           2          15  -2.4165071747856528E-016
           2          16  -4.2286057731784697E-002
           3           1 -0.35206720711134593     
           3           2   6.3643357497948083E-002
           3           3   6.2968827860745508E-002
           3           4  -2.3844677632545962E-002
           3           5  -1.8840837420931211E-015
           3           6  -1.3965644857015363E-015
           3           7  -1.9655849078954849E-015
           3           8   1.2815914124610430E-015
           3           9   6.0713796321446138E-016
           3          10   1.4774568444594697E-015
           3          11  -4.1837885286113492E-002
           3          12  -3.7667885918234804E-016
           3          13  -4.1837885286112875E-002
           3          14   1.0854974565726925E-015
           3          15  -2.3908956141768628E-016
           3          16  -4.1837885286114027E-002
           4           1  0.13331880779369243     
           4           2  -2.4100104679532813E-002
           4           3  -2.3844677632545962E-002
           4           4   9.0293669219541055E-003
           4           5   6.9288747061736734E-016
           4           6   4.1157016703021289E-016
           4           7   3.6563540401196054E-016
           4           8  -4.8485242949425520E-016
           4           9  -2.2732268853569161E-016
           4          10  -5.5112828397213658E-016
           4          11   1.5842932469396026E-002
           4          12   1.4263860823424130E-016
           4          13   1.5842932469395794E-002
           4          14  -4.1105000366474903E-016
           4          15   9.0537075422766679E-017
           4          16   1.5842932469396227E-002
           5           1   9.7966416136960282E-015
           5           2  -1.7721482680331324E-015
           5           3  -1.8840837420931211E-015
           5           4   6.9288747061736734E-016
           5           5   5.5114327849329313E-003
           5           6   3.1426702668042726E-002
           5           7  0.10147865028789736     
           5           8  -1.2147983727035624E-004
           5           9  -6.9268933778707546E-004
           5          10  -2.2367341496159414E-003
           5          11   1.1459804920669168E-015
           5          12   2.5063522381963086E-017
           5          13   1.1806095588086593E-015
           5          14  -6.9911306334772987E-017
           5          15  -5.1685001784764919E-019
           5          16   1.1675572254140160E-015
           6           1   3.6029462526071417E-015
           6           2  -6.5817549116991504E-016
           6           3  -1.3965644857015363E-015
           6           4   4.1157016703021289E-016
           6           5   3.1426702668042726E-002
           6           6  0.17919798337839707     
           6           7  0.57864070817854452     
           6           8  -6.9268933778789772E-004
           6           9  -3.9497790700576858E-003
           6          10  -1.2754066285558991E-002
           6          11   3.2436171394042421E-016
           6          12   1.4291453718981805E-016
           6          13   5.2181987529914896E-016
           6          14  -3.9864077510349452E-016
           6          15  -2.9471269030932952E-018
           6          16   4.4739425555106153E-016
           7           1  -2.5897409753257498E-015
           7           2   4.4596775618701344E-016
           7           3  -1.9655849078954849E-015
           7           4   3.6563540401196054E-016
           7           5  0.10147865028789736     
           7           6  0.57864070817854452     
           7           7   1.8684644930090875     
           7           8  -2.2367341496189862E-003
           7           9  -1.2754066285561213E-002
           7          10  -4.1183621648510367E-002
           7          11  -6.4290917526000341E-016
           7          12   4.6147935065708916E-016
           7          13  -5.3052906058843140E-018
           7          14  -1.2872342426289277E-015
           7          15  -9.5164441370898780E-018
           7          16  -2.4562994440921726E-016
           8           1  -7.1492942987587154E-015
           8           2   1.2924079041811320E-015
           8           3   1.2815914124610430E-015
           8           4  -4.8485242949425520E-016
           8           5  -1.2147983727035624E-004
           8           6  -6.9268933778789772E-004
           8           7  -2.2367341496189862E-003
           8           8   2.6775888301814454E-006
           8           9   1.5267860702815184E-005
           8          10   4.9300809991770548E-005
           8          11  -8.4918473989496353E-016
           8          12  -5.5243577110243994E-019
           8          13  -8.4994801390313881E-016
           8          14   1.5409448773904291E-018
           8          15   1.1392111359319942E-020
           8          16  -8.4966032186396721E-016
           9           1  -3.3018964531758835E-015
           9           2   5.9703680820643383E-016
           9           3   6.0713796321446138E-016
           9           4  -2.2732268853569161E-016
           9           5  -6.9268933778707546E-004
           9           6  -3.9497790700576858E-003
           9           7  -1.2754066285561213E-002
           9           8   1.5267860702815184E-005
           9           9   8.7058762649817206E-005
           9          10   2.8111780681401490E-004
           9          11  -3.9009289365617324E-016
           9          12  -3.1500401799052391E-018
           9          13  -3.9444515308589500E-016
           9          14   8.7866111007081386E-018
           9          15   6.4958879217236607E-020
           9          16  -3.9280470630399993E-016
          10           1  -7.9613468798691158E-015
          10           2   1.4396653850421532E-015
          10           3   1.4774568444594697E-015
          10           4  -5.5112828397213658E-016
          10           5  -2.2367341496159414E-003
          10           6  -1.2754066285558991E-002
          10           7  -4.1183621648510367E-002
          10           8   4.9300809991770548E-005
          10           9   2.8111780681401490E-004
          10          10   9.0774574439793886E-004
          10          11  -9.3869882708578241E-016
          10          12  -1.0171662906727443E-017
          10          13  -9.5275252585578184E-016
          10          14   2.8372478160453279E-017
          10          15   2.0975599816710763E-019
          10          16  -9.4745542780975082E-016
          11           1  0.23392125793895094     
          11           2  -4.2286057731784156E-002
          11           3  -4.1837885286113492E-002
          11           4   1.5842932469396026E-002
          11           5   1.1459804920669168E-015
          11           6   3.2436171394042421E-016
          11           7  -6.4290917526000341E-016
          11           8  -8.4918473989496353E-016
          11           9  -3.9009289365617324E-016
          11          10  -9.3869882708578241E-016
          11          11   2.7798018554275630E-002
          11          12   2.5027378522952488E-016
          11          13   2.7798018554275220E-002
          11          14  -7.2122857625507183E-016
          11          15   1.5885640536015397E-016
          11          16   2.7798018554275987E-002
          12           1   2.1060622920200394E-015
          12           2  -3.8071388830482126E-016
          12           3  -3.7667885918234804E-016
          12           4   1.4263860823424130E-016
          12           5   2.5063522381963086E-017
          12           6   1.4291453718981805E-016
          12           7   4.6147935065708916E-016
          12           8  -5.5243577110243994E-019
          12           9  -3.1500401799052391E-018
          12          10  -1.0171662906727443E-017
          12          11   2.5027378522952488E-016
          12          12   2.3672665826931649E-030
          12          13   2.5027378522952138E-016
          12          14  -6.8113594912047778E-030
          12          15   1.4278808140520750E-030
          12          16   2.5027378522952823E-016
          13           1  0.23392125793894750     
          13           2  -4.2286057731783531E-002
          13           3  -4.1837885286112875E-002
          13           4   1.5842932469395794E-002
          13           5   1.1806095588086593E-015
          13           6   5.2181987529914896E-016
          13           7  -5.3052906058843140E-018
          13           8  -8.4994801390313881E-016
          13           9  -3.9444515308589500E-016
          13          10  -9.5275252585578184E-016
          13          11   2.7798018554275220E-002
          13          12   2.5027378522952138E-016
          13          13   2.7798018554274811E-002
          13          14  -7.2122857625506158E-016
          13          15   1.5885640536015162E-016
          13          16   2.7798018554275578E-002
          14           1  -6.0691626451611088E-015
          14           2   1.0971254355337338E-015
          14           3   1.0854974565726925E-015
          14           4  -4.1105000366474903E-016
          14           5  -6.9911306334772987E-017
          14           6  -3.9864077510349452E-016
          14           7  -1.2872342426289277E-015
          14           8   1.5409448773904291E-018
          14           9   8.7866111007081386E-018
          14          10   2.8372478160453279E-017
          14          11  -7.2122857625507183E-016
          14          12  -6.8113594912047778E-030
          14          13  -7.2122857625506158E-016
          14          14   1.9599317990067235E-029
          14          15  -4.1150246543684372E-030
          14          16  -7.2122857625508140E-016
          15           1   1.3367819760589210E-015
          15           2  -2.4165071747856528E-016
          15           3  -2.3908956141768628E-016
          15           4   9.0537075422766679E-017
          15           5  -5.1685001784764919E-019
          15           6  -2.9471269030932952E-018
          15           7  -9.5164441370898780E-018
          15           8   1.1392111359319942E-020
          15           9   6.4958879217236607E-020
          15          10   2.0975599816710763E-019
          15          11   1.5885640536015397E-016
          15          12   1.4278808140520750E-030
          15          13   1.5885640536015162E-016
          15          14  -4.1150246543684372E-030
          15          15   9.0785984685836708E-031
          15          16   1.5885640536015601E-016
          16           1  0.23392125793895394     
          16           2  -4.2286057731784697E-002
          16           3  -4.1837885286114027E-002
          16           4   1.5842932469396227E-002
          16           5   1.1675572254140160E-015
          16           6   4.4739425555106153E-016
          16           7  -2.4562994440921726E-016
          16           8  -8.4966032186396721E-016
          16           9  -3.9280470630399993E-016
          16          10  -9.4745542780975082E-016
          16          11   2.7798018554275987E-002
          16          12   2.5027378522952823E-016
          16          13   2.7798018554275578E-002
          16          14  -7.2122857625508140E-016
          16          15   1.5885640536015601E-016
          16          16   2.7798018554276341E-002
