           1           1   1.9977369879624649     
           1           2  -2.3238054245921874E-002
           1           3  -4.7775482414605011E-002
           1           4   1.1182143454243391E-002
           1           5  -2.8223757518125180E-002
           1           6  -2.4788057643980156E-002
           1           7  -7.8589631498264647E-011
           1           8   1.8578875250436241E-011
           1           9   7.9356944772593766E-011
           1          10   1.0354560990928798E-008
           1          11   1.8637094293080252E-010
           1          12   1.3176115540493148E-008
           1          13  -3.4242391624258814E-010
           1          14   3.0431115221757715E-011
           1          15  -4.0644282873006981E-010
           1          16  -4.0112762723136438E-010
           1          17   2.6298048307602233E-011
           1          18  -4.4618125134635038E-010
           1          19  -1.9182247866170144E-010
           1          20   4.1833400456009754E-012
           1          21  -1.9653462258620779E-010
           1          22   1.4028293306947374E-002
           1          23  -7.2477597207853310E-005
           1          24   1.3489121529149776E-002
           1          25   7.6826988275000555E-006
           1          26   6.6874004028580513E-005
           1          27   1.4029365009911638E-002
           1          28   3.2528983743243178E-003
           1          29  -9.4577779330670729E-006
           1          30   3.1825365708379005E-003
           1          31   1.0021836889855978E-006
           1          32   8.7271206265992105E-006
           1          33   3.2530381322121828E-003
           1          34   2.8262521890612914E-003
           1          35   3.6681835842938221E-005
           1          36   3.0991375055944275E-003
           1          37  -3.8879469696788436E-006
           1          38  -3.3846051613160388E-005
           1          39   2.8257098135337257E-003
           1          40   8.7338355503659015E-013
           1          41  -7.9422724885946613E-012
           1          42  -1.6094654106611824E-011
           1          43  -2.0184014240308299E-012
           1          44  -3.7580387749007493E-012
           1          45  -2.2652179399742345E-012
           1          46  -1.8541545046404659E-011
           1          47  -2.0164789564987547E-012
           1          48   7.5816426373106999E-012
           1          49  -1.7143577966851784E-012
           2           1  -2.3238054245921874E-002
           2           2   1.9219324930162287     
           2           3 -0.33881814226990292     
           2           4  0.28833476759559795     
           2           5  -7.3384571087204600E-002
           2           6 -0.14584686129354307     
           2           7  -8.3442973108435532E-010
           2           8   3.2756826100839266E-010
           2           9   9.9218338754397501E-010
           2          10   7.2530511723173585E-008
           2          11   1.1274813225690875E-009
           2          12   9.1218832312843735E-008
           2          13  -2.6795913796787518E-009
           2          14   2.8436843658699608E-010
           2          15  -3.2116804442798310E-009
           2          16  -3.3158410745554205E-009
           2          17   2.9755508483040500E-010
           2          18  -3.8070964313567353E-009
           2          19  -1.5885214508913755E-009
           2          20   1.6328955913601562E-011
           2          21  -1.6455686752748563E-009
           2          22  -3.6986796962988122E-002
           2          23  -5.0408571783314355E-004
           2          24  -4.0736771019728057E-002
           2          25   5.3433587477137712E-005
           2          26   4.6511413357969991E-004
           2          27  -3.6979343495233657E-002
           2          28  -1.8441025651173955E-002
           2          29  -7.3845316370470140E-005
           2          30  -1.8990409337167839E-002
           2          31   7.8245078774490519E-006
           2          32   6.8139252849245006E-005
           2          33  -1.8439933973110306E-002
           2          34   4.2088397568879644E-003
           2          35   2.9307536980030670E-004
           2          36   6.3891022068906641E-003
           2          37  -3.1063264626871581E-005
           2          38  -2.7041788381168053E-004
           2          39   4.2045061709660506E-003
           2          40   1.5479335278775297E-011
           2          41  -9.4117785614918792E-011
           2          42  -1.2904915478722577E-010
           2          43  -8.5449186062865993E-011
           2          44  -2.0185867123512104E-012
           2          45  -1.8361653021607938E-011
           2          46  -1.2946838140665048E-010
           2          47  -1.2233244394631620E-011
           2          48   3.2163476200953964E-011
           2          49   4.9409141022165728E-011
           3           1  -4.7775482414605011E-002
           3           2 -0.33881814226990292     
           3           3  0.91063007737999524     
           3           4  0.65635090035493571     
           3           5 -0.43699961147877647     
           3           6 -0.49795613554992069     
           3           7  -1.0120895847247098E-009
           3           8   2.2328714023295036E-010
           3           9   4.0485725897936116E-010
           3          10   1.9640202662875304E-007
           3          11   3.9426465359687338E-010
           3          12   2.1696427773934148E-007
           3          13  -6.5076806974874457E-009
           3          14   1.1587488069360258E-009
           3          15  -7.4635568467256106E-009
           3          16  -7.5442649237748050E-009
           3          17   1.0027173642537540E-009
           3          18  -8.4014811473350447E-009
           3          19  -3.6561619887808589E-009
           3          20   6.8846424914858905E-011
           3          21  -3.3719077604031928E-009
           3          22   5.6582299516835513E-003
           3          23  -1.0814736561621935E-003
           3          24  -2.3869931558866192E-003
           3          25   1.1463787650376164E-004
           3          26   9.9785779877854331E-004
           3          27   5.6742210459150384E-003
           3          28   1.2936405345988149E-002
           3          29  -1.2265765312769144E-004
           3          30   1.2023811178526732E-002
           3          31   1.2992006976830084E-005
           3          32   1.1318854414591557E-004
           3          33   1.2938217767995391E-002
           3          34   2.1755564002601702E-002
           3          35   7.9081032856209493E-004
           3          36   2.7638604245622696E-002
           3          37  -8.3818266089304117E-005
           3          38  -7.2967448543769615E-004
           3          39   2.1743870945358804E-002
           3          40   3.1428860417278604E-011
           3          41  -2.7667830939311334E-010
           3          42  -3.0805458615610173E-010
           3          43  -3.0056706578225709E-010
           3          44   7.9462507960400851E-011
           3          45  -3.5028785117692677E-011
           3          46  -1.4736034042989940E-010
           3          47  -4.6076805322571579E-011
           3          48   3.0805685916689379E-011
           3          49   3.5995455452776823E-010
           4           1   1.1182143454243391E-002
           4           2  0.28833476759559795     
           4           3  0.65635090035493571     
           4           4  0.64682827741513937     
           4           5 -0.34085303534058631     
           4           6 -0.36301457672447002     
           4           7  -1.7379975890569262E-009
           4           8   7.8881946272308876E-010
           4           9   2.7359667088178415E-009
           4          10  -5.7321530616576707E-008
           4          11  -3.2096644927344633E-009
           4          12  -9.2203532644459293E-008
           4          13   1.3517128854402516E-009
           4          14   7.4547731275785139E-010
           4          15   3.0621824275748063E-010
           4          16   1.3734937069987769E-009
           4          17   4.6114076763857822E-010
           4          18  -8.8964449454147694E-010
           4          19   5.3073751727005147E-010
           4          20  -1.0360376308861431E-010
           4          21  -4.3967918749609118E-011
           4          22  -2.1734864858012834E-003
           4          23  -3.0839850109053683E-004
           4          24  -4.4677016806653957E-003
           4          25   3.2692086608398829E-005
           4          26   2.8455521930521974E-004
           4          27  -2.1689265130545791E-003
           4          28   1.7136955262841085E-002
           4          29  -4.2718095476509911E-005
           4          30   1.6819074630521690E-002
           4          31   4.5212656126721355E-006
           4          32   3.9425041044768979E-005
           4          33   1.7137586358635305E-002
           4          34   1.5281079337004165E-002
           4          35   5.8609208068655127E-004
           4          36   1.9641169293683879E-002
           4          37  -6.2120006221592328E-005
           4          38  -5.4078239905844369E-004
           4          39   1.5272413214983814E-002
           4          40   1.2524303104996109E-010
           4          41  -1.3884587627394458E-010
           4          42   1.4244500970411639E-010
           4          43  -2.9746509669047094E-010
           4          44   1.1648389614474081E-010
           4          45  -3.8748141869464452E-011
           4          46   1.5997319550731869E-010
           4          47   6.0862403173330296E-012
           4          48  -3.4210758925267032E-011
           4          49   4.1358749760845138E-010
           5           1  -2.8223757518125180E-002
           5           2  -7.3384571087204600E-002
           5           3 -0.43699961147877647     
           5           4 -0.34085303534058631     
           5           5  0.39066037739114912     
           5           6  0.59146340686504328     
           5           7   7.9828204975998206E-011
           5           8   9.7295150750733314E-010
           5           9   6.8046625942645087E-009
           5          10  -1.3633117934279433E-006
           5          11  -2.0925058825742628E-008
           5          12  -1.6765986630069712E-006
           5          13   4.1961541199970924E-009
           5          14  -6.9451843555628512E-010
           5          15   1.2518809882819510E-008
           5          16  -2.0751505843230716E-008
           5          17  -5.6656691555717309E-010
           5          18  -1.2577340236800137E-008
           5          19  -1.0975888518983455E-008
           5          20   1.7953066887892608E-010
           5          21  -7.6769414200189531E-009
           5          22   1.4898175797165653E-002
           5          23   2.4454254887548797E-003
           5          24   3.3090024726785718E-002
           5          25  -2.5920920332826085E-004
           5          26  -2.2563568600009517E-003
           5          27   1.4862018726761815E-002
           5          28   3.3379456896982865E-002
           5          29   4.4552445442971856E-004
           5          30   3.6693937559265186E-002
           5          31  -4.7208562405127161E-005
           5          32  -4.1109997366435731E-004
           5          33   3.3372872807531574E-002
           5          34  -2.5562663220775592E-002
           5          35  -7.9416800531140696E-004
           5          36  -3.1470675243127369E-002
           5          37   8.4174872849732742E-005
           5          38   7.3277166892417615E-004
           5          39  -2.5550920322855206E-002
           5          40   8.4791072344917808E-011
           5          41   3.8504851637046594E-011
           5          42  -7.0939776635898446E-010
           5          43   2.1783913916232737E-010
           5          44   1.6541390703861001E-010
           5          45   2.4107322827232828E-011
           5          46  -7.8047968414454069E-010
           5          47   1.3510580424139761E-010
           5          48   1.7736761754599764E-010
           5          49   1.2619591106909443E-010
           6           1  -2.4788057643980156E-002
           6           2 -0.14584686129354307     
           6           3 -0.49795613554992069     
           6           4 -0.36301457672447002     
           6           5  0.59146340686504328     
           6           6  0.99098463436200346     
           6           7   2.0775360082066712E-010
           6           8  -1.4331159110226061E-009
           6           9  -1.3589086045133492E-008
           6          10   2.4431592406801646E-006
           6          11   3.5945779968637962E-008
           6          12   2.9873997248023463E-006
           6          13   4.7742271919302608E-009
           6          14  -2.5389191204041637E-009
           6          15  -5.8255269785232746E-009
           6          16   5.8845978438415084E-008
           6          17  -1.8322423113770208E-009
           6          18   5.0156480280458594E-008
           6          19   3.0791793599226357E-008
           6          20  -3.6296267553942131E-010
           6          21   2.5188776398612229E-008
           6          22   4.1148901553287598E-002
           6          23   5.2568240477745198E-004
           6          24   4.5059506350504638E-002
           6          25  -5.5747059911530848E-005
           6          26  -4.8502382312653634E-004
           6          27   4.1141121563306370E-002
           6          28   7.6403449615781896E-002
           6          29  -2.1617122306890951E-004
           6          30   7.4795496259147332E-002
           6          31   2.2918970320440506E-005
           6          32   1.9943796130022715E-004
           6          33   7.6406646128816758E-002
           6          34  -4.2783761305379510E-002
           6          35  -2.2928409795335588E-003
           6          36  -5.9840793224185264E-002
           6          37   2.4301897230214305E-004
           6          38   2.1155894812077509E-003
           6          39  -4.2749859959278214E-002
           6          40  -5.5077211544748513E-010
           6          41   7.6773678796862417E-010
           6          42   1.8710607779966439E-009
           6          43   5.1832076513716094E-010
           6          44  -5.0927281008341139E-010
           6          45   1.8441195176141040E-010
           6          46   1.9265518620747854E-009
           6          47  -1.4808170831139705E-010
           6          48  -6.6585430981304291E-010
           6          49  -1.4937050639420294E-009
           7           1  -7.8589631498264647E-011
           7           2  -8.3442973108435532E-010
           7           3  -1.0120895847247098E-009
           7           4  -1.7379975890569262E-009
           7           5   7.9828204975998206E-011
           7           6   2.0775360082066712E-010
           7           7   1.9999973653322343     
           7           8  -1.3879408490313689E-007
           7           9  -7.6808168248202500E-008
           7          10  -4.4733152979059836E-004
           7          11   5.4032780353580354E-006
           7          12  -5.8347367369401571E-007
           7          13   8.9755387527627121E-004
           7          14   2.7978517866712650E-005
           7          15  -2.9656330495688571E-006
           7          16   2.4974303895497593E-003
           7          17   4.2375724460326317E-005
           7          18  -4.4908411576832807E-006
           7          19  -1.1712772588560033E-003
           7          20   4.6543075871421821E-005
           7          21  -4.9339143830728547E-006
           7          22   1.3582056013933138E-009
           7          23  -2.6258023478704406E-010
           7          24   1.4778505501207371E-009
           7          25   4.5285362354268711E-010
           7          26   1.3785398557497052E-010
           7          27   1.5906709844672891E-009
           7          28  -1.0868733478992145E-010
           7          29   4.2600447010589813E-010
           7          30  -3.0108641971679199E-010
           7          31  -1.8838265914355225E-010
           7          32  -1.9638807045234808E-010
           7          33  -3.6459631969684317E-010
           7          34  -4.1866721038722180E-011
           7          35  -1.2710977390028198E-010
           7          36   2.1448577912132354E-010
           7          37   8.0622874589437318E-011
           7          38   2.5276186151863524E-010
           7          39   4.0300065200754910E-011
           7          40  -2.4877231108207864E-003
           7          41   6.1358541915221174E-006
           7          42  -1.1312321177579009E-003
           7          43   2.2176069622750357E-005
           7          44  -6.5076655266299734E-007
           7          45   2.3179600939764363E-006
           7          46  -9.3551752946075028E-007
           7          47  -1.1125082288665285E-003
           7          48   1.0446569703636444E-005
           7          49  -2.4795182606185614E-006
           8           1   1.8578875250436241E-011
           8           2   3.2756826100839266E-010
           8           3   2.2328714023295036E-010
           8           4   7.8881946272308876E-010
           8           5   9.7295150750733314E-010
           8           6  -1.4331159110226061E-009
           8           7  -1.3879408490313689E-007
           8           8   1.9999963116415258     
           8           9  -6.8278319156750589E-007
           8          10   5.3988298188522653E-006
           8          11  -4.0090750425558877E-004
           8          12  -4.9903128232838695E-006
           8          13   2.7978575514365401E-005
           8          14   1.1378976623311475E-003
           8          15  -2.5816579100797841E-005
           8          16   4.2375432625100227E-005
           8          17   2.8614459509121023E-003
           8          18  -3.9101068108376337E-005
           8          19   4.6542990924751599E-005
           8          20  -7.7146212922399402E-004
           8          21  -4.2945513343602994E-005
           8          22  -5.9265971875920591E-010
           8          23   2.2857619451261276E-011
           8          24  -5.8148110052166371E-010
           8          25  -4.7545881536552786E-011
           8          26  -6.2113933787093858E-011
           8          27  -6.1596983562303366E-010
           8          28  -1.1756694952196377E-010
           8          29  -5.3500492673534408E-011
           8          30   1.4930479360190982E-011
           8          31   4.2915297015024021E-011
           8          32  -4.2346810157313708E-011
           8          33   2.4899214961038415E-011
           8          34   4.3383021313531142E-010
           8          35   3.4183237780519121E-011
           8          36   3.2078269293549964E-010
           8          37  -4.2726012959363062E-011
           8          38  -2.2158436817960715E-011
           8          39   2.6695820644626605E-010
           8          40   2.3384148181699304E-005
           8          41  -1.0228356906592843E-003
           8          42   4.5147937367533372E-006
           8          43  -2.3387345770413985E-003
           8          44  -9.6356494687156852E-006
           8          45   4.6459603184809467E-007
           8          46  -4.1657439156346360E-006
           8          47   1.0446651378624839E-005
           8          48  -1.0227708609270279E-003
           8          49  -2.1578419241310900E-005
           9           1   7.9356944772593766E-011
           9           2   9.9218338754397501E-010
           9           3   4.0485725897936116E-010
           9           4   2.7359667088178415E-009
           9           5   6.8046625942645087E-009
           9           6  -1.3589086045133492E-008
           9           7  -7.6808168248202500E-008
           9           8  -6.8278319156750589E-007
           9           9   1.9999975399207512     
           9          10  -5.7603426821366944E-007
           9          11  -4.9840184024643330E-006
           9          12  -4.4742481886171604E-004
           9          13  -2.9655025692227114E-006
           9          14  -2.5816816370599747E-005
           9          15   8.9707683652751242E-004
           9          16  -4.4888284517958545E-006
           9          17  -3.9101126326305106E-005
           9          18   2.4967079998200565E-003
           9          19  -4.9337864656129186E-006
           9          20  -4.2945512128408369E-005
           9          21  -1.1720719746694589E-003
           9          22  -1.9588300130163391E-009
           9          23  -1.9532386025174263E-011
           9          24  -1.6137878075792570E-009
           9          25  -5.5280598137626347E-012
           9          26  -2.8567987116677639E-010
           9          27  -1.9061122143735188E-009
           9          28  -1.7943294742603358E-010
           9          29  -1.1432115605353771E-010
           9          30   3.6122098922422110E-010
           9          31   2.7026286849460110E-010
           9          32  -2.7030693711853592E-010
           9          33   8.0152998887878964E-010
           9          34   4.2140724959403817E-009
           9          35   2.0539840406440872E-010
           9          36   3.5917527398162194E-009
           9          37  -3.4320190734060693E-010
           9          38  -6.6143340247530819E-011
           9          39   2.7686736065889403E-009
           9          40  -2.4799620190703062E-006
           9          41  -9.6361148620816335E-006
           9          42  -9.3566020282726896E-007
           9          43  -2.0462311288096863E-005
           9          44  -1.1127235359896898E-003
           9          45  -2.5082352667078987E-006
           9          46  -1.1313828200800414E-003
           9          47  -6.5117920820116394E-007
           9          48  -5.6641963833615942E-006
           9          49  -2.4880400375642225E-003
          10           1   1.0354560990928798E-008
          10           2   7.2530511723173585E-008
          10           3   1.9640202662875304E-007
          10           4  -5.7321530616576707E-008
          10           5  -1.3633117934279433E-006
          10           6   2.4431592406801646E-006
          10           7  -4.4733152979059836E-004
          10           8   5.3988298188522653E-006
          10           9  -5.7603426821366944E-007
          10          10   1.9789119341496058     
          10          11   4.9187944744600773E-004
          10          12  -5.2459365239830073E-005
          10          13  -2.8971037376467463E-002
          10          14   9.1823435994129365E-004
          10          15  -9.7464209694791927E-005
          10          16  -1.2323405620853527E-002
          10          17   1.3220699208874032E-003
          10          18  -1.4044900935013390E-004
          10          19  -4.6359575920423115E-003
          10          20   2.0759394662698934E-004
          10          21  -2.1799897836923161E-005
          10          22   3.6931332629568410E-008
          10          23   1.5513416788595614E-007
          10          24  -4.9662088923903298E-008
          10          25  -1.4059419438902348E-007
          10          26   3.2472982048215951E-008
          10          27  -7.8102325606444456E-008
          10          28   9.7704794344905815E-008
          10          29  -8.9934871321234690E-008
          10          30   3.7986204027542288E-008
          10          31   1.1084833974392711E-008
          10          32   1.1825064096786733E-007
          10          33   1.5992215916889661E-008
          10          34  -7.6248165097719961E-007
          10          35   1.8464544044164010E-008
          10          36  -7.3793541239662845E-007
          10          37   1.0303262866544989E-008
          10          38  -7.3692991199292602E-008
          10          39  -5.9390557123009409E-007
          10          40  -9.2819701003878249E-004
          10          41  -2.0051525069700248E-004
          10          42  -5.5792742812514390E-005
          10          43  -6.5273836222203290E-004
          10          44   2.1368520666143683E-005
          10          45  -4.4482935555951840E-005
          10          46   3.2599430418410851E-005
          10          47  -4.1579637290941934E-004
          10          48  -2.8481024031066582E-004
          10          49   6.7579088063878507E-005
          11           1   1.8637094293080252E-010
          11           2   1.1274813225690875E-009
          11           3   3.9426465359687338E-010
          11           4  -3.2096644927344633E-009
          11           5  -2.0925058825742628E-008
          11           6   3.5945779968637962E-008
          11           7   5.4032780353580354E-006
          11           8  -4.0090750425558877E-004
          11           9  -4.9840184024643330E-006
          11          10   4.9187944744600773E-004
          11          11   1.9831379757423684     
          11          12  -4.5583938511830941E-004
          11          13   9.1818600986568702E-004
          11          14  -2.1083657865834025E-002
          11          15  -8.4720181843668334E-004
          11          16   1.3223417980628956E-003
          11          17  -9.6459720553430765E-004
          11          18  -1.2201236955839577E-003
          11          19   2.0755111996802585E-004
          11          20  -2.8530184606841260E-003
          11          21  -1.9150633423965454E-004
          11          22   3.9841553083367499E-009
          11          23   1.2840926609765611E-009
          11          24  -2.5313786093123145E-009
          11          25  -1.8086084428114942E-009
          11          26   4.5699065791282079E-009
          11          27  -5.7235360005730511E-010
          11          28   4.2104341823494832E-009
          11          29   7.9018514780506905E-012
          11          30   1.0362691000043482E-009
          11          31   7.6991729237676906E-010
          11          32   2.3922143745740021E-009
          11          33  -3.7275206815100741E-010
          11          34  -1.1546147923697741E-008
          11          35  -5.8183281687086755E-010
          11          36  -1.1431739296561234E-008
          11          37   8.1076596576139721E-010
          11          38  -1.4639363054988395E-009
          11          39  -9.0923039558114713E-009
          11          40  -6.3660155323332112E-004
          11          41  -2.8622582343788530E-003
          11          42  -2.2253712076179951E-004
          11          43  -5.7293325721680197E-003
          11          44   2.6287223848255422E-004
          11          45  -2.4400452966201310E-006
          11          46   2.0532995597644717E-004
          11          47  -2.8484594445901061E-004
          11          48  -2.8626017503693754E-003
          11          49   5.8735980242413709E-004
          12           1   1.3176115540493148E-008
          12           2   9.1218832312843735E-008
          12           3   2.1696427773934148E-007
          12           4  -9.2203532644459293E-008
          12           5  -1.6765986630069712E-006
          12           6   2.9873997248023463E-006
          12           7  -5.8347367369401571E-007
          12           8  -4.9903128232838695E-006
          12           9  -4.4742481886171604E-004
          12          10  -5.2459365239830073E-005
          12          11  -4.5583938511830941E-004
          12          12   1.9789038868656252     
          12          13  -9.7348965103539542E-005
          12          14  -8.4717314629835115E-004
          12          15  -2.8986892846255979E-002
          12          16  -1.3979996615284210E-004
          12          17  -1.2204762723475441E-003
          12          18  -1.2346496995952340E-002
          12          19  -2.1973341894567563E-005
          12          20  -1.9145201366380633E-004
          12          21  -4.6392628240437273E-003
          12          22   7.5763947505838212E-008
          12          23   1.7915384941433024E-007
          12          24  -7.9596751170609526E-008
          12          25  -1.6995768535848860E-007
          12          26   8.0486649779064425E-008
          12          27  -9.1777675532625397E-008
          12          28   1.4985696013482348E-007
          12          29  -9.7829054991923101E-008
          12          30   5.2033441686658507E-008
          12          31   2.0040914656731623E-008
          12          32   1.5366181360981534E-007
          12          33   1.7769155921461195E-008
          12          34  -9.3350418028913677E-007
          12          35   1.4615722656369236E-008
          12          36  -9.0560120609992341E-007
          12          37   1.8635990821465521E-008
          12          38  -9.4305625760983691E-008
          12          39  -7.2783224337883613E-007
          12          40   6.7223141900059021E-005
          12          41   2.6304761732843314E-004
          12          42   3.2440003772668397E-005
          12          43   6.0264072620375662E-004
          12          44  -4.1007633721324533E-004
          12          45   4.8443971244673124E-005
          12          46  -5.0411352980190557E-005
          12          47   2.1189388722283325E-005
          12          48   1.8514619453835438E-004
          12          49  -9.1863860612082611E-004
          13           1  -3.4242391624258814E-010
          13           2  -2.6795913796787518E-009
          13           3  -6.5076806974874457E-009
          13           4   1.3517128854402516E-009
          13           5   4.1961541199970924E-009
          13           6   4.7742271919302608E-009
          13           7   8.9755387527627121E-004
          13           8   2.7978575514365401E-005
          13           9  -2.9655025692227114E-006
          13          10  -2.8971037376467463E-002
          13          11   9.1818600986568702E-004
          13          12  -9.7348965103539542E-005
          13          13  0.19519123571748831     
          13          14  -1.0500097627442185E-002
          13          15   1.1130043960849156E-003
          13          16  0.35097571895654933     
          13          17  -1.8503646356115601E-002
          13          18   1.9613894199186493E-003
          13          19  0.17614783883698037     
          13          20  -1.1450362876271577E-002
          13          21   1.2136379431388344E-003
          13          22   8.7744883364316849E-010
          13          23   1.2615286180830651E-010
          13          24   9.9160556044501461E-010
          13          25   6.5590048951806254E-010
          13          26  -1.4764649843128568E-009
          13          27   1.7096985986872780E-009
          13          28  -3.8987364223653824E-009
          13          29  -1.2871632158276590E-009
          13          30  -4.8554015500547958E-010
          13          31  -3.7034024776383831E-010
          13          32  -6.1978645349781779E-010
          13          33  -1.8801004222209203E-009
          13          34   1.4216654634404900E-009
          13          35  -2.4875455750005517E-009
          13          36  -5.6786215853071738E-010
          13          37  -1.4856085961270427E-009
          13          38   2.2388863688446265E-009
          13          39  -4.5976790966573957E-010
          13          40   5.5935631922022847E-003
          13          41   9.1727952063091664E-004
          13          42   8.6269010311915834E-003
          13          43  -6.7585499010285185E-004
          13          44  -9.7228281452481179E-005
          13          45  -7.5966047121079575E-004
          13          46  -1.0065449200812119E-005
          13          47   2.4899452484921803E-003
          13          48  -4.9416497727611524E-004
          13          49   1.1817496066323491E-004
          14           1   3.0431115221757715E-011
          14           2   2.8436843658699608E-010
          14           3   1.1587488069360258E-009
          14           4   7.4547731275785139E-010
          14           5  -6.9451843555628512E-010
          14           6  -2.5389191204041637E-009
          14           7   2.7978517866712650E-005
          14           8   1.1378976623311475E-003
          14           9  -2.5816816370599747E-005
          14          10   9.1823435994129365E-004
          14          11  -2.1083657865834025E-002
          14          12  -8.4717314629835115E-004
          14          13  -1.0500097627442185E-002
          14          14  0.10499417134434801     
          14          15   9.6883839466270719E-003
          14          16  -1.8503658161441196E-002
          14          17  0.19202701931552130     
          14          18   1.7073249910789692E-002
          14          19  -1.1450374733767667E-002
          14          20   7.7787667640051975E-002
          14          21   1.0565237943862386E-002
          14          22  -2.8936090290566955E-010
          14          23   2.5421774357102043E-011
          14          24   3.9013436988096013E-010
          14          25   2.1522420098184798E-010
          14          26  -8.6323307884459143E-011
          14          27  -3.2824195307049857E-010
          14          28  -1.3093118640545946E-010
          14          29  -5.5468596880780760E-011
          14          30  -1.0131153916753425E-010
          14          31  -6.6797086051199200E-011
          14          32  -2.3065491186942178E-010
          14          33  -1.6486335121439220E-010
          14          34   4.0849368441121334E-010
          14          35  -4.0180649122755306E-011
          14          36   2.5133682351645550E-010
          14          37   1.2107435751072375E-010
          14          38  -1.6777059208396766E-010
          14          39   1.5999106554699724E-010
          14          40  -1.1140914275738303E-003
          14          41  -1.7327840938148717E-003
          14          42   1.5052420330950857E-003
          14          43   1.3382639936557025E-002
          14          44   4.5489000328592725E-004
          14          45  -1.5922049330463313E-004
          14          46  -1.3888901352065372E-003
          14          47  -4.9416505170756539E-004
          14          48  -1.7549924263272566E-003
          14          49   1.0287809416579478E-003
          15           1  -4.0644282873006981E-010
          15           2  -3.2116804442798310E-009
          15           3  -7.4635568467256106E-009
          15           4   3.0621824275748063E-010
          15           5   1.2518809882819510E-008
          15           6  -5.8255269785232746E-009
          15           7  -2.9656330495688571E-006
          15           8  -2.5816579100797841E-005
          15           9   8.9707683652751242E-004
          15          10  -9.7464209694791927E-005
          15          11  -8.4720181843668334E-004
          15          12  -2.8986892846255979E-002
          15          13   1.1130043960849156E-003
          15          14   9.6883839466270719E-003
          15          15  0.19537053786170114     
          15          16   1.9614092727442550E-003
          15          17   1.7073239636716853E-002
          15          18  0.35129166965081304     
          15          19   1.2136339642900076E-003
          15          20   1.0565225149072507E-002
          15          21  0.17634333596777468     
          15          22   9.6087533770170226E-010
          15          23  -7.8186591911347635E-010
          15          24   2.0332931909786540E-009
          15          25   1.1828461458663660E-009
          15          26  -1.2024995733554051E-009
          15          27   1.2071060215598906E-009
          15          28  -4.2137347548087826E-009
          15          29  -1.6761076159422383E-009
          15          30  -5.0425146588097486E-010
          15          31  -8.5864521036476327E-010
          15          32  -1.3198601536760474E-009
          15          33  -2.3954849102178242E-009
          15          34   6.0161226070053414E-009
          15          35  -1.9938271270748414E-009
          15          36   1.1706113089719628E-009
          15          37  -5.0700598856981435E-011
          15          38   3.1035416045365289E-009
          15          39   1.4966104066367281E-009
          15          40   1.1808047473202811E-004
          15          41   4.5488683693842242E-004
          15          42  -1.0065979482060095E-005
          15          43   6.2359852818176314E-004
          15          44   2.5105362003961201E-003
          15          45   8.2194857913582304E-004
          15          46   8.6252828527195891E-003
          15          47  -9.7104816801907995E-005
          15          48  -8.4529801035840963E-004
          15          49   5.5855792358974303E-003
          16           1  -4.0112762723136438E-010
          16           2  -3.3158410745554205E-009
          16           3  -7.5442649237748050E-009
          16           4   1.3734937069987769E-009
          16           5  -2.0751505843230716E-008
          16           6   5.8845978438415084E-008
          16           7   2.4974303895497593E-003
          16           8   4.2375432625100227E-005
          16           9  -4.4888284517958545E-006
          16          10  -1.2323405620853527E-002
          16          11   1.3223417980628956E-003
          16          12  -1.3979996615284210E-004
          16          13  0.35097571895654933     
          16          14  -1.8503658161441196E-002
          16          15   1.9614092727442550E-003
          16          16  0.63190391948635682     
          16          17  -3.2593116195773271E-002
          16          18   3.4549409875387904E-003
          16          19  0.31712709502181891     
          16          20  -2.0330816389900662E-002
          16          21   2.1549229678459736E-003
          16          22   3.0098077537463945E-009
          16          23   2.9443673969069718E-009
          16          24   5.5934946862414041E-010
          16          25  -1.7984167337786477E-009
          16          26  -2.1559165508940961E-009
          16          27   9.9398944257557178E-010
          16          28  -4.9815249784760759E-009
          16          29  -4.2082091617198994E-009
          16          30  -1.1683171542695164E-010
          16          31  -4.4567986210360028E-010
          16          32   1.3162504461950112E-009
          16          33  -3.1148172276754617E-009
          16          34  -1.3166593467887941E-008
          16          35  -4.1159044796792590E-009
          16          36  -1.6267310297221613E-008
          16          37  -2.4784513834428521E-009
          16          38   2.5210256782170934E-009
          16          39  -1.3088417990551450E-008
          16          40   1.0030080007554086E-002
          16          41   1.6562456891033798E-003
          16          42   1.5589426994791742E-002
          16          43  -1.1923395796094381E-003
          16          44  -1.7555335489969606E-004
          16          45  -1.3770708858350672E-003
          16          46  -2.4125448652520033E-005
          16          47   4.4646732977367178E-003
          16          48  -9.0085352196736035E-004
          16          49   2.1553119710724148E-004
