           1           1   2.0697734689167353     
           1           2 -0.10326067028892064     
           1           3 -0.27188332778915503     
           1           4 -0.13999675296668276     
           1           5  -7.4767441707023984E-013
           1           6   4.7723499991081963E-013
           1           7   8.8783002486306029E-013
           1           8  -7.1895230286101720E-013
           1           9   7.7591747516867148E-013
           1          10   7.0772858814316306E-013
           1          11  -4.8165567739496355E-013
           1          12   4.1985335115324819E-013
           1          13   1.3970841510149996E-012
           1          14   3.6014569351431984E-002
           1          15   1.2748119599593783E-004
           1          16   3.5908614694889138E-002
           1          17   1.1008674882460680E-005
           1          18   6.9279156941099844E-006
           1          19   3.5839655273911530E-002
           1          20   4.8586027248008548E-003
           1          21   1.4295584111207425E-005
           1          22   4.8467211278926886E-003
           1          23   1.2344987442358202E-006
           1          24   7.7688720440257601E-007
           1          25   4.8389881373887096E-003
           1          26   7.4309615017180975E-014
           1          27  -1.7032415725212318E-014
           1          28   4.5409737199758522E-014
           1          29  -4.9565836927737863E-015
           1          30  -1.7621373666691608E-013
           1          31   2.7441801895062060E-014
           1          32  -2.1433141593598347E-013
           1          33   9.7864662444710003E-014
           1          34  -2.1593658792115566E-014
           1          35  -7.0176223595123235E-013
           2           1 -0.10326067028892064     
           2           2   5.7949136191023126E-002
           2           3  0.18617898206405969     
           2           4  0.11370076471016312     
           2           5  -3.9212292934528964E-013
           2           6   9.1686622881464210E-013
           2           7   5.3991247713395562E-013
           2           8  -2.6073556515162512E-013
           2           9   6.6808039998279889E-013
           2          10   1.4863848196050876E-013
           2          11   3.0704128128886278E-014
           2          12   1.6454218556457155E-013
           2          13  -8.5384550107543806E-013
           2          14  -9.2152939333081446E-005
           2          15  -2.4619134513373039E-004
           2          16   1.1246642243901289E-004
           2          17  -2.1259923744522099E-005
           2          18  -1.3379172587600253E-005
           2          19   2.4564068660626933E-004
           2          20   5.5082631815227372E-003
           2          21  -3.8438056593866326E-004
           2          22   5.8277370488489287E-003
           2          23  -3.3193290530129189E-005
           2          24  -2.0889007715756754E-005
           2          25   6.0356630212393932E-003
           2          26  -1.8486516155269070E-014
           2          27   1.4891358109036880E-014
           2          28  -2.5182124592594529E-014
           2          29   2.2114654205203956E-014
           2          30   2.1114074951165827E-014
           2          31  -3.0877084933331047E-014
           2          32   9.1003695481215011E-014
           2          33  -6.8613971219399606E-014
           2          34   2.2741373883743680E-014
           2          35   3.4989464596436199E-013
           3           1 -0.27188332778915503     
           3           2  0.18617898206405969     
           3           3  0.60154204083466956     
           3           4  0.36393833595088110     
           3           5  -1.3528830269368445E-012
           3           6   2.5971721868027320E-012
           3           7   5.9175544642718747E-012
           3           8  -8.6373362296199728E-013
           3           9   1.7244028524216531E-012
           3          10   4.3181886316275551E-012
           3          11   1.5341591297127132E-013
           3          12   3.0178015310082859E-013
           3          13  -1.4643004195542067E-012
           3          14   6.7082658078847462E-004
           3          15  -1.1087526768435536E-003
           3          16   1.5923547748797880E-003
           3          17  -9.5746651864195721E-005
           3          18  -6.0254729450382377E-005
           3          19   2.1921212354027455E-003
           3          20   1.7240764651287686E-002
           3          21  -2.5191129193717788E-003
           3          22   1.9334498926860576E-002
           3          23  -2.1753869772331118E-004
           3          24  -1.3690018438746896E-004
           3          25   2.0697182389307109E-002
           3          26  -6.9752622335607380E-014
           3          27   4.5427248188572364E-014
           3          28  -7.9524369344847213E-014
           3          29   6.9687360674145888E-014
           3          30   1.0641696979381795E-013
           3          31  -9.4607351292773385E-014
           3          32   3.3587107606779740E-013
           3          33  -2.2814155363906712E-013
           3          34   7.7715049080481468E-014
           3          35   1.2361628662127952E-012
           4           1 -0.13999675296668276     
           4           2  0.11370076471016312     
           4           3  0.36393833595088110     
           4           4  0.23271315551022020     
           4           5   6.8260603354154773E-012
           4           6  -8.4018308474563906E-012
           4           7  -1.7085513120506926E-011
           4           8   6.8450008443691389E-012
           4           9  -8.5680085677630347E-012
           4          10  -1.7037590841479523E-011
           4          11   2.8847839478371117E-012
           4          12  -3.5411699546721071E-012
           4          13  -8.1094741515658563E-012
           4          14   1.3983315681370123E-003
           4          15   2.0132714027040711E-004
           4          16   1.2310006163444589E-003
           4          17   1.7385659362325397E-005
           4          18   1.0941040038602102E-005
           4          19   1.1220952015909482E-003
           4          20   1.3375085618174812E-002
           4          21   2.0681987428234974E-003
           4          22   1.1656123861446528E-002
           4          23   1.7859988111882242E-004
           4          24   1.1239543794491855E-004
           4          25   1.0537356797568570E-002
           4          26   9.0095149479612825E-014
           4          27  -4.9727559078018997E-014
           4          28   3.0469520554500232E-014
           4          29  -1.2819649116189216E-013
           4          30  -1.1394371428721206E-013
           4          31  -5.9512693857099486E-014
           4          32   1.3287371008037318E-014
           4          33  -5.8056897886366023E-014
           4          34  -5.1473685222154515E-014
           4          35   2.6784230059213592E-013
           5           1  -7.4767441707023984E-013
           5           2  -3.9212292934528964E-013
           5           3  -1.3528830269368445E-012
           5           4   6.8260603354154773E-012
           5           5   6.9210612311501274E-002
           5           6 -0.10916377971889123     
           5           7  -9.4268687099424049E-003
           5           8   6.8150684474769005E-002
           5           9 -0.10749198783343065     
           5          10  -9.2825006099808947E-003
           5          11   2.7479644806588849E-002
           5          12  -4.3342802226758438E-002
           5          13  -3.7428796597086750E-003
           5          14  -1.9526958331827379E-013
           5          15  -1.8383315993734907E-013
           5          16   8.3916888674147509E-013
           5          17   8.4800099899801901E-013
           5          18   4.6424953326627324E-013
           5          19   2.7736370502040779E-013
           5          20  -2.2337313714771230E-012
           5          21  -3.2454340087178898E-013
           5          22  -1.3975401908084494E-012
           5          23   1.5077281150174638E-012
           5          24  -1.6702998437146150E-012
           5          25   9.4770548727055677E-013
           5          26   9.0605544706277830E-004
           5          27  -8.2027558389753631E-004
           5          28   7.7788102327969069E-004
           5          29  -1.7356989069114612E-003
           5          30  -7.0835128776115472E-005
           5          31   2.2808875056264881E-005
           5          32  -5.1502592070199104E-005
           5          33   5.5084494024487988E-004
           5          34  -8.6412888863066019E-004
           5          35  -1.6711902329102113E-004
           6           1   4.7723499991081963E-013
           6           2   9.1686622881464210E-013
           6           3   2.5971721868027320E-012
           6           4  -8.4018308474563906E-012
           6           5 -0.10916377971889123     
           6           6  0.17397697851845970     
           6           7  -5.9324621213572562E-003
           6           8 -0.10749198799795052     
           6           9  0.17131260300656426     
           6          10  -5.8416091965222934E-003
           6          11  -4.3342802397686890E-002
           6          12   6.9076481132686274E-002
           6          13  -2.3554471302006438E-003
           6          14   3.5165896483451947E-013
           6          15   4.4928505851334783E-013
           6          16  -1.4059184022539430E-012
           6          17  -1.3819685406397540E-012
           6          18  -7.7899686739333122E-013
           6          19  -5.3862330224144476E-013
           6          20   3.8527994801038300E-012
           6          21   4.6335225527130006E-013
           6          22   2.4024120402650863E-012
           6          23  -2.3279986688528568E-012
           6          24   2.5363838065760470E-012
           6          25  -1.7717141036427579E-012
           6          26  -1.4290935151716733E-003
           6          27   1.3043121254434674E-003
           6          28  -1.2316298891518263E-003
           6          29   2.7662256860307775E-003
           6          30  -1.0056424552444544E-005
           6          31  -4.7739618993413792E-006
           6          32  -6.6932437669079515E-005
           6          33  -8.6412889031406729E-004
           6          34   1.3801643695448285E-003
           6          35  -1.0517037020359654E-004
           7           1   8.8783002486306029E-013
           7           2   5.3991247713395562E-013
           7           3   5.9175544642718747E-012
           7           4  -1.7085513120506926E-011
           7           5  -9.4268687099424049E-003
           7           6  -5.9324621213572562E-003
           7           7  0.24216299655500434     
           7           8  -9.2825006309487056E-003
           7           9  -5.8416092016556568E-003
           7          10  0.23845438276641653     
           7          11  -3.7428796774758690E-003
           7          12  -2.3554471285917038E-003
           7          13   9.6149312242844814E-002
           7          14  -3.1572595645238939E-013
           7          15  -1.5153203125865547E-012
           7          16   7.4909331060024208E-013
           7          17   4.2545755552798607E-013
           7          18   4.9469703195179914E-013
           7          19   8.7876210984053718E-013
           7          20  -2.1777470669754724E-012
           7          21   1.9048744098101313E-012
           7          22  -1.8482874251795270E-012
           7          23  -6.7332268207027482E-013
           7          24   1.4344149168199848E-012
           7          25   2.6308483941399813E-012
           7          26  -1.2340977008873429E-004
           7          27  -1.0056426563867860E-005
           7          28  -5.1502592084672444E-005
           7          29  -9.4325865684939588E-005
           7          30   1.4198978250994703E-003
           7          31  -3.6442541203412745E-004
           7          32   1.7227861348789223E-003
           7          33  -1.2947724393146538E-004
           7          34  -8.1481866240074044E-005
           7          35   4.2930526209683066E-003
           8           1  -7.1895230286101720E-013
           8           2  -2.6073556515162512E-013
           8           3  -8.6373362296199728E-013
           8           4   6.8450008443691389E-012
           8           5   6.8150684474769005E-002
           8           6 -0.10749198799795052     
           8           7  -9.2825006309487056E-003
           8           8   6.7106988932211842E-002
           8           9 -0.10584579881551513     
           8          10  -9.1403434608198601E-003
           8          11   2.7058807026062826E-002
           8          12  -4.2679027684399622E-002
           8          13  -3.6855592107873031E-003
           8          14  -1.9434349872503559E-013
           8          15  -1.9353492210567464E-013
           8          16   8.3465647512931683E-013
           8          17   8.3393334837598412E-013
           8          18   4.5645953529139837E-013
           8          19   2.8822603751245270E-013
           8          20  -2.2215139932918534E-012
           8          21  -3.6989926524308429E-013
           8          22  -1.3563006799003334E-012
           8          23   1.4802920471605938E-012
           8          24  -1.6474549418557496E-012
           8          25   9.8025195849362412E-013
           8          26   8.9217963585564125E-004
           8          27  -8.0771345079656007E-004
           8          28   7.6596814283955833E-004
           8          29  -1.7091174980403807E-003
           8          30  -6.9750322018254091E-005
           8          31   2.2459567852224738E-005
           8          32  -5.0713853933092112E-005
           8          33   5.4240901016170816E-004
           8          34  -8.5089516289329678E-004
           8          35  -1.6455967372350442E-004
           9           1   7.7591747516867148E-013
           9           2   6.6808039998279889E-013
           9           3   1.7244028524216531E-012
           9           4  -8.5680085677630347E-012
           9           5 -0.10749198783343065     
           9           6  0.17131260300656426     
           9           7  -5.8416092016556568E-003
           9           8 -0.10584579881551513     
           9           9  0.16868903115115741     
           9          10  -5.7521476474381248E-003
           9          11  -4.2679027787388801E-002
           9          12   6.8018607347630794E-002
           9          13  -2.3193745443831843E-003
           9          14   3.5294480690016064E-013
           9          15   4.5894714070018543E-013
           9          16  -1.3914653587614056E-012
           9          17  -1.3593757959764499E-012
           9          18  -7.6616789211064147E-013
           9          19  -5.4640103313579485E-013
           9          20   3.8171179574572964E-012
           9          21   5.2195650089255265E-013
           9          22   2.3343364297312351E-012
           9          23  -2.2866729006265999E-012
           9          24   2.5011107379439069E-012
           9          25  -1.8114046983436908E-012
           9          26  -1.4072076208907988E-003
           9          27   1.2843371993634784E-003
           9          28  -1.2127680573129985E-003
           9          29   2.7238622420797456E-003
           9          30  -9.9024148196366223E-006
           9          31  -4.7008510042385430E-006
           9          32  -6.5907398505452301E-005
           9          33  -8.5089516325583079E-004
           9          34   1.3590278020443787E-003
           9          35  -1.0355973451749647E-004
          10           1   7.0772858814316306E-013
          10           2   1.4863848196050876E-013
          10           3   4.3181886316275551E-012
          10           4  -1.7037590841479523E-011
          10           5  -9.2825006099808947E-003
          10           6  -5.8416091965222934E-003
          10           7  0.23845438276641653     
          10           8  -9.1403434608198601E-003
          10           9  -5.7521476474381248E-003
          10          10  0.23480256467505975     
          10          11  -3.6855592199572622E-003
          10          12  -2.3193745407607143E-003
          10          13   9.4676830194721256E-002
          10          14  -2.9822643235366593E-013
          10          15  -1.4384860531818252E-012
          10          16   7.0571340938157108E-013
          10          17   4.2357291707447721E-013
          10          18   4.9003535991347978E-013
          10          19   8.0438706349482251E-013
          10          20  -2.0320656760196986E-012
          10          21   2.0925952830230953E-012
          10          22  -1.8879200175472137E-012
          10          23  -6.4428119067647951E-013
          10          24   1.4242344903204184E-012
          10          25   2.4052942059568577E-012
          10          26  -1.2151980698724263E-004
          10          27  -9.9024168864517353E-006
          10          28  -5.0713853980827121E-005
          10          29  -9.2881308499447417E-005
          10          30   1.3981527495650137E-003
          10          31  -3.5884440615478671E-004
          10          32   1.6964024655888063E-003
          10          33  -1.2749436021040515E-004
          10          34  -8.0234009126685482E-005
          10          35   4.2273065145368906E-003
          11           1  -4.8165567739496355E-013
          11           2   3.0704128128886278E-014
          11           3   1.5341591297127132E-013
          11           4   2.8847839478371117E-012
          11           5   2.7479644806588849E-002
          11           6  -4.3342802397686890E-002
          11           7  -3.7428796774758690E-003
          11           8   2.7058807026062826E-002
          11           9  -4.2679027787388801E-002
          11          10  -3.6855592199572622E-003
          11          11   1.0910622713430311E-002
          11          12  -1.7208991087648420E-002
          11          13  -1.4860871244325407E-003
          11          14  -8.4836821528365913E-014
          11          15  -9.1784309237246107E-014
          11          16   3.4150140949529239E-013
          11          17   3.3507053939917005E-013
          11          18   1.8330602196191435E-013
          11          19   1.2860679575978417E-013
          11          20  -9.2187509887585600E-013
          11          21  -2.0427662793757964E-013
          11          22  -5.2718712304589834E-013
          11          23   5.9212130491051787E-013
          11          24  -6.6728080172656819E-013
          11          25   4.4477496636674788E-013
          11          26   3.5974370156269665E-004
          11          27  -3.2568533843298095E-004
          11          28   3.0885284076741579E-004
          11          29  -6.8914849722014288E-004
          11          30  -2.8124648200049975E-005
          11          31   9.0561223170695922E-006
          11          32  -2.0448784106422073E-005
          11          33   2.1870957059532962E-004
          11          34  -3.4309702141723891E-004
          11          35  -6.6353570336231103E-005
          12           1   4.1985335115324819E-013
          12           2   1.6454218556457155E-013
          12           3   3.0178015310082859E-013
          12           4  -3.5411699546721071E-012
          12           5  -4.3342802226758438E-002
          12           6   6.9076481132686274E-002
          12           7  -2.3554471285917038E-003
          12           8  -4.2679027684399622E-002
          12           9   6.8018607347630794E-002
          12          10  -2.3193745407607143E-003
          12          11  -1.7208991087648420E-002
          12          12   2.7426388745842481E-002
          12          13  -9.3521560962134460E-004
          12          14   1.4696386426240775E-013
          12          15   1.9667202415599291E-013
          12          16  -5.6606970137901919E-013
          12          17  -5.4712293632070932E-013
          12          18  -3.0830212310404430E-013
          12          19  -2.3160724322551451E-013
          12          20   1.5619717331046777E-012
          12          21   2.5736967191869942E-013
          12          22   9.2509997012931029E-013
          12          23  -9.1797909428625050E-013
          12          24   1.0110442866574030E-012
          12          25  -7.7191498678933961E-013
          12          26  -5.6741272380943133E-004
          12          27   5.1786904621698240E-004
          12          28  -4.8901101477797628E-004
          12          29   1.0983127654995031E-003
          12          30  -3.9928399227556498E-006
          12          31  -1.8954722748887153E-006
          12          32  -2.6575108214727380E-005
          12          33  -3.4309702075629843E-004
          12          34   5.4798570960361834E-004
          12          35  -4.1757240323063818E-005
          13           1   1.3970841510149996E-012
          13           2  -8.5384550107543806E-013
          13           3  -1.4643004195542067E-012
          13           4  -8.1094741515658563E-012
          13           5  -3.7428796597086750E-003
          13           6  -2.3554471302006438E-003
          13           7   9.6149312242844814E-002
          13           8  -3.6855592107873031E-003
          13           9  -2.3193745443831843E-003
          13          10   9.4676830194721256E-002
          13          11  -1.4860871244325407E-003
          13          12  -9.3521560962134460E-004
          13          13   3.8175486660994670E-002
          13          14  -1.0025544588438619E-013
          13          15  -5.2379741839594718E-013
          13          16   2.5781930295773943E-013
          13          17   1.7564812954083013E-013
          13          18   2.0064716729897843E-013
          13          19   2.6719088722076167E-013
          13          20  -7.5370285787547538E-013
          13          21   1.0658198246682076E-012
          13          22  -8.8013170583101018E-013
          13          23  -2.4061151612971234E-013
          13          24   5.8634524977443536E-013
          13          25   7.3086036090489244E-013
          13          26  -4.8999082567817969E-005
          13          27  -3.9928411006903510E-006
          13          28  -2.0448784508494908E-005
          13          29  -3.7451497386122541E-005
          13          30   5.6376160389111861E-004
          13          31  -1.4469284420307843E-004
          13          32   6.8402152419678043E-004
          13          33  -5.1408135099156261E-005
          13          34  -3.2351867837658889E-005
          13          35   1.7045298530351167E-003
          14           1   3.6014569351431984E-002
          14           2  -9.2152939333081446E-005
          14           3   6.7082658078847462E-004
          14           4   1.3983315681370123E-003
          14           5  -1.9526958331827379E-013
          14           6   3.5165896483451947E-013
          14           7  -3.1572595645238939E-013
          14           8  -1.9434349872503559E-013
          14           9   3.5294480690016064E-013
          14          10  -2.9822643235366593E-013
          14          11  -8.4836821528365913E-014
          14          12   1.4696386426240775E-013
          14          13  -1.0025544588438619E-013
          14          14   7.0822299363022053E-004
          14          15   3.1948637332933383E-005
          14          16   6.8166921768356419E-004
          14          17   2.7589335030534021E-006
          14          18   1.7362359635396452E-006
          14          19   6.6438698961517582E-004
          14          20   3.8209202905062730E-004
          14          21   1.3005256849504826E-004
          14          22   2.7400019866997543E-004
          14          23   1.1230725878980915E-005
          14          24   7.0676550034408710E-006
          14          25   2.0364984000614578E-004
          14          26  -7.3037786499038560E-017
          14          27   2.3765967957456785E-015
          14          28  -2.0290513150126070E-015
          14          29   4.9463195324169597E-015
          14          30  -6.9138531512674000E-015
          14          31  -1.3115145106371382E-015
          14          32  -5.5097549896624053E-015
          14          33  -9.5154027302828104E-016
          14          34   1.9213355580843580E-015
          14          35  -1.3109927413181520E-014
          15           1   1.2748119599593783E-004
          15           2  -2.4619134513373039E-004
          15           3  -1.1087526768435536E-003
          15           4   2.0132714027040711E-004
          15           5  -1.8383315993734907E-013
          15           6   4.4928505851334783E-013
          15           7  -1.5153203125865547E-012
          15           8  -1.9353492210567464E-013
          15           9   4.5894714070018543E-013
          15          10  -1.4384860531818252E-012
          15          11  -9.1784309237246107E-014
          15          12   1.9667202415599291E-013
          15          13  -5.2379741839594718E-013
          15          14   3.1948637332933383E-005
          15          15   6.5493107330162652E-005
          15          16  -2.2485274337570404E-005
          15          17   5.6556756456130888E-006
          15          18   3.5591969136764319E-006
          15          19  -5.7912978849870879E-005
          15          20   1.6692285195449408E-004
          15          21   2.6253712128563970E-004
          15          22  -5.1282127123553872E-005
          15          23   2.2671466417573834E-005
          15          24   1.4267475186266045E-005
          15          25  -1.9329839606951641E-004
          15          26  -5.6348703049549157E-017
          15          27   3.1320612775285978E-015
          15          28  -2.5254096807336811E-015
          15          29   6.2014935403000471E-015
          15          30  -1.2801988962444240E-014
          15          31  -3.4660046466909382E-017
          15          32  -1.4473424997279934E-014
          15          33   3.3272663978097652E-016
          15          34   2.0614218354310470E-015
          15          35  -3.6896614130473716E-014
          16           1   3.5908614694889138E-002
          16           2   1.1246642243901289E-004
          16           3   1.5923547748797880E-003
          16           4   1.2310006163444589E-003
          16           5   8.3916888674147509E-013
          16           6  -1.4059184022539430E-012
          16           7   7.4909331060024208E-013
          16           8   8.3465647512931683E-013
          16           9  -1.3914653587614056E-012
          16          10   7.0571340938157108E-013
          16          11   3.4150140949529239E-013
          16          12  -5.6606970137901919E-013
          16          13   2.5781930295773943E-013
          16          14   6.8166921768356419E-004
          16          15  -2.2485274337570404E-005
          16          16   7.0035761851766328E-004
          16          17  -1.9417222007345008E-006
          16          18  -1.2219533530904085E-006
          16          19   7.1252075678972823E-004
          16          20   2.4335584505553347E-004
          16          21  -8.8152416011645575E-005
          16          22   3.1662280251351882E-004
          16          23  -7.6124264880642581E-006
          16          24  -4.7906078841971424E-006
          16          25   3.6430778153184740E-004
          16          26   1.1515688881060748E-014
          16          27  -1.0638074802355157E-014
          16          28   9.9621958789720937E-015
          16          29  -2.2216045897030845E-014
          16          30   2.3876539895920695E-015
          16          31  -8.8034643306737938E-016
          16          32   5.3326772962952546E-015
          16          33   5.8057688518469284E-015
          16          34  -1.0738165340967730E-014
          16          35   1.4106035056921799E-014
          17           1   1.1008674882460680E-005
          17           2  -2.1259923744522099E-005
          17           3  -9.5746651864195721E-005
          17           4   1.7385659362325397E-005
          17           5   8.4800099899801901E-013
          17           6  -1.3819685406397540E-012
          17           7   4.2545755552798607E-013
          17           8   8.3393334837598412E-013
          17           9  -1.3593757959764499E-012
          17          10   4.2357291707447721E-013
          17          11   3.3507053939917005E-013
          17          12  -5.4712293632070932E-013
          17          13   1.7564812954083013E-013
          17          14   2.7589335030534021E-006
          17          15   5.6556756456130888E-006
          17          16  -1.9417222007345008E-006
          17          17   4.8839745604267081E-007
          17          18   3.0735544736248020E-007
          17          19  -5.0010915566593217E-006
          17          20   1.4414669547918174E-005
          17          21   2.2671466705533178E-005
          17          22  -4.4284825896691631E-006
          17          23   1.9578008379714541E-006
          17          24   1.2320718193048319E-006
          17          25  -1.6692337305853813E-005
          17          26   1.1304375389416184E-014
          17          27  -1.0308827415180459E-014
          17          28   9.6436542856893915E-015
          17          29  -2.2054590908409391E-014
          17          30   1.9561987553169000E-015
          17          31  -7.2926411251346092E-016
          17          32   2.9080146378568440E-015
          17          33   6.7519441737948515E-015
          17          34  -1.1165213420830129E-014
          17          35   6.6760778359190078E-015
          18           1   6.9279156941099844E-006
          18           2  -1.3379172587600253E-005
          18           3  -6.0254729450382377E-005
          18           4   1.0941040038602102E-005
          18           5   4.6424953326627324E-013
          18           6  -7.7899686739333122E-013
          18           7   4.9469703195179914E-013
          18           8   4.5645953529139837E-013
          18           9  -7.6616789211064147E-013
          18          10   4.9003535991347978E-013
          18          11   1.8330602196191435E-013
          18          12  -3.0830212310404430E-013
          18          13   2.0064716729897843E-013
          18          14   1.7362359635396452E-006
          18          15   3.5591969136764319E-006
          18          16  -1.2219533530904085E-006
          18          17   3.0735544736248020E-007
          18          18   1.9342314308684032E-007
          18          19  -3.1472578881639526E-006
          18          20   9.0713559117014271E-006
          18          21   1.4267475600352675E-005
          18          22  -2.7869070250827550E-006
          18          23   1.2320718394143626E-006
          18          24   7.7536027325147044E-007
          18          25  -1.0504724764979158E-005
          18          26   6.2053443257798324E-015
          18          27  -5.7748191918507785E-015
          18          28   5.3379354484694459E-015
          18          29  -1.2437212154207065E-014
          18          30   2.5754574213377108E-015
          18          31  -8.0805576067931883E-016
          18          32   3.4309247327767013E-015
          18          33   3.6475024992755273E-015
          18          34  -6.3396610522815277E-015
          18          35   8.2247177872311578E-015
          19           1   3.5839655273911530E-002
          19           2   2.4564068660626933E-004
          19           3   2.1921212354027455E-003
          19           4   1.1220952015909482E-003
          19           5   2.7736370502040779E-013
          19           6  -5.3862330224144476E-013
          19           7   8.7876210984053718E-013
          19           8   2.8822603751245270E-013
          19           9  -5.4640103313579485E-013
          19          10   8.0438706349482251E-013
          19          11   1.2860679575978417E-013
          19          12  -2.3160724322551451E-013
          19          13   2.6719088722076167E-013
          19          14   6.6438698961517582E-004
          19          15  -5.7912978849870879E-005
          19          16   7.1252075678972823E-004
          19          17  -5.0010915566593217E-006
          19          18  -3.1472578881639526E-006
          19          19   7.4384808345010064E-004
          19          20   1.5306095054609816E-004
          19          21  -2.3016869705068748E-004
          19          22   3.4436325280071784E-004
          19          23  -1.9876282092782046E-005
          19          24  -1.2508426057291985E-005
          19          25   4.6887021517888743E-004
          19          26   2.8895943204171273E-015
          19          27  -4.1009073020605074E-015
          19          28   3.7199712643189205E-015
          19          29  -7.9164679594006876E-015
          19          30   5.4223845886584863E-015
          19          31   9.0620555046872222E-017
          19          32   8.0974085129663610E-015
          19          33   5.3927207936505079E-016
          19          34  -2.9522115635970602E-015
          19          35   2.1832079185632004E-014
          20           1   4.8586027248008548E-003
          20           2   5.5082631815227372E-003
          20           3   1.7240764651287686E-002
          20           4   1.3375085618174812E-002
          20           5  -2.2337313714771230E-012
          20           6   3.8527994801038300E-012
          20           7  -2.1777470669754724E-012
          20           8  -2.2215139932918534E-012
          20           9   3.8171179574572964E-012
          20          10  -2.0320656760196986E-012
          20          11  -9.2187509887585600E-013
          20          12   1.5619717331046777E-012
          20          13  -7.5370285787547538E-013
          20          14   3.8209202905062730E-004
          20          15   1.6692285195449408E-004
          20          16   2.4335584505553347E-004
          20          17   1.4414669547918174E-005
          20          18   9.0713559117014271E-006
          20          19   1.5306095054609816E-004
          20          20   1.2146939599909977E-003
          20          21   7.3939859082767536E-004
          20          22   6.0015056259302320E-004
          20          23   6.3850971842020575E-005
          20          24   4.0182321734644368E-005
          20          25   2.0018186681329517E-004
          20          26  -2.3146302886947351E-014
          20          27   2.9330687659005422E-014
          20          28  -2.8114699485698775E-014
          20          29   5.9266034746582306E-014
          20          30  -2.3450273318768457E-014
          20          31  -7.2939905850250257E-015
          20          32  -1.8046305646459438E-014
          20          33  -2.0032766797947603E-014
          20          34   2.7413288712873627E-014
          20          35  -3.2888869019366763E-014
          21           1   1.4295584111207425E-005
          21           2  -3.8438056593866326E-004
          21           3  -2.5191129193717788E-003
          21           4   2.0681987428234974E-003
          21           5  -3.2454340087178898E-013
          21           6   4.6335225527130006E-013
          21           7   1.9048744098101313E-012
          21           8  -3.6989926524308429E-013
          21           9   5.2195650089255265E-013
          21          10   2.0925952830230953E-012
          21          11  -2.0427662793757964E-013
          21          12   2.5736967191869942E-013
          21          13   1.0658198246682076E-012
          21          14   1.3005256849504826E-004
          21          15   2.6253712128563970E-004
          21          16  -8.8152416011645575E-005
          21          17   2.2671466705533178E-005
          21          18   1.4267475600352675E-005
          21          19  -2.3016869705068748E-004
          21          20   7.3939859082767536E-004
          21          21   1.0783757838101241E-003
          21          22  -1.5688214933202099E-004
          21          23   9.3123441935898490E-005
          21          24   5.8603902048400007E-005
          21          25  -7.4021644003054534E-004
          21          26   5.1975641067455078E-015
          21          27   3.9070827249335715E-015
          21          28  -3.9175208622844012E-015
          21          29   3.8759054728530247E-015
          21          30  -4.8140914138305514E-015
          21          31  -1.2608780534863043E-014
          21          32  -4.7120585513010523E-016
          21          33   2.2054482622102517E-015
          21          34  -3.4360268235573116E-015
          21          35  -3.5996709018064499E-015
          22           1   4.8467211278926886E-003
          22           2   5.8277370488489287E-003
          22           3   1.9334498926860576E-002
          22           4   1.1656123861446528E-002
          22           5  -1.3975401908084494E-012
          22           6   2.4024120402650863E-012
          22           7  -1.8482874251795270E-012
          22           8  -1.3563006799003334E-012
          22           9   2.3343364297312351E-012
          22          10  -1.8879200175472137E-012
          22          11  -5.2718712304589834E-013
          22          12   9.2509997012931029E-013
          22          13  -8.8013170583101018E-013
          22          14   2.7400019866997543E-004
          22          15  -5.1282127123553872E-005
          22          16   3.1662280251351882E-004
          22          17  -4.4284825896691631E-006
          22          18  -2.7869070250827550E-006
          22          19   3.4436325280071784E-004
          22          20   6.0015056259302320E-004
          22          21  -1.5688214933202099E-004
          22          22   7.3054151669070338E-004
          22          23  -1.3547601751339845E-005
          22          24  -8.5256977635334427E-006
          22          25   8.1540500805499109E-004
          22          26  -2.0050644439978904E-014
          22          27   1.8363848761380426E-014
          22          28  -1.8042382020461065E-014
          22          29   3.9106761817859318E-014
          22          30  -8.3791850052868808E-015
          22          31   3.8759694199069127E-016
          22          32  -3.9027129494766588E-015
          22          33  -1.7807230737524847E-014
          22          34   2.1551317550178088E-014
          22          35   4.0107783263527177E-015
          23           1   1.2344987442358202E-006
          23           2  -3.3193290530129189E-005
          23           3  -2.1753869772331118E-004
          23           4   1.7859988111882242E-004
          23           5   1.5077281150174638E-012
          23           6  -2.3279986688528568E-012
          23           7  -6.7332268207027482E-013
          23           8   1.4802920471605938E-012
          23           9  -2.2866729006265999E-012
          23          10  -6.4428119067647951E-013
          23          11   5.9212130491051787E-013
          23          12  -9.1797909428625050E-013
          23          13  -2.4061151612971234E-013
          23          14   1.1230725878980915E-005
