           1           1   2.6155478439283328     
           1           2 -0.31294736846798904     
           1           3  -2.5054970164519998     
           1           4  -5.7985789929622555E-002
           1           5   2.1543340701190896E-014
           1           6  -5.3480943939099083E-014
           1           7   2.5585031461662385E-014
           1           8   4.4956147496527896E-014
           1           9  -3.0067263347138101E-014
           1          10  -1.1941972913310679E-013
           1          11  -2.9120002119895718E-014
           1          12   5.6838678035396207E-015
           1          13   6.9036841717821415E-014
           1          14  0.36339966764808940     
           1          15   9.9300705663517439E-015
           1          16  0.36339966764813714     
           1          17  -1.1911553995804697E-014
           1          18  -1.3130971105428755E-014
           1          19  0.36339966764811993     
           1          20  0.66533304192119735     
           1          21   1.1559355297183069E-014
           1          22  0.66533304192118559     
           1          23   5.8860548621553851E-015
           1          24   2.9348006770357171E-014
           1          25  0.66533304192121578     
           1          26  -3.3374017509250225E-015
           1          27   4.9414616055727119E-014
           1          28  -4.0056628878152894E-014
           1          29  -8.7038868185978401E-015
           1          30   1.6647199311930656E-014
           1          31  -1.6880505615638884E-014
           1          32   4.4548940837606462E-014
           1          33  -1.9631310731732007E-014
           1          34   1.8923046158141425E-014
           1          35   2.2026564324993734E-014
           2           1 -0.31294736846798904     
           2           2  0.44559821652143655     
           2           3   1.9054195311466104     
           2           4   4.3330040442903776E-002
           2           5  -1.6034595889833844E-014
           2           6   1.0839630819306471E-013
           2           7   3.7086123984459844E-014
           2           8  -3.7382427304916458E-015
           2           9   5.0543574012629261E-015
           2          10   1.4046486680702006E-014
           2          11   1.6218681820644356E-015
           2          12  -7.3687941549444536E-016
           2          13  -5.4405501069425822E-015
           2          14 -0.22596765517015521     
           2          15  -4.8650656251270985E-016
           2          16 -0.22596765517015563     
           2          17  -4.6272932772403714E-016
           2          18   1.4143999872016827E-015
           2          19 -0.22596765517015380     
           2          20 -0.48531193362642167     
           2          21  -1.3631418019726683E-015
           2          22 -0.48531193362641567     
           2          23  -8.8686231288807771E-016
           2          24  -2.4055843719768084E-016
           2          25 -0.48531193362641789     
           2          26   4.4085500264799127E-015
           2          27  -8.0363986685544310E-015
           2          28   1.8137950958612950E-015
           2          29  -1.8217833735717273E-014
           2          30  -5.9517650105532157E-015
           2          31  -2.2611644941362111E-016
           2          32  -5.3088808466668357E-015
           2          33   9.3281113562047269E-016
           2          34  -9.0047437822723523E-015
           2          35  -1.3695925103818337E-014
           3           1  -2.5054970164519998     
           3           2   1.9054195311466104     
           3           3   8.7165061648216930     
           3           4  0.19870899207325990     
           3           5  -7.0805087744879270E-014
           3           6   3.9198264674340217E-013
           3           7   1.5342662100349858E-013
           3           8  -3.6450889033547827E-014
           3           9   3.1054238149036119E-014
           3          10   1.1459339150498553E-013
           3          11   2.0538304918836776E-014
           3          12  -5.0060874748641382E-015
           3          13  -5.5258811871950762E-014
           3          14  -1.0659965891832375     
           3          15  -6.7521706661935238E-015
           3          16  -1.0659965891832626     
           3          17   3.9834220937178967E-015
           3          18   1.1962011134169167E-014
           3          19  -1.0659965891832470     
           3          20  -2.2333448816071075     
           3          21  -1.0994616503835676E-014
           3          22  -2.2333448816070782     
           3          23  -6.3567355772058847E-015
           3          24  -1.5245778679905429E-014
           3          25  -2.2333448816071013     
           3          26   1.8431457981108081E-014
           3          27  -5.0442068772284922E-014
           3          28   2.6412022001141576E-014
           3          29  -5.5689231087164971E-014
           3          30  -3.3260072536647535E-014
           3          31   7.3352929154204120E-015
           3          32  -4.4325799813689385E-014
           3          33   1.2994339063867627E-014
           3          34  -3.9394811965908342E-014
           3          35  -6.8490784833219921E-014
           4           1  -5.7985789929622555E-002
           4           2   4.3330040442903776E-002
           4           3  0.19870899207325990     
           4           4   4.5303393614844305E-003
           4           5  -4.0185190912980563E-015
           4           6   1.2976238659288749E-014
           4           7   1.1866673232850469E-015
           4           8  -9.8500211134499665E-016
           4           9   9.5153239886969689E-016
           4          10   2.5209247556213158E-015
           4          11   5.0515467743644511E-016
           4          12  -1.6058467451447099E-016
           4          13  -1.2591346002833217E-015
           4          14  -2.4327484815497041E-002
           4          15  -1.5758839091781773E-016
           4          16  -2.4327484815497628E-002
           4          17   9.5741989747299986E-017
           4          18   2.7713676977082402E-016
           4          19  -2.4327484815497270E-002
           4          20  -5.0923964419003112E-002
           4          21  -2.5449059732883504E-016
           4          22  -5.0923964419002446E-002
           4          23  -1.4677310526852712E-016
           4          24  -3.5899343013990134E-016
           4          25  -5.0923964419002987E-002
           4          26   8.8566233335209417E-016
           4          27  -1.5188278050671601E-015
           4          28   8.2555621311322954E-016
           4          29  -2.0473520895819649E-015
           4          30  -5.6372726839921573E-016
           4          31   1.7398915321380468E-016
           4          32  -8.2731651948709885E-016
           4          33   5.1208463532327420E-016
           4          34  -1.2544707158554170E-015
           4          35  -1.1202761233832511E-015
           5           1   2.1543340701190896E-014
           5           2  -1.6034595889833844E-014
           5           3  -7.0805087744879270E-014
           5           4  -4.0185190912980563E-015
           5           5   1.3004211279880495     
           5           6  0.15550554563696023     
           5           7  0.49954027078871399     
           5           8   7.4784922204533824E-002
           5           9   8.9428492682455223E-003
           5          10   2.8727678661115280E-002
           5          11  -1.4232912136141675E-002
           5          12  -1.7019846264422285E-003
           5          13  -5.4673925465983505E-003
           5          14   4.6514684761972425E-015
           5          15   1.0872772881019303E-015
           5          16   3.4643180224557735E-015
           5          17   3.3775618934376563E-016
           5          18   9.0977328075924804E-016
           5          19   5.5736849800918181E-015
           5          20   1.6283471090021807E-014
           5          21   5.4454102333767886E-016
           5          22   1.9598509330448999E-014
           5          23  -1.0434814979644601E-015
           5          24   7.8939203612028486E-016
           5          25   1.8518851950640514E-014
           5          26 -0.25230129902981252     
           5          27  -1.3492621855410444E-002
           5          28 -0.11283257108843334     
           5          29  -3.0170419663397799E-002
           5          30  -4.3343200062048892E-002
           5          31  -1.6053625677819212E-016
           5          32  -4.3343200062050564E-002
           5          33 -0.11283257108843282     
           5          34  -1.3492621855410405E-002
           5          35  -9.6918341701115601E-002
           6           1  -5.3480943939099083E-014
           6           2   1.0839630819306471E-013
           6           3   3.9198264674340217E-013
           6           4   1.2976238659288749E-014
           6           5  0.15550554563696023     
           6           6   1.3960231429165155     
           6           7 -0.36905404843034512     
           6           8   8.9428492682457478E-003
           6           9   8.0282825226205806E-002
           6          10  -2.1223646484304998E-002
           6          11  -1.7019846264459339E-003
           6          12  -1.5279261698776778E-002
           6          13   4.0392406211706821E-003
           6          14  -4.8607153062768105E-014
           6          15   3.0750547247021925E-015
           6          16  -4.8087363635742910E-014
           6          17   2.6108874902629454E-016
           6          18   6.8227735737326368E-016
           6          19  -5.4017349283516506E-014
           6          20  -1.0611426326443436E-013
           6          21  -6.6172647023112131E-016
           6          22  -9.9202312840730526E-014
           6          23   1.7067879935041046E-015
           6          24  -1.1046743894242140E-015
           6          25  -1.0292276598404512E-013
           6          26  -3.0170419663396744E-002
           6          27 -0.12112759253452732     
           6          28  -1.3492621855409531E-002
           6          29 -0.27084953085809876     
           6          30   3.2021409264107320E-002
           6          31  -7.7488814348582694E-016
           6          32   3.2021409264099604E-002
           6          33  -1.3492621855409868E-002
           6          34 -0.12112759253452356     
           6          35   7.1602047849874118E-002
           7           1   2.5585031461662385E-014
           7           2   3.7086123984459844E-014
           7           3   1.5342662100349858E-013
           7           4   1.1866673232850469E-015
           7           5  0.49954027078871399     
           7           6 -0.36905404843034512     
           7           7  0.32537308455643738     
           7           8   2.8727678661113917E-002
           7           9  -2.1223646484294721E-002
           7          10   1.8711631403322184E-002
           7          11  -5.4673925465960147E-003
           7          12   4.0392406211679222E-003
           7          13  -3.5611590924570649E-003
           7          14  -1.7609785239778767E-014
           7          15  -4.9911837972822924E-016
           7          16  -1.8271815005921331E-014
           7          17   6.1041573845461305E-017
           7          18   1.7095325631953752E-016
           7          19  -1.5537018201571919E-014
           7          20  -3.7245251157293225E-014
           7          21   4.3544285470490766E-016
           7          22  -3.8000089891171159E-014
           7          23  -9.7100252029481028E-016
           7          24   6.7650239412026647E-016
           7          25  -3.7296849972042910E-014
           7          26  -9.6918341701115684E-002
           7          27   3.2021409264102282E-002
           7          28  -4.3343200062050037E-002
           7          29   7.1602047849873812E-002
           7          30  -2.8231378976653936E-002
           7          31   1.7357663695299482E-016
           7          32  -2.8231378976652236E-002
           7          33  -4.3343200062049725E-002
           7          34   3.2021409264101131E-002
           7          35  -6.3127282490353612E-002
           8           1   4.4956147496527896E-014
           8           2  -3.7382427304916458E-015
           8           3  -3.6450889033547827E-014
           8           4  -9.8500211134499665E-016
           8           5   7.4784922204533824E-002
           8           6   8.9428492682457478E-003
           8           7   2.8727678661113917E-002
           8           8   4.3007487872725259E-003
           8           9   5.1428746612849625E-004
           8          10   1.6520780595991635E-003
           8          11  -8.1850963809863733E-004
           8          12  -9.7878129740003246E-005
           8          13  -3.1442008858436829E-004
           8          14   5.2619189259562764E-015
           8          15   6.2527396437717492E-017
           8          16   5.1936480001644064E-015
           8          17   1.9423761887797389E-017
           8          18   5.2319454491118364E-017
           8          19   5.3149539682328326E-015
           8          20   9.6569457984910235E-015
           8          21   3.1315592457913551E-017
           8          22   9.8475877925185812E-015
           8          23  -6.0008777900850670E-017
           8          24   4.5396541735774354E-017
           8          25   9.7854986035488545E-015
           8          26  -1.4509402080570277E-002
           8          27  -7.7593685159029510E-004
           8          28  -6.4888018730064508E-003
           8          29  -1.7350475464031068E-003
           8          30  -2.4925908807331438E-003
           8          31  -9.2321565807886055E-018
           8          32  -2.4925908807332396E-003
           8          33  -6.4888018730064213E-003
           8          34  -7.7593685159029293E-004
           8          35  -5.5736026494154472E-003
           9           1  -3.0067263347138101E-014
           9           2   5.0543574012629261E-015
           9           3   3.1054238149036119E-014
           9           4   9.5153239886969689E-016
           9           5   8.9428492682455223E-003
           9           6   8.0282825226205806E-002
           9           7  -2.1223646484294721E-002
           9           8   5.1428746612849625E-004
           9           9   4.6169234793888717E-003
           9          10  -1.2205344230915541E-003
           9          11  -9.7878129740213907E-005
           9          12  -8.7868335333299915E-004
           9          13   2.3228959382330059E-004
           9          14  -4.5742763887628591E-015
           9          15   1.7684096590861345E-016
           9          16  -4.5443842168921712E-015
           9          17   1.5014752809196054E-017
           9          18   3.9236565751737653E-017
           9          19  -4.8854072176708333E-015
           9          20  -8.5860874870619131E-015
           9          21  -3.8054720530130685E-017
           9          22  -8.1885934264124391E-015
           9          23   9.8154362895674554E-017
           9          24  -6.3527873007317737E-017
           9          25  -8.4025501154422954E-015
           9          26  -1.7350475464030018E-003
           9          27  -6.9658339053065869E-003
           9          28  -7.7593685159022333E-004
           9          29  -1.5576078132238342E-002
           9          30   1.8414946890322565E-003
           9          31  -4.4562448487127511E-017
           9          32   1.8414946890318127E-003
           9          33  -7.7593685159024241E-004
           9          34  -6.9658339053063718E-003
           9          35   4.1177073048803085E-003
          10           1  -1.1941972913310679E-013
          10           2   1.4046486680702006E-014
          10           3   1.1459339150498553E-013
          10           4   2.5209247556213158E-015
          10           5   2.8727678661115280E-002
          10           6  -2.1223646484304998E-002
          10           7   1.8711631403322184E-002
          10           8   1.6520780595991635E-003
          10           9  -1.2205344230915541E-003
          10          10   1.0760728726258923E-003
          10          11  -3.1442008858424881E-004
          10          12   2.3228959382325435E-004
          10          13  -2.0479596951753333E-004
          10          14  -1.6668653158812041E-014
          10          15  -2.8703416451867285E-017
          10          16  -1.6706725321356470E-014
          10          17   3.5103930978635407E-018
          10          18   9.8312198257156336E-018
          10          19  -1.6549451987466566E-014
          10          20  -3.0358269241288202E-014
          10          21   2.5041549473529575E-017
          10          22  -3.0401678683640728E-014
          10          23  -5.5840639911291735E-017
          10          24   3.8904457813566268E-017
          10          25  -3.0361236597989068E-014
          10          26  -5.5736026494157178E-003
          10          27   1.8414946890328585E-003
          10          28  -2.4925908807333277E-003
          10          29   4.1177073048822843E-003
          10          30  -1.6235367413342983E-003
          10          31   9.9820858125974801E-018
          10          32  -1.6235367413342007E-003
          10          33  -2.4925908807333095E-003
          10          34   1.8414946890327921E-003
          10          35  -3.6303385175918091E-003
          11           1  -2.9120002119895718E-014
          11           2   1.6218681820644356E-015
          11           3   2.0538304918836776E-014
          11           4   5.0515467743644511E-016
          11           5  -1.4232912136141675E-002
          11           6  -1.7019846264459339E-003
          11           7  -5.4673925465960147E-003
          11           8  -8.1850963809863733E-004
          11           9  -9.7878129740213907E-005
          11          10  -3.1442008858424881E-004
          11          11   1.5577706599441724E-004
          11          12   1.8627963760306590E-005
          11          13   5.9839782709389890E-005
          11          14  -3.1655363412830188E-015
          11          15  -1.1900085115721488E-017
          11          16  -3.1525431595082020E-015
          11          17  -3.6966902972604414E-018
          11          18  -9.9573306600323645E-018
          11          19  -3.1756298611346832E-015
          11          20  -5.5281409959765796E-015
          11          21  -5.9599189624387895E-018
          11          22  -5.5644235870452481E-015
          11          23   1.1420746830761106E-017
          11          24  -8.6397761845723408E-018
          11          25  -5.5526069006712716E-015
          11          26   2.7613994756310418E-003
          11          27   1.4767470108087834E-004
          11          28   1.2349353881086656E-003
          11          29   3.3021067017381341E-004
          11          30   4.7438475498824586E-004
          11          31   1.7570449975579038E-018
          11          32   4.7438475498826402E-004
          11          33   1.2349353881086602E-003
          11          34   1.4767470108087790E-004
          11          35   1.0607565596433130E-003
          12           1   5.6838678035396207E-015
          12           2  -7.3687941549444536E-016
          12           3  -5.0060874748641382E-015
          12           4  -1.6058467451447099E-016
          12           5  -1.7019846264422285E-003
          12           6  -1.5279261698776778E-002
          12           7   4.0392406211679222E-003
          12           8  -9.7878129740003246E-005
          12           9  -8.7868335333299915E-004
          12          10   2.3228959382325435E-004
          12          11   1.8627963760306590E-005
          12          12   1.6722920335832003E-004
          12          13  -4.4208876355907351E-005
          12          14   7.6665661588676844E-016
          12          15  -3.3656007864310084E-017
          12          16   7.6096759939451263E-016
          12          17  -2.8575767839241431E-018
          12          18  -7.4674222611492835E-018
          12          19   8.2587039347927149E-016
          12          20   1.4051704717581525E-015
          12          21   7.2424959163472192E-018
          12          22   1.3295202220408529E-015
          12          23  -1.8680535884655001E-017
          12          24   1.2090493752686857E-017
          12          25   1.3702400177715091E-015
          12          26   3.3021067017308288E-004
          12          27   1.3257231405285669E-003
          12          28   1.4767470108054684E-004
          12          29   2.9644070615663784E-003
          12          30  -3.5046947079090773E-004
          12          31   8.4810332777222371E-018
          12          32  -3.5046947079082327E-004
          12          33   1.4767470108055048E-004
          12          34   1.3257231405285257E-003
          12          35  -7.8367356072672235E-004
          13           1   6.9036841717821415E-014
          13           2  -5.4405501069425822E-015
          13           3  -5.5258811871950762E-014
          13           4  -1.2591346002833217E-015
          13           5  -5.4673925465983505E-003
          13           6   4.0392406211706821E-003
          13           7  -3.5611590924570649E-003
          13           8  -3.1442008858436829E-004
          13           9   2.3228959382330059E-004
          13          10  -2.0479596951753333E-004
          13          11   5.9839782709389890E-005
          13          12  -4.4208876355907351E-005
          13          13   3.8976346488764046E-005
          13          14   8.3663740613054098E-015
          13          15   5.4627750131592574E-018
          13          16   8.3736198767508237E-015
          13          17  -6.6809077376993496E-019
          13          18  -1.8710574787428856E-018
          13          19   8.3436879402501203E-015
          13          20   1.4800718737263360E-014
          13          21  -4.7658560427396627E-018
          13          22   1.4808980332791660E-014
          13          23   1.0627475406304473E-017
          13          24  -7.4042161628491197E-018
          13          25   1.4801283478470310E-014
          13          26   1.0607565596437672E-003
          13          27  -3.5046947079109215E-004
          13          28   4.7438475498846102E-004
          13          29  -7.8367356072725448E-004
          13          30   3.0898816376396957E-004
          13          31  -1.8997699822572245E-018
          13          32   3.0898816376395092E-004
          13          33   4.7438475498845761E-004
          13          34  -3.5046947079107947E-004
          13          35   6.9091853841903982E-004
          14           1  0.36339966764808940     
          14           2 -0.22596765517015521     
          14           3  -1.0659965891832375     
          14           4  -2.4327484815497041E-002
          14           5   4.6514684761972425E-015
          14           6  -4.8607153062768105E-014
          14           7  -1.7609785239778767E-014
          14           8   5.2619189259562764E-015
          14           9  -4.5742763887628591E-015
          14          10  -1.6668653158812041E-014
          14          11  -3.1655363412830188E-015
          14          12   7.6665661588676844E-016
          14          13   8.3663740613054098E-015
          14          14  0.13208083583958441     
          14          15   1.0659720530241246E-015
          14          16  0.13208083583958866     
          14          17  -8.1086883922624984E-016
          14          18  -1.7543304774277038E-015
          14          19  0.13208083583958638     
          14          20  0.27383262533360742     
          14          21   1.5971294729566127E-015
          14          22  0.27383262533360375     
          14          23   8.9944042692858722E-016
          14          24   2.6151310070727858E-015
          14          25  0.27383262533360730     
          14          26  -1.4106439778873840E-015
          14          27   7.4311314127874347E-015
          14          28  -3.8553456000216951E-015
          14          29   6.5427106831061083E-015
          14          30   4.3623492524962436E-015
          14          31  -1.3412205407850561E-015
          14          32   6.4589169451086413E-015
          14          33  -1.7162577431505223E-015
          14          34   5.2587962292009139E-015
          14          35   8.6291709672735543E-015
          15           1   9.9300705663517439E-015
          15           2  -4.8650656251270985E-016
          15           3  -6.7521706661935238E-015
          15           4  -1.5758839091781773E-016
          15           5   1.0872772881019303E-015
          15           6   3.0750547247021925E-015
          15           7  -4.9911837972822924E-016
          15           8   6.2527396437717492E-017
          15           9   1.7684096590861345E-016
          15          10  -2.8703416451867285E-017
          15          11  -1.1900085115721488E-017
          15          12  -3.3656007864310084E-017
          15          13   5.4627750131592574E-018
          15          14   1.0659720530241246E-015
          15          15   4.6111894180670014E-029
          15          16   1.0659720530243153E-015
          15          17  -4.7713946362265554E-029
          15          18  -4.8135016263689486E-029
          15          19   1.0659720530242382E-015
          15          20   1.8285675938501627E-015
          15          21   4.2821218071889511E-029
          15          22   1.8285675938501430E-015
          15          23   2.5076407945483934E-029
          15          24   1.1514028036183479E-028
          15          25   1.8285675938502515E-015
          15          26  -2.1094818154649930E-016
          15          27  -2.6681074565618575E-016
          15          28  -9.4338894733741323E-017
          15          29  -5.9660696441511515E-016
          15          30   4.3306594187274085E-017
          15          31  -6.9698312182228112E-029
          15          32   4.3306594187369395E-017
          15          33  -9.4338894733661488E-017
          15          34  -2.6681074565630136E-016
          15          35   9.6836488476655656E-017
          16           1  0.36339966764813714     
          16           2 -0.22596765517015563     
          16           3  -1.0659965891832626     
          16           4  -2.4327484815497628E-002
          16           5   3.4643180224557735E-015
          16           6  -4.8087363635742910E-014
          16           7  -1.8271815005921331E-014
          16           8   5.1936480001644064E-015
          16           9  -4.5443842168921712E-015
          16          10  -1.6706725321356470E-014
          16          11  -3.1525431595082020E-015
          16          12   7.6096759939451263E-016
          16          13   8.3736198767508237E-015
          16          14  0.13208083583958866     
          16          15   1.0659720530243153E-015
          16          16  0.13208083583959293     
          16          17  -8.1086883922649182E-016
          16          18  -1.7543304774279458E-015
          16          19  0.13208083583959065     
          16          20  0.27383262533361430     
          16          21   1.5971294729568233E-015
          16          22  0.27383262533361064     
          16          23   8.9944042692869392E-016
          16          24   2.6151310070733625E-015
          16          25  0.27383262533361419     
          16          26  -1.1803188968990054E-015
          16          27   7.3860312708315765E-015
          16          28  -3.7523410924198280E-015
          16          29   6.4418636998955543E-015
          16          30   4.4197910450384418E-015
          16          31  -1.3412205407853931E-015
          16          32   6.5163587376513981E-015
          16          33  -1.6132532355482624E-015
          16          34   5.2136960872444404E-015
          16          35   8.7576147201470396E-015
          17           1  -1.1911553995804697E-014
          17           2  -4.6272932772403714E-016
          17           3   3.9834220937178967E-015
          17           4   9.5741989747299986E-017
          17           5   3.3775618934376563E-016
          17           6   2.6108874902629454E-016
          17           7   6.1041573845461305E-017
          17           8   1.9423761887797389E-017
          17           9   1.5014752809196054E-017
          17          10   3.5103930978635407E-018
          17          11  -3.6966902972604414E-018
          17          12  -2.8575767839241431E-018
          17          13  -6.6809077376993496E-019
          17          14  -8.1086883922624984E-016
          17          15  -4.7713946362265554E-029
          17          16  -8.1086883922649182E-016
          17          17   6.3102599618756395E-029
          17          18   6.0853225630535715E-029
          17          19  -8.1086883922641293E-016
          17          20  -1.1534092363393877E-015
          17          21  -5.2710023732215388E-029
          17          22  -1.1534092363393536E-015
          17          23  -2.5938802123184694E-029
          17          24  -1.4877149359687848E-028
          17          25  -1.1534092363394985E-015
          17          26  -6.5529791459669567E-017
          17          27  -2.2653672876557789E-017
          17          28  -2.9305813650843639E-017
          17          29  -5.0655152491416569E-017
          17          30  -5.2963440628124365E-018
          17          31   8.7101561434380969E-029
          17          32  -5.2963440629595568E-018
          17          33  -2.9305813650943825E-017
          17          34  -2.2653672876396963E-017
          17          35  -1.1842985356598707E-017
          18           1  -1.3130971105428755E-014
          18           2   1.4143999872016827E-015
          18           3   1.1962011134169167E-014
          18           4   2.7713676977082402E-016
          18           5   9.0977328075924804E-016
          18           6   6.8227735737326368E-016
          18           7   1.7095325631953752E-016
          18           8   5.2319454491118364E-017
          18           9   3.9236565751737653E-017
          18          10   9.8312198257156336E-018
          18          11  -9.9573306600323645E-018
          18          12  -7.4674222611492835E-018
          18          13  -1.8710574787428856E-018
          18          14  -1.7543304774277038E-015
          18          15  -4.8135016263689486E-029
          18          16  -1.7543304774279458E-015
          18          17   6.0853225630535715E-029
          18          18   6.6857508433714622E-029
          18          19  -1.7543304774278606E-015
          18          20  -3.1844403425621718E-015
          18          21  -5.7961340038359023E-029
          18          22  -3.1844403425621098E-015
          18          23  -2.9447413103593209E-029
          18          24  -1.4854011911037907E-028
          18          25  -3.1844403425622645E-015
          18          26  -1.7650972874710873E-016
          18          27  -5.9198598647231058E-017
          18          28  -7.8937550433521559E-017
          18          29  -1.3237209074733203E-016
          18          30  -1.4832960670545154E-017
          18          31   8.5181409359207673E-029
          18          32  -1.4832960670691054E-017
          18          33  -7.8937550433624505E-017
          18          34  -5.9198598647074593E-017
          18          35  -3.3167508366848166E-017
          19           1  0.36339966764811993     
          19           2 -0.22596765517015380     
          19           3  -1.0659965891832470     
          19           4  -2.4327484815497270E-002
          19           5   5.5736849800918181E-015
          19           6  -5.4017349283516506E-014
          19           7  -1.5537018201571919E-014
          19           8   5.3149539682328326E-015
          19           9  -4.8854072176708333E-015
          19          10  -1.6549451987466566E-014
          19          11  -3.1756298611346832E-015
          19          12   8.2587039347927149E-016
          19          13   8.3436879402501203E-015
          19          14  0.13208083583958638     
          19          15   1.0659720530242382E-015
          19          16  0.13208083583959065     
          19          17  -8.1086883922641293E-016
          19          18  -1.7543304774278606E-015
          19          19  0.13208083583958838     
          19          20  0.27383262533361019     
          19          21   1.5971294729567513E-015
          19          22  0.27383262533360653     
          19          23   8.9944042692864560E-016
          19          24   2.6151310070731747E-015
          19          25  0.27383262533361008     
          19          26  -1.5895678794693842E-015
          19          27   7.9005534611858736E-015
          19          28  -3.9353628013695765E-015
          19          29   7.5923702934606412E-015
          19          30   4.1825031786710501E-015
          19          31  -1.3412205407852779E-015
          19          32   6.2790708712838517E-015
          19          33  -1.7962749444981431E-015
          19          34   5.7282182775989237E-015
          19          35   8.2270229207138162E-015
          20           1  0.66533304192119735     
          20           2 -0.48531193362642167     
          20           3  -2.2333448816071075     
          20           4  -5.0923964419003112E-002
          20           5   1.6283471090021807E-014
          20           6  -1.0611426326443436E-013
          20           7  -3.7245251157293225E-014
          20           8   9.6569457984910235E-015
          20           9  -8.5860874870619131E-015
          20          10  -3.0358269241288202E-014
          20          11  -5.5281409959765796E-015
          20          12   1.4051704717581525E-015
          20          13   1.4800718737263360E-014
          20          14  0.27383262533360742     
          20          15   1.8285675938501627E-015
          20          16  0.27383262533361430     
          20          17  -1.1534092363393877E-015
          20          18  -3.1844403425621718E-015
          20          19  0.27383262533361019     
          20          20  0.57251631007516302     
          20          21   2.9206219459631686E-015
          20          22  0.57251631007515547     
          20          23   1.6787789613377726E-015
          20          24   4.2141605062899191E-015
          20          25  0.57251631007516179     
          20          26  -4.3349606196787021E-015
          20          27   1.3911065662123091E-014
          20          28  -7.0051516941599400E-015
          20          29   1.5207665045051698E-014
          20          30   8.5046281261256357E-015
          20          31  -2.0616229200596718E-015
          20          32   1.1644756864216520E-014
          20          33  -3.3629430281681865E-015
          20          34   1.0743665473337563E-014
          20          35   1.7343520885924956E-014
          21           1   1.1559355297183069E-014
          21           2  -1.3631418019726683E-015
          21           3  -1.0994616503835676E-014
          21           4  -2.5449059732883504E-016
          21           5   5.4454102333767886E-016
          21           6  -6.6172647023112131E-016
          21           7   4.3544285470490766E-016
          21           8   3.1315592457913551E-017
          21           9  -3.8054720530130685E-017
          21          10   2.5041549473529575E-017
          21          11  -5.9599189624387895E-018
          21          12   7.2424959163472192E-018
          21          13  -4.7658560427396627E-018
          21          14   1.5971294729566127E-015
          21          15   4.2821218071889511E-029
          21          16   1.5971294729568233E-015
          21          17  -5.2710023732215388E-029
          21          18  -5.7961340038359023E-029
          21          19   1.5971294729567513E-015
          21          20   2.9206219459631686E-015
          21          21   5.1698849026749411E-029
          21          22   2.9206219459631149E-015
          21          23   2.4600940662078021E-029
          21          24   1.3082579298477543E-028
          21          25   2.9206219459632502E-015
          21          26  -1.0564916595570431E-016
          21          27   5.7415476715012998E-017
          21          28  -4.7247743368793731E-017
          21          29   1.2838490889479732E-016
          21          30  -3.7781712247594001E-017
          21          31  -7.4381097126226341E-029
          21          32  -3.7781712247467228E-017
          21          33  -4.7247743368702957E-017
          21          34   5.7415476714876057E-017
          21          35  -8.4482476892018396E-017
          22           1  0.66533304192118559     
          22           2 -0.48531193362641567     
          22           3  -2.2333448816070782     
          22           4  -5.0923964419002446E-002
          22           5   1.9598509330448999E-014
          22           6  -9.9202312840730526E-014
          22           7  -3.8000089891171159E-014
          22           8   9.8475877925185812E-015
          22           9  -8.1885934264124391E-015
          22          10  -3.0401678683640728E-014
          22          11  -5.5644235870452481E-015
          22          12   1.3295202220408529E-015
          22          13   1.4808980332791660E-014
          22          14  0.27383262533360375     
          22          15   1.8285675938501430E-015
          22          16  0.27383262533361064     
          22          17  -1.1534092363393536E-015
          22          18  -3.1844403425621098E-015
          22          19  0.27383262533360653     
          22          20  0.57251631007515547     
          22          21   2.9206219459631149E-015
          22          22  0.57251631007514792     
          22          23   1.6787789613377502E-015
          22          24   4.2141605062898220E-015
          22          25  0.57251631007515424     
          22          26  -4.9781280032225984E-015
          22          27   1.3311342141213313E-014
          22          28  -7.2927848922627876E-015
          22          29   1.3866642484592286E-014
          22          30   8.5701225980835587E-015
          22          31  -2.0616229200596253E-015
          22          32   1.1710251336174325E-014
          22          33  -3.6505762262711059E-015
          22          34   1.0143941952427887E-014
          22          35   1.7489970977373310E-014
          23           1   5.8860548621553851E-015
          23           2  -8.8686231288807771E-016
          23           3  -6.3567355772058847E-015
          23           4  -1.4677310526852712E-016
          23           5  -1.0434814979644601E-015
          23           6   1.7067879935041046E-015
          23           7  -9.7100252029481028E-016
          23           8  -6.0008777900850670E-017
          23           9   9.8154362895674554E-017
          23          10  -5.5840639911291735E-017
          23          11   1.1420746830761106E-017
          23          12  -1.8680535884655001E-017
          23          13   1.0627475406304473E-017
          23          14   8.9944042692858722E-016
