           1           1   2.0027331919878391     
           1           2  -4.4757009773463263E-003
           1           3   3.2952965335912035E-002
           1           4  -6.8665769825103432E-002
           1           5  -1.1663895953244797E-003
           1           6   4.2803578835418138E-003
           1           7  -1.3272653195142840E-009
           1           8   1.2698789878084512E-009
           1           9   7.7324701929167361E-010
           1          10   9.7512588257462372E-012
           1          11  -9.6570158892971647E-011
           1          12   3.2429273729455115E-011
           1          13  -6.7223956896215114E-011
           1          14   2.0026466078825488E-011
           1          15   4.9097591847449752E-011
           1          16   1.9965928353310975E-011
           1          17  -2.1958910857677145E-011
           1          18  -1.2343505001178850E-011
           1          19   1.2382380241054466E-002
           1          20   5.9642505638064312E-009
           1          21   1.2382380537747617E-002
           1          22   4.0765938340450569E-009
           1          23  -8.0795684887667218E-010
           1          24   1.2382381901898892E-002
           1          25   3.7858085486048489E-003
           1          26   7.8748574830459956E-009
           1          27   3.7858089223192356E-003
           1          28   5.3741393691964429E-009
           1          29  -1.0681727045905319E-009
           1          30   3.7858107388493087E-003
           1          31   2.0432042562600859E-003
           1          32   1.1734124314146776E-008
           1          33   2.0432048211039364E-003
           1          34   8.0031081114682424E-009
           1          35  -1.6080954377414233E-009
           1          36   2.0432075405089484E-003
           2           1  -4.4757009773463263E-003
           2           2   1.8680126654445548     
           2           3 -0.25567981236302140     
           2           4  0.16958112668315911     
           2           5   5.2879074235027440E-002
           2           6   5.5668438646972539E-002
           2           7  -1.1778838527884883E-008
           2           8   1.1167606634778036E-008
           2           9   6.7969476551778010E-009
           2          10  -5.1740562059466738E-010
           2          11  -4.6657377110502687E-010
           2          12   5.1240586416523143E-010
           2          13   8.9757093051937899E-010
           2          14  -9.9131429827078316E-010
           2          15  -2.9927257512981704E-010
           2          16  -1.1755678549104425E-010
           2          17   2.7519148409912349E-011
           2          18   1.1302148918833544E-011
           2          19   1.3906951874674434E-002
           2          20   4.3979518821046135E-008
           2          21   1.3906952862744534E-002
           2          22   2.9653083274046146E-008
           2          23  -5.8614538752158948E-009
           2          24   1.3906963663003934E-002
           2          25  -1.1297265446641928E-003
           2          26   6.5890911784415864E-008
           2          27  -1.1297228377305699E-003
           2          28   4.5213794306629703E-008
           2          29  -9.0299189218491068E-009
           2          30  -1.1297080441762314E-003
           2          31  -1.4282985689486117E-003
           2          32   9.4671389826134311E-008
           2          33  -1.4282941333284972E-003
           2          34   6.4515886441054718E-008
           2          35  -1.2949730493362169E-008
           2          36  -1.4282721076134034E-003
           3           1   3.2952965335912035E-002
           3           2 -0.25567981236302140     
           3           3   1.9054250537256974     
           3           4 -0.20832434651415194     
           3           5  0.31660083743427198     
           3           6  0.26511390051073447     
           3           7  -4.8099084514678778E-008
           3           8   4.5613012563526378E-008
           3           9   2.7885281469836022E-008
           3          10   1.5896680289789176E-010
           3          11  -4.1424700006106935E-009
           3          12   9.6775318703745061E-010
           3          13  -7.3965688085035259E-010
           3          14   2.5845373639023032E-010
           3          15   7.5021694295450845E-010
           3          16   2.5735962939821870E-010
           3          17  -5.0664099264860873E-010
           3          18  -2.0911725048855032E-010
           3          19  -1.0157431483030367E-002
           3          20   1.2165656372201482E-007
           3          21  -1.0157425838107956E-002
           3          22   8.3207187479723279E-008
           3          23  -1.6731396805481746E-008
           3          24  -1.0157397900229986E-002
           3          25  -2.6412607527332602E-002
           3          26   3.4233230288324504E-007
           3          27  -2.6412590026076904E-002
           3          28   2.3396726447366088E-007
           3          29  -4.6767979803393825E-008
           3          30  -2.6412511614538552E-002
           3          31  -2.5233186438943123E-002
           3          32   4.1613999892147249E-007
           3          33  -2.5233166712479632E-002
           3          34   2.8374125431971033E-007
           3          35  -5.6964674840639876E-008
           3          36  -2.5233070131772176E-002
           4           1  -6.8665769825103432E-002
           4           2  0.16958112668315911     
           4           3 -0.20832434651415194     
           4           4  0.94175166740381511     
           4           5 -0.77874070184934807     
           4           6 -0.82149883788958356     
           4           7   4.6468885551937730E-008
           4           8  -4.4348037424929361E-008
           4           9  -2.7086419206642621E-008
           4          10   1.7181568209161316E-009
           4          11   8.9409005103990849E-010
           4          12  -2.0850830333201781E-009
           4          13   3.7626165248599270E-010
           4          14   1.3180599453825567E-009
           4          15  -3.9926953089072647E-010
           4          16  -8.7589503474439101E-010
           4          17   1.4280455235376883E-009
           4          18   5.5404627533348863E-010
           4          19   1.1201732789242403E-002
           4          20  -7.2821353849503300E-007
           4          21   1.1201696502310912E-002
           4          22  -4.9775156403732342E-007
           4          23   9.8660766737228239E-008
           4          24   1.1201529973853246E-002
           4          25   1.9601837698533499E-002
           4          26  -9.9666530795636263E-007
           4          27   1.9601790293755313E-002
           4          28  -6.8009899546274544E-007
           4          29   1.3516799710315617E-007
           4          30   1.9601560323393767E-002
           4          31  -1.5943120194511747E-003
           4          32  -1.4671690268609228E-006
           4          33  -1.5943824868672426E-003
           4          34  -1.0006340337135070E-006
           4          35   2.0107321174824306E-007
           4          36  -1.5947225762792251E-003
           5           1  -1.1663895953244797E-003
           5           2   5.2879074235027440E-002
           5           3  0.31660083743427198     
           5           4 -0.77874070184934807     
           5           5  0.68133086814235611     
           5           6  0.71225614605274612     
           5           7  -9.1703388350071380E-009
           5           8   8.3422331608917851E-009
           5           9   5.1470747078982583E-009
           5          10   3.7933051438542723E-010
           5          11  -1.8378711778485758E-010
           5          12  -3.3561613247568152E-010
           5          13   5.2946992140412408E-010
           5          14  -1.1591995284726255E-009
           5          15  -4.3336351191064749E-010
           5          16   6.9026745040837447E-010
           5          17  -1.1860636510917581E-009
           5          18  -4.4909666030868079E-010
           5          19  -8.9850912518972537E-003
           5          20   6.2031097425567013E-007
           5          21  -8.9850605196449326E-003
           5          22   4.2395495083845159E-007
           5          23  -8.4053299880730741E-008
           5          24  -8.9849185694417261E-003
           5          25  -1.8928565471870967E-002
           5          26   8.6575036082342250E-007
           5          27  -1.8928524115747948E-002
           5          28   5.9082888154605627E-007
           5          29  -1.1745535592753462E-007
           5          30  -1.8928324453193160E-002
           5          31  -1.2145754165558340E-003
           5          32   1.2661407325183761E-006
           5          33  -1.2145146412512204E-003
           5          34   8.6351664245999764E-007
           5          35  -1.7351361606139756E-007
           5          36  -1.2142211297926958E-003
           6           1   4.2803578835418138E-003
           6           2   5.5668438646972539E-002
           6           3  0.26511390051073447     
           6           4 -0.82149883788958356     
           6           5  0.71225614605274612     
           6           6  0.74713076800461742     
           6           7  -3.4781526198062182E-009
           6           8   3.2970658553652092E-009
           6           9   2.0155238690449263E-009
           6          10   4.1401963080204579E-012
           6          11   4.5270821509822567E-010
           6          12  -1.0150956842228721E-010
           6          13   5.0532822125165732E-010
           6          14  -1.1255157533875072E-009
           6          15  -4.2059974253529054E-010
           6          16   7.1999669628827865E-010
           6          17  -1.2381382884560641E-009
           6          18  -4.6712326972565523E-010
           6          19  -9.2025843791959036E-003
           6          20   6.5491138141540863E-007
           6          21  -9.2025519114190268E-003
           6          22   4.4760272388047168E-007
           6          23  -8.8732788444316032E-008
           6          24  -9.2024020512266307E-003
           6          25  -1.9100359535747777E-002
           6          26   9.0738817367805090E-007
           6          27  -1.9100316237843112E-002
           6          28   6.1922992336802073E-007
           6          29  -1.2309135718271943E-007
           6          30  -1.9100106949706014E-002
           6          31  -3.0799145369758186E-004
           6          32   1.3302909861438168E-006
           6          33  -3.0792758900244300E-004
           6          34   9.0727048974184307E-007
           6          35  -1.8230743356260024E-007
           6          36  -3.0761921127842626E-004
           7           1  -1.3272653195142840E-009
           7           2  -1.1778838527884883E-008
           7           3  -4.8099084514678778E-008
           7           4   4.6468885551937730E-008
           7           5  -9.1703388350071380E-009
           7           6  -3.4781526198062182E-009
           7           7   1.9972831998510712     
           7           8  -1.2692505617261977E-009
           7           9  -1.9693344291409410E-009
           7          10  -8.2431300053728753E-003
           7          11  -1.7817510600896770E-008
           7          12  -1.9509984279326441E-008
           7          13   1.2889237534353983E-002
           7          14  -5.3462596316503493E-009
           7          15   6.2113501912194589E-009
           7          16  -2.4899455664704967E-003
           7          17  -1.8566169992013621E-010
           7          18  -7.8525982651646006E-010
           7          19   2.8220671960712584E-009
           7          20   1.9425437234037062E-009
           7          21   1.5867113305561614E-010
           7          22   3.4184062356695352E-009
           7          23   8.4693531829276261E-010
           7          24   3.9693503922640066E-009
           7          25   5.7264437793485272E-009
           7          26  -1.9118757910453754E-009
           7          27   1.4499436381966558E-009
           7          28  -7.9472920772840880E-010
           7          29  -7.1100392639941427E-010
           7          30   2.3602690913939206E-009
           7          31   9.1240971358399131E-010
           7          32  -8.7005518919206552E-011
           7          33   2.1923027681760143E-009
           7          34   1.8217016687297828E-010
           7          35   2.4145190699962423E-010
           7          36   4.2723363522494720E-009
           8           1   1.2698789878084512E-009
           8           2   1.1167606634778036E-008
           8           3   4.5613012563526378E-008
           8           4  -4.4348037424929361E-008
           8           5   8.3422331608917851E-009
           8           6   3.2970658553652092E-009
           8           7  -1.2692505617261977E-009
           8           8   1.9972831967961460     
           8           9   5.4926651740135649E-010
           8          10  -2.6899537982091263E-008
           8          11  -8.2431408640407863E-003
           8          12   7.6867625128373137E-009
           8          13   6.2167368789209689E-009
           8          14   1.2889250944142380E-002
           8          15  -6.2090530110627829E-009
           8          16  -4.7142461943037770E-010
           8          17  -2.4899461334400266E-003
           8          18   6.8342667086737843E-010
           8          19  -3.3579371168789298E-009
           8          20  -2.1594629840144708E-009
           8          21   6.3546532311158827E-010
           8          22  -2.9898903846945440E-009
           8          23  -5.6931314056089680E-010
           8          24  -3.6349264783576168E-009
           8          25  -4.8936553133175996E-009
           8          26   1.9012895261169226E-009
           8          27  -1.5295890008955797E-009
           8          28   5.8349669749493561E-010
           8          29   7.3887642071162732E-010
           8          30  -2.1190445439692958E-009
           8          31  -9.1585732794078295E-010
           8          32  -1.6228802412756381E-011
           8          33  -1.8994505482214412E-009
           8          34  -1.1117338488152014E-010
           8          35  -2.4409150303398769E-010
           8          36  -3.9073235077874956E-009
           9           1   7.7324701929167361E-010
           9           2   6.7969476551778010E-009
           9           3   2.7885281469836022E-008
           9           4  -2.7086419206642621E-008
           9           5   5.1470747078982583E-009
           9           6   2.0155238690449263E-009
           9           7  -1.9693344291409410E-009
           9           8   5.4926651740135649E-010
           9           9   1.9972831985702368     
           9          10  -1.8126539165846916E-008
           9          11   8.5078935051899660E-010
           9          12  -8.2431400149606121E-003
           9          13   4.3309598919097795E-009
           9          14   2.6158986444974672E-009
           9          15   1.2889241566085990E-002
           9          16  -3.8839349922892004E-010
           9          17   1.3586583284285619E-010
           9          18  -2.4899457147908336E-003
           9          19  -2.0114661575361037E-009
           9          20  -1.0431879036880474E-009
           9          21  -2.1862800246326661E-011
           9          22  -2.3377130629093375E-009
           9          23  -3.2959555053855714E-010
           9          24  -1.7935561816854317E-009
           9          25  -3.0466731821848945E-009
           9          26   1.0551898723763520E-009
           9          27  -7.7437930361772316E-010
           9          28   5.5871316566534589E-010
           9          29   4.6313947645986558E-010
           9          30  -1.4863580583796364E-009
           9          31  -5.7317034679245725E-010
           9          32   2.5317631824685680E-011
           9          33  -1.2414686588988461E-009
           9          34  -1.3018536536840590E-010
           9          35  -1.5464855929638960E-010
           9          36  -2.3833580385616263E-009
          10           1   9.7512588257462372E-012
          10           2  -5.1740562059466738E-010
          10           3   1.5896680289789176E-010
          10           4   1.7181568209161316E-009
          10           5   3.7933051438542723E-010
          10           6   4.1401963080204579E-012
          10           7  -8.2431300053728753E-003
          10           8  -2.6899537982091263E-008
          10           9  -1.8126539165846916E-008
          10          10   1.3745691283309831     
          10          11  -2.5684315085920381E-007
          10          12  -1.7240069052922068E-007
          10          13  0.39704315059009693     
          10          14   1.1327594942652655E-007
          10          15   7.5580462062652407E-008
          10          16  -1.3895498573480917E-003
          10          17   3.9243846671698187E-008
          10          18   2.6946547000526200E-008
          10          19  -9.6422152547004071E-010
          10          20  -1.0036707829329675E-009
          10          21   1.7637846480995034E-010
          10          22  -2.2522707359904479E-010
          10          23  -5.6815193534314904E-010
          10          24  -1.0209097040121716E-009
          10          25   8.6878022673172013E-011
          10          26  -5.6384742660744879E-010
          10          27  -7.5241429511632671E-010
          10          28  -3.2765506494884723E-010
          10          29   1.4465065150938962E-010
          10          30  -6.3752774026750590E-010
          10          31  -3.8130198409450593E-010
          10          32   1.0947620470824918E-010
          10          33  -1.6672808184870587E-010
          10          34   8.5563472764320005E-011
          10          35  -3.7781043860983509E-011
          10          36  -2.6446949379315315E-010
          11           1  -9.6570158892971647E-011
          11           2  -4.6657377110502687E-010
          11           3  -4.1424700006106935E-009
          11           4   8.9409005103990849E-010
          11           5  -1.8378711778485758E-010
          11           6   4.5270821509822567E-010
          11           7  -1.7817510600896770E-008
          11           8  -8.2431408640407863E-003
          11           9   8.5078935051899660E-010
          11          10  -2.5684315085920381E-007
          11          11   1.3745691227682328     
          11          12   3.4432163759524474E-008
          11          13   1.1277314467020507E-007
          11          14  0.39704315241070626     
          11          15  -1.4963193323550769E-008
          11          16   3.9259177320641279E-008
          11          17  -1.3895473463295773E-003
          11          18  -5.3032237336971128E-009
          11          19   7.9698522684743219E-010
          11          20  -8.5927979525286329E-010
          11          21   5.8041347317484349E-010
          11          22   7.3385307829344686E-010
          11          23   9.4432126381569993E-010
          11          24   9.0002856773967871E-010
          11          25   1.0203124356674022E-009
          11          26   6.0683488167752651E-010
          11          27  -2.4954461135535840E-010
          11          28  -7.3798640404083930E-011
          11          29  -4.1145789587894741E-010
          11          30   1.0209829481901053E-009
          11          31   2.2729524748380262E-010
          11          32  -1.7679012797719826E-010
          11          33   5.5214473476486318E-010
          11          34   4.7819639998829580E-011
          11          35   1.5986796413088215E-010
          11          36   2.3843915526037186E-010
          12           1   3.2429273729455115E-011
          12           2   5.1240586416523143E-010
          12           3   9.6775318703745061E-010
          12           4  -2.0850830333201781E-009
          12           5  -3.3561613247568152E-010
          12           6  -1.0150956842228721E-010
          12           7  -1.9509984279326441E-008
          12           8   7.6867625128373137E-009
          12           9  -8.2431400149606121E-003
          12          10  -1.7240069052922068E-007
          12          11   3.4432163759524474E-008
          12          12   1.3745690483971211     
          12          13   7.5694819690204502E-008
          12          14  -1.5322436798979871E-008
          12          15  0.39704318561930407     
          12          16   2.6930398336137989E-008
          12          17  -5.2686042998491060E-009
          12          18  -1.3895372396923794E-003
          12          19   5.9057274978387415E-010
          12          20  -2.8216412275919177E-011
          12          21  -4.4376539662214127E-010
          12          22  -2.9498363993308298E-010
          12          23  -2.1531924925123901E-010
          12          24   7.5086564617512788E-010
          12          25   4.2486149510024970E-010
          12          26   1.4502872324573772E-012
          12          27   5.3782133067880389E-010
          12          28   5.4111125673457356E-010
          12          29  -5.9615803954539300E-010
          12          30  -3.3085228399221220E-011
          12          31   2.8822445194919087E-010
          12          32  -1.8303225279383701E-011
          12          33   1.8083603846327157E-010
          12          34  -1.3868046000336633E-010
          12          35   1.2666495536441716E-010
          12          36   3.6667430014115280E-010
          13           1  -6.7223956896215114E-011
          13           2   8.9757093051937899E-010
          13           3  -7.3965688085035259E-010
          13           4   3.7626165248599270E-010
          13           5   5.2946992140412408E-010
          13           6   5.0532822125165732E-010
          13           7   1.2889237534353983E-002
          13           8   6.2167368789209689E-009
          13           9   4.3309598919097795E-009
          13          10  0.39704315059009693     
          13          11   1.1277314467020507E-007
          13          12   7.5694819690204502E-008
          13          13  0.11480233605197282     
          13          14   8.6841511713707504E-008
          13          15   5.8253702961898997E-008
          13          16  -4.2047141191332610E-004
          13          17   1.1126148017292360E-008
          13          18   7.6382417104220237E-009
          13          19  -2.5405879704289474E-010
          13          20  -2.7509609809711557E-010
          13          21   5.5075707303130225E-011
          13          22  -3.8929820922155075E-011
          13          23  -1.5767417563938091E-010
          13          24  -2.6166685559202142E-010
          13          25   6.0290459315422701E-011
          13          26  -1.7751738736580253E-010
          13          27  -2.1487412291874769E-010
          13          28  -1.0073855497968887E-010
          13          29   3.6354209130024788E-011
          13          30  -1.7472543818742997E-010
          13          31  -9.7936279856412003E-011
          13          32   3.0955256823729380E-011
          13          33  -2.6162271209160504E-011
          13          34   2.6106901385018449E-011
          13          35  -9.0682314199565102E-012
          13          36  -3.8497149344997554E-011
          14           1   2.0026466078825488E-011
          14           2  -9.9131429827078316E-010
          14           3   2.5845373639023032E-010
          14           4   1.3180599453825567E-009
          14           5  -1.1591995284726255E-009
          14           6  -1.1255157533875072E-009
          14           7  -5.3462596316503493E-009
          14           8   1.2889250944142380E-002
          14           9   2.6158986444974672E-009
          14          10   1.1327594942652655E-007
          14          11  0.39704315241070626     
          14          12  -1.5322436798979871E-008
          14          13   8.6841511713707504E-008
          14          14  0.11480233781407093     
          14          15  -1.1658840665015719E-008
          14          16   1.1145562980498538E-008
          14          17  -4.2047071782127523E-004
          14          18  -1.5001037107552424E-009
          14          19   2.1000993269080797E-010
          14          20  -2.6476557128834825E-010
          14          21   1.7796354027410493E-010
          14          22   1.8913755515432747E-010
          14          23   2.6846206244972294E-010
          14          24   2.3765017211127908E-010
          14          25   2.7412341208139102E-010
          14          26   1.8984282482779776E-010
          14          27  -6.7010559428698052E-011
          14          28  -1.6862282720893971E-011
          14          29  -1.1321858754815076E-010
          14          30   2.9553033218097458E-010
          14          31   3.9304884912732612E-011
          14          32  -5.1205604121582838E-011
          14          33   1.2563089477489010E-010
          14          34   1.2959592861733876E-011
          14          35   4.4320122295452993E-011
          14          36   1.9649636635651673E-011
          15           1   4.9097591847449752E-011
          15           2  -2.9927257512981704E-010
          15           3   7.5021694295450845E-010
          15           4  -3.9926953089072647E-010
          15           5  -4.3336351191064749E-010
          15           6  -4.2059974253529054E-010
          15           7   6.2113501912194589E-009
          15           8  -6.2090530110627829E-009
          15           9   1.2889241566085990E-002
          15          10   7.5580462062652407E-008
          15          11  -1.4963193323550769E-008
          15          12  0.39704318561930407     
          15          13   5.8253702961898997E-008
          15          14  -1.1658840665015719E-008
          15          15  0.11480236305345251     
          15          16   7.6338861168663376E-009
          15          17  -1.4811951535289613E-009
          15          18  -4.2046784145339502E-004
          15          19   1.5586882509976516E-010
          15          20  -1.6130769949701556E-011
          15          21  -1.2773929854360825E-010
          15          22  -1.0309187214032783E-010
          15          23  -6.4724106880601373E-011
          15          24   2.0383557293901418E-010
          15          25   1.0615107010217472E-010
          15          26   8.4906361398363462E-012
          15          27   1.5615841923946784E-010
          15          28   1.6059874710031679E-010
          15          29  -1.6868691540310576E-010
          15          30  -1.4216098510361565E-011
          15          31   7.4684137378533252E-011
          15          32  -5.0896731861169713E-012
          15          33   3.8550409790973168E-011
          15          34  -4.1056229483903721E-011
          15          35   3.5409934653039304E-011
          15          36   8.3508594422815781E-011
          16           1   1.9965928353310975E-011
          16           2  -1.1755678549104425E-010
          16           3   2.5735962939821870E-010
          16           4  -8.7589503474439101E-010
          16           5   6.9026745040837447E-010
          16           6   7.1999669628827865E-010
          16           7  -2.4899455664704967E-003
          16           8  -4.7142461943037770E-010
          16           9  -3.8839349922892004E-010
          16          10  -1.3895498573480917E-003
          16          11   3.9259177320641279E-008
          16          12   2.6930398336137989E-008
          16          13  -4.2047141191332610E-004
          16          14   1.1145562980498538E-008
          16          15   7.6338861168663376E-009
          16          16   4.5297171561177977E-006
          16          17  -7.9433767980457607E-011
          16          18  -5.3364535599250114E-011
          16          19  -1.2496694245033354E-011
          16          20  -1.4066090912541761E-012
          16          21  -1.0332516444475873E-011
          16          22  -4.0473348147995692E-012
          16          23  -4.8552911710192851E-013
          16          24  -1.3875597453622135E-011
          16          25  -2.4612348396301018E-011
          16          26   2.9602193778991749E-012
          16          27  -1.8408481427933249E-011
          16          28   1.3241843844157228E-012
          16          29   7.4303863278006214E-013
          16          30  -1.9665456635132140E-011
          16          31   3.1611781701534947E-013
          16          32  -8.4844385778719480E-015
          16          33  -1.5039342750931682E-012
          16          34  -3.1907292935416227E-013
          16          35  -2.6292276071848034E-013
          16          36  -4.0074846601481656E-012
          17           1  -2.1958910857677145E-011
          17           2   2.7519148409912349E-011
          17           3  -5.0664099264860873E-010
          17           4   1.4280455235376883E-009
          17           5  -1.1860636510917581E-009
          17           6  -1.2381382884560641E-009
          17           7  -1.8566169992013621E-010
          17           8  -2.4899461334400266E-003
          17           9   1.3586583284285619E-010
          17          10   3.9243846671698187E-008
          17          11  -1.3895473463295773E-003
          17          12  -5.2686042998491060E-009
          17          13   1.1126148017292360E-008
          17          14  -4.2047071782127523E-004
          17          15  -1.4811951535289613E-009
          17          16  -7.9433767980457607E-011
          17          17   4.5297125062495235E-006
          17          18   1.1137614509688691E-011
          17          19   1.9537921680503033E-011
          17          20   3.5333435840422207E-012
          17          21   1.4756789025061379E-011
          17          22   2.9633341724041021E-012
          17          23  -2.4237294022594431E-013
          17          24   1.9764818651251643E-011
          17          25   3.6576247770268495E-011
          17          26  -3.0456441833645690E-012
          17          27   3.3659400053704029E-011
          17          28  -6.8828191622333145E-013
          17          29  -4.9857906319900957E-013
          17          30   3.3091314594616581E-011
          17          31   1.2612282660589899E-012
          17          32   1.3818085317143123E-013
          17          33   2.1574857402280807E-012
          17          34   4.7993964008961433E-014
          17          35   1.5119268703206283E-013
          17          36   4.9741801937632079E-012
          18           1  -1.2343505001178850E-011
          18           2   1.1302148918833544E-011
          18           3  -2.0911725048855032E-010
          18           4   5.5404627533348863E-010
          18           5  -4.4909666030868079E-010
          18           6  -4.6712326972565523E-010
          18           7  -7.8525982651646006E-010
          18           8   6.8342667086737843E-010
          18           9  -2.4899457147908336E-003
          18          10   2.6946547000526200E-008
          18          11  -5.3032237336971128E-009
          18          12  -1.3895372396923794E-003
          18          13   7.6382417104220237E-009
          18          14  -1.5001037107552424E-009
          18          15  -4.2046784145339502E-004
          18          16  -5.3364535599250114E-011
          18          17   1.1137614509688691E-011
          18          18   4.5296898561559714E-006
          18          19   8.0185648473737618E-012
          18          20   1.3176543032126998E-012
          18          21   6.5806660070674164E-012
          18          22   3.2148553531834737E-012
          18          23   6.3380899758183081E-013
          18          24   7.5759528859565713E-012
          18          25   1.5252930331098896E-011
          18          26  -1.3377796980724828E-012
          18          27   1.2294889864594165E-011
          18          28  -1.2611575439194081E-012
          18          29   2.9953429363255600E-014
          18          30   1.3763156508309869E-011
          18          31   5.6816328332637364E-013
          18          32  -3.3848452374610206E-014
          18          33   1.5123440473114721E-012
          18          34   2.8995200386431220E-013
          18          35   6.7349147540767250E-014
          18          36   2.7465780256574069E-012
          19           1   1.2382380241054466E-002
          19           2   1.3906951874674434E-002
          19           3  -1.0157431483030367E-002
          19           4   1.1201732789242403E-002
          19           5  -8.9850912518972537E-003
          19           6  -9.2025843791959036E-003
          19           7   2.8220671960712584E-009
          19           8  -3.3579371168789298E-009
          19           9  -2.0114661575361037E-009
          19          10  -9.6422152547004071E-010
          19          11   7.9698522684743219E-010
          19          12   5.9057274978387415E-010
          19          13  -2.5405879704289474E-010
          19          14   2.1000993269080797E-010
          19          15   1.5586882509976516E-010
          19          16  -1.2496694245033354E-011
          19          17   1.9537921680503033E-011
          19          18   8.0185648473737618E-012
          19          19   3.1899104967394293E-004
          19          20  -7.8714324184902697E-009
          19          21   3.1899065179106731E-004
          19          22  -5.3827853208568516E-009
          19          23   1.0681308456372968E-009
          19          24   3.1898885544882292E-004
          19          25   3.1652008459985407E-004
          19          26  -1.1342765912054524E-008
          19          27   3.1651954421880167E-004
          19          28  -7.7397027047642804E-009
          19          29   1.5392031821384442E-009
          19          30   3.1651692631592455E-004
          19          31   7.6096031084668650E-005
          19          32  -1.6378963886748961E-008
          19          33   7.6095244619440530E-005
          19          34  -1.1170740281033512E-008
          19          35   2.2447674222541296E-009
          19          36   7.6091447930117830E-005
          20           1   5.9642505638064312E-009
          20           2   4.3979518821046135E-008
          20           3   1.2165656372201482E-007
          20           4  -7.2821353849503300E-007
          20           5   6.2031097425567013E-007
          20           6   6.5491138141540863E-007
          20           7   1.9425437234037062E-009
          20           8  -2.1594629840144708E-009
          20           9  -1.0431879036880474E-009
          20          10  -1.0036707829329675E-009
          20          11  -8.5927979525286329E-010
          20          12  -2.8216412275919177E-011
          20          13  -2.7509609809711557E-010
          20          14  -2.6476557128834825E-010
          20          15  -1.6130769949701556E-011
          20          16  -1.4066090912541761E-012
          20          17   3.5333435840422207E-012
          20          18   1.3176543032126998E-012
          20          19  -7.8714324184902697E-009
          20          20   8.3033550336099785E-010
          20          21  -7.8314690665597362E-009
          20          22   5.6599900379955964E-010
          20          23  -1.1459138529027374E-010
          20          24  -7.6382285484196726E-009
          20          25  -1.5615353738770021E-008
          20          26   1.0367797899532960E-009
          20          27  -1.5565308557636358E-008
          20          28   7.0677805080494218E-010
          20          29  -1.4309744432063925E-010
          20          30  -1.5324121286418607E-008
          20          31   1.1913011475127636E-009
          20          32   1.2939354402085111E-009
          20          33   1.2537815995480640E-009
          20          34   8.8208806129860288E-010
          20          35  -1.7859449889170928E-010
          20          36   1.5547811881444565E-009
          21           1   1.2382380537747617E-002
          21           2   1.3906952862744534E-002
          21           3  -1.0157425838107956E-002
          21           4   1.1201696502310912E-002
          21           5  -8.9850605196449326E-003
          21           6  -9.2025519114190268E-003
          21           7   1.5867113305561614E-010
          21           8   6.3546532311158827E-010
          21           9  -2.1862800246326661E-011
          21          10   1.7637846480995034E-010
          21          11   5.8041347317484349E-010
          21          12  -4.4376539662214127E-010
          21          13   5.5075707303130225E-011
          21          14   1.7796354027410493E-010
          21          15  -1.2773929854360825E-010
          21          16  -1.0332516444475873E-011
          21          17   1.4756789025061379E-011
          21          18   6.5806660070674164E-012
          21          19   3.1899065179106731E-004
          21          20  -7.8314690665597362E-009
          21          21   3.1899025583168332E-004
          21          22  -5.3555442576630140E-009
          21          23   1.0626156538669453E-009
          21          24   3.1898846878986698E-004
          21          25   3.1651931667117872E-004
          21          26  -1.1292853781878210E-008
          21          27   3.1651877869939783E-004
          21          28  -7.7056773600856926E-009
          21          29   1.5323142696006519E-009
          21          30   3.1651617240762960E-004
          21          31   7.6096099303902555E-005
          21          32  -1.6316673235576437E-008
          21          33   7.6095315846506212E-005
          21          34  -1.1128276152909631E-008
          21          35   2.2361697995783088E-009
          21          36   7.6091533647422083E-005
          22           1   4.0765938340450569E-009
          22           2   2.9653083274046146E-008
          22           3   8.3207187479723279E-008
          22           4  -4.9775156403732342E-007
          22           5   4.2395495083845159E-007
          22           6   4.4760272388047168E-007
          22           7   3.4184062356695352E-009
          22           8  -2.9898903846945440E-009
          22           9  -2.3377130629093375E-009
          22          10  -2.2522707359904479E-010
          22          11   7.3385307829344686E-010
          22          12  -2.9498363993308298E-010
          22          13  -3.8929820922155075E-011
          22          14   1.8913755515432747E-010
          22          15  -1.0309187214032783E-010
          22          16  -4.0473348147995692E-012
          22          17   2.9633341724041021E-012
          22          18   3.2148553531834737E-012
          22          19  -5.3827853208568516E-009
          22          20   5.6599900379955964E-010
          22          21  -5.3555442576630140E-009
          22          22   3.8581379532918892E-010
          22          23  -7.8111322544482981E-011
          22          24  -5.2238216783291637E-009
          22          25  -1.0672264057054587E-008
          22          26   7.0672602729569211E-010
          22          27  -1.0638150535788819E-008
          22          28   4.8177872510844811E-010
