           1           1   2.3201598272726569     
           1           2   1.9805986686811790     
           1           3   9.7900515260023457     
           1           4  -9.8525930303433444     
           1           5 -0.54959599051247399     
           1           6 -0.17983668469416042     
           1           7  -6.5267169121312042E-015
           1           8  -9.3487345352121838E-015
           1           9   1.6319446602927692E-014
           1          10  -6.9807876528969442E-015
           1          11   7.8916965930866714E-015
           1          12   2.4640035703137842E-017
           1          13   2.0483277166674109E-015
           1          14   1.1714500481696006E-015
           1          15  -8.0902504775983309E-016
           1          16  -5.9624260322509346E-016
           1          17  -4.3487707513697297E-015
           1          18   1.4605456910174673E-016
           1          19  0.21732597191813577     
           1          20   1.0075758164471418E-014
           1          21  0.21732597191809760     
           1          22   7.6759851325859874E-015
           1          23  -1.4493863552482877E-014
           1          24  0.21732597191814085     
           1          25  0.26938667322803639     
           1          26  -5.2876314233223990E-015
           1          27  0.26938667322805182     
           1          28  -1.4920577181072514E-015
           1          29   1.1012220015256761E-014
           1          30  0.26938667322804216     
           1          31  0.15671704996356464     
           1          32   4.0599156481153804E-015
           1          33  0.15671704996355443     
           1          34   7.2085460245714015E-015
           1          35  -5.7308898668347614E-015
           1          36  0.15671704996355779     
           2           1   1.9805986686811790     
           2           2   16.598534875178370     
           2           3   66.057639675770801     
           2           4  -60.636895120327900     
           2           5  -2.2807918034882002     
           2           6 -0.80216848796362838     
           2           7   5.0312138496413440E-014
           2           8   6.9820139418249830E-014
           2           9  -3.1245002733400882E-014
           2          10  -2.1872493710327592E-014
           2          11   5.0666822474318022E-014
           2          12  -4.7436983493432864E-015
           2          13   1.1250637750186351E-014
           2          14  -1.3102615468749783E-014
           2          15   7.9938571593438987E-015
           2          16   2.5302253771173040E-015
           2          17   3.2377332224266092E-015
           2          18  -5.4268914910294957E-015
           2          19  -1.0027014637185092     
           2          20   6.7779853892615297E-014
           2          21  -1.0027014637189098     
           2          22   4.9080444411433977E-014
           2          23  -7.6519578688958865E-014
           2          24  -1.0027014637185363     
           2          25   1.0466047652666295     
           2          26  -4.6913528383869683E-014
           2          27   1.0466047652668347     
           2          28  -4.6027275829955540E-014
           2          29   8.1435251344693209E-014
           2          30   1.0466047652667247     
           2          31  0.67955572380295071     
           2          32   4.7111862512167930E-014
           2          33  0.67955572380284857     
           2          34   4.0959311820242588E-014
           2          35  -3.6867673529367869E-014
           2          36  0.67955572380287688     
           3           1   9.7900515260023457     
           3           2   66.057639675770801     
           3           3   310.50783067998896     
           3           4  -295.99888002056593     
           3           5  -13.564350441964281     
           3           6  -4.6070597838384222     
           3           7  -3.1719021849168504E-013
           3           8  -2.4490747823186177E-013
           3           9   4.0363380773006931E-013
           3          10  -1.1054905006156865E-013
           3          11   2.6581423873233829E-013
           3          12  -1.4512701615457296E-013
           3          13   4.9643759821627532E-014
           3          14  -7.9890840609489739E-014
           3          15   9.2435687476367386E-014
           3          16   3.4068548733813123E-015
           3          17   3.3569522401282429E-014
           3          18  -2.0459208498220869E-014
           3          19 -0.19928999011424595     
           3          20   2.9894126453555558E-013
           3          21 -0.19928999011605741     
           3          22   2.1138438244588926E-013
           3          23  -3.1594518199571592E-013
           3          24 -0.19928999011444584     
           3          25   6.4328877539281732     
           3          26  -1.9330901064918497E-013
           3          27   6.4328877539290916     
           3          28  -2.0254995833801327E-013
           3          29   3.4728427743303126E-013
           3          30   6.4328877539286093     
           3          31   3.9559489201799858     
           3          32   2.1673673689201491E-013
           3          33   3.9559489201795266     
           3          34   1.8916121047023695E-013
           3          35  -1.9096249437325416E-013
           3          36   3.9559489201796612     
           4           1  -9.8525930303433444     
           4           2  -60.636895120327900     
           4           3  -295.99888002056593     
           4           4   284.39877828233341     
           4           5   13.505960047637203     
           4           6   4.5607854347596195     
           4           7   3.7029158181773326E-013
           4           8   2.8799620072119690E-013
           4           9  -4.7889927158261174E-013
           4          10   1.4479443410418114E-013
           4          11  -2.3455854403013910E-013
           4          12   1.8536480849773538E-013
           4          13  -6.0996589444642756E-014
           4          14   6.8819384084315461E-014
           4          15  -1.0611578225574691E-013
           4          16   1.7606128327972025E-015
           4          17  -3.2022394046932475E-014
           4          18   2.0109142542367601E-014
           4          19 -0.72991948369596571     
           4          20  -1.9893752651853532E-013
           4          21 -0.72991948369417647     
           4          22  -1.6697943324273624E-013
           4          23   3.2845093933330922E-013
           4          24 -0.72991948369568949     
           4          25  -6.4389033322348563     
           4          26   1.5988307176707484E-013
           4          27  -6.4389033322357392     
           4          28   1.8223990346330474E-013
           4          29  -3.3220972027195169E-013
           4          30  -6.4389033322352844     
           4          31  -3.9250993189788219     
           4          32  -2.0003440522471748E-013
           4          33  -3.9250993189783840     
           4          34  -1.7802500559016321E-013
           4          35   1.8753310729474977E-013
           4          36  -3.9250993189785133     
           5           1 -0.54959599051247399     
           5           2  -2.2807918034882002     
           5           3  -13.564350441964281     
           5           4   13.505960047637203     
           5           5  0.74105105119746451     
           5           6  0.24487798127306351     
           5           7  -1.2829668535667129E-015
           5           8   4.2952206093564807E-015
           5           9  -5.1400785412335384E-014
           5          10  -4.1330963651040817E-014
           5          11  -2.0959035948305692E-014
           5          12  -1.2322608291553389E-014
           5          13   1.3240145117054849E-014
           5          14   6.0483870668002707E-015
           5          15   1.8988807338498945E-015
           5          16  -2.8971459110930115E-015
           5          17  -2.4148672642375346E-015
           5          18  -1.2389913424142617E-015
           5          19 -0.22850783093269136     
           5          20  -2.0390258748912440E-013
           5          21 -0.22850783093280660     
           5          22  -8.0514171371778623E-014
           5          23  -6.9105054313675976E-014
           5          24 -0.22850783093285360     
           5          25 -0.36013169710913362     
           5          26   5.1193961458837090E-014
           5          27 -0.36013169710912718     
           5          28   2.4538833791683185E-014
           5          29   5.2379716742321400E-015
           5          30 -0.36013169710911169     
           5          31 -0.21255988593499067     
           5          32  -2.0912304144345530E-014
           5          33 -0.21255988593498354     
           5          34  -1.2602766336565988E-014
           5          35   4.2277324154992836E-015
           5          36 -0.21255988593498851     
           6           1 -0.17983668469416042     
           6           2 -0.80216848796362838     
           6           3  -4.6070597838384222     
           6           4   4.5607854347596195     
           6           5  0.24487798127306351     
           6           6   8.1170114259597276E-002
           6           7  -4.1536169215765058E-015
           6           8  -1.8265689012014731E-014
           6           9  -1.4843686893199494E-014
           6          10  -1.9707259613702476E-014
           6          11  -1.4653980586485423E-014
           6          12  -1.2186720845972548E-014
           6          13   6.4111253010447175E-015
           6          14   4.1819419937398443E-015
           6          15   3.5256522463236964E-015
           6          16  -1.4175147274298586E-015
           6          17  -1.2099909329129375E-015
           6          18  -1.0158009248257466E-015
           6          19  -6.6704872495723586E-002
           6          20  -1.0076374310957696E-013
           6          21  -6.6704872495793599E-002
           6          22  -3.9232377541034511E-014
           6          23  -3.6662707893698402E-014
           6          24  -6.6704872495807338E-002
           6          25 -0.11868446196756358     
           6          26   2.4695729386545277E-014
           6          27 -0.11868446196755437     
           6          28   1.1106663863994341E-014
           6          29   4.7551581392277668E-015
           6          30 -0.11868446196754961     
           6          31  -7.0370909525326653E-002
           6          32  -9.0598734749830517E-015
           6          33  -7.0370909525326097E-002
           6          34  -5.0142937318713246E-015
           6          35   5.7857702659537945E-016
           6          36  -7.0370909525327624E-002
           7           1  -6.5267169121312042E-015
           7           2   5.0312138496413440E-014
           7           3  -3.1719021849168504E-013
           7           4   3.7029158181773326E-013
           7           5  -1.2829668535667129E-015
           7           6  -4.1536169215765058E-015
           7           7   1.9961116980234828     
           7           8   1.7694179454966240E-016
           7           9  -7.3552275381418623E-016
           7          10  0.14327747436741531     
           7          11  -5.6621374255881753E-015
           7          12  -2.2204460492504373E-015
           7          13   5.9122264770800348E-003
           7          14   3.1016855750464088E-015
           7          15   2.4980018054066712E-015
           7          16  -7.3287231700709266E-003
           7          17   9.2113816574374255E-016
           7          18   1.9446250165700019E-015
           7          19  -1.7597684676986304E-014
           7          20   1.0155896317584986E-014
           7          21  -3.3155054083312334E-014
           7          22   5.7886817498510415E-015
           7          23  -7.8721783064424657E-015
           7          24  -3.3221174717203317E-014
           7          25  -5.5255031092900833E-015
           7          26  -3.5346455151528950E-015
           7          27  -2.4974867628051662E-015
           7          28   7.4425950834834691E-016
           7          29   3.1168846124450596E-015
           7          30  -6.0485024091258482E-015
           7          31   4.1817902555028535E-015
           7          32   2.2333616898171248E-015
           7          33   1.7637589806315384E-015
           7          34   6.4027687732977978E-016
           7          35  -1.3168216940575051E-015
           7          36   3.0653471444650834E-015
           8           1  -9.3487345352121838E-015
           8           2   6.9820139418249830E-014
           8           3  -2.4490747823186177E-013
           8           4   2.8799620072119690E-013
           8           5   4.2952206093564807E-015
           8           6  -1.8265689012014731E-014
           8           7   1.7694179454966240E-016
           8           8   1.9961116980234914     
           8           9  -3.0808688933348808E-015
           8          10  -1.0824674490092371E-015
           8          11  0.14327747436742860     
           8          12  -9.8254737679330771E-015
           8          13  -2.5812685322537800E-015
           8          14   5.9122264770725408E-003
           8          15   8.9511731360405707E-015
           8          16   6.3490879220751652E-015
           8          17  -7.3287231700640883E-003
           8          18  -5.3256010712487574E-016
           8          19  -1.6854679615602705E-014
           8          20   5.3198195724001809E-015
           8          21  -2.9130853230050926E-014
           8          22  -1.6024909676239470E-015
           8          23  -3.8757101813269966E-015
           8          24  -3.1594721499376648E-014
           8          25   5.5045838332476616E-015
           8          26  -5.0369408926680593E-015
           8          27  -1.0392673243170323E-015
           8          28   7.5191312431865178E-015
           8          29  -1.7145947802623856E-015
           8          30   8.6243859726355790E-016
           8          31   4.3034407287743502E-015
           8          32  -3.4265472204050589E-015
           8          33   4.1243012972582233E-015
           8          34  -3.4640193188226669E-015
           8          35   3.5800630741413591E-015
           8          36   8.3275688927337138E-015
           9           1   1.6319446602927692E-014
           9           2  -3.1245002733400882E-014
           9           3   4.0363380773006931E-013
           9           4  -4.7889927158261174E-013
           9           5  -5.1400785412335384E-014
           9           6  -1.4843686893199494E-014
           9           7  -7.3552275381418623E-016
           9           8  -3.0808688933348808E-015
           9           9   1.9961116980234803     
           9          10  -3.2196467714131614E-015
           9          11   1.5543122344749062E-015
           9          12  0.14327747436742327     
           9          13   4.1633363423464162E-016
           9          14  -1.1518563880482887E-015
           9          15   5.9122264770721383E-003
           9          16  -1.8023776915399393E-015
           9          17   4.4755865680186881E-016
           9          18  -7.3287231700657103E-003
           9          19   3.4735320086619454E-014
           9          20   1.0626870390883257E-014
           9          21   3.9997372949816411E-014
           9          22   6.9283143394673272E-015
           9          23  -2.6050920611739949E-015
           9          24   3.8550298176374815E-014
           9          25   2.4171810871222946E-014
           9          26  -1.1703256755889216E-015
           9          27   2.3064602633507176E-014
           9          28  -2.4495369291135453E-015
           9          29   2.7162137497358272E-015
           9          30   2.3787844829777248E-014
           9          31   1.4136367170622770E-014
           9          32   1.0436691706833393E-015
           9          33   1.5133145248100048E-014
           9          34   2.0929535002457783E-015
           9          35  -1.4108277299215096E-015
           9          36   1.2702237771110795E-014
          10           1  -6.9807876528969442E-015
          10           2  -2.1872493710327592E-014
          10           3  -1.1054905006156865E-013
          10           4   1.4479443410418114E-013
          10           5  -4.1330963651040817E-014
          10           6  -1.9707259613702476E-014
          10           7  0.14327747436741531     
          10           8  -1.0824674490092371E-015
          10           9  -3.2196467714131614E-015
          10          10   2.9795947953447555     
          10          11   1.0325074129015227E-014
          10          12   4.4408920984877855E-016
          10          13  -1.0469007575282654     
          10          14  -1.9484414082172763E-014
          10          15   3.8302694349575056E-015
          10          16  0.22837309553299082     
          10          17   1.2947976024691488E-014
          10          18   7.5772721430667044E-015
          10          19   3.3337941750694450E-014
          10          20   2.8961088039464329E-014
          10          21  -7.0993640671689107E-014
          10          22   2.6867316857725023E-014
          10          23  -2.0651006141088941E-014
          10          24  -5.5911373371848625E-014
          10          25   3.6959756739455554E-015
          10          26  -2.5465782249812306E-015
          10          27   1.7371480444986028E-014
          10          28   2.9705153213372057E-015
          10          29   8.8728508797639007E-015
          10          30   2.0317432200682921E-014
          10          31   1.1649814831747071E-014
          10          32   6.0806131098093886E-015
          10          33   1.3352369370601903E-014
          10          34   2.7037980378746046E-015
          10          35  -8.0282785991333935E-016
          10          36   1.5552410872894041E-014
          11           1   7.8916965930866714E-015
          11           2   5.0666822474318022E-014
          11           3   2.6581423873233829E-013
          11           4  -2.3455854403013910E-013
          11           5  -2.0959035948305692E-014
          11           6  -1.4653980586485423E-014
          11           7  -5.6621374255881753E-015
          11           8  0.14327747436742860     
          11           9   1.5543122344749062E-015
          11          10   1.0325074129015227E-014
          11          11   2.9795947953447826     
          11          12   2.4424906541734073E-015
          11          13   2.8310687127928744E-015
          11          14  -1.0469007575283031     
          11          15   5.5511151231365822E-016
          11          16   2.4980018054068270E-015
          11          17  0.22837309553300750     
          11          18   3.4972025275692609E-015
          11          19   1.9736148324708438E-014
          11          20  -3.2333019579653017E-015
          11          21  -6.2136656467170115E-014
          11          22   8.3618070177194140E-015
          11          23  -1.5890780391748661E-014
          11          24  -1.5296176328660714E-014
          11          25   4.3254933946630414E-015
          11          26   3.0605266772436268E-015
          11          27   1.7108407530015979E-014
          11          28   2.8380146637675260E-015
          11          29   6.9509540188161406E-015
          11          30   1.2978943547972285E-014
          11          31   9.9943287418385684E-015
          11          32   3.0894629668925938E-015
          11          33   6.2372439888192950E-015
          11          34  -6.6881037525254893E-016
          11          35   7.4870009487462348E-016
          11          36   9.0295856927795191E-015
          12           1   2.4640035703137842E-017
          12           2  -4.7436983493432864E-015
          12           3  -1.4512701615457296E-013
          12           4   1.8536480849773538E-013
          12           5  -1.2322608291553389E-014
          12           6  -1.2186720845972548E-014
          12           7  -2.2204460492504373E-015
          12           8  -9.8254737679330771E-015
          12           9  0.14327747436742327     
          12          10   4.4408920984877855E-016
          12          11   2.4424906541734073E-015
          12          12   2.9795947953447692     
          12          13  -3.8302694349555034E-015
          12          14  -3.4972025275673179E-015
          12          15  -1.0469007575282934     
          12          16  -1.8735013540551789E-015
          12          17   4.2188474935746821E-015
          12          18  0.22837309553301666     
          12          19  -4.4838900533128075E-014
          12          20   8.1875671658236991E-014
          12          21  -6.6291765921996321E-015
          12          22   4.3456546293316668E-014
          12          23  -2.6315055740424318E-015
          12          24  -2.0889665201128440E-014
          12          25   8.7751498844057131E-015
          12          26  -1.5148158971894382E-014
          12          27  -4.4738276113014533E-015
          12          28  -6.0519026059579823E-015
          12          29   5.0741041012341258E-016
          12          30   2.5058204335998000E-015
          12          31   2.5968156191344282E-015
          12          32   7.3130891876903746E-015
          12          33   1.0594169700829373E-014
          12          34   5.5941008775255167E-015
          12          35  -2.9061176718570271E-017
          12          36   8.1899462697050808E-015
          13           1   2.0483277166674109E-015
          13           2   1.1250637750186351E-014
          13           3   4.9643759821627532E-014
          13           4  -6.0996589444642756E-014
          13           5   1.3240145117054849E-014
          13           6   6.4111253010447175E-015
          13           7   5.9122264770800348E-003
          13           8  -2.5812685322537800E-015
          13           9   4.1633363423464162E-016
          13          10  -1.0469007575282654     
          13          11   2.8310687127928744E-015
          13          12  -3.8302694349555034E-015
          13          13  0.36942646685082198     
          13          14   4.5519144009644087E-015
          13          15  -5.5511151231975111E-017
          13          16  -8.0758232184761553E-002
          13          17  -4.0037417825550711E-015
          13          18  -2.8796409701215116E-015
          13          19  -2.5519932605805190E-014
          13          20   1.2136753054937760E-014
          13          21   3.2660064594767799E-014
          13          22  -1.0069374696433601E-015
          13          23   1.6372091448461776E-014
          13          24   2.5525470683714381E-014
          13          25   2.3921129458997807E-015
          13          26  -4.2811455952617012E-015
          13          27  -7.3690405941443031E-015
          13          28  -2.9387749672405481E-015
          13          29  -5.1848525123669158E-015
          13          30  -8.0911926627735339E-015
          13          31  -4.4803857139867170E-015
          13          32  -7.2229156765217784E-016
          13          33  -3.8050415541309535E-015
          13          34  -4.2388462468241915E-016
          13          35   8.1951851738499396E-016
          13          36  -4.6559115067378472E-015
          14           1   1.1714500481696006E-015
          14           2  -1.3102615468749783E-014
          14           3  -7.9890840609489739E-014
          14           4   6.8819384084315461E-014
          14           5   6.0483870668002707E-015
          14           6   4.1819419937398443E-015
          14           7   3.1016855750464088E-015
          14           8   5.9122264770725408E-003
          14           9  -1.1518563880482887E-015
          14          10  -1.9484414082172763E-014
          14          11  -1.0469007575283031     
          14          12  -3.4972025275673179E-015
          14          13   4.5519144009644087E-015
          14          14  0.36942646685084518     
          14          15   8.4654505627560852E-016
          14          16  -1.9359513991903404E-015
          14          17  -8.0758232184769435E-002
          14          18  -1.4259426972529530E-015
          14          19  -2.7407402636917255E-014
          14          20   3.4355222090819524E-014
          14          21   3.3821824699309315E-014
          14          22   9.4519412559191635E-015
          14          23   1.9447733278094932E-014
          14          24   1.4513972585881801E-014
          14          25   4.1701050928733197E-015
          14          26  -8.8335549459006662E-015
          14          27  -8.0510904583686802E-015
          14          28  -3.6536649546892190E-015
          14          29  -5.7121313270414732E-015
          14          30  -5.9153660127303656E-015
          14          31  -4.2775629245447857E-015
          14          32   8.5031409265687037E-016
          14          33  -9.4306165002299360E-016
          14          34   9.0471018759490512E-016
          14          35   6.9669574559030475E-016
          14          36  -1.9764668694631396E-015
          15           1  -8.0902504775983309E-016
          15           2   7.9938571593438987E-015
          15           3   9.2435687476367386E-014
          15           4  -1.0611578225574691E-013
          15           5   1.8988807338498945E-015
          15           6   3.5256522463236964E-015
          15           7   2.4980018054066712E-015
          15           8   8.9511731360405707E-015
          15           9   5.9122264770721383E-003
          15          10   3.8302694349575056E-015
          15          11   5.5511151231365822E-016
          15          12  -1.0469007575282934     
          15          13  -5.5511151231975111E-017
          15          14   8.4654505627560852E-016
          15          15  0.36942646685083974     
          15          16   9.1593399531588076E-016
          15          17  -1.4190038033485194E-015
          15          18  -8.0758232184772266E-002
          15          19   2.3071317194730465E-014
          15          20  -3.9365210819355445E-014
          15          21  -9.2454797524830814E-016
          15          22  -1.9192465178493537E-014
          15          23  -3.6972859204151149E-015
          15          24   4.9507496594928030E-015
          15          25  -3.5290762421889384E-015
          15          26   7.7931041908536362E-015
          15          27   3.5684639568155181E-015
          15          28   3.0000984954108785E-015
          15          29   9.4569092112916842E-016
          15          30   9.2304524779999429E-016
          15          31   2.0168598535584496E-016
          15          32  -3.2144528090202043E-015
          15          33  -3.2480916725334465E-015
          15          34  -2.1640939022168547E-015
          15          35  -3.1005860449216952E-016
          15          36  -2.4142256407772163E-015
          16           1  -5.9624260322509346E-016
          16           2   2.5302253771173040E-015
          16           3   3.4068548733813123E-015
          16           4   1.7606128327972025E-015
          16           5  -2.8971459110930115E-015
          16           6  -1.4175147274298586E-015
          16           7  -7.3287231700709266E-003
          16           8   6.3490879220751652E-015
          16           9  -1.8023776915399393E-015
          16          10  0.22837309553299082     
          16          11   2.4980018054068270E-015
          16          12  -1.8735013540551789E-015
          16          13  -8.0758232184761553E-002
          16          14  -1.9359513991903404E-015
          16          15   9.1593399531588076E-016
          16          16   1.7672355470636354E-002
          16          17   1.0581813203459582E-015
          16          18   4.3107878378023863E-016
          16          19   3.8084295908363317E-015
          16          20  -1.2656635588241826E-015
          16          21  -7.4581833919077365E-015
          16          22   7.3620527504261372E-016
          16          23  -2.9562127222815966E-015
          16          24  -6.0151545878546903E-015
          16          25  -3.3007345556731102E-016
          16          26   6.2001683158241065E-016
          16          27   1.4713960688100488E-015
          16          28   5.1718899942806471E-016
          16          29   9.8604540916158912E-016
          16          30   1.6667797665910720E-015
          16          31   9.2731610265762975E-016
          16          32   2.3843846564452210E-016
          16          33   8.7339323654656041E-016
          16          34   1.2358088140318049E-016
          16          35  -1.3827651658977702E-016
          16          36   1.0482440489447709E-015
          17           1  -4.3487707513697297E-015
          17           2   3.2377332224266092E-015
          17           3   3.3569522401282429E-014
          17           4  -3.2022394046932475E-014
          17           5  -2.4148672642375346E-015
          17           6  -1.2099909329129375E-015
          17           7   9.2113816574374255E-016
          17           8  -7.3287231700640883E-003
          17           9   4.4755865680186881E-016
          17          10   1.2947976024691488E-014
          17          11  0.22837309553300750     
          17          12   4.2188474935746821E-015
          17          13  -4.0037417825550711E-015
          17          14  -8.0758232184769435E-002
          17          15  -1.4190038033485194E-015
          17          16   1.0581813203459582E-015
          17          17   1.7672355470638654E-002
          17          18   5.7592819402430834E-016
          17          19   1.4820511146428216E-014
          17          20  -2.0519079506509755E-014
          17          21  -1.1375047685252535E-014
          17          22  -6.9525109992489867E-015
          17          23  -9.7220580715645703E-015
          17          24  -6.0800498172154597E-015
          17          25  -2.2863943996432716E-015
          17          26   4.9372617850635764E-015
          17          27   3.3627142125438455E-015
          17          28   1.9018628080830372E-015
          17          29   2.5159090191497362E-015
          17          30   2.6443965590722017E-015
          17          31   1.7345486733694931E-015
          17          32  -9.7599827785109674E-016
          17          33   2.1465341024028883E-016
          17          34  -4.8859834366118264E-016
          17          35  -5.0089456404303787E-016
          17          36   4.9357429053586036E-016
          18           1   1.4605456910174673E-016
          18           2  -5.4268914910294957E-015
          18           3  -2.0459208498220869E-014
          18           4   2.0109142542367601E-014
          18           5  -1.2389913424142617E-015
          18           6  -1.0158009248257466E-015
          18           7   1.9446250165700019E-015
          18           8  -5.3256010712487574E-016
          18           9  -7.3287231700657103E-003
          18          10   7.5772721430667044E-015
          18          11   3.4972025275692609E-015
          18          12  0.22837309553301666     
          18          13  -2.8796409701215116E-015
          18          14  -1.4259426972529530E-015
          18          15  -8.0758232184772266E-002
          18          16   4.3107878378023863E-016
          18          17   5.7592819402430834E-016
          18          18   1.7672355470640166E-002
          18          19   5.8668013689987177E-016
          18          20   1.8468319620661586E-015
          18          21  -8.3492004121005688E-016
          18          22   1.6423197166838541E-015
          18          23  -2.0216559652934998E-015
          18          24  -1.5620980105676324E-015
          18          25   2.3867500631019766E-016
          18          26  -1.5166138623448124E-016
          18          27   2.2171373760169753E-016
          18          28  -6.5547959880144909E-017
          18          29   4.3833190274632179E-016
          18          30   6.7050339075136953E-016
          18          31   4.3836208947465710E-016
          18          32   2.8511874086351186E-016
          18          33   7.7963802525267890E-016
          18          34   3.1070275050820668E-016
          18          35  -1.0277767325041137E-016
          18          36   6.3878137827065759E-016
          19           1  0.21732597191813577     
          19           2  -1.0027014637185092     
          19           3 -0.19928999011424595     
          19           4 -0.72991948369596571     
          19           5 -0.22850783093269136     
          19           6  -6.6704872495723586E-002
          19           7  -1.7597684676986304E-014
          19           8  -1.6854679615602705E-014
          19           9   3.4735320086619454E-014
          19          10   3.3337941750694450E-014
          19          11   1.9736148324708438E-014
          19          12  -4.4838900533128075E-014
          19          13  -2.5519932605805190E-014
          19          14  -2.7407402636917255E-014
          19          15   2.3071317194730465E-014
          19          16   3.8084295908363317E-015
          19          17   1.4820511146428216E-014
          19          18   5.8668013689987177E-016
          19          19  0.92169150312650183     
          19          20 -0.85805218041043019     
          19          21   7.3133513425981234E-002
          19          22 -0.32300167628706855     
          19          23 -0.36207832560068554     
          19          24  0.14363613009342099     
          19          25  -2.5457887676061802E-003
          19          26  0.19752890134191833     
          19          27  0.19279749134651780     
          19          28   7.4356977005835226E-002
          19          29   8.3352662563493912E-002
          19          30  0.17656735438050883     
          19          31   9.4344602910090350E-002
          19          32  -5.2860055164042519E-002
          19          33   4.2069434605039563E-002
          19          34  -1.9898424380728495E-002
          19          35  -2.2305730003268753E-002
          19          36   4.6412727811867692E-002
          20           1   1.0075758164471418E-014
          20           2   6.7779853892615297E-014
          20           3   2.9894126453555558E-013
          20           4  -1.9893752651853532E-013
          20           5  -2.0390258748912440E-013
          20           6  -1.0076374310957696E-013
          20           7   1.0155896317584986E-014
          20           8   5.3198195724001809E-015
          20           9   1.0626870390883257E-014
          20          10   2.8961088039464329E-014
          20          11  -3.2333019579653017E-015
          20          12   8.1875671658236991E-014
          20          13   1.2136753054937760E-014
          20          14   3.4355222090819524E-014
          20          15  -3.9365210819355445E-014
          20          16  -1.2656635588241826E-015
          20          17  -2.0519079506509755E-014
          20          18   1.8468319620661586E-015
          20          19 -0.85805218041043019     
          20          20   1.3578891477993167     
          20          21  0.48481217189691239     
          20          22  0.51115827331317099     
          20          23  0.57299805327847086     
          20          24  0.37324000851356526     
          20          25  0.19752890134198811     
          20          26 -0.31259445244998030     
          20          27 -0.11160675056629119     
          20          28 -0.11767178552135239     
          20          29 -0.13190768407698961     
          20          30  -8.5922150775514794E-002
          20          31  -5.2860055163970347E-002
          20          32   8.3652366252355656E-002
          20          33   2.9866712929388493E-002
          20          34   3.1489756849020410E-002
          20          35   3.5299378518787380E-002
          20          36   2.2993342234798066E-002
          21           1  0.21732597191809760     
          21           2  -1.0027014637189098     
          21           3 -0.19928999011605741     
          21           4 -0.72991948369417647     
          21           5 -0.22850783093280660     
          21           6  -6.6704872495793599E-002
          21           7  -3.3155054083312334E-014
          21           8  -2.9130853230050926E-014
          21           9   3.9997372949816411E-014
          21          10  -7.0993640671689107E-014
          21          11  -6.2136656467170115E-014
          21          12  -6.6291765921996321E-015
          21          13   3.2660064594767799E-014
          21          14   3.3821824699309315E-014
          21          15  -9.2454797524830814E-016
          21          16  -7.4581833919077365E-015
          21          17  -1.1375047685252535E-014
          21          18  -8.3492004121005688E-016
          21          19   7.3133513425981234E-002
          21          20  0.48481217189691239     
          21          21  0.55258132715966513     
          21          22  0.18250072406106124     
          21          23  0.20457960883836396     
          21          24  0.51274630606033600     
          21          25  0.19279749134654994     
          21          26 -0.11160675056635476     
          21          27   8.2425649097628409E-002
          21          28  -4.2012791693673432E-002
          21          29  -4.7095487073376859E-002
          21          30   9.1595916515300205E-002
          21          31   4.2069434605099515E-002
          21          32   2.9866712929289402E-002
          21          33   7.1605677809014001E-002
          21          34   1.1242904058273835E-002
          21          35   1.2603067337299396E-002
          21          36   6.9151652913021888E-002
          22           1   7.6759851325859874E-015
          22           2   4.9080444411433977E-014
          22           3   2.1138438244588926E-013
          22           4  -1.6697943324273624E-013
          22           5  -8.0514171371778623E-014
          22           6  -3.9232377541034511E-014
          22           7   5.7886817498510415E-015
          22           8  -1.6024909676239470E-015
          22           9   6.9283143394673272E-015
          22          10   2.6867316857725023E-014
          22          11   8.3618070177194140E-015
          22          12   4.3456546293316668E-014
          22          13  -1.0069374696433601E-015
          22          14   9.4519412559191635E-015
          22          15  -1.9192465178493537E-014
          22          16   7.3620527504261372E-016
          22          17  -6.9525109992489867E-015
          22          18   1.6423197166838541E-015
          22          19 -0.32300167628706855     
          22          20  0.51115827331317099     
          22          21  0.18250072406106124     
          22          22  0.19241834342660025     
          22          23  0.21569705892436986     
          22          24  0.14050095222602235     
          22          25   7.4356977005860081E-002
          22          26 -0.11767178552134863     
          22          27  -4.2012791693647196E-002
          22          28  -4.4295888808194329E-002
