           1           1   2.1591587607896541     
           1           2 -0.12578193373456792     
           1           3 -0.55224939869100798     
           1           4   9.5606669860719473E-002
           1           5   9.3095031125401004E-002
           1           6   1.5625638397668048E-012
           1           7  -3.4385963895303052E-011
           1           8   7.1496987827375192E-011
           1           9  -4.7639694951196235E-013
           1          10   5.7225414804130851E-011
           1          11  -1.2667356053044914E-010
           1          12  -9.2816554613715363E-012
           1          13   7.3748266370981081E-011
           1          14  -2.4077244766513542E-010
           1          15  -3.1314293069721068E-012
           1          16   5.8463739674091906E-012
           1          17   1.2079329484558562E-010
           1          18   1.2383743065534796E-004
           1          19   3.5604541675584304E-004
           1          20  -7.3090042401047597E-004
           1          21  -9.4846850817612770E-007
           1          22   2.9356216246550021E-006
           1          23   2.2345364723100117E-004
           1          24   3.7668946360724081E-003
           1          25   1.6371818510507946E-004
           1          26   3.3738659955333053E-003
           1          27  -4.3613224870402925E-007
           1          28   1.3498719830967889E-006
           1          29   3.8127005460403666E-003
           1          30  -1.9826477835716544E-012
           1          31  -1.4534063779082260E-011
           1          32   2.2144792016565572E-012
           1          33  -3.8744973179878090E-011
           1          34   3.7098998625305707E-011
           1          35  -1.5723847360499569E-011
           1          36   7.1918211073450488E-011
           1          37   4.0988125180103652E-013
           1          38  -1.5669954194845691E-011
           1          39   7.4909963662746995E-011
           2           1 -0.12578193373456792     
           2           2   6.2756173080447258E-002
           2           3  0.31491084658319712     
           2           4  -1.6818025862557075E-004
           2           5  -9.8310264961835730E-003
           2           6   3.4321600886317315E-013
           2           7   3.5435810648634899E-011
           2           8  -1.3098877676516450E-010
           2           9  -7.1899660729235170E-013
           2          10  -1.8117642727879134E-011
           2          11   6.5442576079654995E-011
           2          12   9.1310474523734095E-013
           2          13  -2.3732898954731874E-011
           2          14   1.2344849774434724E-010
           2          15  -2.3164598830957771E-015
           2          16   6.5691380830602259E-013
           2          17  -1.2159822652410168E-012
           2          18  -2.5627651553666560E-003
           2          19  -2.0577067869148198E-004
           2          20  -2.0687831940625081E-003
           2          21   5.4815297004041498E-007
           2          22  -1.6966011732896047E-006
           2          23  -2.6203367309566468E-003
           2          24  -2.0774435749413428E-003
           2          25   2.7059830030285836E-005
           2          26  -2.1424045951576646E-003
           2          27  -7.2083897219814734E-008
           2          28   2.2311028055864454E-007
           2          29  -2.0698726401498974E-003
           2          30   1.6618771251405360E-013
           2          31   7.2555723415666684E-012
           2          32  -1.1387178440765396E-014
           2          33   1.6649879973765774E-011
           2          34  -2.2023231464293433E-011
           2          35   1.9274877762884754E-012
           2          36  -2.7206185228306528E-011
           2          37  -2.2873919837426414E-013
           2          38   6.6101982744943536E-012
           2          39  -5.2981878182580842E-011
           3           1 -0.55224939869100798     
           3           2  0.31491084658319712     
           3           3   2.1569714393043640     
           3           4 -0.68902892963282203     
           3           5 -0.62625401718984663     
           3           6  -1.3611968597742389E-011
           3           7   1.5721902457367949E-010
           3           8  -1.2166297475400961E-010
           3           9   3.5234860999186363E-012
           3          10  -2.8756233668684124E-010
           3          11   3.7602989639006259E-010
           3          12   5.7820307204614825E-011
           3          13  -3.7560451824882256E-010
           3          14   8.2359177794135551E-010
           3          15   2.5934571855030094E-011
           3          16  -6.5394401971082038E-011
           3          17  -8.2097888504791701E-010
           3          18  -1.4142949462104586E-002
           3          19  -1.2964693600202425E-003
           3          20  -1.1030590097163366E-002
           3          21   3.4536537062755636E-006
           3          22  -1.0689440719712022E-005
           3          23  -1.4505682337361131E-002
           3          24  -2.2044223759029535E-002
           3          25  -1.5186775011521384E-003
           3          26  -1.8398423080864999E-002
           3          27   4.0456274398686932E-006
           3          28  -1.2521640711541762E-005
           3          29  -2.2469127095791408E-002
           3          30   2.1374645182330219E-011
           3          31   4.3071222648267205E-011
           3          32  -1.3158375500379171E-011
           3          33   1.3917314921891934E-010
           3          34  -2.8476825654437290E-011
           3          35   1.0200447987191820E-010
           3          36  -2.4754240614546525E-010
           3          37   1.3878366596895012E-012
           3          38   5.5625699516079184E-011
           3          39   1.9571655371594136E-011
           4           1   9.5606669860719473E-002
           4           2  -1.6818025862557075E-004
           4           3 -0.68902892963282203     
           4           4  0.84016282015059707     
           4           5  0.70345008083399752     
           4           6  -1.3363967582999793E-011
           4           7  -9.0025176250419514E-011
           4           8   5.0396198872098724E-010
           4           9   3.5760158768435889E-011
           4          10   2.2801360980459841E-010
           4          11  -9.4634401443357573E-010
           4          12   4.9756352784913808E-012
           4          13   3.0353478438855838E-010
           4          14  -1.6903577457706008E-009
           4          15   8.2249160928031500E-012
           4          16   8.5210472881276334E-011
           4          17   1.3253183831055327E-010
           4          18   1.0162116394026375E-003
           4          19   2.6331374462753568E-004
           4          20   3.8409043031984672E-004
           4          21  -7.0142455743881792E-007
           4          22   2.1709454765519470E-006
           4          23   1.0898829275696798E-003
           4          24   1.3867979186509241E-002
           4          25   1.7752758611299935E-003
           4          26   9.6061778891227967E-003
           4          27  -4.7291771702065265E-006
           4          28   1.4637316153797453E-005
           4          29   1.4364674855777831E-002
           4          30  -2.2457840441509758E-011
           4          31  -3.5523295278155901E-012
           4          32   1.2709481146630346E-011
           4          33  -7.1727487810334198E-011
           4          34  -1.1246300219143012E-010
           4          35  -1.7538449905389636E-010
           4          36   2.7205653388640000E-010
           4          37  -3.1023985897991208E-012
           4          38  -2.9809193365392228E-011
           4          39  -4.1789155998344337E-010
           5           1   9.3095031125401004E-002
           5           2  -9.8310264961835730E-003
           5           3 -0.62625401718984663     
           5           4  0.70345008083399752     
           5           5  0.59143485172051735     
           5           6   9.9910868743606036E-011
           5           7  -1.5688103924006763E-010
           5           8  -1.5921922523159547E-009
           5           9  -1.1437816526118111E-010
           5          10   2.6001588485811781E-010
           5          11   1.8720993606049546E-009
           5          12  -2.2418704463383826E-010
           5          13   3.4816681529982906E-010
           5          14   2.8896365925155554E-009
           5          15  -1.2191807096008167E-010
           5          16   8.9816825820263394E-011
           5          17   2.7610628283949300E-009
           5          18   1.4056997326272042E-003
           5          19   4.3423550475030562E-004
           5          20   3.6325598607424379E-004
           5          21  -1.1567481628597726E-006
           5          22   3.5802222457391016E-006
           5          23   1.5271924486795277E-003
           5          24   1.2383890822820445E-002
           5          25   2.3582043757641169E-003
           5          26   6.7226851473883714E-003
           5          27  -6.2820471375944752E-006
           5          28   1.9443613442749746E-005
           5          29   1.3043681396111985E-002
           5          30  -2.6950597218509242E-011
           5          31  -1.8871226575923931E-011
           5          32   2.0333471997560380E-011
           5          33  -4.6209414392432860E-011
           5          34  -4.9810920845276243E-011
           5          35   6.3907624872493826E-011
           5          36  -2.2799627874955124E-010
           5          37  -1.7017394520454614E-012
           5          38  -1.7524830384863775E-011
           5          39  -1.0940480791771775E-010
           6           1   1.5625638397668048E-012
           6           2   3.4321600886317315E-013
           6           3  -1.3611968597742389E-011
           6           4  -1.3363967582999793E-011
           6           5   9.9910868743606036E-011
           6           6   2.0968233499057898     
           6           7   2.1738693156487836E-002
           6           8  -5.7910094722475190E-005
           6           9 -0.13310120146094087     
           6          10  -2.8441276469632293E-002
           6          11   7.5765145851042605E-005
           6          12 -0.28250220391040592     
           6          13  -4.1871180625590594E-002
           6          14   1.1154144614265889E-004
           6          15 -0.13358074802717282     
           6          16  -2.3691689506939964E-002
           6          17   6.3112443434211674E-005
           6          18   2.6178336358708840E-011
           6          19  -1.2868835444925357E-010
           6          20  -3.4481299044695936E-011
           6          21   5.6077408195472818E-010
           6          22   1.3351272874887394E-010
           6          23  -8.7084246095545015E-012
           6          24   5.7714736399923228E-011
           6          25  -8.3724649863494395E-012
           6          26  -7.8260770205862573E-011
           6          27  -6.8689391336575670E-011
           6          28   4.2367911566058749E-010
           6          29  -1.3963242203050190E-011
           6          30  -8.0779366346149929E-004
           6          31   2.3855178823230889E-003
           6          32  -3.8243020363521738E-003
           6          33   7.5763492575313168E-004
           6          34  -6.3548285459698818E-006
           6          35   1.1817070059163785E-005
           6          36  -2.6704699886295793E-006
           6          37   1.7357182801196452E-005
           6          38   7.0165428734060478E-006
           6          39  -4.1807536718476412E-008
           7           1  -3.4385963895303052E-011
           7           2   3.5435810648634899E-011
           7           3   1.5721902457367949E-010
           7           4  -9.0025176250419514E-011
           7           5  -1.5688103924006763E-010
           7           6   2.1738693156487836E-002
           7           7   2.0365631725354594     
           7           8   1.7923838914268750E-004
           7           9  -2.8441276552179498E-002
           7          10  -5.4261304615303582E-002
           7          11  -2.3450195704503802E-004
           7          12  -4.1871180476965073E-002
           7          13 -0.16643428924559070     
           7          14  -3.4523312121795659E-004
           7          15  -2.3691688952281846E-002
           7          16  -6.7906803110201100E-002
           7          17  -1.9534051812489174E-004
           7          18   1.6859109639494214E-011
           7          19  -2.4666546946043365E-013
           7          20  -1.5473885048262563E-010
           7          21   1.2782498451238321E-010
           7          22   2.2657294656333637E-010
           7          23   2.5119859563552887E-011
           7          24  -4.9119727490454809E-011
           7          25  -4.5153633200028774E-011
           7          26   3.2688807236739901E-011
           7          27   4.2962394608627142E-010
           7          28  -1.0648228090736284E-009
           7          29   6.6341927611255862E-011
           7          30   9.3124891875460839E-005
           7          31  -6.9111335337594258E-004
           7          32   3.2770515037370954E-003
           7          33  -1.0172140736329122E-002
           7          34   9.1463996605623115E-007
           7          35  -6.5603626817046471E-006
           7          36   2.7019678577602847E-005
           7          37   7.0165495125863015E-006
           7          38  -2.0921000187213660E-006
           7          39   1.2946225560823760E-007
           8           1   7.1496987827375192E-011
           8           2  -1.3098877676516450E-010
           8           3  -1.2166297475400961E-010
           8           4   5.0396198872098724E-010
           8           5  -1.5921922523159547E-009
           8           6  -5.7910094722475190E-005
           8           7   1.7923838914268750E-004
           8           8   2.1038464244806385     
           8           9   7.5765246799807794E-005
           8          10  -2.3450221367932495E-004
           8          11 -0.14228966582698743     
           8          12   1.1154146635341318E-004
           8          13  -3.4523304267697623E-004
           8          14 -0.29602943962384309     
           8          15   6.3112390415941046E-005
           8          16  -1.9534038642820493E-004
           8          17 -0.14123477180813027     
           8          18  -1.0196361822472510E-010
           8          19   4.1881534817729643E-011
           8          20  -2.9652305272592011E-010
           8          21  -1.5047171736389635E-011
           8          22  -1.7527641344010486E-010
           8          23   8.4840064992340068E-010
           8          24   3.0705714177676777E-010
           8          25   4.7771335661595496E-011
           8          26   3.0374815081728489E-010
           8          27   2.4024575993010159E-013
           8          28   7.9032549929722602E-011
           8          29   8.5047381993913638E-010
           8          30  -2.4816855225018184E-007
           8          31   9.1465706413830185E-007
           8          32  -2.6704769924780739E-006
           8          33   6.2469565659537163E-006
           8          34  -3.4780294797058682E-004
           8          35   1.3132472073841385E-003
           8          36  -3.5004409722400520E-003
           8          37  -6.0780254658879586E-006
           8          38   1.8812174391383288E-005
           8          39   4.3880546841108250E-005
           9           1  -4.7639694951196235E-013
           9           2  -7.1899660729235170E-013
           9           3   3.5234860999186363E-012
           9           4   3.5760158768435889E-011
           9           5  -1.1437816526118111E-010
           9           6 -0.13310120146094087     
           9           7  -2.8441276552179498E-002
           9           8   7.5765246799807794E-005
           9           9  0.24203919091289045     
           9          10   3.4672533372845919E-002
           9          11  -9.2364656956696724E-005
           9          12  0.37164222070769570     
           9          13   5.3213253763926952E-002
           9          14  -1.4175581848831101E-004
           9          15  0.17760857852894535     
           9          16   3.1737222798060627E-002
           9          17  -8.4545006039113706E-005
           9          18  -1.5175689968528614E-011
           9          19   4.9112253661164566E-011
           9          20   3.2897919513726489E-011
           9          21   3.5537151917266918E-011
           9          22  -1.5102250411182229E-010
           9          23  -3.7251951307661799E-012
           9          24  -8.0097645730555892E-011
           9          25   3.2468390682724601E-011
           9          26   1.0354960194906758E-010
           9          27  -3.2824683191620413E-011
           9          28  -5.6848538128196965E-010
           9          29   2.1022062093754056E-011
           9          30   2.5438053632546318E-003
           9          31  -2.5220581076279679E-003
           9          32   6.2055506159110173E-003
           9          33   1.1869314670580342E-003
           9          34   6.7185523499772848E-006
           9          35  -1.7303274410681546E-005
           9          36   9.4745733688831147E-007
           9          37   5.8036012311704014E-004
           9          38   9.7403820972288228E-004
           9          39  -5.8020518244309734E-006
          10           1   5.7225414804130851E-011
          10           2  -1.8117642727879134E-011
          10           3  -2.8756233668684124E-010
          10           4   2.2801360980459841E-010
          10           5   2.6001588485811781E-010
          10           6  -2.8441276469632293E-002
          10           7  -5.4261304615303582E-002
          10           8  -2.3450221367932495E-004
          10           9   3.4672533372845919E-002
          10          10  0.14592610275280299     
          10          11   2.8587935630356175E-004
          10          12   5.3213253376583031E-002
          10          13  0.22413381101024479     
          10          14   4.3875006129607673E-004
          10          15   3.1737222073271898E-002
          10          16   8.9632220021689607E-002
          10          17   2.6167698754448170E-004
          10          18   1.0545201484924456E-011
          10          19   1.3305871082389090E-011
          10          20   3.5883800688221688E-011
          10          21  -1.4483919927070155E-010
          10          22   3.7776973729734602E-010
          10          23  -2.9432201089386074E-011
          10          24   5.0766047686197431E-011
          10          25   6.3282429765902788E-011
          10          26  -4.0373802797808407E-011
          10          27  -5.7733313454726484E-010
          10          28   1.3037565201932725E-009
          10          29  -1.0559517323493608E-010
          10          30   2.0745781166527540E-003
          10          31  -1.1477934064451146E-003
          10          32  -3.7129609162644532E-003
          10          33   9.9453993754479181E-003
          10          34   6.8866612260308644E-006
          10          35   9.2537696009604922E-006
          10          36  -3.0613711698538305E-005
          10          37   9.7403821165929294E-004
          10          38  -2.1196975834196991E-003
          10          39   1.7958065161593033E-005
          11           1  -1.2667356053044914E-010
          11           2   6.5442576079654995E-011
          11           3   3.7602989639006259E-010
          11           4  -9.4634401443357573E-010
          11           5   1.8720993606049546E-009
          11           6   7.5765145851042605E-005
          11           7  -2.3450195704503802E-004
          11           8 -0.14228966582698743     
          11           9  -9.2364656956696724E-005
          11          10   2.8587935630356175E-004
          11          11  0.25324077440493103     
          11          12  -1.4175565370314145E-004
          11          13   4.3874948385416935E-004
          11          14  0.38883371652602894     
          11          15  -8.4544923750731000E-005
          11          16   2.6167672493014615E-004
          11          17  0.18786185579637879     
          11          18  -6.5011777408816054E-011
          11          19  -4.1366975265383044E-011
          11          20   4.1377275938395189E-011
          11          21   4.4534301714707645E-012
          11          22   3.1841421720643837E-011
          11          23  -2.2556594856689980E-010
          11          24  -2.1133763816916470E-010
          11          25  -1.1138678773833272E-010
          11          26  -3.8013723265434417E-011
          11          27   1.7706713869767223E-011
          11          28  -6.1121959706761408E-011
          11          29  -1.2651371817099365E-009
          11          30  -5.5264707673089552E-006
          11          31   6.8866660560751184E-006
          11          32   9.4745137289979805E-007
          11          33   9.7863560120913848E-006
          11          34   1.4373620235650073E-003
          11          35  -1.9383497591176743E-003
          11          36   6.0906484132040809E-003
          11          37   6.3488164548176052E-006
          11          38  -1.9650199201818713E-005
          11          39   2.0013720094323507E-003
          12           1  -9.2816554613715363E-012
          12           2   9.1310474523734095E-013
          12           3   5.7820307204614825E-011
          12           4   4.9756352784913808E-012
          12           5  -2.2418704463383826E-010
          12           6 -0.28250220391040592     
          12           7  -4.1871180476965073E-002
          12           8   1.1154146635341318E-004
          12           9  0.37164222070769570     
          12          10   5.3213253376583031E-002
          12          11  -1.4175565370314145E-004
          12          12  0.57366301680821685     
          12          13   8.1520811214514391E-002
          12          14  -2.1716503681300584E-004
          12          15  0.27407234367616945     
          12          16   4.8703148525433462E-002
          12          17  -1.2974072299128396E-004
          12          18  -2.5084235210243134E-011
          12          19   7.8039108922599966E-011
          12          20   5.2870671041828553E-011
          12          21   3.3772353994733527E-011
          12          22  -2.3440851520728973E-010
          12          23  -6.8084884853463373E-012
          12          24  -1.2740543290421235E-010
          12          25   4.3036675334337861E-011
          12          26   1.7046957273933811E-010
          12          27  -4.0865392120262457E-011
          12          28  -8.8044327683819221E-010
          12          29   2.6383275278675986E-011
          12          30   3.8773432516259441E-003
          12          31  -3.9185737917531481E-003
          12          32   9.5666549781619325E-003
          12          33   1.7407175783089954E-003
          12          34   1.0438753903242393E-005
          12          35  -2.6739184445488958E-005
          12          36   1.6591904439071997E-006
          12          37   8.7390586580246067E-004
          12          38   1.4791118978527535E-003
          12          39  -8.8106222969735157E-006
          13           1   7.3748266370981081E-011
          13           2  -2.3732898954731874E-011
          13           3  -3.7560451824882256E-010
          13           4   3.0353478438855838E-010
          13           5   3.4816681529982906E-010
          13           6  -4.1871180625590594E-002
          13           7 -0.16643428924559070     
          13           8  -3.4523304267697623E-004
          13           9   5.3213253763926952E-002
          13          10  0.22413381101024479     
          13          11   4.3874948385416935E-004
          13          12   8.1520811214514391E-002
          13          13  0.34768537553779993     
          13          14   6.7214882166543460E-004
          13          15   4.8703147467436390E-002
          13          16  0.13906602091410114     
          13          17   4.0156260527678063E-004
          13          18   1.2971631226490468E-011
          13          19   1.7209557554811357E-011
          13          20   6.5127631272792761E-011
          13          21  -2.2491693410831484E-010
          13          22   5.6630050990551467E-010
          13          23  -4.9027487301279795E-011
          13          24   7.1765205142952429E-011
          13          25   8.4353752882259603E-011
          13          26  -3.8239233179820075E-011
          13          27  -8.9460005289703705E-010
          13          28   2.0294729483460546E-009
          13          29  -1.7526971265570038E-010
          13          30   3.1438836476169463E-003
          13          31  -1.7106828453076340E-003
          13          32  -5.8011183191847308E-003
          13          33   1.5554004567096517E-002
          13          34   1.0386412227698240E-005
          13          35   1.4429921395096959E-005
          13          36  -4.7830753833782439E-005
          13          37   1.4791118776455083E-003
          13          38  -3.2262283968171723E-003
          13          39   2.7269946970343842E-005
          14           1  -2.4077244766513542E-010
          14           2   1.2344849774434724E-010
          14           3   8.2359177794135551E-010
          14           4  -1.6903577457706008E-009
          14           5   2.8896365925155554E-009
          14           6   1.1154144614265889E-004
          14           7  -3.4523312121795659E-004
          14           8 -0.29602943962384309     
          14           9  -1.4175581848831101E-004
          14          10   4.3875006129607673E-004
          14          11  0.38883371652602894     
          14          12  -2.1716503681300584E-004
          14          13   6.7214882166543460E-004
          14          14  0.59999977717342801     
          14          15  -1.2974071421739507E-004
          14          16   4.0156262277346274E-004
          14          17  0.28980676680620687     
          14          18  -6.0766351232152098E-011
          14          19  -1.9934978024125550E-011
          14          20   1.1676179756540477E-012
          14          21   6.9993497322887992E-012
          14          22   5.5018267164061680E-011
          14          23  -3.2609165078324054E-010
          14          24  -2.2446818414486506E-010
          14          25   4.3292294711364631E-011
          14          26  -4.7591641645532896E-010
          14          27   2.5419318678130662E-011
          14          28  -9.5115564066283871E-011
          14          29  -1.7738755349351773E-009
          14          30  -8.3749924802020581E-006
          14          31   1.0386423871234212E-005
          14          32   1.6591787264055639E-006
          14          33   1.4352376122189842E-005
          14          34   2.1882330511051656E-003
          14          35  -2.9897001507970949E-003
          14          36   9.3654367276931796E-003
          14          37   9.8542856567439705E-006
          14          38  -3.0499972726678720E-005
          14          39   3.0226265648983725E-003
          15           1  -3.1314293069721068E-012
          15           2  -2.3164598830957771E-015
          15           3   2.5934571855030094E-011
          15           4   8.2249160928031500E-012
          15           5  -1.2191807096008167E-010
          15           6 -0.13358074802717282     
          15           7  -2.3691688952281846E-002
          15           8   6.3112390415941046E-005
          15           9  0.17760857852894535     
          15          10   3.1737222073271898E-002
          15          11  -8.4544923750731000E-005
          15          12  0.27407234367616945     
          15          13   4.8703147467436390E-002
          15          14  -1.2974071421739507E-004
          15          15  0.13135077555441041     
          15          16   2.7143604150957765E-002
          15          17  -7.2307846283778512E-005
          15          18  -1.2424198596390713E-011
          15          19   3.7202974718070969E-011
          15          20   2.7832429900825910E-011
          15          21  -6.2681573739182690E-012
          15          22  -9.9273068035273706E-011
          15          23  -3.5990619183323165E-012
          15          24  -6.2824304038936166E-011
          15          25   2.3167142796871255E-011
          15          26   8.7102271952317388E-011
          15          27  -1.0823184347509357E-010
          15          28  -3.7541138273563941E-010
          15          29   1.5556542233790842E-011
          15          30   1.9619126886298494E-003
          15          31  -1.7911775008982752E-003
          15          32   4.2605836188714906E-003
          15          33   1.1731483346327138E-003
          15          34   4.7715484977215146E-006
          15          35  -1.1598391626587679E-005
          15          36  -9.0806239219882594E-007
          15          37   4.9001706880986377E-004
          15          38   6.1652777636898425E-004
          15          39  -3.6724529904475476E-006
          16           1   5.8463739674091906E-012
          16           2   6.5691380830602259E-013
          16           3  -6.5394401971082038E-011
          16           4   8.5210472881276334E-011
          16           5   8.9816825820263394E-011
          16           6  -2.3691689506939964E-002
          16           7  -6.7906803110201100E-002
          16           8  -1.9534038642820493E-004
          16           9   3.1737222798060627E-002
          16          10   8.9632220021689607E-002
          16          11   2.6167672493014615E-004
          16          12   4.8703148525433462E-002
          16          13  0.13906602091410114     
          16          14   4.0156262277346274E-004
          16          15   2.7143604150957765E-002
          16          16   5.6108029764692854E-002
          16          17   2.2380172018487054E-004
          16          18   2.8285864083349511E-012
          16          19   7.9347996127613162E-012
          16          20   2.8666783131588435E-011
          16          21  -9.2561914036159963E-011
          16          22   2.1457951856630120E-010
          16          23  -2.0713472111236822E-011
          16          24   1.9559674132024673E-011
          16          25   2.9642936907814478E-011
          16          26   5.5062947826332581E-013
          16          27  -3.7323790063981123E-010
          16          28   7.6688737561251485E-010
          16          29  -7.1056296272946744E-011
          16          30   1.3571554734624002E-003
          16          31  -7.4568175629180782E-004
          16          32  -2.0380486367846014E-003
          16          33   6.1421979828343324E-003
          16          34   4.8461017632751449E-006
          16          35   4.5067269800215735E-006
          16          36  -1.6803926203107735E-005
          16          37   6.1652772494838319E-004
          16          38  -1.2190126498969089E-003
          16          39   1.1366699891288862E-005
          17           1   1.2079329484558562E-010
          17           2  -1.2159822652410168E-012
          17           3  -8.2097888504791701E-010
          17           4   1.3253183831055327E-010
          17           5   2.7610628283949300E-009
          17           6   6.3112443434211674E-005
          17           7  -1.9534051812489174E-004
          17           8 -0.14123477180813027     
          17           9  -8.4545006039113706E-005
          17          10   2.6167698754448170E-004
          17          11  0.18786185579637879     
          17          12  -1.2974072299128396E-004
          17          13   4.0156260527678063E-004
          17          14  0.28980676680620687     
          17          15  -7.2307846283778512E-005
          17          16   2.2380172018487054E-004
          17          17  0.14012000095083099     
          17          18  -1.0702602137219330E-011
          17          19   1.2996438122892491E-011
          17          20  -3.1848012251176703E-011
          17          21   6.1073844574133537E-012
          17          22   3.0471797183944614E-011
          17          23  -1.5866094137017035E-010
          17          24  -7.7628705823062794E-011
          17          25   1.2882857264934121E-010
          17          26  -4.4615497525658149E-010
          17          27   2.3640460567480295E-011
          17          28  -2.6106137191875310E-011
          17          29  -8.9593356182578817E-010
          17          30  -3.6153269065063346E-006
          17          31   4.8461047271894838E-006
          17          32  -9.0806503194691182E-007
          17          33   9.6726975492695022E-006
          17          34   1.0734766204592216E-003
          17          35  -1.3734802181735463E-003
          17          36   4.3707126888639525E-003
          17          37   4.6949021475755657E-006
          17          38  -1.4531175687922598E-005
          17          39   1.5410923070925296E-003
          18           1   1.2383743065534796E-004
          18           2  -2.5627651553666560E-003
          18           3  -1.4142949462104586E-002
          18           4   1.0162116394026375E-003
          18           5   1.4056997326272042E-003
          18           6   2.6178336358708840E-011
          18           7   1.6859109639494214E-011
          18           8  -1.0196361822472510E-010
          18           9  -1.5175689968528614E-011
          18          10   1.0545201484924456E-011
          18          11  -6.5011777408816054E-011
          18          12  -2.5084235210243134E-011
          18          13   1.2971631226490468E-011
          18          14  -6.0766351232152098E-011
          18          15  -1.2424198596390713E-011
          18          16   2.8285864083349511E-012
          18          17  -1.0702602137219330E-011
          18          18   1.4135612504305458E-004
          18          19   3.6569706375363484E-005
          18          20   5.3565280906954754E-005
          18          21  -9.7418386907475038E-008
          18          22   3.0151971136891326E-007
          18          23   1.5158779479945711E-004
          18          24   1.7453958153712331E-004
          18          25   1.3402241215574950E-004
          18          26  -1.4720049464642584E-004
          18          27  -3.5702384866898348E-007
          18          28   1.1050269235623311E-006
          18          29   2.1203708291774970E-004
          18          30  -5.2835361170017444E-013
          18          31  -2.9242534984202944E-013
          18          32  -5.6385902847398714E-013
          18          33   3.3564876983963313E-014
          18          34  -3.6919048951871846E-012
          18          35  -5.1846055280601142E-013
          18          36  -1.5672939991520154E-012
          18          37   9.6514770782761788E-013
          18          38   7.0700298657748877E-013
          18          39  -7.1212922375728811E-012
          19           1   3.5604541675584304E-004
          19           2  -2.0577067869148198E-004
          19           3  -1.2964693600202425E-003
          19           4   2.6331374462753568E-004
          19           5   4.3423550475030562E-004
          19           6  -1.2868835444925357E-010
          19           7  -2.4666546946043365E-013
          19           8   4.1881534817729643E-011
          19           9   4.9112253661164566E-011
          19          10   1.3305871082389090E-011
          19          11  -4.1366975265383044E-011
          19          12   7.8039108922599966E-011
          19          13   1.7209557554811357E-011
          19          14  -1.9934978024125550E-011
          19          15   3.7202974718070969E-011
          19          16   7.9347996127613162E-012
          19          17   1.2996438122892491E-011
          19          18   3.6569706375363484E-005
          19          19   3.6126344454833362E-005
          19          20  -5.0156794031100147E-005
          19          21  -9.6237413632139609E-008
          19          22   2.9786390418654288E-007
          19          23   4.6677332817610332E-005
          19          24   9.7952931808207349E-005
          19          25   1.7098208963132897E-004
          19          26  -3.1251417087877181E-004
          19          27  -4.5548110433203086E-007
          19          28   1.4097627739690332E-006
          19          29   1.4579120793492426E-004
          19          30   1.4927311837193811E-013
          19          31   2.7726967663946764E-013
          19          32   4.3537826995043478E-013
          19          33  -1.8810696709978009E-013
          19          34  -5.1231048034657638E-012
          19          35   7.6123579053737610E-013
          19          36  -5.8025101928241470E-012
          19          37   1.5586843222005908E-012
          19          38   1.7978739021583191E-012
          19          39  -9.2794360275509854E-012
          20           1  -7.3090042401047597E-004
          20           2  -2.0687831940625081E-003
          20           3  -1.1030590097163366E-002
          20           4   3.8409043031984672E-004
          20           5   3.6325598607424379E-004
          20           6  -3.4481299044695936E-011
          20           7  -1.5473885048262563E-010
          20           8  -2.9652305272592011E-010
          20           9   3.2897919513726489E-011
          20          10   3.5883800688221688E-011
          20          11   4.1377275938395189E-011
          20          12   5.2870671041828553E-011
          20          13   6.5127631272792761E-011
          20          14   1.1676179756540477E-012
          20          15   2.7832429900825910E-011
          20          16   2.8666783131588435E-011
          20          17  -3.1848012251176703E-011
          20          18   5.3565280906954754E-005
          20          19  -5.0156794031100147E-005
          20          20   1.7397390965569480E-004
          20          21   1.3361340494492592E-007
          20          22  -4.1354555187152935E-007
          20          23   3.9532135554596404E-005
          20          24  -6.0610531010325498E-005
          20          25  -2.7644475791591941E-004
          20          26   6.0303488207418703E-004
          20          27   7.3642424475006474E-007
          20          28  -2.2793119715297122E-006
          20          29  -1.3795571207193767E-004
          20          30   1.4445849249948862E-012
          20          31  -1.5124091512522086E-012
          20          32   2.1071570124875992E-013
          20          33   2.5263497064713965E-012
          20          34   9.0150746452360069E-012
          20          35  -7.3456495221238006E-013
          20          36   8.8881810873768374E-012
          20          37  -1.8822709475297135E-012
          20          38  -3.3387681515641360E-012
          20          39   1.7073240753371909E-011
          21           1  -9.4846850817612770E-007
          21           2   5.4815297004041498E-007
          21           3   3.4536537062755636E-006
          21           4  -7.0142455743881792E-007
