           1           1   2.1493083940151321     
           1           2 -0.28734731806230857     
           1           3 -0.36506076976033841     
           1           4 -0.19674625808813123     
           1           5  -5.2956069616609362E-002
           1           6   1.2960472362118612E-013
           1           7   1.7020534260856162E-014
           1           8   1.8175460060783390E-013
           1           9   1.0239460464825937E-014
           1          10  -1.0962308310313930E-014
           1          11  -3.2366808211986362E-014
           1          12  -1.2639694865973812E-014
           1          13   3.4137621079687720E-015
           1          14  -5.2081302371070157E-014
           1          15   2.6120605682317596E-016
           1          16  -2.8576471153543874E-015
           1          17   1.1002772120600667E-014
           1          18  0.17114039334022013     
           1          19   3.9940429858253830E-016
           1          20  0.17114039334022343     
           1          21   7.2718124353044527E-015
           1          22   4.0527000592949372E-015
           1          23  0.17114039334022357     
           1          24   6.0052071004247580E-002
           1          25  -9.1085555066590292E-016
           1          26   6.0052071004248052E-002
           1          27   1.4712127401488561E-015
           1          28  -3.4344455455031616E-015
           1          29   6.0052071004242598E-002
           1          30   9.5403680446298211E-015
           1          31  -6.1427256278090157E-015
           1          32   5.5820211265722042E-015
           1          33   5.2688382268582149E-015
           1          34   2.3367265501071736E-014
           1          35   2.7431340846606290E-015
           1          36   1.6406064486245448E-014
           1          37   3.2906943295559556E-015
           1          38   2.9599819460648976E-015
           1          39   4.3997242683966859E-014
           2           1 -0.28734731806230857     
           2           2  0.55356484201935474     
           2           3  0.68204041798505832     
           2           4  0.27599892146379224     
           2           5  0.10007849190864829     
           2           6  -2.4949481602642199E-013
           2           7  -1.9117997210859831E-014
           2           8  -3.4413591124533766E-013
           2           9  -1.3587542385344002E-014
           2          10   1.8406844981850772E-014
           2          11   5.1505302170004195E-014
           2          12   3.8072497293239649E-014
           2          13  -2.0541081092488247E-015
           2          14   6.5019066211565036E-014
           2          15  -7.0439661587449584E-015
           2          16   3.7623486160702605E-015
           2          17  -8.1231930576862272E-015
           2          18 -0.48201516587152232     
           2          19  -1.1863904198452885E-015
           2          20 -0.48201516587153981     
           2          21  -7.1733898355713503E-015
           2          22  -2.2539698336150674E-016
           2          23 -0.48201516587153848     
           2          24 -0.10589817758473122     
           2          25  -4.0197739290378659E-016
           2          26 -0.10589817758473363     
           2          27  -1.9074350668775846E-015
           2          28   3.1110338507538641E-016
           2          29 -0.10589817758472743     
           2          30  -2.4899739854163760E-014
           2          31  -3.6211839360129987E-015
           2          32  -1.0359469894742870E-014
           2          33  -4.3971454975552555E-015
           2          34  -3.3195866620303354E-014
           2          35  -3.3225257021325963E-015
           2          36  -2.6161102103507575E-014
           2          37  -1.0332294184252111E-014
           2          38  -1.5633125290722543E-015
           2          39  -6.0378993347975774E-014
           3           1 -0.36506076976033841     
           3           2  0.68204041798505832     
           3           3   1.0058945256508434     
           3           4  0.39607110681640878     
           3           5  0.11099309884816627     
           3           6  -3.2920793067752880E-013
           3           7  -5.5078624449717837E-014
           3           8  -4.9305225912188031E-013
           3           9  -1.1434678035228593E-013
           3          10   3.6894695057328549E-014
           3          11   5.7778694261728047E-014
           3          12  -2.5575971960429799E-015
           3          13   7.5382915491278403E-015
           3          14   8.4638539435187750E-014
           3          15   5.2392927288915726E-016
           3          16   4.9969181408415603E-015
           3          17  -1.0296413495106008E-014
           3          18 -0.41187987640864110     
           3          19  -6.5551381384150891E-015
           3          20 -0.41187987640864521     
           3          21  -8.0473950640817666E-015
           3          22   3.2595596051101784E-015
           3          23 -0.41187987640864909     
           3          24 -0.12465464292753543     
           3          25   7.3632219269503896E-016
           3          26 -0.12465464292753853     
           3          27  -2.6038481638989188E-015
           3          28   3.5124556338915993E-016
           3          29 -0.12465464292752970     
           3          30   2.0327462503510292E-014
           3          31  -9.8460894101567190E-015
           3          32   9.5954237717153529E-015
           3          33  -1.5976377623020111E-014
           3          34  -4.4197989196927771E-014
           3          35  -4.8370340225135354E-015
           3          36  -3.4887851403994090E-014
           3          37   1.1186920963855172E-014
           3          38  -7.2838904757215356E-015
           3          39  -7.7570637820974369E-014
           4           1 -0.19674625808813123     
           4           2  0.27599892146379224     
           4           3  0.39607110681640878     
           4           4  0.15779934150307240     
           4           5   4.5777251646503328E-002
           4           6  -1.6349237679701454E-013
           4           7  -5.5301707824281186E-014
           4           8  -1.8177622262302664E-013
           4           9   1.2181828234052795E-013
           4          10   4.5857320412751674E-014
           4          11   9.8381177824792146E-014
           4          12   9.1477923423801038E-014
           4          13   2.3605320957466125E-014
           4          14   7.2023419728736276E-014
           4          15  -1.4060331814454695E-014
           4          16  -1.3211991179626322E-015
           4          17  -1.0034348546996747E-014
           4          18 -0.17707957146134257     
           4          19  -2.3010044339775299E-015
           4          20 -0.17707957146134526     
           4          21  -3.3985609158315493E-015
           4          22   9.8063894609191690E-016
           4          23 -0.17707957146134648     
           4          24  -5.0965739702537191E-002
           4          25   2.4209562921903241E-016
           4          26  -5.0965739702538419E-002
           4          27  -1.0484124608978142E-015
           4          28   2.2575463613680474E-016
           4          29  -5.0965739702534874E-002
           4          30  -8.6752239372054738E-014
           4          31  -1.2803973390482104E-014
           4          32  -3.8604608146135875E-014
           4          33  -2.6807669816767489E-014
           4          34  -3.5435968554365821E-014
           4          35  -1.9321904957674882E-015
           4          36  -3.1629809869427664E-014
           4          37  -3.8009836260342411E-014
           4          38  -1.2022026782934913E-014
           4          39  -7.0893133196688986E-014
           5           1  -5.2956069616609362E-002
           5           2  0.10007849190864829     
           5           3  0.11099309884816627     
           5           4   4.5777251646503328E-002
           5           5   1.9010412192589914E-002
           5           6  -8.6700131339149662E-014
           5           7  -1.2280322682096407E-014
           5           8  -4.7368301945494035E-014
           5           9   2.2021725453737843E-013
           5          10  -1.8017077106541012E-014
           5          11   1.2150642240583948E-013
           5          12   1.2979139770453343E-013
           5          13  -1.0400342568329988E-014
           5          14   6.9180544459826534E-014
           5          15  -2.0285630980632599E-014
           5          16   2.0446730216343983E-015
           5          17  -1.0255637964180084E-014
           5          18 -0.10061721717042563     
           5          19   1.6480535751020037E-016
           5          20 -0.10061721717043008     
           5          21  -1.3589740393803030E-015
           5          22  -3.0761836833545099E-016
           5          23 -0.10061721717042943     
           5          24  -1.9583142112243233E-002
           5          25  -1.6331600982219809E-016
           5          26  -1.9583142112243657E-002
           5          27  -3.2639892600272202E-016
           5          28   6.1620440473191322E-017
           5          29  -1.9583142112242623E-002
           5          30  -1.3052862108791592E-013
           5          31   4.2088301248453716E-015
           5          32  -5.8201846009705112E-014
           5          33   9.9507918623160930E-015
           5          34  -3.2662537355208952E-014
           5          35  -5.4627741687279616E-016
           5          36  -3.1435539584181538E-014
           5          37  -5.8310813168006552E-014
           5          38   4.5695901902011999E-015
           5          39  -7.0843166289438331E-014
           6           1   1.2960472362118612E-013
           6           2  -2.4949481602642199E-013
           6           3  -3.2920793067752880E-013
           6           4  -1.6349237679701454E-013
           6           5  -8.6700131339149662E-014
           6           6   2.6852952710720337     
           6           7   1.0324132072268006E-002
           6           8  -6.5155894427218586E-002
           6           9  -1.4680479335450660     
           6          10  -3.9488362432389963E-002
           6          11  0.24921219098530148     
           6          12  -1.1189630131867614     
           6          13  -2.2165067055262208E-002
           6          14  0.13988437564665648     
           6          15  0.17762835205566457     
           6          16   3.4131792712774659E-003
           6          17  -2.1540672542977989E-002
           6          18   6.2864076672772543E-013
           6          19   1.1339417529465696E-013
           6          20  -2.4985416824910405E-013
           6          21  -3.4096736821261433E-013
           6          22  -1.0624070343741229E-013
           6          23  -2.8286647500602980E-013
           6          24   1.0261554585482536E-013
           6          25  -8.3063672013630024E-015
           6          26   6.1924257193023863E-014
           6          27   1.0593950830234587E-014
           6          28  -1.6998108688350522E-014
           6          29   3.2204050959001391E-014
           6          30   1.0762326746236177     
           6          31   1.0130134659793330E-002
           6          32  0.48130588401296970     
           6          33   2.2651669720566842E-002
           6          34  -6.3931571177790095E-002
           6          35  -2.8334490374906363E-014
           6          36  -6.3931571177738858E-002
           6          37  0.48130588401295715     
           6          38   1.0130134659777423E-002
           6          39 -0.14295533906192234     
           7           1   1.7020534260856162E-014
           7           2  -1.9117997210859831E-014
           7           3  -5.5078624449717837E-014
           7           4  -5.5301707824281186E-014
           7           5  -1.2280322682096407E-014
           7           6   1.0324132072268006E-002
           7           7   2.7863486782821636     
           7           8   6.5885922557565443E-003
           7           9  -3.9488362432435420E-002
           7          10  -1.8545630944335580     
           7          11  -2.5200444656640147E-002
           7          12  -2.2165067055196684E-002
           7          13  -1.3359164123966696     
           7          14  -1.4145168632701989E-002
           7          15   3.4131792712506484E-003
           7          16  0.21103681606649022     
           7          17   2.1782021342520745E-003
           7          18   8.2875674462648978E-015
           7          19  -3.3916497557747103E-014
           7          20   2.7004276207190608E-014
           7          21   5.3139633339402808E-014
           7          22   1.3430939850446478E-014
           7          23   6.1562213018325634E-014
           7          24   1.1107576013628273E-014
           7          25  -2.4999279934025525E-016
           7          26   1.4775270308947258E-014
           7          27  -1.1553489285826287E-015
           7          28   8.0797910270418977E-016
           7          29   1.5899382386450268E-014
           7          30   2.2651669720505800E-002
           7          31  0.58046042947051046     
           7          32   1.0130134659789160E-002
           7          33   1.2979489785447815     
           7          34   6.4647881586717068E-003
           7          35  -2.8558788866780124E-016
           7          36   6.4647881586631451E-003
           7          37   1.0130134659792208E-002
           7          38  0.58046042947051357     
           7          39   1.4455705782924435E-002
           8           1   1.8175460060783390E-013
           8           2  -3.4413591124533766E-013
           8           3  -4.9305225912188031E-013
           8           4  -1.8177622262302664E-013
           8           5  -4.7368301945494035E-014
           8           6  -6.5155894427218586E-002
           8           7   6.5885922557565443E-003
           8           8   2.7458118637752662     
           8           9  0.24921219098532763     
           8          10  -2.5200444656603923E-002
           8          11  -1.6995154437545892     
           8          12  0.13988437564656914     
           8          13  -1.4145168632734496E-002
           8          14  -1.2488871875221403     
           8          15  -2.1540672542969156E-002
           8          16   2.1782021342638107E-003
           8          17  0.19763526191845232     
           8          18   4.3319023942777944E-013
           8          19   9.3681475657786962E-014
           8          20  -1.0391729647661364E-013
           8          21  -2.0225323505020861E-013
           8          22  -5.6542582698394690E-014
           8          23  -7.4237782299071952E-014
           8          24   5.3026287252166881E-014
           8          25  -1.1643116882952254E-014
           8          26   4.4049851581158721E-014
           8          27  -6.7112258729930100E-015
           8          28   3.2412084400720364E-015
           8          29   3.0282031859549524E-014
           8          30 -0.14295533906186150     
           8          31   6.4647881586646014E-003
           8          32  -6.3931571177770652E-002
           8          33   1.4455705782951980E-002
           8          34  0.54068532907854383     
           8          35   7.0363278386851575E-016
           8          36  0.54068532907858902     
           8          37  -6.3931571177762533E-002
           8          38   6.4647881586797715E-003
           8          39   1.2090091502564997     
           9           1   1.0239460464825937E-014
           9           2  -1.3587542385344002E-014
           9           3  -1.1434678035228593E-013
           9           4   1.2181828234052795E-013
           9           5   2.2021725453737843E-013
           9           6  -1.4680479335450660     
           9           7  -3.9488362432435420E-002
           9           8  0.24921219098532763     
           9           9   2.9668721778474705     
           9          10  0.15103746800978143     
           9          11 -0.95320180440584479     
           9          12   1.7540520952036640     
           9          13   8.4778284033071694E-002
           9          14 -0.53503818873137177     
           9          15 -0.27170545789992206     
           9          16  -1.3054933738544399E-002
           9          17   8.2390062279434115E-002
           9          18  -2.1186555653453309E-012
           9          19  -4.2272495371607949E-013
           9          20   1.3014604756729379E-012
           9          21   1.3086216327248589E-012
           9          22   4.0464383682122608E-013
           9          23   1.4346081767936879E-012
           9          24  -2.3516434439839486E-013
           9          25   2.5058989036117648E-014
           9          26  -1.5414781868309652E-013
           9          27  -5.9623739733203971E-014
           9          28   7.5464054673794413E-014
           9          29   1.6304265042399115E-014
           9          30  -1.7723149094783444     
           9          31  -3.8746349439879778E-002
           9          32 -0.79260332302602876     
           9          33  -8.6639471227628717E-002
           9          34  0.24452932564905239     
           9          35   1.1397607808051702E-013
           9          36  0.24452932564889801     
           9          37 -0.79260332302595460     
           9          38  -3.8746349439767916E-002
           9          39  0.54678419464358652     
          10           1  -1.0962308310313930E-014
          10           2   1.8406844981850772E-014
          10           3   3.6894695057328549E-014
          10           4   4.5857320412751674E-014
          10           5  -1.8017077106541012E-014
          10           6  -3.9488362432389963E-002
          10           7  -1.8545630944335580     
          10           8  -2.5200444656603923E-002
          10           9  0.15103746800978143     
          10          10   4.4452386547541112     
          10          11   9.6388179179939124E-002
          10          12   8.4778284032725568E-002
          10          13   2.5838685290678836     
          10          14   5.4103293305989279E-002
          10          15  -1.3054933738402412E-002
          10          16 -0.39948816408157539     
          10          17  -8.3313187710375141E-003
          10          18   4.3012548419634123E-014
          10          19   1.3858955727193259E-013
          10          20  -3.8463483771921706E-014
          10          21  -1.9606386334932414E-013
          10          22  -5.2110948890878049E-014
          10          23  -1.4506956760228926E-013
          10          24   2.2485464281866016E-014
          10          25   8.7880150807396932E-015
          10          26  -9.3882265450289620E-016
          10          27  -4.2042425930848092E-015
          10          28  -9.0329719043353967E-015
          10          29  -9.6875744379549922E-015
          10          30  -8.6639471227336062E-002
          10          31  -1.1718556030669705     
          10          32  -3.8746349439791571E-002
          10          33  -2.6203487882717500     
          10          34  -2.4726911286231740E-002
          10          35  -8.5118514275629619E-015
          10          36  -2.4726911286206091E-002
          10          37  -3.8746349439803193E-002
          10          38  -1.1718556030669784     
          10          39  -5.5291054509626916E-002
          11           1  -3.2366808211986362E-014
          11           2   5.1505302170004195E-014
          11           3   5.7778694261728047E-014
          11           4   9.8381177824792146E-014
          11           5   1.2150642240583948E-013
          11           6  0.24921219098530148     
          11           7  -2.5200444656640147E-002
          11           8  -1.6995154437545892     
          11           9 -0.95320180440584479     
          11          10   9.6388179179939124E-002
          11          11   3.8522030580132705     
          11          12 -0.53503818873115871     
          11          13   5.4103293306114346E-002
          11          14   2.2509939058066237     
          11          15   8.2390062279465895E-002
          11          16  -8.3313187711236778E-003
          11          17 -0.34822909226322318     
          11          18  -1.2603226332009280E-012
          11          19  -3.1124412718602707E-013
          11          20   7.8486486125596290E-013
          11          21   7.6571295687143172E-013
          11          22   1.7932449671013914E-013
          11          23   7.4463095320247848E-013
          11          24  -1.2373119624460891E-013
          11          25   1.4343387174390370E-014
          11          26  -9.5042621811291445E-014
          11          27  -2.8416051582740621E-014
          11          28   3.4957755592934000E-014
          11          29   6.0143152518498594E-015
          11          30  0.54678419464337091     
          11          31  -2.4726911286260329E-002
          11          32  0.24452932564899013     
          11          33  -5.5291054509735524E-002
          11          34  -1.0197214024321368     
          11          35   6.1383176854104797E-014
          11          36  -1.0197214024322312     
          11          37  0.24452932564902818     
          11          38  -2.4726911286198878E-002
          11          39  -2.2801663739496396     
          12           1  -1.2639694865973812E-014
          12           2   3.8072497293239649E-014
          12           3  -2.5575971960429799E-015
          12           4   9.1477923423801038E-014
          12           5   1.2979139770453343E-013
          12           6  -1.1189630131867614     
          12           7  -2.2165067055196684E-002
          12           8  0.13988437564656914     
          12           9   1.7540520952036640     
          12          10   8.4778284032725568E-002
          12          11 -0.53503818873115871     
          12          12   1.0691881602818198     
          12          13   4.7586585886737094E-002
          12          14 -0.30032031210775006     
          12          15 -0.16616989605573396     
          12          16  -7.3278167007068996E-003
          12          17   4.6246061943739029E-002
          12          18  -1.2113457477881561E-012
          12          19  -2.3764646823060861E-013
          12          20   7.0637681891690817E-013
          12          21   7.3438784461095833E-013
          12          22   2.2718650014744839E-013
          12          23   7.8088294173660441E-013
          12          24  -1.3982055814343949E-013
          12          25   1.4290644049209922E-014
          12          26  -9.1845265474108631E-014
          12          27  -3.2827124301144165E-014
          12          28   4.2008368159379122E-014
          12          29   1.9282726877315685E-015
          12          30  -1.0733513303108888     
          12          31  -2.1748570479429179E-002
          12          32 -0.48001730766301515     
          12          33  -4.8631282005505282E-002
          12          34  0.13725585377848981     
          12          35   6.3787843721494534E-014
          12          36  0.13725585377840177     
          12          37 -0.48001730766297451     
          12          38  -2.1748570479368099E-002
          12          39  0.30691341935854144     
          13           1   3.4137621079687720E-015
          13           2  -2.0541081092488247E-015
          13           3   7.5382915491278403E-015
          13           4   2.3605320957466125E-014
          13           5  -1.0400342568329988E-014
          13           6  -2.2165067055262208E-002
          13           7  -1.3359164123966696     
          13           8  -1.4145168632734496E-002
          13           9   8.4778284033071694E-002
          13          10   2.5838685290678836     
          13          11   5.4103293306114346E-002
          13          12   4.7586585886737094E-002
          13          13   1.5349693618090221     
          13          14   3.0368519993477415E-002
          13          15  -7.3278167006579501E-003
          13          16 -0.23789513550721725     
          13          17  -4.6764218074371224E-003
          13          18   3.2270566028167109E-014
          13          19   7.7494215533828888E-014
          13          20  -1.3131173659530013E-014
          13          21  -1.1029271108314271E-013
          13          22  -2.9225428227482527E-014
          13          23  -7.3826670026041175E-014
          13          24   1.3123434600998017E-014
          13          25   4.6703633172902705E-015
          13          26   2.9004264522518251E-016
          13          27  -2.0709449524434513E-015
          13          28  -4.8711587892796898E-015
          13          29  -4.4716173756757063E-015
          13          30  -4.8631282005538221E-002
          13          31 -0.69289400601520490     
          13          32  -2.1748570479469407E-002
          13          33  -1.5493580986521425     
          13          34  -1.3879371363327756E-002
          13          35  -4.4559681572850911E-015
          13          36  -1.3879371363313121E-002
          13          37  -2.1748570479475936E-002
          13          38 -0.69289400601520934     
          13          39  -3.1035217853367804E-002
          14           1  -5.2081302371070157E-014
          14           2   6.5019066211565036E-014
          14           3   8.4638539435187750E-014
          14           4   7.2023419728736276E-014
          14           5   6.9180544459826534E-014
          14           6  0.13988437564665648     
          14           7  -1.4145168632701989E-002
          14           8  -1.2488871875221403     
          14           9 -0.53503818873137177     
          14          10   5.4103293305989279E-002
          14          11   2.2509939058066237     
          14          12 -0.30032031210775006     
          14          13   3.0368519993477415E-002
          14          14   1.3481247349092278     
          14          15   4.6246061943773814E-002
          14          16  -4.6764218074732515E-003
          14          17 -0.20912309498548168     
          14          18  -7.1620538484768373E-013
          14          19  -1.7628051933837914E-013
          14          20   4.3207863033882030E-013
          14          21   4.3006344734232176E-013
          14          22   1.0189374458258685E-013
          14          23   4.0703963697964906E-013
          14          24  -7.0989599414401267E-014
          14          25   9.0625451770944113E-015
          14          26  -5.4697384806387982E-014
          14          27  -1.4137975215800682E-014
          14          28   1.8035384327059014E-014
          14          29   4.0497422909848579E-016
          14          30  0.30691341935854483     
          14          31  -1.3879371363310128E-002
          14          32  0.13725585377851035     
          14          33  -3.1035217853357534E-002
          14          34 -0.60750011903811485     
          14          35   3.2307952362677324E-014
          14          36 -0.60750011903817036     
          14          37  0.13725585377852942     
          14          38  -1.3879371363279635E-002
          14          39  -1.3584115625084230     
          15           1   2.6120605682317596E-016
          15           2  -7.0439661587449584E-015
          15           3   5.2392927288915726E-016
          15           4  -1.4060331814454695E-014
          15           5  -2.0285630980632599E-014
          15           6  0.17762835205566457     
          15           7   3.4131792712506484E-003
          15           8  -2.1540672542969156E-002
          15           9 -0.27170545789992206     
          15          10  -1.3054933738402412E-002
          15          11   8.2390062279465895E-002
          15          12 -0.16616989605573396     
          15          13  -7.3278167006579501E-003
          15          14   4.6246061943773814E-002
          15          15   2.5834759682391139E-002
          15          16   1.1284040785486380E-003
          15          17  -7.1213905922501318E-003
          15          18   1.8916243789945527E-013
          15          19   3.6601614843029607E-014
          15          20  -1.0610972133152179E-013
          15          21  -1.1308504025205172E-013
          15          22  -3.4985284961094050E-014
          15          23  -1.1757869570706815E-013
          15          24   2.1793602193396842E-014
          15          25  -2.2046601575148671E-015
          15          26   1.4360829172222163E-014
          15          27   5.0434745269016153E-015
          15          28  -6.4625169175139748E-015
          15          29  -4.4961569111899563E-017
          15          30  0.16670116366513776     
          15          31   3.3490433281748899E-003
          15          32   7.4551026776716212E-002
          15          33   7.4886885413999174E-003
          15          34  -2.1135908761669882E-002
          15          35  -9.8192493373301244E-015
          15          36  -2.1135908761656299E-002
          15          37   7.4551026776709967E-002
          15          38   3.3490433281655146E-003
          15          39  -4.7261328757337531E-002
          16           1  -2.8576471153543874E-015
          16           2   3.7623486160702605E-015
          16           3   4.9969181408415603E-015
          16           4  -1.3211991179626322E-015
          16           5   2.0446730216343983E-015
          16           6   3.4131792712774659E-003
          16           7  0.21103681606649022     
          16           8   2.1782021342638107E-003
          16           9  -1.3054933738544399E-002
          16          10 -0.39948816408157539     
          16          11  -8.3313187711236778E-003
          16          12  -7.3278167007068996E-003
          16          13 -0.23789513550721725     
          16          14  -4.6764218074732515E-003
          16          15   1.1284040785486380E-003
          16          16   3.6879666513119365E-002
          16          17   7.2011810012272050E-004
          16          18  -5.7668098043427704E-015
          16          19  -1.1927909406017734E-014
          16          20   1.2185887370513596E-015
          16          21   1.6988222159598625E-014
          16          22   4.4999511828369243E-015
          16          23   1.0580490903860912E-014
          16          24  -2.5788454040023344E-015
          16          25  -7.1445179228221727E-016
          16          26  -6.0832124658673037E-016
          16          27   3.1369129281943368E-016
          16          28   7.4651393574920768E-016
          16          29   1.2223363501715768E-016
          16          30   7.4886885414551865E-003
          16          31  0.10733172319144763     
          16          32   3.3490433282035597E-003
          16          33  0.24000102919826694     
          16          34   2.1372722454512179E-003
          16          35   6.8036609939733054E-016
          16          36   2.1372722454489593E-003
          16          37   3.3490433282045641E-003
          16          38  0.10733172319144832     
          16          39   4.7790860272529942E-003
          17           1   1.1002772120600667E-014
          17           2  -8.1231930576862272E-015
          17           3  -1.0296413495106008E-014
          17           4  -1.0034348546996747E-014
          17           5  -1.0255637964180084E-014
          17           6  -2.1540672542977989E-002
          17           7   2.1782021342520745E-003
          17           8  0.19763526191845232     
          17           9   8.2390062279434115E-002
          17          10  -8.3313187710375141E-003
          17          11 -0.34822909226322318     
          17          12   4.6246061943739029E-002
          17          13  -4.6764218074371224E-003
          17          14 -0.20912309498548168     
          17          15  -7.1213905922501318E-003
          17          16   7.2011810012272050E-004
          17          17   3.2449085181881117E-002
          17          18   1.0871265107845135E-013
          17          19   2.7173733485660016E-014
          17          20  -6.8116143551203530E-014
          17          21  -6.6229854665067008E-014
          17          22  -1.5712855964272357E-014
          17          23  -6.4216118554991927E-014
          17          24   1.0502885795099660E-014
          17          25  -1.4137794445528551E-015
          17          26   7.9906502072192990E-015
          17          27   2.1444064326534578E-015
          17          28  -2.7486328775228996E-015
          17          29  -4.6526388009421640E-016
          17          30  -4.7261328757302219E-002
          17          31   2.1372722454318172E-003
          17          32  -2.1135908761657017E-002
          17          33   4.7790860272141755E-003
          17          34   9.4181993294579963E-002
          17          35  -4.9363482452171665E-015
          17          36   9.4181993294588567E-002
          17          37  -2.1135908761659911E-002
          17          38   2.1372722454271937E-003
          17          39  0.21059733926310781     
          18           1  0.17114039334022013     
          18           2 -0.48201516587152232     
          18           3 -0.41187987640864110     
          18           4 -0.17707957146134257     
          18           5 -0.10061721717042563     
          18           6   6.2864076672772543E-013
          18           7   8.2875674462648978E-015
          18           8   4.3319023942777944E-013
          18           9  -2.1186555653453309E-012
          18          10   4.3012548419634123E-014
          18          11  -1.2603226332009280E-012
          18          12  -1.2113457477881561E-012
          18          13   3.2270566028167109E-014
          18          14  -7.1620538484768373E-013
          18          15   1.8916243789945527E-013
          18          16  -5.7668098043427704E-015
          18          17   1.0871265107845135E-013
          18          18  0.62203763088637920     
          18          19  -4.5476478123848410E-015
          18          20  0.62203763088641384     
          18          21   6.9950405253051015E-015
          18          22   3.9451988592864024E-015
          18          23  0.62203763088640662     
          18          24   9.8426806687782392E-002
          18          25   1.7386806428603493E-015
          18          26   9.8426806687784391E-002
          18          27   1.3664296677403415E-015
          18          28  -1.9647567660132360E-016
          18          29   9.8426806687780366E-002
          18          30   1.2288474828144842E-012
          18          31  -1.1898334542112625E-014
          18          32   5.4832877375051193E-013
          18          33  -2.8902789096079445E-014
          18          34   3.3048363767872120E-013
          18          35   2.0434087928052060E-015
          18          36   3.2517404372386892E-013
          18          37   5.5009064903717399E-013
          18          38  -1.4001465799909936E-014
          18          39   7.3156333965569222E-013
          19           1   3.9940429858253830E-016
          19           2  -1.1863904198452885E-015
          19           3  -6.5551381384150891E-015
          19           4  -2.3010044339775299E-015
          19           5   1.6480535751020037E-016
          19           6   1.1339417529465696E-013
          19           7  -3.3916497557747103E-014
          19           8   9.3681475657786962E-014
          19           9  -4.2272495371607949E-013
          19          10   1.3858955727193259E-013
          19          11  -3.1124412718602707E-013
          19          12  -2.3764646823060861E-013
          19          13   7.7494215533828888E-014
          19          14  -1.7628051933837914E-013
          19          15   3.6601614843029607E-014
          19          16  -1.1927909406017734E-014
          19          17   2.7173733485660016E-014
          19          18  -4.5476478123848410E-015
          19          19   1.3565964631696136E-025
          19          20  -4.5476478133764170E-015
          19          21  -3.8364416812212931E-025
          19          22  -1.0993571408277273E-025
          19          23  -4.5476478134033290E-015
          19          24   4.6353064627665153E-017
          19          25  -6.3320477590413424E-027
          19          26   4.6353064607345298E-017
          19          27   1.6871999252062422E-026
          19          28  -2.1435177087766115E-026
          19          29   4.6353064556374314E-017
          19          30   2.4277962931097383E-013
          19          31  -3.5447604000552795E-014
          19          32   1.0857435093831839E-013
          19          33  -7.9263252184704678E-014
          19          34   8.0404816573054355E-014
          19          35  -3.3073223193543837E-026
          19          36   8.0404816573098708E-014
          19          37   1.0857435093829617E-013
          19          38  -3.5447604000586741E-014
          19          39   1.7979063557571773E-013
          20           1  0.17114039334022343     
          20           2 -0.48201516587153981     
          20           3 -0.41187987640864521     
          20           4 -0.17707957146134526     
          20           5 -0.10061721717043008     
          20           6  -2.4985416824910405E-013
          20           7   2.7004276207190608E-014
          20           8  -1.0391729647661364E-013
          20           9   1.3014604756729379E-012
          20          10  -3.8463483771921706E-014
          20          11   7.8486486125596290E-013
          20          12   7.0637681891690817E-013
          20          13  -1.3131173659530013E-014
          20          14   4.3207863033882030E-013
          20          15  -1.0610972133152179E-013
          20          16   1.2185887370513596E-015
          20          17  -6.8116143551203530E-014
          20          18  0.62203763088641384     
          20          19  -4.5476478133764170E-015
          20          20  0.62203763088644848     
          20          21   6.9950405281717778E-015
          20          22   3.9451988601122783E-015
          20          23  0.62203763088644126     
          20          24   9.8426806687786347E-002
          20          25   1.7386806429102936E-015
          20          26   9.8426806687788346E-002
          20          27   1.3664296676103528E-015
          20          28  -1.9647567643985679E-016
          20          29   9.8426806687784321E-002
          20          30  -7.3143462062985355E-013
          20          31   8.8854952356365727E-015
          20          32  -3.2833603392513257E-013
          20          33   1.7571267119565148E-014
          20          34  -1.9428700678772931E-013
          20          35   2.0434087930550402E-015
          20          36  -1.9959660074291167E-013
          20          37  -3.2657415863830395E-013
          20          38   6.7823639780963928E-015
          20          39  -4.4185949396740987E-013
          21           1   7.2718124353044527E-015
          21           2  -7.1733898355713503E-015
          21           3  -8.0473950640817666E-015
          21           4  -3.3985609158315493E-015
