           1           1   2.1236146264450664     
           1           2  -2.9104167897180136E-002
           1           3 -0.30630797346307626     
           1           4 -0.14830191393669470     
           1           5  -4.2009964083506036E-010
           1           6  -1.4288591611953825E-010
           1           7  -2.1691168297102963E-010
           1           8  -3.8894835697268617E-010
           1           9  -1.2740333962155837E-010
           1          10  -1.9246280242276064E-010
           1          11  -1.8029782461007861E-010
           1          12  -5.1843877081095147E-011
           1          13  -8.7698762712315082E-011
           1          14   1.0828099061440302E-002
           1          15  -4.9896615508210384E-005
           1          16   1.0848362901593061E-002
           1          17   1.6796382946435487E-004
           1          18   1.3313639429008735E-004
           1          19   1.0494489210595714E-002
           1          20  -2.1112056184132821E-003
           1          21   1.2583489475478916E-004
           1          22  -2.1623092382809755E-003
           1          23  -4.2359005265097077E-004
           1          24  -3.3575832325957906E-004
           1          25  -1.2698708512069168E-003
           1          26   1.0707292052034131E-011
           1          27   4.4382272016336265E-013
           1          28   3.2517915685677276E-012
           1          29   4.7242315911889118E-012
           1          30   1.4030429887216421E-012
           1          31   1.9716475606552909E-013
           1          32   1.5096636173457718E-012
           1          33   7.1940329829436294E-012
           1          34   2.3034034488236220E-012
           1          35   5.4935817071860717E-012
           2           1  -2.9104167897180136E-002
           2           2   4.3304375722888366E-002
           2           3  0.17409422531018934     
           2           4   9.3241130447486081E-002
           2           5   1.2326189008847958E-011
           2           6   4.1265133634291779E-011
           2           7   2.6704126313820779E-011
           2           8   1.2725143106662761E-011
           2           9   3.1769571334816948E-011
           2          10   2.1927021399225156E-011
           2          11   8.1535460172645299E-012
           2          12   1.1625270034851662E-011
           2          13   9.1916382065326055E-012
           2          14   1.4652833781480070E-003
           2          15  -5.1611593067875427E-006
           2          16   1.4673794058121692E-003
           2          17   1.7373672826836561E-005
           2          18   1.3771234145071049E-005
           2          19   1.4307758002053931E-003
           2          20   4.4221994622290518E-003
           2          21  -1.0764177128450394E-004
           2          22   4.4659145564523023E-003
           2          23   3.6234769167221219E-004
           2          24   2.8721461329877086E-004
           2          25   3.7025042988656966E-003
           2          26  -1.0933215398826232E-012
           2          27   7.0912218430040214E-013
           2          28   6.6811948502077723E-013
           2          29  -1.4837998200726730E-012
           2          30  -3.5658964963019468E-013
           2          31  -4.2306408508941915E-013
           2          32  -1.7679284150390032E-013
           2          33  -2.0592914050409459E-012
           2          34  -7.0793600133231879E-013
           2          35  -1.0321115035668860E-012
           3           1 -0.30630797346307626     
           3           2  0.17409422531018934     
           3           3  0.71700686323057683     
           3           4  0.38227555817439685     
           3           5   4.4573018539424645E-011
           3           6  -3.4795269604045387E-011
           3           7   4.4843489691550924E-011
           3           8   4.7120633914325484E-011
           3           9  -5.9605523366127971E-011
           3          10   2.9411640914280025E-011
           3          11   3.5063638844554662E-011
           3          12  -4.1072429857404519E-011
           3          13   1.1501812773130991E-011
           3          14   4.7971391179396309E-003
           3          15  -6.8341046340807468E-007
           3          16   4.7974166448820563E-003
           3          17   2.3004750910491853E-006
           3          18   1.8234944250019973E-006
           3          19   4.7925699940161810E-003
           3          20   1.7635127593122555E-002
           3          21  -4.0522562414884778E-004
           3          22   1.7799696384811475E-002
           3          23   1.3640854050772774E-003
           3          24   1.0812412261018305E-003
           3          25   1.4925780492457342E-002
           3          26  -3.8448217375983731E-012
           3          27   4.7486388611825828E-012
           3          28   3.4177917002316569E-012
           3          29  -1.6318778537372457E-012
           3          30   3.3283835308832757E-013
           3          31  -1.8345008347831031E-012
           3          32  -5.9682446978734268E-013
           3          33  -9.1972537468538823E-012
           3          34   1.2091301856278017E-013
           3          35  -2.8164447377280340E-012
           4           1 -0.14830191393669470     
           4           2   9.3241130447486081E-002
           4           3  0.38227555817439685     
           4           4  0.20537805319294769     
           4           5   2.3512437687789034E-009
           4           6   9.7606229845485055E-010
           4           7   1.1971419592525281E-009
           4           8   2.1855048698422107E-009
           4           9   8.9570069116205527E-010
           4          10   1.1063623974828632E-009
           4          11   9.8044611900763260E-010
           4          12   4.0903964893978566E-010
           4          13   4.9578960199662403E-010
           4          14   2.8069250550900268E-003
           4          15  -7.0814961433901503E-005
           4          16   2.8356841710993480E-003
           4          17   2.3837990438811620E-004
           4          18   1.8895165487199357E-004
           4          19   2.3334548039412673E-003
           4          20   9.7546950743409005E-003
           4          21  -3.6226958547523570E-004
           4          22   9.9018187164526053E-003
           4          23   1.2194852219201131E-003
           4          24   9.6662400068965983E-004
           4          25   7.3325529220464609E-003
           4          26  -5.9397174742009334E-011
           4          27  -8.1062572109925738E-012
           4          28  -2.5372377221503776E-011
           4          29  -2.3095161038095006E-011
           4          30  -1.2815449385136131E-011
           4          31   1.1552266339257069E-012
           4          32  -1.0009001329717906E-011
           4          33  -2.8974780511267911E-011
           4          34  -1.3189812020204366E-011
           4          35  -3.2540147770614124E-011
           5           1  -4.2009964083506036E-010
           5           2   1.2326189008847958E-011
           5           3   4.4573018539424645E-011
           5           4   2.3512437687789034E-009
           5           5  0.52571155421309346     
           5           6  -2.3307361656892941E-002
           5           7   7.8458098504018775E-002
           5           8  0.48719119703642477     
           5           9  -2.1541985839266503E-002
           5          10   7.2515432795622628E-002
           5          11  0.20315417939802227     
           5          12  -1.1882981525576708E-002
           5          13   4.0000926815064952E-002
           5          14   2.2161777431388167E-010
           5          15   2.9087230242074087E-010
           5          16   4.7206845305742459E-010
           5          17   7.9093050218365275E-011
           5          18   1.5717210181270785E-010
           5          19   3.0170632018614815E-011
           5          20  -1.2634608174411379E-009
           5          21  -4.4060966588407771E-011
           5          22  -2.5018105352874570E-010
           5          23  -5.8803860554509285E-011
           5          24  -1.0382834321551412E-009
           5          25  -2.4680155663355206E-010
           5          26  -1.5382941819279064E-002
           5          27   9.5536330016435754E-004
           5          28  -7.0960626869310695E-003
           5          29  -5.7881884171291599E-005
           5          30  -3.2159808700080454E-003
           5          31  -1.5566537899439580E-003
           5          32   5.3060231489923974E-005
           5          33  -2.9585116683466975E-003
           5          34   1.4111239577280568E-004
           5          35  -1.9876654750775003E-004
           6           1  -1.4288591611953825E-010
           6           2   4.1265133634291779E-011
           6           3  -3.4795269604045387E-011
           6           4   9.7606229845485055E-010
           6           5  -2.3307361656892941E-002
           6           6  0.53664137609375784     
           6           7   6.2189751234142131E-002
           6           8  -2.1541986951240752E-002
           6           9  0.49729315998838436     
           6          10   5.7479300136174555E-002
           6          11  -1.1882980946189454E-002
           6          12  0.20872661901429623     
           6          13   3.1706703733973295E-002
           6          14   5.9532770656200089E-011
           6          15   1.0473173421894502E-010
           6          16   1.6255560194247381E-010
           6          17   4.3437877216904660E-011
           6          18   4.5724401612644353E-011
           6          19  -1.4557808045563532E-011
           6          20  -4.4875499729826187E-010
           6          21  -1.0157418682136675E-010
           6          22  -1.7488329168470668E-010
           6          23  -3.0403223732225757E-012
           6          24  -3.3780723917692014E-010
           6          25  -1.5821425036872757E-010
           6          26  -5.1185816456165729E-005
           6          27  -6.8559558526470558E-003
           6          28   9.4638087608365053E-004
           6          29  -1.5868692822379484E-002
           6          30   1.8089585768950485E-005
           6          31  -1.9289443625400107E-003
           6          32  -2.5251757941709666E-003
           6          33   1.4111302623501243E-004
           6          34  -3.0246859827604742E-003
           6          35  -1.5755131181702979E-004
           7           1  -2.1691168297102963E-010
           7           2   2.6704126313820779E-011
           7           3   4.4843489691550924E-011
           7           4   1.1971419592525281E-009
           7           5   7.8458098504018775E-002
           7           6   6.2189751234142131E-002
           7           7  0.34577050964987743     
           7           8   7.2515428183276651E-002
           7           9   5.7479298689950858E-002
           7          10  0.32087947070413875     
           7          11   4.0000928929408236E-002
           7          12   3.1706704528423203E-002
           7          13  0.11141337361170042     
           7          14   1.0357375694019084E-010
           7          15   1.3515249029345651E-010
           7          16   2.2231882024668460E-010
           7          17   3.6244548791542167E-011
           7          18   7.8538038488125767E-011
           7          19   7.0437485546386258E-012
           7          20  -6.0357100709169032E-010
           7          21  -6.2289712068266221E-011
           7          22  -1.4991253186360644E-010
           7          23  -3.9480617545668215E-011
           7          24  -4.8851442642616253E-010
           7          25  -1.3964359910853107E-010
           7          26   1.7230511124646103E-004
           7          27   1.8089406256206297E-005
           7          28   5.3061461476972709E-005
           7          29   1.5444272642301297E-004
           7          30  -6.9114759115149315E-003
           7          31   7.5417114907310010E-004
           7          32  -7.2177577555030143E-003
           7          33  -3.7138219993560337E-003
           7          34  -2.9437584356941755E-003
           7          35  -6.4831631097120104E-003
           8           1  -3.8894835697268617E-010
           8           2   1.2725143106662761E-011
           8           3   4.7120633914325484E-011
           8           4   2.1855048698422107E-009
           8           5  0.48719119703642477     
           8           6  -2.1541986951240752E-002
           8           7   7.2515428183276651E-002
           8           8  0.45149793622997836     
           8           9  -1.9910546162720977E-002
           8          10   6.7023619057395983E-002
           8          11  0.18830223084456521     
           8          12  -1.0998916031782345E-002
           8          13   3.7024952792907441E-002
           8          14   2.0589235445430538E-010
           8          15   2.7045635279853346E-010
           8          16   4.3867017843094133E-010
           8          17   7.3263445398866406E-011
           8          18   1.4589874224344051E-010
           8          19   2.8517908015367645E-011
           8          20  -1.1747075356847342E-009
           8          21  -4.1070689689783945E-011
           8          22  -2.3288772421686501E-010
           8          23  -5.5185518708860636E-011
           8          24  -9.6566314327283468E-010
           8          25  -2.2810873941863968E-010
           8          26  -1.4252032684756770E-002
           8          27   8.8071093546795293E-004
           8          28  -6.5731747004470174E-003
           8          29  -5.7373590631480242E-005
           8          30  -2.9646831972370315E-003
           8          31  -1.4398732748987135E-003
           8          32   5.3375346551199883E-005
           8          33  -2.7460236902506763E-003
           8          34   1.3604575383996230E-004
           8          35  -1.8799966907163002E-004
           9           1  -1.2740333962155837E-010
           9           2   3.1769571334816948E-011
           9           3  -5.9605523366127971E-011
           9           4   8.9570069116205527E-010
           9           5  -2.1541985839266503E-002
           9           6  0.49729315998838436     
           9           7   5.7479298689950858E-002
           9           8  -1.9910546162720977E-002
           9           9  0.46083484795528729     
           9          10   5.3126218800764194E-002
           9          11  -1.0998915031089126E-002
           9          12  0.19346009465337732     
           9          13   2.9347800462369646E-002
           9          14   5.5343740919998840E-011
           9          15   9.7285230539781859E-011
           9          16   1.5111221711222635E-010
           9          17   4.0739120096792878E-011
           9          18   4.2761477346351201E-011
           9          19  -1.4118803860367882E-011
           9          20  -4.1757898113323002E-010
           9          21  -9.4791022518532331E-011
           9          22  -1.6279484481180825E-010
           9          23  -2.0659107567047921E-012
           9          24  -3.1355429312322063E-010
           9          25  -1.4831526488960898E-010
           9          26  -5.0889838012668082E-005
           9          27  -6.3506648125792754E-003
           9          28   8.7201322074220537E-004
           9          29  -1.4698812780282289E-002
           9          30   1.9099156890114250E-005
           9          31  -1.7827219191832071E-003
           9          32  -2.3267447146257487E-003
           9          33   1.3604632897808454E-004
           9          34  -2.8098220021409272E-003
           9          35  -1.4901702844352443E-004
          10           1  -1.9246280242276064E-010
          10           2   2.1927021399225156E-011
          10           3   2.9411640914280025E-011
          10           4   1.1063623974828632E-009
          10           5   7.2515432795622628E-002
          10           6   5.7479300136174555E-002
          10           7  0.32087947070413875     
          10           8   6.7023619057395983E-002
          10           9   5.3126218800764194E-002
          10          10  0.29778150263041803     
          10          11   3.7024956675990123E-002
          10          12   2.9347801773914252E-002
          10          13  0.10338672384321038     
          10          14   9.6259153971150501E-011
          10          15   1.2562567821082485E-010
          10          16   2.0664171921966013E-010
          10          17   3.3769157154271312E-011
          10          18   7.3049542406645921E-011
          10          19   6.4541197002397622E-012
          10          20  -5.6134135999569257E-010
          10          21  -5.8074331773349791E-011
          10          22  -1.3958877202164331E-010
          10          23  -3.6539653048580664E-011
          10          24  -4.5407093259160744E-010
          10          25  -1.2997678592334043E-010
          10          26   1.7130848357960388E-004
          10          27   1.9098966889732395E-005
          10          28   5.3376437092620722E-005
          10          29   1.5308646751630841E-004
          10          30  -6.4092833960356886E-003
          10          31   7.0499078244321684E-004
          10          32  -6.6955922465116629E-003
          10          33  -3.4467423910684749E-003
          10          34  -2.7320579508903998E-003
          10          35  -6.0224605998045596E-003
          11           1  -1.8029782461007861E-010
          11           2   8.1535460172645299E-012
          11           3   3.5063638844554662E-011
          11           4   9.8044611900763260E-010
          11           5  0.20315417939802227     
          11           6  -1.1882980946189454E-002
          11           7   4.0000928929408236E-002
          11           8  0.18830223084456521     
          11           9  -1.0998915031089126E-002
          11          10   3.7024956675990123E-002
          11          11   7.9192225155920323E-002
          11          12  -5.5022212136404611E-003
          11          13   1.8521778670316708E-002
          11          14   9.2993777741515859E-011
          11          15   1.2188983906550513E-010
          11          16   1.9786386592747446E-010
          11          17   3.2808342872729565E-011
          11          18   6.6075826494026086E-011
          11          19   1.3526179741147444E-011
          11          20  -5.3037815241141679E-010
          11          21  -2.1407035599527103E-011
          11          22  -1.0566881667474924E-010
          11          23  -2.5505123998257218E-011
          11          24  -4.3674827644028661E-010
          11          25  -9.8819402861789686E-011
          11          26  -5.8131790374818994E-003
          11          27   3.9636176743485755E-004
          11          28  -2.6821647810203793E-003
          11          29   1.2123344257217693E-004
          11          30  -1.3342483258398283E-003
          11          31  -5.1969572965299875E-004
          11          32  -1.7692167987177435E-004
          11          33  -1.3008252446355415E-003
          11          34   2.6836728174014520E-005
          11          35  -3.4356736693859650E-004
          12           1  -5.1843877081095147E-011
          12           2   1.1625270034851662E-011
          12           3  -4.1072429857404519E-011
          12           4   4.0903964893978566E-010
          12           5  -1.1882981525576708E-002
          12           6  0.20872661901429623     
          12           7   3.1706704528423203E-002
          12           8  -1.0998916031782345E-002
          12           9  0.19346009465337732     
          12          10   2.9347801773914252E-002
          12          11  -5.5022212136404611E-003
          12          12   8.1772452549546765E-002
          12          13   1.4681273274307689E-002
          12          14   2.5529781788911128E-011
          12          15   4.3820411560427901E-011
          12          16   6.8360330552087683E-011
          12          17   1.9146432424513099E-011
          12          18   1.9979349450203802E-011
          12          19  -6.6911804352131599E-012
          12          20  -1.8946579133511899E-010
          12          21  -4.5202241561146245E-011
          12          22  -7.3414984882054653E-011
          12          23   1.0011079024210603E-012
          12          24  -1.4084538599815817E-010
          12          25  -6.6829720308000246E-011
          12          26   1.2013583829220947E-004
          12          27  -2.6270213548478670E-003
          12          28   3.9783492128135764E-004
          12          29  -6.0496728918606069E-003
          12          30  -1.3630662921642163E-004
          12          31  -6.6136883575473209E-004
          12          32  -1.0615209218881425E-003
          12          33   2.6837003578168619E-005
          12          34  -1.3134104052120029E-003
          12          35  -2.7232802819171736E-004
          13           1  -8.7698762712315082E-011
          13           2   9.1916382065326055E-012
          13           3   1.1501812773130991E-011
          13           4   4.9578960199662403E-010
          13           5   4.0000926815064952E-002
          13           6   3.1706703733973295E-002
          13           7  0.11141337361170042     
          13           8   3.7024952792907441E-002
          13           9   2.9347800462369646E-002
          13          10  0.10338672384321038     
          13          11   1.8521778670316708E-002
          13          12   1.4681273274307689E-002
          13          13   3.6713136323208440E-002
          13          14   4.3215969447461349E-011
          13          15   5.7266430278531843E-011
          13          16   9.3563152163503320E-011
          13          17   1.6077690353990876E-011
          13          18   3.2414143145879422E-011
          13          19   3.1824256349536979E-012
          13          20  -2.5421015632518425E-010
          13          21  -2.5966959615439844E-011
          13          22  -6.2757384074801607E-011
          13          23  -1.4229372870332546E-011
          13          24  -2.0535207349156743E-010
          13          25  -5.6761235727092465E-011
          13          26  -4.0440500066686119E-004
          13          27  -1.3630670213512231E-004
          13          28  -1.7692114864062454E-004
          13          29  -3.2348064974885272E-004
          13          30  -2.2086731809825184E-003
          13          31   1.6677154912374159E-004
          13          32  -2.2764020623479561E-003
          13          33  -1.2526244066573776E-003
          13          34  -9.9289190772110193E-004
          13          35  -2.0677220204404017E-003
          14           1   1.0828099061440302E-002
          14           2   1.4652833781480070E-003
          14           3   4.7971391179396309E-003
          14           4   2.8069250550900268E-003
          14           5   2.2161777431388167E-010
          14           6   5.9532770656200089E-011
          14           7   1.0357375694019084E-010
          14           8   2.0589235445430538E-010
          14           9   5.5343740919998840E-011
          14          10   9.6259153971150501E-011
          14          11   9.2993777741515859E-011
          14          12   2.5529781788911128E-011
          14          13   4.3215969447461349E-011
          14          14   1.3280396351036093E-004
          14          15  -7.8294196767677106E-006
          14          16   1.3598361997909321E-004
          14          17   2.6355680237191615E-005
          14          18   2.0890809204681884E-005
          14          19   8.0456297971080037E-005
          14          20   1.8655518338708268E-004
          14          21  -1.8194744746522555E-005
          14          22   1.9394436897502521E-004
          14          23   6.1247820714132239E-005
          14          24   4.8548036650741209E-005
          14          25   6.4904731170377296E-005
          14          26  -5.2972201796517423E-012
          14          27  -7.4178074399671209E-013
          14          28  -2.3937369462076860E-012
          14          29  -1.3945165202342680E-012
          14          30  -8.0860319291746991E-013
          14          31   2.1558410747285459E-013
          14          32  -1.0157417243125376E-012
          14          33  -2.6263761352919724E-012
          14          34  -6.3088311998481063E-013
          14          35  -2.8877714244764091E-012
          15           1  -4.9896615508210384E-005
          15           2  -5.1611593067875427E-006
          15           3  -6.8341046340807468E-007
          15           4  -7.0814961433901503E-005
          15           5   2.9087230242074087E-010
          15           6   1.0473173421894502E-010
          15           7   1.3515249029345651E-010
          15           8   2.7045635279853346E-010
          15           9   9.7285230539781859E-011
          15          10   1.2562567821082485E-010
          15          11   1.2188983906550513E-010
          15          12   4.3820411560427901E-011
          15          13   5.7266430278531843E-011
          15          14  -7.8294196767677106E-006
          15          15   3.3961988685062321E-006
          15          16  -9.2086721231371222E-006
          15          17  -1.1432409612056764E-005
          15          18  -9.0618903880148204E-006
          15          19   1.4877638454250864E-005
          15          20  -1.5267750105525905E-005
          15          21   7.0244486441591472E-006
          15          22  -1.8120494455978382E-005
          15          23  -2.3645958175963880E-005
          15          24  -1.8742950018939233E-005
          15          25   3.1697863925934777E-005
          15          26  -7.0493532043017971E-012
          15          27  -1.2028887347176296E-012
          15          28  -3.1655308146585906E-012
          15          29  -2.4783510744768604E-012
          15          30  -1.0416689495337661E-012
          15          31   2.2032675885375984E-013
          15          32  -1.2259702466103894E-012
          15          33  -3.3239485651068037E-012
          15          34  -1.1687115158806084E-012
          15          35  -3.7705399907447046E-012
          16           1   1.0848362901593061E-002
          16           2   1.4673794058121692E-003
          16           3   4.7974166448820563E-003
          16           4   2.8356841710993480E-003
          16           5   4.7206845305742459E-010
          16           6   1.6255560194247381E-010
          16           7   2.2231882024668460E-010
          16           8   4.3867017843094133E-010
          16           9   1.5111221711222635E-010
          16          10   2.0664171921966013E-010
          16          11   1.9786386592747446E-010
          16          12   6.8360330552087683E-011
          16          13   9.3563152163503320E-011
          16          14   1.3598361997909321E-004
          16          15  -9.2086721231371222E-006
          16          16   1.3972341364369443E-004
          16          17   3.0998570578966070E-005
          16          18   2.4570992542091651E-005
          16          19   7.4414243141484346E-005
          16          20   1.9275566839724252E-004
          16          21  -2.1047489335185731E-005
          16          22   2.0130340057309000E-004
          16          23   7.0850834793581796E-005
          16          24   5.6159858154562062E-005
          16          25   5.2031704782190715E-005
          16          26  -1.1351319002246500E-011
          16          27  -1.9949478468334473E-012
          16          28  -5.0973820561094896E-012
          16          29  -3.9479662833443279E-012
          16          30  -1.6944967278815697E-012
          16          31   3.5826016953469413E-013
          16          32  -2.1892037164626484E-012
          16          33  -5.5008394807855334E-012
          16          34  -1.6445986253152702E-012
          16          35  -6.1424819124480671E-012
          17           1   1.6796382946435487E-004
          17           2   1.7373672826836561E-005
          17           3   2.3004750910491853E-006
          17           4   2.3837990438811620E-004
          17           5   7.9093050218365275E-011
          17           6   4.3437877216904660E-011
          17           7   3.6244548791542167E-011
          17           8   7.3263445398866406E-011
          17           9   4.0739120096792878E-011
          17          10   3.3769157154271312E-011
          17          11   3.2808342872729565E-011
          17          12   1.9146432424513099E-011
          17          13   1.6077690353990876E-011
          17          14   2.6355680237191615E-005
          17          15  -1.1432409612056764E-005
          17          16   3.0998570578966070E-005
          17          17   3.8484197951385833E-005
          17          18   3.0504468903768357E-005
          17          19  -5.0081654468359678E-005
          17          20   5.1394861085370646E-005
          17          21  -2.3645957503577305E-005
          17          22   6.0997874089884917E-005
          17          23   7.9597894508789675E-005
          17          24   6.3093208035335066E-005
          17          25  -1.0670251705414864E-004
          17          26  -1.8887930736239122E-012
          17          27  -6.0276076635397239E-013
          17          28  -9.4265172145796033E-013
          17          29  -1.0426292029601180E-012
          17          30  -1.5621540613154587E-013
          17          31   1.5503441388690400E-013
          17          32  -1.8149362911549445E-013
          17          33  -7.8355406636590841E-013
          17          34  -4.1279958895435495E-013
          17          35  -1.1372474837030667E-012
          18           1   1.3313639429008735E-004
          18           2   1.3771234145071049E-005
          18           3   1.8234944250019973E-006
          18           4   1.8895165487199357E-004
          18           5   1.5717210181270785E-010
          18           6   4.5724401612644353E-011
          18           7   7.8538038488125767E-011
          18           8   1.4589874224344051E-010
          18           9   4.2761477346351201E-011
          18          10   7.3049542406645921E-011
          18          11   6.6075826494026086E-011
          18          12   1.9979349450203802E-011
          18          13   3.2414143145879422E-011
          18          14   2.0890809204681884E-005
          18          15  -9.0618903880148204E-006
          18          16   2.4570992542091651E-005
          18          17   3.0504468903768357E-005
          18          18   2.4179343019605884E-005
          18          19  -3.9697183367174698E-005
          18          20   4.0738096400600476E-005
          18          21  -1.8742949425710638E-005
          18          22   4.8349917027903558E-005
          18          23   6.3093207832484147E-005
          18          24   5.0010781214218441E-005
          18          25  -8.4577664754690001E-005
          18          26  -3.6673491438071597E-012
          18          27  -6.3271083314898779E-013
          18          28  -1.6988926188670692E-012
          18          29  -1.0600193990568976E-012
          18          30  -6.0635915003262786E-013
          18          31   2.0362602344286434E-013
          18          32  -8.2474545505178597E-013
          18          33  -1.8711523991225927E-012
          18          34  -4.6683444520654337E-013
          18          35  -2.1703044810937151E-012
          19           1   1.0494489210595714E-002
          19           2   1.4307758002053931E-003
          19           3   4.7925699940161810E-003
          19           4   2.3334548039412673E-003
          19           5   3.0170632018614815E-011
          19           6  -1.4557808045563532E-011
          19           7   7.0437485546386258E-012
          19           8   2.8517908015367645E-011
          19           9  -1.4118803860367882E-011
          19          10   6.4541197002397622E-012
          19          11   1.3526179741147444E-011
          19          12  -6.6911804352131599E-012
          19          13   3.1824256349536979E-012
          19          14   8.0456297971080037E-005
          19          15   1.4877638454250864E-005
          19          16   7.4414243141484346E-005
          19          17  -5.0081654468359678E-005
          19          18  -3.9697183367174698E-005
          19          19   1.7992850780685761E-004
          19          20   8.4474684683475760E-005
          19          21   2.8770868742144324E-005
          19          22   7.2790360686178257E-005
          19          23  -9.6849560093810667E-005
          19          24  -7.6767727022576058E-005
          19          25   2.7683732980693745E-004
          19          26  -7.6257663490348424E-013
          19          27   3.2275054340855790E-013
          19          28  -2.4915507776253839E-013
          19          29   4.7611386840583035E-013
          19          30   4.4305040461547539E-014
          19          31   5.4049449589660916E-014
          19          32   5.1931104979690488E-014
          19          33  -5.0705767115782010E-013
          19          34  -1.5204996518822215E-015
          19          35  -3.7169064233002177E-013
          20           1  -2.1112056184132821E-003
          20           2   4.4221994622290518E-003
          20           3   1.7635127593122555E-002
          20           4   9.7546950743409005E-003
          20           5  -1.2634608174411379E-009
          20           6  -4.4875499729826187E-010
          20           7  -6.0357100709169032E-010
          20           8  -1.1747075356847342E-009
          20           9  -4.1757898113323002E-010
          20          10  -5.6134135999569257E-010
          20          11  -5.3037815241141679E-010
          20          12  -1.8946579133511899E-010
          20          13  -2.5421015632518425E-010
          20          14   1.8655518338708268E-004
          20          15  -1.5267750105525905E-005
          20          16   1.9275566839724252E-004
          20          17   5.1394861085370646E-005
          20          18   4.0738096400600476E-005
          20          19   8.4474684683475760E-005
          20          20   5.1580904616374957E-004
          20          21  -4.1312639050989196E-005
          20          22   5.3258678937749256E-004
          20          23   1.3906812868829098E-004
          20          24   1.1023224230667444E-004
          20          25   2.3959185939086971E-004
          20          26   3.0301766432492908E-011
          20          27   5.2458777218265617E-012
          20          28   1.3771877732202886E-011
          20          29   1.0326474602479810E-011
          20          30   4.6680937124211653E-012
          20          31  -1.2338096577241356E-012
          20          32   5.5426282398236157E-012
          20          33   1.4480032078548816E-011
          20          34   5.2060507769333526E-012
          20          35   1.6893841839369116E-011
          21           1   1.2583489475478916E-004
          21           2  -1.0764177128450394E-004
          21           3  -4.0522562414884778E-004
          21           4  -3.6226958547523570E-004
          21           5  -4.4060966588407771E-011
          21           6  -1.0157418682136675E-010
          21           7  -6.2289712068266221E-011
          21           8  -4.1070689689783945E-011
          21           9  -9.4791022518532331E-011
          21          10  -5.8074331773349791E-011
          21          11  -2.1407035599527103E-011
          21          12  -4.5202241561146245E-011
          21          13  -2.5966959615439844E-011
          21          14  -1.8194744746522555E-005
          21          15   7.0244486441591472E-006
          21          16  -2.1047489335185731E-005
          21          17  -2.3645957503577305E-005
          21          18  -1.8742949425710638E-005
          21          19   2.8770868742144324E-005
          21          20  -4.1312639050989196E-005
          21          21   1.4881641135591556E-005
          21          22  -4.7356318744766033E-005
          21          23  -5.0095129389231494E-005
          21          24  -3.9707864637074758E-005
          21          25   5.8186332149604006E-005
          21          26   5.5739847696569977E-013
          21          27   1.2394432705636683E-012
          21          28   4.2112073466353068E-013
          21          29   2.0242771055294757E-012
          21          30  -6.8562156239298447E-014
          21          31  -7.1144483409078017E-013
          21          32   2.1695467187263263E-013
          21          33   8.5086201187529196E-013
          21          34   1.3926081010196489E-012
          21          35   2.4407895655130073E-012
          22           1  -2.1623092382809755E-003
          22           2   4.4659145564523023E-003
          22           3   1.7799696384811475E-002
          22           4   9.9018187164526053E-003
          22           5  -2.5018105352874570E-010
          22           6  -1.7488329168470668E-010
          22           7  -1.4991253186360644E-010
          22           8  -2.3288772421686501E-010
          22           9  -1.6279484481180825E-010
          22          10  -1.3958877202164331E-010
          22          11  -1.0566881667474924E-010
          22          12  -7.3414984882054653E-011
          22          13  -6.2757384074801607E-011
          22          14   1.9394436897502521E-004
          22          15  -1.8120494455978382E-005
          22          16   2.0130340057309000E-004
          22          17   6.0997874089884917E-005
          22          18   4.8349917027903558E-005
          22          19   7.2790360686178257E-005
          22          20   5.3258678937749256E-004
          22          21  -4.7356318744766033E-005
          22          22   5.5181897050626328E-004
          22          23   1.5941258623086010E-004
          22          24   1.2635826046580661E-004
          22          25   2.1596143079630336E-004
          22          26   5.9019796427323557E-012
          22          27   1.9336400847707643E-012
          22          28   2.7381192105118964E-012
          22          29   3.9538376235578117E-012
          22          30   1.2304578857485979E-012
          22          31  -3.6370686270116996E-013
          22          32   1.3578543181710071E-012
          22          33   2.8432376824001550E-012
          22          34   2.1898754357830329E-012
          22          35   4.1928828692264092E-012
          23           1  -4.2359005265097077E-004
          23           2   3.6234769167221219E-004
          23           3   1.3640854050772774E-003
          23           4   1.2194852219201131E-003
          23           5  -5.8803860554509285E-011
          23           6  -3.0403223732225757E-012
          23           7  -3.9480617545668215E-011
          23           8  -5.5185518708860636E-011
          23           9  -2.0659107567047921E-012
          23          10  -3.6539653048580664E-011
          23          11  -2.5505123998257218E-011
          23          12   1.0011079024210603E-012
          23          13  -1.4229372870332546E-011
          23          14   6.1247820714132239E-005
