           1           1   2.3427184986080749     
           1           2 -0.26388643656227956     
           1           3  -1.2615918026753563     
           1           4 -0.28341637084365490     
           1           5  -6.3522590561206267E-014
           1           6  -9.4293694323071255E-014
           1           7   3.5291232139729082E-014
           1           8   1.1976079025958371E-014
           1           9   7.0880869924676233E-014
           1          10   4.9330075327230679E-015
           1          11  -2.3533717710278900E-015
           1          12  -2.0820332244726482E-014
           1          13  -3.5392430967046461E-015
           1          14  0.27176717475820023     
           1          15  -4.8335392128760301E-015
           1          16  0.27176717475819023     
           1          17   5.3177748851657069E-015
           1          18  -3.5443343427518759E-015
           1          19  0.27176717475819756     
           1          20  0.30852349445035909     
           1          21   4.5434396625695468E-015
           1          22  0.30852349445037697     
           1          23  -6.2500173607109169E-015
           1          24   1.4572722437758264E-015
           1          25  0.30852349445038363     
           1          26  -4.2540179755350986E-015
           1          27  -7.5527990891561943E-015
           1          28  -2.7925790086470353E-016
           1          29  -2.7938256545801574E-014
           1          30   8.3701053356966658E-015
           1          31   5.5479580653914879E-015
           1          32   4.6134104855680651E-015
           1          33  -9.4977932687764017E-016
           1          34  -9.5245286856758704E-015
           1          35  -9.6675256513988637E-015
           2           1 -0.26388643656227956     
           2           2  0.37495440904903549     
           2           3   1.2084397238049014     
           2           4  0.25872172210350242     
           2           5   6.5223308111065995E-014
           2           6   1.2727086737778730E-013
           2           7  -6.1080566740122519E-014
           2           8  -8.0806929013541084E-015
           2           9  -2.1115073188068358E-014
           2          10   1.0361947519913486E-014
           2          11   2.6762217849647565E-015
           2          12   6.2187568875134732E-015
           2          13  -2.7645208097517301E-015
           2          14 -0.19315341429023047     
           2          15   2.1968774765164281E-015
           2          16 -0.19315341429022612     
           2          17  -1.0512254174608352E-015
           2          18  -4.7091242270192192E-016
           2          19 -0.19315341429022842     
           2          20 -0.27616706699547949     
           2          21  -2.0883582066289282E-015
           2          22 -0.27616706699548210     
           2          23   5.8183123525550101E-016
           2          24  -2.5560941934922770E-016
           2          25 -0.27616706699547805     
           2          26   7.5132937666724267E-016
           2          27   1.6505785115700209E-015
           2          28   8.3535102458155124E-017
           2          29   3.6033149815250003E-015
           2          30  -5.6267501551263279E-016
           2          31  -1.4321452867438434E-016
           2          32  -1.9685787662695189E-015
           2          33   1.1549882636893721E-015
           2          34   1.6701194051668761E-015
           2          35  -1.6072266110837980E-015
           3           1  -1.2615918026753563     
           3           2   1.2084397238049014     
           3           3   3.9730336091369054     
           3           4  0.85314709701287084     
           3           5   2.4736083223383076E-013
           3           6   4.4979420643316754E-013
           3           7  -2.0626814740576693E-013
           3           8  -3.2253326024061711E-014
           3           9  -8.4469717789035552E-014
           3          10   3.2678561843167345E-014
           3          11   1.0473520549210654E-014
           3          12   2.5191242742523362E-014
           3          13  -8.4305358704330340E-015
           3          14 -0.64840202396810520     
           3          15   7.7068754361995194E-015
           3          16 -0.64840202396808988     
           3          17  -4.2605234062294147E-015
           3          18  -7.7900422000376421E-016
           3          19 -0.64840202396809843     
           3          20 -0.91181687432511871     
           3          21  -7.3163939581186565E-015
           3          22 -0.91181687432513037     
           3          23   2.9883577147430754E-015
           3          24  -1.0672646862824400E-015
           3          25 -0.91181687432511893     
           3          26   3.9106072558273269E-015
           3          27   6.9369188184061438E-015
           3          28   6.5968582434303293E-016
           3          29   1.7347195635896866E-014
           3          30  -3.4454305464822534E-015
           3          31  -1.4997669633934687E-015
           3          32  -7.0719242313262195E-015
           3          33   4.0969458525305778E-015
           3          34   7.3730772347452058E-015
           3          35  -3.3725653435004436E-015
           4           1 -0.28341637084365490     
           4           2  0.25872172210350242     
           4           3  0.85314709701287084     
           4           4  0.18328062508251777     
           4           5   6.7115225560587597E-014
           4           6   9.9418481183104571E-014
           4           7  -5.3958467167899612E-014
           4           8  -9.0272447433569513E-015
           4           9  -1.8888679769312869E-014
           4          10   8.3807721703475369E-015
           4          11   2.9763143690887103E-015
           4          12   5.6556722009043401E-015
           4          13  -2.2834396325605573E-015
           4          14 -0.13965853537130937     
           4          15   1.6703017186745532E-015
           4          16 -0.13965853537130601     
           4          17  -9.4041897511785522E-016
           4          18  -1.4285665884833820E-016
           4          19 -0.13965853537130785     
           4          20 -0.19592076583134893     
           4          21  -1.5853820079430801E-015
           4          22 -0.19592076583135151     
           4          23   6.7584770877021756E-016
           4          24  -2.3638193206636943E-016
           4          25 -0.19592076583134915     
           4          26   1.1841080040352959E-015
           4          27   1.5564795287673481E-015
           4          28   2.8743507490233581E-016
           4          29   3.9420142995097154E-015
           4          30  -8.8838131589823017E-016
           4          31  -3.5471862488264602E-016
           4          32  -1.6355002943865031E-015
           4          33   1.0228218501407785E-015
           4          34   1.6619456247691481E-015
           4          35  -8.8236631728391409E-016
           5           1  -6.3522590561206267E-014
           5           2   6.5223308111065995E-014
           5           3   2.4736083223383076E-013
           5           4   6.7115225560587597E-014
           5           5   1.9703124496834061     
           5           6 -0.43727699343421117     
           5           7 -0.20837078909489665     
           5           8 -0.29217906741843874     
           5           9   6.4844123664580700E-002
           5          10   3.0899455994805088E-002
           5          11  0.10254100764502996     
           5          12  -2.2757214742230386E-002
           5          13  -1.0844244871426026E-002
           5          14  -3.5949627342612879E-014
           5          15   3.4761859265417085E-015
           5          16  -3.6637741981094032E-014
           5          17   1.0364248229276278E-015
           5          18  -3.6064500061644181E-016
           5          19  -3.6800353098342137E-014
           5          20  -6.2217218421129464E-014
           5          21  -7.2815470776922772E-016
           5          22  -6.1009605474818268E-014
           5          23  -3.1368326918128478E-015
           5          24   2.2415212405758365E-015
           5          25  -6.3442836986935169E-014
           5          26   4.5425739976108423E-002
           5          27  -4.5085670758411691E-003
           5          28   2.0315008502965651E-002
           5          29  -1.0081462462703233E-002
           5          30  -2.1484178069886683E-003
           5          31   2.1454325342510150E-015
           5          32  -2.1484178069924608E-003
           5          33   2.0315008502968572E-002
           5          34  -4.5085670758388393E-003
           5          35  -4.8040082605046251E-003
           6           1  -9.4293694323071255E-014
           6           2   1.2727086737778730E-013
           6           3   4.4979420643316754E-013
           6           4   9.9418481183104571E-014
           6           5 -0.43727699343421117     
           6           6   1.5575408956881196     
           6           7 -0.32876042809772427     
           6           8   6.4844123664613132E-002
           6           9 -0.23096887320655723     
           6          10   4.8752123198105318E-002
           6          11  -2.2757214742239094E-002
           6          12   8.1059129945544123E-002
           6          13  -1.7109685104197914E-002
           6          14  -7.4767425727753843E-014
           6          15   1.1664529500122304E-015
           6          16  -6.8772585677992590E-014
           6          17   3.1133156188586629E-015
           6          18  -2.0950956403403809E-015
           6          19  -7.0256461314750221E-014
           6          20  -1.0056924205322278E-013
           6          21   3.5512868653499435E-016
           6          22  -1.0498071524779328E-013
           6          23  -1.6800730526158205E-015
           6          24   4.3070672327369305E-015
           6          25  -1.0586632240658526E-013
           6          26  -1.0081462462715872E-002
           6          27   1.6059106028950568E-002
           6          28  -4.5085670758500153E-003
           6          29   3.5909252738592447E-002
           6          30  -3.3897014117337861E-003
           6          31   2.3458673340291545E-015
           6          32  -3.3897014117364736E-003
           6          33  -4.5085670758498409E-003
           6          34   1.6059106028946817E-002
           6          35  -7.5796027800739399E-003
           7           1   3.5291232139729082E-014
           7           2  -6.1080566740122519E-014
           7           3  -2.0626814740576693E-013
           7           4  -5.3958467167899612E-014
           7           5 -0.20837078909489665     
           7           6 -0.32876042809772427     
           7           7   2.0908012543807573     
           7           8   3.0899455994794944E-002
           7           9   4.8752123198089178E-002
           7          10 -0.31004643997476988     
           7          11  -1.0844244871420829E-002
           7          12  -1.7109685104194246E-002
           7          13  0.10881160875989962     
           7          14   3.6165261002180349E-014
           7          15  -2.4748829298712476E-015
           7          16   3.1990165424133249E-014
           7          17  -1.8568647331979742E-015
           7          18   7.0840447230466652E-016
           7          19   3.4600295689330144E-014
           7          20   5.0080700666098522E-014
           7          21  -5.3902633633435810E-016
           7          22   4.9256631216095745E-014
           7          23   9.5499073974561723E-017
           7          24  -8.5656286376674548E-016
           7          25   5.1258311724604318E-014
           7          26  -4.8040082604987079E-003
           7          27  -3.3897014117330124E-003
           7          28  -2.1484178069894003E-003
           7          29  -7.5796027800583161E-003
           7          30   2.1557314560734755E-002
           7          31  -1.8599791580311744E-015
           7          32   2.1557314560738203E-002
           7          33  -2.1484178069905418E-003
           7          34  -3.3897014117363934E-003
           7          35   4.8203620770151105E-002
           8           1   1.1976079025958371E-014
           8           2  -8.0806929013541084E-015
           8           3  -3.2253326024061711E-014
           8           4  -9.0272447433569513E-015
           8           5 -0.29217906741843874     
           8           6   6.4844123664613132E-002
           8           7   3.0899455994794944E-002
           8           8   4.3327446594181432E-002
           8           9  -9.6157823003833586E-003
           8          10  -4.5821028221943163E-003
           8          11  -1.5205880666635354E-002
           8          12   3.3746839398477537E-003
           8          13   1.6081009658642979E-003
           8          14   4.7427427765434518E-015
           8          15  -5.1548614147628793E-016
           8          16   4.8447837971850791E-015
           8          17  -1.5369219143941074E-016
           8          18   5.3480309666658931E-017
           8          19   4.8688975181317316E-015
           8          20   8.2487424222814808E-015
           8          21   1.0797859166272870E-016
           8          22   8.0696646194119636E-015
           8          23   4.6516320327200597E-016
           8          24  -3.3239681644154008E-016
           8          25   8.4304902915726070E-015
           8          26  -6.7362160479392478E-003
           8          27   6.6857869361021589E-004
           8          28  -3.0125273988640252E-003
           8          29   1.4949874072211781E-003
           8          30   3.1859044050194113E-004
           8          31  -3.1814775223455152E-016
           8          32   3.1859044050250339E-004
           8          33  -3.0125273988644585E-003
           8          34   6.6857869360987035E-004
           8          35   7.1238988194497171E-004
           9           1   7.0880869924676233E-014
           9           2  -2.1115073188068358E-014
           9           3  -8.4469717789035552E-014
           9           4  -1.8888679769312869E-014
           9           5   6.4844123664580700E-002
           9           6 -0.23096887320655723     
           9           7   4.8752123198089178E-002
           9           8  -9.6157823003833586E-003
           9           9   3.4250542337598298E-002
           9          10  -7.2294878373134275E-003
           9          11   3.3746839398473582E-003
           9          12  -1.2020317385216913E-002
           9          13   2.5372076588013846E-003
           9          14   1.5725829193554817E-014
           9          15  -1.7297415705668603E-016
           9          16   1.4836849998735335E-014
           9          17  -4.6167583940471373E-016
           9          18   3.1068325759463013E-016
           9          19   1.5056894997071904E-014
           9          20   1.9492671457534326E-014
           9          21  -5.2662291435970546E-017
           9          22   2.0146852028813246E-014
           9          23   2.4913925595238564E-016
           9          24  -6.3869813519765861E-016
           9          25   2.0278179359053168E-014
           9          26   1.4949874072223053E-003
           9          27  -2.3814165229816605E-003
           9          28   6.6857869361119373E-004
           9          29  -5.3250092281255544E-003
           9          30   5.0266128982062329E-004
           9          31  -3.4787037459662160E-016
           9          32   5.0266128982102195E-004
           9          33   6.6857869361116803E-004
           9          34  -2.3814165229811045E-003
           9          35   1.1239848136981479E-003
          10           1   4.9330075327230679E-015
          10           2   1.0361947519913486E-014
          10           3   3.2678561843167345E-014
          10           4   8.3807721703475369E-015
          10           5   3.0899455994805088E-002
          10           6   4.8752123198105318E-002
          10           7 -0.31004643997476988     
          10           8  -4.5821028221943163E-003
          10           9  -7.2294878373134275E-003
          10          10   4.5977012276807484E-002
          10          11   1.6081009658640549E-003
          10          12   2.5372076588016826E-003
          10          13  -1.6135752670536019E-002
          10          14  -5.3368578510686605E-015
          10          15   3.6700219121890182E-016
          10          16  -4.7177298886113116E-015
          10          17   2.7535582295859804E-016
          10          18  -1.0504981486891014E-016
          10          19  -5.1047880056365826E-015
          10          20  -7.8004912993150783E-015
          10          21   7.9932607789936912E-017
          10          22  -7.6782894407070407E-015
          10          23  -1.4161627196667077E-017
          10          24   1.2702033058819646E-016
          10          25  -7.9751201004024809E-015
          10          26   7.1238988194432791E-004
          10          27   5.0266128982067522E-004
          10          28   3.1859044050215417E-004
          10          29   1.1239848136962037E-003
          10          30  -3.1967498684860145E-003
          10          31   2.7581766328420883E-016
          10          32  -3.1967498684865262E-003
          10          33   3.1859044050232363E-004
          10          34   5.0266128982117656E-004
          10          35  -7.1481500129985647E-003
          11           1  -2.3533717710278900E-015
          11           2   2.6762217849647565E-015
          11           3   1.0473520549210654E-014
          11           4   2.9763143690887103E-015
          11           5  0.10254100764502996     
          11           6  -2.2757214742239094E-002
          11           7  -1.0844244871420829E-002
          11           8  -1.5205880666635354E-002
          11           9   3.3746839398473582E-003
          11          10   1.6081009658640549E-003
          11          11   5.3365435774146422E-003
          11          12  -1.1843541521744923E-003
          11          13  -5.6436723852802987E-004
          11          14  -1.4728034370139761E-015
          11          15   1.8091120914670111E-016
          11          16  -1.5086150000057164E-015
          11          17   5.3938676430917908E-017
          11          18  -1.8769054507707992E-017
          11          19  -1.5170777734199299E-015
          11          20  -2.6853329388150758E-015
          11          21  -3.7895369066017807E-017
          11          22  -2.6224851156792580E-015
          11          23  -1.6325024240902417E-016
          11          24   1.1665553181844550E-016
          11          25  -2.7491178287427060E-015
          11          26   2.3640926346071324E-003
          11          27  -2.3463944059554800E-004
          11          28   1.0572543672178337E-003
          11          29  -5.2466973937442558E-004
          11          30  -1.1181014808412343E-004
          11          31   1.1165478547924930E-016
          11          32  -1.1181014808432078E-004
          11          33   1.0572543672179857E-003
          11          34  -2.3463944059542679E-004
          11          35  -2.5001509169077891E-004
          12           1  -2.0820332244726482E-014
          12           2   6.2187568875134732E-015
          12           3   2.5191242742523362E-014
          12           4   5.6556722009043401E-015
          12           5  -2.2757214742230386E-002
          12           6   8.1059129945544123E-002
          12           7  -1.7109685104194246E-002
          12           8   3.3746839398477537E-003
          12           9  -1.2020317385216913E-002
          12          10   2.5372076588016826E-003
          12          11  -1.1843541521744923E-003
          12          12   4.2185618147931401E-003
          12          13  -8.9043966166673738E-004
          12          14  -4.7025959221709479E-015
          12          15   6.0705732679120923E-017
          12          16  -4.3906063494145031E-015
          12          17   1.6202634294171286E-016
          12          18  -1.0903510156862931E-016
          12          19  -4.4678317169127277E-015
          12          20  -5.7930689240066106E-015
          12          21   1.8481968870859632E-017
          12          22  -6.0226553059244811E-015
          12          23  -8.7436073278678401E-017
          12          24   2.2415278049463940E-016
          12          25  -6.0687449758420277E-015
          12          26  -5.2466973937488278E-004
          12          27   8.3576435521769664E-004
          12          28  -2.3463944059591866E-004
          12          29   1.8688259114371284E-003
          12          30  -1.7641029392615406E-004
          12          31   1.2208601751031675E-016
          12          32  -1.7641029392629398E-004
          12          33  -2.3463944059590961E-004
          12          34   8.3576435521750170E-004
          12          35  -3.9446540915012923E-004
          13           1  -3.5392430967046461E-015
          13           2  -2.7645208097517301E-015
          13           3  -8.4305358704330340E-015
          13           4  -2.2834396325605573E-015
          13           5  -1.0844244871426026E-002
          13           6  -1.7109685104197914E-002
          13           7  0.10881160875989962     
          13           8   1.6081009658642979E-003
          13           9   2.5372076588013846E-003
          13          10  -1.6135752670536019E-002
          13          11  -5.6436723852802987E-004
          13          12  -8.9043966166673738E-004
          13          13   5.6628845884369667E-003
          13          14   1.3485623826935884E-015
          13          15  -1.2880037857613641E-016
          13          16   1.1312778054905805E-015
          13          17  -9.6636846015613233E-017
          13          18   3.6867507192616164E-017
          13          19   1.2671168636669013E-015
          13          20   2.0321126170329696E-015
          13          21  -2.8052557696540383E-017
          13          22   1.9892255552441633E-015
          13          23   4.9700600918122410E-018
          13          24  -4.4578117128641111E-017
          13          25   2.0933990513609127E-015
          13          26  -2.5001509169059091E-004
          13          27  -1.7641029392615162E-004
          13          28  -1.1181014808421510E-004
          13          29  -3.9446540914940054E-004
          13          30   1.1219077246017294E-003
          13          31  -9.6798930085417992E-017
          13          32   1.1219077246019090E-003
          13          33  -1.1181014808427455E-004
          13          34  -1.7641029392632753E-004
          13          35   2.5086619366916944E-003
          14           1  0.27176717475820023     
          14           2 -0.19315341429023047     
          14           3 -0.64840202396810520     
          14           4 -0.13965853537130937     
          14           5  -3.5949627342612879E-014
          14           6  -7.4767425727753843E-014
          14           7   3.6165261002180349E-014
          14           8   4.7427427765434518E-015
          14           9   1.5725829193554817E-014
          14          10  -5.3368578510686605E-015
          14          11  -1.4728034370139761E-015
          14          12  -4.7025959221709479E-015
          14          13   1.3485623826935884E-015
          14          14  0.10805408179624948     
          14          15  -1.3387088188408076E-015
          14          16  0.10805408179624680     
          14          17   8.2980557235932576E-016
          14          18  -1.4763230163404062E-018
          14          19  0.10805408179624833     
          14          20  0.14945318620887665     
          14          21   1.2693477935644716E-015
          14          22  0.14945318620887904     
          14          23  -6.6750982332983839E-016
          14          24   2.1211246187440225E-016
          14          25  0.14945318620887751     
          14          26  -6.5023524388398424E-016
          14          27  -1.3445811955298519E-015
          14          28  -6.9711377821836145E-017
          14          29  -3.6611958098437562E-015
          14          30   8.4545520183368944E-016
          14          31   4.1679058281136124E-016
          14          32   1.2708191233617285E-015
          14          33  -6.1639686590286668E-016
          14          34  -1.4779438729496797E-015
          14          35   2.6747760968906485E-016
          15           1  -4.8335392128760301E-015
          15           2   2.1968774765164281E-015
          15           3   7.7068754361995194E-015
          15           4   1.6703017186745532E-015
          15           5   3.4761859265417085E-015
          15           6   1.1664529500122304E-015
          15           7  -2.4748829298712476E-015
          15           8  -5.1548614147628793E-016
          15           9  -1.7297415705668603E-016
          15          10   3.6700219121890182E-016
          15          11   1.8091120914670111E-016
          15          12   6.0705732679120923E-017
          15          13  -1.2880037857613641E-016
          15          14  -1.3387088188408076E-015
          15          15   2.7899866763824681E-029
          15          16  -1.3387088188407628E-015
          15          17  -6.1461404416910841E-030
          15          18  -4.6586213025584246E-031
          15          19  -1.3387088188407888E-015
          15          20  -1.7920677732803072E-015
          15          21  -1.7486020387225017E-029
          15          22  -1.7920677732803494E-015
          15          23   4.3137549620630685E-030
          15          24   6.3842098924156887E-030
          15          25  -1.7920677732803475E-015
          15          26   8.0143795484333036E-017
          15          27   1.2026773520949398E-017
          15          28   3.5841394935565054E-017
          15          29   2.6892683142821436E-017
          15          30  -2.5517408557350603E-017
          15          31  -8.6989137554598308E-031
          15          32  -2.5517408557364732E-017
          15          33   3.5841394935577960E-017
          15          34   1.2026773520955549E-017
          15          35  -5.7058660143855742E-017
          16           1  0.27176717475819023     
          16           2 -0.19315341429022612     
          16           3 -0.64840202396808988     
          16           4 -0.13965853537130601     
          16           5  -3.6637741981094032E-014
          16           6  -6.8772585677992590E-014
          16           7   3.1990165424133249E-014
          16           8   4.8447837971850791E-015
          16           9   1.4836849998735335E-014
          16          10  -4.7177298886113116E-015
          16          11  -1.5086150000057164E-015
          16          12  -4.3906063494145031E-015
          16          13   1.1312778054905805E-015
          16          14  0.10805408179624680     
          16          15  -1.3387088188407628E-015
          16          16  0.10805408179624411     
          16          17   8.2980557235931314E-016
          16          18  -1.4763230163421850E-018
          16          19  0.10805408179624564     
          16          20  0.14945318620887305     
          16          21   1.2693477935644392E-015
          16          22  0.14945318620887543     
          16          23  -6.6750982332982015E-016
          16          24   2.1211246187441280E-016
          16          25  0.14945318620887396     
          16          26  -6.6609979198980249E-016
          16          27  -1.2827710868821276E-015
          16          28  -7.6806219421230713E-017
          16          29  -3.5229842052108329E-015
          16          30   8.0240766275814002E-016
          16          31   4.1679058281135399E-016
          16          32   1.2277715842861625E-015
          16          33  -6.2349170750224597E-016
          16          34  -1.4161337643019568E-015
          16          35   1.7122038605210342E-016
          17           1   5.3177748851657069E-015
          17           2  -1.0512254174608352E-015
          17           3  -4.2605234062294147E-015
          17           4  -9.4041897511785522E-016
          17           5   1.0364248229276278E-015
          17           6   3.1133156188586629E-015
          17           7  -1.8568647331979742E-015
          17           8  -1.5369219143941074E-016
          17           9  -4.6167583940471373E-016
          17          10   2.7535582295859804E-016
          17          11   5.3938676430917908E-017
          17          12   1.6202634294171286E-016
          17          13  -9.6636846015613233E-017
          17          14   8.2980557235932576E-016
          17          15  -6.1461404416910841E-030
          17          16   8.2980557235931314E-016
          17          17   2.1262446574465704E-029
          17          18  -1.2124849062496056E-029
          17          19   8.2980557235932695E-016
          17          20   1.0165575440030030E-015
          17          21   1.2693618548838693E-029
          17          22   1.0165575440030360E-015
          17          23  -2.0735266170905481E-029
          17          24   1.5328483944479303E-029
          17          25   1.0165575440030397E-015
          17          26   2.3894872368384736E-017
          17          27   3.2100001844724320E-017
          17          28   1.0686111785883551E-017
          17          29   7.1777786202603964E-017
          17          30  -1.9145299949665876E-017
          17          31   1.9960384693888226E-029
          17          32  -1.9145299949683043E-017
          17          33   1.0686111785884423E-017
          17          34   3.2100001844715722E-017
          17          35  -4.2810192137165770E-017
          18           1  -3.5443343427518759E-015
          18           2  -4.7091242270192192E-016
          18           3  -7.7900422000376421E-016
          18           4  -1.4285665884833820E-016
          18           5  -3.6064500061644181E-016
          18           6  -2.0950956403403809E-015
          18           7   7.0840447230466652E-016
          18           8   5.3480309666658931E-017
          18           9   3.1068325759463013E-016
          18          10  -1.0504981486891014E-016
          18          11  -1.8769054507707992E-017
          18          12  -1.0903510156862931E-016
          18          13   3.6867507192616164E-017
          18          14  -1.4763230163404062E-018
          18          15  -4.6586213025584246E-031
          18          16  -1.4763230163421850E-018
          18          17  -1.2124849062496056E-029
          18          18   1.0867288544978685E-029
          18          19  -1.4763230163470144E-018
          18          20   1.4171441147374682E-016
          18          21  -3.0871090042590641E-030
          18          22   1.4171441147372737E-016
          18          23   1.3828866357377970E-029
          18          24  -9.5051502105398544E-030
          18          25   1.4171441147370765E-016
          18          26  -8.3147046166527535E-018
          18          27  -2.1601592049459060E-017
          18          28  -3.7184489471362453E-018
          18          29  -4.8302628244760547E-017
          18          30   7.3040409812657651E-018
          18          31  -1.4254779174641954E-029
          18          32   7.3040409812821309E-018
          18          33  -3.7184489471395333E-018
          18          34  -2.1601592049451405E-017
          18          35   1.6332332144625053E-017
          19           1  0.27176717475819756     
          19           2 -0.19315341429022842     
          19           3 -0.64840202396809843     
          19           4 -0.13965853537130785     
          19           5  -3.6800353098342137E-014
          19           6  -7.0256461314750221E-014
          19           7   3.4600295689330144E-014
          19           8   4.8688975181317316E-015
          19           9   1.5056894997071904E-014
          19          10  -5.1047880056365826E-015
          19          11  -1.5170777734199299E-015
          19          12  -4.4678317169127277E-015
          19          13   1.2671168636669013E-015
          19          14  0.10805408179624833     
          19          15  -1.3387088188407888E-015
          19          16  0.10805408179624564     
          19          17   8.2980557235932695E-016
          19          18  -1.4763230163470144E-018
          19          19  0.10805408179624718     
          19          20  0.14945318620887504     
          19          21   1.2693477935644589E-015
          19          22  0.14945318620887743     
          19          23  -6.6750982332983701E-016
          19          24   2.1211246187441320E-016
          19          25  0.14945318620887590     
          19          26  -6.6984880668567589E-016
          19          27  -1.2980706634457149E-015
          19          28  -7.8482829762949200E-017
          19          29  -3.5571950984339869E-015
          19          30   8.2931954596726655E-016
          19          31   4.1679058281136498E-016
          19          32   1.2546834674952916E-015
          19          33  -6.2516831784397251E-016
          19          34  -1.4314333408655507E-015
          19          35   2.3139718631018371E-016
          20           1  0.30852349445035909     
          20           2 -0.27616706699547949     
          20           3 -0.91181687432511871     
          20           4 -0.19592076583134893     
          20           5  -6.2217218421129464E-014
          20           6  -1.0056924205322278E-013
          20           7   5.0080700666098522E-014
          20           8   8.2487424222814808E-015
          20           9   1.9492671457534326E-014
          20          10  -7.8004912993150783E-015
          20          11  -2.6853329388150758E-015
          20          12  -5.7930689240066106E-015
          20          13   2.0321126170329696E-015
          20          14  0.14945318620887665     
          20          15  -1.7920677732803072E-015
          20          16  0.14945318620887305     
          20          17   1.0165575440030030E-015
          20          18   1.4171441147374682E-016
          20          19  0.14945318620887504     
          20          20  0.20944888532999290     
          20          21   1.7008278367651951E-015
          20          22  0.20944888532999573     
          20          23  -7.3765662292669078E-016
          20          24   2.5587214935657286E-016
          20          25  0.20944888532999323     
          20          26  -1.0559182599151092E-015
          20          27  -1.6218102043983423E-015
          20          28  -2.0976271775266996E-016
          20          29  -4.1501149682115448E-015
          20          30   8.9317780560543581E-016
          20          31   3.9378053084807139E-016
          20          32   1.6774795737930234E-015
          20          33  -9.9450360906959302E-016
          20          34  -1.7398311162042521E-015
          20          35   7.3905034716132760E-016
          21           1   4.5434396625695468E-015
          21           2  -2.0883582066289282E-015
          21           3  -7.3163939581186565E-015
          21           4  -1.5853820079430801E-015
          21           5  -7.2815470776922772E-016
          21           6   3.5512868653499435E-016
          21           7  -5.3902633633435810E-016
          21           8   1.0797859166272870E-016
          21           9  -5.2662291435970546E-017
          21          10   7.9932607789936912E-017
          21          11  -3.7895369066017807E-017
          21          12   1.8481968870859632E-017
          21          13  -2.8052557696540383E-017
          21          14   1.2693477935644716E-015
          21          15  -1.7486020387225017E-029
          21          16   1.2693477935644392E-015
          21          17   1.2693618548838693E-029
          21          18  -3.0871090042590641E-030
          21          19   1.2693477935644589E-015
          21          20   1.7008278367651951E-015
          21          21   1.6468696078414449E-029
          21          22   1.7008278367652321E-015
          21          23  -1.0475852607203788E-029
          21          24   2.8758202538810539E-030
          21          25   1.7008278367652233E-015
          21          26  -1.6787675692158059E-017
          21          27   3.6615727052542252E-018
          21          28  -7.5076768063753228E-018
          21          29   8.1875254734907064E-018
          21          30  -5.5576589427192081E-018
          21          31   8.4016892014541093E-030
          21          32  -5.5576589427178230E-018
          21          33  -7.5076768063819619E-018
          21          34   3.6615727052511761E-018
          21          35  -1.2427303191717153E-017
          22           1  0.30852349445037697     
          22           2 -0.27616706699548210     
          22           3 -0.91181687432513037     
          22           4 -0.19592076583135151     
          22           5  -6.1009605474818268E-014
          22           6  -1.0498071524779328E-013
          22           7   4.9256631216095745E-014
          22           8   8.0696646194119636E-015
          22           9   2.0146852028813246E-014
          22          10  -7.6782894407070407E-015
          22          11  -2.6224851156792580E-015
          22          12  -6.0226553059244811E-015
          22          13   1.9892255552441633E-015
          22          14  0.14945318620887904     
          22          15  -1.7920677732803494E-015
          22          16  0.14945318620887543     
          22          17   1.0165575440030360E-015
          22          18   1.4171441147372737E-016
          22          19  0.14945318620887743     
          22          20  0.20944888532999573     
          22          21   1.7008278367652321E-015
          22          22  0.20944888532999856     
          22          23  -7.3765662292673239E-016
          22          24   2.5587214935657133E-016
          22          25  0.20944888532999603     
          22          26  -1.0280766291626984E-015
          22          27  -1.6672949271248416E-015
          22          28  -1.9731156195928699E-016
          22          29  -4.2518219001657564E-015
          22          30   8.8468119488443019E-016
          22          31   3.9378053084810679E-016
          22          32   1.6689829630719983E-015
          22          33  -9.8205245327621724E-016
          22          34  -1.7853158389307522E-015
          22          35   7.2005134801062699E-016
          23           1  -6.2500173607109169E-015
          23           2   5.8183123525550101E-016
          23           3   2.9883577147430754E-015
          23           4   6.7584770877021756E-016
          23           5  -3.1368326918128478E-015
          23           6  -1.6800730526158205E-015
          23           7   9.5499073974561723E-017
          23           8   4.6516320327200597E-016
          23           9   2.4913925595238564E-016
          23          10  -1.4161627196667077E-017
          23          11  -1.6325024240902417E-016
          23          12  -8.7436073278678401E-017
          23          13   4.9700600918122410E-018
          23          14  -6.6750982332983839E-016
