           1           1   2.8624704346256999     
           1           2   3.6582604809568027     
           1           3   23.357617868632410     
           1           4  -31.840536743164765     
           1           5  -4.1947508849175072     
           1           6  -5.2456025919666782     
           1           7   8.0307481709979888E-015
           1           8  -1.2459768452729947E-014
           1           9  -2.7380183216538719E-016
           1          10  -2.7861349107939009E-014
           1          11   3.3084250177720175E-015
           1          12   6.8987733369240738E-014
           1          13   1.3084741916374008E-014
           1          14   2.8691617827308258E-014
           1          15   1.1747557196394046E-013
           1          16  -6.2162307713459666E-014
           1          17   9.6186189902383710E-014
           1          18   4.7837402694289062E-014
           1          19   1.2651782234501144E-014
           1          20  -3.7468505302728529E-014
           1          21  -1.0312855965818196E-014
           1          22   5.2651016667628880     
           1          23  -2.6480175064419037E-013
           1          24   5.2651016667628268     
           1          25   5.1051804246803772E-014
           1          26   1.4279330799402697E-013
           1          27   5.2651016667628454     
           1          28   1.9511235597764927     
           1          29   7.6710056722917534E-014
           1          30   1.9511235597764531     
           1          31   3.1512569564715938E-014
           1          32  -1.9354011246999056E-014
           1          33   1.9511235597764953     
           1          34   1.2963760280278960     
           1          35  -4.4908256416336444E-014
           1          36   1.2963760280279435     
           1          37  -6.4416296131200520E-015
           1          38   3.7107779531367645E-015
           1          39   1.2963760280279006     
           1          40   2.1415030243333793E-014
           1          41  -3.4707368634018988E-014
           1          42   3.2201496825026740E-015
           1          43  -5.9592818941980876E-014
           1          44  -4.4144574521295744E-014
           1          45  -2.8940565159914342E-014
           1          46  -4.3327446269034773E-014
           1          47   2.2133788238329876E-014
           1          48  -4.5585077876826514E-014
           1          49  -7.0793005774144827E-014
           2           1   3.6582604809568027     
           2           2   23.027800948934619     
           2           3   102.45202596369654     
           2           4  -129.99142029593929     
           2           5  -11.281109889874472     
           2           6  -14.108710204417225     
           2           7   7.3048547264255824E-013
           2           8  -2.9012786973283186E-013
           2           9   2.2855195664535553E-014
           2          10  -1.9451117553175916E-013
           2          11  -5.8816104481124149E-014
           2          12   3.4482439122642947E-013
           2          13   2.8853287149615893E-013
           2          14   2.0890008696021022E-013
           2          15   5.3395352752338269E-013
           2          16  -1.7972949801599195E-013
           2          17   5.1241952047457694E-013
           2          18   2.7588848470099426E-013
           2          19   5.5280556868912724E-014
           2          20  -1.8626943635236061E-013
           2          21  -5.5006154645934009E-014
           2          22   15.011437793080132     
           2          23   2.9629710603684675E-012
           2          24   15.011437793077018     
           2          25   8.6713892876776141E-013
           2          26  -7.0900174585806768E-013
           2          27   15.011437793079430     
           2          28   5.2162764528370005     
           2          29  -8.0304706276613235E-013
           2          30   5.2162764528375565     
           2          31  -4.6990334743957529E-014
           2          32   3.1352791802661959E-013
           2          33   5.2162764528371657     
           2          34   3.4930210544928473     
           2          35   2.8013412029728086E-013
           2          36   3.4930210544928122     
           2          37   5.7820261933649973E-014
           2          38  -1.5556692043793777E-013
           2          39   3.4930210544928362     
           2          40  -5.8815469763280769E-014
           2          41  -1.6630932799451960E-013
           2          42  -5.5924914167298190E-014
           2          43  -3.6253808041756751E-013
           2          44  -2.1842950788590165E-013
           2          45  -1.2985889030501184E-013
           2          46  -2.3260531216287152E-013
           2          47   4.4685234166631250E-014
           2          48  -2.4954514756926460E-013
           2          49  -3.3467513147072132E-013
           3           1   23.357617868632410     
           3           2   102.45202596369654     
           3           3   635.75645826463233     
           3           4  -854.84821168495125     
           3           5  -108.34972339906217     
           3           6  -132.56939990277311     
           3           7   2.8495861773239401E-013
           3           8  -4.9467696515968317E-013
           3           9   6.0490869926439652E-014
           3          10  -7.4818292191669115E-013
           3          11  -1.6964321772088126E-013
           3          12   1.7855561607881454E-012
           3          13   5.8940502539339563E-013
           3          14   6.6132401509467045E-013
           3          15   3.0965621877425949E-012
           3          16  -1.4786338176086141E-012
           3          17   2.6788527881454150E-012
           3          18   1.5148220783873319E-012
           3          19   4.0424074813632263E-013
           3          20  -1.0630006466219507E-012
           3          21  -3.6081988340742336E-013
           3          22   136.02916074054284     
           3          23  -7.8257196062159243E-012
           3          24   136.02916074054102     
           3          25   1.5723262891619025E-012
           3          26   4.2862707045517225E-012
           3          27   136.02916074054158     
           3          28   49.806630962437055     
           3          29   2.0174546043018819E-012
           3          30   49.806630962435904     
           3          31   7.2818841737878834E-013
           3          32  -4.7020099686396900E-013
           3          33   49.806630962437296     
           3          34   32.764317395543081     
           3          35  -1.0582244367977912E-012
           3          36   32.764317395544452     
           3          37  -1.0097469094689698E-013
           3          38   4.2328118772252713E-014
           3          39   32.764317395543188     
           3          40   4.3482253529952490E-013
           3          41  -7.5949995972655431E-013
           3          42  -4.3397379656382061E-014
           3          43  -1.6757283160222574E-012
           3          44  -1.1998882819388787E-012
           3          45  -7.3908258539710917E-013
           3          46  -1.2555512661783326E-012
           3          47   5.1784229232236710E-013
           3          48  -1.2355301183264912E-012
           3          49  -1.9005139582182763E-012
           4           1  -31.840536743164765     
           4           2  -129.99142029593929     
           4           3  -854.84821168495125     
           4           4   1158.7696292251308     
           4           5   153.22675820856159     
           4           6   187.04508793832025     
           4           7   2.6654508628960000E-013
           4           8   5.3957538522793446E-013
           4           9  -4.0906950665708932E-014
           4          10   8.7641589953076349E-013
           4          11   3.5085609172238458E-014
           4          12  -2.3638326649022888E-012
           4          13  -5.0584554529953099E-013
           4          14  -5.3745408034549237E-013
           4          15  -4.1333187090120626E-012
           4          16   2.0753415550476023E-012
           4          17  -3.4149246244451213E-012
           4          18  -1.9971698917397195E-012
           4          19  -5.5823242451217611E-013
           4          20   1.3914976426799055E-012
           4          21   4.8947603498254223E-013
           4          22  -191.31809354133566     
           4          23   2.3884474711759462E-011
           4          24  -191.31809354134219     
           4          25  -2.6224973829672671E-013
           4          26  -1.0219691325084041E-011
           4          27  -191.31809354133560     
           4          28  -70.387245821115087     
           4          29  -6.2848364498964127E-012
           4          30  -70.387245821111151     
           4          31  -1.4735983628720325E-012
           4          32   1.8454318761480960E-012
           4          33  -70.387245821114988     
           4          34  -46.220391204274279     
           4          35   2.8670431222918515E-012
           4          36  -46.220391204277036     
           4          37   3.4621257401993877E-013
           4          38  -5.5627598469841685E-013
           4          39  -46.220391204274563     
           4          40  -7.7140402710995925E-013
           4          41   9.0594998328577316E-013
           4          42  -1.4435866651188211E-014
           4          43   1.9989511189683233E-012
           4          44   1.5836235172119686E-012
           4          45   9.8037468875693494E-013
           4          46   1.6519657525051923E-012
           4          47  -7.5576058493264306E-013
           4          48   1.5365950744875876E-012
           4          49   2.5256750987805247E-012
           5           1  -4.1947508849175072     
           5           2  -11.281109889874472     
           5           3  -108.34972339906217     
           5           4   153.22675820856159     
           5           5   25.362960494959093     
           5           6   30.179073991159143     
           5           7   1.5764598122266555E-013
           5           8   4.8585180644905975E-013
           5           9  -7.1467375535028611E-014
           5          10   4.1224024864730980E-013
           5          11  -1.0856931067061378E-013
           5          12  -7.0597203483528949E-015
           5          13  -4.0645539771869609E-013
           5          14   2.1759741300739445E-013
           5          15  -3.2134926082430567E-013
           5          16   1.0226922385576504E-013
           5          17  -2.6577722848078669E-013
           5          18  -1.6761245783476636E-013
           5          19  -3.0350459407768769E-014
           5          20   1.4439928813366974E-013
           5          21   6.0614380930055976E-014
           5          22  -30.752167209877904     
           5          23   1.4306817944105991E-011
           5          24  -30.752167209884746     
           5          25   6.0874184911205710E-013
           5          26  -5.5328517615924508E-012
           5          27  -30.752167209879744     
           5          28  -11.526828223576134     
           5          29  -3.8053080747279886E-012
           5          30  -11.526828223574039     
           5          31  -3.4882804648518212E-013
           5          32   1.3963133368471591E-012
           5          33  -11.526828223575635     
           5          34  -7.4511653788739016     
           5          35   1.5732384624163911E-012
           5          36  -7.4511653788748422     
           5          37   1.1797715697380560E-013
           5          38  -5.4950686071594717E-013
           5          39  -7.4511653788741228     
           5          40   1.0158609906255268E-013
           5          41   1.6062953334657371E-014
           5          42   9.8902363616293364E-014
           5          43   3.2417726101777895E-014
           5          44   1.2507544441538201E-013
           5          45   1.0999735843431933E-013
           5          46   1.3030663230469979E-013
           5          47   1.9410193217179749E-014
           5          48   8.6285234427947793E-014
           5          49   1.9739704596618146E-013
           6           1  -5.2456025919666782     
           6           2  -14.108710204417225     
           6           3  -132.56939990277311     
           6           4   187.04508793832025     
           6           5   30.179073991159143     
           6           6   36.217123621209417     
           6           7   1.4715844173075283E-012
           6           8  -1.7057210189756609E-012
           6           9   3.2520031755281161E-013
           6          10  -1.3316402299489551E-012
           6          11  -6.0742846772310800E-014
           6          12  -8.3592259544540453E-013
           6          13   2.1920204159924192E-012
           6          14  -8.1175111672424371E-014
           6          15  -1.1526315049230292E-012
           6          16   1.1529438999920892E-012
           6          17  -4.8745416790844096E-013
           6          18  -4.2050616113917419E-013
           6          19  -2.6742095695528227E-013
           6          20   2.1168510216858136E-013
           6          21   1.1276791899993690E-013
           6          22  -36.753699394261979     
           6          23  -6.1222651146786458E-012
           6          24  -36.753699394264402     
           6          25   2.6026353082764962E-012
           6          26   3.7939368214655938E-012
           6          27  -36.753699394260437     
           6          28  -13.771707575043582     
           6          29   1.6589363940396341E-012
           6          30  -13.771707575042605     
           6          31  -9.2945494708520078E-013
           6          32  -1.1268564238455526E-012
           6          33  -13.771707575043985     
           6          34  -8.9430469244793631     
           6          35  -6.4228621231197193E-013
           6          36  -8.9430469244798800     
           6          37   3.4753707583697398E-013
           6          38   4.8433174211751869E-013
           6          39  -8.9430469244792192     
           6          40  -1.5153522747415579E-012
           6          41   1.2590480063744100E-013
           6          42  -6.1548207694003803E-013
           6          43   2.7821637534988900E-013
           6          44   3.4572973323168355E-013
           6          45   1.3845075223176566E-013
           6          46   3.5174792212099829E-013
           6          47  -7.1668150824787553E-013
           6          48   2.1414957272899144E-013
           6          49   6.5740449938266202E-013
           7           1   8.0307481709979888E-015
           7           2   7.3048547264255824E-013
           7           3   2.8495861773239401E-013
           7           4   2.6654508628960000E-013
           7           5   1.5764598122266555E-013
           7           6   1.4715844173075283E-012
           7           7   2.0039527394692689     
           7           8  -3.2566286995509221E-008
           7           9  -1.0475930471191579E-006
           7          10   2.9259397753329378E-002
           7          11  -1.1045015833504140E-006
           7          12  -3.5529630226234424E-005
           7          13  0.10410547300962518     
           7          14  -1.5870850688540873E-006
           7          15  -5.1053385062140377E-005
           7          16   5.6883311121249183E-002
           7          17  -4.7490044183204222E-007
           7          18  -1.5276605957856298E-005
           7          19  -1.3481381314054509E-002
           7          20   9.9508218516565376E-008
           7          21   3.2009819970859071E-006
           7          22  -5.1194030259644382E-013
           7          23  -2.9221029254000389E-013
           7          24  -4.0417635789366141E-013
           7          25  -1.4954658153105592E-014
           7          26   1.0912337217664681E-013
           7          27  -5.0778616202455200E-013
           7          28  -3.2700996806289672E-013
           7          29   6.1313758969556057E-014
           7          30  -3.1498761304209672E-013
           7          31  -3.0384163121170716E-015
           7          32  -1.5594575070938544E-014
           7          33  -3.1651682543040588E-013
           7          34  -3.6917062694542135E-013
           7          35  -2.2187446611249507E-014
           7          36  -3.6743173403363045E-013
           7          37  -5.5555102808397544E-015
           7          38  -1.6131252728319616E-014
           7          39  -3.6877147944795381E-013
           7          40  -7.8072505917883728E-002
           7          41   3.9756039817011766E-007
           7          42  -3.4915086081240984E-002
           7          43   8.8897208993659266E-007
           7          44   1.2788731263440069E-005
           7          45  -2.6091748474482820E-015
           7          46   1.2788731240416821E-005
           7          47  -3.4915086081235627E-002
           7          48   3.9756042284851093E-007
           7          49   2.8596472429434144E-005
           8           1  -1.2459768452729947E-014
           8           2  -2.9012786973283186E-013
           8           3  -4.9467696515968317E-013
           8           4   5.3957538522793446E-013
           8           5   4.8585180644905975E-013
           8           6  -1.7057210189756609E-012
           8           7  -3.2566286995509221E-008
           8           8   2.0039547172634533     
           8           9   6.3638969896495951E-005
           8          10  -1.1045015867716347E-006
           8          11   2.9326475609861360E-002
           8          12   2.1583467663152645E-003
           8          13  -1.5870850367357086E-006
           8          14  0.10420185880414670     
           8          15   3.1013806733805804E-003
           8          16  -4.7490040608366789E-007
           8          17   5.6912152456624246E-002
           8          18   9.2802015663958248E-004
           8          19   9.9508203699579667E-008
           8          20  -1.3487424580195764E-002
           8          21  -1.9445260466111565E-004
           8          22   4.3375578264111150E-014
           8          23   1.7983532041512953E-015
           8          24   4.0863204100048666E-014
           8          25  -2.5586276100813512E-015
           8          26   9.0137853696210201E-017
           8          27   4.9896900137940493E-014
           8          28   2.0833003284899440E-013
           8          29   8.1996026794495262E-015
           8          30   1.9622898678651379E-013
           8          31   7.4188138779867611E-015
           8          32  -8.8299653129828017E-015
           8          33   2.0064351527977438E-013
           8          34   4.3643028349883216E-013
           8          35  -7.2597651616333051E-015
           8          36   4.2982827230914048E-013
           8          37  -4.6974844066328438E-016
           8          38   1.6412612650997528E-014
           8          39   4.3315431536472032E-013
           8          40   8.8897206926159521E-007
           8          41  -3.4939230455218177E-002
           8          42   3.9756040160344093E-007
           8          43  -7.8126494379408135E-002
           8          44  -7.7688725028402677E-004
           8          45   1.1619045685564912E-015
           8          46  -7.7688725026895560E-004
           8          47   3.9756039865415363E-007
           8          48  -3.4939230455231542E-002
           8          49  -1.7371727024752420E-003
           9           1  -2.7380183216538719E-016
           9           2   2.2855195664535553E-014
           9           3   6.0490869926439652E-014
           9           4  -4.0906950665708932E-014
           9           5  -7.1467375535028611E-014
           9           6   3.2520031755281161E-013
           9           7  -1.0475930471191579E-006
           9           8   6.3638969896495951E-005
           9           9   2.0059998786512994     
           9          10  -3.5529630236330176E-005
           9          11   2.1583467663197410E-003
           9          12   9.8689123608919654E-002
           9          13  -5.1053385056986426E-005
           9          14   3.1013806733768139E-003
           9          15  0.20387072541807544     
           9          16  -1.5276605937103360E-005
           9          17   9.2802015661393460E-004
           9          18   8.6735875161486606E-002
           9          19   3.2009819978960746E-006
           9          20  -1.9445260465470672E-004
           9          21  -1.9736535140168904E-002
           9          22  -3.2240462717137705E-014
           9          23  -3.9697343939016081E-015
           9          24  -2.6762754933047432E-014
           9          25  -3.6165082500784463E-015
           9          26   5.0361822212205360E-015
           9          27  -2.8927749889158035E-014
           9          28  -4.2811768369116758E-014
           9          29   2.4471944694724167E-015
           9          30  -4.2854058868930934E-014
           9          31   5.3449093721861415E-015
           9          32  -3.2240292661821891E-015
           9          33  -4.3844188119884179E-014
           9          34  -8.1405932147653081E-014
           9          35  -3.2786397124587519E-016
           9          36  -8.2527957835855279E-014
           9          37  -2.7545870741897071E-015
           9          38  -1.8967294138241201E-017
           9          39  -8.4131504833106319E-014
           9          40   2.8596472421522588E-005
           9          41  -7.7688725027178526E-004
           9          42   1.2788731253726590E-005
           9          43  -1.7371727024625295E-003
           9          44  -5.9906004894201531E-002
           9          45   1.5914101047831843E-015
           9          46  -5.9906004894198658E-002
           9          47   1.2788731250784390E-005
           9          48  -7.7688725027431666E-004
           9          49 -0.13395389920387532     
          10           1  -2.7861349107939009E-014
          10           2  -1.9451117553175916E-013
          10           3  -7.4818292191669115E-013
          10           4   8.7641589953076349E-013
          10           5   4.1224024864730980E-013
          10           6  -1.3316402299489551E-012
          10           7   2.9259397753329378E-002
          10           8  -1.1045015867716347E-006
          10           9  -3.5529630236330176E-005
          10          10  0.56284876912690285     
          10          11  -3.7459711149037663E-005
          10          12  -1.2050047738394649E-003
          10          13 -0.80225104763183097     
          10          14  -5.3826765009860096E-005
          10          15  -1.7315005054737626E-003
          10          16 -0.29949187268308031     
          10          17  -1.6106479063532657E-005
          10          18  -5.1811355634811521E-004
          10          19   6.6669987378498941E-002
          10          20   3.3748693729025678E-006
          10          21   1.0856286883680081E-004
          10          22  -2.5807590024270532E-013
          10          23  -1.4376912052459629E-012
          10          24   3.0133252868311718E-013
          10          25  -8.0877181547673488E-014
          10          26   5.0625499816890308E-013
          10          27  -7.5687907583998002E-014
          10          28   2.1458100528732141E-013
          10          29   3.8735465180632428E-013
          10          30   6.8217980028941511E-014
          10          31   2.0203182317139461E-014
          10          32  -1.3561688280161352E-013
          10          33   1.6811856521218866E-013
          10          34   3.1177431980396367E-013
          10          35  -1.5802601954512242E-013
          10          36   3.6861141198207340E-013
          10          37  -8.1107839808957710E-015
          10          38   5.6947116568721067E-014
          10          39   3.2842592009623313E-013
          10          40  0.48655637713898203     
          10          41   1.3483455229547497E-005
          10          42  0.21759462683375985     
          10          43   3.0149922464332441E-005
          10          44   4.3373607054793956E-004
          10          45  -2.5694620830933116E-016
          10          46   4.3373607054880703E-004
          10          47  0.21759462683375891     
          10          48   1.3483455228876167E-005
          10          49   9.6986333804057010E-004
          11           1   3.3084250177720175E-015
          11           2  -5.8816104481124149E-014
          11           3  -1.6964321772088126E-013
          11           4   3.5085609172238458E-014
          11           5  -1.0856931067061378E-013
          11           6  -6.0742846772310800E-014
          11           7  -1.1045015833504140E-006
          11           8   2.9326475609861360E-002
          11           9   2.1583467663197410E-003
          11          10  -3.7459711149037663E-005
          11          11  0.56512374741384463     
          11          12   7.3201385427177773E-002
          11          13  -5.3826765004387578E-005
          11          14 -0.79898207630544937     
          11          15  0.10518484127358439     
          11          16  -1.6106479057519156E-005
          11          17 -0.29851370469863248     
          11          18   3.1474257162476357E-002
          11          19   3.3748693723290519E-006
          11          20   6.6465027054080444E-002
          11          21  -6.5949551217258911E-003
          11          22   2.9590391007074848E-013
          11          23   1.2455485496456028E-012
          11          24  -1.8434727367869949E-013
          11          25   4.3216428716067033E-014
          11          26  -4.1999203538473850E-013
          11          27   1.3231038824913992E-013
          11          28  -1.8797501478644536E-014
          11          29  -3.3520173897435949E-013
          11          30   1.1263004030065053E-013
          11          31  -1.2834580339772180E-014
          11          32   1.1028743927928655E-013
          11          33   2.4703001050298510E-014
          11          34   3.6536419020344050E-014
          11          35   1.3640133631741043E-013
          11          36  -1.6833362173958117E-014
          11          37   4.8304977268513835E-015
          11          38  -4.5036536966446983E-014
          11          39   1.9952987176460692E-014
          11          40   3.0149922457644245E-005
          11          41  0.21677575859008491     
          11          42   1.3483455227911574E-005
          11          43  0.48472533208150892     
          11          44  -2.6348510780697838E-002
          11          45   9.1388236888735048E-016
          11          46  -2.6348510780700996E-002
          11          47   1.3483455226121968E-005
          11          48  0.21677575859008330     
          11          49  -5.8917061211529335E-002
          12           1   6.8987733369240738E-014
          12           2   3.4482439122642947E-013
          12           3   1.7855561607881454E-012
          12           4  -2.3638326649022888E-012
          12           5  -7.0597203483528949E-015
          12           6  -8.3592259544540453E-013
          12           7  -3.5529630226234424E-005
          12           8   2.1583467663152645E-003
          12           9   9.8689123608919654E-002
          12          10  -1.2050047738394649E-003
          12          11   7.3201385427177773E-002
          12          12   2.9175918538629770     
          12          13  -1.7315005054892312E-003
          12          14  0.10518484127359679     
          12          15   2.5813362460056570     
          12          16  -5.1811355635992065E-004
          12          17   3.1474257162481811E-002
          12          18  0.71297242656548931     
          12          19   1.0856286884020579E-004
          12          20  -6.5949551217235483E-003
          12          21 -0.14547661171116122     
          12          22   5.8424691945931545E-013
          12          23   1.8457810311818362E-012
          12          24  -1.0331169163286445E-013
          12          25   8.0976182687005992E-014
          12          26  -6.2421336664637625E-013
          12          27   4.0683564086468035E-013
          12          28   7.0945416367631429E-014
          12          29  -4.9606779598249087E-013
          12          30   2.6353832568660131E-013
          12          31  -1.7283651205590921E-014
          12          32   1.6555067652208419E-013
          12          33   1.1979801022231102E-013
          12          34   2.4253098482580721E-013
          12          35   1.9823894371006710E-013
          12          36   1.6297008049847022E-013
          12          37   4.7169142334290738E-015
          12          38  -6.6489643109414147E-014
          12          39   2.2573577901323228E-013
          12          40   9.6986333805601293E-004
          12          41  -2.6348510780700593E-002
          12          42   4.3373607055620188E-004
          12          43  -5.8917061211545052E-002
          12          44 -0.62998459850310551     
          12          45   4.3679330962662103E-016
          12          46 -0.62998459850311084     
          12          47   4.3373607055720433E-004
          12          48  -2.6348510780701734E-002
          12          49  -1.4086883870308475     
          13           1   1.3084741916374008E-014
          13           2   2.8853287149615893E-013
          13           3   5.8940502539339563E-013
          13           4  -5.0584554529953099E-013
          13           5  -4.0645539771869609E-013
          13           6   2.1920204159924192E-012
          13           7  0.10410547300962518     
          13           8  -1.5870850367357086E-006
          13           9  -5.1053385056986426E-005
          13          10 -0.80225104763183097     
          13          11  -5.3826765004387578E-005
          13          12  -1.7315005054892312E-003
          13          13   1.1541032062637639     
          13          14  -7.7344980581758502E-005
          13          15  -2.4880349568521267E-003
          13          16  0.43215526227269407     
          13          17  -2.3143789356639441E-005
          13          18  -7.4448990095003472E-004
          13          19  -9.6261824895715831E-002
          13          20   4.8494314406010811E-006
          13          21   1.5599661208812852E-004
          13          22   8.9471230527133087E-015
          13          23   1.6004518161001543E-012
          13          24  -5.5156285577661546E-013
          13          25   8.2163193142925819E-014
          13          26  -5.7447419881238450E-013
          13          27  -1.0449713654993876E-013
          13          28  -3.7055183689593230E-013
          13          29  -4.3332413183678193E-013
          13          30  -2.2231837824338086E-013
          13          31  -2.0452224880635930E-014
          13          32   1.5494295104291560E-013
          13          33  -3.4268085867163304E-013
          13          34  -5.3098829155361623E-013
          13          35   1.7704465607240758E-013
          13          36  -5.8690069061311145E-013
          13          37   7.6638464010803520E-015
          13          38  -6.7183599786644748E-014
          13          39  -5.3875356602643184E-013
          13          40 -0.70103811699355068     
          13          41   1.9374702951525457E-005
          13          42 -0.31351377688320992     
          13          43   4.3323152845211428E-005
          13          44   6.2324585073018099E-004
          13          45   1.7861217081367912E-016
          13          46   6.2324585072724605E-004
          13          47 -0.31351377688320825     
          13          48   1.9374702954276739E-005
          13          49   1.3936200889232916E-003
          14           1   2.8691617827308258E-014
          14           2   2.0890008696021022E-013
          14           3   6.6132401509467045E-013
          14           4  -5.3745408034549237E-013
          14           5   2.1759741300739445E-013
          14           6  -8.1175111672424371E-014
          14           7  -1.5870850688540873E-006
          14           8  0.10420185880414670     
          14           9   3.1013806733768139E-003
          14          10  -5.3826765009860096E-005
          14          11 -0.79898207630544937     
          14          12  0.10518484127359679     
          14          13  -7.7344980581758502E-005
          14          14   1.1588004702306676     
          14          15  0.15114264257685397     
          14          16  -2.3143789361097122E-005
          14          17  0.43356081550892789     
          14          18   4.5226121398109220E-002
          14          19   4.8494314399544112E-006
          14          20  -9.6556337343347148E-002
          14          21  -9.4764505294097356E-003
          14          22   1.6824270850932906E-013
          14          23   1.9917589868938703E-012
          14          24  -5.3240395396957644E-013
          14          25   1.4141117083363198E-013
          14          26  -7.0817254816483525E-013
          14          27   2.7307424298467558E-014
          14          28  -1.1374805376162600E-013
          14          29  -5.2913671527880626E-013
          14          30   6.8416511139353772E-014
          14          31  -3.5160782899645448E-014
          14          32   1.9170976478332784E-013
          14          33  -7.6095609364436182E-014
          14          34   5.4694271706268493E-014
          14          35   2.1553263819775083E-013
          14          36  -2.0755357118468434E-014
          14          37   1.5188235446246395E-014
          14          38  -7.7048770352454247E-014
          14          39   3.7720774817543568E-014
          14          40   4.3323152850773161E-005
          14          41 -0.31469042846886763     
          14          42   1.9374702952658056E-005
          14          43 -0.70366918992491700     
          14          44  -3.7860812443514316E-002
          14          45  -1.3061312322291840E-015
          14          46  -3.7860812443508716E-002
          14          47   1.9374702955179801E-005
          14          48 -0.31469042846886636     
          14          49  -8.4659350307061759E-002
          15           1   1.1747557196394046E-013
          15           2   5.3395352752338269E-013
          15           3   3.0965621877425949E-012
          15           4  -4.1333187090120626E-012
          15           5  -3.2134926082430567E-013
          15           6  -1.1526315049230292E-012
          15           7  -5.1053385062140377E-005
          15           8   3.1013806733805804E-003
          15           9  0.20387072541807544     
          15          10  -1.7315005054737626E-003
          15          11  0.10518484127358439     
          15          12   2.5813362460056570     
          15          13  -2.4880349568521267E-003
          15          14  0.15114264257685397     
          15          15   6.0160616287675222     
          15          16  -7.4448990094813465E-004
          15          17   4.5226121398111108E-002
          15          18   1.8869897027708993     
          15          19   1.5599661208511354E-004
          15          20  -9.4764505294143448E-003
          15          21 -0.40110040440835237     
          15          22   8.1096945937493681E-013
          15          23   1.0040724562213134E-012
          15          24   3.4830575083490224E-013
          15          25   4.3145214695115415E-014
          15          26  -3.9305746655321806E-013
          15          27   7.0892517640514210E-013
          15          28   2.4343827179062963E-013
          15          29  -2.6432072598291972E-013
          15          30   3.5315344837593471E-013
          15          31  -6.2516281945113296E-015
          15          32   1.0739119729783623E-013
          15          33   2.6950009847342886E-013
          15          34   3.0535039810306380E-013
          15          35   1.1204783841663712E-013
          15          36   2.5805640203573370E-013
          15          37   9.2221492773777699E-015
          15          38  -4.5549702493879890E-014
          15          39   3.0504101305367298E-013
          15          40   1.3936200889323423E-003
          15          41  -3.7860812443513234E-002
          15          42   6.2324585072122906E-004
          15          43  -8.4659350307058165E-002
          15          44  -1.5314208665317457     
          15          45  -3.2323884686290977E-015
          15          46  -1.5314208665317384     
          15          47   6.2324585072555719E-004
          15          48  -3.7860812443511825E-002
          15          49  -3.4243611597265935     
          16           1  -6.2162307713459666E-014
          16           2  -1.7972949801599195E-013
          16           3  -1.4786338176086141E-012
          16           4   2.0753415550476023E-012
          16           5   1.0226922385576504E-013
          16           6   1.1529438999920892E-012
          16           7   5.6883311121249183E-002
          16           8  -4.7490040608366789E-007
          16           9  -1.5276605937103360E-005
          16          10 -0.29949187268308031     
          16          11  -1.6106479057519156E-005
          16          12  -5.1811355635992065E-004
          16          13  0.43215526227269407     
          16          14  -2.3143789361097122E-005
          16          15  -7.4448990094813465E-004
          16          16  0.16198169598603540     
          16          17  -6.9252714527952934E-006
          16          18  -2.2277227700863219E-004
          16          19  -3.6088414498183230E-002
          16          20   1.4510860174378535E-006
          16          21   4.6678565331913013E-005
          16          22  -2.5608776349505687E-013
          16          23   1.0700668508379125E-012
          16          24  -6.3532970914284539E-013
          16          25   5.5512802216711257E-014
          16          26  -3.9325197661675560E-013
          16          27  -3.3836945062023621E-013
          16          28  -2.7838023901235218E-013
          16          29  -2.8832309269658195E-013
          16          30  -1.7720819533924264E-013
          16          31  -1.4341496200340094E-014
          16          32   1.0578612548948497E-013
          16          33  -2.5719190051054848E-013
          16          34  -2.7337095981281359E-013
          16          35   1.1768516351062047E-013
          16          36  -3.1285847111165050E-013
          16          37   5.5324686918852419E-015
          16          38  -4.4818772115130354E-014
          16          39  -2.8062033551048196E-013
          16          40 -0.26263767454724291     
          16          41   5.7974549956419615E-006
          16          42 -0.11745513874802188     
          16          43   1.2963503467533053E-005
          16          44   1.8649265373013734E-004
          16          45   4.3267822647578634E-017
          16          46   1.8649265372883979E-004
          16          47 -0.11745513874802120     
          16          48   5.7974549968874972E-006
          16          49   4.1701025104320792E-004
