           1           1   2.4131450703216588     
           1           2   1.0272750224546223     
           1           3   10.288445115271752     
           1           4  -15.948732090572989     
           1           5  -1.5315365735169708     
           1           6  -11.023409815406614     
           1           7   2.9034644190781662E-014
           1           8   1.9317287575251864E-014
           1           9   5.8693601580857696E-016
           1          10   4.3334190947239531E-014
           1          11  -3.1926045516389795E-014
           1          12  -6.2185522476724469E-014
           1          13   6.1038735793968349E-014
           1          14  -1.1292463565845742E-013
           1          15  -3.9162908438378456E-015
           1          16   1.2306449205134925E-013
           1          17  -4.3655892849788165E-013
           1          18   1.0364583094294898E-014
           1          19  -3.5472843530097513E-014
           1          20   7.3494053385233994E-014
           1          21  -6.7923137408414245E-015
           1          22   4.0264973256091157     
           1          23  -4.6927002670501533E-014
           1          24   4.0264973256094647     
           1          25  -3.0011195704672479E-014
           1          26  -3.3750942697202995E-014
           1          27   4.0264973256091396     
           1          28   2.2969452172497227     
           1          29   5.0737288170481894E-014
           1          30   2.2969452172495775     
           1          31  -2.6580557910573888E-014
           1          32   3.4955727403036795E-014
           1          33   2.2969452172496290     
           1          34   2.9174679146510272     
           1          35  -2.8385575602949126E-014
           1          36   2.9174679146510796     
           1          37  -5.3996703194248308E-015
           1          38  -2.6211893672081426E-014
           1          39   2.9174679146511000     
           1          40  -8.4428445701364211E-014
           1          41   1.4176736884772220E-013
           1          42  -2.1897529811418714E-014
           1          43   2.6521136685240695E-013
           1          44  -6.8467057531031804E-015
           1          45   3.9645413535362040E-015
           1          46  -5.8706716335578227E-015
           1          47  -4.8552348467191157E-014
           1          48   1.3391586107216695E-013
           1          49   7.8835647552125521E-015
           2           1   1.0272750224546223     
           2           2   10.062342086469839     
           2           3   28.586866274026281     
           2           4  -34.663504745394718     
           2           5   5.1027437172125341     
           2           6  -28.144383105482078     
           2           7   4.2054041434967943E-013
           2           8   4.2914616836611863E-013
           2           9  -1.4273826205003408E-013
           2          10   4.0813493947676542E-014
           2          11  -1.8192744532948596E-013
           2          12  -4.8353414769023782E-013
           2          13   5.8123972154078137E-013
           2          14  -1.0703010885133710E-012
           2          15   1.7533208687008252E-013
           2          16   6.2844894320547000E-013
           2          17  -1.7726949742587887E-012
           2          18   3.3738405873258222E-013
           2          19  -1.1824801083558986E-013
           2          20   2.9034191969081945E-013
           2          21  -6.9304529946622488E-014
           2          22   3.1217727345659112     
           2          23  -1.3174456535225281E-013
           2          24   3.1217727345685038     
           2          25  -3.8865977972164625E-013
           2          26  -7.8372693164352732E-014
           2          27   3.1217727345663402     
           2          28   3.6513713789506039     
           2          29   1.5974121943657569E-013
           2          30   3.6513713789498481     
           2          31  -7.2083879143623061E-015
           2          32   1.0027996860062865E-013
           2          33   3.6513713789502757     
           2          34   7.4184420988176507     
           2          35  -7.4403183072985832E-014
           2          36   7.4184420988179403     
           2          37  -4.2812515889895273E-014
           2          38  -4.2115765648035703E-014
           2          39   7.4184420988178843     
           2          40  -5.1350692658498624E-013
           2          41   6.2528350736917077E-013
           2          42  -2.0010914847013456E-013
           2          43   1.2912835284397170E-012
           2          44  -1.1782169073779657E-013
           2          45   3.4940010567707215E-015
           2          46  -1.2392953970485375E-013
           2          47  -2.7807661476324979E-013
           2          48   5.8654109064235521E-013
           2          49  -2.2799329778860575E-013
           3           1   10.288445115271752     
           3           2   28.586866274026281     
           3           3   259.17222341355409     
           3           4  -390.72706315650788     
           3           5  -30.979675856650807     
           3           6  -273.16588314050898     
           3           7   6.2123267222328605E-013
           3           8   4.2575590868947746E-013
           3           9   2.6439179637463025E-014
           3          10   1.0890023252185674E-012
           3          11  -7.8034958978123111E-013
           3          12  -1.7111776844467686E-012
           3          13   1.5171544891571489E-012
           3          14  -2.8432434079360833E-012
           3          15  -2.7536472164929152E-013
           3          16   2.8306816878940611E-012
           3          17  -1.1142085323555283E-011
           3          18  -1.4547246771730726E-013
           3          19  -7.5254179768242750E-013
           3          20   2.0099617619266765E-012
           3          21   6.0030861225774226E-015
           3          22   94.675709799917698     
           3          23  -1.1199744105651436E-012
           3          24   94.675709799927318     
           3          25  -8.1779556822960310E-013
           3          26  -8.8609405719391186E-013
           3          27   94.675709799918479     
           3          28   55.163533022753001     
           3          29   1.2318320373414640E-012
           3          30   55.163533022749149     
           3          31  -5.7099395785356538E-013
           3          32   9.2482250733914839E-013
           3          33   55.163533022750826     
           3          34   72.286507192299723     
           3          35  -6.7431008236857127E-013
           3          36   72.286507192301201     
           3          37  -1.2605346510849680E-013
           3          38  -7.3273052613936571E-013
           3          39   72.286507192301471     
           3          40  -1.9093345608016481E-012
           3          41   3.5521353253677157E-012
           3          42  -5.0352086443036485E-013
           3          43   6.7160233398831350E-012
           3          44   1.0635757763914952E-014
           3          45  -9.8463883343023406E-015
           3          46  -9.5788792708170612E-015
           3          47  -1.2478223878941301E-012
           3          48   3.4617443522592131E-012
           3          49   4.7436241622832212E-013
           4           1  -15.948732090572989     
           4           2  -34.663504745394718     
           4           3  -390.72706315650788     
           4           4   599.45647180267486     
           4           5   57.404279960364313     
           4           6   414.27408793648135     
           4           7  -2.7079374316077254E-013
           4           8   2.2402536669740847E-014
           4           9  -2.1692840434682574E-013
           4          10  -1.8557122692108178E-012
           4          11   9.8525729738470980E-013
           4          12   1.7301273003813146E-012
           4          13  -1.2579019979166593E-012
           4          14   2.2232098951039859E-012
           4          15   8.8575655412014814E-013
           4          16  -3.4567873151913904E-012
           4          17   1.5260880764034935E-011
           4          18   8.9709449236554617E-013
           4          19   1.0295009678509467E-012
           4          20  -2.8164393413937278E-012
           4          21  -1.3542721915563886E-013
           4          22  -151.92776222113312     
           4          23   1.7684414802472329E-012
           4          24  -151.92776222114298     
           4          25   4.5224799512170458E-013
           4          26   1.3303414806056120E-012
           4          27  -151.92776222113301     
           4          28  -86.210657885683531     
           4          29  -1.8505760803283046E-012
           4          30  -86.210657885678899     
           4          31   1.0382885523991497E-012
           4          32  -1.3890211657024054E-012
           4          33  -86.210657885680618     
           4          34  -109.66458574877686     
           4          35   1.0276382661243085E-012
           4          36  -109.66458574877862     
           4          37   1.0985155185305892E-013
           4          38   1.1523566682833656E-012
           4          39  -109.66458574877934     
           4          40   2.1275085415905762E-012
           4          41  -4.7127651492521649E-012
           4          42   4.0929540568801519E-013
           4          43  -8.6526525155441165E-012
           4          44  -2.5094685036517717E-013
           4          45   1.9804860692915165E-014
           4          46  -2.2460296117638335E-013
           4          47   1.5393931187876183E-012
           4          48  -4.6163349029103784E-012
           4          49  -1.2613643351009206E-012
           5           1  -1.5315365735169708     
           5           2   5.1027437172125341     
           5           3  -30.979675856650807     
           5           4   57.404279960364313     
           5           5   15.566574129028135     
           5           6   35.129720313528544     
           5           7   5.9350532906846451E-013
           5           8   6.3020279826289858E-013
           5           9  -1.9545311947408967E-013
           5          10  -2.6641940667828655E-013
           5          11  -4.6092567176767762E-013
           5          12  -9.1281090719415573E-013
           5          13   1.0635746082782373E-012
           5          14  -2.4443062055608056E-012
           5          15   8.5064365587822229E-013
           5          16   6.2938575365307008E-013
           5          17  -7.2203360226368361E-013
           5          18   1.0909434419413267E-012
           5          19  -3.1909155006305631E-014
           5          20   4.5496629887812540E-014
           5          21  -1.9840340599449617E-013
           5          22  -21.510443518830947     
           5          23  -2.4704741903010754E-013
           5          24  -21.510443518825447     
           5          25  -9.7994804934416731E-013
           5          26  -4.7750130233188799E-014
           5          27  -21.510443518830265     
           5          28  -9.9220584409179313     
           5          29  -5.3007681479969117E-015
           5          30  -9.9220584409191233     
           5          31   3.0624016634584137E-013
           5          32  -6.8076760255119575E-014
           5          33  -9.9220584409178940     
           5          34  -9.3402086615287416     
           5          35   4.5851864654559905E-014
           5          36  -9.3402086615282744     
           5          37  -9.6519292826062402E-014
           5          38   1.3598617488778674E-013
           5          39  -9.3402086615288411     
           5          40  -6.7466775516570153E-013
           5          41   4.4195106563977455E-013
           5          42  -3.6756005490559410E-013
           5          43   1.1740846634731619E-012
           5          44  -3.8189361405812935E-013
           5          45   6.6833474400172008E-015
           5          46  -3.8015464249362938E-013
           5          47  -2.5703552647183575E-013
           5          48   3.9094804155825456E-013
           5          49  -9.3944459057314814E-013
           6           1  -11.023409815406614     
           6           2  -28.144383105482078     
           6           3  -273.16588314050898     
           6           4   414.27408793648135     
           6           5   35.129720313528544     
           6           6   288.49717216007633     
           6           7  -4.5560617794709077E-013
           6           8  -2.6092634296067889E-013
           6           9  -7.1595438975413503E-014
           6          10  -1.1931003476576390E-012
           6          11   7.1711613781861041E-013
           6          12   1.5228138300128725E-012
           6          13  -1.2506647387757602E-012
           6          14   2.2363729379175014E-012
           6          15   4.3530555644913313E-013
           6          16  -2.7098160613010619E-012
           6          17   1.1175344279316928E-011
           6          18   3.4357922858757107E-013
           6          19   7.5591162920902846E-013
           6          20  -2.0372673596002949E-012
           6          21  -4.0372460334443748E-014
           6          22  -101.91699731203030     
           6          23   1.1831728983859284E-012
           6          24  -101.91699731203883     
           6          25   6.1371737374310616E-013
           6          26   9.2662729387258481E-013
           6          27  -101.91699731203070     
           6          28  -58.850349679303349     
           6          29  -1.2928550170034715E-012
           6          30  -58.850349679299711     
           6          31   6.6230427302827926E-013
           6          32  -9.7167969995041620E-013
           6          33  -58.850349679301182     
           6          34  -76.352049644777026     
           6          35   7.1142651366992150E-013
           6          36  -76.352049644778404     
           6          37   1.0696821016209133E-013
           6          38   7.8201510819559235E-013
           6          39  -76.352049644778816     
           6          40   1.7609213982291337E-012
           6          41  -3.5084580453211440E-012
           6          42   4.1533107474872614E-013
           6          43  -6.5437061758550370E-012
           6          44  -7.8187228511450395E-014
           6          45   1.1369002826462197E-014
           6          46  -5.8073168446220026E-014
           6          47   1.2009850300936973E-012
           6          48  -3.4214227044622809E-012
           6          49  -6.5437058707774833E-013
           7           1   2.9034644190781662E-014
           7           2   4.2054041434967943E-013
           7           3   6.2123267222328605E-013
           7           4  -2.7079374316077254E-013
           7           5   5.9350532906846451E-013
           7           6  -4.5560617794709077E-013
           7           7   2.0031829332770297     
           7           8  -7.3596257640698676E-004
           7           9  -7.0627654315005687E-005
           7          10   2.7380633367160082E-002
           7          11  -2.2167219962583942E-002
           7          12  -2.1273075545694149E-003
           7          13   8.9449063535364637E-002
           7          14  -2.6410083685917858E-002
           7          15  -2.5344797695283517E-003
           7          16  0.12024314997313693     
           7          17  -1.8131065057904506E-002
           7          18  -1.7399724338583809E-003
           7          19  -1.9830335940496900E-002
           7          20   2.6073619644843278E-003
           7          21   2.5021905380795254E-004
           7          22  -2.6250098519400181E-013
           7          23  -5.9113366086568532E-015
           7          24  -2.6360607795199998E-013
           7          25   1.9903200305701527E-015
           7          26   4.7208728442790474E-015
           7          27  -2.6626005444284982E-013
           7          28  -7.8374312755334574E-014
           7          29   2.9689423693062288E-015
           7          30  -7.5294685461592930E-014
           7          31   1.4354607300383490E-015
           7          32  -1.6079286504827737E-015
           7          33  -7.8426474437802786E-014
           7          34   1.2448719218276257E-013
           7          35   3.4018467560094198E-017
           7          36   1.2083470463003754E-013
           7          37   6.5784376300775138E-017
           7          38   2.7746699122065102E-016
           7          39   1.2246163173480357E-013
           7          40  -9.6446417197651513E-002
           7          41   7.6869298759973236E-003
           7          42  -4.3132149008051929E-002
           7          43   1.7188497740999866E-002
           7          44   7.3768672951593983E-004
           7          45  -7.2213896815980920E-016
           7          46   7.3768672951767282E-004
           7          47  -4.3132149008052525E-002
           7          48   7.6869298759960443E-003
           7          49   1.6495176732967852E-003
           8           1   1.9317287575251864E-014
           8           2   4.2914616836611863E-013
           8           3   4.2575590868947746E-013
           8           4   2.2402536669740847E-014
           8           5   6.3020279826289858E-013
           8           6  -2.6092634296067889E-013
           8           7  -7.3596257640698676E-004
           8           8   2.0053554382017351     
           8           9  -2.1672996521498273E-005
           8          10  -2.2167219962580267E-002
           8          11   9.2816561877135717E-002
           8          12  -6.5279145501910552E-004
           8          13  -2.6410083685912963E-002
           8          14  0.16740959944970818     
           8          15  -7.7773744229633988E-004
           8          16  -1.8131065057890416E-002
           8          17  0.17376465961402110     
           8          18  -5.3393273311491988E-004
           8          19   2.6073619644829274E-003
           8          20  -2.7527067934663238E-002
           8          21   7.6782907980040721E-005
           8          22  -3.6080974700418377E-013
           8          23  -3.1937159964855837E-015
           8          24  -3.5089028003773096E-013
           8          25   3.6403086174217364E-015
           8          26   6.0644998688865172E-015
           8          27  -3.5882218088586103E-013
           8          28  -1.1833012366068744E-013
           8          29  -5.7147414826160747E-016
           8          30  -1.1874780764046109E-013
           8          31  -3.1429052574114564E-015
           8          32  -1.4941269984167448E-015
           8          33  -1.1981816555368578E-013
           8          34   7.2360251552765179E-014
           8          35  -8.0123349142594474E-017
           8          36   7.0035757678701665E-014
           8          37  -3.2161256202260894E-016
           8          38   1.5201481674263630E-015
           8          39   7.0437701121594267E-014
           8          40   1.7188497740989361E-002
           8          41  -6.5823374821479541E-002
           8          42   7.6869298759904827E-003
           8          43 -0.14718554060927477     
           8          44   2.2636858148507278E-004
           8          45   6.2230390283493551E-016
           8          46   2.2636858148323636E-004
           8          47   7.6869298759942358E-003
           8          48  -6.5823374821476391E-002
           8          49   5.0617553616953736E-004
           9           1   5.8693601580857696E-016
           9           2  -1.4273826205003408E-013
           9           3   2.6439179637463025E-014
           9           4  -2.1692840434682574E-013
           9           5  -1.9545311947408967E-013
           9           6  -7.1595438975413503E-014
           9           7  -7.0627654315005687E-005
           9           8  -2.1672996521498273E-005
           9           9   2.0055791978261208     
           9          10  -2.1273075545727282E-003
           9          11  -6.5279145502035365E-004
           9          12   9.9556210021655309E-002
           9          13  -2.5344797695344319E-003
           9          14  -7.7773744229953827E-004
           9          15  0.17543923382924437     
           9          16  -1.7399724338671187E-003
           9          17  -5.3393273311853982E-004
           9          18  0.17927716858813006     
           9          19   2.5021905380852197E-004
           9          20   7.6782907980182968E-005
           9          21  -2.8319801631332429E-002
           9          22   1.5484573400744999E-013
           9          23   2.1980128293897040E-015
           9          24   1.5777942982367053E-013
           9          25   1.9794410767130547E-015
           9          26   3.8876588774685120E-016
           9          27   1.5964166174431040E-013
           9          28   6.2188749402318458E-014
           9          29  -3.7905728640662339E-016
           9          30   6.1402236864938547E-014
           9          31  -2.5856387518566586E-016
           9          32   5.0170298753354809E-016
           9          33   6.2087014290687732E-014
           9          34   1.8513825103713885E-014
           9          35   7.6544992098540684E-016
           9          36   1.9321631916754392E-014
           9          37  -2.7871398045256849E-016
           9          38  -4.1628590739765758E-018
           9          39   1.9855190296890514E-014
           9          40   1.6495176733063834E-003
           9          41   2.2636858148488933E-004
           9          42   7.3768672951837711E-004
           9          43   5.0617553617580795E-004
           9          44  -6.8160483523563284E-002
           9          45   2.5524156315065849E-017
           9          46  -6.8160483523564797E-002
           9          47   7.3768672952021896E-004
           9          48   2.2636858148485919E-004
           9          49 -0.15241147453794385     
          10           1   4.3334190947239531E-014
          10           2   4.0813493947676542E-014
          10           3   1.0890023252185674E-012
          10           4  -1.8557122692108178E-012
          10           5  -2.6641940667828655E-013
          10           6  -1.1931003476576390E-012
          10           7   2.7380633367160082E-002
          10           8  -2.2167219962580267E-002
          10           9  -2.1273075545727282E-003
          10          10  0.79563138700280067     
          10          11 -0.66767748336883159     
          10          12  -6.4074582053384982E-002
          10          13 -0.42705501930363821     
          10          14 -0.79547269530131259     
          10          15  -7.6338624194930108E-002
          10          16 -0.41871865895817395     
          10          17 -0.54610834868286628     
          10          18  -5.2408033922547323E-002
          10          19   6.6173334251283050E-002
          10          20   7.8533838596679353E-002
          10          21   7.5366071351394212E-003
          10          22   5.9061984185981351E-013
          10          23  -3.5544329849240359E-014
          10          24   5.9109396300448710E-013
          10          25   1.9483437485025649E-014
          10          26   4.5679578966048425E-014
          10          27   5.5205707654641708E-013
          10          28   2.6890255498822196E-013
          10          29   1.1084285537565140E-014
          10          30   2.6844248241725386E-013
          10          31  -4.6979572474482803E-015
          10          32  -1.1238984574384608E-014
          10          33   2.7591596981096541E-013
          10          34   3.1738377678911337E-013
          10          35  -4.1067918079073645E-015
          10          36   3.1773340019160525E-013
          10          37   1.3643088422660176E-015
          10          38   4.4209063562434918E-015
          10          39   3.1484580001413650E-013
          10          40  0.35255106625449439     
          10          41  0.23153061155616614     
          10          42  0.15766562993701735     
          10          43  0.51771818631168087     
          10          44   2.2219151517842900E-002
          10          45  -4.0967394508314534E-016
          10          46   2.2219151517845155E-002
          10          47  0.15766562993701666     
          10          48  0.23153061155616467     
          10          49   4.9683533196267615E-002
          11           1  -3.1926045516389795E-014
          11           2  -1.8192744532948596E-013
          11           3  -7.8034958978123111E-013
          11           4   9.8525729738470980E-013
          11           5  -4.6092567176767762E-013
          11           6   7.1711613781861041E-013
          11           7  -2.2167219962583942E-002
          11           8   9.2816561877135717E-002
          11           9  -6.5279145502035365E-004
          11          10 -0.66767748336883159     
          11          11   2.7665639686792063     
          11          12  -1.9662102716864090E-002
          11          13 -0.79547269530131626     
          11          14   1.9211191996212036     
          11          15  -2.3425480464846288E-002
          11          16 -0.54610834868284719     
          11          17   1.1933511866710949     
          11          18  -1.6082073626583159E-002
          11          19   7.8533838596672928E-002
          11          20 -0.16565251746581056     
          11          21   2.3127040220816326E-003
          11          22  -4.3815569393121365E-014
          11          23  -9.0752897082070202E-015
          11          24  -3.9133129763824395E-014
          11          25   1.4095055854196178E-014
          11          26   1.6868276493703703E-014
          11          27  -5.6205714284299257E-014
          11          28  -3.0480382118799203E-015
          11          29  -5.1317476804787710E-015
          11          30  -1.3802760641861822E-015
          11          31  -7.8787311129589509E-015
          11          32  -1.1241558088970317E-014
          11          33   8.2174077426526978E-015
          11          34  -1.8784051536614228E-013
          11          35   2.6946772469259656E-015
          11          36  -1.9490102297644672E-013
          11          37   2.5603738128807018E-015
          11          38   4.9323134843829925E-015
          11          39  -1.9475023605217615E-013
          11          40  0.51771818631167965     
          11          41 -0.52579492899787761     
          11          42  0.23153061155615706     
          11          43  -1.1757132034639177     
          11          44   6.8182300285939195E-003
          11          45   4.3540279059694902E-016
          11          46   6.8182300285839145E-003
          11          47  0.23153061155616275     
          11          48 -0.52579492899787217     
          11          49   1.5246025830152787E-002
          12           1  -6.2185522476724469E-014
          12           2  -4.8353414769023782E-013
          12           3  -1.7111776844467686E-012
          12           4   1.7301273003813146E-012
          12           5  -9.1281090719415573E-013
          12           6   1.5228138300128725E-012
          12           7  -2.1273075545694149E-003
          12           8  -6.5279145501910552E-004
          12           9   9.9556210021655309E-002
          12          10  -6.4074582053384982E-002
          12          11  -1.9662102716864090E-002
          12          12   2.9695624195230739     
          12          13  -7.6338624194926361E-002
          12          14  -2.3425480464849425E-002
          12          15   2.1629720834716366     
          12          16  -5.2408033922518138E-002
          12          17  -1.6082073626559248E-002
          12          18   1.3593881604149984     
          12          19   7.5366071351350792E-003
          12          20   2.3127040220733155E-003
          12          21 -0.18952968566610062     
          12          22   6.7659805809482527E-014
          12          23   1.2525445074229726E-014
          12          24   8.3090589027720096E-014
          12          25   1.0824140762393897E-014
          12          26   3.3462387538942315E-015
          12          27   8.1793743882364676E-014
          12          28  -2.9756174268898498E-014
          12          29   2.0948294999234381E-014
          12          30  -2.3092624242749386E-014
          12          31  -1.9217160999607026E-014
          12          32   7.4447089281080485E-015
          12          33  -9.0548412555151546E-015
          12          34  -3.9872762920324119E-013
          12          35  -1.4812614332106558E-014
          12          36  -4.0693094806647431E-013
          12          37   3.1494167852231944E-015
          12          38  -5.6658505642546316E-015
          12          39  -4.1079669193928512E-013
          12          40   4.9683533196239700E-002
          12          41   6.8182300285863180E-003
          12          42   2.2219151517831968E-002
          12          43   1.5246025830151947E-002
          12          44 -0.59618872935742506     
          12          45   7.6829331128836469E-015
          12          46 -0.59618872935743628     
          12          47   2.2219151517836652E-002
          12          48   6.8182300285780928E-003
          12          49  -1.3331185262624319     
          13           1   6.1038735793968349E-014
          13           2   5.8123972154078137E-013
          13           3   1.5171544891571489E-012
          13           4  -1.2579019979166593E-012
          13           5   1.0635746082782373E-012
          13           6  -1.2506647387757602E-012
          13           7   8.9449063535364637E-002
          13           8  -2.6410083685912963E-002
          13           9  -2.5344797695344319E-003
          13          10 -0.42705501930363821     
          13          11 -0.79547269530131626     
          13          12  -7.6338624194926361E-002
          13          13   1.0690663900689690     
          13          14 -0.94772824414745505     
          13          15  -9.0950035992733616E-002
          13          16  0.88080269104443221     
          13          17 -0.65063491112716498     
          13          18  -6.2439068320029781E-002
          13          19 -0.13362313975974244     
          13          20   9.3565420157122228E-002
          13          21   8.9791333998077479E-003
          13          22  -3.1676185742490456E-013
          13          23   2.8638649967636402E-014
          13          24  -2.9863320603076265E-013
          13          25  -9.2138830389992234E-015
          13          26  -6.0101826263096642E-015
          13          27  -3.1785516113346567E-013
          13          28  -6.1071090270438234E-014
          13          29  -6.4968869891992055E-015
          13          30  -6.6472521967308929E-014
          13          31   5.5319872650253886E-015
          13          32   3.2871390225005208E-015
          13          33  -6.1297201261548216E-014
          13          34   3.3340825456228941E-013
          13          35   2.7635503930613302E-015
          13          36   3.3454192037129662E-013
          13          37  -1.8736695187007769E-015
          13          38  -1.5903264741126699E-015
          13          39   3.3348020394590514E-013
          13          40 -0.78323969118693526     
          13          41  0.27584617454831606     
          13          42 -0.35027543843398323     
          13          43  0.61681079762330582     
          13          44   2.6471955076314953E-002
          13          45  -4.7875647520400126E-016
          13          46   2.6471955076317600E-002
          13          47 -0.35027543843398568     
          13          48  0.27584617454831573     
          13          49   5.9193091047963511E-002
          14           1  -1.1292463565845742E-013
          14           2  -1.0703010885133710E-012
          14           3  -2.8432434079360833E-012
          14           4   2.2232098951039859E-012
          14           5  -2.4443062055608056E-012
          14           6   2.2363729379175014E-012
          14           7  -2.6410083685917858E-002
          14           8  0.16740959944970818     
          14           9  -7.7773744229953827E-004
          14          10 -0.79547269530131259     
          14          11   1.9211191996212036     
          14          12  -2.3425480464849425E-002
          14          13 -0.94772824414745505     
          14          14   3.8666872796345380     
          14          15  -2.7909178530446332E-002
          14          16 -0.65063491112715022     
          14          17   2.8014269101606213     
          14          18  -1.9160224468285816E-002
          14          19   9.3565420157116205E-002
          14          20 -0.40982106420593334     
          14          21   2.7553616045193005E-003
          14          22   7.3275196424304101E-013
          14          23  -2.3332311046167299E-014
          14          24   7.6001334458428215E-013
          14          25   1.0277511111081796E-014
          14          26  -3.2750086941051231E-015
          14          27   7.5755149760248949E-013
          14          28   2.6971112277877263E-013
          14          29   5.8590988181073171E-016
          14          30   2.5945370722165776E-013
          14          31  -6.8873920378222064E-015
          14          32  -4.4112164368557816E-015
          14          33   2.6277675409912539E-013
          14          34  -6.0711999395531602E-013
          14          35  -9.1774233985151051E-016
          14          36  -5.9269996022133922E-013
          14          37   4.8270128778995567E-015
          14          38   3.2239246903663562E-015
          14          39  -6.0236550081629601E-013
          14          40  0.61681079762330193     
          14          41  -1.1645521311343749     
          14          42  0.27584617454830823     
          14          43  -2.6040177285587034     
          14          44   8.1232570411995022E-003
          14          45   8.7933212952487997E-016
          14          46   8.1232570411970510E-003
          14          47  0.27584617454831090     
          14          48  -1.1645521311343727     
          14          49   1.8164154942820265E-002
          15           1  -3.9162908438378456E-015
          15           2   1.7533208687008252E-013
          15           3  -2.7536472164929152E-013
          15           4   8.8575655412014814E-013
          15           5   8.5064365587822229E-013
          15           6   4.3530555644913313E-013
          15           7  -2.5344797695283517E-003
          15           8  -7.7773744229633988E-004
          15           9  0.17543923382924437     
          15          10  -7.6338624194930108E-002
          15          11  -2.3425480464846288E-002
          15          12   2.1629720834716366     
          15          13  -9.0950035992733616E-002
          15          14  -2.7909178530446332E-002
          15          15   4.1548314363195864     
          15          16  -6.2439068320027852E-002
          15          17  -1.9160224468254498E-002
          15          18   2.9992437937814662     
          15          19   8.9791333998078260E-003
          15          20   2.7553616045103251E-003
          15          21 -0.43826838468263735     
          15          22  -5.4644217769156371E-013
          15          23  -1.5678530409467027E-014
          15          24  -6.1648594399367740E-013
          15          25  -1.5039613803179524E-014
          15          26  -3.9513448814539108E-015
          15          27  -6.1633716513361620E-013
          15          28  -3.4107069505844834E-013
          15          29   3.1118781414678293E-014
          15          30  -3.0657019101371641E-013
          15          31  -1.1431826732359605E-014
          15          32   2.0354263474839924E-014
          15          33  -2.8917931361094339E-013
          15          34  -9.5424244781634212E-014
          15          35  -2.1196637747834843E-014
          15          36  -1.1213989951784221E-013
          15          37   3.3346477010616516E-015
          15          38  -1.4962784749287291E-014
          15          39  -1.1712724455013768E-013
          15          40   5.9193091047953464E-002
          15          41   8.1232570411978837E-003
          15          42   2.6471955076305270E-002
          15          43   1.8164154942810526E-002
          15          44  -1.2484194885027917     
          15          45   8.0898557691661638E-015
          15          46  -1.2484194885028101     
          15          47   2.6471955076314658E-002
          15          48   8.1232570411851491E-003
          15          49  -2.7915508407277514     
          16           1   1.2306449205134925E-013
          16           2   6.2844894320547000E-013
          16           3   2.8306816878940611E-012
          16           4  -3.4567873151913904E-012
          16           5   6.2938575365307008E-013
          16           6  -2.7098160613010619E-012
          16           7  0.12024314997313693     
          16           8  -1.8131065057890416E-002
          16           9  -1.7399724338671187E-003
          16          10 -0.41871865895817395     
          16          11 -0.54610834868284719     
          16          12  -5.2408033922518138E-002
          16          13  0.88080269104443221     
          16          14 -0.65063491112715022     
          16          15  -6.2439068320027852E-002
          16          16  0.73427418702521663     
          16          17 -0.44667423408727253     
          16          18  -4.2865703241558181E-002
          16          19 -0.11172723859506706     
          16          20   6.4234583283170693E-002
          16          21   6.1643595594629303E-003
          16          22   3.3158709850776294E-013
          16          23   3.3420855586110465E-014
          16          24   3.1801168954398181E-013
          16          25   1.5794381555932852E-014
          16          26  -4.8403916893838011E-014
          16          27   4.2094114600012299E-013
          16          28   3.0894089272498883E-013
          16          29  -8.2170953256069387E-015
          16          30   3.1242803334457745E-013
          16          31  -2.0006719632935502E-015
          16          32   1.4382468022948824E-014
          16          33   2.8442657200274232E-013
          16          34   7.1691761410079176E-013
          16          35   3.4049734270199611E-015
          16          36   7.1466675683334688E-013
          16          37   1.1142724382952882E-015
          16          38  -5.9325662721784409E-015
          16          39   7.2654436500219222E-013
          16          40 -0.65049034927300964     
          16          41  0.18937406621605618     
          16          42 -0.29090812793640408     
          16          43  0.42345328523464765     
          16          44   1.8173541038586059E-002
          16          45  -3.4680730414098584E-016
          16          46   1.8173541038587902E-002
          16          47 -0.29090812793640591     
          16          48  0.18937406621605613     
          16          49   4.0637273154162240E-002
