           1           1   1.9989551993995147     
           1           2  -2.5540735455848694E-003
           1           3   4.6409952333473139E-004
           1           4   4.0386463014826485E-002
           1           5  -1.1574944517538087E-002
           1           6   3.0390589887539657E-003
           1           7  -2.4791877607599791E-015
           1           8   3.7411137781712467E-015
           1           9   4.4341021929354262E-016
           1          10  -4.4921587162852258E-015
           1          11   4.8125936572808222E-015
           1          12   1.9403218686007812E-015
           1          13   5.3525581678652326E-015
           1          14  -3.5832506438008288E-015
           1          15  -2.6385154788415106E-016
           1          16  -3.9185729208624967E-015
           1          17   2.9174009693920429E-015
           1          18  -5.4665444632382644E-016
           1          19  -1.4427993777530762E-002
           1          20   3.9816330962166052E-015
           1          21  -1.4427993777537625E-002
           1          22   5.7583953350571134E-015
           1          23   4.2720059480819223E-015
           1          24  -1.4427993777537170E-002
           1          25   3.3429971977942344E-003
           1          26  -4.3917012177001799E-015
           1          27   3.3429971978001286E-003
           1          28  -3.0887120953801683E-015
           1          29  -1.7541052417912042E-015
           1          30   3.3429971977973361E-003
           1          31   2.3335486384018836E-004
           1          32  -1.4370076901076857E-015
           1          33   2.3335486384246868E-004
           1          34  -4.3942052357514272E-016
           1          35   1.8774704161999616E-015
           1          36   2.3335486384124711E-004
           2           1  -2.5540735455848694E-003
           2           2   2.3907638807759408     
           2           3   1.7821747660248155     
           2           4   1.2139735599092154     
           2           5   1.6636056990403960E-002
           2           6 -0.14282019517476566     
           2           7   2.8905087569113259E-013
           2           8  -2.4466886634750662E-014
           2           9   2.9026414617913011E-014
           2          10   1.4244699800625011E-013
           2          11  -1.6803845549952994E-013
           2          12  -1.4321051711105471E-013
           2          13  -4.6633654536415688E-014
           2          14   5.3123976638411470E-014
           2          15   4.5475553946623908E-014
           2          16   1.3413497591421918E-014
           2          17  -1.3064151158518745E-014
           2          18  -6.8847350102218261E-015
           2          19 -0.98512141923893826     
           2          20   8.4139358994513634E-015
           2          21 -0.98512141923892926     
           2          22   1.4030611549749704E-014
           2          23  -1.5052416075079417E-014
           2          24 -0.98512141923894014     
           2          25   1.9715114680386524E-002
           2          26  -4.0494110620495248E-015
           2          27   1.9715114680398219E-002
           2          28  -2.1088726047928382E-015
           2          29  -1.8105443537760993E-015
           2          30   1.9715114680397147E-002
           2          31   4.3269563546712152E-002
           2          32   1.3751632637506289E-016
           2          33   4.3269563546702965E-002
           2          34  -7.3192526940430560E-016
           2          35   5.1989888957068847E-015
           2          36   4.3269563546703617E-002
           3           1   4.6409952333473139E-004
           3           2   1.7821747660248155     
           3           3   7.5231144171714375     
           3           4   4.2210574690319227     
           3           5  -7.6918461501537472E-002
           3           6 -0.89201699583920335     
           3           7   2.1858642201825468E-014
           3           8  -8.2391861717421613E-014
           3           9  -9.8876801864091495E-014
           3          10   6.2464866276532172E-013
           3          11  -5.5547117972051995E-013
           3          12  -4.2676933148356526E-013
           3          13  -2.2346029541887923E-013
           3          14   1.7653270297438002E-013
           3          15   1.3444263432682343E-013
           3          16   5.7105521998897571E-014
           3          17  -4.4588568437423272E-014
           3          18  -2.3039048994627305E-014
           3          19  -3.9337123098619990     
           3          20   2.4869891963768211E-014
           3          21  -3.9337123098619888     
           3          22   3.7713818042836610E-014
           3          23  -4.1636176590563457E-014
           3          24  -3.9337123098620284     
           3          25  0.20727519180631471     
           3          26  -1.9570602794192271E-014
           3          27  0.20727519180635151     
           3          28  -7.5669809501012601E-015
           3          29  -6.8059069476525936E-015
           3          30  0.20727519180633652     
           3          31  0.28759044283020796     
           3          32   6.8308869594576003E-015
           3          33  0.28759044283017982     
           3          34  -6.1110948759112041E-015
           3          35   1.4091147186768974E-014
           3          36  0.28759044283017854     
           4           1   4.0386463014826485E-002
           4           2   1.2139735599092154     
           4           3   4.2210574690319227     
           4           4   2.3924323846672269     
           4           5  -3.9600386983369866E-002
           4           6 -0.49298023853792394     
           4           7   3.2797380378366633E-014
           4           8  -3.7567499445464269E-014
           4           9  -4.3098394688858630E-014
           4          10   2.7064765083517718E-013
           4          11  -2.5653322860441262E-013
           4          12  -2.0330573031230144E-013
           4          13  -9.7440589323112732E-014
           4          14   8.0007868939985800E-014
           4          15   6.2990355447797799E-014
           4          16   2.5823929920551688E-014
           4          17  -2.0677369275234447E-014
           4          18  -9.9561298257111056E-015
           4          19  -2.2131993019818856     
           4          20   1.8594067173596572E-014
           4          21  -2.2131993019818790     
           4          22   2.3752525852553096E-014
           4          23  -2.0617728423292251E-014
           4          24  -2.2131993019819012     
           4          25  0.11316907567191170     
           4          26  -1.1916311475622348E-014
           4          27  0.11316907567193261     
           4          28  -4.7508587559256773E-015
           4          29  -4.5602589347204228E-015
           4          30  0.11316907567192444     
           4          31  0.15866172526696520     
           4          32   3.8667713460612665E-015
           4          33  0.15866172526694922     
           4          34  -3.2593135117331332E-015
           4          35   8.3150897936456813E-015
           4          36  0.15866172526694855     
           5           1  -1.1574944517538087E-002
           5           2   1.6636056990403960E-002
           5           3  -7.6918461501537472E-002
           5           4  -3.9600386983369866E-002
           5           5   1.4700813472926357E-003
           5           6   1.0314659613939845E-002
           5           7  -9.7876083811960696E-014
           5           8   1.8178605193064669E-013
           5           9   6.1438963497577946E-014
           5          10  -1.0733604214601139E-012
           5          11   1.0837505843635618E-012
           5          12   5.3346178876689441E-013
           5          13   3.6926909413005141E-013
           5          14  -3.7052285593200414E-013
           5          15  -1.8312270089572654E-013
           5          16  -8.3457950512082539E-014
           5          17   8.3526618045961714E-014
           5          18   4.1306186391166646E-014
           5          19   3.9358656391644792E-002
           5          20   4.7814357836703550E-014
           5          21   3.9358656391653216E-002
           5          22   2.1215090749580546E-014
           5          23   3.6426795403825425E-014
           5          24   3.9358656391652966E-002
           5          25  -2.6585619215375505E-003
           5          26  -9.9750559507336493E-015
           5          27  -2.6585619215396903E-003
           5          28  -4.4888489399060456E-015
           5          29  -7.5994553646435657E-015
           5          30  -2.6585619215393416E-003
           5          31  -3.3816264543345765E-003
           5          32   2.4259364610169099E-015
           5          33  -3.3816264543339073E-003
           5          34   1.2047924996735458E-015
           5          35   1.7676298779974187E-015
           5          36  -3.3816264543339034E-003
           6           1   3.0390589887539657E-003
           6           2 -0.14282019517476566     
           6           3 -0.89201699583920335     
           6           4 -0.49298023853792394     
           6           5   1.0314659613939845E-002
           6           6  0.10815474806343160     
           6           7   3.4164102876847955E-013
           6           8  -3.4014628034607627E-013
           6           9  -1.7372479805963228E-013
           6          10   2.1036472661074351E-012
           6          11  -2.0121465315376540E-012
           6          12  -1.0171899235343373E-012
           6          13  -7.1896117433103613E-013
           6          14   6.8968818018763112E-013
           6          15   3.4900658322128347E-013
           6          16   1.6133197945665417E-013
           6          17  -1.5482646923333168E-013
           6          18  -7.9420460411446974E-014
           6          19  0.46454544888915739     
           6          20  -8.6371224619752221E-014
           6          21  0.46454544888914179     
           6          22  -4.1733021995816684E-014
           6          23  -5.8017506950480831E-014
           6          24  0.46454544888914756     
           6          25  -2.5593868348072309E-002
           6          26   2.0082679671660486E-014
           6          27  -2.5593868348073458E-002
           6          28   8.8396252280008968E-015
           6          29   1.4139294485318560E-014
           6          30  -2.5593868348071841E-002
           6          31  -3.4964264243716972E-002
           6          32  -5.2331306233590721E-015
           6          33  -3.4964264243714474E-002
           6          34  -1.2103787608893211E-015
           6          35  -4.8875742828100960E-015
           6          36  -3.4964264243714231E-002
           7           1  -2.4791877607599791E-015
           7           2   2.8905087569113259E-013
           7           3   2.1858642201825468E-014
           7           4   3.2797380378366633E-014
           7           5  -9.7876083811960696E-014
           7           6   3.4164102876847955E-013
           7           7   1.9963175144353100     
           7           8   7.5425776735471572E-015
           7           9  -7.2858385991025898E-015
           7          10  0.11972312289343887     
           7          11   1.7930101847696275E-014
           7          12   9.5756735873919633E-016
           7          13   1.1197421107708536E-002
           7          14  -6.3005156647477610E-015
           7          15   2.4286128663675295E-015
           7          16  -8.2511258548691006E-003
           7          17   2.8692326292656389E-015
           7          18   9.4715901788333687E-016
           7          19   1.5176303161323817E-014
           7          20  -6.8947708473567081E-014
           7          21  -1.0363527786935230E-013
           7          22  -3.1695188124303146E-017
           7          23  -1.1997132925223788E-014
           7          24  -9.2013874512246536E-015
           7          25  -5.7216031733765998E-014
           7          26   2.8204851637888913E-014
           7          27  -5.7361837852096052E-015
           7          28   1.1176067180218599E-014
           7          29  -6.0866880076453057E-016
           7          30  -3.7085286895235592E-014
           7          31  -8.6512409258395230E-014
           7          32  -1.3166534017529099E-015
           7          33  -1.1514374792523579E-013
           7          34  -1.1413644741369818E-014
           7          35  -2.8935939931744937E-017
           7          36  -9.4040025961983383E-014
           8           1   3.7411137781712467E-015
           8           2  -2.4466886634750662E-014
           8           3  -8.2391861717421613E-014
           8           4  -3.7567499445464269E-014
           8           5   1.8178605193064669E-013
           8           6  -3.4014628034607627E-013
           8           7   7.5425776735471572E-015
           8           8   1.9963175144353182     
           8           9   7.1609385088322597E-015
           8          10   3.0503377601576170E-014
           8          11  0.11972312289344747     
           8          12  -1.1587952819525068E-014
           8          13  -1.0047518372857668E-014
           8          14   1.1197421107705122E-002
           8          15   3.8927194800919559E-015
           8          16  -4.3229309021342017E-015
           8          17  -8.2511258548749952E-003
           8          18  -6.5815408678560061E-015
           8          19  -1.2026733302932109E-014
           8          20   7.6797137398977538E-014
           8          21   1.3219538568452207E-013
           8          22  -2.5817377762575575E-015
           8          23   1.1860014787826769E-014
           8          24   1.6757341151565690E-014
           8          25   4.1284022490704625E-014
           8          26  -3.2874671660262360E-014
           8          27  -3.2571953175356391E-014
           8          28  -5.7540033653784420E-015
           8          29  -2.4866340997405231E-015
           8          30   8.9645816980012118E-015
           8          31   7.5603669843264783E-014
           8          32   1.2017057065531059E-014
           8          33   1.1273089728134882E-013
           8          34   8.4330391044132196E-015
           8          35  -3.5164058639730670E-015
           8          36   8.7312425827132304E-014
           9           1   4.4341021929354262E-016
           9           2   2.9026414617913011E-014
           9           3  -9.8876801864091495E-014
           9           4  -4.3098394688858630E-014
           9           5   6.1438963497577946E-014
           9           6  -1.7372479805963228E-013
           9           7  -7.2858385991025898E-015
           9           8   7.1609385088322597E-015
           9           9   1.9963175144353416     
           9          10  -4.2119085996716876E-014
           9          11   5.0806581164408726E-014
           9          12  0.11972312289350537     
           9          13   1.5355772209346696E-014
           9          14  -1.5799861419196759E-014
           9          15   1.1197421107677238E-002
           9          16  -3.2855662635000726E-015
           9          17   1.4918621893400546E-016
           9          18  -8.2511258548611435E-003
           9          19   2.3866076449855084E-014
           9          20   3.4286652630954310E-014
           9          21   9.3778052921366455E-014
           9          22   5.3607114803252927E-016
           9          23   4.1291824834854929E-015
           9          24   4.5147388906701098E-014
           9          25   2.6557106567775682E-014
           9          26  -1.3107129807917677E-014
           9          27  -3.7190733160092995E-015
           9          28  -4.3469802846728217E-015
           9          29  -4.0387693982815220E-016
           9          30   1.4188198794518021E-014
           9          31   4.5397238832042210E-014
           9          32   1.5629016720262231E-015
           9          33   5.7947412835238625E-014
           9          34   5.5761964171785759E-015
           9          35  -4.4077384538967066E-015
           9          36   4.3755949415237598E-014
          10           1  -4.4921587162852258E-015
          10           2   1.4244699800625011E-013
          10           3   6.2464866276532172E-013
          10           4   2.7064765083517718E-013
          10           5  -1.0733604214601139E-012
          10           6   2.1036472661074351E-012
          10           7  0.11972312289343887     
          10           8   3.0503377601576170E-014
          10           9  -4.2119085996716876E-014
          10          10   2.8922582312603513     
          10          11   1.5099033134902104E-014
          10          12   2.5535129566378490E-015
          10          13 -0.99882345898514968     
          10          14  -5.4622972811557677E-014
          10          15   6.6058269965196783E-015
          10          16  0.22612182407201648     
          10          17   5.1861293037802625E-014
          10          18   1.7381929229287607E-014
          10          19   1.7841721946995690E-015
          10          20  -4.2047537938090453E-013
          10          21  -8.2584913457520312E-013
          10          22   6.5663009288676336E-015
          10          23  -8.9542532686849743E-014
          10          24  -2.1632055183970690E-013
          10          25  -2.5367569333748065E-013
          10          26   1.8373087221674935E-013
          10          27   1.6731976534302850E-013
          10          28   3.5860298674756329E-014
          10          29   8.9543567976723464E-015
          10          30  -5.2212339528224999E-014
          10          31  -4.7483753268190549E-013
          10          32  -6.2451607457329270E-014
          10          33  -6.8765436696310176E-013
          10          34  -5.8449218642420056E-014
          10          35   2.1762255739730286E-014
          10          36  -5.5288444391603884E-013
          11           1   4.8125936572808222E-015
          11           2  -1.6803845549952994E-013
          11           3  -5.5547117972051995E-013
          11           4  -2.5653322860441262E-013
          11           5   1.0837505843635618E-012
          11           6  -2.0121465315376540E-012
          11           7   1.7930101847696275E-014
          11           8  0.11972312289344747     
          11           9   5.0806581164408726E-014
          11          10   1.5099033134902104E-014
          11          11   2.8922582312603851     
          11          12  -1.6320278461989782E-014
          11          13  -7.8270723236073599E-015
          11          14 -0.99882345898514813     
          11          15   9.3258734068513213E-015
          11          16  -3.3847924463259454E-014
          11          17  0.22612182407193174     
          11          18  -3.0239699633227701E-014
          11          19  -3.7729921132195981E-014
          11          20   4.5315228502897326E-013
          11          21   8.3058918874462181E-013
          11          22  -2.0868790675144931E-014
          11          23   7.1383976898638106E-014
          11          24   1.2899131150833332E-013
          11          25   2.4301187207127704E-013
          11          26  -1.9561145112544576E-013
          11          27  -2.0196105897331888E-013
          11          28  -2.7349780531436741E-014
          11          29  -1.1099292020912705E-014
          11          30   5.4666146132127489E-014
          11          31   4.4380595741297029E-013
          11          32   7.1750387659859690E-014
          11          33   6.6321681739735185E-013
          11          34   4.8465068711114105E-014
          11          35  -1.7609803492719966E-014
          11          36   5.1627152931060160E-013
          12           1   1.9403218686007812E-015
          12           2  -1.4321051711105471E-013
          12           3  -4.2676933148356526E-013
          12           4  -2.0330573031230144E-013
          12           5   5.3346178876689441E-013
          12           6  -1.0171899235343373E-012
          12           7   9.5756735873919633E-016
          12           8  -1.1587952819525068E-014
          12           9  0.11972312289350537     
          12          10   2.5535129566378490E-015
          12          11  -1.6320278461989782E-014
          12          12   2.8922582312603811     
          12          13   8.8817841970012492E-015
          12          14   3.5055292002539305E-014
          12          15 -0.99882345898517932     
          12          16  -1.9893808822502021E-014
          12          17  -2.6180446699441973E-014
          12          18  0.22612182407198239     
          12          19   2.9189224130535516E-014
          12          20   2.2510425878478700E-013
          12          21   4.8389588783924547E-013
          12          22   8.7541408793216488E-015
          12          23   4.0706941970117311E-014
          12          24   1.6601638522048925E-013
          12          25   1.3060125183556024E-013
          12          26  -9.5334979142999722E-014
          12          27  -8.7539490216066682E-014
          12          28  -1.9704330756568130E-014
          12          29  -6.5650973966527312E-015
          12          30   1.9837316546587744E-014
          12          31   2.2631646088883083E-013
          12          32   3.4495007178015943E-014
          12          33   3.3028742103748450E-013
          12          34   3.3220987650580059E-014
          12          35  -1.3498679699820743E-014
          12          36   2.7231108607567713E-013
          13           1   5.3525581678652326E-015
          13           2  -4.6633654536415688E-014
          13           3  -2.2346029541887923E-013
          13           4  -9.7440589323112732E-014
          13           5   3.6926909413005141E-013
          13           6  -7.1896117433103613E-013
          13           7   1.1197421107708536E-002
          13           8  -1.0047518372857668E-014
          13           9   1.5355772209346696E-014
          13          10 -0.99882345898514968     
          13          11  -7.8270723236073599E-015
          13          12   8.8817841970012492E-015
          13          13  0.34632386714757057     
          13          14   1.9817480989559051E-014
          13          15  -5.5649929109335979E-015
          13          16  -7.8554453401820101E-002
          13          17  -1.8138268664813495E-014
          13          18  -5.2388648974499574E-015
          13          19   4.0572522578001720E-015
          13          20   1.4183283822273981E-013
          13          21   2.8729249750446719E-013
          13          22  -3.1794804676725105E-015
          13          23   2.9188934095725547E-014
          13          24   7.8648294207875403E-014
          13          25   8.6167045756558675E-014
          13          26  -6.2478407162359204E-014
          13          27  -5.8247850012325011E-014
          13          28  -1.1936330256543258E-014
          13          29  -2.7961485395037771E-015
          13          30   1.6973127828530970E-014
          13          31   1.6197756938877210E-013
          13          32   2.1495285932787624E-014
          13          33   2.3493112592593533E-013
          13          34   1.9900472919309998E-014
          13          35  -7.6192680324944310E-015
          13          36   1.8880020336539955E-013
          14           1  -3.5832506438008288E-015
          14           2   5.3123976638411470E-014
          14           3   1.7653270297438002E-013
          14           4   8.0007868939985800E-014
          14           5  -3.7052285593200414E-013
          14           6   6.8968818018763112E-013
          14           7  -6.3005156647477610E-015
          14           8   1.1197421107705122E-002
          14           9  -1.5799861419196759E-014
          14          10  -5.4622972811557677E-014
          14          11 -0.99882345898514813     
          14          12   3.5055292002539305E-014
          14          13   1.9817480989559051E-014
          14          14  0.34632386714756547     
          14          15  -1.3364309658925327E-014
          14          16   7.6674777638174810E-015
          14          17  -7.8554453401789862E-002
          14          18   1.2618378564255298E-014
          14          19   2.0248249898000236E-014
          14          20  -1.5736950977379866E-013
          14          21  -2.7718361385469455E-013
          14          22   6.0820553903289212E-015
          14          23  -2.6226852588114123E-014
          14          24  -3.7138764932496322E-014
          14          25  -8.3519795026194877E-014
          14          26   6.7411089025412945E-014
          14          27   6.8775432416093406E-014
          14          28   9.5525453464166579E-015
          14          29   4.1641997175064069E-015
          14          30  -1.9040305117697491E-014
          14          31  -1.5225135820538010E-013
          14          32  -2.4665800422375887E-014
          14          33  -2.2730554682834820E-013
          14          34  -1.6624013415008990E-014
          14          35   5.9132034800500707E-015
          14          36  -1.7706741345729926E-013
          15           1  -2.6385154788415106E-016
          15           2   4.5475553946623908E-014
          15           3   1.3444263432682343E-013
          15           4   6.2990355447797799E-014
          15           5  -1.8312270089572654E-013
          15           6   3.4900658322128347E-013
          15           7   2.4286128663675295E-015
          15           8   3.8927194800919559E-015
          15           9   1.1197421107677238E-002
          15          10   6.6058269965196783E-015
          15          11   9.3258734068513213E-015
          15          12 -0.99882345898517932     
          15          13  -5.5649929109335979E-015
          15          14  -1.3364309658925327E-014
          15          15  0.34632386714758706     
          15          16   7.4627803936522241E-015
          15          17   9.2599539147641963E-015
          15          18  -7.8554453401809651E-002
          15          19  -3.9308515437200662E-015
          15          20  -7.5699788583987741E-014
          15          21  -1.5937212553977902E-013
          15          22  -2.3999359496752868E-015
          15          23  -1.2956212064805409E-014
          15          24  -5.0548681796861192E-014
          15          25  -4.4773232179415085E-014
          15          26   3.2388407333124163E-014
          15          27   2.9948544678546746E-014
          15          28   6.5801141479310423E-015
          15          29   2.0433083821000222E-015
          15          30  -6.7742627012497561E-015
          15          31  -7.7597496962959012E-014
          15          32  -1.1836889014694682E-014
          15          33  -1.1327303988506639E-013
          15          34  -1.1329448584697347E-014
          15          35   4.6143915779800255E-015
          15          36  -9.3563356723333104E-014
          16           1  -3.9185729208624967E-015
          16           2   1.3413497591421918E-014
          16           3   5.7105521998897571E-014
          16           4   2.5823929920551688E-014
          16           5  -8.3457950512082539E-014
          16           6   1.6133197945665417E-013
          16           7  -8.2511258548691006E-003
          16           8  -4.3229309021342017E-015
          16           9  -3.2855662635000726E-015
          16          10  0.22612182407201648     
          16          11  -3.3847924463259454E-014
          16          12  -1.9893808822502021E-014
          16          13  -7.8554453401820101E-002
          16          14   7.6674777638174810E-015
          16          15   7.4627803936522241E-015
          16          16   1.7834352501533382E-002
          16          17   1.3686968225457012E-015
          16          18  -2.2161092405603757E-016
          16          19  -4.4780018941060165E-015
          16          20  -3.1278715271756654E-014
          16          21  -6.8237262810403720E-014
          16          22   1.0267426675377879E-015
          16          23  -6.0711028626637118E-015
          16          24  -2.1210390361824848E-014
          16          25  -1.9213863173773309E-014
          16          26   1.3940175296604047E-014
          16          27   1.3356893145036976E-014
          16          28   2.6093779589480901E-015
          16          29   5.2677692816769001E-016
          16          30  -3.6064191149969819E-015
          16          31  -3.6260330055788034E-014
          16          32  -4.8342072613634504E-015
          16          33  -5.2713021073271991E-014
          16          34  -4.4634011486499526E-015
          16          35   1.7544267465591242E-015
          16          36  -4.2314563911196600E-014
          17           1   2.9174009693920429E-015
          17           2  -1.3064151158518745E-014
          17           3  -4.4588568437423272E-014
          17           4  -2.0677369275234447E-014
          17           5   8.3526618045961714E-014
          17           6  -1.5482646923333168E-013
          17           7   2.8692326292656389E-015
          17           8  -8.2511258548749952E-003
          17           9   1.4918621893400546E-016
          17          10   5.1861293037802625E-014
          17          11  0.22612182407193174     
          17          12  -2.6180446699441973E-014
          17          13  -1.8138268664813495E-014
          17          14  -7.8554453401789862E-002
          17          15   9.2599539147641963E-015
          17          16   1.3686968225457012E-015
          17          17   1.7834352501519973E-002
          17          18  -4.2479041117982064E-015
          17          19  -1.9986342354110454E-015
          17          20   3.4880192652243855E-014
          17          21   6.4924411557818652E-014
          17          22  -1.6319513154314602E-015
          17          23   5.4760404830966692E-015
          17          24   1.0836791252848925E-014
          17          25   1.8675153198911474E-014
          17          26  -1.5066731668937609E-014
          17          27  -1.5622049387550447E-014
          17          28  -2.0940665072906749E-015
          17          29  -8.4428121000225887E-016
          17          30   4.1680225688617532E-015
          17          31   3.4123336795165459E-014
          17          32   5.5277425104695928E-015
          17          33   5.1028921130096135E-014
          17          34   3.7314305973087015E-015
          17          35  -1.3534804690438603E-015
          17          36   3.9711507278336017E-014
          18           1  -5.4665444632382644E-016
          18           2  -6.8847350102218261E-015
          18           3  -2.3039048994627305E-014
          18           4  -9.9561298257111056E-015
          18           5   4.1306186391166646E-014
          18           6  -7.9420460411446974E-014
          18           7   9.4715901788333687E-016
          18           8  -6.5815408678560061E-015
          18           9  -8.2511258548611435E-003
          18          10   1.7381929229287607E-014
          18          11  -3.0239699633227701E-014
          18          12  0.22612182407198239     
          18          13  -5.2388648974499574E-015
          18          14   1.2618378564255298E-014
          18          15  -7.8554453401809651E-002
          18          16  -2.2161092405603757E-016
          18          17  -4.2479041117982064E-015
          18          18   1.7834352501527789E-002
          18          19  -2.9449408251139757E-015
          18          20   1.6878931683718709E-014
          18          21   3.2065846264597610E-014
          18          22   4.5899969723401555E-016
          18          23   2.7855965815191276E-015
          18          24   7.5338093896093980E-015
          18          25   1.0240286102810479E-014
          18          26  -7.2663298593542573E-015
          18          27  -6.6079195453078257E-015
          18          28  -1.4617104208360095E-015
          18          29  -4.3233839757990893E-016
          18          30   1.6665187018655108E-015
          18          31   1.7715738164744376E-014
          18          32   2.6695643092548766E-015
          18          33   2.5766881329825559E-014
          18          34   2.5484090537379201E-015
          18          35  -1.0409470247767025E-015
          18          36   2.1338819362384239E-014
          19           1  -1.4427993777530762E-002
          19           2 -0.98512141923893826     
          19           3  -3.9337123098619990     
          19           4  -2.2131993019818856     
          19           5   3.9358656391644792E-002
          19           6  0.46454544888915739     
          19           7   1.5176303161323817E-014
          19           8  -1.2026733302932109E-014
          19           9   2.3866076449855084E-014
          19          10   1.7841721946995690E-015
          19          11  -3.7729921132195981E-014
          19          12   2.9189224130535516E-014
          19          13   4.0572522578001720E-015
          19          14   2.0248249898000236E-014
          19          15  -3.9308515437200662E-015
          19          16  -4.4780018941060165E-015
          19          17  -1.9986342354110454E-015
          19          18  -2.9449408251139757E-015
          19          19   2.0663494285454584     
          19          20  -7.0879902473204914E-002
          19          21   2.0539778360211245     
          19          22  -3.1781693625414394E-002
          19          23  -5.3281453715433968E-002
          19          24   2.0549189520020783     
          19          25 -0.10929542650878335     
          19          26   1.5063265443398068E-002
          19          27 -0.10666623860575938     
          19          28   6.7541865975493205E-003
          19          29   1.1323275745608407E-002
          19          30 -0.10686624282894021     
          19          31 -0.14929005615990792     
          19          32  -3.7082630152440003E-003
          19          33 -0.14993730760066590     
          19          34  -1.6627404231698134E-003
          19          35  -2.7875552493391528E-003
          19          36 -0.14988807071597174     
          20           1   3.9816330962166052E-015
          20           2   8.4139358994513634E-015
          20           3   2.4869891963768211E-014
          20           4   1.8594067173596572E-014
          20           5   4.7814357836703550E-014
          20           6  -8.6371224619752221E-014
          20           7  -6.8947708473567081E-014
          20           8   7.6797137398977538E-014
          20           9   3.4286652630954310E-014
          20          10  -4.2047537938090453E-013
          20          11   4.5315228502897326E-013
          20          12   2.2510425878478700E-013
          20          13   1.4183283822273981E-013
          20          14  -1.5736950977379866E-013
          20          15  -7.5699788583987741E-014
          20          16  -3.1278715271756654E-014
          20          17   3.4880192652243855E-014
          20          18   1.6878931683718709E-014
          20          19  -7.0879902473204914E-002
          20          20  0.63321729220022860     
          20          21   3.9643758608620558E-002
          20          22  0.28392699872324367     
          20          23  0.47599864939082587     
          20          24   3.1236143864537581E-002
          20          25   1.5063265443385800E-002
          20          26 -0.13457016478490347     
          20          27  -8.4250180694247657E-003
          20          28  -6.0339639292397829E-002
          20          29 -0.10115835034028561     
          20          30  -6.6382473739656335E-003
          20          31  -3.7082630152177830E-003
          20          32   3.3128378896471293E-002
          20          33   2.0740644203177884E-003
          20          34   1.4854365647465206E-002
          20          35   2.4903084305286281E-002
          20          36   1.6341985949693022E-003
          21           1  -1.4427993777537625E-002
          21           2 -0.98512141923892926     
          21           3  -3.9337123098619888     
          21           4  -2.2131993019818790     
          21           5   3.9358656391653216E-002
          21           6  0.46454544888914179     
          21           7  -1.0363527786935230E-013
          21           8   1.3219538568452207E-013
          21           9   9.3778052921366455E-014
          21          10  -8.2584913457520312E-013
          21          11   8.3058918874462181E-013
          21          12   4.8389588783924547E-013
          21          13   2.8729249750446719E-013
          21          14  -2.7718361385469455E-013
          21          15  -1.5937212553977902E-013
          21          16  -6.8237262810403720E-014
          21          17   6.4924411557818652E-014
          21          18   3.2065846264597610E-014
          21          19   2.0539778360211245     
          21          20   3.9643758608620558E-002
          21          21   2.0608973775346580     
          21          22   1.7775783350348379E-002
          21          23   2.9800790008325351E-002
          21          24   2.0603710030128610     
          21          25 -0.10666623860574050     
          21          26  -8.4250180694107578E-003
          21          27 -0.10813676673754463     
          21          28  -3.7776765165802250E-003
          21          29  -6.3332086339605584E-003
          21          30 -0.10802490260019840     
          21          31 -0.14993730760067636     
          21          32   2.0740644202899392E-003
          21          33 -0.14957529412460199     
          21          34   9.2998547776281253E-004
          21          35   1.5591043942816706E-003
          21          36 -0.14960283275125461     
          22           1   5.7583953350571134E-015
          22           2   1.4030611549749704E-014
          22           3   3.7713818042836610E-014
          22           4   2.3752525852553096E-014
          22           5   2.1215090749580546E-014
          22           6  -4.1733021995816684E-014
          22           7  -3.1695188124303146E-017
          22           8  -2.5817377762575575E-015
          22           9   5.3607114803252927E-016
          22          10   6.5663009288676336E-015
          22          11  -2.0868790675144931E-014
          22          12   8.7541408793216488E-015
          22          13  -3.1794804676725105E-015
          22          14   6.0820553903289212E-015
          22          15  -2.3999359496752868E-015
          22          16   1.0267426675377879E-015
          22          17  -1.6319513154314602E-015
          22          18   4.5899969723401555E-016
          22          19  -3.1781693625414394E-002
          22          20  0.28392699872324367     
          22          21   1.7775783350348379E-002
          22          22  0.12730944274102010     
          22          23  0.21343205497161238     
          22          24   1.4005910275002965E-002
          22          25   6.7541865975449845E-003
          22          26  -6.0339639292396732E-002
          22          27  -3.7776765165851490E-003
          22          28  -2.7055566705712013E-002
