           1           1   1.9989270692441878     
           1           2  -5.7229757515085099E-003
           1           3  -3.2733437088498171E-002
           1           4   2.0701013364625272E-002
           1           5  -4.6944336881158170E-004
           1           6  -5.8824617712046456E-003
           1           7  -8.1080875311898875E-013
           1           8  -8.2840770427105035E-013
           1           9  -9.0633265309205470E-013
           1          10   4.0692140977871082E-012
           1          11   4.3005545763025058E-012
           1          12   5.3310157783493610E-012
           1          13   8.3646557857512948E-013
           1          14   1.3609438018864700E-012
           1          15   2.1581310750060750E-012
           1          16  -6.3254478156484601E-013
           1          17  -1.3039558499210699E-012
           1          18  -3.7603209832158006E-012
           1          19  -2.9853842004220026E-003
           1          20  -1.4752083030153381E-011
           1          21  -2.9853844043371876E-003
           1          22  -3.6783950012265544E-011
           1          23  -2.4642770448070498E-012
           1          24  -2.9853844000992261E-003
           1          25  -1.6849160978773221E-004
           1          26  -3.9377429690782012E-011
           1          27  -1.6849215341823722E-004
           1          28  -9.8086462785828633E-011
           1          29  -6.5232047999661275E-012
           1          30  -1.6849214235923514E-004
           1          31   8.4710350607535045E-004
           1          32  -9.5985534253383662E-011
           1          33   8.4710218404148048E-004
           1          34  -2.3871785230017759E-010
           1          35  -1.6525174802654933E-011
           1          36   8.4710221110476103E-004
           2           1  -5.7229757515085099E-003
           2           2   1.9359319734562197     
           2           3 -0.22382161227461356     
           2           4   7.8039952519665806E-002
           2           5  -7.4494925425999258E-004
           2           6  -1.1768554308644676E-002
           2           7  -2.8370134567834741E-011
           2           8  -1.2007098050043421E-011
           2           9  -1.1498856169664117E-011
           2          10  -3.6687348620225851E-011
           2          11  -7.9498090616876924E-012
           2          12   8.3619413981358631E-012
           2          13  -1.2483050297273571E-011
           2          14   3.3705793146700586E-013
           2          15   6.6994770254773046E-012
           2          16  -1.6933590206450633E-012
           2          17  -4.5167178561622925E-012
           2          18  -1.2403054145150091E-011
           2          19   1.7407695747103710E-002
           2          20  -3.1633391713449545E-011
           2          21   1.7407695305499862E-002
           2          22  -8.0015561715878900E-011
           2          23  -5.5590968074296686E-012
           2          24   1.7407695314628283E-002
           2          25  -2.2906665044723105E-003
           2          26  -1.2678916318868359E-010
           2          27  -2.2906682525105845E-003
           2          28  -3.1528563623189015E-010
           2          29  -2.0891401490269713E-011
           2          30  -2.2906682170818274E-003
           2          31   3.4646897102757839E-004
           2          32  -3.1128402986123543E-010
           2          33   3.4646468306276054E-004
           2          34  -7.7430171605885032E-010
           2          35  -5.3616668064403398E-011
           2          36   3.4646477086237317E-004
           3           1  -3.2733437088498171E-002
           3           2 -0.22382161227461356     
           3           3  0.87913789093472228     
           3           4  0.59336926332575346     
           3           5  -1.5607000292074902E-002
           3           6 -0.15913881349296485     
           3           7   1.2805505478760478E-011
           3           8  -3.3754968153883090E-011
           3           9  -3.0117615740791654E-011
           3          10  -7.8318085892700032E-011
           3          11   2.7617764762972720E-012
           3          12   6.7723450923067972E-011
           3          13  -1.9281117566152153E-011
           3          14  -2.5519617222589328E-013
           3          15  -2.8840004254857720E-012
           3          16  -2.1194770711486577E-011
           3          17  -3.3966286842716598E-011
           3          18  -1.0078978525806322E-010
           3          19  -5.3078203455095271E-002
           3          20  -1.0560178041323083E-009
           3          21  -5.3078218032523133E-002
           3          22  -2.6304366560889539E-009
           3          23  -1.7588946624314627E-010
           3          24  -5.3078217736981168E-002
           3          25   6.4290846728100324E-003
           3          26  -1.2257618682112339E-009
           3          27   6.4290677415328856E-003
           3          28  -3.0552995652303057E-009
           3          29  -2.0553608859987294E-010
           3          30   6.4290680937429496E-003
           3          31   2.1490834694308288E-002
           3          32  -2.6371216393259648E-009
           3          33   2.1490798362909007E-002
           3          34  -6.5599231881576158E-009
           3          35  -4.5371829075378642E-010
           3          36   2.1490799105847933E-002
           4           1   2.0701013364625272E-002
           4           2   7.8039952519665806E-002
           4           3  0.59336926332575346     
           4           4  0.43649206199165946     
           4           5  -5.7069566871655372E-003
           4           6 -0.25228050342921310     
           4           7   2.3676481543649271E-011
           4           8  -1.3240441042801143E-011
           4           9  -8.5193209123506456E-012
           4          10  -1.5532103076051882E-010
           4          11  -1.3570426678414060E-010
           4          12  -3.3345126362579743E-011
           4          13  -4.3960844599371387E-011
           4          14  -3.9309011467516158E-011
           4          15  -2.2617815550331896E-011
           4          16  -2.7433413840424461E-011
           4          17  -4.8036673144339626E-011
           4          18  -1.4399785805162306E-010
           4          19  -3.0949318895482147E-002
           4          20  -1.1687294693928532E-009
           4          21  -3.0949335033132783E-002
           4          22  -2.9118156210940761E-009
           4          23  -1.9472754462935588E-010
           4          24  -3.0949334704693708E-002
           4          25   4.7017150975468356E-003
           4          26  -1.6742547105215400E-009
           4          27   4.7016919753669383E-003
           4          28  -4.1722603503235057E-009
           4          29  -2.7963179062918227E-010
           4          30   4.7016924529269810E-003
           4          31   3.7411313859018719E-002
           4          32  -3.7603591937811335E-009
           4          33   3.7411262057700123E-002
           4          34  -9.3533321414627171E-009
           4          35  -6.4713297902390502E-010
           4          36   3.7411263117350192E-002
           5           1  -4.6944336881158170E-004
           5           2  -7.4494925425999258E-004
           5           3  -1.5607000292074902E-002
           5           4  -5.7069566871655372E-003
           5           5   4.4526562949985951E-003
           5           6 -0.10307358612978726     
           5           7   2.4196797636272988E-010
           5           8   2.4773685130739734E-011
           5           9   1.6753617097613721E-011
           5          10  -1.0334098621869957E-009
           5          11  -9.7328314745977605E-010
           5          12  -1.6117550652550411E-009
           5          13  -3.1014117196588594E-010
           5          14  -2.9415233970547034E-010
           5          15  -4.8731670120492464E-010
           5          16   1.3652416958384048E-012
           5          17  -1.0957673799248652E-011
           5          18  -4.1502908915177841E-011
           5          19   4.3961899268783787E-003
           5          20  -3.0106904231178213E-010
           5          21   4.3961857680473683E-003
           5          22  -7.5029342902935120E-010
           5          23  -5.0166276331310200E-011
           5          24   4.3961858533110767E-003
           5          25   2.2559719327727593E-004
           5          26  -5.8427436597751934E-010
           5          27   2.2558912556406213E-004
           5          28  -1.4556995161480467E-009
           5          29  -9.7158883748930514E-011
           5          30   2.2558929085252381E-004
           5          31   1.6602127049841695E-002
           5          32  -1.3745095752126132E-009
           5          33   1.6602108116982522E-002
           5          34  -3.4186180289443807E-009
           5          35  -2.3660251040397604E-010
           5          36   1.6602108504409449E-002
           6           1  -5.8824617712046456E-003
           6           2  -1.1768554308644676E-002
           6           3 -0.15913881349296485     
           6           4 -0.25228050342921310     
           6           5 -0.10307358612978726     
           6           6   2.7318051323391077     
           6           7  -1.9904487969029308E-010
           6           8   1.2004392861722721E-011
           6           9   2.2995679683381081E-011
           6          10   1.6627013467667988E-009
           6          11   1.5312443111377017E-009
           6          12   2.4048449476492698E-009
           6          13   5.0274153211267456E-010
           6          14   4.2320224221965082E-010
           6          15   6.6854926816061769E-010
           6          16   2.4629866514918085E-010
           6          17   4.7682227761086275E-010
           6          18   1.4052790171075176E-009
           6          19  -7.8582419539003259E-002
           6          20   8.3777856547695757E-009
           6          21  -7.8582303816921911E-002
           6          22   2.0877659844235198E-008
           6          23   1.3960489571676077E-009
           6          24  -7.8582306187560083E-002
           6          25  -9.7564781957697709E-003
           6          26   1.5701329057954257E-008
           6          27  -9.7562613877530679E-003
           6          28   3.9120008435442716E-008
           6          29   2.6120305368434060E-009
           6          30  -9.7562658329163523E-003
           6          31 -0.43714117276441616     
           6          32   3.6783242005326458E-008
           6          33 -0.43714066609779412     
           6          34   9.1486259668514112E-008
           6          35   6.3315900081460590E-009
           6          36 -0.43714067646552102     
           7           1  -8.1080875311898875E-013
           7           2  -2.8370134567834741E-011
           7           3   1.2805505478760478E-011
           7           4   2.3676481543649271E-011
           7           5   2.4196797636272988E-010
           7           6  -1.9904487969029308E-010
           7           7   1.9976556812738715     
           7           8   2.2450709051195799E-012
           7           9  -1.5825817621528795E-012
           7          10  -8.3360367115615196E-003
           7          11   1.9736199436897688E-011
           7          12  -5.7570379669790638E-012
           7          13   1.2913280830568068E-002
           7          14  -2.4765279995994279E-011
           7          15   1.8079376618858425E-011
           7          16  -2.5777068699930289E-003
           7          17   1.2685814652392380E-011
           7          18  -1.2047212592915233E-011
           7          19  -3.9110409092679892E-011
           7          20  -2.4145374954642977E-011
           7          21  -2.3639488391330983E-011
           7          22   2.2037757372501515E-011
           7          23   9.7296813562616217E-012
           7          24  -3.7919108518314233E-011
           7          25  -4.4376150896619097E-011
           7          26  -1.8741755786189894E-011
           7          27  -4.9229320198235465E-011
           7          28  -2.4244095390482771E-011
           7          29  -5.7683342387678634E-012
           7          30  -5.6070814277622814E-011
           7          31   4.4809799999257320E-011
           7          32   1.1072571090892878E-012
           7          33   1.5173476389396008E-011
           7          34   1.7665813656417514E-012
           7          35  -1.9816444750393499E-011
           7          36   4.6589600387811778E-011
           8           1  -8.2840770427105035E-013
           8           2  -1.2007098050043421E-011
           8           3  -3.3754968153883090E-011
           8           4  -1.3240441042801143E-011
           8           5   2.4773685130739734E-011
           8           6   1.2004392861722721E-011
           8           7   2.2450709051195799E-012
           8           8   1.9976556812584558     
           8           9  -2.2546835550571871E-012
           8          10  -6.5226203885918297E-012
           8          11  -8.3360367388707474E-003
           8          12   2.1883181577161494E-012
           8          13  -1.5561048814281411E-012
           8          14   1.2913280906596387E-002
           8          15  -1.3712414719258303E-012
           8          16  -2.5201827656502736E-012
           8          17  -2.5777068163947148E-003
           8          18   6.8163930081005910E-012
           8          19   2.0446888361562376E-011
           8          20  -2.4234449633961380E-012
           8          21   2.3004683473410968E-011
           8          22  -2.7409516579212610E-012
           8          23  -2.3905287521771862E-012
           8          24   1.9790606122325137E-011
           8          25  -2.3155806202332132E-011
           8          26   3.4769323234270784E-012
           8          27  -1.0972501790685354E-011
           8          28  -8.9281645164627056E-012
           8          29  -7.6695377486807834E-012
           8          30  -1.9676243627571487E-011
           8          31  -5.6600131701687453E-013
           8          32   1.0321976653873614E-012
           8          33  -3.7239302724497788E-012
           8          34   2.5384461146131820E-012
           8          35   9.2509122552963586E-013
           8          36  -7.4295001355587815E-012
           9           1  -9.0633265309205470E-013
           9           2  -1.1498856169664117E-011
           9           3  -3.0117615740791654E-011
           9           4  -8.5193209123506456E-012
           9           5   1.6753617097613721E-011
           9           6   2.2995679683381081E-011
           9           7  -1.5825817621528795E-012
           9           8  -2.2546835550571871E-012
           9           9   1.9976556812618766     
           9          10   2.0771723263172335E-011
           9          11  -1.5598736765871666E-011
           9          12  -8.3360367232020102E-003
           9          13   8.3081341557677677E-012
           9          14   2.4035846772458846E-011
           9          15   1.2913280890137761E-002
           9          16   3.5813137404309642E-013
           9          17   2.1764403446546169E-012
           9          18  -2.5777068137001510E-003
           9          19   1.6105166062092207E-011
           9          20  -2.4624991912203765E-013
           9          21   2.1679377473812815E-011
           9          22  -8.7810483285443795E-012
           9          23  -4.1623939045812564E-012
           9          24   1.9031268991616528E-011
           9          25  -2.7814119020845021E-011
           9          26   4.9605509333112172E-012
           9          27  -6.9249388208465548E-012
           9          28  -6.0714627311971661E-012
           9          29  -1.1433002219695349E-011
           9          30  -2.4718619710111660E-011
           9          31  -6.7112192432377134E-012
           9          32  -4.6159103806384632E-013
           9          33  -6.3856731970155211E-012
           9          34   2.9893666270702560E-012
           9          35   1.3496489508198961E-012
           9          36  -9.2176149234728941E-012
          10           1   4.0692140977871082E-012
          10           2  -3.6687348620225851E-011
          10           3  -7.8318085892700032E-011
          10           4  -1.5532103076051882E-010
          10           5  -1.0334098621869957E-009
          10           6   1.6627013467667988E-009
          10           7  -8.3360367115615196E-003
          10           8  -6.5226203885918297E-012
          10           9   2.0771723263172335E-011
          10          10   1.3592198529070014     
          10          11  -1.5017102838889096E-010
          10          12  -1.6499966670274902E-010
          10          13  0.41656965834020809     
          10          14  -9.8476327785449284E-011
          10          15  -4.2212948067341469E-010
          10          16  -5.4714819957554341E-003
          10          17   5.6739088858632122E-010
          10          18   1.3542073350247431E-009
          10          19   8.8352113505646547E-011
          10          20   2.8665497644412195E-011
          10          21   1.2114472150986003E-010
          10          22   2.4328770504363409E-012
          10          23  -7.3385631269792566E-012
          10          24   1.2360890126345558E-010
          10          25   2.1459620283594369E-010
          10          26   7.6030299648802709E-012
          10          27   8.9297357671301138E-011
          10          28  -7.7282274236455780E-011
          10          29  -8.4009488932528701E-012
          10          30  -1.0176480438406786E-011
          10          31  -4.6250596044110030E-010
          10          32  -2.8208262433480465E-011
          10          33  -4.5840316342723769E-010
          10          34  -2.1762977790049820E-011
          10          35  -1.7342308659621606E-010
          10          36  -5.2558681257529583E-010
          11           1   4.3005545763025058E-012
          11           2  -7.9498090616876924E-012
          11           3   2.7617764762972720E-012
          11           4  -1.3570426678414060E-010
          11           5  -9.7328314745977605E-010
          11           6   1.5312443111377017E-009
          11           7   1.9736199436897688E-011
          11           8  -8.3360367388707474E-003
          11           9  -1.5598736765871666E-011
          11          10  -1.5017102838889096E-010
          11          11   1.3592198517985312     
          11          12   1.4798162700898026E-011
          11          13  -1.4131088660294804E-010
          11          14  0.41656965617245723     
          11          15  -2.8199852172382994E-011
          11          16   5.5617630648221576E-010
          11          17  -5.4714742045393200E-003
          11          18   1.2301406647559187E-010
          11          19   8.5992109580155635E-011
          11          20  -2.1514921263971889E-011
          11          21   7.8346584366729838E-011
          11          22  -3.0995376234890713E-011
          11          23  -9.1414436771232584E-011
          11          24   3.4148782796596476E-011
          11          25   1.0187504420135346E-010
          11          26  -5.7862066012033182E-011
          11          27   5.5881623489114247E-011
          11          28  -2.0023678932910253E-012
          11          29  -8.6297849267918858E-011
          11          30   3.3718103866675709E-012
          11          31  -4.0611394611626809E-010
          11          32  -4.2204299823983095E-011
          11          33  -4.1638675106194822E-010
          11          34  -3.3178278421261673E-011
          11          35  -9.2839784771394031E-011
          11          36  -4.4382888632133986E-010
          12           1   5.3310157783493610E-012
          12           2   8.3619413981358631E-012
          12           3   6.7723450923067972E-011
          12           4  -3.3345126362579743E-011
          12           5  -1.6117550652550411E-009
          12           6   2.4048449476492698E-009
          12           7  -5.7570379669790638E-012
          12           8   2.1883181577161494E-012
          12           9  -8.3360367232020102E-003
          12          10  -1.6499966670274902E-010
          12          11   1.4798162700898026E-011
          12          12   1.3592198517433518     
          12          13  -3.2143519443237246E-010
          12          14  -7.3124613997511055E-011
          12          15  0.41656965624526576     
          12          16   1.2577296349272444E-009
          12          17   1.3029614873328618E-010
          12          18  -5.4714743345963259E-003
          12          19   5.1819196802415073E-011
          12          20  -5.2715904038037164E-011
          12          21   8.0216062071633424E-011
          12          22  -1.9245571333785408E-011
          12          23  -9.5103880523088344E-011
          12          24  -1.4540707900275174E-011
          12          25   8.8582932305257284E-011
          12          26  -2.6803067518530695E-011
          12          27   7.3082165039878943E-011
          12          28  -2.6117308913545225E-011
          12          29  -2.6791684453078495E-011
          12          30   6.4357910278516268E-011
          12          31  -6.5489225833183048E-010
          12          32  -1.2153187155871439E-011
          12          33  -6.0700522828979571E-010
          12          34  -2.7389027399748482E-011
          12          35  -1.0485811419340806E-010
          12          36  -7.1813279770258841E-010
          13           1   8.3646557857512948E-013
          13           2  -1.2483050297273571E-011
          13           3  -1.9281117566152153E-011
          13           4  -4.3960844599371387E-011
          13           5  -3.1014117196588594E-010
          13           6   5.0274153211267456E-010
          13           7   1.2913280830568068E-002
          13           8  -1.5561048814281411E-012
          13           9   8.3081341557677677E-012
          13          10  0.41656965834020809     
          13          11  -1.4131088660294804E-010
          13          12  -3.2143519443237246E-010
          13          13  0.12779795819794473     
          13          14  -5.5637346292272851E-011
          13          15  -2.0158878299215822E-010
          13          16  -1.6835495193452280E-003
          13          17   1.7851532986137521E-010
          13          18   4.2696701391865710E-010
          13          19   2.6382068832790721E-011
          13          20   8.0924106084228443E-012
          13          21   3.6262589582724535E-011
          13          22   6.3068523730283424E-013
          13          23  -2.2989656593645434E-012
          13          24   3.6414761047888951E-011
          13          25   6.4827578306594037E-011
          13          26   2.1584016321235222E-012
          13          27   2.6702344680283641E-011
          13          28  -2.3755014350681377E-011
          13          29  -2.6685193487428418E-012
          13          30  -3.7075600216795924E-012
          13          31  -1.3974024259062422E-010
          13          32  -8.5474679068326517E-012
          13          33  -1.3876441476160429E-010
          13          34  -6.5856418434472073E-012
          13          35  -5.2773939855064956E-011
          13          36  -1.5889674489608163E-010
          14           1   1.3609438018864700E-012
          14           2   3.3705793146700586E-013
          14           3  -2.5519617222589328E-013
          14           4  -3.9309011467516158E-011
          14           5  -2.9415233970547034E-010
          14           6   4.2320224221965082E-010
          14           7  -2.4765279995994279E-011
          14           8   1.2913280906596387E-002
          14           9   2.4035846772458846E-011
          14          10  -9.8476327785449284E-011
          14          11  0.41656965617245723     
          14          12  -7.3124613997511055E-011
          14          13  -5.5637346292272851E-011
          14          14  0.12779795704220392     
          14          15  -3.1303563904618360E-011
          14          16   1.7493963651491364E-010
          14          17  -1.6835470500655293E-003
          14          18   3.8922890702589978E-011
          14          19   2.7604821526941035E-011
          14          20  -6.3895662097536889E-012
          14          21   2.5670506023278386E-011
          14          22  -9.6536632324456507E-012
          14          23  -2.7843049581745947E-011
          14          24   1.1750882820351487E-011
          14          25   3.0950115435475776E-011
          14          26  -1.7466626618352802E-011
          14          27   1.7081678009385162E-011
          14          28  -7.1814661197066478E-013
          14          29  -2.6471113504486660E-011
          14          30   9.8922602082462243E-013
          14          31  -1.1672680288808969E-010
          14          32  -1.2804099637444896E-011
          14          33  -1.1979300661266112E-010
          14          34  -1.0063256824791228E-011
          14          35  -2.8230620957823937E-011
          14          36  -1.2824248384439319E-010
          15           1   2.1581310750060750E-012
          15           2   6.6994770254773046E-012
          15           3  -2.8840004254857720E-012
          15           4  -2.2617815550331896E-011
          15           5  -4.8731670120492464E-010
          15           6   6.6854926816061769E-010
          15           7   1.8079376618858425E-011
          15           8  -1.3712414719258303E-012
          15           9   1.2913280890137761E-002
          15          10  -4.2212948067341469E-010
          15          11  -2.8199852172382994E-011
          15          12  0.41656965624526576     
          15          13  -2.0158878299215822E-010
          15          14  -3.1303563904618360E-011
          15          15  0.12779795709015784     
          15          16   3.9866147561393686E-010
          15          17   4.0800455485515556E-011
          15          18  -1.6835470917871483E-003
          15          19   1.9445384026014859E-011
          15          20  -1.6167498013098635E-011
          15          21   2.8283903293658038E-011
          15          22  -6.2386448588660342E-012
          15          23  -2.9551165849575724E-011
          15          24  -1.2208850314630267E-012
          15          25   2.6774402358118459E-011
          15          26  -8.0755302082294367E-012
          15          27   2.2223650285277929E-011
          15          28  -8.0130915596080770E-012
          15          29  -8.4789213876624933E-012
          15          30   1.9269693112910644E-011
          15          31  -1.8914745444190781E-010
          15          32  -3.6864718293536781E-012
          15          33  -1.7450958201582340E-010
          15          34  -8.2983267658879278E-012
          15          35  -3.1873659655756317E-011
          15          36  -2.0833112581611642E-010
          16           1  -6.3254478156484601E-013
          16           2  -1.6933590206450633E-012
          16           3  -2.1194770711486577E-011
          16           4  -2.7433413840424461E-011
          16           5   1.3652416958384048E-012
          16           6   2.4629866514918085E-010
          16           7  -2.5777068699930289E-003
          16           8  -2.5201827656502736E-012
          16           9   3.5813137404309642E-013
          16          10  -5.4714819957554341E-003
          16          11   5.5617630648221576E-010
          16          12   1.2577296349272444E-009
          16          13  -1.6835495193452280E-003
          16          14   1.7493963651491364E-010
          16          15   3.9866147561393686E-010
          16          16   4.5511077630087016E-005
          16          17  -9.4428902852918370E-013
          16          18  -5.2748384531315496E-013
          16          19  -7.5584347919115732E-012
          16          20  -8.3473898685207076E-013
          16          21  -8.1420971469738544E-012
          16          22  -4.6269258691164759E-013
          16          23  -1.6813363697348052E-013
          16          24  -8.8617327264662196E-012
          16          25  -2.7267529428140259E-012
          16          26  -4.5177034050082558E-014
          16          27  -1.7420304627295833E-012
          16          28   5.2480160562914265E-013
          16          29  -3.0669632087820086E-014
          16          30  -1.1331845077239018E-012
          16          31  -3.7359631053201040E-011
          16          32   2.4615356564038575E-013
          16          33  -3.7413517704354623E-011
          16          34   1.9139226417323025E-013
          16          35   1.5227234879288287E-012
          16          36  -3.6861990222416033E-011
          17           1  -1.3039558499210699E-012
          17           2  -4.5167178561622925E-012
          17           3  -3.3966286842716598E-011
          17           4  -4.8036673144339626E-011
          17           5  -1.0957673799248652E-011
          17           6   4.7682227761086275E-010
          17           7   1.2685814652392380E-011
          17           8  -2.5777068163947148E-003
          17           9   2.1764403446546169E-012
          17          10   5.6739088858632122E-010
          17          11  -5.4714742045393200E-003
          17          12   1.3029614873328618E-010
          17          13   1.7851532986137521E-010
          17          14  -1.6835470500655293E-003
          17          15   4.0800455485515556E-011
          17          16  -9.4428902852918370E-013
          17          17   4.5511083493404300E-005
          17          18  -7.2346973478191247E-013
          17          19  -1.4570674430598887E-011
          17          20   4.2169871318405224E-013
          17          21  -1.3966549838426367E-011
          17          22  -6.6372285952449147E-014
          17          23   6.6234505453001006E-013
          17          24  -1.4298034609032127E-011
          17          25  -2.4942510527958777E-012
          17          26   5.8793997522544287E-013
          17          27  -2.1245726082844428E-012
          17          28  -3.2087859206762614E-014
          17          29   4.1868079234802655E-013
          17          30  -1.7967276904007900E-012
          17          31  -7.5106353562888789E-011
          17          32   3.5330562557950836E-013
          17          33  -7.4901892114632500E-011
          17          34   2.5929648734953594E-013
          17          35   6.9880200442644708E-013
          17          36  -7.4799634927381044E-011
          18           1  -3.7603209832158006E-012
          18           2  -1.2403054145150091E-011
          18           3  -1.0078978525806322E-010
          18           4  -1.4399785805162306E-010
          18           5  -4.1502908915177841E-011
          18           6   1.4052790171075176E-009
          18           7  -1.2047212592915233E-011
          18           8   6.8163930081005910E-012
          18           9  -2.5777068137001510E-003
          18          10   1.3542073350247431E-009
          18          11   1.2301406647559187E-010
          18          12  -5.4714743345963259E-003
          18          13   4.2696701391865710E-010
          18          14   3.8922890702589978E-011
          18          15  -1.6835470917871483E-003
          18          16  -5.2748384531315496E-013
          18          17  -7.2346973478191247E-013
          18          18   4.5511083333177312E-005
          18          19  -4.0225601940237817E-011
          18          20   2.0256776683891689E-013
          18          21  -4.0212528770875877E-011
          18          22  -3.1287447431607675E-013
          18          23  -1.5491885364032454E-013
          18          24  -4.0477049989399372E-011
          18          25  -5.8223137255750935E-012
          18          26   2.5199615320543245E-013
          18          27  -5.7296881938330787E-012
          18          28   1.7211472334771848E-013
          18          29  -1.4035239867506078E-013
          18          30  -5.8814321843697118E-012
          18          31  -2.2292147722428755E-010
          18          32   1.1231258616735643E-013
          18          33  -2.2317880334105775E-010
          18          34   2.1595170778179082E-013
          18          35   8.0217067269365495E-013
          18          36  -2.2233561942688508E-010
          19           1  -2.9853842004220026E-003
          19           2   1.7407695747103710E-002
          19           3  -5.3078203455095271E-002
          19           4  -3.0949318895482147E-002
          19           5   4.3961899268783787E-003
          19           6  -7.8582419539003259E-002
          19           7  -3.9110409092679892E-011
          19           8   2.0446888361562376E-011
          19           9   1.6105166062092207E-011
          19          10   8.8352113505646547E-011
          19          11   8.5992109580155635E-011
          19          12   5.1819196802415073E-011
          19          13   2.6382068832790721E-011
          19          14   2.7604821526941035E-011
          19          15   1.9445384026014859E-011
          19          16  -7.5584347919115732E-012
          19          17  -1.4570674430598887E-011
          19          18  -4.0225601940237817E-011
          19          19   6.1045662222842870E-003
          19          20  -2.0253809371230002E-010
          19          21   6.1045634241272415E-003
          19          22  -5.0479870078613927E-010
          19          23  -3.3746629526270987E-011
          19          24   6.1045634816254794E-003
          19          25  -1.0848294521092941E-004
          19          26  -4.3137470107365968E-010
          19          27  -1.0848890145604822E-004
          19          28  -1.0747010841989163E-009
          19          29  -7.1658943082807583E-011
          19          30  -1.0848877965471214E-004
          19          31   1.2836298258165804E-002
          19          32  -1.0254755363135811E-009
          19          33   1.2836284133297717E-002
          19          34  -2.5504734047555482E-009
          19          35  -1.7653040670243203E-010
          19          36   1.2836284422358670E-002
          20           1  -1.4752083030153381E-011
          20           2  -3.1633391713449545E-011
          20           3  -1.0560178041323083E-009
          20           4  -1.1687294693928532E-009
          20           5  -3.0106904231178213E-010
          20           6   8.3777856547695757E-009
          20           7  -2.4145374954642977E-011
          20           8  -2.4234449633961380E-012
          20           9  -2.4624991912203765E-013
          20          10   2.8665497644412195E-011
          20          11  -2.1514921263971889E-011
          20          12  -5.2715904038037164E-011
          20          13   8.0924106084228443E-012
          20          14  -6.3895662097536889E-012
          20          15  -1.6167498013098635E-011
          20          16  -8.3473898685207076E-013
          20          17   4.2169871318405224E-013
          20          18   2.0256776683891689E-013
          20          19  -2.0253809371230002E-010
          20          20   2.6258451479246673E-017
          20          21  -2.0253773147808961E-010
          20          22   6.5359448373788491E-017
          20          23   4.3878029894586312E-018
          20          24  -2.0253773887662883E-010
          20          25  -3.3629858794502616E-011
          20          26   4.8340695542179649E-017
          20          27  -3.3629191455503725E-011
          20          28   1.2040767298960003E-016
          20          29   8.0467744698610132E-018
          20          30  -3.3629205145182551E-011
          20          31  -1.3377421085570133E-009
          20          32   1.1316128772171073E-016
          20          33  -1.3377405498019295E-009
          20          34   2.8145491521779702E-016
          20          35   1.9456710350418270E-017
          20          36  -1.3377405817080122E-009
          21           1  -2.9853844043371876E-003
          21           2   1.7407695305499862E-002
          21           3  -5.3078218032523133E-002
          21           4  -3.0949335033132783E-002
          21           5   4.3961857680473683E-003
          21           6  -7.8582303816921911E-002
          21           7  -2.3639488391330983E-011
          21           8   2.3004683473410968E-011
          21           9   2.1679377473812815E-011
          21          10   1.2114472150986003E-010
          21          11   7.8346584366729838E-011
          21          12   8.0216062071633424E-011
          21          13   3.6262589582724535E-011
          21          14   2.5670506023278386E-011
          21          15   2.8283903293658038E-011
          21          16  -8.1420971469738544E-012
          21          17  -1.3966549838426367E-011
          21          18  -4.0212528770875877E-011
          21          19   6.1045634241272415E-003
          21          20  -2.0253773147808961E-010
          21          21   6.1045606259751981E-003
          21          22  -5.0479779813556424E-010
          21          23  -3.3746569141208910E-011
          21          24   6.1045606834733337E-003
          21          25  -1.0848340966838782E-004
          21          26  -4.3137403347673110E-010
          21          27  -1.0848936590428861E-004
          21          28  -1.0746994209312746E-009
          21          29  -7.1658832017963635E-011
          21          30  -1.0848924410314151E-004
          21          31   1.2836279779947031E-002
          21          32  -1.0254739732010695E-009
          21          33   1.2836265655100473E-002
          21          34  -2.5504695170241248E-009
          21          35  -1.7653013765024712E-010
          21          36   1.2836265944160988E-002
          22           1  -3.6783950012265544E-011
          22           2  -8.0015561715878900E-011
          22           3  -2.6304366560889539E-009
          22           4  -2.9118156210940761E-009
          22           5  -7.5029342902935120E-010
          22           6   2.0877659844235198E-008
          22           7   2.2037757372501515E-011
          22           8  -2.7409516579212610E-012
          22           9  -8.7810483285443795E-012
          22          10   2.4328770504363409E-012
          22          11  -3.0995376234890713E-011
          22          12  -1.9245571333785408E-011
          22          13   6.3068523730283424E-013
          22          14  -9.6536632324456507E-012
          22          15  -6.2386448588660342E-012
          22          16  -4.6269258691164759E-013
          22          17  -6.6372285952449147E-014
          22          18  -3.1287447431607675E-013
          22          19  -5.0479870078613927E-010
          22          20   6.5359448373788491E-017
          22          21  -5.0479779813556424E-010
          22          22   1.6286640664922101E-016
          22          23   1.0908269482428684E-017
          22          24  -5.0479781659745910E-010
          22          25  -8.3797427067795095E-011
          22          26   1.2043652635511483E-016
          22          27  -8.3795764025723477E-011
          22          28   3.0007158942311437E-016
