           1           1   1.9978573099831420     
           1           2 -0.12239549805925662     
           1           3  -2.3957018887162423E-002
           1           4  -5.7429845384152967E-002
           1           5   9.9127658343792425E-015
           1           6  -7.6670514693883263E-015
           1           7  -1.1987527480140681E-014
           1           8   5.2017588657312210E-015
           1           9  -4.9816783825304619E-015
           1          10   2.1048707786040742E-014
           1          11   1.7328433933602318E-002
           1          12  -1.4200000308082112E-014
           1          13   1.7328433933594886E-002
           1          14   1.0276308240190829E-014
           1          15  -9.7431681340037626E-016
           1          16   1.7328433933585692E-002
           2           1 -0.12239549805925662     
           2           2  0.12715475232937259     
           2           3  0.17513764662699294     
           2           4   9.9889586820884904E-002
           2           5  -7.9474435226601346E-017
           2           6   1.4902652712636738E-017
           2           7   4.8673343280538117E-016
           2           8  -9.9651468806588749E-017
           2           9  -1.4479634652371992E-015
           2          10  -7.2281791432917296E-016
           2          11  -1.2166050257736729E-002
           2          12   4.9053686553206307E-016
           2          13  -1.2166050257736934E-002
           2          14   4.7721292420610940E-017
           2          15   2.1028392597802099E-016
           2          16  -1.2166050257735981E-002
           3           1  -2.3957018887162423E-002
           3           2  0.17513764662699294     
           3           3  0.25358457714101623     
           3           4  0.14089478584534929     
           3           5   4.5305861099711916E-016
           3           6  -7.2927020933084457E-016
           3           7  -6.7289887124971372E-017
           3           8  -9.8116847139587873E-017
           3           9  -2.5277706868167190E-015
           3          10   2.3509622099263453E-016
           3          11  -1.6217012821592734E-002
           3          12  -2.9557420992785361E-016
           3          13  -1.6217012821593484E-002
           3          14   8.2272371100576246E-016
           3          15   1.8148715376358646E-016
           3          16  -1.6217012821592731E-002
           4           1  -5.7429845384152967E-002
           4           2   9.9889586820884904E-002
           4           3  0.14089478584534929     
           4           4   7.9357927937077993E-002
           4           5   8.7765491576673432E-017
           4           6  -1.8937613279332941E-016
           4           7   1.8517148575028631E-016
           4           8  -6.8547021646398038E-017
           4           9  -1.2803843968700769E-015
           4          10  -2.3903830900985023E-016
           4          11  -9.4125429504940492E-003
           4          12   1.2550408799636964E-016
           4          13  -9.4125429504943337E-003
           4          14   2.4008320848700527E-016
           4          15   1.3613635232413519E-016
           4          16  -9.4125429504937387E-003
           5           1   9.9127658343792425E-015
           5           2  -7.9474435226601346E-017
           5           3   4.5305861099711916E-016
           5           4   8.7765491576673432E-017
           5           5   8.2114012954267395E-029
           5           6  -1.4655278019466172E-029
           5           7  -8.3965426087383735E-029
           5           8   8.2515912836868719E-029
           5           9  -2.5678855583419026E-029
           5          10   1.5974124249820219E-028
           5          11   1.9997571692493348E-017
           5          12  -8.5498495507851740E-029
           5          13   1.9997571692434732E-017
           5          14   5.9817117966526053E-029
           5          15   3.5170275948622123E-030
           5          16   1.9997571692378933E-017
           6           1  -7.6670514693883263E-015
           6           2   1.4902652712636738E-017
           6           3  -7.2927020933084457E-016
           6           4  -1.8937613279332941E-016
           6           5  -1.4655278019466172E-029
           6           6   5.2222178110929385E-029
           6           7   2.7532947883001586E-029
           6           8   2.5456971963922505E-029
           6           9   3.1400830253700369E-029
           6          10  -3.9115624266468900E-029
           6          11  -3.8397555072447527E-017
           6          12   4.4843423117142746E-029
           6          13  -3.8397555072432113E-017
           6          14  -3.7163813743223585E-029
           6          15   9.5451792977789915E-030
           6          16  -3.8397555072408170E-017
           7           1  -1.1987527480140681E-014
           7           2   4.8673343280538117E-016
           7           3  -6.7289887124971372E-017
           7           4   1.8517148575028631E-016
           7           5  -8.3965426087383735E-029
           7           6   2.7532947883001586E-029
           7           7   9.0324782570362992E-029
           7           8  -7.4277419389794204E-029
           7           9   2.8342545384485493E-029
           7          10  -1.6783718502652593E-028
           7          11  -6.7995270176066540E-017
           7          12   9.6208246940094010E-029
           7          13  -6.7995270176006192E-017
           7          14  -6.7527479805839462E-029
           7          15  -3.4221007762986764E-031
           7          16  -6.7995270175942738E-017
           8           1   5.2017588657312210E-015
           8           2  -9.9651468806588749E-017
           8           3  -9.8116847139587873E-017
           8           4  -6.8547021646398038E-017
           8           5   8.2515912836868719E-029
           8           6   2.5456971963922505E-029
           8           7  -7.4277419389794204E-029
           8           8   1.1547421328025214E-028
           8           9  -3.8445376700770441E-030
           8          10   1.5202283816550728E-028
           8          11  -6.1705063587697363E-018
           8          12  -6.2017557564200597E-029
           8          13  -6.1705063588245991E-018
           8          14   3.8636227799475426E-029
           8          15   1.1740587539205376E-029
           8          16  -6.1705063588694779E-018
           9           1  -4.9816783825304619E-015
           9           2  -1.4479634652371992E-015
           9           3  -2.5277706868167190E-015
           9           4  -1.2803843968700769E-015
           9           5  -2.5678855583419026E-029
           9           6   3.1400830253700369E-029
           9           7   2.8342545384485493E-029
           9           8  -3.8445376700770441E-030
           9           9   3.9607085839346278E-029
           9          10  -4.9102758499109128E-029
           9          11   1.1572773271468509E-016
           9          12   3.8008232677173560E-029
           9          13   1.1572773271470913E-016
           9          14  -3.4254623821507025E-029
           9          15   1.9241441895136092E-030
           9          16   1.1572773271472372E-016
          10           1   2.1048707786040742E-014
          10           2  -7.2281791432917296E-016
          10           3   2.3509622099263453E-016
          10           4  -2.3903830900985023E-016
          10           5   1.5974124249820219E-028
          10           6  -3.9115624266468900E-029
          10           7  -1.6783718502652593E-028
          10           8   1.5202283816550728E-028
          10           9  -4.9102758499109128E-029
          10          10   3.1556091023264464E-028
          10          11   1.0064415865853800E-016
          10          12  -1.7447128846334373E-028
          10          13   1.0064415865842411E-016
          10          14   1.2155504728455452E-028
          10          15   3.7123682550212538E-030
          10          16   1.0064415865830855E-016
          11           1   1.7328433933602318E-002
          11           2  -1.2166050257736729E-002
          11           3  -1.6217012821592734E-002
          11           4  -9.4125429504940492E-003
          11           5   1.9997571692493348E-017
          11           6  -3.8397555072447527E-017
          11           7  -6.7995270176066540E-017
          11           8  -6.1705063587697363E-018
          11           9   1.1572773271468509E-016
          11          10   1.0064415865853800E-016
          11          11   1.1902647926669697E-003
          11          12  -8.0528235143824451E-017
          11          13   1.1902647926669771E-003
          11          14   2.3033082461330517E-017
          11          15  -2.6696166254116629E-017
          11          16   1.1902647926668678E-003
          12           1  -1.4200000308082112E-014
          12           2   4.9053686553206307E-016
          12           3  -2.9557420992785361E-016
          12           4   1.2550408799636964E-016
          12           5  -8.5498495507851740E-029
          12           6   4.4843423117142746E-029
          12           7   9.6208246940094010E-029
          12           8  -6.2017557564200597E-029
          12           9   3.8008232677173560E-029
          12          10  -1.7447128846334373E-028
          12          11  -8.0528235143824451E-017
          12          12   1.0797149915846105E-028
          12          13  -8.0528235143761317E-017
          12          14  -7.7739552473510827E-029
          12          15   3.0893793913341827E-030
          12          16  -8.0528235143691996E-017
          13           1   1.7328433933594886E-002
          13           2  -1.2166050257736934E-002
          13           3  -1.6217012821593484E-002
          13           4  -9.4125429504943337E-003
          13           5   1.9997571692434732E-017
          13           6  -3.8397555072432113E-017
          13           7  -6.7995270176006192E-017
          13           8  -6.1705063588245991E-018
          13           9   1.1572773271470913E-016
          13          10   1.0064415865842411E-016
          13          11   1.1902647926669771E-003
          13          12  -8.0528235143761317E-017
          13          13   1.1902647926669843E-003
          13          14   2.3033082461284961E-017
          13          15  -2.6696166254118564E-017
          13          16   1.1902647926668752E-003
          14           1   1.0276308240190829E-014
          14           2   4.7721292420610940E-017
          14           3   8.2272371100576246E-016
          14           4   2.4008320848700527E-016
          14           5   5.9817117966526053E-029
          14           6  -3.7163813743223585E-029
          14           7  -6.7527479805839462E-029
          14           8   3.8636227799475426E-029
          14           9  -3.4254623821507025E-029
          14          10   1.2155504728455452E-028
          14          11   2.3033082461330517E-017
          14          12  -7.7739552473510827E-029
          14          13   2.3033082461284961E-017
          14          14   5.7806581576277411E-029
          14          15  -2.6917699748344483E-030
          14          16   2.3033082461237598E-017
          15           1  -9.7431681340037626E-016
          15           2   2.1028392597802099E-016
          15           3   1.8148715376358646E-016
          15           4   1.3613635232413519E-016
          15           5   3.5170275948622123E-030
          15           6   9.5451792977789915E-030
          15           7  -3.4221007762986764E-031
          15           8   1.1740587539205376E-029
          15           9   1.9241441895136092E-030
          15          10   3.7123682550212538E-030
          15          11  -2.6696166254116629E-017
          15          12   3.0893793913341827E-030
          15          13  -2.6696166254118564E-017
          15          14  -2.6917699748344483E-030
          15          15   2.5956342146764371E-030
          15          16  -2.6696166254116576E-017
          16           1   1.7328433933585692E-002
          16           2  -1.2166050257735981E-002
          16           3  -1.6217012821592731E-002
          16           4  -9.4125429504937387E-003
          16           5   1.9997571692378933E-017
          16           6  -3.8397555072408170E-017
          16           7  -6.7995270175942738E-017
          16           8  -6.1705063588694779E-018
          16           9   1.1572773271472372E-016
          16          10   1.0064415865830855E-016
          16          11   1.1902647926668678E-003
          16          12  -8.0528235143691996E-017
          16          13   1.1902647926668752E-003
          16          14   2.3033082461237598E-017
          16          15  -2.6696166254116576E-017
          16          16   1.1902647926667661E-003
