           1           1   2.1381910354999105     
           1           2  -6.8479770685725416E-002
           1           3 -0.50930290608534068     
           1           4   5.1015205775861917E-002
           1           5   6.5088501029717763E-002
           1           6   1.9914788856322520E-014
           1           7   1.1402918371821335E-014
           1           8  -2.3463156996347979E-014
           1           9   6.7314324540340684E-015
           1          10   2.4712476492714634E-015
           1          11   9.2060634421699431E-015
           1          12  -7.9509352943078470E-015
           1          13  -4.1303059568627292E-015
           1          14  -2.9927200757445090E-015
           1          15  -5.4199505603151784E-004
           1          16  -2.6414831669008297E-015
           1          17  -5.4199505602801402E-004
           1          18   1.0413587868244440E-014
           1          19  -1.2908235239511898E-015
           1          20  -5.4199505603698623E-004
           2           1  -6.8479770685725416E-002
           2           2   3.9074118002868044E-002
           2           3   3.5434271304520315E-002
           2           4  0.11168175356566343     
           2           5  0.14254746750631594     
           2           6   1.4799271146282462E-014
           2           7  -1.2242933650572471E-014
           2           8   2.8915964465176659E-014
           2           9  -6.1515897168994340E-016
           2          10  -9.8556596541414083E-017
           2          11  -4.1109391914639853E-015
           2          12   2.1366568549789596E-015
           2          13   1.4924816757131518E-015
           2          14  -2.6673430935619917E-015
           2          15   2.6999955039626253E-003
           2          16   8.0389060761198277E-016
           2          17   2.6999955039647824E-003
           2          18  -3.5373465711809208E-015
           2          19   6.4970666019748489E-017
           2          20   2.6999955039655765E-003
           3           1 -0.50930290608534068     
           3           2   3.5434271304520315E-002
           3           3   2.3074795125168586     
           3           4 -0.47797595599460391     
           3           5 -0.59423703243872994     
           3           6  -9.2635550008426123E-014
           3           7  -1.9475390279078888E-014
           3           8   4.9760743023612803E-014
           3           9  -1.0007446328958802E-014
           3          10  -8.0878808016052434E-015
           3          11  -1.7844427278374124E-014
           3          12   2.7725309183513821E-014
           3          13   1.5123950369469163E-014
           3          14  -2.2740963039193986E-014
           3          15  -6.2579756038097893E-003
           3          16   1.1158479141440768E-014
           3          17  -6.2579756037900412E-003
           3          18  -4.6384738674800825E-014
           3          19   1.1916251594073163E-015
           3          20  -6.2579756037744677E-003
           4           1   5.1015205775861917E-002
           4           2  0.11168175356566343     
           4           3 -0.47797595599460391     
           4           4  0.47582446497389846     
           4           5  0.60350953102869864     
           4           6   2.9987273093530630E-014
           4           7  -9.0580353938355632E-015
           4           8   5.6370219852882290E-014
           4           9   1.4399765732865093E-015
           4          10   1.4861170369783041E-015
           4          11  -7.9181941071047174E-015
           4          12  -6.5316424714815125E-016
           4          13   9.9496014313615664E-016
           4          14  -3.3923176020834995E-015
           4          15   1.0104267938412143E-002
           4          16  -3.0117390259749414E-016
           4          17   1.0104267938414520E-002
           4          18   5.8734831882355070E-016
           4          19  -1.6837619469297046E-016
           4          20   1.0104267938412688E-002
           5           1   6.5088501029717763E-002
           5           2  0.14254746750631594     
           5           3 -0.59423703243872994     
           5           4  0.60350953102869864     
           5           5  0.76554275642476255     
           5           6  -2.5610604692387731E-015
           5           7  -3.9306566026693993E-015
           5           8  -5.1474302800332624E-015
           5           9   2.2982268489226223E-015
           5          10   1.7418770633200288E-015
           5          11  -9.2057741482296428E-015
           5          12  -9.0146534380955533E-016
           5          13   1.4147776915715514E-015
           5          14  -4.9701217501969723E-015
           5          15   1.2840165687379283E-002
           5          16  -3.1052676864602372E-016
           5          17   1.2840165687382459E-002
           5          18   4.4230867477573022E-016
           5          19  -2.0857554726396177E-016
           5          20   1.2840165687380216E-002
           6           1   1.9914788856322520E-014
           6           2   1.4799271146282462E-014
           6           3  -9.2635550008426123E-014
           6           4   2.9987273093530630E-014
           6           5  -2.5610604692387731E-015
           6           6   2.0135377605450362     
           6           7   2.9143354396409033E-016
           6           8  -2.3379735647477552E-015
           6           9  -2.6070256188460705E-002
           6          10  -2.5240226575458954E-016
           6          11   2.2518946885160062E-015
           6          12   1.2486313775393219E-002
           6          13   1.1175955993980970E-015
           6          14  -8.6743288875593524E-016
           6          15  -1.0313241684873707E-014
           6          16   2.7330087570777125E-015
           6          17  -8.2495348938440005E-015
           6          18  -1.4473948961628334E-015
           6          19   3.3286821209892167E-016
           6          20  -1.2400294776682616E-014
           7           1   1.1402918371821335E-014
           7           2  -1.2242933650572471E-014
           7           3  -1.9475390279078888E-014
           7           4  -9.0580353938355632E-015
           7           5  -3.9306566026693993E-015
           7           6   2.9143354396409033E-016
           7           7   2.0135377605450371     
           7           8   3.5041414214735083E-016
           7           9  -6.2630022695797223E-015
           7          10  -2.6070256188463120E-002
           7          11   1.6174128009137816E-015
           7          12   6.7595126544695403E-015
           7          13   1.2486313775396897E-002
           7          14  -1.9876407377634673E-015
           7          15   9.2459508876792408E-016
           7          16   2.1408072979664545E-017
           7          17   1.1826244149105079E-015
           7          18   2.4114985107504127E-015
           7          19   2.3611496798225138E-016
           7          20   4.5283418462133621E-015
           8           1  -2.3463156996347979E-014
           8           2   2.8915964465176659E-014
           8           3   4.9760743023612803E-014
           8           4   5.6370219852882290E-014
           8           5  -5.1474302800332624E-015
           8           6  -2.3379735647477552E-015
           8           7   3.5041414214735083E-016
           8           8   2.0135377605450340     
           8           9   7.9889572604866523E-015
           8          10  -2.2092245567651930E-015
           8          11  -2.6070256188458936E-002
           8          12  -8.9595790910088400E-015
           8          13   6.3998827938559439E-015
           8          14   1.2486313775392905E-002
           8          15  -1.9142516547709710E-014
           8          16   4.8999173419714619E-015
           8          17  -1.1499257832621723E-014
           8          18   2.1369625998780147E-015
           8          19   3.5194273867377686E-016
           8          20  -2.0188971409355893E-014
           9           1   6.7314324540340684E-015
           9           2  -6.1515897168994340E-016
           9           3  -1.0007446328958802E-014
           9           4   1.4399765732865093E-015
           9           5   2.2982268489226223E-015
           9           6  -2.6070256188460705E-002
           9           7  -6.2630022695797223E-015
           9           8   7.9889572604866523E-015
           9           9   3.3754433172411395E-004
           9          10   8.4322129899040392E-017
           9          11  -1.3219293806724086E-016
           9          12  -1.6166639899521218E-004
           9          13  -5.3288536777800797E-017
           9          14   6.0584296250000758E-017
           9          15   1.5097457064921419E-016
           9          16  -3.5385685140489601E-017
           9          17   1.2425445851030960E-016
           9          18   1.8740310448955548E-017
           9          19  -4.3099393882325473E-018
           9          20   1.7799645411771820E-016
          10           1   2.4712476492714634E-015
          10           2  -9.8556596541414083E-017
          10           3  -8.0878808016052434E-015
          10           4   1.4861170369783041E-015
          10           5   1.7418770633200288E-015
          10           6  -2.5240226575458954E-016
          10           7  -2.6070256188463120E-002
          10           8  -2.2092245567651930E-015
          10           9   8.4322129899040392E-017
          10          10   3.3754433172417640E-004
          10          11   7.6076264160519982E-018
          10          12  -8.9064667370945755E-017
          10          13  -1.6166639899527473E-004
          10          14   1.2065349059229905E-017
          10          15   2.0098234504406610E-018
          10          16  -2.7740583379648585E-019
          10          17  -1.3307951315457669E-018
          10          18  -3.1223030801085687E-017
          10          19  -3.0569066356095655E-018
          10          20  -4.4649147613078380E-017
          11           1   9.2060634421699431E-015
          11           2  -4.1109391914639853E-015
          11           3  -1.7844427278374124E-014
          11           4  -7.9181941071047174E-015
          11           5  -9.2057741482296428E-015
          11           6   2.2518946885160062E-015
          11           7   1.6174128009137816E-015
          11           8  -2.6070256188458936E-002
          11           9  -1.3219293806724086E-016
          11          10   7.6076264160519982E-018
          11          11   3.3754433172406852E-004
          11          12   1.2977857652994228E-016
          11          13  -7.2803117090897536E-017
          11          14  -1.6166639899519732E-004
          11          15   4.2025882276436811E-017
          11          16  -6.3442061539264201E-017
          11          17  -5.6935961836148237E-017
          11          18  -2.7668364193472955E-017
          11          19  -4.5570145809171727E-018
          11          20   5.5574803744144070E-017
          12           1  -7.9509352943078470E-015
          12           2   2.1366568549789596E-015
          12           3   2.7725309183513821E-014
          12           4  -6.5316424714815125E-016
          12           5  -9.0146534380955533E-016
          12           6   1.2486313775393219E-002
          12           7   6.7595126544695403E-015
          12           8  -8.9595790910088400E-015
          12           9  -1.6166639899521218E-004
          12          10  -8.9064667370945755E-017
          12          11   1.2977857652994228E-016
          12          12   7.7429902113785698E-005
          12          13   4.8836108090308005E-017
          12          14  -6.0846691175457794E-017
          12          15  -2.2932495436284471E-017
          12          16   1.6947907722248665E-017
          12          17  -1.0134995119012488E-017
          12          18  -8.9756082317291398E-018
          12          19   2.0642120611044124E-018
          12          20  -3.5874633912258811E-017
          13           1  -4.1303059568627292E-015
          13           2   1.4924816757131518E-015
          13           3   1.5123950369469163E-014
          13           4   9.9496014313615664E-016
          13           5   1.4147776915715514E-015
          13           6   1.1175955993980970E-015
          13           7   1.2486313775396897E-002
          13           8   6.3998827938559439E-015
          13           9  -5.3288536777800797E-017
          13          10  -1.6166639899527473E-004
          13          11  -7.2803117090897536E-017
          13          12   4.8836108090308005E-017
          13          13   7.7429902113831288E-005
          13          14   2.7346988098031101E-017
          13          15   6.2825699937274896E-017
          13          16   1.3281623150238576E-019
          13          17   6.4425729078937222E-017
          13          18   1.4954190123024983E-017
          13          19   1.4641406988541157E-018
          13          20   8.5173054366217591E-017
          14           1  -2.9927200757445090E-015
          14           2  -2.6673430935619917E-015
          14           3  -2.2740963039193986E-014
          14           4  -3.3923176020834995E-015
          14           5  -4.9701217501969723E-015
          14           6  -8.6743288875593524E-016
          14           7  -1.9876407377634673E-015
          14           8   1.2486313775392905E-002
          14           9   6.0584296250000758E-017
          14          10   1.2065349059229905E-017
          14          11  -1.6166639899519732E-004
          14          12  -6.0846691175457794E-017
          14          13   2.7346988098031101E-017
          14          14   7.7429902113781903E-005
          14          15  -2.5233428075732503E-016
          14          16   3.0385397428222337E-017
          14          17  -2.0493681569810750E-016
          14          18   1.3251711599090858E-017
          14          19   2.1825258780651406E-018
          14          20  -2.5882352670494534E-016
          15           1  -5.4199505603151784E-004
          15           2   2.6999955039626253E-003
          15           3  -6.2579756038097893E-003
          15           4   1.0104267938412143E-002
          15           5   1.2840165687379283E-002
          15           6  -1.0313241684873707E-014
          15           7   9.2459508876792408E-016
          15           8  -1.9142516547709710E-014
          15           9   1.5097457064921419E-016
          15          10   2.0098234504406610E-018
          15          11   4.2025882276436811E-017
          15          12  -2.2932495436284471E-017
          15          13   6.2825699937274896E-017
          15          14  -2.5233428075732503E-016
          15          15   2.2306556775041422E-004
          15          16   1.6689579429281881E-017
          15          17   2.2306556775050898E-004
          15          18  -8.4700230843389297E-017
          15          19  -1.0707507411700159E-018
          15          20   2.2306556775050107E-004
          16           1  -2.6414831669008297E-015
          16           2   8.0389060761198277E-016
          16           3   1.1158479141440768E-014
          16           4  -3.0117390259749414E-016
          16           5  -3.1052676864602372E-016
          16           6   2.7330087570777125E-015
          16           7   2.1408072979664545E-017
          16           8   4.8999173419714619E-015
          16           9  -3.5385685140489601E-017
          16          10  -2.7740583379648585E-019
          16          11  -6.3442061539264201E-017
          16          12   1.6947907722248665E-017
          16          13   1.3281623150238576E-019
          16          14   3.0385397428222337E-017
          16          15   1.6689579429281881E-017
          16          16   1.3355392142975209E-028
          16          17   1.6689579429497782E-017
          16          18  -3.0133029394129869E-028
          16          19   1.2212682308236309E-028
          16          20   1.6689579429537481E-017
          17           1  -5.4199505602801402E-004
          17           2   2.6999955039647824E-003
          17           3  -6.2579756037900412E-003
          17           4   1.0104267938414520E-002
          17           5   1.2840165687382459E-002
          17           6  -8.2495348938440005E-015
          17           7   1.1826244149105079E-015
          17           8  -1.1499257832621723E-014
          17           9   1.2425445851030960E-016
          17          10  -1.3307951315457669E-018
          17          11  -5.6935961836148237E-017
          17          12  -1.0134995119012488E-017
          17          13   6.4425729078937222E-017
          17          14  -2.0493681569810750E-016
          17          15   2.2306556775050898E-004
          17          16   1.6689579429497782E-017
          17          17   2.2306556775060379E-004
          17          18  -8.4700230843992480E-017
          17          19  -1.0707507409940630E-018
          17          20   2.2306556775059588E-004
          18           1   1.0413587868244440E-014
          18           2  -3.5373465711809208E-015
          18           3  -4.6384738674800825E-014
          18           4   5.8734831882355070E-016
          18           5   4.4230867477573022E-016
          18           6  -1.4473948961628334E-015
          18           7   2.4114985107504127E-015
          18           8   2.1369625998780147E-015
          18           9   1.8740310448955548E-017
          18          10  -3.1223030801085687E-017
          18          11  -2.7668364193472955E-017
          18          12  -8.9756082317291398E-018
          18          13   1.4954190123024983E-017
          18          14   1.3251711599090858E-017
          18          15  -8.4700230843389297E-017
          18          16  -3.0133029394129869E-028
          18          17  -8.4700230843992480E-017
          18          18   1.1906713744810828E-027
          18          19  -1.2738164463411387E-028
          18          20  -8.4700230844337138E-017
          19           1  -1.2908235239511898E-015
          19           2   6.4970666019748489E-017
          19           3   1.1916251594073163E-015
          19           4  -1.6837619469297046E-016
          19           5  -2.0857554726396177E-016
          19           6   3.3286821209892167E-016
          19           7   2.3611496798225138E-016
          19           8   3.5194273867377686E-016
          19           9  -4.3099393882325473E-018
          19          10  -3.0569066356095655E-018
          19          11  -4.5570145809171727E-018
          19          12   2.0642120611044124E-018
          19          13   1.4641406988541157E-018
          19          14   2.1825258780651406E-018
          19          15  -1.0707507411700159E-018
          19          16   1.2212682308236309E-028
          19          17  -1.0707507409940630E-018
          19          18  -1.2738164463411387E-028
          19          19   3.2193171592529208E-028
          19          20  -1.0707507410002075E-018
          20           1  -5.4199505603698623E-004
          20           2   2.6999955039655765E-003
          20           3  -6.2579756037744677E-003
          20           4   1.0104267938412688E-002
          20           5   1.2840165687380216E-002
          20           6  -1.2400294776682616E-014
          20           7   4.5283418462133621E-015
          20           8  -2.0188971409355893E-014
          20           9   1.7799645411771820E-016
          20          10  -4.4649147613078380E-017
          20          11   5.5574803744144070E-017
          20          12  -3.5874633912258811E-017
          20          13   8.5173054366217591E-017
          20          14  -2.5882352670494534E-016
          20          15   2.2306556775050107E-004
          20          16   1.6689579429537481E-017
          20          17   2.2306556775059588E-004
          20          18  -8.4700230844337138E-017
          20          19  -1.0707507410002075E-018
          20          20   2.2306556775058794E-004
