           1           1   2.1366876416224483     
           1           2  0.42200217459412870     
           1           3 -0.87651183400191501     
           1           4 -0.16159174550564481     
           1           5   5.4088380916737663E-002
           1           6  -9.7901630891529282E-015
           1           7   1.2946794917649951E-014
           1           8  -4.3085688768910754E-015
           1           9   6.5291140259205567E-015
           1          10  -2.7517760252109823E-015
           1          11  -9.4833978099744991E-018
           1          12  -3.8970029434468846E-015
           1          13  -7.9035337594863334E-017
           1          14   1.3581551055920910E-015
           1          15   1.6990883466323284E-002
           1          16   3.5041305483226189E-016
           1          17   1.6990883466322479E-002
           1          18  -5.9604946420644783E-016
           1          19   1.4402213425814050E-015
           1          20   1.6990883466318378E-002
           2           1  0.42200217459412870     
           2           2   22.508575619322436     
           2           3  -20.265573365693800     
           2           4  -4.4689747058288622     
           2           5   1.2132390052809037     
           2           6   5.2038225298289313E-014
           2           7  -1.2207866794176304E-013
           2           8   1.7342793986256093E-014
           2           9  -8.1173748554075472E-015
           2          10   3.9999613564597488E-014
           2          11  -2.8262627477771374E-014
           2          12   4.4559909326147022E-015
           2          13  -2.6186024510612056E-015
           2          14   8.5961616616183727E-015
           2          15  0.98308106453362709     
           2          16   1.6160877751199648E-014
           2          17  0.98308106453361643     
           2          18   1.3097704869233516E-015
           2          19   1.4310225799824622E-014
           2          20  0.98308106453358590     
           3           1 -0.87651183400191501     
           3           2  -20.265573365693800     
           3           3   20.164825730912249     
           3           4   4.3074979657446724     
           3           5  -1.1958957327279744     
           3           6  -4.7006137174731947E-015
           3           7   3.8259181312256070E-014
           3           8  -3.9916738325465630E-016
           3           9  -6.4691686915212879E-015
           3          10  -1.8971393401797579E-014
           3          11   2.3945654974230967E-014
           3          12   3.4060973897731949E-015
           3          13  -5.9662558852805694E-015
           3          14  -8.2212017193356955E-015
           3          15 -0.89706138313913342     
           3          16  -1.6398524897830628E-014
           3          17 -0.89706138313911910     
           3          18  -1.9483198315519226E-015
           3          19  -1.3418561682055372E-014
           3          20 -0.89706138313908501     
           4           1 -0.16159174550564481     
           4           2  -4.4689747058288622     
           4           3   4.3074979657446724     
           4           4  0.92929878134655841     
           4           5 -0.25621333721497808     
           4           6   3.0290093964988439E-014
           4           7  -4.2971219599800463E-014
           4           8   3.9311232449007732E-015
           4           9  -8.2641188690936328E-015
           4          10   7.4705803190119059E-015
           4          11   4.2227183202620072E-015
           4          12   3.2740888606372447E-015
           4          13  -5.7398710666992598E-015
           4          14  -1.3249796832116953E-015
           4          15 -0.19694362090032821     
           4          16  -3.4811430401480189E-015
           4          17 -0.19694362090032544     
           4          18  -3.7204674581769007E-016
           4          19  -2.9225287514923903E-015
           4          20 -0.19694362090031839     
           5           1   5.4088380916737663E-002
           5           2   1.2132390052809037     
           5           3  -1.1958957327279744     
           5           4 -0.25621333721497808     
           5           5   7.0994481428528905E-002
           5           6  -1.2518383422798613E-014
           5           7   1.5038791792991180E-014
           5           8  -2.8835691319032186E-015
           5           9   3.2846780514297764E-015
           5          10  -2.8059747802415934E-015
           5          11  -7.5992152864083965E-016
           5          12  -1.3248626373918840E-015
           5          13   1.8819159866861613E-015
           5          14   2.2547059369952359E-016
           5          15   5.3623657620891198E-002
           5          16   9.6985679310080685E-016
           5          17   5.3623657620890372E-002
           5          18   1.1024501788466622E-016
           5          19   8.0252558535949807E-016
           5          20   5.3623657620888367E-002
           6           1  -9.7901630891529282E-015
           6           2   5.2038225298289313E-014
           6           3  -4.7006137174731947E-015
           6           4   3.0290093964988439E-014
           6           5  -1.2518383422798613E-014
           6           6   2.2028092767937637     
           6           7  -8.8817841970012405E-016
           6           8  -3.5249581031848724E-015
           6           9 -0.50164172870679269     
           6          10  -2.2759572004815725E-015
           6          11   5.0584536559483726E-015
           6          12  0.19582648626060867     
           6          13   2.2593038551121936E-014
           6          14  -1.7003759511524663E-014
           6          15   2.8003058221472619E-015
           6          16   9.9043818689255753E-015
           6          17  -2.8939033212260911E-015
           6          18   1.4811225569897685E-014
           6          19   1.3630017487294743E-014
           6          20   2.0802124283673106E-014
           7           1   1.2946794917649951E-014
           7           2  -1.2207866794176304E-013
           7           3   3.8259181312256070E-014
           7           4  -4.2971219599800463E-014
           7           5   1.5038791792991180E-014
           7           6  -8.8817841970012405E-016
           7           7   2.2028092767937624     
           7           8   3.1086244689504375E-015
           7           9   8.5764728652293295E-015
           7          10 -0.50164172870677715     
           7          11  -8.8123952579621690E-015
           7          12  -6.3282712403633899E-015
           7          13  0.19582648626056864     
           7          14   2.2124663212608195E-014
           7          15  -7.9071906937278372E-016
           7          16  -1.1225861637200609E-014
           7          17   5.3740641704040361E-015
           7          18  -2.0518964543376518E-014
           7          19  -1.5686255072500712E-014
           7          20  -2.5719651012290932E-014
           8           1  -4.3085688768910754E-015
           8           2   1.7342793986256093E-014
           8           3  -3.9916738325465630E-016
           8           4   3.9311232449007732E-015
           8           5  -2.8835691319032186E-015
           8           6  -3.5249581031848724E-015
           8           7   3.1086244689504375E-015
           8           8   2.2028092767937579     
           8           9   1.2698175844150236E-015
           8          10  -2.6922908347160038E-015
           8          11 -0.50164172870678347     
           8          12  -1.4224732503009858E-016
           8          13   7.6293138473459976E-015
           8          14  0.19582648626059668     
           8          15   1.0255115117349180E-015
           8          16   2.6460784008095982E-015
           8          17   1.3477812532448694E-015
           8          18   3.1462237224782560E-015
           8          19   4.7990987200716598E-015
           8          20   7.9175676381288379E-015
           9           1   6.5291140259205567E-015
           9           2  -8.1173748554075472E-015
           9           3  -6.4691686915212879E-015
           9           4  -8.2641188690936328E-015
           9           5   3.2846780514297764E-015
           9           6 -0.50164172870679269     
           9           7   8.5764728652293295E-015
           9           8   1.2698175844150236E-015
           9           9  0.11423795361267647     
           9          10  -1.3877787807814404E-015
           9          11  -1.2594092435591728E-015
           9          12  -4.4595207642003171E-002
           9          13  -4.3992587350771788E-015
           9          14   3.9135361618036807E-015
           9          15  -4.5577733005938236E-016
           9          16  -2.2555067725753390E-015
           9          17   8.4095450614274683E-016
           9          18  -3.3729333162988658E-015
           9          19  -3.1039389595191963E-015
           9          20  -4.5552985314817734E-015
          10           1  -2.7517760252109823E-015
          10           2   3.9999613564597488E-014
          10           3  -1.8971393401797579E-014
          10           4   7.4705803190119059E-015
          10           5  -2.8059747802415934E-015
          10           6  -2.2759572004815725E-015
          10           7 -0.50164172870677715     
          10           8  -2.6922908347160038E-015
          10           9  -1.3877787807814404E-015
          10          10  0.11423795361266947     
          10          11   2.4702462297909591E-015
          10          12   1.2212453270876692E-015
          10          13  -4.4595207641992700E-002
          10          14  -5.2163134922622542E-015
          10          15   7.0800192650504871E-016
          10          16   2.5564449438423301E-015
          10          17  -6.9589288821328500E-016
          10          18   4.6727462759709994E-015
          10          19   3.5722021849109024E-015
          10          20   6.3850220146267191E-015
          11           1  -9.4833978099744991E-018
          11           2  -2.8262627477771374E-014
          11           3   2.3945654974230967E-014
          11           4   4.2227183202620072E-015
          11           5  -7.5992152864083965E-016
          11           6   5.0584536559483726E-015
          11           7  -8.8123952579621690E-015
          11           8 -0.50164172870678347     
          11           9  -1.2594092435591728E-015
          11          10   2.4702462297909591E-015
          11          11  0.11423795361267255     
          11          12   4.1199682554449765E-016
          11          13  -2.4598378889351231E-015
          11          14  -4.4595207641999722E-002
          11          15  -1.3076064587417817E-015
          11          16  -6.0258659578906238E-016
          11          17  -1.3809963576967579E-015
          11          18  -7.1648377536310318E-016
          11          19  -1.0928899762376063E-015
          11          20  -2.8771217980907544E-015
          12           1  -3.8970029434468846E-015
          12           2   4.4559909326147022E-015
          12           3   3.4060973897731949E-015
          12           4   3.2740888606372447E-015
          12           5  -1.3248626373918840E-015
          12           6  0.19582648626060867     
          12           7  -6.3282712403633899E-015
          12           8  -1.4224732503009858E-016
          12           9  -4.4595207642003171E-002
          12          10   1.2212453270876692E-015
          12          11   4.1199682554449765E-016
          12          12   1.7408684957506949E-002
          12          13   1.4519635493925854E-015
          12          14  -1.4964158384644954E-015
          12          15   2.2335717712911898E-016
          12          16   8.8048489735710669E-016
          12          17  -2.8284959271110630E-016
          12          18   1.3166960440570286E-015
          12          19   1.2116883927838878E-015
          12          20   1.8236922096532344E-015
          13           1  -7.9035337594863334E-017
          13           2  -2.6186024510612056E-015
          13           3  -5.9662558852805694E-015
          13           4  -5.7398710666992598E-015
          13           5   1.8819159866861613E-015
          13           6   2.2593038551121936E-014
          13           7  0.19582648626056864     
          13           8   7.6293138473459976E-015
          13           9  -4.3992587350771788E-015
          13          10  -4.4595207641992700E-002
          13          11  -2.4598378889351231E-015
          13          12   1.4519635493925854E-015
          13          13   1.7408684957499844E-002
          13          14   2.6211671722009595E-015
          13          15   3.0578031714437051E-016
          13          16  -9.9796249399301284E-016
          13          17   8.5382042807060504E-016
          13          18  -1.8241055957793906E-015
          13          19  -1.3944848724740850E-015
          13          20  -1.9103648571285456E-015
          14           1   1.3581551055920910E-015
          14           2   8.5961616616183727E-015
          14           3  -8.2212017193356955E-015
          14           4  -1.3249796832116953E-015
          14           5   2.2547059369952359E-016
          14           6  -1.7003759511524663E-014
          14           7   2.2124663212608195E-014
          14           8  0.19582648626059668     
          14           9   3.9135361618036807E-015
          14          10  -5.2163134922622542E-015
          14          11  -4.4595207641999722E-002
          14          12  -1.4964158384644954E-015
          14          13   2.6211671722009595E-015
          14          14   1.7408684957504857E-002
          14          15   4.0812376845864968E-016
          14          16   2.3523245569149696E-016
          14          17   4.3677307177013483E-016
          14          18   2.7969463496119201E-016
          14          19   4.2663277727642857E-016
          14          20   1.0208173632060283E-015
          15           1   1.6990883466323284E-002
          15           2  0.98308106453362709     
          15           3 -0.89706138313913342     
          15           4 -0.19694362090032821     
          15           5   5.3623657620891198E-002
          15           6   2.8003058221472619E-015
          15           7  -7.9071906937278372E-016
          15           8   1.0255115117349180E-015
          15           9  -4.5577733005938236E-016
          15          10   7.0800192650504871E-016
          15          11  -1.3076064587417817E-015
          15          12   2.2335717712911898E-016
          15          13   3.0578031714437051E-016
          15          14   4.0812376845864968E-016
          15          15   4.3021530963805142E-002
          15          16   7.1832170225650072E-016
          15          17   4.3021530963804649E-002
          15          18   6.3850252745262904E-017
          15          19   6.2599614339895248E-016
          15          20   4.3021530963803283E-002
          16           1   3.5041305483226189E-016
          16           2   1.6160877751199648E-014
          16           3  -1.6398524897830628E-014
          16           4  -3.4811430401480189E-015
          16           5   9.6985679310080685E-016
          16           6   9.9043818689255753E-015
          16           7  -1.1225861637200609E-014
          16           8   2.6460784008095982E-015
          16           9  -2.2555067725753390E-015
          16          10   2.5564449438423301E-015
          16          11  -6.0258659578906238E-016
          16          12   8.8048489735710669E-016
          16          13  -9.9796249399301284E-016
          16          14   2.3523245569149696E-016
          16          15   7.1832170225650072E-016
          16          16   1.1839604873407100E-028
          16          17   7.1832170225643170E-016
          16          18   1.7679987919089974E-028
          16          19   1.5755501232425144E-028
          16          20   7.1832170225667683E-016
          17           1   1.6990883466322479E-002
          17           2  0.98308106453361643     
          17           3 -0.89706138313911910     
          17           4 -0.19694362090032544     
          17           5   5.3623657620890372E-002
          17           6  -2.8939033212260911E-015
          17           7   5.3740641704040361E-015
          17           8   1.3477812532448694E-015
          17           9   8.4095450614274683E-016
          17          10  -6.9589288821328500E-016
          17          11  -1.3809963576967579E-015
          17          12  -2.8284959271110630E-016
          17          13   8.5382042807060504E-016
          17          14   4.3677307177013483E-016
          17          15   4.3021530963804649E-002
          17          16   7.1832170225643170E-016
          17          17   4.3021530963804150E-002
          17          18   6.3850252745164863E-017
          17          19   6.2599614339886639E-016
          17          20   4.3021530963802783E-002
          18           1  -5.9604946420644783E-016
          18           2   1.3097704869233516E-015
          18           3  -1.9483198315519226E-015
          18           4  -3.7204674581769007E-016
          18           5   1.1024501788466622E-016
          18           6   1.4811225569897685E-014
          18           7  -2.0518964543376518E-014
          18           8   3.1462237224782560E-015
          18           9  -3.3729333162988658E-015
          18          10   4.6727462759709994E-015
          18          11  -7.1648377536310318E-016
          18          12   1.3166960440570286E-015
          18          13  -1.8241055957793906E-015
          18          14   2.7969463496119201E-016
          18          15   6.3850252745262904E-017
          18          16   1.7679987919089974E-028
          18          17   6.3850252745164863E-017
          18          18   2.9593383088988144E-028
          18          19   2.4523917465682796E-028
          18          20   6.3850252745619555E-017
          19           1   1.4402213425814050E-015
          19           2   1.4310225799824622E-014
          19           3  -1.3418561682055372E-014
          19           4  -2.9225287514923903E-015
          19           5   8.0252558535949807E-016
          19           6   1.3630017487294743E-014
          19           7  -1.5686255072500712E-014
          19           8   4.7990987200716598E-015
          19           9  -3.1039389595191963E-015
          19          10   3.5722021849109024E-015
          19          11  -1.0928899762376063E-015
          19          12   1.2116883927838878E-015
          19          13  -1.3944848724740850E-015
          19          14   4.2663277727642857E-016
          19          15   6.2599614339895248E-016
          19          16   1.5755501232425144E-028
          19          17   6.2599614339886639E-016
          19          18   2.4523917465682796E-028
          19          19   2.1627512039254646E-028
          19          20   6.2599614339922651E-016
          20           1   1.6990883466318378E-002
          20           2  0.98308106453358590     
          20           3 -0.89706138313908501     
          20           4 -0.19694362090031839     
          20           5   5.3623657620888367E-002
          20           6   2.0802124283673106E-014
          20           7  -2.5719651012290932E-014
          20           8   7.9175676381288379E-015
          20           9  -4.5552985314817734E-015
          20          10   6.3850220146267191E-015
          20          11  -2.8771217980907544E-015
          20          12   1.8236922096532344E-015
          20          13  -1.9103648571285456E-015
          20          14   1.0208173632060283E-015
          20          15   4.3021530963803283E-002
          20          16   7.1832170225667683E-016
          20          17   4.3021530963802783E-002
          20          18   6.3850252745619555E-017
          20          19   6.2599614339922651E-016
          20          20   4.3021530963801416E-002
