           1           1   2.0998672590241698     
           1           2  -5.3974193376347360E-002
           1           3 -0.28598936057679458     
           1           4 -0.15064284166808251     
           1           5  -5.3527762681810077E-016
           1           6   7.5083336396112837E-016
           1           7   2.5525990494258219E-015
           1           8   1.2006636445954435E-015
           1           9  -8.4608726939140526E-016
           1          10  -7.3850856726415278E-015
           1          11  -2.0611338786829949E-015
           1          12   1.9524076035812180E-015
           1          13   4.0638153281577210E-015
           1          14   2.1688688002342353E-002
           1          15  -1.0083047172572154E-015
           1          16   2.1688688002342162E-002
           1          17   2.4557346978003908E-016
           1          18   3.2302916358694708E-016
           1          19   2.1688688002341507E-002
           1          20   6.0578273508095576E-004
           1          21   7.3689006857735623E-016
           1          22   6.0578273507861302E-004
           1          23  -1.8120066731211777E-015
           1          24  -9.0348956629035644E-016
           1          25   6.0578273508098482E-004
           1          26  -1.5651272340400268E-015
           1          27   1.4123680609443419E-015
           1          28   1.9312701211969346E-015
           1          29  -2.5660821981896053E-016
           1          30   2.0378558976161261E-015
           1          31  -8.8828418479876311E-016
           1          32   4.7334358923873698E-015
           1          33  -2.2623460306337023E-015
           1          34  -2.1973087920653586E-015
           1          35   6.1028364492186398E-015
           2           1  -5.3974193376347360E-002
           2           2   4.3135696375519117E-002
           2           3  0.16518177720376959     
           2           4  0.10165080110589420     
           2           5   9.2573594352404506E-016
           2           6   1.2344138244652438E-015
           2           7   5.3320170905855004E-015
           2           8   4.3477213520225178E-016
           2           9   1.7840046561233014E-015
           2          10   5.0005516885478357E-015
           2          11   6.6494122368161946E-016
           2          12   6.3023783427604081E-018
           2          13   2.4441350871808754E-015
           2          14   1.3229355189701719E-003
           2          15   2.1010729964164920E-017
           2          16   1.3229355189702590E-003
           2          17   3.9514090082112153E-017
           2          18  -1.2981855331285324E-016
           2          19   1.3229355189697297E-003
           2          20   4.6405475954626497E-003
           2          21   5.0477833022004486E-016
           2          22   4.6405475954627790E-003
           2          23  -1.5035079342131025E-016
           2          24   1.5431555944299128E-016
           2          25   4.6405475954630878E-003
           2          26   1.0183329802684744E-016
           2          27   2.0689887177636014E-016
           2          28   2.2304754955268247E-017
           2          29  -1.2039032114001426E-016
           2          30  -1.2809024722456875E-016
           2          31   3.4303886749024978E-017
           2          32   1.8768087054259366E-016
           2          33   1.1422820962808118E-017
           2          34  -1.5873108312837427E-017
           2          35  -1.7427365650855700E-016
           3           1 -0.28598936057679458     
           3           2  0.16518177720376959     
           3           3  0.63751835995794748     
           3           4  0.38496005775525532     
           3           5   1.1545723565003529E-014
           3           6   1.5813965690827880E-014
           3           7   3.2485666909666906E-014
           3           8   8.8973652428601112E-015
           3           9   1.7288632501153906E-014
           3          10   3.0658970498980506E-014
           3          11   5.6108099698289436E-015
           3          12   3.9335028832185667E-015
           3          13   1.3741117216685739E-014
           3          14   4.2060061753075193E-003
           3          15   1.1885817890203840E-016
           3          16   4.2060061753078984E-003
           3          17   1.5472757811227480E-016
           3          18  -5.3071829886116400E-016
           3          19   4.2060061753058930E-003
           3          20   1.7585653238994411E-002
           3          21   1.8896149343221404E-015
           3          22   1.7585653238994983E-002
           3          23  -5.8528640439148073E-016
           3          24   6.1474896653579432E-016
           3          25   1.7585653238996152E-002
           3          26   5.9659138699124530E-016
           3          27   8.0617026959527767E-016
           3          28   7.1604646901163456E-017
           3          29  -2.9432635556450734E-016
           3          30  -5.1659604757158161E-016
           3          31   2.0611393084755752E-016
           3          32   6.0914182423905870E-016
           3          33   2.1402004496902337E-016
           3          34   6.7842970545083365E-017
           3          35  -7.1182504047050611E-016
           4           1 -0.15064284166808251     
           4           2  0.10165080110589420     
           4           3  0.38496005775525532     
           4           4  0.25441386177847025     
           4           5  -2.7132642880188577E-014
           4           6  -3.9165012622024252E-014
           4           7  -9.8135534883241077E-014
           4           8  -2.5870343423764825E-014
           4           9  -3.5306680657608557E-014
           4          10  -9.1217158931444165E-014
           4          11  -9.4842762546976393E-015
           4          12  -1.5293787112237574E-014
           4          13  -3.6442017566943582E-014
           4          14   2.7501984459965727E-003
           4          15   5.2590776989215168E-017
           4          16   2.7501984459966794E-003
           4          17   7.0725696482360659E-017
           4          18  -2.1339510425912779E-016
           4          19   2.7501984459955232E-003
           4          20   1.0729339133923068E-002
           4          21   1.1635563323531902E-015
           4          22   1.0729339133923387E-002
           4          23  -1.1226961622171068E-016
           4          24   3.6107410846099974E-016
           4          25   1.0729339133923843E-002
           4          26  -2.1648967925509645E-016
           4          27   1.9370570012379933E-016
           4          28  -1.6901133776563438E-016
           4          29  -8.3021390655634242E-016
           4          30  -8.5638209823819211E-016
           4          31  -2.3321614788352867E-017
           4          32  -2.3543266032848644E-016
           4          33  -2.0335459057528488E-016
           4          34  -1.7841399898779265E-016
           4          35  -1.8876545067935847E-015
           5           1  -5.3527762681810077E-016
           5           2   9.2573594352404506E-016
           5           3   1.1545723565003529E-014
           5           4  -2.7132642880188577E-014
           5           5  0.25880024387670791     
           5           6   6.8556271770603614E-015
           5           7   2.9448665728182334E-014
           5           8  0.24206341903045911     
           5           9   1.2427558981897859E-014
           5          10   4.7281623061223892E-014
           5          11   9.9288780238491414E-002
           5          12   1.3457984726628055E-014
           5          13  -6.3768434976907421E-015
           5          14   8.0179498284742563E-016
           5          15   1.4892197926065223E-015
           5          16  -1.7409347815379545E-015
           5          17   8.8404681060686874E-016
           5          18   2.0491367342071379E-016
           5          19   1.5815385479364975E-016
           5          20   6.6039302118003849E-015
           5          21  -3.0120371618268181E-015
           5          22   1.6156410158254903E-015
           5          23   4.7056755707997263E-015
           5          24  -2.7658839818008254E-015
           5          25   6.5681513381552502E-015
           5          26   3.0642348523794061E-003
           5          27  -1.0313744216311506E-015
           5          28   1.3703676157601655E-003
           5          29  -4.5331577033791379E-015
           5          30  -5.3864790232338581E-015
           5          31  -1.6918034295404532E-015
           5          32  -1.6856091175632169E-015
           5          33   1.3703676157601134E-003
           5          34  -2.3043361923463802E-015
           5          35  -5.9981316788415491E-015
           6           1   7.5083336396112837E-016
           6           2   1.2344138244652438E-015
           6           3   1.5813965690827880E-014
           6           4  -3.9165012622024252E-014
           6           5   6.8556271770603614E-015
           6           6  0.25880024387668421     
           6           7  -3.5527136788004694E-015
           6           8  -3.2460145682478002E-014
           6           9  0.24206341903046857     
           6          10   2.2953861034125127E-014
           6          11   1.6129458879632352E-014
           6          12   9.9288780238490068E-002
           6          13  -2.5465740627339525E-014
           6          14   1.0578974696939986E-015
           6          15   1.7398846131376423E-015
           6          16  -1.8111980513721142E-015
           6          17   8.4245159510074012E-016
           6          18   7.2013932517734414E-016
           6          19   5.0078013092587066E-017
           6          20   8.4224871289186017E-015
           6          21  -5.2794551063379958E-015
           6          22   3.3207790893927815E-015
           6          23   5.5806923699771971E-015
           6          24  -2.5605459124241476E-015
           6          25   9.9030720062577557E-015
           6          26   1.3774788601428359E-015
           6          27   1.3703676157552544E-003
           6          28   5.0103421845443276E-015
           6          29   3.0642348523728974E-003
           6          30  -7.3908977896164336E-015
           6          31  -2.5506079518434715E-015
           6          32  -2.7370683844396544E-015
           6          33   5.2156087608501449E-015
           6          34   1.3703676157538116E-003
           6          35  -8.4244677206468587E-015
           7           1   2.5525990494258219E-015
           7           2   5.3320170905855004E-015
           7           3   3.2485666909666906E-014
           7           4  -9.8135534883241077E-014
           7           5   2.9448665728182334E-014
           7           6  -3.5527136788004694E-015
           7           7  0.25880024387671219     
           7           8  -7.8326234387304756E-014
           7           9   4.1772141301521720E-015
           7          10  0.24206341903055262     
           7          11   5.4338478161497505E-014
           7          12   2.9788671529473712E-014
           7          13   9.9288780238413754E-002
           7          14  -3.2816933338800570E-015
           7          15   7.4278714204302111E-015
           7          16  -1.1365488368310603E-014
           7          17  -4.8022088939571389E-016
           7          18   5.1559976196259312E-016
           7          19   1.1244488892956769E-015
           7          20   3.4406640256737275E-014
           7          21  -1.4625699760005618E-014
           7          22  -2.0614068548905470E-015
           7          23   1.6418732967386290E-014
           7          24  -9.3023249341818068E-015
           7          25   2.5177321600051780E-014
           7          26   3.9912734575708922E-015
           7          27  -4.5485533742284399E-015
           7          28   1.1462619048385749E-014
           7          29  -1.2695356918501758E-014
           7          30   1.3703676157337742E-003
           7          31  -6.1900207018056910E-015
           7          32   1.3703676157512548E-003
           7          33   1.1039183889921540E-014
           7          34  -6.7370154593904298E-015
           7          35   3.0642348523586501E-003
           8           1   1.2006636445954435E-015
           8           2   4.3477213520225178E-016
           8           3   8.8973652428601112E-015
           8           4  -2.5870343423764825E-014
           8           5  0.24206341903045911     
           8           6  -3.2460145682478002E-014
           8           7  -7.8326234387304756E-014
           8           8  0.22640897842673621     
           8           9  -2.4723278979621445E-014
           8          10  -5.4789506265251444E-014
           8          11   9.2867693074288479E-002
           8          12  -2.3314683517128386E-015
           8          13  -4.6580794776929224E-014
           8          14   7.3732483269055629E-016
           8          15   1.3929107225148020E-015
           8          16  -1.6409645043546510E-015
           8          17   8.2687477551387148E-016
           8          18   1.9166173745128693E-016
           8          19   1.3530850630730354E-016
           8          20   6.1187531041938328E-015
           8          21  -2.8172462387021263E-015
           8          22   1.4530606774835795E-015
           8          23   4.4013556573640238E-015
           8          24  -2.5870119874931849E-015
           8          25   6.0852880797682408E-015
           8          26   2.8660682616381797E-003
           8          27  -1.1705317704696657E-015
           8          28   1.2817448138014629E-003
           8          29  -4.7003416783764042E-015
           8          30  -5.5987115984978971E-015
           8          31  -1.5823931088579733E-015
           8          32  -2.1371251122948088E-015
           8          33   1.2817448138014141E-003
           8          34  -2.3612025962932433E-015
           8          35  -6.8637586933539837E-015
           9           1  -8.4608726939140526E-016
           9           2   1.7840046561233014E-015
           9           3   1.7288632501153906E-014
           9           4  -3.5306680657608557E-014
           9           5   1.2427558981897859E-014
           9           6  0.24206341903046857     
           9           7   4.1772141301521720E-015
           9           8  -2.4723278979621445E-014
           9           9  0.22640897842677465     
           9          10   2.8477220581635278E-014
           9          11   1.7395807017095422E-014
           9          12   9.2867693074299359E-002
           9          13  -2.0941581801992015E-014
           9          14   9.9981856206856764E-016
           9          15   1.6273648427292304E-015
           9          16  -1.6837301894745974E-015
           9          17   7.8796955684063371E-016
           9          18   6.7356732211499762E-016
           9          19   5.7175619480840296E-017
           9          20   7.9430697383083919E-015
           9          21  -4.9380283979450361E-015
           9          22   3.1712933580218773E-015
           9          23   5.2197843997309414E-015
           9          24  -2.3949533001263359E-015
           9          25   9.3279039726386640E-015
           9          26   1.3595895242968237E-015
           9          27   1.2817448137970367E-003
           9          28   4.7180954889508583E-015
           9          29   2.8660682616324660E-003
           9          30  -6.8731912522546060E-015
           9          31  -2.3856580356383933E-015
           9          32  -2.5204447903770526E-015
           9          33   4.9102161139152905E-015
           9          34   1.2817448137956873E-003
           9          35  -7.7908599710463346E-015
          10           1  -7.3850856726415278E-015
          10           2   5.0005516885478357E-015
          10           3   3.0658970498980506E-014
          10           4  -9.1217158931444165E-014
          10           5   4.7281623061223892E-014
          10           6   2.2953861034125127E-014
          10           7  0.24206341903055262     
          10           8  -5.4789506265251444E-014
          10           9   2.8477220581635278E-014
          10          10  0.22640897842690733     
          10          11   5.8401200542235188E-014
          10          12   3.7941871866564706E-014
          10          13   9.2867693074250163E-002
          10          14  -3.1872438704384629E-015
          10          15   6.9475048601781194E-015
          10          16  -1.0748253224466615E-014
          10          17  -4.4916460910429907E-016
          10          18   4.8225550085448791E-016
          10          19   9.3394950751234470E-016
          10          20   3.2144562124387816E-014
          10          21  -1.3679843714938886E-014
          10          22  -1.9650663557670533E-015
          10          23   1.5356919988563615E-014
          10          24  -8.7007359219260388E-015
          10          25   2.3512111103885693E-014
          10          26   3.9668789086899628E-015
          10          27  -4.1153061861032371E-015
          10          28   1.0825867112485002E-014
          10          29  -1.1563233009992396E-014
          10          30   1.2817448137772518E-003
          10          31  -5.7897069666707369E-015
          10          32   1.2817448137936020E-003
          10          33   1.0429808058876062E-014
          10          34  -6.1621714675386106E-015
          10          35   2.8660682616198255E-003
          11           1  -2.0611338786829949E-015
          11           2   6.6494122368161946E-016
          11           3   5.6108099698289436E-015
          11           4  -9.4842762546976393E-015
          11           5   9.9288780238491414E-002
          11           6   1.6129458879632352E-014
          11           7   5.4338478161497505E-014
          11           8   9.2867693074288479E-002
          11           9   1.7395807017095422E-014
          11          10   5.8401200542235188E-014
          11          11   3.8092166118451981E-002
          11          12   1.0339819278559757E-014
          11          13   1.4066872666695927E-014
          11          14   2.9994279548614341E-016
          11          15   5.7133955710530854E-016
          11          16  -6.7557613371004225E-016
          11          17   3.3916478664792811E-016
          11          18   7.8615183600274780E-017
          11          19   5.3009710886518786E-017
          11          20   2.5617067757358847E-015
          11          21  -1.1555688331343495E-015
          11          22   6.4794834055148212E-016
          11          23   1.8053336450723656E-015
          11          24  -1.0611321021994461E-015
          11          25   2.5479802016426924E-015
          11          26   1.1755944905599337E-003
          11          27  -3.2419000210032268E-016
          11          28   5.2574188883676757E-004
          11          29  -1.5793573046596339E-015
          11          30  -1.8386171491552313E-015
          11          31  -6.4906082160684970E-016
          11          32  -4.1877308912252850E-016
          11          33   5.2574188883674762E-004
          11          34  -8.1256887069641687E-016
          11          35  -1.7915898799236738E-015
          12           1   1.9524076035812180E-015
          12           2   6.3023783427604081E-018
          12           3   3.9335028832185667E-015
          12           4  -1.5293787112237574E-014
          12           5   1.3457984726628055E-014
          12           6   9.9288780238490068E-002
          12           7   2.9788671529473712E-014
          12           8  -2.3314683517128386E-015
          12           9   9.2867693074299359E-002
          12          10   3.7941871866564706E-014
          12          11   1.0339819278559757E-014
          12          12   3.8092166118454437E-002
          12          13   2.1805474093028477E-015
          12          14   3.9813278430047637E-016
          12          15   6.6750718008100131E-016
          12          16  -7.0259645152817263E-016
          12          17   3.2320677150278705E-016
          12          18   2.7628163763523277E-016
          12          19   1.1482590129403171E-017
          12          20   3.1766201300117291E-015
          12          21  -2.0254643117045474E-015
          12          22   1.2193485262802789E-015
          12          23   2.1410340655083511E-015
          12          24  -9.8235409898108667E-016
          12          25   3.7446468996476683E-015
          12          26   6.5659283565722089E-016
          12          27   5.2574188883492453E-004
          12          28   1.9795227739968787E-015
          12          29   1.1755944905575283E-003
          12          30  -2.6705796862119820E-015
          12          31  -9.7854139784356003E-016
          12          32  -8.8514265361716207E-016
          12          33   2.0582765093007918E-015
          12          34   5.2574188883437094E-004
          12          35  -2.8632153072083448E-015
          13           1   4.0638153281577210E-015
          13           2   2.4441350871808754E-015
          13           3   1.3741117216685739E-014
          13           4  -3.6442017566943582E-014
          13           5  -6.3768434976907421E-015
          13           6  -2.5465740627339525E-014
          13           7   9.9288780238413754E-002
          13           8  -4.6580794776929224E-014
          13           9  -2.0941581801992015E-014
          13          10   9.2867693074250163E-002
          13          11   1.4066872666695927E-014
          13          12   2.1805474093028477E-015
          13          13   3.8092166118391765E-002
          13          14  -1.2061211693882858E-015
          13          15   2.8497047841019600E-015
          13          16  -4.3074712169879306E-015
          13          17  -1.8423686793686487E-016
          13          18   1.9780998151164567E-016
          13          19   4.8429642969455370E-016
          13          20   1.3253329228097972E-014
          13          21  -5.6111534809674391E-015
          13          22  -7.3764644159746021E-016
          13          23   6.2990511329208579E-015
          13          24  -3.5688393575710010E-015
          13          25   9.7124987476965894E-015
          13          26   1.3219677089115773E-015
          13          27  -1.8726610973712734E-015
          13          28   4.3040386792786465E-015
          13          29  -5.1559234312548163E-015
          13          30   5.2574188882622262E-004
          13          31  -2.3748030369921551E-015
          13          32   5.2574188883292906E-004
          13          33   4.1415980887860019E-015
          13          34  -2.7122943647983637E-015
          13          35   1.1755944905510317E-003
          14           1   2.1688688002342353E-002
          14           2   1.3229355189701719E-003
          14           3   4.2060061753075193E-003
          14           4   2.7501984459965727E-003
          14           5   8.0179498284742563E-016
          14           6   1.0578974696939986E-015
          14           7  -3.2816933338800570E-015
          14           8   7.3732483269055629E-016
          14           9   9.9981856206856764E-016
          14          10  -3.1872438704384629E-015
          14          11   2.9994279548614341E-016
          14          12   3.9813278430047637E-016
          14          13  -1.2061211693882858E-015
          14          14   3.1987706808362510E-004
          14          15  -1.2467917384176454E-017
          14          16   3.1987706808363117E-004
          14          17   1.0098321803236660E-017
          14          18   1.4220973913827650E-018
          14          19   3.1987706808359777E-004
          14          20   2.2896010482806968E-004
          14          21   3.5491011299929510E-017
          14          22   2.2896010482804019E-004
          14          23  -3.5265848053483670E-017
          14          24  -8.4600618345569588E-018
          14          25   2.2896010482808757E-004
          14          26   3.4604514868660321E-018
          14          27   3.2059472249588203E-017
          14          28   3.0516348909596649E-017
          14          29   3.3703808389623865E-018
          14          30  -1.3923109071946428E-018
          14          31  -7.1681586282134947E-018
          14          32   4.8268705770033191E-017
          14          33  -1.8100955098036809E-017
          14          34  -1.9130858835258643E-017
          14          35   2.2489651488636360E-017
          15           1  -1.0083047172572154E-015
          15           2   2.1010729964164920E-017
          15           3   1.1885817890203840E-016
          15           4   5.2590776989215168E-017
          15           5   1.4892197926065223E-015
          15           6   1.7398846131376423E-015
          15           7   7.4278714204302111E-015
          15           8   1.3929107225148020E-015
          15           9   1.6273648427292304E-015
          15          10   6.9475048601781194E-015
          15          11   5.7133955710530854E-016
          15          12   6.6750718008100131E-016
          15          13   2.8497047841019600E-015
          15          14  -1.2467917384176454E-017
          15          15   2.3428372118421160E-028
          15          16  -1.2467917384442907E-017
          15          17  -4.1094810846045560E-030
          15          18   1.9871528299481625E-029
          15          19  -1.2467917384060391E-017
          15          20  -2.9364368506995400E-018
          15          21  -4.7376840438498263E-028
          15          22  -2.9364368518065622E-018
          15          23   5.3771854563518555E-028
          15          24  -2.9877603281012747E-028
          15          25  -2.9364368509539006E-018
          15          26   1.7632592315335281E-017
          15          27   9.2128256652467351E-018
          15          28   7.8855357555286415E-018
          15          29   2.0600502498456954E-017
          15          30   3.9331162505471598E-017
          15          31  -2.0418423344181680E-028
          15          32   3.9331162506023905E-017
          15          33   7.8855357555196914E-018
          15          34   9.2128256651684221E-018
          15          35   8.7947144656242940E-017
          16           1   2.1688688002342162E-002
          16           2   1.3229355189702590E-003
          16           3   4.2060061753078984E-003
          16           4   2.7501984459966794E-003
          16           5  -1.7409347815379545E-015
          16           6  -1.8111980513721142E-015
          16           7  -1.1365488368310603E-014
          16           8  -1.6409645043546510E-015
          16           9  -1.6837301894745974E-015
          16          10  -1.0748253224466615E-014
          16          11  -6.7557613371004225E-016
          16          12  -7.0259645152817263E-016
          16          13  -4.3074712169879306E-015
          16          14   3.1987706808363117E-004
          16          15  -1.2467917384442907E-017
          16          16   3.1987706808363724E-004
          16          17   1.0098321803235703E-017
          16          18   1.4220973913572102E-018
          16          19   3.1987706808360385E-004
          16          20   2.2896010482808393E-004
          16          21   3.5491011300476980E-017
          16          22   2.2896010482805439E-004
          16          23  -3.5265848054108509E-017
          16          24  -8.4600618342121958E-018
          16          25   2.2896010482810182E-004
          16          26  -2.6645861581201561E-017
          16          27   1.6867386146256403E-017
          16          28   1.7052395117850853E-017
          16          29  -3.0600153186163373E-017
          16          30  -4.4196640460513371E-017
          16          31  -7.1681586279741109E-018
          16          32   5.4643762160829635E-018
          16          33  -3.1564908889770726E-017
          16          34  -3.4322944938494255E-017
          16          35  -7.3223730047378866E-017
          17           1   2.4557346978003908E-016
          17           2   3.9514090082112153E-017
          17           3   1.5472757811227480E-016
          17           4   7.0725696482360659E-017
          17           5   8.8404681060686874E-016
          17           6   8.4245159510074012E-016
          17           7  -4.8022088939571389E-016
          17           8   8.2687477551387148E-016
          17           9   7.8796955684063371E-016
          17          10  -4.4916460910429907E-016
          17          11   3.3916478664792811E-016
          17          12   3.2320677150278705E-016
          17          13  -1.8423686793686487E-016
          17          14   1.0098321803236660E-017
          17          15  -4.1094810846045560E-030
          17          16   1.0098321803235703E-017
          17          17   9.5014576266104721E-030
          17          18   4.0115318894238005E-030
          17          19   1.0098321803223556E-017
          17          20   1.1535437020790808E-017
          17          21   2.4963451815543801E-030
          17          22   1.1535437020820286E-017
          17          23  -1.1218768010056905E-031
          17          24  -3.0788480569505148E-030
          17          25   1.1535437020811431E-017
          17          26   1.0467250755324717E-017
          17          27   4.4608473565387497E-018
          17          28   4.6810972892595202E-018
          17          29   9.9747569804330953E-018
          17          30  -2.5428073226674927E-018
          17          31  -2.1683726290060740E-030
          17          32  -2.5428073226692988E-018
          17          33   4.6810972892600741E-018
          17          34   4.4608473565333848E-018
          17          35  -5.6858894879182598E-018
          18           1   3.2302916358694708E-016
          18           2  -1.2981855331285324E-016
          18           3  -5.3071829886116400E-016
          18           4  -2.1339510425912779E-016
          18           5   2.0491367342071379E-016
          18           6   7.2013932517734414E-016
          18           7   5.1559976196259312E-016
          18           8   1.9166173745128693E-016
          18           9   6.7356732211499762E-016
          18          10   4.8225550085448791E-016
          18          11   7.8615183600274780E-017
          18          12   2.7628163763523277E-016
          18          13   1.9780998151164567E-016
          18          14   1.4220973913827650E-018
          18          15   1.9871528299481625E-029
          18          16   1.4220973913572102E-018
          18          17   4.0115318894238005E-030
          18          18   5.8792980794237336E-030
          18          19   1.4220973913901791E-018
          18          20  -9.4887453025309218E-018
          18          21  -4.6006193871727151E-029
          18          22  -9.4887453026257639E-018
          18          23   5.1197426846740667E-029
          18          24  -3.0474542503635987E-029
          18          25  -9.4887453025496973E-018
          18          26   2.4262095368317788E-018
          18          27   3.8131942816963972E-018
          18          28   1.0850339933437201E-018
          18          29   8.5265608165990543E-018
          18          30   2.7301412312578398E-018
          18          31  -2.1386152277850493E-029
          18          32   2.7301412313088246E-018
          18          33   1.0850339933426004E-018
          18          34   3.8131942816884863E-018
          18          35   6.1047808023674548E-018
          19           1   2.1688688002341507E-002
          19           2   1.3229355189697297E-003
          19           3   4.2060061753058930E-003
          19           4   2.7501984459955232E-003
          19           5   1.5815385479364975E-016
          19           6   5.0078013092587066E-017
          19           7   1.1244488892956769E-015
          19           8   1.3530850630730354E-016
          19           9   5.7175619480840296E-017
          19          10   9.3394950751234470E-016
          19          11   5.3009710886518786E-017
          19          12   1.1482590129403171E-017
          19          13   4.8429642969455370E-016
          19          14   3.1987706808359777E-004
          19          15  -1.2467917384060391E-017
          19          16   3.1987706808360385E-004
          19          17   1.0098321803223556E-017
          19          18   1.4220973913901791E-018
          19          19   3.1987706808357051E-004
          19          20   2.2896010482802045E-004
          19          21   3.5491011299703341E-017
          19          22   2.2896010482799091E-004
          19          23  -3.5265848053236319E-017
          19          24  -8.4600618347006270E-018
          19          25   2.2896010482803834E-004
          19          26  -4.1603588626465126E-018
          19          27   2.6722989079453580E-017
          19          28   2.7108218589472832E-017
          19          29  -8.5623571585388808E-018
          19          30   2.1938558192931567E-017
          19          31  -7.1681586283041721E-018
          19          32   7.1599574870425280E-017
          19          33  -2.1509085418165467E-017
          19          34  -2.4467342005416732E-017
          19          35   7.4659055823310103E-017
          20           1   6.0578273508095576E-004
          20           2   4.6405475954626497E-003
          20           3   1.7585653238994411E-002
          20           4   1.0729339133923068E-002
          20           5   6.6039302118003849E-015
          20           6   8.4224871289186017E-015
          20           7   3.4406640256737275E-014
          20           8   6.1187531041938328E-015
          20           9   7.9430697383083919E-015
          20          10   3.2144562124387816E-014
          20          11   2.5617067757358847E-015
          20          12   3.1766201300117291E-015
          20          13   1.3253329228097972E-014
          20          14   2.2896010482806968E-004
          20          15  -2.9364368506995400E-018
          20          16   2.2896010482808393E-004
          20          17   1.1535437020790808E-017
          20          18  -9.4887453025309218E-018
          20          19   2.2896010482802045E-004
          20          20   5.3458538191047706E-004
          20          21   6.3574611597422205E-017
          20          22   5.3458538191047435E-004
          20          23  -3.1618719554831165E-017
          20          24   8.5810782180930169E-018
          20          25   5.3458538191052379E-004
          20          26   9.2530417529258625E-017
          20          27   7.2902499589251545E-017
          20          28   4.6835453001166790E-017
          20          29   8.3871613824985938E-017
          20          30   1.7080715715899461E-016
          20          31   2.8902511469124060E-018
          20          32   2.1979840395743614E-016
          20          33   3.2515190656908320E-017
          20          34   3.6875587410807689E-017
          20          35   4.0282756041003538E-016
          21           1   7.3689006857735623E-016
          21           2   5.0477833022004486E-016
          21           3   1.8896149343221404E-015
          21           4   1.1635563323531902E-015
          21           5  -3.0120371618268181E-015
          21           6  -5.2794551063379958E-015
          21           7  -1.4625699760005618E-014
          21           8  -2.8172462387021263E-015
          21           9  -4.9380283979450361E-015
          21          10  -1.3679843714938886E-014
          21          11  -1.1555688331343495E-015
          21          12  -2.0254643117045474E-015
          21          13  -5.6111534809674391E-015
          21          14   3.5491011299929510E-017
          21          15  -4.7376840438498263E-028
          21          16   3.5491011300476980E-017
          21          17   2.4963451815543801E-030
          21          18  -4.6006193871727151E-029
          21          19   3.5491011299703341E-017
          21          20   6.3574611597422205E-017
          21          21   9.7783616519830924E-028
          21          22   6.3574611599641912E-017
          21          23  -1.1022455444255907E-027
          21          24   6.0941542593874212E-028
          21          25   6.3574611597918128E-017
          21          26  -3.5662985126041849E-017
          21          27  -2.7955129400635900E-017
          21          28  -1.5948973317779920E-017
          21          29  -6.2509563730893995E-017
          21          30  -7.7444228831752537E-017
          21          31   4.2174432649351742E-028
          21          32  -7.7444228832871031E-017
          21          33  -1.5948973317762626E-017
          21          34  -2.7955129400472859E-017
          21          35  -1.7317054371103576E-016
          22           1   6.0578273507861302E-004
          22           2   4.6405475954627790E-003
          22           3   1.7585653238994983E-002
          22           4   1.0729339133923387E-002
          22           5   1.6156410158254903E-015
          22           6   3.3207790893927815E-015
          22           7  -2.0614068548905470E-015
          22           8   1.4530606774835795E-015
          22           9   3.1712933580218773E-015
          22          10  -1.9650663557670533E-015
          22          11   6.4794834055148212E-016
          22          12   1.2193485262802789E-015
          22          13  -7.3764644159746021E-016
          22          14   2.2896010482804019E-004
          22          15  -2.9364368518065622E-018
          22          16   2.2896010482805439E-004
          22          17   1.1535437020820286E-017
          22          18  -9.4887453026257639E-018
          22          19   2.2896010482799091E-004
          22          20   5.3458538191047435E-004
          22          21   6.3574611599641912E-017
          22          22   5.3458538191047174E-004
          22          23  -3.1618719557338899E-017
          22          24   8.5810782195129912E-018
          22          25   5.3458538191052118E-004
          22          26   3.3468303138531031E-017
          22          27   4.5888554866828391E-017
          22          28   2.0422069960052957E-017
          22          29   2.3466602814600827E-017
          22          30  -2.2294016248596104E-017
          22          31   2.8902511478680509E-018
          22          32   2.6697230547213638E-017
          22          33   6.1018076158559070E-018
          22          34   9.8616426887484701E-018
          22          35  -2.8959748917497445E-017
          23           1  -1.8120066731211777E-015
          23           2  -1.5035079342131025E-016
          23           3  -5.8528640439148073E-016
          23           4  -1.1226961622171068E-016
          23           5   4.7056755707997263E-015
          23           6   5.5806923699771971E-015
          23           7   1.6418732967386290E-014
          23           8   4.4013556573640238E-015
          23           9   5.2197843997309414E-015
          23          10   1.5356919988563615E-014
          23          11   1.8053336450723656E-015
          23          12   2.1410340655083511E-015
          23          13   6.2990511329208579E-015
          23          14  -3.5265848053483670E-017
