           1           1   2.1138713508971776     
           1           2 -0.46236015752199777     
           1           3  -2.9434837317884016E-002
           1           4   4.6682162861009936E-002
           1           5  -1.1181986169371244E-002
           1           6   7.4390871026123094E-015
           1           7  -2.4277178722126636E-015
           1           8  -2.2133499210902132E-015
           1           9  -3.7696025130122002E-016
           1          10   1.4244881354943438E-015
           1          11  -3.2707556608878956E-016
           1          12   7.4338937358805001E-017
           1          13   2.6336463317093720E-015
           1          14  -1.3658179314614912E-015
           1          15  -2.8630752679608358E-002
           1          16  -9.4113049530595505E-016
           1          17  -2.8630752679604275E-002
           1          18  -7.8385405126752846E-016
           1          19  -1.4627453126817398E-015
           1          20  -2.8630752679602432E-002
           2           1 -0.46236015752199777     
           2           2   4.9963247225666461     
           2           3  -3.1466946156730518     
           2           4 -0.38385264774371175     
           2           5  0.10592718617616276     
           2           6  -2.4449842628853190E-014
           2           7   1.0779600167801625E-014
           2           8   1.9982107897754843E-015
           2           9   9.2522591973770142E-015
           2          10  -2.2512703900308574E-015
           2          11  -2.7825725352179924E-015
           2          12  -1.8387295578971247E-015
           2          13   2.9536382223957946E-015
           2          14   3.4984464854829526E-015
           2          15  0.19334385397281240     
           2          16   6.4709065921988881E-015
           2          17  0.19334385397281384     
           2          18  -7.7943929131130557E-016
           2          19   1.4486580427236757E-015
           2          20  0.19334385397279968     
           3           1  -2.9434837317884016E-002
           3           2  -3.1466946156730518     
           3           3   3.4052210859501120     
           3           4  0.25224529824858588     
           3           5  -7.5304965577224353E-002
           3           6   6.1344160685101414E-015
           3           7  -2.4624535134053995E-015
           3           8  -2.5987791029677083E-016
           3           9  -5.2424266985452356E-015
           3          10   3.4979337345258147E-015
           3          11  -6.7325627066085481E-016
           3          12   1.4156968645447386E-015
           3          13  -2.7699940878189747E-015
           3          14  -8.7858090342000706E-016
           3          15 -0.10917633033041570     
           3          16  -3.2542691697724358E-015
           3          17 -0.10917633033041892     
           3          18   3.2353691769012957E-015
           3          19  -2.0737855445889772E-015
           3          20 -0.10917633033040347     
           4           1   4.6682162861009936E-002
           4           2 -0.38385264774371175     
           4           3  0.25224529824858588     
           4           4   2.9659121011911732E-002
           4           5  -8.2238390845330699E-003
           4           6   1.4066648275108021E-015
           4           7  -1.3714261740221246E-015
           4           8   4.1949258717352893E-015
           4           9  -6.0017998572997069E-016
           4          10   3.3747017845147384E-016
           4          11  -8.6019535657405608E-016
           4          12   1.0274409906402665E-016
           4          13  -2.6949079811588296E-016
           4          14   1.4799170344235130E-016
           4          15  -1.4814661397536070E-002
           4          16  -4.9215131185137024E-016
           4          17  -1.4814661397536181E-002
           4          18   7.8506742318052856E-017
           4          19  -1.3061850986953349E-016
           4          20  -1.4814661397535029E-002
           5           1  -1.1181986169371244E-002
           5           2  0.10592718617616276     
           5           3  -7.5304965577224353E-002
           5           4  -8.2238390845330699E-003
           5           5   2.3031220096303515E-003
           5           6   3.2726651585647018E-017
           5           7   1.0287594140901881E-015
           5           8  -2.0295042907822384E-015
           5           9   7.1125389555622290E-017
           5          10  -2.6190966860149290E-016
           5          11   4.5577735638707796E-016
           5          12   6.8765166988603010E-018
           5          13   1.4177069423726366E-016
           5          14  -1.2840418387652381E-016
           5          15   4.0361865090910954E-003
           5          16   1.3249448235432223E-016
           5          17   4.0361865090911345E-003
           5          18  -3.2696284240945770E-017
           5          19   4.0360633275211659E-017
           5          20   4.0361865090907919E-003
           6           1   7.4390871026123094E-015
           6           2  -2.4449842628853190E-014
           6           3   6.1344160685101414E-015
           6           4   1.4066648275108021E-015
           6           5   3.2726651585647018E-017
           6           6   2.2035394154422421     
           6           7   1.6653345369377353E-016
           6           8   3.3306690738754726E-016
           6           9 -0.53069622645163461     
           6          10  -9.9573127521068648E-016
           6          11  -3.1918911957973290E-016
           6          12  0.20856178066809108     
           6          13  -5.0480453150925146E-016
           6          14   1.0382320003721190E-015
           6          15  -2.2031284290876372E-016
           6          16   1.0308836203852399E-015
           6          17  -1.0781800374040766E-015
           6          18   9.0867360423370128E-016
           6          19  -5.5113043885762041E-016
           6          20  -1.1516673114265539E-015
           7           1  -2.4277178722126636E-015
           7           2   1.0779600167801625E-014
           7           3  -2.4624535134053995E-015
           7           4  -1.3714261740221246E-015
           7           5   1.0287594140901881E-015
           7           6   1.6653345369377353E-016
           7           7   2.2035394154422385     
           7           8   1.5543122344752192E-015
           7           9   6.0715321659188209E-016
           7          10 -0.53069622645162906     
           7          11  -1.1379786002407857E-015
           7          12  -1.0182826803983858E-015
           7          13  0.20856178066808739     
           7          14   1.3183898417423734E-015
           7          15   1.0380657869336396E-015
           7          16  -5.0456452751932752E-016
           7          17   1.4457734344788195E-015
           7          18   6.7289365639737727E-016
           7          19  -1.4577535685827388E-015
           7          20   1.2259993702426401E-015
           8           1  -2.2133499210902132E-015
           8           2   1.9982107897754843E-015
           8           3  -2.5987791029677083E-016
           8           4   4.1949258717352893E-015
           8           5  -2.0295042907822384E-015
           8           6   3.3306690738754726E-016
           8           7   1.5543122344752192E-015
           8           8   2.2035394154422403     
           8           9   7.2511441295830379E-016
           8          10   2.7755575615630405E-017
           8          11 -0.53069622645162928     
           8          12   1.3617579286417987E-016
           8          13   9.7144514654700100E-017
           8          14  0.20856178066808595     
           8          15  -1.5223126539381285E-016
           8          16  -9.3422197288692490E-016
           8          17  -2.6163259406511514E-015
           8          18  -1.6402617680596391E-015
           8          19   1.1367553767996418E-015
           8          20  -2.3633400422092486E-015
           9           1  -3.7696025130122002E-016
           9           2   9.2522591973770142E-015
           9           3  -5.2424266985452356E-015
           9           4  -6.0017998572997069E-016
           9           5   7.1125389555622290E-017
           9           6 -0.53069622645163461     
           9           7   6.0715321659188209E-016
           9           8   7.2511441295830379E-016
           9           9  0.12781186612606196     
           9          10   8.0664641632917462E-017
           9          11  -1.1362438767647877E-016
           9          12  -5.0229621129956395E-002
           9          13   1.7997756063259674E-016
           9          14  -1.7824283715661690E-016
           9          15   1.6330720640524383E-016
           9          16  -2.4827604326716431E-016
           9          17   3.6991430393426829E-016
           9          18  -2.1884321626543679E-016
           9          19   1.3273320283480157E-016
           9          20   3.8761283872906539E-016
          10           1   1.4244881354943438E-015
          10           2  -2.2512703900308574E-015
          10           3   3.4979337345258147E-015
          10           4   3.3747017845147384E-016
          10           5  -2.6190966860149290E-016
          10           6  -9.9573127521068648E-016
          10           7 -0.53069622645162906     
          10           8   2.7755575615630405E-017
          10           9   8.0664641632917462E-017
          10          10  0.12781186612605944     
          10          11   1.8041124150158606E-016
          10          12   1.5742615544489653E-016
          10          13  -5.0229621129955063E-002
          10          14  -2.8449465006019636E-016
          10          15  -2.1526817203611947E-016
          10          16   1.2151835763832686E-016
          10          17  -3.1345970359276200E-016
          10          18  -1.6205842371176623E-016
          10          19   3.5108258673375535E-016
          10          20  -2.6052973749151862E-016
          11           1  -3.2707556608878956E-016
          11           2  -2.7825725352179924E-015
          11           3  -6.7325627066085481E-016
          11           4  -8.6019535657405608E-016
          11           5   4.5577735638707796E-016
          11           6  -3.1918911957973290E-016
          11           7  -1.1379786002407857E-015
          11           8 -0.53069622645162928     
          11           9  -1.1362438767647877E-016
          11          10   1.8041124150158606E-016
          11          11  0.12781186612605949     
          11          12  -5.4860629927767178E-017
          11          13  -9.7144514654699792E-017
          11          14  -5.0229621129954688E-002
          11          15  -6.5534530336160835E-017
          11          16   2.2499623660227382E-016
          11          17   5.2791332751219808E-016
          11          18   3.9503751310362548E-016
          11          19  -2.7377399498210901E-016
          11          20   4.6698468665933686E-016
          12           1   7.4338937358805001E-017
          12           2  -1.8387295578971247E-015
          12           3   1.4156968645447386E-015
          12           4   1.0274409906402665E-016
          12           5   6.8765166988603010E-018
          12           6  0.20856178066809108     
          12           7  -1.0182826803983858E-015
          12           8   1.3617579286417987E-016
          12           9  -5.0229621129956395E-002
          12          10   1.5742615544489653E-016
          12          11  -5.4860629927767178E-017
          12          12   1.9740067298371897E-002
          12          13  -1.4539151133030708E-016
          12          14   1.0917915876929028E-016
          12          15   8.8863851938858007E-018
          12          16   9.7571625913470253E-017
          12          17  -7.2309489228346620E-017
          12          18   8.6004626745940011E-017
          12          19  -5.2163689427566863E-017
          12          20  -7.9264952161823503E-017
          13           1   2.6336463317093720E-015
          13           2   2.9536382223957946E-015
          13           3  -2.7699940878189747E-015
          13           4  -2.6949079811588296E-016
          13           5   1.4177069423726366E-016
          13           6  -5.0480453150925146E-016
          13           7  0.20856178066808739     
          13           8   9.7144514654700100E-017
          13           9   1.7997756063259674E-016
          13          10  -5.0229621129955063E-002
          13          11  -9.7144514654699792E-017
          13          12  -1.4539151133030708E-016
          13          13   1.9740067298371237E-002
          13          14   1.2143064331837652E-016
          13          15   1.5054369715832428E-016
          13          16  -4.7756294071218417E-017
          13          17   1.8913262929547498E-016
          13          18   6.3688399760402899E-017
          13          19  -1.3797424176225063E-016
          13          20   1.6833133576718091E-016
          14           1  -1.3658179314614912E-015
          14           2   3.4984464854829526E-015
          14           3  -8.7858090342000706E-016
          14           4   1.4799170344235130E-016
          14           5  -1.2840418387652381E-016
          14           6   1.0382320003721190E-015
          14           7   1.3183898417423734E-015
          14           8  0.20856178066808595     
          14           9  -1.7824283715661690E-016
          14          10  -2.8449465006019636E-016
          14          11  -5.0229621129954688E-002
          14          12   1.0917915876929028E-016
          14          13   1.2143064331837652E-016
          14          14   1.9740067298370932E-002
          14          15   1.2680107662629968E-016
          14          16  -8.8422742447488132E-017
          14          17  -1.0642187804605129E-016
          14          18  -1.5524837573174888E-016
          14          19   1.0759223270883550E-016
          14          20  -8.2477133017581005E-017
          15           1  -2.8630752679608358E-002
          15           2  0.19334385397281240     
          15           3 -0.10917633033041570     
          15           4  -1.4814661397536070E-002
          15           5   4.0361865090910954E-003
          15           6  -2.2031284290876372E-016
          15           7   1.0380657869336396E-015
          15           8  -1.5223126539381285E-016
          15           9   1.6330720640524383E-016
          15          10  -2.1526817203611947E-016
          15          11  -6.5534530336160835E-017
          15          12   8.8863851938858007E-018
          15          13   1.5054369715832428E-016
          15          14   1.2680107662629968E-016
          15          15   7.6245018039422865E-003
          15          16   2.5829197966084601E-016
          15          17   7.6245018039423108E-003
          15          18  -4.9437472026347434E-018
          15          19   5.2071947556194502E-017
          15          20   7.6245018039418121E-003
          16           1  -9.4113049530595505E-016
          16           2   6.4709065921988881E-015
          16           3  -3.2542691697724358E-015
          16           4  -4.9215131185137024E-016
          16           5   1.3249448235432223E-016
          16           6   1.0308836203852399E-015
          16           7  -5.0456452751932752E-016
          16           8  -9.3422197288692490E-016
          16           9  -2.4827604326716431E-016
          16          10   1.2151835763832686E-016
          16          11   2.2499623660227382E-016
          16          12   9.7571625913470253E-017
          16          13  -4.7756294071218417E-017
          16          14  -8.8422742447488132E-017
          16          15   2.5829197966084601E-016
          16          16   9.8606366016048111E-030
          16          17   2.5829197966084694E-016
          16          18   1.5588625355212672E-030
          16          19   9.2543456587661648E-031
          16          20   2.5829197966083210E-016
          17           1  -2.8630752679604275E-002
          17           2  0.19334385397281384     
          17           3 -0.10917633033041892     
          17           4  -1.4814661397536181E-002
          17           5   4.0361865090911345E-003
          17           6  -1.0781800374040766E-015
          17           7   1.4457734344788195E-015
          17           8  -2.6163259406511514E-015
          17           9   3.6991430393426829E-016
          17          10  -3.1345970359276200E-016
          17          11   5.2791332751219808E-016
          17          12  -7.2309489228346620E-017
          17          13   1.8913262929547498E-016
          17          14  -1.0642187804605129E-016
          17          15   7.6245018039423108E-003
          17          16   2.5829197966084694E-016
          17          17   7.6245018039423343E-003
          17          18  -4.9437472026381823E-018
          17          19   5.2071947556192518E-017
          17          20   7.6245018039418347E-003
          18           1  -7.8385405126752846E-016
          18           2  -7.7943929131130557E-016
          18           3   3.2353691769012957E-015
          18           4   7.8506742318052856E-017
          18           5  -3.2696284240945770E-017
          18           6   9.0867360423370128E-016
          18           7   6.7289365639737727E-016
          18           8  -1.6402617680596391E-015
          18           9  -2.1884321626543679E-016
          18          10  -1.6205842371176623E-016
          18          11   3.9503751310362548E-016
          18          12   8.6004626745940011E-017
          18          13   6.3688399760402899E-017
          18          14  -1.5524837573174888E-016
          18          15  -4.9437472026347434E-018
          18          16   1.5588625355212672E-030
          18          17  -4.9437472026381823E-018
          18          18   7.2426064029104182E-030
          18          19  -3.7947129462017479E-030
          18          20  -4.9437472026239212E-018
          19           1  -1.4627453126817398E-015
          19           2   1.4486580427236757E-015
          19           3  -2.0737855445889772E-015
          19           4  -1.3061850986953349E-016
          19           5   4.0360633275211659E-017
          19           6  -5.5113043885762041E-016
          19           7  -1.4577535685827388E-015
          19           8   1.1367553767996418E-015
          19           9   1.3273320283480157E-016
          19          10   3.5108258673375535E-016
          19          11  -2.7377399498210901E-016
          19          12  -5.2163689427566863E-017
          19          13  -1.3797424176225063E-016
          19          14   1.0759223270883550E-016
          19          15   5.2071947556194502E-017
          19          16   9.2543456587661648E-031
          19          17   5.2071947556192518E-017
          19          18  -3.7947129462017479E-030
          19          19   4.3215604373510304E-030
          19          20   5.2071947556181782E-017
          20           1  -2.8630752679602432E-002
          20           2  0.19334385397279968     
          20           3 -0.10917633033040347     
          20           4  -1.4814661397535029E-002
          20           5   4.0361865090907919E-003
          20           6  -1.1516673114265539E-015
          20           7   1.2259993702426401E-015
          20           8  -2.3633400422092486E-015
          20           9   3.8761283872906539E-016
          20          10  -2.6052973749151862E-016
          20          11   4.6698468665933686E-016
          20          12  -7.9264952161823503E-017
          20          13   1.6833133576718091E-016
          20          14  -8.2477133017581005E-017
          20          15   7.6245018039418121E-003
          20          16   2.5829197966083210E-016
          20          17   7.6245018039418347E-003
          20          18  -4.9437472026239212E-018
          20          19   5.2071947556181782E-017
          20          20   7.6245018039413359E-003
