           1           1   2.1316413033014014     
           1           2  -1.8732281151728630E-002
           1           3 -0.31048182216011633     
           1           4 -0.14659874344770807     
           1           5   5.8731084928709062E-015
           1           6  -5.1794143444165998E-015
           1           7   1.3321305849506994E-014
           1           8   4.3727616746743641E-014
           1           9   3.6776439710958278E-014
           1          10  -4.7536736758259374E-014
           1          11   4.2759420242787447E-015
           1          12  -6.3400833140613009E-016
           1          13  -3.0140417190266987E-015
           1          14   5.7703293501087001E-003
           1          15   2.1153323027984083E-015
           1          16   5.7703293501076411E-003
           1          17  -7.2879940977551271E-015
           1          18   2.2376775199170088E-015
           1          19   5.7703293501149625E-003
           1          20  -3.2992400057473962E-003
           1          21   3.0001708733678142E-017
           1          22  -3.2992400057616235E-003
           1          23   2.4753577111376736E-015
           1          24  -3.6519035537789973E-015
           1          25  -3.2992400057555329E-003
           1          26  -1.9666369483628416E-014
           1          27  -5.4862725758968444E-015
           1          28  -1.7765861205961816E-014
           1          29  -1.7072748098161194E-014
           1          30   2.2051019152758472E-015
           1          31   4.2715088019248759E-015
           1          32   1.8502229539246599E-014
           1          33  -2.0455716541407779E-014
           1          34  -6.4321674240161132E-015
           1          35   2.4279335924238018E-014
           2           1  -1.8732281151728630E-002
           2           2   4.3599080369542777E-002
           2           3  0.17669362329002941     
           2           4   8.9397332465707441E-002
           2           5  -4.5569159286048757E-017
           2           6  -3.9187629156684319E-015
           2           7  -1.3173503671105886E-015
           2           8  -3.3881086032063887E-015
           2           9   3.1222038184368467E-015
           2          10  -1.5911515180153683E-015
           2          11  -2.2469760880799480E-016
           2          12  -3.7981098175146004E-015
           2          13  -3.6392478342880131E-016
           2          14   1.6520425805519210E-003
           2          15  -4.3412615058582499E-016
           2          16   1.6520425805513911E-003
           2          17   2.4358888234491171E-016
           2          18   1.9092743458144066E-016
           2          19   1.6520425805503450E-003
           2          20   4.5744790578098526E-003
           2          21   1.6218917028798625E-015
           2          22   4.5744790578106003E-003
           2          23  -1.6535541203121040E-015
           2          24  -1.0962431549583005E-016
           2          25   4.5744790578111857E-003
           2          26   1.1753095319823919E-015
           2          27  -4.1489854866368172E-016
           2          28   1.1222291882417364E-015
           2          29  -1.2432892645949849E-015
           2          30  -4.5373002009381506E-016
           2          31   4.5466083330463179E-017
           2          32   7.6901854552466704E-016
           2          33   9.7219126038015475E-017
           2          34  -1.4323787957679760E-015
           2          35   1.7495657778840949E-015
           3           1 -0.31048182216011633     
           3           2  0.17669362329002941     
           3           3  0.74199416316794553     
           3           4  0.37425007539960453     
           3           5   4.3773944289659713E-015
           3           6  -1.6290174546881684E-014
           3           7  -3.0222227194382884E-015
           3           8  -1.3482985458288404E-014
           3           9   7.3414913407979137E-015
           3          10   2.3948664983992908E-015
           3          11   6.2387888196519332E-016
           3          12  -1.5589370028912638E-014
           3          13   3.0309290217526357E-016
           3          14   5.9794437100778499E-003
           3          15  -1.9724282489912259E-015
           3          16   5.9794437100758428E-003
           3          17   1.7806387575169435E-015
           3          18   5.1754096835576553E-016
           3          19   5.9794437100708451E-003
           3          20   1.8686282406450434E-002
           3          21   6.4927326701584833E-015
           3          22   1.8686282406455000E-002
           3          23  -6.8962834095729678E-015
           3          24  -3.5695633519247403E-017
           3          25   1.8686282406456672E-002
           3          26   6.6462346243481144E-015
           3          27  -1.0323845953606664E-015
           3          28   6.3527486137562779E-015
           3          29  -3.0415673038473590E-015
           3          30  -2.1355285385469550E-015
           3          31  -2.8971599549457312E-016
           3          32   9.6172881824367196E-016
           3          33   2.5444630919539124E-015
           3          34  -5.0031416933257247E-015
           3          35   4.1586279095636036E-015
           4           1 -0.14659874344770807     
           4           2   8.9397332465707441E-002
           4           3  0.37425007539960453     
           4           4  0.18881578671548671     
           4           5  -9.4855717221484592E-015
           4           6  -4.6517404442900497E-015
           4           7  -1.1728741329915556E-014
           4           8  -1.7685813523441464E-014
           4           9   7.3240953664073350E-015
           4          10  -8.7148252923684276E-015
           4          11  -4.1587650977187448E-015
           4          12  -6.5097950346608398E-015
           4          13  -3.7953555877062712E-015
           4          14   3.0572766699505892E-003
           4          15  -9.8842388155123175E-016
           4          16   3.0572766699495683E-003
           4          17   8.6544022137720262E-016
           4          18   2.7330954331971363E-016
           4          19   3.0572766699470729E-003
           4          20   9.4476517679041219E-003
           4          21   3.2886089955613804E-015
           4          22   9.4476517679063649E-003
           4          23  -3.4804755781759372E-015
           4          24  -3.6317508708648327E-017
           4          25   9.4476517679072426E-003
           4          26   3.7936803683893500E-015
           4          27  -6.2294127297826742E-016
           4          28   3.3639048106572612E-015
           4          29  -1.7882614830239201E-015
           4          30  -8.6486481611447127E-016
           4          31  -1.2538207204649925E-016
           4          32   7.8528312441491118E-016
           4          33   1.4216334056518349E-015
           4          34  -2.6388022163505210E-015
           4          35   2.6876272213254437E-015
           5           1   5.8731084928709062E-015
           5           2  -4.5569159286048757E-017
           5           3   4.3773944289659713E-015
           5           4  -9.4855717221484592E-015
           5           5  0.56440173374915559     
           5           6  -3.6706748751669238E-015
           5           7   9.2113816574368457E-016
           5           8  0.53282131928494669     
           5           9   9.9226182825873366E-016
           5          10  -2.0990154059319366E-016
           5          11  0.21631007552210230     
           5          12   3.3723024372989130E-015
           5          13   2.0582494042464816E-015
           5          14   7.6558165042816472E-016
           5          15   1.0114677433943871E-016
           5          16   2.1818060532462427E-016
           5          17  -2.6753727574600037E-016
           5          18  -1.8474182197156840E-016
           5          19  -3.7077243272280041E-016
           5          20   2.2663803885158831E-015
           5          21  -2.4658420972292157E-016
           5          22   2.9707344311728500E-015
           5          23   2.5811153647694634E-015
           5          24  -5.9514584232099038E-016
           5          25   4.2630163022949132E-016
           5          26  -2.5293868482208329E-002
           5          27  -8.0632115567746965E-016
           5          28  -1.1311761868030373E-002
           5          29  -3.4477629085039041E-016
           5          30   4.7577501834095148E-016
           5          31  -9.6410821736856032E-016
           5          32  -8.1919605647573501E-016
           5          33  -1.1311761868029555E-002
           5          34   7.6392885073328642E-016
           5          35   4.2842248845764708E-016
           6           1  -5.1794143444165998E-015
           6           2  -3.9187629156684319E-015
           6           3  -1.6290174546881684E-014
           6           4  -4.6517404442900497E-015
           6           5  -3.6706748751669238E-015
           6           6  0.56440173374915381     
           6           7  -1.6028844918025698E-015
           6           8  -1.5345363868490836E-014
           6           9  0.53282131928493814     
           6          10  -9.9295571764912438E-015
           6          11   9.0656648854547939E-015
           6          12  0.21631007552210868     
           6          13  -2.8692326292656389E-015
           6          14  -2.3005312117491469E-015
           6          15  -5.1996279067469731E-016
           6          16  -7.4223044834544269E-016
           6          17  -4.8694256834403059E-016
           6          18  -6.4568218676205964E-016
           6          19   2.6504255084295162E-016
           6          20   8.2753969660622275E-016
           6          21   2.6781938366059941E-015
           6          22  -7.7831810535891706E-016
           6          23  -4.5428399553065138E-016
           6          24  -3.2157233704989218E-016
           6          25  -7.0599746115329249E-015
           6          26   4.5113652397121839E-015
           6          27  -1.1311761868029842E-002
           6          28   1.8211343891239018E-015
           6          29  -2.5293868482204857E-002
           6          30   1.5551795962132076E-015
           6          31   2.9935392687712668E-016
           6          32   4.4361216089416899E-015
           6          33   2.0658388194538801E-015
           6          34  -1.1311761868031667E-002
           6          35   2.9446931004706300E-015
           7           1   1.3321305849506994E-014
           7           2  -1.3173503671105886E-015
           7           3  -3.0222227194382884E-015
           7           4  -1.1728741329915556E-014
           7           5   9.2113816574368457E-016
           7           6  -1.6028844918025698E-015
           7           7  0.56440173374914560     
           7           8   2.4980018054066022E-016
           7           9   2.5812685322534890E-015
           7          10  0.53282131928492915     
           7          11  -5.3490198381744847E-015
           7          12   7.4940054162198066E-015
           7          13  0.21631007552211623     
           7          14  -2.7732308077813977E-016
           7          15   5.2572781378832381E-016
           7          16  -1.8605718024377096E-016
           7          17  -5.2911955491993396E-016
           7          18   7.5956071574019746E-017
           7          19  -2.6925024910664130E-016
           7          20   3.5783687289567796E-015
           7          21  -1.1021907017586592E-015
           7          22   6.9289626028920939E-016
           7          23   1.0271118388857905E-015
           7          24  -9.1616221424465274E-016
           7          25   3.2170751712564932E-016
           7          26   7.1627816525254850E-016
           7          27  -6.3274038786254039E-016
           7          28   1.0178761045837037E-015
           7          29  -1.0920084281274001E-015
           7          30  -1.1311761868030205E-002
           7          31  -2.1708930024006302E-017
           7          32  -1.1311761868029853E-002
           7          33   1.1596626436904955E-015
           7          34  -1.1900203045200897E-015
           7          35  -2.5293868482203077E-002
           8           1   4.3727616746743641E-014
           8           2  -3.3881086032063887E-015
           8           3  -1.3482985458288404E-014
           8           4  -1.7685813523441464E-014
           8           5  0.53282131928494669     
           8           6  -1.5345363868490836E-014
           8           7   2.4980018054066022E-016
           8           8  0.50300794861048292     
           8           9  -1.0279971318638559E-014
           8          10  -7.7889084071358639E-016
           8          11  0.20420670761174564     
           8          12  -1.3773704399255848E-015
           8          13   1.7052331768852014E-015
           8          14   7.0812567727590436E-016
           8          15   9.5488592455851998E-017
           8          16   1.9135489851687146E-016
           8          17  -2.5256716825617711E-016
           8          18  -1.7440454748010624E-016
           8          19  -3.6464247499942975E-016
           8          20   1.7655132170808932E-015
           8          21  -2.3278659756320679E-016
           8          22   2.4304558501516861E-015
           8          23   2.4366893864357472E-015
           8          24  -5.6184461967239034E-016
           8          25   2.8401330080342609E-017
           8          26  -2.3878580748832666E-002
           8          27  -5.2312754822425589E-016
           8          28  -1.0678825952120519E-002
           8          29   2.0729945537922845E-016
           8          30   4.6140933955551855E-016
           8          31  -9.1016118816807719E-016
           8          32  -7.6121834530207266E-016
           8          33  -1.0678825952119745E-002
           8          34   9.5973576308416852E-016
           8          35   4.3151246464923076E-016
           9           1   3.6776439710958278E-014
           9           2   3.1222038184368467E-015
           9           3   7.3414913407979137E-015
           9           4   7.3240953664073350E-015
           9           5   9.9226182825873366E-016
           9           6  0.53282131928493814     
           9           7   2.5812685322534890E-015
           9           8  -1.0279971318638559E-014
           9           9  0.50300794861046827     
           9          10  -5.5025428657984321E-015
           9          11   1.0267828254306721E-014
           9          12  0.20420670761174903     
           9          13  -1.1379786002407855E-015
           9          14  -1.7772310867723347E-015
           9          15  -4.9087073362218589E-016
           9          16  -3.0612265962209174E-016
           9          17  -4.5969459530043229E-016
           9          18  -6.0955224491800107E-016
           9          19   6.4478894796390047E-016
           9          20   1.4689673879085207E-015
           9          21   2.5283376143468050E-015
           9          22  -4.7034811783794188E-017
           9          23  -4.2886194734161298E-016
           9          24  -3.0357950026853258E-016
           9          25  -5.9772133790558204E-015
           9          26   4.0581687316132431E-015
           9          27  -1.0678825952119881E-002
           9          28   1.6298811258974588E-015
           9          29  -2.3878580748829082E-002
           9          30   1.3858272168709718E-015
           9          31   2.8260517700592281E-016
           9          32   4.1056567867681082E-015
           9          33   1.8611414492886169E-015
           9          34  -1.0678825952121603E-002
           9          35   2.5964473626682860E-015
          10           1  -4.7536736758259374E-014
          10           2  -1.5911515180153683E-015
          10           3   2.3948664983992908E-015
          10           4  -8.7148252923684276E-015
          10           5  -2.0990154059319366E-016
          10           6  -9.9295571764912438E-015
          10           7  0.53282131928492915     
          10           8  -7.7889084071358639E-016
          10           9  -5.5025428657984321E-015
          10          10  0.50300794861045883     
          10          11  -5.4648126301959365E-015
          10          12   3.8510861166685117E-015
          10          13  0.20420670761175569     
          10          14  -4.5885807132391841E-016
          10          15   4.9631218230399299E-016
          10          16  -3.7269990072900884E-016
          10          17  -4.9951243090899413E-016
          10          18   7.1706454185516432E-017
          10          19  -4.5123713096466047E-016
          10          20   3.3795270566027272E-015
          10          21  -1.0405171048669457E-015
          10          22   6.5551274156660279E-016
          10          23   9.6964019695636368E-016
          10          24  -8.6489899384877909E-016
          10          25   3.0510286947792716E-016
          10          26   7.2348810969957711E-016
          10          27  -4.2869353900076845E-016
          10          28   9.8288347946673404E-016
          10          29  -6.5312338870526787E-016
          10          30  -1.0678825952120198E-002
          10          31  -2.0493726529119088E-017
          10          32  -1.0678825952119867E-002
          10          33   1.1162403466824511E-015
          10          34  -9.5474843309073520E-016
          10          35  -2.3878580748827344E-002
          11           1   4.2759420242787447E-015
          11           2  -2.2469760880799480E-016
          11           3   6.2387888196519332E-016
          11           4  -4.1587650977187448E-015
          11           5  0.21631007552210230     
          11           6   9.0656648854547939E-015
          11           7  -5.3490198381744847E-015
          11           8  0.20420670761174564     
          11           9   1.0267828254306721E-014
          11          10  -5.4648126301959365E-015
          11          11   8.2902028829563823E-002
          11          12   5.3056517512750645E-015
          11          13  -1.3955850364233413E-015
          11          14   2.9146466463950586E-016
          11          15   3.8773395105521651E-017
          11          16   8.1676952863158882E-017
          11          17  -1.0253278912099626E-016
          11          18  -7.0801671014418271E-017
          11          19  -1.4403330145973193E-016
          11          20   8.4560570856266874E-016
          11          21  -9.4502973271178627E-017
          11          22   1.1155524620006724E-015
          11          23   9.8920957645891347E-016
          11          24  -2.2808950690859257E-016
          11          25   1.4043122259711674E-016
          11          26  -9.6940145148798791E-003
          11          27  -5.1887205469725028E-016
          11          28  -4.3352950860277989E-003
          11          29  -6.0162378551220641E-016
          11          30   2.9648186032973922E-016
          11          31  -3.6949047360523735E-016
          11          32  -1.9987944676128078E-016
          11          33  -4.3352950860274849E-003
          11          34   8.2833045977892539E-017
          11          35   4.1966755591482663E-016
          12           1  -6.3400833140613009E-016
          12           2  -3.7981098175146004E-015
          12           3  -1.5589370028912638E-014
          12           4  -6.5097950346608398E-015
          12           5   3.3723024372989130E-015
          12           6  0.21631007552210868     
          12           7   7.4940054162198066E-015
          12           8  -1.3773704399255848E-015
          12           9  0.20420670761174903     
          12          10   3.8510861166685117E-015
          12          11   5.3056517512750645E-015
          12          12   8.2902028829568958E-002
          12          13   2.0070750617051658E-015
          12          14  -9.6758901245800498E-016
          12          15  -1.9928979810116227E-016
          12          16  -3.7035864083843752E-016
          12          17  -1.8661307497222611E-016
          12          18  -2.4745160597192438E-016
          12          19   1.5680297345547122E-017
          12          20   7.6000431996957525E-017
          12          21   1.0264256130542320E-015
          12          22  -5.3944255754344639E-016
          12          23  -1.7408765439287018E-016
          12          24  -1.2324653132132438E-016
          12          25  -2.9469497535925396E-015
          12          26   1.5148472753967468E-015
          12          27  -4.3352950860277364E-003
          12          28   6.0219299165276130E-016
          12          29  -9.6940145148788643E-003
          12          30   4.3351823866832895E-016
          12          31   1.1473660119900467E-016
          12          32   1.5376697311275667E-015
          12          33   6.9619332000725453E-016
          12          34  -4.3352950860284355E-003
          12          35   7.6544673377476613E-016
          13           1  -3.0140417190266987E-015
          13           2  -3.6392478342880131E-016
          13           3   3.0309290217526357E-016
          13           4  -3.7953555877062712E-015
          13           5   2.0582494042464816E-015
          13           6  -2.8692326292656389E-015
          13           7  0.21631007552211623     
          13           8   1.7052331768852014E-015
          13           9  -1.1379786002407855E-015
          13          10  0.20420670761175569     
          13          11  -1.3955850364233413E-015
          13          12   2.0070750617051658E-015
          13          13   8.2902028829575952E-002
          13          14  -1.2552604129526604E-016
          13          15   2.0149316244029237E-016
          13          16  -9.0554346709881755E-017
          13          17  -2.0278259803040975E-016
          13          18   2.9113105482694751E-017
          13          19  -1.2243322031832146E-016
          13          20   1.3912256573355757E-015
          13          21  -4.2240933034476936E-016
          13          22   2.8538325782018274E-016
          13          23   3.9364110802778879E-016
          13          24  -3.5112131457023980E-016
          13          25   1.4318094673143108E-016
          13          26   1.9758229340832711E-016
          13          27  -1.9710795495786471E-016
          13          28   3.5596390201772521E-016
          13          29  -3.1702071523476150E-016
          13          30  -4.3352950860280895E-003
          13          31  -8.3169688233776805E-018
          13          32  -4.3352950860279550E-003
          13          33   4.0999782778897154E-016
          13          34  -4.1074999304613335E-016
          13          35  -9.6940145148786613E-003
          14           1   5.7703293501087001E-003
          14           2   1.6520425805519210E-003
          14           3   5.9794437100778499E-003
          14           4   3.0572766699505892E-003
          14           5   7.6558165042816472E-016
          14           6  -2.3005312117491469E-015
          14           7  -2.7732308077813977E-016
          14           8   7.0812567727590436E-016
          14           9  -1.7772310867723347E-015
          14          10  -4.5885807132391841E-016
          14          11   2.9146466463950586E-016
          14          12  -9.6758901245800498E-016
          14          13  -1.2552604129526604E-016
          14          14   8.2372731291952006E-005
          14          15  -1.0564208931557135E-017
          14          16   8.2372731291928004E-005
          14          17  -1.2689386997335311E-017
          14          18   1.4313273062674369E-017
          14          19   8.2372731291909342E-005
          14          20   1.6926456898767026E-004
          14          21   6.3675516599390957E-017
          14          22   1.6926456898765617E-004
          14          23  -5.7271868008999422E-017
          14          24  -1.5441325176495813E-017
          14          25   1.6926456898769772E-004
          14          26  -4.7525088702260556E-017
          14          27   9.7049725290140829E-018
          14          28  -2.5238849173524144E-017
          14          29  -5.3322035894563250E-018
          14          30  -5.7212340141999666E-018
          14          31   1.4817248865128107E-017
          14          32   9.1944479947649271E-017
          14          33  -7.3630341612160372E-017
          14          34  -3.3070324311640649E-017
          14          35   1.5461234745827346E-016
          15           1   2.1153323027984083E-015
          15           2  -4.3412615058582499E-016
          15           3  -1.9724282489912259E-015
          15           4  -9.8842388155123175E-016
          15           5   1.0114677433943871E-016
          15           6  -5.1996279067469731E-016
          15           7   5.2572781378832381E-016
          15           8   9.5488592455851998E-017
          15           9  -4.9087073362218589E-016
          15          10   4.9631218230399299E-016
          15          11   3.8773395105521651E-017
          15          12  -1.9928979810116227E-016
          15          13   2.0149316244029237E-016
          15          14  -1.0564208931557135E-017
          15          15   1.3185191180074002E-029
          15          16  -1.0564208931559512E-017
          15          17  -9.4501744110932624E-030
          15          18  -1.5702344763738843E-030
          15          19  -1.0564208931529821E-017
          15          20  -4.6760682262181315E-017
          15          21  -2.4121942892094250E-029
          15          22  -4.6760682262203015E-017
          15          23   1.7455416784046664E-029
          15          24  -7.3306698352730517E-030
          15          25  -4.6760682262181623E-017
          15          26  -4.5322578542887602E-018
          15          27   1.0420711597881217E-017
          15          28  -2.0268873307744926E-018
          15          29   2.3301419506788709E-017
          15          30  -1.0536474627461293E-017
          15          31   5.2812400867819756E-030
          15          32  -1.0536474627476006E-017
          15          33  -2.0268873307580205E-018
          15          34   1.0420711597901555E-017
          15          35  -2.3560273510232829E-017
          16           1   5.7703293501076411E-003
          16           2   1.6520425805513911E-003
          16           3   5.9794437100758428E-003
          16           4   3.0572766699495683E-003
          16           5   2.1818060532462427E-016
          16           6  -7.4223044834544269E-016
          16           7  -1.8605718024377096E-016
          16           8   1.9135489851687146E-016
          16           9  -3.0612265962209174E-016
          16          10  -3.7269990072900884E-016
          16          11   8.1676952863158882E-017
          16          12  -3.7035864083843752E-016
          16          13  -9.0554346709881755E-017
          16          14   8.2372731291928004E-005
          16          15  -1.0564208931559512E-017
          16          16   8.2372731291904003E-005
          16          17  -1.2689386997392830E-017
          16          18   1.4313273062666591E-017
          16          19   8.2372731291885341E-005
          16          20   1.6926456898761551E-004
          16          21   6.3675516599338128E-017
          16          22   1.6926456898760139E-004
          16          23  -5.7271868008893123E-017
          16          24  -1.5441325176430199E-017
          16          25   1.6926456898764294E-004
          16          26  -2.2992568005927743E-017
          16          27  -2.1526444398572194E-017
          16          28  -1.4267572386170633E-017
          16          29  -7.5167774873236638E-017
          16          30  -7.5506217027331219E-018
          16          31   1.4817248865068563E-017
          16          32   9.0115092259210051E-017
          16          33  -6.2659064824894042E-017
          16          34  -6.4301741239257341E-017
          16          35   1.5052171222950686E-016
          17           1  -7.2879940977551271E-015
          17           2   2.4358888234491171E-016
          17           3   1.7806387575169435E-015
          17           4   8.6544022137720262E-016
          17           5  -2.6753727574600037E-016
          17           6  -4.8694256834403059E-016
          17           7  -5.2911955491993396E-016
          17           8  -2.5256716825617711E-016
          17           9  -4.5969459530043229E-016
          17          10  -4.9951243090899413E-016
          17          11  -1.0253278912099626E-016
          17          12  -1.8661307497222611E-016
          17          13  -2.0278259803040975E-016
          17          14  -1.2689386997335311E-017
          17          15  -9.4501744110932624E-030
          17          16  -1.2689386997392830E-017
          17          17   5.2000307757803405E-029
          17          18  -2.3962996126614725E-030
          17          19  -1.2689386997375791E-017
          17          20   3.0069823390822677E-017
          17          21   2.4868033479184504E-029
          17          22   3.0069823390929025E-017
          17          23  -5.3463456696222183E-029
          17          24  -8.6442453613771530E-030
          17          25   3.0069823390874378E-017
          17          26   1.1989969109172561E-017
          17          27   9.7596950208722672E-018
          17          28   5.3620771952532536E-018
          17          29   2.1823341506371116E-017
          17          30   1.0604829149787003E-017
          17          31   1.0693603824674517E-029
          17          32   1.0604829149701004E-017
          17          33   5.3620771952920718E-018
          17          34   9.7596950208801558E-018
          17          35   2.3713118868639128E-017
          18           1   2.2376775199170088E-015
          18           2   1.9092743458144066E-016
          18           3   5.1754096835576553E-016
          18           4   2.7330954331971363E-016
          18           5  -1.8474182197156840E-016
          18           6  -6.4568218676205964E-016
          18           7   7.5956071574019746E-017
          18           8  -1.7440454748010624E-016
          18           9  -6.0955224491800107E-016
          18          10   7.1706454185516432E-017
          18          11  -7.0801671014418271E-017
          18          12  -2.4745160597192438E-016
          18          13   2.9113105482694751E-017
          18          14   1.4313273062674369E-017
          18          15  -1.5702344763738843E-030
          18          16   1.4313273062666591E-017
          18          17  -2.3962996126614725E-030
          18          18   6.6577831051635880E-030
          18          19   1.4313273062667090E-017
          18          20   1.8575435551942871E-017
          18          21   9.6667714006684967E-030
          18          22   1.8575435551940239E-017
          18          23  -8.5924878507832446E-030
          18          24  -3.4954078275417595E-030
          18          25   1.8575435551953674E-017
          18          26   8.2794047459509507E-018
          18          27   1.2941135612115339E-017
          18          28   3.7026623650313412E-018
          18          29   2.8937258934723598E-017
          18          30  -1.5222237202947233E-018
          18          31   7.6532341905970150E-030
          18          32  -1.5222237202687853E-018
          18          33   3.7026623650209989E-018
          18          34   1.2941135612105757E-017
          18          35  -3.4037957154928340E-018
          19           1   5.7703293501149625E-003
          19           2   1.6520425805503450E-003
          19           3   5.9794437100708451E-003
          19           4   3.0572766699470729E-003
          19           5  -3.7077243272280041E-016
          19           6   2.6504255084295162E-016
          19           7  -2.6925024910664130E-016
          19           8  -3.6464247499942975E-016
          19           9   6.4478894796390047E-016
          19          10  -4.5123713096466047E-016
          19          11  -1.4403330145973193E-016
          19          12   1.5680297345547122E-017
          19          13  -1.2243322031832146E-016
          19          14   8.2372731291909342E-005
          19          15  -1.0564208931529821E-017
          19          16   8.2372731291885341E-005
          19          17  -1.2689386997375791E-017
          19          18   1.4313273062667090E-017
          19          19   8.2372731291866666E-005
          19          20   1.6926456898750140E-004
          19          21   6.3675516599307128E-017
          19          22   1.6926456898748730E-004
          19          23  -5.7271868008906189E-017
          19          24  -1.5441325176506564E-017
          19          25   1.6926456898752888E-004
          19          26   3.4023207353816011E-018
          19          27  -4.1714393460518026E-017
          19          28  -2.4634192894876211E-018
          19          29  -1.2030940130198570E-016
          19          30  -5.8830709602370649E-018
          19          31   1.4817248865136639E-017
          19          32   9.1782643001619432E-017
          19          33  -5.0854911728081540E-017
          19          34  -8.4489690301123331E-017
          19          35   1.5425046904556368E-016
          20           1  -3.2992400057473962E-003
          20           2   4.5744790578098526E-003
          20           3   1.8686282406450434E-002
          20           4   9.4476517679041219E-003
          20           5   2.2663803885158831E-015
          20           6   8.2753969660622275E-016
          20           7   3.5783687289567796E-015
          20           8   1.7655132170808932E-015
          20           9   1.4689673879085207E-015
          20          10   3.3795270566027272E-015
          20          11   8.4560570856266874E-016
          20          12   7.6000431996957525E-017
          20          13   1.3912256573355757E-015
          20          14   1.6926456898767026E-004
          20          15  -4.6760682262181315E-017
          20          16   1.6926456898761551E-004
          20          17   3.0069823390822677E-017
          20          18   1.8575435551942871E-017
          20          19   1.6926456898750140E-004
          20          20   4.8079877908397924E-004
          20          21   1.6971524944079220E-016
          20          22   4.8079877908406641E-004
          20          23  -1.7460254904440824E-016
          20          24  -9.1787369094049002E-018
          20          25   4.8079877908412393E-004
          20          26   3.3398090313479879E-017
          20          27  -6.4713970100594071E-017
          20          28   8.3007274394567401E-017
          20          29  -1.7470931849750762E-016
          20          30  -1.2351950398825754E-016
          20          31   2.0754272772074212E-018
          20          32  -5.7932833711951298E-018
          20          33  -2.2572039171448062E-017
          20          34  -1.7060101853942696E-016
          20          35   9.2102826733903985E-019
          21           1   3.0001708733678142E-017
          21           2   1.6218917028798625E-015
          21           3   6.4927326701584833E-015
          21           4   3.2886089955613804E-015
          21           5  -2.4658420972292157E-016
          21           6   2.6781938366059941E-015
          21           7  -1.1021907017586592E-015
          21           8  -2.3278659756320679E-016
          21           9   2.5283376143468050E-015
          21          10  -1.0405171048669457E-015
          21          11  -9.4502973271178627E-017
          21          12   1.0264256130542320E-015
          21          13  -4.2240933034476936E-016
          21          14   6.3675516599390957E-017
          21          15  -2.4121942892094250E-029
          21          16   6.3675516599338128E-017
          21          17   2.4868033479184504E-029
          21          18   9.6667714006684967E-030
          21          19   6.3675516599307128E-017
          21          20   1.6971524944079220E-016
          21          21   1.3328234204760198E-028
          21          22   1.6971524944087027E-016
          21          23  -1.3073415804839030E-028
          21          24  -1.9026684304962179E-030
          21          25   1.6971524944084486E-016
          21          26   1.1050904564540378E-017
          21          27  -5.3676716711607805E-017
          21          28   4.9421147638677797E-018
          21          29  -1.2002478737618025E-016
          21          30   2.2090557858331447E-017
          21          31   1.8963549097804593E-029
          21          32   2.2090557858394470E-017
          21          33   4.9421147638165916E-018
          21          34  -5.3676716711690056E-017
          21          35   4.9395989032287879E-017
          22           1  -3.2992400057616235E-003
          22           2   4.5744790578106003E-003
          22           3   1.8686282406455000E-002
          22           4   9.4476517679063649E-003
          22           5   2.9707344311728500E-015
          22           6  -7.7831810535891706E-016
          22           7   6.9289626028920939E-016
          22           8   2.4304558501516861E-015
          22           9  -4.7034811783794188E-017
          22          10   6.5551274156660279E-016
          22          11   1.1155524620006724E-015
          22          12  -5.3944255754344639E-016
          22          13   2.8538325782018274E-016
          22          14   1.6926456898765617E-004
          22          15  -4.6760682262203015E-017
          22          16   1.6926456898760139E-004
          22          17   3.0069823390929025E-017
          22          18   1.8575435551940239E-017
          22          19   1.6926456898748730E-004
          22          20   4.8079877908406641E-004
          22          21   1.6971524944087027E-016
          22          22   4.8079877908415369E-004
          22          23  -1.7460254904453589E-016
          22          24  -9.1787369094144775E-018
          22          25   4.8079877908421115E-004
          22          26   1.8321426016202295E-018
          22          27  -3.2528913116700980E-017
          22          28   6.8890553423009976E-017
          22          29  -1.0274134322175890E-016
          22          30  -6.5687640017761050E-017
          22          31   2.0754272772255126E-018
          22          32   5.2038580599131550E-017
          22          33  -3.6688760142947093E-017
          22          34  -1.3841596155552701E-016
          22          35   1.3023700737080777E-016
          23           1   2.4753577111376736E-015
          23           2  -1.6535541203121040E-015
          23           3  -6.8962834095729678E-015
          23           4  -3.4804755781759372E-015
          23           5   2.5811153647694634E-015
          23           6  -4.5428399553065138E-016
          23           7   1.0271118388857905E-015
          23           8   2.4366893864357472E-015
          23           9  -4.2886194734161298E-016
          23          10   9.6964019695636368E-016
          23          11   9.8920957645891347E-016
          23          12  -1.7408765439287018E-016
          23          13   3.9364110802778879E-016
          23          14  -5.7271868008999422E-017
