           1           1   2.1129457880150584     
           1           2  -4.1170350824060370E-002
           1           3 -0.29655640632304225     
           1           4 -0.14279836180177075     
           1           5  -6.0767346153916319E-012
           1           6   1.4415311696661247E-011
           1           7   1.4495337838332309E-011
           1           8  -8.9177103746337987E-012
           1           9   9.0014922638719723E-012
           1          10   1.1198084295455862E-011
           1          11  -5.7863237057054145E-012
           1          12   3.7630256000836053E-012
           1          13   4.5839299275713933E-012
           1          14   1.3229461559638479E-002
           1          15  -1.1407125861256142E-004
           1          16   1.3353789462725064E-002
           1          17   1.4221453711762391E-004
           1          18  -2.5751847351218095E-004
           1          19   1.3452945229590450E-002
           1          20  -1.6224514429458358E-003
           1          21   4.0403398483746206E-004
           1          22  -2.0628139012408278E-003
           1          23  -5.0371586951055672E-004
           1          24   9.1211591382728621E-004
           1          25  -2.4140179775073963E-003
           1          26   2.4012062184689990E-012
           1          27   2.2179557740233295E-012
           1          28   3.3996610983492624E-013
           1          29   8.2563879776824812E-014
           1          30   5.2558961965536894E-013
           1          31   2.3030805166395230E-015
           1          32  -1.8780706049359651E-012
           1          33   2.3877327733052410E-012
           1          34  -9.7163018698909468E-013
           1          35   8.5756456906958247E-013
           2           1  -4.1170350824060370E-002
           2           2   4.8004017745504543E-002
           2           3  0.18088444221702757     
           2           4   9.7954311615501555E-002
           2           5   1.4191620347643430E-012
           2           6  -1.7284657679726312E-011
           2           7  -1.5180260272475883E-011
           2           8   4.9586434381629375E-012
           2           9  -1.3070005763622170E-011
           2          10  -1.2804298094633462E-011
           2          11   3.6477222751788377E-012
           2          12  -4.9328222893277368E-012
           2          13  -4.9338173188099233E-012
           2          14   1.5218762450048735E-003
           2          15   3.4450873225229969E-006
           2          16   1.5181214081910451E-003
           2          17  -4.2950531373822697E-006
           2          18   7.7773708189862387E-006
           2          19   1.5151267817408525E-003
           2          20   4.2879767053221624E-003
           2          21  -3.4743250419283131E-004
           2          22   4.6666483961590455E-003
           2          23   4.3314986641922659E-004
           2          24  -7.8433678565845979E-004
           2          25   4.9686519882835281E-003
           2          26  -8.5000799372222279E-013
           2          27  -1.8212837638864773E-012
           2          28   1.8276677016676578E-013
           2          29  -6.2333257555477112E-014
           2          30  -5.0613153002208235E-013
           2          31   1.0332641684961654E-014
           2          32   1.3901963413370354E-012
           2          33  -1.4296149397761147E-012
           2          34   7.6939810195611741E-013
           2          35  -7.8424539915910324E-013
           3           1 -0.29655640632304225     
           3           2  0.18088444221702757     
           3           3  0.69165801211116551     
           3           4  0.37159665015373977     
           3           5  -1.9431900234719552E-011
           3           6  -8.3872102944034313E-011
           3           7  -6.1511422930765607E-011
           3           8  -2.4427131893621496E-012
           3           9  -6.4954745039707602E-011
           3          10  -5.1666323758788613E-011
           3          11   6.8752980272578772E-012
           3          12  -2.4035056856483134E-011
           3          13  -2.0071093532473747E-011
           3          14   4.8364970494833431E-003
           3          15   1.0419807158279634E-004
           3          16   4.7229301221929382E-003
           3          17  -1.2990548861043167E-004
           3          18   2.3522955191891725E-004
           3          19   4.6323565515517823E-003
           3          20   1.6223292912900356E-002
           3          21  -1.1164843595842630E-003
           3          22   1.7440165299354188E-002
           3          23   1.3919395650846631E-003
           3          24  -2.5204888407245841E-003
           3          25   1.8410662514766734E-002
           3          26  -3.6097531184212365E-012
           3          27  -7.4073789289461072E-012
           3          28   5.4435494339945346E-013
           3          29  -1.6425217529976167E-013
           3          30  -1.7773887562163092E-012
           3          31  -1.0590928309812060E-013
           3          32   5.1240341668427817E-012
           3          33  -5.4922704293856024E-012
           3          34   3.0107652138724544E-012
           3          35  -2.9634486430885327E-012
           4           1 -0.14279836180177075     
           4           2   9.7954311615501555E-002
           4           3  0.37159665015373977     
           4           4  0.20687291953260101     
           4           5   7.1971803415425922E-011
           4           6   6.6270794363525226E-011
           4           7   2.1423897398926232E-011
           4           8   6.8843851519512230E-011
           4           9   6.0011731358755720E-011
           4          10   1.8516672706966615E-011
           4          11   2.6533162871862160E-011
           4          12   1.9826877926874525E-011
           4          13   6.2600511077645901E-012
           4          14   2.3957829420099917E-003
           4          15  -2.8765199434847551E-004
           4          16   2.7092990161538101E-003
           4          17   3.5862051207748960E-004
           4          18  -6.4938092307093064E-004
           4          19   2.9593387868649852E-003
           4          20   7.9964607707492773E-003
           4          21  -1.4126046945146539E-003
           4          22   9.5360789717140026E-003
           4          23   1.7611177299263459E-003
           4          24  -3.1889872890406542E-003
           4          25   1.0763977106087079E-002
           4          26  -9.3344734088874380E-013
           4          27  -1.9991392715016293E-012
           4          28   1.0672712280276289E-012
           4          29  -4.8681229287492898E-013
           4          30  -1.1489541242343182E-012
           4          31   2.8580418596948802E-013
           4          32   4.0561524070840220E-012
           4          33  -3.1561363156456340E-012
           4          34   1.7909083634662632E-012
           4          35  -2.0726059440484000E-012
           5           1  -6.0767346153916319E-012
           5           2   1.4191620347643430E-012
           5           3  -1.9431900234719552E-011
           5           4   7.1971803415425922E-011
           5           5  0.32347977206829409     
           5           6  -4.5547087876108783E-002
           5           7   5.6784311004431327E-002
           5           8  0.28259990996046397     
           5           9  -4.2602851788023595E-002
           5          10   5.3113683017626527E-002
           5          11  0.10432919938054722     
           5          12  -2.7716903580395101E-002
           5          13   3.4555124450202854E-002
           5          14  -3.8520690828689397E-012
           5          15  -1.5611688350945051E-012
           5          16   4.9022130720288393E-012
           5          17   1.5704986911084891E-013
           5          18   2.6071501166368566E-012
           5          19  -5.9385822825781120E-013
           5          20   3.4778155956066322E-013
           5          21  -2.9036849363550662E-011
           5          22   1.2682991180049949E-011
           5          23   7.9867390030678426E-012
           5          24  -6.1805615077159853E-012
           5          25  -2.7198790459836372E-011
           5          26   3.0676185397698046E-003
           5          27   2.2729780684771776E-003
           5          28  -1.2278075376415752E-004
           5          29  -5.8132262864224557E-004
           5          30  -2.8337595361803605E-003
           5          31   3.1407726013704855E-003
           5          32   4.8458891955214075E-004
           5          33  -1.3321142146725973E-003
           5          34  -4.9571408566233060E-004
           5          35   8.2419451231105772E-004
           6           1   1.4415311696661247E-011
           6           2  -1.7284657679726312E-011
           6           3  -8.3872102944034313E-011
           6           4   6.6270794363525226E-011
           6           5  -4.5547087876108783E-002
           6           6  0.38080191168685656     
           6           7 -0.10282358928618331     
           6           8  -4.2602851757226341E-002
           6           9  0.33621665496880893     
           6          10  -9.6176909155114426E-002
           6          11  -2.7716903440149956E-002
           6          12  0.13921160829523679     
           6          13  -6.2571542201931160E-002
           6          14   8.4505890339201078E-012
           6          15  -2.7948467580345589E-012
           6          16  -1.5777867587470555E-012
           6          17  -7.6279660618452934E-013
           6          18   4.3364406451649298E-012
           6          19   5.4618765876189599E-012
           6          20  -5.1728074242765081E-011
           6          21   2.0510427538276064E-011
           6          22   2.5291757562723349E-011
           6          23  -9.3423690817094172E-012
           6          24   5.8592732828990498E-011
           6          25   8.5995234452061483E-012
           6          26  -4.8130253851296574E-004
           6          27   1.7138556635630021E-003
           6          28   2.1387870043550186E-003
           6          29   2.9811477464721230E-004
           6          30  -5.7454194778553053E-004
           6          31  -1.5413118130032889E-003
           6          32   4.8283604547668243E-003
           6          33  -4.9571408339276661E-004
           6          34  -7.0824577207017464E-004
           6          35  -1.4924305084392749E-003
           7           1   1.4495337838332309E-011
           7           2  -1.5180260272475883E-011
           7           3  -6.1511422930765607E-011
           7           4   2.1423897398926232E-011
           7           5   5.6784311004431327E-002
           7           6 -0.10282358928618331     
           7           7  0.42651827897638106     
           7           8   5.3113683134266898E-002
           7           9  -9.6176909216608361E-002
           7          10  0.37897784352900388     
           7          11   3.4555124356448995E-002
           7          12  -6.2571542088430021E-002
           7          13  0.16703152366298590     
           7          14   7.9404489062734261E-012
           7          15  -9.4844406081866763E-013
           7          16   4.4344631178271100E-013
           7          17  -5.8065969046546969E-012
           7          18   1.9972927846287356E-012
           7          19   1.3795304437261878E-012
           7          20  -3.6199385681435456E-011
           7          21   1.9636304409424374E-011
           7          22   3.7981670663545219E-011
           7          23  -2.9542819060284666E-011
           7          24   4.7077054125580085E-011
           7          25  -9.7034822614119209E-012
           7          26   6.0004783311884543E-004
           7          27  -5.7454192425624427E-004
           7          28   4.8458890680842923E-004
           7          29  -1.3123491316083067E-003
           7          30   1.9693025862022088E-003
           7          31   1.1127185172235016E-003
           7          32   7.5653464044771396E-004
           7          33  -2.5330352530728317E-003
           7          34   4.5867559267919779E-003
           7          35  -1.7302014624293945E-003
           8           1  -8.9177103746337987E-012
           8           2   4.9586434381629375E-012
           8           3  -2.4427131893621496E-012
           8           4   6.8843851519512230E-011
           8           5  0.28259990996046397     
           8           6  -4.2602851757226341E-002
           8           7   5.3113683134266898E-002
           8           8  0.24694527211105124     
           8           9  -3.9767586574633244E-002
           8          10   4.9578910950685201E-002
           8          11   9.1399434323884365E-002
           8          12  -2.5514743057450016E-002
           8          13   3.1809654367498288E-002
           8          14  -3.1503000855609530E-012
           8          15  -1.2878233163680423E-012
           8          16   4.3763244866308443E-012
           8          17   4.1717630023156547E-014
           8          18   2.4335684128116484E-012
           8          19  -4.8613754110311583E-013
           8          20   8.5216234536064214E-013
           8          21  -2.5144684863949200E-011
           8          22   1.1496141088770809E-011
           8          23   6.7367817389476191E-012
           8          24  -5.0321468685551316E-012
           8          25  -2.3592362020361596E-011
           8          26   2.6640562613258353E-003
           8          27   1.9755017296371820E-003
           8          28  -1.1065317537579850E-004
           8          29  -5.0072836114841953E-004
           8          30  -2.4628908392614023E-003
           8          31   2.7340178750718254E-003
           8          32   4.1173329637438826E-004
           8          33  -1.1633684541029253E-003
           8          34  -4.1865556265746043E-004
           8          35   7.0641321955416947E-004
           9           1   9.0014922638719723E-012
           9           2  -1.3070005763622170E-011
           9           3  -6.4954745039707602E-011
           9           4   6.0011731358755720E-011
           9           5  -4.2602851788023595E-002
           9           6  0.33621665496880893     
           9           7  -9.6176909216608361E-002
           9           8  -3.9767586574633244E-002
           9           9  0.29699376520647380     
           9          10  -8.9776233371396175E-002
           9          11  -2.5514742927169359E-002
           9          12  0.12351036964733969     
           9          13  -5.7600114558603970E-002
           9          14   7.4622286632808143E-012
           9          15  -2.3340709900635165E-012
           9          16  -1.3448668824575328E-012
           9          17  -7.6033150434608450E-013
           9          18   3.9466693145015406E-012
           9          19   4.7429175970286537E-012
           9          20  -4.4636415634470515E-011
           9          21   1.8127288141183773E-011
           9          22   2.1887445142036023E-011
           9          23  -8.3075249636750785E-012
           9          24   5.1280914583160290E-011
           9          25   7.8274893395662413E-012
           9          26  -4.1811055090736548E-004
           9          27   1.4854431085232207E-003
           9          28   1.8646582775767040E-003
           9          29   2.5145801391827206E-004
           9          30  -4.9532460137515096E-004
           9          31  -1.3502924385450073E-003
           9          32   4.2095085992323198E-003
           9          33  -4.1865556125160377E-004
           9          34  -6.3648006603333985E-004
           9          35  -1.2791551317599017E-003
          10           1   1.1198084295455862E-011
          10           2  -1.2804298094633462E-011
          10           3  -5.1666323758788613E-011
          10           4   1.8516672706966615E-011
          10           5   5.3113683017626527E-002
          10           6  -9.6176909155114426E-002
          10           7  0.37897784352900388     
          10           8   4.9578910950685201E-002
          10           9  -8.9776233371396175E-002
          10          10  0.33690915096378232     
          10          11   3.1809654215513544E-002
          10          12  -5.7600114416843422E-002
          10          13  0.14911993996157394     
          10          14   6.9686072394739508E-012
          10          15  -7.8174617110799242E-013
          10          16   4.0848505933462899E-013
          10          17  -5.1173376971415453E-012
          10          18   1.8654792309880552E-012
          10          19   1.1160735116055481E-012
          10          20  -3.1171935979300413E-011
          10          21   1.7010883107783718E-011
          10          22   3.3315778416428699E-011
          10          23  -2.5851802861297496E-011
          10          24   4.1180919126752324E-011
          10          25  -8.9442253299008180E-012
          10          26   5.2126533847395397E-004
          10          27  -4.9532458018846444E-004
          10          28   4.1173328246472637E-004
          10          29  -1.1304057271237275E-003
          10          30   1.7056692303633672E-003
          10          31   9.8100168661524774E-004
          10          32   6.3646135676222269E-004
          10          33  -2.2144889259890065E-003
          10          34   4.0099403241146839E-003
          10          35  -1.5236113171383260E-003
          11           1  -5.7863237057054145E-012
          11           2   3.6477222751788377E-012
          11           3   6.8752980272578772E-012
          11           4   2.6533162871862160E-011
          11           5  0.10432919938054722     
          11           6  -2.7716903440149956E-002
          11           7   3.4555124356448995E-002
          11           8   9.1399434323884365E-002
          11           9  -2.5514742927169359E-002
          11          10   3.1809654215513544E-002
          11          11   3.4762358922071773E-002
          11          12  -1.4843736503245535E-002
          11          13   1.8505933132538739E-002
          11          14  -9.4213637201459691E-013
          11          15  -3.8622366489627684E-013
          11          16   1.6143878173931165E-012
          11          17  -1.2045173060562501E-013
          11          18   1.0035283545576278E-012
          11          19  -2.5340227460614279E-013
          11          20   8.1963466313038219E-013
          11          21  -8.8019244922628053E-012
          11          22   4.7387869194209718E-012
          11          23   1.9340751344168707E-012
          11          24  -1.3870707741246043E-012
          11          25  -8.8987561628937995E-012
          11          26   9.3285529392026954E-004
          11          27   6.7714193785567629E-004
          11          28  -6.0570980888083889E-005
          11          29  -1.7194000808221996E-004
          11          30  -8.4420410579252956E-004
          11          31   9.8808989485088886E-004
          11          32   9.0576550959796119E-005
          11          33  -4.4102838285428435E-004
          11          34  -6.9125179895662033E-005
          11          35   2.1108311191457663E-004
          12           1   3.7630256000836053E-012
          12           2  -4.9328222893277368E-012
          12           3  -2.4035056856483134E-011
          12           4   1.9826877926874525E-011
          12           5  -2.7716903580395101E-002
          12           6  0.13921160829523679     
          12           7  -6.2571542088430021E-002
          12           8  -2.5514743057450016E-002
          12           9  0.12351036964733969     
          12          10  -5.7600114416843422E-002
          12          11  -1.4843736503245535E-002
          12          12   5.3443568468241630E-002
          12          13  -3.3510073955412688E-002
          12          14   2.5057227069737670E-012
          12          15  -7.9705598659776804E-013
          12          16  -5.8319100033790220E-013
          12          17  -1.5049800076189319E-013
          12          18   1.2945818829432165E-012
          12          19   1.7723854683662036E-012
          12          20  -1.5766017096996238E-011
          12          21   6.7512684903092719E-012
          12          22   6.3689077106537301E-012
          12          23  -2.4512507221668378E-012
          12          24   1.7519969463404273E-011
          12          25   4.1998722677637275E-012
          12          26  -1.7523615239638729E-004
          12          27   5.1347105062066688E-004
          12          28   6.8156417292513467E-004
          12          29   8.6188073943836902E-005
          12          30  -1.7399703535764927E-004
          12          31  -5.5203866877710133E-004
          12          32   1.5386466647266772E-003
          12          33  -6.9125180855393093E-005
          12          34  -3.5403262399341846E-004
          12          35  -3.8222393450048232E-004
          13           1   4.5839299275713933E-012
          13           2  -4.9338173188099233E-012
          13           3  -2.0071093532473747E-011
          13           4   6.2600511077645901E-012
          13           5   3.4555124450202854E-002
          13           6  -6.2571542201931160E-002
          13           7  0.16703152366298590     
          13           8   3.1809654367498288E-002
          13           9  -5.7600114558603970E-002
          13          10  0.14911993996157394     
          13          11   1.8505933132538739E-002
          13          12  -3.3510073955412688E-002
          13          13   6.8342472823613554E-002
          13          14   2.3720931374545568E-012
          13          15  -3.3841668488797248E-013
          13          16   2.6527337013051735E-013
          13          17  -1.8172412813301531E-012
          13          18   5.7423233258912383E-013
          13          19   2.3493989047529419E-013
          13          20  -1.0424623644469380E-011
          13          21   5.0518333904223356E-012
          13          22   1.2792296534954274E-011
          13          23  -9.2088134697956532E-012
          13          24   1.3955713481509093E-011
          13          25  -4.9245523408551469E-012
          13          26   2.1846980895388305E-004
          13          27  -1.7399702176829819E-004
          13          28   9.0576540148093443E-005
          13          29  -3.8815848096780746E-004
          13          30   5.9083181403391135E-004
          13          31   4.4686652316383742E-004
          13          32   1.0378554861371144E-004
          13          33  -8.5411441278886321E-004
          13          34   1.5466086922342301E-003
          13          35  -5.9500494406247858E-004
          14           1   1.3229461559638479E-002
          14           2   1.5218762450048735E-003
          14           3   4.8364970494833431E-003
          14           4   2.3957829420099917E-003
          14           5  -3.8520690828689397E-012
          14           6   8.4505890339201078E-012
          14           7   7.9404489062734261E-012
          14           8  -3.1503000855609530E-012
          14           9   7.4622286632808143E-012
          14          10   6.9686072394739508E-012
          14          11  -9.4213637201459691E-013
          14          12   2.5057227069737670E-012
          14          13   2.3720931374545568E-012
          14          14   1.7037246724562759E-004
          14          15   1.5679243453002343E-005
          14          16   1.5328343472603939E-004
          14          17  -1.9547573650430161E-005
          14          18   3.5396249986716309E-005
          14          19   1.3965434572677624E-004
          14          20   1.9412748066696621E-004
          14          21   2.9878590886441577E-005
          14          22   1.6156237427269560E-004
          14          23  -3.7250136272894496E-005
          14          24   6.7451601274800825E-005
          14          25   1.3559058560294325E-004
          14          26  -7.3897349287015274E-014
          14          27  -8.4369592363422699E-014
          14          28   9.5570442162616380E-014
          14          29  -8.2232493722632488E-015
          14          30   3.1118664781431361E-014
          14          31  -5.8666475141074458E-014
          14          32   2.4462006238291124E-013
          14          33  -1.4067236082769177E-013
          14          34   1.3749105464948819E-013
          14          35  -1.4262810343068608E-013
          15           1  -1.1407125861256142E-004
          15           2   3.4450873225229969E-006
          15           3   1.0419807158279634E-004
          15           4  -2.8765199434847551E-004
          15           5  -1.5611688350945051E-012
          15           6  -2.7948467580345589E-012
          15           7  -9.4844406081866763E-013
          15           8  -1.2878233163680423E-012
          15           9  -2.3340709900635165E-012
          15          10  -7.8174617110799242E-013
          15          11  -3.8622366489627684E-013
          15          12  -7.9705598659776804E-013
          15          13  -3.3841668488797248E-013
          15          14   1.5679243453002343E-005
          15          15   1.6678770082015481E-005
          15          16  -2.4991880117640597E-006
          15          17  -2.0793699927497683E-005
          15          18   3.7652703901793540E-005
          15          19  -1.6997109440368816E-005
          15          20   3.8618503450716949E-005
          15          21   3.9043650862998790E-005
          15          22  -3.9357338481057388E-006
          15          23  -4.8676368556906571E-005
          15          24   8.8141932721800615E-005
          15          25  -3.7874195109591681E-005
          15          26  -1.8135343454376322E-014
          15          27  -7.0227673860487232E-014
          15          28  -1.8308157990417798E-014
          15          29   2.9155304376894830E-015
          15          30  -3.6830024643099522E-015
          15          31   9.0965192564353923E-015
          15          32  -1.5337469225481651E-014
          15          33  -2.4885970900681044E-014
          15          34   1.6185056902775344E-014
          15          35   1.0417544435279985E-014
          16           1   1.3353789462725064E-002
          16           2   1.5181214081910451E-003
          16           3   4.7229301221929382E-003
          16           4   2.7092990161538101E-003
          16           5   4.9022130720288393E-012
          16           6  -1.5777867587470555E-012
          16           7   4.4344631178271100E-013
          16           8   4.3763244866308443E-012
          16           9  -1.3448668824575328E-012
          16          10   4.0848505933462899E-013
          16          11   1.6143878173931165E-012
          16          12  -5.8319100033790220E-013
          16          13   2.6527337013051735E-013
          16          14   1.5328343472603939E-004
          16          15  -2.4991880117640597E-006
          16          16   1.5600733618744876E-004
          16          17   3.1157790531678286E-006
          16          18  -5.6419736938145100E-006
          16          19   1.5817974033039529E-004
          16          20   1.5203661937850937E-004
          16          21  -1.2675645993505389E-005
          16          22   1.6585198853489246E-004
          16          23   1.5802938228118226E-005
          16          24  -2.8615559484861980E-005
          16          25   1.7687021713913570E-004
          16          26   4.7658301080524118E-014
          16          27  -2.6389434778405617E-014
          16          28  -4.7627423285352523E-016
          16          29  -2.8974548103968703E-014
          16          30  -4.6018995508408289E-014
          16          31   6.8380642037933954E-014
          16          32   2.7119670990118326E-014
          16          33  -6.6777795402226563E-014
          16          34   3.6793236977591779E-014
          16          35  -1.8215207233865415E-015
          17           1   1.4221453711762391E-004
          17           2  -4.2950531373822697E-006
          17           3  -1.2990548861043167E-004
          17           4   3.5862051207748960E-004
          17           5   1.5704986911084891E-013
          17           6  -7.6279660618452934E-013
          17           7  -5.8065969046546969E-012
          17           8   4.1717630023156547E-014
          17           9  -7.6033150434608450E-013
          17          10  -5.1173376971415453E-012
          17          11  -1.2045173060562501E-013
          17          12  -1.5049800076189319E-013
          17          13  -1.8172412813301531E-012
          17          14  -1.9547573650430161E-005
          17          15  -2.0793699927497683E-005
          17          16   3.1157790531678286E-006
          17          17   2.5923851372053219E-005
          17          18  -4.6942251889247523E-005
          17          19   2.1190578710242808E-005
          17          20  -4.8146330733727849E-005
          17          21  -4.8676368547974819E-005
          17          22   4.9067442797693297E-006
          17          23   6.0685637820270523E-005
          17          24  -1.0988801269512317E-004
          17          25   4.7218388088694957E-005
          17          26  -1.4234306303749485E-014
          17          27   6.9415841036484773E-014
          17          28  -1.6757415220901028E-014
          17          29   3.9907897595148597E-014
          17          30  -2.4389938165774480E-014
          17          31  -4.4734903980441888E-014
          17          32  -6.6900541169213360E-014
          17          33   1.1091503006215144E-013
          17          34  -1.2453668326084320E-013
          17          35   3.3709517892763713E-014
          18           1  -2.5751847351218095E-004
          18           2   7.7773708189862387E-006
          18           3   2.3522955191891725E-004
          18           4  -6.4938092307093064E-004
          18           5   2.6071501166368566E-012
          18           6   4.3364406451649298E-012
          18           7   1.9972927846287356E-012
          18           8   2.4335684128116484E-012
          18           9   3.9466693145015406E-012
          18          10   1.8654792309880552E-012
          18          11   1.0035283545576278E-012
          18          12   1.2945818829432165E-012
          18          13   5.7423233258912383E-013
          18          14   3.5396249986716309E-005
          18          15   3.7652703901793540E-005
          18          16  -5.6419736938145100E-006
          18          17  -4.6942251889247523E-005
          18          18   8.5001837913987213E-005
          18          19  -3.8371362015519642E-005
          18          20   8.7182153104243984E-005
          18          21   8.8141932349956078E-005
          18          22  -8.8850081957615680E-006
          18          23  -1.0988801225170206E-004
          18          24   1.9898242350389217E-004
          18          25  -8.5501858578634329E-005
          18          26  -9.4739604917471941E-015
          18          27  -4.6951481558625788E-014
          18          28   4.5432811459708756E-014
          18          29   1.1094488811480507E-014
          18          30  -7.4306656942289300E-014
          18          31   1.9229221923957064E-014
          18          32   1.7222252862937176E-013
          18          33  -1.2002243101113349E-013
          18          34   3.5069442159460351E-014
          18          35  -4.9722368522792698E-014
          19           1   1.3452945229590450E-002
          19           2   1.5151267817408525E-003
          19           3   4.6323565515517823E-003
          19           4   2.9593387868649852E-003
          19           5  -5.9385822825781120E-013
          19           6   5.4618765876189599E-012
          19           7   1.3795304437261878E-012
          19           8  -4.8613754110311583E-013
          19           9   4.7429175970286537E-012
          19          10   1.1160735116055481E-012
          19          11  -2.5340227460614279E-013
          19          12   1.7723854683662036E-012
          19          13   2.3493989047529419E-013
          19          14   1.3965434572677624E-004
          19          15  -1.6997109440368816E-005
          19          16   1.5817974033039529E-004
          19          17   2.1190578710242808E-005
          19          18  -3.8371362015519642E-005
          19          19   1.7295437621563564E-004
          19          20   1.1846771514359089E-004
          19          21  -4.6614106625616327E-005
          19          22   1.6927310125210989E-004
          19          23   5.8114581260155438E-005
          19          24  -1.0523240877012995E-004
          19          25   2.0979213487786629E-004
          19          26  -1.7068449363581108E-014
          19          27   1.1345005522709180E-014
          19          28   4.9359850646830815E-014
          19          29  -8.0383140835734582E-015
          19          30   1.0854114231113745E-014
          19          31  -3.3674226701662726E-014
          19          32   9.9405526912204584E-014
          19          33  -2.5826292052206629E-014
          19          34   2.9723639377927665E-014
          19          35  -6.1912258970039569E-014
          20           1  -1.6224514429458358E-003
          20           2   4.2879767053221624E-003
          20           3   1.6223292912900356E-002
          20           4   7.9964607707492773E-003
          20           5   3.4778155956066322E-013
          20           6  -5.1728074242765081E-011
          20           7  -3.6199385681435456E-011
          20           8   8.5216234536064214E-013
          20           9  -4.4636415634470515E-011
          20          10  -3.1171935979300413E-011
          20          11   8.1963466313038219E-013
          20          12  -1.5766017096996238E-011
          20          13  -1.0424623644469380E-011
          20          14   1.9412748066696621E-004
          20          15   3.8618503450716949E-005
          20          16   1.5203661937850937E-004
          20          17  -4.8146330733727849E-005
          20          18   8.7182153104243984E-005
          20          19   1.1846771514359089E-004
          20          20   4.8212749163455685E-004
          20          21   6.1670995391923452E-005
          20          22   4.1491138584668090E-004
          20          23  -7.6886256178031989E-005
          20          24   1.3922368110389036E-004
          20          25   3.6130423593003257E-004
          20          26  -1.0814910893124036E-013
          20          27  -4.6918724065943398E-013
          20          28  -3.8150327068193995E-013
          20          29   1.2603330328971644E-013
          20          30  -2.4353195241525060E-013
          20          31   1.2180125728432520E-013
          20          32  -6.6710895233289941E-013
          20          33   1.7650501487868452E-013
          20          34  -3.5307689574591414E-013
          20          35   3.5878868208901441E-013
          21           1   4.0403398483746206E-004
          21           2  -3.4743250419283131E-004
          21           3  -1.1164843595842630E-003
          21           4  -1.4126046945146539E-003
          21           5  -2.9036849363550662E-011
          21           6   2.0510427538276064E-011
          21           7   1.9636304409424374E-011
          21           8  -2.5144684863949200E-011
          21           9   1.8127288141183773E-011
          21          10   1.7010883107783718E-011
          21          11  -8.8019244922628053E-012
          21          12   6.7512684903092719E-012
          21          13   5.0518333904223356E-012
          21          14   2.9878590886441577E-005
          21          15   3.9043650862998790E-005
          21          16  -1.2675645993505389E-005
          21          17  -4.8676368547974819E-005
          21          18   8.8141932349956078E-005
          21          19  -4.6614106625616327E-005
          21          20   6.1670995391923452E-005
          21          21   9.4861658669019810E-005
          21          22  -4.1720092395920166E-005
          21          23  -1.1826560666687091E-004
          21          24   2.1415235884794209E-004
          21          25  -1.2417802456752346E-004
          21          26  -2.9261820559602779E-013
          21          27  -2.3247003248527034E-013
          21          28   1.8815346140139185E-013
          21          29  -1.1656129510957816E-014
          21          30   3.2746991605898262E-013
          21          31  -2.9031426966426656E-013
          21          32   3.8946471193350879E-013
          21          33  -1.7604402628480541E-013
          21          34   3.6569574958441986E-013
          21          35  -3.1077832113221464E-013
          22           1  -2.0628139012408278E-003
          22           2   4.6666483961590455E-003
          22           3   1.7440165299354188E-002
          22           4   9.5360789717140026E-003
          22           5   1.2682991180049949E-011
          22           6   2.5291757562723349E-011
          22           7   3.7981670663545219E-011
          22           8   1.1496141088770809E-011
          22           9   2.1887445142036023E-011
          22          10   3.3315778416428699E-011
          22          11   4.7387869194209718E-012
          22          12   6.3689077106537301E-012
          22          13   1.2792296534954274E-011
          22          14   1.6156237427269560E-004
          22          15  -3.9357338481057388E-006
          22          16   1.6585198853489246E-004
          22          17   4.9067442797693297E-006
          22          18  -8.8850081957615680E-006
          22          19   1.6927310125210989E-004
          22          20   4.1491138584668090E-004
          22          21  -4.1720092395920166E-005
          22          22   4.6038271546672776E-004
          22          23   5.2013131548680401E-005
          22          24  -9.4184058590760232E-005
          22          25   4.9664765321517251E-004
          22          26   6.9331138913869929E-014
          22          27   9.8884048629024680E-015
          22          28   2.8462395952912193E-013
          22          29  -1.7402223462361266E-013
          22          30   3.9989695134347228E-014
          22          31   1.0319291423724785E-013
          22          32   7.1773066487579781E-013
          22          33  -5.3624849420844123E-013
          22          34   5.3973841097579237E-013
          22          35  -3.8723116842850233E-013
          23           1  -5.0371586951055672E-004
          23           2   4.3314986641922659E-004
          23           3   1.3919395650846631E-003
          23           4   1.7611177299263459E-003
          23           5   7.9867390030678426E-012
          23           6  -9.3423690817094172E-012
          23           7  -2.9542819060284666E-011
          23           8   6.7367817389476191E-012
          23           9  -8.3075249636750785E-012
          23          10  -2.5851802861297496E-011
          23          11   1.9340751344168707E-012
          23          12  -2.4512507221668378E-012
          23          13  -9.2088134697956532E-012
          23          14  -3.7250136272894496E-005
