           1           1   2.3799418589078982     
           1           2 -0.29309531731416366     
           1           3  -1.4359623596275748     
           1           4 -0.26230602739628373     
           1           5  -2.6046282822685589E-014
           1           6  -9.8604839307321770E-016
           1           7   1.3190597226065476E-014
           1           8   8.2849432897271617E-015
           1           9   1.7579534796959005E-014
           1          10   4.4613682257981936E-015
           1          11   3.3191279011698621E-015
           1          12   3.7222342489015115E-016
           1          13  -7.4965174696593149E-015
           1          14  0.30365230609562655     
           1          15   3.6974474486242627E-015
           1          16  0.30365230609561922     
           1          17   2.6943442408287161E-015
           1          18  -4.9099280656383313E-015
           1          19  0.30365230609561589     
           1          20  0.35449871726678839     
           1          21  -2.5871224958980153E-015
           1          22  0.35449871726680515     
           1          23  -6.7787879998958509E-015
           1          24  -3.4116001794434172E-015
           1          25  0.35449871726680071     
           1          26  -1.1309711677194236E-014
           1          27  -7.1057433401245800E-016
           1          28   4.4133948818591626E-015
           1          29  -1.4205515943332082E-014
           1          30   6.0978501532467900E-015
           1          31   3.0238611862395592E-015
           1          32  -1.8727743001758543E-015
           1          33   6.3804036040369478E-016
           1          34  -8.5862453195020129E-015
           1          35  -7.0162156682169719E-015
           2           1 -0.29309531731416366     
           2           2  0.42651999600840212     
           2           3   1.3815693655862571     
           2           4  0.24297139387014546     
           2           5   4.8517615168582167E-014
           2           6  -8.6173089592000546E-015
           2           7  -2.3396815491668230E-014
           2           8   2.5747926982687430E-014
           2           9  -6.2499946675837376E-015
           2          10  -5.3708052811056062E-015
           2          11  -5.8965539306435535E-015
           2          12   1.7849309023261302E-015
           2          13   6.2895492926978932E-016
           2          14 -0.22371670585967715     
           2          15   6.7187308033196731E-016
           2          16 -0.22371670585967557     
           2          17   5.0645906229213981E-016
           2          18   1.6818158111900540E-015
           2          19 -0.22371670585967462     
           2          20 -0.32170418818347635     
           2          21   2.5817086514534815E-015
           2          22 -0.32170418818347840     
           2          23   8.6120005963760978E-016
           2          24   3.1089762434349252E-016
           2          25 -0.32170418818348001     
           2          26  -1.7314363429369469E-014
           2          27   2.5527210919873777E-015
           2          28  -7.5335386561724839E-015
           2          29   3.0136568105786298E-015
           2          30   1.6307362999716643E-015
           2          31   7.6235339052716757E-016
           2          32   2.2024894123460425E-015
           2          33  -8.1384304142943070E-015
           2          34   8.6055774823307191E-016
           2          35   4.3476386016179829E-015
           3           1  -1.4359623596275748     
           3           2   1.3815693655862571     
           3           3   4.5838111565226241     
           3           4  0.80831944017478863     
           3           5   1.4683012037285575E-013
           3           6  -2.2487403554031161E-014
           3           7  -6.9824630639190059E-014
           3           8   7.6477255685169685E-014
           3           9  -2.2710919301474646E-014
           3          10  -1.6883018909634701E-014
           3          11  -1.8901297020860209E-014
           3          12   5.4089996944546196E-015
           3          13   3.5937534249162347E-015
           3          14 -0.75814028194988470     
           3          15   1.2473594830933777E-015
           3          16 -0.75814028194987837     
           3          17   9.6098819502366621E-016
           3          18   6.2861910757376720E-015
           3          19 -0.75814028194987459     
           3          20  -1.0718553537428841     
           3          21   8.5441754109095108E-015
           3          22  -1.0718553537428943     
           3          23   4.1714415777124346E-015
           3          24   1.7213166887820127E-015
           3          25  -1.0718553537428981     
           3          26  -4.9623209423208885E-014
           3          27   7.7805717247566378E-015
           3          28  -2.3660581857228113E-014
           3          29   1.1901751997072992E-014
           3          30   3.3207550669618833E-015
           3          31   1.6769994216786023E-015
           3          32   6.8652526297900932E-015
           3          33  -2.4683857472119906E-014
           3          34   4.3181290755840292E-015
           3          35   1.4201638534918411E-014
           4           1 -0.26230602739628373     
           4           2  0.24297139387014546     
           4           3  0.80831944017478863     
           4           4  0.14258361078394965     
           4           5   2.3794092052844634E-014
           4           6  -1.2915505805882439E-014
           4           7  -1.1338724196311689E-014
           4           8   1.3075765651655568E-014
           4           9  -5.2139046779176404E-015
           4          10  -2.8528474720163745E-015
           4          11  -3.3127965282782519E-015
           4          12   9.8021332758056873E-016
           4          13   6.5996837183841791E-016
           4          14 -0.13400352282796513     
           4          15   2.0071842325552455E-016
           4          16 -0.13400352282796396     
           4          17   1.5536309386837007E-016
           4          18   1.1223629872972645E-015
           4          19 -0.13400352282796330     
           4          20 -0.18910147355260251     
           4          21   1.5062775989661871E-015
           4          22 -0.18910147355260437     
           4          23   7.6135873012767087E-016
           4          24   3.1706141237618514E-016
           4          25 -0.18910147355260501     
           4          26  -8.3298710455458898E-015
           4          27   1.9542702787436337E-015
           4          28  -4.0265910146716410E-015
           4          29   3.4681731550646881E-015
           4          30   4.9067767423380774E-016
           4          31   2.7901919826472323E-016
           4          32   1.1480143226583722E-015
           4          33  -4.1877577049626203E-015
           4          34   1.3858729646069799E-015
           4          35   2.3793363781028680E-015
           5           1  -2.6046282822685589E-014
           5           2   4.8517615168582167E-014
           5           3   1.4683012037285575E-013
           5           4   2.3794092052844634E-014
           5           5   1.1071880794934543     
           5           6   4.3360607531832962E-002
           5           7  -1.0651011659098332E-002
           5           8  0.14286681672919851     
           5           9   5.5950674363786645E-003
           5          10  -1.3743610131599032E-003
           5          11  -4.4478685447804601E-003
           5          12  -1.7419107547816148E-004
           5          13   4.2787942362535745E-005
           5          14  -2.2707515025888469E-014
           5          15   1.8200752756273837E-015
           5          16  -2.3367896996151980E-014
           5          17   2.0739528633491310E-015
           5          18  -2.6583633128846508E-015
           5          19  -2.2143683213442124E-014
           5          20  -3.4684664271051462E-014
           5          21   2.6008144460112689E-015
           5          22  -3.2355363634335432E-014
           5          23  -4.1235094031214064E-016
           5          24   1.2387448716219388E-015
           5          25  -3.2774511838183270E-014
           5          26 -0.16261671132221839     
           5          27  -2.8480927541741489E-003
           5          28  -7.2724404158787198E-002
           5          29  -6.3685290045657726E-003
           5          30   6.9959972559830092E-004
           5          31   1.5134293775118778E-015
           5          32   6.9959972559702763E-004
           5          33  -7.2724404158789266E-002
           5          34  -2.8480927541745479E-003
           5          35   1.5643525434762334E-003
           6           1  -9.8604839307321770E-016
           6           2  -8.6173089592000546E-015
           6           3  -2.2487403554031161E-014
           6           4  -1.2915505805882439E-014
           6           5   4.3360607531832962E-002
           6           6   2.1461583199941527     
           6           7 -0.25565428196502671     
           6           8   5.5950674363708080E-003
           6           9  0.27693109513489295     
           6          10  -3.2988535664366533E-002
           6          11  -1.7419107547529686E-004
           6          12  -8.6216879141154286E-003
           6          13   1.0270311432647239E-003
           6          14   1.1607399169526564E-017
           6          15  -2.6517218643502808E-015
           6          16  -5.1732159087122469E-016
           6          17   1.6120320228932859E-015
           6          18   1.0356316028525563E-016
           6          19  -2.0110556839703558E-015
           6          20   7.9350538691890174E-015
           6          21   1.9704639355383654E-015
           6          22   7.2144193790018885E-015
           6          23   4.7190566718609016E-016
           6          24  -3.4984084934811843E-015
           6          25   8.4086894008100527E-015
           6          26  -6.3685290045625304E-003
           6          27 -0.14096799626257578     
           6          28  -2.8480927541750063E-003
           6          29 -0.31521402229504952     
           6          30   1.6792364071562912E-002
           6          31  -2.4416098187871320E-016
           6          32   1.6792364071565254E-002
           6          33  -2.8480927541749152E-003
           6          34 -0.14096799626257545     
           6          35   3.7548867566941507E-002
           7           1   1.3190597226065476E-014
           7           2  -2.3396815491668230E-014
           7           3  -6.9824630639190059E-014
           7           4  -1.1338724196311689E-014
           7           5  -1.0651011659098332E-002
           7           6 -0.25565428196502671     
           7           7   1.1681799986570567     
           7           8  -1.3743610131532610E-003
           7           9  -3.2988535664365590E-002
           7          10  0.15073695324755507     
           7          11   4.2787942361372322E-005
           7          12   1.0270311432648243E-003
           7          13  -4.6928892813307144E-003
           7          14   1.3128963020062261E-014
           7          15  -5.7957620744611078E-017
           7          16   1.1594860050324021E-014
           7          17  -2.0896449151424407E-016
           7          18   2.1936654502314573E-015
           7          19   1.1936851337988240E-014
           7          20   1.5556901241366479E-014
           7          21  -3.2584169856261587E-015
           7          22   1.6324990646995092E-014
           7          23  -1.0510374933808258E-015
           7          24  -1.2388297807022965E-015
           7          25   1.4605454850942654E-014
           7          26   1.5643525434717444E-003
           7          27   1.6792364071562649E-002
           7          28   6.9959972559545066E-004
           7          29   3.7548867566941715E-002
           7          30  -7.6730589794121229E-002
           7          31  -9.8003359214324773E-016
           7          32  -7.6730589794120535E-002
           7          33   6.9959972559729977E-004
           7          34   1.6792364071562441E-002
           7          35 -0.17157481473329914     
           8           1   8.2849432897271617E-015
           8           2   2.5747926982687430E-014
           8           3   7.6477255685169685E-014
           8           4   1.3075765651655568E-014
           8           5  0.14286681672919851     
           8           6   5.5950674363708080E-003
           8           7  -1.3743610131532610E-003
           8           8   1.8434923298372687E-002
           8           9   7.2196358398804081E-004
           8          10  -1.7734166996909444E-004
           8          11  -5.7393394310516850E-004
           8          12  -2.2476871741217304E-005
           8          13   5.5211731709902684E-006
           8          14  -1.1428580487713600E-014
           8          15   2.3485473304179928E-016
           8          16  -1.1513793354131077E-014
           8          17   2.6761401167606140E-016
           8          18  -3.4302383782459408E-016
           8          19  -1.1355826040924632E-014
           8          20  -1.7640541633515483E-014
           8          21   3.3559797805542177E-016
           8          22  -1.7339978636734254E-014
           8          23  -5.3208002604826489E-017
           8          24   1.5984234280159742E-016
           8          25  -1.7394063729168636E-014
           8          26  -2.0983365269074593E-002
           8          27  -3.6750571386585484E-004
           8          28  -9.3840462276716906E-003
           8          29  -8.2176775832464195E-004
           8          30   9.0273357916540204E-005
           8          31   1.9528645721021807E-016
           8          32   9.0273357916375568E-005
           8          33  -9.3840462276719543E-003
           8          34  -3.6750571386590607E-004
           8          35   2.0185736485832392E-004
           9           1   1.7579534796959005E-014
           9           2  -6.2499946675837376E-015
           9           3  -2.2710919301474646E-014
           9           4  -5.2139046779176404E-015
           9           5   5.5950674363786645E-003
           9           6  0.27693109513489295     
           9           7  -3.2988535664365590E-002
           9           8   7.2196358398804081E-004
           9           9   3.5734004680894223E-002
           9          10  -4.2566996215147399E-003
           9          11  -2.2476871740879237E-005
           9          12  -1.1125057521263210E-003
           9          13   1.3252370833607743E-004
           9          14   3.6720344570208595E-015
           9          15  -3.4216685369679978E-016
           9          16   3.6037837212311978E-015
           9          17   2.0800972105991430E-016
           9          18   1.3363347487516878E-017
           9          19   3.4110386593275396E-015
           9          20   5.7675512208564602E-015
           9          21   2.5426024282956140E-016
           9          22   5.6745636268378793E-015
           9          23   6.0892689973800670E-017
           9          24  -4.5141967687250356E-016
           9          25   5.8286671251422236E-015
           9          26  -8.2176775832537683E-004
           9          27  -1.8189907622506142E-002
           9          28  -3.6750571386648129E-004
           9          29  -4.0673869948364513E-002
           9          30   2.1668148751740647E-003
           9          31  -3.1505489353192055E-017
           9          32   2.1668148751743674E-003
           9          33  -3.6750571386646969E-004
           9          34  -1.8189907622506097E-002
           9          35   4.8451453555471502E-003
          10           1   4.4613682257981936E-015
          10           2  -5.3708052811056062E-015
          10           3  -1.6883018909634701E-014
          10           4  -2.8528474720163745E-015
          10           5  -1.3743610131599032E-003
          10           6  -3.2988535664366533E-002
          10           7  0.15073695324755507     
          10           8  -1.7734166996909444E-004
          10           9  -4.2566996215147399E-003
          10          10   1.9450452071150381E-002
          10          11   5.5211731708668032E-006
          10          12   1.3252370833609421E-004
          10          13  -6.0555037152589496E-004
          10          14   3.0063246370005188E-015
          10          15  -7.4786036215183527E-018
          10          16   2.8083705478257193E-015
          10          17  -2.6963884695862713E-017
          10          18   2.8306121213551361E-016
          10          19   2.8524996416288611E-015
          10          20   3.8512540929746025E-015
          10          21  -4.2045219862354610E-016
          10          22   3.9503650664198601E-015
          10          23  -1.3562138513183744E-016
          10          24  -1.5985329910638283E-016
          10          25   3.7284835180326112E-015
          10          26   2.0185736485872142E-004
          10          27   2.1668148751740933E-003
          10          28   9.0273357916609512E-005
          10          29   4.8451453555473150E-003
          10          30  -9.9009872962644799E-003
          10          31  -1.2645934524625980E-016
          10          32  -9.9009872962643880E-003
          10          33   9.0273357916847372E-005
          10          34   2.1668148751740656E-003
          10          35  -2.2139280638808254E-002
          11           1   3.3191279011698621E-015
          11           2  -5.8965539306435535E-015
          11           3  -1.8901297020860209E-014
          11           4  -3.3127965282782519E-015
          11           5  -4.4478685447804601E-003
          11           6  -1.7419107547529686E-004
          11           7   4.2787942361372322E-005
          11           8  -5.7393394310516850E-004
          11           9  -2.2476871740879237E-005
          11          10   5.5211731708668032E-006
          11          11   1.7868269138788552E-005
          11          12   6.9977180908878480E-007
          11          13  -1.7189052741351369E-007
          11          14   3.0334123128303253E-015
          11          15  -7.3117257289427821E-018
          11          16   3.0360652425786271E-015
          11          17  -8.3316194195973877E-018
          11          18   1.0679351393816466E-017
          11          19   3.0311472507061820E-015
          11          20   4.3967324058868385E-015
          11          21  -1.0448162312723580E-017
          11          22   4.3873749866504398E-015
          11          23   1.6565232328494575E-018
          11          24  -4.9763671155356159E-018
          11          25   4.3890588162960557E-015
          11          26   6.5327451454919299E-004
          11          27   1.1441544944654595E-005
          11          28   2.9215324450003103E-004
          11          29   2.5584072263897981E-005
          11          30  -2.8104778863293299E-006
          11          31  -6.0798477220552680E-018
          11          32  -2.8104778863242248E-006
          11          33   2.9215324450003927E-004
          11          34   1.1441544944656189E-005
          11          35  -6.2844196030852399E-006
          12           1   3.7222342489015115E-016
          12           2   1.7849309023261302E-015
          12           3   5.4089996944546196E-015
          12           4   9.8021332758056873E-016
          12           5  -1.7419107547816148E-004
          12           6  -8.6216879141154286E-003
          12           7   1.0270311432648243E-003
          12           8  -2.2476871741217304E-005
          12           9  -1.1125057521263210E-003
          12          10   1.3252370833609421E-004
          12          11   6.9977180908878480E-007
          12          12   3.4635609962179564E-005
          12          13  -4.1258568451438794E-006
          12          14  -8.1000090046562513E-016
          12          15   1.0652670931349668E-017
          12          16  -8.0787605224805552E-016
          12          17  -6.4759607338638967E-018
          12          18  -4.1604071752240286E-019
          12          19  -8.0187532571385717E-016
          12          20  -1.2558339425564838E-015
          12          21  -7.9158769136193180E-018
          12          22  -1.2529389624347174E-015
          12          23  -1.8957703863128300E-018
          12          24   1.4054035970171767E-017
          12          25  -1.2577366622676292E-015
          12          26   2.5584072264305689E-005
          12          27   5.6630587703214268E-004
          12          28   1.1441544944846190E-005
          12          29   1.2662984371014825E-003
          12          30  -6.7459385925308657E-005
          12          31   9.8085950461416901E-019
          12          32  -6.7459385925318089E-005
          12          33   1.1441544944845826E-005
          12          34   5.6630587703214127E-004
          12          35  -1.5084377264938957E-004
          13           1  -7.4965174696593149E-015
          13           2   6.2895492926978932E-016
          13           3   3.5937534249162347E-015
          13           4   6.5996837183841791E-016
          13           5   4.2787942362535745E-005
          13           6   1.0270311432647239E-003
          13           7  -4.6928892813307144E-003
          13           8   5.5211731709902684E-006
          13           9   1.3252370833607743E-004
          13          10  -6.0555037152589496E-004
          13          11  -1.7189052741351369E-007
          13          12  -4.1258568451438794E-006
          13          13   1.8852582506246179E-005
          13          14  -8.2027922692628112E-016
          13          15   2.3283115398670845E-019
          13          16  -8.1411632789407396E-016
          13          17   8.3946585588239338E-019
          13          18  -8.8125366724630851E-018
          13          19  -8.1549019771723447E-016
          13          20  -8.9937911178194212E-016
          13          21   1.3089926349997159E-017
          13          22  -9.0246473090141046E-016
          13          23   4.2222967288072840E-018
          13          24   4.9767082178680191E-018
          13          25  -8.9555689896159445E-016
          13          26  -6.2844196032381251E-006
          13          27  -6.7459385925301027E-005
          13          28  -2.8104778863943405E-006
          13          29  -1.5084377264937561E-004
          13          30   3.0824715609664081E-004
          13          31   3.9370552014157158E-018
          13          32   3.0824715609663799E-004
          13          33  -2.8104778864017728E-006
          13          34  -6.7459385925300200E-005
          13          35   6.8926159490304722E-004
          14           1  0.30365230609562655     
          14           2 -0.22371670585967715     
          14           3 -0.75814028194988470     
          14           4 -0.13400352282796513     
          14           5  -2.2707515025888469E-014
          14           6   1.1607399169526564E-017
          14           7   1.3128963020062261E-014
          14           8  -1.1428580487713600E-014
          14           9   3.6720344570208595E-015
          14          10   3.0063246370005188E-015
          14          11   3.0334123128303253E-015
          14          12  -8.1000090046562513E-016
          14          13  -8.2027922692628112E-016
          14          14  0.12765996962085277     
          14          15  -6.6190664683643531E-017
          14          16  0.12765996962085155     
          14          17  -5.6280660728814173E-017
          14          18  -1.1404921931131474E-015
          14          19  0.12765996962085085     
          14          20  0.17792132625780424     
          14          21  -1.4100981160613308E-015
          14          22  0.17792132625780635     
          14          23  -8.7748049728283263E-016
          14          24  -3.8314316528685756E-016
          14          25  0.17792132625780682     
          14          26   7.1557653830965362E-015
          14          27  -1.0022272163138899E-015
          14          28   3.7518689479777749E-015
          14          29  -1.8234387750770722E-015
          14          30  -4.2793723612288119E-016
          14          31  -1.5572417245155574E-016
          14          32  -1.2493038126387191E-015
          14          33   3.7807330166601914E-015
          14          34  -7.3665708401387452E-016
          14          35  -2.7126877408413240E-015
          15           1   3.6974474486242627E-015
          15           2   6.7187308033196731E-016
          15           3   1.2473594830933777E-015
          15           4   2.0071842325552455E-016
          15           5   1.8200752756273837E-015
          15           6  -2.6517218643502808E-015
          15           7  -5.7957620744611078E-017
          15           8   2.3485473304179928E-016
          15           9  -3.4216685369679978E-016
          15          10  -7.4786036215183527E-018
          15          11  -7.3117257289427821E-018
          15          12   1.0652670931349668E-017
          15          13   2.3283115398670845E-019
          15          14  -6.6190664683643531E-017
          15          15   1.5565191617138533E-029
          15          16  -6.6190664683652874E-017
          15          17   8.0738354894103581E-030
          15          18  -9.8544297102423144E-030
          15          19  -6.6190664683652565E-017
          15          20  -2.5202380196480260E-016
          15          21   5.3820966157057858E-030
          15          22  -2.5202380196477193E-016
          15          23  -1.1433426256623790E-029
          15          24   1.4529238877814434E-030
          15          25  -2.5202380196478687E-016
          15          26  -2.6732102807400195E-016
          15          27   1.7417536925428542E-016
          15          28  -1.1954959811770110E-016
          15          29   3.8946796565865514E-016
          15          30   3.8068811552450923E-018
          15          31   1.1168153172916660E-029
          15          32   3.8068811552260795E-018
          15          33  -1.1954959811771424E-016
          15          34   1.7417536925426449E-016
          15          35   8.5124450453459179E-018
          16           1  0.30365230609561922     
          16           2 -0.22371670585967557     
          16           3 -0.75814028194987837     
          16           4 -0.13400352282796396     
          16           5  -2.3367896996151980E-014
          16           6  -5.1732159087122469E-016
          16           7   1.1594860050324021E-014
          16           8  -1.1513793354131077E-014
          16           9   3.6037837212311978E-015
          16          10   2.8083705478257193E-015
          16          11   3.0360652425786271E-015
          16          12  -8.0787605224805552E-016
          16          13  -8.1411632789407396E-016
          16          14  0.12765996962085155     
          16          15  -6.6190664683652874E-017
          16          16  0.12765996962085030     
          16          17  -5.6280660728822628E-017
          16          18  -1.1404921931131320E-015
          16          19  0.12765996962084961     
          16          20  0.17792132625780269     
          16          21  -1.4100981160613170E-015
          16          22  0.17792132625780480     
          16          23  -8.7748049728281034E-016
          16          24  -3.8314316528684488E-016
          16          25  0.17792132625780527     
          16          26   7.2527580677268637E-015
          16          27  -9.6748511029281685E-016
          16          28   3.7952453952084710E-015
          16          29  -1.7457530643324180E-015
          16          30  -3.2717140739081366E-016
          16          31  -1.5572417245156252E-016
          16          32  -1.1485379839066292E-015
          16          33   3.8241094638908953E-015
          16          34  -7.0191497799278128E-016
          16          35  -2.4873684979872694E-015
          17           1   2.6943442408287161E-015
          17           2   5.0645906229213981E-016
          17           3   9.6098819502366621E-016
          17           4   1.5536309386837007E-016
          17           5   2.0739528633491310E-015
          17           6   1.6120320228932859E-015
          17           7  -2.0896449151424407E-016
          17           8   2.6761401167606140E-016
          17           9   2.0800972105991430E-016
          17          10  -2.6963884695862713E-017
          17          11  -8.3316194195973877E-018
          17          12  -6.4759607338638967E-018
          17          13   8.3946585588239338E-019
          17          14  -5.6280660728814173E-017
          17          15   8.0738354894103581E-030
          17          16  -5.6280660728822628E-017
          17          17   9.8277927973918031E-030
          17          18  -8.0902887524052207E-030
          17          19  -5.6280660728824034E-017
          17          20  -1.9565964232140305E-016
          17          21   8.1538631924136471E-030
          17          22  -1.9565964232138032E-016
          17          23  -8.0357057682692894E-030
          17          24  -4.2985469162188740E-030
          17          25  -1.9565964232138988E-016
          17          26  -3.0460894614172482E-016
          17          27  -1.0588451097073639E-016
          17          28  -1.3622526202547782E-016
          17          29  -2.3676496429492211E-016
          17          30   1.3725597680464889E-017
          17          31   8.4840360508692060E-030
          17          32   1.3725597680454304E-017
          17          33  -1.3622526202548812E-016
          17          34  -1.0588451097075151E-016
          17          35   3.0691369445303523E-017
          18           1  -4.9099280656383313E-015
          18           2   1.6818158111900540E-015
          18           3   6.2861910757376720E-015
          18           4   1.1223629872972645E-015
          18           5  -2.6583633128846508E-015
          18           6   1.0356316028525563E-016
          18           7   2.1936654502314573E-015
          18           8  -3.4302383782459408E-016
          18           9   1.3363347487516878E-017
          18          10   2.8306121213551361E-016
          18          11   1.0679351393816466E-017
          18          12  -4.1604071752240286E-019
          18          13  -8.8125366724630851E-018
          18          14  -1.1404921931131474E-015
          18          15  -9.8544297102423144E-030
          18          16  -1.1404921931131320E-015
          18          17  -8.0902887524052207E-030
          18          18   2.3730449097601741E-029
          18          19  -1.1404921931131263E-015
          18          20  -1.4984535087776102E-015
          18          21  -2.8598066109477312E-031
          18          22  -1.4984535087776491E-015
          18          23   1.3173576071495938E-029
          18          24   2.4072067842903883E-031
          18          25  -1.4984535087776479E-015
          18          26   3.9044341918738385E-016
          18          27  -6.8024297443596436E-018
          18          28   1.7461160533406982E-016
          18          29  -1.5210695320514910E-017
          18          30  -1.4408844869863450E-016
          18          31  -8.7012982389030639E-030
          18          32  -1.4408844869861407E-016
          18          33   1.7461160533408318E-016
          18          34  -6.8024297443500817E-018
          18          35  -3.2219156606258107E-016
          19           1  0.30365230609561589     
          19           2 -0.22371670585967462     
          19           3 -0.75814028194987459     
          19           4 -0.13400352282796330     
          19           5  -2.2143683213442124E-014
          19           6  -2.0110556839703558E-015
          19           7   1.1936851337988240E-014
          19           8  -1.1355826040924632E-014
          19           9   3.4110386593275396E-015
          19          10   2.8524996416288611E-015
          19          11   3.0311472507061820E-015
          19          12  -8.0187532571385717E-016
          19          13  -8.1549019771723447E-016
          19          14  0.12765996962085085     
          19          15  -6.6190664683652565E-017
          19          16  0.12765996962084961     
          19          17  -5.6280660728824034E-017
          19          18  -1.1404921931131263E-015
          19          19  0.12765996962084891     
          19          20  0.17792132625780180     
          19          21  -1.4100981160613091E-015
          19          22  0.17792132625780394     
          19          23  -8.7748049728280176E-016
          19          24  -3.8314316528683660E-016
          19          25  0.17792132625780438     
          19          26   7.0729533687901809E-015
          19          27  -8.6937086583490229E-016
          19          28   3.7148342893091981E-015
          19          29  -1.5263629441634906E-015
          19          30  -3.4963472061060710E-016
          19          31  -1.5572417245156343E-016
          19          32  -1.1710012971264151E-015
          19          33   3.7436983579916248E-015
          19          34  -6.0380073353486021E-016
          19          35  -2.5375979933465732E-015
          20           1  0.35449871726678839     
          20           2 -0.32170418818347635     
          20           3  -1.0718553537428841     
          20           4 -0.18910147355260251     
          20           5  -3.4684664271051462E-014
          20           6   7.9350538691890174E-015
          20           7   1.5556901241366479E-014
          20           8  -1.7640541633515483E-014
          20           9   5.7675512208564602E-015
          20          10   3.8512540929746025E-015
          20          11   4.3967324058868385E-015
          20          12  -1.2558339425564838E-015
          20          13  -8.9937911178194212E-016
          20          14  0.17792132625780424     
          20          15  -2.5202380196480260E-016
          20          16  0.17792132625780269     
          20          17  -1.9565964232140305E-016
          20          18  -1.4984535087776102E-015
          20          19  0.17792132625780180     
          20          20  0.25081884122881021     
          20          21  -1.9970589745798254E-015
          20          22  0.25081884122881271     
          20          23  -1.0285032178907741E-015
          20          24  -4.3036379743427178E-016
          20          25  0.25081884122881359     
          20          26   1.1423090131253911E-014
          20          27  -1.9835538622053496E-015
          20          28   5.5393285394476383E-015
          20          29  -3.2892440327310355E-015
          20          30  -6.6219413499486773E-016
          20          31  -3.5771647202086272E-016
          20          32  -1.5575607647241845E-015
          20          33   5.7388789276762754E-015
          20          34  -1.2608221702043038E-015
          20          35  -3.2449384562849591E-015
          21           1  -2.5871224958980153E-015
          21           2   2.5817086514534815E-015
          21           3   8.5441754109095108E-015
          21           4   1.5062775989661871E-015
          21           5   2.6008144460112689E-015
          21           6   1.9704639355383654E-015
          21           7  -3.2584169856261587E-015
          21           8   3.3559797805542177E-016
          21           9   2.5426024282956140E-016
          21          10  -4.2045219862354610E-016
          21          11  -1.0448162312723580E-017
          21          12  -7.9158769136193180E-018
          21          13   1.3089926349997159E-017
          21          14  -1.4100981160613308E-015
          21          15   5.3820966157057858E-030
          21          16  -1.4100981160613170E-015
          21          17   8.1538631924136471E-030
          21          18  -2.8598066109477312E-031
          21          19  -1.4100981160613091E-015
          21          20  -1.9970589745798254E-015
          21          21   3.1636810713360686E-029
          21          22  -1.9970589745798404E-015
          21          23   9.6168436868910895E-030
          21          24   7.2588869776748247E-030
          21          25  -1.9970589745798436E-015
          21          26  -3.8199100929918321E-016
          21          27  -1.2942770815772233E-016
          21          28  -1.7083157271734532E-016
          21          29  -2.8940915361270306E-016
          21          30   2.1402545617088613E-016
          21          31   9.2319384981576357E-030
          21          32   2.1402545617088892E-016
          21          33  -1.7083157271735701E-016
          21          34  -1.2942770815772935E-016
          21          35   4.7857546891349202E-016
          22           1  0.35449871726680515     
          22           2 -0.32170418818347840     
          22           3  -1.0718553537428943     
          22           4 -0.18910147355260437     
          22           5  -3.2355363634335432E-014
          22           6   7.2144193790018885E-015
          22           7   1.6324990646995092E-014
          22           8  -1.7339978636734254E-014
          22           9   5.6745636268378793E-015
          22          10   3.9503650664198601E-015
          22          11   4.3873749866504398E-015
          22          12  -1.2529389624347174E-015
          22          13  -9.0246473090141046E-016
          22          14  0.17792132625780635     
          22          15  -2.5202380196477193E-016
          22          16  0.17792132625780480     
          22          17  -1.9565964232138032E-016
          22          18  -1.4984535087776491E-015
          22          19  0.17792132625780394     
          22          20  0.25081884122881271     
          22          21  -1.9970589745798404E-015
          22          22  0.25081884122881520     
          22          23  -1.0285032178908236E-015
          22          24  -4.3036379743429283E-016
          22          25  0.25081884122881609     
          22          26   1.1080977335569798E-014
          22          27  -1.9362197959470612E-015
          22          28   5.3863310460232724E-015
          22          29  -3.1834018429261297E-015
          22          30  -7.1264522401898029E-016
          22          31  -3.5771647202083885E-016
          22          32  -1.6080118537483561E-015
          22          33   5.5858814342518779E-015
          22          34  -1.2134881039460724E-015
          22          35  -3.3577505208819138E-015
          23           1  -6.7787879998958509E-015
          23           2   8.6120005963760978E-016
          23           3   4.1714415777124346E-015
          23           4   7.6135873012767087E-016
          23           5  -4.1235094031214064E-016
          23           6   4.7190566718609016E-016
          23           7  -1.0510374933808258E-015
          23           8  -5.3208002604826489E-017
          23           9   6.0892689973800670E-017
          23          10  -1.3562138513183744E-016
          23          11   1.6565232328494575E-018
          23          12  -1.8957703863128300E-018
          23          13   4.2222967288072840E-018
          23          14  -8.7748049728283263E-016
