           1           1   2.1768015973471089     
           1           2 -0.32756232733983720     
           1           3 -0.39104842300439047     
           1           4 -0.30023548199793326     
           1           5  -3.7282559873951626E-002
           1           6  -4.9588809927045348E-014
           1           7   2.9787440475525055E-013
           1           8  -2.2008178506145841E-013
           1           9  -1.8746701933502518E-014
           1          10  -1.6913886708187723E-013
           1          11   1.1626919778756011E-013
           1          12  -2.1371718113149293E-014
           1          13  -8.6440638019872650E-014
           1          14   5.6171295732759720E-014
           1          15   4.1960536447924019E-015
           1          16   2.5708956151929253E-014
           1          17  -1.1662638312582451E-014
           1          18  0.21594574934528515     
           1          19  -1.2796022889195297E-014
           1          20  0.21594574934527372     
           1          21  -4.3475439693169195E-015
           1          22   1.2903326333178771E-016
           1          23  0.21594574934528132     
           1          24   9.6445306711631651E-002
           1          25  -3.1304823094539670E-015
           1          26   9.6445306711632275E-002
           1          27   6.1828422246501391E-015
           1          28  -9.4655470714078638E-016
           1          29   9.6445306711625822E-002
           1          30   2.0377693870519005E-014
           1          31   4.5974304214213835E-014
           1          32   4.7240299850015639E-015
           1          33   1.2604855331977473E-013
           1          34  -3.8713581602008937E-014
           1          35  -4.9135767383770002E-015
           1          36  -3.7489435695397436E-014
           1          37   4.4317137041538683E-015
           1          38   5.1858670805683350E-014
           1          39  -7.8932031911556107E-014
           2           1 -0.32756232733983720     
           2           2  0.67252670207131404     
           2           3  0.76040017175183683     
           2           4  0.38690634109844024     
           2           5   6.9399322297750199E-002
           2           6  -3.6816821791871179E-014
           2           7  -4.8419298985459353E-013
           2           8   3.8067519581685026E-013
           2           9   2.0156691568940978E-013
           2          10   3.8629845463973875E-013
           2          11  -1.7167279130828535E-013
           2          12   8.7840053158917662E-014
           2          13   1.4946891817933105E-013
           2          14  -1.0300209166924464E-013
           2          15  -1.4838529746550221E-014
           2          16  -3.7425220187964627E-014
           2          17   2.5228673545766124E-014
           2          18 -0.54995535540759999     
           2          19   2.8928993650782587E-014
           2          20 -0.54995535540756790     
           2          21  -3.5281551595730675E-015
           2          22   3.2523273359826858E-015
           2          23 -0.54995535540758067     
           2          24 -0.14811923268194011     
           2          25   5.3177440440027185E-015
           2          26 -0.14811923268194013     
           2          27  -6.6763012757982174E-015
           2          28  -1.2449542699162272E-015
           2          29 -0.14811923268193378     
           2          30  -1.2744774379927257E-013
           2          31  -9.9002421232448677E-014
           2          32  -5.1776055283303091E-014
           2          33  -2.4834885190945298E-013
           2          34   6.5256724350092129E-014
           2          35   9.5917007833770977E-015
           2          36   5.7462005332191423E-014
           2          37  -5.3656099151175623E-014
           2          38  -1.1023917459441284E-013
           2          39   1.3068930094623890E-013
           3           1 -0.39104842300439047     
           3           2  0.76040017175183683     
           3           3  0.96719409393431810     
           3           4  0.51921557112513284     
           3           5   7.0561943633092039E-002
           3           6   1.9366145157323460E-013
           3           7  -6.9865300862863437E-013
           3           8   5.6702382867365281E-013
           3           9  -2.2977382811696915E-013
           3          10   2.5888038482550539E-013
           3          11  -3.0685662109772294E-013
           3          12  -3.2360653412761538E-014
           3          13   1.4122418732918410E-013
           3          14  -1.6352515132830645E-013
           3          15   1.4578918059379358E-014
           3          16  -3.7666812892621647E-014
           3          17   4.0533531953719506E-014
           3          18 -0.47638852974791734     
           3          19   2.9889209264478742E-014
           3          20 -0.47638852974789586     
           3          21   6.6481343275806285E-015
           3          22   4.2566981746420136E-015
           3          23 -0.47638852974790463     
           3          24 -0.17368111451028789     
           3          25   8.9825559762668456E-015
           3          26 -0.17368111451028334     
           3          27  -1.0346485633491268E-014
           3          28  -1.2156089613032797E-015
           3          29 -0.17368111451027746     
           3          30   9.9751926337111388E-014
           3          31  -7.6473535701935857E-014
           3          32   5.2859392564418426E-014
           3          33  -2.0955510766407633E-013
           3          34   1.0635772310969907E-013
           3          35   1.3838275598090763E-014
           3          36   9.5286804314234851E-014
           3          37   4.9020906420488374E-014
           3          38  -9.2659852804104217E-014
           3          39   2.1901277090040183E-013
           4           1 -0.30023548199793326     
           4           2  0.38690634109844024     
           4           3  0.51921557112513284     
           4           4  0.28938197137676919     
           4           5   3.4148817075193509E-002
           4           6  -2.3247465120723585E-013
           4           7  -5.2546334429263833E-013
           4           8   3.4754364093883662E-013
           4           9   9.9425485866572050E-013
           4          10   6.8322191140986156E-013
           4          11  -1.7161015307077552E-013
           4          12   2.8703014902120388E-013
           4          13   2.2454518158069969E-013
           4          14  -9.3455228807237894E-014
           4          15  -5.9179463897773360E-014
           4          16  -5.3361254923282691E-014
           4          17   2.3243796288929365E-014
           4          18 -0.20458882532903866     
           4          19   1.4461438845468335E-014
           4          20 -0.20458882532903161     
           4          21   6.2563519565486125E-015
           4          22   2.2249288591575832E-015
           4          23 -0.20458882532903472     
           4          24  -9.1039974664658990E-002
           4          25   5.3178201669309856E-015
           4          26  -9.1039974664655576E-002
           4          27  -6.0840444369603124E-015
           4          28  -4.9779193859089208E-016
           4          29  -9.1039974664652731E-002
           4          30  -5.2805343938790335E-013
           4          31  -1.6717025725189013E-013
           4          32  -2.3129726103465476E-013
           4          33  -3.9586158508614202E-013
           4          34   6.0197122602452946E-014
           4          35   7.7799252929382405E-015
           4          36   5.4138242270576266E-014
           4          37  -2.3360883937770780E-013
           4          38  -1.7627156735613212E-013
           4          39   1.2463687096416216E-013
           5           1  -3.7282559873951626E-002
           5           2   6.9399322297750199E-002
           5           3   7.0561943633092039E-002
           5           4   3.4148817075193509E-002
           5           5   7.7555367113857571E-003
           5           6   1.0825876078622923E-013
           5           7  -1.9384244920617769E-013
           5           8   4.6385996881983783E-014
           5           9  -2.4444595984981351E-014
           5          10   1.1054334295434819E-013
           5          11  -4.9102813924733000E-014
           5          12  -1.1044668636911677E-014
           5          13   4.3988966209128295E-014
           5          14  -1.8391906617765370E-014
           5          15   2.9485895040233797E-015
           5          16  -1.0347356667208394E-014
           5          17   4.2037807448058248E-015
           5          18  -6.7391703997867106E-002
           5          19   3.1908412143945546E-015
           5          20  -6.7391703997862706E-002
           5          21  -1.1367711930220420E-015
           5          22   2.8844697640484742E-016
           5          23  -6.7391703997864455E-002
           5          24  -1.4885322080223803E-002
           5          25   3.3014218461778168E-016
           5          26  -1.4885322080224148E-002
           5          27  -4.8902305644352853E-016
           5          28  -1.3883027397623774E-016
           5          29  -1.4885322080223392E-002
           5          30   1.8120605456043371E-014
           5          31  -3.0976769799809467E-014
           5          32   8.4732826964048940E-015
           5          33  -7.1477891304914502E-014
           5          34   1.3750527500381953E-014
           5          35   7.6871096875989197E-016
           5          36   1.3119768703938988E-014
           5          37   8.4091238268146007E-015
           5          38  -3.1879515069351581E-014
           5          39   2.9292894928777961E-014
           6           1  -4.9588809927045348E-014
           6           2  -3.6816821791871179E-014
           6           3   1.9366145157323460E-013
           6           4  -2.3247465120723585E-013
           6           5   1.0825876078622923E-013
           6           6   2.7743909916450997     
           6           7   6.6717464886067985E-015
           6           8   3.0045410603918299E-015
           6           9  -2.0885191785719361     
           6          10  -1.2384537839693621E-013
           6          11   5.5164206536062466E-014
           6          12 -0.73801700936401460     
           6          13  -1.0227929614359255E-013
           6          14  -1.3280695987383240E-013
           6          15  0.16728817334944279     
           6          16   5.9575608335471486E-014
           6          17   5.6044578700120695E-014
           6          18   2.6141220230507908E-013
           6          19  -1.2055061904209690E-013
           6          20   5.7243602348477411E-013
           6          21   4.3622904708551252E-013
           6          22   6.4395499009052162E-013
           6          23  -6.0208390877186692E-013
           6          24   2.7710352394197388E-014
           6          25   5.8981238506378255E-014
           6          26   3.3595030423189704E-014
           6          27   1.6372786356182655E-014
           6          28   8.2525897856106996E-014
           6          29  -3.7027500765557389E-014
           6          30   1.2525607886450856     
           6          31   4.1647241211251185E-014
           6          32  0.56016221387221898     
           6          33   7.5037198676852768E-014
           6          34   5.3339277439334865E-014
           6          35  -1.9796687440590921E-014
           6          36  -1.3850032232198829E-014
           6          37  0.56016221387230303     
           6          38   3.8732905771610149E-014
           6          39   2.6298407895808396E-014
           7           1   2.9787440475525055E-013
           7           2  -4.8419298985459353E-013
           7           3  -6.9865300862863437E-013
           7           4  -5.2546334429263833E-013
           7           5  -1.9384244920617769E-013
           7           6   6.6717464886067985E-015
           7           7   2.7743909916449727     
           7           8   5.0515147620444615E-015
           7           9   4.5158321526628261E-014
           7          10  -2.0885191785716222     
           7          11  -4.0842329518397953E-014
           7          12   1.7336132529521824E-013
           7          13 -0.73801700936369841     
           7          14   1.1119924425706528E-013
           7          15  -8.5417783957097994E-014
           7          16  0.16728817334927815     
           7          17  -4.5760270572792194E-014
           7          18   3.0757993317499262E-013
           7          19  -4.5522384811942816E-014
           7          20   5.4816852466705984E-013
           7          21   1.7330968950639952E-013
           7          22   4.5971881903084136E-013
           7          23  -1.5169647272401786E-013
           7          24   2.2298555601987214E-013
           7          25  -4.7303378995642902E-014
           7          26   2.3525304551091871E-013
           7          27   2.5697758322088181E-014
           7          28  -2.9278352354665264E-014
           7          29   2.1024978100967991E-013
           7          30  -5.9618976422370944E-014
           7          31  0.56016221387212450     
           7          32  -3.0947466811426440E-015
           7          33   1.2525607886448591     
           7          34  -4.2448683457152457E-014
           7          35   3.5174544130336033E-014
           7          36  -1.7104373473131312E-014
           7          37  -5.1035564663237677E-014
           7          38  0.56016221387213694     
           7          39  -1.5307199952019339E-014
           8           1  -2.2008178506145841E-013
           8           2   3.8067519581685026E-013
           8           3   5.6702382867365281E-013
           8           4   3.4754364093883662E-013
           8           5   4.6385996881983783E-014
           8           6   3.0045410603918299E-015
           8           7   5.0515147620444615E-015
           8           8   2.7743909916450433     
           8           9  -3.3445468616832841E-014
           8          10  -1.4099832412739482E-014
           8          11  -2.0885191785718416     
           8          12  -1.3752887717544133E-014
           8          13  -3.0218882951515964E-015
           8          14 -0.73801700936382442     
           8          15   3.6247047030535400E-015
           8          16  -6.1756155744774372E-016
           8          17  0.16728817334936041     
           8          18  -1.2238715325565432E-013
           8          19  -2.8948802323935621E-014
           8          20  -3.8175374136336603E-014
           8          21   9.2929380014599530E-014
           8          22   1.3574722990203772E-013
           8          23  -3.1139123184041789E-013
           8          24  -1.0564578316729144E-013
           8          25   2.9875136935044748E-015
           8          26  -1.0303381863770258E-013
           8          27   5.5155011107219044E-015
           8          28   8.9913029011656369E-015
           8          29  -1.1871070493446169E-013
           8          30   1.4196976927394194E-014
           8          31   2.3314683517128276E-015
           8          32   8.1774864657546718E-015
           8          33   2.3314683517128256E-015
           8          34  0.56016221387220022     
           8          35   1.4558300725785550E-015
           8          36  0.56016221387219178     
           8          37   1.6337625696749572E-014
           8          38   2.4980018054066010E-015
           8          39   1.2525607886450116     
           9           1  -1.8746701933502518E-014
           9           2   2.0156691568940978E-013
           9           3  -2.2977382811696915E-013
           9           4   9.9425485866572050E-013
           9           5  -2.4444595984981351E-014
           9           6  -2.0885191785719361     
           9           7   4.5158321526628261E-014
           9           8  -3.3445468616832841E-014
           9           9   4.6377009967499099     
           9          10  -3.0198066269804378E-014
           9          11  -3.2834845953289024E-014
           9          12   1.3203444982284014     
           9          13  -7.7243766938295304E-014
           9          14   1.5946098608221601E-013
           9          15 -0.29297674869021978     
           9          16   7.0936312379643608E-014
           9          17  -7.2442486037660458E-014
           9          18  -1.2762595800481179E-012
           9          19   4.2852604953152546E-013
           9          20  -3.0336294845505684E-012
           9          21  -2.2757230936408036E-012
           9          22  -3.5381472173851306E-012
           9          23   3.0689894462169160E-012
           9          24  -3.0861145502524971E-013
           9          25  -7.2870151881609327E-014
           9          26  -3.6409801341465390E-013
           9          27  -1.3891131425415424E-013
           9          28  -2.3779191312296150E-013
           9          29  -3.7571107824832950E-014
           9          30  -2.4676957275011122     
           9          31   2.8338442703557146E-014
           9          32  -1.1035870788957094     
           9          33   1.4084566846150897E-013
           9          34  -7.3264311284404446E-014
           9          35  -3.1115390243160474E-014
           9          36   9.4483448842552800E-014
           9          37  -1.1035870788958388     
           9          38   7.2233885539674531E-015
           9          39  -8.2687329205910474E-014
          10           1  -1.6913886708187723E-013
          10           2   3.8629845463973875E-013
          10           3   2.5888038482550539E-013
          10           4   6.8322191140986156E-013
          10           5   1.1054334295434819E-013
          10           6  -1.2384537839693621E-013
          10           7  -2.0885191785716222     
          10           8  -1.4099832412739482E-014
          10           9  -3.0198066269804378E-014
          10          10   4.6377009967494818     
          10          11  -8.0907502919557873E-015
          10          12  -1.0952350137927198E-013
          10          13   1.3203444982280201     
          10          14  -9.3328123007551843E-015
          10          15   6.0609503527153739E-014
          10          16 -0.29297674869006585     
          10          17   1.1674688993324054E-015
          10          18  -7.8800284228398352E-013
          10          19   4.4997942266512438E-013
          10          20  -1.8709181196220041E-012
          10          21  -9.1009718289056746E-013
          10          22  -2.2068744867116840E-012
          10          23   1.7719506801734423E-012
          10          24  -2.4429136250406511E-013
          10          25   1.0287759430322336E-014
          10          26  -3.0111259135989095E-013
          10          27  -7.4143071674972825E-014
          10          28  -9.2812350480294230E-014
          10          29  -1.1934141864519044E-013
          10          30   7.9297679533852008E-014
          10          31  -1.1035870788955293     
          10          32  -1.1976530878143763E-014
          10          33  -2.4676957275008160     
          10          34  -6.5607241861443333E-015
          10          35  -3.9587109407431153E-014
          10          36   5.6291776795447346E-014
          10          37  -3.2113200987282571E-014
          10          38  -1.1035870788955346     
          10          39  -1.3062467774105386E-014
          11           1   1.1626919778756011E-013
          11           2  -1.7167279130828535E-013
          11           3  -3.0685662109772294E-013
          11           4  -1.7161015307077552E-013
          11           5  -4.9102813924733000E-014
          11           6   5.5164206536062466E-014
          11           7  -4.0842329518397953E-014
          11           8  -2.0885191785718416     
          11           9  -3.2834845953289024E-014
          11          10  -8.0907502919557873E-015
          11          11   4.6377009967497083     
          11          12  -5.1070259132757682E-015
          11          13  -2.4841240175987865E-014
          11          14   1.3203444982281767     
          11          15   4.9756206099704904E-015
          11          16   2.2577859720707135E-014
          11          17 -0.29297674869016338     
          11          18  -1.4154436473591740E-013
          11          19   1.4319046360068269E-013
          11          20  -5.7633262371266930E-013
          11          21  -4.8661159025077215E-013
          11          22  -7.1958838880501186E-013
          11          23   8.3469435877646146E-013
          11          24   5.3282612206886589E-014
          11          25  -1.0452082613988973E-014
          11          26   4.0778731060034510E-014
          11          27  -3.0146276933052156E-014
          11          28  -4.3659373297351405E-014
          11          29   1.1425968825747987E-013
          11          30   3.6762259902900534E-014
          11          31   9.7387375941337856E-015
          11          32   2.9334173978767997E-015
          11          33   3.5995512126518728E-014
          11          34  -1.1035870788956224     
          11          35  -1.1480437089442759E-014
          11          36  -1.1035870788955802     
          11          37  -2.4140411891693235E-014
          11          38   3.3428121382072978E-015
          11          39  -2.4676957275010070     
          12           1  -2.1371718113149293E-014
          12           2   8.7840053158917662E-014
          12           3  -3.2360653412761538E-014
          12           4   2.8703014902120388E-013
          12           5  -1.1044668636911677E-014
          12           6 -0.73801700936401460     
          12           7   1.7336132529521824E-013
          12           8  -1.3752887717544133E-014
          12           9   1.3203444982284014     
          12          10  -1.0952350137927198E-013
          12          11  -5.1070259132757682E-015
          12          12  0.38711587556066074     
          12          13  -5.1840476356090992E-014
          12          14   5.2424210805757055E-014
          12          15  -8.6174551883829900E-002
          12          16   2.2254767473306477E-014
          12          17  -2.2954511555428619E-014
          12          18  -3.6593313503460437E-013
          12          19   1.1633606401622344E-013
          12          20  -8.2868398472807802E-013
          12          21  -6.0186091267055404E-013
          12          22  -9.3305465210186473E-013
          12          23   7.8564595844128624E-013
          12          24  -8.6888427588661609E-014
          12          25  -2.2792285131499571E-014
          12          26  -1.0119137482366006E-013
          12          27  -3.5935904273363567E-014
          12          28  -6.5778135073232267E-014
          12          29  -1.4206650111279197E-014
          12          30 -0.71359651067122165     
          12          31   3.4264258097493957E-014
          12          32 -0.31913006127351318     
          12          33   9.7324925896202937E-014
          12          34  -2.4288730748889208E-014
          12          35  -6.2144039435038537E-015
          12          36   2.2833297752544774E-014
          12          37 -0.31913006127355209     
          12          38   2.9223151676305362E-014
          12          39  -2.6765048510846125E-014
          13           1  -8.6440638019872650E-014
          13           2   1.4946891817933105E-013
          13           3   1.4122418732918410E-013
          13           4   2.2454518158069969E-013
          13           5   4.3988966209128295E-014
          13           6  -1.0227929614359255E-013
          13           7 -0.73801700936369841     
          13           8  -3.0218882951515964E-015
          13           9  -7.7243766938295304E-014
          13          10   1.3203444982280201     
          13          11  -2.4841240175987865E-014
          13          12  -5.1840476356090992E-014
          13          13  0.38711587556046084     
          13          14  -1.7597902302046707E-014
          13          15   2.4041532653562595E-014
          13          16  -8.6174551883760594E-002
          13          17   5.3060854321440626E-015
          13          18  -2.2647616015834200E-013
          13          19   1.1582053077886885E-013
          13          20  -5.1545629902574097E-013
          13          21  -2.4060401691185145E-013
          13          22  -5.8652168967044072E-013
          13          23   4.4809670855774636E-013
          13          24  -8.2159479644292665E-014
          13          25   6.2660122237523248E-015
          13          26  -9.7294576559326456E-014
          13          27  -2.0506866358279512E-014
          13          28  -2.0864967226864223E-014
          13          29  -4.9991081093922371E-014
          13          30   5.1875170825610502E-014
          13          31 -0.31913006127339749     
          13          32   9.5166929892087984E-015
          13          33 -0.71359651067098806     
          13          34   7.5226283535734082E-015
          13          35  -1.2627028521768871E-014
          13          36   2.1211331302506396E-014
          13          37   8.2572837456496270E-015
          13          38 -0.31913006127339971     
          13          39   1.0979064879457204E-014
          14           1   5.6171295732759720E-014
          14           2  -1.0300209166924464E-013
          14           3  -1.6352515132830645E-013
          14           4  -9.3455228807237894E-014
          14           5  -1.8391906617765370E-014
          14           6  -1.3280695987383240E-013
          14           7   1.1119924425706528E-013
          14           8 -0.73801700936382442     
          14           9   1.5946098608221601E-013
          14          10  -9.3328123007551843E-015
          14          11   1.3203444982281767     
          14          12   5.2424210805757055E-014
          14          13  -1.7597902302046707E-014
          14          14  0.38711587556053545     
          14          15  -1.0854598470055864E-014
          14          16   8.4875682870855198E-015
          14          17  -8.6174551883797162E-002
          14          18  -1.1972059519734684E-014
          14          19   3.7986988405811605E-014
          14          20  -1.2702847830881738E-013
          14          21  -1.2866702111997082E-013
          14          22  -1.9013845800327878E-013
          14          23   2.4636028159669160E-013
          14          24   2.8653775776659845E-014
          14          25  -2.8412174196266737E-015
          14          26   2.5330048258963016E-014
          14          27  -7.9522089869062612E-015
          14          28  -1.1595272146408649E-014
          14          29   4.4888033396491783E-014
          14          30  -8.5313700548539348E-014
          14          31   8.3179990673087806E-015
          14          32  -4.1655047466893061E-014
          14          33   2.2416096756572282E-014
          14          34 -0.31913006127344729     
          14          35  -2.9779825312284740E-015
          14          36 -0.31913006127343607     
          14          37  -4.9064051432790011E-014
          14          38   6.7298597250520137E-015
          14          39 -0.71359651067109398     
          15           1   4.1960536447924019E-015
          15           2  -1.4838529746550221E-014
          15           3   1.4578918059379358E-014
          15           4  -5.9179463897773360E-014
          15           5   2.9485895040233797E-015
          15           6  0.16728817334944279     
          15           7  -8.5417783957097994E-014
          15           8   3.6247047030535400E-015
          15           9 -0.29297674869021978     
          15          10   6.0609503527153739E-014
          15          11   4.9756206099704904E-015
          15          12  -8.6174551883829900E-002
          15          13   2.4041532653562595E-014
          15          14  -1.0854598470055864E-014
          15          15   1.9189609632059065E-002
          15          16  -7.6620567529550661E-015
          15          17   4.9447208480546448E-015
          15          18   7.9667662725977213E-014
          15          19  -2.5675012612552657E-014
          15          20   1.8142560782970747E-013
          15          21   1.3241753652678712E-013
          15          22   2.0521370349335839E-013
          15          23  -1.7375857333577202E-013
          15          24   1.7968958832472910E-014
          15          25   5.1077909057023015E-015
          15          26   2.1105964738450878E-014
          15          27   7.8851563776886545E-015
          15          28   1.4548555771272630E-014
          15          29   1.9515242707157645E-015
          15          30  0.15861457009581265     
          15          31  -1.7253559692065342E-014
          15          32   7.0934592191231091E-002
          15          33  -4.3146042294495190E-014
          15          34   4.6063413500218984E-015
          15          35   1.3139253813988595E-015
          15          36  -5.8325740071030346E-015
          15          37   7.0934592191239765E-002
          15          38  -1.6158949178723977E-014
          15          39   4.0896105946153133E-015
          16           1   2.5708956151929253E-014
          16           2  -3.7425220187964627E-014
          16           3  -3.7666812892621647E-014
          16           4  -5.3361254923282691E-014
          16           5  -1.0347356667208394E-014
          16           6   5.9575608335471486E-014
          16           7  0.16728817334927815     
          16           8  -6.1756155744774372E-016
          16           9   7.0936312379643608E-014
          16          10 -0.29297674869006585     
          16          11   2.2577859720707135E-014
          16          12   2.2254767473306477E-014
          16          13  -8.6174551883760594E-002
          16          14   8.4875682870855198E-015
          16          15  -7.6620567529550661E-015
          16          16   1.9189609632037915E-002
          16          17  -2.2235360254418976E-015
          16          18   5.1660844455467060E-014
          16          19  -2.5397761363257573E-014
          16          20   1.1530870750690705E-013
          16          21   5.2933765645519311E-014
          16          22   1.2911864544080630E-013
          16          23  -9.6689229930367174E-014
          16          24   1.9363579174002544E-014
          16          25  -1.4724466659528433E-015
          16          26   2.2696352548577232E-014
          16          27   4.5355634719051693E-015
          16          28   4.4931376906761460E-015
          16          29   1.2309313875561229E-014
          16          30  -3.5442135337682158E-014
          16          31   7.0934592191186738E-002
          16          32  -1.2812667593564705E-014
          16          33  0.15861457009571897     
          16          34  -5.6124809660884591E-015
          16          35   2.8352223988087734E-015
          16          36  -8.5465488852687312E-015
          16          37  -1.2640062607705011E-014
          16          38   7.0934592191187251E-002
          16          39  -1.1104398650596535E-014
          17           1  -1.1662638312582451E-014
          17           2   2.5228673545766124E-014
          17           3   4.0533531953719506E-014
          17           4   2.3243796288929365E-014
          17           5   4.2037807448058248E-015
          17           6   5.6044578700120695E-014
          17           7  -4.5760270572792194E-014
          17           8  0.16728817334936041     
          17           9  -7.2442486037660458E-014
          17          10   1.1674688993324054E-015
          17          11 -0.29297674869016338     
          17          12  -2.2954511555428619E-014
          17          13   5.3060854321440626E-015
          17          14  -8.6174551883797162E-002
          17          15   4.9447208480546448E-015
          17          16  -2.2235360254418976E-015
          17          17   1.9189609632050561E-002
          17          18   2.7031476547059846E-015
          17          19  -8.3607579064779768E-015
          17          20   2.8018911991177547E-014
          17          21   2.8307762968517435E-014
          17          22   4.1828498958911759E-014
          17          23  -5.4137331981572674E-014
          17          24  -6.9641990664375633E-015
          17          25   6.2714313853191881E-016
          17          26  -6.2324887705848385E-015
          17          27   1.7490486665689632E-015
          17          28   2.5524048628545225E-015
          17          29  -1.0538804322204100E-014
          17          30   3.9416386821145023E-014
          17          31  -2.3668133425358593E-015
          17          32   1.8394790898823572E-014
          17          33  -6.1192370615081933E-015
          17          34   7.0934592191213661E-002
          17          35   6.5365455157573393E-016
          17          36   7.0934592191211204E-002
          17          37   2.0035297206011388E-014
          17          38  -2.0150981577815617E-015
          17          39  0.15861457009577790     
          18           1  0.21594574934528515     
          18           2 -0.54995535540759999     
          18           3 -0.47638852974791734     
          18           4 -0.20458882532903866     
          18           5  -6.7391703997867106E-002
          18           6   2.6141220230507908E-013
          18           7   3.0757993317499262E-013
          18           8  -1.2238715325565432E-013
          18           9  -1.2762595800481179E-012
          18          10  -7.8800284228398352E-013
          18          11  -1.4154436473591740E-013
          18          12  -3.6593313503460437E-013
          18          13  -2.2647616015834200E-013
          18          14  -1.1972059519734684E-014
          18          15   7.9667662725977213E-014
          18          16   5.1660844455467060E-014
          18          17   2.7031476547059846E-015
          18          18  0.64684886789764262     
          18          19  -2.7482094954268895E-014
          18          20  0.64684886789759621     
          18          21   1.7331074944604543E-014
          18          22  -1.8969753351653850E-015
          18          23  0.64684886789761431     
          18          24  0.11244585601839083     
          18          25  -3.2887392097154023E-016
          18          26  0.11244585601839707     
          18          27   1.6440344614233906E-015
          18          28   1.2959653410762976E-015
          18          29  0.11244585601839020     
          18          30   6.7223160100103432E-013
          18          31   1.8442409434112276E-013
          18          32   2.9955502741375886E-013
          18          33   4.2343284718725071E-013
          18          34   1.9606073494663591E-014
          18          35  -3.7959153948769807E-015
          18          36   2.2959914811208114E-014
          18          37   2.9879232274432129E-013
          18          38   1.8890374864338278E-013
          18          39   5.4141252212701694E-014
          19           1  -1.2796022889195297E-014
          19           2   2.8928993650782587E-014
          19           3   2.9889209264478742E-014
          19           4   1.4461438845468335E-014
          19           5   3.1908412143945546E-015
          19           6  -1.2055061904209690E-013
          19           7  -4.5522384811942816E-014
          19           8  -2.8948802323935621E-014
          19           9   4.2852604953152546E-013
          19          10   4.4997942266512438E-013
          19          11   1.4319046360068269E-013
          19          12   1.1633606401622344E-013
          19          13   1.1582053077886885E-013
          19          14   3.7986988405811605E-014
          19          15  -2.5675012612552657E-014
          19          16  -2.5397761363257573E-014
          19          17  -8.3607579064779768E-015
          19          18  -2.7482094954268895E-014
          19          19   1.0600634060152310E-025
          19          20  -2.7482094954590303E-014
          19          21  -3.5999724435351054E-025
          19          22  -6.5005116827430771E-025
          19          23  -2.7482094953480334E-014
          19          24  -6.1998460678686997E-015
          19          25  -8.5627256963200551E-027
          19          26  -6.1998460678818026E-015
          19          27  -2.3812188457807905E-026
          19          28  -3.9650759269945218E-026
          19          29  -6.1998460678231950E-015
          19          30  -2.2243679359988709E-013
          19          31  -1.0166416252107690E-013
          19          32  -9.9476758237298548E-014
          19          33  -2.2732797827270434E-013
          19          34  -3.2849381496443576E-014
          19          35  -6.6574208475697146E-027
          19          36  -3.2849381496415827E-014
          19          37  -9.9476758237317292E-014
          19          38  -1.0166416252107960E-013
          19          39  -7.3453450044858887E-014
          20           1  0.21594574934527372     
          20           2 -0.54995535540756790     
          20           3 -0.47638852974789586     
          20           4 -0.20458882532903161     
          20           5  -6.7391703997862706E-002
          20           6   5.7243602348477411E-013
          20           7   5.4816852466705984E-013
          20           8  -3.8175374136336603E-014
          20           9  -3.0336294845505684E-012
          20          10  -1.8709181196220041E-012
          20          11  -5.7633262371266930E-013
          20          12  -8.2868398472807802E-013
          20          13  -5.1545629902574097E-013
          20          14  -1.2702847830881738E-013
          20          15   1.8142560782970747E-013
          20          16   1.1530870750690705E-013
          20          17   2.8018911991177547E-014
          20          18  0.64684886789759621     
          20          19  -2.7482094954590303E-014
          20          20  0.64684886789754970     
          20          21   1.7331074945917112E-014
          20          22  -1.8969753329097028E-015
          20          23  0.64684886789756801     
          20          24  0.11244585601838464     
          20          25  -3.2887392094650809E-016
          20          26  0.11244585601839088     
          20          27   1.6440344615098622E-015
          20          28   1.2959653412087417E-015
          20          29  0.11244585601838403     
          20          30   1.5703125478075562E-012
          20          31   4.3360218286355946E-013
          20          32   7.0118903668515148E-013
          20          33   9.8061199162683875E-013
          20          34   1.1922392083335571E-013
          20          35  -3.7959153948480839E-015
          20          36   1.2257776214980800E-013
          20          37   7.0042633201577142E-013
          20          38   4.3808183716583129E-013
          20          39   2.7689353063418308E-013
          21           1  -4.3475439693169195E-015
          21           2  -3.5281551595730675E-015
          21           3   6.6481343275806285E-015
          21           4   6.2563519565486125E-015
