           1           1   2.1533988810499491     
           1           2 -0.13386995977893451     
           1           3 -0.52926588803002961     
           1           4   9.0739846923586817E-002
           1           5   9.1283986024670277E-002
           1           6   6.4953931434429410E-012
           1           7  -9.6196113102281416E-012
           1           8   4.7924691796728960E-012
           1           9  -1.4057741796260697E-011
           1          10   8.2817618846125249E-012
           1          11  -2.0348003872550451E-012
           1          12  -2.0338299471630292E-011
           1          13   1.0926454323099506E-011
           1          14   1.2346047586993397E-012
           1          15  -1.0556221794301821E-011
           1          16   1.0021651658770311E-012
           1          17   3.8236934719760811E-012
           1          18  -2.0729472821657841E-003
           1          19   2.0738382354086170E-004
           1          20  -1.8859349249721481E-003
           1          21   3.2011759517277551E-004
           1          22   5.2757007644226007E-004
           1          23  -1.4766704761679443E-003
           1          24   1.7624121881295201E-003
           1          25   1.8486074003551422E-004
           1          26   1.9291138877071852E-003
           1          27   2.8535098855652177E-004
           1          28   4.7027289807349305E-004
           1          29   2.2939298821595950E-003
           1          30   9.4147933863128711E-012
           1          31  -3.9996578586862142E-012
           1          32   3.1387306153769829E-012
           1          33  -9.9585320062440435E-012
           1          34  -1.0077702752664935E-012
           1          35   5.8219123713278813E-013
           1          36   1.7051498277109210E-012
           1          37   3.6411423315992252E-012
           1          38  -4.1271783059278954E-012
           1          39   3.9288195543185985E-012
           2           1 -0.13386995977893451     
           2           2   6.6037284646245822E-002
           2           3  0.31509546515317144     
           2           4   5.2401059310064118E-003
           2           5  -5.1238731112307851E-003
           2           6  -2.4723570303500476E-012
           2           7   1.0779164584578253E-011
           2           8  -6.2128823778500486E-012
           2           9   2.9725020536664058E-012
           2          10  -3.7918137352328404E-012
           2          11   1.8165224494597352E-012
           2          12  -1.0891410746980239E-012
           2          13  -2.6643504052226927E-012
           2          14   1.8960486485125833E-012
           2          15  -1.4587433152962453E-012
           2          16   8.5015330970635617E-013
           2          17  -2.0496519244336749E-013
           2          18  -1.9047921476084532E-003
           2          19  -1.1575526003650698E-004
           2          20  -2.0091766925706325E-003
           2          21  -1.7867977297924837E-004
           2          22  -2.9447336498966177E-004
           2          23  -2.2376154888874298E-003
           2          24  -1.4571862241997977E-003
           2          25   2.1139147465268500E-005
           2          26  -1.4381235827767072E-003
           2          27   3.2630375514766754E-005
           2          28   5.3776528964746484E-005
           2          29  -1.3964062549030277E-003
           2          30  -2.9397292502486490E-012
           2          31   1.5336271105910660E-012
           2          32  -1.4810110782590534E-012
           2          33   3.7970328861409843E-012
           2          34  -3.6326688556494888E-013
           2          35  -9.2623313504622195E-014
           2          36  -5.4486681799244863E-013
           2          37  -1.2396429022603807E-012
           2          38   1.4649863859651213E-012
           2          39  -1.4255851032779378E-012
           3           1 -0.52926588803002961     
           3           2  0.31509546515317144     
           3           3   2.1073128960815337     
           3           4 -0.66596603092554996     
           3           5 -0.62666934372061589     
           3           6  -5.4032691790446958E-011
           3           7   2.8114921557678659E-011
           3           8  -4.0810730148383869E-012
           3           9   6.2555030797842573E-011
           3          10   3.9416911630541026E-012
           3          11  -1.2453334985670061E-011
           3          12   1.3610750023444484E-010
           3          13  -2.5779501375915525E-011
           3          14  -3.6338391826235587E-011
           3          15   8.7544622575216145E-011
           3          16  -1.5225553077494313E-011
           3          17  -2.6467832829471282E-011
           3          18  -7.1097383570704045E-003
           3          19  -8.0110090138862586E-004
           3          20  -7.8321463487893480E-003
           3          21  -1.2365791692132691E-003
           3          22  -2.0379451294158862E-003
           3          23  -9.4130901790364790E-003
           3          24  -1.0126490875411375E-002
           3          25  -1.5354828575922155E-003
           3          26  -1.1511141970031545E-002
           3          27  -2.3701708476894425E-003
           3          28  -3.9061619065973475E-003
           3          29  -1.4541361743133863E-002
           3          30  -3.3521754008003582E-011
           3          31   5.9101918237252627E-012
           3          32  -6.3778059807248645E-012
           3          33   1.8446418519898232E-011
           3          34   1.4487119459308914E-011
           3          35  -3.8203250145078938E-012
           3          36  -4.3172356204349653E-012
           3          37  -1.1182759301318182E-011
           3          38   7.2514914409478579E-012
           3          39  -8.7680558286217139E-012
           4           1   9.0739846923586817E-002
           4           2   5.2401059310064118E-003
           4           3 -0.66596603092554996     
           4           4  0.81883092046352579     
           4           5  0.71149985234718705     
           4           6   6.3087983475283728E-012
           4           7  -8.2195584329385602E-012
           4           8   1.3926527085114469E-011
           4           9   5.2401018019601390E-011
           4          10  -5.8519230739757396E-011
           4          11  -1.9757616197888536E-012
           4          12   1.0527280684144846E-011
           4          13  -3.4132557884968496E-011
           4          14   7.8024618611541615E-012
           4          15  -4.3186769163512628E-011
           4          16   3.7541573293314181E-012
           4          17   1.2047356878531828E-011
           4          18  -3.1458169791924234E-003
           4          19   2.4850893324762711E-004
           4          20  -2.9217195252592186E-003
           4          21   3.8359845260950627E-004
           4          22   6.3218941933896418E-004
           4          23  -2.4312957944602458E-003
           4          24   3.8353597822766480E-003
           4          25   1.7417045381926373E-003
           4          26   5.4059752305580105E-003
           4          27   2.6884945685880599E-003
           4          28   4.4307755698228361E-003
           4          29   8.8431660081512847E-003
           4          30   2.8193971590188533E-011
           4          31  -7.2174008743390367E-013
           4          32   7.3949187494392760E-013
           4          33  -8.5851815238321054E-013
           4          34  -2.3476217619935593E-011
           4          35   2.1370485892982330E-012
           4          36   2.9980328199866549E-012
           4          37   6.1362404432476693E-012
           4          38   1.4495065300104547E-012
           4          39   2.5708609792064622E-012
           5           1   9.1283986024670277E-002
           5           2  -5.1238731112307851E-003
           5           3 -0.62666934372061589     
           5           4  0.71149985234718705     
           5           5  0.62151144040796757     
           5           6   2.2696111475295136E-010
           5           7  -1.2066330689899264E-011
           5           8  -8.6475332570727133E-011
           5           9  -2.9614677555798374E-010
           5          10   2.5677454232798512E-011
           5          11   1.0022190231636075E-010
           5          12  -5.4984504326397493E-010
           5          13   9.0487602791320912E-011
           5          14   1.7682632528364214E-010
           5          15  -2.5326124887661609E-010
           5          16   4.9214326625853388E-011
           5          17   7.7412549259012699E-011
           5          18  -2.5588820515345984E-003
           5          19   3.4201259760125217E-004
           5          20  -2.2504658166612635E-003
           5          21   5.2793064360823596E-004
           5          22   8.7005627193764571E-004
           5          23  -1.5755160691633199E-003
           5          24   2.1164986993203513E-003
           5          25   2.2376666514430489E-003
           5          26   4.1343576931098976E-003
           5          27   3.4540614066772106E-003
           5          28   5.6924688368508690E-003
           5          29   8.5503114820832532E-003
           5          30   6.6416506754293347E-012
           5          31   6.7309811485644457E-012
           5          32  -4.5698946985311630E-012
           5          33   1.1159542469899450E-012
           5          34  -6.3094489735332066E-012
           5          35   7.7549146560305417E-012
           5          36   6.7426721133178350E-013
           5          37   4.4836543800932054E-012
           5          38  -4.4152281974830454E-012
           5          39   9.9686331862912697E-013
           6           1   6.4953931434429410E-012
           6           2  -2.4723570303500476E-012
           6           3  -5.4032691790446958E-011
           6           4   6.3087983475283728E-012
           6           5   2.2696111475295136E-010
           6           6   2.0303394763257967     
           6           7   1.0592762443510576E-002
           6           8   1.6350981258089314E-002
           6           9  -4.3172245619094669E-002
           6          10  -1.4085879647476715E-002
           6          11  -2.1742955442107047E-002
           6          12 -0.15954900368973413     
           6          13  -2.0697479022579787E-002
           6          14  -3.1948617680294562E-002
           6          15  -6.7883158700909413E-002
           6          16  -1.3765857804935475E-002
           6          17  -2.1248971307108604E-002
           6          18   9.1589522474534905E-012
           6          19  -2.9026537516139331E-011
           6          20   6.4561885196423404E-013
           6          21   2.8215708757540549E-011
           6          22  -1.4762066414251540E-011
           6          23  -1.3432104504845308E-011
           6          24  -1.1590875039954457E-010
           6          25   2.1293720401376171E-011
           6          26  -7.0177956580508529E-012
           6          27   6.2321224726991883E-011
           6          28  -1.4806514822331272E-011
           6          29  -1.7100386099716869E-011
           6          30  -7.7355920622670538E-003
           6          31   1.6539231356711491E-003
           6          32  -2.7525596867749970E-003
           6          33   2.9878402803988093E-004
           6          34   2.5529945311606392E-003
           6          35   2.0633518357934936E-003
           6          36   3.6888697338263932E-005
           6          37  -1.1519071214226156E-003
           6          38  -2.0367107172184005E-004
           6          39   1.9937652269582848E-004
           7           1  -9.6196113102281416E-012
           7           2   1.0779164584578253E-011
           7           3   2.8114921557678659E-011
           7           4  -8.2195584329385602E-012
           7           5  -1.2066330689899264E-011
           7           6   1.0592762443510576E-002
           7           7   2.0413694444378692     
           7           8   2.6947255133577239E-002
           7           9  -1.4085879356382289E-002
           7          10  -5.7839503766215501E-002
           7          11  -3.5833502388853335E-002
           7          12  -2.0697478819655026E-002
           7          13 -0.18110074514998975     
           7          14  -5.2652953284838683E-002
           7          15  -1.3765857764743948E-002
           7          16  -8.2217183795691595E-002
           7          17  -3.5019388278217878E-002
           7          18  -9.7202523949175568E-012
           7          19   1.8939055744367534E-011
           7          20  -2.1569838377298700E-011
           7          21  -1.4839312396758788E-011
           7          22   3.0816268926890309E-011
           7          23   1.9339969660706407E-011
           7          24  -2.9822189072057400E-011
           7          25  -2.3744569940931076E-011
           7          26   5.7847635106920504E-011
           7          27  -2.0040962385095378E-011
           7          28   5.8866447144750956E-012
           7          29  -4.5360936480695301E-012
           7          30   3.7629139180413163E-004
           7          31  -3.3508098578576961E-003
           7          32   1.5499359086818645E-003
           7          33  -5.6949226735301716E-003
           7          34   3.2533145289670678E-004
           7          35   1.0666488444430531E-003
           7          36   3.9429297980396408E-003
           7          37  -2.0367111731158389E-004
           7          38  -1.3639837551888932E-003
           7          39   3.2858437659434949E-004
           8           1   4.7924691796728960E-012
           8           2  -6.2128823778500486E-012
           8           3  -4.0810730148383869E-012
           8           4   1.3926527085114469E-011
           8           5  -8.6475332570727133E-011
           8           6   1.6350981258089314E-002
           8           7   2.6947255133577239E-002
           8           8   2.0655077944492408     
           8           9  -2.1742955302736112E-002
           8          10  -3.5833502880124136E-002
           8          11  -8.9937827217623861E-002
           8          12  -3.1948617578338084E-002
           8          13  -5.2652953652877615E-002
           8          14 -0.22826531392325272     
           8          15  -2.1248971483395218E-002
           8          16  -3.5019388518751748E-002
           8          17 -0.11358625960282245     
           8          18   1.2980220501571031E-011
           8          19  -7.2271954923639552E-012
           8          20  -4.8193565236759361E-012
           8          21   5.4182180680926739E-012
           8          22  -3.0413393679094256E-011
           8          23   3.3838915760501790E-012
           8          24   5.4987734354469956E-011
           8          25  -8.2125242019197697E-012
           8          26  -8.6696295550849315E-012
           8          27  -4.5232328161183808E-011
           8          28   2.3826797540590618E-011
           8          29  -6.1598855754226560E-012
           8          30   5.8084243766892609E-004
           8          31   3.2533150593308307E-004
           8          32   3.6888686334138777E-005
           8          33   7.6008622899784183E-004
           8          34  -3.0593912926972530E-003
           8          35   4.2823973311069803E-004
           8          36  -2.6732177365881953E-003
           8          37   2.0412042328775198E-003
           8          38   3.3640096073774303E-003
           8          39  -1.7922016034022821E-003
           9           1  -1.4057741796260697E-011
           9           2   2.9725020536664058E-012
           9           3   6.2555030797842573E-011
           9           4   5.2401018019601390E-011
           9           5  -2.9614677555798374E-010
           9           6  -4.3172245619094669E-002
           9           7  -1.4085879356382289E-002
           9           8  -2.1742955302736112E-002
           9           9  0.12917161147335138     
           9          10   1.6764467000562600E-002
           9          11   2.5877623185029879E-002
           9          12  0.21284349921680018     
           9          13   2.6615051952469802E-002
           9          14   4.1082981348905166E-002
           9          15   8.9119928338269219E-002
           9          16   1.8471571261467694E-002
           9          17   2.8512708146936482E-002
           9          18   3.1502592146474336E-011
           9          19  -3.3399949837806371E-012
           9          20  -5.3421220393459499E-012
           9          21  -1.7537350015934504E-011
           9          22   6.5968079290595925E-013
           9          23   1.3753058160801037E-012
           9          24   1.5437640523183063E-010
           9          25  -1.6052862664635486E-011
           9          26  -1.9451328407252279E-011
           9          27  -8.4788782930750495E-011
           9          28   8.4315235282741327E-012
           9          29   1.2603426952439896E-011
           9          30   6.4786920663731555E-003
           9          31  -1.8674586910514563E-003
           9          32   1.8427637604012928E-003
           9          33   8.3490033257678953E-004
           9          34  -2.8826082727041354E-003
           9          35  -3.0666348139405716E-003
           9          36   8.0064087457225493E-004
           9          37  -5.3618909580970008E-004
           9          38   8.2005520016060129E-004
           9          39   1.6354883419003570E-003
          10           1   8.2817618846125249E-012
          10           2  -3.7918137352328404E-012
          10           3   3.9416911630541026E-012
          10           4  -5.8519230739757396E-011
          10           5   2.5677454232798512E-011
          10           6  -1.4085879647476715E-002
          10           7  -5.7839503766215501E-002
          10           8  -3.5833502880124136E-002
          10           9   1.6764467000562600E-002
          10          10  0.14662800964703235     
          10          11   4.2647643100998563E-002
          10          12   2.6615052188903494E-002
          10          13  0.24055705271249628     
          10          14   6.7706849792733240E-002
          10          15   1.8471571481644654E-002
          10          16  0.10835388953925977     
          10          17   4.6990397972932849E-002
          10          18   1.8312604523314173E-012
          10          19   5.2432645961839132E-012
          10          20  -7.3113306897277134E-012
          10          21   2.6361990554040597E-012
          10          22  -1.5995224209757779E-012
          10          23   2.9603343634266271E-013
          10          24   2.8475564572169631E-011
          10          25   2.2885517896359958E-011
          10          26  -3.6493672684790383E-011
          10          27   2.3727097594602278E-011
          10          28   2.4543981276488636E-012
          10          29   6.6891633202061968E-012
          10          30   7.3225691485451021E-004
          10          31   3.3265186380079799E-003
          10          32  -1.7297479485429874E-003
          10          33   4.7927550580668622E-003
          10          34   9.6917061117376458E-004
          10          35  -1.6153095462711244E-003
          10          36  -4.4003589979264759E-003
          10          37   8.2005527472433148E-004
          10          38   3.1771286920843716E-004
          10          39   2.6953684099559360E-003
          11           1  -2.0348003872550451E-012
          11           2   1.8165224494597352E-012
          11           3  -1.2453334985670061E-011
          11           4  -1.9757616197888536E-012
          11           5   1.0022190231636075E-010
          11           6  -2.1742955442107047E-002
          11           7  -3.5833502388853335E-002
          11           8  -8.9937827217623861E-002
          11           9   2.5877623185029879E-002
          11          10   4.2647643100998563E-002
          11          11  0.18483019355284822     
          11          12   4.1082981403954215E-002
          11          13   6.7706849288127854E-002
          11          14  0.30120634793435863     
          11          15   2.8512708490328068E-002
          11          16   4.6990397787843925E-002
          11          17  0.15044615279046913     
          11          18  -1.0149184657581286E-011
          11          19   1.0282424024741031E-012
          11          20  -9.9541860498946643E-013
          11          21   1.5692861640218572E-011
          11          22  -6.4088880573825666E-012
          11          23   2.7766036642239306E-012
          11          24  -6.9354998727683323E-011
          11          25   1.3072087082645707E-011
          11          26   2.1750767917596136E-012
          11          27   6.0505487113916838E-011
          11          28  -2.9256123827349876E-011
          11          29   7.8860708678737460E-012
          11          30   1.1303113213905107E-003
          11          31   9.6917054636959854E-004
          11          32   8.0064089762409184E-004
          11          33   2.1239286419622526E-003
          11          34   4.1946657726651144E-003
          11          35  -6.9846329376692298E-004
          11          36   3.5648128094454717E-003
          11          37  -2.2048421082596459E-003
          11          38  -3.6336924263932692E-003
          11          39   1.8489667890175868E-003
          12           1  -2.0338299471630292E-011
          12           2  -1.0891410746980239E-012
          12           3   1.3610750023444484E-010
          12           4   1.0527280684144846E-011
          12           5  -5.4984504326397493E-010
          12           6 -0.15954900368973413     
          12           7  -2.0697478819655026E-002
          12           8  -3.1948617578338084E-002
          12           9  0.21284349921680018     
          12          10   2.6615052188903494E-002
          12          11   4.1082981403954215E-002
          12          12  0.35464953306540070     
          12          13   4.2057927368805474E-002
          12          14   6.4920595961147173E-002
          12          15  0.14835476624990096     
          12          16   2.9532462428861001E-002
          12          17   4.5586294051002771E-002
          12          18   5.0818114867126640E-011
          12          19  -3.5872444971722436E-012
          12          20  -8.5684260864774293E-012
          12          21  -2.9101056570972524E-011
          12          22   3.3548757032865924E-012
          12          23   4.2008567078978163E-012
          12          24   2.4966031181804189E-010
          12          25  -2.3291107748318645E-011
          12          26  -3.6355278250731038E-011
          12          27  -1.3585726801461743E-010
          12          28   2.4825515719930186E-011
          12          29   2.4133597258370201E-011
          12          30   1.0956703583863638E-002
          12          31  -3.1543248310653719E-003
          12          32   3.1436458047985972E-003
          12          33   1.3167354467397783E-003
          12          34  -4.8690141725510798E-003
          12          35  -5.1120150785867223E-003
          12          36   1.2942406764541968E-003
          12          37  -8.2201805948472182E-004
          12          38   1.3561270624349911E-003
          12          39   2.6281086474372302E-003
          13           1   1.0926454323099506E-011
          13           2  -2.6643504052226927E-012
          13           3  -2.5779501375915525E-011
          13           4  -3.4132557884968496E-011
          13           5   9.0487602791320912E-011
          13           6  -2.0697479022579787E-002
          13           7 -0.18110074514998975     
          13           8  -5.2652953652877615E-002
          13           9   2.6615051952469802E-002
          13          10  0.24055705271249628     
          13          11   6.7706849288127854E-002
          13          12   4.2057927368805474E-002
          13          13  0.39844334676517018     
          13          14  0.10699245521924625     
          13          15   2.9532462599545367E-002
          13          16  0.17910614244903519     
          13          17   7.5128538679636425E-002
          13          18   3.6371020254482562E-012
          13          19   7.4517839535456998E-012
          13          20  -1.1174167698182601E-011
          13          21   4.5221273988437998E-012
          13          22  -4.7058419829138045E-012
          13          23  -1.1795407461772495E-012
          13          24   5.2160314866921152E-011
          13          25   3.6692417731875871E-011
          13          26  -5.9563964855672099E-011
          13          27   3.6626649353096441E-011
          13          28  -7.8398633470102970E-013
          13          29   9.6870947833549475E-012
          13          30   1.1404227901407795E-003
          13          31   5.5824975871661990E-003
          13          32  -2.9177763330147889E-003
          13          33   8.0618395954608311E-003
          13          34   1.5312119457314480E-003
          13          35  -2.6802320036139375E-003
          13          36  -7.4226209421144364E-003
          13          37   1.3561271641450165E-003
          13          38   5.9008140395163983E-004
          13          39   4.3312573514677471E-003
          14           1   1.2346047586993397E-012
          14           2   1.8960486485125833E-012
          14           3  -3.6338391826235587E-011
          14           4   7.8024618611541615E-012
          14           5   1.7682632528364214E-010
          14           6  -3.1948617680294562E-002
          14           7  -5.2652953284838683E-002
          14           8 -0.22826531392325272     
          14           9   4.1082981348905166E-002
          14          10   6.7706849792733240E-002
          14          11  0.30120634793435863     
          14          12   6.4920595961147173E-002
          14          13  0.10699245521924625     
          14          14  0.49428323624042197     
          14          15   4.5586294578872193E-002
          14          16   7.5128538790686650E-002
          14          17  0.24640351330686244     
          14          18  -1.7160843530014401E-011
          14          19   1.9649185831974080E-012
          14          20  -1.3139816319844774E-012
          14          21   2.5219661594430396E-011
          14          22  -9.3932930539516991E-012
          14          23   4.1426688121219989E-012
          14          24  -1.1485178016925748E-010
          14          25   2.1033331664984522E-011
          14          26   5.4062413672548331E-012
          14          27   9.9669958615949993E-011
          14          28  -5.0512004649854404E-011
          14          29   1.2151253049982412E-011
          14          30   1.7603559202769897E-003
          14          31   1.5312118377160025E-003
          14          32   1.2942407127201378E-003
          14          33   3.3496838061796244E-003
          14          34   6.9541005694851677E-003
          14          35  -1.1385972192835853E-003
          14          36   5.9273481972835253E-003
          14          37  -3.7048016148055708E-003
          14          38  -6.1057023495472238E-003
          14          39   3.0076512978886734E-003
          15           1  -1.0556221794301821E-011
          15           2  -1.4587433152962453E-012
          15           3   8.7544622575216145E-011
          15           4  -4.3186769163512628E-011
          15           5  -2.5326124887661609E-010
          15           6  -6.7883158700909413E-002
          15           7  -1.3765857764743948E-002
          15           8  -2.1248971483395218E-002
          15           9   8.9119928338269219E-002
          15          10   1.8471571481644654E-002
          15          11   2.8512708490328068E-002
          15          12  0.14835476624990096     
          15          13   2.9532462599545367E-002
          15          14   4.5586294578872193E-002
          15          15   6.3021281155636530E-002
          15          16   1.8664878068441328E-002
          15          17   2.8811096358282561E-002
          15          18   1.9992033812409397E-011
          15          19  -1.0916829570876871E-012
          15          20  -3.6898451747158103E-012
          15          21  -1.0671970052040041E-011
          15          22   1.8551779274547988E-012
          15          23   2.5732566689906071E-012
          15          24   9.4863898837089717E-011
          15          25  -6.6579839067866555E-012
          15          26  -1.8310484257124590E-011
          15          27  -4.9204971260728721E-011
          15          28   1.4142947190414571E-011
          15          29   1.1982353152909469E-011
          15          30   4.5209463651364763E-003
          15          31  -1.1466367848701037E-003
          15          32   1.2788064832095166E-003
          15          33   7.6060093752525399E-004
          15          34  -1.7699479383038908E-003
          15          35  -2.1214737563144308E-003
          15          36   5.8720993934992705E-004
          15          37  -3.6693431566866039E-004
          15          38   4.6392740904292311E-004
          15          39   1.2701457783362412E-003
          16           1   1.0021651658770311E-012
          16           2   8.5015330970635617E-013
          16           3  -1.5225553077494313E-011
          16           4   3.7541573293314181E-012
          16           5   4.9214326625853388E-011
          16           6  -1.3765857804935475E-002
          16           7  -8.2217183795691595E-002
          16           8  -3.5019388518751748E-002
          16           9   1.8471571261467694E-002
          16          10  0.10835388953925977     
          16          11   4.6990397787843925E-002
          16          12   2.9532462428861001E-002
          16          13  0.17910614244903519     
          16          14   7.5128538790686650E-002
          16          15   1.8664878068441328E-002
          16          16   8.2456527414447311E-002
          16          17   4.7482156400895870E-002
          16          18   1.7457557409526169E-012
          16          19   2.8377312845643770E-012
          16          20  -5.0762311566929638E-012
          16          21   2.2964480785584915E-012
          16          22  -2.6360008773661919E-012
          16          23  -3.6655908607620172E-013
          16          24   2.2902596688099737E-011
          16          25   1.4741148836795843E-011
          16          26  -2.4831212272871473E-011
          16          27   1.5918926321856327E-011
          16          28  -3.5668621109686120E-012
          16          29   5.0870095963190183E-012
          16          30   7.3215798179138809E-004
          16          31   2.3872057752554613E-003
          16          32  -1.1084764258439477E-003
          16          33   3.5968608167188955E-003
          16          34   8.7067474405925821E-004
          16          35  -1.2192453652899869E-003
          16          36  -2.8198872844081187E-003
          16          37   4.6392746188838381E-004
          16          38   1.1614108484059868E-004
          16          39   2.0932651203749218E-003
          17           1   3.8236934719760811E-012
          17           2  -2.0496519244336749E-013
          17           3  -2.6467832829471282E-011
          17           4   1.2047356878531828E-011
          17           5   7.7412549259012699E-011
          17           6  -2.1248971307108604E-002
          17           7  -3.5019388278217878E-002
          17           8 -0.11358625960282245     
          17           9   2.8512708146936482E-002
          17          10   4.6990397972932849E-002
          17          11  0.15044615279046913     
          17          12   4.5586294051002771E-002
          17          13   7.5128538679636425E-002
          17          14  0.24640351330686244     
          17          15   2.8811096358282561E-002
          17          16   4.7482156400895870E-002
          17          17  0.12498928994424750     
          17          18  -6.4283932073680318E-012
          17          19   7.5379417149519147E-013
          17          20  -1.4215768298986327E-012
          17          21   1.0839341389418576E-011
          17          22  -4.6479092326612165E-012
          17          23   2.0949706729244793E-012
          17          24  -4.3225392458614475E-011
          17          25   9.1431287634512332E-012
          17          26  -3.4223765568615163E-013
          17          27   4.2445720274548875E-011
          17          28  -2.3721651282682370E-011
          17          29   7.0876371461851394E-012
          17          30   1.1301586552547498E-003
          17          31   8.7067470395296026E-004
          17          32   5.8720995972822679E-004
          17          33   1.9349161311158496E-003
          17          34   3.1671240441222374E-003
          17          35  -6.9344092628714608E-004
          17          36   2.5418001026294703E-003
          17          37  -1.5821354562076452E-003
          17          38  -2.6074401023596060E-003
          17          39   1.7812182556414292E-003
          18           1  -2.0729472821657841E-003
          18           2  -1.9047921476084532E-003
          18           3  -7.1097383570704045E-003
          18           4  -3.1458169791924234E-003
          18           5  -2.5588820515345984E-003
          18           6   9.1589522474534905E-012
          18           7  -9.7202523949175568E-012
          18           8   1.2980220501571031E-011
          18           9   3.1502592146474336E-011
          18          10   1.8312604523314173E-012
          18          11  -1.0149184657581286E-011
          18          12   5.0818114867126640E-011
          18          13   3.6371020254482562E-012
          18          14  -1.7160843530014401E-011
          18          15   1.9992033812409397E-011
          18          16   1.7457557409526169E-012
          18          17  -6.4283932073680318E-012
          18          18   9.1191274531308373E-005
          18          19  -4.8076893294255056E-006
          18          20   8.6855848629516845E-005
          18          21  -7.4211476688049715E-006
          18          22  -1.2230427822461775E-005
          18          23   7.7368047538424242E-005
          18          24   1.3114515661555285E-004
          18          25  -5.6485806030513519E-005
          18          26   8.0207984034743108E-005
          18          27  -8.7191463587183235E-005
          18          28  -1.4369597669222636E-004
          18          29  -3.1264689616386244E-005
          18          30   1.4880232965571513E-012
          18          31  -4.0031206183199922E-013
          18          32   2.9279220124674835E-013
          18          33   2.3150161862894385E-013
          18          34  -1.0988674583707807E-012
          18          35  -7.3648284390904924E-013
          18          36  -2.4091283381879707E-013
          18          37   2.0766559076245603E-014
          18          38   4.8110898036197312E-013
          18          39   2.6847749408536847E-013
          19           1   2.0738382354086170E-004
          19           2  -1.1575526003650698E-004
          19           3  -8.0110090138862586E-004
          19           4   2.4850893324762711E-004
          19           5   3.4201259760125217E-004
          19           6  -2.9026537516139331E-011
          19           7   1.8939055744367534E-011
          19           8  -7.2271954923639552E-012
          19           9  -3.3399949837806371E-012
          19          10   5.2432645961839132E-012
          19          11   1.0282424024741031E-012
          19          12  -3.5872444971722436E-012
          19          13   7.4517839535456998E-012
          19          14   1.9649185831974080E-012
          19          15  -1.0916829570876871E-012
          19          16   2.8377312845643770E-012
          19          17   7.5379417149519147E-013
          19          18  -4.8076893294255056E-006
          19          19   6.7516368737343209E-006
          19          20   1.2807300537781556E-006
          19          21   1.0421823651809090E-005
          19          22   1.7175696197851207E-005
          19          23   1.4604839245740026E-005
          19          24  -8.1922117373523477E-005
          19          25   4.3721938004563369E-005
          19          26  -4.2495009567795834E-005
          19          27   6.7489162257073287E-005
          19          28   1.1122558102329673E-004
          19          29   4.3788635805451041E-005
          19          30  -3.0550148502664603E-014
          19          31   1.3720851404750223E-013
          19          32  -7.3781712978484017E-014
          19          33   1.9259157190783488E-013
          19          34   2.8859530531296660E-013
          19          35  -1.7860037830584527E-013
          19          36  -1.8181800011081724E-013
          19          37  -1.1491767959639588E-013
          19          38  -2.3753043877741496E-013
          19          39   8.6409340521294432E-014
          20           1  -1.8859349249721481E-003
          20           2  -2.0091766925706325E-003
          20           3  -7.8321463487893480E-003
          20           4  -2.9217195252592186E-003
          20           5  -2.2504658166612635E-003
          20           6   6.4561885196423404E-013
          20           7  -2.1569838377298700E-011
          20           8  -4.8193565236759361E-012
          20           9  -5.3421220393459499E-012
          20          10  -7.3113306897277134E-012
          20          11  -9.9541860498946643E-013
          20          12  -8.5684260864774293E-012
          20          13  -1.1174167698182601E-011
          20          14  -1.3139816319844774E-012
          20          15  -3.6898451747158103E-012
          20          16  -5.0762311566929638E-012
          20          17  -1.4215768298986327E-012
          20          18   8.6855848629516845E-005
          20          19   1.2807300537781556E-006
          20          20   8.8010772887103838E-005
          20          21   1.9769337619144361E-006
          20          22   3.2580890522877979E-006
          20          23   9.0538245452662813E-005
          20          24   5.7270297667161209E-005
          20          25  -1.7058701313246427E-005
          20          26   4.1887283458589284E-005
          20          27  -2.6331803905296978E-005
          20          28  -4.3396153985678229E-005
          20          29   8.2225587863791710E-006
          20          30  -3.8822768669086967E-013
          20          31  -9.9205964618960292E-014
          20          32   2.1017643277814682E-014
          20          33  -3.2745641612084777E-013
          20          34   1.3956133039522387E-013
          20          35   2.4204684725933607E-013
          20          36   2.2223063473765914E-013
          20          37  -1.2771153265589896E-014
          20          38  -4.4688808880265521E-014
          20          39  -1.6203120328254297E-013
          21           1   3.2011759517277551E-004
          21           2  -1.7867977297924837E-004
          21           3  -1.2365791692132691E-003
          21           4   3.8359845260950627E-004
