           1           1   2.0083864098893423     
           1           2 -0.35947890549904216     
           1           3   2.1528165654524395E-002
           1           4  -1.1220533224033440     
           1           5  -1.4895280412851477     
           1           6 -0.38591054926117407     
           1           7   8.5660061338748118E-015
           1           8  -8.0493116634883480E-015
           1           9  -1.3035201477158659E-014
           1          10  -8.9576983607196197E-016
           1          11   2.0538621576227171E-014
           1          12   2.6812255226576262E-015
           1          13   2.5006965490945885E-015
           1          14   2.0562299261515540E-014
           1          15  -4.3827346056543602E-015
           1          16   2.4217330691931601E-014
           1          17  -8.1045490798935439E-014
           1          18  -6.9290296316733861E-014
           1          19  -7.0602332139521531E-015
           1          20   1.4294193303092777E-014
           1          21   2.0137078062669820E-014
           1          22  0.88218574588535992     
           1          23   1.9857705774034957E-015
           1          24  0.88218574588533549     
           1          25   7.0527744380934745E-016
           1          26  -6.6830600312485658E-015
           1          27  0.88218574588533616     
           1          28  0.46707013787582685     
           1          29  -1.5573396207596539E-014
           1          30  0.46707013787583551     
           1          31  -1.2565343540335057E-014
           1          32   2.6182023199043809E-014
           1          33  0.46707013787584445     
           1          34  0.12298257783007585     
           1          35   1.7620250395844266E-014
           1          36  0.12298257783006999     
           1          37   3.5049466277855792E-015
           1          38  -1.2145620300348835E-014
           1          39  0.12298257783007280     
           1          40  -1.3936587988256225E-014
           1          41   2.5240845934726614E-014
           1          42  -1.0602832533928328E-014
           1          43   3.3367946977905380E-014
           1          44   4.1237671142628206E-015
           1          45  -1.5850425812060841E-015
           1          46   2.0389593071858715E-014
           1          47  -2.3200030420377000E-015
           1          48   1.6080993067771413E-014
           1          49   3.5852664211734868E-014
           2           1 -0.35947890549904216     
           2           2   12.476202165750550     
           2           3  -2.9510724445589576     
           2           4   28.804531468641592     
           2           5   36.546761458989536     
           2           6   9.5596504574929391     
           2           7  -1.9015274017570938E-013
           2           8  -1.6263612762821798E-013
           2           9  -4.6322033958556255E-013
           2          10  -8.6727401878482949E-015
           2          11  -2.0784916446611894E-013
           2          12   1.8548526395719653E-013
           2          13   8.4731474715637658E-014
           2          14  -1.1763040861500788E-013
           2          15   4.2904783186271241E-014
           2          16  -3.8207706935895104E-013
           2          17   4.3062495358605314E-013
           2          18   2.8890340966020289E-013
           2          19   1.2430389001788655E-013
           2          20  -1.2375983592364975E-013
           2          21  -4.8519293744367306E-014
           2          22  -22.791600714893029     
           2          23   7.3739161833728110E-014
           2          24  -22.791600714893733     
           2          25   4.6800289994858228E-014
           2          26  -1.2021535840515912E-014
           2          27  -22.791600714892951     
           2          28  -11.416113680566639     
           2          29  -6.6032848463288735E-014
           2          30  -11.416113680566493     
           2          31  -3.9506003148364466E-014
           2          32  -1.0658670973324298E-013
           2          33  -11.416113680566649     
           2          34  -3.0550104307130130     
           2          35   6.0041700932137924E-014
           2          36  -3.0550104307130104     
           2          37   1.4441155221412600E-014
           2          38   8.4085978030456597E-014
           2          39  -3.0550104307130015     
           2          40   1.9396509009698909E-013
           2          41  -1.1683598905044544E-013
           2          42   3.7659075467360451E-014
           2          43  -1.9077663432395648E-013
           2          44  -6.2617310166764761E-014
           2          45  -3.4905349319304456E-014
           2          46  -4.9460089505903271E-014
           2          47   4.5998543425322364E-015
           2          48  -5.1540037966881366E-014
           2          49  -2.1119148686139317E-013
           3           1   2.1528165654524395E-002
           3           2  -2.9510724445589576     
           3           3   1.1210886920995302     
           3           4  -9.3525026986651572     
           3           5  -12.938522206593735     
           3           6  -3.4428214341400816     
           3           7  -2.4518174178181229E-015
           3           8  -1.0749521555097421E-014
           3           9   1.1750633770908395E-014
           3          10  -8.2622773165025945E-014
           3          11   1.5327289870036672E-014
           3          12  -6.8680096206984100E-014
           3          13  -9.3887637478858847E-014
           3          14   5.7927242365026492E-014
           3          15  -2.5034084955666902E-014
           3          16   9.0715305744994392E-014
           3          17  -1.3650098215132393E-013
           3          18  -1.3341564921131415E-013
           3          19  -3.6438596966091237E-014
           3          20   4.4653030851843075E-014
           3          21   2.3363483669037397E-014
           3          22   7.4585800184750521     
           3          23   5.2340357769781029E-014
           3          24   7.4585800184747795     
           3          25  -3.7300022980194465E-014
           3          26  -5.6870853462364711E-014
           3          27   7.4585800184748150     
           3          28   4.0986867497037371     
           3          29   9.0660409918381535E-016
           3          30   4.0986867497038455     
           3          31   2.0672688047316834E-014
           3          32   5.4717035443272697E-014
           3          33   4.0986867497038091     
           3          34   1.0842547579158337     
           3          35  -1.1950825387611459E-014
           3          36   1.0842547579157729     
           3          37  -1.9057740963167811E-015
           3          38  -3.9574609954069582E-014
           3          39   1.0842547579158035     
           3          40  -2.3119647498155978E-014
           3          41   4.2231336854359950E-014
           3          42   4.6016266609937656E-016
           3          43   5.6971447393985163E-014
           3          44   2.8230225693709532E-014
           3          45   1.6671116584570279E-014
           3          46   2.9069087683959889E-014
           3          47   2.3182241944087327E-014
           3          48   7.7007198081722182E-015
           3          49   1.0087826528265080E-013
           4           1  -1.1220533224033440     
           4           2   28.804531468641592     
           4           3  -9.3525026986651572     
           4           4   82.604453248675696     
           4           5   111.72144333599164     
           4           6   29.621810099231894     
           4           7  -2.4684809018942369E-013
           4           8  -2.3112566573470621E-013
           4           9  -5.0762430219507761E-013
           4          10   1.0775536819549787E-013
           4          11  -6.3150557918861348E-013
           4          12   4.9569772012088737E-013
           4          13   4.2335321069508200E-013
           4          14  -3.9741255399105722E-013
           4          15   3.4053300391646047E-013
           4          16  -1.1610016427618354E-012
           4          17   1.4341305818780330E-012
           4          18   1.3454350967432223E-012
           4          19   3.8016980078836403E-013
           4          20  -4.2167805999344844E-013
           4          21  -2.3123813551643106E-013
           4          22  -65.279160954903844     
           4          23   1.4123857521777726E-013
           4          24  -65.279160954905564     
           4          25   2.3739972464989482E-013
           4          26   2.1797009582460310E-014
           4          27  -65.279160954903460     
           4          28  -35.301120119285770     
           4          29  -1.6928430700994399E-013
           4          30  -35.301120119285528     
           4          31  -1.5377947868012107E-013
           4          32  -3.5364670187548469E-013
           4          33  -35.301120119285912     
           4          34  -9.3543998562122717     
           4          35   1.6715910993607499E-013
           4          36  -9.3543998562121899     
           4          37   1.6660835996741379E-014
           4          38   2.9259839934319554E-013
           4          39  -9.3543998562121988     
           4          40   5.2554811222022134E-013
           4          41  -4.3589557372601136E-013
           4          42   1.2724823144871861E-013
           4          43  -6.6675890334281260E-013
           4          44  -3.0974193186415253E-013
           4          45  -1.4094788093271990E-013
           4          46  -3.0629905149451243E-013
           4          47  -5.2854449333651488E-014
           4          48  -1.4749063042602322E-013
           4          49  -1.0126190409435774E-012
           5           1  -1.4895280412851477     
           5           2   36.546761458989536     
           5           3  -12.938522206593735     
           5           4   111.72144333599164     
           5           5   153.52138068656205     
           5           6   40.840523134754136     
           5           7  -4.1877625633778542E-013
           5           8  -1.2321563718343227E-014
           5           9  -5.1993733034658314E-013
           5          10   1.5496319227198776E-013
           5          11  -6.5416369763249259E-013
           5          12   5.4415054295346725E-013
           5          13  -3.1403802975305196E-013
           5          14  -5.9388066862468746E-013
           5          15   7.2976051957480369E-013
           5          16  -2.6259641124990430E-012
           5          17   1.9627223727782204E-012
           5          18   2.2330539772585879E-012
           5          19   6.6946249447142820E-013
           5          20  -5.8742786418000123E-013
           5          21  -3.7818283983569055E-013
           5          22  -88.169533706916241     
           5          23  -7.6403348829344738E-013
           5          24  -88.169533706917008     
           5          25   3.1403883873340281E-013
           5          26   5.1023517586358585E-013
           5          27  -88.169533706915246     
           5          28  -48.648153043927458     
           5          29   3.8425530996759987E-014
           5          30  -48.648153043927614     
           5          31  -2.1160063928442774E-013
           5          32  -6.2484712352750215E-013
           5          33  -48.648153043927820     
           5          34  -12.859117826333193     
           5          35   1.2511330751582532E-013
           5          36  -12.859117826332895     
           5          37   9.0376833057826147E-015
           5          38   4.6463111846617411E-013
           5          39  -12.859117826333030     
           5          40   1.5771826605484791E-012
           5          41  -6.0889914089207025E-013
           5          42   5.7047059692300650E-013
           5          43  -9.0761574263360353E-013
           5          44  -5.4997409162673730E-013
           5          45  -2.0654511844945083E-013
           5          46  -5.5592567314595136E-013
           5          47   2.9606039114252852E-013
           5          48  -1.8097006159611411E-013
           5          49  -1.7051541918639806E-012
           6           1 -0.38591054926117407     
           6           2   9.5596504574929391     
           6           3  -3.4428214341400816     
           6           4   29.621810099231894     
           6           5   40.840523134754136     
           6           6   10.872977316782212     
           6           7   5.0117821243374969E-013
           6           8  -4.9359122302125031E-013
           6           9   1.6330761894741190E-013
           6          10   5.4812677797877287E-013
           6          11  -4.3881431455103915E-013
           6          12   5.0172378311727296E-013
           6          13   2.7121357498493810E-012
           6          14  -1.0494555051002377E-013
           6          15  -3.8335312236025054E-013
           6          16   2.2442446704781756E-012
           6          17   6.0492689129126091E-013
           6          18  -5.6913724253597342E-014
           6          19  -2.3193566510206124E-013
           6          20  -1.6936217280517875E-013
           6          21  -8.3509483434309044E-015
           6          22  -23.354737055647515     
           6          23   1.9987978078467753E-012
           6          24  -23.354737055649050     
           6          25   1.5519612605200018E-013
           6          26  -8.3960205950540540E-013
           6          27  -23.354737055647185     
           6          28  -12.950556955036891     
           6          29  -6.0706450836351353E-013
           6          30  -12.950556955036559     
           6          31  -7.6832262442143356E-014
           6          32   1.0686785396767811E-013
           6          33  -12.950556955037005     
           6          34  -3.4210703532810651     
           6          35   2.7193454354657974E-013
           6          36  -3.4210703532811291     
           6          37   9.4375835029241385E-015
           6          38   1.8746266934826229E-014
           6          39  -3.4210703532810145     
           6          40  -2.1106335588183919E-012
           6          41  -1.9142837501744662E-013
           6          42  -9.7915061397523631E-013
           6          43  -3.0548979071078780E-013
           6          44   9.9198473104654390E-014
           6          45  -5.5933121278780599E-014
           6          46   9.7241653159295765E-014
           6          47  -1.0538167706776107E-012
           6          48  -7.5404736830420791E-014
           6          49   9.3003557373320779E-014
           7           1   8.5660061338748118E-015
           7           2  -1.9015274017570938E-013
           7           3  -2.4518174178181229E-015
           7           4  -2.4684809018942369E-013
           7           5  -4.1877625633778542E-013
           7           6   5.0117821243374969E-013
           7           7   2.0001366520611485     
           7           8  -8.2751576550491412E-005
           7           9  -5.6165374507455783E-005
           7          10   4.2965178253235911E-002
           7          11  -4.8692002131664703E-003
           7          12  -3.3048367767313344E-003
           7          13   9.9190559471720077E-002
           7          14  -7.3795229618620825E-003
           7          15  -5.0086498421432661E-003
           7          16  0.16459608178350021     
           7          17  -7.2572259925955361E-003
           7          18  -4.9256441114301107E-003
           7          19  -2.4980580571445060E-002
           7          20   9.9343902231394587E-004
           7          21   6.7426962800030499E-004
           7          22   1.7539385407400073E-013
           7          23  -3.6994495702581349E-015
           7          24   2.0605689697159124E-013
           7          25  -1.8177362783752311E-014
           7          26   6.3238510774182649E-016
           7          27   1.3770479932685760E-013
           7          28   3.2645639737949079E-014
           7          29   3.5026890525758292E-015
           7          30   1.8869007248804522E-014
           7          31   3.1023505810877523E-015
           7          32   3.7637876474398521E-015
           7          33   4.0437404954999893E-014
           7          34  -1.3685351642750229E-013
           7          35  -6.9562777612983948E-015
           7          36  -1.3031192630574537E-013
           7          37  -1.7297789769992280E-015
           7          38  -3.4701738081827546E-015
           7          39  -1.3679217155065289E-013
           7          40 -0.12806906445314234     
           7          41   2.8495135935422853E-003
           7          42  -5.7274226786407603E-002
           7          43   6.3717060979612541E-003
           7          44   1.9340295957111131E-003
           7          45   1.4362997433760112E-015
           7          46   1.9340295957098906E-003
           7          47  -5.7274226786401539E-002
           7          48   2.8495135935385036E-003
           7          49   4.3246216465079625E-003
           8           1  -8.0493116634883480E-015
           8           2  -1.6263612762821798E-013
           8           3  -1.0749521555097421E-014
           8           4  -2.3112566573470621E-013
           8           5  -1.2321563718343227E-014
           8           6  -4.9359122302125031E-013
           8           7  -8.2751576550491412E-005
           8           8   1.9999197762983174     
           8           9   1.8982599081278687E-005
           8          10  -4.8692002131678234E-003
           8          11   3.0203952974322715E-002
           8          12   1.1169584840591436E-003
           8          13  -7.3795229618574178E-003
           8          14   7.9850267258534210E-002
           8          15   1.6928079396439763E-003
           8          16  -7.2572259925742172E-003
           8          17  0.14557630610432776     
           8          18   1.6647539202018660E-003
           8          19   9.9343902231015637E-004
           8          20  -2.2376970407640272E-002
           8          21  -2.2788755766446774E-004
           8          22   1.8118027958909992E-013
           8          23  -5.8079596972401960E-016
           8          24   1.8256675419201886E-013
           8          25   2.2438608184521942E-014
           8          26  -2.8237833693180219E-015
           8          27   1.7818544833537045E-013
           8          28   7.6994928025661334E-014
           8          29   2.2213316434698775E-015
           8          30   6.8662206991599876E-014
           8          31  -3.9824024551656937E-015
           8          32   4.0220677657703336E-015
           8          33   7.6424327320787398E-014
           8          34   1.4260147932493091E-013
           8          35  -4.6778032515687996E-015
           8          36   1.4132565017428805E-013
           8          37   3.0525481364368965E-015
           8          38  -6.1480272509583551E-015
           8          39   1.4238924282664533E-013
           8          40   6.3717060979508293E-003
           8          41  -4.9806206719351286E-002
           8          42   2.8495135935304103E-003
           8          43 -0.11137006392587301     
           8          44  -6.5365732448915569E-004
           8          45  -6.7858114968552066E-016
           8          46  -6.5365732448778254E-004
           8          47   2.8495135935332305E-003
           8          48  -4.9806206719348114E-002
           8          49  -1.4616222115452875E-003
           9           1  -1.3035201477158659E-014
           9           2  -4.6322033958556255E-013
           9           3   1.1750633770908395E-014
           9           4  -5.0762430219507761E-013
           9           5  -5.1993733034658314E-013
           9           6   1.6330761894741190E-013
           9           7  -5.6165374507455783E-005
           9           8   1.8982599081278687E-005
           9           9   1.9999046920982684     
           9          10  -3.3048367767307819E-003
           9          11   1.1169584840524291E-003
           9          12   2.9316380879926943E-002
           9          13  -5.0086498421512866E-003
           9          14   1.6928079396365124E-003
           9          15   7.8505106171661579E-002
           9          16  -4.9256441114242620E-003
           9          17   1.6647539202384815E-003
           9          18  0.14425343766765686     
           9          19   6.7426962799509301E-004
           9          20  -2.2788755767267965E-004
           9          21  -2.2195883429264186E-002
           9          22   3.6500835587855192E-013
           9          23   6.8131457154151608E-015
           9          24   3.4121728423961893E-013
           9          25   2.4193838373337561E-014
           9          26  -2.9128351865884049E-015
           9          27   3.6716206665902737E-013
           9          28   1.0610493325434174E-013
           9          29  -4.7216996365478148E-016
           9          30   1.1108160279075837E-013
           9          31  -7.0527999768889461E-015
           9          32   1.1764342732276004E-015
           9          33   1.0459674726218320E-013
           9          34  -3.8198642398887891E-014
           9          35  -1.2303906835818493E-015
           9          36  -4.0529107661518164E-014
           9          37   4.0517878989372520E-015
           9          38  -3.7553854254363091E-016
           9          39  -3.6243872860741913E-014
           9          40   4.3246216465092531E-003
           9          41  -6.5365732449534659E-004
           9          42   1.9340295957129044E-003
           9          43  -1.4616222115639980E-003
           9          44  -4.9286789024956403E-002
           9          45   4.0722663073266436E-016
           9          46  -4.9286789024955591E-002
           9          47   1.9340295957122119E-003
           9          48  -6.5365732449557720E-004
           9          49 -0.11020861065249754     
          10           1  -8.9576983607196197E-016
          10           2  -8.6727401878482949E-015
          10           3  -8.2622773165025945E-014
          10           4   1.0775536819549787E-013
          10           5   1.5496319227198776E-013
          10           6   5.4812677797877287E-013
          10           7   4.2965178253235911E-002
          10           8  -4.8692002131678234E-003
          10           9  -3.3048367767307819E-003
          10          10   2.9276578266545226     
          10          11 -0.28650947454936898     
          10          12 -0.19446048774331190     
          10          13   2.0535094511733885     
          10          14 -0.43421982125725395     
          10          15 -0.29471485493563188     
          10          16   1.8074788391745484     
          10          17 -0.42702372356769425     
          10          18 -0.28983069999181488     
          10          19 -0.23914870234164343     
          10          20   5.8455121954151867E-002
          10          21   3.9674818936361406E-002
          10          22  -2.2650695073233468E-014
          10          23  -4.4883034029063646E-014
          10          24   2.2360299575894003E-013
          10          25  -2.2438695703368345E-013
          10          26   5.2501819443931191E-015
          10          27  -4.1049477127570035E-013
          10          28  -1.3738514003552078E-013
          10          29  -1.9197599829184586E-015
          10          30  -2.3287154758556176E-013
          10          31   5.8607703786802451E-014
          10          32   1.8425298820847521E-014
          10          33  -2.4884493796230086E-014
          10          34  -1.6427895714829314E-013
          10          35  -9.5000216307830709E-016
          10          36  -1.1763864387483797E-013
          10          37  -1.5071850567985933E-014
          10          38  -7.3013457690286189E-015
          10          39  -1.8741680171830454E-013
          10          40  -1.6472493880890013     
          10          41  0.16766873545226357     
          10          42 -0.73667232153238926     
          10          43  0.37491869017271195     
          10          44  0.11380057893943474     
          10          45  -1.0075661182108291E-014
          10          46  0.11380057893943704     
          10          47 -0.73667232153237072     
          10          48  0.16766873545226793     
          10          49  0.25446583038739751     
          11           1   2.0538621576227171E-014
          11           2  -2.0784916446611894E-013
          11           3   1.5327289870036672E-014
          11           4  -6.3150557918861348E-013
          11           5  -6.5416369763249259E-013
          11           6  -4.3881431455103915E-013
          11           7  -4.8692002131664703E-003
          11           8   3.0203952974322715E-002
          11           9   1.1169584840524291E-003
          11          10 -0.28650947454936898     
          11          11   2.1767723035289404     
          11          12   6.5723152540513988E-002
          11          13 -0.43421982125722308     
          11          14  0.91550388207631650     
          11          15   9.9606812631535230E-002
          11          16 -0.42702372356764062     
          11          17  0.68833284038150366     
          11          18   9.7956081091574027E-002
          11          19   5.8455121954143908E-002
          11          20  -8.5949214272489347E-002
          11          21  -1.3409172255151088E-002
          11          22   5.4855661631813313E-013
          11          23   3.0356913811921168E-014
          11          24   5.3228591312505199E-013
          11          25   1.3007711991401361E-013
          11          26   1.0524670702827953E-014
          11          27   3.7136275882066229E-013
          11          28   2.2305972601809745E-013
          11          29  -2.9208888362540486E-014
          11          30   2.3168650486050984E-013
          11          31  -3.1830186222869292E-014
          11          32  -1.1951862431410290E-015
          11          33   2.8906374113424520E-013
          11          34   1.4086836629337244E-013
          11          35   6.8034989415707723E-015
          11          36   1.4754687355956258E-013
          11          37   2.9845690149610683E-014
          11          38   3.7382736669107835E-016
          11          39   1.1470871369025609E-013
          11          40  0.37491869017266877     
          11          41 -0.29724522639034823     
          11          42  0.16766873545223435     
          11          43 -0.66466053219616139     
          11          44  -3.8461966724615548E-002
          11          45  -1.5471500309357538E-014
          11          46  -3.8461966724610483E-002
          11          47  0.16766873545226121     
          11          48 -0.29724522639036843     
          11          49  -8.6003572144589646E-002
          12           1   2.6812255226576262E-015
          12           2   1.8548526395719653E-013
          12           3  -6.8680096206984100E-014
          12           4   4.9569772012088737E-013
          12           5   5.4415054295346725E-013
          12           6   5.0172378311727296E-013
          12           7  -3.3048367767313344E-003
          12           8   1.1169584840591436E-003
          12           9   2.9316380879926943E-002
          12          10 -0.19446048774331190     
          12          11   6.5723152540513988E-002
          12          12   2.1245465162828716     
          12          13 -0.29471485493561789     
          12          14   9.9606812631539712E-002
          12          15  0.83635301965307463     
          12          16 -0.28983069999184663     
          12          17   9.7956081091482100E-002
          12          18  0.61049370374864531     
          12          19   3.9674818936362329E-002
          12          20  -1.3409172255135684E-002
          12          21  -7.5293843215670286E-002
          12          22  -3.2452482722415177E-013
          12          23   3.5249982492636938E-014
          12          24  -4.7557496064784507E-013
          12          25   1.0829288954433550E-013
          12          26  -1.3993023007083874E-014
          12          27  -4.3147200615159431E-013
          12          28  -2.4891346138306694E-013
          12          29  -2.8974986513632866E-015
          12          30  -2.1560575454124347E-013
          12          31  -3.2570937579826658E-014
          12          32   1.1622978995334735E-014
          12          33  -2.2496478184850583E-013
          12          34  -1.3568979489968556E-013
          12          35  -6.0552347884094769E-015
          12          36  -1.5751068596262699E-013
          12          37   2.3213377562385573E-014
          12          38  -3.9473684695386887E-015
          12          39  -1.4177057997795782E-013
          12          40  0.25446583038741682     
          12          41  -3.8461966724594190E-002
          12          42  0.11380057893943904     
          12          43  -8.6003572144537438E-002
          12          44 -0.26668207758238432     
          12          45   3.8906047380678111E-015
          12          46 -0.26668207758238366     
          12          47  0.11380057893944216     
          12          48  -3.8461966724597139E-002
          12          49 -0.59631925385512641     
          13           1   2.5006965490945885E-015
          13           2   8.4731474715637658E-014
          13           3  -9.3887637478858847E-014
          13           4   4.2335321069508200E-013
          13           5  -3.1403802975305196E-013
          13           6   2.7121357498493810E-012
          13           7   9.9190559471720077E-002
          13           8  -7.3795229618574178E-003
          13           9  -5.0086498421512866E-003
          13          10   2.0535094511733885     
          13          11 -0.43421982125722308     
          13          12 -0.29471485493561789     
          13          13   4.7099599247086932     
          13          14 -0.65808243678232781     
          13          15 -0.44665549658796266     
          13          16   4.7759285520362198     
          13          17 -0.64717638120637033     
          13          18 -0.43925330896387899     
          13          19 -0.65939278133184276     
          13          20   8.8591739056563770E-002
          13          21   6.0129225443791720E-002
          13          22  -3.4298711768429439E-013
          13          23   4.7394226506947239E-014
          13          24  -4.9780994411406816E-013
          13          25   2.0416230379502738E-013
          13          26  -1.2231603337292469E-014
          13          27  -1.7792524162781696E-013
          13          28  -3.1348772468445676E-013
          13          29  -3.1219336059537035E-014
          13          30  -3.1593416490919496E-013
          13          31  -6.1400694508026231E-014
          13          32   3.3501020310450885E-014
          13          33  -3.6344786741144245E-013
          13          34  -7.9117079907699751E-013
          13          35   7.7492629716174176E-015
          13          36  -7.7671545595575215E-013
          13          37   3.8107439499502158E-014
          13          38  -9.8084538786628385E-015
          13          39  -7.3660048751220414E-013
          13          40  -4.1522754699982940     
          13          41  0.25411057855251645     
          13          42  -1.8569540424442106     
          13          43  0.56820852744525008     
          13          44  0.17247062116801889     
          13          45  -1.7981018458374838E-014
          13          46  0.17247062116802975     
          13          47  -1.8569540424441844     
          13          48  0.25411057855251779     
          13          49  0.38565603305329416     
          14           1   2.0562299261515540E-014
          14           2  -1.1763040861500788E-013
          14           3   5.7927242365026492E-014
          14           4  -3.9741255399105722E-013
          14           5  -5.9388066862468746E-013
          14           6  -1.0494555051002377E-013
          14           7  -7.3795229618620825E-003
          14           8   7.9850267258534210E-002
          14           9   1.6928079396365124E-003
          14          10 -0.43421982125725395     
          14          11  0.91550388207631650     
          14          12   9.9606812631539712E-002
          14          13 -0.65808243678232781     
          14          14   2.9852540469002635     
          14          15  0.15095923946282996     
          14          16 -0.64717638120623577     
          14          17   3.0798053214832324     
          14          18  0.14845747104715029     
          14          19   8.8591739056539540E-002
          14          20 -0.42721109020025760     
          14          21  -2.0322289128481545E-002
          14          22   2.9213101279459107E-013
          14          23  -4.6173281611494003E-014
          14          24   4.3254399825776697E-013
          14          25  -2.0772194176737501E-013
          14          26   1.0572023654429960E-014
          14          27   2.0186616893449552E-013
          14          28   1.6862306781745190E-013
          14          29  -2.1229266064976991E-014
          14          30   1.5675402120648427E-013
          14          31   7.3873932775897804E-014
          14          32  -2.0809959767242311E-015
          14          33   2.3826609246480439E-013
          14          34   5.0139200746939089E-014
          14          35   4.0712130363792811E-015
          14          36   6.5849200403140749E-014
          14          37  -9.1009114881248858E-015
          14          38   4.9025471801857575E-015
          14          39   4.1996654082681086E-016
          14          40  0.56820852744517159     
          14          41  -1.1909797146901726     
          14          42  0.25411057855247132     
          14          43  -2.6631116018705727     
          14          44  -5.8291085635591024E-002
          14          45  -2.2512975582346878E-014
          14          46  -5.8291085635577736E-002
          14          47  0.25411057855249369     
          14          48  -1.1909797146901957     
          14          49 -0.13034282996345792     
          15           1  -4.3827346056543602E-015
          15           2   4.2904783186271241E-014
          15           3  -2.5034084955666902E-014
          15           4   3.4053300391646047E-013
          15           5   7.2976051957480369E-013
          15           6  -3.8335312236025054E-013
          15           7  -5.0086498421432661E-003
          15           8   1.6928079396439763E-003
          15           9   7.8505106171661579E-002
          15          10 -0.29471485493563188     
          15          11   9.9606812631535230E-002
          15          12  0.83635301965307463     
          15          13 -0.44665549658796266     
          15          14  0.15095923946282996     
          15          15   2.8652968504136584     
          15          16 -0.43925330896393239     
          15          17  0.14845747104712936     
          15          18   2.9618361127905368     
          15          19   6.0129225443803669E-002
          15          20  -2.0322289128492144E-002
          15          21 -0.41106232819858324     
          15          22  -2.5905388296098893E-013
          15          23  -2.8856548106339301E-014
          15          24  -1.3107299104938203E-013
          15          25  -9.7847394148173457E-014
          15          26   1.2678475586444289E-014
          15          27  -3.0352381968498706E-013
          15          28  -1.3926063319381493E-013
          15          29  -3.1162293855825721E-015
          15          30  -1.6730139451870540E-013
          15          31   3.1255745585404615E-014
          15          32  -1.0395313344974462E-014
          15          33  -1.2240823221461106E-013
          15          34   1.0284595040443950E-013
          15          35   7.0268100413855003E-015
          15          36   1.1981785346797399E-013
          15          37  -1.5920118426856095E-014
          15          38   3.8573161888713097E-015
          15          39   8.8097798856040013E-014
          15          40  0.38565603305333102     
          15          41  -5.8291085635581677E-002
          15          42  0.17247062116802395     
          15          43 -0.13034282996342425     
          15          44  -1.1446596932202806     
          15          45  -1.2471385628549875E-015
          15          46  -1.1446596932202779     
          15          47  0.17247062116802570     
          15          48  -5.8291085635584855E-002
          15          49  -2.5595368851445985     
          16           1   2.4217330691931601E-014
          16           2  -3.8207706935895104E-013
          16           3   9.0715305744994392E-014
          16           4  -1.1610016427618354E-012
          16           5  -2.6259641124990430E-012
          16           6   2.2442446704781756E-012
          16           7  0.16459608178350021     
          16           8  -7.2572259925742172E-003
          16           9  -4.9256441114242620E-003
          16          10   1.8074788391745484     
          16          11 -0.42702372356764062     
          16          12 -0.28983069999184663     
          16          13   4.7759285520362198     
          16          14 -0.64717638120623577     
          16          15 -0.43925330896393239     
          16          16   4.8820243760049626     
          16          17 -0.63645106597766932     
          16          18 -0.43197379391869528     
          16          19 -0.67551968320405176     
          16          20   8.7123554562147598E-002
          16          21   5.9132735281188870E-002
          16          22   7.8971764656853872E-013
          16          23   3.4509410422097030E-014
          16          24   5.6045013847839076E-013
          16          25   1.2810372525748560E-013
          16          26   4.1885250307021757E-015
          16          27   1.2306981479726237E-012
          16          28   4.2217204623747900E-013
          16          29  -2.6863319394730959E-014
          16          30   4.4069241209417415E-013
          16          31  -3.9860521967965596E-014
          16          32   2.8507134499590131E-014
          16          33   2.9399220036210084E-013
          16          34  -6.4822727829153785E-013
          16          35   5.8045306353369836E-015
          16          36  -6.4217421645870071E-013
          16          37   2.9787711240591129E-014
          16          38  -7.6928200633597588E-015
          16          39  -5.6354320283064605E-013
          16          40  -4.2337876491079118     
          16          41  0.24989933701609923     
          16          42  -1.8934073971408594     
          16          43  0.55879190510014909     
          16          44  0.16961235588913798     
          16          45  -1.7872420304705915E-014
          16          46  0.16961235588914916     
          16          47  -1.8934073971408338     
          16          48  0.24989933701609998     
          16          49  0.37926475759198958     
