           1           1   2.1410052166076143     
           1           2 -0.14665434469927141     
           1           3 -0.47740613078289257     
           1           4   8.2567530823340354E-002
           1           5   7.9949857063926960E-002
           1           6   1.4017378108966666E-010
           1           7   2.5625963817183236E-010
           1           8  -2.1705157697076931E-010
           1           9  -2.8612129862371192E-010
           1          10  -2.5798315927911312E-010
           1          11   3.3716524161436862E-010
           1          12  -2.6162834657205936E-010
           1          13  -5.4382278109188613E-010
           1          14   4.9165257312733325E-010
           1          15   4.7604942414918350E-011
           1          16  -2.8546610852682839E-010
           1          17   6.8596926705523564E-011
           1          18  -6.4003708655502979E-003
           1          19  -9.0367464898893237E-005
           1          20  -6.1563628281571655E-003
           1          21  -4.5103103821647741E-004
           1          22  -1.3222602971824749E-004
           1          23  -6.7049532966367590E-003
           1          24  -1.9907815192895654E-003
           1          25   3.8104705025622369E-005
           1          26  -2.0936752482899326E-003
           1          27   1.9018823183896295E-004
           1          28   5.5754565957846650E-005
           1          29  -1.8623493137700836E-003
           1          30   1.0774288210986204E-010
           1          31  -1.2661113273807317E-011
           1          32   2.2917905634527921E-011
           1          33   2.2722011302795368E-011
           1          34  -2.5382050806132606E-011
           1          35   2.0886529636610389E-011
           1          36   5.8050546973323802E-012
           1          37   8.1732236975164552E-011
           1          38  -1.3071285847716158E-011
           1          39  -4.1805869836013992E-011
           2           1 -0.14665434469927141     
           2           2   6.1118494173219670E-002
           2           3  0.27253733446742329     
           2           4   2.8440835388963331E-002
           2           5   2.5338810721569779E-002
           2           6  -2.7861540029394633E-010
           2           7   9.0304129424483034E-011
           2           8   1.3123860545328406E-010
           2           9   2.8818447620318917E-010
           2          10  -6.1457281904753689E-011
           2          11  -1.0214984945934731E-010
           2          12   4.4495439423651031E-010
           2          13  -1.7833656482104886E-010
           2          14  -1.8884601590251165E-010
           2          15   2.5981377436507092E-010
           2          16  -9.7204344476590823E-011
           2          17  -1.4564917574949623E-010
           2          18  -5.6570448734262718E-004
           2          19   6.7358365635574133E-005
           2          20  -7.4758525661525296E-004
           2          21   3.3619240103309396E-004
           2          22   9.8558898420916208E-005
           2          23  -3.3867372488047102E-004
           2          24   1.5421747461190757E-003
           2          25   2.1302218889406309E-005
           2          26   1.4846530612357355E-003
           2          27   1.0632324544278715E-004
           2          28   3.1169334045945310E-005
           2          29   1.6139740917425951E-003
           2          30  -4.8100574823999298E-011
           2          31  -1.5632092913399171E-011
           2          32  -3.2993468333806616E-011
           2          33  -1.2868155892001172E-011
           2          34   2.5758566658859204E-012
           2          35   1.0067837869272318E-011
           2          36   1.5118701194262276E-011
           2          37  -8.7410748683345815E-012
           2          38  -1.4599125447772258E-011
           2          39   1.9275659265151384E-011
           3           1 -0.47740613078289257     
           3           2  0.27253733446742329     
           3           3   2.0784463041689256     
           3           4 -0.66275899484040612     
           3           5 -0.60052677188804260     
           3           6   4.2720446233011758E-011
           3           7  -1.6085277334590787E-009
           3           8   8.9125870883151818E-010
           3           9   5.4804886777137206E-010
           3          10   1.3273416252159632E-009
           3          11  -1.5713782502882657E-009
           3          12  -6.4029929676612223E-011
           3          13   3.1071250545621284E-009
           3          14  -2.1793535322387657E-009
           3          15  -1.2702279341841419E-009
           3          16   1.6789934691084560E-009
           3          17   2.0956484959815413E-010
           3          18   6.5276056856795554E-003
           3          19   2.5959886385328555E-004
           3          20   5.8266500539617596E-003
           3          21   1.2956696778479819E-003
           3          22   3.7984664655028264E-004
           3          23   7.4025785593720330E-003
           3          24   1.4862254287925165E-002
           3          25  -3.1426473791624750E-004
           3          26   1.5710858643054656E-002
           3          27  -1.5685571585573703E-003
           3          28  -4.5983037628711219E-004
           3          29   1.3803022480976691E-002
           3          30  -3.9795073268029400E-010
           3          31   1.6601453720158320E-010
           3          32   2.9112983491424784E-011
           3          33  -4.5285104216075988E-011
           3          34   1.2974022791650776E-010
           3          35  -1.7070841736087673E-010
           3          36  -1.1607991734922566E-010
           3          37  -4.4248098455588601E-010
           3          38   1.6593364553218838E-010
           3          39   1.4253841794928877E-010
           4           1   8.2567530823340354E-002
           4           2   2.8440835388963331E-002
           4           3 -0.66275899484040612     
           4           4  0.79127415729524664     
           4           5  0.71536692804619273     
           4           6  -9.7481749033385541E-010
           4           7   3.6763883447629796E-009
           4           8  -7.9193891294544754E-010
           4           9   6.4759222628222044E-010
           4          10  -3.1040500088437311E-009
           4          11   1.5120880990948176E-009
           4          12   1.6555968454604737E-009
           4          13  -7.4951103456177873E-009
           4          14   2.3516183022499251E-009
           4          15   2.1903634732809402E-009
           4          16  -3.9702772811912910E-009
           4          17  -3.2244411599646375E-010
           4          18  -1.0261453706619622E-002
           4          19   8.8607968209968187E-005
           4          20  -1.0500724258697513E-002
           4          21   4.4226531817576640E-004
           4          22   1.2965034582640926E-004
           4          23  -9.9627986411484157E-003
           4          24  -6.7648435817086921E-003
           4          25   5.2019370387847239E-004
           4          26  -8.1695029827144085E-003
           4          27   2.5963772695048772E-003
           4          28   7.6114570072447884E-004
           4          29  -5.0115272661883240E-003
           4          30   1.3638604199292917E-010
           4          31  -2.7448179373429321E-010
           4          32  -1.9109741841147868E-010
           4          33  -1.2006774512884875E-010
           4          34  -9.4551557851065776E-011
           4          35   2.2343742760058648E-010
           4          36   2.0511032675050024E-010
           4          37   3.7325681581922742E-010
           4          38  -2.6491233498662979E-010
           4          39  -1.8990549307728989E-011
           5           1   7.9949857063926960E-002
           5           2   2.5338810721569779E-002
           5           3 -0.60052677188804260     
           5           4  0.71536692804619273     
           5           5  0.64762994214090441     
           5           6  -1.5571245969823007E-009
           5           7  -3.5047092090375621E-009
           5           8   9.2353650581579927E-010
           5           9   1.5046849612228616E-009
           5          10   3.9175330300387280E-009
           5          11  -6.2890224652056677E-010
           5          12   3.7157768428943370E-009
           5          13   9.1887375678273009E-009
           5          14  -2.6278186203282221E-009
           5          15   3.2048082819103290E-009
           5          16   4.6559704316785758E-009
           5          17  -2.7827690126771753E-009
           5          18  -9.2675741790357747E-003
           5          19   6.4048628246394504E-005
           5          20  -9.4405291248564026E-003
           5          21   3.1968634873778075E-004
           5          22   9.3715093504807595E-005
           5          23  -9.0516964662945877E-003
           5          24  -5.5882572292460147E-003
           5          25   1.8133955676933981E-004
           5          26  -6.0779423290874286E-003
           5          27   9.0511887225182969E-004
           5          28   2.6533340746531364E-004
           5          29  -4.9770488362706417E-003
           5          30   1.7725608016685110E-010
           5          31  -8.4470683158784860E-011
           5          32  -1.7684911777434074E-010
           5          33   3.4814795572114151E-010
           5          34  -1.6160465164130694E-010
           5          35   1.6963512892594104E-010
           5          36   1.1184084546009441E-010
           5          37   3.9817825696788335E-010
           5          38  -9.6565669113780810E-011
           5          39  -1.2089283601957315E-010
           6           1   1.4017378108966666E-010
           6           2  -2.7861540029394633E-010
           6           3   4.2720446233011758E-011
           6           4  -9.7481749033385541E-010
           6           5  -1.5571245969823007E-009
           6           6   1.9878295547169367     
           6           7  -5.0121193968261776E-003
           6           8  -2.5016097617713270E-002
           6           9   2.5225634011485740E-002
           6          10   6.2150521704758726E-003
           6          11   3.1020133664102788E-002
           6          12  -8.3996512752269881E-002
           6          13   1.1558771806882260E-002
           6          14   5.7690984765425564E-002
           6          15  -4.5638111879317406E-002
           6          16   5.8516287544744085E-003
           6          17   2.9206051482080386E-002
           6          18   9.7347405014110584E-010
           6          19   1.2034710516886073E-010
           6          20   8.5240432774173378E-011
           6          21  -3.1156132596120247E-011
           6          22   1.4477910568861432E-010
           6          23  -2.3825143347913663E-011
           6          24   1.4948860628509698E-009
           6          25   5.7077362395138304E-010
           6          26   2.1797618030036178E-009
           6          27   1.4293423573791977E-009
           6          28  -6.9398114698349417E-010
           6          29  -2.7900260214839600E-010
           6          30  -1.0197573290994407E-002
           6          31   8.3927445993281692E-005
           6          32  -4.9952818498369099E-003
           6          33  -3.8403667917734569E-004
           6          34   4.1885099822740966E-004
           6          35   1.6906274236262319E-004
           6          36  -8.7268674734539381E-004
           6          37  -4.2938556830393751E-003
           6          38  -2.8581200171180716E-004
           6          39  -2.3296859734640738E-003
           7           1   2.5625963817183236E-010
           7           2   9.0304129424483034E-011
           7           3  -1.6085277334590787E-009
           7           4   3.6763883447629796E-009
           7           5  -3.5047092090375621E-009
           7           6  -5.0121193968261776E-003
           7           7   2.0034570115639898     
           7           8  -7.3337415220489739E-003
           7           9   6.2150391307011768E-003
           7          10   5.8474639538355147E-003
           7          11   9.0938529988254212E-003
           7          12   1.1558769312232060E-002
           7          13 -0.12003576579843896     
           7          14   1.6912827381973031E-002
           7          15   5.8516358827940731E-003
           7          16  -6.3882995059163020E-002
           7          17   8.5621310198206076E-003
           7          18   3.5094487164102559E-010
           7          19   5.2089181045546803E-010
           7          20  -7.0970459951639346E-012
           7          21  -7.5505572828940151E-011
           7          22  -3.0958741084574100E-010
           7          23   2.7886648307059300E-010
           7          24   7.6154466351514363E-010
           7          25   1.0742001505636089E-009
           7          26   1.1791904626641577E-010
           7          27  -4.5918578900981280E-010
           7          28   4.3285304467738716E-011
           7          29   6.2497198946557198E-010
           7          30  -4.2082468769734984E-004
           7          31  -3.9842213236362780E-003
           7          32   1.3328769546061721E-004
           7          33  -9.9487161955712517E-003
           7          34  -3.2804477077417451E-004
           7          35   8.6115655936417745E-004
           7          36   1.9503031536924594E-004
           7          37  -2.8581115467706376E-004
           7          38  -3.4026812260064604E-003
           7          39  -6.8294015004399865E-004
           8           1  -2.1705157697076931E-010
           8           2   1.3123860545328406E-010
           8           3   8.9125870883151818E-010
           8           4  -7.9193891294544754E-010
           8           5   9.2353650581579927E-010
           8           6  -2.5016097617713270E-002
           8           7  -7.3337415220489739E-003
           8           8   1.9683227807184569     
           8           9   3.1020120328277518E-002
           8          10   9.0938683429650433E-003
           8          11   4.9414126461146034E-002
           8          12   5.7690986333762413E-002
           8          13   1.6912829763742664E-002
           8          14  -3.9010746869101498E-002
           8          15   2.9206050613879372E-002
           8          16   8.5621262409504989E-003
           8          17  -2.2864071791603217E-002
           8          18  -3.3454023597457580E-010
           8          19   3.2139511129513175E-011
           8          20  -8.9760169990668592E-011
           8          21   3.4403136340114867E-010
           8          22   1.1526475224602948E-010
           8          23  -2.9781901228896038E-010
           8          24  -1.2565910601903072E-009
           8          25  -6.0944363399602543E-010
           8          26  -1.5146128533752657E-009
           8          27  -8.4128823485566380E-010
           8          28   4.7010162112482061E-010
           8          29   1.3269708417488359E-011
           8          30  -2.1004767953889635E-003
           8          31  -3.2804658515212318E-004
           8          32  -8.7268537725752209E-004
           8          33  -5.6191628088163824E-004
           8          34  -5.5558696731041694E-003
           8          35   4.4398978411252954E-005
           8          36  -5.6757557529620879E-003
           8          37   1.1133772884525822E-004
           8          38   3.2654065862145317E-005
           8          39  -1.0830043797158694E-002
           9           1  -2.8612129862371192E-010
           9           2   2.8818447620318917E-010
           9           3   5.4804886777137206E-010
           9           4   6.4759222628222044E-010
           9           5   1.5046849612228616E-009
           9           6   2.5225634011485740E-002
           9           7   6.2150391307011768E-003
           9           8   3.1020120328277518E-002
           9           9   4.4117009692708459E-002
           9          10  -5.4534027329239372E-003
           9          11  -2.7218499422912556E-002
           9          12   9.9504417962022459E-002
           9          13  -1.3080667635003661E-002
           9          14  -6.5286984207610824E-002
           9          15   5.1242772002914459E-002
           9          16  -6.7516954536937937E-003
           9          17  -3.3698422377513963E-002
           9          18  -4.5281457095181833E-010
           9          19  -1.8371895989847585E-011
           9          20  -1.7640468561254119E-010
           9          21  -6.3970484044737503E-011
           9          22  -4.5925330548477759E-011
           9          23  -2.0113063633574709E-010
           9          24  -1.4906070184921065E-009
           9          25  -5.6718532318307074E-010
           9          26  -2.4865880323910672E-009
           9          27  -1.6012920746323960E-009
           9          28   8.1052673427050262E-010
           9          29   4.5574354777495391E-010
           9          30   2.2233681066334684E-003
           9          31  -2.4875513186811753E-004
           9          32   1.1448853941928045E-003
           9          33  -4.0228854185498216E-004
           9          34  -1.2415631782025326E-003
           9          35  -2.1174109306260513E-006
           9          36  -8.7950263343894376E-004
           9          37   1.1361011699496154E-003
           9          38  -4.3681754920007959E-005
           9          39  -1.5148295430919476E-003
          10           1  -2.5798315927911312E-010
          10           2  -6.1457281904753689E-011
          10           3   1.3273416252159632E-009
          10           4  -3.1040500088437311E-009
          10           5   3.9175330300387280E-009
          10           6   6.2150521704758726E-003
          10           7   5.8474639538355147E-003
          10           8   9.0938683429650433E-003
          10           9  -5.4534027329239372E-003
          10          10   6.1120266237950117E-002
          10          11  -7.9794363963814462E-003
          10          12  -1.3080686182173319E-002
          10          13  0.14028886140436597     
          10          14  -1.9139698536809451E-002
          10          15  -6.7517133791158597E-003
          10          16   7.2294027286058063E-002
          10          17  -9.8791248262162269E-003
          10          18  -3.7295424478147406E-010
          10          19   3.2893503039655098E-011
          10          20   1.5797620238307543E-010
          10          21   7.7333530671359962E-011
          10          22  -1.2575867010359544E-011
          10          23  -3.2260184533381163E-010
          10          24  -1.3303029745160304E-009
          10          25  -1.3786028686840553E-009
          10          26  -3.8097955634862410E-010
          10          27   5.8980309378677337E-010
          10          28  -2.2155111943415062E-011
          10          29  -1.0393888764939609E-009
          10          30  -3.5835185050699103E-004
          10          31   1.5066019968960043E-003
          10          32  -3.0770476575218682E-004
          10          33   3.7861644858045817E-003
          10          34  -1.7158359928205828E-004
          10          35  -3.4696038277822307E-004
          10          36  -4.5023549985429858E-004
          10          37  -4.3682236712002070E-005
          10          38   1.2722986776701926E-003
          10          39  -4.4409195318014704E-004
          11           1   3.3716524161436862E-010
          11           2  -1.0214984945934731E-010
          11           3  -1.5713782502882657E-009
          11           4   1.5120880990948176E-009
          11           5  -6.2890224652056677E-010
          11           6   3.1020133664102788E-002
          11           7   9.0938529988254212E-003
          11           8   4.9414126461146034E-002
          11           9  -2.7218499422912556E-002
          11          10  -7.9794363963814462E-003
          11          11   2.2892818912375386E-002
          11          12  -6.5287007963669763E-002
          11          13  -1.9139674213892365E-002
          11          14   4.8595513106073206E-002
          11          15  -3.3698431109062073E-002
          11          16  -9.8791070513875087E-003
          11          17   2.4965720374645426E-002
          11          18   3.8069084636832439E-010
          11          19   1.4467423143704398E-011
          11          20   6.8356269623650815E-011
          11          21   4.1686988210926733E-011
          11          22   4.0224008391863094E-011
          11          23   1.7593264985520974E-010
          11          24   1.2635889812459693E-009
          11          25   6.6906390872449112E-010
          11          26   1.7425274177842473E-009
          11          27   1.0045579555249135E-009
          11          28  -5.4148642426685861E-010
          11          29  -1.0576760480081612E-010
          11          30  -1.7885699791370959E-003
          11          31  -1.7158201127548509E-004
          11          32  -8.7950361078062411E-004
          11          33  -5.8863051999952015E-004
          11          34   6.8459350031209443E-004
          11          35   8.3519279205337545E-005
          11          36   4.5907454193376887E-004
          11          37  -8.7430336007426120E-004
          11          38  -2.5631222396341966E-004
          11          39   6.5707827377589352E-004
          12           1  -2.6162834657205936E-010
          12           2   4.4495439423651031E-010
          12           3  -6.4029929676612223E-011
          12           4   1.6555968454604737E-009
          12           5   3.7157768428943370E-009
          12           6  -8.3996512752269881E-002
          12           7   1.1558769312232060E-002
          12           8   5.7690986333762413E-002
          12           9   9.9504417962022459E-002
          12          10  -1.3080686182173319E-002
          12          11  -6.5287007963669763E-002
          12          12  0.23475157016310627     
          12          13  -3.0903019261368549E-002
          12          14 -0.15424001971813112     
          12          15  0.12107555178110577     
          12          16  -1.5939364215853329E-002
          12          17  -7.9554944270840505E-002
          12          18  -1.1064177301832656E-009
          12          19  -5.4223179602966206E-011
          12          20  -4.0713720341066361E-010
          12          21  -1.5553777380541557E-010
          12          22  -1.1690782207280555E-010
          12          23  -4.6165138766270610E-010
          12          24  -3.5085500886196780E-009
          12          25  -1.3594561159912543E-009
          12          26  -5.8080970391075766E-009
          12          27  -3.8622209759885816E-009
          12          28   1.8904003604180086E-009
          12          29   1.0393093313728354E-009
          12          30   5.9069952259117745E-003
          12          31  -5.7345551122872543E-004
          12          32   3.0206719049498650E-003
          12          33  -8.8412947715136854E-004
          12          34  -2.8621720302677532E-003
          12          35  -1.8997136183838211E-005
          12          36  -1.9302037946310818E-003
          12          37   2.9418557191486627E-003
          12          38  -7.5928978264885801E-005
          12          39  -3.2565574331947763E-003
          13           1  -5.4382278109188613E-010
          13           2  -1.7833656482104886E-010
          13           3   3.1071250545621284E-009
          13           4  -7.4951103456177873E-009
          13           5   9.1887375678273009E-009
          13           6   1.1558771806882260E-002
          13           7 -0.12003576579843896     
          13           8   1.6912829763742664E-002
          13           9  -1.3080667635003661E-002
          13          10  0.14028886140436597     
          13          11  -1.9139674213892365E-002
          13          12  -3.0903019261368549E-002
          13          13  0.33110446567728041     
          13          14  -4.5217391489404554E-002
          13          15  -1.5939384064517795E-002
          13          16  0.17077314618275721     
          13          17  -2.3322550280638413E-002
          13          18  -8.8033560346771310E-010
          13          19   4.4252898698301693E-011
          13          20   3.6664438935238303E-010
          13          21   1.7926627769993737E-010
          13          22  -1.3402705902823578E-011
          13          23  -7.5985500653611987E-010
          13          24  -3.0990724699535226E-009
          13          25  -3.2591369602541493E-009
          13          26  -8.3996699961108265E-010
          13          27   1.3373918320954170E-009
          13          28  -6.9089723025609065E-011
          13          29  -2.4540497109209911E-009
          13          30  -7.8109270539821114E-004
          13          31   3.7603805052879740E-003
          13          32  -7.1169754087379168E-004
          13          33   9.4449756050358352E-003
          13          34  -3.6359174539189228E-004
          13          35  -8.6151833276198922E-004
          13          36  -1.0413604781833645E-003
          13          37  -7.5929811557936871E-005
          13          38   3.1785948616351043E-003
          13          39  -9.5470494583181772E-004
          14           1   4.9165257312733325E-010
          14           2  -1.8884601590251165E-010
          14           3  -2.1793535322387657E-009
          14           4   2.3516183022499251E-009
          14           5  -2.6278186203282221E-009
          14           6   5.7690984765425564E-002
          14           7   1.6912827381973031E-002
          14           8  -3.9010746869101498E-002
          14           9  -6.5286984207610824E-002
          14          10  -1.9139698536809451E-002
          14          11   4.8595513106073206E-002
          14          12 -0.15424001971813112     
          14          13  -4.5217391489404554E-002
          14          14  0.11447961897969615     
          14          15  -7.9554936087927700E-002
          14          16  -2.3322537797395241E-002
          14          17   5.9040895073138790E-002
          14          18   9.0656521421932688E-010
          14          19   2.9540961822571214E-011
          14          20   1.7548722267286805E-010
          14          21   7.5609085866384443E-011
          14          22   8.4246389338274823E-011
          14          23   4.4367219957695642E-010
          14          24   2.9786076361016468E-009
          14          25   1.5961383064853757E-009
          14          26   4.0597497664348546E-009
          14          27   2.4418622766555983E-009
          14          28  -1.2575369856542584E-009
          14          29  -2.1134311728571478E-010
          14          30  -3.8985035596811818E-003
          14          31  -3.6358858605294470E-004
          14          32  -1.9302054646407689E-003
          14          33  -1.2936630068075866E-003
          14          34   2.0185212946355756E-003
          14          35   1.8627104074660279E-004
          14          36   1.5155523174445664E-003
          14          37  -2.0009121935646249E-003
          14          38  -5.8659243165658031E-004
          14          39   2.3923220765068687E-003
          15           1   4.7604942414918350E-011
          15           2   2.5981377436507092E-010
          15           3  -1.2702279341841419E-009
          15           4   2.1903634732809402E-009
          15           5   3.2048082819103290E-009
          15           6  -4.5638111879317406E-002
          15           7   5.8516358827940731E-003
          15           8   2.9206050613879372E-002
          15           9   5.1242772002914459E-002
          15          10  -6.7517133791158597E-003
          15          11  -3.3698431109062073E-002
          15          12  0.12107555178110577     
          15          13  -1.5939384064517795E-002
          15          14  -7.9554936087927700E-002
          15          15   6.2449404851646413E-002
          15          16  -8.2211005373565137E-003
          15          17  -4.1032273132284122E-002
          15          18  -5.8646451727365161E-010
          15          19  -2.9517743123135723E-011
          15          20  -2.2164430752422869E-010
          15          21  -8.6958099148021383E-011
          15          22  -6.2295283683769820E-011
          15          23  -2.5758101292662566E-010
          15          24  -1.7730445714164943E-009
          15          25  -7.2683053032187763E-010
          15          26  -2.8898706570576215E-009
          15          27  -2.1199557738234726E-009
          15          28   9.3754817634393355E-010
          15          29   4.8635593390413773E-010
          15          30   3.0595747766031410E-003
          15          31  -2.9555142615370728E-004
          15          32   1.5642207024333078E-003
          15          33  -4.5482788671762759E-004
          15          34  -1.4751245947932767E-003
          15          35  -1.0072247199844666E-005
          15          36  -9.9291154057427672E-004
          15          37   1.5224322296942801E-003
          15          38  -3.8668580086015636E-005
          15          39  -1.6738682644751954E-003
          16           1  -2.8546610852682839E-010
          16           2  -9.7204344476590823E-011
          16           3   1.6789934691084560E-009
          16           4  -3.9702772811912910E-009
          16           5   4.6559704316785758E-009
          16           6   5.8516287544744085E-003
          16           7  -6.3882995059163020E-002
          16           8   8.5621262409504989E-003
          16           9  -6.7516954536937937E-003
          16          10   7.2294027286058063E-002
          16          11  -9.8791070513875087E-003
          16          12  -1.5939364215853329E-002
          16          13  0.17077314618275721     
          16          14  -2.3322537797395241E-002
          16          15  -8.2211005373565137E-003
          16          16   8.8082102001497395E-002
          16          17  -1.2029142810096432E-002
          16          18  -4.5246608000696285E-010
          16          19   2.2320192855769339E-011
          16          20   1.9104108930274451E-010
          16          21   9.1402505367440783E-011
          16          22  -7.1460152237644672E-012
          16          23  -3.9092705507387015E-010
          16          24  -1.5909300402723703E-009
          16          25  -1.6845841211710544E-009
          16          26  -4.1608048486389406E-010
          16          27   6.7176974452694962E-010
          16          28  -4.0929762713832505E-011
          16          29  -1.2704471490129417E-009
          16          30  -4.0169509058559538E-004
          16          31   1.9436384780472371E-003
          16          32  -3.6683751595580576E-004
          16          33   4.8817367572783115E-003
          16          34  -1.8678066472041058E-004
          16          35  -4.4519513107383604E-004
          16          36  -5.3675919721318409E-004
          16          37  -3.8668758129996542E-005
          16          38   1.6429970243702072E-003
          16          39  -4.9071799352522530E-004
          17           1   6.8596926705523564E-011
          17           2  -1.4564917574949623E-010
          17           3   2.0956484959815413E-010
          17           4  -3.2244411599646375E-010
          17           5  -2.7827690126771753E-009
          17           6   2.9206051482080386E-002
          17           7   8.5621310198206076E-003
          17           8  -2.2864071791603217E-002
          17           9  -3.3698422377513963E-002
          17          10  -9.8791248262162269E-003
          17          11   2.4965720374645426E-002
          17          12  -7.9554944270840505E-002
          17          13  -2.3322550280638413E-002
          17          14   5.9040895073138790E-002
          17          15  -4.1032273132284122E-002
          17          16  -1.2029142810096432E-002
          17          17   3.0453621165103660E-002
          17          18   4.8626475989732470E-010
          17          19   1.5658665715524677E-011
          17          20   1.0801763236535463E-010
          17          21   4.1370017997892472E-011
          17          22   4.4037953009649390E-011
          17          23   2.4983189899507956E-010
          17          24   1.5257838986412906E-009
          17          25   8.3532934213916217E-010
          17          26   2.0507355210708835E-009
          17          27   1.3195696345906618E-009
          17          28  -6.3098670283457662E-010
          17          29  -7.8979950667816724E-011
          17          30  -2.0048961289229630E-003
          17          31  -1.8677917584245958E-004
          17          32  -9.9291250683199248E-004
          17          33  -6.6550648078119313E-004
          17          34   1.0488283977211079E-003
          17          35   9.5864343013523756E-005
          17          36   7.8997574615632005E-004
          17          37  -1.0310051250413069E-003
          17          38  -3.0225228094198130E-004
          17          39   1.2499903610950673E-003
          18           1  -6.4003708655502979E-003
          18           2  -5.6570448734262718E-004
          18           3   6.5276056856795554E-003
          18           4  -1.0261453706619622E-002
          18           5  -9.2675741790357747E-003
          18           6   9.7347405014110584E-010
          18           7   3.5094487164102559E-010
          18           8  -3.3454023597457580E-010
          18           9  -4.5281457095181833E-010
          18          10  -3.7295424478147406E-010
          18          11   3.8069084636832439E-010
          18          12  -1.1064177301832656E-009
          18          13  -8.8033560346771310E-010
          18          14   9.0656521421932688E-010
          18          15  -5.8646451727365161E-010
          18          16  -4.5246608000696285E-010
          18          17   4.8626475989732470E-010
          18          18   1.5380423221332063E-004
          18          19  -1.9367000917817327E-006
          18          20   1.5903382968910832E-004
          18          21  -9.6664215553862071E-006
          18          22  -2.8337729489895670E-006
          18          23   1.4727656915590446E-004
          18          24   8.4691834631763434E-005
          18          25  -1.3732632964897310E-005
          18          26   1.2177304692544670E-004
          18          27  -6.8541442799641659E-005
          18          28  -2.0093591743318719E-005
          18          29   3.8405956913370424E-005
          18          30  -3.0340671229092532E-011
          18          31  -6.7582330855721014E-012
          18          32  -1.1387758604584514E-011
          18          33  -2.6371314665627248E-011
          18          34   1.6110891327010285E-011
          18          35   3.8949170526027139E-013
          18          36   1.0186473324922658E-011
          18          37  -1.9614399986878903E-011
          18          38  -7.4474369634484554E-012
          18          39   1.8309761813786565E-011
          19           1  -9.0367464898893237E-005
          19           2   6.7358365635574133E-005
          19           3   2.5959886385328555E-004
          19           4   8.8607968209968187E-005
          19           5   6.4048628246394504E-005
          19           6   1.2034710516886073E-010
          19           7   5.2089181045546803E-010
          19           8   3.2139511129513175E-011
          19           9  -1.8371895989847585E-011
          19          10   3.2893503039655098E-011
          19          11   1.4467423143704398E-011
          19          12  -5.4223179602966206E-011
          19          13   4.4252898698301693E-011
          19          14   2.9540961822571214E-011
          19          15  -2.9517743123135723E-011
          19          16   2.2320192855769339E-011
          19          17   1.5658665715524677E-011
          19          18  -1.9367000917817327E-006
          19          19   3.7021348674840149E-007
          19          20  -2.9363409215070181E-006
          19          21   1.8477656547911881E-006
          19          22   5.4169831605268171E-007
          19          23  -6.8889726890021319E-007
          19          24  -8.4000068773255854E-006
          19          25   5.3427860928066319E-006
          19          26  -2.2826551010118532E-005
          19          27   2.6666380033227610E-005
          19          28   7.8175839897459859E-006
          19          29   9.6078484180166372E-006
          19          30  -2.3216883726001138E-012
          19          31   5.6063062399083992E-013
          19          32  -9.0459792369733777E-013
          19          33   6.5476134262758083E-013
          19          34   5.8779051485917642E-013
          19          35  -2.0652211691898568E-013
          19          36  -1.0391197617056595E-013
          19          37  -1.3400623022204155E-012
          19          38   3.9711905515724240E-013
          19          39   3.4682936246846150E-014
          20           1  -6.1563628281571655E-003
          20           2  -7.4758525661525296E-004
          20           3   5.8266500539617596E-003
          20           4  -1.0500724258697513E-002
          20           5  -9.4405291248564026E-003
          20           6   8.5240432774173378E-011
          20           7  -7.0970459951639346E-012
          20           8  -8.9760169990668592E-011
          20           9  -1.7640468561254119E-010
          20          10   1.5797620238307543E-010
          20          11   6.8356269623650815E-011
          20          12  -4.0713720341066361E-010
          20          13   3.6664438935238303E-010
          20          14   1.7548722267286805E-010
          20          15  -2.2164430752422869E-010
          20          16   1.9104108930274451E-010
          20          17   1.0801763236535463E-010
          20          18   1.5903382968910832E-004
          20          19  -2.9363409215070181E-006
          20          20   1.6696263133874129E-004
          20          21  -1.4655710326952624E-005
          20          22  -4.2964526553910761E-006
          20          23   1.4913688189764580E-004
          20          24   1.0737329760149758E-004
          20          25  -2.8159043901484159E-005
          20          26   1.8340857813645028E-004
          20          27  -1.4054510341251743E-004
          20          28  -4.1202368551487319E-005
          20          29   1.2463215944473287E-005
          20          30  -1.0937231224335079E-011
          20          31   5.6339241575994289E-012
          20          32  -3.5012727307509874E-012
          20          33   8.3776127920725331E-012
          20          34   4.5435129813575090E-012
          20          35  -2.6631595250516522E-012
          20          36   2.7538872935549162E-013
          20          37  -8.0171739368902735E-012
          20          38   4.4181484290222990E-012
          20          39   4.3107385756360331E-012
          21           1  -4.5103103821647741E-004
          21           2   3.3619240103309396E-004
          21           3   1.2956696778479819E-003
          21           4   4.4226531817576640E-004
