           1           1   2.1983710290374705     
           1           2 -0.33412724556404783     
           1           3 -0.42166086774358730     
           1           4 -0.44184478378027925     
           1           5  -1.6797110837410863E-002
           1           6  -7.7272339334639009E-015
           1           7  -1.4042326340832260E-015
           1           8  -1.1987858575732416E-015
           1           9   5.9634059781821587E-015
           1          10   3.7074756966748685E-016
           1          11  -6.9313782232294070E-015
           1          12  -1.0773155106549891E-016
           1          13   1.0873439504956970E-014
           1          14  -1.4535204175401953E-014
           1          15  -4.2916155390436368E-016
           1          16  -7.9486391088627046E-015
           1          17   9.1405944294856813E-015
           1          18  0.25241150014212005     
           1          19  -6.6814219771872037E-015
           1          20  0.25241150014211172     
           1          21  -1.6301178093652708E-014
           1          22  -2.8743117901126119E-015
           1          23  0.25241150014212660     
           1          24  0.14473983840297583     
           1          25   3.1134093223894904E-015
           1          26  0.14473983840297389     
           1          27   4.0824084258466192E-015
           1          28   5.5746089903380863E-015
           1          29  0.14473983840295654     
           1          30  -1.8414830654508067E-015
           1          31   2.3599472136438208E-015
           1          32  -1.5322171460404206E-015
           1          33  -1.3649083165979053E-014
           1          34   1.9496658826356201E-015
           1          35  -1.5822764073780776E-015
           1          36   7.2393485156018668E-015
           1          37   2.2979314320995198E-015
           1          38   1.1769991443144631E-015
           1          39   6.4953560819339215E-015
           2           1 -0.33412724556404783     
           2           2  0.72258108764721118     
           2           3  0.78432302559245748     
           2           4  0.54714961596035372     
           2           5   4.0583403574638272E-002
           2           6  -2.1153265385324343E-014
           2           7  -1.1682624521676769E-014
           2           8  -1.5725910340735519E-015
           2           9   2.5155349080663664E-014
           2          10   5.5480233962274680E-014
           2          11   3.0559396578314264E-014
           2          12   1.7041168416213660E-014
           2          13   3.9749169268946105E-015
           2          14   5.9218009182059322E-015
           2          15  -2.2761818880682113E-015
           2          16  -4.6422972239157251E-015
           2          17  -6.1281580845795649E-015
           2          18 -0.60148830160925615     
           2          19  -7.9132186505609881E-015
           2          20 -0.60148830160921340     
           2          21   4.7639457260567361E-014
           2          22   3.1301963406089120E-015
           2          23 -0.60148830160923772     
           2          24 -0.20488060595836077     
           2          25  -6.1812110234365819E-016
           2          26 -0.20488060595836038     
           2          27   4.2742370980385632E-015
           2          28  -1.7737974519249392E-015
           2          29 -0.20488060595835131     
           2          30  -1.8840485782814646E-014
           2          31  -1.1752776393829417E-014
           2          32  -8.3052608207987984E-015
           2          33  -2.0603273882284421E-014
           2          34  -7.5717826667022400E-015
           2          35   2.3413992723650400E-015
           2          36  -8.1819317126986716E-015
           2          37  -8.4940770926575682E-015
           2          38  -1.9078641993681941E-014
           2          39  -1.8764878556642560E-014
           3           1 -0.42166086774358730     
           3           2  0.78432302559245748     
           3           3  0.95106339559149267     
           3           4  0.70927943905118518     
           3           5   3.3251915954493942E-002
           3           6   5.7311374012869593E-014
           3           7   1.0363382177232794E-014
           3           8   5.8717470668479119E-015
           3           9  -2.2480305119607783E-014
           3          10  -6.6429306846742255E-014
           3          11   4.9460142851876046E-015
           3          12   7.2190543651092072E-015
           3          13  -4.2123246036453418E-015
           3          14   2.6380708095842539E-015
           3          15  -1.1927943005388391E-015
           3          16  -1.3201255786385890E-015
           3          17  -3.5617262195596021E-015
           3          18 -0.51753321166471822     
           3          19  -3.5069770353551213E-015
           3          20 -0.51753321166469224     
           3          21   2.7961421530281610E-014
           3          22   2.5919110496889444E-015
           3          23 -0.51753321166470667     
           3          24 -0.24054983686732884     
           3          25  -3.2741117516409911E-016
           3          26 -0.24054983686732836     
           3          27   2.2258211562001565E-015
           3          28  -1.3186850268085960E-015
           3          29 -0.24054983686732312     
           3          30   7.8204695950719062E-015
           3          31   1.4091099910883460E-014
           3          32   3.5053233130860145E-015
           3          33   3.4319727239999853E-014
           3          34  -1.6366707955300057E-015
           3          35   1.4048692947546720E-015
           3          36  -2.0244888122639287E-015
           3          37   3.9934411443293951E-015
           3          38   9.4176203059552799E-015
           3          39  -4.3809425207951159E-015
           4           1 -0.44184478378027925     
           4           2  0.54714961596035372     
           4           3  0.70927943905118518     
           4           4  0.55503983100325427     
           4           5   1.8501104147080789E-002
           4           6  -1.1161563076751151E-013
           4           7  -1.6550532626806689E-013
           4           8   5.1036886418264545E-015
           4           9   6.5778440729774266E-014
           4          10   5.0808616466103673E-013
           4          11   2.1008818741318646E-014
           4          12   1.9069880633742279E-014
           4          13   5.8465426473258551E-014
           4          14   3.8269788285273228E-015
           4          15  -5.7069030476353618E-015
           4          16  -1.7367271802304293E-014
           4          17  -2.3685099982011261E-015
           4          18 -0.30211976873172014     
           4          19   3.2852182232118341E-016
           4          20 -0.30211976873171126     
           4          21   9.0958585786944049E-015
           4          22   1.5522541860124952E-015
           4          23 -0.30211976873171659     
           4          24 -0.17850963102911788     
           4          25  -2.5252743018710183E-016
           4          26 -0.17850963102911749     
           4          27   1.6597394043433727E-016
           4          28  -9.4816731553097387E-016
           4          29 -0.17850963102911493     
           4          30  -4.3568843457929986E-014
           4          31  -1.1548968184092655E-013
           4          32  -1.9491941920125178E-014
           4          33  -2.5672351127257701E-013
           4          34  -4.7996763097504500E-015
           4          35   5.2826535921841461E-016
           4          36  -5.2544754559554496E-015
           4          37  -1.9082329774835851E-014
           4          38  -1.1708597233305036E-013
           4          39  -1.0774814438909389E-014
           5           1  -1.6797110837410863E-002
           5           2   4.0583403574638272E-002
           5           3   3.3251915954493942E-002
           5           4   1.8501104147080789E-002
           5           5   3.4585316124271254E-003
           5           6  -1.4717568557614796E-014
           5           7  -9.7399990720431338E-015
           5           8   9.7035095682431333E-016
           5           9   9.3198764616924775E-015
           5          10   3.1133159647245581E-014
           5          11   2.8989808704305787E-015
           5          12   2.6541566437984752E-015
           5          13   2.7818219803846497E-015
           5          14   5.0088353747398753E-016
           5          15  -4.0119966270817680E-016
           5          16  -1.1146038771000867E-015
           5          17  -6.1901560778525265E-016
           5          18  -4.8559136158629619E-002
           5          19  -9.7869433329801025E-016
           5          20  -4.8559136158625012E-002
           5          21   5.2657346676254707E-015
           5          22   2.6724860391548508E-016
           5          23  -4.8559136158627683E-002
           5          24  -9.6264587347276824E-003
           5          25  -7.8583412153902415E-017
           5          26  -9.6264587347276477E-003
           5          27   4.9125207885274949E-016
           5          28  -1.7656863327180581E-016
           5          29  -9.6264587347266138E-003
           5          30  -5.6319334474703623E-015
           5          31  -6.8466393504728287E-015
           5          32  -2.4970119067935182E-015
           5          33  -1.4587652682382320E-014
           5          34  -6.8138895167994971E-016
           5          35   2.5716503310687533E-016
           5          36  -7.5675064990866194E-016
           5          37  -2.5918039151887067E-015
           5          38  -7.6073253788897656E-015
           5          39  -1.7685704607579375E-015
           6           1  -7.7272339334639009E-015
           6           2  -2.1153265385324343E-014
           6           3   5.7311374012869593E-014
           6           4  -1.1161563076751151E-013
           6           5  -1.4717568557614796E-014
           6           6   2.7575537836817055     
           6           7  -1.1119473112530712E-002
           6           8   4.1387352518323185E-002
           6           9  -2.0492173327925709     
           6          10   7.2527349022616538E-002
           6          11 -0.26995118661120082     
           6          12 -0.33266793252333238     
           6          13   7.2714332855991883E-003
           6          14  -2.7064715176563899E-002
           6          15   9.4831381616516927E-002
           6          16  -2.0561085115681768E-003
           6          17   7.6529604346094113E-003
           6          18   1.2208966337652169E-014
           6          19   6.4854494565956422E-016
           6          20   6.2606374385560844E-015
           6          21   1.1360506571651798E-014
           6          22  -9.9121707851949608E-015
           6          23   1.0277565383586158E-014
           6          24   3.6202118914827676E-014
           6          25  -5.5561381894809610E-015
           6          26   4.5661882286973442E-014
           6          27   7.5843898724811291E-016
           6          28  -1.8070023546203346E-015
           6          29   4.4323868884691922E-014
           6          30   1.1612805119465779     
           6          31  -1.5989713724637877E-002
           6          32  0.51934043313166078     
           6          33  -3.5754086829057286E-002
           6          34   5.9514683105167887E-002
           6          35  -1.8817439744249580E-015
           6          36   5.9514683105167623E-002
           6          37  0.51934043313166023     
           6          38  -1.5989713724635514E-002
           6          39  0.13307887708250901     
           7           1  -1.4042326340832260E-015
           7           2  -1.1682624521676769E-014
           7           3   1.0363382177232794E-014
           7           4  -1.6550532626806689E-013
           7           5  -9.7399990720431338E-015
           7           6  -1.1119473112530712E-002
           7           7   2.8955556813904759     
           7           8   3.3134032742622487E-003
           7           9   7.2527349022622881E-002
           7          10  -2.9493419789531208     
           7          11  -2.1611847368412183E-002
           7          12   7.2714332855940249E-003
           7          13 -0.42291245960826129     
           7          14  -2.1667565192341936E-003
           7          15  -2.0561085115609720E-003
           7          16  0.12034939615003022     
           7          17   6.1268340734199611E-004
           7          18   6.8102656478138222E-014
           7          19   4.7157199731828790E-014
           7          20   6.4262868520931922E-015
           7          21  -1.2680219051949920E-014
           7          22   2.5191843582884486E-013
           7          23   3.1143484934745196E-014
           7          24   5.5577946496881767E-014
           7          25   2.5917409089372687E-015
           7          26   5.8309388192299262E-014
           7          27  -3.4740865626308809E-017
           7          28   1.8844357346697252E-014
           7          29   5.7573809889812574E-014
           7          30  -3.5754086829062497E-002
           7          31  0.71778606229850794     
           7          32  -1.5989713724636562E-002
           7          33   1.6050184286013627     
           7          34   4.7646475038488571E-003
           7          35   2.0116237527896083E-016
           7          36   4.7646475038469185E-003
           7          37  -1.5989713724638647E-002
           7          38  0.71778606229851094     
           7          39   1.0654075707430896E-002
           8           1  -1.1987858575732416E-015
           8           2  -1.5725910340735519E-015
           8           3   5.8717470668479119E-015
           8           4   5.1036886418264545E-015
           8           5   9.7035095682431333E-016
           8           6   4.1387352518323185E-002
           8           7   3.3134032742622487E-003
           8           8   2.8841132003876027     
           8           9 -0.26995118661120382     
           8          10  -2.1611847368410923E-002
           8          11  -2.8747077939534131     
           8          12  -2.7064715176565359E-002
           8          13  -2.1667565192330673E-003
           8          14 -0.41542979955846365     
           8          15   7.6529604346107869E-003
           8          16   6.1268340734259589E-004
           8          17  0.11823356005372984     
           8          18   2.7273921870879960E-015
           8          19   9.3167527964270581E-016
           8          20   2.4915901038748310E-015
           8          21   7.1945396485438847E-015
           8          22  -3.1608998531328966E-015
           8          23   1.3519924541260885E-014
           8          24  -1.6893563774129123E-015
           8          25  -3.0869334464023306E-016
           8          26   2.8124745818802106E-017
           8          27   6.1055846509108630E-016
           8          28  -4.7414660967084369E-018
           8          29  -1.8425357649909351E-016
           8          30  0.13307887708251245     
           8          31   4.7646475038486888E-003
           8          32   5.9514683105167540E-002
           8          33   1.0654075707430525E-002
           8          34  0.70133186580161611     
           8          35   6.9382101357395131E-016
           8          36  0.70133186580161455     
           8          37   5.9514683105167832E-002
           8          38   4.7646475038469601E-003
           8          39   1.5682257267191679     
           9           1   5.9634059781821587E-015
           9           2   2.5155349080663664E-014
           9           3  -2.2480305119607783E-014
           9           4   6.5778440729774266E-014
           9           5   9.3198764616924775E-015
           9           6  -2.0492173327925709     
           9           7   7.2527349022622881E-002
           9           8 -0.26995118661120382     
           9           9   1.9666279635391599     
           9          10 -0.47306345390784821     
           9          11   1.7607708326000031     
           9          12  0.28816647229717529     
           9          13  -4.7428306580851141E-002
           9          14  0.17653103019753932     
           9          15  -8.2030261258146331E-002
           9          16   1.3411076058844925E-002
           9          17  -4.9916837504818415E-002
           9          18   1.2231419130846800E-014
           9          19   2.1344404342242321E-014
           9          20  -1.3924271895480425E-014
           9          21  -2.5503087763891973E-014
           9          22   1.2389806107344810E-013
           9          23  -2.2495535036485105E-014
           9          24  -2.0214536165872953E-014
           9          25   5.8722598214682387E-015
           9          26  -2.9351857740195056E-014
           9          27  -2.5666531375945961E-015
           9          28   8.2158311541722867E-015
           9          29  -2.7604047011234626E-014
           9          30  -1.0775537700186235     
           9          31  0.10429374992343077     
           9          32 -0.48189669583456346     
           9          33  0.23320791445715799     
           9          34 -0.38818765510350445     
           9          35   9.7452099607976591E-016
           9          36 -0.38818765510350439     
           9          37 -0.48189669583456246     
           9          38  0.10429374992342967     
           9          39 -0.86801398483767522     
          10           1   3.7074756966748685E-016
          10           2   5.5480233962274680E-014
          10           3  -6.6429306846742255E-014
          10           4   5.0808616466103673E-013
          10           5   3.1133159647245581E-014
          10           6   7.2527349022616538E-002
          10           7  -2.9493419789531208     
          10           8  -2.1611847368410923E-002
          10           9 -0.47306345390784821     
          10          10   7.8377383763506376     
          10          11  0.14096441272439617     
          10          12  -4.7428306580867302E-002
          10          13  0.87679115325388868     
          10          14   1.4132783516566756E-002
          10          15   1.3411076058843355E-002
          10          16 -0.24847285504894731     
          10          17  -3.9962597935214337E-003
          10          18  -3.4252973699591183E-013
          10          19  -3.0508643719553834E-013
          10          20   7.1739037368111373E-014
          10          21   6.7129257365119084E-014
          10          22  -1.6032212808592980E-012
          10          23  -9.9974783119789178E-014
          10          24  -1.7948579888135073E-013
          10          25  -1.9730599812974368E-014
          10          26  -1.6448090739926585E-013
          10          27   5.7466053621187176E-015
          10          28  -9.0736636229184818E-014
          10          29  -1.7587219702209506E-013
          10          30  0.23320791445718309     
          10          31  -1.7762687639120882     
          10          32  0.10429374992343297     
          10          33  -3.9718577024169504     
          10          34  -3.1077664290770430E-002
          10          35   2.1678811524573027E-015
          10          36  -3.1077664290765625E-002
          10          37  0.10429374992343264     
          10          38  -1.7762687639121031     
          10          39  -6.9491769936079292E-002
          11           1  -6.9313782232294070E-015
          11           2   3.0559396578314264E-014
          11           3   4.9460142851876046E-015
          11           4   2.1008818741318646E-014
          11           5   2.8989808704305787E-015
          11           6 -0.26995118661120082     
          11           7  -2.1611847368412183E-002
          11           8  -2.8747077939534131     
          11           9   1.7607708326000031     
          11          10  0.14096441272439617     
          11          11   7.3509329738183951     
          11          12  0.17653103019752900     
          11          13   1.4132783516561890E-002
          11          14  0.82798510897850519     
          11          15  -4.9916837504814612E-002
          11          16  -3.9962597935202619E-003
          11          17 -0.23467220267287708     
          11          18  -2.2792991896803483E-014
          11          19  -3.8450459737723751E-016
          11          20  -2.5230528377746969E-014
          11          21  -4.7863425869462616E-014
          11          22   1.1935143574264963E-014
          11          23  -9.3625026417712932E-014
          11          24  -9.6081634162497747E-015
          11          25   1.7875731684356484E-015
          11          26  -1.4236995041429990E-014
          11          27  -5.6923438462719418E-015
          11          28   2.4807158934215404E-015
          11          29  -1.4633226233187211E-014
          11          30 -0.86801398483766912     
          11          31  -3.1077664290769132E-002
          11          32 -0.38818765510350184     
          11          33  -6.9491769936078918E-002
          11          34  -1.6689454006430240     
          11          35  -1.1217517729314436E-015
          11          36  -1.6689454006430227     
          11          37 -0.38818765510350078     
          11          38  -3.1077664290769406E-002
          11          39  -3.7318753665734170     
          12           1  -1.0773155106549891E-016
          12           2   1.7041168416213660E-014
          12           3   7.2190543651092072E-015
          12           4   1.9069880633742279E-014
          12           5   2.6541566437984752E-015
          12           6 -0.33266793252333238     
          12           7   7.2714332855940249E-003
          12           8  -2.7064715176565359E-002
          12           9  0.28816647229717529     
          12          10  -4.7428306580867302E-002
          12          11  0.17653103019752900     
          12          12   4.3911455998443490E-002
          12          13  -4.7550582200891730E-003
          12          14   1.7698614746239402E-002
          12          15  -1.2506891816274941E-002
          12          16   1.3445651352774043E-003
          12          17  -5.0045528843275467E-003
          12          18  -1.4141460502822637E-014
          12          19   1.9357939069708522E-015
          12          20  -1.6245276859069294E-014
          12          21  -2.9448052754670288E-015
          12          22   1.1948821236113635E-014
          12          23  -1.7245339545505560E-014
          12          24  -7.0820270102678981E-015
          12          25   8.3115242601843685E-016
          12          26  -8.4177115430770614E-015
          12          27  -2.7632784274574717E-016
          12          28   8.5220230966846020E-016
          12          29  -8.1867662971750080E-015
          12          30 -0.15989524642189445     
          12          31   1.0456263118563396E-002
          12          32  -7.1507328055687172E-002
          12          33   2.3380915123732297E-002
          12          34  -3.8918844744943726E-002
          12          35   1.8789977733940382E-016
          12          36  -3.8918844744943705E-002
          12          37  -7.1507328055687061E-002
          12          38   1.0456263118563170E-002
          12          39  -8.7025182455454042E-002
          13           1   1.0873439504956970E-014
          13           2   3.9749169268946105E-015
          13           3  -4.2123246036453418E-015
          13           4   5.8465426473258551E-014
          13           5   2.7818219803846497E-015
          13           6   7.2714332855991883E-003
          13           7 -0.42291245960826129     
          13           8  -2.1667565192330673E-003
          13           9  -4.7428306580851141E-002
          13          10  0.87679115325388868     
          13          11   1.4132783516561890E-002
          13          12  -4.7550582200891730E-003
          13          13  0.10292567829535990     
          13          14   1.4169219455165162E-003
          13          15   1.3445651352765411E-003
          13          16  -2.9194062007101389E-002
          13          17  -4.0065626101098664E-004
          13          18  -2.7437665978710842E-014
          13          19  -3.0607245862018672E-014
          13          20   1.4000372982958251E-014
          13          21   6.8545851283279818E-015
          13          22  -1.6105419856297912E-013
          13          23  -3.1315056262929342E-015
          13          24  -1.9507954470927635E-014
          13          25  -1.9555895060723475E-015
          13          26  -1.8265589860167882E-014
          13          27   5.3207855571765006E-016
          13          28  -9.3539073113758392E-015
          13          29  -1.9278425625017973E-014
          13          30   2.3380915123727270E-002
          13          31 -0.20127823884436177     
          13          32   1.0456263118560126E-002
          13          33 -0.45007182444743121     
          13          34  -3.1157786077579274E-003
          13          35   1.8956808759896439E-016
          13          36  -3.1157786077573818E-003
          13          37   1.0456263118560204E-002
          13          38 -0.20127823884436324     
          13          39  -6.9670927697862723E-003
          14           1  -1.4535204175401953E-014
          14           2   5.9218009182059322E-015
          14           3   2.6380708095842539E-015
          14           4   3.8269788285273228E-015
          14           5   5.0088353747398753E-016
          14           6  -2.7064715176563899E-002
          14           7  -2.1667565192341936E-003
          14           8 -0.41542979955846365     
          14           9  0.17653103019753932     
          14          10   1.4132783516566756E-002
          14          11  0.82798510897850519     
          14          12   1.7698614746239402E-002
          14          13   1.4169219455165162E-003
          14          14   9.8032491109227543E-002
          14          15  -5.0045528843275146E-003
          14          16  -4.0065626101105337E-004
          14          17  -2.7810438802855973E-002
          14          18  -6.1847455433256405E-015
          14          19  -8.3989218162893885E-017
          14          20  -6.3973925933116009E-015
          14          21  -4.7912054104509413E-015
          14          22   1.2658954897423008E-015
          14          23  -1.3282720561559870E-014
          14          24  -1.7655376074876811E-015
          14          25   1.8102138693249334E-016
          14          26  -2.2820874200605329E-015
          14          27  -5.5705228528080957E-016
          14          28   2.2915567049209853E-016
          14          29  -2.3075920051151068E-015
          14          30  -8.7025182455458497E-002
          14          31  -3.1157786077588949E-003
          14          32  -3.8918844744945641E-002
          14          33  -6.9670927697886740E-003
          14          34 -0.19051823332214268     
          14          35  -1.3963471523227842E-016
          14          36 -0.19051823332214243     
          14          37  -3.8918844744945558E-002
          14          38  -3.1157786077588342E-003
          14          39 -0.42601172066147569     
          15           1  -4.2916155390436368E-016
          15           2  -2.2761818880682113E-015
          15           3  -1.1927943005388391E-015
          15           4  -5.7069030476353618E-015
          15           5  -4.0119966270817680E-016
          15           6   9.4831381616516927E-002
          15           7  -2.0561085115609720E-003
          15           8   7.6529604346107869E-003
          15           9  -8.2030261258146331E-002
          15          10   1.3411076058843355E-002
          15          11  -4.9916837504814612E-002
          15          12  -1.2506891816274941E-002
          15          13   1.3445651352765411E-003
          15          14  -5.0045528843275146E-003
          15          15   3.5622491548388414E-003
          15          16  -3.8019627086048266E-004
          15          17   1.4151135516045218E-003
          15          18  -7.5408290663321974E-016
          15          19  -5.4614847009081435E-016
          15          20  -1.6231245010737656E-016
          15          21   8.3501957787754941E-016
          15          22  -3.3758693584187440E-015
          15          23   1.2131613751800116E-016
          15          24   1.6344477870233846E-015
          15          25  -2.3647767312740033E-016
          15          26   2.0146543038211544E-015
          15          27   7.8250082834384505E-017
          15          28  -2.4114444670977027E-016
          15          29   1.9490162332125510E-015
          15          30   4.5524457279740069E-002
          15          31  -2.9566676544782989E-003
          15          32   2.0359156223256791E-002
          15          33  -6.6113098622885089E-003
          15          34   1.1004896118459628E-002
          15          35  -5.3673517551710880E-017
          15          36   1.1004896118459622E-002
          15          37   2.0359156223256753E-002
          15          38  -2.9566676544782351E-003
          15          39   2.4607695806199134E-002
          16           1  -7.9486391088627046E-015
          16           2  -4.6422972239157251E-015
          16           3  -1.3201255786385890E-015
          16           4  -1.7367271802304293E-014
          16           5  -1.1146038771000867E-015
          16           6  -2.0561085115681768E-003
          16           7  0.12034939615003022     
          16           8   6.1268340734259589E-004
          16           9   1.3411076058844925E-002
          16          10 -0.24847285504894731     
          16          11  -3.9962597935202619E-003
          16          12   1.3445651352774043E-003
          16          13  -2.9194062007101389E-002
          16          14  -4.0065626101105337E-004
          16          15  -3.8019627086048266E-004
          16          16   8.2808006859696158E-003
          16          17   1.1329166013362389E-004
          16          18   1.2309681455108056E-014
          16          19   8.6547848060351485E-015
          16          20   5.9301951697564850E-016
          16          21  -1.9389855860056505E-015
          16          22   4.5542442964875813E-014
          16          23   5.4368157303104213E-015
          16          24   6.1723611100083120E-015
          16          25   5.5283717078667028E-016
          16          26   5.8226379192825127E-015
          16          27  -1.5018853634258227E-016
          16          28   2.6465031855760130E-015
          16          29   6.1082561103813262E-015
          16          30  -6.6113098622904111E-003
          16          31   5.7053857769164225E-002
          16          32  -2.9566676544788601E-003
          16          33  0.12757630435045561     
          16          34   8.8103385727956920E-004
          16          35  -5.3436339442610944E-017
          16          36   8.8103385727941459E-004
          16          37  -2.9566676544788835E-003
          16          38   5.7053857769164662E-002
          16          39   1.9700515953559364E-003
          17           1   9.1405944294856813E-015
          17           2  -6.1281580845795649E-015
          17           3  -3.5617262195596021E-015
          17           4  -2.3685099982011261E-015
          17           5  -6.1901560778525265E-016
          17           6   7.6529604346094113E-003
          17           7   6.1268340734199611E-004
          17           8  0.11823356005372984     
          17           9  -4.9916837504818415E-002
          17          10  -3.9962597935214337E-003
          17          11 -0.23467220267287708     
          17          12  -5.0045528843275467E-003
          17          13  -4.0065626101098664E-004
          17          14  -2.7810438802855973E-002
          17          15   1.4151135516045218E-003
          17          16   1.1329166013362389E-004
          17          17   7.8895601512212320E-003
          17          18   8.3075513925440753E-015
          17          19   2.4022279033143016E-017
          17          20   8.3674898878209507E-015
          17          21   1.3547413748373270E-015
          17          22  -3.5836768131292789E-016
          17          23   1.0314590967087375E-014
          17          24   1.4752539641331990E-015
          17          25  -5.1197389836804364E-017
          17          26   1.6216316049875679E-015
          17          27   1.5743299679344747E-016
          17          28  -6.4679746504531229E-017
          17          29   1.6287579622454938E-015
          17          30   2.4607695806200761E-002
          17          31   8.8103385727977314E-004
          17          32   1.1004896118460330E-002
          17          33   1.9700515953564568E-003
          17          34   5.4011302323800324E-002
          17          35   3.9647110025793080E-017
          17          36   5.4011302323800262E-002
          17          37   1.1004896118460308E-002
          17          38   8.8103385727975373E-004
          17          39  0.12077294354930962     
          18           1  0.25241150014212005     
          18           2 -0.60148830160925615     
          18           3 -0.51753321166471822     
          18           4 -0.30211976873172014     
          18           5  -4.8559136158629619E-002
          18           6   1.2208966337652169E-014
          18           7   6.8102656478138222E-014
          18           8   2.7273921870879960E-015
          18           9   1.2231419130846800E-014
          18          10  -3.4252973699591183E-013
          18          11  -2.2792991896803483E-014
          18          12  -1.4141460502822637E-014
          18          13  -2.7437665978710842E-014
          18          14  -6.1847455433256405E-015
          18          15  -7.5408290663321974E-016
          18          16   1.2309681455108056E-014
          18          17   8.3075513925440753E-015
          18          18  0.68586391036752314     
          18          19   1.3286875937926072E-014
          18          20  0.68586391036745997     
          18          21  -7.2114033443615950E-014
          18          22  -3.7507213975436994E-015
          18          23  0.68586391036749650     
          18          24  0.14695587982393771     
          18          25   1.0627597080295083E-015
          18          26  0.14695587982393724     
          18          27  -6.7086246791717241E-015
          18          28   2.4382505423528747E-015
          18          29  0.14695587982392311     
          18          30  -1.7627813447943790E-015
          18          31   7.3936998776697184E-014
          18          32  -1.0749792878383875E-015
          18          33   1.5556046059577844E-013
          18          34   6.1420499132919115E-015
          18          35  -3.5233704061427197E-015
          18          36   7.1622952594921958E-015
          18          37   1.3518559836341707E-016
          18          38   8.4413589569282615E-014
          18          39   1.7038508769283084E-014
          19           1  -6.6814219771872037E-015
          19           2  -7.9132186505609881E-015
          19           3  -3.5069770353551213E-015
          19           4   3.2852182232118341E-016
          19           5  -9.7869433329801025E-016
          19           6   6.4854494565956422E-016
          19           7   4.7157199731828790E-014
          19           8   9.3167527964270581E-016
          19           9   2.1344404342242321E-014
          19          10  -3.0508643719553834E-013
          19          11  -3.8450459737723751E-016
          19          12   1.9357939069708522E-015
          19          13  -3.0607245862018672E-014
          19          14  -8.3989218162893885E-017
          19          15  -5.4614847009081435E-016
          19          16   8.6547848060351485E-015
          19          17   2.4022279033143016E-017
          19          18   1.3286875937926072E-014
          19          19   1.4826306404777169E-026
          19          20   1.3286875937904844E-014
          19          21  -4.8360753524625967E-027
          19          22   7.5718138782209252E-026
          19          23   1.3286875937913799E-014
          19          24   1.1747097505278313E-015
          19          25   9.5849540924521926E-028
          19          26   1.1747097505269385E-015
          19          27  -4.9757803257079479E-028
          19          28   4.1478967739249033E-027
          19          29   1.1747097505272973E-015
          19          30  -1.0279808005111145E-014
          19          31   6.7271355700858614E-014
          19          32  -4.5972698990146882E-015
          19          33   1.5042332428568749E-013
          19          34   1.0890089734784275E-016
          19          35  -2.0600577728237791E-028
          19          36   1.0890089734766086E-016
          19          37  -4.5972698990145667E-015
          19          38   6.7271355700859573E-014
          19          39   2.4350980928050582E-016
          20           1  0.25241150014211172     
          20           2 -0.60148830160921340     
          20           3 -0.51753321166469224     
          20           4 -0.30211976873171126     
          20           5  -4.8559136158625012E-002
          20           6   6.2606374385560844E-015
          20           7   6.4262868520931922E-015
          20           8   2.4915901038748310E-015
          20           9  -1.3924271895480425E-014
          20          10   7.1739037368111373E-014
          20          11  -2.5230528377746969E-014
          20          12  -1.6245276859069294E-014
          20          13   1.4000372982958251E-014
          20          14  -6.3973925933116009E-015
          20          15  -1.6231245010737656E-016
          20          16   5.9301951697564850E-016
          20          17   8.3674898878209507E-015
          20          18  0.68586391036745997     
          20          19   1.3286875937904844E-014
          20          20  0.68586391036739669     
          20          21  -7.2114033443603985E-014
          20          22  -3.7507213976467609E-015
          20          23  0.68586391036743333     
          20          24  0.14695587982392930     
          20          25   1.0627597080281199E-015
          20          26  0.14695587982392883     
          20          27  -6.7086246791705558E-015
          20          28   2.4382505423470344E-015
          20          29  0.14695587982391467     
          20          30   1.0515581793395070E-014
          20          31  -1.7343813400502741E-014
          20          32   4.4160716380450612E-015
          20          33  -4.8549640473829808E-014
          20          34   6.6625871916149763E-015
          20          35  -3.5233704061421722E-015
          20          36   7.6828325378154167E-015
          20          37   5.6262365242465782E-015
          20          38  -6.8672226079193398E-015
          20          39   1.8202465508435922E-014
          21           1  -1.6301178093652708E-014
          21           2   4.7639457260567361E-014
          21           3   2.7961421530281610E-014
          21           4   9.0958585786944049E-015
