           1           1   2.1595028828869056     
           1           2 -0.64610459127987352     
           1           3  -5.9252973298253706E-014
           1           4  -6.1959578650741302E-014
           1           5  -5.5339467142500574E-014
           1           6  0.99059728224743482     
           1           7   3.1074464070874943E-015
           1           8  -9.5024793856908858E-015
           1           9   8.7361471064943206E-016
           1          10 -0.16263430521226044     
           1          11   4.0611603816690007E-015
           1          12   1.2005049123571149E-014
           1          13  -3.4531104024024638E-015
           1          14 -0.29776212236999633     
           1          15   5.5101273975755993E-004
           1          16 -0.29455846176455530     
           1          17  -8.4903286840251927E-004
           1          18   1.1914968182065399E-004
           1          19 -0.29464690901194851     
           2           1 -0.64610459127987352     
           2           2   2.6169791839074446     
           2           3   2.2688206964154207E-013
           2           4   1.9542699287556789E-013
           2           5   2.3774928587023297E-013
           2           6  -3.9510718037889450     
           2           7  -1.4885735960092355E-014
           2           8   4.0052499971125957E-014
           2           9  -9.3582733977808324E-015
           2          10  0.65063510302222682     
           2          11  -2.0758992531256164E-014
           2          12  -4.9179365903765109E-014
           2          13   1.3299172142343428E-014
           2          14   1.1805569097071567     
           2          15  -2.2902977706736674E-003
           2          16   1.1672392251212951     
           2          17   3.5290252063846271E-003
           2          18  -4.9525067051886594E-004
           2          19   1.1676069054769800     
           3           1  -5.9252973298253706E-014
           3           2   2.2688206964154207E-013
           3           3   2.1202666701362993     
           3           4  -4.5597861528373579E-003
           3           5   7.0257455699247809E-003
           3           6   2.0372157999194015E-013
           3           7 -0.44251838604612054     
           3           8   2.9368904184359050E-002
           3           9  -4.5251781314258534E-002
           3          10  -4.3906307962353842E-014
           3          11  0.16343156937942388     
           3          12  -6.9213717578878097E-003
           3          13   1.0664490553690481E-002
           3          14  -7.0205936285432176E-014
           3          15   1.6274319187777507E-014
           3          16  -8.8172241019553475E-014
           3          17   2.1104469074807510E-015
           3          18  -5.2604262122026092E-014
           3          19  -3.3738353795486494E-014
           4           1  -6.1959578650741302E-014
           4           2   1.9542699287556789E-013
           4           3  -4.5597861528373579E-003
           4           4   2.0884558346975002     
           4           5  -9.8719208176855267E-004
           4           6   1.3575151882649356E-012
           4           7   2.9368904184603698E-002
           4           8 -0.23762953192487418     
           4           9   6.3583573567267682E-003
           4          10  -2.4888025358881981E-013
           4          11  -6.9213717580696001E-003
           4          12  0.11514539840278790     
           4          13  -1.4984745345601777E-003
           4          14  -4.9274380860977650E-013
           4          15   7.0997156596414508E-014
           4          16  -5.3591698291675124E-013
           4          17  -3.1885166637494549E-015
           4          18  -2.1871020787533670E-013
           4          19  -3.4332835593938234E-013
           5           1  -5.5339467142500574E-014
           5           2   2.3774928587023297E-013
           5           3   7.0257455699247809E-003
           5           4  -9.8719208176855267E-004
           5           5   2.0893362075972592     
           5           6  -7.9071883703047011E-013
           5           7  -4.5251781314350037E-002
           5           8   6.3583573568045428E-003
           5           9 -0.24329988264143829     
           5          10   1.4316431694233421E-013
           5          11   1.0664490553721364E-002
           5          12  -1.4984745347892843E-003
           5          13  0.11648173036358331     
           5          14   2.8458846917618893E-013
           5          15  -3.1730785300505232E-014
           5          16   3.0462847021046766E-013
           5          17   1.8438566915247910E-015
           5          18   9.8318895407657436E-014
           5          19   2.1730658562157750E-013
           6           1  0.99059728224743482     
           6           2  -3.9510718037889450     
           6           3   2.0372157999194015E-013
           6           4   1.3575151882649356E-012
           6           5  -7.9071883703047011E-013
           6           6   23.103637253046564     
           6           7  -4.1280929264130168E-014
           6           8  -1.1577114266213519E-013
           6           9   5.6964571558388043E-014
           6          10  -3.8531206140485668     
           6          11   5.6930647006927531E-014
           6          12   7.2968692408154259E-014
           6          13  -4.6335625818744338E-014
           6          14  -6.1440727338544541     
           6          15   1.7264186232778339E-002
           6          16  -6.0434716310219603     
           6          17  -2.6601613918198031E-002
           6          18   3.7334663587029124E-003
           6          19  -6.0462495056325887     
           7           1   3.1074464070874943E-015
           7           2  -1.4885735960092355E-014
           7           3 -0.44251838604612054     
           7           4   2.9368904184603698E-002
           7           5  -4.5251781314350037E-002
           7           6  -4.1280929264130168E-014
           7           7   1.3761063441517023     
           7           8 -0.18943697344012647     
           7           9  0.29188560934096769     
           7          10   6.2757031063052745E-015
           7          11 -0.32924389515452140     
           7          12   4.4361576370363573E-002
           7          13  -6.8352579304244668E-002
           7          14   1.1655638941607588E-014
           7          15  -1.5357827818004478E-015
           7          16   1.2287390909651047E-014
           7          17   6.2674865638885788E-016
           7          18   4.1891160395380127E-015
           7          19   5.3811122911244297E-015
           8           1  -9.5024793856908858E-015
           8           2   4.0052499971125957E-014
           8           3   2.9368904184359050E-002
           8           4 -0.23762953192487418     
           8           5   6.3583573568045428E-003
           8           6  -1.1577114266213519E-013
           8           7 -0.18943697344012647     
           8           8   5.4520623314500506E-002
           8           9  -4.1013037674931134E-002
           8          10   2.2472817045844852E-014
           8          11   4.4361576370368201E-002
           8          12  -1.9760351258853937E-002
           8          13   9.6042655768498846E-003
           8          14   4.5644722643571820E-014
           8          15  -5.6737490729844033E-015
           8          16   4.9900297163396662E-014
           8          17   3.7941169683217587E-018
           8          18   1.8046677085018166E-014
           8          19   3.4308645506195810E-014
           9           1   8.7361471064943206E-016
           9           2  -9.3582733977808324E-015
           9           3  -4.5251781314258534E-002
           9           4   6.3583573567267682E-003
           9           5 -0.24329988264143829     
           9           6   5.6964571558388043E-014
           9           7  0.29188560934096769     
           9           8  -4.1013037674931134E-002
           9           9   9.1095841478780484E-002
           9          10  -1.0819096221746303E-014
           9          11  -6.8352579304244723E-002
           9          12   9.6042655768656289E-003
           9          13  -2.8325386396375215E-002
           9          14  -2.0916649951916935E-014
           9          15   2.5462968335832624E-015
           9          16  -2.2818235129704933E-014
           9          17   2.2931639347191603E-017
           9          18  -8.1185141543492918E-015
           9          19  -1.6047538137180242E-014
          10           1 -0.16263430521226044     
          10           2  0.65063510302222682     
          10           3  -4.3906307962353842E-014
          10           4  -2.4888025358881981E-013
          10           5   1.4316431694233421E-013
          10           6  -3.8531206140485668     
          10           7   6.2757031063052745E-015
          10           8   2.2472817045844852E-014
          10           9  -1.0819096221746303E-014
          10          10  0.65451075079246979     
          10          11  -8.4880382964973898E-015
          10          12  -1.3994691586058486E-014
          10          13   7.8007115654884542E-015
          10          14   1.0386591057265862     
          10          15  -2.1550585634459354E-003
          10          16   1.0261019946852967     
          10          17   3.3206337440728796E-003
          10          18  -4.6604115921500418E-004
          10          19   1.0264487297059524     
          11           1   4.0611603816690007E-015
          11           2  -2.0758992531256164E-014
          11           3  0.16343156937942388     
          11           4  -6.9213717580696001E-003
          11           5   1.0664490553721364E-002
          11           6   5.6930647006927531E-014
          11           7 -0.32924389515452140     
          11           8   4.4361576370368201E-002
          11           9  -6.8352579304244723E-002
          11          10  -8.4880382964973898E-015
          11          11   8.0512746001529370E-002
          11          12  -1.0390458140240609E-002
          11          13   1.6009679370108124E-002
          11          14  -1.5180555359932037E-014
          11          15   7.9681830685070418E-016
          11          16  -1.5242411647325291E-014
          11          17  -2.3310847588946378E-016
          11          18  -2.1664037621290926E-015
          11          19  -1.2380248830880199E-014
          12           1   1.2005049123571149E-014
          12           2  -4.9179365903765109E-014
          12           3  -6.9213717578878097E-003
          12           4  0.11514539840278790     
          12           5  -1.4984745347892843E-003
          12           6   7.2968692408154259E-014
          12           7   4.4361576370363573E-002
          12           8  -1.9760351258853937E-002
          12           9   9.6042655768656289E-003
          12          10  -1.3994691586058486E-014
          12          11  -1.0390458140240609E-002
          12          12   8.0248844088775684E-003
          12          13  -2.2495305083538230E-003
          12          14  -2.8613888636968405E-014
          12          15   2.9051737714413163E-015
          12          16  -3.0852831896459845E-014
          12          17  -7.9936503396333428E-018
          12          18  -9.2423774170716708E-015
          12          19  -2.2775847503536806E-014
          13           1  -3.4531104024024638E-015
          13           2   1.3299172142343428E-014
          13           3   1.0664490553690481E-002
          13           4  -1.4984745345601777E-003
          13           5  0.11648173036358331     
          13           6  -4.6335625818744338E-014
          13           7  -6.8352579304244668E-002
          13           8   9.6042655768498846E-003
          13           9  -2.8325386396375215E-002
          13          10   7.8007115654884542E-015
          13          11   1.6009679370108124E-002
          13          12  -2.2495305083538230E-003
          13          13   1.0031004261862032E-002
          13          14   1.4857061078101390E-014
          13          15  -1.3648975172713869E-015
          13          16   1.5528546049476461E-014
          13          17   1.0089333054726936E-016
          13          18   4.1417194656937991E-015
          13          19   1.1933165259991730E-014
          14           1 -0.29776212236999633     
          14           2   1.1805569097071567     
          14           3  -7.0205936285432176E-014
          14           4  -4.9274380860977650E-013
          14           5   2.8458846917618893E-013
          14           6  -6.1440727338544541     
          14           7   1.1655638941607588E-014
          14           8   4.5644722643571820E-014
          14           9  -2.0916649951916935E-014
          14          10   1.0386591057265862     
          14          11  -1.5180555359932037E-014
          14          12  -2.8613888636968405E-014
          14          13   1.4857061078101390E-014
          14          14   1.6617489086878796     
          14          15  -3.6461985150643542E-003
          14          16   1.6405041882710927     
          14          17   5.6182651360926076E-003
          14          18  -7.8850561561627107E-004
          14          19   1.6410908091499690     
          15           1   5.5101273975755993E-004
          15           2  -2.2902977706736674E-003
          15           3   1.6274319187777507E-014
          15           4   7.0997156596414508E-014
          15           5  -3.1730785300505232E-014
          15           6   1.7264186232778339E-002
          15           7  -1.5357827818004478E-015
          15           8  -5.6737490729844033E-015
          15           9   2.5462968335832624E-015
          15          10  -2.1550585634459354E-003
          15          11   7.9681830685070418E-016
          15          12   2.9051737714413163E-015
          15          13  -1.3648975172713869E-015
          15          14  -3.6461985150643542E-003
          15          15   5.7740567844332569E-005
          15          16  -3.3096776471361494E-003
          15          17  -8.8969848024433927E-005
          15          18   1.2486762476386845E-005
          15          19  -3.3189700365229536E-003
          16           1 -0.29455846176455530     
          16           2   1.1672392251212951     
          16           3  -8.8172241019553475E-014
          16           4  -5.3591698291675124E-013
          16           5   3.0462847021046766E-013
          16           6  -6.0434716310219603     
          16           7   1.2287390909651047E-014
          16           8   4.9900297163396662E-014
          16           9  -2.2818235129704933E-014
          16          10   1.0261019946852967     
          16          11  -1.5242411647325291E-014
          16          12  -3.0852831896459845E-014
          16          13   1.5528546049476461E-014
          16          14   1.6405041882710927     
          16          15  -3.3096776471361494E-003
          16          16   1.6212207637809464     
          16          17   5.0997352431244852E-003
          16          18  -7.1573085145445396E-004
          16          19   1.6217532271684520     
          17           1  -8.4903286840251927E-004
          17           2   3.5290252063846271E-003
          17           3   2.1104469074807510E-015
          17           4  -3.1885166637494549E-015
          17           5   1.8438566915247910E-015
          17           6  -2.6601613918198031E-002
          17           7   6.2674865638885788E-016
          17           8   3.7941169683217587E-018
          17           9   2.2931639347191603E-017
          17          10   3.3206337440728796E-003
          17          11  -2.3310847588946378E-016
          17          12  -7.9936503396333428E-018
          17          13   1.0089333054726936E-016
          17          14   5.6182651360926076E-003
          17          15  -8.8969848024433927E-005
          17          16   5.0997352431244852E-003
          17          17   1.3708964343465754E-004
          17          18  -1.9240291554110131E-005
          17          19   5.1140534686291159E-003
          18           1   1.1914968182065399E-004
          18           2  -4.9525067051886594E-004
          18           3  -5.2604262122026092E-014
          18           4  -2.1871020787533670E-013
          18           5   9.8318895407657436E-014
          18           6   3.7334663587029124E-003
          18           7   4.1891160395380127E-015
          18           8   1.8046677085018166E-014
          18           9  -8.1185141543492918E-015
          18          10  -4.6604115921500418E-004
          18          11  -2.1664037621290926E-015
          18          12  -9.2423774170716708E-015
          18          13   4.1417194656937991E-015
          18          14  -7.8850561561627107E-004
          18          15   1.2486762476386845E-005
          18          16  -7.1573085145445396E-004
          18          17  -1.9240291554110131E-005
          18          18   2.7003412512973654E-006
          18          19  -7.1774038938004505E-004
          19           1 -0.29464690901194851     
          19           2   1.1676069054769800     
          19           3  -3.3738353795486494E-014
          19           4  -3.4332835593938234E-013
          19           5   2.1730658562157750E-013
          19           6  -6.0462495056325887     
          19           7   5.3811122911244297E-015
          19           8   3.4308645506195810E-014
          19           9  -1.6047538137180242E-014
          19          10   1.0264487297059524     
          19          11  -1.2380248830880199E-014
          19          12  -2.2775847503536806E-014
          19          13   1.1933165259991730E-014
          19          14   1.6410908091499690     
          19          15  -3.3189700365229536E-003
          19          16   1.6217532271684520     
          19          17   5.1140534686291159E-003
          19          18  -7.1774038938004505E-004
          19          19   1.6222871860130375     
