           1           1   2.1687342517196599     
           1           2 -0.63877470132926983     
           1           3  -3.1883427292322275E-010
           1           4  -8.6181630542865592E-012
           1           5  -3.4741697704931887E-010
           1           6   8.5990425677206078E-002
           1           7   3.1882536044329062E-011
           1           8  -2.5432448419224897E-011
           1           9   1.7811963222329547E-011
           1          10   6.5324992493914713E-002
           1          11  -9.7955128150934359E-012
           1          12   1.3545006762974951E-011
           1          13  -8.0462117939180476E-012
           1          14   1.2212815994787239E-002
           1          15   7.6667793888323911E-014
           1          16   1.2212815994623202E-002
           1          17  -1.7491219900598091E-009
           1          18  -4.4991240820299538E-009
           1          19   1.2212815995061696E-002
           2           1 -0.63877470132926983     
           2           2   2.4300498479182115     
           2           3   1.1057051510633810E-009
           2           4   3.6605332061421311E-011
           2           5   1.2277681346901752E-009
           2           6 -0.53467862901905727     
           2           7  -1.0979041632902716E-010
           2           8   8.7945434222231382E-011
           2           9  -6.5489795893436322E-011
           2          10 -0.28284164632325826     
           2          11   7.0572813095111886E-011
           2          12  -7.2492584350689960E-011
           2          13   4.0427684012955623E-011
           2          14  -3.2619823635301670E-003
           2          15  -1.7042078620218830E-013
           2          16  -3.2619823621640918E-003
           2          17  -6.0345522349010449E-009
           2          18   2.5348614191572305E-009
           2          19  -3.2619823635535441E-003
           3           1  -3.1883427292322275E-010
           3           2   1.1057051510633810E-009
           3           3   2.1504218857661614     
           3           4  -1.8878030215441211E-011
           3           5   4.8934724328209001E-011
           3           6  -1.5945258189171851E-009
           3           7 -0.40740607332613310     
           3           8   1.2837334840976045E-010
           3           9  -1.7652762585029791E-010
           3          10   8.5235323493919715E-010
           3          11 -0.24045818573503083     
           3          12  -3.2894852727144430E-010
           3          13  -4.3605688504477769E-011
           3          14   5.2792915660712954E-010
           3          15   9.0134162292400102E-011
           3          16   3.5650485176717047E-011
           3          17  -8.9869991227015345E-009
           3          18   1.5303173349932432E-008
           3          19   4.5482062583243402E-010
           4           1  -8.6181630542865592E-012
           4           2   3.6605332061421311E-011
           4           3  -1.8878030215441211E-011
           4           4   2.1504218857858919     
           4           5  -3.1180246752582352E-011
           4           6   1.6414581344549816E-010
           4           7  -9.9533159492182222E-012
           4           8 -0.40740607342425872     
           4           9   2.2517694306389835E-011
           4          10  -1.0837574441439437E-010
           4          11   2.8072408980728270E-011
           4          12 -0.24045818539766947     
           4          13   4.0749192214972751E-012
           4          14  -4.9244779418678122E-012
           4          15  -1.4802722998638511E-011
           4          16   8.9833606227551534E-011
           4          17  -2.9262848545329678E-009
           4          18   5.4502898073075159E-009
           4          19  -7.0312689532971399E-011
           5           1  -3.4741697704931887E-010
           5           2   1.2277681346901752E-009
           5           3   4.8934724328209001E-011
           5           4  -3.1180246752582352E-011
           5           5   2.1504218859222610     
           5           6  -1.8790610969611744E-009
           5           7   9.4116964222124011E-011
           5           8   2.0276505301175529E-010
           5           9 -0.40740607363963988     
           5          10   6.7328324638128270E-010
           5          11  -3.2264219768096680E-010
           5          12  -4.6338063768025517E-010
           5          13 -0.24045818535717925     
           5          14   7.9742526718808081E-010
           5          15  -3.7764130264680542E-011
           5          16   2.9244298489665121E-010
           5          17  -1.1938766616541958E-008
           5          18   4.6175171648633184E-009
           5          19   6.1968927849768693E-010
           6           1   8.5990425677206078E-002
           6           2 -0.53467862901905727     
           6           3  -1.5945258189171851E-009
           6           4   1.6414581344549816E-010
           6           5  -1.8790610969611744E-009
           6           6   1.1567203884657657     
           6           7   5.0705495786527141E-010
           6           8  -3.0015777249866517E-010
           6           9   2.0898732656592951E-010
           6          10  0.52731878446559910     
           6          11   6.7755281547907691E-011
           6          12   2.7230377387922818E-011
           6          13   3.1881100310748646E-011
           6          14  -1.9658212439256310E-003
           6          15  -1.1847989762741065E-012
           6          16  -1.9658212497976725E-003
           6          17   1.1111032868410806E-009
           6          18  -3.0494776519107018E-010
           6          19  -1.9658212555767182E-003
           7           1   3.1882536044329062E-011
           7           2  -1.0979041632902716E-010
           7           3 -0.40740607332613310     
           7           4  -9.9533159492182222E-012
           7           5   9.4116964222124011E-011
           7           6   5.0705495786527141E-010
           7           7   1.1342390813417311     
           7           8   1.8510467464372127E-011
           7           9   1.0115727699933075E-010
           7          10  -2.1137533744164159E-010
           7          11  0.58404895580772354     
           7          12   3.2422901169448792E-012
           7          13  -4.8222037474232593E-011
           7          14   1.4400391999528937E-011
           7          15  -1.5427123569936756E-010
           7          16  -6.1536187891554604E-011
           7          17   2.3108637086742390E-009
           7          18  -3.0813104306304295E-009
           7          19  -8.4265982811164435E-011
           8           1  -2.5432448419224897E-011
           8           2   8.7945434222231382E-011
           8           3   1.2837334840976045E-010
           8           4 -0.40740607342425872     
           8           5   2.0276505301175529E-010
           8           6  -3.0015777249866517E-010
           8           7   1.8510467464372127E-011
           8           8   1.1342390812829510     
           8           9  -9.9487071358872470E-011
           8          10   1.2192875086681337E-010
           8          11  -1.9145650342888842E-011
           8          12  0.58404895583066674     
           8          13  -5.0408663354595262E-011
           8          14   7.6109048791814081E-011
           8          15   1.8525587171175074E-011
           8          16  -2.1121159853783433E-010
           8          17   7.5477969794014084E-010
           8          18  -2.0417668534273554E-009
           8          19   1.6878705845764614E-010
           9           1   1.7811963222329547E-011
           9           2  -6.5489795893436322E-011
           9           3  -1.7652762585029791E-010
           9           4   2.2517694306389835E-011
           9           5 -0.40740607363963988     
           9           6   2.0898732656592951E-010
           9           7   1.0115727699933075E-010
           9           8  -9.9487071358872470E-011
           9           9   1.1342390813733076     
           9          10  -4.5101648909677822E-011
           9          11  -1.7025006404658427E-011
           9          12   9.8263980286006358E-011
           9          13  0.58404895580453009     
           9          14   1.6659532399304159E-011
           9          15  -1.1615399064424918E-011
           9          16  -9.9748428049440729E-011
           9          17   1.8599712665409679E-009
           9          18   4.9906854738374970E-010
           9          19   4.3278446786549125E-011
          10           1   6.5324992493914713E-002
          10           2 -0.28284164632325826     
          10           3   8.5235323493919715E-010
          10           4  -1.0837574441439437E-010
          10           5   6.7328324638128270E-010
          10           6  0.52731878446559910     
          10           7  -2.1137533744164159E-010
          10           8   1.2192875086681337E-010
          10           9  -4.5101648909677822E-011
          10          10  0.24120977091884194     
          10          11  -2.1953157606369456E-010
          10          12   1.4764775657517492E-010
          10          13  -8.1214344127397883E-011
          10          14  -7.3505551131214527E-004
          10          15  -5.2750831996230920E-013
          10          16  -7.3505551396567696E-004
          10          17   5.7961369780901752E-010
          10          18  -2.1132445525921286E-010
          10          19  -7.3505551652936906E-004
          11           1  -9.7955128150934359E-012
          11           2   7.0572813095111886E-011
          11           3 -0.24045818573503083     
          11           4   2.8072408980728270E-011
          11           5  -3.2264219768096680E-010
          11           6   6.7755281547907691E-011
          11           7  0.58404895580772354     
          11           8  -1.9145650342888842E-011
          11           9  -1.7025006404658427E-011
          11          10  -2.1953157606369456E-010
          11          11  0.30121136723987185     
          11          12  -7.3725834465188100E-012
          11          13  -5.4538713822882556E-011
          11          14  -4.7919645523913035E-013
          11          15  -7.9969719539601277E-011
          11          16  -3.1628752862453134E-011
          11          17   1.3147727157997226E-009
          11          18  -1.8039345216372219E-009
          11          19  -4.9623691594598599E-011
          12           1   1.3545006762974951E-011
          12           2  -7.2492584350689960E-011
          12           3  -3.2894852727144430E-010
          12           4 -0.24045818539766947     
          12           5  -4.6338063768025517E-010
          12           6   2.7230377387922818E-011
          12           7   3.2422901169448792E-012
          12           8  0.58404895583066674     
          12           9   9.8263980286006358E-011
          12          10   1.4764775657517492E-010
          12          11  -7.3725834465188100E-012
          12          12  0.30121136726663977     
          12          13   5.8991258058971319E-011
          12          14   3.8620782268187113E-011
          12          15   9.6640611896593124E-012
          12          16  -1.0919875548602409E-010
          12          17   4.2929531303892100E-010
          12          18  -1.1235549279392976E-009
          12          19   8.6834405917654709E-011
          13           1  -8.0462117939180476E-012
          13           2   4.0427684012955623E-011
          13           3  -4.3605688504477769E-011
          13           4   4.0749192214972751E-012
          13           5 -0.24045818535717925     
          13           6   3.1881100310748646E-011
          13           7  -4.8222037474232593E-011
          13           8  -5.0408663354595262E-011
          13           9  0.58404895580453009     
          13          10  -8.1214344127397883E-011
          13          11  -5.4538713822882556E-011
          13          12   5.8991258058971319E-011
          13          13  0.30121136721193092     
          13          14  -3.6421954878181747E-012
          13          15  -5.3392039386702352E-012
          13          16  -5.5214449120231153E-011
          13          17   1.1302549365473196E-009
          13          18   1.8356439541459447E-010
          13          19   1.2638492927487173E-011
          14           1   1.2212815994787239E-002
          14           2  -3.2619823635301670E-003
          14           3   5.2792915660712954E-010
          14           4  -4.9244779418678122E-012
          14           5   7.9742526718808081E-010
          14           6  -1.9658212439256310E-003
          14           7   1.4400391999528937E-011
          14           8   7.6109048791814081E-011
          14           9   1.6659532399304159E-011
          14          10  -7.3505551131214527E-004
          14          11  -4.7919645523913035E-013
          14          12   3.8620782268187113E-011
          14          13  -3.6421954878181747E-012
          14          14   7.4255576290023826E-005
          14          15   3.2040266978254177E-015
          14          16   7.4255576302031270E-005
          14          17  -1.0125219512076699E-011
          14          18  -2.5494368030263193E-011
          14          19   7.4255576318229440E-005
          15           1   7.6667793888323911E-014
          15           2  -1.7042078620218830E-013
          15           3   9.0134162292400102E-011
          15           4  -1.4802722998638511E-011
          15           5  -3.7764130264680542E-011
          15           6  -1.1847989762741065E-012
          15           7  -1.5427123569936756E-010
          15           8   1.8525587171175074E-011
          15           9  -1.1615399064424918E-011
          15          10  -5.2750831996230920E-013
          15          11  -7.9969719539601277E-011
          15          12   9.6640611896593124E-012
          15          13  -5.3392039386702352E-012
          15          14   3.2040266978254177E-015
          15          15   4.9000230102734402E-020
          15          16   3.2041165237105377E-015
          15          17  -2.2638876135716700E-019
          15          18   5.3562248098811944E-019
          15          19   3.2041124158823929E-015
          16           1   1.2212815994623202E-002
          16           2  -3.2619823621640918E-003
          16           3   3.5650485176717047E-011
          16           4   8.9833606227551534E-011
          16           5   2.9244298489665121E-010
          16           6  -1.9658212497976725E-003
          16           7  -6.1536187891554604E-011
          16           8  -2.1121159853783433E-010
          16           9  -9.9748428049440729E-011
          16          10  -7.3505551396567696E-004
          16          11  -3.1628752862453134E-011
          16          12  -1.0919875548602409E-010
          16          13  -5.5214449120231153E-011
          16          14   7.4255576302031270E-005
          16          15   3.2041165237105377E-015
          16          16   7.4255576314039351E-005
          16          17  -1.0125214884540161E-011
          16          18  -2.5494372264700068E-011
          16          19   7.4255576330237155E-005
          17           1  -1.7491219900598091E-009
          17           2  -6.0345522349010449E-009
          17           3  -8.9869991227015345E-009
          17           4  -2.9262848545329678E-009
          17           5  -1.1938766616541958E-008
          17           6   1.1111032868410806E-009
          17           7   2.3108637086742390E-009
          17           8   7.5477969794014084E-010
          17           9   1.8599712665409679E-009
          17          10   5.7961369780901752E-010
          17          11   1.3147727157997226E-009
          17          12   4.2929531303892100E-010
          17          13   1.1302549365473196E-009
          17          14  -1.0125219512076699E-011
          17          15  -2.2638876135716700E-019
          17          16  -1.0125214884540161E-011
          17          17   1.2900675663151092E-016
          17          18  -9.7788244720488835E-017
          17          19  -1.0125218206606130E-011
          18           1  -4.4991240820299538E-009
          18           2   2.5348614191572305E-009
          18           3   1.5303173349932432E-008
          18           4   5.4502898073075159E-009
          18           5   4.6175171648633184E-009
          18           6  -3.0494776519107018E-010
          18           7  -3.0813104306304295E-009
          18           8  -2.0417668534273554E-009
          18           9   4.9906854738374970E-010
          18          10  -2.1132445525921286E-010
          18          11  -1.8039345216372219E-009
          18          12  -1.1235549279392976E-009
          18          13   1.8356439541459447E-010
          18          14  -2.5494368030263193E-011
          18          15   5.3562248098811944E-019
          18          16  -2.5494372264700068E-011
          18          17  -9.7788244720488835E-017
          18          18   1.4546068721765872E-016
          18          19  -2.5494369079332749E-011
          19           1   1.2212815995061696E-002
          19           2  -3.2619823635535441E-003
          19           3   4.5482062583243402E-010
          19           4  -7.0312689532971399E-011
          19           5   6.1968927849768693E-010
          19           6  -1.9658212555767182E-003
          19           7  -8.4265982811164435E-011
          19           8   1.6878705845764614E-010
          19           9   4.3278446786549125E-011
          19          10  -7.3505551652936906E-004
          19          11  -4.9623691594598599E-011
          19          12   8.6834405917654709E-011
          19          13   1.2638492927487173E-011
          19          14   7.4255576318229440E-005
          19          15   3.2041124158823929E-015
          19          16   7.4255576330237155E-005
          19          17  -1.0125218206606130E-011
          19          18  -2.5494369079332749E-011
          19          19   7.4255576346435271E-005
