           1           1   2.1954830669580394     
           1           2 -0.73856282343084700     
           1           3   1.2301283893963104E-013
           1           4   1.0443022469474945E-015
           1           5   5.3822531941427220E-014
           1           6  0.56296530571749770     
           1           7   2.2097473292688393E-015
           1           8  -1.7518984929480171E-014
           1           9  -2.0751840633398581E-014
           1          10   4.5173485264798918E-003
           1          11  -2.2228987775072487E-014
           1          12  -3.5675974253425269E-015
           1          13   1.9065696885837034E-014
           1          14 -0.14266408431996458     
           1          15   5.2350217073018008E-015
           1          16 -0.14266408431997196     
           1          17   2.5799414641275613E-017
           1          18   3.6969864291929882E-015
           1          19 -0.14266408431998456     
           2           1 -0.73856282343084700     
           2           2   2.7951491520129519     
           2           3  -4.3461576534391243E-013
           2           4   2.1697587821737104E-015
           2           5  -1.8878240721181047E-013
           2           6  -2.2877800569309148     
           2           7  -6.5491760163088752E-015
           2           8   6.9461022760729943E-014
           2           9   6.9722785429228662E-014
           2          10  -1.8030094639652924E-002
           2          11   6.6616668090040462E-014
           2          12   1.2499831986316388E-014
           2          13  -6.7465453596948232E-014
           2          14  0.56385471360569395     
           2          15  -1.5995397460717633E-014
           2          16  0.56385471360572126     
           2          17  -9.1964628803485777E-015
           2          18  -1.5307236929678514E-014
           2          19  0.56385471360576644     
           3           1   1.2301283893963104E-013
           3           2  -4.3461576534391243E-013
           3           3   2.2720379668235360     
           3           4  -1.8006429680639258E-015
           3           5  -1.3376886404126154E-015
           3           6   2.3161356942489302E-014
           3           7 -0.79726266392380318     
           3           8  -8.1878948066105295E-016
           3           9   3.7886360715333467E-015
           3          10  -6.3740187541244674E-015
           3          11   6.8599957044835430E-002
           3          12   1.7373255611907723E-015
           3          13  -2.6027899453773262E-015
           3          14  -1.2477745611402908E-014
           3          15  -9.8810890535962196E-016
           3          16  -1.4149355348540058E-014
           3          17  -7.8780289270960288E-016
           3          18   2.0823540271986422E-015
           3          19  -1.7558573883442921E-014
           4           1   1.0443022469474945E-015
           4           2   2.1697587821737104E-015
           4           3  -1.8006429680639258E-015
           4           4   2.2720379668235298     
           4           5   1.0831992854759553E-015
           4           6  -2.1810282497395333E-014
           4           7   4.2466030691912238E-015
           4           8 -0.79726266392378853     
           4           9  -5.4106025215716613E-015
           4          10   1.0950828332238157E-015
           4          11  -7.6943659776951279E-015
           4          12   6.8599957044827409E-002
           4          13   1.8664269348794837E-015
           4          14   5.8426658019160705E-015
           4          15   7.0894534261676382E-015
           4          16   8.3240633653454067E-015
           4          17  -8.8189268952900283E-016
           4          18  -4.5915835822402203E-015
           4          19   7.9313385921108319E-015
           5           1   5.3822531941427220E-014
           5           2  -1.8878240721181047E-013
           5           3  -1.3376886404126154E-015
           5           4   1.0831992854759553E-015
           5           5   2.2720379668235324     
           5           6   3.8435061059451376E-014
           5           7   3.8710354366422450E-015
           5           8   4.0354004859910475E-016
           5           9 -0.79726266392380252     
           5          10   6.6295906236213626E-015
           5          11  -3.7386543513817649E-015
           5          12  -6.2470373925899159E-016
           5          13   6.8599957044834861E-002
           5          14  -1.9265700415949370E-014
           5          15   2.0249752314669157E-015
           5          16  -1.9642942307881632E-014
           5          17   3.5032113419149016E-015
           5          18   1.1399737191055999E-015
           5          19  -1.9534651258244676E-014
           6           1  0.56296530571749770     
           6           2  -2.2877800569309148     
           6           3   2.3161356942489302E-014
           6           4  -2.1810282497395333E-014
           6           5   3.8435061059451376E-014
           6           6   6.6331120747678618     
           6           7  -2.4996790331157464E-015
           6           8  -3.5586158757819923E-014
           6           9   5.3409045685448976E-015
           6          10   2.5866435461213144E-002
           6          11  -5.2141932946118108E-015
           6          12   4.0985936033556229E-015
           6          13   9.8974800055009890E-015
           6          14  -1.3294840060214839     
           6          15   4.6474764694894896E-015
           6          16  -1.3294840060214885     
           6          17   1.7232374223785265E-015
           6          18  -7.5142462709565838E-015
           6          19  -1.3294840060215019     
           7           1   2.2097473292688393E-015
           7           2  -6.5491760163088752E-015
           7           3 -0.79726266392380318     
           7           4   4.2466030691912238E-015
           7           5   3.8710354366422450E-015
           7           6  -2.4996790331157464E-015
           7           7   2.2482913077736191     
           7           8   1.0685896612017132E-015
           7           9  -6.3230670699354619E-015
           7          10   2.0635448482185899E-014
           7          11  -3.1882997838744709E-002
           7          12  -5.4574400554230351E-015
           7          13   9.2679770108405890E-015
           7          14  -1.0166851463769882E-014
           7          15   2.8916781742423330E-015
           7          16  -6.7281671957662738E-015
           7          17   4.2433553386376511E-016
           7          18  -5.9329558632367531E-015
           7          19   4.5634496203930757E-015
           8           1  -1.7518984929480171E-014
           8           2   6.9461022760729943E-014
           8           3  -8.1878948066105295E-016
           8           4 -0.79726266392378853     
           8           5   4.0354004859910475E-016
           8           6  -3.5586158757819923E-014
           8           7   1.0685896612017132E-015
           8           8   2.2482913077736066     
           8           9   3.4542681215388171E-015
           8          10  -4.8128870609344197E-015
           8          11   4.8294701571194310E-015
           8          12  -3.1882997838729527E-002
           8          13  -8.8456260545488608E-015
           8          14   1.1657385447982263E-014
           8          15  -1.6568044021528182E-014
           8          16   1.4492968975752081E-014
           8          17   8.1266956873850469E-015
           8          18   1.3062515827310454E-014
           8          19   1.5073930010831295E-014
           9           1  -2.0751840633398581E-014
           9           2   6.9722785429228662E-014
           9           3   3.7886360715333467E-015
           9           4  -5.4106025215716613E-015
           9           5 -0.79726266392380252     
           9           6   5.3409045685448976E-015
           9           7  -6.3230670699354619E-015
           9           8   3.4542681215388171E-015
           9           9   2.2482913077736262     
           9          10  -9.6046149554729880E-015
           9          11   3.7077545894659281E-015
           9          12   2.7521387946372045E-015
           9          13  -3.1882997838745208E-002
           9          14  -2.4482951285348006E-016
           9          15  -3.0061836063048852E-015
           9          16   4.2763717065903493E-015
           9          17  -8.3858483864947225E-015
           9          18  -2.3534544587755782E-015
           9          19   1.2329647419119707E-014
          10           1   4.5173485264798918E-003
          10           2  -1.8030094639652924E-002
          10           3  -6.3740187541244674E-015
          10           4   1.0950828332238157E-015
          10           5   6.6295906236213626E-015
          10           6   2.5866435461213144E-002
          10           7   2.0635448482185899E-014
          10           8  -4.8128870609344197E-015
          10           9  -9.6046149554729880E-015
          10          10   3.0732160140499291E-002
          10          11   2.5367056241528902E-015
          10          12   2.8962603513463700E-015
          10          13  -1.8313304726811257E-015
          10          14   1.7186045123624392E-002
          10          15   1.9740403069801532E-018
          10          16   1.7186045123623955E-002
          10          17  -1.2510305850071462E-016
          10          18  -5.8235899926875892E-016
          10          19   1.7186045123623858E-002
          11           1  -2.2228987775072487E-014
          11           2   6.6616668090040462E-014
          11           3   6.8599957044835430E-002
          11           4  -7.6943659776951279E-015
          11           5  -3.7386543513817649E-015
          11           6  -5.2141932946118108E-015
          11           7  -3.1882997838744709E-002
          11           8   4.8294701571194310E-015
          11           9   3.7077545894659281E-015
          11          10   2.5367056241528902E-015
          11          11   4.7902884311926991E-002
          11          12   3.7470027081099033E-016
          11          13  -1.8446886813211494E-015
          11          14   3.3690870716762492E-015
          11          15  -1.6808917364984260E-015
          11          16   8.5843370432594690E-015
          11          17   2.0169450194787679E-015
          11          18   7.7757731869405132E-016
          11          19   7.0503048024346797E-015
          12           1  -3.5675974253425269E-015
          12           2   1.2499831986316388E-014
          12           3   1.7373255611907723E-015
          12           4   6.8599957044827409E-002
          12           5  -6.2470373925899159E-016
          12           6   4.0985936033556229E-015
          12           7  -5.4574400554230351E-015
          12           8  -3.1882997838729527E-002
          12           9   2.7521387946372045E-015
          12          10   2.8962603513463700E-015
          12          11   3.7470027081099033E-016
          12          12   4.7902884311921232E-002
          12          13   4.3327429317951971E-016
          12          14   1.5520006312926183E-015
          12          15  -9.1812074178897115E-016
          12          16  -2.2562233242025275E-015
          12          17  -4.9633553164639976E-016
          12          18   5.4034720515131339E-016
          12          19   8.4467124826263024E-016
          13           1   1.9065696885837034E-014
          13           2  -6.7465453596948232E-014
          13           3  -2.6027899453773262E-015
          13           4   1.8664269348794837E-015
          13           5   6.8599957044834861E-002
          13           6   9.8974800055009890E-015
          13           7   9.2679770108405890E-015
          13           8  -8.8456260545488608E-015
          13           9  -3.1882997838745208E-002
          13          10  -1.8313304726811257E-015
          13          11  -1.8446886813211494E-015
          13          12   4.3327429317951971E-016
          13          13   4.7902884311927171E-002
          13          14  -6.7439726700109266E-015
          13          15   5.3294063935181688E-016
          13          16  -7.8978379227268343E-015
          13          17  -2.0817617466453238E-015
          13          18  -1.1399698545209507E-015
          13          19  -5.0298096393547998E-015
          14           1 -0.14266408431996458     
          14           2  0.56385471360569395     
          14           3  -1.2477745611402908E-014
          14           4   5.8426658019160705E-015
          14           5  -1.9265700415949370E-014
          14           6  -1.3294840060214839     
          14           7  -1.0166851463769882E-014
          14           8   1.1657385447982263E-014
          14           9  -2.4482951285348006E-016
          14          10   1.7186045123624392E-002
          14          11   3.3690870716762492E-015
          14          12   1.5520006312926183E-015
          14          13  -6.7439726700109266E-015
          14          14  0.28996224416306493     
          14          15  -1.6447982698650710E-015
          14          16  0.28996224416306604     
          14          17  -7.0424026146707316E-016
          14          18   9.6688821456039320E-016
          14          19  0.28996224416307048     
          15           1   5.2350217073018008E-015
          15           2  -1.5995397460717633E-014
          15           3  -9.8810890535962196E-016
          15           4   7.0894534261676382E-015
          15           5   2.0249752314669157E-015
          15           6   4.6474764694894896E-015
          15           7   2.8916781742423330E-015
          15           8  -1.6568044021528182E-014
          15           9  -3.0061836063048852E-015
          15          10   1.9740403069801532E-018
          15          11  -1.6808917364984260E-015
          15          12  -9.1812074178897115E-016
          15          13   5.3294063935181688E-016
          15          14  -1.6447982698650710E-015
          15          15   3.4626536865085416E-028
          15          16  -1.6447982698654820E-015
          15          17  -4.4390405486626395E-029
          15          18   7.1664193747246783E-029
          15          19  -1.6447982698658396E-015
          16           1 -0.14266408431997196     
          16           2  0.56385471360572126     
          16           3  -1.4149355348540058E-014
          16           4   8.3240633653454067E-015
          16           5  -1.9642942307881632E-014
          16           6  -1.3294840060214885     
          16           7  -6.7281671957662738E-015
          16           8   1.4492968975752081E-014
          16           9   4.2763717065903493E-015
          16          10   1.7186045123623955E-002
          16          11   8.5843370432594690E-015
          16          12  -2.2562233242025275E-015
          16          13  -7.8978379227268343E-015
          16          14  0.28996224416306604     
          16          15  -1.6447982698654820E-015
          16          16  0.28996224416306721     
          16          17  -7.0424026146705472E-016
          16          18   9.6688821455937597E-016
          16          19  0.28996224416307165     
          17           1   2.5799414641275613E-017
          17           2  -9.1964628803485777E-015
          17           3  -7.8780289270960288E-016
          17           4  -8.8189268952900283E-016
          17           5   3.5032113419149016E-015
          17           6   1.7232374223785265E-015
          17           7   4.2433553386376511E-016
          17           8   8.1266956873850469E-015
          17           9  -8.3858483864947225E-015
          17          10  -1.2510305850071462E-016
          17          11   2.0169450194787679E-015
          17          12  -4.9633553164639976E-016
          17          13  -2.0817617466453238E-015
          17          14  -7.0424026146707316E-016
          17          15  -4.4390405486626395E-029
          17          16  -7.0424026146705472E-016
          17          17   3.6842635244779126E-028
          17          18   4.3000774823457162E-028
          17          19  -7.0424026146761195E-016
          18           1   3.6969864291929882E-015
          18           2  -1.5307236929678514E-014
          18           3   2.0823540271986422E-015
          18           4  -4.5915835822402203E-015
          18           5   1.1399737191055999E-015
          18           6  -7.5142462709565838E-015
          18           7  -5.9329558632367531E-015
          18           8   1.3062515827310454E-014
          18           9  -2.3534544587755782E-015
          18          10  -5.8235899926875892E-016
          18          11   7.7757731869405132E-016
          18          12   5.4034720515131339E-016
          18          13  -1.1399698545209507E-015
          18          14   9.6688821456039320E-016
          18          15   7.1664193747246783E-029
          18          16   9.6688821455937597E-016
          18          17   4.3000774823457162E-028
          18          18   1.1973299366611579E-027
          18          19   9.6688821455847529E-016
          19           1 -0.14266408431998456     
          19           2  0.56385471360576644     
          19           3  -1.7558573883442921E-014
          19           4   7.9313385921108319E-015
          19           5  -1.9534651258244676E-014
          19           6  -1.3294840060215019     
          19           7   4.5634496203930757E-015
          19           8   1.5073930010831295E-014
          19           9   1.2329647419119707E-014
          19          10   1.7186045123623858E-002
          19          11   7.0503048024346797E-015
          19          12   8.4467124826263024E-016
          19          13  -5.0298096393547998E-015
          19          14  0.28996224416307048     
          19          15  -1.6447982698658396E-015
          19          16  0.28996224416307165     
          19          17  -7.0424026146761195E-016
          19          18   9.6688821455847529E-016
          19          19  0.28996224416307603     
