           1           1   2.0943188456473121     
           1           2 -0.13924896227392228     
           1           3   7.5442897912345999E-015
           1           4   1.2104516962431313E-014
           1           5  -2.5840944181969136E-014
           1           6 -0.32062889045548459     
           1           7  -1.0771690932929584E-014
           1           8  -1.2433735239003128E-014
           1           9   1.8040938219744633E-014
           1          10  -1.7793350892193035E-003
           1          11   2.5416149354140060E-006
           1          12  -1.9742257098248287E-003
           1          13   4.4262117602003864E-007
           1          14  -3.9195702174404240E-005
           1          15  -1.7852216448834080E-003
           2           1 -0.13924896227392228     
           2           2  0.28830407149345105     
           2           3   1.6869391884599170E-015
           2           4  -2.4988981224218483E-015
           2           5  -2.3290151829149769E-015
           2           6  0.50696458942994838     
           2           7   4.9169364679144944E-015
           2           8   5.1682170022618282E-015
           2           9   5.8032609030280073E-016
           2          10   3.1211991522756121E-003
           2          11  -4.7320196292853744E-005
           2          12   6.7497052967188491E-003
           2          13  -8.2407966271482694E-006
           2          14   7.2975188853889724E-004
           2          15   3.2307961372038327E-003
           3           1   7.5442897912345999E-015
           3           2   1.6869391884599170E-015
           3           3   4.3536029889551274E-005
           3           4  -3.8552706950396812E-003
           3           5  -6.7139408902584503E-004
           3           6   4.7587122225084104E-015
           3           7   3.7884049248218437E-005
           3           8  -3.3547676630843824E-003
           3           9  -5.8423165364691377E-004
           3          10   5.9607112791982944E-016
           3          11   5.5051350529943554E-017
           3          12  -1.2433929235121872E-015
           3          13   1.0317886713506487E-017
           3          14  -3.9041245189555990E-016
           3          15   5.4505392974253644E-016
           4           1   1.2104516962431313E-014
           4           2  -2.4988981224218483E-015
           4           3  -3.8552706950396812E-003
           4           4  0.34139796783810372     
           4           5   5.9454340756629837E-002
           4           6  -3.8069648788303865E-015
           4           7  -3.3547676544376332E-003
           4           8  0.29707663957801644     
           4           9   5.1735796284908667E-002
           4          10   7.5700132874886762E-016
           4          11  -2.7317799348806844E-015
           4          12  -6.9324560295687626E-016
           4          13  -5.4044570052911023E-016
           4          14   1.5206907806699720E-015
           4          15   3.1091718816667995E-016
           5           1  -2.5840944181969136E-014
           5           2  -2.3290151829149769E-015
           5           3  -6.7139408902584503E-004
           5           4   5.9454340756629837E-002
           5           5   1.0353953355931289E-002
           5           6  -4.4588304384886228E-015
           5           7  -5.8423165360152289E-004
           5           8   5.1735796414235626E-002
           5           9   9.0097714439155430E-003
           5          10  -3.1469601696717380E-016
           5          11  -4.9322838480981098E-016
           5          12   7.7386217541758916E-016
           5          13  -9.7164285002147886E-017
           5          14   5.3454851708384811E-016
           5          15  -3.5187369012972217E-016
           6           1 -0.32062889045548459     
           6           2  0.50696458942994838     
           6           3   4.7587122225084104E-015
           6           4  -3.8069648788303865E-015
           6           5  -4.4588304384886228E-015
           6           6  0.89873832726151337     
           6           7   1.0743796724888754E-014
           6           8   1.1421071940742214E-014
           6           9  -5.3987733409435070E-017
           6          10   6.7312840051753087E-003
           6          11  -3.1084601483562571E-005
           6          12   9.1148461606485997E-003
           6          13  -5.4133721576484455E-006
           6          14   4.7937347139514596E-004
           6          15   6.8032781321416720E-003
           7           1  -1.0771690932929584E-014
           7           2   4.9169364679144944E-015
           7           3   3.7884049248218437E-005
           7           4  -3.3547676544376332E-003
           7           5  -5.8423165360152289E-004
           7           6   1.0743796724888754E-014
           7           7   3.2965826031507084E-005
           7           8  -2.9192414578693994E-003
           7           9  -5.0838491234221964E-004
           7          10   5.4619539575088289E-016
           7          11   4.7197488382669666E-017
           7          12  -1.0002567097265000E-015
           7          13   8.8552759176286237E-018
           7          14  -3.2882598059463151E-016
           7          15   5.0343870114713332E-016
           8           1  -1.2433735239003128E-014
           8           2   5.1682170022618282E-015
           8           3  -3.3547676630843824E-003
           8           4  0.29707663957801644     
           8           5   5.1735796414235626E-002
           8           6   1.1421071940742214E-014
           8           7  -2.9192414578693994E-003
           8           8  0.25850924169770795     
           8           9   4.5019296990959100E-002
           8          10   1.0467558077978639E-015
           8          11  -2.3651449827134317E-015
           8          12  -1.1343717229732840E-015
           8          13  -4.6819586730204655E-016
           8          14   1.1384127832008915E-015
           8          15   6.3082107581380564E-016
           9           1   1.8040938219744633E-014
           9           2   5.8032609030280073E-016
           9           3  -5.8423165364691377E-004
           9           4   5.1735796284908667E-002
           9           5   9.0097714439155430E-003
           9           6  -5.3987733409435070E-017
           9           7  -5.0838491234221964E-004
           9           8   4.5019296990959100E-002
           9           9   7.8400953414662737E-003
           9          10  -2.7089460741027238E-017
           9          11  -4.2054417934484107E-016
           9          12   2.5673078305699367E-016
           9          13  -8.3043414112086728E-017
           9          14   3.3172762236034569E-016
           9          15  -7.9478786156393773E-017
          10           1  -1.7793350892193035E-003
          10           2   3.1211991522756121E-003
          10           3   5.9607112791982944E-016
          10           4   7.5700132874886762E-016
          10           5  -3.1469601696717380E-016
          10           6   6.7312840051753087E-003
          10           7   5.4619539575088289E-016
          10           8   1.0467558077978639E-015
          10           9  -2.7089460741027238E-017
          10          10   3.7613147193611707E-004
          10          11   1.3774594333627617E-005
          10          12  -6.8010275261601077E-004
          10          13   2.3988413425353880E-006
          10          14  -2.1242591918927008E-004
          10          15   3.4422850481756560E-004
          11           1   2.5416149354140060E-006
          11           2  -4.7320196292853744E-005
          11           3   5.5051350529943554E-017
          11           4  -2.7317799348806844E-015
          11           5  -4.9322838480981098E-016
          11           6  -3.1084601483562571E-005
          11           7   4.7197488382669666E-017
          11           8  -2.3651449827134317E-015
          11           9  -4.2054417934484107E-016
          11          10   1.3774594333627617E-005
          11          11   6.0714440854262712E-007
          11          12  -3.2781164904096891E-005
          11          13   1.0573401041497819E-007
          11          14  -9.3631221335391847E-006
          11          15   1.2368403541272912E-005
          12           1  -1.9742257098248287E-003
          12           2   6.7497052967188491E-003
          12           3  -1.2433929235121872E-015
          12           4  -6.9324560295687626E-016
          12           5   7.7386217541758916E-016
          12           6   9.1148461606485997E-003
          12           7  -1.0002567097265000E-015
          12           8  -1.1343717229732840E-015
          12           9   2.5673078305699367E-016
          12          10  -6.8010275261601077E-004
          12          11  -3.2781164904096891E-005
          12          12   1.8335529661546255E-003
          12          13  -5.7088296873843006E-006
          12          14   5.0553714467028120E-004
          12          15  -6.0417918118780309E-004
          13           1   4.4262117602003864E-007
          13           2  -8.2407966271482694E-006
          13           3   1.0317886713506487E-017
          13           4  -5.4044570052911023E-016
          13           5  -9.7164285002147886E-017
          13           6  -5.4133721576484455E-006
          13           7   8.8552759176286237E-018
          13           8  -4.6819586730204655E-016
          13           9  -8.3043414112086728E-017
          13          10   2.3988413425353880E-006
          13          11   1.0573401041497819E-007
          13          12  -5.7088296873843006E-006
          13          13   1.8413545115683627E-008
          13          14  -1.6305848151689562E-006
          13          15   2.1539536522391505E-006
          14           1  -3.9195702174404240E-005
          14           2   7.2975188853889724E-004
          14           3  -3.9041245189555990E-016
          14           4   1.5206907806699720E-015
          14           5   5.3454851708384811E-016
          14           6   4.7937347139514596E-004
          14           7  -3.2882598059463151E-016
          14           8   1.1384127832008915E-015
          14           9   3.3172762236034569E-016
          14          10  -2.1242591918927008E-004
          14          11  -9.3631221335391847E-006
          14          12   5.0553714467028120E-004
          14          13  -1.6305848151689562E-006
          14          14   1.4439407635822156E-004
          14          15  -1.9074024450195889E-004
          15           1  -1.7852216448834080E-003
          15           2   3.2307961372038327E-003
          15           3   5.4505392974253644E-016
          15           4   3.1091718816667995E-016
          15           5  -3.5187369012972217E-016
          15           6   6.8032781321416720E-003
          15           7   5.0343870114713332E-016
          15           8   6.3082107581380564E-016
          15           9  -7.9478786156393773E-017
          15          10   3.4422850481756560E-004
          15          11   1.2368403541272912E-005
          15          12  -6.0417918118780309E-004
          15          13   2.1539536522391505E-006
          15          14  -1.9074024450195889E-004
          15          15   3.1558237827381176E-004
