           1           1   2.0911561252619721     
           1           2  -9.5558229463762287E-002
           1           3   8.5312566819997422E-015
           1           4   1.5223276562186846E-015
           1           5  -2.3418962058833991E-014
           1           6 -0.34729276691365651     
           1           7  -2.3407416313398843E-014
           1           8  -1.2664253156469353E-014
           1           9   2.1991298811285183E-015
           1          10   7.1629311099673503E-005
           1          11   2.5608710683611837E-013
           1          12   7.1629311163412014E-005
           1          13   1.7363765392193489E-013
           1          14  -3.6564208081950241E-013
           1          15   7.1629311206983497E-005
           2           1  -9.5558229463762287E-002
           2           2  0.12720094140574223     
           2           3   8.5470742998835060E-017
           2           4  -4.9982988551882110E-016
           2           5  -1.6272450436833106E-016
           2           6  0.38511286007421769     
           2           7   3.9439649565601407E-015
           2           8   4.4551307438609607E-015
           2           9  -3.6486174304331211E-015
           2          10   7.7359253213792039E-003
           2          11  -3.2330041682152246E-015
           2          12   7.7359253213779428E-003
           2          13  -2.5768091472914472E-015
           2          14   5.3126556835634991E-015
           2          15   7.7359253213774570E-003
           3           1   8.5312566819997422E-015
           3           2   8.5470742998835060E-017
           3           3   3.5987589047864711E-028
           3           4   1.9093149389627363E-029
           3           5  -3.5613255204160222E-028
           3           6   1.1818751378197284E-017
           3           7   1.5020330365206124E-028
           3           8   3.6541540816365860E-029
           3           9  -2.7333783516413157E-028
           3          10   3.0234104560588305E-017
           3          11   1.0910749744646487E-027
           3          12   3.0234104560849073E-017
           3          13   7.4741233633713865E-028
           3          14  -1.5208797507087149E-027
           3          15   3.0234104561038646E-017
           4           1   1.5223276562186846E-015
           4           2  -4.9982988551882110E-016
           4           3   1.9093149389627363E-029
           4           4   3.5000733333012450E-030
           4           5  -2.4665872420490517E-029
           4           6  -1.5462177014262689E-015
           4           7  -1.6175388728648967E-029
           4           8  -1.9630256743749896E-029
           4           9   2.0361672194068383E-030
           4          10  -2.7057032415547849E-017
           4          11   1.5752961871525205E-028
           4          12  -2.7057032415507768E-017
           4          13   1.0847220606658310E-028
           4          14  -2.2548436460718239E-028
           4          15  -2.7057032415480777E-017
           5           1  -2.3418962058833991E-014
           5           2  -1.6272450436833106E-016
           5           3  -3.5613255204160222E-028
           5           4  -2.4665872420490517E-029
           5           5   4.7788706876340187E-028
           5           6   1.8338611469673733E-016
           5           7   4.6947880913174064E-029
           5           8   4.5214171985348887E-029
           5           9   2.2337641146419718E-028
           5          10  -7.8475967952891930E-017
           5          11  -2.9639520053407346E-027
           5          12  -7.8475967953617312E-017
           5          13  -2.0128508143692090E-027
           5          14   4.1972158952796062E-027
           5          15  -7.8475967954125635E-017
           6           1 -0.34729276691365651     
           6           2  0.38511286007421769     
           6           3   1.1818751378197284E-017
           6           4  -1.5462177014262689E-015
           6           5   1.8338611469673733E-016
           6           6   1.1676303325911339     
           6           7   1.2527629312663528E-014
           6           8   1.3755819824312863E-014
           6           9  -1.1030847545568773E-014
           6          10   2.3252324076710455E-002
           6          11  -1.7071405905178322E-014
           6          12   2.3252324076704828E-002
           6          13  -1.2731537145051307E-014
           6          14   2.6468476562661884E-014
           6          15   2.3252324076702122E-002
           7           1  -2.3407416313398843E-014
           7           2   3.9439649565601407E-015
           7           3   1.5020330365206124E-028
           7           4  -1.6175388728648967E-029
           7           5   4.6947880913174064E-029
           7           6   1.2527629312663528E-014
           7           7   5.0012102192848274E-028
           7           8   2.8538637645749507E-028
           7           9  -3.0240152022637395E-028
           7          10   1.8029196183245639E-016
           7          11  -2.6582460705966065E-027
           7          12   1.8029196183177704E-016
           7          13  -1.8049517818145967E-027
           7          14   3.8371667491128705E-027
           7          15   1.8029196183132936E-016
           8           1  -1.2664253156469353E-014
           8           2   4.4551307438609607E-015
           8           3   3.6541540816365860E-029
           8           4  -1.9630256743749896E-029
           8           5   4.5214171985348887E-029
           8           6   1.3755819824312863E-014
           8           7   2.8538637645749507E-028
           8           8   2.1567958525060040E-028
           8           9  -1.8617237421873873E-028
           8          10   2.4379957555164310E-016
           8          11  -1.2806353599009608E-027
           8          12   2.4379957555130803E-016
           8          13  -8.7834793187383138E-028
           8          14   1.8580532256595155E-027
           8          15   2.4379957555109292E-016
           9           1   2.1991298811285183E-015
           9           2  -3.6486174304331211E-015
           9           3  -2.7333783516413157E-028
           9           4   2.0361672194068383E-030
           9           5   2.2337641146419718E-028
           9           6  -1.1030847545568773E-014
           9           7  -3.0240152022637395E-028
           9           8  -1.8617237421873873E-028
           9           9   3.2800924208015417E-028
           9          10  -2.2347032909408994E-016
           9          11   1.3479771544227763E-029
           9          12  -2.2347032909406602E-016
           9          13   1.2645034952478934E-029
           9          14  -6.7701171952616971E-029
           9          15  -2.2347032909406854E-016
          10           1   7.1629311099673503E-005
          10           2   7.7359253213792039E-003
          10           3   3.0234104560588305E-017
          10           4  -2.7057032415547849E-017
          10           5  -7.8475967952891930E-017
          10           6   2.3252324076710455E-002
          10           7   1.8029196183245639E-016
          10           8   2.4379957555164310E-016
          10           9  -2.2347032909408994E-016
          10          10   4.8761222171171226E-004
          10          11   5.4237814827104378E-016
          10          12   4.8761222171181851E-004
          10          13   3.4351665064038858E-016
          10          14  -7.3052306870966379E-016
          10          15   4.8761222171191484E-004
          11           1   2.5608710683611837E-013
          11           2  -3.2330041682152246E-015
          11           3   1.0910749744646487E-027
          11           4   1.5752961871525205E-028
          11           5  -2.9639520053407346E-027
          11           6  -1.7071405905178322E-014
          11           7  -2.6582460705966065E-027
          11           8  -1.2806353599009608E-027
          11           9   1.3479771544227763E-029
          11          10   5.4237814827104378E-016
          11          11   3.1945552232164813E-026
          11          12   5.4237814827896276E-016
          11          13   2.1634196624883458E-026
          11          14  -4.5562278786119522E-026
          11          15   5.4237814828440294E-016
          12           1   7.1629311163412014E-005
          12           2   7.7359253213779428E-003
          12           3   3.0234104560849073E-017
          12           4  -2.7057032415507768E-017
          12           5  -7.8475967953617312E-017
          12           6   2.3252324076704828E-002
          12           7   1.8029196183177704E-016
          12           8   2.4379957555130803E-016
          12           9  -2.2347032909406602E-016
          12          10   4.8761222171181851E-004
          12          11   5.4237814827896276E-016
          12          12   4.8761222171192465E-004
          12          13   3.4351665064575278E-016
          12          14  -7.3052306872096215E-016
          12          15   4.8761222171202104E-004
          13           1   1.7363765392193489E-013
          13           2  -2.5768091472914472E-015
          13           3   7.4741233633713865E-028
          13           4   1.0847220606658310E-028
          13           5  -2.0128508143692090E-027
          13           6  -1.2731537145051307E-014
          13           7  -1.8049517818145967E-027
          13           8  -8.7834793187383138E-028
          13           9   1.2645034952478934E-029
          13          10   3.4351665064038858E-016
          13          11   2.1634196624883458E-026
          13          12   3.4351665064575278E-016
          13          13   1.4652611419058066E-026
          13          14  -3.0857045067791048E-026
          13          15   3.4351665064943666E-016
          14           1  -3.6564208081950241E-013
          14           2   5.3126556835634991E-015
          14           3  -1.5208797507087149E-027
          14           4  -2.2548436460718239E-028
          14           5   4.1972158952796062E-027
          14           6   2.6468476562661884E-014
          14           7   3.8371667491128705E-027
          14           8   1.8580532256595155E-027
          14           9  -6.7701171952616971E-029
          14          10  -7.3052306870966379E-016
          14          11  -4.5562278786119522E-026
          14          12  -7.3052306872096215E-016
          14          13  -3.0857045067791048E-026
          14          14   6.4991099682345480E-026
          14          15  -7.3052306872871981E-016
          15           1   7.1629311206983497E-005
          15           2   7.7359253213774570E-003
          15           3   3.0234104561038646E-017
          15           4  -2.7057032415480777E-017
          15           5  -7.8475967954125635E-017
          15           6   2.3252324076702122E-002
          15           7   1.8029196183132936E-016
          15           8   2.4379957555109292E-016
          15           9  -2.2347032909406854E-016
          15          10   4.8761222171191484E-004
          15          11   5.4237814828440294E-016
          15          12   4.8761222171202104E-004
          15          13   3.4351665064943666E-016
          15          14  -7.3052306872871981E-016
          15          15   4.8761222171211742E-004
