           1           1   2.2547264082542400     
           1           2  0.96440951052654977     
           1           3  -1.4626939816048452E-014
           1           4  -2.8086620011204040E-015
           1           5   6.1591397920017931E-015
           1           6  0.35862183292506522     
           1           7  -4.2931290678611407E-015
           1           8   6.5151873218576023E-015
           1           9   5.7670120782739363E-015
           1          10   4.8815799328115458E-002
           1          11   5.0340283862328016E-015
           1          12   2.8156041964435581E-015
           1          13   1.8485749384144009E-016
           1          14   3.2381879228240589E-003
           1          15   1.5481645722263874E-016
           1          16  -5.2260846023666942E-016
           1          17  -2.0871900617891534E-015
           1          18  0.34330627931208779     
           1          19   1.6800085205960218E-015
           1          20  0.34330627931207186     
           1          21   1.7683970028073971E-015
           1          22  -1.1118068365553521E-015
           1          23  0.34330627931208868     
           1          24   7.7850179901655797E-003
           1          25   2.2684555007952162E-015
           1          26   7.7850179901729852E-003
           1          27   9.6697235138696004E-016
           1          28  -4.1970666775000824E-015
           1          29   7.7850179901811853E-003
           1          30  -8.3581592086943487E-003
           1          31   2.0410106890689125E-015
           1          32  -8.3581592087002068E-003
           1          33   7.5618968797080017E-017
           1          34   2.4600330966809905E-015
           1          35  -8.3581592086976186E-003
           2           1  0.96440951052654977     
           2           2   3.6298707765243039     
           2           3  -5.2591168948939246E-014
           2           4  -1.8361342213947880E-014
           2           5   1.8089591603257190E-014
           2           6  0.86796780567796405     
           2           7  -1.5889179679592801E-014
           2           8   2.4991053657316843E-014
           2           9   2.5720270646038208E-014
           2          10  -2.9618373385170954E-002
           2          11   1.0345955310988792E-014
           2          12   6.6519192388904628E-015
           2          13  -4.2782973623779303E-015
           2          14   1.8122823249035021E-002
           2          15   1.5779659939508294E-015
           2          16   8.2294413739195828E-015
           2          17   4.5741384560338607E-016
           2          18   1.2353396105214582     
           2          19   1.0226276352428345E-015
           2          20   1.2353396105213927     
           2          21   3.8809636421015144E-015
           2          22  -8.4241173796645375E-015
           2          23   1.2353396105214087     
           2          24 -0.11000921915128802     
           2          25   5.9093918982644374E-015
           2          26 -0.11000921915126388     
           2          27  -7.7467710279785763E-016
           2          28  -4.4957459392765472E-015
           2          29 -0.11000921915123096     
           2          30 -0.11345495356909382     
           2          31   3.9897864492669009E-015
           2          32 -0.11345495356908118     
           2          33  -5.7555699683769090E-016
           2          34   7.7486795496789427E-015
           2          35 -0.11345495356909975     
           3           1  -1.4626939816048452E-014
           3           2  -5.2591168948939246E-014
           3           3   2.3576875025549633     
           3           4  -1.2512817142460043E-003
           3           5  -1.6344911777970090E-003
           3           6   6.1729799993322959E-014
           3           7 -0.98608771783891169     
           3           8   4.5877614765695816E-003
           3           9   5.9927797025448662E-003
           3          10  -3.7097922155565085E-015
           3          11  0.32534591891539649     
           3          12  -1.3196055318299565E-002
           3          13  -1.7237394068779208E-002
           3          14  -5.4083782528128059E-015
           3          15  -8.2005670496509989E-002
           3          16   6.2700447746139227E-004
           3          17   8.1902682281951146E-004
           3          18   2.6884427847076527E-014
           3          19   2.7810642000093494E-014
           3          20  -1.9575006819331264E-015
           3          21   2.0403685135257809E-014
           3          22  -5.1459127762208459E-014
           3          23   6.1971740577377144E-014
           3          24   3.1895319771948611E-015
           3          25  -2.9765515502351221E-014
           3          26  -2.4311503133810287E-015
           3          27  -1.0927393798398759E-014
           3          28  -3.6715122330026184E-015
           3          29   7.6196725127574670E-015
           3          30  -9.5872551798398884E-015
           3          31   1.2549430042540343E-015
           3          32   7.8291297819275330E-015
           3          33  -1.0168928156505052E-014
           3          34   6.3069174363963248E-015
           3          35   2.3545903164253165E-015
           4           1  -2.8086620011204040E-015
           4           2  -1.8361342213947880E-014
           4           3  -1.2512817142460043E-003
           4           4   2.3541425772383935     
           4           5  -5.1493831948382441E-003
           4           6  -4.5073563769439219E-016
           4           7   4.5877614765739722E-003
           4           8 -0.97309042744497920     
           4           9   1.8879954514180113E-002
           4          10   8.5699122397007425E-015
           4          11  -1.3196055318312205E-002
           4          12  0.28796102785202804     
           4          13  -5.4305553034668830E-002
           4          14   2.6778256445096409E-015
           4          15   6.2700447747282106E-004
           4          16  -8.0229344653591828E-002
           4          17   2.5803032863251376E-003
           4          18   1.0852805259330225E-014
           4          19  -1.5950446256627849E-014
           4          20   2.4649520790228669E-014
           4          21  -3.8669428065046054E-015
           4          22   2.0754312646674861E-014
           4          23  -5.0508127439724196E-014
           4          24   2.7664779780901720E-015
           4          25   2.0197530456981028E-014
           4          26   9.8073910369703994E-015
           4          27   7.5984249540644780E-015
           4          28  -8.6605108290986900E-016
           4          29  -1.4150841919663928E-014
           4          30   3.8740706718794857E-016
           4          31   5.4347181036977962E-015
           4          32   5.2112874013981960E-015
           4          33   3.7607566048994256E-016
           4          34  -9.7138026161924288E-016
           4          35  -2.0541628275270352E-015
           5           1   6.1591397920017931E-015
           5           2   1.8089591603257190E-014
           5           3  -1.6344911777970090E-003
           5           4  -5.1493831948382441E-003
           5           5   2.3513582780058435     
           5           6  -2.8774158580708592E-014
           5           7   5.9927797025423821E-003
           5           8   1.8879954514183100E-002
           5           9 -0.96288193433512448     
           5          10  -2.7081726572279196E-014
           5          11  -1.7237394068770319E-002
           5          12  -5.4305553034669954E-002
           5          13  0.25859772278872395     
           5          14  -1.1806637714386970E-015
           5          15   8.1902682281214214E-004
           5          16   2.5803032863221257E-003
           5          17  -7.8834160766888040E-002
           5          18  -1.3624753339838346E-014
           5          19  -3.2207905402433088E-014
           5          20   5.9822768767020929E-014
           5          21   1.2402487444337772E-014
           5          22   2.7720847440529344E-016
           5          23  -8.9152097678501863E-014
           5          24  -5.6154136634083047E-015
           5          25  -1.1078541871095019E-014
           5          26   5.9099179133062493E-015
           5          27   4.3198190613319351E-015
           5          28   8.4219983190412661E-016
           5          29  -1.4620406773192507E-014
           5          30  -1.0402936002837088E-014
           5          31  -5.9507225034009641E-015
           5          32  -6.3365703702837078E-015
           5          33  -2.6876840741447300E-015
           5          34   3.3709784431502759E-015
           5          35  -4.0186996547143342E-015
           6           1  0.35862183292506522     
           6           2  0.86796780567796405     
           6           3   6.1729799993322959E-014
           6           4  -4.5073563769439219E-016
           6           5  -2.8774158580708592E-014
           6           6   1.4834447835373563     
           6           7  -5.8597599071488880E-014
           6           8   1.8023451403416467E-014
           6           9   8.1263949038189035E-014
           6          10 -0.14443932595718542     
           6          11  -8.3771171157707964E-015
           6          12  -2.2153365671980215E-014
           6          13  -4.6200966049531441E-015
           6          14   1.4373470468203007E-002
           6          15   4.9786545889577851E-015
           6          16  -7.0277062782771742E-015
           6          17   5.3399543097054373E-015
           6          18  0.26050906585697264     
           6          19  -3.0124095639310463E-014
           6          20  0.26050906585690792     
           6          21  -1.9576307074244552E-014
           6          22   7.5869154064219826E-014
           6          23  0.26050906585593597     
           6          24  0.10117552119618263     
           6          25  -5.2761253991126680E-015
           6          26  0.10117552119623882     
           6          27  -4.6639503589441857E-015
           6          28   1.6919519649376215E-014
           6          29  0.10117552119621820     
           6          30   2.2778114101995754E-002
           6          31  -7.0099194624433091E-015
           6          32   2.2778114101977141E-002
           6          33  -1.6474985757458647E-015
           6          34  -9.3610638762789116E-015
           6          35   2.2778114101968210E-002
           7           1  -4.2931290678611407E-015
           7           2  -1.5889179679592801E-014
           7           3 -0.98608771783891169     
           7           4   4.5877614765739722E-003
           7           5   5.9927797025423821E-003
           7           6  -5.8597599071488880E-014
           7           7   2.7338849297033874     
           7           8  -1.6820796728897962E-002
           7           9  -2.1972225394089041E-002
           7          10  -5.8346250737272335E-014
           7          11  -1.0898844289794010     
           7          12   4.8382673176483565E-002
           7          13   6.3200038460477934E-002
           7          14  -5.9481580608442038E-015
           7          15  0.23911841925416313     
           7          16  -2.2988803837200086E-003
           7          17  -3.0029206558540153E-003
           7          18  -7.0444467881956133E-015
           7          19  -9.5642938468866873E-014
           7          20   8.6960059453439834E-014
           7          21  -7.9512614753254466E-014
           7          22   1.5870852707096028E-013
           7          23  -1.6372816862929277E-013
           7          24   1.3726204289209163E-014
           7          25   1.0342788846970112E-013
           7          26  -4.9546174448220185E-015
           7          27   7.0564518333897797E-014
           7          28  -2.1516788980809756E-014
           7          29  -3.2089517168343823E-014
           7          30   7.1454320429963732E-015
           7          31   1.9075179837692225E-014
           7          32  -1.8276658777877195E-014
           7          33   2.9017850898029499E-015
           7          34  -6.4337971209532787E-015
           7          35  -1.3645923642301605E-014
           8           1   6.5151873218576023E-015
           8           2   2.4991053657316843E-014
           8           3   4.5877614765695816E-003
           8           4 -0.97309042744497920     
           8           5   1.8879954514183100E-002
           8           6   1.8023451403416467E-014
           8           7  -1.6820796728897962E-002
           8           8   2.6862310181260223     
           8           9  -6.9222403726895532E-002
           8          10  -1.1720469038755938E-014
           8          11   4.8382673176487534E-002
           8          12 -0.95281460603411694     
           8          13  0.19910857909928803     
           8          14  -7.7964302715440748E-015
           8          15  -2.2988803837254148E-003
           8          16  0.23260560988501772     
           8          17  -9.4605522322447413E-003
           8          18  -2.5921292596876934E-014
           8          19   5.6736072745438164E-014
           8          20  -6.6959017473634807E-014
           8          21   2.5723980090337425E-014
           8          22  -7.5779444251289425E-014
           8          23   1.6344780588255613E-013
           8          24  -6.8577390191036271E-015
           8          25  -8.2369327914224593E-014
           8          26  -2.6358147611710425E-014
           8          27  -3.1502491142197370E-014
           8          28   9.0547543705831077E-016
           8          29   5.2085978220750412E-014
           8          30  -4.1500074622804472E-016
           8          31  -2.3310068284052919E-014
           8          32  -1.1795974827295537E-014
           8          33  -3.4253002269976678E-015
           8          34   3.9016675957063048E-015
           8          35   1.3049731881934649E-014
           9           1   5.7670120782739363E-015
           9           2   2.5720270646038208E-014
           9           3   5.9927797025448662E-003
           9           4   1.8879954514180113E-002
           9           5 -0.96288193433512448     
           9           6   8.1263949038189035E-014
           9           7  -2.1972225394089041E-002
           9           8  -6.9222403726895532E-002
           9           9   2.6488020915381609     
           9          10   9.9842522452797647E-014
           9          11   6.3200038460457728E-002
           9          12  0.19910857909929486     
           9          13 -0.84515552474125444     
           9          14  -6.8269010425805158E-015
           9          15  -3.0029206558407594E-003
           9          16  -9.4605522322380401E-003
           9          17  0.22749023833017606     
           9          18   4.3758485194059722E-014
           9          19   8.8946915752187995E-014
           9          20  -1.6518899063922095E-013
           9          21  -3.1176296485142430E-014
           9          22   3.8671052801081977E-015
           9          23   2.5386217553600403E-013
           9          24   1.9784670685302493E-014
           9          25   4.9835793227036212E-014
           9          26  -1.6142300107354778E-014
           9          27  -2.0804344778850384E-014
           9          28  -1.1645459518493051E-014
           9          29   4.4710264160410015E-014
           9          30   3.8894696511504762E-014
           9          31   2.5538581352897350E-014
           9          32   2.8462361332010594E-014
           9          33   6.5225615832285077E-015
           9          34  -1.5756139540448705E-014
           9          35   2.1129036741924941E-014
          10           1   4.8815799328115458E-002
          10           2  -2.9618373385170954E-002
          10           3  -3.7097922155565085E-015
          10           4   8.5699122397007425E-015
          10           5  -2.7081726572279196E-014
          10           6 -0.14443932595718542     
          10           7  -5.8346250737272335E-014
          10           8  -1.1720469038755938E-014
          10           9   9.9842522452797647E-014
          10          10  0.92154740052231876     
          10          11   2.5319361906886583E-014
          10          12   4.6046098319411357E-014
          10          13  -3.3279946083782589E-014
          10          14  -3.2443766265975275E-002
          10          15  -1.6471152408546120E-014
          10          16   2.8209239156436761E-014
          10          17  -2.0221441356007730E-015
          10          18 -0.17599822608827217     
          10          19   1.6967528189451922E-014
          10          20 -0.17599822608824331     
          10          21  -7.3723820417838714E-014
          10          22   1.5227945006347247E-013
          10          23 -0.17599822608769325     
          10          24  -2.6069223207303135E-002
          10          25   1.0113885332026454E-014
          10          26  -2.6069223207249720E-002
          10          27  -7.6502175440037305E-015
          10          28   2.8336985517695389E-014
          10          29  -2.6069223207105433E-002
          10          30  0.10248930396566795     
          10          31   1.8173752177368012E-014
          10          32  0.10248930396569907     
          10          33   7.2770641427645173E-015
          10          34   2.3381987338792689E-014
          10          35  0.10248930396568773     
          11           1   5.0340283862328016E-015
          11           2   1.0345955310988792E-014
          11           3  0.32534591891539649     
          11           4  -1.3196055318312205E-002
          11           5  -1.7237394068770319E-002
          11           6  -8.3771171157707964E-015
          11           7  -1.0898844289794010     
          11           8   4.8382673176487534E-002
          11           9   6.3200038460457728E-002
          11          10   2.5319361906886583E-014
          11          11   2.7711213448720233     
          11          12 -0.13916600393136364     
          11          13 -0.18178608628688300     
          11          14   1.0684496489958310E-014
          11          15 -0.42939207825225523     
          11          16   6.6124084411578431E-003
          11          17   8.6374819819001608E-003
          11          18   7.0205510512115656E-015
          11          19   1.7582762665468218E-013
          11          20  -1.2652947283851523E-013
          11          21   1.7631652861347390E-013
          11          22  -1.8139650530179913E-013
          11          23   1.4493807356026509E-013
          11          24  -8.2502893938146576E-014
          11          25  -3.8058566460317660E-013
          11          26   1.4242783211040615E-014
          11          27  -3.1614463678869183E-013
          11          28   1.2503955540068250E-013
          11          29   3.5530855316192457E-014
          11          30  -6.9426420461075001E-014
          11          31  -9.9790741611926973E-014
          11          32   2.3332181309269512E-014
          11          33  -6.2089684334384150E-014
          11          34   4.0998357078349414E-014
          11          35   1.4009301271939750E-014
          12           1   2.8156041964435581E-015
          12           2   6.6519192388904628E-015
          12           3  -1.3196055318299565E-002
          12           4  0.28796102785202804     
          12           5  -5.4305553034669954E-002
          12           6  -2.2153365671980215E-014
          12           7   4.8382673176483565E-002
          12           8 -0.95281460603411694     
          12           9  0.19910857909929486     
          12          10   4.6046098319411357E-014
          12          11 -0.13916600393136364     
          12          12   2.3768591376290824     
          12          13 -0.57270802712005942     
          12          14  -9.4058781181437520E-015
          12          15   6.6124084411942636E-003
          12          16 -0.41065889145693563     
          12          17   2.7211957560561040E-002
          12          18   3.2865434043554593E-014
          12          19  -1.4395690488697458E-013
          12          20   1.4758323114551565E-013
          12          21  -6.3405478090360342E-014
          12          22   2.8869889420817151E-014
          12          23  -1.8405072944015881E-013
          12          24   4.6538170394606165E-014
          12          25   3.0005862193414987E-013
          12          26   3.0720710625709620E-014
          12          27   1.2795908205172173E-013
          12          28  -3.0771882942567549E-014
          12          29  -8.4454582071572685E-014
          12          30   3.6760753063563612E-014
          12          31   9.0146891151572401E-014
          12          32   4.2686490100901242E-014
          12          33   4.5851684596016954E-014
          12          34  -1.5693745760379791E-014
          12          35  -2.6854995328956667E-014
          13           1   1.8485749384144009E-016
          13           2  -4.2782973623779303E-015
          13           3  -1.7237394068779208E-002
          13           4  -5.4305553034668830E-002
          13           5  0.25859772278872395     
          13           6  -4.6200966049531441E-015
          13           7   6.3200038460477934E-002
          13           8  0.19910857909928803     
          13           9 -0.84515552474125444     
          13          10  -3.3279946083782589E-014
          13          11 -0.18178608628688300     
          13          12 -0.57270802712005942     
          13          13   2.0671928222562661     
          13          14   8.2635001111738915E-015
          13          15   8.6374819818788150E-003
          13          16   2.7211957560570963E-002
          13          17 -0.39594523941639453     
          13          18  -1.8049352227542163E-014
          13          19   7.7275117140065083E-014
          13          20  -4.9706794189726620E-014
          13          21  -3.8498689341704381E-014
          13          22  -5.3047623304721535E-014
          13          23   4.2083283435864316E-014
          13          24  -4.0921413360758167E-014
          13          25  -1.9214857786655049E-013
          13          26   3.2593366211320668E-014
          13          27   1.0663456190953487E-013
          13          28   1.1557686910581515E-013
          13          29   1.8853489731903936E-014
          13          30  -2.0840139262201799E-014
          13          31  -6.6711556397188939E-014
          13          32  -1.5431931835860559E-014
          13          33   2.2092812552272131E-014
          13          34   4.8452387513702180E-014
          13          35   4.7831944269092748E-015
          14           1   3.2381879228240589E-003
          14           2   1.8122823249035021E-002
          14           3  -5.4083782528128059E-015
          14           4   2.6778256445096409E-015
          14           5  -1.1806637714386970E-015
          14           6   1.4373470468203007E-002
          14           7  -5.9481580608442038E-015
          14           8  -7.7964302715440748E-015
          14           9  -6.8269010425805158E-015
          14          10  -3.2443766265975275E-002
          14          11   1.0684496489958310E-014
          14          12  -9.4058781181437520E-015
          14          13   8.2635001111738915E-015
          14          14   2.2658400606124346E-003
          14          15  -1.3871209876783387E-015
          14          16  -3.5779511882882772E-016
          14          17  -9.6525511065479747E-016
          14          18   1.8960760547824560E-002
          14          19   2.9694836771070247E-014
          14          20   1.8960760547881306E-002
          14          21  -4.6610056371483428E-014
          14          22   5.5176446647814924E-014
          14          23   1.8960760547520390E-002
          14          24  -1.4060107658819397E-002
          14          25  -2.2161419077537681E-015
          14          26  -1.4060107658801814E-002
          14          27  -2.1402299462693211E-015
          14          28   1.2740441452465809E-014
          14          29  -1.4060107658871493E-002
          14          30  -8.4392758467977981E-003
          14          31   2.5868289761378408E-016
          14          32  -8.4392758467983983E-003
          14          33  -1.4108967079651565E-015
          14          34   1.1989929740746693E-017
          14          35  -8.4392758468026970E-003
          15           1   1.5481645722263874E-016
          15           2   1.5779659939508294E-015
          15           3  -8.2005670496509989E-002
          15           4   6.2700447747282106E-004
          15           5   8.1902682281214214E-004
          15           6   4.9786545889577851E-015
          15           7  0.23911841925416313     
          15           8  -2.2988803837254148E-003
          15           9  -3.0029206558407594E-003
          15          10  -1.6471152408546120E-014
          15          11 -0.42939207825225523     
          15          12   6.6124084411942636E-003
          15          13   8.6374819818788150E-003
          15          14  -1.3871209876783387E-015
          15          15   9.2209619525032482E-002
          15          16  -3.1418553495415013E-004
          15          17  -4.1040596951760197E-004
          15          18   3.1848837451224430E-014
          15          19  -3.7747567809916334E-014
          15          20   1.1168386377041917E-013
          15          21  -5.4540953575895773E-014
          15          22   4.4351340308825848E-014
          15          23  -1.5405824417553560E-013
          15          24   2.7478556325474513E-014
          15          25   9.1383845422727177E-014
          15          26   2.1396620088600378E-014
          15          27   7.6856658764634844E-014
          15          28  -2.9740852576445969E-014
          15          29  -2.9147109751317188E-014
          15          30   9.8127211567120518E-015
          15          31   3.1978704401775069E-014
          15          32  -1.7756376782878348E-015
          15          33   2.3688761985174533E-014
          15          34  -1.2266654250309709E-014
          15          35  -6.2267400765060221E-016
          16           1  -5.2260846023666942E-016
          16           2   8.2294413739195828E-015
          16           3   6.2700447746139227E-004
          16           4  -8.0229344653591828E-002
          16           5   2.5803032863221257E-003
          16           6  -7.0277062782771742E-015
          16           7  -2.2988803837200086E-003
          16           8  0.23260560988501772     
          16           9  -9.4605522322380401E-003
          16          10   2.8209239156436761E-014
          16          11   6.6124084411578431E-003
          16          12 -0.41065889145693563     
          16          13   2.7211957560570963E-002
          16          14  -3.5779511882882772E-016
          16          15  -3.1418553495415013E-004
          16          16   9.1319520801237120E-002
          16          17  -1.2929636031133037E-003
          16          18  -2.6853890467045245E-014
          16          19   3.7027937423441040E-014
          16          20  -8.3915147812546871E-014
          16          21   7.6691890428262737E-015
          16          22  -5.1527474892137120E-015
          16          23   1.2407962315218819E-013
          16          24  -2.2151173147265282E-014
          16          25  -7.1615912547025755E-014
          16          26  -2.2806066927855273E-014
          16          27  -2.7126510073564953E-014
          16          28   8.0703704089733576E-015
          16          29   2.3971720068119235E-014
          16          30  -4.2124836136697418E-015
          16          31  -2.4979090640288667E-014
          16          32  -8.8930103551740547E-016
          16          33  -8.8201098177772074E-015
          16          34   3.6339168414187232E-015
          16          35   3.9437844527940621E-015
          17           1  -2.0871900617891534E-015
          17           2   4.5741384560338607E-016
          17           3   8.1902682281951146E-004
          17           4   2.5803032863251376E-003
          17           5  -7.8834160766888040E-002
          17           6   5.3399543097054373E-015
          17           7  -3.0029206558540153E-003
          17           8  -9.4605522322447413E-003
          17           9  0.22749023833017606     
          17          10  -2.0221441356007730E-015
          17          11   8.6374819819001608E-003
          17          12   2.7211957560561040E-002
          17          13 -0.39594523941639453     
          17          14  -9.6525511065479747E-016
          17          15  -4.1040596951760197E-004
          17          16  -1.2929636031133037E-003
          17          17   9.0620408415993337E-002
          17          18   1.5472774605729527E-014
          17          19  -2.3044248046777698E-014
          17          20   3.6457214393279549E-014
          17          21   2.1435393271553860E-014
          17          22   8.0315147484071464E-015
          17          23  -4.0852984593532448E-014
          17          24   1.3361883971742259E-014
          17          25   4.5090404421798767E-014
          17          26  -3.6983195633491979E-015
          17          27  -2.7266237662976718E-014
          17          28  -2.7053816194488850E-014
          17          29  -9.2275068025357789E-015
          17          30   4.0647041828435698E-015
          17          31   1.6506122655317515E-014
          17          32  -3.5405523678831346E-015
          17          33  -8.0568869405110064E-015
          17          34  -1.0590954936391068E-014
          17          35   5.9621202025221866E-016
          18           1  0.34330627931208779     
          18           2   1.2353396105214582     
          18           3   2.6884427847076527E-014
          18           4   1.0852805259330225E-014
          18           5  -1.3624753339838346E-014
          18           6  0.26050906585697264     
          18           7  -7.0444467881956133E-015
          18           8  -2.5921292596876934E-014
          18           9   4.3758485194059722E-014
          18          10 -0.17599822608827217     
          18          11   7.0205510512115656E-015
          18          12   3.2865434043554593E-014
          18          13  -1.8049352227542163E-014
          18          14   1.8960760547824560E-002
          18          15   3.1848837451224430E-014
          18          16  -2.6853890467045245E-014
          18          17   1.5472774605729527E-014
          18          18   2.5049344189012599     
          18          19  -8.2542435058341418E-014
          18          20 -0.24726850310852730     
          18          21   1.0262367239031138E-013
          18          22  -1.5215748150378154E-013
          18          23 -0.24726850310879422     
          18          24  -6.5339544143370731E-002
          18          25   3.5535872367495887E-014
          18          26 -0.26020142233935262     
          18          27  -1.0541699922826362E-013
          18          28  -5.4796606979093156E-014
          18          29 -0.26020142233937421     
          18          30  -8.8694636649947381E-002
          18          31  -5.1101079206433785E-015
          18          32 -0.14524567259692894     
          18          33   3.9455701506043480E-014
          18          34  -1.7905287537465083E-014
          18          35 -0.14524567259688231     
          19           1   1.6800085205960218E-015
          19           2   1.0226276352428345E-015
          19           3   2.7810642000093494E-014
          19           4  -1.5950446256627849E-014
          19           5  -3.2207905402433088E-014
          19           6  -3.0124095639310463E-014
          19           7  -9.5642938468866873E-014
          19           8   5.6736072745438164E-014
          19           9   8.8946915752187995E-014
          19          10   1.6967528189451922E-014
          19          11   1.7582762665468218E-013
          19          12  -1.4395690488697458E-013
          19          13   7.7275117140065083E-014
          19          14   2.9694836771070247E-014
          19          15  -3.7747567809916334E-014
          19          16   3.7027937423441040E-014
          19          17  -2.3044248046777698E-014
          19          18  -8.2542435058341418E-014
          19          19   1.8331441956388963     
          19          20   4.2709392522130267E-013
          19          21   1.3131856712137368E-014
          19          22  -2.6936786134815491E-014
          19          23  -3.6276801801583348E-013
          19          24   6.6010881997572069E-014
          19          25  0.13191613530783058     
          19          26   9.2708447099659990E-014
          19          27  -7.8617667934248772E-015
          19          28   4.5332661236203733E-015
          19          29  -1.6056950306719627E-013
          19          30  -1.9415858956732063E-014
          19          31   3.9461454667151216E-002
          19          32   9.2281216574584932E-015
          19          33   1.3662031575773914E-015
          19          34   7.7149658189534655E-015
          19          35  -2.8483813433753636E-015
          20           1  0.34330627931207186     
          20           2   1.2353396105213927     
          20           3  -1.9575006819331264E-015
          20           4   2.4649520790228669E-014
          20           5   5.9822768767020929E-014
          20           6  0.26050906585690792     
          20           7   8.6960059453439834E-014
          20           8  -6.6959017473634807E-014
          20           9  -1.6518899063922095E-013
          20          10 -0.17599822608824331     
          20          11  -1.2652947283851523E-013
          20          12   1.4758323114551565E-013
          20          13  -4.9706794189726620E-014
          20          14   1.8960760547881306E-002
          20          15   1.1168386377041917E-013
          20          16  -8.3915147812546871E-014
          20          17   3.6457214393279549E-014
          20          18 -0.24726850310852730     
          20          19   4.2709392522130267E-013
          20          20   2.5049344189010161     
          20          21  -1.0435393135807400E-012
          20          22  -7.5485013127078699E-014
          20          23 -0.24726850310878942     
          20          24 -0.26020142233940069     
          20          25   6.3928136401622825E-014
          20          26  -6.5339544143182743E-002
          20          27  -2.8612222977960964E-013
          20          28  -6.1002641346492388E-014
          20          29 -0.26020142233937793     
          20          30 -0.14524567259681137     
          20          31  -2.5347956261793784E-014
          20          32  -8.8694636650078332E-002
          20          33   4.4168009429701208E-014
          20          34  -2.8427718501585411E-014
          20          35 -0.14524567259684398     
          21           1   1.7683970028073971E-015
          21           2   3.8809636421015144E-015
          21           3   2.0403685135257809E-014
          21           4  -3.8669428065046054E-015
          21           5   1.2402487444337772E-014
          21           6  -1.9576307074244552E-014
          21           7  -7.9512614753254466E-014
          21           8   2.5723980090337425E-014
          21           9  -3.1176296485142430E-014
          21          10  -7.3723820417838714E-014
          21          11   1.7631652861347390E-013
          21          12  -6.3405478090360342E-014
          21          13  -3.8498689341704381E-014
          21          14  -4.6610056371483428E-014
          21          15  -5.4540953575895773E-014
          21          16   7.6691890428262737E-015
          21          17   2.1435393271553860E-014
          21          18   1.0262367239031138E-013
          21          19   1.3131856712137368E-014
          21          20  -1.0435393135807400E-012
          21          21   1.8331441956389225     
          21          22  -2.7977620221068781E-014
          21          23   9.4455535518506768E-013
          21          24  -1.2565042883913472E-013
          21          25  -1.9964932485181456E-014
          21          26  -2.7348023739634645E-013
          21          27  0.13191613530780077     
          21          28  -2.3215370598095559E-014
          21          29   3.4189402079326619E-013
          21          30   7.2376656626820355E-015
          21          31   1.1788042330490157E-014
          21          32  -2.0732048936794083E-014
          21          33   3.9461454667152042E-002
          21          34  -6.5247286739176387E-015
          21          35  -3.8333581963179025E-014
          22           1  -1.1118068365553521E-015
          22           2  -8.4241173796645375E-015
          22           3  -5.1459127762208459E-014
          22           4   2.0754312646674861E-014
          22           5   2.7720847440529344E-016
          22           6   7.5869154064219826E-014
          22           7   1.5870852707096028E-013
          22           8  -7.5779444251289425E-014
          22           9   3.8671052801081977E-015
          22          10   1.5227945006347247E-013
          22          11  -1.8139650530179913E-013
          22          12   2.8869889420817151E-014
          22          13  -5.3047623304721535E-014
          22          14   5.5176446647814924E-014
          22          15   4.4351340308825848E-014
          22          16  -5.1527474892137120E-015
          22          17   8.0315147484071464E-015
          22          18  -1.5215748150378154E-013
          22          19  -2.6936786134815491E-014
          22          20  -7.5485013127078699E-014
          22          21  -2.7977620221068781E-014
          22          22   1.8331441956388768     
          22          23   2.5161483406606308E-013
          22          24   6.7538725960678778E-014
          22          25   3.3202173649377101E-014
          22          26   4.3655039933709783E-015
          22          27   6.6232175993548429E-014
          22          28  0.13191613530783530     
          22          29   4.5875215966753437E-014
          22          30   3.5187031791138382E-014
          22          31  -2.9716572085000807E-014
          22          32   2.3560998942766229E-014
          22          33   1.7091363047339753E-015
          22          34   3.9461454667140676E-002
          22          35   1.3167888335747670E-013
          23           1  0.34330627931208868     
          23           2   1.2353396105214087     
          23           3   6.1971740577377144E-014
          23           4  -5.0508127439724196E-014
          23           5  -8.9152097678501863E-014
          23           6  0.26050906585593597     
          23           7  -1.6372816862929277E-013
          23           8   1.6344780588255613E-013
          23           9   2.5386217553600403E-013
          23          10 -0.17599822608769325     
          23          11   1.4493807356026509E-013
          23          12  -1.8405072944015881E-013
          23          13   4.2083283435864316E-014
          23          14   1.8960760547520390E-002
