           1           1   2.1768798334077561     
           1           2  0.66247499409511390     
           1           3  -3.9879551743008724E-013
           1           4   1.0342455061600681E-012
           1           5  -6.9267485802309496E-013
           1           6 -0.55757523043153256     
           1           7   1.2451475409956521E-014
           1           8  -4.2803458914351150E-014
           1           9   3.2774545887725628E-014
           1          10  -2.0927343274194207E-003
           1          11   6.2863315334666842E-015
           1          12   1.8033227608904661E-014
           1          13  -1.9024660589449971E-014
           1          14  -7.7002696668952902E-002
           1          15  -1.3142251633370340E-015
           1          16  -2.7811058792718079E-015
           1          17   2.3097949304869977E-015
           1          18 -0.15176926670538207     
           1          19   3.1197131227446841E-004
           1          20 -0.14932781666535450     
           1          21   5.9932602961168111E-005
           1          22  -5.1224011604926684E-004
           1          23 -0.15178242048008622     
           1          24  -3.1702801830662099E-003
           1          25  -4.8936873738767163E-005
           1          26  -3.4725655410222126E-003
           1          27  -6.9724504188033448E-006
           1          28   5.4271499859382052E-005
           1          29  -3.1673910876090414E-003
           1          30   3.0348294372233041E-002
           1          31   1.2839974737982402E-005
           1          32   3.0443873830922778E-002
           1          33   2.2854437791974691E-006
           1          34  -1.9525338073967435E-005
           1          35   3.0347694965618212E-002
           2           1  0.66247499409511390     
           2           2   2.4852919110589111     
           2           3  -1.2545134641141693E-012
           2           4   3.3493165648066797E-012
           2           5  -2.2189467840927983E-012
           2           6  -2.3592700326660156     
           2           7   5.0674890201406366E-014
           2           8  -1.3990022104867827E-013
           2           9   9.3114124398918032E-014
           2          10  -4.8506196575465298E-003
           2          11   5.7120142061648300E-015
           2          12   6.3463299381149438E-014
           2          13  -4.3489917770742646E-014
           2          14 -0.27625683903805165     
           2          15   1.9466681705614474E-015
           2          16  -1.0809173482099734E-014
           2          17   2.7661492012975344E-014
           2          18 -0.65050035992309796     
           2          19   1.3505256194075075E-003
           2          20 -0.63999456747382122     
           2          21   2.5822033021170843E-004
           2          22  -2.1971710570145801E-003
           2          23 -0.65055812421732107     
           2          24  -1.7893990194351748E-002
           2          25  -2.2273369912628388E-004
           2          26  -1.9249574758255675E-002
           2          27  -3.1493236781838431E-005
           2          28   2.4117320782541835E-004
           2          29  -1.7880569604514441E-002
           2          30  0.10884533394012001     
           2          31   5.9168637687896316E-005
           2          32  0.10927386559358157     
           2          33   1.0297875057567576E-005
           2          34  -8.6304187948826010E-005
           2          35  0.10884242995476058     
           3           1  -3.9879551743008724E-013
           3           2  -1.2545134641141693E-012
           3           3   2.2440764111264437     
           3           4   7.9956844485813694E-006
           3           5   1.0369293444024812E-006
           3           6   9.5421553660503722E-013
           3           7 -0.68321606120867506     
           3           8   5.1107554667056965E-006
           3           9   6.5095466752346232E-007
           3          10   1.6613257223464649E-012
           3          11  0.21230278716166423     
           3          12   8.7999677999229739E-005
           3          13   1.1351619356384911E-005
           3          14   3.9367465822193600E-012
           3          15 -0.11511696356265544     
           3          16  -4.4413213031687868E-005
           3          17  -5.7216885143073978E-006
           3          18   2.6854845640427425E-013
           3          19  -3.1621816047699424E-014
           3          20   8.0178653194022313E-013
           3          21   1.3799219048018036E-013
           3          22  -3.1796501078142977E-014
           3          23  -1.9213967969655544E-013
           3          24  -6.2161852219182177E-013
           3          25  -1.2151963391225441E-014
           3          26  -1.9575983589268975E-012
           3          27  -2.5854782101312647E-013
           3          28  -1.3438389834421212E-013
           3          29  -1.3565872556061916E-012
           3          30  -2.1125858752396918E-012
           3          31  -1.5027209991250821E-013
           3          32  -1.3294977802046053E-012
           3          33   1.4421255893311073E-013
           3          34   1.2067383117555849E-014
           3          35  -1.5544374420991128E-012
           4           1   1.0342455061600681E-012
           4           2   3.3493165648066797E-012
           4           3   7.9956844485813694E-006
           4           4   2.2441202908288984     
           4           5  -5.5997062084981591E-006
           4           6   2.2829460395434017E-012
           4           7   5.1107560187224621E-006
           4           8 -0.68318800672595659     
           4           9  -3.5770778889186727E-006
           4          10   2.8226567498450783E-013
           4          11   8.7999677930236317E-005
           4          12  0.21278574654802090     
           4          13  -6.1606186140298128E-005
           4          14  -6.9364436549790598E-012
           4          15  -4.4413212204244719E-005
           4          16 -0.11536071705653489     
           4          17   3.1091805617887956E-005
           4          18   1.2343284061568890E-012
           4          19   3.0223870837825165E-013
           4          20   1.4488011511283082E-012
           4          21  -4.9147905173909261E-013
           4          22  -6.7821574459652263E-014
           4          23   1.3591365446768717E-012
           4          24   1.0205285741985424E-012
           4          25  -9.4655836709543771E-014
           4          26   5.9053748947245043E-013
           4          27  -2.9243903835534955E-013
           4          28   1.2813197701358270E-014
           4          29   8.3068499022435631E-013
           4          30   1.8147524683416453E-012
           4          31  -4.2382390113156799E-014
           4          32   2.5923432636757703E-012
           4          33   3.1630370054937368E-013
           4          34   3.7432345972970154E-013
           4          35   2.0414310178254129E-012
           5           1  -6.9267485802309496E-013
           5           2  -2.2189467840927983E-012
           5           3   1.0369293444024812E-006
           5           4  -5.5997062084981591E-006
           5           5   2.2440756820277539     
           5           6   3.1042013338298606E-013
           5           7   6.5095464025360927E-007
           5           8  -3.5770776127472259E-006
           5           9 -0.68321652100242258     
           5          10   1.5667338244073587E-012
           5          11   1.1351619227997593E-005
           5          12  -6.1606186439490222E-005
           5          13  0.21229486550979942     
           5          14   5.8862396938671658E-012
           5          15  -5.7216883348198966E-006
           5          16   3.1091805464909198E-005
           5          17 -0.11511296542862819     
           5          18  -4.7128340508909486E-014
           5          19  -1.0760766462674125E-013
           5          20   3.9100645454845388E-013
           5          21   2.7095525590521313E-013
           5          22  -1.4525063794056433E-014
           5          23  -5.8897067985403301E-013
           5          24  -9.1679574418955204E-013
           5          25   1.4308304903823700E-014
           5          26  -2.1093773205460635E-012
           5          27  -1.7159198166808064E-013
           5          28  -1.3418852704497272E-013
           5          29  -1.5886047428563931E-012
           5          30  -2.6069268544699987E-012
           5          31  -1.3587919921825448E-013
           5          32  -2.0608749648215413E-012
           5          33   4.7660127707005421E-014
           5          34  -9.3411352170864116E-014
           5          35  -2.1252212493443196E-012
           6           1 -0.55757523043153256     
           6           2  -2.3592700326660156     
           6           3   9.5421553660503722E-013
           6           4   2.2829460395434017E-012
           6           5   3.1042013338298606E-013
           6           6   13.653893700074152     
           6           7  -1.8422606519029335E-013
           6           8  -7.0265338631414120E-014
           6           9  -9.7575894886587765E-015
           6          10 -0.23994555881634280     
           6          11   5.5043067581348155E-014
           6          12   7.8975566552527302E-014
           6          13   2.5329981145893843E-014
           6          14   1.0542488992326513     
           6          15  -2.4386308281816781E-014
           6          16  -6.0044586199812658E-014
           6          17  -7.2103998540106041E-015
           6          18   3.5870301985146988     
           6          19  -8.2000693762081384E-003
           6          20   3.5248835837718793     
           6          21  -1.5377792834374655E-003
           6          22   1.2804715311208432E-002
           6          23   3.5874030430081261     
           6          24  0.26874994166327770     
           6          25   1.6923822499702343E-003
           6          26  0.27847198814396157     
           6          27   2.3260301868270367E-004
           6          28  -1.6657117580465496E-003
           6          29  0.26864022456898778     
           6          30 -0.38688367332468948     
           6          31  -4.7047331321033718E-004
           6          32 -0.38995535344537435     
           6          33  -7.5347492867205946E-005
           6          34   5.8260433513220380E-004
           6          35 -0.38685657066375534     
           7           1   1.2451475409956521E-014
           7           2   5.0674890201406366E-014
           7           3 -0.68321606120867506     
           7           4   5.1107560187224621E-006
           7           5   6.5095464025360927E-007
           7           6  -1.8422606519029335E-013
           7           7   1.9773221033683184     
           7           8  -1.9270953771027832E-004
           7           9  -2.4612164211818000E-005
           7          10  -6.1226645397252984E-014
           7          11 -0.52643503448074092     
           7          12  -3.4144971495902662E-004
           7          13  -4.3827161225163183E-005
           7          14  -1.8622903317212541E-013
           7          15  0.28091328425767981     
           7          16   1.7839870891024970E-004
           7          17   2.2845335802685642E-005
           7          18   4.5664890753442683E-015
           7          19   8.5196477323914381E-015
           7          20  -1.0075458437193006E-013
           7          21   2.8238720938946976E-014
           7          22   5.7689250279230110E-016
           7          23  -6.3026029526193182E-014
           7          24   7.4634411011125615E-015
           7          25  -1.7433019515897914E-015
           7          26   8.3252325764254203E-014
           7          27   9.6259732714456585E-015
           7          28  -7.0918998213531275E-016
           7          29   5.2665899120331130E-014
           7          30   9.9705626995426838E-014
           7          31   7.7890615043756830E-015
           7          32   6.2312921652708889E-014
           7          33  -7.6617859101403330E-015
           7          34   3.4368415925185301E-015
           7          35   7.1779906867996152E-014
           8           1  -4.2803458914351150E-014
           8           2  -1.3990022104867827E-013
           8           3   5.1107554667056965E-006
           8           4 -0.68318800672595659     
           8           5  -3.5770776127472259E-006
           8           6  -7.0265338631414120E-014
           8           7  -1.9270953771027832E-004
           8           8   1.9762643061933514     
           8           9   1.3488807983194628E-004
           8          10  -5.5698931733764656E-015
           8          11  -3.4144971497837573E-004
           8          12 -0.52830912735784419     
           8          13   2.3901955608734288E-004
           8          14   2.3693468774541320E-013
           8          15   1.7839870889571965E-004
           8          16  0.28189248630340713     
           8          17  -1.2487671180090761E-004
           8          18  -5.5514761528617500E-014
           8          19  -2.8949103569100302E-014
           8          20  -3.9246878223894379E-014
           8          21   3.4322789505980467E-014
           8          22   9.9127109537285794E-015
           8          23  -4.7461083726261954E-014
           8          24  -2.8238388530809806E-014
           8          25   8.6768513820426010E-016
           8          26  -2.6495775399826944E-014
           8          27   4.8460519236541603E-015
           8          28  -2.9232466684198502E-015
           8          29  -2.5492432955795978E-014
           8          30  -6.1512889131946704E-014
           8          31   1.5877459582355055E-015
           8          32  -8.9517629965677512E-014
           8          33  -5.3079114530593079E-015
           8          34  -1.6726259382639677E-014
           8          35  -7.3315593020280391E-014
           9           1   3.2774545887725628E-014
           9           2   9.3114124398918032E-014
           9           3   6.5095466752346232E-007
           9           4  -3.5770778889186727E-006
           9           5 -0.68321652100242258     
           9           6  -9.7575894886587765E-015
           9           7  -2.4612164211818000E-005
           9           8   1.3488807983194628E-004
           9           9   1.9773394532389021     
           9          10  -5.6131276459464714E-014
           9          11  -4.3827161225295022E-005
           9          12   2.3901955610249048E-004
           9          13 -0.52640429578712722     
           9          14  -2.6885625950244795E-013
           9          15   2.2845335796090223E-005
           9          16  -1.2487671179363391E-004
           9          17  0.28089722347826229     
           9          18  -4.3181593892240460E-014
           9          19  -2.0061978157705066E-015
           9          20  -5.3473647262482546E-014
           9          21   4.4703043466585902E-014
           9          22   1.9504121030874970E-014
           9          23   8.3257978063113001E-014
           9          24   4.1557230949769517E-014
           9          25  -9.1719105122397511E-016
           9          26   8.9885661485386179E-014
           9          27  -9.9129087969294518E-016
           9          28  -1.7992701848036826E-015
           9          29   5.8040613446264150E-014
           9          30   1.1622380248699983E-013
           9          31   5.9761167610779456E-015
           9          32   9.3032655224450129E-014
           9          33   2.3574869822339777E-015
           9          34   3.7630165619150174E-015
           9          35   9.5947962652869235E-014
          10           1  -2.0927343274194207E-003
          10           2  -4.8506196575465298E-003
          10           3   1.6613257223464649E-012
          10           4   2.8226567498450783E-013
          10           5   1.5667338244073587E-012
          10           6 -0.23994555881634280     
          10           7  -6.1226645397252984E-014
          10           8  -5.5698931733764656E-015
          10           9  -5.6131276459464714E-014
          10          10   5.4343599979593806E-003
          10          11   3.3800167065556695E-014
          10          12   3.9991719537367169E-015
          10          13   3.1438269811398553E-014
          10          14  -1.6559375463973593E-002
          10          15  -1.9238213366807313E-014
          10          16  -2.4518363461896329E-015
          10          17  -1.8206135406046651E-014
          10          18  -6.0970215795854397E-002
          10          19   5.4190914387582145E-004
          10          20  -5.9655491050668169E-002
          10          21   2.9966057242232100E-005
          10          22  -3.1976197955372682E-005
          10          23  -6.1023489916596368E-002
          10          24  -5.3772140537409543E-003
          10          25  -6.2181302082900652E-005
          10          26  -5.5885183390384586E-003
          10          27  -4.8954757854236576E-006
          10          28   1.9760926500221159E-005
          10          29  -5.3713055882885375E-003
          10          30   5.8937423547545352E-003
          10          31   2.3519645949684264E-005
          10          32   5.9603709098156737E-003
          10          33   1.5447682611227325E-006
          10          34  -3.9949095284068048E-006
          10          35   5.8915073671270864E-003
          11           1   6.2863315334666842E-015
          11           2   5.7120142061648300E-015
          11           3  0.21230278716166423     
          11           4   8.7999677930236317E-005
          11           5   1.1351619227997593E-005
          11           6   5.5043067581348155E-014
          11           7 -0.52643503448074092     
          11           8  -3.4144971497837573E-004
          11           9  -4.3827161225295022E-005
          11          10   3.3800167065556695E-014
          11          11  0.14450569925976531     
          11          12   1.6149157574163638E-004
          11          13   2.0517131555309459E-005
          11          14   8.8995016668531888E-014
          11          15  -7.7192389719381138E-002
          11          16  -8.5038629768495553E-005
          11          17  -1.0792837845332529E-005
          11          18   2.3079158596620060E-015
          11          19  -4.1570104233101290E-015
          11          20   3.1131785625581083E-014
          11          21  -1.7327223471133338E-015
          11          22  -2.3856073169562530E-015
          11          23   1.1256103917164525E-014
          11          24  -8.9502460781012849E-015
          11          25   3.0435063967428361E-016
          11          26  -4.2874313083332960E-014
          11          27  -6.1320074898866719E-015
          11          28  -9.4640466131206630E-016
          11          29  -2.8747800631540529E-014
          11          30  -4.7725814820948402E-014
          11          31  -3.7401314194786576E-015
          11          32  -2.9949081869643590E-014
          11          33   3.9210907320487758E-015
          11          34  -8.4609135058679287E-016
          11          35  -3.4737092458458763E-014
          12           1   1.8033227608904661E-014
          12           2   6.3463299381149438E-014
          12           3   8.7999677999229739E-005
          12           4  0.21278574654802090     
          12           5  -6.1606186439490222E-005
          12           6   7.8975566552527302E-014
          12           7  -3.4144971495902662E-004
          12           8 -0.52830912735784419     
          12           9   2.3901955610249048E-004
          12          10   3.9991719537367169E-015
          12          11   1.6149157574163638E-004
          12          12  0.14539221301709010     
          12          13  -1.1302702399616955E-004
          12          14  -1.3663795957295241E-013
          12          15  -8.5038629753113326E-005
          12          16  -7.7659219962581197E-002
          12          17   5.9517029836509815E-005
          12          18   3.5967068607477292E-014
          12          19   2.6261045725085913E-015
          12          20   3.5837484589768096E-014
          12          21  -1.4668565989511001E-014
          12          22  -8.0180579818120320E-015
          12          23   3.6577859354121788E-014
          12          24   1.9406812355749891E-014
          12          25  -9.0318197557924385E-016
          12          26   1.4208153151258459E-014
          12          27  -4.4103163706564957E-015
          12          28   9.4646102856733966E-016
          12          29   1.6550147088695278E-014
          12          30   3.5088725242203409E-014
          12          31  -1.1503242200534473E-015
          12          32   5.1403281194306624E-014
          12          33   4.7483159105033711E-015
          12          34   8.6175225558405826E-015
          12          35   4.1065284595344382E-014
          13           1  -1.9024660589449971E-014
          13           2  -4.3489917770742646E-014
          13           3   1.1351619356384911E-005
          13           4  -6.1606186140298128E-005
          13           5  0.21229486550979942     
          13           6   2.5329981145893843E-014
          13           7  -4.3827161225163183E-005
          13           8   2.3901955608734288E-004
          13           9 -0.52640429578712722     
          13          10   3.1438269811398553E-014
          13          11   2.0517131555309459E-005
          13          12  -1.1302702399616955E-004
          13          13  0.14449115874454638     
          13          14   1.3638877629143872E-013
          13          15  -1.0792837842104643E-005
          13          16   5.9517029828603813E-005
          13          17  -7.7184732813491197E-002
          13          18   1.3082815699525588E-014
          13          19   2.6247779873458495E-016
          13          20   1.9419437559397658E-014
          13          21  -5.7133651909889595E-015
          13          22  -4.0533273461488533E-015
          13          23  -2.2665458801507188E-014
          13          24  -2.1059669563280841E-014
          13          25   2.2726764614046683E-016
          13          26  -4.6047633491637112E-014
          13          27  -2.0063338192350744E-015
          13          28  -8.1956340624663573E-016
          13          29  -3.3502023651495878E-014
          13          30  -5.9221624299570481E-014
          13          31  -3.0163040291651384E-015
          13          32  -4.7770932639744204E-014
          13          33  -1.2448888679406039E-016
          13          34  -1.8670238582735789E-015
          13          35  -4.8648292406982010E-014
          14           1  -7.7002696668952902E-002
          14           2 -0.27625683903805165     
          14           3   3.9367465822193600E-012
          14           4  -6.9364436549790598E-012
          14           5   5.8862396938671658E-012
          14           6   1.0542488992326513     
          14           7  -1.8622903317212541E-013
          14           8   2.3693468774541320E-013
          14           9  -2.6885625950244795E-013
          14          10  -1.6559375463973593E-002
          14          11   8.8995016668531888E-014
          14          12  -1.3663795957295241E-013
          14          13   1.3638877629143872E-013
          14          14   8.6817336889852492E-002
          14          15  -4.9840820293975115E-014
          14          16   7.5743436681373874E-014
          14          17  -7.6603271235498944E-014
          14          18  0.27448228980371486     
          14          19   1.9431115451170908E-006
          14          20  0.26890713577425818     
          14          21  -1.4309350435055213E-004
          14          22   1.6269669420249063E-003
          14          23  0.27442487972076540     
          14          24   1.9230268672495728E-002
          14          25   9.9106048050411072E-005
          14          26   2.0091581386744502E-002
          14          27   2.0928988840332052E-005
          14          28  -1.8047714042133820E-004
          14          29   1.9227600456210830E-002
          14          30  -3.2210302753033840E-002
          14          31  -1.5075174897268269E-005
          14          32  -3.2482700461031216E-002
          14          33  -6.8615679382020369E-006
          14          34   6.8960751274555360E-005
          14          35  -3.2211195533979706E-002
          15           1  -1.3142251633370340E-015
          15           2   1.9466681705614474E-015
          15           3 -0.11511696356265544     
          15           4  -4.4413212204244719E-005
          15           5  -5.7216883348198966E-006
          15           6  -2.4386308281816781E-014
          15           7  0.28091328425767981     
          15           8   1.7839870889571965E-004
          15           9   2.2845335796090223E-005
          15          10  -1.9238213366807313E-014
          15          11  -7.7192389719381138E-002
          15          12  -8.5038629753113326E-005
          15          13  -1.0792837842104643E-005
          15          14  -4.9840820293975115E-014
          15          15   4.1237219295967964E-002
          15          16   4.4774786901764048E-005
          15          17   5.6767198140935619E-006
          15          18   3.0109844916858082E-016
          15          19   2.6150880615435334E-015
          15          20  -1.5381575569314876E-014
          15          21   4.8246514857340364E-016
          15          22   1.6318175404008451E-015
          15          23  -4.0996328170040871E-015
          15          24   5.3169530899066407E-015
          15          25  -1.7031449001027938E-016
          15          26   2.4356580554263410E-014
          15          27   3.5227193010412726E-015
          15          28   5.5950108696144478E-016
          15          29   1.6410056185789386E-014
          15          30   2.6786823332966765E-014
          15          31   2.1158831584172971E-015
          15          32   1.6758146780880399E-014
          15          33  -2.2131272330701672E-015
          15          34   4.5393233666403979E-016
          15          35   1.9462555186832669E-014
          16           1  -2.7811058792718079E-015
          16           2  -1.0809173482099734E-014
          16           3  -4.4413213031687868E-005
          16           4 -0.11536071705653489     
          16           5   3.1091805464909198E-005
          16           6  -6.0044586199812658E-014
          16           7   1.7839870891024970E-004
          16           8  0.28189248630340713     
          16           9  -1.2487671179363391E-004
          16          10  -2.4518363461896329E-015
          16          11  -8.5038629768495553E-005
          16          12  -7.7659219962581197E-002
          16          13   5.9517029828603813E-005
          16          14   7.5743436681373874E-014
          16          15   4.4774786901764048E-005
          16          16   4.1483020214395892E-002
          16          17  -3.1336534954893832E-005
          16          18  -2.4457798324167624E-014
          16          19  -1.1207947468351476E-015
          16          20  -2.4511726099868304E-014
          16          21   9.1870734890393944E-015
          16          22   4.3542610575611486E-015
          16          23  -2.4929851163135122E-014
          16          24  -1.1162639700756747E-014
          16          25   5.0253299004811643E-016
          16          26  -8.0761090585360781E-015
          16          27   2.3601248952162691E-015
          16          28  -4.8381557003513749E-016
          16          29  -9.4986403844041197E-015
          16          30  -1.9164208597585275E-014
          16          31   6.6441802182475125E-016
          16          32  -2.8436209783137307E-014
          16          33  -2.7002132351778108E-015
          16          34  -4.8729132995638166E-015
          16          35  -2.2522463658292835E-014
          17           1   2.3097949304869977E-015
          17           2   2.7661492012975344E-014
          17           3  -5.7216885143073978E-006
          17           4   3.1091805617887956E-005
          17           5 -0.11511296542862819     
          17           6  -7.2103998540106041E-015
          17           7   2.2845335802685642E-005
          17           8  -1.2487671180090761E-004
          17           9  0.28089722347826229     
          17          10  -1.8206135406046651E-014
          17          11  -1.0792837845332529E-005
          17          12   5.9517029836509815E-005
          17          13  -7.7184732813491197E-002
          17          14  -7.6603271235498944E-014
          17          15   5.6767198140935619E-006
          17          16  -3.1336534954893832E-005
          17          17   4.1233187692245689E-002
          17          18  -5.8828596079518579E-015
          17          19  -3.9607645701146965E-017
          17          20  -9.6758496776948921E-015
          17          21   1.8628297847099185E-015
          17          22   2.4559644355207201E-015
          17          23   1.3510485154040703E-014
          17          24   1.2118113930849392E-014
          17          25  -1.1247494313549390E-016
          17          26   2.6299523834135254E-014
          17          27   1.3882836479525299E-015
          17          28   4.7627036055159766E-016
          17          29   1.9257448589644408E-014
          17          30   3.3338110448787367E-014
          17          31   1.7048215361696376E-015
          17          32   2.6852727721925308E-014
          17          33  -2.1046449459043234E-017
          17          34   1.0748158848931953E-015
          17          35   2.7352798731491784E-014
          18           1 -0.15176926670538207     
          18           2 -0.65050035992309796     
          18           3   2.6854845640427425E-013
          18           4   1.2343284061568890E-012
          18           5  -4.7128340508909486E-014
          18           6   3.5870301985146988     
          18           7   4.5664890753442683E-015
          18           8  -5.5514761528617500E-014
          18           9  -4.3181593892240460E-014
          18          10  -6.0970215795854397E-002
          18          11   2.3079158596620060E-015
          18          12   3.5967068607477292E-014
          18          13   1.3082815699525588E-014
          18          14  0.27448228980371486     
          18          15   3.0109844916858082E-016
          18          16  -2.4457798324167624E-014
          18          17  -5.8828596079518579E-015
          18          18  0.96326607782562723     
          18          19   3.5548627713273682E-002
          18          20  0.94925959048579900     
          18          21  -6.1032452762112038E-004
          18          22   2.7120093467647096E-002
          18          23  0.95874474220058326     
          18          24   7.0576776076048883E-002
          18          25  -2.1953628347599523E-003
          18          26   7.2672038618315504E-002
          18          27   6.7956062349600131E-005
          18          28  -2.0158091166224135E-003
          18          29   7.0908259072979596E-002
          18          30 -0.10082847973221831     
          18          31   1.2394628740718442E-003
          18          32 -0.10150361316416423     
          18          33  -2.6025175476127843E-005
          18          34   9.9834626184741376E-004
          18          35 -0.10098851761649350     
          19           1   3.1197131227446841E-004
          19           2   1.3505256194075075E-003
          19           3  -3.1621816047699424E-014
          19           4   3.0223870837825165E-013
          19           5  -1.0760766462674125E-013
          19           6  -8.2000693762081384E-003
          19           7   8.5196477323914381E-015
          19           8  -2.8949103569100302E-014
          19           9  -2.0061978157705066E-015
          19          10   5.4190914387582145E-004
          19          11  -4.1570104233101290E-015
          19          12   2.6261045725085913E-015
          19          13   2.6247779873458495E-016
          19          14   1.9431115451170908E-006
          19          15   2.6150880615435334E-015
          19          16  -1.1207947468351476E-015
          19          17  -3.9607645701146965E-017
          19          18   3.5548627713273682E-002
          19          19  0.74594587066441242     
          19          20   1.3763370251871790E-002
          19          21  0.12821291661130393     
          19          22  0.45540680640066972     
          19          23  -5.4501349603027403E-002
          19          24  -3.3307125071389693E-003
          19          25  -5.3186479522415897E-002
          19          26  -1.6676813299183824E-003
          19          27  -2.6753268014081469E-002
          19          28  -2.7936627208070608E-002
          19          29   3.6038514565584373E-003
          19          30   1.2770188409722116E-003
          19          31   2.7186793262749833E-002
          19          32   4.9447349474634106E-004
          19          33   8.0061555609550646E-003
          19          34   1.5739858260247555E-002
          19          35  -1.9662134397475293E-003
          20           1 -0.14932781666535450     
          20           2 -0.63999456747382122     
          20           3   8.0178653194022313E-013
          20           4   1.4488011511283082E-012
          20           5   3.9100645454845388E-013
          20           6   3.5248835837718793     
          20           7  -1.0075458437193006E-013
          20           8  -3.9246878223894379E-014
          20           9  -5.3473647262482546E-014
          20          10  -5.9655491050668169E-002
          20          11   3.1131785625581083E-014
          20          12   3.5837484589768096E-014
          20          13   1.9419437559397658E-014
          20          14  0.26890713577425818     
          20          15  -1.5381575569314876E-014
          20          16  -2.4511726099868304E-014
          20          17  -9.6758496776948921E-015
          20          18  0.94925959048579900     
          20          19   1.3763370251871790E-002
          20          20  0.93683685570593567     
          20          21  -4.1598540115842582E-004
          20          22   1.2541032334714186E-002
          20          23  0.94743730251015756     
          20          24   6.9565290321302542E-002
          20          25  -7.2405698998591231E-004
          20          26   7.1464182919258934E-002
          20          27   5.2757047112187493E-005
          20          28  -1.0078622577854718E-003
          20          29   6.9690153442889716E-002
          20          30  -9.8828281865441195E-002
          20          31   4.6045359015500168E-004
          20          32  -9.9433650759732622E-002
          20          33  -1.8743719684352511E-005
          20          34   4.7333898782355767E-004
          20          35  -9.8891320873214103E-002
          21           1   5.9932602961168111E-005
          21           2   2.5822033021170843E-004
          21           3   1.3799219048018036E-013
          21           4  -4.9147905173909261E-013
          21           5   2.7095525590521313E-013
          21           6  -1.5377792834374655E-003
          21           7   2.8238720938946976E-014
          21           8   3.4322789505980467E-014
          21           9   4.4703043466585902E-014
          21          10   2.9966057242232100E-005
          21          11  -1.7327223471133338E-015
          21          12  -1.4668565989511001E-014
          21          13  -5.7133651909889595E-015
          21          14  -1.4309350435055213E-004
          21          15   4.8246514857340364E-016
          21          16   9.1870734890393944E-015
          21          17   1.8628297847099185E-015
          21          18  -6.1032452762112038E-004
          21          19  0.12821291661130393     
          21          20  -4.1598540115842582E-004
          21          21   1.0851596473449114     
          21          22 -0.19518378315251217     
          21          23   9.4169191700766331E-005
          21          24  -2.4939912251616770E-006
          21          25  -2.6753250973142944E-002
          21          26  -1.9268174905018494E-005
          21          27 -0.21993558216621673     
          21          28   3.9056098251136546E-002
          21          29  -5.6714053234222389E-005
          21          30   4.2319166673313205E-005
          21          31   8.0061580248459267E-003
          21          32   4.9630828357062879E-005
          21          33   6.6532457323295199E-002
          21          34  -1.1871759175147217E-002
          21          35   6.7686761331811263E-005
          22           1  -5.1224011604926684E-004
          22           2  -2.1971710570145801E-003
          22           3  -3.1796501078142977E-014
          22           4  -6.7821574459652263E-014
          22           5  -1.4525063794056433E-014
          22           6   1.2804715311208432E-002
          22           7   5.7689250279230110E-016
          22           8   9.9127109537285794E-015
          22           9   1.9504121030874970E-014
          22          10  -3.1976197955372682E-005
          22          11  -2.3856073169562530E-015
          22          12  -8.0180579818120320E-015
          22          13  -4.0533273461488533E-015
          22          14   1.6269669420249063E-003
          22          15   1.6318175404008451E-015
          22          16   4.3542610575611486E-015
          22          17   2.4559644355207201E-015
          22          18   2.7120093467647096E-002
          22          19  0.45540680640066972     
          22          20   1.2541032334714186E-002
          22          21 -0.19518378315251217     
          22          22  0.34844555456887599     
          22          23  -3.2021303280296946E-002
          22          24  -1.8635722818919280E-003
          22          25  -2.7935969707375437E-002
          22          26  -7.2864611217176342E-004
          22          27   3.9056087896424951E-002
          22          28  -2.8345212293754678E-002
          22          29   2.6904273165294160E-003
          22          30   2.4425599777303723E-004
          22          31   1.5739638477544619E-002
          22          32  -2.8318882286678575E-004
          22          33  -1.1871761438822227E-002
          22          34   1.3362115668805904E-002
          22          35  -1.8857143457903409E-003
          23           1 -0.15178242048008622     
          23           2 -0.65055812421732107     
          23           3  -1.9213967969655544E-013
          23           4   1.3591365446768717E-012
          23           5  -5.8897067985403301E-013
          23           6   3.5874030430081261     
          23           7  -6.3026029526193182E-014
          23           8  -4.7461083726261954E-014
          23           9   8.3257978063113001E-014
          23          10  -6.1023489916596368E-002
          23          11   1.1256103917164525E-014
          23          12   3.6577859354121788E-014
          23          13  -2.2665458801507188E-014
          23          14  0.27442487972076540     
