           1           1   2.1628919742691473     
           1           2 -0.62519251264422970     
           1           3  -1.1989401151634327E-015
           1           4   1.3219984405767266E-013
           1           5   1.4446629963364727E-014
           1           6   7.8062666984735740E-002
           1           7  -1.3148694602049291E-014
           1           8   6.8801241431025784E-015
           1           9  -1.1083044512942828E-014
           1          10   6.1483073865497118E-002
           1          11  -1.8471521461711266E-014
           1          12  -3.3583905324104706E-014
           1          13  -4.3408865068491829E-014
           1          14   1.3587512132432785E-002
           1          15  -5.7444360159416208E-005
           1          16   1.3250492261291432E-002
           1          17  -3.9041690099768205E-005
           1          18  -2.7013072321815414E-004
           1          19   1.3435706330948705E-002
           2           1 -0.62519251264422970     
           2           2   2.4124713927259664     
           2           3   2.6260860500770632E-013
           2           4  -6.1549408170743231E-014
           2           5   1.4015687684265856E-013
           2           6 -0.52961980106869677     
           2           7   2.7647600670281610E-014
           2           8  -2.6666190706971343E-014
           2           9   3.1780667935545417E-014
           2          10 -0.26385327086576266     
           2          11  -2.6142029820799271E-014
           2          12  -7.8986868758743012E-014
           2          13   4.5123636065095744E-014
           2          14  -3.9686975190658643E-003
           2          15   2.6760163752179936E-004
           2          16  -2.3987075471121680E-003
           2          17   1.8187373270990331E-004
           2          18   1.2583902696986400E-003
           2          19  -3.2615178943913542E-003
           3           1  -1.1989401151634327E-015
           3           2   2.6260860500770632E-013
           3           3   2.1344451482817317     
           3           4  -7.5675827866026543E-003
           3           5  -5.1432589929135200E-003
           3           6   5.4446154970925871E-013
           3           7 -0.37705895244200693     
           3           8   1.9183673818702528E-002
           3           9   1.3038060592038825E-002
           3          10  -1.1512368177871709E-013
           3          11 -0.23206101992357747     
           3          12   1.1492848708334565E-002
           3          13   7.8110407448729116E-003
           3          14  -2.7211570789556582E-013
           3          15   1.4156316753132043E-013
           3          16  -1.3935383751416120E-013
           3          17  -3.1630290557271047E-013
           3          18  -2.2749190123013870E-013
           3          19  -2.1619365755943867E-013
           4           1   1.3219984405767266E-013
           4           2  -6.1549408170743231E-014
           4           3  -7.5675827866026543E-003
           4           4   2.0831785311825004     
           4           5  -3.5586376192809285E-002
           4           6  -4.8211213218021657E-013
           4           7   1.9183673818787189E-002
           4           8 -0.24709908441555833     
           4           9   9.0210765137926613E-002
           4          10   1.2613713796327306E-013
           4          11   1.1492848708281538E-002
           4          12 -0.15420267456730857     
           4          13   5.4044844870842990E-002
           4          14   1.9648657871688791E-013
           4          15   7.9228720250330049E-014
           4          16  -4.6085216827223589E-015
           4          17  -4.3848677616549126E-013
           4          18  -3.8246892129236962E-013
           4          19   2.3360481049994966E-013
           5           1   1.4446629963364727E-014
           5           2   1.4015687684265856E-013
           5           3  -5.1432589929135200E-003
           5           4  -3.5586376192809285E-002
           5           5   2.1113528307110938     
           5           6   2.2961887857665702E-013
           5           7   1.3038060591955752E-002
           5           8   9.0210765137868271E-002
           5           9 -0.31852038065652327     
           5          10  -1.1246854106804837E-013
           5          11   7.8110407447883612E-003
           5          12   5.4044844870873188E-002
           5          13 -0.19699083704389131     
           5          14  -7.7783689918179842E-014
           5          15   1.1222754510607695E-013
           5          16  -6.0698527775481209E-014
           5          17  -2.8120938885541467E-013
           5          18  -2.9491967110945422E-013
           5          19  -5.7940871309815444E-014
           6           1   7.8062666984735740E-002
           6           2 -0.52961980106869677     
           6           3   5.4446154970925871E-013
           6           4  -4.8211213218021657E-013
           6           5   2.2961887857665702E-013
           6           6   1.1772467286317831     
           6           7  -7.1044469181076637E-014
           6           8   2.2229575780921349E-013
           6           9  -2.4517804575911231E-013
           6          10  0.51071609847177457     
           6          11  -2.6951666377770813E-013
           6          12   1.9383252546385166E-013
           6          13  -1.9443852159901097E-013
           6          14   9.1480858149037454E-004
           6          15  -3.4409038545536817E-004
           6          16  -1.1039326329130069E-003
           6          17  -2.3385881857280241E-004
           6          18  -1.6180767690041065E-003
           6          19   5.4953503231649006E-006
           7           1  -1.3148694602049291E-014
           7           2   2.7647600670281610E-014
           7           3 -0.37705895244200693     
           7           4   1.9183673818787189E-002
           7           5   1.3038060591955752E-002
           7           6  -7.1044469181076637E-014
           7           7   1.0884103843843120     
           7           8  -4.8083584801125206E-002
           7           9  -3.2679699313154176E-002
           7          10  -6.7105996714434181E-015
           7          11  0.58330193441103984     
           7          12  -3.0195499079092650E-002
           7          13  -2.0522176842745127E-002
           7          14   3.3925469185110964E-013
           7          15  -1.0893113864753623E-013
           7          16  -2.6991254894585077E-013
           7          17   5.9704992376448739E-014
           7          18   2.8878227272057827E-014
           7          19   1.4606204909900292E-013
           8           1   6.8801241431025784E-015
           8           2  -2.6666190706971343E-014
           8           3   1.9183673818702528E-002
           8           4 -0.24709908441555833     
           8           5   9.0210765137868271E-002
           8           6   2.2229575780921349E-013
           8           7  -4.8083584801125206E-002
           8           8  0.76266796434335116     
           8           9 -0.22611190205072607     
           8          10  -1.5863374678850774E-013
           8          11  -3.0195499079077051E-002
           8          12  0.37874241612513126     
           8          13 -0.14199360880395884     
           8          14  -7.0534889919063332E-014
           8          15   2.0921300448722994E-013
           8          16   6.1840600685137129E-014
           8          17   7.7630888884664627E-014
           8          18   4.9964186560734637E-014
           8          19  -1.1588524873743924E-013
           9           1  -1.1083044512942828E-014
           9           2   3.1780667935545417E-014
           9           3   1.3038060592038825E-002
           9           4   9.0210765137926613E-002
           9           5 -0.31852038065652327     
           9           6  -2.4517804575911231E-013
           9           7  -3.2679699313154176E-002
           9           8 -0.22611190205072607     
           9           9  0.94168435019648111     
           9          10   8.2729281509738505E-014
           9          11  -2.0522176842640474E-002
           9          12 -0.14199360880391088     
           9          13  0.49116101254512745     
           9          14   1.2313406976399499E-013
           9          15  -6.6897454643532306E-015
           9          16  -1.2367663499827091E-013
           9          17   1.7282291027496347E-013
           9          18  -2.5686766932005728E-014
           9          19   1.7374891146266934E-013
          10           1   6.1483073865497118E-002
          10           2 -0.26385327086576266     
          10           3  -1.1512368177871709E-013
          10           4   1.2613713796327306E-013
          10           5  -1.1246854106804837E-013
          10           6  0.51071609847177457     
          10           7  -6.7105996714434181E-015
          10           8  -1.5863374678850774E-013
          10           9   8.2729281509738505E-014
          10          10  0.22244362046875704     
          10          11  -7.8881312727713638E-014
          10          12  -5.5579973533062192E-014
          10          13   2.8017095632261062E-014
          10          14   8.2141277788054003E-004
          10          15  -2.6093786846849236E-004
          10          16  -7.0948157937323220E-004
          10          17  -1.7734474492126602E-004
          10          18  -1.2270540560175795E-003
          10          19   1.3184321614927153E-004
          11           1  -1.8471521461711266E-014
          11           2  -2.6142029820799271E-014
          11           3 -0.23206101992357747     
          11           4   1.1492848708281538E-002
          11           5   7.8110407447883612E-003
          11           6  -2.6951666377770813E-013
          11           7  0.58330193441103984     
          11           8  -3.0195499079077051E-002
          11           9  -2.0522176842640474E-002
          11          10  -7.8881312727713638E-014
          11          11  0.31326457855914069     
          11          12  -1.8242091607609132E-002
          11          13  -1.2398120295106500E-002
          11          14   1.8933000852743665E-013
          11          15  -6.3966275836688304E-014
          11          16  -1.5076371608345146E-013
          11          17   3.2989259466491370E-014
          11          18   5.5123641569365821E-015
          11          19   8.5169359646373756E-014
          12           1  -3.3583905324104706E-014
          12           2  -7.8986868758743012E-014
          12           3   1.1492848708334565E-002
          12           4 -0.15420267456730857     
          12           5   5.4044844870873188E-002
          12           6   1.9383252546385166E-013
          12           7  -3.0195499079092650E-002
          12           8  0.37874241612513126     
          12           9 -0.14199360880391088     
          12          10  -5.5579973533062192E-014
          12          11  -1.8242091607609132E-002
          12          12  0.18968346264481298     
          12          13  -8.5782997416667631E-002
          12          14  -4.5965133277726267E-014
          12          15   9.9951830377102869E-014
          12          16   3.8005110139725931E-014
          12          17   3.9842665863805364E-014
          12          18   3.1796394201367235E-014
          12          19  -6.8767349658601615E-014
          13           1  -4.3408865068491829E-014
          13           2   4.5123636065095744E-014
          13           3   7.8110407448729116E-003
          13           4   5.4044844870842990E-002
          13           5 -0.19699083704389131     
          13           6  -1.9443852159901097E-013
          13           7  -2.0522176842745127E-002
          13           8 -0.14199360880395884     
          13           9  0.49116101254512745     
          13          10   2.8017095632261062E-014
          13          11  -1.2398120295106500E-002
          13          12  -8.5782997416667631E-002
          13          13  0.25759922482265840     
          13          14   6.7171258058120817E-014
          13          15  -1.0912643202875220E-014
          13          16  -6.5478578303126006E-014
          13          17   8.6581131508445163E-014
          13          18  -1.1031966410973831E-014
          13          19   9.4316817290229899E-014
          14           1   1.3587512132432785E-002
          14           2  -3.9686975190658643E-003
          14           3  -2.7211570789556582E-013
          14           4   1.9648657871688791E-013
          14           5  -7.7783689918179842E-014
          14           6   9.1480858149037454E-004
          14           7   3.3925469185110964E-013
          14           8  -7.0534889919063332E-014
          14           9   1.2313406976399499E-013
          14          10   8.2141277788054003E-004
          14          11   1.8933000852743665E-013
          14          12  -4.5965133277726267E-014
          14          13   6.7171258058120817E-014
          14          14   4.4180367636060679E-004
          14          15  -1.5503078710647129E-004
          14          16  -4.6774524644696764E-004
          14          17  -1.0536567786916634E-004
          14          18  -7.2902855088189224E-004
          14          19   3.2110317026910802E-005
          15           1  -5.7444360159416208E-005
          15           2   2.6760163752179936E-004
          15           3   1.4156316753132043E-013
          15           4   7.9228720250330049E-014
          15           5   1.1222754510607695E-013
          15           6  -3.4409038545536817E-004
          15           7  -1.0893113864753623E-013
          15           8   2.0921300448722994E-013
          15           9  -6.6897454643532306E-015
          15          10  -2.6093786846849236E-004
          15          11  -6.3966275836688304E-014
          15          12   9.9951830377102869E-014
          15          13  -1.0912643202875220E-014
          15          14  -1.5503078710647129E-004
          15          15   6.7180852909282430E-005
          15          16   2.3911203792475750E-004
          15          17   4.5659034819709674E-005
          15          18   3.1591634640823366E-004
          15          19   2.2505235415304908E-005
          16           1   1.3250492261291432E-002
          16           2  -2.3987075471121680E-003
          16           3  -1.3935383751416120E-013
          16           4  -4.6085216827223589E-015
          16           5  -6.0698527775481209E-014
          16           6  -1.1039326329130069E-003
          16           7  -2.6991254894585077E-013
          16           8   6.1840600685137129E-014
          16           9  -1.2367663499827091E-013
          16          10  -7.0948157937323220E-004
          16          11  -1.5076371608345146E-013
          16          12   3.8005110139725931E-014
          16          13  -6.5478578303126006E-014
          16          14  -4.6774524644696764E-004
          16          15   2.3911203792475750E-004
          16          16   9.3509931484385953E-004
          16          17   1.6251095948672926E-004
          16          18   1.1244186123303061E-003
          16          19   1.6414610818584065E-004
          17           1  -3.9041690099768205E-005
          17           2   1.8187373270990331E-004
          17           3  -3.1630290557271047E-013
          17           4  -4.3848677616549126E-013
          17           5  -2.8120938885541467E-013
          17           6  -2.3385881857280241E-004
          17           7   5.9704992376448739E-014
          17           8   7.7630888884664627E-014
          17           9   1.7282291027496347E-013
          17          10  -1.7734474492126602E-004
          17          11   3.2989259466491370E-014
          17          12   3.9842665863805364E-014
          17          13   8.6581131508445163E-014
          17          14  -1.0536567786916634E-004
          17          15   4.5659034819709674E-005
          17          16   1.6251095948672926E-004
          17          17   3.1031869504285631E-005
          17          18   2.1471051402468822E-004
          17          19   1.5295538579226076E-005
          18           1  -2.7013072321815414E-004
          18           2   1.2583902696986400E-003
          18           3  -2.2749190123013870E-013
          18           4  -3.8246892129236962E-013
          18           5  -2.9491967110945422E-013
          18           6  -1.6180767690041065E-003
          18           7   2.8878227272057827E-014
          18           8   4.9964186560734637E-014
          18           9  -2.5686766932005728E-014
          18          10  -1.2270540560175795E-003
          18          11   5.5123641569365821E-015
          18          12   3.1796394201367235E-014
          18          13  -1.1031966410973831E-014
          18          14  -7.2902855088189224E-004
          18          15   3.1591634640823366E-004
          18          16   1.1244186123303061E-003
          18          17   2.1471051402468822E-004
          18          18   1.4855890273184845E-003
          18          19   1.0583032872575118E-004
          19           1   1.3435706330948705E-002
          19           2  -3.2615178943913542E-003
          19           3  -2.1619365755943867E-013
          19           4   2.3360481049994966E-013
          19           5  -5.7940871309815444E-014
          19           6   5.4953503231649006E-006
          19           7   1.4606204909900292E-013
          19           8  -1.1588524873743924E-013
          19           9   1.7374891146266934E-013
          19          10   1.3184321614927153E-004
          19          11   8.5169359646373756E-014
          19          12  -6.8767349658601615E-014
          19          13   9.4316817290229899E-014
          19          14   3.2110317026910802E-005
          19          15   2.2505235415304908E-005
          19          16   1.6414610818584065E-004
          19          17   1.5295538579226076E-005
          19          18   1.0583032872575118E-004
          19          19   9.1583958823943535E-005
