           1           1   2.1176791362487508     
           1           2 -0.28113378618516105     
           1           3  -2.0648024386311681E-015
           1           4  -5.3442624570464949E-016
           1           5   7.1112491291715311E-016
           1           6 -0.29239390840106350     
           1           7   2.2008014522026597E-015
           1           8   8.8168290050481973E-016
           1           9   2.8826121335189035E-016
           1          10   2.7544156815944413E-002
           1          11   8.4560071201542922E-016
           1          12   2.7544156815943771E-002
           1          13  -9.5780252875757646E-016
           1          14   1.1711415498521620E-015
           1          15   2.7544156815945752E-002
           2           1 -0.28113378618516105     
           2           2  0.79452370885862700     
           2           3  -2.6988963080338911E-016
           2           4  -2.7775248596967534E-016
           2           5   5.9407357285581863E-016
           2           6  0.64130658643417560     
           2           7  -7.1067518967926850E-016
           2           8  -5.5933445764485818E-017
           2           9  -2.0419661140664080E-016
           2          10  -5.3084707613932490E-002
           2          11   2.0177562420943340E-017
           2          12  -5.3084707613932670E-002
           2          13   6.5437392002867816E-016
           2          14  -2.9465137965920739E-017
           2          15  -5.3084707613932483E-002
           3           1  -2.0648024386311681E-015
           3           2  -2.6988963080338911E-016
           3           3   1.3504334741423674     
           3           4  -6.5590681572126400E-002
           3           5   5.3906260897715760E-002
           3           6  -6.3308874382315524E-016
           3           7  0.37222639026552573     
           3           8  -4.9201769373437239E-002
           3           9   4.0436893669983515E-002
           3          10   5.7627189613987881E-016
           3          11  -6.8210020815103995E-016
           3          12  -1.5022918047729576E-015
           3          13   2.0209145651855710E-016
           3          14   7.6915221781781399E-016
           3          15   6.8849164337747185E-016
           4           1  -5.3442624570464949E-016
           4           2  -2.7775248596967534E-016
           4           3  -6.5590681572126400E-002
           4           4   1.1200165696380657     
           4           5  0.20363982577439091     
           4           6   1.0292717440378141E-015
           4           7  -4.9201769373437260E-002
           4           8  0.19938294477250820     
           4           9  0.15275706095507666     
           4          10  -1.0071786002757593E-015
           4          11   1.2728413281338354E-016
           4          12   6.1747071495426384E-016
           4          13  -2.3339374634420394E-016
           4          14  -6.6517689487979205E-016
           4          15  -1.0157074812781905E-015
           5           1   7.1112491291715311E-016
           5           2   5.9407357285581863E-016
           5           3   5.3906260897715760E-002
           5           4  0.20363982577439091     
           5           5   1.2004331019812358     
           5           6  -9.9692039764812142E-017
           5           7   4.0436893669981801E-002
           5           8  0.15275706095507699     
           5           9  0.25970608189083522     
           5          10   4.5930328315908256E-017
           5          11  -1.8852792030721375E-016
           5          12   1.5639993691172517E-017
           5          13   1.0368378474893520E-016
           5          14  -3.9540139385437771E-016
           5          15   3.4538292309593947E-016
           6           1 -0.29239390840106350     
           6           2  0.64130658643417560     
           6           3  -6.3308874382315524E-016
           6           4   1.0292717440378141E-015
           6           5  -9.9692039764812142E-017
           6           6  0.58822242708546946     
           6           7  -3.6791527234433017E-016
           6           8  -4.1380193842549909E-017
           6           9  -3.7168793763622879E-016
           6          10  -3.1372243767604412E-002
           6          11  -1.0699082232493139E-016
           6          12  -3.1372243767604571E-002
           6          13   5.5025968807947735E-016
           6          14  -7.8395863806480895E-017
           6          15  -3.1372243767604453E-002
           7           1   2.2008014522026597E-015
           7           2  -7.1067518967926850E-016
           7           3  0.37222639026552573     
           7           4  -4.9201769373437260E-002
           7           5   4.0436893669981801E-002
           7           6  -3.6791527234433017E-016
           7           7  0.23755517464276155     
           7           8  -3.6907896845298001E-002
           7           9   3.0333069711141677E-002
           7          10   3.6140416187845840E-017
           7          11  -1.4676339401412246E-016
           7          12  -1.6511740557981270E-016
           7          13   1.1924719632429354E-018
           7          14  -9.8257540099606106E-018
           7          15   1.8433581551194678E-016
           8           1   8.8168290050481973E-016
           8           2  -5.5933445764485818E-017
           8           3  -4.9201769373437239E-002
           8           4  0.19938294477250820     
           8           5  0.15275706095507699     
           8           6  -4.1380193842549909E-017
           8           7  -3.6907896845298001E-002
           8           8  0.10789951107863356     
           8           9  0.11458819306536423     
           8          10  -2.4917558046380966E-017
           8          11  -5.9255042203516051E-017
           8          12   1.6944133898977004E-016
           8          13   3.5283204280027488E-017
           8          14  -1.7639142582677221E-016
           8          15   1.4288212410095246E-016
           9           1   2.8826121335189035E-016
           9           2  -2.0419661140664080E-016
           9           3   4.0436893669983515E-002
           9           4  0.15275706095507666     
           9           5  0.25970608189083522     
           9           6  -3.7168793763622879E-016
           9           7   3.0333069711141677E-002
           9           8  0.11458819306536423     
           9           9  0.15314991874689901     
           9          10  -1.6964096642485714E-017
           9          11  -1.2741341084995223E-016
           9          12   6.7726824253318943E-017
           9          13   6.4289323676485711E-017
           9          14  -2.0698211833147618E-016
           9          15   2.5273478216625577E-016
          10           1   2.7544156815944413E-002
          10           2  -5.3084707613932490E-002
          10           3   5.7627189613987881E-016
          10           4  -1.0071786002757593E-015
          10           5   4.5930328315908256E-017
          10           6  -3.1372243767604412E-002
          10           7   3.6140416187845840E-017
          10           8  -2.4917558046380966E-017
          10           9  -1.6964096642485714E-017
          10          10   6.0285826137647987E-003
          10          11   1.1931831809397833E-017
          10          12   6.0285826137648126E-003
          10          13  -4.4633206339217863E-017
          10          14   1.2500096865726696E-017
          10          15   6.0285826137648057E-003
          11           1   8.4560071201542922E-016
          11           2   2.0177562420943340E-017
          11           3  -6.8210020815103995E-016
          11           4   1.2728413281338354E-016
          11           5  -1.8852792030721375E-016
          11           6  -1.0699082232493139E-016
          11           7  -1.4676339401412246E-016
          11           8  -5.9255042203516051E-017
          11           9  -1.2741341084995223E-016
          11          10   1.1931831809397833E-017
          11          11   2.5873086075187652E-030
          11          12   1.1931831809399751E-017
          11          13  -3.7807443323313870E-031
          11          14   6.0777240030388122E-031
          11          15   1.1931831809398292E-017
          12           1   2.7544156815943771E-002
          12           2  -5.3084707613932670E-002
          12           3  -1.5022918047729576E-015
          12           4   6.1747071495426384E-016
          12           5   1.5639993691172517E-017
          12           6  -3.1372243767604571E-002
          12           7  -1.6511740557981270E-016
          12           8   1.6944133898977004E-016
          12           9   6.7726824253318943E-017
          12          10   6.0285826137648126E-003
          12          11   1.1931831809399751E-017
          12          12   6.0285826137648274E-003
          12          13  -4.4633206339218596E-017
          12          14   1.2500096865723872E-017
          12          15   6.0285826137648196E-003
          13           1  -9.5780252875757646E-016
          13           2   6.5437392002867816E-016
          13           3   2.0209145651855710E-016
          13           4  -2.3339374634420394E-016
          13           5   1.0368378474893520E-016
          13           6   5.5025968807947735E-016
          13           7   1.1924719632429354E-018
          13           8   3.5283204280027488E-017
          13           9   6.4289323676485711E-017
          13          10  -4.4633206339217863E-017
          13          11  -3.7807443323313870E-031
          13          12  -4.4633206339218596E-017
          13          13   9.9731625827314176E-031
          13          14  -1.2020327116508143E-031
          13          15  -4.4633206339218165E-017
          14           1   1.1711415498521620E-015
          14           2  -2.9465137965920739E-017
          14           3   7.6915221781781399E-016
          14           4  -6.6517689487979205E-016
          14           5  -3.9540139385437771E-016
          14           6  -7.8395863806480895E-017
          14           7  -9.8257540099606106E-018
          14           8  -1.7639142582677221E-016
          14           9  -2.0698211833147618E-016
          14          10   1.2500096865726696E-017
          14          11   6.0777240030388122E-031
          14          12   1.2500096865723872E-017
          14          13  -1.2020327116508143E-031
          14          14   2.1460330743969000E-030
          14          15   1.2500096865727190E-017
          15           1   2.7544156815945752E-002
          15           2  -5.3084707613932483E-002
          15           3   6.8849164337747185E-016
          15           4  -1.0157074812781905E-015
          15           5   3.4538292309593947E-016
          15           6  -3.1372243767604453E-002
          15           7   1.8433581551194678E-016
          15           8   1.4288212410095246E-016
          15           9   2.5273478216625577E-016
          15          10   6.0285826137648057E-003
          15          11   1.1931831809398292E-017
          15          12   6.0285826137648196E-003
          15          13  -4.4633206339218165E-017
          15          14   1.2500096865727190E-017
          15          15   6.0285826137648135E-003
