           1           1   2.2434821038653916     
           1           2  0.91575360540048090     
           1           3   3.6803219481892092E-014
           1           4  -6.8459064156035271E-014
           1           5  -3.0089990775984167E-014
           1           6  0.44178328895094693     
           1           7  -2.0721694813288173E-015
           1           8   9.8352198683783573E-015
           1           9  -1.0801392721515232E-014
           1          10 -0.11729228716619970     
           1          11  -9.9166803564643238E-015
           1          12  -7.3101271362239457E-016
           1          13   2.4471413060959802E-015
           1          14  -1.8666853441990671E-003
           1          15   5.8238704659425251E-015
           1          16  -8.4303713348578772E-016
           1          17  -2.4733075580929698E-015
           1          18  0.36361872832436054     
           1          19   4.7378915205996165E-005
           1          20  0.36317215419893373     
           1          21   1.2470079366282031E-005
           1          22   1.2441272656212588E-004
           1          23  0.36359870814365014     
           1          24  -3.3112408595054640E-002
           1          25  -8.8614392149811053E-005
           1          26  -3.2261020693965296E-002
           1          27  -2.2781235907182038E-005
           1          28  -2.3298878538206114E-004
           1          29  -3.3074230473008712E-002
           1          30  -4.9462323069953747E-002
           1          31  -7.3348701067642012E-005
           1          32  -4.8769480113921918E-002
           1          33  -1.8120866827599804E-005
           1          34  -1.9325271775676856E-004
           1          35  -4.9431255676693001E-002
           2           1  0.91575360540048090     
           2           2   3.3939274326211137     
           2           3   1.2344984713099307E-013
           2           4  -2.2039249071417168E-013
           2           5  -1.0813935261908500E-013
           2           6  0.89846327761091049     
           2           7  -1.4398024110449005E-014
           2           8   3.0323296565519026E-014
           2           9  -2.3167723833471040E-014
           2          10 -0.83788470319198705     
           2          11  -1.2952681495277640E-014
           2          12  -2.2524722934257922E-015
           2          13   1.0030529824153601E-014
           2          14  -1.7875096881022363E-002
           2          15   6.2546218676715219E-015
           2          16  -1.7643096935801072E-014
           2          17   7.2141009258691473E-015
           2          18   1.1541178453330785     
           2          19   1.8334429343751232E-004
           2          20   1.1524010559882960     
           2          21   4.8706977305412132E-005
           2          22   4.8119962260519356E-004
           2          23   1.1540408855077131     
           2          24 -0.29981910023651687     
           2          25  -3.6811831046427361E-004
           2          26 -0.29628073098483421     
           2          27  -9.4612055735634744E-005
           2          28  -9.6788608682402502E-004
           2          29 -0.29966043015441823     
           2          30 -0.31179325738446928     
           2          31  -3.0310365015793225E-004
           2          32 -0.30893036225034987     
           2          33  -7.4875344388367586E-005
           2          34  -7.9859453964765037E-004
           2          35 -0.31166488398803138     
           3           1   3.6803219481892092E-014
           3           2   1.2344984713099307E-013
           3           3   2.3088918443936159     
           3           4  -4.5031417078827268E-006
           3           5  -1.0293953194868283E-006
           3           6   6.5233624460284051E-014
           3           7 -0.86509850615948136     
           3           8   1.4943989896855359E-005
           3           9   3.4135788106381612E-006
           3          10   2.6419483113653167E-014
           3          11  0.11035953271162650     
           3          12  -3.9151108596533531E-005
           3          13  -8.9133061834749915E-006
           3          14  -2.6302999336552897E-016
           3          15  -5.4487977707705491E-002
           3          16   2.0090129789589401E-005
           3          17   4.5667312326212847E-006
           3          18   2.0106789553550336E-014
           3          19   3.8020032115827982E-015
           3          20   1.2309976071298165E-014
           3          21  -2.4285084410142257E-014
           3          22   2.0404414367107997E-014
           3          23   6.5997358629592481E-014
           3          24   4.3259212773245795E-015
           3          25   4.2058106385118465E-015
           3          26   1.1744269226783032E-014
           3          27  -1.7687237798615488E-016
           3          28  -2.6130206842847780E-015
           3          29   7.0936355380108192E-015
           3          30   5.6999671177598416E-015
           3          31  -2.3438740548596928E-015
           3          32   9.1033037439985832E-015
           3          33   3.6249618707499410E-015
           3          34   9.1680421722048238E-016
           3          35   1.0184520663262008E-014
           4           1  -6.8459064156035271E-014
           4           2  -2.2039249071417168E-013
           4           3  -4.5031417078827268E-006
           4           4   2.3089436948861559     
           4           5  -1.1909767872995275E-005
           4           6  -3.2916534526629927E-014
           4           7   1.4943989896439025E-005
           4           8 -0.86527058303467963     
           4           9   3.9524846076791076E-005
           4          10   2.9666330199786616E-014
           4          11  -3.9151108603148899E-005
           4          12  0.11081043190421033     
           4          13  -1.0356566005667502E-004
           4          14   3.5140545547671673E-015
           4          15   2.0090129786565778E-005
           4          16  -5.4719373201615976E-002
           4          17   5.3147882173224144E-005
           4          18   6.6666648489421289E-015
           4          19  -8.8001051885457896E-015
           4          20  -2.2441241586922517E-014
           4          21   1.6402133246009254E-014
           4          22  -9.7039606622820349E-015
           4          23  -5.5286667160913536E-014
           4          24   1.1016634049951119E-014
           4          25   2.4890994056783887E-015
           4          26   2.5725811335868846E-016
           4          27   6.3457526413129088E-015
           4          28   3.0884723771542650E-015
           4          29  -2.6007859071487799E-015
           4          30   1.4443380150798168E-014
           4          31   4.9364434428698842E-015
           4          32   1.0575580204455529E-014
           4          33  -1.0157242842627514E-015
           4          34  -1.4340290667071996E-015
           4          35   7.7799512805275526E-015
           5           1  -3.0089990775984167E-014
           5           2  -1.0813935261908500E-013
           5           3  -1.0293953194868283E-006
           5           4  -1.1909767872995275E-005
           5           5   2.3088941714922582     
           5           6  -1.1324756188576931E-014
           5           7   3.4135788082806720E-006
           5           8   3.9524846076686992E-005
           5           9 -0.86510622912783697     
           5          10   8.7579149118487226E-015
           5          11  -8.9133061899029009E-006
           5          12  -1.0356566005231913E-004
           5          13  0.11037976948181821     
           5          14  -4.6611489093701293E-016
           5          15   4.5667312419968146E-006
           5          16   5.3147882178166371E-005
           5          17  -5.4498362950161430E-002
           5          18   2.8751250439700680E-014
           5          19   1.2059463535370828E-016
           5          20  -7.7170916703949880E-015
           5          21  -7.3735622119780769E-015
           5          22   1.4727807541358700E-014
           5          23  -3.5262191101761324E-014
           5          24   1.1831269669044074E-015
           5          25   2.3691258416538945E-015
           5          26   2.1314522085839863E-015
           5          27  -1.4814295917006659E-016
           5          28  -1.6799641965717105E-015
           5          29  -3.1947448357886647E-015
           5          30   7.1028653714948009E-016
           5          31  -5.1968227787479371E-016
           5          32   2.4660388999115130E-015
           5          33   2.9570513916561499E-015
           5          34   2.0940158503985022E-015
           5          35   3.3977884501274466E-015
           6           1  0.44178328895094693     
           6           2  0.89846327761091049     
           6           3   6.5233624460284051E-014
           6           4  -3.2916534526629927E-014
           6           5  -1.1324756188576931E-014
           6           6   1.5822507402772423     
           6           7  -3.6965301842762186E-014
           6           8   2.6669268204625338E-014
           6           9  -2.0185033620922092E-014
           6          10  0.14006343494029200     
           6          11  -4.9162544561144784E-015
           6          12  -9.8982109282405398E-016
           6          13   4.5145447458175614E-015
           6          14   8.7969025497918202E-003
           6          15   2.7021177732167943E-015
           6          16  -7.2971427737969457E-016
           6          17   1.6055203755535905E-016
           6          18  0.22342365954662552     
           6          19  -3.9178231340236458E-004
           6          20  0.22713434607129690     
           6          21  -1.0252657308915023E-004
           6          22  -1.0291064369554147E-003
           6          23  0.22359002072405837     
           6          24  0.21600305079482135     
           6          25   7.5772299896820282E-004
           6          26  0.20870086477801952     
           6          27   1.9290517709320896E-004
           6          28   1.9932696234316732E-003
           6          29  0.21567557991666247     
           6          30  0.10997476245901047     
           6          31   5.5478339489864394E-004
           6          32  0.10474242818632218     
           6          33   1.3732737361371486E-004
           6          34   1.4615487046672972E-003
           6          35  0.10974014819417754     
           7           1  -2.0721694813288173E-015
           7           2  -1.4398024110449005E-014
           7           3 -0.86509850615948136     
           7           4   1.4943989896439025E-005
           7           5   3.4135788082806720E-006
           7           6  -3.6965301842762186E-014
           7           7   2.4178167466171914     
           7           8  -4.8434790809293027E-005
           7           9  -1.1056487826274775E-005
           7          10  -4.0291469538236746E-014
           7          11 -0.26574981766468875     
           7          12   1.1057537369838465E-004
           7          13   2.5162836340440276E-005
           7          14   5.9338142557136573E-015
           7          15  0.13127024845454707     
           7          16  -5.6760214967005451E-005
           7          17  -1.2896058269803350E-005
           7          18   1.3348241759148020E-014
           7          19  -1.4497661634857128E-014
           7          20   2.7531163060456264E-014
           7          21   7.4789149748817793E-014
           7          22  -5.5160149178980662E-014
           7          23  -1.3838599129232416E-013
           7          24   5.7282327310883795E-015
           7          25   2.7336822400379481E-016
           7          26  -1.1604946391873359E-014
           7          27  -3.4038797877828201E-015
           7          28   4.7257888993486423E-015
           7          29  -1.4880618338389412E-014
           7          30  -1.0031260149852962E-014
           7          31   6.3010031127197033E-016
           7          32  -1.8624719808363733E-014
           7          33  -1.9741716007188850E-015
           7          34  -1.1752779047451453E-015
           7          35  -9.9374377931070348E-015
           8           1   9.8352198683783573E-015
           8           2   3.0323296565519026E-014
           8           3   1.4943989896855359E-005
           8           4 -0.86527058303467963     
           8           5   3.9524846076686992E-005
           8           6   2.6669268204625338E-014
           8           7  -4.8434790809293027E-005
           8           8   2.4183744829724647     
           8           9  -1.2810745491043107E-004
           8          10   3.9569269176730283E-015
           8          11   1.1057537369257332E-004
           8          12 -0.26702333366414754     
           8          13   2.9250898500970263E-004
           8          14   6.0463100218625868E-015
           8          15  -5.6760214953351443E-005
           8          16  0.13192402246020890     
           8          17  -1.5016097410482966E-004
           8          18  -6.1136461150173436E-014
           8          19   3.9578587604657696E-014
           8          20   5.2946047045970796E-014
           8          21  -5.1809614420429840E-014
           8          22   4.9523524139454241E-014
           8          23   1.0347101407117573E-013
           8          24  -1.7329698818292625E-014
           8          25  -5.7175253233197370E-015
           8          26  -5.4928678156037618E-015
           8          27  -3.7761184812296746E-015
           8          28  -8.6821354778495347E-015
           8          29   2.3776404925375208E-014
           8          30  -8.7107538597030679E-015
           8          31   1.3445252658019075E-015
           8          32   3.2066179754317720E-015
           8          33   6.0079205631394202E-015
           8          34   3.4453041237223505E-015
           8          35  -1.5835476641966516E-015
           9           1  -1.0801392721515232E-014
           9           2  -2.3167723833471040E-014
           9           3   3.4135788106381612E-006
           9           4   3.9524846076791076E-005
           9           5 -0.86510622912783697     
           9           6  -2.0185033620922092E-014
           9           7  -1.1056487826274775E-005
           9           8  -1.2810745491043107E-004
           9           9   2.4178417783375350     
           9          10  -9.8038318409156177E-015
           9          11   2.5162836345735519E-005
           9          12   2.9250898500258679E-004
           9          13 -0.26580697423322508     
           9          14  -1.4256765962238354E-015
           9          15  -1.2896058276108094E-005
           9          16  -1.5016097409847017E-004
           9          17  0.13129959043281178     
           9          18  -9.0514815560445089E-014
           9          19   6.5965212761242845E-016
           9          20  -9.5962917278975169E-015
           9          21   2.0028354585544184E-014
           9          22  -3.2653278140893519E-014
           9          23   7.8211062121330821E-014
           9          24  -5.0291291773762880E-015
           9          25  -4.1268583349142150E-015
           9          26   1.4417281794163015E-015
           9          27  -2.8781206515491140E-015
           9          28   6.4164420554146539E-016
           9          29   9.4004612429217312E-016
           9          30  -1.5707594236872814E-015
           9          31  -2.9243983418435713E-015
           9          32  -6.4298288510729423E-015
           9          33  -1.2559992782508386E-015
           9          34   1.5040813954848267E-015
           9          35   2.7419725465695841E-015
          10           1 -0.11729228716619970     
          10           2 -0.83788470319198705     
          10           3   2.6419483113653167E-014
          10           4   2.9666330199786616E-014
          10           5   8.7579149118487226E-015
          10           6  0.14006343494029200     
          10           7  -4.0291469538236746E-014
          10           8   3.9569269176730283E-015
          10           9  -9.8038318409156177E-015
          10          10   2.8405416874711085     
          10          11   1.7073574500280368E-014
          10          12  -6.9034849582736692E-016
          10          13   1.2088365079809624E-014
          10          14   5.6080180865999335E-002
          10          15  -5.6019275449848163E-015
          10          16  -4.5097399488084648E-016
          10          17  -5.4947259684467494E-015
          10          18 -0.74361213201451648     
          10          19   1.7977802916952122E-003
          10          20 -0.76155918837499548     
          10          21   4.2930494445548152E-004
          10          22   4.7447222638904501E-003
          10          23 -0.74441722127236609     
          10          24  0.98454448326188793     
          10          25  -1.2927161933862490E-003
          10          26  0.99697133029184304     
          10          27  -3.2384326079346737E-004
          10          28  -3.4034946402792159E-003
          10          29  0.98510173278144186     
          10          30  0.81833097276174316     
          10          31  -7.9077988578309187E-004
          10          32  0.82576942345889981     
          10          33  -1.9745246183079798E-004
          10          34  -2.0823383576981155E-003
          10          35  0.81866449054574109     
          11           1  -9.9166803564643238E-015
          11           2  -1.2952681495277640E-014
          11           3  0.11035953271162650     
          11           4  -3.9151108603148899E-005
          11           5  -8.9133061899029009E-006
          11           6  -4.9162544561144784E-015
          11           7 -0.26574981766468875     
          11           8   1.1057537369257332E-004
          11           9   2.5162836345735519E-005
          11          10   1.7073574500280368E-014
          11          11   3.1844106967277533E-002
          11          12  -1.6894493268543786E-005
          11          13  -3.7964380656682828E-006
          11          14  -3.9225550774640426E-016
          11          15  -1.5587342445313119E-002
          11          16   8.7103621876318178E-006
          11          17   1.9558794967643476E-006
          11          18   1.2625849827483543E-016
          11          19   7.6614567892445492E-015
          11          20  -2.8784498324917356E-016
          11          21  -1.0789983324007964E-014
          11          22   5.1423000397890633E-015
          11          23   5.1862078331705163E-015
          11          24  -2.7731507237364144E-015
          11          25  -2.5872847968323070E-015
          11          26  -1.8332260514730947E-015
          11          27   1.4979586210938322E-015
          11          28  -3.2030297017002417E-015
          11          29  -1.0873494089423485E-015
          11          30   1.6530282501079202E-015
          11          31  -3.8930200397672924E-016
          11          32   3.3920201466930081E-015
          11          33   4.0565792935388470E-016
          11          34  -1.3536071089078594E-016
          11          35   1.8584234345397211E-015
          12           1  -7.3101271362239457E-016
          12           2  -2.2524722934257922E-015
          12           3  -3.9151108596533531E-005
          12           4  0.11081043190421033     
          12           5  -1.0356566005231913E-004
          12           6  -9.8982109282405398E-016
          12           7   1.1057537369838465E-004
          12           8 -0.26702333366414754     
          12           9   2.9250898500258679E-004
          12          10  -6.9034849582736692E-016
          12          11  -1.6894493268543786E-005
          12          12   3.2038817075079079E-002
          12          13  -4.4717840365444657E-005
          12          14  -6.8060897791837230E-016
          12          15   8.7103621862129766E-006
          12          16  -1.5687733981013932E-002
          12          17   2.3056156648921730E-005
          12          18   6.6167870732804325E-014
          12          19   4.6316809464549886E-015
          12          20  -1.7023051731682574E-015
          12          21   1.5180733590026279E-014
          12          22  -9.2036959563274076E-015
          12          23  -8.2366626386625913E-014
          12          24   1.2178942137693323E-014
          12          25  -1.0405329017247991E-014
          12          26   2.4308675128661613E-015
          12          27   4.4548461820454833E-015
          12          28   1.1752606936218253E-015
          12          29  -7.1549858444482572E-015
          12          30   3.1902490925064685E-015
          12          31  -1.5307947371805333E-015
          12          32   9.4380679851801596E-016
          12          33  -4.8335633997181429E-016
          12          34  -5.5286650845596579E-016
          12          35   5.8679981860485080E-016
          13           1   2.4471413060959802E-015
          13           2   1.0030529824153601E-014
          13           3  -8.9133061834749915E-006
          13           4  -1.0356566005667502E-004
          13           5  0.11037976948181821     
          13           6   4.5145447458175614E-015
          13           7   2.5162836340440276E-005
          13           8   2.9250898500970263E-004
          13           9 -0.26580697423322508     
          13          10   1.2088365079809624E-014
          13          11  -3.7964380656682828E-006
          13          12  -4.4717840365444657E-005
          13          13   3.1852845735872694E-002
          13          14   2.6028461347151304E-016
          13          15   1.9558794972744919E-006
          13          16   2.3056156648646017E-005
          13          17  -1.5591848109705958E-002
          13          18  -8.6219982565316204E-014
          13          19  -3.7779917066622776E-015
          13          20  -4.4991149385493942E-015
          13          21  -1.6548523896340751E-015
          13          22   9.3632880454241432E-015
          13          23   8.4836597597922092E-014
          13          24  -9.0771792683491940E-015
          13          25   5.8319336790381208E-015
          13          26   1.3957883055599288E-015
          13          27  -5.9964829701790728E-016
          13          28  -2.1082308338194852E-015
          13          29   1.0903438726626230E-014
          13          30   1.3838385305152462E-015
          13          31   8.6505152608876782E-016
          13          32   3.0154362332201052E-015
          13          33   5.5256563097674400E-017
          13          34  -3.0856834227368380E-016
          13          35   3.5181300373182396E-015
          14           1  -1.8666853441990671E-003
          14           2  -1.7875096881022363E-002
          14           3  -2.6302999336552897E-016
          14           4   3.5140545547671673E-015
          14           5  -4.6611489093701293E-016
          14           6   8.7969025497918202E-003
          14           7   5.9338142557136573E-015
          14           8   6.0463100218625868E-015
          14           9  -1.4256765962238354E-015
          14          10   5.6080180865999335E-002
          14          11  -3.9225550774640426E-016
          14          12  -6.8060897791837230E-016
          14          13   2.6028461347151304E-016
          14          14   1.1731845010954762E-003
          14          15   2.5406215732478959E-016
          14          16   3.6874768650213133E-016
          14          17  -1.4168615110931087E-016
          14          18  -1.6464644894468066E-002
          14          19   2.6865163498922505E-005
          14          20  -1.6733431255908336E-002
          14          21   6.2734425286205991E-006
          14          22   7.0980197096870984E-005
          14          23  -1.6476706981255966E-002
          14          24   2.2354148898826309E-002
          14          25  -9.7451037262440694E-006
          14          26   2.2447347533492302E-002
          14          27  -2.4244493904890792E-006
          14          28  -2.5666325037372331E-005
          14          29   2.2358327141630455E-002
          14          30   1.7563771763633065E-002
          14          31  -5.8074933569033267E-006
          14          32   1.7618386038554881E-002
          14          33  -1.4624261093680292E-006
          14          34  -1.5285984640201825E-005
          14          35   1.7566220377849738E-002
          15           1   5.8238704659425251E-015
          15           2   6.2546218676715219E-015
          15           3  -5.4487977707705491E-002
          15           4   2.0090129786565778E-005
          15           5   4.5667312419968146E-006
          15           6   2.7021177732167943E-015
          15           7  0.13127024845454707     
          15           8  -5.6760214953351443E-005
          15           9  -1.2896058276108094E-005
          15          10  -5.6019275449848163E-015
          15          11  -1.5587342445313119E-002
          15          12   8.7103621862129766E-006
          15          13   1.9558794972744919E-006
          15          14   2.5406215732478959E-016
          15          15   7.6372698819582984E-003
          15          16  -4.4907463822792845E-006
          15          17  -1.0076167944656530E-006
          15          18  -3.2753084913725198E-014
          15          19  -4.1501344852366443E-015
          15          20  -1.1450807253662059E-014
          15          21   5.8273069003407147E-015
          15          22   3.9607875387108418E-016
          15          23   3.9589422181240599E-014
          15          24  -1.3362607273951781E-015
          15          25   1.3068011791187422E-015
          15          26   2.0337198364147844E-015
          15          27  -6.8029409025545072E-016
          15          28   8.0690257652777842E-016
          15          29   2.8512628200300106E-015
          15          30  -7.3589406790416329E-016
          15          31   2.0613520692548346E-016
          15          32  -1.4364353510793076E-015
          15          33  -1.6889275209648689E-016
          15          34  -4.3694996048638300E-017
          15          35   5.1548287611337868E-016
          16           1  -8.4303713348578772E-016
          16           2  -1.7643096935801072E-014
          16           3   2.0090129789589401E-005
          16           4  -5.4719373201615976E-002
          16           5   5.3147882178166371E-005
          16           6  -7.2971427737969457E-016
          16           7  -5.6760214967005451E-005
          16           8  0.13192402246020890     
          16           9  -1.5016097409847017E-004
          16          10  -4.5097399488084648E-016
          16          11   8.7103621876318178E-006
          16          12  -1.5687733981013932E-002
          16          13   2.3056156648646017E-005
          16          14   3.6874768650213133E-016
          16          15  -4.4907463822792845E-006
          16          16   7.6890302263510320E-003
          16          17  -1.1887333290357474E-005
          16          18  -3.1007551744388144E-014
          16          19  -1.9905891055623320E-015
          16          20  -4.9994962836597288E-016
          16          21  -1.1044317360022153E-014
          16          22   7.2855347910083289E-015
          16          23   2.5900953960659892E-014
          16          24  -3.4337074533664312E-015
          16          25   7.3353651643437052E-016
          16          26   6.6354519163648069E-016
          16          27  -1.3601272084914124E-015
          16          28  -1.5185349235962831E-015
          16          29   5.8776883940165568E-015
          16          30  -2.0108537562181845E-016
          16          31   2.1754528243601043E-016
          16          32   7.7577763393538013E-016
          16          33   2.9974899638018983E-016
          16          34   1.9817644798949615E-016
          16          35   6.8747392454351872E-016
          17           1  -2.4733075580929698E-015
          17           2   7.2141009258691473E-015
          17           3   4.5667312326212847E-006
          17           4   5.3147882173224144E-005
          17           5  -5.4498362950161430E-002
          17           6   1.6055203755535905E-016
          17           7  -1.2896058269803350E-005
          17           8  -1.5016097410482966E-004
          17           9  0.13129959043281178     
          17          10  -5.4947259684467494E-015
          17          11   1.9558794967643476E-006
          17          12   2.3056156648921730E-005
          17          13  -1.5591848109705958E-002
          17          14  -1.4168615110931087E-016
          17          15  -1.0076167944656530E-006
          17          16  -1.1887333290357474E-005
          17          17   7.6395929337885410E-003
          17          18   9.6756624921606087E-014
          17          19   8.4669599998889803E-017
          17          20  -1.0636416591568254E-015
          17          21   1.3366980009757655E-015
          17          22   1.9377973216419072E-015
          17          23  -8.5662268601145716E-014
          17          24   8.7738920556759709E-015
          17          25  -2.7031120195719107E-015
          17          26  -1.3622186926953962E-015
          17          27   3.8741658197962757E-016
          17          28   1.2067095466180554E-015
          17          29  -1.2232352433677141E-014
          17          30  -4.8070214725293992E-016
          17          31  -4.1046937470760699E-016
          17          32  -2.1407090508607413E-015
          17          33  -3.3079637097139832E-017
          17          34   1.8623910182821861E-016
          17          35  -2.7719225949772376E-015
          18           1  0.36361872832436054     
          18           2   1.1541178453330785     
          18           3   2.0106789553550336E-014
          18           4   6.6666648489421289E-015
          18           5   2.8751250439700680E-014
          18           6  0.22342365954662552     
          18           7   1.3348241759148020E-014
          18           8  -6.1136461150173436E-014
          18           9  -9.0514815560445089E-014
          18          10 -0.74361213201451648     
          18          11   1.2625849827483543E-016
          18          12   6.6167870732804325E-014
          18          13  -8.6219982565316204E-014
          18          14  -1.6464644894468066E-002
          18          15  -3.2753084913725198E-014
          18          16  -3.1007551744388144E-014
          18          17   9.6756624921606087E-014
          18          18   2.5416410022317963     
          18          19   6.0936528063880980E-005
          18          20 -0.42089395048700362     
          18          21   1.6986665933011361E-005
          18          22   4.9629487343158594E-004
          18          23 -0.41913246551001332     
          18          24 -0.29683913806567036     
          18          25  -1.3162425842210021E-004
          18          26 -0.28965631503877237     
          18          27  -3.4779802591275564E-005
          18          28  -6.7672658382210177E-004
          18          29 -0.29203244398506517     
          18          30 -0.20963409181830622     
          18          31  -1.4071877861970080E-004
          18          32 -0.28310306907711941     
          18          33  -3.4671454025887057E-005
          18          34  -3.0706239148019297E-004
          18          35 -0.28414788921692219     
          19           1   4.7378915205996165E-005
          19           2   1.8334429343751232E-004
          19           3   3.8020032115827982E-015
          19           4  -8.8001051885457896E-015
          19           5   1.2059463535370828E-016
          19           6  -3.9178231340236458E-004
          19           7  -1.4497661634857128E-014
          19           8   3.9578587604657696E-014
          19           9   6.5965212761242845E-016
          19          10   1.7977802916952122E-003
          19          11   7.6614567892445492E-015
          19          12   4.6316809464549886E-015
          19          13  -3.7779917066622776E-015
          19          14   2.6865163498922505E-005
          19          15  -4.1501344852366443E-015
          19          16  -1.9905891055623320E-015
          19          17   8.4669599998889803E-017
          19          18   6.0936528063880980E-005
          19          19   2.1061767715901385     
          19          20   3.8389622060739170E-005
          19          21  -3.0613848796998046E-002
          19          22  -2.6324786975931726E-003
          19          23   1.8723439370216090E-004
          19          24  -7.8935727073570650E-005
          19          25 -0.36753497494479892     
          19          26  -4.4357165091689887E-005
          19          27   8.3292995590788232E-002
          19          28   7.1696904576380076E-003
          19          29  -1.9487568312099738E-004
          19          30   1.9998070750700716E-004
          19          31   7.4400744426676452E-003
          19          32   2.2204947746114223E-004
          19          33   9.8597537798659363E-003
          19          34   8.4368407458626179E-004
          19          35   2.2413638473025725E-004
          20           1  0.36317215419893373     
          20           2   1.1524010559882960     
          20           3   1.2309976071298165E-014
          20           4  -2.2441241586922517E-014
          20           5  -7.7170916703949880E-015
          20           6  0.22713434607129690     
          20           7   2.7531163060456264E-014
          20           8   5.2946047045970796E-014
          20           9  -9.5962917278975169E-015
          20          10 -0.76155918837499548     
          20          11  -2.8784498324917356E-016
          20          12  -1.7023051731682574E-015
          20          13  -4.4991149385493942E-015
          20          14  -1.6733431255908336E-002
          20          15  -1.1450807253662059E-014
          20          16  -4.9994962836597288E-016
          20          17  -1.0636416591568254E-015
          20          18 -0.42089395048700362     
          20          19   3.8389622060739170E-005
          20          20   2.5407539521937381     
          20          21   4.0195329031016040E-005
          20          22   1.0017362595380359E-004
          20          23 -0.42096693073652669     
          20          24 -0.29036422773809284     
          20          25  -9.6919568343923991E-005
          20          26 -0.29536392081224977     
          20          27  -5.4515736694174064E-005
          20          28  -2.5422537138147349E-004
          20          29 -0.29026763344623630     
          20          30 -0.28650657633493509     
          20          31  -1.1780043435852365E-004
          20          32 -0.21059091597782820     
          20          33  -2.3462391669973794E-005
          20          34  -3.1044256578902882E-004
          20          35 -0.28646720498587880     
          21           1   1.2470079366282031E-005
          21           2   4.8706977305412132E-005
          21           3  -2.4285084410142257E-014
          21           4   1.6402133246009254E-014
          21           5  -7.3735622119780769E-015
          21           6  -1.0252657308915023E-004
          21           7   7.4789149748817793E-014
          21           8  -5.1809614420429840E-014
          21           9   2.0028354585544184E-014
          21          10   4.2930494445548152E-004
          21          11  -1.0789983324007964E-014
          21          12   1.5180733590026279E-014
          21          13  -1.6548523896340751E-015
          21          14   6.2734425286205991E-006
          21          15   5.8273069003407147E-015
          21          16  -1.1044317360022153E-014
          21          17   1.3366980009757655E-015
          21          18   1.6986665933011361E-005
          21          19  -3.0613848796998046E-002
          21          20   4.0195329031016040E-005
          21          21   1.9788703566906172     
          21          22  -1.1572424076790412E-002
          21          23   1.6730196696338871E-005
          21          24  -2.7790684441181553E-005
          21          25   8.3292996603176628E-002
          21          26  -4.5830699329421371E-005
          21          27  -2.1170087471546292E-002
          21          28   3.1487427231495925E-002
          21          29  -2.7399787305744819E-005
          21          30   4.3700819278395591E-005
          21          31   9.8597494527292631E-003
          21          32   5.4524035022203055E-005
          21          33   4.8444574561944870E-002
          21          34   3.7262164228076037E-003
          21          35   4.3948775393912875E-005
          22           1   1.2441272656212588E-004
          22           2   4.8119962260519356E-004
          22           3   2.0404414367107997E-014
          22           4  -9.7039606622820349E-015
          22           5   1.4727807541358700E-014
          22           6  -1.0291064369554147E-003
          22           7  -5.5160149178980662E-014
          22           8   4.9523524139454241E-014
          22           9  -3.2653278140893519E-014
          22          10   4.7447222638904501E-003
          22          11   5.1423000397890633E-015
          22          12  -9.2036959563274076E-015
          22          13   9.3632880454241432E-015
          22          14   7.0980197096870984E-005
          22          15   3.9607875387108418E-016
          22          16   7.2855347910083289E-015
          22          17   1.9377973216419072E-015
          22          18   4.9629487343158594E-004
          22          19  -2.6324786975931726E-003
          22          20   1.0017362595380359E-004
          22          21  -1.1572424076790412E-002
          22          22   2.1121726113621282     
          22          23   1.5683674142950331E-004
          22          24  -5.1424527220399142E-004
          22          25   7.1696899059189361E-003
          22          26  -1.1244418193285495E-004
          22          27   3.1487424427841117E-002
          22          28 -0.38383171184224080     
          22          29  -1.9937259640860158E-004
          22          30   5.9127210450255982E-004
          22          31   8.4368643427817718E-004
          22          32   5.8810369725466902E-004
          22          33   3.7262284065457357E-003
          22          34   5.4994655955507791E-003
          22          35   5.3260652731483484E-004
          23           1  0.36359870814365014     
          23           2   1.1540408855077131     
          23           3   6.5997358629592481E-014
          23           4  -5.5286667160913536E-014
          23           5  -3.5262191101761324E-014
          23           6  0.22359002072405837     
          23           7  -1.3838599129232416E-013
          23           8   1.0347101407117573E-013
          23           9   7.8211062121330821E-014
          23          10 -0.74441722127236609     
          23          11   5.1862078331705163E-015
          23          12  -8.2366626386625913E-014
          23          13   8.4836597597922092E-014
          23          14  -1.6476706981255966E-002
