           1           1   2.2065863390524045     
           1           2  0.73145900322349389     
           1           3  -1.6172350965226594E-009
           1           4  -1.8707703999996421E-010
           1           5   1.2721054669900196E-009
           1           6 -0.28214270579044015     
           1           7   4.8221227723536250E-009
           1           8   8.1178562997631298E-010
           1           9  -4.0188251670082503E-009
           1          10   7.5814062778915864E-002
           1          11  -1.3231047318659654E-008
           1          12  -2.0264525109855141E-009
           1          13   9.6680006046175533E-009
           1          14  -1.5662488781881527E-002
           1          15  -2.3331374855008433E-009
           1          16  -1.4809913351873942E-009
           1          17   7.3350736235406051E-009
           1          18  -6.6639490053351982E-003
           1          19   1.7678822104059939E-004
           1          20  -6.9510571306693920E-003
           1          21   7.4846146286634303E-005
           1          22  -1.7278080395909486E-004
           1          23  -6.6609781571558080E-003
           1          24   5.1469232967460378E-003
           1          25   1.5466334117096217E-005
           1          26   5.1218000949246568E-003
           1          27   6.5481484271625342E-006
           1          28  -1.5118253584961907E-005
           1          29   5.1471814910477188E-003
           1          30   7.2890218183421117E-003
           1          31   4.5300329000490659E-005
           1          32   7.2154322106436769E-003
           1          33   1.9180385133146826E-005
           1          34  -4.4283362254945438E-005
           1          35   7.2897779739577572E-003
           2           1  0.73145900322349389     
           2           2   2.6026958998189240     
           2           3  -6.6727406072742747E-009
           2           4  -7.6010595873279815E-010
           2           5   4.0922630325918614E-009
           2           6  -1.0876166971080403     
           2           7   1.9875623749760161E-008
           2           8   3.0909857262943377E-009
           2           9  -1.2345844892329498E-008
           2          10  0.20386631710262887     
           2          11  -5.2731607091410673E-008
           2          12  -7.5375280964182099E-009
           2          13   2.7597483974785008E-008
           2          14  -5.5570919036592024E-002
           2          15  -1.1832545673154015E-008
           2          16  -5.3903187256489084E-009
           2          17   2.2060045810989731E-008
           2          18  -9.8305954932797080E-003
           2          19   6.8962397932818083E-004
           2          20  -1.0950561120476328E-002
           2          21   2.9196361016746062E-004
           2          22  -6.7399200272266801E-004
           2          23  -9.8190066878845964E-003
           2          24   3.7468162360982833E-003
           2          25   5.6483377613587637E-005
           2          26   3.6550640327847259E-003
           2          27   2.3914037046815243E-005
           2          28  -5.5213084012761810E-005
           2          29   3.7477584080103090E-003
           2          30   7.7698647821182812E-003
           2          31   1.7972142339411305E-004
           2          32   7.4779174672011672E-003
           2          33   7.6094168309911872E-005
           2          34  -1.7568335334754420E-004
           2          35   7.7728661335953013E-003
           3           1  -1.6172350965226594E-009
           3           2  -6.6727406072742747E-009
           3           3   2.2987862562546546     
           3           4   1.9622905806287662E-003
           3           5   8.3077471252995837E-004
           3           6   1.3835541246554600E-008
           3           7 -0.83640236881939845     
           3           8  -6.5689547039738810E-003
           3           9  -2.7810971776847269E-003
           3          10  -5.0104576210919894E-008
           3          11   3.9843987946890744E-002
           3          12   1.8131909356803338E-002
           3          13   7.6764834468778407E-003
           3          14  -3.7333375588947757E-008
           3          15   2.8298760016023668E-002
           3          16   9.4019993747010647E-003
           3          17   3.9805999045292332E-003
           3          18   4.1907202762562556E-009
           3          19   4.6445166589035308E-013
           3          20   7.7621186426924992E-010
           3          21  -6.4055612564488346E-010
           3          22   2.2132480646315150E-009
           3          23  -7.5921138225375294E-009
           3          24   6.4940487400339277E-009
           3          25   3.9103565859148735E-011
           3          26   3.3585626577138563E-009
           3          27  -1.1709500539758419E-009
           3          28  -2.9309835979597004E-011
           3          29   7.3467235599971183E-010
           3          30  -2.1286599674339723E-008
           3          31   5.9801640808752213E-010
           3          32  -6.2643493017139360E-011
           3          33   4.7400533216479298E-009
           3          34  -6.0210795196999394E-009
           3          35   2.8147840650725273E-008
           4           1  -1.8707703999996421E-010
           4           2  -7.6010595873279815E-010
           4           3   1.9622905806287662E-003
           4           4   2.2951062974834184     
           4           5  -1.9178667816495965E-003
           4           6   2.2185067877597716E-009
           4           7  -6.5689545863482626E-003
           4           8 -0.82408335401725052     
           4           9   6.4202425284179956E-003
           4          10  -6.2685919158228587E-009
           4          11   1.8131901197152776E-002
           4          12   5.8405197335153610E-003
           4          13  -1.7721422785353939E-002
           4          14  -1.7406912284408096E-009
           4          15   9.4020238776498354E-003
           4          16   1.0666712796581414E-002
           4          17  -9.1892052959054830E-003
           4          18  -7.6128220448232078E-010
           4          19   5.3482375559993476E-010
           4          20  -1.4733133794415628E-009
           4          21   9.3294935996313505E-010
           4          22   2.5942974423777085E-009
           4          23   1.4052710606385787E-009
           4          24   4.0230234792742078E-010
           4          25   3.6085961581544537E-010
           4          26   9.0756320682813494E-010
           4          27  -3.8870149388214285E-011
           4          28  -1.7051301004069083E-009
           4          29   3.4359490306865567E-010
           4          30  -7.7740961206980899E-010
           4          31   2.9956755815968213E-010
           4          32   3.3405156393431495E-009
           4          33  -8.6413957005453263E-010
           4          34   2.8551809305684930E-011
           4          35  -2.1627883775888644E-009
           5           1   1.2721054669900196E-009
           5           2   4.0922630325918614E-009
           5           3   8.3077471252995837E-004
           5           4  -1.9178667816495965E-003
           5           5   2.2988242967164103     
           5           6  -1.4147000065600785E-008
           5           7  -2.7810974278715010E-003
           5           8   6.4202423308198989E-003
           5           9 -0.83652971191140624     
           5          10   6.8100002486868544E-009
           5          11   7.6764943341914782E-003
           5          12  -1.7721417397984864E-002
           5          13   4.0195460138920100E-002
           5          14  -4.7168898496061210E-008
           5          15   3.9805563984969435E-003
           5          16  -9.1892222037736424E-003
           5          17   2.8481090516406588E-002
           5          18   4.3961652849823572E-009
           5          19   5.1713725003755978E-010
           5          20   5.6719541017550437E-009
           5          21  -2.9551575373089761E-009
           5          22   3.6820497235783967E-009
           5          23  -7.7037617732857662E-009
           5          24   9.0869881777641122E-010
           5          25  -4.6488576450771405E-010
           5          26   5.8514702345384876E-010
           5          27   8.7574222651430838E-010
           5          28   1.0554129098287590E-009
           5          29  -5.8809240968073000E-009
           5          30  -1.6097696741232006E-008
           5          31   1.4450552901595055E-009
           5          32  -1.4005751377894630E-008
           5          33   6.4251098360347775E-009
           5          34  -8.8886955830195784E-009
           5          35   3.6759504614603904E-008
           6           1 -0.28214270579044015     
           6           2  -1.0876166971080403     
           6           3   1.3835541246554600E-008
           6           4   2.2185067877597716E-009
           6           5  -1.4147000065600785E-008
           6           6   2.6809154760029550     
           6           7  -4.8520161292758524E-008
           6           8  -8.9404130223874368E-009
           6           9   5.0864768079161533E-008
           6          10 -0.67537087857796885     
           6          11   1.4132829909459903E-007
           6          12   2.2435539728871287E-008
           6          13  -1.3136798526625452E-007
           6          14  0.19587687746225313     
           6          15   1.8549838048056476E-008
           6          16   1.6991491701425986E-008
           6          17  -9.7820059162923413E-008
           6          18   7.0589608025290493E-004
           6          19  -1.9173192216191926E-003
           6          20   3.8196105654027947E-003
           6          21  -8.1172552664516629E-004
           6          22   1.8738304898637281E-003
           6          23   6.7365669595882390E-004
           6          24  -8.1619367961007351E-004
           6          25  -4.6029602226999998E-004
           6          26  -6.8527314605774567E-005
           6          27  -1.9488054857426347E-004
           6          28   4.4992726678612241E-004
           6          29  -8.2388294122762835E-004
           6          30  -1.3001061907239389E-002
           6          31  -4.0895296604008535E-004
           6          32  -1.2336694681899444E-002
           6          33  -1.7315686774852651E-004
           6          34   3.9978665065189267E-004
           6          35  -1.3007884302862226E-002
           7           1   4.8221227723536250E-009
           7           2   1.9875623749760161E-008
           7           3 -0.83640236881939845     
           7           4  -6.5689545863482626E-003
           7           5  -2.7810974278715010E-003
           7           6  -4.8520161292758524E-008
           7           7   2.3437916486091055     
           7           8   2.1987664017362525E-002
           7           9   9.3089131815269066E-003
           7          10   1.7286176769262967E-007
           7          11 -0.14617943672217562     
           7          12  -6.0605147788657852E-002
           7          13  -2.5658322997867768E-002
           7          14   1.2497500822899210E-007
           7          15  -9.0484444639236064E-002
           7          16  -3.1740972273691256E-002
           7          17  -1.3438427854454147E-002
           7          18  -1.6594448488044406E-008
           7          19   6.5295777308000141E-011
           7          20  -2.8534294538638839E-009
           7          21   3.3663205408385348E-009
           7          22  -7.0085417956208567E-009
           7          23   2.4162025928157971E-008
           7          24  -1.8843633279352140E-008
           7          25   6.0994169009069916E-011
           7          26  -1.0813196570466779E-008
           7          27   2.2904624562197624E-009
           7          28  -3.7872904892809397E-010
           7          29  -1.3989117474534010E-009
           7          30   7.1401667948094674E-008
           7          31  -2.2045000861133225E-009
           7          32   1.5558472154028873E-009
           7          33  -1.5258042755750589E-008
           7          34   1.9995283794478443E-008
           7          35  -9.2842023995992713E-008
           8           1   8.1178562997631298E-010
           8           2   3.0909857262943377E-009
           8           3  -6.5689547039738810E-003
           8           4 -0.82408335401725052     
           8           5   6.4202423308198989E-003
           8           6  -8.9404130223874368E-009
           8           7   2.1987664017362525E-002
           8           8   2.3025573238569050     
           8           9  -2.1489895406854261E-002
           8          10   2.3745595273000016E-008
           8          11  -6.0605122263514534E-002
           8          12  -3.2524238703678369E-002
           8          13   5.9233121434792556E-002
           8          14   5.9214785676799236E-009
           8          15  -3.1741054386428075E-002
           8          16  -3.0959002584049530E-002
           8          17   3.1022577724924973E-002
           8          18   1.3553778196039419E-009
           8          19  -1.3500738237745438E-009
           8          20   4.2359129978900767E-009
           8          21  -2.6649624070440664E-009
           8          22  -6.3456153712797292E-009
           8          23  -4.9465089382353660E-009
           8          24  -7.0196299553949787E-010
           8          25  -4.6917215704275140E-010
           8          26  -2.0805456392207609E-009
           8          27  -1.3502794427337381E-010
           8          28   3.2566755152279887E-009
           8          29  -1.2021213075324299E-009
           8          30   3.6668427345690178E-009
           8          31  -1.9710896545127694E-009
           8          32  -1.0505253451040631E-008
           8          33   3.0506295594777500E-009
           8          34   3.4827644512414983E-010
           8          35   7.7409310140540145E-009
           9           1  -4.0188251670082503E-009
           9           2  -1.2345844892329498E-008
           9           3  -2.7810971776847269E-003
           9           4   6.4202425284179956E-003
           9           5 -0.83652971191140624     
           9           6   5.0864768079161533E-008
           9           7   9.3089131815269066E-003
           9           8  -2.1489895406854261E-002
           9           9   2.3442178892359009     
           9          10  -2.6241270840599841E-008
           9          11  -2.5658357633255514E-002
           9          12   5.9233104127330606E-002
           9          13 -0.14735420678675532     
           9          14   1.5891854906252030E-007
           9          15  -1.3438280895331414E-002
           9          16   3.1022635120565335E-002
           9          17  -9.1099989685051549E-002
           9          18  -1.3045288541956362E-008
           9          19  -1.4172727769294936E-009
           9          20  -1.7749547730567209E-008
           9          21   8.8716065383065094E-009
           9          22  -1.1971452415332283E-008
           9          23   2.8932092140854055E-008
           9          24  -3.5057507740980262E-009
           9          25   1.1081120453602449E-009
           9          26  -2.6918790519273628E-009
           9          27  -1.4088995822109985E-009
           9          28  -4.0104894113288933E-009
           9          29   1.7044071833805578E-008
           9          30   5.2916202122151204E-008
           9          31  -4.9631197968632985E-009
           9          32   4.5522298615990084E-008
           9          33  -2.2412577020934536E-008
           9          34   2.9785855512932011E-008
           9          35  -1.2365093137950301E-007
          10           1   7.5814062778915864E-002
          10           2  0.20386631710262887     
          10           3  -5.0104576210919894E-008
          10           4  -6.2685919158228587E-009
          10           5   6.8100002486868544E-009
          10           6 -0.67537087857796885     
          10           7   1.7286176769262967E-007
          10           8   2.3745595273000016E-008
          10           9  -2.6241270840599841E-008
          10          10   1.4848497691899625     
          10          11  -5.7404642048814399E-007
          10          12  -7.7857679938753998E-008
          10          13   9.9166898616657487E-008
          10          14 -0.43476234802733593     
          10          15  -1.8578750106459114E-007
          10          16  -5.4544729555503377E-008
          10          17   1.1487006732244999E-007
          10          18   4.6540329421230066E-004
          10          19   3.6939706686472838E-003
          10          20  -5.5337888668249525E-003
          10          21   1.5639112095142192E-003
          10          22  -3.6102669803505048E-003
          10          23   5.2748684040956634E-004
          10          24   2.5403187884452572E-003
          10          25   2.4693334548502237E-003
          10          26  -1.4702670059478810E-003
          10          27   1.0454553058462694E-003
          10          28  -2.4135110362703085E-003
          10          29   2.5817329273767654E-003
          10          30   1.5335443655511502E-002
          10          31   3.4848340489208873E-004
          10          32   1.4769140739627276E-002
          10          33   1.4757764724405639E-004
          10          34  -3.4075595852429280E-004
          10          35   1.5341235488992289E-002
          11           1  -1.3231047318659654E-008
          11           2  -5.2731607091410673E-008
          11           3   3.9843987946890744E-002
          11           4   1.8131901197152776E-002
          11           5   7.6764943341914782E-003
          11           6   1.4132829909459903E-007
          11           7 -0.14617943672217562     
          11           8  -6.0605122263514534E-002
          11           9  -2.5658357633255514E-002
          11          10  -5.7404642048814399E-007
          11          11  0.45065551128321180     
          11          12  0.16548331387179840     
          11          13   7.0060389537213594E-002
          11          14  -3.3891418010630717E-007
          11          15  0.24516688583439228     
          11          16   9.0071199246162997E-002
          11          17   3.8134112580301548E-002
          11          18   4.7585664459909038E-008
          11          19  -1.1167400498189219E-009
          11          20   7.0550267203850998E-009
          11          21  -1.1562002579993828E-008
          11          22   1.8740018484589637E-008
          11          23  -6.0015647655159712E-008
          11          24   2.8254925367731099E-008
          11          25  -9.5832997880290262E-010
          11          26   1.4225394394672841E-008
          11          27  -6.6565038871696961E-010
          11          28   9.9013607886571945E-009
          11          29  -2.0208397522342328E-008
          11          30  -2.0586244252292625E-007
          11          31   8.0643716854109606E-009
          11          32  -2.4366337665203345E-008
          11          33   3.4605692766187524E-008
          11          34  -5.3994944732434369E-008
          11          35   2.3736051450895988E-007
          12           1  -2.0264525109855141E-009
          12           2  -7.5375280964182099E-009
          12           3   1.8131909356803338E-002
          12           4   5.8405197335153610E-003
          12           5  -1.7721417397984864E-002
          12           6   2.2435539728871287E-008
          12           7  -6.0605147788657852E-002
          12           8  -3.2524238703678369E-002
          12           9   5.9233104127330606E-002
          12          10  -7.7857679938753998E-008
          12          11  0.16548331387179840     
          12          12  0.14031795364269578     
          12          13 -0.16173698513465809     
          12          14  -1.8068374023772496E-008
          12          15   9.0071464687713140E-002
          12          16   7.6252010806844225E-002
          12          17  -8.8032518220869826E-002
          12          18   3.9927322387183074E-009
          12          19  -6.5914204840039376E-009
          12          20  -1.4631731830209440E-008
          12          21   2.2873648765703360E-009
          12          22   8.7513830444486823E-009
          12          23   8.9693810806464004E-009
          12          24   8.2490960154900910E-010
          12          25  -2.9841671697675321E-009
          12          26  -5.3365406610988266E-009
          12          27   1.6103353372853107E-009
          12          28   4.8313936407126280E-009
          12          29   4.2362614005542429E-009
          12          30  -1.3792953411576169E-008
          12          31   1.5818286486335344E-008
          12          32   2.5106187038329813E-008
          12          33  -7.6141918126065861E-009
          12          34  -6.6115241632054368E-009
          12          35  -2.4070173565410442E-008
          13           1   9.6680006046175533E-009
          13           2   2.7597483974785008E-008
          13           3   7.6764834468778407E-003
          13           4  -1.7721422785353939E-002
          13           5   4.0195460138920100E-002
          13           6  -1.3136798526625452E-007
          13           7  -2.5658322997867768E-002
          13           8   5.9233121434792556E-002
          13           9 -0.14735420678675532     
          13          10   9.9166898616657487E-008
          13          11   7.0060389537213594E-002
          13          12 -0.16173698513465809     
          13          13  0.45386296695556622     
          13          14  -4.4089910441539842E-007
          13          15   3.8133650820982724E-002
          13          16  -8.8032704500284609E-002
          13          17  0.24691353459430374     
          13          18   3.0179623601525072E-008
          13          19   1.3894459219592555E-009
          13          20   4.8174426852853462E-008
          13          21  -2.0274413649289777E-008
          13          22   3.2893507386015236E-008
          13          23  -8.0925585042352980E-008
          13          24   2.0375661188057247E-008
          13          25   7.9215951303143680E-010
          13          26   2.6066528633973475E-008
          13          27  -5.4488032762976423E-009
          13          28   1.5687137559568852E-008
          13          29  -3.1357907227617276E-008
          13          30  -1.3198205725574235E-007
          13          31   1.7891710417271822E-008
          13          32  -1.1496991167718840E-007
          13          33   7.3569005024408439E-008
          13          34  -8.3686168494798452E-008
          13          35   3.4751320195454291E-007
          14           1  -1.5662488781881527E-002
          14           2  -5.5570919036592024E-002
          14           3  -3.7333375588947757E-008
          14           4  -1.7406912284408096E-009
          14           5  -4.7168898496061210E-008
          14           6  0.19587687746225313     
          14           7   1.2497500822899210E-007
          14           8   5.9214785676799236E-009
          14           9   1.5891854906252030E-007
          14          10 -0.43476234802733593     
          14          11  -3.3891418010630717E-007
          14          12  -1.8068374023772496E-008
          14          13  -4.4089910441539842E-007
          14          14  0.12740525610917708     
          14          15  -2.2178178807860767E-007
          14          16  -6.7734721370243673E-009
          14          17  -2.6105891046545916E-007
          14          18   1.3081122971175675E-003
          14          19   1.6609985613093444E-003
          14          20  -1.3895720445062636E-003
          14          21   7.0323040868980823E-004
          14          22  -1.6234354329482973E-003
          14          23   1.3359899727056295E-003
          14          24   4.5616598374576402E-005
          14          25   7.5467833302594032E-004
          14          26  -1.1800154145713030E-003
          14          27   3.1951044436497305E-004
          14          28  -7.3757872234395529E-004
          14          29   5.8305398391825638E-005
          14          30  -4.1350835810371779E-003
          14          31   3.3261408168227570E-004
          14          32  -4.6751841506399933E-003
          14          33   1.4080792546123516E-004
          14          34  -3.2503837307290215E-004
          14          35  -4.1294815867128918E-003
          15           1  -2.3331374855008433E-009
          15           2  -1.1832545673154015E-008
          15           3   2.8298760016023668E-002
          15           4   9.4020238776498354E-003
          15           5   3.9805563984969435E-003
          15           6   1.8549838048056476E-008
          15           7  -9.0484444639236064E-002
          15           8  -3.1741054386428075E-002
          15           9  -1.3438280895331414E-002
          15          10  -1.8578750106459114E-007
          15          11  0.24516688583439228     
          15          12   9.0071464687713140E-002
          15          13   3.8133650820982724E-002
          15          14  -2.2178178807860767E-007
          15          15  0.13343318371723187     
          15          16   4.9011551047598717E-002
          15          17   2.0750519237663304E-002
          15          18   3.4294569915456330E-008
          15          19  -3.7775472871222417E-009
          15          20  -3.5506663290522819E-009
          15          21  -1.0666340397238929E-008
          15          22  -1.0871799639354959E-008
          15          23  -3.4067418390553880E-008
          15          24   2.0194336366182775E-008
          15          25  -2.2226381377484165E-009
          15          26   4.0429188188911260E-009
          15          27  -2.7254969022804910E-009
          15          28  -5.9128114910300535E-009
          15          29  -1.1472857537588467E-008
          15          30  -1.1135748771912724E-007
          15          31   2.6585784175842374E-009
          15          32  -1.1304919933665753E-008
          15          33   1.7764411670044792E-008
          15          34  -2.9417568216546107E-008
          15          35   1.2901354322621932E-007
          16           1  -1.4809913351873942E-009
          16           2  -5.3903187256489084E-009
          16           3   9.4019993747010647E-003
          16           4   1.0666712796581414E-002
          16           5  -9.1892222037736424E-003
          16           6   1.6991491701425986E-008
          16           7  -3.1740972273691256E-002
          16           8  -3.0959002584049530E-002
          16           9   3.1022635120565335E-002
          16          10  -5.4544729555503377E-008
          16          11   9.0071199246162997E-002
          16          12   7.6252010806844225E-002
          16          13  -8.8032704500284609E-002
          16          14  -6.7734721370243673E-009
          16          15   4.9011551047598717E-002
          16          16   4.1519336263154932E-002
          16          17  -4.7902404690890001E-002
          16          18  -5.0259832503383883E-009
          16          19   4.3149545534527235E-009
          16          20  -1.2994846594520013E-009
          16          21   1.8092020356066261E-009
          16          22  -5.7291325871214576E-009
          16          23   5.4298190064387415E-009
          16          24  -3.3247431523260981E-009
          16          25   2.5324562441005138E-009
          16          26   8.7436801929480311E-010
          16          27   1.1539076441071139E-009
          16          28  -2.9839437465683993E-009
          16          29   2.6497079319346911E-009
          16          30  -1.0146198671530221E-008
          16          31   6.8544354824068407E-009
          16          32   1.5751509206104107E-008
          16          33  -5.1123907004819636E-009
          16          34  -2.2577445640219504E-009
          16          35  -1.5192855421361403E-008
          17           1   7.3350736235406051E-009
          17           2   2.2060045810989731E-008
          17           3   3.9805999045292332E-003
          17           4  -9.1892052959054830E-003
          17           5   2.8481090516406588E-002
          17           6  -9.7820059162923413E-008
          17           7  -1.3438427854454147E-002
          17           8   3.1022577724924973E-002
          17           9  -9.1099989685051549E-002
          17          10   1.1487006732244999E-007
          17          11   3.8134112580301548E-002
          17          12  -8.8032518220869826E-002
          17          13  0.24691353459430374     
          17          14  -2.6105891046545916E-007
          17          15   2.0750519237663304E-002
          17          16  -4.7902404690890001E-002
          17          17  0.13438407258162582     
          17          18   3.4278120616771874E-008
          17          19  -8.7688929899767376E-010
          17          20   1.2482716714222253E-008
          17          21  -8.1081675945795543E-009
          17          22   1.6433977822154825E-009
          17          23  -4.8471374757856244E-008
          17          24   2.1575635999865299E-008
          17          25  -9.1888247053427252E-010
          17          26   8.4863036649634449E-009
          17          27  -1.5863622991934065E-009
          17          28   2.5876522603597264E-010
          17          29  -1.8600291725812320E-008
          17          30  -8.3153129151015170E-008
          17          31  -5.7527747611989109E-009
          17          32  -5.1174479371699752E-008
          17          33   3.3642596619987164E-008
          17          34  -3.1625984451757435E-008
          17          35   1.7555495304009486E-007
          18           1  -6.6639490053351982E-003
          18           2  -9.8305954932797080E-003
          18           3   4.1907202762562556E-009
          18           4  -7.6128220448232078E-010
          18           5   4.3961652849823572E-009
          18           6   7.0589608025290493E-004
          18           7  -1.6594448488044406E-008
          18           8   1.3553778196039419E-009
          18           9  -1.3045288541956362E-008
          18          10   4.6540329421230066E-004
          18          11   4.7585664459909038E-008
          18          12   3.9927322387183074E-009
          18          13   3.0179623601525072E-008
          18          14   1.3081122971175675E-003
          18          15   3.4294569915456330E-008
          18          16  -5.0259832503383883E-009
          18          17   3.4278120616771874E-008
          18          18   1.1204768615415430     
          18          19   5.2361760525735290E-004
          18          20 -0.55943732700440663     
          18          21   2.2190662778909115E-004
          18          22   8.5955066236430234E-004
          18          23 -0.56088100842306199     
          18          24  0.59836324730344415     
          18          25  -2.4228988469006724E-004
          18          26 -0.30023202703120927     
          18          27  -1.0266578650308230E-004
          18          28  -5.3240213962729938E-004
          18          29 -0.29933831556076473     
          18          30   7.8356743998591175E-002
          18          31   6.8617848065289798E-005
          18          32  -3.7606686623232445E-002
          18          33   2.8938365111468836E-005
          18          34   6.5598434681030495E-004
          18          35  -3.8707914047991641E-002
          19           1   1.7678822104059939E-004
          19           2   6.8962397932818083E-004
          19           3   4.6445166589035308E-013
          19           4   5.3482375559993476E-010
          19           5   5.1713725003755978E-010
          19           6  -1.9173192216191926E-003
          19           7   6.5295777308000141E-011
          19           8  -1.3500738237745438E-009
          19           9  -1.4172727769294936E-009
          19          10   3.6939706686472838E-003
          19          11  -1.1167400498189219E-009
          19          12  -6.5914204840039376E-009
          19          13   1.3894459219592555E-009
          19          14   1.6609985613093444E-003
          19          15  -3.7775472871222417E-009
          19          16   4.3149545534527235E-009
          19          17  -8.7688929899767376E-010
          19          18   5.2361760525735290E-004
          19          19   1.1194766876709177     
          19          20   3.6081251749990330E-004
          19          21  -7.4954201644849660E-004
          19          22   2.4513256807359658E-004
          19          23  -8.7807796425044056E-004
          19          24  -9.4796865858913081E-004
          19          25  0.59936078412103777     
          19          26  -1.0045621294635994E-003
          19          27   4.5897553948597318E-004
          19          28  -2.2637815261131845E-004
          19          29  -1.6045030748632614E-004
          19          30   1.4100849315013993E-003
          19          31   7.6895166985592317E-002
          19          32   1.9612553864734677E-003
          19          33  -5.6099298469703719E-004
          19          34   5.1250681910544225E-004
          19          35   6.6462747675731678E-004
          20           1  -6.9510571306693920E-003
          20           2  -1.0950561120476328E-002
          20           3   7.7621186426924992E-010
          20           4  -1.4733133794415628E-009
          20           5   5.6719541017550437E-009
          20           6   3.8196105654027947E-003
          20           7  -2.8534294538638839E-009
          20           8   4.2359129978900767E-009
          20           9  -1.7749547730567209E-008
          20          10  -5.5337888668249525E-003
          20          11   7.0550267203850998E-009
          20          12  -1.4631731830209440E-008
          20          13   4.8174426852853462E-008
          20          14  -1.3895720445062636E-003
          20          15  -3.5506663290522819E-009
          20          16  -1.2994846594520013E-009
          20          17   1.2482716714222253E-008
          20          18 -0.55943732700440663     
          20          19   3.6081251749990330E-004
          20          20   1.1190407314582282     
          20          21  -4.4111750697158893E-004
          20          22  -3.5221317468601076E-004
          20          23 -0.55945520200097709     
          20          24 -0.29908596409434984     
          20          25  -2.9888036913980082E-004
          20          26  0.60038837946316637     
          20          27   2.0668993501025168E-004
          20          28   2.9210243553975880E-004
          20          29 -0.29907791545640777     
          20          30  -3.9785361160299515E-002
          20          31   6.1978570937674070E-004
          20          32   7.5060034566606301E-002
          20          33  -5.0829963126986595E-005
          20          34  -6.0589162862893981E-004
          20          35  -3.9787347208027186E-002
          21           1   7.4846146286634303E-005
          21           2   2.9196361016746062E-004
          21           3  -6.4055612564488346E-010
          21           4   9.3294935996313505E-010
          21           5  -2.9551575373089761E-009
          21           6  -8.1172552664516629E-004
          21           7   3.3663205408385348E-009
          21           8  -2.6649624070440664E-009
          21           9   8.8716065383065094E-009
          21          10   1.5639112095142192E-003
          21          11  -1.1562002579993828E-008
          21          12   2.2873648765703360E-009
          21          13  -2.0274413649289777E-008
          21          14   7.0323040868980823E-004
          21          15  -1.0666340397238929E-008
          21          16   1.8092020356066261E-009
          21          17  -8.1081675945795543E-009
          21          18   2.2190662778909115E-004
          21          19  -7.4954201644849660E-004
          21          20  -4.4111750697158893E-004
          21          21   1.1209296185893454     
          21          22   7.6840177465253053E-004
          21          23   2.2189973357475464E-004
          21          24  -4.0142564572495740E-004
          21          25   4.5897521696664379E-004
          21          26  -9.2072687764887978E-005
          21          27  0.59847131832244127     
          21          28  -4.6867682830863708E-004
          21          29  -4.0106872511299843E-004
          21          30   5.9686853819733605E-004
          21          31  -5.6098615544191148E-004
          21          32   5.1710647742563790E-004
          21          33   7.7982932299951679E-002
          21          34   5.6767788286678960E-004
          21          35   5.9473543664952068E-004
          22           1  -1.7278080395909486E-004
          22           2  -6.7399200272266801E-004
          22           3   2.2132480646315150E-009
          22           4   2.5942974423777085E-009
          22           5   3.6820497235783967E-009
          22           6   1.8738304898637281E-003
          22           7  -7.0085417956208567E-009
          22           8  -6.3456153712797292E-009
          22           9  -1.1971452415332283E-008
          22          10  -3.6102669803505048E-003
          22          11   1.8740018484589637E-008
          22          12   8.7513830444486823E-009
          22          13   3.2893507386015236E-008
          22          14  -1.6234354329482973E-003
          22          15  -1.0871799639354959E-008
          22          16  -5.7291325871214576E-009
          22          17   1.6433977822154825E-009
          22          18   8.5955066236430234E-004
          22          19   2.4513256807359658E-004
          22          20  -3.5221317468601076E-004
          22          21   7.6840177465253053E-004
          22          22   1.1194873257573277     
          22          23  -5.1354809288203264E-004
          22          24   1.5729247386944351E-004
          22          25  -2.2637523602308016E-004
          22          26   9.8179477692790615E-004
          22          27  -4.6867883054388382E-004
          22          28  0.59935052998589755     
          22          29   9.2603317837836225E-004
          22          30  -6.5511754888094198E-004
          22          31   5.1250300951457672E-004
          22          32  -1.9169949971867923E-003
          22          33   5.6766786832670004E-004
          22          34   7.6918865380900009E-002
          22          35  -1.3725009320077735E-003
          23           1  -6.6609781571558080E-003
          23           2  -9.8190066878845964E-003
          23           3  -7.5921138225375294E-009
          23           4   1.4052710606385787E-009
          23           5  -7.7037617732857662E-009
          23           6   6.7365669595882390E-004
          23           7   2.4162025928157971E-008
          23           8  -4.9465089382353660E-009
          23           9   2.8932092140854055E-008
          23          10   5.2748684040956634E-004
          23          11  -6.0015647655159712E-008
          23          12   8.9693810806464004E-009
          23          13  -8.0925585042352980E-008
          23          14   1.3359899727056295E-003
