           1           1   2.1703782896818602     
           1           2 -0.64219003263284113     
           1           3   3.5457184057058432E-014
           1           4   2.5833172026903060E-015
           1           5  -4.6936316003744610E-014
           1           6 -0.53958394229115370     
           1           7  -5.0427593951147864E-015
           1           8   6.0563908274908634E-015
           1           9   6.4063643192991123E-015
           1          10   7.9707435173970748E-002
           1          11   1.2043289840317883E-014
           1          12  -1.1860267585765283E-014
           1          13  -1.6861340563212820E-015
           1          14   2.1374410401288502E-003
           1          15  -1.2035988017347767E-014
           1          16   2.6024679111913439E-015
           1          17  -4.7791971281382320E-015
           1          18 -0.14939280136247535     
           1          19  -8.4648700560721474E-005
           1          20 -0.14933520287186075     
           1          21  -4.4125819106777600E-004
           1          22  -6.2849499908132738E-004
           1          23 -0.14701430127144827     
           1          24  -4.0834713851814003E-002
           1          25   9.3748035735994416E-006
           1          26  -4.0841494862975586E-002
           1          27   5.0536623506002076E-005
           1          28   7.2032609011294849E-005
           1          29  -4.1114707768184849E-002
           1          30  -2.1123258127085962E-002
           1          31  -3.0609176993969079E-006
           1          32  -2.1121104486931490E-002
           1          33  -1.6447251417269081E-005
           1          34  -2.3441560135195105E-005
           1          35  -2.1034335794265613E-002
           2           1 -0.64219003263284113     
           2           2   2.4212028202432201     
           2           3  -1.3576100169110012E-013
           2           4  -1.0262226608199368E-014
           2           5   1.8465691912584790E-013
           2           6   2.3365577922261407     
           2           7   1.8896243737998525E-014
           2           8  -2.1432996945355283E-014
           2           9  -2.7945375819612177E-014
           2          10 -0.30470000200967040     
           2          11  -3.0614127302121316E-014
           2          12   4.0976240942888876E-014
           2          13   1.1454130170625996E-015
           2          14  -9.8595975174799646E-003
           2          15   2.8991702952353067E-014
           2          16  -1.5063503954277065E-014
           2          17   2.4722605573259255E-014
           2          18  0.66466433267840630     
           2          19   3.6633248038705314E-004
           2          20  0.66441551152279132     
           2          21   1.9052104155823475E-003
           2          22   2.7135007505388760E-003
           2          23  0.65438919811424534     
           2          24  0.16222186788017673     
           2          25  -4.2790253063839119E-005
           2          26  0.16225251045331276     
           2          27  -2.2836242033194782E-004
           2          28  -3.2542781973989151E-004
           2          29  0.16348720753264753     
           2          30   8.1228847042177518E-002
           2          31   1.3938325622113408E-005
           2          32   8.1219118812194374E-002
           2          33   7.4179317151770458E-005
           2          34   1.0570292422496666E-004
           2          35   8.0827148570278534E-002
           3           1   3.5457184057058432E-014
           3           2  -1.3576100169110012E-013
           3           3   2.1986320101810839     
           3           4  -4.6202333701950149E-007
           3           5  -2.0280415862321266E-006
           3           6  -1.1786828504414900E-014
           3           7 -0.67853748849113626     
           3           8   2.5904968693202246E-006
           3           9   1.1412245670375243E-005
           3          10   3.2447508982363148E-015
           3          11  0.13144305244640092     
           3          12  -1.0474685255248278E-005
           3          13  -4.6230377048402452E-005
           3          14  -4.4442551798182491E-015
           3          15  -7.1094318613092539E-002
           3          16   4.8843602338619757E-006
           3          17   2.1560417323484259E-005
           3          18  -1.0666201900019135E-014
           3          19  -5.9291465597167527E-015
           3          20   2.4809100020207093E-015
           3          21   2.8462826973406514E-015
           3          22  -2.8067733471728707E-015
           3          23  -3.2855076974813569E-015
           3          24  -1.9683553268978916E-015
           3          25   1.5700907555307410E-015
           3          26  -2.1294669009465562E-015
           3          27  -3.9879457488106017E-015
           3          28  -8.5211272075928124E-017
           3          29  -1.3765019974681628E-015
           3          30   2.1219918951722701E-016
           3          31  -8.0198818956473088E-016
           3          32   1.9935794619819807E-015
           3          33   3.3867747080970903E-015
           3          34   3.4411571378973102E-016
           3          35   1.5730135755178221E-015
           4           1   2.5833172026903060E-015
           4           2  -1.0262226608199368E-014
           4           3  -4.6202333701950149E-007
           4           4   2.1986323238178960     
           4           5  -2.8767169688477534E-006
           4           6  -6.4284908124702023E-015
           4           7   2.5904968650597437E-006
           4           8 -0.67853925374312107     
           4           9   1.6189470371005821E-005
           4          10   6.9164086210106422E-015
           4          11  -1.0474685255366240E-005
           4          12  0.13145020406749067     
           4          13  -6.5585785458460374E-005
           4          14  -2.1496196432581049E-015
           4          15   4.8843602318254103E-006
           4          16  -7.1097653932820304E-002
           4          17   3.0587296193782063E-005
           4          18   8.3327247420831712E-017
           4          19   3.1610434465854065E-014
           4          20   3.4234686211346585E-016
           4          21   8.4405503824598925E-015
           4          22   1.6944978519600628E-015
           4          23  -1.6806402420272120E-015
           4          24  -2.8064835643852525E-015
           4          25  -9.2179555685771864E-015
           4          26  -1.8461640143120873E-015
           4          27  -2.7443324062725582E-015
           4          28  -2.5830834528785609E-016
           4          29  -2.1199099949273137E-015
           4          30  -2.9063876386877913E-015
           4          31   2.5972786118769061E-015
           4          32   3.7022398716316547E-017
           4          33   3.0112078335006206E-015
           4          34   3.6279170929556483E-016
           4          35   4.2092111215872787E-016
           5           1  -4.6936316003744610E-014
           5           2   1.8465691912584790E-013
           5           3  -2.0280415862321266E-006
           5           4  -2.8767169688477534E-006
           5           5   2.1986449736795746     
           5           6   3.6020770505411514E-014
           5           7   1.1412245670174015E-005
           5           8   1.6189470366231862E-005
           5           9 -0.67861045074225768     
           5          10  -2.9010719101262664E-014
           5          11  -4.6230377041535549E-005
           5          12  -6.5585785457422142E-005
           5          13  0.13173864655240441     
           5          14   2.4862917753537316E-015
           5          15   2.1560417320245530E-005
           5          16   3.0587296197137018E-005
           5          17  -7.1232175589143271E-002
           5          18   1.4867161575075353E-014
           5          19  -1.0580740263857931E-015
           5          20   1.6318489166341723E-014
           5          21  -5.5551474707711636E-015
           5          22  -6.1632497202848444E-017
           5          23   8.4952747217753224E-015
           5          24   7.2461868089054974E-015
           5          25   1.7583821480208620E-015
           5          26   8.4101598092534869E-015
           5          27  -2.0184046810947230E-015
           5          28  -2.0828626115119525E-015
           5          29   7.3228444604699636E-015
           5          30   1.2524769222246839E-014
           5          31  -1.0270176028508450E-015
           5          32   7.3181798771246937E-015
           5          33   1.4514937132876674E-016
           5          34   2.6097187320874872E-015
           5          35   6.1895979084990673E-015
           6           1 -0.53958394229115370     
           6           2   2.3365577922261407     
           6           3  -1.1786828504414900E-014
           6           4  -6.4284908124702023E-015
           6           5   3.6020770505411514E-014
           6           6   16.491005434641753     
           6           7   4.3899703134908623E-014
           6           8   3.8518068587061757E-014
           6           9   3.0391904285954791E-014
           6          10  -2.1455816405440928     
           6          11   3.0987704180471125E-015
           6          12   2.3922631777557409E-014
           6          13  -3.3634888580087398E-014
           6          14 -0.15346292277362444     
           6          15   4.2900110271325508E-015
           6          16  -1.0477782001233580E-014
           6          17   3.4088850455803063E-014
           6          18   4.5152094232666755     
           6          19   2.6470691634771734E-003
           6          20   4.5134289941576728     
           6          21   1.3593697894286086E-002
           6          22   1.9355443708897822E-002
           6          23   4.4416786081356605     
           6          24   1.1315947237111639     
           6          25  -3.9677708097539079E-004
           6          26   1.1318673208941896     
           6          27  -2.0312642124676794E-003
           6          28  -2.8920233144430628E-003
           6          29   1.1428542648965097     
           6          30  0.61047215666059340     
           6          31   1.2806064840211153E-004
           6          32  0.61038572950618253     
           6          33   6.5468987376078982E-004
           6          34   9.3208946012847567E-004
           6          35  0.60690240397326289     
           7           1  -5.0427593951147864E-015
           7           2   1.8896243737998525E-014
           7           3 -0.67853748849113626     
           7           4   2.5904968650597437E-006
           7           5   1.1412245670174015E-005
           7           6   4.3899703134908623E-014
           7           7   2.3109491073022630     
           7           8  -1.4432016436694006E-005
           7           9  -6.3850956818767290E-005
           7          10   8.7405576207854379E-016
           7          11 -0.38476821620740653     
           7          12   5.4044349191414986E-005
           7          13   2.4025038431469206E-004
           7          14   1.5632171190955165E-015
           7          15  0.20727187851369544     
           7          16  -2.6273424329530115E-005
           7          17  -1.1696524515769462E-004
           7          18   4.3391206364416229E-014
           7          19   1.7072136555177870E-014
           7          20  -1.3104092886010693E-014
           7          21  -1.2214824571720269E-014
           7          22   8.3025269410410434E-015
           7          23   1.9861998395848424E-014
           7          24   2.0105019599104835E-015
           7          25  -5.0463797754809202E-015
           7          26   2.3893778319400849E-015
           7          27   9.0432425428224340E-015
           7          28   3.9854035392081767E-016
           7          29  -3.5927451680602841E-015
           7          30  -4.3652868235378133E-015
           7          31   1.4643280883210433E-015
           7          32  -1.6557798247845399E-015
           7          33  -9.3794651971691003E-015
           7          34  -4.4636459639543292E-015
           7          35   7.2036328106276617E-016
           8           1   6.0563908274908634E-015
           8           2  -2.1432996945355283E-014
           8           3   2.5904968693202246E-006
           8           4 -0.67853925374312107     
           8           5   1.6189470366231862E-005
           8           6   3.8518068587061757E-014
           8           7  -1.4432016436694006E-005
           8           8   2.3109589859753794     
           8           9  -9.0589330437318427E-005
           8          10  -7.6477295683589873E-015
           8          11   5.4044349191234575E-005
           8          12 -0.38480539556235049     
           8          13   3.4090025866788387E-004
           8          14   1.6472127388860764E-014
           8          15  -2.6273424326254957E-005
           8          16  0.20728998051669145     
           8          17  -1.6597253090072477E-004
           8          18   8.7350209517892291E-015
           8          19  -1.5138404676236931E-013
           8          20   1.3548293191278858E-014
           8          21  -3.9799719356461705E-014
           8          22  -1.3095788924564744E-014
           8          23   1.1262267779427796E-014
           8          24   8.1701279091215297E-015
           8          25   3.6479980469400723E-014
           8          26  -8.7727582388330417E-016
           8          27   9.6051119919279390E-015
           8          28   4.3149136696093276E-015
           8          29   1.1233627433208248E-015
           8          30  -4.2788721284954699E-015
           8          31  -1.0925640285925181E-014
           8          32  -5.1882405839874781E-015
           8          33  -8.1499053799034434E-015
           8          34  -4.9000199384508124E-015
           8          35  -7.7171628980221904E-015
           9           1   6.4063643192991123E-015
           9           2  -2.7945375819612177E-014
           9           3   1.1412245670375243E-005
           9           4   1.6189470371005821E-005
           9           5 -0.67861045074225768     
           9           6   3.0391904285954791E-014
           9           7  -6.3850956818767290E-005
           9           8  -9.0589330437318427E-005
           9           9   2.3113574173204618     
           9          10   1.0996129990129217E-014
           9          11   2.4025038431044893E-004
           9          12   3.4090025867223109E-004
           9          13 -0.38630493046215808     
           9          14  -1.1515769121440413E-014
           9          15  -1.1696524515086328E-004
           9          16  -1.6597253090666966E-004
           9          17  0.20802007885610807     
           9          18   2.4074818387001938E-015
           9          19   2.8586347318238579E-015
           9          20  -1.4098398735276104E-014
           9          21   2.6387860589297750E-014
           9          22   2.6007799764054106E-015
           9          23   3.9949297240556951E-014
           9          24  -1.5010618701290048E-015
           9          25  -2.4639254656287172E-015
           9          26   1.3468121664781600E-015
           9          27   4.6525518448591709E-015
           9          28  -2.5950263998592603E-016
           9          29  -8.5124495446692225E-015
           9          30  -3.5884649521327634E-015
           9          31   8.7911883764707817E-016
           9          32   2.4789214826718105E-015
           9          33  -4.0767790968216432E-015
           9          34  -1.0041136180132666E-015
           9          35   6.1824365394285627E-015
          10           1   7.9707435173970748E-002
          10           2 -0.30470000200967040     
          10           3   3.2447508982363148E-015
          10           4   6.9164086210106422E-015
          10           5  -2.9010719101262664E-014
          10           6  -2.1455816405440928     
          10           7   8.7405576207854379E-016
          10           8  -7.6477295683589873E-015
          10           9   1.0996129990129217E-014
          10          10  0.28008775859491930     
          10          11  -1.5846602784470876E-015
          10          12  -2.2565702237345636E-015
          10          13   1.6967564171749890E-015
          10          14   1.9932718945851198E-002
          10          15  -1.4861455811714396E-017
          10          16   7.9827992143321318E-016
          10          17  -3.1473936100078490E-015
          10          18 -0.58343492330619573     
          10          19  -3.7355590339016359E-004
          10          20 -0.58318367023720596     
          10          21  -1.9183296384308712E-003
          10          22  -2.7314210374665658E-003
          10          23 -0.57305829865242675     
          10          24 -0.14734389282023738     
          10          25   5.6003904824255139E-005
          10          26 -0.14738236802413054     
          10          27   2.8669884653870740E-004
          10          28   4.0818876408732171E-004
          10          29 -0.14893309935121571     
          10          30  -7.9645716669977690E-002
          10          31  -1.8075269937341203E-005
          10          32  -7.9633518086572583E-002
          10          33  -9.2404437068900215E-005
          10          34  -1.3155717323583339E-004
          10          35  -7.9141871152871551E-002
          11           1   1.2043289840317883E-014
          11           2  -3.0614127302121316E-014
          11           3  0.13144305244640092     
          11           4  -1.0474685255366240E-005
          11           5  -4.6230377041535549E-005
          11           6   3.0987704180471125E-015
          11           7 -0.38476821620740653     
          11           8   5.4044349191234575E-005
          11           9   2.4025038431044893E-004
          11          10  -1.5846602784470876E-015
          11          11   6.5277108784431742E-002
          11          12  -1.5233411061325516E-005
          11          13  -6.8294462664858675E-005
          11          14  -4.4540645329235558E-016
          11          15  -3.5136819392676613E-002
          11          16   7.8298953750414665E-006
          11          17   3.5110715019890174E-005
          11          18  -5.1502302135008283E-015
          11          19   1.2253141138034775E-015
          11          20   3.7160798987236549E-015
          11          21   3.5389166346832358E-015
          11          22  -3.6054637628417303E-017
          11          23  -2.3922489510678502E-015
          11          24   4.0075353768061814E-016
          11          25  -6.0997414441574760E-017
          11          26   1.6184396808541028E-016
          11          27  -1.7147720503005618E-015
          11          28  -3.1018651112648559E-016
          11          29   1.3096274268183790E-015
          11          30   1.0379151510042834E-015
          11          31   3.2355855677441653E-017
          11          32   7.7279593350903879E-016
          11          33   1.4993058769672048E-015
          11          34   7.8864204329726282E-016
          11          35   3.0670879032785797E-016
          12           1  -1.1860267585765283E-014
          12           2   4.0976240942888876E-014
          12           3  -1.0474685255248278E-005
          12           4  0.13145020406749067     
          12           5  -6.5585785457422142E-005
          12           6   2.3922631777557409E-014
          12           7   5.4044349191414986E-005
          12           8 -0.38480539556235049     
          12           9   3.4090025867223109E-004
          12          10  -2.2565702237345636E-015
          12          11  -1.5233411061325516E-005
          12          12   6.5287682083522508E-002
          12          13  -9.6926623941838951E-005
          12          14  -3.0930690522364831E-015
          12          15   7.8298953747040628E-006
          12          16  -3.5142255268628596E-002
          12          17   4.9831011849696752E-005
          12          18   6.9025517963068173E-015
          12          19   2.9245371342750365E-014
          12          20   5.7872498905741956E-015
          12          21   7.6137559278417294E-015
          12          22   2.9591446623214628E-015
          12          23   7.2759873148853791E-015
          12          24   6.9498591702918476E-016
          12          25  -6.8550175574892864E-015
          12          26   2.1196266024150451E-015
          12          27  -1.5788720689554184E-015
          12          28  -8.3325604777073102E-016
          12          29   1.6471811644664802E-015
          12          30   1.5077096740670646E-015
          12          31   2.0780927597278459E-015
          12          32   1.9411978136621196E-015
          12          33   1.1966914467468675E-015
          12          34   8.2055177105065857E-016
          12          35   2.4358966020569657E-015
          13           1  -1.6861340563212820E-015
          13           2   1.1454130170625996E-015
          13           3  -4.6230377048402452E-005
          13           4  -6.5585785458460374E-005
          13           5  0.13173864655240441     
          13           6  -3.3634888580087398E-014
          13           7   2.4025038431469206E-004
          13           8   3.4090025866788387E-004
          13           9 -0.38630493046215808     
          13          10   1.6967564171749890E-015
          13          11  -6.8294462664858675E-005
          13          12  -9.6926623941838951E-005
          13          13   6.5714129258457737E-002
          13          14   2.4168712577135351E-015
          13          15   3.5110715019148146E-005
          13          16   4.9831011850411892E-005
          13          17  -3.5361497524477842E-002
          13          18  -7.4292282588494524E-015
          13          19   2.6595870634152171E-015
          13          20  -4.2698669918894834E-015
          13          21  -2.8596653147437609E-015
          13          22   1.2380286238768873E-016
          13          23  -1.4096161166854720E-014
          13          24  -1.6248774048820298E-015
          13          25  -1.9594746532354573E-016
          13          26  -2.2372658197266369E-015
          13          27  -1.0410510968163751E-015
          13          28  -9.3332567672018305E-017
          13          29  -4.1733538141994572E-016
          13          30  -4.1645541874870213E-016
          13          31   1.5713587298557128E-017
          13          32  -1.4616722626996942E-015
          13          33   7.3012894120267336E-016
          13          34   1.8240388992574263E-016
          13          35  -2.2115543688740275E-015
          14           1   2.1374410401288502E-003
          14           2  -9.8595975174799646E-003
          14           3  -4.4442551798182491E-015
          14           4  -2.1496196432581049E-015
          14           5   2.4862917753537316E-015
          14           6 -0.15346292277362444     
          14           7   1.5632171190955165E-015
          14           8   1.6472127388860764E-014
          14           9  -1.1515769121440413E-014
          14          10   1.9932718945851198E-002
          14          11  -4.4540645329235558E-016
          14          12  -3.0930690522364831E-015
          14          13   2.4168712577135351E-015
          14          14   1.5020345772639306E-003
          14          15   2.4169281679518377E-016
          14          16   1.6686330128209492E-015
          14          17  -1.3394129812241402E-015
          14          18  -4.2029733848131488E-002
          14          19  -2.3343166773466022E-005
          14          20  -4.2014042959793316E-002
          14          21  -1.1977896111435517E-004
          14          22  -1.7054470268895004E-004
          14          23  -4.1381703892446497E-002
          14          24  -1.0518101879586739E-002
          14          25   3.5480555441507249E-006
          14          26  -1.0520534455962861E-002
          14          27   1.8126283382231776E-005
          14          28   2.5806196204581719E-005
          14          29  -1.0618580069929221E-002
          14          30  -5.7063298143979098E-003
          14          31  -1.1446255366453141E-006
          14          32  -5.7055586166303565E-003
          14          33  -5.8398863555722948E-006
          14          34  -8.3139364791029704E-006
          14          35  -5.6744761142794881E-003
          15           1  -1.2035988017347767E-014
          15           2   2.8991702952353067E-014
          15           3  -7.1094318613092539E-002
          15           4   4.8843602318254103E-006
          15           5   2.1560417320245530E-005
          15           6   4.2900110271325508E-015
          15           7  0.20727187851369544     
          15           8  -2.6273424326254957E-005
          15           9  -1.1696524515086328E-004
          15          10  -1.4861455811714396E-017
          15          11  -3.5136819392676613E-002
          15          12   7.8298953747040628E-006
          15          13   3.5110715019148146E-005
          15          14   2.4169281679518377E-016
          15          15   1.8914074130054775E-002
          15          16  -4.0115295486739533E-006
          15          17  -1.7994811775513689E-005
          15          18   4.2125223130940786E-015
          15          19   1.4606218256432239E-015
          15          20  -5.7959555110118494E-016
          15          21  -1.4160413253319043E-015
          15          22   3.8252368031200226E-016
          15          23   2.6214679806736840E-015
          15          24   2.2064747260458058E-016
          15          25  -3.9989093294072466E-016
          15          26   3.4440288418281910E-016
          15          27   8.2912035530660074E-016
          15          28   9.6146061705497914E-017
          15          29  -2.6136290846508315E-016
          15          30  -3.4443863942861856E-016
          15          31   1.1334347410164836E-016
          15          32  -1.9737859834132156E-016
          15          33  -7.8294328722104888E-016
          15          34  -4.0378028041231765E-016
          15          35   4.8985261211076258E-017
          16           1   2.6024679111913439E-015
          16           2  -1.5063503954277065E-014
          16           3   4.8843602338619757E-006
          16           4  -7.1097653932820304E-002
          16           5   3.0587296197137018E-005
          16           6  -1.0477782001233580E-014
          16           7  -2.6273424329530115E-005
          16           8  0.20728998051669145     
          16           9  -1.6597253090666966E-004
          16          10   7.9827992143321318E-016
          16          11   7.8298953750414665E-006
          16          12  -3.5142255268628596E-002
          16          13   4.9831011850411892E-005
          16          14   1.6686330128209492E-015
          16          15  -4.0115295486739533E-006
          16          16   1.8916860154748076E-002
          16          17  -2.5539433851343076E-005
          16          18  -3.4535950061537991E-015
          16          19  -1.3120372020548755E-014
          16          20  -2.8648614513046015E-015
          16          21  -3.5112689049156796E-015
          16          22  -1.1640238320865233E-015
          16          23  -3.7227172526714273E-015
          16          24  -1.8863743128358845E-016
          16          25   3.1595856258326432E-015
          16          26  -9.5745587050449187E-016
          16          27   7.3866951006753835E-016
          16          28   3.6426291773405931E-016
          16          29  -6.9464174735131201E-016
          16          30  -7.1497599958577029E-016
          16          31  -9.5794217413041747E-016
          16          32  -9.4153205708244602E-016
          16          33  -6.1574583895333852E-016
          16          34  -4.1699652126597474E-016
          16          35  -1.2097282843973293E-015
          17           1  -4.7791971281382320E-015
          17           2   2.4722605573259255E-014
          17           3   2.1560417323484259E-005
          17           4   3.0587296193782063E-005
          17           5  -7.1232175589143271E-002
          17           6   3.4088850455803063E-014
          17           7  -1.1696524515769462E-004
          17           8  -1.6597253090072477E-004
          17           9  0.20802007885610807     
          17          10  -3.1473936100078490E-015
          17          11   3.5110715019890174E-005
          17          12   4.9831011849696752E-005
          17          13  -3.5361497524477842E-002
          17          14  -1.3394129812241402E-015
          17          15  -1.7994811775513689E-005
          17          16  -2.5539433851343076E-005
          17          17   1.9029227387632255E-002
          17          18   8.0663165852142297E-015
          17          19  -4.9825215512789495E-015
          17          20   6.3733943135257578E-015
          17          21   8.2312002948357048E-016
          17          22  -5.6509676490887625E-016
          17          23   1.1486215299659819E-014
          17          24   2.0179283265352518E-015
          17          25   8.2736838008041063E-016
          17          26   2.3436831509003172E-015
          17          27   7.1047497895629292E-016
          17          28   1.5566266240988187E-016
          17          29   1.3865126119420872E-015
          17          30   8.0484707054862879E-016
          17          31  -2.2638234242456342E-016
          17          32   1.3679414413911614E-015
          17          33  -4.3870733316231132E-016
          17          34  -1.3125656726524467E-016
          17          35   1.7626489222107067E-015
          18           1 -0.14939280136247535     
          18           2  0.66466433267840630     
          18           3  -1.0666201900019135E-014
          18           4   8.3327247420831712E-017
          18           5   1.4867161575075353E-014
          18           6   4.5152094232666755     
          18           7   4.3391206364416229E-014
          18           8   8.7350209517892291E-015
          18           9   2.4074818387001938E-015
          18          10 -0.58343492330619573     
          18          11  -5.1502302135008283E-015
          18          12   6.9025517963068173E-015
          18          13  -7.4292282588494524E-015
          18          14  -4.2029733848131488E-002
          18          15   4.2125223130940786E-015
          18          16  -3.4535950061537991E-015
          18          17   8.0663165852142297E-015
          18          18   1.2547105330279300     
          18          19   5.9199265750716184E-004
          18          20   1.2543123042643858     
          18          21   3.0406209782091482E-003
          18          22   4.3294172540049398E-003
          18          23   1.2382639106264033     
          18          24  0.30939999405686214     
          18          25  -8.8474685017456923E-005
          18          26  0.30946080547460758     
          18          27  -4.5313830064713784E-004
          18          28  -6.4516444725688023E-004
          18          29  0.31191178323716240     
          18          30  0.16614183056829807     
          18          31   2.8558140266397814E-005
          18          32  0.16612254998096168     
          18          33   1.4606187336171512E-004
          18          34   2.0795196060404837E-004
          18          35  0.16534547530533961     
          19           1  -8.4648700560721474E-005
          19           2   3.6633248038705314E-004
          19           3  -5.9291465597167527E-015
          19           4   3.1610434465854065E-014
          19           5  -1.0580740263857931E-015
          19           6   2.6470691634771734E-003
          19           7   1.7072136555177870E-014
          19           8  -1.5138404676236931E-013
          19           9   2.8586347318238579E-015
          19          10  -3.7355590339016359E-004
          19          11   1.2253141138034775E-015
          19          12   2.9245371342750365E-014
          19          13   2.6595870634152171E-015
          19          14  -2.3343166773466022E-005
          19          15   1.4606218256432239E-015
          19          16  -1.3120372020548755E-014
          19          17  -4.9825215512789495E-015
          19          18   5.9199265750716184E-004
          19          19   1.0612964469850941     
          19          20   5.9104867788274174E-004
          19          21  0.22975304808452243     
          19          22  0.16176713482959168     
          19          23   5.5300663850126476E-004
          19          24   1.8479408314911290E-004
          19          25 -0.21560157735927027     
          19          26   1.8493965956411978E-004
          19          27  -4.6673795998605036E-002
          19          28  -3.2862343147316807E-002
          19          29   1.9080711832745887E-004
          19          30   1.0472035842855065E-004
          19          31   6.5010464959609895E-002
          19          32   1.0467420513251443E-004
          19          33   1.4073597460453240E-002
          19          34   9.9090320965442881E-003
          19          35   1.0281404554232139E-004
          20           1 -0.14933520287186075     
          20           2  0.66441551152279132     
          20           3   2.4809100020207093E-015
          20           4   3.4234686211346585E-016
          20           5   1.6318489166341723E-014
          20           6   4.5134289941576728     
          20           7  -1.3104092886010693E-014
          20           8   1.3548293191278858E-014
          20           9  -1.4098398735276104E-014
          20          10 -0.58318367023720596     
          20          11   3.7160798987236549E-015
          20          12   5.7872498905741956E-015
          20          13  -4.2698669918894834E-015
          20          14  -4.2014042959793316E-002
          20          15  -5.7959555110118494E-016
          20          16  -2.8648614513046015E-015
          20          17   6.3733943135257578E-015
          20          18   1.2543123042643858     
          20          19   5.9104867788274174E-004
          20          20   1.2539147102020105     
          20          21   3.0357754924287780E-003
          20          22   4.3225180586413097E-003
          20          23   1.2378918947946380     
          20          24  0.30927569793577142     
          20          25  -8.8332073549211515E-005
          20          26  0.30933641148992153     
          20          27  -4.5240907042862081E-004
          20          28  -6.4412622903362883E-004
          20          29  0.31178344485945048     
          20          30  0.16607140029124098     
          20          31   2.8512123861750315E-005
          20          32  0.16605215073044199     
          20          33   1.4582689070774033E-004
          20          34   2.0761742167155992E-004
          20          35  0.16527632654634922     
          21           1  -4.4125819106777600E-004
          21           2   1.9052104155823475E-003
          21           3   2.8462826973406514E-015
          21           4   8.4405503824598925E-015
          21           5  -5.5551474707711636E-015
          21           6   1.3593697894286086E-002
          21           7  -1.2214824571720269E-014
          21           8  -3.9799719356461705E-014
          21           9   2.6387860589297750E-014
          21          10  -1.9183296384308712E-003
          21          11   3.5389166346832358E-015
          21          12   7.6137559278417294E-015
          21          13  -2.8596653147437609E-015
          21          14  -1.1977896111435517E-004
          21          15  -1.4160413253319043E-015
          21          16  -3.5112689049156796E-015
          21          17   8.2312002948357048E-016
          21          18   3.0406209782091482E-003
          21          19  0.22975304808452243     
          21          20   3.0357754924287780E-003
          21          21   4.9771655175252297E-002
          21          22   3.5069294065967982E-002
          21          23   2.8405041514768048E-003
          21          24   9.4901587858846619E-004
          21          25  -4.6673799906469735E-002
          21          26   9.4976295783601942E-004
          21          27  -1.0109129848489343E-002
          21          28  -7.1215288833134391E-003
          21          29   9.7987399115795218E-004
          21          30   5.3772864500274675E-004
          21          31   1.4073599196876620E-002
          21          32   5.3749179197641616E-004
          21          33   3.0483266575872534E-003
          21          34   2.1475224778754829E-003
          21          35   5.2794568375797639E-004
          22           1  -6.2849499908132738E-004
          22           2   2.7135007505388760E-003
          22           3  -2.8067733471728707E-015
          22           4   1.6944978519600628E-015
          22           5  -6.1632497202848444E-017
          22           6   1.9355443708897822E-002
          22           7   8.3025269410410434E-015
          22           8  -1.3095788924564744E-014
          22           9   2.6007799764054106E-015
          22          10  -2.7314210374665658E-003
          22          11  -3.6054637628417303E-017
          22          12   2.9591446623214628E-015
          22          13   1.2380286238768873E-016
          22          14  -1.7054470268895004E-004
          22          15   3.8252368031200226E-016
          22          16  -1.1640238320865233E-015
          22          17  -5.6509676490887625E-016
          22          18   4.3294172540049398E-003
          22          19  0.16176713482959168     
          22          20   4.3225180586413097E-003
          22          21   3.5069294065967982E-002
          22          22   2.4729105659547956E-002
          22          23   4.0444829570600322E-003
          22          24   1.3512611417651537E-003
          22          25  -3.2862348835358386E-002
          22          26   1.3523248575087461E-003
          22          27  -7.1215295191675030E-003
          22          28  -5.0197507238331756E-003
          22          29   1.3951979265185289E-003
          22          30   7.6564560461953501E-004
          22          31   9.9090346239684279E-003
          22          32   7.6530836556338926E-004
          22          33   2.1475227603972428E-003
          22          34   1.5138416853145806E-003
          22          35   7.5171630569414679E-004
          23           1 -0.14701430127144827     
          23           2  0.65438919811424534     
          23           3  -3.2855076974813569E-015
          23           4  -1.6806402420272120E-015
          23           5   8.4952747217753224E-015
          23           6   4.4416786081356605     
          23           7   1.9861998395848424E-014
          23           8   1.1262267779427796E-014
          23           9   3.9949297240556951E-014
          23          10 -0.57305829865242675     
          23          11  -2.3922489510678502E-015
          23          12   7.2759873148853791E-015
          23          13  -1.4096161166854720E-014
          23          14  -4.1381703892446497E-002
