           1           1   2.1925460688591887     
           1           2  0.70085675727017982     
           1           3  -6.8059047072545180E-014
           1           4  -1.6532038149702357E-014
           1           5  -1.3333176029055578E-013
           1           6 -0.16346641127548661     
           1           7   1.7227032633592483E-013
           1           8   1.9780276212315945E-014
           1           9   3.8502366110481031E-013
           1          10   1.0571093728832200E-002
           1          11  -1.5559116517192428E-013
           1          12  -4.1421740758455667E-014
           1          13  -2.1209192548665454E-013
           1          14  -1.5238280790185119E-002
           1          15   2.0720323126586432E-013
           1          16  -8.6013391681359693E-014
           1          17   1.2158782467980466E-013
           1          18   3.0973211852285021E-002
           1          19   8.6032685896377571E-011
           1          20   2.5127142355269989E-002
           1          21  -3.2810442780029524E-012
           1          22  -5.9488805665974027E-011
           1          23   2.9738444091452310E-002
           1          24   8.2367370111960415E-003
           1          25   6.7895227678431951E-011
           1          26   3.4311688136166281E-003
           1          27  -2.1182265156390276E-012
           1          28  -7.6326434067650287E-011
           1          29   7.4094652255385206E-003
           1          30  -1.9062328738985485E-013
           1          31  -5.5639534083283866E-015
           1          32  -2.4839136426620669E-014
           1          33   4.3579044947939409E-015
           1          34   1.3156634778740781E-013
           1          35  -6.6372527537274033E-016
           1          36  -3.0728064999304780E-014
           1          37   5.0373819475256098E-014
           1          38   5.2167138943224912E-015
           1          39  -3.9153747958908603E-013
           2           1  0.70085675727017982     
           2           2   2.5384451036540217     
           2           3  -1.8290007353797846E-013
           2           4  -6.0143162175124239E-014
           2           5  -3.6317165352195400E-013
           2           6 -0.90852714589668826     
           2           7   4.8628392489933808E-013
           2           8   8.0352184898961986E-014
           2           9   1.1400127395891132E-012
           2          10   3.1970936205398010E-002
           2          11  -6.2236658207810619E-013
           2          12  -1.5668443261223043E-013
           2          13  -5.0968012548986791E-013
           2          14  -5.4797666179259935E-002
           2          15   6.3520976698543841E-013
           2          16  -2.9680575942766496E-013
           2          17   5.8267266157811276E-013
           2          18   2.0463687821305546E-002
           2          19   3.6208466942984387E-010
           2          20  -3.8805408169057766E-003
           2          21  -1.4105997956209795E-011
           2          22  -2.9068753501318829E-010
           2          23   1.5642457600003292E-002
           2          24   1.9761963762157105E-002
           2          25   2.8849676930169534E-010
           2          26  -4.5080790316196113E-004
           2          27  -9.1880969550897597E-012
           2          28  -3.4893474916674490E-010
           2          29   1.6545636934641880E-002
           2          30  -7.8963643126876062E-013
           2          31  -1.9698656797190907E-014
           2          32  -1.3419509684719574E-013
           2          33   7.5421477893187666E-015
           2          34   4.2682770619098487E-013
           2          35   6.6623649637763128E-016
           2          36  -1.5572431004678762E-013
           2          37   1.4370488477286431E-013
           2          38   1.9362780486424048E-014
           2          39  -1.5173963777041699E-012
           3           1  -6.8059047072545180E-014
           3           2  -1.8290007353797846E-013
           3           3   2.2476045624310910     
           3           4  -6.8916131812504382E-012
           3           5  -4.5041330392753734E-013
           3           6   3.1735448469095832E-012
           3           7 -0.74050526487838952     
           3           8   2.1030626779412024E-011
           3           9   1.1293902455990427E-012
           3          10   6.6500529343440305E-013
           3          11  -7.7271454443064800E-003
           3          12   2.5391557812543011E-013
           3          13  -6.9200150200501486E-013
           3          14   1.2507952790976579E-012
           3          15   1.8089471261478133E-003
           3          16   2.8447210524759142E-012
           3          17   1.7149891217987379E-013
           3          18   1.0631214496220980E-011
           3          19  -2.3143794902015842E-013
           3          20   1.1888642235386694E-012
           3          21  -7.2782847057147193E-012
           3          22  -9.1468984837032015E-014
           3          23  -9.1488926646522292E-012
           3          24   7.1980508911312402E-012
           3          25  -1.7337103865853202E-014
           3          26   7.1741562679559402E-013
           3          27  -2.0191324870975418E-012
           3          28  -1.4569939543772868E-013
           3          29  -6.2572846262891368E-012
           3          30  -1.1106637949597747E-002
           3          31   1.6538873038242787E-011
           3          32  -5.4305329104694352E-003
           3          33  -1.4666535104517582E-011
           3          34   1.9428102284253125E-013
           3          35  -5.9018159391509234E-010
           3          36   4.1307113973545179E-013
           3          37   7.6265291260201561E-005
           3          38  -1.6211132160890522E-011
           3          39  -1.0692479663085208E-012
           4           1  -1.6532038149702357E-014
           4           2  -6.0143162175124239E-014
           4           3  -6.8916131812504382E-012
           4           4   2.2483248474727868     
           4           5   2.0475786531137619E-011
           4           6   1.4311507237599398E-013
           4           7   2.0611777663840377E-011
           4           8 -0.74262792196353655     
           4           9  -4.8699809130908987E-011
           4          10  -7.1885977741546538E-014
           4          11  -8.2232314393425980E-013
           4          12  -7.2750100713727854E-003
           4          13   3.0606082320882441E-011
           4          14   2.0712577189365693E-013
           4          15   3.0547002589764186E-012
           4          16   1.4345689006949238E-003
           4          17  -1.4343470346454352E-011
           4          18   1.2958356742307412E-012
           4          19  -1.4458865633836527E-012
           4          20  -9.3300147657628084E-014
           4          21   1.4074259421512327E-013
           4          22  -3.2006477421187879E-012
           4          23  -1.2148829456944838E-012
           4          24   9.0023629844142168E-013
           4          25  -4.4947079247409249E-013
           4          26  -2.1257672464163628E-014
           4          27   1.0056062801947291E-013
           4          28  -1.0250565421178033E-012
           4          29  -7.7737730894360070E-013
           4          30  -3.9173064403788833E-011
           4          31  -1.9257872744655115E-003
           4          32   5.1564610189384009E-011
           4          33  -1.0669092342639732E-002
           4          34  -4.5115648667551826E-010
           4          35   1.8642509637447408E-012
           4          36  -1.6515346931570157E-010
           4          37  -1.8971335248691582E-011
           4          38  -2.0076282290864243E-003
           4          39   4.9876218763475963E-010
           5           1  -1.3333176029055578E-013
           5           2  -3.6317165352195400E-013
           5           3  -4.5041330392753734E-013
           5           4   2.0475786531137619E-011
           5           5   2.2475356342737318     
           5           6   3.9500917077023419E-012
           5           7   1.1902646717503617E-012
           5           8  -5.1640896425305441E-011
           5           9 -0.74042090147232420     
           5          10   1.3532718896309027E-012
           5          11  -4.8483383680943804E-013
           5          12   2.3231926891507218E-011
           5          13  -8.0555734913578120E-003
           5          14   4.1281771873730022E-012
           5          15   2.3540487778133733E-013
           5          16  -1.2541684411721333E-011
           5          17   1.8530684975095950E-003
           5          18  -2.2860434950505343E-011
           5          19   3.5353069865892887E-014
           5          20   1.9794954079250619E-012
           5          21  -3.6890434711383802E-012
           5          22  -2.9679593986678137E-013
           5          23   2.3330028483837620E-011
           5          24  -1.5526055982022491E-011
           5          25   5.4472437814358900E-015
           5          26   1.7498960122012018E-012
           5          27  -1.1934822112322756E-012
           5          28  -8.3848167580160192E-014
           5          29   1.5777874625011192E-011
           5          30  -1.2670190843054546E-012
           5          31  -3.9603271414947787E-010
           5          32   4.2523356634593247E-013
           5          33   4.9115786859000400E-011
           5          34   6.7794510594827197E-005
           5          35   2.2280302702269651E-011
           5          36  -5.5017313859961267E-003
           5          37   3.9392786517655178E-013
           5          38   3.7790276395119311E-010
           5          39  -1.1026473878737801E-002
           6           1 -0.16346641127548661     
           6           2 -0.90852714589668826     
           6           3   3.1735448469095832E-012
           6           4   1.4311507237599398E-013
           6           5   3.9500917077023419E-012
           6           6   2.2925561427478454     
           6           7  -6.8624468840035927E-012
           6           8  -3.8852128593818696E-013
           6           9  -1.0450659673643886E-011
           6          10  -8.6097362829514912E-002
           6          11   1.7639393415057286E-012
           6          12   4.9707064209384667E-013
           6          13   2.1663031218297022E-012
           6          14  0.18608078637656872     
           6          15  -2.1482586934497741E-012
           6          16   9.4995472943451376E-013
           6          17  -1.5616454237407727E-012
           6          18  -4.8410536466022454E-002
           6          19  -1.1134847408976649E-009
           6          20   2.7181983239767858E-002
           6          21   4.0271453337544283E-011
           6          22   9.0977470138597307E-010
           6          23  -3.3204577270789314E-002
           6          24  -4.7523978343568585E-002
           6          25  -9.1499018080140829E-010
           6          26   1.7056250070784401E-002
           6          27   2.6213917881984842E-011
           6          28   1.1480704118430113E-009
           6          29  -3.6973793108970039E-002
           6          30   2.4123648131979328E-012
           6          31   4.5636808949974236E-014
           6          32   3.1873037353963874E-013
           6          33  -4.8821006288795461E-014
           6          34  -1.5065896555016269E-012
           6          35   1.6105805992032295E-015
           6          36   1.4655669922030548E-013
           6          37  -4.4977315281648224E-013
           6          38  -8.6281027008716633E-014
           6          39   4.3152027960306834E-012
           7           1   1.7227032633592483E-013
           7           2   4.8628392489933808E-013
           7           3 -0.74050526487838952     
           7           4   2.0611777663840377E-011
           7           5   1.1902646717503617E-012
           7           6  -6.8624468840035927E-012
           7           7   2.2138399987052635     
           7           8  -7.1553957469735401E-011
           7           9  -3.0706720190287559E-012
           7          10  -3.3000261404496705E-012
           7          11   2.0300116220785133E-002
           7          12  -6.2161037961536638E-012
           7          13   1.7852098377810085E-012
           7          14  -2.6120734213250722E-012
           7          15  -4.3238711541295719E-003
           7          16  -5.9991197040996164E-012
           7          17  -4.4574781426843530E-013
           7          18   3.0711648812421884E-012
           7          19  -8.3739622906443094E-014
           7          20  -2.3977205881157963E-012
           7          21   3.3432958798662811E-012
           7          22  -1.0785820253064977E-013
           7          23  -5.8857526214679056E-012
           7          24   5.2011932828083881E-012
           7          25   5.4231777316348497E-014
           7          26  -1.5860613439116193E-012
           7          27  -8.9697907786340713E-012
           7          28  -5.5265024653113103E-014
           7          29  -8.1363471466357257E-012
           7          30   2.7304664318052726E-002
           7          31  -3.7059116642632074E-011
           7          32   1.2728431352995492E-002
           7          33   4.0428818768921286E-011
           7          34  -4.3335536771738338E-013
           7          35   1.8999621506268428E-009
           7          36  -1.3930186633259270E-012
           7          37  -4.2816320668804704E-003
           7          38   5.0094064488506890E-011
           7          39   3.4158916216632734E-012
           8           1   1.9780276212315945E-014
           8           2   8.0352184898961986E-014
           8           3   2.1030626779412024E-011
           8           4 -0.74262792196353655     
           8           5  -5.1640896425305441E-011
           8           6  -3.8852128593818696E-013
           8           7  -7.1553957469735401E-011
           8           8   2.2205239918280779     
           8           9   1.4983762376221121E-010
           8          10   2.4582240090507458E-014
           8          11  -2.9612053155747703E-012
           8          12   1.9430112993391757E-002
           8          13  -7.6815964249448795E-011
           8          14   4.2133257679188710E-014
           8          15  -6.6499490739034176E-012
           8          16  -3.4194456266072020E-003
           8          17   3.5776468348278498E-011
           8          18   4.1388002736453134E-013
           8          19   2.2146289105219878E-012
           8          20  -1.5923526234039716E-013
           8          21   1.1612702893154043E-013
           8          22   1.7321929820683906E-012
           8          23  -4.6523130171642630E-013
           8          24   8.0629372131562539E-013
           8          25  -1.1395709976326387E-012
           8          26  -2.5285142106916340E-013
           8          27   1.0913491649473158E-013
           8          28  -2.9168569253116900E-012
           8          29  -8.8330766552576293E-013
           8          30   1.2022810871784267E-010
           8          31   2.6237747024250193E-003
           8          32  -1.5118479855796081E-010
           8          33   2.4445936719929853E-002
           8          34   1.4837718148394848E-009
           8          35  -5.8433723473098254E-012
           8          36   4.8685310291252184E-010
           8          37   5.8884679780493118E-011
           8          38   2.8790444562226494E-003
           8          39  -1.6143816325824957E-009
           9           1   3.8502366110481031E-013
           9           2   1.1400127395891132E-012
           9           3   1.1293902455990427E-012
           9           4  -4.8699809130908987E-011
           9           5 -0.74042090147232420     
           9           6  -1.0450659673643886E-011
           9           7  -3.0706720190287559E-012
           9           8   1.4983762376221121E-010
           9           9   2.2139594791735107     
           9          10  -4.1487319894290185E-012
           9          11   1.3682089078023374E-012
           9          12  -5.4407221248003812E-011
           9          13   2.1296795615784701E-002
           9          14  -5.2598864508287353E-012
           9          15  -6.6558674831008368E-013
           9          16   3.0309396637208481E-011
           9          17  -4.4626319413761072E-003
           9          18  -1.1727684170993143E-011
           9          19  -2.9461863491908260E-014
           9          20  -1.5469382851653967E-012
           9          21   2.5557215715142189E-012
           9          22   8.8415296182227303E-014
           9          23   6.2113113448144173E-012
           9          24  -1.8596234037501819E-011
           9          25  -1.3157323682299296E-015
           9          26  -2.0507082860890626E-012
           9          27  -4.1716622390840724E-012
           9          28  -3.5841755903653167E-013
           9          29   1.3843876318164700E-011
           9          30   3.9354619124246686E-012
           9          31   1.3073176995850160E-009
           9          32  -1.4861865238341335E-012
           9          33  -1.4237129870761306E-010
           9          34  -4.2466660635398883E-003
           9          35  -6.0878002658886811E-011
           9          36   1.2977340286749404E-002
           9          37  -9.4239058633690441E-013
           9          38  -1.2953599367161063E-009
           9          39   2.7054937464237316E-002
          10           1   1.0571093728832200E-002
          10           2   3.1970936205398010E-002
          10           3   6.6500529343440305E-013
          10           4  -7.1885977741546538E-014
          10           5   1.3532718896309027E-012
          10           6  -8.6097362829514912E-002
          10           7  -3.3000261404496705E-012
          10           8   2.4582240090507458E-014
          10           9  -4.1487319894290185E-012
          10          10   7.3858192818161375E-002
          10          11  -3.5786336507280516E-012
          10          12  -6.1336439389206134E-013
          10          13  -5.4223438877586239E-013
          10          14 -0.21805341589703714     
          10          15   1.6945495290130734E-012
          10          16  -1.1696367888558112E-012
          10          17   3.9228075460960287E-012
          10          18   4.4794172341234825E-002
          10          19   1.6654544906151635E-009
          10          20  -5.6237825034500560E-002
          10          21  -3.2837196094996094E-011
          10          22  -3.0950408581761890E-009
          10          23   2.1656011131663846E-002
          10          24   3.6326214953584894E-002
          10          25   1.1889043273513453E-009
          10          26  -3.5609664803769203E-002
          10          27  -2.4291723820855360E-011
          10          28  -2.3362669200662793E-009
          10          29   1.9997433778281275E-002
          10          30  -1.1498281694860689E-012
          10          31  -1.6225882640486541E-014
          10          32   2.1952051351276248E-013
          10          33   1.3630565544689130E-013
          10          34   2.0993219784512151E-012
          10          35  -7.9951538718441760E-015
          10          36   3.2216790472176982E-013
          10          37   1.0511570255124970E-012
          10          38   1.1645455880856463E-013
          10          39  -2.9214933608195255E-012
          11           1  -1.5559116517192428E-013
          11           2  -6.2236658207810619E-013
          11           3  -7.7271454443064800E-003
          11           4  -8.2232314393425980E-013
          11           5  -4.8483383680943804E-013
          11           6   1.7639393415057286E-012
          11           7   2.0300116220785133E-002
          11           8  -2.9612053155747703E-012
          11           9   1.3682089078023374E-012
          11          10  -3.5786336507280516E-012
          11          11   2.1615201302516881E-004
          11          12   1.8649360063680579E-013
          11          13   1.8283457034967018E-014
          11          14   2.4166230183957217E-012
          11          15  -4.5626511253413844E-005
          11          16  -1.0412161155708408E-013
          11          17  -3.7081706601965916E-015
          11          18   8.6639198397366011E-011
          11          19  -6.3658775252218913E-013
          11          20   1.4524596362583436E-012
          11          21  -4.8776573385293573E-011
          11          22  -1.2566710438061648E-012
          11          23  -8.7868220212282601E-011
          11          24   7.1095919726219647E-011
          11          25  -4.5278531083743644E-013
          11          26   8.8764436899220755E-013
          11          27  -3.8408047647102505E-011
          11          28  -8.9983466182475857E-013
          11          29  -7.1495551580767614E-011
          11          30   2.6383274740901026E-004
          11          31   8.2206860872284670E-013
          11          32   3.5485824471237880E-005
          11          33  -1.2239815695717150E-012
          11          34   2.8297930504736327E-014
          11          35   3.0885191615999178E-011
          11          36  -4.6729795281306826E-014
          11          37   5.3467853866842935E-005
          11          38   1.7926380662085573E-012
          11          39   4.6846303736087499E-014
          12           1  -4.1421740758455667E-014
          12           2  -1.5668443261223043E-013
          12           3   2.5391557812543011E-013
          12           4  -7.2750100713727854E-003
          12           5   2.3231926891507218E-011
          12           6   4.9707064209384667E-013
          12           7  -6.2161037961536638E-012
          12           8   1.9430112993391757E-002
          12           9  -5.4407221248003812E-011
          12          10  -6.1336439389206134E-013
          12          11   1.8649360063680579E-013
          12          12   1.8867807764056516E-004
          12          13  -2.2262089943413409E-012
          12          14   1.7298693408435713E-012
          12          15  -9.7704061752531573E-014
          12          16  -3.4025283580007242E-005
          12          17   6.4730491716065938E-013
          12          18   1.1420073082722861E-011
          12          19  -7.2127785584350813E-012
          12          20  -1.0036518079144442E-012
          12          21   1.3769374986937695E-012
          12          22  -2.1325566920265058E-011
          12          23  -1.0506875368839929E-011
          12          24   9.1172261256957386E-012
          12          25  -5.1788740156463366E-012
          12          26  -8.1772090519400599E-013
          12          27   1.0805602432614726E-012
          12          28  -1.5308065128971553E-011
          12          29  -8.4971645470959897E-012
          12          30   5.1044171055210393E-013
          12          31   3.9771643178531385E-005
          12          32  -1.7308054222484479E-012
          12          33   1.9019233276664892E-004
          12          34   1.9928703129662797E-011
          12          35  -7.8105708237875791E-014
          12          36   5.4793815293495573E-012
          12          37   1.9778002823431938E-012
          12          38   4.2757626781240012E-005
          12          39  -2.1864314877988723E-011
          13           1  -2.1209192548665454E-013
          13           2  -5.0968012548986791E-013
          13           3  -6.9200150200501486E-013
          13           4   3.0606082320882441E-011
          13           5  -8.0555734913578120E-003
          13           6   2.1663031218297022E-012
          13           7   1.7852098377810085E-012
          13           8  -7.6815964249448795E-011
          13           9   2.1296795615784701E-002
          13          10  -5.4223438877586239E-013
          13          11   1.8283457034967018E-014
          13          12  -2.2262089943413409E-012
          13          13   2.2462306507082418E-004
          13          14   1.8598001171778903E-011
          13          15  -7.7698739217258985E-015
          13          16   6.4341592305933974E-013
          13          17  -4.6681432427597320E-005
          13          18  -2.0860139019640537E-010
          13          19   8.0231318709111806E-014
          13          20   1.1208290121363465E-011
          13          21  -2.4217031581690131E-011
          13          22  -2.2166611646900639E-012
          13          23   1.9585076614553037E-010
          13          24  -1.7124153227516864E-010
          13          25   5.7970527320128014E-014
          13          26   8.0185761572156053E-012
          13          27  -1.9069920757046102E-011
          13          28  -1.5926810346894588E-012
          13          29   1.6013965428999481E-010
          13          30   5.2581176333778066E-014
          13          31   2.0853546791698425E-011
          13          32  -3.7181651948897482E-014
          13          33  -2.5457133208785015E-012
          13          34   3.5005744406677285E-005
          13          35   1.4781526708119483E-012
          13          36   6.0744679345689796E-005
          13          37   2.2291241349634774E-014
          13          38  -2.1313694674417690E-011
          13          39   2.6412328541500294E-004
          14           1  -1.5238280790185119E-002
          14           2  -5.4797666179259935E-002
          14           3   1.2507952790976579E-012
          14           4   2.0712577189365693E-013
          14           5   4.1281771873730022E-012
          14           6  0.18608078637656872     
          14           7  -2.6120734213250722E-012
          14           8   4.2133257679188710E-014
          14           9  -5.2598864508287353E-012
          14          10 -0.21805341589703714     
          14          11   2.4166230183957217E-012
          14          12   1.7298693408435713E-012
          14          13   1.8598001171778903E-011
          14          14  0.71279361290865706     
          14          15  -1.1253618018655195E-011
          14          16   3.2506565880249659E-012
          14          17   1.1187477323963790E-012
          14          18  -3.7129032267229134E-002
          14          19  -6.7977789154579854E-010
          14          20   7.7522082669220053E-003
          14          21  -1.5199936487688650E-011
          14          22   1.5993868138333620E-010
          14          23  -6.7177346068186903E-003
          14          24  -4.2283716530279028E-002
          14          25  -4.2566484697833187E-010
          14          26  -1.4491706041464814E-002
          14          27  -1.2685938171428676E-011
          14          28   3.7333094700786158E-010
          14          29  -1.9720668207908208E-002
          14          30   3.9492346383163525E-012
          14          31   6.7284218254836570E-014
          14          32  -2.7219109496741841E-013
          14          33  -3.7195598557900310E-013
          14          34  -8.2669189734753061E-012
          14          35   2.8911879619936335E-014
          14          36  -1.7163569558013301E-012
          14          37  -3.0927732363188659E-012
          14          38  -3.6166458144705848E-013
          14          39   6.5217892769911847E-012
          15           1   2.0720323126586432E-013
          15           2   6.3520976698543841E-013
          15           3   1.8089471261478133E-003
          15           4   3.0547002589764186E-012
          15           5   2.3540487778133733E-013
          15           6  -2.1482586934497741E-012
          15           7  -4.3238711541295719E-003
          15           8  -6.6499490739034176E-012
          15           9  -6.6558674831008368E-013
          15          10   1.6945495290130734E-012
          15          11  -4.5626511253413844E-005
          15          12  -9.7704061752531573E-014
          15          13  -7.7698739217258985E-015
          15          14  -1.1253618018655195E-011
          15          15   9.6520938748103301E-006
          15          16   3.2236865381959716E-014
          15          17   1.6129663482184031E-015
          15          18   8.9044337189839915E-011
          15          19   4.7824088554096664E-014
          15          20  -1.4460553651001636E-012
          15          21  -2.0006728200615415E-011
          15          22  -3.2255665452658866E-013
          15          23  -8.6810774768064356E-011
          15          24   7.2158507789697127E-011
          15          25   3.3703496957163110E-014
          15          26  -9.2168182001755514E-013
          15          27  -1.5662031056787594E-011
          15          28  -2.3137069556710709E-013
          15          29  -6.9620454690699021E-011
          15          30  -5.6144480321560964E-005
          15          31  -1.6315487780530053E-013
          15          32  -9.0167954600337084E-006
          15          33   1.5098275150903553E-013
          15          34  -5.0328944948433279E-015
          15          35  -6.3494438863361652E-012
          15          36   7.2993275648922241E-015
          15          37  -9.9587347105287493E-006
          15          38  -3.6806434642857055E-013
          15          39  -1.4596629627808972E-014
          16           1  -8.6013391681359693E-014
          16           2  -2.9680575942766496E-013
          16           3   2.8447210524759142E-012
          16           4   1.4345689006949238E-003
          16           5  -1.2541684411721333E-011
          16           6   9.4995472943451376E-013
          16           7  -5.9991197040996164E-012
          16           8  -3.4194456266072020E-003
          16           9   3.0309396637208481E-011
          16          10  -1.1696367888558112E-012
          16          11  -1.0412161155708408E-013
          16          12  -3.4025283580007242E-005
          16          13   6.4341592305933974E-013
          16          14   3.2506565880249659E-012
          16          15   3.2236865381959716E-014
          16          16   6.1820625203640065E-006
          16          17  -1.6700207802827367E-013
          16          18   1.1113787608145530E-011
          16          19   1.3562668948473668E-013
          16          20  -3.3539659834183358E-013
          16          21   9.8517838846292580E-013
          16          22   2.0141724677988997E-013
          16          23  -1.0925720405309817E-011
          16          24   8.8873037822998185E-012
          16          25   1.0021540262187818E-013
          16          26  -3.6374402077510638E-013
          16          27   7.7265231090446277E-013
          16          28   1.4790556726164145E-013
          16          29  -8.8401870087713990E-012
          16          30  -1.5765532814709980E-013
          16          31  -7.7020566215570915E-006
          16          32   2.6604891328217534E-013
          16          33  -3.2594283420268977E-005
          16          34  -3.7745987203147454E-012
          16          35   1.4807424750604429E-014
          16          36  -9.3841406077232783E-013
          16          37  -3.7902877804534797E-013
          16          38  -8.2564187671623418E-006
          16          39   4.3808628763844346E-012
          17           1   1.2158782467980466E-013
          17           2   5.8267266157811276E-013
          17           3   1.7149891217987379E-013
          17           4  -1.4343470346454352E-011
          17           5   1.8530684975095950E-003
          17           6  -1.5616454237407727E-012
          17           7  -4.4574781426843530E-013
          17           8   3.5776468348278498E-011
          17           9  -4.4626319413761072E-003
          17          10   3.9228075460960287E-012
          17          11  -3.7081706601965916E-015
          17          12   6.4730491716065938E-013
          17          13  -4.6681432427597320E-005
          17          14   1.1187477323963790E-012
          17          15   1.6129663482184031E-015
          17          16  -1.6700207802827367E-013
          17          17   9.7259256920078485E-006
          17          18  -2.1245066585856280E-010
          17          19   1.0373323398837493E-013
          17          20   3.0543732354739256E-012
          17          21  -1.1148879464532238E-011
          17          22  -4.4593989140613244E-013
          17          23   2.0884173621434433E-010
          17          24  -1.7174612654720076E-010
          17          25   7.4091552178539633E-014
          17          26   2.6399222741985715E-012
          17          27  -8.7297829447501570E-012
          17          28  -3.1880343039590242E-013
          17          29   1.6801230993003580E-010
          17          30  -1.1646778626006392E-014
          17          31  -4.1105325377581887E-012
          17          32   3.6303482233567071E-015
          17          33   7.0099250703738290E-013
          17          34  -5.6228332276445939E-006
          17          35  -2.5958674276381931E-013
          17          36  -1.4386594549349365E-005
          17          37  -3.9284691284195880E-016
          17          38   4.3050456139826922E-012
          17          39  -5.5434176173896236E-005
          18           1   3.0973211852285021E-002
          18           2   2.0463687821305546E-002
          18           3   1.0631214496220980E-011
          18           4   1.2958356742307412E-012
          18           5  -2.2860434950505343E-011
          18           6  -4.8410536466022454E-002
          18           7   3.0711648812421884E-012
          18           8   4.1388002736453134E-013
          18           9  -1.1727684170993143E-011
          18          10   4.4794172341234825E-002
          18          11   8.6639198397366011E-011
          18          12   1.1420073082722861E-011
          18          13  -2.0860139019640537E-010
          18          14  -3.7129032267229134E-002
          18          15   8.9044337189839915E-011
          18          16   1.1113787608145530E-011
          18          17  -2.1245066585856280E-010
          18          18  0.79230212455334736     
          18          19   1.6642474282775037E-009
          18          20 -0.23278758928030424     
          18          21   5.8675435749851148E-011
          18          22   3.0311087120361460E-008
          18          23 -0.56319314395176279     
          18          24  0.60379059661932044     
          18          25   1.5588830448034794E-009
          18          26 -0.17434632146796528     
          18          27   5.0857094816706653E-011
          18          28   2.4884808483655121E-008
          18          29 -0.44049333297210036     
          18          30  -1.5181995424991402E-011
          18          31  -8.2963507899386465E-013
          18          32  -6.7727178693031100E-012
          18          33  -1.7236825490971788E-012
          18          34   1.2456031160672012E-011
          18          35   1.5093588501762070E-015
          18          36   1.5883687827624896E-011
          18          37  -6.0156736304499990E-012
          18          38  -7.3063799644730336E-013
          18          39   3.3746569566982346E-011
          19           1   8.6032685896377571E-011
          19           2   3.6208466942984387E-010
          19           3  -2.3143794902015842E-013
          19           4  -1.4458865633836527E-012
          19           5   3.5353069865892887E-014
          19           6  -1.1134847408976649E-009
          19           7  -8.3739622906443094E-014
          19           8   2.2146289105219878E-012
          19           9  -2.9461863491908260E-014
          19          10   1.6654544906151635E-009
          19          11  -6.3658775252218913E-013
          19          12  -7.2127785584350813E-012
          19          13   8.0231318709111806E-014
          19          14  -6.7977789154579854E-010
          19          15   4.7824088554096664E-014
          19          16   1.3562668948473668E-013
          19          17   1.0373323398837493E-013
          19          18   1.6642474282775037E-009
          19          19  0.47860126879162151     
          19          20   2.7253965830326041E-010
          19          21   1.9989854695119900E-008
          19          22  -5.9052971917699801E-013
          19          23  -2.1813882902171718E-009
          19          24   1.4081973546726650E-009
          19          25  0.34236426205819132     
          19          26  -9.2635299100340973E-011
          19          27   1.6558024008934523E-008
          19          28   1.3292201481891548E-013
          19          29  -1.8630012744289979E-009
          19          30   8.5889251772351962E-015
          19          31  -9.8895280950205850E-013
          19          32  -5.4865527566819925E-014
          19          33  -1.5370343410690867E-013
          19          34  -1.7003333403287170E-014
          19          35  -7.5018594054520649E-013
          19          36  -2.1773732455457643E-014
          19          37   1.7364003053734841E-014
          19          38   2.0757612275761895E-013
          19          39  -1.5172785279535257E-014
          20           1   2.5127142355269989E-002
          20           2  -3.8805408169057766E-003
          20           3   1.1888642235386694E-012
          20           4  -9.3300147657628084E-014
          20           5   1.9794954079250619E-012
          20           6   2.7181983239767858E-002
          20           7  -2.3977205881157963E-012
          20           8  -1.5923526234039716E-013
          20           9  -1.5469382851653967E-012
          20          10  -5.6237825034500560E-002
          20          11   1.4524596362583436E-012
          20          12  -1.0036518079144442E-012
          20          13   1.1208290121363465E-011
          20          14   7.7522082669220053E-003
          20          15  -1.4460553651001636E-012
          20          16  -3.3539659834183358E-013
          20          17   3.0543732354739256E-012
          20          18 -0.23278758928030424     
          20          19   2.7253965830326041E-010
          20          20  0.47191963843678542     
          20          21  -9.9241052667964317E-011
          20          22  -9.2738335200263796E-010
          20          23 -0.22625820346362455     
          20          24 -0.16471171039821095     
          20          25   6.0204985935826674E-011
          20          26  0.34910055816652835     
          20          27  -8.8008573394483945E-011
          20          28  -6.2647554506027975E-010
          20          29 -0.15803243922302962     
          20          30   1.0862269623887567E-012
          20          31   6.5976053702751409E-014
          20          32  -6.5113075626938629E-014
          20          33   7.6754736784001428E-014
          20          34   8.4066355720999425E-014
          20          35  -5.7289666583621862E-015
          20          36  -1.5918337556168434E-012
          20          37   1.8481649051491148E-013
          20          38   6.8440726380323100E-014
          20          39   1.8418522315954474E-012
          21           1  -3.2810442780029524E-012
          21           2  -1.4105997956209795E-011
          21           3  -7.2782847057147193E-012
          21           4   1.4074259421512327E-013
