           1           1   2.1114610035510948     
           1           2 -0.29981828264641303     
           1           3  -1.9858847822078282E-015
           1           4  -1.4906332663008314E-015
           1           5   6.1031385114649726E-016
           1           6 -0.27915340269896660     
           1           7  -1.9754789167998655E-015
           1           8   1.3291723091652732E-015
           1           9  -7.4889311276381408E-016
           1          10   4.1169342036206806E-002
           1          11  -2.7364684401120356E-015
           1          12   4.1169342036205099E-002
           1          13   2.1977136180602262E-015
           1          14   2.5550658809874092E-015
           1          15   4.1169342036204093E-002
           2           1 -0.29981828264641303     
           2           2  0.91366117036923922     
           2           3   2.8322225432917277E-015
           2           4   2.2313566975405078E-015
           2           5  -1.6291893535644006E-015
           2           6  0.61766335778258741     
           2           7  -5.8283800777845664E-016
           2           8  -6.2051430445217775E-015
           2           9  -1.2910079485075898E-015
           2          10  -7.8272158399179809E-002
           2          11  -8.3972963972030641E-017
           2          12  -7.8272158399177769E-002
           2          13  -1.4894138876034267E-015
           2          14  -1.5199912472087715E-015
           2          15  -7.8272158399179628E-002
           3           1  -1.9858847822078282E-015
           3           2   2.8322225432917277E-015
           3           3  0.90681364296364508     
           3           4  -3.4694469519535481E-016
           3           5   1.6089560239684800E-016
           3           6   7.9812350880526728E-015
           3           7   8.2497470993759064E-002
           3           8  -3.1268390654494003E-016
           3           9  -1.7780915628830041E-017
           3          10  -2.5077463697980785E-016
           3          11   1.4449520864988626E-016
           3          12   1.4482136317425027E-017
           3          13  -1.1328442973009142E-016
           3          14  -2.1363546347783494E-016
           3          15  -6.9543166779580355E-016
           4           1  -1.4906332663008314E-015
           4           2   2.2313566975405078E-015
           4           3  -3.4694469519535481E-016
           4           4  0.90681364296364730     
           4           5  -4.1633363423443380E-016
           4           6   5.4548619545570444E-016
           4           7   1.8171228410856731E-016
           4           8   8.2497470993757649E-002
           4           9   4.6143644460982655E-016
           4          10  -9.1694412752175411E-017
           4          11  -2.8387758887184545E-017
           4          12  -2.3009491495289215E-016
           4          13   5.1211989581702102E-017
           4          14   1.9544644659855824E-016
           4          15   1.5413680312212843E-016
           5           1   6.1031385114649726E-016
           5           2  -1.6291893535644006E-015
           5           3   1.6089560239684800E-016
           5           4  -4.1633363423443380E-016
           5           5  0.90681364296364453     
           5           6  -1.1497032835646951E-015
           5           7  -1.9737900550098574E-016
           5           8  -1.5265566588595794E-016
           5           9   8.2497470993759633E-002
           5          10   2.1709394645225407E-016
           5          11  -7.4695258991831783E-017
           5          12  -1.2076638155669139E-016
           5          13  -3.6954816565600233E-017
           5          14   1.9895666180205858E-016
           5          15   4.5553486525105423E-016
           6           1 -0.27915340269896660     
           6           2  0.61766335778258741     
           6           3   7.9812350880526728E-015
           6           4   5.4548619545570444E-016
           6           5  -1.1497032835646951E-015
           6           6  0.67091108051915127     
           6           7  -3.0140842964849138E-015
           6           8  -9.1325152139897283E-015
           6           9  -4.1535914885721920E-015
           6          10  -4.3780209747756121E-002
           6          11  -9.2225296448573054E-016
           6          12  -4.3780209747755802E-002
           6          13  -2.1737999002908786E-015
           6          14  -1.3582480002341772E-015
           6          15  -4.3780209747755733E-002
           7           1  -1.9754789167998655E-015
           7           2  -5.8283800777845664E-016
           7           3   8.2497470993759064E-002
           7           4   1.8171228410856731E-016
           7           5  -1.9737900550098574E-016
           7           6  -3.0140842964849138E-015
           7           7   7.5052165052604623E-003
           7           8  -9.0395356130379413E-018
           7           9  -2.1677267186098374E-017
           7          10  -1.1368048293635162E-016
           7          11   1.3145467513466861E-017
           7          12  -8.9548718785251684E-017
           7          13  -1.0306063465419467E-017
           7          14  -1.9435509807615622E-017
           7          15  -1.5413320526419856E-016
           8           1   1.3291723091652732E-015
           8           2  -6.2051430445217775E-015
           8           3  -3.1268390654494003E-016
           8           4   8.2497470993757649E-002
           8           5  -1.5265566588595794E-016
           8           6  -9.1325152139897283E-015
           8           7  -9.0395356130379413E-018
           8           8   7.5052165052601873E-003
           8           9   3.1658703436651295E-017
           8          10   3.2039791819977753E-016
           8          11  -2.5825794897600196E-018
           8          12   3.0780691727647461E-016
           8          13   4.6590163898152838E-018
           8          14   1.7780761994729198E-017
           8          15   3.4276244012588004E-016
           9           1  -7.4889311276381408E-016
           9           2  -1.2910079485075898E-015
           9           3  -1.7780915628830041E-017
           9           4   4.6143644460982655E-016
           9           5   8.2497470993759633E-002
           9           6  -4.1535914885721920E-015
           9           7  -2.1677267186098374E-017
           9           8   3.1658703436651295E-017
           9           9   7.5052165052605733E-003
           9          10  -4.5111164809155474E-017
           9          11  -6.7954094094739788E-018
           9          12  -7.5848045342575800E-017
           9          13  -3.3619685051542595E-018
           9          14   1.8100104209273867E-017
           9          15  -2.3418975973042689E-017
          10           1   4.1169342036206806E-002
          10           2  -7.8272158399179809E-002
          10           3  -2.5077463697980785E-016
          10           4  -9.1694412752175411E-017
          10           5   2.1709394645225407E-016
          10           6  -4.3780209747756121E-002
          10           7  -1.1368048293635162E-016
          10           8   3.2039791819977753E-016
          10           9  -4.5111164809155474E-017
          10          10   7.4964256406933770E-003
          10          11  -8.1436851302053996E-017
          10          12   7.4964256406931593E-003
          10          13   1.2055325891864274E-016
          10          14   1.5087414079102371E-016
          10          15   7.4964256406933223E-003
          11           1  -2.7364684401120356E-015
          11           2  -8.3972963972030641E-017
          11           3   1.4449520864988626E-016
          11           4  -2.8387758887184545E-017
          11           5  -7.4695258991831783E-017
          11           6  -9.2225296448573054E-016
          11           7   1.3145467513466861E-017
          11           8  -2.5825794897600196E-018
          11           9  -6.7954094094739788E-018
          11          10  -8.1436851302053996E-017
          11          11   1.0588669920237990E-029
          11          12  -8.1436851302049040E-017
          11          13  -2.3460239659042946E-031
          11          14  -3.2387754750160958E-030
          11          15  -8.1436851302048424E-017
          12           1   4.1169342036205099E-002
          12           2  -7.8272158399177769E-002
          12           3   1.4482136317425027E-017
          12           4  -2.3009491495289215E-016
          12           5  -1.2076638155669139E-016
          12           6  -4.3780209747755802E-002
          12           7  -8.9548718785251684E-017
          12           8   3.0780691727647461E-016
          12           9  -7.5848045342575800E-017
          12          10   7.4964256406931593E-003
          12          11  -8.1436851302049040E-017
          12          12   7.4964256406929398E-003
          12          13   1.2055325891864381E-016
          12          14   1.5087414079102048E-016
          12          15   7.4964256406931029E-003
          13           1   2.1977136180602262E-015
          13           2  -1.4894138876034267E-015
          13           3  -1.1328442973009142E-016
          13           4   5.1211989581702102E-017
          13           5  -3.6954816565600233E-017
          13           6  -2.1737999002908786E-015
          13           7  -1.0306063465419467E-017
          13           8   4.6590163898152838E-018
          13           9  -3.3619685051542595E-018
          13          10   1.2055325891864274E-016
          13          11  -2.3460239659042946E-031
          13          12   1.2055325891864381E-016
          13          13   1.0479703587081016E-029
          13          14   6.4883411964393097E-030
          13          15   1.2055325891863744E-016
          14           1   2.5550658809874092E-015
          14           2  -1.5199912472087715E-015
          14           3  -2.1363546347783494E-016
          14           4   1.9544644659855824E-016
          14           5   1.9895666180205858E-016
          14           6  -1.3582480002341772E-015
          14           7  -1.9435509807615622E-017
          14           8   1.7780761994729198E-017
          14           9   1.8100104209273867E-017
          14          10   1.5087414079102371E-016
          14          11  -3.2387754750160958E-030
          14          12   1.5087414079102048E-016
          14          13   6.4883411964393097E-030
          14          14   5.7485992039225001E-030
          14          15   1.5087414079101944E-016
          15           1   4.1169342036204093E-002
          15           2  -7.8272158399179628E-002
          15           3  -6.9543166779580355E-016
          15           4   1.5413680312212843E-016
          15           5   4.5553486525105423E-016
          15           6  -4.3780209747755733E-002
          15           7  -1.5413320526419856E-016
          15           8   3.4276244012588004E-016
          15           9  -2.3418975973042689E-017
          15          10   7.4964256406933223E-003
          15          11  -8.1436851302048424E-017
          15          12   7.4964256406931029E-003
          15          13   1.2055325891863744E-016
          15          14   1.5087414079101944E-016
          15          15   7.4964256406932668E-003
