           1           1   2.0832102538647002     
           1           2 -0.18475121389967297     
           1           3   2.4799208602136599E-015
           1           4   1.1383070076356217E-014
           1           5   8.5482953442629757E-016
           1           6 -0.26039810154864390     
           1           7  -2.9543888739926598E-015
           1           8  -7.2434004963937579E-015
           1           9  -5.2506662672960748E-015
           1          10  -6.4294543681561369E-003
           1          11  -5.2474866827329408E-014
           1          12  -6.4294543681415583E-003
           1          13  -5.5802673731584339E-013
           1          14  -2.5184835876960723E-013
           1          15  -6.4294543681317172E-003
           2           1 -0.18475121389967297     
           2           2  0.52553958193147687     
           2           3   4.2722883434586787E-015
           2           4   4.8621867844324264E-016
           2           5   2.9806183053527971E-016
           2           6  0.58300079774391111     
           2           7   2.5305131284310685E-015
           2           8   3.1978370004640614E-016
           2           9   2.6371312779019508E-016
           2          10  -1.1412539269080725E-003
           2          11   7.7588585611018350E-016
           2          12  -1.1412539269089763E-003
           2          13   1.3100398325625424E-014
           2          14   5.8362584462829341E-015
           2          15  -1.1412539269093258E-003
           3           1   2.4799208602136599E-015
           3           2   4.2722883434586787E-015
           3           3  0.48061896761727907     
           3           4  -2.9316826744008016E-015
           3           5  -7.2997163869104027E-015
           3           6   3.0674120421204135E-015
           3           7  0.30891128566008486     
           3           8  -2.3037127760972010E-015
           3           9   2.0400348077487232E-015
           3          10  -7.6863609033003723E-016
           3          11  -1.4946216144759821E-015
           3          12   9.0891250227777251E-016
           3          13  -1.4059874577804859E-015
           3          14  -1.1010831449964438E-015
           3          15   3.2748081535492075E-016
           4           1   1.1383070076356217E-014
           4           2   4.8621867844324264E-016
           4           3  -2.9316826744008016E-015
           4           4  0.48061896761727702     
           4           5  -2.3557544803765029E-015
           4           6  -3.4808615783620633E-015
           4           7   3.7608804959177130E-015
           4           8  0.30891128566008558     
           4           9   1.4016565685892483E-015
           4          10   5.6650057863498322E-016
           4          11  -5.6841810482771300E-016
           4          12   2.8495165072760184E-016
           4          13   1.8217165889709781E-015
           4          14   2.3138492239443624E-016
           4          15   6.9596098026015626E-016
           5           1   8.5482953442629757E-016
           5           2   2.9806183053527971E-016
           5           3  -7.2997163869104027E-015
           5           4  -2.3557544803765029E-015
           5           5  0.48061896761727974     
           5           6   2.6350669991907792E-015
           5           7   2.6506574712925624E-015
           5           8   4.1806835771040987E-016
           5           9  0.30891128566008480     
           5          10  -8.8410202176649321E-016
           5          11   8.3065557863461251E-017
           5          12   4.0484613476152248E-016
           5          13  -5.6618121088797274E-016
           5          14   2.1417856676353408E-016
           5          15   6.9902123961951616E-017
           6           1 -0.26039810154864390     
           6           2  0.58300079774391111     
           6           3   3.0674120421204135E-015
           6           4  -3.4808615783620633E-015
           6           5   2.6350669991907792E-015
           6           6  0.67388012522168594     
           6           7   1.9886765955876004E-015
           6           8  -1.7474369160107462E-015
           6           9   1.8562549532947928E-015
           6          10  -2.3425601631308526E-003
           6          11   2.1266527274878104E-015
           6          12  -2.3425601631320812E-003
           6          13   2.8096420161499665E-014
           6          14   1.2573592412341063E-014
           6          15  -2.3425601631329330E-003
           7           1  -2.9543888739926598E-015
           7           2   2.5305131284310685E-015
           7           3  0.30891128566008486     
           7           4   3.7608804959177130E-015
           7           5   2.6506574712925624E-015
           7           6   1.9886765955876004E-015
           7           7  0.19854851522246875     
           7           8   2.1441182163073363E-015
           7           9   6.0368376963992911E-015
           7          10  -4.8127280851637304E-016
           7          11  -9.6064765565127071E-016
           7          12   5.9694866715454273E-016
           7          13  -9.0367926042854441E-016
           7          14  -7.0770617236662927E-016
           7          15   2.2324138127421152E-016
           8           1  -7.2434004963937579E-015
           8           2   3.1978370004640614E-016
           8           3  -2.3037127760972010E-015
           8           4  0.30891128566008558     
           8           5   4.1806835771040987E-016
           8           6  -1.7474369160107462E-015
           8           7   2.1441182163073363E-015
           8           8  0.19854851522247047     
           8           9   2.1267709815475722E-015
           8          10   4.1532817922184696E-016
           8          11  -3.6534298349715168E-016
           8          12   2.3436644621467486E-016
           8          13   1.1708834888459369E-015
           8          14   1.4871950271635910E-016
           8          15   4.9853708649049366E-016
           9           1  -5.2506662672960748E-015
           9           2   2.6371312779019508E-016
           9           3   2.0400348077487232E-015
           9           4   1.4016565685892483E-015
           9           5  0.30891128566008480     
           9           6   1.8562549532947928E-015
           9           7   6.0368376963992911E-015
           9           8   2.1267709815475722E-015
           9           9  0.19854851522246839     
           9          10  -5.4493613991725336E-016
           9          11   5.3389254279634416E-017
           9          12   2.8351770608102194E-016
           9          13  -3.6390525042802937E-016
           9          14   1.3766035233295519E-016
           9          15   6.8237011868702027E-017
          10           1  -6.4294543681561369E-003
          10           2  -1.1412539269080725E-003
          10           3  -7.6863609033003723E-016
          10           4   5.6650057863498322E-016
          10           5  -8.8410202176649321E-016
          10           6  -2.3425601631308526E-003
          10           7  -4.8127280851637304E-016
          10           8   4.1532817922184696E-016
          10           9  -5.4493613991725336E-016
          10          10   9.3336867618668413E-005
          10          11   1.8273601237490240E-016
          10          12   9.3336867618604703E-005
          10          13   1.9323638693240462E-015
          10          14   8.7276642817980900E-016
          10          15   9.3336867618586583E-005
          11           1  -5.2474866827329408E-014
          11           2   7.7588585611018350E-016
          11           3  -1.4946216144759821E-015
          11           4  -5.6841810482771300E-016
          11           5   8.3065557863461251E-017
          11           6   2.1266527274878104E-015
          11           7  -9.6064765565127071E-016
          11           8  -3.6534298349715168E-016
          11           9   5.3389254279634416E-017
          11          10   1.8273601237490240E-016
          11          11   1.3578435797523582E-027
          11          12   1.8273601237452737E-016
          11          13   1.4345700573257503E-026
          11          14   6.4775343174182611E-027
          11          15   1.8273601237427763E-016
          12           1  -6.4294543681415583E-003
          12           2  -1.1412539269089763E-003
          12           3   9.0891250227777251E-016
          12           4   2.8495165072760184E-016
          12           5   4.0484613476152248E-016
          12           6  -2.3425601631320812E-003
          12           7   5.9694866715454273E-016
          12           8   2.3436644621467486E-016
          12           9   2.8351770608102194E-016
          12          10   9.3336867618604703E-005
          12          11   1.8273601237452737E-016
          12          12   9.3336867618540992E-005
          12          13   1.9323638693200833E-015
          12          14   8.7276642817802144E-016
          12          15   9.3336867618522873E-005
          13           1  -5.5802673731584339E-013
          13           2   1.3100398325625424E-014
          13           3  -1.4059874577804859E-015
          13           4   1.8217165889709781E-015
          13           5  -5.6618121088797274E-016
          13           6   2.8096420161499665E-014
          13           7  -9.0367926042854441E-016
          13           8   1.1708834888459369E-015
          13           9  -3.6390525042802937E-016
          13          10   1.9323638693240462E-015
          13          11   1.4345700573257503E-026
          13          12   1.9323638693200833E-015
          13          13   1.5220400941976116E-025
          13          14   6.8697186223784955E-026
          13          15   1.9323638693174312E-015
          14           1  -2.5184835876960723E-013
          14           2   5.8362584462829341E-015
          14           3  -1.1010831449964438E-015
          14           4   2.3138492239443624E-016
          14           5   2.1417856676353408E-016
          14           6   1.2573592412341063E-014
          14           7  -7.0770617236662927E-016
          14           8   1.4871950271635910E-016
          14           9   1.3766035233295519E-016
          14          10   8.7276642817980900E-016
          14          11   6.4775343174182611E-027
          14          12   8.7276642817802144E-016
          14          13   6.8697186223784955E-026
          14          14   3.1008206002255696E-026
          14          15   8.7276642817682385E-016
          15           1  -6.4294543681317172E-003
          15           2  -1.1412539269093258E-003
          15           3   3.2748081535492075E-016
          15           4   6.9596098026015626E-016
          15           5   6.9902123961951616E-017
          15           6  -2.3425601631329330E-003
          15           7   2.2324138127421152E-016
          15           8   4.9853708649049366E-016
          15           9   6.8237011868702027E-017
          15          10   9.3336867618586583E-005
          15          11   1.8273601237427763E-016
          15          12   9.3336867618522873E-005
          15          13   1.9323638693174312E-015
          15          14   8.7276642817682385E-016
          15          15   9.3336867618504780E-005
