           1           1   2.0947404959879439     
           1           2 -0.24397176513318641     
           1           3   2.4885814468117462E-014
           1           4  -3.2675199585840629E-012
           1           5   5.4231427154823244E-013
           1           6 -0.21182087820487144     
           1           7  -3.4936635224783145E-014
           1           8   3.2505133395811266E-012
           1           9  -4.2794372234901864E-012
           1          10  -1.9675584843297074E-002
           1          11   1.4995388497329413E-013
           1          12  -1.9675584843313401E-002
           1          13   4.2150533939627624E-014
           1          14  -2.7880957736846540E-008
           1          15  -1.9675584843336352E-002
           2           1 -0.24397176513318641     
           2           2  0.66713486718972648     
           2           3  -6.6514487523433184E-014
           2           4   1.2092533098437264E-011
           2           5  -1.4668466892423875E-011
           2           6  0.53740096515072200     
           2           7  -7.7142988184721249E-015
           2           8  -1.2963911120136141E-011
           2           9   8.4973510664796743E-012
           2          10   3.1943070501765300E-002
           2          11  -1.8714725153227103E-014
           2          12   3.1943070501781162E-002
           2          13   1.9219035367312989E-014
           2          14   9.7563761650144405E-010
           2          15   3.1943070501737149E-002
           3           1   2.4885814468117462E-014
           3           2  -6.6514487523433184E-014
           3           3  0.95292835681386612     
           3           4   2.5476612058048312E-012
           3           5  -2.3733137240948381E-012
           3           6   1.1213212763931137E-013
           3           7  0.63406873403075714     
           3           8   1.4521665120392768E-012
           3           9  -1.2491212220393927E-012
           3          10  -5.2657221488387650E-014
           3          11   6.0330974619101979E-011
           3          12  -1.8893141886012270E-014
           3          13  -5.3940819540186885E-011
           3          14   6.4179566411668445E-010
           3          15  -3.8817305155770435E-014
           4           1  -3.2675199585840629E-012
           4           2   1.2092533098437264E-011
           4           3   2.5476612058048312E-012
           4           4  0.95292835681228083     
           4           5  -2.7808039204657575E-010
           4           6   9.2601278976493288E-012
           4           7  -2.6770949111763320E-012
           4           8  0.63406873403113839     
           4           9   6.7347155630059774E-011
           4          10  -2.4880934970370823E-011
           4          11  -2.6214918152813684E-013
           4          12   7.9338936652209644E-011
           4          13   5.5905384370627765E-012
           4          14   7.6449578549902538E-010
           4          15  -4.9804728225433711E-011
           5           1   5.4231427154823244E-013
           5           2  -1.4668466892423875E-011
           5           3  -2.3733137240948381E-012
           5           4  -2.7808039204657575E-010
           5           5  0.95292835682043364     
           5           6   1.2572436864286826E-011
           5           7   2.3902637851056386E-012
           5           8   6.6427086053977291E-011
           5           9  0.63406873402917596     
           5          10   1.4423648511400335E-011
           5          11   1.2060678945547422E-011
           5          12   4.3006130842901934E-011
           5          13   4.7981631550462893E-013
           5          14  -8.6634650778368574E-010
           5          15  -7.5707908914388788E-011
           6           1 -0.21182087820487144     
           6           2  0.53740096515072200     
           6           3   1.1213212763931137E-013
           6           4   9.2601278976493288E-012
           6           5   1.2572436864286826E-011
           6           6  0.43301228770376660     
           6           7   1.0433961061787270E-013
           6           8  -1.0745617003718088E-011
           6           9   2.3057188579703035E-011
           6          10   2.5792241618181593E-002
           6          11  -1.6166647766159176E-014
           6          12   2.5792241618194454E-002
           6          13   1.5106608699241860E-014
           6          14   9.9579394652506672E-010
           6          15   2.5792241618159302E-002
           7           1  -3.4936635224783145E-014
           7           2  -7.7142988184721249E-015
           7           3  0.63406873403075714     
           7           4  -2.6770949111763320E-012
           7           5   2.3902637851056386E-012
           7           6   1.0433961061787270E-013
           7           7  0.42190281840568428     
           7           8  -1.9430147035992508E-012
           7           9   1.8100733145144914E-012
           7          10  -3.3135827848079152E-014
           7          11   4.0143610394538508E-011
           7          12  -1.0669556267913030E-014
           7          13  -3.5891666910421520E-011
           7          14   4.2704423826231974E-010
           7          15  -2.3926887329557650E-014
           8           1   3.2505133395811266E-012
           8           2  -1.2963911120136141E-011
           8           3   1.4521665120392768E-012
           8           4  0.63406873403113839     
           8           5   6.6427086053977291E-011
           8           6  -1.0745617003718088E-011
           8           7  -1.9430147035992508E-012
           8           8  0.42190281840689370     
           8           9   2.1213028555955304E-010
           8          10  -1.7552501754477353E-011
           8          11  -1.7443135584428919E-013
           8          12   5.1794329606499049E-011
           8          13   3.7198871378853743E-012
           8          14   5.0868763736319787E-010
           8          15  -3.4136537665449085E-011
           9           1  -4.2794372234901864E-012
           9           2   8.4973510664796743E-012
           9           3  -1.2491212220393927E-012
           9           4   6.7347155630059774E-011
           9           5  0.63406873402917596     
           9           6   2.3057188579703035E-011
           9           7   1.8100733145144914E-012
           9           8   2.1213028555955304E-010
           9           9  0.42190281840067229     
           9          10   1.0463421872591758E-011
           9          11   8.0250516895304996E-012
           9          12   2.9481911390592407E-011
           9          13   3.1926482276977350E-013
           9          14  -5.7645806137556200E-010
           9          15  -4.9509190314373019E-011
          10           1  -1.9675584843297074E-002
          10           2   3.1943070501765300E-002
          10           3  -5.2657221488387650E-014
          10           4  -2.4880934970370823E-011
          10           5   1.4423648511400335E-011
          10           6   2.5792241618181593E-002
          10           7  -3.3135827848079152E-014
          10           8  -1.7552501754477353E-011
          10           9   1.0463421872591758E-011
          10          10   1.5613293846413116E-003
          10          11  -1.4665134381530806E-015
          10          12   1.5613293846421131E-003
          10          13   7.2419935270367416E-016
          10          14   1.5642547996039317E-010
          10          15   1.5613293846401615E-003
          11           1   1.4995388497329413E-013
          11           2  -1.8714725153227103E-014
          11           3   6.0330974619101979E-011
          11           4  -2.6214918152813684E-013
          11           5   1.2060678945547422E-011
          11           6  -1.6166647766159176E-014
          11           7   4.0143610394538508E-011
          11           8  -1.7443135584428919E-013
          11           9   8.0250516895304996E-012
          11          10  -1.4665134381530806E-015
          11          11   3.9723547122547797E-021
          11          12  -1.4665131029182084E-015
          11          13  -3.4105145933851709E-021
          11          14   2.7466197732952419E-020
          11          15  -1.4665145711577555E-015
          12           1  -1.9675584843313401E-002
          12           2   3.1943070501781162E-002
          12           3  -1.8893141886012270E-014
          12           4   7.9338936652209644E-011
          12           5   4.3006130842901934E-011
          12           6   2.5792241618194454E-002
          12           7  -1.0669556267913030E-014
          12           8   5.1794329606499049E-011
          12           9   2.9481911390592407E-011
          12          10   1.5613293846421131E-003
          12          11  -1.4665131029182084E-015
          12          12   1.5613293846429145E-003
          12          13   7.2419997661289733E-016
          12          14   1.5642548001820942E-010
          12          15   1.5613293846409629E-003
          13           1   4.2150533939627624E-014
          13           2   1.9219035367312989E-014
          13           3  -5.3940819540186885E-011
          13           4   5.5905384370627765E-012
          13           5   4.7981631550462893E-013
          13           6   1.5106608699241860E-014
          13           7  -3.5891666910421520E-011
          13           8   3.7198871378853743E-012
          13           9   3.1926482276977350E-013
          13          10   7.2419935270367416E-016
          13          11  -3.4105145933851709E-021
          13          12   7.2419997661289733E-016
          13          13   3.0864113742082582E-021
          13          14  -3.2927073958386157E-020
          13          15   7.2419916031391553E-016
          14           1  -2.7880957736846540E-008
          14           2   9.7563761650144405E-010
          14           3   6.4179566411668445E-010
          14           4   7.6449578549902538E-010
          14           5  -8.6634650778368574E-010
          14           6   9.9579394652506672E-010
          14           7   4.2704423826231974E-010
          14           8   5.0868763736319787E-010
          14           9  -5.7645806137556200E-010
          14          10   1.5642547996039317E-010
          14          11   2.7466197732952419E-020
          14          12   1.5642548001820942E-010
          14          13  -3.2927073958386157E-020
          14          14   3.8100732000205734E-016
          14          15   1.5642548002298859E-010
          15           1  -1.9675584843336352E-002
          15           2   3.1943070501737149E-002
          15           3  -3.8817305155770435E-014
          15           4  -4.9804728225433711E-011
          15           5  -7.5707908914388788E-011
          15           6   2.5792241618159302E-002
          15           7  -2.3926887329557650E-014
          15           8  -3.4136537665449085E-011
          15           9  -4.9509190314373019E-011
          15          10   1.5613293846401615E-003
          15          11  -1.4665145711577555E-015
          15          12   1.5613293846409629E-003
          15          13   7.2419916031391553E-016
          15          14   1.5642548002298859E-010
          15          15   1.5613293846390114E-003
