           1           1   2.2004030572233240     
           1           2  0.72043257994014920     
           1           3  -1.1116771655594425E-010
           1           4  -2.1904571697047602E-013
           1           5   6.0029686535278258E-010
           1           6 -0.18450309026456868     
           1           7  -1.8197069001680663E-012
           1           8   1.3944938730542748E-012
           1           9   1.0488047066642271E-011
           1          10   2.4430076580407082E-002
           1          11  -4.9017963671777560E-014
           1          12   4.9921531860689756E-012
           1          13   7.7820347560594369E-014
           1          14  -1.4984472669081841E-002
           1          15  -2.4550356413619547E-015
           1          16  -1.7943925185587550E-011
           1          17   1.4077770062609096E-012
           1          18   2.7036563900603574E-002
           1          19  -1.5884722077685245E-012
           1          20   2.6744454003353107E-002
           1          21  -1.8073180243902323E-012
           1          22  -9.6024381393858346E-012
           1          23   2.6742255471178023E-002
           1          24  -6.8893550162105535E-005
           1          25   4.6244378016481335E-012
           1          26   8.3443559429022263E-004
           1          27   2.4882043401880158E-012
           1          28   9.2542579288982956E-012
           1          29   8.3655783057649813E-004
           1          30   4.0430788028610988E-013
           1          31  -2.8322376160293169E-013
           1          32   1.0820882088628857E-013
           1          33  -6.1713148677164179E-013
           1          34  -7.1508602791076301E-013
           1          35   5.1045683360919779E-015
           1          36  -8.7380118488642839E-013
           1          37   1.1121040945560897E-013
           1          38  -2.6551889678592398E-013
           1          39  -1.9675480029783620E-012
           2           1  0.72043257994014920     
           2           2   2.5768293571440211     
           2           3  -4.2721167719552830E-010
           2           4  -1.1938253029167872E-012
           2           5   2.0470479305862092E-009
           2           6 -0.97678421912302049     
           2           7  -7.0013528282718368E-012
           2           8   7.7114669577522611E-012
           2           9   3.6026662742252631E-011
           2          10  0.11526321437844220     
           2          11  -1.5458649730936882E-013
           2          12   2.7498902452772826E-011
           2          13   8.7821544195118717E-013
           2          14  -8.5096426819594624E-003
           2          15   1.4746977877833367E-014
           2          16  -9.8799323571220081E-011
           2          17   2.4840418184945301E-012
           2          18   7.2863958656250762E-003
           2          19  -5.3075403811806435E-012
           2          20   6.3236996185220863E-003
           2          21  -6.7425864249785420E-012
           2          22  -3.7391637367560782E-011
           2          23   6.3151434065641492E-003
           2          24  -1.9213521573825623E-002
           2          25   2.0225712002025701E-011
           2          26  -1.5265477606870439E-002
           2          27   1.1076329189776819E-011
           2          28   3.9998938728971060E-011
           2          29  -1.5256305654152848E-002
           2          30   1.5663188601864743E-012
           2          31  -1.5539309810242399E-012
           2          32   4.2610522891741329E-013
           2          33  -3.4116675817305525E-012
           2          34  -2.4853464186459169E-012
           2          35   8.9235062417806780E-015
           2          36  -3.0349041199277914E-012
           2          37   4.2469976286958910E-013
           2          38  -1.4916949288254562E-012
           2          39  -6.8175289195577111E-012
           3           1  -1.1116771655594425E-010
           3           2  -4.2721167719552830E-010
           3           3   2.2616716976243656     
           3           4   1.5942485367690589E-011
           3           5   8.5748803664955827E-011
           3           6  -1.5385365880082470E-010
           3           7 -0.76132903751060854     
           3           8  -5.3799958115054237E-011
           3           9   5.4330889127313298E-011
           3          10  -1.1246050996630552E-010
           3          11  -1.0065643465217954E-002
           3          12  -5.7097050966974490E-011
           3          13   3.9884621641651032E-010
           3          14   1.3095523362305401E-010
           3          15   2.0282732134902271E-002
           3          16   2.9274229236056730E-011
           3          17  -1.6559739250926408E-010
           3          18  -1.8060063779728658E-011
           3          19   3.0172592129611157E-011
           3          20  -1.8391877456734217E-011
           3          21  -6.4786623882174668E-011
           3          22   3.9393464238284241E-011
           3          23   7.3036706650705143E-011
           3          24  -1.8655717166814728E-010
           3          25  -9.9937215774604839E-011
           3          26  -1.5350085511507745E-011
           3          27  -1.0150369378634824E-010
           3          28   7.8743791379955413E-011
           3          29   5.6302095107541968E-011
           3          30  -1.3294427160769349E-002
           3          31   1.4925068103330775E-010
           3          32  -4.1942246063874002E-003
           3          33  -5.2389505137132966E-011
           3          34  -1.3058614253021473E-010
           3          35   5.6506571370084114E-011
           3          36   7.1309339247099293E-011
           3          37  -4.1895034195411959E-003
           3          38  -1.7168749302228669E-011
           3          39  -2.1235678367776172E-010
           4           1  -2.1904571697047602E-013
           4           2  -1.1938253029167872E-012
           4           3   1.5942485367690589E-011
           4           4   2.2619525116086532     
           4           5   5.9259135522356837E-011
           4           6   1.5332141778864735E-012
           4           7  -3.8069876864451605E-012
           4           8 -0.76220956919712934     
           4           9  -1.6016234527619810E-011
           4          10  -1.5353930738857990E-011
           4          11   1.5307107279535168E-011
           4          12  -9.4837294539136564E-003
           4          13   5.8166365497995018E-012
           4          14  -1.9710464567831094E-012
           4          15  -1.0376015751756883E-011
           4          16   1.9540270835721775E-002
           4          17  -8.4185227494682007E-012
           4          18   2.1715386322400071E-013
           4          19  -1.9088888899136025E-012
           4          20   2.1370087140118356E-015
           4          21  -2.0259941282291623E-012
           4          22  -8.9115673588818642E-013
           4          23   6.3876552227343355E-014
           4          24  -9.4871756631763848E-013
           4          25  -4.5144885295110674E-013
           4          26  -2.8546327428713836E-012
           4          27  -4.0335247740516999E-012
           4          28  -3.0376035410388910E-013
           4          29  -3.5226122727012346E-012
           4          30  -4.5142729879246466E-012
           4          31  -6.2856111224715537E-003
           4          32   7.3403117232299066E-012
           4          33  -1.1142159570558372E-002
           4          34  -1.1926390061224026E-011
           4          35   3.8229567675686185E-012
           4          36   4.2079590518682376E-011
           4          37  -3.1272403762076487E-012
           4          38  -4.9766138575732472E-003
           4          39  -1.4464812971308821E-011
           5           1   6.0029686535278258E-010
           5           2   2.0470479305862092E-009
           5           3   8.5748803664955827E-011
           5           4   5.9259135522356837E-011
           5           5   2.2619539231738504     
           5           6   1.7132863071112805E-009
           5           7  -3.0285893267350380E-010
           5           8  -2.9005505710971637E-010
           5           9 -0.76221386168359340     
           5          10  -1.2242764431293670E-009
           5          11  -5.0575630457038235E-010
           5          12  -7.5967343165518499E-010
           5          13  -9.4813841226119716E-003
           5          14  -6.1414279212405457E-010
           5          15   4.1098715952989931E-011
           5          16   4.5744932815207786E-010
           5          17   1.9537841907488817E-002
           5          18   6.9884296882064014E-010
           5          19  -2.1194383366265377E-010
           5          20   5.7546645371371368E-010
           5          21   3.7169074158952094E-010
           5          22  -4.8081869197755216E-011
           5          23   1.4713324242093626E-009
           5          24  -2.5008409966388260E-010
           5          25   3.7132933686344522E-010
           5          26  -1.5245455690605455E-010
           5          27   2.3951849770951162E-011
           5          28   2.5812141051580237E-011
           5          29  -4.7516998330358549E-010
           5          30   3.1664581185282291E-011
           5          31   4.5003267016137306E-010
           5          32   1.4683093785203830E-011
           5          33   4.6082543489445778E-010
           5          34  -6.2889627360338245E-003
           5          35  -5.2687271689065305E-011
           5          36  -4.9846793087264399E-003
           5          37   2.1025241914569241E-010
           5          38   1.3650809849599599E-011
           5          39  -1.1131979179678786E-002
           6           1 -0.18450309026456868     
           6           2 -0.97678421912302049     
           6           3  -1.5385365880082470E-010
           6           4   1.5332141778864735E-012
           6           5   1.7132863071112805E-009
           6           6   2.4816174614932343     
           6           7  -1.7507517767302490E-012
           6           8  -9.9187487406454270E-012
           6           9   3.2757514094199695E-011
           6          10 -0.26170501426156545     
           6          11  -7.0419192288238961E-013
           6          12  -3.6167749633548426E-011
           6          13   6.4537542873791950E-012
           6          14  0.22589935211151560     
           6          15   4.7246777420349134E-013
           6          16   1.2957356661773595E-010
           6          17  -1.7391479105180870E-011
           6          18  -6.9939759410612493E-003
           6          19   6.4651397563797752E-011
           6          20   5.5186716660356391E-003
           6          21   4.0371584854720740E-011
           6          22   2.1515345080418997E-010
           6          23   5.5679312294889607E-003
           6          24   8.7532573491647919E-002
           6          25  -5.6269672946619206E-011
           6          26   7.6577098515658748E-002
           6          27  -3.1913732721116437E-011
           6          28  -1.1431988013458448E-010
           6          29   7.6550898474603904E-002
           6          30   1.8978429037110602E-013
           6          31   2.0153422354735548E-012
           6          32   1.0375365504916532E-013
           6          33   4.3471563378786752E-012
           6          34  -2.2148434764332934E-012
           6          35  -1.5427056475584455E-014
           6          36  -2.7346778161148307E-012
           6          37   1.1420180604039528E-013
           6          38   1.8382384990073707E-012
           6          39  -5.9899488490551720E-012
           7           1  -1.8197069001680663E-012
           7           2  -7.0013528282718368E-012
           7           3 -0.76132903751060854     
           7           4  -3.8069876864451605E-012
           7           5  -3.0285893267350380E-010
           7           6  -1.7507517767302490E-012
           7           7   2.2191951923920046     
           7           8   8.6124467340326082E-012
           7           9   3.1620289450178655E-012
           7          10  -2.0223929553705468E-012
           7          11   4.7738301984472362E-002
           7          12  -2.5642300973851249E-011
           7          13   2.8789807656318354E-012
           7          14   2.0068738604946631E-012
           7          15 -0.12142464065249886     
           7          16   7.5368230171395758E-011
           7          17  -4.3755796054370138E-013
           7          18  -2.2276248752971496E-014
           7          19   5.2296224707746226E-013
           7          20  -3.4214668542325959E-013
           7          21  -9.2004563470241964E-013
           7          22   5.9694227489383621E-013
           7          23   1.1445405707657269E-012
           7          24  -2.7309332152523100E-012
           7          25  -1.3632981593773801E-012
           7          26  -6.0460309653913805E-014
           7          27  -1.7828465610619914E-012
           7          28   1.2590105775605594E-012
           7          29   1.0648515958543038E-012
           7          30   2.5073399438916778E-002
           7          31  -3.8199467796128243E-011
           7          32   6.2094994566273126E-003
           7          33   2.2195189741626866E-011
           7          34  -2.5119760490251082E-011
           7          35  -5.8406233329946952E-011
           7          36   6.4759499212819367E-012
           7          37   6.1959519963532966E-003
           7          38   1.0030258800132075E-011
           7          39   8.3975733914879687E-012
           8           1   1.3944938730542748E-012
           8           2   7.7114669577522611E-012
           8           3  -5.3799958115054237E-011
           8           4 -0.76220956919712934     
           8           5  -2.9005505710971637E-010
           8           6  -9.9187487406454270E-012
           8           7   8.6124467340326082E-012
           8           8   2.2220046991308902     
           8           9   4.8953591976810162E-011
           8          10   9.8761087598939992E-011
           8          11  -8.7073850475496842E-011
           8          12   4.6487305879979228E-002
           8          13  -3.7322148913460254E-013
           8          14   1.2834314842588577E-011
           8          15   5.0830231973069635E-011
           8          16 -0.12014799918502417     
           8          17   1.0587039691468346E-011
           8          18  -1.4595071652291153E-012
           8          19   1.2134245603636298E-011
           8          20   2.4061338149815414E-013
           8          21   1.3096048559745035E-011
           8          22   5.9438373886557320E-012
           8          23  -4.1587347372524436E-013
           8          24   5.9849021250568970E-012
           8          25   2.8538223624333140E-012
           8          26   1.7920983514188080E-011
           8          27   2.5825912226417850E-011
           8          28   2.0754341546849306E-012
           8          29   2.2667140348115039E-011
           8          30   1.6152440423754692E-011
           8          31   1.1991226576775715E-002
           8          32  -1.8497804470503137E-011
           8          33   1.8511939596067818E-002
           8          34   2.9962865730678373E-011
           8          35  -1.0625763949367706E-011
           8          36  -1.2756089182939498E-010
           8          37   7.2959563617011260E-012
           8          38   8.2604742699273724E-003
           8          39   3.5430776075744860E-011
           9           1   1.0488047066642271E-011
           9           2   3.6026662742252631E-011
           9           3   5.4330889127313298E-011
           9           4  -1.6016234527619810E-011
           9           5 -0.76221386168359340     
           9           6   3.2757514094199695E-011
           9           7   3.1620289450178655E-012
           9           8   4.8953591976810162E-011
           9           9   2.2220179383188161     
           9          10  -1.7329131465615552E-011
           9          11  -1.2075143062637709E-011
           9          12  -2.4120178560546625E-011
           9          13   4.6482138669737730E-002
           9          14  -4.1088147238952068E-013
           9          15   4.4514500164778796E-012
           9          16  -2.1593551153877564E-011
           9          17 -0.12014416777196466     
           9          18   1.2853140924398293E-011
           9          19  -4.4855556474566842E-012
           9          20   1.0414975232579742E-011
           9          21   6.8144198996002212E-012
           9          22  -3.5101705494454851E-013
           9          23   2.5797592094991813E-011
           9          24  -4.7866336633250160E-012
           9          25   7.0612902435552673E-012
           9          26  -1.5007504599986869E-012
           9          27  -1.5988396710319719E-015
           9          28   2.8736408489794787E-013
           9          29  -9.2492304437901003E-012
           9          30   5.0587526915370444E-012
           9          31   4.2743511107144799E-011
           9          32   5.6738720575082949E-012
           9          33   4.4668266770311577E-011
           9          34   1.2000498667234773E-002
           9          35  -2.0196493413954001E-011
           9          36   8.2832741549594049E-003
           9          37  -1.1058084456620666E-011
           9          38  -1.2278408039941762E-010
           9          39   1.8481036884094741E-002
          10           1   2.4430076580407082E-002
          10           2  0.11526321437844220     
          10           3  -1.1246050996630552E-010
          10           4  -1.5353930738857990E-011
          10           5  -1.2242764431293670E-009
          10           6 -0.26170501426156545     
          10           7  -2.0223929553705468E-012
          10           8   9.8761087598939992E-011
          10           9  -1.7329131465615552E-011
          10          10  0.77404351748895106     
          10          11   8.7958160541299752E-013
          10          12   3.4895555833435016E-010
          10          13   8.1200368654134594E-012
          10          14  0.78607878084388372     
          10          15  -1.3275130623884499E-013
          10          16  -1.2550430877208860E-009
          10          17  -3.5817602316912833E-011
          10          18  -3.9570003143365867E-002
          10          19   2.5668474648580070E-013
          10          20  -3.9547294288442079E-002
          10          21   1.6526941150805901E-012
          10          22  -2.9621278945255260E-011
          10          23  -3.9554014265214654E-002
          10          24 -0.15292187384828468     
          10          25   5.5626922989087175E-011
          10          26 -0.14211155261657119     
          10          27   3.2453921565488555E-011
          10          28   8.6560261486775174E-011
          10          29 -0.14209167050779475     
          10          30   7.6272933631975023E-013
          10          31  -1.9632601736528959E-011
          10          32   2.2427322406018793E-013
          10          33  -4.3890205990975594E-011
          10          34   7.3470292843381652E-013
          10          35  -1.3656465665186686E-014
          10          36   1.0200994125026053E-012
          10          37   2.1205303458940278E-013
          10          38  -1.9611843249868045E-011
          10          39   2.4534499614352632E-012
          11           1  -4.9017963671777560E-014
          11           2  -1.5458649730936882E-013
          11           3  -1.0065643465217954E-002
          11           4   1.5307107279535168E-011
          11           5  -5.0575630457038235E-010
          11           6  -7.0419192288238961E-013
          11           7   4.7738301984472362E-002
          11           8  -8.7073850475496842E-011
          11           9  -1.2075143062637709E-011
          11          10   8.7958160541299752E-013
          11          11  0.10884683770256709     
          11          12  -2.7069014789580397E-010
          11          13   7.6298581545646113E-012
          11          14   1.3745612027616328E-013
          11          15 -0.39683133275962201     
          11          16   9.9831517522983444E-010
          11          17  -1.5724951011025216E-011
          11          18  -7.4670971595354902E-013
          11          19  -1.6740483832928781E-014
          11          20   3.1670958247305892E-013
          11          21  -1.2471865749418653E-013
          11          22   1.0076101144081390E-013
          11          23   3.2643418761333788E-013
          11          24  -6.8619801637639323E-013
          11          25  -1.0864927404279427E-013
          11          26  -7.2987230191153878E-014
          11          27  -1.1345297610442517E-013
          11          28   9.5666559458780947E-014
          11          29  -4.3175786403964070E-014
          11          30  -1.3116359643516788E-002
          11          31   1.9598734577967516E-011
          11          32  -5.4756959862930265E-003
          11          33   3.0721957805596986E-011
          11          34   2.2369626072879981E-012
          11          35  -2.2673992084263457E-012
          11          36  -5.3549236838475788E-013
          11          37  -5.4762208199340438E-003
          11          38   1.3738909610026689E-011
          11          39  -1.5192029575072868E-012
          12           1   4.9921531860689756E-012
          12           2   2.7498902452772826E-011
          12           3  -5.7097050966974490E-011
          12           4  -9.4837294539136564E-003
          12           5  -7.5967343165518499E-010
          12           6  -3.6167749633548426E-011
          12           7  -2.5642300973851249E-011
          12           8   4.6487305879979228E-002
          12           9  -2.4120178560546625E-011
          12          10   3.4895555833435016E-010
          12          11  -2.7069014789580397E-010
          12          12  0.11233169362629770     
          12          13   1.1153793880275901E-010
          12          14   4.5910174002136372E-011
          12          15   1.2586121657304012E-010
          12          16 -0.40418249561874586     
          12          17  -1.0042995503513659E-010
          12          18  -5.4647688742961385E-012
          12          19   4.2394634782048438E-011
          12          20   1.1358586913075958E-012
          12          21   4.6239384227588160E-011
          12          22   2.1199184034617414E-011
          12          23  -1.9234033666426441E-012
          12          24   2.0664426046831937E-011
          12          25   9.9147507223408158E-012
          12          26   6.1659163551593228E-011
          12          27   9.0762425355750286E-011
          12          28   8.3519194962026726E-012
          12          29   7.9932339191323956E-011
          12          30   2.9325870316601374E-011
          12          31  -5.9174901109694299E-003
          12          32   1.5377842963645239E-011
          12          33  -1.3492803551148218E-002
          12          34  -2.6025597270044973E-011
          12          35   1.5429031555156931E-012
          12          36  -2.0586570281681217E-011
          12          37  -9.1760273738420886E-012
          12          38  -6.0337417198625658E-003
          12          39  -1.7470724032759461E-011
          13           1   7.7820347560594369E-014
          13           2   8.7821544195118717E-013
          13           3   3.9884621641651032E-010
          13           4   5.8166365497995018E-012
          13           5  -9.4813841226119716E-003
          13           6   6.4537542873791950E-012
          13           7   2.8789807656318354E-012
          13           8  -3.7322148913460254E-013
          13           9   4.6482138669737730E-002
          13          10   8.1200368654134594E-012
          13          11   7.6298581545646113E-012
          13          12   1.1153793880275901E-010
          13          13  0.11234448758921069     
          13          14   3.4240758519584895E-011
          13          15  -1.7115142326168125E-011
          13          16  -3.6403452192502548E-010
          13          17 -0.40420925627284005     
          13          18   5.5442128561614605E-013
          13          19  -1.1388394871214277E-012
          13          20   2.0071433686254919E-012
          13          21   5.4618508236029641E-013
          13          22  -9.3107152650948432E-013
          13          23  -2.2756753574895728E-012
          13          24  -1.2137990116583156E-012
          13          25   5.2315020415757946E-013
          13          26   2.4197295052558343E-013
          13          27  -1.2958421806459488E-012
          13          28   6.5706494914151603E-013
          13          29  -2.6335928289250361E-012
          13          30  -1.0695118142426434E-012
          13          31  -1.0022408842577682E-011
          13          32  -1.5495917611444992E-012
          13          33  -1.5893395207453962E-011
          13          34  -5.9194309183222046E-003
          13          35  -5.9153224168013712E-013
          13          36  -6.0351792500143425E-003
          13          37  -2.7939393385420756E-012
          13          38  -3.2638124392555820E-012
          13          39  -1.3494127605388874E-002
          14           1  -1.4984472669081841E-002
          14           2  -8.5096426819594624E-003
          14           3   1.3095523362305401E-010
          14           4  -1.9710464567831094E-012
          14           5  -6.1414279212405457E-010
          14           6  0.22589935211151560     
          14           7   2.0068738604946631E-012
          14           8   1.2834314842588577E-011
          14           9  -4.1088147238952068E-013
          14          10  0.78607878084388372     
          14          11   1.3745612027616328E-013
          14          12   4.5910174002136372E-011
          14          13   3.4240758519584895E-011
          14          14   2.0637589722235767     
          14          15   1.8475704885676554E-012
          14          16  -1.6300411227502378E-010
          14          17  -1.2744612733318205E-010
          14          18  -3.6464394809766369E-002
          14          19   5.0359632444693862E-012
          14          20  -3.5522542891584435E-002
          14          21   4.6800082061113850E-012
          14          22  -5.6381583877051855E-011
          14          23  -3.5535399696898638E-002
          14          24  -1.4078104678572061E-002
          14          25  -1.2722299111822238E-011
          14          26  -1.6570453309990948E-002
          14          27  -6.1091305748626882E-012
          14          28  -7.3945329341282260E-011
          14          29  -1.6587351767699633E-002
          14          30  -4.5303753662511256E-013
          14          31  -2.6103508184720943E-012
          14          32  -1.3808463829577191E-013
          14          33  -5.8332552208589547E-012
          14          34  -1.2274247974870170E-012
          14          35  -1.5186047001899055E-015
          14          36  -1.0627471962118269E-012
          14          37  -1.3708136173149947E-013
          14          38  -2.6047149949865784E-012
          14          39  -2.3632329022268085E-012
          15           1  -2.4550356413619547E-015
          15           2   1.4746977877833367E-014
          15           3   2.0282732134902271E-002
          15           4  -1.0376015751756883E-011
          15           5   4.1098715952989931E-011
          15           6   4.7246777420349134E-013
          15           7 -0.12142464065249886     
          15           8   5.0830231973069635E-011
          15           9   4.4514500164778796E-012
          15          10  -1.3275130623884499E-013
          15          11 -0.39683133275962201     
          15          12   1.2586121657304012E-010
          15          13  -1.7115142326168125E-011
          15          14   1.8475704885676554E-012
          15          15   1.4493556155234684     
          15          16  -5.3985638047382140E-010
          15          17   1.5533823659581726E-011
          15          18   3.4420435487189532E-013
          15          19   5.1067367253228394E-014
          15          20  -2.7692529876455787E-013
          15          21   4.0261884928083898E-014
          15          22  -8.4091389485058814E-014
          15          23  -1.6359175416255867E-013
          15          24   2.7603621852027850E-013
          15          25   8.9620452900978886E-014
          15          26  -8.9761187807211358E-014
          15          27   3.1661763962755023E-014
          15          28  -5.8874799730814658E-014
          15          29  -4.7626629957947197E-014
          15          30   5.0559978793826961E-002
          15          31  -1.5509938284004453E-011
          15          32   2.1775750611097273E-002
          15          33  -9.5044779672581940E-012
          15          34  -3.4673928602386185E-012
          15          35   7.9694786347415111E-013
          15          36   2.5275274757577507E-012
          15          37   2.1775932800056227E-002
          15          38  -4.2264880499321871E-012
          15          39   5.8302103884875897E-012
          16           1  -1.7943925185587550E-011
          16           2  -9.8799323571220081E-011
          16           3   2.9274229236056730E-011
          16           4   1.9540270835721775E-002
          16           5   4.5744932815207786E-010
          16           6   1.2957356661773595E-010
          16           7   7.5368230171395758E-011
          16           8 -0.12014799918502417     
          16           9  -2.1593551153877564E-011
          16          10  -1.2550430877208860E-009
          16          11   9.9831517522983444E-010
          16          12 -0.40418249561874586     
          16          13  -3.6403452192502548E-010
          16          14  -1.6300411227502378E-010
          16          15  -5.3985638047382140E-010
          16          16   1.4563138534086331     
          16          17   2.1305269453587727E-010
          16          18   1.9552534326201772E-011
          16          19  -1.5280843763578488E-010
          16          20  -4.0877898381174215E-012
          16          21  -1.6651416705943865E-010
          16          22  -7.5957869972198331E-011
          16          23   6.6584453095398501E-012
          16          24  -7.4968274952578169E-011
          16          25  -3.5742792784517519E-011
          16          26  -2.2259187674932151E-010
          16          27  -3.2701921239352250E-010
          16          28  -2.9910016178366041E-011
          16          29  -2.8856588928381509E-010
          16          30  -1.0472101637849451E-010
          16          31   2.2830633671297146E-002
          16          32  -6.3051536071789945E-011
          16          33   5.1082034966577053E-002
          16          34   8.6396541478529445E-011
          16          35  -6.7090216695393076E-012
          16          36   7.5464647204835463E-011
          16          37   2.9055681028460851E-011
          16          38   2.2843214727895796E-002
          16          39   6.3077903972556133E-011
          17           1   1.4077770062609096E-012
          17           2   2.4840418184945301E-012
          17           3  -1.6559739250926408E-010
          17           4  -8.4185227494682007E-012
          17           5   1.9537841907488817E-002
          17           6  -1.7391479105180870E-011
          17           7  -4.3755796054370138E-013
          17           8   1.0587039691468346E-011
          17           9 -0.12014416777196466     
          17          10  -3.5817602316912833E-011
          17          11  -1.5724951011025216E-011
          17          12  -1.0042995503513659E-010
          17          13 -0.40420925627284005     
          17          14  -1.2744612733318205E-010
          17          15   1.5533823659581726E-011
          17          16   2.1305269453587727E-010
          17          17   1.4563391155287790     
          17          18   1.4925638845552982E-013
          17          19   3.6816186291583486E-012
          17          20  -5.1032728802503047E-012
          17          21  -9.5601839719495651E-013
          17          22   2.8397034943601482E-012
          17          23   1.2403168899726372E-011
          17          24   4.3063589231016649E-012
          17          25  -7.1689605841718438E-013
          17          26  -5.5211537947735743E-013
          17          27   4.7095289965033778E-012
          17          28  -2.4564797961028831E-012
          17          29   8.6233614435943765E-012
          17          30  -2.7651968430349253E-013
          17          31   1.2247368634460487E-011
          17          32   2.0937705170618645E-012
          17          33   1.7575774132923894E-011
          17          34   2.2834425701076695E-002
          17          35  -1.2057564632683726E-013
          17          36   2.2846837979455022E-002
          17          37   5.1489818528034258E-012
          17          38  -5.5106844702558791E-012
          17          39   5.1084034712256039E-002
          18           1   2.7036563900603574E-002
          18           2   7.2863958656250762E-003
          18           3  -1.8060063779728658E-011
          18           4   2.1715386322400071E-013
          18           5   6.9884296882064014E-010
          18           6  -6.9939759410612493E-003
          18           7  -2.2276248752971496E-014
          18           8  -1.4595071652291153E-012
          18           9   1.2853140924398293E-011
          18          10  -3.9570003143365867E-002
          18          11  -7.4670971595354902E-013
          18          12  -5.4647688742961385E-012
          18          13   5.5442128561614605E-013
          18          14  -3.6464394809766369E-002
          18          15   3.4420435487189532E-013
          18          16   1.9552534326201772E-011
          18          17   1.4925638845552982E-013
          18          18  0.67260731594737033     
          18          19  -9.3443221835257573E-011
          18          20 -0.33139047495576363     
          18          21  -5.3561707642141185E-011
          18          22   2.4565032361584598E-010
          18          23 -0.33133418650842783     
          18          24  0.28480787519190764     
          18          25   5.6509430584094643E-011
          18          26 -0.13052870003263278     
          18          27   3.1254380974322508E-011
          18          28  -9.6391642377504637E-011
          18          29 -0.13055081350281758     
          18          30  -1.0296793766007877E-014
          18          31   1.6855095782204653E-013
          18          32  -8.1889400324205019E-014
          18          33   8.4246414776923909E-013
          18          34  -6.5585843648487238E-013
          18          35  -4.1153706047251762E-015
          18          36  -1.2247674883733105E-012
          18          37  -9.3236769590024144E-014
          18          38   3.0356269805440270E-013
          18          39  -2.4000284246321875E-012
          19           1  -1.5884722077685245E-012
          19           2  -5.3075403811806435E-012
          19           3   3.0172592129611157E-011
          19           4  -1.9088888899136025E-012
          19           5  -2.1194383366265377E-010
          19           6   6.4651397563797752E-011
          19           7   5.2296224707746226E-013
          19           8   1.2134245603636298E-011
          19           9  -4.4855556474566842E-012
          19          10   2.5668474648580070E-013
          19          11  -1.6740483832928781E-014
          19          12   4.2394634782048438E-011
          19          13  -1.1388394871214277E-012
          19          14   5.0359632444693862E-012
          19          15   5.1067367253228394E-014
          19          16  -1.5280843763578488E-010
          19          17   3.6816186291583486E-012
          19          18  -9.3443221835257573E-011
          19          19  0.65722442960989902     
          19          20   5.1760055339324748E-011
          19          21  -5.0205025671421305E-011
          19          22  -1.5923235025609003E-011
          19          23   8.4923689982016745E-011
          19          24   8.2144640212425904E-011
          19          25  0.28423261276046557     
          19          26   8.7610924772749894E-012
          19          27   2.4997190197352154E-011
          19          28   8.0025081261658264E-012
          19          29  -9.8138735053668283E-012
          19          30   2.3591411947919178E-014
          19          31  -2.3605022709310004E-012
          19          32  -2.8010113186288387E-013
          19          33  -5.3685563272030609E-012
          19          34   3.7677450329656086E-013
          19          35   2.5922017720601626E-013
          19          36   4.3593223611100797E-013
          19          37   6.8592731735113914E-014
          19          38  -2.4003347557037605E-012
          19          39   9.8773664576662824E-013
          20           1   2.6744454003353107E-002
          20           2   6.3236996185220863E-003
          20           3  -1.8391877456734217E-011
          20           4   2.1370087140118356E-015
          20           5   5.7546645371371368E-010
          20           6   5.5186716660356391E-003
          20           7  -3.4214668542325959E-013
          20           8   2.4061338149815414E-013
          20           9   1.0414975232579742E-011
          20          10  -3.9547294288442079E-002
          20          11   3.1670958247305892E-013
          20          12   1.1358586913075958E-012
          20          13   2.0071433686254919E-012
          20          14  -3.5522542891584435E-002
          20          15  -2.7692529876455787E-013
          20          16  -4.0877898381174215E-012
          20          17  -5.1032728802503047E-012
          20          18 -0.33139047495576363     
          20          19   5.1760055339324748E-011
          20          20  0.66435996596737468     
          20          21   5.2441596890395686E-011
          20          22  -6.7019201916594897E-011
          20          23 -0.31461667127489101     
          20          24 -0.12557140137721670     
          20          25  -1.6702439701816379E-011
          20          26  0.29739643649555986     
          20          27  -2.1380094515887976E-011
          20          28   6.0288751372513850E-011
          20          29 -0.13232491114146774     
          20          30   7.0841158665436369E-014
          20          31   9.1097070694951049E-014
          20          32   8.5328438858045601E-014
          20          33  -2.9050423828438053E-013
          20          34  -8.1562536629830400E-013
          20          35   5.0771791076202208E-015
          20          36  -7.6384036250126633E-013
          20          37   4.6175567301171741E-014
          20          38   6.2116555003409293E-014
          20          39  -2.2064617216678455E-012
          21           1  -1.8073180243902323E-012
          21           2  -6.7425864249785420E-012
          21           3  -6.4786623882174668E-011
          21           4  -2.0259941282291623E-012
