           1           1   2.0860838503340648     
           1           2 -0.21431410292319286     
           1           3  -1.6735265652420448E-011
           1           4  -8.0532436936824517E-011
           1           5   1.0525224868619967E-011
           1           6 -0.23214958030958427     
           1           7  -4.1291051409442189E-012
           1           8  -5.0553426465341630E-011
           1           9   4.0207435795991280E-012
           1          10  -1.2421878975064127E-002
           1          11   2.2998931205667639E-004
           1          12  -1.1354836351349210E-002
           1          13   1.5961955084039668E-004
           1          14  -2.8650865697185668E-005
           1          15  -1.1336187734570059E-002
           2           1 -0.21431410292319286     
           2           2  0.61323001554623957     
           2           3   5.4724834391143602E-011
           2           4   1.6781996088745716E-010
           2           5  -3.1474382704496226E-011
           2           6  0.57029456380951138     
           2           7   1.2744899516790815E-011
           2           8   1.0094193581652380E-010
           2           9  -1.0535808455141857E-011
           2          10   1.1453320374235465E-002
           2          11  -6.2978248191852826E-004
           2          12   8.5314246511418376E-003
           2          13  -4.3700777383809744E-004
           2          14   7.8908521752774866E-005
           2          15   8.4803589284756908E-003
           3           1  -1.6735265652420448E-011
           3           2   5.4724834391143602E-011
           3           3  0.89965900900733575     
           3           4  -7.0052718617188536E-002
           3           5  -4.8609702351645946E-002
           3           6   2.7943407755837640E-011
           3           7  0.62122799490940706     
           3           8  -5.7056617086794555E-002
           3           9  -3.9591685467559999E-002
           3          10   8.3755349949914855E-011
           3          11   5.8215598562053392E-011
           3          12  -2.9797355379639448E-011
           3          13   2.1339650868111448E-010
           3          14   2.5669110939631113E-010
           3          15  -4.2668254379773903E-011
           4           1  -8.0532436936824517E-011
           4           2   1.6781996088745716E-010
           4           3  -7.0052718617188536E-002
           4           4  0.52436770443411851     
           4           5   8.7777302176148524E-003
           4           6   2.3872162903647469E-010
           4           7  -5.7056617213092561E-002
           4           8  0.31556031014983865     
           4           9   7.1492936987853743E-003
           4          10   9.8210214439414607E-012
           4          11   1.2805910969022851E-011
           4          12   3.1059970277255919E-011
           4          13   1.8269193909876661E-010
           4          14   6.3846151224565344E-011
           4          15  -6.1882985868930003E-011
           5           1   1.0525224868619967E-011
           5           2  -3.1474382704496226E-011
           5           3  -4.8609702351645946E-002
           5           4   8.7777302176148524E-003
           5           5  0.51780877044623075     
           5           6  -1.6076037594567573E-011
           5           7  -3.9591685473428097E-002
           5           8   7.1492936765651348E-003
           5           9  0.31021818222280073     
           5          10  -3.5546661792541726E-012
           5          11  -4.4855064232894522E-013
           5          12   1.3956556946200862E-011
           5          13  -7.0869958316421362E-010
           5          14  -1.1274465862512286E-009
           5          15  -1.6097791532681020E-011
           6           1 -0.23214958030958427     
           6           2  0.57029456380951138     
           6           3   2.7943407755837640E-011
           6           4   2.3872162903647469E-010
           6           5  -1.6076037594567573E-011
           6           6  0.54118996649884377     
           6           7  -8.5625079993015616E-012
           6           8   1.4420443858673905E-010
           6           9  -1.5637402384257865E-012
           6          10   1.3426714749843957E-002
           6          11  -1.6019764203220347E-003
           6          12   5.9942944756418643E-003
           6          13  -1.1116152367273181E-003
           6          14   2.0072389625915281E-004
           6          15   5.8643987039841130E-003
           7           1  -4.1291051409442189E-012
           7           2   1.2744899516790815E-011
           7           3  0.62122799490940706     
           7           4  -5.7056617213092561E-002
           7           5  -3.9591685473428097E-002
           7           6  -8.5625079993015616E-012
           7           7  0.43114164991791792     
           7           8  -4.4971500574671808E-002
           7           9  -3.1205802313800466E-002
           7          10   5.7587989109955879E-011
           7          11   4.2160940778630067E-011
           7          12  -2.2346864485653032E-011
           7          13   1.5119557373278889E-010
           7          14   1.8732185076110693E-010
           7          15  -2.6872333265844668E-011
           8           1  -5.0553426465341630E-011
           8           2   1.0094193581652380E-010
           8           3  -5.7056617086794555E-002
           8           4  0.31556031014983865     
           8           5   7.1492936765651348E-003
           8           6   1.4420443858673905E-010
           8           7  -4.4971500574671808E-002
           8           8  0.19021719338966797     
           8           9   5.6350066766940182E-003
           8          10   4.3804727031367539E-012
           8          11   6.3223066623009052E-012
           8          12   1.9370617780894992E-011
           8          13   1.0468439191126797E-010
           8          14   3.1908128214332553E-011
           8          15  -3.6640240637647884E-011
           9           1   4.0207435795991280E-012
           9           2  -1.0535808455141857E-011
           9           3  -3.9591685467559999E-002
           9           4   7.1492936987853743E-003
           9           5  0.31021818222280073     
           9           6  -1.5637402384257865E-012
           9           7  -3.1205802313800466E-002
           9           8   5.6350066766940182E-003
           9           9  0.18600657733054846     
           9          10  -3.0914039600109697E-012
           9          11  -1.1583321255209650E-012
           9          12   9.0715345466223110E-012
           9          13  -4.2572976816895883E-010
           9          14  -6.7685057685493636E-010
           9          15  -9.2486278261832583E-012
          10           1  -1.2421878975064127E-002
          10           2   1.1453320374235465E-002
          10           3   8.3755349949914855E-011
          10           4   9.8210214439414607E-012
          10           5  -3.5546661792541726E-012
          10           6   1.3426714749843957E-002
          10           7   5.7587989109955879E-011
          10           8   4.3804727031367539E-012
          10           9  -3.0914039600109697E-012
          10          10   9.2759909994625568E-004
          10          11  -2.7239488617426084E-004
          10          12  -3.3618559529605650E-004
          10          13  -1.8901540996165572E-004
          10          14   3.4130825702484319E-005
          10          15  -3.5827265165501161E-004
          11           1   2.2998931205667639E-004
          11           2  -6.2978248191852826E-004
          11           3   5.8215598562053392E-011
          11           4   1.2805910969022851E-011
          11           5  -4.4855064232894522E-013
          11           6  -1.6019764203220347E-003
          11           7   4.2160940778630067E-011
          11           8   6.3223066623009052E-012
          11           9  -1.1583321255209650E-012
          11          10  -2.7239488617426084E-004
          11          11   1.0100557784885328E-004
          11          12   1.9622368928304038E-004
          11          13   7.0087943154748401E-005
          11          14  -1.2656187698102013E-005
          11          15   2.0441369577104611E-004
          12           1  -1.1354836351349210E-002
          12           2   8.5314246511418376E-003
          12           3  -2.9797355379639448E-011
          12           4   3.1059970277255919E-011
          12           5   1.3956556946200862E-011
          12           6   5.9942944756418643E-003
          12           7  -2.2346864485653032E-011
          12           8   1.9370617780894992E-011
          12           9   9.0715345466223110E-012
          12          10  -3.3618559529605650E-004
          12          11   1.9622368928304038E-004
          12          12   5.7420042300627397E-004
          12          13   1.3615982072767875E-004
          12          14  -2.4587957716392354E-005
          12          15   5.9011116097842551E-004
          13           1   1.5961955084039668E-004
          13           2  -4.3700777383809744E-004
          13           3   2.1339650868111448E-010
          13           4   1.8269193909876661E-010
          13           5  -7.0869958316421362E-010
          13           6  -1.1116152367273181E-003
          13           7   1.5119557373278889E-010
          13           8   1.0468439191126797E-010
          13           9  -4.2572976816895883E-010
          13          10  -1.8901540996165572E-004
          13          11   7.0087943154748401E-005
          13          12   1.3615982072767875E-004
          13          13   4.8634143582224502E-005
          13          14  -8.7821502790956301E-006
          13          15   1.4184288023185134E-004
          14           1  -2.8650865697185668E-005
          14           2   7.8908521752774866E-005
          14           3   2.5669110939631113E-010
          14           4   6.3846151224565344E-011
          14           5  -1.1274465862512286E-009
          14           6   2.0072389625915281E-004
          14           7   1.8732185076110693E-010
          14           8   3.1908128214332553E-011
          14           9  -6.7685057685493636E-010
          14          10   3.4130825702484319E-005
          14          11  -1.2656187698102013E-005
          14          12  -2.4587957716392354E-005
          14          13  -8.7821502790956301E-006
          14          14   1.5858439884526985E-006
          14          15  -2.5614180837613986E-005
          15           1  -1.1336187734570059E-002
          15           2   8.4803589284756908E-003
          15           3  -4.2668254379773903E-011
          15           4  -6.1882985868930003E-011
          15           5  -1.6097791532681020E-011
          15           6   5.8643987039841130E-003
          15           7  -2.6872333265844668E-011
          15           8  -3.6640240637647884E-011
          15           9  -9.2486278261832583E-012
          15          10  -3.5827265165501161E-004
          15          11   2.0441369577104611E-004
          15          12   5.9011116097842551E-004
          15          13   1.4184288023185134E-004
          15          14  -2.5614180837613986E-005
          15          15   6.0668598312990782E-004
