           1           1   2.1488935440180832     
           1           2 -0.59184462527939841     
           1           3  -4.7538154394536445E-012
           1           4  -7.0150399948603092E-013
           1           5  -1.2572867466867700E-012
           1           6   5.0279574569781410E-002
           1           7  -1.2558248367652344E-012
           1           8   2.6896814687528452E-012
           1           9   2.7443812906070315E-014
           1          10   6.4037406655018753E-002
           1          11   4.5763745808063622E-013
           1          12  -2.0245937797902301E-012
           1          13  -1.8280433779641996E-012
           1          14   1.5551424891569340E-002
           1          15  -9.9043799937019287E-013
           1          16   1.5551424893186071E-002
           1          17   2.0307229195763908E-013
           1          18  -5.3189551565595598E-013
           1          19   1.5551424893764081E-002
           2           1 -0.59184462527939841     
           2           2   2.3563949137633893     
           2           3   1.7811830414640636E-011
           2           4   2.5636776218675895E-012
           2           5   4.7516440318100573E-012
           2           6 -0.44330755159351315     
           2           7   4.6826826692064976E-012
           2           8  -9.9486266912651980E-012
           2           9  -1.5395172577087432E-013
           2          10 -0.26915698528572385     
           2          11  -1.7144543478455410E-012
           2          12   7.5120950381296426E-012
           2          13   6.8358986974033662E-012
           2          14  -2.6620262966438870E-003
           2          15   3.7438121546791935E-012
           2          16  -2.6620263027729292E-003
           2          17  -6.6325132654177771E-013
           2          18   1.9951854593804587E-012
           2          19  -2.6620263048490393E-003
           3           1  -4.7538154394536445E-012
           3           2   1.7811830414640636E-011
           3           3   2.0412288376204071     
           3           4  -1.2420186407126238E-014
           3           5  -5.6690763194904496E-015
           3           6  -8.3463275083096969E-013
           3           7 -0.13635697144717157     
           3           8   5.2296708630271510E-014
           3           9   3.6504002945411647E-014
           3          10   3.5571000248884237E-014
           3          11 -0.11678908836450949     
           3          12  -2.6094144206505554E-014
           3          13  -1.3905592172528188E-013
           3          14   4.0834275649899952E-013
           3          15   6.7159472943135499E-014
           3          16   5.5702205899632229E-013
           3          17   6.3687524767642259E-014
           3          18  -6.9574562925193626E-014
           3          19   3.2248160013161675E-013
           4           1  -7.0150399948603092E-013
           4           2   2.5636776218675895E-012
           4           3  -1.2420186407126238E-014
           4           4   2.0412288376204422     
           4           5  -4.3593600951304223E-015
           4           6   7.4185061492942074E-013
           4           7  -1.0417187945588360E-013
           4           8 -0.13635697144732606     
           4           9  -2.5817455812092699E-014
           4          10  -1.2764513947877517E-013
           4          11   1.4176680662725705E-013
           4          12 -0.11678908836416096     
           4          13   6.0534666472199214E-014
           4          14  -2.3986278893981882E-013
           4          15  -1.7960170881384761E-015
           4          16  -3.4223212867184869E-013
           4          17   2.8606230895994787E-014
           4          18  -7.5730322101631375E-014
           4          19  -2.2883844278221496E-013
           5           1  -1.2572867466867700E-012
           5           2   4.7516440318100573E-012
           5           3  -5.6690763194904496E-015
           5           4  -4.3593600951304223E-015
           5           5   2.0412288376204590     
           5           6  -3.7228086482392945E-013
           5           7   1.0448608124547002E-013
           5           8  -8.6706900340190283E-015
           5           9 -0.13635697144736805     
           5          10   4.9395025324503821E-015
           5          11  -1.7832100813325917E-013
           5          12   1.9249277736017288E-014
           5          13 -0.11678908836420850     
           5          14   1.7421840423133584E-013
           5          15   5.8156588629736677E-014
           5          16   2.3924814551712563E-013
           5          17   1.4995340863084416E-014
           5          18  -4.7257440592840253E-014
           5          19   1.7180913766170105E-013
           6           1   5.0279574569781410E-002
           6           2 -0.44330755159351315     
           6           3  -8.3463275083096969E-013
           6           4   7.4185061492942074E-013
           6           5  -3.7228086482392945E-013
           6           6  0.98622997706325410     
           6           7   2.1466057218500193E-013
           6           8  -3.1818710171072484E-013
           6           9  -5.0023822870198937E-014
           6          10  0.54220537290072568     
           6          11  -1.9342815559569838E-013
           6          12   1.7201749892341661E-013
           6          13   7.2547522664343928E-014
           6          14   6.5163111914353158E-004
           6          15   6.9972706430207386E-014
           6          16   6.5163111904643217E-004
           6          17  -8.7310177906285321E-015
           6          18   3.9112758910956093E-014
           6          19   6.5163111902382352E-004
           7           1  -1.2558248367652344E-012
           7           2   4.6826826692064976E-012
           7           3 -0.13635697144717157     
           7           4  -1.0417187945588360E-013
           7           5   1.0448608124547002E-013
           7           6   2.1466057218500193E-013
           7           7  0.48304199737321735     
           7           8   2.4681260724426744E-013
           7           9  -1.9348900330258970E-013
           7          10  -1.1211731905638547E-013
           7          11  0.29729776176561873     
           7          12  -4.7878544119811100E-014
           7          13   1.7757329149312092E-014
           7          14   4.9787283836027024E-014
           7          15  -1.9046020460435254E-014
           7          16  -2.5168713727891471E-014
           7          17   2.5740425530758670E-014
           7          18  -4.1549141689332275E-014
           7          19  -1.2578916269776130E-014
           8           1   2.6896814687528452E-012
           8           2  -9.9486266912651980E-012
           8           3   5.2296708630271510E-014
           8           4 -0.13635697144732606     
           8           5  -8.6706900340190283E-015
           8           6  -3.1818710171072484E-013
           8           7   2.4681260724426744E-013
           8           8  0.48304199737332387     
           8           9   1.7854165852194812E-013
           8          10   1.4489676407829327E-013
           8          11  -5.4852823672120198E-014
           8          12  0.29729776176559886     
           8          13   1.6013125257075445E-014
           8          14   5.9230317861739363E-015
           8          15   5.4475237517008126E-014
           8          16   3.2832362058115075E-014
           8          17  -2.8782701125456290E-014
           8          18   3.3173649319167605E-014
           8          19   3.0512259151416907E-014
           9           1   2.7443812906070315E-014
           9           2  -1.5395172577087432E-013
           9           3   3.6504002945411647E-014
           9           4  -2.5817455812092699E-014
           9           5 -0.13635697144736805     
           9           6  -5.0023822870198937E-014
           9           7  -1.9348900330258970E-013
           9           8   1.7854165852194812E-013
           9           9  0.48304199737349873     
           9          10  -2.5644652204878777E-014
           9          11   6.1826966005108503E-014
           9          12  -9.1808497195789257E-014
           9          13  0.29729776176556333     
           9          14  -6.5142087668193239E-015
           9          15  -1.8529204052338434E-014
           9          16   3.8127091823624192E-014
           9          17   1.1020597812248788E-013
           9          18  -3.1596830033142396E-014
           9          19  -5.4136300065655265E-014
          10           1   6.4037406655018753E-002
          10           2 -0.26915698528572385     
          10           3   3.5571000248884237E-014
          10           4  -1.2764513947877517E-013
          10           5   4.9395025324503821E-015
          10           6  0.54220537290072568     
          10           7  -1.1211731905638547E-013
          10           8   1.4489676407829327E-013
          10           9  -2.5644652204878777E-014
          10          10  0.29883759754591349     
          10          11  -1.9500496359795896E-013
          10          12   1.1758973263985034E-013
          10          13  -5.4871332878671978E-014
          10          14   6.1387176047819538E-004
          10          15  -1.2437695432729931E-014
          10          16   6.1387176050511395E-004
          10          17   2.7932548196062425E-015
          10          18  -6.6635349267002291E-015
          10          19   6.1387176051900735E-004
          11           1   4.5763745808063622E-013
          11           2  -1.7144543478455410E-012
          11           3 -0.11678908836450949     
          11           4   1.4176680662725705E-013
          11           5  -1.7832100813325917E-013
          11           6  -1.9342815559569838E-013
          11           7  0.29729776176561873     
          11           8  -5.4852823672120198E-014
          11           9   6.1826966005108503E-014
          11          10  -1.9500496359795896E-013
          11          11  0.18351887139091558     
          11          12  -1.5725294059533607E-013
          11          13   1.2717533935127946E-013
          11          14   3.4888432878170967E-014
          11          15  -1.2680050904585782E-014
          11          16  -1.3121174372764429E-014
          11          17   1.4752420300233676E-014
          11          18  -2.4229478763144712E-014
          11          19  -1.7924851601880141E-015
          12           1  -2.0245937797902301E-012
          12           2   7.5120950381296426E-012
          12           3  -2.6094144206505554E-014
          12           4 -0.11678908836416096     
          12           5   1.9249277736017288E-014
          12           6   1.7201749892341661E-013
          12           7  -4.7878544119811100E-014
          12           8  0.29729776176559886     
          12           9  -9.1808497195789257E-014
          12          10   1.1758973263985034E-013
          12          11  -1.5725294059533607E-013
          12          12  0.18351887139083781     
          12          13  -1.1458939833725100E-013
          12          14  -2.2019178496979054E-014
          12          15   3.3265925735618236E-014
          12          16  -3.9264875368398154E-015
          12          17  -1.8075268145080624E-014
          12          18   2.1499222393550795E-014
          12          19  -7.1636264139917418E-015
          13           1  -1.8280433779641996E-012
          13           2   6.8358986974033662E-012
          13           3  -1.3905592172528188E-013
          13           4   6.0534666472199214E-014
          13           5 -0.11678908836420850     
          13           6   7.2547522664343928E-014
          13           7   1.7757329149312092E-014
          13           8   1.6013125257075445E-014
          13           9  0.29729776176556333     
          13          10  -5.4871332878671978E-014
          13          11   1.2717533935127946E-013
          13          12  -1.1458939833725100E-013
          13          13  0.18351887139072973     
          13          14  -2.1423588876394605E-014
          13          15  -1.2255285313428287E-014
          13          16   4.8540651664985033E-015
          13          17   6.7075659520087900E-014
          13          18  -1.8505011112940058E-014
          13          19  -5.0508732085083292E-014
          14           1   1.5551424891569340E-002
          14           2  -2.6620262966438870E-003
          14           3   4.0834275649899952E-013
          14           4  -2.3986278893981882E-013
          14           5   1.7421840423133584E-013
          14           6   6.5163111914353158E-004
          14           7   4.9787283836027024E-014
          14           8   5.9230317861739363E-015
          14           9  -6.5142087668193239E-015
          14          10   6.1387176047819538E-004
          14          11   3.4888432878170967E-014
          14          12  -2.2019178496979054E-014
          14          13  -2.1423588876394605E-014
          14          14   4.3609249912074778E-004
          14          15  -8.9222250718775141E-015
          14          16   4.3609249913382120E-004
          14          17   1.5606536503185947E-017
          14          18  -5.7268726849983113E-015
          14          19   4.3609249913723080E-004
          15           1  -9.9043799937019287E-013
          15           2   3.7438121546791935E-012
          15           3   6.7159472943135499E-014
          15           4  -1.7960170881384761E-015
          15           5   5.8156588629736677E-014
          15           6   6.9972706430207386E-014
          15           7  -1.9046020460435254E-014
          15           8   5.4475237517008126E-014
          15           9  -1.8529204052338434E-014
          15          10  -1.2437695432729931E-014
          15          11  -1.2680050904585782E-014
          15          12   3.3265925735618236E-014
          15          13  -1.2255285313428287E-014
          15          14  -8.9222250718775141E-015
          15          15   1.5392823965773396E-023
          15          16  -8.9222250930626183E-015
          15          17  -2.4309006477497149E-025
          15          18   9.5200449043502227E-024
          15          19  -8.9222250985007745E-015
          16           1   1.5551424893186071E-002
          16           2  -2.6620263027729292E-003
          16           3   5.5702205899632229E-013
          16           4  -3.4223212867184869E-013
          16           5   2.3924814551712563E-013
          16           6   6.5163111904643217E-004
          16           7  -2.5168713727891471E-014
          16           8   3.2832362058115075E-014
          16           9   3.8127091823624192E-014
          16          10   6.1387176050511395E-004
          16          11  -1.3121174372764429E-014
          16          12  -3.9264875368398154E-015
          16          13   4.8540651664985033E-015
          16          14   4.3609249913382120E-004
          16          15  -8.9222250930626183E-015
          16          16   4.3609249914689467E-004
          16          17   1.5606537332772905E-017
          16          18  -5.7268726978623907E-015
          16          19   4.3609249915030427E-004
          17           1   2.0307229195763908E-013
          17           2  -6.6325132654177771E-013
          17           3   6.3687524767642259E-014
          17           4   2.8606230895994787E-014
          17           5   1.4995340863084416E-014
          17           6  -8.7310177906285321E-015
          17           7   2.5740425530758670E-014
          17           8  -2.8782701125456290E-014
          17           9   1.1020597812248788E-013
          17          10   2.7932548196062425E-015
          17          11   1.4752420300233676E-014
          17          12  -1.8075268145080624E-014
          17          13   6.7075659520087900E-014
          17          14   1.5606536503185947E-017
          17          15  -2.4309006477497149E-025
          17          16   1.5606537332772905E-017
          17          17   3.4089098926459137E-025
          17          18  -4.7206784611678993E-027
          17          19   1.5606537752262067E-017
          18           1  -5.3189551565595598E-013
          18           2   1.9951854593804587E-012
          18           3  -6.9574562925193626E-014
          18           4  -7.5730322101631375E-014
          18           5  -4.7257440592840253E-014
          18           6   3.9112758910956093E-014
          18           7  -4.1549141689332275E-014
          18           8   3.3173649319167605E-014
          18           9  -3.1596830033142396E-014
          18          10  -6.6635349267002291E-015
          18          11  -2.4229478763144712E-014
          18          12   2.1499222393550795E-014
          18          13  -1.8505011112940058E-014
          18          14  -5.7268726849983113E-015
          18          15   9.5200449043502227E-024
          18          16  -5.7268726978623907E-015
          18          17  -4.7206784611678993E-027
          18          18   5.9903565345148880E-024
          18          19  -5.7268727010094432E-015
          19           1   1.5551424893764081E-002
          19           2  -2.6620263048490393E-003
          19           3   3.2248160013161675E-013
          19           4  -2.2883844278221496E-013
          19           5   1.7180913766170105E-013
          19           6   6.5163111902382352E-004
          19           7  -1.2578916269776130E-014
          19           8   3.0512259151416907E-014
          19           9  -5.4136300065655265E-014
          19          10   6.1387176051900735E-004
          19          11  -1.7924851601880141E-015
          19          12  -7.1636264139917418E-015
          19          13  -5.0508732085083292E-014
          19          14   4.3609249913723080E-004
          19          15  -8.9222250985007745E-015
          19          16   4.3609249915030427E-004
          19          17   1.5606537752262067E-017
          19          18  -5.7268727010094432E-015
          19          19   4.3609249915371382E-004
