           1           1   2.1797221022928421     
           1           2  0.67063357165983817     
           1           3  -1.0076277412623702E-013
           1           4   5.1170325133880514E-013
           1           5  -6.6237163086057470E-014
           1           6 -0.18599194272479286     
           1           7   3.3478327256344639E-013
           1           8  -1.3086995489393091E-012
           1           9   2.7447098583804986E-014
           1          10   1.5932108930095265E-002
           1          11  -9.0012369864798896E-013
           1          12   1.3524390830404406E-012
           1          13  -5.3817116027448599E-013
           1          14  -1.0565154739047903E-002
           1          15   2.4920881805091675E-013
           1          16  -4.8220992740894500E-013
           1          17   8.0935012312926021E-014
           1          18   1.4081324786467429E-002
           1          19  -6.8173718956764307E-006
           1          20   1.4159902771085609E-002
           1          21  -3.8314768037360631E-005
           1          22   1.7580062214886345E-004
           1          23   1.4356909268929682E-002
           1          24   1.4687446043554092E-003
           1          25   1.6895633691365258E-004
           1          26   7.1854168179067020E-004
           1          27   3.0802399557698765E-004
           1          28  -1.6592899567453787E-003
           1          29  -1.1624487562166847E-003
           1          30   1.1974719993166184E-013
           1          31   1.3861936134220988E-013
           1          32   5.4347706588810588E-015
           1          33   4.7226891819621959E-013
           1          34   1.5354910344477950E-013
           1          35  -1.9816851938829990E-014
           1          36   8.0886328488440333E-014
           1          37  -3.9181582904201024E-014
           1          38   2.8799835343814556E-013
           1          39   1.2924541394175799E-013
           2           1  0.67063357165983817     
           2           2   2.5037790041813843     
           2           3  -1.4791942927446384E-012
           2           4   2.6672211887335249E-012
           2           5  -7.8302996148182884E-013
           2           6 -0.88580764446220583     
           2           7   2.8128722054161936E-012
           2           8  -6.8963250626433619E-012
           2           9   1.2427685132890296E-012
           2          10   7.6477359430505168E-002
           2          11  -3.6127715256292092E-012
           2          12   5.4178151293498589E-012
           2          13  -2.1555209449009887E-012
           2          14  -4.3932052056127206E-002
           2          15   8.5890979314132573E-013
           2          16  -1.7875283508883278E-012
           2          17   2.0000804028048208E-013
           2          18   9.1819946321350671E-003
           2          19  -1.6963809553936684E-005
           2          20   9.4585345934654307E-003
           2          21  -1.3875098762368676E-004
           2          22   6.1999003350997686E-004
           2          23   1.0151852436045293E-002
           2          24   7.9860648037188651E-003
           2          25   7.3547299537929443E-004
           2          26   4.7177721364643401E-003
           2          27   1.3422501186120908E-003
           2          28  -7.2288802219180621E-003
           2          29  -3.4768463659111040E-003
           2          30  -1.3121238799251716E-012
           2          31   1.6702445035022849E-012
           2          32  -7.8172694384463402E-013
           2          33   4.2955270692177485E-012
           2          34   5.6200885415181143E-015
           2          35  -7.2190010166094175E-014
           2          36  -2.3044679108957092E-013
           2          37  -9.5008287092705169E-013
           2          38   2.2267639280387408E-012
           2          39  -7.7244150058805953E-013
           3           1  -1.0076277412623702E-013
           3           2  -1.4791942927446384E-012
           3           3   2.2221616385303253     
           3           4  -2.8621724492635422E-004
           3           5  -5.3365724134824292E-004
           3           6  -3.4483590435104497E-011
           3           7 -0.70219906536354060     
           3           8   5.5682628111536716E-004
           3           9   1.0415527186195448E-003
           3          10   1.5278740250018798E-011
           3          11  -2.8934599756596830E-003
           3          12  -1.7858609725269197E-003
           3          13  -3.3195205209878213E-003
           3          14   3.8478837917692772E-012
           3          15   7.8608621091394285E-004
           3          16  -1.3200797774189179E-003
           3          17  -2.4344969836087010E-003
           3          18  -2.8952770641824227E-011
           3          19   7.1690426157637758E-012
           3          20  -1.5860102353016146E-011
           3          21  -5.7598714203063746E-014
           3          22  -2.6416360966671922E-012
           3          23  -1.4268804881958446E-011
           3          24  -7.3716694159864200E-013
           3          25  -1.3073475411598809E-012
           3          26   1.4624452092656612E-011
           3          27  -6.6932514278236905E-012
           3          28   2.0425042110762043E-012
           3          29   1.3137306804982560E-011
           3          30   1.5196456354259222E-003
           3          31  -3.0208208391939402E-004
           3          32  -4.3008100618387073E-003
           3          33  -1.2124061579606069E-004
           3          34   6.5241387206910802E-004
           3          35   1.5540049936618424E-003
           3          36  -3.6467600856890576E-004
           3          37  -2.4210030419169423E-003
           3          38   4.2768020839229924E-004
           3          39  -2.6836568499323738E-004
           4           1   5.1170325133880514E-013
           4           2   2.6672211887335249E-012
           4           3  -2.8621724492635422E-004
           4           4   2.2236546551035197     
           4           5   2.8607379269305990E-003
           4           6  -4.2262866979007900E-012
           4           7   5.5682627255553073E-004
           4           8 -0.70511087748677559     
           4           9  -5.5795164799613134E-003
           4          10  -1.2126593885577348E-011
           4          11  -1.7858609708400837E-003
           4          12   6.4001746881804664E-003
           4          13   1.7806560260624132E-002
           4          14  -3.8249587798630675E-012
           4          15  -1.3200797884039058E-003
           4          16   7.6143340437188310E-003
           4          17   1.3081423921063158E-002
           4          18   3.0169359132795591E-012
           4          19  -5.4571107620999576E-012
           4          20   1.4128263737810771E-011
           4          21  -3.5281822654844577E-012
           4          22   1.1965594126601616E-012
           4          23  -7.3709952489681218E-012
           4          24  -1.2982002853930385E-013
           4          25   1.0159900524607184E-012
           4          26  -1.3569696815777872E-011
           4          27   6.2154751104439558E-012
           4          28  -1.5872753653798891E-012
           4          29  -1.1026944748338965E-011
           4          30  -3.6490493804369609E-004
           4          31  -3.7766821017048641E-003
           4          32   2.4842331120426587E-005
           4          33   3.4877536250810248E-004
           4          34   2.3513211599180354E-003
           4          35  -2.0043169567327560E-004
           4          36  -2.0467784727849735E-003
           4          37   4.2766580174077461E-004
           4          38  -1.1739964691204175E-003
           4          39   5.9174351361486618E-005
           5           1  -6.6237163086057470E-014
           5           2  -7.8302996148182884E-013
           5           3  -5.3365724134824292E-004
           5           4   2.8607379269305990E-003
           5           5   2.2273981017172786     
           5           6  -9.5763447776738176E-012
           5           7   1.0415527175315043E-003
           5           8  -5.5795164734672035E-003
           5           9 -0.71241167416836726     
           5          10   7.5673797015836299E-012
           5          11  -3.3195205247408244E-003
           5          12   1.7806560253410958E-002
           5          13   2.9702149086847134E-002
           5          14   2.3205758445185231E-012
           5          15  -2.4344970447023689E-003
           5          16   1.3081424200416020E-002
           5          17   2.4734842596006321E-002
           5          18  -7.4804679090151377E-012
           5          19   8.0182307648040103E-013
           5          20  -7.0435489081043764E-012
           5          21  -2.3787489364970980E-012
           5          22   4.7055586040236238E-012
           5          23  -5.6258504559947505E-012
           5          24  -6.9835767233295860E-013
           5          25  -1.0512805292011932E-012
           5          26   9.0245292909992883E-012
           5          27  -4.8771184679142869E-012
           5          28   1.8826873571550897E-012
           5          29   5.5299181654428155E-012
           5          30   2.0142488082153476E-004
           5          31   2.3513144713729647E-003
           5          32  -3.6464788641601942E-004
           5          33  -2.6654752634876276E-005
           5          34  -5.8273583357270416E-004
           5          35   6.0211041344115880E-004
           5          36   1.4014278237936789E-004
           5          37   2.2095572514587629E-005
           5          38  -1.9316199900627474E-003
           5          39  -2.6371257208237654E-003
           6           1 -0.18599194272479286     
           6           2 -0.88580764446220583     
           6           3  -3.4483590435104497E-011
           6           4  -4.2262866979007900E-012
           6           5  -9.5763447776738176E-012
           6           6   2.3636885404077361     
           6           7  -5.6504209738279162E-011
           6           8   9.3860328247660404E-011
           6           9  -3.5920629089014759E-011
           6          10 -0.19260771115033559     
           6          11   9.3166529165425039E-012
           6          12  -1.3443171379674640E-011
           6          13   3.7883686752862513E-012
           6          14  0.11922544052587900     
           6          15  -1.7255493622316105E-012
           6          16   3.0459886803404368E-012
           6          17  -1.5588698508561785E-012
           6          18  -6.0912347816570924E-003
           6          19   8.4765720938439581E-005
           6          20  -7.2598245983788627E-003
           6          21   5.7905126784138505E-004
           6          22  -2.6175168235853734E-003
           6          23  -1.0189632294674435E-002
           6          24  -1.4641367571200265E-002
           6          25  -2.0254259047222537E-003
           6          26  -5.7856137124832662E-003
           6          27  -3.6188276861611364E-003
           6          28   1.9581348159308089E-002
           6          29   1.6418531829294265E-002
           6          30   1.1579635653773073E-011
           6          31  -8.0102952934069642E-012
           6          32   4.6709552862154404E-012
           6          33  -1.7495289451194692E-011
           6          34   3.4631634676734286E-012
           6          35  -2.1486620153711082E-013
           6          36   2.9938561488522232E-012
           6          37   4.9457290185501509E-012
           6          38  -7.9925812510772559E-012
           6          39   6.6506375768747385E-012
           7           1   3.3478327256344639E-013
           7           2   2.8128722054161936E-012
           7           3 -0.70219906536354060     
           7           4   5.5682627255553073E-004
           7           5   1.0415527175315043E-003
           7           6  -5.6504209738279162E-011
           7           7   2.2171288881903992     
           7           8  -1.2681955382069583E-003
           7           9  -2.3790100262563391E-003
           7          10  -4.3586985702769085E-012
           7          11  -8.9984220497980882E-004
           7          12   2.7776263794760283E-003
           7          13   5.1884834036536077E-003
           7          14  -1.6673731652134396E-012
           7          15   3.2336255638118674E-003
           7          16   1.6484989305358263E-003
           7          17   3.0277606218079298E-003
           7          18   8.1540795734093633E-012
           7          19  -3.2844176659644879E-011
           7          20  -2.9900146380907601E-011
           7          21   1.0389500465466723E-011
           7          22   1.0015569428566149E-012
           7          23  -3.0492954758460142E-011
           7          24  -6.4726461002867728E-012
           7          25   1.9898757995411203E-012
           7          26  -4.3440846215854175E-012
           7          27  -9.0545521005598525E-013
           7          28  -2.6526557207165205E-013
           7          29  -4.7467566005508117E-012
           7          30  -1.0288949055906688E-002
           7          31   1.2043010561880053E-003
           7          32   1.2992398761829449E-002
           7          33   5.5706652010413635E-004
           7          34  -2.0861941949865039E-003
           7          35  -5.9660638190239543E-003
           7          36   1.3963742535507665E-003
           7          37   5.8080108744367042E-003
           7          38  -1.4903431009191624E-003
           7          39   1.1655865236824970E-003
           8           1  -1.3086995489393091E-012
           8           2  -6.8963250626433619E-012
           8           3   5.5682628111536716E-004
           8           4 -0.70511087748677559     
           8           5  -5.5795164734672035E-003
           8           6   9.3860328247660404E-011
           8           7  -1.2681955382069583E-003
           8           8   2.2237753805561740     
           8           9   1.2736303208796970E-002
           8          10   7.8774201264863554E-012
           8          11   2.7776263776994495E-003
           8          12  -1.5409559826564086E-002
           8          13  -2.7802493676700298E-002
           8          14   2.6623319357684831E-012
           8          15   1.6484989401631840E-003
           8          16  -5.2666656797018610E-003
           8          17  -1.6283740446889433E-002
           8          18   4.8449293277933109E-011
           8          19   2.3700931837783712E-011
           8          20  -1.1152578282014347E-011
           8          21   1.6012172394536160E-012
           8          22   1.2067176922408613E-011
           8          23   5.1483543381816563E-011
           8          24   7.4970997305593503E-012
           8          25  -3.0430599931682347E-012
           8          26   1.0016873159229795E-011
           8          27   4.6760930117882715E-013
           8          28  -3.4041051154748300E-013
           8          29   8.0803148684028432E-012
           8          30   1.4314581947167144E-003
           8          31   1.1014014223925410E-002
           8          32   3.1227778574663390E-005
           8          33  -7.1713153540549374E-003
           8          34  -8.9613891492752746E-003
           8          35   7.8229762009536670E-004
           8          36   6.0728907793861000E-003
           8          37  -1.4903893580419513E-003
           8          38   1.1673863353167434E-003
           8          39  -1.3272007544887607E-003
           9           1   2.7447098583804986E-014
           9           2   1.2427685132890296E-012
           9           3   1.0415527186195448E-003
           9           4  -5.5795164799613134E-003
           9           5 -0.71241167416836726     
           9           6  -3.5920629089014759E-011
           9           7  -2.3790100262563391E-003
           9           8   1.2736303208796970E-002
           9           9   2.2404401503662097     
           9          10  -2.7335310276320133E-012
           9          11   5.1884833874864143E-003
           9          12  -2.7802493608822261E-002
           9          13  -5.1789829371398796E-002
           9          14  -1.0040627640104423E-012
           9          15   3.0277607047304680E-003
           9          16  -1.6283740795618319E-002
           9          17  -2.6579505986894625E-002
           9          18  -1.9294999454095999E-011
           9          19   2.3648915296404587E-013
           9          20  -1.8390917205709915E-011
           9          21   2.3758856834937081E-011
           9          22  -3.5647581201179095E-011
           9          23   4.0132673891999406E-012
           9          24  -2.5125348260306646E-012
           9          25   7.9675599519677346E-013
           9          26  -2.5463930439187125E-012
           9          27  -1.9901570068083265E-012
           9          28   1.6591556849785943E-012
           9          29  -4.2689847423966622E-012
           9          30  -4.8325929271874745E-004
           9          31  -8.9614106237533141E-003
           9          32   1.3964645186479107E-003
           9          33  -1.1302517597040636E-003
           9          34  -1.1307572483086415E-003
           9          35  -2.1343322421078833E-003
           9          36  -3.7929972133832384E-003
           9          37   1.2587433378265906E-004
           9          38   5.8086774665927435E-003
           9          39   1.0251456985772350E-003
          10           1   1.5932108930095265E-002
          10           2   7.6477359430505168E-002
          10           3   1.5278740250018798E-011
          10           4  -1.2126593885577348E-011
          10           5   7.5673797015836299E-012
          10           6 -0.19260771115033559     
          10           7  -4.3586985702769085E-012
          10           8   7.8774201264863554E-012
          10           9  -2.7335310276320133E-012
          10          10  0.44860766200035840     
          10          11  -1.2390588693121270E-011
          10          12   1.6153643549788053E-011
          10          13  -7.0646501839080254E-012
          10          14 -0.28696392643211760     
          10          15   7.5249584743512790E-013
          10          16  -3.2278990659023609E-012
          10          17  -1.2294411507540090E-012
          10          18   1.2722260274888394E-002
          10          19   1.5352098539792129E-003
          10          20   6.2463610414252744E-003
          10          21   2.6162345518121704E-003
          10          22  -1.4309189009435702E-002
          10          23  -9.9908107860600028E-003
          10          24   3.8820557997871555E-002
          10          25   4.1520578144100860E-003
          10          26   2.0200626283147182E-002
          10          27   7.6681489842939767E-003
          10          28  -4.1190968239810104E-002
          10          29  -2.6485246869160456E-002
          10          30  -2.1922102996507131E-012
          10          31   1.4972936685415639E-012
          10          32  -1.0616960593559444E-012
          10          33   3.6969249486638331E-012
          10          34  -5.7208917993311056E-013
          10          35  -2.1634736706731294E-013
          10          36  -1.9200762500525767E-013
          10          37  -1.2133752278838183E-012
          10          38   1.8477273328784227E-012
          10          39  -1.8070692752362698E-012
          11           1  -9.0012369864798896E-013
          11           2  -3.6127715256292092E-012
          11           3  -2.8934599756596830E-003
          11           4  -1.7858609708400837E-003
          11           5  -3.3195205247408244E-003
          11           6   9.3166529165425039E-012
          11           7  -8.9984220497980882E-004
          11           8   2.7776263776994495E-003
          11           9   5.1884833874864143E-003
          11          10  -1.2390588693121270E-011
          11          11   2.5736533953369953E-003
          11          12  -1.3673343221144581E-002
          11          13  -2.5287976240656262E-002
          11          14   7.7598893622979543E-012
          11          15   2.2630546807496364E-003
          11          16  -1.2197846733368638E-002
          11          17  -2.2558820540486964E-002
          11          18   1.6118402818339911E-013
          11          19   6.7448237583042432E-012
          11          20  -2.8714836809054466E-013
          11          21  -3.2707172201888704E-012
          11          22   6.3243734149682641E-013
          11          23   1.3414278006124863E-013
          11          24  -7.8649372188856613E-013
          11          25   3.9938399245208862E-012
          11          26  -3.3191452309344869E-013
          11          27  -2.3962972670933996E-012
          11          28   1.6290409120258492E-012
          11          29   3.7324775143908037E-013
          11          30  -1.0438093909822627E-004
          11          31   3.1537995201134841E-004
          11          32  -1.2083568330085217E-004
          11          33   7.1159395326128344E-004
          11          34   6.0586090729262585E-004
          11          35   6.8411175539204476E-005
          11          36   5.5432167999845921E-004
          11          37  -4.0929341053942629E-005
          11          38   2.5382521557911728E-004
          11          39   1.2359966374832566E-003
          12           1   1.3524390830404406E-012
          12           2   5.4178151293498589E-012
          12           3  -1.7858609725269197E-003
          12           4   6.4001746881804664E-003
          12           5   1.7806560253410958E-002
          12           6  -1.3443171379674640E-011
          12           7   2.7776263794760283E-003
          12           8  -1.5409559826564086E-002
          12           9  -2.7802493608822261E-002
          12          10   1.6153643549788053E-011
          12          11  -1.3673343221144581E-002
          12          12   7.3454569893631430E-002
          12          13  0.13579776499763790     
          12          14  -9.5786194034009372E-012
          12          15  -1.2197846802552040E-002
          12          16   6.5494493751159122E-002
          12          17  0.12114242626789964     
          12          18  -1.0138248349219693E-013
          12          19  -5.0541116099651384E-012
          12          20   1.5710523145762992E-012
          12          21   5.3770932609978262E-013
          12          22   8.8499693809988448E-013
          12          23  -2.3665231304512795E-012
          12          24   1.1790145881223981E-012
          12          25  -2.2018000556295431E-012
          12          26  -1.8421635573596043E-013
          12          27   1.5525149903143098E-012
          12          28  -2.4041018071942043E-012
          12          29  -8.4338956759879648E-013
          12          30   7.2419077974276763E-004
          12          31  -1.8207002868939732E-003
          12          32   2.9881678479745015E-004
          12          33  -3.7926261782421458E-003
          12          34  -3.1973385247914400E-003
          12          35  -5.9800264076693377E-005
          12          36  -2.9986427646642604E-003
          12          37   2.5348796878114531E-004
          12          38  -1.2926780264095081E-003
          12          39  -6.6628387317403922E-003
          13           1  -5.3817116027448599E-013
          13           2  -2.1555209449009887E-012
          13           3  -3.3195205209878213E-003
          13           4   1.7806560260624132E-002
          13           5   2.9702149086847134E-002
          13           6   3.7883686752862513E-012
          13           7   5.1884834036536077E-003
          13           8  -2.7802493676700298E-002
          13           9  -5.1789829371398796E-002
          13          10  -7.0646501839080254E-012
          13          11  -2.5287976240656262E-002
          13          12  0.13579776499763790     
          13          13  0.25117470107660850     
          13          14   5.8426999506537987E-012
          13          15  -2.2558821133139950E-002
          13          16  0.12114242876331946     
          13          17  0.22403504161238202     
          13          18  -4.5503478013109086E-013
          13          19   2.1428075329432135E-012
          13          20   2.6647569045639010E-012
          13          21  -5.4051765863221387E-012
          13          22   3.7460241285486757E-012
          13          23  -4.7225058156347999E-012
          13          24  -5.4411886182964822E-013
          13          25   2.8412729673430142E-012
          13          26  -1.8854231091384099E-012
          13          27  -1.6009035568074923E-012
          13          28  -4.3505425086089764E-013
          13          29  -4.1990069946827550E-014
          13          30   1.3554685299760902E-003
          13          31  -3.1974950158477947E-003
          13          32   5.5497977307811209E-004
          13          33  -7.0898485461998433E-003
          13          34  -6.0028745711300608E-003
          13          35  -8.5290791810613108E-005
          13          36  -5.5547584569463210E-003
          13          37   4.4491446971939367E-004
          13          38  -2.4255925722716687E-003
          13          39  -1.2262288127227244E-002
          14           1  -1.0565154739047903E-002
          14           2  -4.3932052056127206E-002
          14           3   3.8478837917692772E-012
          14           4  -3.8249587798630675E-012
          14           5   2.3205758445185231E-012
          14           6  0.11922544052587900     
          14           7  -1.6673731652134396E-012
          14           8   2.6623319357684831E-012
          14           9  -1.0040627640104423E-012
          14          10 -0.28696392643211760     
          14          11   7.7598893622979543E-012
          14          12  -9.5786194034009372E-012
          14          13   5.8426999506537987E-012
          14          14  0.18358193820215707     
          14          15  -5.9669135622130801E-013
          14          16   2.7190370221700447E-012
          14          17   1.9997278772287214E-012
          14          18  -8.1074002908058489E-003
          14          19  -9.3964650456127236E-004
          14          20  -3.9679216793367042E-003
          14          21  -1.6955147104353190E-003
          14          22   9.1542910909023743E-003
          14          23   6.4110410625533680E-003
          14          24  -2.4826026788844626E-002
          14          25  -2.6290963161778808E-003
          14          26  -1.2918600913500642E-002
          14          27  -4.9183129630640176E-003
          14          28   2.6346390742557721E-002
          14          29   1.6936933787340448E-002
          14          30   1.3991925919595727E-012
          14          31  -9.6086530708167118E-013
          14          32   6.7495581768840314E-013
          14          33  -2.3870189955489006E-012
          14          34   3.2324648827495742E-013
          14          35   1.2244329247384170E-013
          14          36   1.1549810323644876E-013
          14          37   7.5816181834078381E-013
          14          38  -1.1781124015538411E-012
          14          39   1.0545803184221329E-012
          15           1   2.4920881805091675E-013
          15           2   8.5890979314132573E-013
          15           3   7.8608621091394285E-004
          15           4  -1.3200797884039058E-003
          15           5  -2.4344970447023689E-003
          15           6  -1.7255493622316105E-012
          15           7   3.2336255638118674E-003
          15           8   1.6484989401631840E-003
          15           9   3.0277607047304680E-003
          15          10   7.5249584743512790E-013
          15          11   2.2630546807496364E-003
          15          12  -1.2197846802552040E-002
          15          13  -2.2558821133139950E-002
          15          14  -5.9669135622130801E-013
          15          15   2.0366354952243136E-003
          15          16  -1.0892894238233565E-002
          15          17  -2.0145634347254318E-002
          15          18  -7.8305923646387292E-014
          15          19  -2.0092927083725600E-012
          15          20  -3.2064009399749183E-013
          15          21   1.4217981732845393E-012
          15          22  -4.6744223829708167E-013
          15          23   4.9925586547190895E-013
          15          24  -2.7084824003337146E-014
          15          25  -1.3524157600105824E-012
          15          26   1.5190418943030147E-013
          15          27   7.2888592517681400E-013
          15          28  -6.9415352188372310E-014
          15          29   9.3304020253361322E-014
          15          30  -1.4609824811717985E-004
          15          31   2.9698467002344496E-004
          15          32  -1.5451382761104169E-005
          15          33   6.3998200758790891E-004
          15          34   5.3712179932887251E-004
          15          35  -1.3852981183395417E-005
          15          36   5.0343171477787614E-004
          15          37  -3.2144013810761111E-005
          15          38   2.1001124921216584E-004
          15          39   1.1068799051543120E-003
          16           1  -4.8220992740894500E-013
          16           2  -1.7875283508883278E-012
          16           3  -1.3200797774189179E-003
          16           4   7.6143340437188310E-003
          16           5   1.3081424200416020E-002
          16           6   3.0459886803404368E-012
          16           7   1.6484989305358263E-003
          16           8  -5.2666656797018610E-003
          16           9  -1.6283740795618319E-002
          16          10  -3.2278990659023609E-012
          16          11  -1.2197846733368638E-002
          16          12   6.5494493751159122E-002
          16          13  0.12114242876331946     
          16          14   2.7190370221700447E-012
          16          15  -1.0892894238233565E-002
          16          16   5.8503879777414752E-002
          16          17  0.10818320879750974     
          16          18  -1.9680914126060551E-013
          16          19  -1.7375138947456528E-013
          16          20   1.1705098050451078E-012
          16          21  -1.8141529790517639E-012
          16          22   1.5940203695565065E-012
          16          23  -1.9707218896859041E-012
          16          24  -2.7846897236808334E-013
          16          25   5.4232600410780910E-013
          16          26  -8.9257662659302878E-013
          16          27  -3.4021316775570667E-013
          16          28  -2.9098945156917398E-013
          16          29   5.1626079899062094E-014
          16          30   6.5902437893094090E-004
          16          31  -1.5380685782883201E-003
          16          32   2.7175987195339588E-004
          16          33  -3.4506691380106098E-003
          16          34  -2.9290636497780495E-003
          16          35  -4.5764446807019102E-005
          16          36  -2.6770927660953714E-003
          16          37   2.0968801935307614E-004
          16          38  -1.1551041428634378E-003
          16          39  -5.9303778958352529E-003
          17           1   8.0935012312926021E-014
          17           2   2.0000804028048208E-013
          17           3  -2.4344969836087010E-003
          17           4   1.3081423921063158E-002
          17           5   2.4734842596006321E-002
          17           6  -1.5588698508561785E-012
          17           7   3.0277606218079298E-003
          17           8  -1.6283740446889433E-002
          17           9  -2.6579505986894625E-002
          17          10  -1.2294411507540090E-012
          17          11  -2.2558820540486964E-002
          17          12  0.12114242626789964     
          17          13  0.22403504161238202     
          17          14   1.9997278772287214E-012
          17          15  -2.0145634347254318E-002
          17          16  0.10818320879750974     
          17          17  0.20008451925657633     
          17          18  -6.0887014708755502E-013
          17          19  -3.1338112939037163E-012
          17          20   2.1569010425229541E-012
          17          21  -1.8239996225097902E-012
          17          22   2.4894655715662228E-012
          17          23  -3.6103067220842557E-012
          17          24  -2.4577047207587432E-013
          17          25  -6.6640180919807241E-013
          17          26  -1.4884662966274395E-012
          17          27   3.5256759173169042E-013
          17          28  -1.1168323745148157E-012
          17          29  -5.2800689605397325E-014
          17          30   1.2102363700922224E-003
          17          31  -2.9292135802828959E-003
          17          32   5.0406244036857299E-004
          17          33  -6.3440492789959410E-003
          17          34  -5.3724278379296813E-003
          17          35  -9.6045940249128549E-005
          17          36  -4.9727705936814231E-003
          17          37   3.9782377496651479E-004
          17          38  -2.1219442261832845E-003
          17          39  -1.0976903643798198E-002
          18           1   1.4081324786467429E-002
          18           2   9.1819946321350671E-003
          18           3  -2.8952770641824227E-011
          18           4   3.0169359132795591E-012
          18           5  -7.4804679090151377E-012
          18           6  -6.0912347816570924E-003
          18           7   8.1540795734093633E-012
          18           8   4.8449293277933109E-011
          18           9  -1.9294999454095999E-011
          18          10   1.2722260274888394E-002
          18          11   1.6118402818339911E-013
          18          12  -1.0138248349219693E-013
          18          13  -4.5503478013109086E-013
          18          14  -8.1074002908058489E-003
          18          15  -7.8305923646387292E-014
          18          16  -1.9680914126060551E-013
          18          17  -6.0887014708755502E-013
          18          18   2.3046167056349925E-003
          18          19   2.6198780457231109E-002
          18          20   9.5559593573708228E-004
          18          21  -1.3849868814827009E-002
          18          22   1.7829350532242447E-003
          18          23  -2.4564264652559733E-003
          18          24   2.1897357446444034E-003
          18          25   1.6524330163088657E-002
          18          26   9.5577994812895114E-004
          18          27  -8.5302313300899876E-003
          18          28   2.6135472571270205E-004
          18          29  -2.1567059497158325E-003
          18          30   3.7774110393873226E-013
          18          31   8.3453605586585169E-014
          18          32   4.1073218849087176E-014
          18          33  -2.7077909875187268E-013
          18          34  -1.2333886677772595E-014
          18          35   2.4332399031590458E-014
          18          36   2.7791567779829781E-013
          18          37   1.1238157319486945E-013
          18          38  -6.4821764030018284E-014
          18          39   8.5695092059399134E-014
          19           1  -6.8173718956764307E-006
          19           2  -1.6963809553936684E-005
          19           3   7.1690426157637758E-012
          19           4  -5.4571107620999576E-012
          19           5   8.0182307648040103E-013
          19           6   8.4765720938439581E-005
          19           7  -3.2844176659644879E-011
          19           8   2.3700931837783712E-011
          19           9   2.3648915296404587E-013
          19          10   1.5352098539792129E-003
          19          11   6.7448237583042432E-012
          19          12  -5.0541116099651384E-012
          19          13   2.1428075329432135E-012
          19          14  -9.3964650456127236E-004
          19          15  -2.0092927083725600E-012
          19          16  -1.7375138947456528E-013
          19          17  -3.1338112939037163E-012
          19          18   2.6198780457231109E-002
          19          19  0.40687543352451955     
          19          20   8.8554520704247127E-003
          19          21 -0.21702594863096131     
          19          22   3.5817896486153154E-002
          19          23  -3.5090419435917480E-002
          19          24   1.6518887378592546E-002
          19          25  0.25532022174980290     
          19          26   5.5882276679285522E-003
          19          27 -0.13616148528613145     
          19          28   2.2369286263826803E-002
          19          29  -2.2107452651281612E-002
          19          30   6.1229921390963685E-012
          19          31  -7.3749324345982679E-013
          19          32  -9.3786183042856830E-013
          19          33  -3.3990212593250144E-012
          19          34   1.0959369137727768E-012
          19          35   1.4203309314154634E-012
          19          36   1.0060090364180408E-012
          19          37   1.3387140917392108E-012
          19          38  -1.2038014728705077E-012
          19          39   2.5969792413129610E-012
          20           1   1.4159902771085609E-002
          20           2   9.4585345934654307E-003
          20           3  -1.5860102353016146E-011
          20           4   1.4128263737810771E-011
          20           5  -7.0435489081043764E-012
          20           6  -7.2598245983788627E-003
          20           7  -2.9900146380907601E-011
          20           8  -1.1152578282014347E-011
          20           9  -1.8390917205709915E-011
          20          10   6.2463610414252744E-003
          20          11  -2.8714836809054466E-013
          20          12   1.5710523145762992E-012
          20          13   2.6647569045639010E-012
          20          14  -3.9679216793367042E-003
          20          15  -3.2064009399749183E-013
          20          16   1.1705098050451078E-012
          20          17   2.1569010425229541E-012
          20          18   9.5559593573708228E-004
          20          19   8.8554520704247127E-003
          20          20   4.6046599349159825E-004
          20          21  -4.6604178798437734E-003
          20          22   5.1444154422902429E-004
          20          23  -7.9097633711532240E-004
          20          24   9.1861201066435012E-004
          20          25   5.5985394706298793E-003
          20          26   4.1677407617478031E-004
          20          27  -2.8452050017453191E-003
          20          28  -1.0019797200094274E-004
          20          29  -8.4776125125868513E-004
          20          30   2.5291773796596749E-013
          20          31  -8.5437369958575153E-014
          20          32  -8.5783165605939138E-014
          20          33  -6.0483667246703678E-014
          20          34   9.4801812230313936E-014
          20          35   1.7588158983458749E-014
          20          36  -1.6813626714716251E-014
          20          37  -2.5435185549122036E-014
          20          38  -8.7542223082039069E-014
          20          39  -7.9162742200110824E-014
          21           1  -3.8314768037360631E-005
          21           2  -1.3875098762368676E-004
          21           3  -5.7598714203063746E-014
          21           4  -3.5281822654844577E-012
