           1           1   2.2091961293669113     
           1           2  0.73732167552755001     
           1           3  -1.1531807946490268E-010
           1           4  -2.3005313352729509E-010
           1           5   2.1097062842436200E-010
           1           6 -0.32605080569807599     
           1           7   2.7955664464498479E-010
           1           8   6.6836296065793709E-010
           1           9  -6.5077429455471857E-010
           1          10   7.2860895182537910E-002
           1          11  -6.0391993258581211E-010
           1          12  -1.5043472478069610E-009
           1          13   1.3979994623295557E-009
           1          14  -1.8382183135582750E-002
           1          15  -3.2661058613582532E-010
           1          16  -6.6783567517019976E-010
           1          17   8.4011867087026955E-010
           1          18  -1.9825263955901784E-002
           1          19   1.1304608873406337E-005
           1          20  -2.0314810516036952E-002
           1          21   2.3706550697343248E-004
           1          22   4.7388665309171275E-006
           1          23  -2.0228940532075239E-002
           1          24   1.5934178790368199E-004
           1          25  -2.7481687540188136E-007
           1          26   1.7122454986748148E-004
           1          27  -5.7538078040017811E-006
           1          28  -1.1521555776518825E-007
           1          29   1.6914059122763973E-004
           1          30   3.4630746572439706E-003
           1          31  -7.4766990774071830E-006
           1          32   3.7868564315288317E-003
           1          33  -1.5679234939110448E-004
           1          34  -3.1341834925459604E-006
           1          35   3.7300633061630589E-003
           2           1  0.73732167552755001     
           2           2   2.6285887789953231     
           2           3  -3.3402877077392717E-010
           2           4  -8.5038966775503717E-010
           2           5   7.6930130250053537E-010
           2           6  -1.1350948118191082     
           2           7   9.8426129562532161E-010
           2           8   2.4598453543521960E-009
           2           9  -2.2340319399472175E-009
           2          10  0.23591322284733568     
           2          11  -2.0577363782481679E-009
           2          12  -5.4336900618229476E-009
           2          13   4.6432152626526942E-009
           2          14  -6.5552110107775244E-002
           2          15  -1.1363067288677158E-009
           2          16  -2.4089745935809453E-009
           2          17   2.8661745806118485E-009
           2          18  -9.3279441537123375E-003
           2          19   4.4703962997316298E-005
           2          20  -1.1263876388185125E-002
           2          21   9.3748540349086100E-004
           2          22   1.8739820277331775E-005
           2          23  -1.0924299922090631E-002
           2          24   2.3749584610831933E-003
           2          25  -3.9339193926716181E-007
           2          26   2.3919227745125074E-003
           2          27  -8.2131244770640432E-006
           2          28  -1.6493022428437760E-007
           2          29   2.3889485737493702E-003
           2          30   4.0374636455452898E-003
           2          31  -2.5714105930661058E-005
           2          32   5.1510241172131911E-003
           2          33  -5.3924488547362533E-004
           2          34  -1.0779156330472371E-005
           2          35   4.9556996410315829E-003
           3           1  -1.1531807946490268E-010
           3           2  -3.3402877077392717E-010
           3           3   2.3280515062508420     
           3           4   1.4463848130409811E-004
           3           5   3.0239880732595282E-003
           3           6   1.5028212092810767E-009
           3           7 -0.90241258543970426     
           3           8  -4.8163449551341837E-004
           3           9  -1.0100302192280190E-002
           3          10  -3.9991146712484432E-010
           3          11  0.12430485259778977     
           3          12   1.1055500532621593E-003
           3          13   2.3184156047799807E-002
           3          14   1.0787997204242788E-009
           3          15   6.7690704480367320E-002
           3          16   6.5768885472823049E-004
           3          17   1.3792156656294583E-002
           3          18   3.7425385388974560E-011
           3          19   2.9565512689617340E-010
           3          20  -1.8301196030302383E-010
           3          21  -3.2920041421891108E-010
           3          22   5.7260824610734151E-011
           3          23   5.2350845655817369E-010
           3          24   5.6892125436322793E-010
           3          25   2.2827476064890684E-010
           3          26   3.8741895412297658E-010
           3          27  -1.8045971995833802E-010
           3          28   4.8634415601472860E-011
           3          29   1.5737171660468415E-010
           3          30  -8.9839459677679712E-011
           3          31  -1.0434060554859443E-009
           3          32   9.4896936122253068E-010
           3          33   1.7958268502400323E-009
           3          34   5.7597361654380874E-010
           3          35  -4.9806750222375705E-010
           4           1  -2.3005313352729509E-010
           4           2  -8.5038966775503717E-010
           4           3   1.4463848130409811E-004
           4           4   2.3208403258017523     
           4           5   6.0629142339284190E-005
           4           6   1.6979439341175615E-009
           4           7  -4.8163446515691135E-004
           4           8 -0.87832869084268628     
           4           9  -2.0190635215443166E-004
           4          10  -3.5727296666910103E-009
           4          11   1.1055502782577646E-003
           4          12   6.9022849484760618E-002
           4          13   4.6345790122972509E-004
           4          14   1.6267315700970854E-009
           4          15   6.5768830266952553E-004
           4          16   3.4803688297770453E-002
           4          17   2.7571368273127773E-004
           4          18  -6.2247063627180524E-010
           4          19   3.3121478750585712E-010
           4          20  -1.4311558670838827E-010
           4          21   2.9838789667253410E-010
           4          22   1.4840332066577914E-010
           4          23   1.2103981785668368E-010
           4          24   4.1591949873313757E-011
           4          25   2.9443787320892460E-010
           4          26   1.2080354326450775E-010
           4          27  -1.0835323789795516E-010
           4          28   2.0891721644134879E-010
           4          29   2.0157171256261673E-010
           4          30  -1.3353514288744766E-010
           4          31  -4.9952215623972798E-010
           4          32  -8.4978467350284391E-010
           4          33   1.4110936412490262E-009
           4          34   3.8487666872006096E-010
           4          35  -4.2998582173010240E-010
           5           1   2.1097062842436200E-010
           5           2   7.6930130250053537E-010
           5           3   3.0239880732595282E-003
           5           4   6.0629142339284190E-005
           5           5   2.3221050168857209     
           5           6  -1.7412875615278235E-009
           5           7  -1.0100302225158241E-002
           5           8  -2.0190639075225481E-004
           5           9 -0.88255323373271755     
           5          10   3.9318027156470974E-009
           5          11   2.3184157346907337E-002
           5          12   4.6345873666487193E-004
           5          13   7.8719830239643074E-002
           5          14  -3.1495826883187120E-009
           5          15   1.3792152776569257E-002
           5          16   2.7571007687785768E-004
           5          17   4.0572382326721196E-002
           5          18   4.7318284754363784E-010
           5          19  -3.2714621609348881E-011
           5          20   5.8791928728724662E-010
           5          21   5.2188294327793192E-010
           5          22   2.5036558353992899E-010
           5          23  -4.0502693837857174E-010
           5          24   1.2399688112083756E-010
           5          25   1.7329894230832996E-011
           5          26   2.9277423568121752E-010
           5          27   8.0596697357663318E-011
           5          28  -1.1393251272055252E-011
           5          29  -3.3871672669489461E-010
           5          30   1.7777068166683772E-010
           5          31   1.1674959705203680E-010
           5          32  -1.2308806982080418E-009
           5          33  -1.9188149565933990E-009
           5          34  -1.1941233207704732E-009
           5          35   3.2669435366509326E-009
           6           1 -0.32605080569807599     
           6           2  -1.1350948118191082     
           6           3   1.5028212092810767E-009
           6           4   1.6979439341175615E-009
           6           5  -1.7412875615278235E-009
           6           6   2.7544047765507917     
           6           7  -3.1088271856404112E-009
           6           8  -6.3193106754509453E-009
           6           9   7.3610725561066390E-009
           6          10 -0.75186156781184066     
           6          11   7.1192599314710112E-009
           6          12   1.4822130203847701E-008
           6          13  -1.6665687622140199E-008
           6          14  0.20924757945584294     
           6          15   3.8357167234541002E-009
           6          16   6.7529156271213346E-009
           6          17  -9.9591468604934872E-009
           6          18  -1.6258112277792061E-003
           6          19  -1.1217375249154108E-004
           6          20   3.2317772435038420E-003
           6          21  -2.3523114223875509E-003
           6          22  -4.7022912909398763E-005
           6          23   2.3797224441105720E-003
           6          24  -2.8415684153276664E-003
           6          25  -1.1521428213427171E-005
           6          26  -2.3427529265134034E-003
           6          27  -2.4156240924252985E-004
           6          28  -4.8305208193741624E-006
           6          29  -2.4302548119012747E-003
           6          30  -1.0458376154454092E-002
           6          31   9.6869930809818895E-005
           6          32  -1.4653341932044858E-002
           6          33   2.0314287772510570E-003
           6          34   4.0607575477220442E-005
           6          35  -1.3917519102322565E-002
           7           1   2.7955664464498479E-010
           7           2   9.8426129562532161E-010
           7           3 -0.90241258543970426     
           7           4  -4.8163446515691135E-004
           7           5  -1.0100302225158241E-002
           7           6  -3.1088271856404112E-009
           7           7   2.4899541190410872     
           7           8   1.6083683550247017E-003
           7           9   3.3728578030504150E-002
           7          10   5.3350356223901009E-009
           7          11 -0.43107107031573044     
           7          12  -3.6858163987751368E-003
           7          13  -7.7294073552318598E-002
           7          14  -3.5988401947629574E-009
           7          15 -0.22235383054226504     
           7          16  -2.2153222019366818E-003
           7          17  -4.6456752114622059E-002
           7          18   3.2201802905483304E-010
           7          19  -7.6974031758863322E-010
           7          20   7.7288682703600429E-010
           7          21   1.4709895600090525E-009
           7          22  -2.4261064703666878E-010
           7          23  -8.6372407769963550E-010
           7          24  -5.3841037832601665E-010
           7          25  -4.2433171426620881E-010
           7          26   4.5649691287698743E-011
           7          27   6.5530321225368473E-010
           7          28  -4.4321760866618403E-010
           7          29  -2.5759559198789164E-011
           7          30   1.4454333055654096E-009
           7          31   3.3307827314821169E-009
           7          32  -2.0806320418163551E-009
           7          33  -6.1872963480106592E-009
           7          34  -1.5457018057598485E-009
           7          35   2.8666973166884776E-009
           8           1   6.6836296065793709E-010
           8           2   2.4598453543521960E-009
           8           3  -4.8163449551341837E-004
           8           4 -0.87832869084268628     
           8           5  -2.0190639075225481E-004
           8           6  -6.3193106754509453E-009
           8           7   1.6083683550247017E-003
           8           8   2.4095292251601546     
           8           9   6.7424515537497425E-004
           8          10   1.2235626163669871E-008
           8          11  -3.6858162751232477E-003
           8          12 -0.24676540324904658     
           8          13  -1.5451317577281566E-003
           8          14  -5.4833208410494168E-009
           8          15  -2.2153203177715719E-003
           8          16 -0.11157899339698578     
           8          17  -9.2869853056894549E-004
           8          18   1.8028826747428601E-009
           8          19  -1.1868533454741025E-009
           8          20   4.0877350540556146E-011
           8          21  -8.9631869097715509E-010
           8          22  -2.8441540057032234E-010
           8          23  -5.8363659817732718E-010
           8          24  -1.8878956976697634E-010
           8          25  -9.3042448832162326E-010
           8          26  -2.6445032934586436E-010
           8          27   3.9197673742879197E-010
           8          28  -9.3422002841098029E-010
           8          29  -6.2196390398968079E-010
           8          30   5.7215064983382017E-010
           8          31   1.6911109678931930E-009
           8          32   2.8536942466204672E-009
           8          33  -4.7260876728259111E-009
           8          34  -1.2076400139330980E-009
           8          35   1.3937088283550092E-009
           9           1  -6.5077429455471857E-010
           9           2  -2.2340319399472175E-009
           9           3  -1.0100302192280190E-002
           9           4  -2.0190635215443166E-004
           9           5 -0.88255323373271755     
           9           6   7.3610725561066390E-009
           9           7   3.3728578030504150E-002
           9           8   6.7424515537497425E-004
           9           9   2.4236365042559846     
           9          10  -1.1749557492727343E-008
           9          11  -7.7294077688383728E-002
           9          12  -1.5451345286568788E-003
           9          13 -0.27909434056856436     
           9          14   1.0615197824498940E-008
           9          15  -4.6456738758077397E-002
           9          16  -9.2868630225886959E-004
           9          17 -0.13100995015141931     
           9          18  -1.0567009205584648E-009
           9          19   3.5500511237172082E-010
           9          20  -1.5686816672943301E-009
           9          21  -1.6658303127601931E-009
           9          22  -1.0643554582012412E-009
           9          23   2.1331845817376562E-009
           9          24   1.0419779406114511E-010
           9          25   1.0552267748114263E-010
           9          26  -3.0733056866219601E-010
           9          27  -1.9702688290454760E-010
           9          28  -2.9624494470107570E-011
           9          29   1.0836171597023628E-009
           9          30  -2.2996278306213668E-010
           9          31  -4.7278444195527436E-010
           9          32   4.4673744820926902E-009
           9          33   6.2868987264339514E-009
           9          34   4.1096997292703066E-009
           9          35  -1.0306722479715086E-008
          10           1   7.2860895182537910E-002
          10           2  0.23591322284733568     
          10           3  -3.9991146712484432E-010
          10           4  -3.5727296666910103E-009
          10           5   3.9318027156470974E-009
          10           6 -0.75186156781184066     
          10           7   5.3350356223901009E-009
          10           8   1.2235626163669871E-008
          10           9  -1.1749557492727343E-008
          10          10   1.5612864214744571     
          10          11  -1.3294449068788896E-008
          10          12  -3.1204943700498145E-008
          10          13   2.9187998327332053E-008
          10          14 -0.43312737883604707     
          10          15  -7.7853488867575633E-009
          10          16  -1.4660444548536528E-008
          10          17   1.9054362380600569E-008
          10          18   6.1471768268881472E-003
          10          19   1.5983289600737691E-004
          10          20  -7.7423059682147450E-004
          10          21   3.3517314495298553E-003
          10          22   6.7000267683665031E-005
          10          23   4.3983603220959988E-004
          10          24   7.5484077864998358E-003
          10          25   9.6684250228663268E-005
          10          26   3.3616210980316587E-003
          10          27   2.0274970486282681E-003
          10          28   4.0531173929333340E-005
          10          29   4.0960310196708144E-003
          10          30   1.0146645920376503E-002
          10          31  -2.2459494621865242E-004
          10          32   1.9872708879379249E-002
          10          33  -4.7098937930739014E-003
          10          34  -9.4150539563777973E-005
          10          35   1.8166690806718615E-002
          11           1  -6.0391993258581211E-010
          11           2  -2.0577363782481679E-009
          11           3  0.12430485259778977     
          11           4   1.1055502782577646E-003
          11           5   2.3184157346907337E-002
          11           6   7.1192599314710112E-009
          11           7 -0.43107107031573044     
          11           8  -3.6858162751232477E-003
          11           9  -7.7294077688383728E-002
          11          10  -1.3294449068788896E-008
          11          11   1.0615235528436529     
          11          12   8.3601509266029196E-003
          11          13  0.17531799158335490     
          11          14   8.8166083200652407E-009
          11          15  0.52310512207839299     
          11          16   5.2406524304175950E-003
          11          17  0.10989999184081198     
          11          18  -7.6159750584619366E-010
          11          19   1.9933631331263295E-009
          11          20  -1.4860421712628532E-009
          11          21  -3.1620833055222451E-009
          11          22  -2.0773819737644639E-010
          11          23   2.1633333122369580E-009
          11          24  -1.7419349359270982E-010
          11          25   5.1712992925145598E-010
          11          26  -7.8050885523715030E-010
          11          27  -8.7870006261134688E-010
          11          28   5.9212564032876037E-010
          11          29   6.5098506368513953E-010
          11          30  -3.4383004903701732E-009
          11          31  -7.5930455023339879E-009
          11          32   4.4789583070662531E-009
          11          33   1.4454339548446659E-008
          11          34   3.8711702076079176E-009
          11          35  -7.0771179152688647E-009
          12           1  -1.5043472478069610E-009
          12           2  -5.4336900618229476E-009
          12           3   1.1055500532621593E-003
          12           4   6.9022849484760618E-002
          12           5   4.6345873666487193E-004
          12           6   1.4822130203847701E-008
          12           7  -3.6858163987751368E-003
          12           8 -0.24676540324904658     
          12           9  -1.5451345286568788E-003
          12          10  -3.1204943700498145E-008
          12          11   8.3601509266029196E-003
          12          12  0.64348245105118196     
          12          13   3.5046630639080905E-003
          12          14   1.3381692471991211E-008
          12          15   5.2406475335091398E-003
          12          16  0.26105163020164412     
          12          17   2.1969660212084398E-003
          12          18  -3.8549769323486222E-009
          12          19   3.3255940017247952E-009
          12          20   4.3507931386660401E-010
          12          21   1.9237485247223949E-009
          12          22   4.4559792293656881E-010
          12          23   1.2889541574988239E-009
          12          24  -5.8675317586405619E-011
          12          25   1.5449909774755824E-009
          12          26  -1.2074716762339778E-009
          12          27  -1.1833419701610709E-009
          12          28   3.9411902131568616E-009
          12          29   8.6842849714885329E-010
          12          30  -1.9805829417972270E-009
          12          31  -4.1214529704883586E-009
          12          32  -6.9336950482103127E-009
          12          33   1.1533703361691740E-008
          12          34   2.6195373088400132E-009
          12          35  -4.1086355437379890E-009
          13           1   1.3979994623295557E-009
          13           2   4.6432152626526942E-009
          13           3   2.3184156047799807E-002
          13           4   4.6345790122972509E-004
          13           5   7.8719830239643074E-002
          13           6  -1.6665687622140199E-008
          13           7  -7.7294073552318598E-002
          13           8  -1.5451317577281566E-003
          13           9 -0.27909434056856436     
          13          10   2.9187998327332053E-008
          13          11  0.17531799158335490     
          13          12   3.5046630639080905E-003
          13          13  0.71681076622649875     
          13          14  -2.5503812502816612E-008
          13          15  0.10989995573185746     
          13          16   2.1969341510757788E-003
          13          17  0.30701829330013530     
          13          18   2.3010925073475347E-009
          13          19  -1.0045559723533006E-009
          13          20   3.2609525195997290E-009
          13          21   3.7925569142235169E-009
          13          22   2.5903075521647759E-009
          13          23  -5.3573768636455517E-009
          13          24   6.0454792835731777E-010
          13          25  -2.5606888020291935E-010
          13          26   1.9700462974171334E-009
          13          27   1.1545725572996125E-009
          13          28  -4.2786421373339754E-010
          13          29  -1.2491225718938333E-009
          13          30   1.1304903857920762E-009
          13          31   1.3136370295249399E-009
          13          32  -9.7352150634921238E-009
          13          33  -1.4962227081864700E-008
          13          34  -9.6109092557527972E-009
          13          35   2.4941768260284905E-008
          14           1  -1.8382183135582750E-002
          14           2  -6.5552110107775244E-002
          14           3   1.0787997204242788E-009
          14           4   1.6267315700970854E-009
          14           5  -3.1495826883187120E-009
          14           6  0.20924757945584294     
          14           7  -3.5988401947629574E-009
          14           8  -5.4833208410494168E-009
          14           9   1.0615197824498940E-008
          14          10 -0.43312737883604707     
          14          11   8.8166083200652407E-009
          14          12   1.3381692471991211E-008
          14          13  -2.5503812502816612E-008
          14          14  0.12053503713038932     
          14          15   3.7733378834841648E-009
          14          16   5.8873828584687352E-009
          14          17  -1.2112697753326940E-008
          14          18   3.7908629612528992E-004
          14          19   3.5486435760676680E-005
          14          20  -1.1577264636294929E-003
          14          21   7.4421645628767368E-004
          14          22   1.4877542101864676E-005
          14          23  -8.8815242407622652E-004
          14          24  -8.7833326224711033E-004
          14          25   1.7279246884114367E-005
          14          26  -1.6266609454925023E-003
          14          27   3.6237946295676442E-004
          14          28   7.2437737206409511E-006
          14          29  -1.4954000106905301E-003
          14          30  -2.0188370276767349E-003
          14          31   9.7732819479076643E-005
          14          32  -6.2511440291516248E-003
          14          33   2.0495203333218553E-003
          14          34   4.0970156544307081E-005
          14          35  -5.5087643642739012E-003
          15           1  -3.2661058613582532E-010
          15           2  -1.1363067288677158E-009
          15           3   6.7690704480367320E-002
          15           4   6.5768830266952553E-004
          15           5   1.3792152776569257E-002
          15           6   3.8357167234541002E-009
          15           7 -0.22235383054226504     
          15           8  -2.2153203177715719E-003
          15           9  -4.6456738758077397E-002
          15          10  -7.7853488867575633E-009
          15          11  0.52310512207839299     
          15          12   5.2406475335091398E-003
          15          13  0.10989995573185746     
          15          14   3.7733378834841648E-009
          15          15  0.25942391879892834     
          15          16   3.0688494679403182E-003
          15          17   6.4355859189188888E-002
          15          18   2.3956057842776473E-010
          15          19   1.4257794523268444E-009
          15          20  -4.9151496411516922E-010
          15          21  -1.2740033102261175E-009
          15          22  -6.5360251061411555E-010
          15          23   2.0588899484827855E-010
          15          24   1.7775608193771709E-010
          15          25   5.1308714789998825E-010
          15          26  -2.6180030763693442E-010
          15          27  -3.6846283032930461E-010
          15          28  -6.1832354432081202E-011
          15          29  -1.0733461931078901E-010
          15          30  -1.6737870374890944E-009
          15          31  -3.4340057734395673E-009
          15          32   2.1191801698964476E-009
          15          33   5.8438441280181964E-009
          15          34   1.4664143070433580E-009
          15          35  -2.6401378605305379E-009
          16           1  -6.6783567517019976E-010
          16           2  -2.4089745935809453E-009
          16           3   6.5768885472823049E-004
          16           4   3.4803688297770453E-002
          16           5   2.7571007687785768E-004
          16           6   6.7529156271213346E-009
          16           7  -2.2153222019366818E-003
          16           8 -0.11157899339698578     
          16           9  -9.2868630225886959E-004
          16          10  -1.4660444548536528E-008
          16          11   5.2406524304175950E-003
          16          12  0.26105163020164412     
          16          13   2.1969341510757788E-003
          16          14   5.8873828584687352E-009
          16          15   3.0688494679403182E-003
          16          16  0.10596916015670131     
          16          17   1.2865062137915827E-003
          16          18  -2.5705225849437031E-009
          16          19   1.9246541024817714E-009
          16          20   7.2107522906996279E-010
          16          21   1.1980954042149995E-009
          16          22  -1.2380900676390558E-009
          16          23   9.7531499809387059E-010
          16          24  -5.8340828605123030E-010
          16          25   9.3122381830875487E-010
          16          26  -2.0817639695882358E-010
          16          27  -2.7238072215239638E-010
          16          28   8.4730337683577744E-010
          16          29   5.7798762235705719E-010
          16          30  -1.0379058134470357E-009
          16          31  -1.6524157173546046E-009
          16          32  -2.6466596851005767E-009
          16          33   4.5568539776584386E-009
          16          34   9.7593923190452414E-010
          16          35  -1.5518060333514502E-009
          17           1   8.4011867087026955E-010
          17           2   2.8661745806118485E-009
          17           3   1.3792156656294583E-002
          17           4   2.7571368273127773E-004
          17           5   4.0572382326721196E-002
          17           6  -9.9591468604934872E-009
          17           7  -4.6456752114622059E-002
          17           8  -9.2869853056894549E-004
          17           9 -0.13100995015141931     
          17          10   1.9054362380600569E-008
          17          11  0.10989999184081198     
          17          12   2.1969660212084398E-003
          17          13  0.30701829330013530     
          17          14  -1.2112697753326940E-008
          17          15   6.4355859189188888E-002
          17          16   1.2865062137915827E-003
          17          17  0.13288659008381176     
          17          18   9.3679685422071734E-010
          17          19  -1.2636322655988490E-009
          17          20   1.2794357946443447E-009
          17          21   5.7777225169829036E-010
          17          22   1.0792622001652588E-009
          17          23  -2.1085233126552148E-009
          17          24   3.8777704254447490E-010
          17          25  -5.6059166939739781E-010
          17          26   8.0821632795906958E-010
          17          27   1.4951021663073897E-011
          17          28  -1.5660038753269703E-010
          17          29  -4.2310457063933317E-010
          17          30   1.1779812597014971E-009
          17          31   3.5368684890797123E-010
          17          32  -4.5324490596565665E-009
          17          33  -5.3869588452492269E-009
          17          34  -3.9135787481688339E-009
          17          35   9.8087468388607838E-009
          18           1  -1.9825263955901784E-002
          18           2  -9.3279441537123375E-003
          18           3   3.7425385388974560E-011
          18           4  -6.2247063627180524E-010
          18           5   4.7318284754363784E-010
          18           6  -1.6258112277792061E-003
          18           7   3.2201802905483304E-010
          18           8   1.8028826747428601E-009
          18           9  -1.0567009205584648E-009
          18          10   6.1471768268881472E-003
          18          11  -7.6159750584619366E-010
          18          12  -3.8549769323486222E-009
          18          13   2.3010925073475347E-009
          18          14   3.7908629612528992E-004
          18          15   2.3956057842776473E-010
          18          16  -2.5705225849437031E-009
          18          17   9.3679685422071734E-010
          18          18   1.1223486132942166     
          18          19   3.5116180668101099E-005
          18          20 -0.56059986689494490     
          18          21   7.3599327403436193E-004
          18          22  -1.8092875258155367E-005
          18          23 -0.56092644613333764     
          18          24  0.58674983409674564     
          18          25  -8.4068718015811997E-006
          18          26 -0.29489950110797347     
          18          27  -1.7673213932757820E-004
          18          28   1.0671830287238705E-005
          18          29 -0.29470514302918183     
          18          30   6.3333684756275613E-002
          18          31  -1.3824196498680508E-005
          18          32  -2.9426209521888368E-002
          18          33  -2.9001624645301499E-004
          18          34  -1.4229094136221823E-005
          18          35  -2.9683811067694420E-002
          19           1   1.1304608873406337E-005
          19           2   4.4703962997316298E-005
          19           3   2.9565512689617340E-010
          19           4   3.3121478750585712E-010
          19           5  -3.2714621609348881E-011
          19           6  -1.1217375249154108E-004
          19           7  -7.6974031758863322E-010
          19           8  -1.1868533454741025E-009
          19           9   3.5500511237172082E-010
          19          10   1.5983289600737691E-004
          19          11   1.9933631331263295E-009
          19          12   3.3255940017247952E-009
          19          13  -1.0045559723533006E-009
          19          14   3.5486435760676680E-005
          19          15   1.4257794523268444E-009
          19          16   1.9246541024817714E-009
          19          17  -1.2636322655988490E-009
          19          18   3.5116180668101099E-005
          19          19   1.1209526503755143     
          19          20   2.5014591337728954E-005
          19          21   2.3809103732560348E-005
          19          22   9.4551275162234598E-004
          19          23  -5.1366489213143780E-005
          19          24  -4.6232525126813771E-005
          19          25  0.58800956066136978     
          19          26  -4.8415155433224779E-005
          19          27  -7.1866962188522843E-006
          19          28  -4.1178568444847345E-004
          19          29  -1.4047284724512587E-005
          19          30   4.0099783207331574E-005
          19          31   6.2238415518853403E-002
          19          32   7.3327690430299532E-005
          19          33  -1.1238559269071799E-005
          19          34   2.4285286779031871E-004
          19          35   4.7413729360370888E-005
          20           1  -2.0314810516036952E-002
          20           2  -1.1263876388185125E-002
          20           3  -1.8301196030302383E-010
          20           4  -1.4311558670838827E-010
          20           5   5.8791928728724662E-010
          20           6   3.2317772435038420E-003
          20           7   7.7288682703600429E-010
          20           8   4.0877350540556146E-011
          20           9  -1.5686816672943301E-009
          20          10  -7.7423059682147450E-004
          20          11  -1.4860421712628532E-009
          20          12   4.3507931386660401E-010
          20          13   3.2609525195997290E-009
          20          14  -1.1577264636294929E-003
          20          15  -4.9151496411516922E-010
          20          16   7.2107522906996279E-010
          20          17   1.2794357946443447E-009
          20          18 -0.56059986689494490     
          20          19   2.5014591337728954E-005
          20          20   1.1197465554397108     
          20          21  -1.1133394987021975E-003
          20          22   1.0522593531466175E-005
          20          23 -0.55870418168491698     
          20          24 -0.29326136570452843     
          20          25  -1.0589783706764228E-005
          20          26  0.58921153970058349     
          20          27   4.9121020450304997E-004
          20          28  -4.4205421360905603E-006
          20          29 -0.29409777479725502     
          20          30  -3.1761292479645820E-002
          20          31   1.9403481296464343E-005
          20          32   6.0757036553805474E-002
          20          33  -1.4195575408585629E-005
          20          34   8.1363780567093085E-006
          20          35  -3.1737090638885503E-002
          21           1   2.3706550697343248E-004
          21           2   9.3748540349086100E-004
          21           3  -3.2920041421891108E-010
          21           4   2.9838789667253410E-010
          21           5   5.2188294327793192E-010
          21           6  -2.3523114223875509E-003
          21           7   1.4709895600090525E-009
          21           8  -8.9631869097715509E-010
          21           9  -1.6658303127601931E-009
          21          10   3.3517314495298553E-003
          21          11  -3.1620833055222451E-009
          21          12   1.9237485247223949E-009
          21          13   3.7925569142235169E-009
          21          14   7.4421645628767368E-004
          21          15  -1.2740033102261175E-009
          21          16   1.1980954042149995E-009
          21          17   5.7777225169829036E-010
          21          18   7.3599327403436193E-004
          21          19   2.3809103732560348E-005
          21          20  -1.1133394987021975E-003
          21          21   1.1214504636660017     
          21          22   4.7123709740503960E-005
          21          23   5.6126325140170544E-004
          21          24  -9.7000922072774400E-004
          21          25  -7.1871723732304447E-006
          21          26  -3.0206643678835844E-004
          21          27  0.58785925355800184     
          21          28  -1.9183658883790788E-005
          21          29  -1.0074191192161047E-003
          21          30   8.4076617574339635E-004
          21          31  -1.1239039021361975E-005
          21          32   1.1165868927657452E-003
          21          33   6.2003370894865788E-002
          21          34   4.8564612093037589E-006
          21          35   1.4155088121764721E-003
          22           1   4.7388665309171275E-006
          22           2   1.8739820277331775E-005
          22           3   5.7260824610734151E-011
          22           4   1.4840332066577914E-010
          22           5   2.5036558353992899E-010
          22           6  -4.7022912909398763E-005
          22           7  -2.4261064703666878E-010
          22           8  -2.8441540057032234E-010
          22           9  -1.0643554582012412E-009
          22          10   6.7000267683665031E-005
          22          11  -2.0773819737644639E-010
          22          12   4.4559792293656881E-010
          22          13   2.5903075521647759E-009
          22          14   1.4877542101864676E-005
          22          15  -6.5360251061411555E-010
          22          16  -1.2380900676390558E-009
          22          17   1.0792622001652588E-009
          22          18  -1.8092875258155367E-005
          22          19   9.4551275162234598E-004
          22          20   1.0522593531466175E-005
          22          21   4.7123709740503960E-005
          22          22   1.1190938081807316     
          22          23   1.1243811346354018E-005
          22          24  -5.1845766313585481E-006
          22          25  -4.1178530905162957E-004
          22          26  -2.0277173637696753E-005
          22          27  -1.9183640458752566E-005
          22          28  0.58881927770787001     
          22          29  -2.0104441249738119E-005
          22          30   8.3755287624463614E-006
          22          31   2.4285230448167322E-004
          22          32   3.0741156657704118E-005
          22          33   4.8579146359197443E-006
          22          34   6.1760900178454176E-002
          22          35   2.8307207628246063E-005
          23           1  -2.0228940532075239E-002
          23           2  -1.0924299922090631E-002
          23           3   5.2350845655817369E-010
          23           4   1.2103981785668368E-010
          23           5  -4.0502693837857174E-010
          23           6   2.3797224441105720E-003
          23           7  -8.6372407769963550E-010
          23           8  -5.8363659817732718E-010
          23           9   2.1331845817376562E-009
          23          10   4.3983603220959988E-004
          23          11   2.1633333122369580E-009
          23          12   1.2889541574988239E-009
          23          13  -5.3573768636455517E-009
          23          14  -8.8815242407622652E-004
