           1           1   2.2531015815078872     
           1           2  0.95939155924992758     
           1           3  -2.6938032600829753E-014
           1           4   2.2435203708983654E-014
           1           5   4.5515852634503123E-015
           1           6  0.42874584225013729     
           1           7  -3.3554030359869434E-014
           1           8   4.1696245118013354E-014
           1           9   7.1982333636614517E-015
           1          10   3.6369587179111047E-003
           1          11   7.8630483328270323E-015
           1          12  -1.2664959682158620E-014
           1          13   4.5715005321261704E-016
           1          14   2.1821565803052793E-003
           1          15  -8.7398218514046029E-015
           1          16  -4.0337181576348380E-015
           1          17  -8.1651134903637888E-015
           1          18  0.36983026292768917     
           1          19   1.8279754248412248E-014
           1          20  0.36983026292768928     
           1          21  -1.7233916882437089E-014
           1          22   1.0621441596308356E-014
           1          23  0.36983026292768545     
           1          24   1.7724260346396502E-003
           1          25  -3.4031714445820277E-015
           1          26   1.7724260346402782E-003
           1          27  -1.4981358950903375E-015
           1          28   3.6085588303265946E-015
           1          29   1.7724260346365138E-003
           1          30  -1.9815912516695306E-002
           1          31   4.5543830825600571E-015
           1          32  -1.9815912516700038E-002
           1          33   8.1258831136609382E-015
           1          34   7.4232307363587952E-015
           1          35  -1.9815912516707154E-002
           2           1  0.95939155924992758     
           2           2   3.6068823788311524     
           2           3  -8.3361101484021633E-014
           2           4   6.8590764031928144E-014
           2           5   9.0813549935765264E-015
           2           6   1.0649539036176447     
           2           7  -1.5016631180242537E-013
           2           8   1.7208700564854361E-013
           2           9   3.6883789426094694E-014
           2          10 -0.26853252430065377     
           2          11   4.6853623343639247E-014
           2          12  -5.3756999522515829E-014
           2          13  -2.5041509431697284E-015
           2          14   1.1292322677383693E-002
           2          15  -3.3071443625618343E-014
           2          16  -1.3031574226448335E-014
           2          17  -2.1880515257159384E-014
           2          18   1.3023717839875892     
           2          19   6.0803891951631009E-014
           2          20   1.3023717839875630     
           2          21  -5.3466248401557456E-014
           2          22   4.9212197569474189E-014
           2          23   1.3023717839875177     
           2          24 -0.14873794774447607     
           2          25  -2.5378540084958990E-014
           2          26 -0.14873794774444293     
           2          27   2.5011490215183989E-015
           2          28   7.7882566145589367E-015
           2          29 -0.14873794774446483     
           2          30 -0.17429846184544312     
           2          31   2.7118201543480925E-014
           2          32 -0.17429846184548803     
           2          33   3.6702262495922874E-014
           2          34   2.3326111419882478E-014
           2          35 -0.17429846184549430     
           3           1  -2.6938032600829753E-014
           3           2  -8.3361101484021633E-014
           3           3   2.3308957610827123     
           3           4   8.0718681841405137E-005
           3           5  -1.3823731707407558E-003
           3           6  -9.8171168217176302E-014
           3           7 -0.90436163753900967     
           3           8  -2.9862396106467183E-004
           3           9   5.1141785583153042E-003
           3          10  -1.8171172263228779E-013
           3          11  0.11709650123547494     
           3          12   9.1871159134246361E-004
           3          13  -1.5733684279428180E-002
           3          14  -3.8949562232055360E-014
           3          15  -5.5049842490967102E-002
           3          16   6.3448208912428997E-006
           3          17  -1.0866022513067664E-004
           3          18   3.5894158584503864E-014
           3          19   1.0680397627974430E-014
           3          20   1.8838583760961705E-014
           3          21  -9.2907143465411761E-015
           3          22  -1.4182132365850145E-014
           3          23  -5.8130986977423160E-014
           3          24  -3.3843277815333071E-014
           3          25   2.9590756767516859E-014
           3          26  -3.7118910529015208E-014
           3          27  -2.3151180392325434E-014
           3          28  -2.2675432101915155E-014
           3          29  -4.1884871235940074E-014
           3          30  -3.7512547314741142E-014
           3          31  -1.2501441630803811E-014
           3          32  -3.6408073918063870E-014
           3          33  -7.5996761826823057E-015
           3          34  -2.5077438779509344E-014
           3          35  -6.0982462414919336E-014
           4           1   2.2435203708983654E-014
           4           2   6.8590764031928144E-014
           4           3   8.0718681841405137E-005
           4           4   2.3306965964305748     
           4           5  -4.8989425721921429E-004
           4           6   1.3202280918855027E-013
           4           7  -2.9862396107802655E-004
           4           8 -0.90362481508392123     
           4           9   1.8123953496312507E-003
           4          10   1.3644390559427194E-013
           4          11   9.1871159135968269E-004
           4          12  0.11482967935077368     
           4          13  -5.5758037963291335E-003
           4          14   2.8536110014966500E-014
           4          15   6.3448208621165732E-006
           4          16  -5.5065497652990708E-002
           4          17  -3.8507706469330548E-005
           4          18  -3.7034437312497034E-015
           4          19   1.5116450091139123E-013
           4          20  -2.7396895346176070E-014
           4          21  -1.2461149389597225E-013
           4          22  -2.5332076052759986E-014
           4          23   5.6875794867640966E-014
           4          24   3.4187423448713600E-014
           4          25  -3.4870769040058465E-014
           4          26   4.2320195747227944E-014
           4          27   7.9287851909819899E-015
           4          28  -1.4737816289720402E-014
           4          29   4.4370495013829890E-014
           4          30   3.9046180485513981E-014
           4          31   2.4012152256614311E-014
           4          32   2.9167322950597989E-014
           4          33  -5.4251522297014128E-015
           4          34   1.6649454517175147E-014
           4          35   6.3281994945944433E-014
           5           1   4.5515852634503123E-015
           5           2   9.0813549935765264E-015
           5           3  -1.3823731707407558E-003
           5           4  -4.8989425721921429E-004
           5           5   2.3390578289938810     
           5           6   4.3268004302671176E-014
           5           7   5.1141785583123265E-003
           5           8   1.8123953496333037E-003
           5           9 -0.93455773334464665     
           5          10   3.7794974824739205E-014
           5          11  -1.5733684279401375E-002
           5          12  -5.5758037963484428E-003
           5          13  0.20999428187801902     
           5          14   1.3465281941139812E-015
           5          15  -1.0866022513748867E-004
           5          16  -3.8507706469973195E-005
           5          17  -5.4408270334057089E-002
           5          18   6.4481568990458751E-015
           5          19  -1.0179413660169271E-013
           5          20   5.0506694455508014E-015
           5          21   7.8812034104844960E-014
           5          22  -5.8004335427689195E-015
           5          23   2.3630376070072508E-014
           5          24   5.6076174326713266E-015
           5          25   2.6475155773985482E-015
           5          26   1.1059000788172133E-014
           5          27   5.9963988211572017E-015
           5          28   3.5142181275421604E-015
           5          29   1.2105155968998479E-014
           5          30   7.4917051550705176E-015
           5          31  -3.0509178368364010E-016
           5          32   8.0194207052299762E-015
           5          33   3.3007245792753170E-015
           5          34   1.1422616761707041E-015
           5          35   2.1793075635458234E-014
           6           1  0.42874584225013729     
           6           2   1.0649539036176447     
           6           3  -9.8171168217176302E-014
           6           4   1.3202280918855027E-013
           6           5   4.3268004302671176E-014
           6           6   1.5568546441523063     
           6           7   1.0383803528508284E-013
           6           8  -1.0420995234055164E-013
           6           9  -9.6237247052779946E-015
           6          10 -0.13526571349458824     
           6          11  -6.8088957932957073E-014
           6          12   7.7838282973416801E-014
           6          13   6.9293379852951936E-015
           6          14   2.0765774993748223E-002
           6          15   4.3835252394406669E-014
           6          16   1.7474315424614123E-014
           6          17   1.6632595263835086E-014
           6          18  0.36942596883553674     
           6          19  -9.5338332229905696E-014
           6          20  0.36942596883532985     
           6          21   1.0389292529402594E-013
           6          22  -5.3580755667030250E-015
           6          23  0.36942596883489326     
           6          24   6.8892683805534691E-002
           6          25   7.9709862522770759E-015
           6          26   6.8892683805617028E-002
           6          27   2.8470281928873390E-015
           6          28   1.6783045359706326E-014
           6          29   6.8892683805606938E-002
           6          30   1.7208849107134452E-002
           6          31  -9.6554182822585732E-015
           6          32   1.7208849107174178E-002
           6          33  -3.8265234258884923E-014
           6          34  -2.5025486667413955E-014
           6          35   1.7208849107166163E-002
           7           1  -3.3554030359869434E-014
           7           2  -1.5016631180242537E-013
           7           3 -0.90436163753900967     
           7           4  -2.9862396107802655E-004
           7           5   5.1141785583123265E-003
           7           6   1.0383803528508284E-013
           7           7   2.4646326747899936     
           7           8   1.1047785728455722E-003
           7           9  -1.8920232886396306E-002
           7          10   4.2973324282076763E-013
           7          11 -0.27436569981979231     
           7          12  -3.3988326894637184E-003
           7          13   5.8207778108143829E-002
           7          14   9.9177920170108661E-014
           7          15  0.12775802958671786     
           7          16  -2.3473073420259229E-005
           7          17   4.0199549966851375E-004
           7          18  -1.7476496420023339E-013
           7          19   4.0508402272425016E-014
           7          20  -1.2763244834860452E-013
           7          21  -1.5987781755419266E-014
           7          22   5.3617360939748102E-014
           7          23   7.6823313635784880E-014
           7          24   6.2796424402356556E-014
           7          25  -1.0223200194827516E-013
           7          26   8.0096350352272333E-014
           7          27   8.5264629102681102E-014
           7          28   7.8460467746076623E-014
           7          29   9.4409296851449835E-014
           7          30   8.0485055010936383E-014
           7          31   3.5671885186608830E-014
           7          32   8.9532385052821992E-014
           7          33   2.0715234536254531E-014
           7          34   7.3084937372562146E-014
           7          35   1.5890728292551388E-013
           8           1   4.1696245118013354E-014
           8           2   1.7208700564854361E-013
           8           3  -2.9862396106467183E-004
           8           4 -0.90362481508392123     
           8           5   1.8123953496333037E-003
           8           6  -1.0420995234055164E-013
           8           7   1.1047785728455722E-003
           8           8   2.4619067526722800     
           8           9  -6.7050732989173628E-003
           8          10  -3.7231719819158938E-013
           8          11  -3.3988326895059463E-003
           8          12 -0.26597944629314629     
           8          13   2.0628045179225243E-002
           8          14  -8.2473311042678440E-014
           8          15  -2.3473073336680885E-005
           8          16  0.12781594686666581     
           8          17   1.4246173964413655E-004
           8          18   1.3471349589687335E-013
           8          19  -5.5293183261640705E-013
           8          20   1.9455007469497713E-013
           8          21   3.9656975579405370E-013
           8          22   3.6173782986786182E-014
           8          23  -3.7713052077387921E-014
           8          24  -7.6060945421574330E-014
           8          25   9.1796767044102581E-014
           8          26  -9.3315955002879118E-014
           8          27  -1.0291316635658786E-014
           8          28   5.3440539094365682E-014
           8          29  -1.0654231832762695E-013
           8          30  -1.1619679635910670E-013
           8          31  -7.0481666233927080E-014
           8          32  -8.0866303779538971E-014
           8          33   1.6681718882951417E-014
           8          34  -4.1472189165847506E-014
           8          35  -1.7720796710292083E-013
           9           1   7.1982333636614517E-015
           9           2   3.6883789426094694E-014
           9           3   5.1141785583153042E-003
           9           4   1.8123953496312507E-003
           9           5 -0.93455773334464665     
           9           6  -9.6237247052779946E-015
           9           7  -1.8920232886396306E-002
           9           8  -6.7050732989173628E-003
           9           9   2.5763450755965573     
           9          10  -6.9436506101766165E-014
           9          11   5.8207778108065877E-002
           9          12   2.0628045179282475E-002
           9          13 -0.61804702113958832     
           9          14  -8.6030990780458400E-015
           9          15   4.0199549969484804E-004
           9          16   1.4246173964578272E-004
           9          17  0.12538449208039751     
           9          18   3.8285684136262268E-014
           9          19   2.8870189018465673E-013
           9          20   2.6376242371885835E-014
           9          21  -2.1175884929052636E-013
           9          22   2.7777093650047070E-014
           9          23  -1.2539197589622347E-014
           9          24  -1.3039149104110039E-015
           9          25  -9.1543416462202235E-015
           9          26  -1.5214670079700082E-014
           9          27  -9.7941300884921157E-015
           9          28  -4.0110193163151230E-015
           9          29  -1.9457376033840557E-014
           9          30  -9.9564390041876696E-015
           9          31  -1.4697389052018595E-015
           9          32  -6.2664106934394595E-015
           9          33  -1.9207944294623028E-014
           9          34  -9.8312469579402088E-016
           9          35  -5.0367607506514189E-014
          10           1   3.6369587179111047E-003
          10           2 -0.26853252430065377     
          10           3  -1.8171172263228779E-013
          10           4   1.3644390559427194E-013
          10           5   3.7794974824739205E-014
          10           6 -0.13526571349458824     
          10           7   4.2973324282076763E-013
          10           8  -3.7231719819158938E-013
          10           9  -6.9436506101766165E-014
          10          10   1.0943711954112172     
          10          11   1.1099100309047749E-013
          10          12  -1.2070632798414710E-013
          10          13  -4.1273988164795080E-014
          10          14  -4.9637360744760696E-002
          10          15  -7.3859444254425324E-014
          10          16  -6.4454782626787037E-014
          10          17  -5.3190899118785098E-014
          10          18 -0.38658908144417164     
          10          19   1.3216759601758828E-012
          10          20 -0.38658908144412074     
          10          21  -3.8506742097733023E-013
          10          22   6.2758220596130740E-013
          10          23 -0.38658908144379672     
          10          24  0.19954755355142606     
          10          25  -6.9168119115277747E-014
          10          26  0.19954755355137135     
          10          27   7.6751222345477174E-014
          10          28   3.4501886959030003E-014
          10          29  0.19954755355143672     
          10          30  0.19806291859629069     
          10          31   6.9964259117782243E-014
          10          32  0.19806291859617606     
          10          33   8.3082598932724443E-014
          10          34   7.3189945357031951E-014
          10          35  0.19806291859617461     
          11           1   7.8630483328270323E-015
          11           2   4.6853623343639247E-014
          11           3  0.11709650123547494     
          11           4   9.1871159135968269E-004
          11           5  -1.5733684279401375E-002
          11           6  -6.8088957932957073E-014
          11           7 -0.27436569981979231     
          11           8  -3.3988326895059463E-003
          11           9   5.8207778108065877E-002
          11          10   1.1099100309047749E-013
          11          11   6.2199069518392755E-002
          11          12   1.0456451577784142E-002
          11          13 -0.17907524989916199     
          11          14  -1.2766823915984191E-014
          11          15  -1.5272975367906724E-002
          11          16   7.2214515205879895E-005
          11          17  -1.2367323905115666E-003
          11          18   3.6607596800063795E-015
          11          19  -1.9865055585045766E-013
          11          20   2.8285153626866283E-014
          11          21   1.8196289119533486E-013
          11          22   7.6657505703267465E-014
          11          23   4.0797980077459778E-014
          11          24  -4.1754843800187500E-014
          11          25   1.6680593411447706E-013
          11          26  -2.8853968392516004E-014
          11          27  -1.4407119602208167E-013
          11          28  -1.2195820940145425E-013
          11          29  -3.8537266065720582E-014
          11          30  -4.0717732842752282E-015
          11          31   3.2355978056370201E-014
          11          32  -6.0321285001507363E-015
          11          33  -4.1422560923539122E-014
          11          34  -3.5932578483886289E-014
          11          35  -1.8894670458685629E-014
          12           1  -1.2664959682158620E-014
          12           2  -5.3756999522515829E-014
          12           3   9.1871159134246361E-004
          12           4  0.11482967935077368     
          12           5  -5.5758037963484428E-003
          12           6   7.7838282973416801E-014
          12           7  -3.3988326894637184E-003
          12           8 -0.26597944629314629     
          12           9   2.0628045179282475E-002
          12          10  -1.2070632798414710E-013
          12          11   1.0456451577784142E-002
          12          12   3.6398901657317143E-002
          12          13  -6.3461833890204641E-002
          12          14   1.3954655690761605E-014
          12          15   7.2214515201114786E-005
          12          16  -1.5451156904958362E-002
          12          17  -4.3828114481328344E-004
          12          18  -5.4455082267537851E-014
          12          19  -1.2577217365459770E-013
          12          20  -1.2908450262379056E-014
          12          21   3.2479081745327047E-014
          12          22  -2.0152405018660572E-014
          12          23  -7.8931053415965072E-015
          12          24   3.0749554550405640E-014
          12          25   9.9837073807928807E-014
          12          26   3.9935519538172550E-014
          12          27  -1.4631457898766668E-013
          12          28  -1.5533397770193547E-013
          12          29   3.7198284661695298E-014
          12          30   1.1325749957692895E-014
          12          31   2.9716470908488339E-014
          12          32   9.2854730491149423E-015
          12          33  -3.8442955811527299E-014
          12          34  -3.5261279981036632E-014
          12          35   1.2189610160629948E-014
          13           1   4.5715005321261704E-016
          13           2  -2.5041509431697284E-015
          13           3  -1.5733684279428180E-002
          13           4  -5.5758037963291335E-003
          13           5  0.20999428187801902     
          13           6   6.9293379852951936E-015
          13           7   5.8207778108143829E-002
          13           8   2.0628045179225243E-002
          13           9 -0.61804702113958832     
          13          10  -4.1273988164795080E-014
          13          11 -0.17907524989916199     
          13          12  -6.3461833890204641E-002
          13          13   1.1195288715038332     
          13          14  -6.3360898822582784E-015
          13          15  -1.2367323905005095E-003
          13          16  -4.3828114481615256E-004
          13          17  -7.9708271687183429E-003
          13          18   4.0174227616854013E-015
          13          19  -1.0031027831913859E-013
          13          20   9.9234777775804931E-015
          13          21   3.3182380428725673E-014
          13          22   4.0181021506571992E-015
          13          23  -1.0933856431349172E-014
          13          24  -2.2015370227117423E-014
          13          25   2.5900805896665803E-014
          13          26  -1.1678961480659295E-014
          13          27  -1.5582752164343059E-014
          13          28  -4.0340644095989522E-014
          13          29   1.3313670359823122E-014
          13          30  -3.3058449736156258E-014
          13          31   4.5349520422844573E-015
          13          32  -2.6188193815522672E-014
          13          33   3.4207575431332528E-014
          13          34  -3.1054146704212952E-014
          13          35   3.3064376347973267E-014
          14           1   2.1821565803052793E-003
          14           2   1.1292322677383693E-002
          14           3  -3.8949562232055360E-014
          14           4   2.8536110014966500E-014
          14           5   1.3465281941139812E-015
          14           6   2.0765774993748223E-002
          14           7   9.9177920170108661E-014
          14           8  -8.2473311042678440E-014
          14           9  -8.6030990780458400E-015
          14          10  -4.9637360744760696E-002
          14          11  -1.2766823915984191E-014
          14          12   1.3954655690761605E-014
          14          13  -6.3360898822582784E-015
          14          14   2.7161463596043316E-003
          14          15   8.4053016977702097E-015
          14          16  -1.3566979801283079E-016
          14          17   2.1719654814840344E-015
          14          18   1.3693271764858265E-002
          14          19  -6.6106567910374049E-014
          14          20   1.3693271764811242E-002
          14          21  -1.4604149841581969E-013
          14          22  -2.0603718070183524E-013
          14          23   1.3693271764782492E-002
          14          24  -1.0707072146038566E-002
          14          25  -1.6165528294962760E-014
          14          26  -1.0707072146044778E-002
          14          27  -2.1386252483309275E-014
          14          28  -2.9474302622144917E-014
          14          29  -1.0707072146044203E-002
          14          30  -8.3586768072003784E-003
          14          31  -4.3037672708226973E-015
          14          32  -8.3586768071948567E-003
          14          33  -6.3303389387720469E-015
          14          34  -4.5615173792094569E-015
          14          35  -8.3586768071952540E-003
          15           1  -8.7398218514046029E-015
          15           2  -3.3071443625618343E-014
          15           3  -5.5049842490967102E-002
          15           4   6.3448208621165732E-006
          15           5  -1.0866022513748867E-004
          15           6   4.3835252394406669E-014
          15           7  0.12775802958671786     
          15           8  -2.3473073336680885E-005
          15           9   4.0199549969484804E-004
          15          10  -7.3859444254425324E-014
          15          11  -1.5272975367906724E-002
          15          12   7.2214515201114786E-005
          15          13  -1.2367323905005095E-003
          15          14   8.4053016977702097E-015
          15          15   7.3480467714255723E-003
          15          16   4.9872905255755999E-007
          15          17  -8.5411412616163672E-006
          15          18   4.2177868466421875E-015
          15          19  -5.3724108504505676E-014
          15          20  -2.9685497586146903E-014
          15          21   2.9460633595875022E-014
          15          22  -2.8027374140979855E-014
          15          23  -2.6238244672163807E-014
          15          24   3.0852246668064637E-014
          15          25  -4.0793419961841105E-014
          15          26   1.9488168185622482E-014
          15          27   3.8989075140749644E-014
          15          28   4.0635743753110121E-014
          15          29   2.3552435992640103E-014
          15          30   6.0633871035610852E-015
          15          31  -1.2092400134924971E-014
          15          32   6.1395914498837595E-015
          15          33   1.1803282911564925E-014
          15          34   1.1737241157064172E-014
          15          35   8.0226662115654485E-015
          16           1  -4.0337181576348380E-015
          16           2  -1.3031574226448335E-014
          16           3   6.3448208912428997E-006
          16           4  -5.5065497652990708E-002
          16           5  -3.8507706469973195E-005
          16           6   1.7474315424614123E-014
          16           7  -2.3473073420259229E-005
          16           8  0.12781594686666581     
          16           9   1.4246173964578272E-004
          16          10  -6.4454782626787037E-014
          16          11   7.2214515205879895E-005
          16          12  -1.5451156904958362E-002
          16          13  -4.3828114481615256E-004
          16          14  -1.3566979801283079E-016
          16          15   4.9872905255755999E-007
          16          16   7.3468162112125014E-003
          16          17  -3.0268643384431725E-006
          16          18   9.7104896332646951E-015
          16          19   1.0600900037394160E-013
          16          20  -1.3435688284968098E-014
          16          21  -4.8185655453316048E-014
          16          22   1.2136254993455611E-014
          16          23  -1.2086180137805730E-014
          16          24   1.2607644628258388E-014
          16          25  -3.0682888571289905E-014
          16          26   8.8862113620605562E-015
          16          27   4.1053846665151228E-014
          16          28   3.8176647356807662E-014
          16          29   8.4905366525862268E-015
          16          30  -1.9828574911703040E-015
          16          31  -6.8656635626875479E-015
          16          32  -1.2407623793872476E-015
          16          33   8.6069535274868818E-015
          16          34   9.1962860763454387E-015
          16          35  -4.4342146845979025E-015
          17           1  -8.1651134903637888E-015
          17           2  -2.1880515257159384E-014
          17           3  -1.0866022513067664E-004
          17           4  -3.8507706469330548E-005
          17           5  -5.4408270334057089E-002
          17           6   1.6632595263835086E-014
          17           7   4.0199549966851375E-004
          17           8   1.4246173964413655E-004
          17           9  0.12538449208039751     
          17          10  -5.3190899118785098E-014
          17          11  -1.2367323905115666E-003
          17          12  -4.3828114481328344E-004
          17          13  -7.9708271687183429E-003
          17          14   2.1719654814840344E-015
          17          15  -8.5411412616163672E-006
          17          16  -3.0268643384431725E-006
          17          17   7.3984769855586167E-003
          17          18   5.6329701094035238E-015
          17          19   6.5134700987238151E-014
          17          20  -1.9886270387070021E-014
          17          21  -1.0960731341216828E-013
          17          22  -6.0768174598960430E-014
          17          23  -1.4241912311982050E-014
          17          24   1.4887422109920797E-014
          17          25  -1.2526211028465559E-014
          17          26   1.0127279143877385E-014
          17          27  -3.6734024073272095E-016
          17          28  -7.9189946446910817E-015
          17          29   1.1385982485384820E-014
          17          30   9.2861879552396271E-016
          17          31   1.1591895363879545E-015
          17          32   8.1989977252346507E-016
          17          33  -1.6973865779736883E-016
          17          34   8.1360233678231685E-016
          17          35   4.4559108570491764E-016
          18           1  0.36983026292768917     
          18           2   1.3023717839875892     
          18           3   3.5894158584503864E-014
          18           4  -3.7034437312497034E-015
          18           5   6.4481568990458751E-015
          18           6  0.36942596883553674     
          18           7  -1.7476496420023339E-013
          18           8   1.3471349589687335E-013
          18           9   3.8285684136262268E-014
          18          10 -0.38658908144417164     
          18          11   3.6607596800063795E-015
          18          12  -5.4455082267537851E-014
          18          13   4.0174227616854013E-015
          18          14   1.3693271764858265E-002
          18          15   4.2177868466421875E-015
          18          16   9.7104896332646951E-015
          18          17   5.6329701094035238E-015
          18          18   2.6101250841511909     
          18          19   9.9764564275849742E-013
          18          20 -0.20481904281816843     
          18          21  -3.2455196726912334E-013
          18          22   1.0818196275886633E-013
          18          23 -0.20481904281837748     
          18          24 -0.14899083567962318     
          18          25  -5.4022990284695386E-014
          18          26 -0.28616867253358802     
          18          27  -2.4699084159661603E-014
          18          28   2.6889523681765379E-014
          18          29 -0.28616867253357559     
          18          30 -0.13995915998748482     
          18          31   3.0022009318223579E-014
          18          32 -0.20543648661935610     
          18          33  -1.0949810484255428E-014
          18          34   3.4085512489251839E-014
          18          35 -0.20543648661935404     
          19           1   1.8279754248412248E-014
          19           2   6.0803891951631009E-014
          19           3   1.0680397627974430E-014
          19           4   1.5116450091139123E-013
          19           5  -1.0179413660169271E-013
          19           6  -9.5338332229905696E-014
          19           7   4.0508402272425016E-014
          19           8  -5.5293183261640705E-013
          19           9   2.8870189018465673E-013
          19          10   1.3216759601758828E-012
          19          11  -1.9865055585045766E-013
          19          12  -1.2577217365459770E-013
          19          13  -1.0031027831913859E-013
          19          14  -6.6106567910374049E-014
          19          15  -5.3724108504505676E-014
          19          16   1.0600900037394160E-013
          19          17   6.5134700987238151E-014
          19          18   9.9764564275849742E-013
          19          19   2.0501811515150621     
          19          20   1.1615591820032422E-013
          19          21   7.2535727424255269E-014
          19          22   5.5871973714370270E-014
          19          23  -1.0895576687231580E-012
          19          24   8.9926900499334316E-014
          19          25 -0.30601248358064420     
          19          26   5.7260656302036563E-013
          19          27  -1.0268869088397510E-013
          19          28  -1.6496179422452976E-013
          19          29   4.2583040274387249E-013
          19          30   5.2336870746812269E-013
          19          31  -5.9972725665978471E-002
          19          32   3.0382734426057285E-013
          19          33   9.6458431519936656E-014
          19          34   5.8104129146986617E-014
          19          35   4.0717697720177310E-013
          20           1  0.36983026292768928     
          20           2   1.3023717839875630     
          20           3   1.8838583760961705E-014
          20           4  -2.7396895346176070E-014
          20           5   5.0506694455508014E-015
          20           6  0.36942596883532985     
          20           7  -1.2763244834860452E-013
          20           8   1.9455007469497713E-013
          20           9   2.6376242371885835E-014
          20          10 -0.38658908144412074     
          20          11   2.8285153626866283E-014
          20          12  -1.2908450262379056E-014
          20          13   9.9234777775804931E-015
          20          14   1.3693271764811242E-002
          20          15  -2.9685497586146903E-014
          20          16  -1.3435688284968098E-014
          20          17  -1.9886270387070021E-014
          20          18 -0.20481904281816843     
          20          19   1.1615591820032422E-013
          20          20   2.6101250841510448     
          20          21  -9.0213919855892129E-015
          20          22   6.8987319420581448E-013
          20          23 -0.20481904281845190     
          20          24 -0.28616867253363421     
          20          25   7.3622432294307577E-015
          20          26 -0.14899083567958307     
          20          27   1.4093973309558858E-013
          20          28   4.7135775866250904E-014
          20          29 -0.28616867253356049     
          20          30 -0.20543648661930258     
          20          31   2.5795413193276611E-014
          20          32 -0.13995915998745584     
          20          33   2.1430802830136330E-014
          20          34   2.0527210859947496E-014
          20          35 -0.20543648661936562     
          21           1  -1.7233916882437089E-014
          21           2  -5.3466248401557456E-014
          21           3  -9.2907143465411761E-015
          21           4  -1.2461149389597225E-013
          21           5   7.8812034104844960E-014
          21           6   1.0389292529402594E-013
          21           7  -1.5987781755419266E-014
          21           8   3.9656975579405370E-013
          21           9  -2.1175884929052636E-013
          21          10  -3.8506742097733023E-013
          21          11   1.8196289119533486E-013
          21          12   3.2479081745327047E-014
          21          13   3.3182380428725673E-014
          21          14  -1.4604149841581969E-013
          21          15   2.9460633595875022E-014
          21          16  -4.8185655453316048E-014
          21          17  -1.0960731341216828E-013
          21          18  -3.2455196726912334E-013
          21          19   7.2535727424255269E-014
          21          20  -9.0213919855892129E-015
          21          21   2.0501811515151793     
          21          22   9.7873098513935750E-015
          21          23   3.7847325386362317E-013
          21          24  -8.1836855977042942E-014
          21          25  -7.7497036565833016E-014
          21          26  -1.3873023193019067E-013
          21          27 -0.30601248358075683     
          21          28   2.9629076969678968E-014
          21          29  -1.9680110274330440E-013
          21          30  -4.4681655508437013E-014
          21          31  -8.9319610735447095E-014
          21          32   6.7741045379601210E-016
          21          33  -5.9972725666118734E-002
          21          34  -3.0549347773703136E-014
          21          35  -1.3341301161385576E-016
          22           1   1.0621441596308356E-014
          22           2   4.9212197569474189E-014
          22           3  -1.4182132365850145E-014
          22           4  -2.5332076052759986E-014
          22           5  -5.8004335427689195E-015
          22           6  -5.3580755667030250E-015
          22           7   5.3617360939748102E-014
          22           8   3.6173782986786182E-014
          22           9   2.7777093650047070E-014
          22          10   6.2758220596130740E-013
          22          11   7.6657505703267465E-014
          22          12  -2.0152405018660572E-014
          22          13   4.0181021506571992E-015
          22          14  -2.0603718070183524E-013
          22          15  -2.8027374140979855E-014
          22          16   1.2136254993455611E-014
          22          17  -6.0768174598960430E-014
          22          18   1.0818196275886633E-013
          22          19   5.5871973714370270E-014
          22          20   6.8987319420581448E-013
          22          21   9.7873098513935750E-015
          22          22   2.0501811515152912     
          22          23  -6.6925204861450072E-013
          22          24   6.0932334490072474E-014
          22          25   3.9881292712726472E-014
          22          26   1.3345640360804072E-013
          22          27  -2.5091040356542633E-014
          22          28 -0.30601248358088312     
          22          29   1.1797063812736630E-013
          22          30   3.1840746838077029E-013
          22          31  -6.3104903247298400E-015
          22          32   2.1246802687232284E-013
          22          33   3.1329105976143187E-014
          22          34  -5.9972725666066665E-002
          22          35   2.7176347443170398E-013
          23           1  0.36983026292768545     
          23           2   1.3023717839875177     
          23           3  -5.8130986977423160E-014
          23           4   5.6875794867640966E-014
          23           5   2.3630376070072508E-014
          23           6  0.36942596883489326     
          23           7   7.6823313635784880E-014
          23           8  -3.7713052077387921E-014
          23           9  -1.2539197589622347E-014
          23          10 -0.38658908144379672     
          23          11   4.0797980077459778E-014
          23          12  -7.8931053415965072E-015
          23          13  -1.0933856431349172E-014
          23          14   1.3693271764782492E-002
