           1           1   2.1416850125075086     
           1           2 -0.57348985436235145     
           1           3   1.9624114748434268E-011
           1           4  -9.3525752024848624E-011
           1           5   1.4673147563763292E-011
           1           6   4.0717595752790936E-002
           1           7  -6.2394360183753391E-011
           1           8   2.4450129855954022E-010
           1           9  -2.6011416630209301E-011
           1          10   6.2783562527441911E-002
           1          11  -3.2024939253143451E-011
           1          12   2.4268923548048453E-010
           1          13  -5.6779109572726491E-011
           1          14   1.4238413181988711E-002
           1          15  -1.1795301532920260E-005
           1          16   1.4298434708688953E-002
           1          17  -1.8534322211558605E-005
           1          18  -3.0679953215322141E-006
           1          19   1.4295950575720341E-002
           2           1 -0.57348985436235145     
           2           2   2.3208050402036156     
           2           3  -8.2523394809671691E-011
           2           4   4.9944011334446860E-010
           2           5  -1.6098129131985880E-010
           2           6 -0.39989257539754852     
           2           7   2.5588501492656358E-010
           2           8  -1.3287534337857569E-009
           2           9   3.9284996938599620E-010
           2          10 -0.26208420219704859     
           2          11   1.1930017509584479E-010
           2          12  -1.2914785418581949E-009
           2          13   4.8380722256973721E-010
           2          14   9.8534621151808582E-004
           2          15   3.3620495242486607E-005
           2          16   8.1426539623488583E-004
           2          17   5.2828831386905924E-005
           2          18   8.7449487472632433E-006
           2          19   8.2134621702715811E-004
           3           1   1.9624114748434268E-011
           3           2  -8.2523394809671691E-011
           3           3   1.9792642992717617     
           3           4  -8.1329029538488376E-003
           3           5  -1.2779522018902608E-002
           3           6   2.5326538764966564E-010
           3           7   3.4180368719839704E-002
           3           8   2.2396424019543826E-002
           3           9   3.5192303828906049E-002
           3          10  -7.1078001018915893E-012
           3          11  -2.1765878564502780E-002
           3          12   1.6228189139495579E-002
           3          13   2.5499936860346184E-002
           3          14   7.1081342972368014E-011
           3          15   1.0065043754614050E-010
           3          16  -5.2458455419764045E-011
           3          17   9.5772060103173381E-011
           3          18   2.3126022959909529E-011
           3          19  -6.0995632818959363E-011
           4           1  -9.3525752024848624E-011
           4           2   4.9944011334446860E-010
           4           3  -8.1329029538488376E-003
           4           4   2.0270518660953956     
           4           5  -2.1153404679410304E-003
           4           6  -8.4307829840580854E-010
           4           7   2.2396423103285920E-002
           4           8  -9.7417245246854828E-002
           4           9   5.8252352321646978E-003
           4          10  -8.4593633185365350E-010
           4          11   1.6228193342611674E-002
           4          12 -0.11711997989065674     
           4          13   4.2208941566681665E-003
           4          14  -2.7838809735606231E-010
           4          15  -7.3027866564486260E-010
           4          16   3.4791378503061509E-010
           4          17  -2.2017783752971687E-010
           4          18  -8.3580913909614874E-011
           4          19  -1.3271151094638589E-011
           5           1   1.4673147563763292E-011
           5           2  -1.6098129131985880E-010
           5           3  -1.2779522018902608E-002
           5           4  -2.1153404679410304E-003
           5           5   2.0250741599740896     
           5           6  -1.8296047275385304E-010
           5           7   3.5192302723376936E-002
           5           8   5.8252343152400609E-003
           5           9  -9.1971028272081617E-002
           5          10   8.3549373965165366E-010
           5          11   2.5499940859987608E-002
           5          12   4.2208955326549554E-003
           5          13 -0.11317371966584470     
           5          14  -6.5785214481886270E-011
           5          15   4.3710640928174413E-011
           5          16  -3.5266941056877620E-011
           5          17  -3.8698957727599252E-011
           5          18  -5.4275318193925403E-011
           5          19   3.3573510631535002E-010
           6           1   4.0717595752790936E-002
           6           2 -0.39989257539754852     
           6           3   2.5326538764966564E-010
           6           4  -8.4307829840580854E-010
           6           5  -1.8296047275385304E-010
           6           6  0.90257576786575777     
           6           7  -8.8487680307571866E-010
           6           8   1.9684752720889764E-009
           6           9   9.1546817989857825E-010
           6          10  0.54788140236411675     
           6          11  -4.9146424941170717E-010
           6          12   2.1500337014697682E-009
           6          13   2.7274951706536863E-010
           6          14   4.2522161772032326E-003
           6          15   8.0286630884430620E-004
           6          16   1.6673263176282191E-004
           6          17   1.2615730304352223E-003
           6          18   2.0882203429498417E-004
           6          19   3.3581065550672071E-004
           7           1  -6.2394360183753391E-011
           7           2   2.5588501492656358E-010
           7           3   3.4180368719839704E-002
           7           4   2.2396423103285920E-002
           7           5   3.5192302723376936E-002
           7           6  -8.8487680307571866E-010
           7           7   3.5774176811202672E-002
           7           8  -6.0348291578194484E-002
           7           9  -9.4827434161156687E-002
           7          10   4.1251322737648664E-011
           7          11   2.6466474478593995E-002
           7          12  -4.6607170888992987E-002
           7          13  -7.3235522402534309E-002
           7          14  -1.7522937887950784E-010
           7          15  -3.1601427263924281E-010
           7          16   1.9160732310687785E-010
           7          17  -1.3119361059499855E-010
           7          18  -5.6061966881925754E-011
           7          19   2.2905055871481384E-010
           8           1   2.4450129855954022E-010
           8           2  -1.3287534337857569E-009
           8           3   2.2396424019543826E-002
           8           4  -9.7417245246854828E-002
           8           5   5.8252343152400609E-003
           8           6   1.9684752720889764E-009
           8           7  -6.0348291578194484E-002
           8           8  0.39037059179815603     
           8           9  -1.5696391316862592E-002
           8          10   2.3839084307067569E-009
           8          11  -4.6607184682385297E-002
           8          12  0.30032236050860545     
           8          13  -1.2122360783287184E-002
           8          14   9.1773700300666313E-010
           8          15   2.0435101206487092E-009
           8          16  -1.0140611248107358E-009
           8          17   6.5769823577509968E-010
           8          18   3.1042582765770452E-010
           8          19   1.7650635294292516E-010
           9           1  -2.6011416630209301E-011
           9           2   3.9284996938599620E-010
           9           3   3.5192303828906049E-002
           9           4   5.8252352321646978E-003
           9           5  -9.1971028272081617E-002
           9           6   9.1546817989857825E-010
           9           7  -9.4827434161156687E-002
           9           8  -1.5696391316862592E-002
           9           9  0.37569548219184284     
           9          10  -2.3882156048810295E-009
           9          11  -7.3235536097110560E-002
           9          12  -1.2122366651409559E-002
           9          13  0.28898874357990528     
           9          14   3.7182755378773546E-011
           9          15  -1.0681218530861636E-010
           9          16  -4.0458099510218356E-011
           9          17   5.8088847567641325E-011
           9          18   1.2211206200930837E-011
           9          19  -9.4385568302436058E-010
          10           1   6.2783562527441911E-002
          10           2 -0.26208420219704859     
          10           3  -7.1078001018915893E-012
          10           4  -8.4593633185365350E-010
          10           5   8.3549373965165366E-010
          10           6  0.54788140236411675     
          10           7   4.1251322737648664E-011
          10           8   2.3839084307067569E-009
          10           9  -2.3882156048810295E-009
          10          10  0.33394856650924931     
          10          11   1.4173325139607386E-010
          10          12   2.2097911339648855E-009
          10          13  -2.0944027179160883E-009
          10          14   1.9237175937674347E-003
          10          15   1.2099967513346226E-004
          10          16   1.3079957630591256E-003
          10          17   1.9013142872649751E-004
          10          18   3.1471098349382604E-005
          10          19   1.3334768464648792E-003
          11           1  -3.2024939253143451E-011
          11           2   1.1930017509584479E-010
          11           3  -2.1765878564502780E-002
          11           4   1.6228193342611674E-002
          11           5   2.5499940859987608E-002
          11           6  -4.9146424941170717E-010
          11           7   2.6466474478593995E-002
          11           8  -4.6607184682385297E-002
          11           9  -7.3235536097110560E-002
          11          10   1.4173325139607386E-010
          11          11   2.0719940472524359E-002
          11          12  -3.5946676099874515E-002
          11          13  -5.6484300672715287E-002
          11          14  -1.2736056371044034E-010
          11          15  -2.4044607247941495E-010
          11          16   1.3975049618898532E-010
          11          17  -9.7537566582508378E-011
          11          18  -4.2505587421431070E-011
          11          19   1.6913279414851776E-010
          12           1   2.4268923548048453E-010
          12           2  -1.2914785418581949E-009
          12           3   1.6228189139495579E-002
          12           4 -0.11711997989065674     
          12           5   4.2208955326549554E-003
          12           6   2.1500337014697682E-009
          12           7  -4.6607170888992987E-002
          12           8  0.30032236050860545     
          12           9  -1.2122366651409559E-002
          12          10   2.2097911339648855E-009
          12          11  -3.5946676099874515E-002
          12          12  0.23193648135937092     
          12          13  -9.3495973953403103E-003
          12          14   7.2512010230078055E-010
          12          15   1.5835383599397840E-009
          12          16  -7.9836682775636394E-010
          12          17   5.1775256228754785E-010
          12          18   2.4067387482159333E-010
          12          19   1.2026061070933305E-010
          13           1  -5.6779109572726491E-011
          13           2   4.8380722256973721E-010
          13           3   2.5499936860346184E-002
          13           4   4.2208941566681665E-003
          13           5 -0.11317371966584470     
          13           6   2.7274951706536863E-010
          13           7  -7.3235522402534309E-002
          13           8  -1.2122360783287184E-002
          13           9  0.28898874357990528     
          13          10  -2.0944027179160883E-009
          13          11  -5.6484300672715287E-002
          13          12  -9.3495973953403103E-003
          13          13  0.22319522590782809     
          13          14   1.4924103734906685E-011
          13          15  -8.8208666280440326E-011
          13          16  -1.6174439164730319E-011
          13          17   3.6269159153376631E-011
          13          18   9.0448135782002060E-012
          13          19  -7.1552297625180710E-010
          14           1   1.4238413181988711E-002
          14           2   9.8534621151808582E-004
          14           3   7.1081342972368014E-011
          14           4  -2.7838809735606231E-010
          14           5  -6.5785214481886270E-011
          14           6   4.2522161772032326E-003
          14           7  -1.7522937887950784E-010
          14           8   9.1773700300666313E-010
          14           9   3.7182755378773546E-011
          14          10   1.9237175937674347E-003
          14          11  -1.2736056371044034E-010
          14          12   7.2512010230078055E-010
          14          13   1.4924103734906685E-011
          14          14   1.3244953349756667E-003
          14          15   4.9725910867083330E-004
          14          16  -1.2058683347603771E-003
          14          17   7.8136100192372578E-004
          14          18   1.2933545629814590E-004
          14          19  -1.1011482392789206E-003
          15           1  -1.1795301532920260E-005
          15           2   3.3620495242486607E-005
          15           3   1.0065043754614050E-010
          15           4  -7.3027866564486260E-010
          15           5   4.3710640928174413E-011
          15           6   8.0286630884430620E-004
          15           7  -3.1601427263924281E-010
          15           8   2.0435101206487092E-009
          15           9  -1.0681218530861636E-010
          15          10   1.2099967513346226E-004
          15          11  -2.4044607247941495E-010
          15          12   1.5835383599397840E-009
          15          13  -8.8208666280440326E-011
          15          14   4.9725910867083330E-004
          15          15   2.0471733655306229E-004
          15          16  -5.4447004585297042E-004
          15          17   3.2167966378419792E-004
          15          18   5.3246305962041752E-005
          15          19  -5.0135767357111665E-004
          16           1   1.4298434708688953E-002
          16           2   8.1426539623488583E-004
          16           3  -5.2458455419764045E-011
          16           4   3.4791378503061509E-010
          16           5  -3.5266941056877620E-011
          16           6   1.6673263176282191E-004
          16           7   1.9160732310687785E-010
          16           8  -1.0140611248107358E-009
          16           9  -4.0458099510218356E-011
          16          10   1.3079957630591256E-003
          16          11   1.3975049618898532E-010
          16          12  -7.9836682775636394E-010
          16          13  -1.6174439164730319E-011
          16          14  -1.2058683347603771E-003
          16          15  -5.4447004585297042E-004
          16          16   1.5647339501072117E-003
          16          17  -8.5554523095200024E-004
          16          18  -1.4161487074939856E-004
          16          19   1.4500714770046609E-003
          17           1  -1.8534322211558605E-005
          17           2   5.2828831386905924E-005
          17           3   9.5772060103173381E-011
          17           4  -2.2017783752971687E-010
          17           5  -3.8698957727599252E-011
          17           6   1.2615730304352223E-003
          17           7  -1.3119361059499855E-010
          17           8   6.5769823577509968E-010
          17           9   5.8088847567641325E-011
          17          10   1.9013142872649751E-004
          17          11  -9.7537566582508378E-011
          17          12   5.1775256228754785E-010
          17          13   3.6269159153376631E-011
          17          14   7.8136100192372578E-004
          17          15   3.2167966378419792E-004
          17          16  -8.5554523095200024E-004
          17          17   5.0546674665971375E-004
          17          18   8.3667822608568933E-005
          17          19  -7.8780122033680726E-004
          18           1  -3.0679953215322141E-006
          18           2   8.7449487472632433E-006
          18           3   2.3126022959909529E-011
          18           4  -8.3580913909614874E-011
          18           5  -5.4275318193925403E-011
          18           6   2.0882203429498417E-004
          18           7  -5.6061966881925754E-011
          18           8   3.1042582765770452E-010
          18           9   1.2211206200930837E-011
          18          10   3.1471098349382604E-005
          18          11  -4.2505587421431070E-011
          18          12   2.4067387482159333E-010
          18          13   9.0448135782002060E-012
          18          14   1.2933545629814590E-004
          18          15   5.3246305962041752E-005
          18          16  -1.4161487074939856E-004
          18          17   8.3667822608568933E-005
          18          18   1.3849189064008192E-005
          18          19  -1.3040148450707518E-004
          19           1   1.4295950575720341E-002
          19           2   8.2134621702715811E-004
          19           3  -6.0995632818959363E-011
          19           4  -1.3271151094638589E-011
          19           5   3.3573510631535002E-010
          19           6   3.3581065550672071E-004
          19           7   2.2905055871481384E-010
          19           8   1.7650635294292516E-010
          19           9  -9.4385568302436058E-010
          19          10   1.3334768464648792E-003
          19          11   1.6913279414851776E-010
          19          12   1.2026061070933305E-010
          19          13  -7.1552297625180710E-010
          19          14  -1.1011482392789206E-003
          19          15  -5.0135767357111665E-004
          19          16   1.4500714770046609E-003
          19          17  -7.8780122033680726E-004
          19          18  -1.3040148450707518E-004
          19          19   1.3444882381040872E-003
