           1           1   2.1720250457053636     
           1           2 -0.67048692338828986     
           1           3  -1.5009296582851593E-013
           1           4   1.2222137348167312E-013
           1           5   8.6212000887222383E-015
           1           6  0.98843554443402504     
           1           7  -7.1737827982759112E-015
           1           8   1.1943131642617690E-014
           1           9  -2.0374598079842510E-014
           1          10 -0.15958353475014977     
           1          11   6.7501671459147334E-015
           1          12  -9.1896329875733231E-015
           1          13   5.1486895990858180E-015
           1          14 -0.28414769752010510     
           1          15   1.5121696378792673E-003
           1          16 -0.28557613456873754     
           1          17   1.7671825785633935E-003
           1          18   1.0307185137506862E-003
           1          19 -0.28530679041746138     
           2           1 -0.67048692338828986     
           2           2   2.6153324023756888     
           2           3   5.9839526339692939E-013
           2           4  -4.8917001433119050E-013
           2           5  -2.6084421347333248E-014
           2           6  -3.6844745192871939     
           2           7   3.6016972314753706E-014
           2           8  -3.6983377658335458E-014
           2           9   8.0427523715219934E-014
           2          10  0.59587373438574787     
           2          11  -3.9271474551549084E-014
           2          12   3.7694069372327398E-014
           2          13  -2.5531579063026079E-014
           2          14   1.0554599725985492     
           2          15  -5.8886961002567436E-003
           2          16   1.0610228216617537     
           2          17  -6.8817690800925908E-003
           2          18  -4.0138256866241260E-003
           2          19   1.0599738993771339     
           3           1  -1.5009296582851593E-013
           3           2   5.9839526339692939E-013
           3           3   2.1160010217919112     
           3           4  -1.5448475842067523E-002
           3           5  -1.8055223053006310E-002
           3           6  -4.5358160516303680E-013
           3           7 -0.34045142714328630     
           3           8   8.4093518142883281E-002
           3           9   9.8283302697952782E-002
           3          10   7.9476835942611979E-014
           3          11  0.13501760114363176     
           3          12  -1.7596134905651980E-002
           3          13  -2.0565274130961052E-002
           3          14   1.6188488808269816E-013
           3          15   3.2462310779033257E-015
           3          16   1.6820130449420603E-013
           3          17  -8.4256043860680769E-017
           3          18  -8.5708936389934469E-017
           3          19   1.7020311338284499E-013
           4           1   1.2222137348167312E-013
           4           2  -4.8917001433119050E-013
           4           3  -1.5448475842067523E-002
           4           4   2.1334930043037157     
           4           5  -1.0526135558468316E-002
           4           6   4.4786382461442949E-013
           4           7   8.4093518142879783E-002
           4           8 -0.43566873943847118     
           4           9   5.7298841686191052E-002
           4          10  -8.2756907425665811E-014
           4          11  -1.7596134905650693E-002
           4          12  0.15494133259760709     
           4          13  -1.1989487067652816E-002
           4          14  -1.6474961817468464E-013
           4          15  -2.9393562808592083E-015
           4          16  -1.5554681151111296E-013
           4          17  -1.2447485475138439E-015
           4          18  -1.4974915249663464E-016
           4          19  -1.6254813475691266E-013
           5           1   8.6212000887222383E-015
           5           2  -2.6084421347333248E-014
           5           3  -1.8055223053006310E-002
           5           4  -1.0526135558468316E-002
           5           5   2.1301971186423234     
           5           6   6.3151882911415262E-015
           5           7   9.8283302697950409E-002
           5           8   5.7298841686193008E-002
           5           9 -0.41772764133079021     
           5          10   9.4432306715527742E-017
           5          11  -2.0565274130959446E-002
           5          12  -1.1989487067654927E-002
           5          13  0.15118725036119990     
           5          14  -2.5168087981594425E-015
           5          15  -4.7797275903986979E-015
           5          16  -5.5601778782977541E-015
           5          17  -3.9315792028344806E-015
           5          18   5.1345106145572461E-015
           5          19  -1.2839977735866752E-015
           6           1  0.98843554443402504     
           6           2  -3.6844745192871939     
           6           3  -4.5358160516303680E-013
           6           4   4.4786382461442949E-013
           6           5   6.3151882911415262E-015
           6           6   18.624500430826618     
           6           7  -2.4505228794955283E-013
           6           8   2.1330495450338147E-013
           6           9  -8.3837835756139426E-014
           6          10  -2.9725361845934608     
           6          11   8.3825630473603284E-014
           6          12  -4.5652177991205879E-014
           6          13   4.3145836413536162E-014
           6          14  -4.5873514891280340     
           6          15   3.8667753346656682E-002
           6          16  -4.6239655217485529     
           6          17   4.5188975123870767E-002
           6          18   2.6355856058903390E-002
           6          19  -4.6170620027801030     
           7           1  -7.1737827982759112E-015
           7           2   3.6016972314753706E-014
           7           3 -0.34045142714328630     
           7           4   8.4093518142879783E-002
           7           5   9.8283302697950409E-002
           7           6  -2.4505228794955283E-013
           7           7  0.65818165159423736     
           7           8 -0.45828114237934214     
           7           9 -0.53561065385224749     
           7          10   2.7737320399166269E-014
           7          11 -0.14406689894120381     
           7          12   9.5228744345599387E-002
           7          13  0.11129746635364515     
           7          14   4.7389562495327344E-014
           7          15  -3.3251916763880114E-015
           7          16   4.7267999170065288E-014
           7          17  -2.6652441280902683E-015
           7          18  -4.4143033773234073E-016
           7          19   4.5458837650312858E-014
           8           1   1.1943131642617690E-014
           8           2  -3.6983377658335458E-014
           8           3   8.4093518142883281E-002
           8           4 -0.43566873943847118     
           8           5   5.7298841686193008E-002
           8           6   2.1330495450338147E-013
           8           7 -0.45828114237934214     
           8           8   1.1770836979897727     
           8           9 -0.31225924666806948     
           8          10  -1.8862366031367872E-014
           8          11   9.5228744345598221E-002
           8          12 -0.25189239239279254     
           8          13   6.4886056223297989E-002
           8          14  -3.1871554819138553E-014
           8          15   7.4799909647727387E-016
           8          16  -3.4302934451206178E-014
           8          17   3.0174437510469948E-015
           8          18   6.4586820399408817E-016
           8          19  -4.0746511133816344E-014
           9           1  -2.0374598079842510E-014
           9           2   8.0427523715219934E-014
           9           3   9.8283302697952782E-002
           9           4   5.7298841686191052E-002
           9           5 -0.41772764133079021     
           9           6  -8.3837835756139426E-014
           9           7 -0.53561065385224749     
           9           8 -0.31225924666806948     
           9           9   1.0793108004119194     
           9          10   1.0798669436641226E-014
           9          11  0.11129746635364099     
           9          12   6.4886056223298821E-002
           9          13 -0.23157562740650361     
           9          14   2.1641231559955340E-014
           9          15   3.4809541471591655E-015
           9          16   2.4151171626923482E-014
           9          17   2.9904770509810912E-016
           9          18  -1.2008006189186646E-015
           9          19   3.1502276236551875E-014
          10           1 -0.15958353475014977     
          10           2  0.59587373438574787     
          10           3   7.9476835942611979E-014
          10           4  -8.2756907425665811E-014
          10           5   9.4432306715527742E-017
          10           6  -2.9725361845934608     
          10           7   2.7737320399166269E-014
          10           8  -1.8862366031367872E-014
          10           9   1.0798669436641226E-014
          10          10  0.49304347166480600     
          10          11  -1.1802038341514212E-014
          10          12   4.5200972843992027E-015
          10          13  -5.6113804315007014E-015
          10          14  0.75320027409593582     
          10          15  -3.9421421470877760E-003
          10          16  0.75693252558916269     
          10          17  -4.6069731302874079E-003
          10          18  -2.6869595314313864E-003
          10          19  0.75622881317205104     
          11           1   6.7501671459147334E-015
          11           2  -3.9271474551549084E-014
          11           3  0.13501760114363176     
          11           4  -1.7596134905650693E-002
          11           5  -2.0565274130959446E-002
          11           6   8.3825630473603284E-014
          11           7 -0.14406689894120381     
          11           8   9.5228744345598221E-002
          11           9  0.11129746635364099     
          11          10  -1.1802038341514212E-014
          11          11   3.3515824730996270E-002
          11          12  -1.9794039716124364E-002
          11          13  -2.3134049329820633E-002
          11          14  -2.1758498095542288E-014
          11          15   7.0439257461865835E-016
          11          16  -2.1551432060862980E-014
          11          17   4.9422626284717712E-016
          11          18   6.6147950695385275E-017
          11          19  -2.1114401285988774E-014
          12           1  -9.1896329875733231E-015
          12           2   3.7694069372327398E-014
          12           3  -1.7596134905651980E-002
          12           4  0.15494133259760709     
          12           5  -1.1989487067654927E-002
          12           6  -4.5652177991205879E-014
          12           7   9.5228744345599387E-002
          12           8 -0.25189239239279254     
          12           9   6.4886056223298821E-002
          12          10   4.5200972843992027E-015
          12          11  -1.9794039716124364E-002
          12          12   5.5928197323517420E-002
          12          13  -1.3487074545953763E-002
          12          14   8.5449050283291022E-015
          12          15  -1.5881711376151235E-016
          12          16   9.2180247203089903E-015
          12          17  -5.7188941085182386E-016
          12          18  -1.0057272539459269E-016
          12          19   1.0367150976213868E-014
          13           1   5.1486895990858180E-015
          13           2  -2.5531579063026079E-014
          13           3  -2.0565274130961052E-002
          13           4  -1.1989487067652816E-002
          13           5  0.15118725036119990     
          13           6   4.3145836413536162E-014
          13           7  0.11129746635364515     
          13           8   6.4886056223297989E-002
          13           9 -0.23157562740650361     
          13          10  -5.6113804315007014E-015
          13          11  -2.3134049329820633E-002
          13          12  -1.3487074545953763E-002
          13          13   5.1705198734118482E-002
          13          14  -1.0564289727852910E-014
          13          15  -7.3377143183224475E-016
          13          16  -1.1313532557439060E-014
          13          17   3.7823971881569699E-020
          13          18   4.7997314237802023E-016
          13          19  -1.2607921582507178E-014
          14           1 -0.28414769752010510     
          14           2   1.0554599725985492     
          14           3   1.6188488808269816E-013
          14           4  -1.6474961817468464E-013
          14           5  -2.5168087981594425E-015
          14           6  -4.5873514891280340     
          14           7   4.7389562495327344E-014
          14           8  -3.1871554819138553E-014
          14           9   2.1641231559955340E-014
          14          10  0.75320027409593582     
          14          11  -2.1758498095542288E-014
          14          12   8.5449050283291022E-015
          14          13  -1.0564289727852910E-014
          14          14   1.1653747803943606     
          14          15  -6.9424093528240765E-003
          14          16   1.1719472744082902     
          14          17  -8.1132259202473453E-003
          14          18  -4.7319404182503523E-003
          14          19   1.1707080358034296     
          15           1   1.5121696378792673E-003
          15           2  -5.8886961002567436E-003
          15           3   3.2462310779033257E-015
          15           4  -2.9393562808592083E-015
          15           5  -4.7797275903986979E-015
          15           6   3.8667753346656682E-002
          15           7  -3.3251916763880114E-015
          15           8   7.4799909647727387E-016
          15           9   3.4809541471591655E-015
          15          10  -3.9421421470877760E-003
          15          11   7.0439257461865835E-016
          15          12  -1.5881711376151235E-016
          15          13  -7.3377143183224475E-016
          15          14  -6.9424093528240765E-003
          15          15   3.4762946774451951E-004
          15          16  -7.2716428203042742E-003
          15          17   4.0625653670406923E-004
          15          18   2.3694295325825279E-004
          15          19  -7.2095666480680408E-003
          16           1 -0.28557613456873754     
          16           2   1.0610228216617537     
          16           3   1.6820130449420603E-013
          16           4  -1.5554681151111296E-013
          16           5  -5.5601778782977541E-015
          16           6  -4.6239655217485529     
          16           7   4.7267999170065288E-014
          16           8  -3.4302934451206178E-014
          16           9   2.4151171626923482E-014
          16          10  0.75693252558916269     
          16          11  -2.1551432060862980E-014
          16          12   9.2180247203089903E-015
          16          13  -1.1313532557439060E-014
          16          14   1.1719472744082902     
          16          15  -7.2716428203042742E-003
          16          16   1.1788315795502657     
          16          17  -8.4979840056977618E-003
          16          18  -4.9563447247257687E-003
          16          19   1.1775335497137771     
          17           1   1.7671825785633935E-003
          17           2  -6.8817690800925908E-003
          17           3  -8.4256043860680769E-017
          17           4  -1.2447485475138439E-015
          17           5  -3.9315792028344806E-015
          17           6   4.5188975123870767E-002
          17           7  -2.6652441280902683E-015
          17           8   3.0174437510469948E-015
          17           9   2.9904770509810912E-016
          17          10  -4.6069731302874079E-003
          17          11   4.9422626284717712E-016
          17          12  -5.7188941085182386E-016
          17          13   3.7823971881569699E-020
          17          14  -8.1132259202473453E-003
          17          15   4.0625653670406923E-004
          17          16  -8.4979840056977618E-003
          17          17   4.7477095277974861E-004
          17          18   2.7690294557070077E-004
          17          19  -8.4254388013364403E-003
          18           1   1.0307185137506862E-003
          18           2  -4.0138256866241260E-003
          18           3  -8.5708936389934469E-017
          18           4  -1.4974915249663464E-016
          18           5   5.1345106145572461E-015
          18           6   2.6355856058903390E-002
          18           7  -4.4143033773234073E-016
          18           8   6.4586820399408817E-016
          18           9  -1.2008006189186646E-015
          18          10  -2.6869595314313864E-003
          18          11   6.6147950695385275E-017
          18          12  -1.0057272539459269E-016
          18          13   4.7997314237802023E-016
          18          14  -4.7319404182503523E-003
          18          15   2.3694295325825279E-004
          18          16  -4.9563447247257687E-003
          18          17   2.7690294557070077E-004
          18          18   1.6149943635895925E-004
          18          19  -4.9140338366867806E-003
          19           1 -0.28530679041746138     
          19           2   1.0599738993771339     
          19           3   1.7020311338284499E-013
          19           4  -1.6254813475691266E-013
          19           5  -1.2839977735866752E-015
          19           6  -4.6170620027801030     
          19           7   4.5458837650312858E-014
          19           8  -4.0746511133816344E-014
          19           9   3.1502276236551875E-014
          19          10  0.75622881317205104     
          19          11  -2.1114401285988774E-014
          19          12   1.0367150976213868E-014
          19          13  -1.2607921582507178E-014
          19          14   1.1707080358034296     
          19          15  -7.2095666480680408E-003
          19          16   1.1775335497137771     
          19          17  -8.4254388013364403E-003
          19          18  -4.9140338366867806E-003
          19          19   1.1762466048213667     
