           1           1   2.1384214649176307     
           1           2 -0.54828984125161750     
           1           3  -8.1778100725730142E-003
           1           4   7.2961219783217818E-002
           1           5   4.7275474999840868E-002
           1           6   1.3606189491702035E-011
           1           7  -4.8337595407217977E-012
           1           8  -1.3170223275197414E-011
           1           9  -2.0495497148088405E-012
           1          10  -2.4636332611689072E-012
           1          11   5.1380379940465802E-012
           1          12  -1.3208080945987054E-011
           1          13  -4.9940431720487696E-012
           1          14   2.5904018026588766E-011
           1          15  -1.7515566636464281E-011
           1          16  -6.8021613475661654E-012
           1          17   2.4033562279250457E-011
           1          18   1.1748321241671221E-003
           1          19   2.1703903375828223E-005
           1          20   1.1673912900128677E-003
           1          21   1.0663406967519420E-005
           1          22   8.7596202919190680E-006
           1          23   1.1556780642737149E-003
           1          24   6.3575185227776870E-006
           1          25   6.0552678435543076E-004
           1          26  -2.0123764652532291E-004
           1          27   2.9750305811177859E-004
           1          28   2.4438853654297152E-004
           1          29  -5.2803066261291167E-004
           1          30   1.8831405783057392E-012
           1          31   4.9924243059043545E-012
           1          32   8.7996836571717803E-013
           1          33   3.8068246896919333E-014
           1          34  -5.2467451273144316E-013
           1          35  -4.3422977426708725E-012
           1          36  -5.5862221104801788E-013
           1          37  -6.4526550144084745E-012
           1          38  -4.2881405084172451E-012
           1          39   4.8893437864071232E-012
           2           1 -0.54828984125161750     
           2           2   2.1770620521299349     
           2           3   1.9298620341967408E-002
           2           4 -0.32033122396611258     
           2           5 -0.20595603796149803     
           2           6  -1.8936041078218099E-011
           2           7  -3.4937880626149411E-011
           2           8   5.9328253532461572E-011
           2           9   1.4040454899998229E-011
           2          10  -1.2000792932313899E-012
           2          11  -1.6765573469369367E-011
           2          12   7.3480329999596166E-011
           2          13   2.6256575110280267E-011
           2          14  -1.2794626329808852E-010
           2          15   8.4168711857796342E-011
           2          16   3.4684951340743416E-011
           2          17  -1.0720569986311788E-010
           2          18  -4.8504825279607842E-004
           2          19   9.2813104778552771E-005
           2          20  -5.1686776519541100E-004
           2          21   4.5600270437662956E-005
           2          22   3.7459067856212506E-005
           2          23  -5.6695763954387217E-004
           2          24   1.2456995862221839E-003
           2          25  -2.4650564707227110E-003
           2          26   2.0908047203556965E-003
           2          27  -1.2111137892862629E-003
           2          28  -9.9488834253475033E-004
           2          29   3.4211557595388636E-003
           2          30  -1.1379839803306428E-011
           2          31  -2.1530938885898459E-011
           2          32  -5.2027000313727885E-012
           2          33  -2.9882859924468812E-013
           2          34   4.0887890484419434E-012
           2          35   1.8789951004216687E-011
           2          36   4.2220853710331782E-012
           2          37   2.6386033542104727E-011
           2          38   1.8444313257999215E-011
           2          39  -1.7161310301318131E-011
           3           1  -8.1778100725730142E-003
           3           2   1.9298620341967408E-002
           3           3   2.9895255611076171E-002
           3           4  0.12919955378477013     
           3           5   8.7190582354920568E-002
           3           6  -5.4842742843639944E-011
           3           7   8.8822441874817831E-011
           3           8  -5.1105080389479215E-011
           3           9  -1.3201075608947878E-011
           3          10   2.0100885529600149E-011
           3          11  -1.9426198295578346E-012
           3          12  -1.4247718982709015E-011
           3          13   1.4508706835132842E-011
           3          14   9.8504629312059598E-011
           3          15  -4.3875688997193396E-012
           3          16   1.4814702331639366E-011
           3          17   7.3920837376111089E-011
           3          18   9.8415799538515173E-004
           3          19  -6.9902941601441811E-004
           3          20   1.2238091092398908E-003
           3          21  -3.4344213280369405E-004
           3          22  -2.8212592435071309E-004
           3          23   1.6010642033674925E-003
           3          24   2.2698442508503939E-003
           3          25   9.6677127000714246E-004
           3          26   1.9384022268772996E-003
           3          27   4.7498709863959829E-004
           3          28   3.9018556005677800E-004
           3          29   1.4166515748637674E-003
           3          30   7.1627919514118038E-012
           3          31   9.8652492594331852E-012
           3          32   3.4579402605603090E-012
           3          33  -2.2840554872391143E-013
           3          34  -3.5437847263911505E-012
           3          35  -8.1443364064535431E-012
           3          36  -3.6903929032722066E-012
           3          37  -1.0959049744087757E-011
           3          38  -8.4297468963832492E-012
           3          39   3.2725184243838734E-012
           4           1   7.2961219783217818E-002
           4           2 -0.32033122396611258     
           4           3  0.12919955378477013     
           4           4  0.63563948700837147     
           4           5  0.42681143354388484     
           4           6   2.8945488062709115E-010
           4           7  -2.6705868202441145E-010
           4           8  -1.1476191410418100E-010
           4           9   4.6071319597695017E-011
           4          10  -6.2372793925235911E-011
           4          11   6.5433230339127602E-012
           4          12  -1.3906318764710742E-010
           4          13  -4.2474641303950819E-011
           4          14   2.8751159700915072E-010
           4          15  -1.5108938832569779E-010
           4          16  -5.2384899698157829E-011
           4          17   2.3005526363388581E-010
           4          18   5.1606862764583886E-003
           4          19  -1.8352051445938277E-003
           4          20   5.7898571581496347E-003
           4          21  -9.0165988869870314E-004
           4          22  -7.4068263750098635E-004
           4          23   6.7802881445327050E-003
           4          24   1.1141525626325560E-002
           4          25   7.2069696837000312E-003
           4          26   8.6707313340188205E-003
           4          27   3.5408764538028548E-003
           4          28   2.9087083236321882E-003
           4          29   4.7812459779868286E-003
           4          30   3.5218971758596770E-011
           4          31   4.8827414359477147E-011
           4          32   1.6287771782033242E-011
           4          33   2.1137105179535701E-012
           4          34  -1.6178720817896809E-011
           4          35  -4.1345064307610458E-011
           4          36  -1.6518957456912576E-011
           4          37  -5.4069542810639515E-011
           4          38  -4.0264240317869176E-011
           4          39   2.1544970533746475E-011
           5           1   4.7275474999840868E-002
           5           2 -0.20595603796149803     
           5           3   8.7190582354920568E-002
           5           4  0.42681143354388484     
           5           5  0.28666295985592599     
           5           6   2.1011398934138980E-010
           5           7  -1.1562881710338331E-010
           5           8  -3.0917571465033504E-011
           5           9   2.0135863235210575E-011
           5          10  -3.9521783258291455E-011
           5          11   1.0055600241191942E-011
           5          12  -2.5529554476688307E-010
           5          13  -1.5614041736897654E-010
           5          14   1.4720063283627419E-010
           5          15  -2.7833285068361668E-010
           5          16  -1.7823355119220002E-010
           5          17   9.2291894217346533E-011
           5          18   3.3892127376661876E-003
           5          19  -1.4004280196364960E-003
           5          20   3.8693272015741706E-003
           5          21  -6.8804829082395186E-004
           5          22  -5.6520804803613474E-004
           5          23   4.6251159302015468E-003
           5          24   7.3531631914431749E-003
           5          25   4.5354572279383328E-003
           5          26   5.7982542439791607E-003
           5          27   2.2283281886918711E-003
           5          28   1.8304950192199023E-003
           5          29   3.3505412199473818E-003
           5          30   2.6761875437521914E-011
           5          31   3.2028976550512216E-011
           5          32   1.1272180968492856E-011
           5          33   4.5323151298461691E-012
           5          34  -1.1312819221421839E-011
           5          35  -2.8916068908900616E-011
           5          36  -1.1091431126510259E-011
           5          37  -3.4234350770432105E-011
           5          38  -2.5423036267208221E-011
           5          39   1.6132827877417094E-011
           6           1   1.3606189491702035E-011
           6           2  -1.8936041078218099E-011
           6           3  -5.4842742843639944E-011
           6           4   2.8945488062709115E-010
           6           5   2.1011398934138980E-010
           6           6   1.5663412839220250     
           6           7   1.5692610633437482E-002
           6           8   7.7099818299777613E-003
           6           9  0.32900817370729785     
           6          10  -3.0746880451057754E-003
           6          11  -1.5106333184586645E-003
           6          12  -2.6317639997506106E-002
           6          13  -3.8411917676217509E-002
           6          14  -1.8872266091321924E-002
           6          15  -5.4048541729516626E-002
           6          16  -4.2890268914500346E-002
           6          17  -2.1072537053048429E-002
           6          18  -1.2416356792711531E-010
           6          19   6.4262990148979251E-012
           6          20  -1.1889413638664249E-010
           6          21   1.3082555799775590E-011
           6          22  -3.5720458566409540E-011
           6          23  -9.9692871824763465E-011
           6          24  -9.6451764782898737E-011
           6          25  -1.3310506966994207E-010
           6          26  -5.1478836013464678E-011
           6          27   4.0214363100900875E-011
           6          28   4.9286232603748403E-011
           6          29  -9.8822672975314597E-012
           6          30  -1.5032656666712212E-003
           6          31  -5.1560007848875137E-004
           6          32  -9.1305231278745644E-004
           6          33   1.0377449417656296E-003
           6          34  -2.5332091026431110E-004
           6          35  -4.4630117524519696E-004
           6          36   5.9191064363976032E-005
           6          37  -3.1626400796177807E-004
           6          38   5.1148482471309142E-004
           6          39   6.5304655882235396E-004
           7           1  -4.8337595407217977E-012
           7           2  -3.4937880626149411E-011
           7           3   8.8822441874817831E-011
           7           4  -2.6705868202441145E-010
           7           5  -1.1562881710338331E-010
           7           6   1.5692610633437482E-002
           7           7   1.5601290393296527     
           7           8   6.3334853144691502E-003
           7           9  -3.0746880624388327E-003
           7          10  0.33022535220332472     
           7          11  -1.2409336043101588E-003
           7          12  -3.8411917457601932E-002
           7          13  -1.1111489053088888E-002
           7          14  -1.5502918303607283E-002
           7          15  -4.2890268940299271E-002
           7          16  -3.7069543126925737E-002
           7          17  -1.7310365731803182E-002
           7          18   8.2480772319456638E-011
           7          19  -5.1816102061207185E-011
           7          20   1.1777570648261126E-010
           7          21   2.2835172309815894E-011
           7          22   8.2114311701899988E-011
           7          23   1.6030531630629960E-010
           7          24  -4.2987063886329780E-011
           7          25   4.3392834586163297E-011
           7          26   3.3596088922191278E-011
           7          27   7.1851743972471818E-011
           7          28   5.8749839489180547E-011
           7          29   1.3276190697464186E-010
           7          30   8.5260684825474368E-004
           7          31  -1.2415245531390447E-003
           7          32  -2.6721147110701543E-004
           7          33  -1.5171144273030505E-003
           7          34  -5.1625446792615920E-005
           7          35  -4.0238304455390470E-004
           7          36  -1.0784576605760073E-004
           7          37   5.1148483661433248E-004
           7          38  -5.1874588310435075E-004
           7          39   5.3645500030863368E-004
           8           1  -1.3170223275197414E-011
           8           2   5.9328253532461572E-011
           8           3  -5.1105080389479215E-011
           8           4  -1.1476191410418100E-010
           8           5  -3.0917571465033504E-011
           8           6   7.7099818299777613E-003
           8           7   6.3334853144691502E-003
           8           8   1.5503498217268823     
           8           9  -1.5106334146067148E-003
           8          10  -1.2409335254481321E-003
           8          11  0.33214141645250317     
           8          12  -1.8872265733700318E-002
           8          13  -1.5502918448107189E-002
           8          14   1.2825800699297906E-002
           8          15  -2.1072536838695140E-002
           8          16  -1.7310365633204573E-002
           8          17  -1.0341463352875174E-002
           8          18   1.8033038829887859E-011
           8          19   1.5616455027611359E-011
           8          20   2.6259505951341017E-011
           8          21   2.8373528370427843E-011
           8          22   2.4996148608392540E-011
           8          23   1.1095565426670190E-011
           8          24  -1.6736196803199990E-011
           8          25   3.1335908965902499E-011
           8          26  -9.4951011601528024E-012
           8          27   4.5747375877766927E-011
           8          28   4.5617943151973986E-011
           8          29   9.0960346214054226E-012
           8          30   4.1889669495046066E-004
           8          31  -5.1625387427148842E-005
           8          32   5.9191051737881743E-005
           8          33   4.1883030012951935E-004
           8          34  -1.1618122763409188E-003
           8          35  -3.6749680809350328E-004
           8          36  -1.0358218687685574E-003
           8          37   6.0823591197381289E-005
           8          38   4.9964477962475545E-005
           8          39  -1.8359062100555936E-003
           9           1  -2.0495497148088405E-012
           9           2   1.4040454899998229E-011
           9           3  -1.3201075608947878E-011
           9           4   4.6071319597695017E-011
           9           5   2.0135863235210575E-011
           9           6  0.32900817370729785     
           9           7  -3.0746880624388327E-003
           9           8  -1.5106334146067148E-003
           9           9   7.0263430730907045E-002
           9          10  -1.0667549600741574E-003
           9          11  -5.2411036054189598E-004
           9          12   7.4974764274889447E-003
           9          13   2.5475307258769593E-003
           9          14   1.2516342950314558E-003
           9          15   3.2543652017361846E-003
           9          16   2.9978279982930231E-003
           9          17   1.4728711871445177E-003
           9          18  -1.7439440872589199E-011
           9          19   9.3926438367182118E-012
           9          20  -2.3990151350084267E-011
           9          21  -3.0282793416655864E-012
           9          22  -1.3611215018706999E-011
           9          23  -2.9473618403472405E-011
           9          24   2.7347828509039095E-012
           9          25  -1.0684136262241131E-011
           9          26  -6.1174140505885162E-012
           9          27  -6.9410952613340454E-012
           9          28  -5.1204347177713055E-012
           9          29  -1.9845328348369092E-011
           9          30  -5.7015427527673892E-004
           9          31  -5.3920734671004092E-005
           9          32  -2.1455598785909743E-004
           9          33  -3.3262449567112346E-005
           9          34  -2.6491932764552942E-005
           9          35   7.3005464242762196E-006
           9          36   5.3901551063235379E-006
           9          37  -2.2431817722723507E-004
           9          38  -1.8440092610213355E-005
           9          39  -2.7112613993590190E-005
          10           1  -2.4636332611689072E-012
          10           2  -1.2000792932313899E-012
          10           3   2.0100885529600149E-011
          10           4  -6.2372793925235911E-011
          10           5  -3.9521783258291455E-011
          10           6  -3.0746880451057754E-003
          10           7  0.33022535220332472     
          10           8  -1.2409335254481321E-003
          10           9  -1.0667549600741574E-003
          10          10   7.0685727631541045E-002
          10          11  -4.3053871206349351E-004
          10          12   2.5475307865675508E-003
          10          13   6.4889838415041921E-003
          10          14   1.0281747125836607E-003
          10          15   2.9978280186200618E-003
          10          16   2.0676131012044995E-003
          10          17   1.2099131481815048E-003
          10          18   2.4337551530124747E-011
          10          19  -6.5493138591037001E-012
          10          20   2.6291636730637360E-011
          10          21  -8.8071532979505709E-013
          10          22   1.1946013612668614E-011
          10          23   2.8625194986702074E-011
          10          24   8.2658308003370807E-012
          10          25   2.0384869424445021E-011
          10          26   1.0763134497994691E-011
          10          27   8.5533674692893285E-013
          10          28  -1.7492757189943926E-012
          10          29   1.5402307921110749E-011
          10          30  -1.9336764347667739E-005
          10          31  -2.2009377593929674E-004
          10          32  -7.2604030695480159E-005
          10          33  -5.3694895451624467E-004
          10          34   1.1968320884925352E-005
          10          35  -1.7121727383321897E-006
          10          36  -2.9302751558216487E-005
          10          37  -1.8440097003758602E-005
          10          38  -2.1701828742921994E-004
          10          39  -2.2272152805098699E-005
          11           1   5.1380379940465802E-012
          11           2  -1.6765573469369367E-011
          11           3  -1.9426198295578346E-012
          11           4   6.5433230339127602E-012
          11           5   1.0055600241191942E-011
          11           6  -1.5106333184586645E-003
          11           7  -1.2409336043101588E-003
          11           8  0.33214141645250317     
          11           9  -5.2411036054189598E-004
          11          10  -4.3053871206349351E-004
          11          11   7.1350501019293786E-002
          11          12   1.2516343489205025E-003
          11          13   1.0281746551545727E-003
          11          14   4.9014300763365534E-003
          11          15   1.4728711652839377E-003
          11          16   1.2099131033158842E-003
          11          17   1.9944604379023862E-004
          11          18   3.6380890104293550E-012
          11          19  -1.6650314107523118E-012
          11          20   5.1372062729006979E-012
          11          21  -3.1993242911660439E-013
          11          22  -3.6154232401722050E-013
          11          23   2.4593286573094952E-012
          11          24  -1.4354255265191890E-012
          11          25  -9.7607322048220480E-013
          11          26  -2.2359182811279909E-012
          11          27  -3.7976974717399120E-012
          11          28  -2.5668158948304837E-012
          11          29   6.7318918025814139E-013
          11          30  -9.5003852543887752E-006
          11          31   1.1968322065085556E-005
          11          32   5.3901345535212155E-006
          11          33  -1.3424611026872924E-005
          11          34  -2.3857344956194112E-004
          11          35  -3.7445746993253764E-005
          11          36  -2.2573577373053756E-004
          11          37  -5.0121272621450754E-005
          11          38  -4.1172905136820982E-005
          11          39  -4.6233846572843441E-004
          12           1  -1.3208080945987054E-011
          12           2   7.3480329999596166E-011
          12           3  -1.4247718982709015E-011
          12           4  -1.3906318764710742E-010
          12           5  -2.5529554476688307E-010
          12           6  -2.6317639997506106E-002
          12           7  -3.8411917457601932E-002
          12           8  -1.8872265733700318E-002
          12           9   7.4974764274889447E-003
          12          10   2.5475307865675508E-003
          12          11   1.2516343489205025E-003
          12          12  0.14949145143216966     
          12          13  0.12258010984899786     
          12          14   6.0225173421728666E-002
          12          15  0.16795805678752435     
          12          16  0.13799170770680408     
          12          17   6.7797088802127856E-002
          12          18   1.0516396953465309E-010
          12          19   9.3844811240898544E-011
          12          20   1.6795224494841235E-011
          12          21  -6.5259940850352236E-011
          12          22  -6.7270011911026590E-011
          12          23  -9.3717810167584249E-011
          12          24   2.6779675035270903E-010
          12          25   2.0656426629226993E-010
          12          26   5.6544288098300625E-011
          12          27  -1.7372778736193208E-010
          12          28  -1.7553001849427106E-010
          12          29  -2.0295494986406226E-010
          12          30  -2.9305726171493002E-003
          12          31   6.0322538215977820E-004
          12          32  -2.6679135971227342E-004
          12          33  -2.9879426120178777E-003
          12          34   2.9637249622563674E-004
          12          35   1.1679841367357138E-003
          12          36  -1.0202846473161400E-004
          12          37  -1.8286049180765524E-003
          12          38  -1.4919005749793165E-003
          12          39  -1.9383055438897154E-003
          13           1  -4.9940431720487696E-012
          13           2   2.6256575110280267E-011
          13           3   1.4508706835132842E-011
          13           4  -4.2474641303950819E-011
          13           5  -1.5614041736897654E-010
          13           6  -3.8411917676217509E-002
          13           7  -1.1111489053088888E-002
          13           8  -1.5502918448107189E-002
          13           9   2.5475307258769593E-003
          13          10   6.4889838415041921E-003
          13          11   1.0281746551545727E-003
          13          12  0.12258010984899786     
          13          13  0.10096558392281704     
          13          14   4.9472912617495701E-002
          13          15  0.13799170782668133     
          13          16  0.11333118989557722     
          13          17   5.5692981175448950E-002
          13          18   7.6681277638433591E-011
          13          19   5.1574777232241446E-011
          13          20   1.2992906648842313E-011
          13          21  -6.5597120804514717E-011
          13          22  -6.3738441239983128E-011
          13          23  -6.4085229243790600E-011
          13          24   1.9810704737218235E-010
          13          25   1.2656835676021041E-010
          13          26   4.0587857775421456E-011
          13          27  -1.6439447077944179E-010
          13          28  -1.6218423960999343E-010
          13          29  -1.4731218896635649E-010
          13          30  -2.3798738827797848E-003
          13          31   4.8460327168870409E-004
          13          32  -2.1258423812741951E-004
          13          33  -2.4857809360318245E-003
          13          34   2.4544505200007596E-004
          13          35   9.5900514056382802E-004
          13          36  -8.5798104240677390E-005
          13          37  -1.4919006520245461E-003
          13          38  -1.2380051773161495E-003
          13          39  -1.5922514724047894E-003
          14           1   2.5904018026588766E-011
          14           2  -1.2794626329808852E-010
          14           3   9.8504629312059598E-011
          14           4   2.8751159700915072E-010
          14           5   1.4720063283627419E-010
          14           6  -1.8872266091321924E-002
          14           7  -1.5502918303607283E-002
          14           8   1.2825800699297906E-002
          14           9   1.2516342950314558E-003
          14          10   1.0281747125836607E-003
          14          11   4.9014300763365534E-003
          14          12   6.0225173421728666E-002
          14          13   4.9472912617495701E-002
          14          14   2.4576905278549676E-002
          14          15   6.7797088336377848E-002
          14          16   5.5692980742874418E-002
          14          17   2.7338411768868146E-002
          14          18  -5.8886454192779112E-012
          14          19  -6.2480609614880013E-011
          14          20  -7.0094306130592637E-012
          14          21  -7.5416456281232444E-011
          14          22  -6.7189778296085711E-011
          14          23   2.3313167733934682E-012
          14          24   1.8145074657191966E-011
          14          25  -9.8604215747267480E-011
          14          26  -4.4787877596948121E-012
          14          27  -1.5968778246225954E-010
          14          28  -1.4440409669855467E-010
          14          29  -1.0363526419135347E-011
          14          30  -1.1692624303292463E-003
          14          31   2.4544491951520637E-004
          14          32  -1.0202866919749019E-004
          14          33  -1.2059234075119389E-003
          14          34   1.0562397175206147E-004
          14          35   4.6901710273231572E-004
          14          36  -5.5171047291325977E-005
          14          37  -7.3540652434519560E-004
          14          38  -6.0411118468488463E-004
          14          39  -8.1015503897851173E-004
          15           1  -1.7515566636464281E-011
          15           2   8.4168711857796342E-011
          15           3  -4.3875688997193396E-012
          15           4  -1.5108938832569779E-010
          15           5  -2.7833285068361668E-010
          15           6  -5.4048541729516626E-002
          15           7  -4.2890268940299271E-002
          15           8  -2.1072536838695140E-002
          15           9   3.2543652017361846E-003
          15          10   2.9978280186200618E-003
          15          11   1.4728711652839377E-003
          15          12  0.16795805678752435     
          15          13  0.13799170782668133     
          15          14   6.7797088336377848E-002
          15          15  0.18909901120453942     
          15          16  0.15533655520378092     
          15          17   7.6318833953169130E-002
          15          18   1.0670948291087840E-010
          15          19   7.9769807065714974E-011
          15          20   1.6275741107327694E-011
          15          21  -8.5740054846070262E-011
          15          22  -8.4982483085101704E-011
          15          23  -9.4222490411211065E-011
          15          24   2.7739818829402094E-010
          15          25   1.8631084757944103E-010
          15          26   5.6160508845588909E-011
          15          27  -2.1860116671077827E-010
          15          28  -2.1661342730894998E-010
          15          29  -2.0976551697398182E-010
          15          30  -3.2568525841914510E-003
          15          31   6.8418653335337062E-004
          15          32  -2.8355397143879239E-004
          15          33  -3.3618739040578941E-003
          15          34   3.3614976323336897E-004
          15          35   1.3152317091293282E-003
          15          36  -1.1494901602415885E-004
          15          37  -2.0422651150761814E-003
          15          38  -1.6785644020521091E-003
          15          39  -2.1807492415695899E-003
          16           1  -6.8021613475661654E-012
          16           2   3.4684951340743416E-011
          16           3   1.4814702331639366E-011
          16           4  -5.2384899698157829E-011
          16           5  -1.7823355119220002E-010
          16           6  -4.2890268914500346E-002
          16           7  -3.7069543126925737E-002
          16           8  -1.7310365633204573E-002
          16           9   2.9978279982930231E-003
          16          10   2.0676131012044995E-003
          16          11   1.2099131033158842E-003
          16          12  0.13799170770680408     
          16          13  0.11333118989557722     
          16          14   5.5692980742874418E-002
          16          15  0.15533655520378092     
          16          16  0.12760582816621066     
          16          17   6.2693302234612086E-002
          16          18   8.1694588248915245E-011
          16          19   5.3298852263839405E-011
          16          20   1.1585684818953949E-011
          16          21  -7.6487894967602830E-011
          16          22  -7.4903903354260330E-011
          16          23  -7.2580514858233524E-011
          16          24   2.1737221145268900E-010
          16          25   1.3094773048397766E-010
          16          26   4.3101330511679940E-011
          16          27  -1.9038928251972181E-010
          16          28  -1.8680925439938032E-010
          16          29  -1.6359358451719949E-010
          16          30  -2.6778740579984179E-003
          16          31   5.6300212222029254E-004
          16          32  -2.3349534155816870E-004
          16          33  -2.7588504301221213E-003
          16          34   2.7594655258349188E-004
          16          35   1.0804608831228243E-003
          16          36  -9.4237731849901318E-005
          16          37  -1.6785644873115876E-003
          16          38  -1.3777706307628802E-003
          16          39  -1.7914106412451919E-003
          17           1   2.4033562279250457E-011
          17           2  -1.0720569986311788E-010
          17           3   7.3920837376111089E-011
          17           4   2.3005526363388581E-010
          17           5   9.2291894217346533E-011
          17           6  -2.1072537053048429E-002
          17           7  -1.7310365731803182E-002
          17           8  -1.0341463352875174E-002
          17           9   1.4728711871445177E-003
          17          10   1.2099131481815048E-003
          17          11   1.9944604379023862E-004
          17          12   6.7797088802127856E-002
          17          13   5.5692981175448950E-002
          17          14   2.7338411768868146E-002
          17          15   7.6318833953169130E-002
          17          16   6.2693302234612086E-002
          17          17   3.0804200706411419E-002
          17          18   1.9925576744666162E-011
          17          19  -1.7267820028600252E-011
          17          20   3.7174702145326603E-013
          17          21  -5.8925534393603029E-011
          17          22  -5.4301663873811918E-011
          17          23  -1.7512178791357511E-011
          17          24   6.9974839668233929E-011
          17          25  -1.2976515188171073E-011
          17          26   1.0890769599597223E-011
          17          27  -1.3153178458718742E-010
          17          28  -1.2299985469184825E-010
          17          29  -4.8907832348801098E-011
          17          30  -1.3156737338262817E-003
          17          31   2.7594640534473532E-004
          17          32  -1.1494924606632751E-004
          17          33  -1.3568408059580321E-003
          17          34   1.3692699691723244E-004
          17          35   5.3104927153831225E-004
          17          36  -4.5134759990929630E-005
          17          37  -8.2447017387773545E-004
          17          38  -6.7727391123724901E-004
          17          39  -8.7765552168469888E-004
          18           1   1.1748321241671221E-003
          18           2  -4.8504825279607842E-004
          18           3   9.8415799538515173E-004
          18           4   5.1606862764583886E-003
          18           5   3.3892127376661876E-003
          18           6  -1.2416356792711531E-010
          18           7   8.2480772319456638E-011
          18           8   1.8033038829887859E-011
          18           9  -1.7439440872589199E-011
          18          10   2.4337551530124747E-011
          18          11   3.6380890104293550E-012
          18          12   1.0516396953465309E-010
          18          13   7.6681277638433591E-011
          18          14  -5.8886454192779112E-012
          18          15   1.0670948291087840E-010
          18          16   8.1694588248915245E-011
          18          17   1.9925576744666162E-011
          18          18   2.8196871497442884E-004
          18          19   4.3744442465438766E-004
          18          20   1.3199785101073678E-004
          18          21   2.1492205745973200E-004
          18          22   1.7655109928497721E-004
          18          23  -1.0408402659229160E-004
          18          24   5.3664448438574936E-004
          18          25   9.1147328801587275E-004
          18          26   2.2416037311004085E-004
          18          27   4.4781849492420850E-004
          18          28   3.6786753385739733E-004
          18          29  -2.6774741827413710E-004
          18          30  -1.4363328127106235E-012
          18          31   9.8173995117625587E-013
          18          32   3.0736181976852621E-014
          18          33  -2.0721348588272575E-012
          18          34   2.7545877023322694E-013
          18          35   1.8139277777222043E-013
          18          36   1.2052074440029821E-014
          18          37  -1.9269123044629545E-012
          18          38  -1.5827717284620287E-012
          18          39  -2.6338751151805334E-013
          19           1   2.1703903375828223E-005
          19           2   9.2813104778552771E-005
          19           3  -6.9902941601441811E-004
          19           4  -1.8352051445938277E-003
          19           5  -1.4004280196364960E-003
          19           6   6.4262990148979251E-012
          19           7  -5.1816102061207185E-011
          19           8   1.5616455027611359E-011
          19           9   9.3926438367182118E-012
          19          10  -6.5493138591037001E-012
          19          11  -1.6650314107523118E-012
          19          12   9.3844811240898544E-011
          19          13   5.1574777232241446E-011
          19          14  -6.2480609614880013E-011
          19          15   7.9769807065714974E-011
          19          16   5.3298852263839405E-011
          19          17  -1.7267820028600252E-011
          19          18   4.3744442465438766E-004
          19          19   8.7179019941523899E-004
          19          20   1.3856501990012994E-004
          19          21   4.2832170966769555E-004
          19          22   3.5185159410344800E-004
          19          23  -3.3192643511299085E-004
          19          24   8.0368640939410462E-004
          19          25   1.6067561210131476E-003
          19          26   2.5283563322818286E-004
          19          27   7.8941985190648955E-004
          19          28   6.4848133641122268E-004
          19          29  -6.1430541453861903E-004
          19          30  -1.5170565994033427E-012
          19          31   6.8928857639118538E-013
          19          32  -2.1725771169426107E-013
          19          33  -1.3671544831471271E-012
          19          34   6.3823639066904328E-013
          19          35   2.2821474246071821E-013
          19          36   4.2610320176980523E-013
          19          37  -1.4519509331554380E-012
          19          38  -9.7487058314225643E-013
          19          39   6.2570082265352521E-013
          20           1   1.1673912900128677E-003
          20           2  -5.1686776519541100E-004
          20           3   1.2238091092398908E-003
          20           4   5.7898571581496347E-003
          20           5   3.8693272015741706E-003
          20           6  -1.1889413638664249E-010
          20           7   1.1777570648261126E-010
          20           8   2.6259505951341017E-011
          20           9  -2.3990151350084267E-011
          20          10   2.6291636730637360E-011
          20          11   5.1372062729006979E-012
          20          12   1.6795224494841235E-011
          20          13   1.2992906648842313E-011
          20          14  -7.0094306130592637E-012
          20          15   1.6275741107327694E-011
          20          16   1.1585684818953949E-011
          20          17   3.7174702145326603E-013
          20          18   1.3199785101073678E-004
          20          19   1.3856501990012994E-004
          20          20   8.4493037532789518E-005
          20          21   6.8078771409171873E-005
          20          22   5.5924376160522505E-005
          20          23   9.7116724964411033E-006
          20          24   2.6111338051738642E-004
          20          25   3.6062250579822514E-004
          20          26   1.3747969711175382E-004
          20          27   1.7717845364237985E-004
          20          28   1.4554602112500900E-004
          20          29  -5.7142577068867886E-005
          20          30   1.9127944364707715E-013
          20          31   5.1551111438615873E-013
          20          32   2.1261850171258885E-013
          20          33  -4.8116626644692442E-013
          20          34  -6.1085601081602964E-014
          20          35  -3.3799589189398758E-013
          20          36  -9.7952582368221468E-014
          20          37  -7.3933704376045595E-013
          20          38  -6.9097654133658573E-013
          20          39   2.4506243528380660E-013
          21           1   1.0663406967519420E-005
          21           2   4.5600270437662956E-005
          21           3  -3.4344213280369405E-004
          21           4  -9.0165988869870314E-004
