           1           1   2.0016533693483316     
           1           2  0.11283860324048603     
           1           3  -3.5439312711400842E-002
           1           4   6.7854612714253471E-004
           1           5   3.3934063850239657E-003
           1           6  -1.1558063581023369E-011
           1           7  -4.9179722782165383E-013
           1           8   2.4059736662569871E-012
           1           9   6.0592632484135403E-012
           1          10   2.1642240978855345E-013
           1          11  -1.2300094700182602E-012
           1          12  -1.0762692711132129E-011
           1          13  -3.2669713133103893E-013
           1          14   2.1977756210262105E-012
           1          15   6.2023151797346879E-012
           1          16   1.9001650435916512E-013
           1          17  -1.2679055823924245E-012
           1          18   7.3550916452640516E-003
           1          19   1.1873367269978548E-015
           1          20   7.3550916452541429E-003
           1          21   2.2876277954961836E-017
           1          22  -2.4347171789877124E-015
           1          23   7.3550916452574319E-003
           1          24  -1.8360526684220498E-003
           1          25  -5.8746302285563470E-016
           1          26  -1.8360526684163226E-003
           1          27  -2.7875585272213962E-015
           1          28  -2.2580409424576596E-015
           1          29  -1.8360526684193662E-003
           1          30   2.9314963034522335E-012
           1          31   3.8012725054891115E-014
           1          32   1.3115984248832630E-012
           1          33   8.3445564469312390E-014
           1          34  -2.6858910110999586E-013
           1          35   1.4691614825462684E-016
           1          36  -2.7114936730827261E-013
           1          37   1.3125466149058764E-012
           1          38   3.8014294403849550E-014
           1          39  -5.9482682197422632E-013
           2           1  0.11283860324048603     
           2           2   2.6516842785848742     
           2           3  -1.3846293032423547     
           2           4  -1.2776900960665938     
           2           5  0.48811246487913790     
           2           6  -1.8319857777758302E-010
           2           7  -8.0155123544022708E-012
           2           8   3.8677718894806250E-011
           2           9   9.5883034767286729E-011
           2          10   3.9720393612396944E-012
           2          11  -2.0258434178475918E-011
           2          12  -1.6948906796826305E-010
           2          13  -6.8147249106889836E-012
           2          14   3.5819793856742770E-011
           2          15   9.7600964480731902E-011
           2          16   3.9260640046225815E-012
           2          17  -2.0625142654939535E-011
           2          18  0.69794474808075757     
           2          19  -3.3372780915657255E-016
           2          20  0.69794474808076012     
           2          21  -6.5362277364847795E-015
           2          22  -5.3081737107718473E-015
           2          23  0.69794474808075724     
           2          24   2.6532725852573959E-002
           2          25  -2.1782467217515631E-015
           2          26   2.6532725852572395E-002
           2          27   3.1464179147151219E-017
           2          28   2.5179915130980755E-015
           2          29   2.6532725852571645E-002
           2          30   4.6210900536049178E-011
           2          31   8.2792945668669580E-013
           2          32   2.0667889023058081E-011
           2          33   1.8515500332181405E-012
           2          34  -4.3648921841970836E-012
           2          35  -4.4750754074915527E-016
           2          36  -4.3673219544290476E-012
           2          37   2.0665384773442206E-011
           2          38   8.2869459239219787E-013
           2          39  -9.7706173080793767E-012
           3           1  -3.5439312711400842E-002
           3           2  -1.3846293032423547     
           3           3  0.72328765727105404     
           3           4  0.66781844731417705     
           3           5 -0.25508190880412113     
           3           6   9.5567510154158326E-011
           3           7   4.3024140111741825E-012
           3           8  -1.9709672476982773E-011
           3           9  -5.0072302396634098E-011
           3          10  -1.9709128695966064E-012
           3          11   9.8091370139354203E-012
           3          12   8.8485095254550528E-011
           3          13   3.4539243368112582E-012
           3          14  -1.7584998649462602E-011
           3          15  -5.0954772034947959E-011
           3          16  -1.9888680040817480E-012
           3          17   1.0122311758466875E-011
           3          18 -0.36470839206788647     
           3          19   1.8839181953969331E-016
           3          20 -0.36470839206788791     
           3          21   3.4165601095218927E-015
           3          22   2.7457933376517482E-015
           3          23 -0.36470839206788630     
           3          24  -1.3889454381914948E-002
           3          25   1.1315963724028170E-015
           3          26  -1.3889454381914064E-002
           3          27  -4.9225143524098950E-017
           3          28  -1.3426319864726723E-015
           3          29  -1.3889454381913708E-002
           3          30  -2.4124739028418709E-011
           3          31  -4.2041822227880795E-013
           3          32  -1.0789816907725789E-011
           3          33  -9.4022925540106056E-013
           3          34   2.1453253591868010E-012
           3          35   2.3562646340490953E-016
           3          36   2.1465652205906712E-012
           3          37  -1.0788496861157793E-011
           3          38  -4.2081811741467244E-013
           3          39   4.8026081270455615E-012
           4           1   6.7854612714253471E-004
           4           2  -1.2776900960665938     
           4           3  0.66781844731417705     
           4           4  0.61716099581568662     
           4           5 -0.23567163811562214     
           4           6   8.9061672404180309E-011
           4           7   2.9502474618137984E-012
           4           8  -1.7745046257737481E-011
           4           9  -4.7227992599446027E-011
           4          10  -1.8388936696731888E-012
           4          11   8.4493619497048990E-012
           4          12   8.3194271669482754E-011
           4          13   2.9635874988915930E-012
           4          14  -1.5335649469579316E-011
           4          15  -4.7911325419503189E-011
           4          16  -1.7098335051031236E-012
           4          17   8.8250589110967823E-012
           4          18 -0.33691436768828248     
           4          19   1.9392748726163970E-016
           4          20 -0.33691436768828398     
           4          21   3.1577205911244008E-015
           4          22   2.4968027778134765E-015
           4          23 -0.33691436768828237     
           4          24  -1.2866295757130330E-002
           4          25   1.0359287453755992E-015
           4          26  -1.2866295757129416E-002
           4          27  -9.2044495780453230E-017
           4          28  -1.2784745416816420E-015
           4          29  -1.2866295757129139E-002
           4          30  -2.2676017483561745E-011
           4          31  -3.5794470668502125E-013
           4          32  -1.0141850314432546E-011
           4          33  -8.0054913004354674E-013
           4          34   1.8728033820794974E-012
           4          35   2.2020259223495308E-016
           4          36   1.8739064143760674E-012
           4          37  -1.0140614587128100E-011
           4          38  -3.5831423473051887E-013
           4          39   4.1929081825342388E-012
           5           1   3.3934063850239657E-003
           5           2  0.48811246487913790     
           5           3 -0.25508190880412113     
           5           4 -0.23567163811562214     
           5           5   9.0001206701949860E-002
           5           6  -3.3772924656381993E-011
           5           7  -1.5019510734879042E-012
           5           8   6.6979512018146566E-012
           5           9   1.7875222723539065E-011
           5          10   8.4632285979626768E-013
           5          11  -3.1697328030688882E-012
           5          12  -3.1503684574027681E-011
           5          13  -1.4110835931715959E-012
           5          14   5.7631512819559577E-012
           5          15   1.8142683528405627E-011
           5          16   8.1349822966302603E-013
           5          17  -3.3163390486030772E-012
           5          18  0.12866960434423200     
           5          19  -7.1887742985297068E-017
           5          20  0.12866960434423255     
           5          21  -1.2057847738476327E-015
           5          22  -9.5788714889488593E-016
           5          23  0.12866960434423194     
           5          24   4.9098521288436833E-003
           5          25  -3.9665806703784059E-016
           5          26   4.9098521288433450E-003
           5          27   3.0062072831806038E-017
           5          28   4.8408575186951231E-016
           5          29   4.9098521288432331E-003
           5          30   8.5872317341992664E-012
           5          31   1.7101454104406290E-013
           5          32   3.8406436668982132E-012
           5          33   3.8245856841213383E-013
           5          34  -7.0389775290246163E-013
           5          35  -8.3819824537222620E-017
           5          36  -7.0432363541811156E-013
           5          37   3.8401735147155195E-012
           5          38   1.7115565414954146E-013
           5          39  -1.5759355645263285E-012
           6           1  -1.1558063581023369E-011
           6           2  -1.8319857777758302E-010
           6           3   9.5567510154158326E-011
           6           4   8.9061672404180309E-011
           6           5  -3.3772924656381993E-011
           6           6   5.9838399553323249     
           6           7  0.59211549102849803     
           6           8  0.48447994910199477     
           6           9  -3.8431783657521050     
           6          10 -0.96990015288317277     
           6          11 -0.79359041238161643     
           6          12   6.4641816689508715     
           6          13   1.4055582894163581     
           6          14   1.1500540330965268     
           6          15  -3.7266269601368709     
           6          16 -0.81336679893612440     
           6          17 -0.66551189982434100     
           6          18  -4.8406465460319580E-011
           6          19   2.8688249002840254E-014
           6          20  -4.8424203274381408E-011
           6          21   2.2069781680390359E-015
           6          22   7.2118200012258115E-015
           6          23  -4.8404037044549899E-011
           6          24  -1.9536689927731095E-012
           6          25  -1.6489004065640144E-014
           6          26  -1.9803012115044791E-012
           6          27  -3.2197937907444607E-014
           6          28   6.9721071636760604E-015
           6          29  -1.9565476715904528E-012
           6          30  -1.7546469980134081     
           6          31 -0.16809693251715940     
           6          32 -0.78470199281477360     
           6          33 -0.37587616791761752     
           6          34 -0.13754004842645645     
           6          35   7.5916245435692202E-015
           6          36 -0.13754004842645712     
           6          37 -0.78470199281478670     
           6          38 -0.16809693251718921     
           6          39 -0.30754889791017026     
           7           1  -4.9179722782165383E-013
           7           2  -8.0155123544022708E-012
           7           3   4.3024140111741825E-012
           7           4   2.9502474618137984E-012
           7           5  -1.5019510734879042E-012
           7           6  0.59211549102849803     
           7           7   6.3715926920484574     
           7           8 -0.57840350283910191     
           7           9 -0.96990015288311859     
           7          10  -4.4783271573646450     
           7          11  0.94743956936063800     
           7          12   1.4055582894163150     
           7          13   7.3846255377449666     
           7          14  -1.3730088983667983     
           7          15 -0.81336679893611130     
           7          16  -4.2592683232157009     
           7          17  0.79453115604274127     
           7          18  -1.8883091265725357E-012
           7          19   5.0435586852709537E-015
           7          20  -1.8840933885078907E-012
           7          21   7.1281973413163864E-016
           7          22  -1.6756202407354848E-016
           7          23  -1.8754504787704915E-012
           7          24   1.0729748802289974E-013
           7          25  -3.3614109770540677E-015
           7          26   1.0278600864155212E-013
           7          27  -5.6514602888355834E-015
           7          28   1.2531641258766651E-015
           7          29   1.0988436003571067E-013
           7          30 -0.37587616791759509     
           7          31 -0.89478194614262396     
           7          32 -0.16809693251717572     
           7          33  -2.0007932566144615     
           7          34  0.16420420687787904     
           7          35   1.7120695949487961E-015
           7          36  0.16420420687788201     
           7          37 -0.16809693251716976     
           7          38 -0.89478194614262918     
           7          39  0.36717176877038432     
           8           1   2.4059736662569871E-012
           8           2   3.8677718894806250E-011
           8           3  -1.9709672476982773E-011
           8           4  -1.7745046257737481E-011
           8           5   6.6979512018146566E-012
           8           6  0.48447994910199477     
           8           7 -0.57840350283910191     
           8           8   7.9849960521168075     
           8           9 -0.79359041238165762     
           8          10  0.94743956936063767     
           8          11  -7.1211226749662577     
           8          12   1.1500540330966225     
           8          13  -1.3730088983667936     
           8          14   11.214507547717735     
           8          15 -0.66551189982439496     
           8          16  0.79453115604273061     
           8          17  -6.4755398889066349     
           8          18   9.8638482883707942E-012
           8          19  -1.4031250726829833E-014
           8          20   9.8446332375432376E-012
           8          21   2.9016322647915161E-015
           8          22  -1.3531522788815442E-014
           8          23   9.8677392284455676E-012
           8          24   3.6780283776059747E-013
           8          25   1.3316129488142425E-014
           8          26   3.8323882679566534E-013
           8          27   1.3122278240282417E-014
           8          28  -2.8085157168993729E-015
           8          29   3.6573975345795274E-013
           8          30 -0.30754889791018702     
           8          31  0.16420420687788451     
           8          32 -0.13754004842647338     
           8          33  0.36717176877039148     
           8          34  -1.3528144750151654     
           8          35  -1.0989061490367804E-014
           8          36  -1.3528144750151627     
           8          37 -0.13754004842645501     
           8          38  0.16420420687789664     
           8          39  -3.0249851270796007     
           9           1   6.0592632484135403E-012
           9           2   9.5883034767286729E-011
           9           3  -5.0072302396634098E-011
           9           4  -4.7227992599446027E-011
           9           5   1.7875222723539065E-011
           9           6  -3.8431783657521050     
           9           7 -0.96990015288311859     
           9           8 -0.79359041238165762     
           9           9   3.1716534884068341     
           9          10   1.5887209857130764     
           9          11   1.2999211707138776     
           9          12  -5.0653278552638472     
           9          13  -2.3023400340752125     
           9          14  -1.8838175988045813     
           9          15   2.9238284054774417     
           9          16   1.3323153921676674     
           9          17   1.0901253271790663     
           9          18   2.5496652127956497E-011
           9          19  -1.3725570331990826E-014
           9          20   2.5512428657267847E-011
           9          21  -2.0583046900243169E-015
           9          22  -3.5497937312984719E-015
           9          23   2.5493047508953977E-011
           9          24   1.0725800653730991E-012
           9          25   7.1689257873013182E-015
           9          26   1.0834917117882598E-012
           9          27   1.7555103857034714E-014
           9          28  -1.8171600295001648E-015
           9          29   1.0720917020928373E-012
           9          30   1.3681994819882106     
           9          31  0.27534702776376740     
           9          32  0.61187740970112281     
           9          33  0.61569467148233270     
           9          34  0.22529407863434403     
           9          35  -2.7673180548765193E-015
           9          36  0.22529407863434411     
           9          37  0.61187740970112836     
           9          38  0.27534702776378206     
           9          39  0.50377287475457411     
          10           1   2.1642240978855345E-013
          10           2   3.9720393612396944E-012
          10           3  -1.9709128695966064E-012
          10           4  -1.8388936696731888E-012
          10           5   8.4632285979626768E-013
          10           6 -0.96990015288317277     
          10           7  -4.4783271573646450     
          10           8  0.94743956936063767     
          10           9   1.5887209857130764     
          10          10   4.2120432762478979     
          10          11  -1.5519299817241792     
          10          12  -2.3023400340753493     
          10          13  -6.5730381965572278     
          10          14   2.2490233081434488     
          10          15   1.3323153921677491     
          10          16   3.7963084322787104     
          10          17  -1.3014621326284472     
          10          18   9.9516191736283515E-013
          10          19  -3.2459626473132462E-015
          10          20   9.8642967230835437E-013
          10          21   1.4519209716851321E-015
          10          22  -3.0985140846050150E-015
          10          23   9.8213063286531363E-013
          10          24  -1.1267647706505278E-014
          10          25   3.7195866546598794E-015
          10          26  -6.9853152293307459E-015
          10          27   3.2859466947778160E-015
          10          28   1.4669136766276223E-015
          10          29  -1.3369072238203758E-014
          10          30  0.61569467148237245     
          10          31  0.79219115791364103     
          10          32  0.27534702776379444     
          10          33   1.7713932802691641     
          10          34 -0.26897064469345044     
          10          35  -2.9437613861031858E-015
          10          36 -0.26897064469345211     
          10          37  0.27534702776379405     
          10          38  0.79219115791364514     
          10          39 -0.60143664548650488     
          11           1  -1.2300094700182602E-012
          11           2  -2.0258434178475918E-011
          11           3   9.8091370139354203E-012
          11           4   8.4493619497048990E-012
          11           5  -3.1697328030688882E-012
          11           6 -0.79359041238161643     
          11           7  0.94743956936063800     
          11           8  -7.1211226749662577     
          11           9   1.2999211707138776     
          11          10  -1.5519299817241792     
          11          11   8.5410091881319588     
          11          12  -1.8838175988045260     
          11          13   2.2490233081434141     
          11          14  -12.846481812337476     
          11          15   1.0901253271790303     
          11          16  -1.3014621326284146     
          11          17   7.4266173212770852     
          11          18  -4.8557890557334737E-012
          11          19   1.2376819762037385E-014
          11          20  -4.8131418125757174E-012
          11          21  -8.0710834985376502E-015
          11          22   1.4745620869559470E-014
          11          23  -4.8505703464524794E-012
          11          24  -1.5576656095605483E-013
          11          25  -1.5435517262020564E-014
          11          26  -1.7665888129946770E-013
          11          27  -5.6852039391509926E-015
          11          28   1.9798564208454972E-015
          11          29  -1.5867160277480693E-013
          11          30  0.50377287475455212     
          11          31 -0.26897064469345605     
          11          32  0.22529407863434783     
          11          33 -0.60143664548650044     
          11          34   1.5424600269265412     
          11          35   1.3671356094460769E-014
          11          36   1.5424600269265389     
          11          37  0.22529407863432843     
          11          38 -0.26897064469346788     
          11          39   3.4490454727838999     
          12           1  -1.0762692711132129E-011
          12           2  -1.6948906796826305E-010
          12           3   8.8485095254550528E-011
          12           4   8.3194271669482754E-011
          12           5  -3.1503684574027681E-011
          12           6   6.4641816689508715     
          12           7   1.4055582894163150     
          12           8   1.1500540330966225     
          12           9  -5.0653278552638472     
          12          10  -2.3023400340753493     
          12          11  -1.8838175988045260     
          12          12   8.1699237865165326     
          12          13   3.3365012989531557     
          12          14   2.7299876527258107     
          12          15  -4.7147308791999087     
          12          16  -1.9307626027396267     
          12          17  -1.5797860074197432     
          12          18  -4.4993359193484924E-011
          12          19   2.4886109359300030E-014
          12          20  -4.5018216095928402E-011
          12          21   3.2166173932407564E-015
          12          22   6.3851116341268129E-015
          12          23  -4.4988079419760350E-011
          12          24  -1.8725025989469307E-012
          12          25  -1.3368305251219411E-014
          12          26  -1.8932276560599561E-012
          12          27  -3.0724008001811305E-014
          12          28   4.0754279692014665E-015
          12          29  -1.8725762646482114E-012
          12          30  -2.2089000232531411     
          12          31 -0.39902694745335920     
          12          32 -0.98785012149896900     
          12          33 -0.89225137935999599     
          12          34 -0.32649129793366993     
          12          35   5.4620808249294439E-015
          12          36 -0.32649129793367015     
          12          37 -0.98785012149897944     
          12          38 -0.39902694745338552     
          12          39 -0.73005673624181988     
          13           1  -3.2669713133103893E-013
          13           2  -6.8147249106889836E-012
          13           3   3.4539243368112582E-012
          13           4   2.9635874988915930E-012
          13           5  -1.4110835931715959E-012
          13           6   1.4055582894163581     
          13           7   7.3846255377449666     
          13           8  -1.3730088983667936     
          13           9  -2.3023400340752125     
          13          10  -6.5730381965572278     
          13          11   2.2490233081434141     
          13          12   3.3365012989531557     
          13          13   10.354864949732089     
          13          14  -3.2592358547986473     
          13          15  -1.9307626027396321     
          13          16  -5.9791100324304836     
          13          17   1.8860507274274969     
          13          18  -1.6745624518741971E-012
          13          19   5.4571100667894647E-015
          13          20  -1.6621821783484232E-012
          13          21  -1.7107417298226131E-015
          13          22   3.9838109072145150E-015
          13          23  -1.6544717830031155E-012
          13          24   4.4104117014632770E-014
          13          25  -5.6586042854117500E-015
          13          26   3.7431617546872588E-014
          13          27  -5.6585734588060615E-015
          13          28  -1.5973109353613288E-015
          13          29   4.7470188995626829E-014
          13          30 -0.89225137935999732     
          13          31  -1.2491568990496538     
          13          32 -0.39902694745337841     
          13          33  -2.7931997408378577     
          13          34  0.38978643124728640     
          13          35   4.2451106707431046E-015
          13          36  0.38978643124728929     
          13          37 -0.39902694745337641     
          13          38  -1.2491568990496604     
          13          39  0.87158895697599104     
          14           1   2.1977756210262105E-012
          14           2   3.5819793856742770E-011
          14           3  -1.7584998649462602E-011
          14           4  -1.5335649469579316E-011
          14           5   5.7631512819559577E-012
          14           6   1.1500540330965268     
          14           7  -1.3730088983667983     
          14           8   11.214507547717735     
          14           9  -1.8838175988045813     
          14          10   2.2490233081434488     
          14          11  -12.846481812337476     
          14          12   2.7299876527258107     
          14          13  -3.2592358547986473     
          14          14   19.446203528382419     
          14          15  -1.5797860074197376     
          14          16   1.8860507274274787     
          14          17  -11.240075026512653     
          14          18   8.7312843682985147E-012
          14          19  -1.9528928375225265E-014
          14          20   8.6711585744568380E-012
          14          21   1.1198186840402627E-014
          14          22  -2.2483127328450774E-014
          14          23   8.7254622117404001E-012
          14          24   2.9270092442971418E-013
          14          25   2.3326335630429101E-014
          14          26   3.2363715974986695E-013
          14          27   1.0612822301265380E-014
          14          28  -3.2626697312883943E-015
          14          29   2.9596717651067927E-013
          14          30 -0.73005673624180778     
          14          31  0.38978643124730050     
          14          32 -0.32649129793368448     
          14          33  0.87158895697599914     
          14          34  -2.3364302900242513     
          14          35  -2.0462277896660650E-014
          14          36  -2.3364302900242477     
          14          37 -0.32649129793365478     
          14          38  0.38978643124731877     
          14          39  -5.2244169531837725     
          15           1   6.2023151797346879E-012
          15           2   9.7600964480731902E-011
          15           3  -5.0954772034947959E-011
          15           4  -4.7911325419503189E-011
          15           5   1.8142683528405627E-011
          15           6  -3.7266269601368709     
          15           7 -0.81336679893611130     
          15           8 -0.66551189982439496     
          15           9   2.9238284054774417     
          15          10   1.3323153921677491     
          15          11   1.0901253271790303     
          15          12  -4.7147308791999087     
          15          13  -1.9307626027396321     
          15          14  -1.5797860074197376     
          15          15   2.7208110934776641     
          15          16   1.1172914062127111     
          15          17  0.91418868753757887     
          15          18   2.5910527618430287E-011
          15          19  -1.4322577916258460E-014
          15          20   2.5924880453070728E-011
          15          21  -1.8577153856256884E-015
          15          22  -3.6754329411200359E-015
          15          23   2.5907473205719527E-011
          15          24   1.0785814705796002E-012
          15          25   7.6891449937614726E-015
          15          26   1.0904974425709924E-012
          15          27   1.7696317624097116E-014
          15          28  -2.3357065121511520E-015
          15          29   1.0786118221524811E-012
          15          30   1.2746906082627183     
          15          31  0.23090843928939078     
          15          32  0.57005897007119355     
          15          33  0.51632696682948886     
          15          34  0.18893359591019521     
          15          35  -3.1379806613429296E-015
          15          36  0.18893359591019532     
          15          37  0.57005897007119966     
          15          38  0.23090843928940602     
          15          39  0.42246836368867124     
          16           1   1.9001650435916512E-013
          16           2   3.9260640046225815E-012
          16           3  -1.9888680040817480E-012
          16           4  -1.7098335051031236E-012
          16           5   8.1349822966302603E-013
          16           6 -0.81336679893612440     
          16           7  -4.2592683232157009     
          16           8  0.79453115604273061     
          16           9   1.3323153921676674     
          16          10   3.7963084322787104     
          16          11  -1.3014621326284146     
          16          12  -1.9307626027396267     
          16          13  -5.9791100324304836     
          16          14   1.8860507274274787     
          16          15   1.1172914062127111     
          16          16   3.4524805178256139     
          16          17  -1.0914175913941386     
          16          18   9.6514750434715335E-013
          16          19  -3.1460807730771558E-015
          16          20   9.5797899248511780E-013
          16          21   9.9615030975413707E-016
          16          22  -2.3133048983509374E-015
          16          23   9.5354040885410717E-013
          16          24  -2.5095919826140665E-014
          16          25   3.2702995010472882E-015
          16          26  -2.1242017550024471E-014
          16          27   3.2604083946602774E-015
          16          28   9.3263391156292437E-016
          16          29  -2.7038755002349702E-014
          16          30  0.51632696682948831     
          16          31  0.72127166526647846     
          16          32  0.23090843928940122     
          16          33   1.6128124737803136     
          16          34 -0.22556114836332483     
          16          35  -2.4568843594986018E-015
          16          36 -0.22556114836332641     
          16          37  0.23090843928940005     
          16          38  0.72127166526648223     
          16          39 -0.50437006082331570     
          17           1  -1.2679055823924245E-012
          17           2  -2.0625142654939535E-011
          17           3   1.0122311758466875E-011
          17           4   8.8250589110967823E-012
          17           5  -3.3163390486030772E-012
          17           6 -0.66551189982434100     
          17           7  0.79453115604274127     
          17           8  -6.4755398889066349     
          17           9   1.0901253271790663     
          17          10  -1.3014621326284472     
          17          11   7.4266173212770852     
          17          12  -1.5797860074197432     
          17          13   1.8860507274274969     
          17          14  -11.240075026512653     
          17          15  0.91418868753757887     
          17          16  -1.0914175913941386     
          17          17   6.4968894824147343     
          17          18  -5.0255657792981084E-012
          17          19   1.1275952414894871E-014
          17          20  -4.9907458969594856E-012
          17          21  -6.4879819765542270E-015
          17          22   1.2993004763551630E-014
          17          23  -5.0221692710659146E-012
          17          24  -1.6830876499996378E-013
          17          25  -1.3483411638708850E-014
          17          26  -1.8620054621396245E-013
          17          27  -6.1041159479936280E-015
          17          28   1.8818550986211814E-015
          17          29  -1.7021370282371110E-013
          17          30  0.42246836368866569     
          17          31 -0.22556114836333507     
          17          32  0.18893359591020431     
          17          33 -0.50437006082332536     
          17          34   1.3504537377884724     
          17          35   1.1830873137045046E-014
          17          36   1.3504537377884702     
          17          37  0.18893359591018710     
          17          38 -0.22556114836334573     
          17          39   3.0197063581636989     
          18           1   7.3550916452640516E-003
          18           2  0.69794474808075757     
          18           3 -0.36470839206788647     
          18           4 -0.33691436768828248     
          18           5  0.12866960434423200     
          18           6  -4.8406465460319580E-011
          18           7  -1.8883091265725357E-012
          18           8   9.8638482883707942E-012
          18           9   2.5496652127956497E-011
          18          10   9.9516191736283515E-013
          18          11  -4.8557890557334737E-012
          18          12  -4.4993359193484924E-011
          18          13  -1.6745624518741971E-012
          18          14   8.7312843682985147E-012
          18          15   2.5910527618430287E-011
          18          16   9.6514750434715335E-013
          18          17  -5.0255657792981084E-012
          18          18  0.18395474425091218     
          18          19  -1.0128517191718722E-016
          18          20  0.18395474425091299     
          18          21  -1.7237563982715108E-015
          18          22  -1.3724371931278747E-015
          18          23  0.18395474425091216     
          18          24   7.0168079184731230E-003
          18          25  -5.6779562568734720E-016
          18          26   7.0168079184726468E-003
          18          27   3.9489627565459032E-017
          18          28   6.8922241450516801E-016
          18          29   7.0168079184724829E-003
          18          30   1.2265596740703853E-011
          18          31   2.0308365615070586E-013
          18          32   5.4857953829874915E-012
          18          33   4.5419044758598452E-013
          18          34  -1.0654561262969457E-012
          18          35  -1.1964470152903440E-016
          18          36  -1.0660681688782690E-012
          18          37   5.4851244414390087E-012
          18          38   2.0328539283617782E-013
          18          39  -2.3852447733670598E-012
          19           1   1.1873367269978548E-015
          19           2  -3.3372780915657255E-016
          19           3   1.8839181953969331E-016
          19           4   1.9392748726163970E-016
          19           5  -7.1887742985297068E-017
          19           6   2.8688249002840254E-014
          19           7   5.0435586852709537E-015
          19           8  -1.4031250726829833E-014
          19           9  -1.3725570331990826E-014
          19          10  -3.2459626473132462E-015
          19          11   1.2376819762037385E-014
          19          12   2.4886109359300030E-014
          19          13   5.4571100667894647E-015
          19          14  -1.9528928375225265E-014
          19          15  -1.4322577916258460E-014
          19          16  -3.1460807730771558E-015
          19          17   1.1275952414894871E-014
          19          18  -1.0128517191718722E-016
          19          19   1.9619576949004778E-028
          19          20  -1.0128517191722905E-016
          19          21   6.2044580359789992E-030
          19          22   6.1142663732566754E-029
          19          23  -1.0128517191719272E-016
          19          24  -5.1234345715363191E-018
          19          25  -1.2395714721778047E-028
          19          26  -5.1234345717260416E-018
          19          27  -2.0573663487922442E-028
          19          28   5.5031845908854181E-029
          19          29  -5.1234345715556338E-018
          19          30  -6.8001631437933488E-015
          19          31  -6.6242256877040779E-016
          19          32  -3.0411254095220515E-015
          19          33  -1.4812218936009858E-015
          19          34   2.3562390791028908E-015
          19          35   6.7441472022033313E-029
          19          36   2.3562390791028805E-015
          19          37  -3.0411254095221556E-015
          19          38  -6.6242256877060362E-016
          19          39   5.2687107521155603E-015
          20           1   7.3550916452541429E-003
          20           2  0.69794474808076012     
          20           3 -0.36470839206788791     
          20           4 -0.33691436768828398     
          20           5  0.12866960434423255     
          20           6  -4.8424203274381408E-011
          20           7  -1.8840933885078907E-012
          20           8   9.8446332375432376E-012
          20           9   2.5512428657267847E-011
          20          10   9.8642967230835437E-013
          20          11  -4.8131418125757174E-012
          20          12  -4.5018216095928402E-011
          20          13  -1.6621821783484232E-012
          20          14   8.6711585744568380E-012
          20          15   2.5924880453070728E-011
          20          16   9.5797899248511780E-013
          20          17  -4.9907458969594856E-012
          20          18  0.18395474425091299     
          20          19  -1.0128517191722905E-016
          20          20  0.18395474425091379     
          20          21  -1.7237563982715932E-015
          20          22  -1.3724371931278216E-015
          20          23  0.18395474425091293     
          20          24   7.0168079184731637E-003
          20          25  -5.6779562568737994E-016
          20          26   7.0168079184726876E-003
          20          27   3.9489627565583931E-017
          20          28   6.8922241450516416E-016
          20          29   7.0168079184725245E-003
          20          30   1.2272301917487578E-011
          20          31   2.0160660753303578E-013
          20          32   5.4887940292054036E-012
          20          33   4.5088766647080321E-013
          20          34  -1.0582872083790503E-012
          20          35  -1.1964470152898362E-016
          20          36  -1.0588992509603727E-012
          20          37   5.4881230876569200E-012
          20          38   2.0180834421850775E-013
          20          39  -2.3692145855775288E-012
          21           1   2.2876277954961836E-017
          21           2  -6.5362277364847795E-015
          21           3   3.4165601095218927E-015
          21           4   3.1577205911244008E-015
