           1           1   1.9996304286814000     
           1           2  -2.3720942400568034E-003
           1           3   1.3350097725706603E-003
           1           4  -7.4487478174784681E-003
           1           5   1.9280055273338064E-003
           1           6  -1.8090390987604539E-011
           1           7   7.8402528770511643E-012
           1           8  -1.5648214853335038E-011
           1           9  -1.3545819561725156E-013
           1          10  -5.0412944556676507E-014
           1          11  -3.4140685915850519E-014
           1          12  -1.0249876222886187E-013
           1          13  -7.8305930362148962E-014
           1          14   6.2635706276687651E-014
           1          15  -2.6380398556834990E-014
           1          16  -1.2780488469493996E-013
           1          17  -3.4053612007185883E-014
           1          18   1.0820430057368450E-003
           1          19   1.2160281411956220E-005
           1          20   1.1237511885314844E-003
           1          21   2.8312440049580189E-006
           1          22   1.1887383088814055E-005
           1          23   1.0819316911771901E-003
           1          24   4.0862929225291000E-004
           1          25   2.2341012808596785E-005
           1          26   4.8525606269023532E-004
           1          27   5.2015953297746944E-006
           1          28   2.1839641634398200E-005
           1          29   4.0842478414835866E-004
           1          30  -5.4911020272864749E-014
           1          31  -1.4803225655705439E-014
           1          32  -1.3715182157697041E-014
           1          33  -6.8866436842774347E-014
           1          34   3.0899488425484063E-015
           1          35   1.1308764384666156E-014
           1          36   2.7731718659487197E-015
           1          37  -2.0650965979442902E-014
           1          38  -1.8830979420155435E-014
           1          39   4.0094571127111982E-015
           2           1  -2.3720942400568034E-003
           2           2   1.9905412146431880     
           2           3   8.3212158519940949E-003
           2           4  -2.9559543418351070E-002
           2           5  -8.8021361886862302E-003
           2           6  -1.2578810060057324E-010
           2           7   5.7535594953078754E-011
           2           8  -1.2745653526989811E-010
           2           9   3.7526074772154795E-013
           2          10   9.8413684385086462E-013
           2          11   2.1456907839385722E-012
           2          12  -2.1736878237476907E-012
           2          13  -4.2589966797527229E-012
           2          14  -2.9206757279178776E-012
           2          15   6.1121227343063055E-013
           2          16   8.1826101176002360E-013
           2          17   1.5791666147375515E-012
           2          18   2.4758052181348134E-003
           2          19  -3.4453265293147293E-004
           2          20   1.2941030833142485E-003
           2          21  -8.0216543061384333E-005
           2          22  -3.3680080978822351E-004
           2          23   2.4789590154676634E-003
           2          24   5.4530064259489929E-003
           2          25   3.5190744258532325E-004
           2          26   6.6600030742916642E-003
           2          27   8.1933606795996509E-005
           2          28   3.4401004026496991E-004
           2          29   5.4497850962588936E-003
           2          30  -2.2633441796979211E-013
           2          31   3.6378605553001264E-013
           2          32   1.1617133517298893E-013
           2          33   2.4884993790009421E-013
           2          34   4.7605644915165829E-013
           2          35   1.9828612968528482E-013
           2          36   3.0169889806319738E-013
           2          37   3.1650945382974089E-013
           2          38   2.7394305251920787E-013
           2          39   8.5519585318262250E-013
           3           1   1.3350097725706603E-003
           3           2   8.3212158519940949E-003
           3           3   3.5201402585028501E-004
           3           4   2.0133898119884967E-002
           3           5  -7.0415526932227556E-005
           3           6   8.1365926323644405E-011
           3           7  -3.6324286841189449E-011
           3           8   8.2028749345916148E-011
           3           9   6.2152091726889887E-014
           3          10   4.9435985730527821E-014
           3          11   9.1666530768874069E-014
           3          12  -8.1125140040707364E-013
           3          13  -1.5568778472008263E-011
           3          14  -4.5620741523000502E-012
           3          15  -1.0304472590638977E-012
           3          16   8.4432899862207232E-013
           3          17   3.0210331777887844E-013
           3          18   2.6574922012347405E-004
           3          19  -1.5750100529183598E-004
           3          20  -2.7445872085350747E-004
           3          21  -3.6670512783584664E-005
           3          22  -1.5396640792913661E-004
           3          23   2.6719097353199725E-004
           3          24   3.4466338660746164E-004
           3          25  -1.9662746920247684E-004
           3          26  -3.2974328875800478E-004
           3          27  -4.5780223394928734E-005
           3          28  -1.9221480572073624E-004
           3          29   3.4646330166272521E-004
           3          30  -6.9250841451576737E-014
           3          31   7.5068423783672866E-014
           3          32  -1.6159656054541247E-013
           3          33   1.8527006902845888E-013
           3          34  -3.2318726940668525E-014
           3          35  -4.6408901579947336E-014
           3          36  -6.1525028202128684E-014
           3          37  -4.0653523548533710E-014
           3          38   1.1608497978324438E-013
           3          39  -3.7827606059463745E-014
           4           1  -7.4487478174784681E-003
           4           2  -2.9559543418351070E-002
           4           3   2.0133898119884967E-002
           4           4   1.8827197309859454     
           4           5  -8.2409680314992767E-003
           4           6  -3.7713463744740284E-010
           4           7   1.6435265072384174E-010
           4           8  -3.1663234015869915E-010
           4           9   4.2230316674137176E-013
           4          10  -3.4617616834865322E-013
           4          11  -7.3266764570693414E-013
           4          12   4.2355311283358755E-011
           4          13  -5.0715979619707196E-011
           4          14  -2.3263124548957095E-011
           4          15  -1.6134643754230344E-011
           4          16   1.2513702679736478E-011
           4          17  -1.9872999596179697E-012
           4          18   1.1946420905922642E-002
           4          19  -1.5215271514223590E-003
           4          20   6.7277812320754547E-003
           4          21  -3.5425275769636203E-004
           4          22  -1.4873812409465260E-003
           4          23   1.1960348927283759E-002
           4          24   7.4240979146977647E-003
           4          25   5.9575034529540261E-003
           4          26   2.7857553433897071E-002
           4          27   1.3870681530655520E-003
           4          28   5.8238064160470188E-003
           4          29   7.3695632713993309E-003
           4          30  -4.5645312778767977E-014
           4          31  -9.3268052838462346E-013
           4          32  -2.7595281701737774E-012
           4          33   7.2400001772546265E-013
           4          34  -1.0413031860165164E-012
           4          35   6.0635061032170244E-013
           4          36   3.7972439268486189E-012
           4          37   6.9707993059883807E-013
           4          38   2.8704433960101214E-012
           4          39  -1.3251711112120288E-012
           5           1   1.9280055273338064E-003
           5           2  -8.8021361886862302E-003
           5           3  -7.0415526932227556E-005
           5           4  -8.2409680314992767E-003
           5           5   1.0918081870033450E-004
           5           6   3.3390652857291522E-010
           5           7  -1.4005726922602534E-010
           5           8   2.6038217573992831E-010
           5           9   1.4504122984684474E-013
           5          10  -4.6176345299987542E-013
           5          11   1.0639848599033807E-013
           5          12   1.7122442073319263E-011
           5          13   6.3000327822983644E-011
           5          14   1.5075098322466557E-011
           5          15  -1.5778562321874458E-012
           5          16  -2.0359300183619049E-012
           5          17  -8.2956674374714365E-013
           5          18   7.9164438026679842E-006
           5          19  -7.0526298554741390E-005
           5          20  -2.3397958071062221E-004
           5          21  -1.6420439420316057E-005
           5          22  -6.8943566735939327E-005
           5          23   8.5620362664531825E-006
           5          24   7.8978456689056230E-005
           5          25  -1.7629189624570078E-004
           5          26  -5.2567976657500522E-004
           5          27  -4.1045541313129071E-005
           5          28  -1.7233559585129785E-004
           5          29   8.0592221629866820E-005
           5          30  -5.7378592967117716E-013
           5          31  -4.7112794751948170E-013
           5          32  -1.5124249561400746E-013
           5          33   1.5604963642477831E-014
           5          34  -2.2818518397526972E-013
           5          35  -3.3925439929814150E-014
           5          36  -9.5931237840060704E-014
           5          37  -2.7593433108892515E-013
           5          38  -4.6655307524882175E-013
           5          39  -4.8000279672983654E-013
           6           1  -1.8090390987604539E-011
           6           2  -1.2578810060057324E-010
           6           3   8.1365926323644405E-011
           6           4  -3.7713463744740284E-010
           6           5   3.3390652857291522E-010
           6           6   2.0005780843962788     
           6           7   2.2613099155878768E-003
           6           8   5.2649500471163156E-004
           6           9   5.2064277846204069E-004
           6          10  -1.6699211434685105E-003
           6          11  -3.8880289899892006E-004
           6          12   8.2247362107662186E-003
           6          13   1.7944838403391736E-003
           6          14   4.1780456246057868E-004
           6          15  -4.4133626972414006E-003
           6          16   1.5249703317409794E-004
           6          17   3.5505423371843137E-005
           6          18   6.0531593920339973E-011
           6          19  -1.1868809546002313E-012
           6          20   2.6612069514392918E-011
           6          21   2.5217354167920894E-012
           6          22   4.2236297132358584E-012
           6          23   4.7719046204644835E-011
           6          24  -5.5672091384695697E-011
           6          25  -2.0344156878539074E-011
           6          26  -3.9942975532859144E-011
           6          27   6.3255421953020037E-012
           6          28   1.0704907341882534E-011
           6          29  -3.2221275209266554E-011
           6          30  -2.3410038029806901E-003
           6          31  -2.0078078151926468E-004
           6          32  -1.4535458776263714E-003
           6          33   5.5263702729978486E-005
           6          34  -4.6747228034199723E-005
           6          35  -1.1602240143394701E-004
           6          36   1.3683224274108149E-005
           6          37  -1.0453821859972867E-003
           6          38   1.0456144160291312E-005
           6          39   4.4825364662514288E-006
           7           1   7.8402528770511643E-012
           7           2   5.7535594953078754E-011
           7           3  -3.6324286841189449E-011
           7           4   1.6435265072384174E-010
           7           5  -1.4005726922602534E-010
           7           6   2.2613099155878768E-003
           7           7   2.0095339071017055     
           7           8   2.2105579560843993E-003
           7           9  -1.6699211862229463E-003
           7          10  -6.0930318091048557E-003
           7          11  -1.6324446909838021E-003
           7          12   1.7944832513285586E-003
           7          13   1.5331732655463903E-002
           7          14   1.7542108530874110E-003
           7          15   1.5249709995491362E-004
           7          16  -3.8093998707616262E-003
           7          17   1.4907539001139420E-004
           7          18  -3.0524049466848646E-011
           7          19   9.9701144514958014E-014
           7          20  -9.7102792534512472E-012
           7          21  -3.7841869504046768E-012
           7          22  -1.7600404549023316E-012
           7          23  -2.2752940503681216E-011
           7          24   2.4940915303457539E-011
           7          25   9.7691878716950446E-012
           7          26   1.0091073604537459E-011
           7          27   1.9748041020777420E-014
           7          28  -2.1399082770322496E-012
           7          29   1.1289381881739719E-011
           7          30   1.9348552115066480E-005
           7          31  -1.0045476023925509E-003
           7          32  -1.5259551067324723E-004
           7          33  -3.0494927525728998E-003
           7          34   1.0347339552306426E-005
           7          35  -1.4678911067796049E-005
           7          36  -1.4917085344326499E-004
           7          37   1.0456163135622628E-005
           7          38  -1.0039704633567200E-003
           7          39   1.8820896964571370E-005
           8           1  -1.5648214853335038E-011
           8           2  -1.2745653526989811E-010
           8           3   8.2028749345916148E-011
           8           4  -3.1663234015869915E-010
           8           5   2.6038217573992831E-010
           8           6   5.2649500471163156E-004
           8           7   2.2105579560843993E-003
           8           8   2.0005541801758904     
           8           9  -3.8880290593847121E-004
           8          10  -1.6324446395432346E-003
           8          11   5.3829418883064376E-004
           8          12   4.1780461453987176E-004
           8          13   1.7542109880853117E-003
           8          14   8.2057676618428367E-003
           8          15   3.5505340342261663E-005
           8          16   1.4907544155965671E-004
           8          17  -4.4149741865584019E-003
           8          18   6.2577862897444861E-011
           8          19   8.8797147587870688E-013
           8          20   1.1820511841188723E-011
           8          21   1.4926661673580923E-011
           8          22   7.8451763141081306E-012
           8          23   4.4865595686130717E-011
           8          24  -5.0638514935123257E-011
           8          25  -2.1531287787878879E-011
           8          26  -5.2254119344032288E-012
           8          27  -6.5064352847431140E-012
           8          28  -1.7743987275470538E-012
           8          29  -1.6111393174606854E-011
           8          30   4.5048330319711179E-006
           8          31   1.0347347710709117E-005
           8          32   1.3683229173174637E-005
           8          33   5.4023797287833133E-005
           8          34  -1.0465804364192580E-003
           8          35  -1.1883443294377426E-004
           8          36  -1.4541670171156402E-003
           8          37  -4.6777180793944976E-005
           8          38  -1.9640050696199816E-004
           8          39  -2.3387321086542241E-003
           9           1  -1.3545819561725156E-013
           9           2   3.7526074772154795E-013
           9           3   6.2152091726889887E-014
           9           4   4.2230316674137176E-013
           9           5   1.4504122984684474E-013
           9           6   5.2064277846204069E-004
           9           7  -1.6699211862229463E-003
           9           8  -3.8880290593847121E-004
           9           9   4.4763493256895508E-006
           9          10   1.6354914090482414E-005
           9          11   3.8078675152366695E-006
           9          12  -3.1770524142474895E-004
           9          13  -1.3477216690024466E-003
           9          14  -3.1378617015186372E-004
           9          15   1.1325133561533387E-005
           9          16   5.5410519371294222E-005
           9          17   1.2901075553145479E-005
           9          18   3.2793836609229630E-014
           9          19   4.0206274356468133E-014
           9          20   1.1057858429463702E-013
           9          21   5.2607825081650107E-015
           9          22   1.9792323281488197E-014
           9          23   9.5312902474339817E-015
           9          24  -6.6291582962417631E-014
           9          25   6.1875055357023966E-014
           9          26   1.5614199197138603E-013
           9          27   1.0761229358325408E-014
           9          28   3.0053606448953807E-014
           9          29  -7.3438188885949752E-014
           9          30   5.3209226712995040E-006
           9          31   1.0660650842332884E-005
           9          32  -3.3629867027576846E-006
           9          33   1.0147692695484019E-005
           9          34   2.4820882628417745E-006
           9          35  -1.5780149915719421E-006
           9          36  -2.4923306667117092E-006
           9          37   2.1884266170189909E-006
           9          38   1.0920167103699815E-005
           9          39   6.1154080827619538E-006
          10           1  -5.0412944556676507E-014
          10           2   9.8413684385086462E-013
          10           3   4.9435985730527821E-014
          10           4  -3.4617616834865322E-013
          10           5  -4.6176345299987542E-013
          10           6  -1.6699211434685105E-003
          10           7  -6.0930318091048557E-003
          10           8  -1.6324446395432346E-003
          10           9   1.6354914090482414E-005
          10          10   6.9249509058727071E-005
          10          11   1.5987876384272794E-005
          10          12  -1.3477218666531374E-003
          10          13  -5.6553197027180823E-003
          10          14  -1.3174765867617932E-003
          10          15   5.5410555586824180E-005
          10          16   2.3077693877187144E-004
          10          17   5.4167025763250919E-005
          10          18   1.7669838133010481E-014
          10          19   3.7558828392071641E-014
          10          20   3.3153682201872239E-015
          10          21  -1.4764736531292665E-014
          10          22  -6.3221252824793200E-014
          10          23  -2.3770532002841021E-014
          10          24   1.3772594348836247E-013
          10          25   5.9171833639242586E-014
          10          26   8.1474821053704933E-014
          10          27  -3.8380382362972968E-014
          10          28  -1.7456951783654502E-013
          10          29   2.4546158171258608E-014
          10          30   2.6222971929588526E-005
          10          31   4.5194699568364285E-005
          10          32  -1.0906595294722383E-005
          10          33   4.0787638339387101E-005
          10          34   1.0618828880052828E-005
          10          35  -6.1740987373431634E-006
          10          36  -1.0661834335126273E-005
          10          37   1.0920165525959740E-005
          10          38   4.5437442284832489E-005
          10          39   2.5676421954482747E-005
          11           1  -3.4140685915850519E-014
          11           2   2.1456907839385722E-012
          11           3   9.1666530768874069E-014
          11           4  -7.3266764570693414E-013
          11           5   1.0639848599033807E-013
          11           6  -3.8880289899892006E-004
          11           7  -1.6324446909838021E-003
          11           8   5.3829418883064376E-004
          11           9   3.8078675152366695E-006
          11          10   1.5987876384272794E-005
          11          11   4.3034748325407676E-006
          11          12  -3.1378621317946365E-004
          11          13  -1.3174765747816339E-003
          11          14  -3.0345978105759578E-004
          11          15   1.2901080434640999E-005
          11          16   5.4167011247776241E-005
          11          17   1.0739436980803081E-005
          11          18   7.0517069619625720E-014
          11          19  -4.3468374039931712E-015
          11          20  -2.1180599761090430E-014
          11          21   3.3545212932648891E-015
          11          22  -2.2514003130465400E-014
          11          23   4.3137040723501535E-014
          11          24   1.7051311094173367E-014
          11          25  -2.9374189849993374E-014
          11          26  -4.6698586422884345E-014
          11          27  -1.9505236604505784E-014
          11          28  -6.5923774983902208E-014
          11          29   1.9710744048899917E-014
          11          30   6.1054191979359571E-006
          11          31   1.0618830703591590E-005
          11          32  -2.4923305189031097E-006
          11          33   9.9199594873763486E-006
          11          34   2.0588316234675505E-006
          11          35  -1.5477763305115782E-006
          11          36  -3.2498390162269496E-006
          11          37   2.4954899207701862E-006
          11          38   1.0477675567009746E-005
          11          39   5.0558958495127512E-006
          12           1  -1.0249876222886187E-013
          12           2  -2.1736878237476907E-012
          12           3  -8.1125140040707364E-013
          12           4   4.2355311283358755E-011
          12           5   1.7122442073319263E-011
          12           6   8.2247362107662186E-003
          12           7   1.7944832513285586E-003
          12           8   4.1780461453987176E-004
          12           9  -3.1770524142474895E-004
          12          10  -1.3477218666531374E-003
          12          11  -3.1378621317946365E-004
          12          12   5.6280737905690902E-002
          12          13  0.23617283929829150     
          12          14   5.4987444811349678E-002
          12          15  -2.0614768063895441E-003
          12          16  -8.5812322313849419E-003
          12          17  -1.9979443305169608E-003
          12          18   1.4818658339009966E-012
          12          19  -4.4350774553093717E-012
          12          20  -7.4365109603880422E-012
          12          21  -1.7577031540432614E-013
          12          22  -3.6111114457957261E-013
          12          23   3.3932718086269747E-012
          12          24  -7.2441922251926213E-014
          12          25  -7.5426684984860751E-012
          12          26  -1.6183798616623472E-011
          12          27   4.0722748686246290E-013
          12          28   2.1614321318440750E-012
          12          29   4.3988410231614284E-012
          12          30  -9.4245781946952398E-004
          12          31  -1.6017291077966246E-003
          12          32   5.0931422065226704E-004
          12          33  -1.1130876012752020E-003
          12          34  -3.7292592481610458E-004
          12          35   2.5504914870313371E-004
          12          36   5.0322403546031115E-004
          12          37  -3.8794164928454035E-004
          12          38  -1.6111413637166581E-003
          12          39  -9.1383416992242192E-004
          13           1  -7.8305930362148962E-014
          13           2  -4.2589966797527229E-012
          13           3  -1.5568778472008263E-011
          13           4  -5.0715979619707196E-011
          13           5   6.3000327822983644E-011
          13           6   1.7944838403391736E-003
          13           7   1.5331732655463903E-002
          13           8   1.7542109880853117E-003
          13           9  -1.3477216690024466E-003
          13          10  -5.6553197027180823E-003
          13          11  -1.3174765747816339E-003
          13          12  0.23617283929829150     
          13          13  0.99163660485672511     
          13          14  0.23087270111116098     
          13          15  -8.5812376871788939E-003
          13          16  -3.6047203647600334E-002
          13          17  -8.3886568205891483E-003
          13          18  -6.9524987871370222E-012
          13          19  -6.4913560999692644E-012
          13          20  -2.3035278263114459E-012
          13          21   2.0239652715022720E-012
          13          22   1.0258781346831568E-011
          13          23   1.1523459047523993E-012
          13          24  -2.0932773770053575E-011
          13          25  -9.6749123360545388E-012
          13          26  -1.4516494256457545E-011
          13          27   6.6676542899112668E-012
          13          28   3.0104019696415111E-011
          13          29  -2.7314803632090604E-012
          13          30  -3.9174621601716659E-003
          13          31  -6.7266641087190453E-003
          13          32   2.1607337907367068E-003
          13          33  -4.6856724392197882E-003
          13          34  -1.5651679973577835E-003
          13          35   1.0722671941208141E-003
          13          36   2.1122433722410155E-003
          13          37  -1.6111409189144049E-003
          13          38  -6.7688216688556605E-003
          13          39  -3.8368642834582817E-003
          14           1   6.2635706276687651E-014
          14           2  -2.9206757279178776E-012
          14           3  -4.5620741523000502E-012
          14           4  -2.3263124548957095E-011
          14           5   1.5075098322466557E-011
          14           6   4.1780456246057868E-004
          14           7   1.7542108530874110E-003
          14           8   8.2057676618428367E-003
          14           9  -3.1378617015186372E-004
          14          10  -1.3174765867617932E-003
          14          11  -3.0345978105759578E-004
          14          12   5.4987444811349678E-002
          14          13  0.23087270111116098     
          14          14   5.3784376688391179E-002
          14          15  -1.9979449593422469E-003
          14          16  -8.3886541271367184E-003
          14          17  -1.9707719869009785E-003
          14          18  -2.9042214742669418E-012
          14          19   1.0915379721491485E-013
          14          20   3.5387519706409702E-012
          14          21   9.0441334487374465E-013
          14          22   3.9985879489762960E-012
          14          23  -1.0915984243645383E-012
          14          24  -7.8831314640340846E-012
          14          25   6.5665158920604562E-013
          14          26   4.0284359311497282E-012
          14          27   2.2261286414162728E-012
          14          28   9.9260991570248703E-012
          14          29  -3.5470251652117328E-012
          14          30  -9.1209147919988427E-004
          14          31  -1.5651682892994299E-003
          14          32   5.0322396758355377E-004
          14          33  -1.0881079348683414E-003
          14          34  -3.6862967339212281E-004
          14          35   2.4930926840805465E-004
          14          36   4.8646854938376498E-004
          14          37  -3.7526383568155984E-004
          14          38  -1.5755996575403707E-003
          14          39  -9.0274615061349461E-004
          15           1  -2.6380398556834990E-014
          15           2   6.1121227343063055E-013
          15           3  -1.0304472590638977E-012
          15           4  -1.6134643754230344E-011
          15           5  -1.5778562321874458E-012
          15           6  -4.4133626972414006E-003
          15           7   1.5249709995491362E-004
          15           8   3.5505340342261663E-005
          15           9   1.1325133561533387E-005
          15          10   5.5410555586824180E-005
          15          11   1.2901080434640999E-005
          15          12  -2.0614768063895441E-003
          15          13  -8.5812376871788939E-003
          15          14  -1.9979449593422469E-003
          15          15   8.5012850360773311E-005
          15          16   3.1460236586546638E-004
          15          17   7.3247990010580892E-005
          15          18  -1.2191636356627653E-012
          15          19   1.2430682327871771E-012
          15          20   2.8684569952189542E-012
          15          21   2.5212705901230975E-013
          15          22   1.0609603991549346E-012
          15          23  -1.2774661297277358E-012
          15          24  -1.7992498819965293E-012
          15          25   2.2687097925387265E-012
          15          26   5.4739134239980205E-012
          15          27   4.2993101865962461E-013
          15          28   1.8166712307247236E-012
          15          29  -2.0211971477743258E-012
          15          30   3.9713575549437107E-005
          15          31   5.9288268708254424E-005
          15          32  -1.5720808208704739E-005
          15          33   4.1274485497282416E-005
          15          34   1.3803915093874423E-005
          15          35  -9.1669922770618939E-006
          15          36  -1.8413254027892462E-005
          15          37   1.6528417724141595E-005
          15          38   5.9298978198862142E-005
          15          39   3.3624944581049563E-005
          16           1  -1.2780488469493996E-013
          16           2   8.1826101176002360E-013
          16           3   8.4432899862207232E-013
          16           4   1.2513702679736478E-011
          16           5  -2.0359300183619049E-012
          16           6   1.5249703317409794E-004
          16           7  -3.8093998707616262E-003
          16           8   1.4907544155965671E-004
          16           9   5.5410519371294222E-005
          16          10   2.3077693877187144E-004
          16          11   5.4167011247776241E-005
          16          12  -8.5812322313849419E-003
          16          13  -3.6047203647600334E-002
          16          14  -8.3886541271367184E-003
          16          15   3.1460236586546638E-004
          16          16   1.3309857591071561E-003
          16          17   3.0754203134016679E-004
          16          18   4.9336737006567423E-013
          16          19   9.8227048714588960E-014
          16          20  -1.8741215290409273E-013
          16          21  -9.8190684754119344E-014
          16          22  -5.0431116969786544E-013
          16          23   1.8707880893371461E-013
          16          24   9.8398133590912567E-013
          16          25   1.2569199303103937E-013
          16          26   6.4122512886521517E-014
          16          27  -2.9060953735412177E-013
          16          28  -1.2927798636461110E-012
          16          29   3.4921728730581112E-013
          16          30   1.4414556076471253E-004
          16          31   2.4983552315446214E-004
          16          32  -7.8727818318511742E-005
          16          33   1.8026245573322459E-004
          16          34   5.7608074834656187E-005
          16          35  -3.9288328504838621E-005
          16          36  -7.6961037538771540E-005
          16          37   5.9298924982817114E-005
          16          38   2.5138019411538603E-004
          16          39   1.4117907915958436E-004
          17           1  -3.4053612007185883E-014
          17           2   1.5791666147375515E-012
          17           3   3.0210331777887844E-013
          17           4  -1.9872999596179697E-012
          17           5  -8.2956674374714365E-013
          17           6   3.5505423371843137E-005
          17           7   1.4907539001139420E-004
          17           8  -4.4149741865584019E-003
          17           9   1.2901075553145479E-005
          17          10   5.4167025763250919E-005
          17          11   1.0739436980803081E-005
          17          12  -1.9979443305169608E-003
          17          13  -8.3886568205891483E-003
          17          14  -1.9707719869009785E-003
          17          15   7.3247990010580892E-005
          17          16   3.0754203134016679E-004
          17          17   8.1687435961799111E-005
          17          18   3.8020511181485697E-013
          17          19  -4.5309995536546214E-013
          17          20  -1.2982845102506029E-012
          17          21  -1.6553067901520605E-013
          17          22  -5.9747188511919169E-013
          17          23   3.4711950225482574E-013
          17          24   1.1430555786491134E-012
          17          25  -8.4081652605909366E-013
          17          26  -2.3055958358871729E-012
          17          27  -2.6816941233249706E-013
          17          28  -1.1931812302117416E-012
          17          29   9.3206728324251566E-013
          17          30   3.3561008146658925E-005
          17          31   5.7608103627365798E-005
          17          32  -1.8413245900701709E-005
          17          33   4.0348198749026643E-005
          17          34   1.5819674127966515E-005
          17          35  -8.9521021587269955E-006
          17          36  -1.4884866937172016E-005
          17          37   1.3889670983540550E-005
          17          38   5.8317797641883334E-005
          17          39   3.8248201181300260E-005
          18           1   1.0820430057368450E-003
          18           2   2.4758052181348134E-003
          18           3   2.6574922012347405E-004
          18           4   1.1946420905922642E-002
          18           5   7.9164438026679842E-006
          18           6   6.0531593920339973E-011
          18           7  -3.0524049466848646E-011
          18           8   6.2577862897444861E-011
          18           9   3.2793836609229630E-014
          18          10   1.7669838133010481E-014
          18          11   7.0517069619625720E-014
          18          12   1.4818658339009966E-012
          18          13  -6.9524987871370222E-012
          18          14  -2.9042214742669418E-012
          18          15  -1.2191636356627653E-012
          18          16   4.9336737006567423E-013
          18          17   3.8020511181485697E-013
          18          18   2.4179533268473336E-004
          18          19  -1.8963301410317125E-004
          18          20  -4.0862121656385871E-004
          18          21  -4.4151718173351163E-005
          18          22  -1.8537731930405065E-004
          18          23   2.4353122001580227E-004
          18          24   3.6449802509081185E-004
          18          25  -2.9902998378664582E-004
          18          26  -6.6113591655663786E-004
          18          27  -6.9622308947168201E-005
          18          28  -2.9231922735640451E-004
          18          29   3.6723532636934267E-004
          18          30  -8.9974029057297449E-014
          18          31   2.0050172202444204E-014
          18          32  -1.2154760655608631E-013
          18          33   1.3354944941791557E-013
          18          34  -3.3610828826661704E-014
          18          35  -3.9274155393245050E-014
          18          36  -4.4615989413707789E-014
          18          37  -5.5308498096618294E-014
          18          38   4.4058890284349875E-014
          18          39  -4.7405418778634158E-014
          19           1   1.2160281411956220E-005
          19           2  -3.4453265293147293E-004
          19           3  -1.5750100529183598E-004
          19           4  -1.5215271514223590E-003
          19           5  -7.0526298554741390E-005
          19           6  -1.1868809546002313E-012
          19           7   9.9701144514958014E-014
          19           8   8.8797147587870688E-013
          19           9   4.0206274356468133E-014
          19          10   3.7558828392071641E-014
          19          11  -4.3468374039931712E-015
          19          12  -4.4350774553093717E-012
          19          13  -6.4913560999692644E-012
          19          14   1.0915379721491485E-013
          19          15   1.2430682327871771E-012
          19          16   9.8227048714588960E-014
          19          17  -4.5309995536546214E-013
          19          18  -1.8963301410317125E-004
          19          19   2.0053223791451107E-004
          19          20   4.9816645634989025E-004
          19          21   4.6689354291355347E-005
          19          22   1.9603194674976547E-004
          19          23  -1.9146867175300457E-004
          19          24  -3.5072496422361866E-004
          19          25   3.6959173235097571E-004
          19          26   9.1692655567733746E-004
          19          27   8.6050998385828360E-005
          19          28   3.6129744530545403E-004
          19          29  -3.5410818346175437E-004
          19          30   9.3960762538689156E-014
          19          31   5.8428558991899217E-014
          19          32   2.9435144996155952E-014
          19          33  -1.2745220921928650E-015
          19          34   1.9793844782086716E-014
          19          35   9.1070417861095994E-015
          19          36  -1.8575788008411115E-014
          19          37   5.6727840485133275E-014
          19          38   5.5134922506682177E-014
          19          39   3.5573204090098894E-014
          20           1   1.1237511885314844E-003
          20           2   1.2941030833142485E-003
          20           3  -2.7445872085350747E-004
          20           4   6.7277812320754547E-003
          20           5  -2.3397958071062221E-004
          20           6   2.6612069514392918E-011
          20           7  -9.7102792534512472E-012
          20           8   1.1820511841188723E-011
          20           9   1.1057858429463702E-013
          20          10   3.3153682201872239E-015
          20          11  -2.1180599761090430E-014
          20          12  -7.4365109603880422E-012
          20          13  -2.3035278263114459E-012
          20          14   3.5387519706409702E-012
          20          15   2.8684569952189542E-012
          20          16  -1.8741215290409273E-013
          20          17  -1.2982845102506029E-012
          20          18  -4.0862121656385871E-004
          20          19   4.9816645634989025E-004
          20          20   1.3000248790535872E-003
          20          21   1.1598668895438284E-004
          20          22   4.8698673830872667E-004
          20          23  -4.1318139600299498E-004
          20          24  -8.3844294311548849E-004
          20          25   9.6862154571971011E-004
          20          26   2.4838028090325469E-003
          20          27   2.2552141362873604E-004
          20          28   9.4688397731178720E-004
          20          29  -8.4730964340538396E-004
          20          30   1.5248492927459512E-013
          20          31   3.8304811872594303E-014
          20          32   6.1752412924815260E-014
          20          33  -4.2698186124857492E-014
          20          34   1.5507829893093558E-014
          20          35   3.4397495726902401E-014
          20          36  -3.8872577776329010E-015
          20          37   1.1100420901527134E-013
          20          38   5.6371422848629690E-014
          20          39   1.8657803224117997E-014
          21           1   2.8312440049580189E-006
          21           2  -8.0216543061384333E-005
          21           3  -3.6670512783584664E-005
          21           4  -3.5425275769636203E-004
