           1           1   2.1774480920265571     
           1           2 -0.61282181340541531     
           1           3  -3.8628659556118237E-002
           1           4  0.11613058577857853     
           1           5   7.0170559858613646E-002
           1           6   1.1982091038483017E-015
           1           7   1.1514031901975367E-014
           1           8   1.7473076490910563E-015
           1           9   9.3788456693958979E-016
           1          10  -1.6110947826264623E-015
           1          11  -1.1949019196844197E-014
           1          12  -8.0462654664148667E-016
           1          13   2.3754988202928641E-016
           1          14   6.3844115184780210E-014
           1          15  -1.3311916556156688E-015
           1          16  -7.5772037088312165E-016
           1          17  -1.5465295390702540E-014
           1          18  -2.1208523971837594E-004
           1          19  -2.7684126959568403E-016
           1          20  -2.1208523971880810E-004
           1          21   3.0845174387266542E-015
           1          22  -5.7186166895629096E-016
           1          23  -2.1208523971867046E-004
           1          24  -6.5986110852097105E-004
           1          25  -6.7533065000919758E-016
           1          26  -6.5986110852203790E-004
           1          27  -1.9625940902469540E-015
           1          28   2.1990219150801503E-015
           1          29  -6.5986110852037105E-004
           1          30  -9.6029414446063540E-016
           1          31   1.0412945268672450E-015
           1          32  -2.1203566195248484E-015
           1          33   1.8184141677753514E-015
           1          34  -1.2223131396354761E-014
           1          35   1.4249005232375099E-015
           1          36  -1.3766236273922357E-014
           1          37  -1.3916362181878975E-015
           1          38  -2.1259368007451531E-016
           1          39  -3.1694870070334184E-014
           2           1 -0.61282181340541531     
           2           2   2.1208653456167075     
           2           3  0.12436245495959977     
           2           4 -0.44638358056964211     
           2           5 -0.27066658949891614     
           2           6   2.6036312260665319E-016
           2           7  -1.9712582682436950E-014
           2           8  -2.7791382843910195E-014
           2           9   1.1790567697747467E-014
           2          10  -9.0895357874574419E-015
           2          11  -9.5198005782280903E-015
           2          12   5.1264306849034070E-015
           2          13   2.9950454364527438E-014
           2          14   7.1779979355711602E-014
           2          15  -8.3206267864496284E-016
           2          16  -4.5662078099838182E-015
           2          17  -8.0410922960853695E-015
           2          18   5.5812763959525616E-004
           2          19  -5.3275400537876466E-016
           2          20   5.5812763961317498E-004
           2          21  -2.9499555994112703E-015
           2          22  -1.5074663086352118E-015
           2          23   5.5812763960504152E-004
           2          24   1.8161529985185852E-003
           2          25  -8.4246808144910555E-016
           2          26   1.8161529985066065E-003
           2          27  -7.9584894841523514E-016
           2          28   3.6734983596932796E-015
           2          29   1.8161529985122184E-003
           2          30   2.0932184302524663E-015
           2          31  -6.3411294697919859E-015
           2          32   6.1216200739355137E-015
           2          33  -1.6667004133223356E-014
           2          34  -2.0784771829276928E-014
           2          35  -4.0141930284709723E-015
           2          36  -1.4154006806920973E-014
           2          37   3.8322467388906254E-015
           2          38  -7.4563009754444773E-015
           2          39  -3.2956622643103759E-014
           3           1  -3.8628659556118237E-002
           3           2  0.12436245495959977     
           3           3   2.7934709206718637E-002
           3           4   9.0666227181611631E-002
           3           5   5.7666324354857891E-002
           3           6   1.8262223743434211E-016
           3           7  -1.4470093500711830E-014
           3           8   1.3943652625216182E-014
           3           9  -2.2442184965960760E-014
           3          10  -1.2668402631194698E-015
           3          11  -1.1670142693802322E-016
           3          12  -4.2966401715714437E-014
           3          13   8.4715884812601630E-016
           3          14   3.2924044206459039E-015
           3          15  -1.8592645319038419E-014
           3          16  -2.6438283134691402E-015
           3          17   6.0644751578255936E-017
           3          18   1.1527064538833175E-003
           3          19  -7.0614859530601128E-017
           3          20   1.1527064538837777E-003
           3          21  -4.0192805679199316E-016
           3          22  -2.7741315227620310E-017
           3          23   1.1527064538831909E-003
           3          24   1.4553510744277839E-003
           3          25  -8.4413838034636241E-017
           3          26   1.4553510744274723E-003
           3          27  -1.1658179567029327E-016
           3          28   3.1122715270652640E-016
           3          29   1.4553510744276972E-003
           3          30   2.4971614914311892E-015
           3          31  -6.0206366624086183E-016
           3          32   1.5674025764938984E-015
           3          33  -1.6277708757013897E-015
           3          34  -1.6622464158838835E-015
           3          35  -3.3359911009502614E-016
           3          36  -8.3032537984673780E-016
           3          37   1.3529476904062058E-015
           3          38  -6.3949144408776884E-016
           3          39  -2.1249240574282853E-015
           4           1  0.11613058577857853     
           4           2 -0.44638358056964211     
           4           3   9.0666227181611631E-002
           4           4  0.75530397091673485     
           4           5  0.47321064672162860     
           4           6   5.2512204479943381E-014
           4           7   1.8214131325727723E-014
           4           8  -1.4907634788257565E-013
           4           9  -2.7810724927343389E-014
           4          10   1.3943050757936826E-014
           4          11  -5.7523626687101625E-015
           4          12  -5.4296447688552605E-014
           4          13   9.5107517161576659E-015
           4          14  -1.4142364924507602E-014
           4          15   7.1001705106080637E-015
           4          16  -3.9222259368330597E-016
           4          17   8.5929403665303691E-015
           4          18   6.2220051904246405E-003
           4          19  -1.1128745798051110E-016
           4          20   6.2220051904175299E-003
           4          21  -6.7238305063041389E-016
           4          22   6.5937666209240917E-016
           4          23   6.2220051904186193E-003
           4          24   7.2526613795486240E-003
           4          25  -2.1991029688857876E-017
           4          26   7.2526613795533528E-003
           4          27  -2.3087698612420037E-016
           4          28  -2.2685061253453339E-016
           4          29   7.2526613795515851E-003
           4          30   1.3015782966375141E-014
           4          31  -1.2497272874690080E-016
           4          32   5.5588725867898890E-015
           4          33  -5.2509032820126703E-016
           4          34   2.2991228388686718E-015
           4          35   2.8924522983118868E-016
           4          36   3.4121579592825552E-015
           4          37   5.5867535284505451E-015
           4          38   2.6609308038379305E-016
           4          39   6.8188476248826857E-015
           5           1   7.0170559858613646E-002
           5           2 -0.27066658949891614     
           5           3   5.7666324354857891E-002
           5           4  0.47321064672162860     
           5           5  0.29651805365250272     
           5           6  -5.0860133882713882E-015
           5           7   3.2695110795519376E-015
           5           8  -8.2484959628057292E-014
           5           9   4.1124345742964712E-014
           5          10   1.7650074375598347E-014
           5          11  -1.3961964753499292E-015
           5          12   7.9069648624161918E-014
           5          13   2.3608248750334964E-014
           5          14  -5.5020964274743465E-015
           5          15   7.0657183240691592E-014
           5          16   9.9516722253488996E-015
           5          17   7.1316610875148446E-015
           5          18   3.9187193139221064E-003
           5          19  -7.2660189548598552E-017
           5          20   3.9187193139177193E-003
           5          21  -4.3742119479402368E-016
           5          22   4.0764889165175244E-016
           5          23   3.9187193139183663E-003
           5          24   4.5734903938600725E-003
           5          25  -1.7965427587396922E-017
           5          26   4.5734903938629903E-003
           5          27  -1.4922663967435834E-016
           5          28  -1.2486780165035016E-016
           5          29   4.5734903938619061E-003
           5          30   8.4980514987850838E-015
           5          31  -8.4828308459501921E-017
           5          32   3.6607150341267895E-015
           5          33  -3.5640616656250824E-016
           5          34   1.3260902006870337E-015
           5          35   1.6259207049043040E-016
           5          36   2.0587653616912544E-015
           5          37   3.6671438565241132E-015
           5          38   1.5580710354032609E-016
           5          39   4.0867352790807631E-015
           6           1   1.1982091038483017E-015
           6           2   2.6036312260665319E-016
           6           3   1.8262223743434211E-016
           6           4   5.2512204479943381E-014
           6           5  -5.0860133882713882E-015
           6           6   2.0443627178425725     
           6           7   2.6350449600087700E-015
           6           8   6.6951652555324870E-015
           6           9  -4.6704449308806344E-002
           6          10  -9.3171997894714309E-015
           6          11  -7.4506373293203865E-015
           6          12 -0.29867596580693301     
           6          13   3.2342184486111591E-014
           6          14   3.8209019281865153E-014
           6          15 -0.17761778938415701     
           6          16  -3.7938402419612771E-015
           6          17  -8.3787143889679783E-015
           6          18  -9.0250422409316321E-015
           6          19  -6.6723274442241322E-015
           6          20  -1.1727057164726751E-014
           6          21  -2.7662220559695422E-015
           6          22  -4.9430151698464274E-015
           6          23  -4.5229164797492026E-015
           6          24   5.4559984191876127E-015
           6          25  -1.0538037051395984E-015
           6          26  -8.3589589603866947E-015
           6          27   3.8341810114622019E-015
           6          28  -2.5600291424067216E-016
           6          29  -2.2615500466206860E-014
           6          30  -8.8872272820068460E-003
           6          31  -5.2363644561896627E-015
           6          32  -3.9744888668055596E-003
           6          33  -1.5992517368983855E-014
           6          34  -6.6101265357599442E-015
           6          35   1.3797436173418773E-015
           6          36  -1.0364091854696278E-014
           6          37  -3.9744888668060453E-003
           6          38  -1.0729949101537933E-014
           6          39  -1.6663862130450457E-014
           7           1   1.1514031901975367E-014
           7           2  -1.9712582682436950E-014
           7           3  -1.4470093500711830E-014
           7           4   1.8214131325727723E-014
           7           5   3.2695110795519376E-015
           7           6   2.6350449600087700E-015
           7           7   2.0443627178425707     
           7           8   5.6482596377804839E-015
           7           9  -2.5014712523585558E-015
           7          10  -4.6704449308807766E-002
           7          11  -1.0434361708000495E-015
           7          12   2.1753432388749161E-015
           7          13 -0.29867596580692468     
           7          14   1.1771833507978613E-014
           7          15  -1.4051260155412137E-016
           7          16 -0.17761778938415196     
           7          17  -2.5934115965853266E-015
           7          18  -4.0604169076672393E-015
           7          19   3.8443371805657957E-015
           7          20  -4.6320733029260734E-015
           7          21  -1.6174445881876040E-016
           7          22  -4.1355971360032593E-016
           7          23  -5.4449331128508748E-015
           7          24   5.2949968016585217E-015
           7          25   1.0083278467453590E-014
           7          26  -1.0074555183266489E-014
           7          27  -1.6153239287325183E-015
           7          28  -2.1704762443549520E-015
           7          29  -1.3657898016271973E-014
           7          30  -2.0033548930008249E-015
           7          31  -3.9744888668154649E-003
           7          32   1.8919327909872052E-015
           7          33  -8.8872272820139583E-003
           7          34  -1.2631260241317138E-015
           7          35   1.0398629112375583E-015
           7          36  -1.9742813341192683E-015
           7          37  -4.7982959565286837E-015
           7          38  -3.9744888668133789E-003
           7          39  -2.5974434734142571E-015
           8           1   1.7473076490910563E-015
           8           2  -2.7791382843910195E-014
           8           3   1.3943652625216182E-014
           8           4  -1.4907634788257565E-013
           8           5  -8.2484959628057292E-014
           8           6   6.6951652555324870E-015
           8           7   5.6482596377804839E-015
           8           8   2.0443627178425783     
           8           9  -2.4719809532669501E-016
           8          10  -1.7078352620991666E-015
           8          11  -4.6704449308847013E-002
           8          12  -6.3175159548123361E-014
           8          13  -6.7355843125227466E-014
           8          14 -0.29867596580678935     
           8          15   3.0415774066039347E-014
           8          16   1.4325346464616473E-014
           8          17 -0.17761778938418782     
           8          18   6.4544278463441464E-014
           8          19  -1.4556794263459249E-014
           8          20   9.8597338820705469E-014
           8          21   2.5795056113517688E-015
           8          22   2.7283861346573536E-015
           8          23   3.9810663992299376E-014
           8          24   2.5175647971224160E-014
           8          25   9.3121354474592344E-015
           8          26   3.2377672869300906E-014
           8          27  -1.6811772568379416E-014
           8          28  -3.7722215415300337E-015
           8          29   5.8819010403877608E-014
           8          30   1.0801852034364456E-014
           8          31   3.2340920712954288E-014
           8          32   2.8619888035007202E-015
           8          33   3.7577640922981798E-014
           8          34  -3.9744888668427070E-003
           8          35  -7.5457920900778719E-015
           8          36  -3.9744888668102590E-003
           8          37   1.2357658434958632E-014
           8          38   1.3704308683953198E-014
           8          39  -8.8872272820992703E-003
           9           1   9.3788456693958979E-016
           9           2   1.1790567697747467E-014
           9           3  -2.2442184965960760E-014
           9           4  -2.7810724927343389E-014
           9           5   4.1124345742964712E-014
           9           6  -4.6704449308806344E-002
           9           7  -2.5014712523585558E-015
           9           8  -2.4719809532669501E-016
           9           9  0.16712989112577073     
           9          10   1.1032841307212493E-015
           9          11   6.7654215563095477E-016
           9          12  0.31663626687529745     
           9          13   4.7253867485608225E-015
           9          14  -1.6635998134617580E-015
           9          15  0.18502800587569965     
           9          16  -5.1278425949874418E-015
           9          17   2.3453461395206432E-015
           9          18  -1.1342157335130064E-014
           9          19   2.7032122276502985E-015
           9          20   3.7882469148428610E-015
           9          21  -7.9556191234367173E-016
           9          22  -3.5428330907765309E-016
           9          23   6.0539932445695870E-015
           9          24  -1.9850188471330712E-014
           9          25  -1.3279133649319622E-015
           9          26  -1.0779672057249450E-014
           9          27  -6.4671182815194056E-016
           9          28   9.3447555711206164E-016
           9          29  -2.5872661940238570E-015
           9          30   5.7773057807489561E-004
           9          31  -6.5160211753199915E-016
           9          32   2.5836896905071861E-004
           9          33  -2.7749273690501342E-015
           9          34   1.6726867829199021E-016
           9          35  -6.9306922175067698E-016
           9          36   1.6914909143489476E-016
           9          37   2.5836896905100402E-004
           9          38  -1.6829087765273670E-015
           9          39   1.1807368234181825E-015
          10           1  -1.6110947826264623E-015
          10           2  -9.0895357874574419E-015
          10           3  -1.2668402631194698E-015
          10           4   1.3943050757936826E-014
          10           5   1.7650074375598347E-014
          10           6  -9.3171997894714309E-015
          10           7  -4.6704449308807766E-002
          10           8  -1.7078352620991666E-015
          10           9   1.1032841307212493E-015
          10          10  0.16712989112576654     
          10          11  -3.3766392459888550E-015
          10          12   8.0595252693882458E-015
          10          13  0.31663626687531127     
          10          14  -1.7350704206720025E-014
          10          15   1.9220736113823023E-015
          10          16  0.18502800587568749     
          10          17  -4.2361947283353629E-015
          10          18  -5.9451689157940474E-015
          10          19  -1.0171227262191938E-014
          10          20   1.8300113410946132E-015
          10          21   7.2108552882287247E-016
          10          22  -1.4152058883673868E-016
          10          23  -3.4996620918646295E-015
          10          24  -1.3662754765752801E-014
          10          25  -7.6331388705009608E-015
          10          26  -2.8778638352871480E-015
          10          27   9.6151248145133255E-016
          10          28   1.5899145948918221E-015
          10          29  -1.1904424652628658E-016
          10          30  -1.5036664404929900E-015
          10          31   2.5836896904940293E-004
          10          32  -4.5379959555738592E-016
          10          33   5.7773057806877518E-004
          10          34   8.5249800382998508E-016
          10          35  -1.4177663440203655E-016
          10          36   1.6668083742659573E-015
          10          37  -9.3188531977844713E-016
          10          38   2.5836896904744448E-004
          10          39   2.7015946446086458E-015
          11           1  -1.1949019196844197E-014
          11           2  -9.5198005782280903E-015
          11           3  -1.1670142693802322E-016
          11           4  -5.7523626687101625E-015
          11           5  -1.3961964753499292E-015
          11           6  -7.4506373293203865E-015
          11           7  -1.0434361708000495E-015
          11           8  -4.6704449308847013E-002
          11           9   6.7654215563095477E-016
          11          10  -3.3766392459888550E-015
          11          11  0.16712989112577364     
          11          12  -3.7452679846339265E-015
          11          13   1.0118642035372716E-014
          11          14  0.31663626687531710     
          11          15  -7.3205330686221259E-016
          11          16  -1.9706458687096529E-015
          11          17  0.18502800587569823     
          11          18   3.3225591311479459E-015
          11          19  -3.8783312698265333E-015
          11          20   2.4479994026041620E-015
          11          21  -6.2760962791818284E-015
          11          22   5.7513730375451797E-015
          11          23  -1.0526215238295583E-015
          11          24  -1.8698287870268630E-015
          11          25  -4.0353708774704636E-017
          11          26   1.5192030646854423E-015
          11          27  -1.8729963692882117E-015
          11          28   7.3246605881839153E-015
          11          29  -1.0301085052424804E-015
          11          30   2.9936312760311945E-015
          11          31   8.2483729590444865E-016
          11          32   1.5905110345090789E-015
          11          33   1.3849327500786712E-015
          11          34   2.5836896904775077E-004
          11          35   1.2835194337575570E-015
          11          36   2.5836896904926306E-004
          11          37   1.0786558007468833E-015
          11          38   1.0298260454035674E-015
          11          39   5.7773057806766257E-004
          12           1  -8.0462654664148667E-016
          12           2   5.1264306849034070E-015
          12           3  -4.2966401715714437E-014
          12           4  -5.4296447688552605E-014
          12           5   7.9069648624161918E-014
          12           6 -0.29867596580693301     
          12           7   2.1753432388749161E-015
          12           8  -6.3175159548123361E-014
          12           9  0.31663626687529745     
          12          10   8.0595252693882458E-015
          12          11  -3.7452679846339265E-015
          12          12  0.62163369137809887     
          12          13   1.4099832412739488E-014
          12          14  -1.1386724896311762E-014
          12          15  0.36357401630334862     
          12          16  -4.1286418728248009E-015
          12          17   2.8085173076064507E-015
          12          18  -2.0236173843771656E-014
          12          19   5.7336406554174570E-015
          12          20   8.2712432358140604E-015
          12          21  -1.1979933987140516E-015
          12          22  -1.4948159738642368E-016
          12          23   1.1752842806473345E-014
          12          24  -3.7618312424826093E-014
          12          25  -2.3683540081068226E-015
          12          26  -1.9266523408777101E-014
          12          27  -1.6032800753463512E-015
          12          28   1.7698769656655407E-015
          12          29  -2.5072690047402242E-015
          12          30   1.9974494950335915E-003
          12          31  -6.8237651857164239E-016
          12          32   8.9328657050213043E-004
          12          33  -3.5413295559894031E-015
          12          34   1.1093624391507462E-015
          12          35  -1.4357865450677377E-015
          12          36   1.5013489583493023E-015
          12          37   8.9328657050271329E-004
          12          38  -2.0379748236210027E-015
          12          39   4.1806158144683248E-015
          13           1   2.3754988202928641E-016
          13           2   2.9950454364527438E-014
          13           3   8.4715884812601630E-016
          13           4   9.5107517161576659E-015
          13           5   2.3608248750334964E-014
          13           6   3.2342184486111591E-014
          13           7 -0.29867596580692468     
          13           8  -6.7355843125227466E-014
          13           9   4.7253867485608225E-015
          13          10  0.31663626687531127     
          13          11   1.0118642035372716E-014
          13          12   1.4099832412739488E-014
          13          13  0.62163369137816260     
          13          14   3.4312830354821244E-015
          13          15   3.1190328098062992E-015
          13          16  0.36357401630334807     
          13          17   1.4082485177979720E-014
          13          18  -1.0708513295798481E-014
          13          19  -1.9373596539655940E-014
          13          20   3.8562958472242619E-015
          13          21   1.3620192345010148E-015
          13          22  -2.2123397396899363E-016
          13          23  -6.0028288356471255E-015
          13          24  -2.6058787192923598E-014
          13          25  -1.5284027828562652E-014
          13          26  -4.3477290680936580E-015
          13          27   1.9609775347829854E-015
          13          28   3.1907880085480694E-015
          13          29   1.1700033818942916E-015
          13          30  -2.8073788953253409E-015
          13          31   8.9328657050070188E-004
          13          32  -1.1360270363303115E-015
          13          33   1.9974494950229108E-003
          13          34   1.8597116576736517E-015
          13          35  -3.7210579475900163E-016
          13          36   3.4525808319078866E-015
          13          37  -1.3357099714478293E-015
          13          38   8.9328657049683215E-004
          13          39   5.6188777589061267E-015
          14           1   6.3844115184780210E-014
          14           2   7.1779979355711602E-014
          14           3   3.2924044206459039E-015
          14           4  -1.4142364924507602E-014
          14           5  -5.5020964274743465E-015
          14           6   3.8209019281865153E-014
          14           7   1.1771833507978613E-014
          14           8 -0.29867596580678935     
          14           9  -1.6635998134617580E-015
          14          10  -1.7350704206720025E-014
          14          11  0.31663626687531710     
          14          12  -1.1386724896311762E-014
          14          13   3.4312830354821244E-015
          14          14  0.62163369137811630     
          14          15  -1.0992942667265027E-014
          14          16  -1.8301332671555315E-014
          14          17  0.36357401630334629     
          14          18  -4.5897500526046997E-016
          14          19  -5.7292714605765862E-015
          14          20  -5.6142654507519277E-015
          14          21  -1.1975825799245376E-014
          14          22   1.0447645912849691E-014
          14          23  -6.0621374671207760E-015
          14          24  -6.0254026481890167E-015
          14          25  -1.0388649022621131E-015
          14          26  -4.4794535601248301E-016
          14          27  -1.7547086816294611E-015
          14          28   1.4055480071841695E-014
          14          29  -7.9400936641018031E-015
          14          30   4.2339992189360798E-015
          14          31  -1.8464843911693285E-015
          14          32   2.5667876569872294E-015
          14          33  -1.3913566479506478E-015
          14          34   8.9328657050002491E-004
          14          35   3.1753895287356494E-015
          14          36   8.9328657049948866E-004
          14          37   6.2926416464700874E-016
          14          38   4.6438411926627565E-016
          14          39   1.9974494950287382E-003
          15           1  -1.3311916556156688E-015
          15           2  -8.3206267864496284E-016
          15           3  -1.8592645319038419E-014
          15           4   7.1001705106080637E-015
          15           5   7.0657183240691592E-014
          15           6 -0.17761778938415701     
          15           7  -1.4051260155412137E-016
          15           8   3.0415774066039347E-014
          15           9  0.18502800587569965     
          15          10   1.9220736113823023E-015
          15          11  -7.3205330686221259E-016
          15          12  0.36357401630334862     
          15          13   3.1190328098062992E-015
          15          14  -1.0992942667265027E-014
          15          15  0.21264754108210929     
          15          16  -5.3637649877202875E-015
          15          17  -9.4542429440735987E-016
          15          18  -1.1442477621167729E-014
          15          19   3.3595361237173256E-015
          15          20   5.2136649732516155E-015
          15          21  -6.9554579992313596E-016
          15          22  -7.9713888965645046E-017
          15          23   7.2362466213616747E-015
          15          24  -2.1545768151410215E-014
          15          25  -1.3817277547242802E-015
          15          26  -1.0804738598680438E-014
          15          27  -9.4250395777999149E-016
          15          28   1.0341771736301737E-015
          15          29  -9.9320366376816311E-016
          15          30   1.1804716728473262E-003
          15          31  -3.9063126648294921E-016
          15          32   5.2792298119906569E-004
          15          33  -2.0441954335856383E-015
          15          34   5.3031038761697236E-016
          15          35  -8.4083372287783392E-016
          15          36   7.6507065114618522E-016
          15          37   5.2792298119940689E-004
          15          38  -1.1740147699487724E-015
          15          39   2.1817197029018465E-015
          16           1  -7.5772037088312165E-016
          16           2  -4.5662078099838182E-015
          16           3  -2.6438283134691402E-015
          16           4  -3.9222259368330597E-016
          16           5   9.9516722253488996E-015
          16           6  -3.7938402419612771E-015
          16           7 -0.17761778938415196     
          16           8   1.4325346464616473E-014
          16           9  -5.1278425949874418E-015
          16          10  0.18502800587568749     
          16          11  -1.9706458687096529E-015
          16          12  -4.1286418728248009E-015
          16          13  0.36357401630334807     
          16          14  -1.8301332671555315E-014
          16          15  -5.3637649877202875E-015
          16          16  0.21264754108208694     
          16          17  -3.6984304507825527E-015
          16          18  -6.3562653335039429E-015
          16          19  -1.1322522966798699E-014
          16          20   2.1523642337628951E-015
          16          21   7.9584005053868878E-016
          16          22  -1.2860929780231858E-016
          16          23  -3.6054676392680501E-015
          16          24  -1.5370669297639871E-014
          16          25  -8.9433087528582624E-015
          16          26  -2.6649163643520500E-015
          16          27   1.1479296972218089E-015
          16          28   1.8671049130483153E-015
          16          29   5.6354875479470732E-016
          16          30  -1.5571040550693693E-015
          16          31   5.2792298119822576E-004
          16          32  -6.3088369164215896E-016
          16          33   1.1804716728410522E-003
          16          34   9.7721174685191925E-016
          16          35  -2.1897903400282039E-016
          16          36   1.9087413127925196E-015
          16          37  -7.3718971465436267E-016
          16          38   5.2792298119596205E-004
          16          39   3.0378125145599788E-015
          17           1  -1.5465295390702540E-014
          17           2  -8.0410922960853695E-015
          17           3   6.0644751578255936E-017
          17           4   8.5929403665303691E-015
          17           5   7.1316610875148446E-015
          17           6  -8.3787143889679783E-015
          17           7  -2.5934115965853266E-015
          17           8 -0.17761778938418782     
          17           9   2.3453461395206432E-015
          17          10  -4.2361947283353629E-015
          17          11  0.18502800587569823     
          17          12   2.8085173076064507E-015
          17          13   1.4082485177979720E-014
          17          14  0.36357401630334629     
          17          15  -9.4542429440735987E-016
          17          16  -3.6984304507825527E-015
          17          17  0.21264754108210099     
          17          18  -3.2473439013927956E-016
          17          19  -3.3241612836105664E-015
          17          20  -3.3886349330833073E-015
          17          21  -6.9993798954370169E-015
          17          22   6.0985780005293503E-015
          17          23  -3.5596437212472085E-015
          17          24  -3.5311300051454346E-015
          17          25  -6.2114651079415523E-016
          17          26  -2.8433903726570040E-016
          17          27  -9.9901088968132591E-016
          17          28   8.2159943973398415E-015
          17          29  -4.7016887434868941E-015
          17          30   2.5957832888376386E-015
          17          31  -1.1043141227851105E-015
          17          32   1.5571989227594618E-015
          17          33  -8.1665495763397211E-016
          17          34   5.2792298119810031E-004
          17          35   1.8664844522959527E-015
          17          36   5.2792298119773711E-004
          17          37   4.1079742689117960E-016
          17          38   2.7426249205736442E-016
          17          39   1.1804716728450973E-003
          18           1  -2.1208523971837594E-004
          18           2   5.5812763959525616E-004
          18           3   1.1527064538833175E-003
          18           4   6.2220051904246405E-003
          18           5   3.9187193139221064E-003
          18           6  -9.0250422409316321E-015
          18           7  -4.0604169076672393E-015
          18           8   6.4544278463441464E-014
          18           9  -1.1342157335130064E-014
          18          10  -5.9451689157940474E-015
          18          11   3.3225591311479459E-015
          18          12  -2.0236173843771656E-014
          18          13  -1.0708513295798481E-014
          18          14  -4.5897500526046997E-016
          18          15  -1.1442477621167729E-014
          18          16  -6.3562653335039429E-015
          18          17  -3.2473439013927956E-016
          18          18   6.0917313733028014E-005
          18          19  -2.2962348688938767E-018
          18          20   6.0917313733000909E-005
          18          21  -1.3093710841942451E-017
          18          22   2.8473922032999971E-018
          18          23   6.0917313732992723E-005
          18          24   7.3663795933874625E-005
          18          25  -2.1645879564740785E-018
          18          26   7.3663795933892460E-005
          18          27  -4.1075040677927274E-018
          18          28   6.3208094820148329E-018
          18          29   7.3663795933888448E-005
          18          30   1.4541636624938885E-016
          18          31  -1.3754280312421519E-017
          18          32   7.4340213552240757E-017
          18          33  -3.8827281971736771E-017
          18          34  -1.4945602587212371E-016
          18          35  -6.3732533197153952E-018
          18          36  -1.2364889159865076E-016
          18          37   6.9389534784967428E-017
          18          38  -1.2603551990921494E-017
          18          39  -2.8728911611863587E-016
          19           1  -2.7684126959568403E-016
          19           2  -5.3275400537876466E-016
          19           3  -7.0614859530601128E-017
          19           4  -1.1128745798051110E-016
          19           5  -7.2660189548598552E-017
          19           6  -6.6723274442241322E-015
          19           7   3.8443371805657957E-015
          19           8  -1.4556794263459249E-014
          19           9   2.7032122276502985E-015
          19          10  -1.0171227262191938E-014
          19          11  -3.8783312698265333E-015
          19          12   5.7336406554174570E-015
          19          13  -1.9373596539655940E-014
          19          14  -5.7292714605765862E-015
          19          15   3.3595361237173256E-015
          19          16  -1.1322522966798699E-014
          19          17  -3.3241612836105664E-015
          19          18  -2.2962348688938767E-018
          19          19   1.3015797595003115E-027
          19          20  -2.2962348695488978E-018
          19          21  -3.8136429564025972E-029
          19          22  -1.9644620757647074E-028
          19          23  -2.2962348683615574E-018
          19          24  -3.0344624384007771E-018
          19          25   5.4515406054553104E-028
          19          26  -3.0344624392445671E-018
          19          27   1.7111548847016232E-028
          19          28  -5.1264645077660673E-028
          19          29  -3.0344624398405253E-018
          19          30   3.4760385181138119E-017
          19          31  -1.7648806859396233E-017
          19          32   1.5545316837870973E-017
          19          33  -3.9463931858938039E-017
          19          34   2.4050576125039220E-017
          19          35   1.0598770622826315E-029
          19          36   2.4050576124465842E-017
          19          37   1.5545316837800598E-017
          19          38  -1.7648806859004992E-017
          19          39   5.3778723113922030E-017
          20           1  -2.1208523971880810E-004
          20           2   5.5812763961317498E-004
          20           3   1.1527064538837777E-003
          20           4   6.2220051904175299E-003
          20           5   3.9187193139177193E-003
          20           6  -1.1727057164726751E-014
          20           7  -4.6320733029260734E-015
          20           8   9.8597338820705469E-014
          20           9   3.7882469148428610E-015
          20          10   1.8300113410946132E-015
          20          11   2.4479994026041620E-015
          20          12   8.2712432358140604E-015
          20          13   3.8562958472242619E-015
          20          14  -5.6142654507519277E-015
          20          15   5.2136649732516155E-015
          20          16   2.1523642337628951E-015
          20          17  -3.3886349330833073E-015
          20          18   6.0917313733000909E-005
          20          19  -2.2962348695488978E-018
          20          20   6.0917313732973804E-005
          20          21  -1.3093710841804018E-017
          20          22   2.8473922033146480E-018
          20          23   6.0917313732965618E-005
          20          24   7.3663795933851477E-005
          20          25  -2.1645879566442552E-018
          20          26   7.3663795933869312E-005
          20          27  -4.1075040686892216E-018
          20          28   6.3208094821993108E-018
          20          29   7.3663795933865301E-005
          20          30   1.9116163836652489E-016
          20          31  -4.8105113385204721E-018
          20          32   9.4798121172801875E-017
          20          33  -1.8828406572694581E-017
          20          34  -2.1575565586611279E-016
          20          35  -6.3732533200574242E-018
          20          36  -1.8994852159142931E-016
          20          37   8.9847442405848034E-017
          20          38  -3.6597830178820640E-018
          20          39  -4.3553959566885199E-016
          21           1   3.0845174387266542E-015
          21           2  -2.9499555994112703E-015
          21           3  -4.0192805679199316E-016
          21           4  -6.7238305063041389E-016
