           1           1   2.0289381034257024     
           1           2  0.97719818009573267     
           1           3   1.4103073949745339     
           1           4   1.7121915749446737     
           1           5   1.1818226418295050     
           1           6 -0.37589768527530665     
           1           7  -1.0440790723799248E-013
           1           8  -2.3310958377316963E-014
           1           9   1.6314019210073379E-014
           1          10  -3.4937237129021003E-014
           1          11  -2.6120904249553943E-014
           1          12   1.1531913420890093E-014
           1          13   2.2465002118603377E-014
           1          14   6.9599963490590392E-016
           1          15  -2.5280647197210977E-014
           1          16   9.2571392675420238E-014
           1          17   7.5927970860921706E-014
           1          18   6.8434885224491451E-014
           1          19  -3.7198256682764989E-014
           1          20  -3.5091386392982831E-014
           1          21  -3.1723436541642010E-014
           1          22  -1.1497985081789845     
           1          23  -1.1726474032168110E-014
           1          24  -1.1497985081787527     
           1          25   5.1191200168377109E-015
           1          26   1.2388816613599586E-013
           1          27  -1.1497985081789295     
           1          28 -0.63802213548838949     
           1          29  -7.8323165063550959E-015
           1          30 -0.63802213548846609     
           1          31   9.9114650728788266E-015
           1          32  -4.5726905459736669E-014
           1          33 -0.63802213548840658     
           1          34  -4.8092679445738515E-002
           1          35   3.1409915162755568E-015
           1          36  -4.8092679445708233E-002
           1          37  -4.7848741846538905E-015
           1          38   1.7179383393765619E-014
           1          39  -4.8092679445720612E-002
           1          40  -4.4128017947540889E-014
           1          41  -1.1370536022539306E-014
           1          42  -1.9202415559225755E-014
           1          43  -3.1223518202282732E-014
           1          44  -5.6087423672980639E-015
           1          45   2.1623225715548290E-015
           1          46  -7.7435553632635404E-015
           1          47  -1.9276036180520410E-014
           1          48  -1.4618594170754982E-014
           1          49  -2.3293920003384114E-014
           2           1  0.97719818009573267     
           2           2   25.704637202039336     
           2           3   38.287310286670582     
           2           4   38.956540529321387     
           2           5   27.282405054044609     
           2           6  -8.3476947422724379     
           2           7  -2.3103126636953459E-012
           2           8  -4.6832996027358407E-013
           2           9   4.7812880900931511E-013
           2          10  -3.7359794550094816E-013
           2          11  -4.1269845550944047E-013
           2          12   1.3610820779240804E-013
           2          13   2.1148166345243431E-013
           2          14  -6.7417614588058576E-014
           2          15  -3.6064205971609441E-013
           2          16   1.0590999861504696E-012
           2          17   1.4979056966207503E-012
           2          18   8.9367093905041577E-013
           2          19  -4.9618638122470370E-013
           2          20  -6.8205328735147300E-013
           2          21  -4.3461544870552385E-013
           2          22  -28.649674801947796     
           2          23   5.8672457419862088E-014
           2          24  -28.649674801944830     
           2          25  -1.8198099161065801E-013
           2          26   1.3331827872193384E-012
           2          27  -28.649674801946958     
           2          28  -14.281299285771533     
           2          29  -2.2091431349795355E-013
           2          30  -14.281299285772594     
           2          31   2.0360163884382326E-013
           2          32  -4.5868885814903431E-013
           2          33  -14.281299285771842     
           2          34  -1.2903933937413863     
           2          35   1.0065850359144947E-013
           2          36  -1.2903933937409435     
           2          37  -5.8453267314127888E-014
           2          38   1.7411791885904322E-013
           2          39  -1.2903933937411052     
           2          40  -4.7307608190810851E-013
           2          41  -2.7296752261891566E-013
           2          42  -2.0265394266601053E-013
           2          43  -5.7711777214481062E-013
           2          44  -5.3512824430842410E-014
           2          45   5.1705599571446894E-014
           2          46  -9.6465370639790761E-014
           2          47  -2.0332719524607223E-013
           2          48  -2.6572941412232558E-013
           2          49  -3.1798142323798164E-013
           3           1   1.4103073949745339     
           3           2   38.287310286670582     
           3           3   62.229216697924045     
           3           4   67.403239611079428     
           3           5   47.845109890900375     
           3           6  -14.792340412160680     
           3           7  -2.3759976640081032E-012
           3           8  -5.8233070432234091E-013
           3           9   4.2224632082191663E-013
           3          10  -9.2933337762443928E-013
           3          11  -5.8695953579931211E-013
           3          12   1.9394646452193004E-013
           3          13   5.3142072481959040E-013
           3          14   2.5670755098564203E-014
           3          15  -6.1525701998685316E-013
           3          16   2.9777017396334284E-012
           3          17   2.6392540575233276E-012
           3          18   1.2709352850971606E-012
           3          19  -1.3386622150950178E-012
           3          20  -1.1962475131487399E-012
           3          21  -6.2522204502934387E-013
           3          22  -46.462063671975599     
           3          23  -3.3014043807637292E-013
           3          24  -46.462063671969204     
           3          25   3.7917233816502199E-013
           3          26   3.5955389290967905E-012
           3          27  -46.462063671974150     
           3          28  -25.288755294430601     
           3          29  -2.2274572275881238E-013
           3          30  -25.288755294432896     
           3          31   8.5908190918050997E-014
           3          32  -1.2764487822039878E-012
           3          33  -25.288755294431112     
           3          34  -2.1744696212194907     
           3          35   1.3438765687162624E-013
           3          36  -2.1744696212186154     
           3          37  -2.9665416999473672E-014
           3          38   4.2904239627369758E-013
           3          39  -2.1744696212190160     
           3          40  -1.3237016462017824E-012
           3          41  -5.0193859391181738E-013
           3          42  -5.8530361797888401E-013
           3          43  -1.0370173348427288E-012
           3          44  -4.4536386696993717E-014
           3          45   7.7047005654237955E-014
           3          46  -1.5196351314311687E-013
           3          47  -5.6386118058773343E-013
           3          48  -4.9944021709616966E-013
           3          49  -4.4243144058703793E-013
           4           1   1.7121915749446737     
           4           2   38.956540529321387     
           4           3   67.403239611079428     
           4           4   76.006967979130224     
           4           5   54.347127729314714     
           4           6  -16.908898192926230     
           4           7  -1.3930168267575171E-012
           4           8  -2.1962156175710590E-013
           4           9   4.0654520345666537E-013
           4          10  -2.7486974933177648E-013
           4          11  -1.0137140498516942E-012
           4          12   3.9236986916587505E-013
           4          13  -3.2039037872433030E-014
           4          14  -9.6688878348814504E-014
           4          15  -6.9117716200665812E-013
           4          16  -2.0502588713010222E-013
           4          17   2.0949118023298845E-012
           4          18   1.3067736236525217E-012
           4          19  -1.3146316940413335E-014
           4          20  -9.7591571280699073E-013
           4          21  -6.4762514149677835E-013
           4          22  -50.328035662968077     
           4          23   1.1302955190510939E-012
           4          24  -50.328035662966926     
           4          25  -1.7456133245773727E-012
           4          26  -1.1879579617278743E-012
           4          27  -50.328035662967054     
           4          28  -28.893354584143282     
           4          29  -7.8030745551101780E-013
           4          30  -28.893354584143740     
           4          31   8.5544699476978024E-013
           4          32   3.9748635009583135E-013
           4          33  -28.893354584143644     
           4          34  -2.4087819225227620     
           4          35   3.1196139608318985E-013
           4          36  -2.4087819225224165     
           4          37  -2.6115494595927833E-013
           4          38  -6.4672075981077684E-014
           4          39  -2.4087819225222944     
           4          40   5.5867202637149301E-014
           4          41  -4.0404146772461709E-013
           4          42   2.7853858826735748E-014
           4          43  -7.8903233832400705E-013
           4          44  -2.6077746041138657E-014
           4          45   8.0480306351867516E-014
           4          46  -1.6807002926467982E-013
           4          47   6.5685291331987762E-014
           4          48  -4.0773770212202702E-013
           4          49  -4.4742879608239947E-013
           5           1   1.1818226418295050     
           5           2   27.282405054044609     
           5           3   47.845109890900375     
           5           4   54.347127729314714     
           5           5   39.097155344218926     
           5           6  -12.169189124381425     
           5           7  -1.2719720845404034E-012
           5           8  -4.4636396461314162E-013
           5           9   6.0524000363339415E-014
           5          10  -1.0989991936774939E-012
           5          11   2.7301775565950805E-013
           5          12   2.8716649872519598E-014
           5          13   7.6726637519911985E-013
           5          14   2.0537549636819830E-013
           5          15  -4.0929287543828618E-013
           5          16   4.2114685628384453E-012
           5          17   2.2401413615841662E-012
           5          18   7.4418830211940244E-013
           5          19  -1.8350324703058764E-012
           5          20  -1.0076115802064239E-012
           5          21  -3.6729577664173212E-013
           5          22  -35.411738610747442     
           5          23  -1.5626046632101589E-012
           5          24  -35.411738610741494     
           5          25   1.6704886703076983E-012
           5          26   4.8360342690363836E-012
           5          27  -35.411738610747122     
           5          28  -20.797928264300193     
           5          29   2.8974300988173441E-013
           5          30  -20.797928264302335     
           5          31  -4.3786996778855351E-013
           5          32  -1.7348077649061596E-012
           5          33  -20.797928264300296     
           5          34  -1.7288840197595727     
           5          35  -2.6033287088133672E-014
           5          36  -1.7288840197588105     
           5          37   1.1969209613171657E-013
           5          38   5.4126010805713096E-013
           5          39  -1.7288840197592941     
           5          40  -1.8686824882526042E-012
           5          41  -4.4317755065165185E-013
           5          42  -8.4051141579643180E-013
           5          43  -9.0880962439787626E-013
           5          44  -1.2401816749535827E-016
           5          45   4.6563907483959138E-014
           5          46  -1.1260896204690676E-013
           5          47  -8.0330325934907072E-013
           5          48  -4.5079681608113077E-013
           5          49  -2.6689107991276864E-013
           6           1 -0.37589768527530665     
           6           2  -8.3476947422724379     
           6           3  -14.792340412160680     
           6           4  -16.908898192926230     
           6           5  -12.169189124381425     
           6           6   3.7916632435436881     
           6           7   3.8771093953160769E-013
           6           8   7.6472184817678233E-014
           6           9   4.4548310811729546E-015
           6          10   2.1593220802034262E-013
           6          11   3.8986582950498628E-014
           6          12  -4.7550379070049912E-014
           6          13  -1.5684879811904114E-013
           6          14  -3.7907767282912021E-015
           6          15   1.3527376026897624E-013
           6          16  -8.2971906161362174E-013
           6          17  -4.3645117903589680E-013
           6          18  -2.0029523649221214E-013
           6          19   3.6938918450189729E-013
           6          20   2.0386258498562169E-013
           6          21   1.0174099099067128E-013
           6          22   10.961757445368459     
           6          23   1.2180270383994127E-013
           6          24   10.961757445367414     
           6          25  -1.1940574323063131E-013
           6          26  -7.1879558307617145E-013
           6          27   10.961757445368422     
           6          28   6.4794934107063149     
           6          29   3.9050162173947778E-014
           6          30   6.4794934107066968     
           6          31  -5.7388733722102749E-015
           6          32   2.6211900461558262E-013
           6          33   6.4794934107063238     
           6          34  0.53590588642414994     
           6          35  -3.0074682285611831E-014
           6          36  0.53590588642399628     
           6          37   4.5961521182387378E-015
           6          38  -8.6709277277344651E-014
           6          39  0.53590588642406956     
           6          40   3.7204195719283920E-013
           6          41   8.6519102111589579E-014
           6          42   1.6775762753604804E-013
           6          43   1.6720411974470010E-013
           6          44  -6.7792688563220666E-015
           6          45  -1.4722760350246866E-014
           6          46   2.8552131753787938E-014
           6          47   1.5609492708819614E-013
           6          48   8.8927780193585900E-014
           6          49   6.8407758224062872E-014
           7           1  -1.0440790723799248E-013
           7           2  -2.3103126636953459E-012
           7           3  -2.3759976640081032E-012
           7           4  -1.3930168267575171E-012
           7           5  -1.2719720845404034E-012
           7           6   3.8771093953160769E-013
           7           7   2.0017715772594755     
           7           8  -1.0346216071377429E-014
           7           9  -7.9810832422089164E-015
           7          10   1.8583820258646289E-002
           7          11  -9.9668537312247527E-014
           7          12  -8.2946453525134447E-014
           7          13  -2.1466682375463043E-002
           7          14   1.2413518563764164E-013
           7          15   9.4734550065700393E-014
           7          16   2.3573831695113040E-002
           7          17  -2.3031880222457189E-013
           7          18  -1.2258423442990072E-013
           7          19  -8.1196260996732814E-003
           7          20   1.1379352321538868E-013
           7          21   7.9120737739302020E-014
           7          22   1.5115711369653972E-012
           7          23   1.3706373393159254E-014
           7          24   1.4985282063529000E-012
           7          25  -1.8902245352506168E-014
           7          26   1.0645555923518197E-014
           7          27   1.5177868096303583E-012
           7          28   5.4407979848628889E-013
           7          29  -6.2527187073010056E-014
           7          30   5.3884384093721267E-013
           7          31   1.0752227702481240E-014
           7          32  -2.7835996729354003E-014
           7          33   5.1755809293569721E-013
           7          34   5.5069115381113806E-014
           7          35   4.2143288451102030E-014
           7          36   6.8552893987926028E-014
           7          37  -9.0330312802063823E-015
           7          38   1.9849842279989485E-014
           7          39   8.5064897505343275E-014
           7          40  -1.0027724142398546E-002
           7          41   3.2050317261278519E-014
           7          42  -4.4845345684103310E-003
           7          43   4.5289293149064523E-014
           7          44  -1.4631958838995437E-014
           7          45   9.6729041847615414E-015
           7          46   2.5327830110999347E-014
           7          47  -4.4845345684430115E-003
           7          48   4.0169907331022474E-014
           7          49   1.3358238126759289E-014
           8           1  -2.3310958377316963E-014
           8           2  -4.6832996027358407E-013
           8           3  -5.8233070432234091E-013
           8           4  -2.1962156175710590E-013
           8           5  -4.4636396461314162E-013
           8           6   7.6472184817678233E-014
           8           7  -1.0346216071377429E-014
           8           8   2.0017715772594888     
           8           9  -5.1219879032560185E-015
           8          10  -3.2652699988311528E-014
           8          11   1.8583820258683294E-002
           8          12   8.1246858199546340E-015
           8          13   4.4914918138905335E-014
           8          14  -2.1466682375537890E-002
           8          15  -8.4426823171446309E-015
           8          16  -4.7548336795655566E-014
           8          17   2.3573831695289871E-002
           8          18   1.0239205316953107E-014
           8          19   2.4649986912761564E-014
           8          20  -8.1196260997872319E-003
           8          21  -4.9907994403852756E-015
           8          22   3.3452943654890544E-013
           8          23  -1.5917457290570687E-015
           8          24   3.3663249405460924E-013
           8          25  -6.5099243102730960E-016
           8          26   5.6723588157606496E-015
           8          27   3.4035937622589047E-013
           8          28   1.3758972172796661E-013
           8          29   2.3095142611614765E-015
           8          30   1.3748593387966230E-013
           8          31   9.7514268594045257E-016
           8          32  -2.6339178449843332E-015
           8          33   1.3713892928898898E-013
           8          34   5.2939548970728217E-014
           8          35  -3.1239879459794711E-015
           8          36   5.3735955508640166E-014
           8          37   5.9634192205250563E-016
           8          38  -1.3140777304271225E-016
           8          39   5.0291887662371484E-014
           8          40   5.6610532234158854E-015
           8          41  -4.4845345684218513E-003
           8          42   3.6105016545940146E-015
           8          43  -1.0027724142437876E-002
           8          44  -1.0659875759877472E-015
           8          45   1.4749324917524108E-015
           8          46  -8.7690271710627539E-016
           8          47   2.1173384226469771E-015
           8          48  -4.4845345684201825E-003
           8          49  -2.5045070184415145E-015
           9           1   1.6314019210073379E-014
           9           2   4.7812880900931511E-013
           9           3   4.2224632082191663E-013
           9           4   4.0654520345666537E-013
           9           5   6.0524000363339415E-014
           9           6   4.4548310811729546E-015
           9           7  -7.9810832422089164E-015
           9           8  -5.1219879032560185E-015
           9           9   2.0017715772594697     
           9          10   2.7171407485093749E-014
           9          11  -6.9805164253089444E-014
           9          12   1.8583820258647306E-002
           9          13  -2.9551448094133928E-014
           9          14   7.6657213562980583E-014
           9          15  -2.1466682375476283E-002
           9          16   1.3874318360862513E-013
           9          17  -2.6473094549839260E-013
           9          18   2.3573831695379244E-002
           9          19  -5.9743009150903273E-014
           9          20   1.2069772264977630E-013
           9          21  -8.1196260998179781E-003
           9          22  -3.4881865443680768E-013
           9          23  -2.7772258042219658E-015
           9          24  -3.5334985757360184E-013
           9          25   1.1618402002506021E-014
           9          26   8.5038630867972696E-016
           9          27  -3.4493910978280593E-013
           9          28  -8.7532179796975999E-014
           9          29   7.9003821429696136E-015
           9          30  -8.4918755536479660E-014
           9          31   4.8934469687417980E-016
           9          32  -5.5501644003181431E-015
           9          33  -8.9451458832625901E-014
           9          34  -4.7538125649610178E-015
           9          35  -9.2195561822244854E-015
           9          36  -1.1422463613106617E-015
           9          37  -9.1548628304787700E-016
           9          38   7.4476841254943070E-015
           9          39  -4.4478198700006845E-015
           9          40  -4.9556712899967475E-014
           9          41   2.8746970082149671E-014
           9          42  -1.7796094459177073E-014
           9          43   8.0291242404717522E-014
           9          44  -4.4845345684464463E-003
           9          45   2.4585831853234342E-015
           9          46  -4.4845345684443681E-003
           9          47  -2.6382541984393296E-014
           9          48   3.7208300676661051E-014
           9          49  -1.0027724142490230E-002
          10           1  -3.4937237129021003E-014
          10           2  -3.7359794550094816E-013
          10           3  -9.2933337762443928E-013
          10           4  -2.7486974933177648E-013
          10           5  -1.0989991936774939E-012
          10           6   2.1593220802034262E-013
          10           7   1.8583820258646289E-002
          10           8  -3.2652699988311528E-014
          10           9   2.7171407485093749E-014
          10          10   1.6930263793614593     
          10          11  -6.5881328170648013E-014
          10          12   3.9303629795207105E-014
          10          13  -3.4313291120184275E-002
          10          14   2.4912580678937484E-013
          10          15  -2.9660301992251757E-014
          10          16  -1.0002405275001396     
          10          17   8.3795817507059485E-013
          10          18   1.4653556146271600E-013
          10          19  0.41769591838211034     
          10          20  -3.4044989050130334E-013
          10          21  -7.1741224072498298E-014
          10          22   4.5013287301575958E-013
          10          23   4.1027389296896334E-014
          10          24   5.3421583594000889E-013
          10          25  -2.4759993065514638E-014
          10          26  -2.2849399047849954E-014
          10          27   4.2535722688810602E-013
          10          28   3.3197150185929952E-013
          10          29  -1.3764408827030225E-014
          10          30   2.9531971034937709E-013
          10          31   3.7821577637597051E-015
          10          32   1.2135376155814587E-014
          10          33   3.3216423853951571E-013
          10          34   1.1723096090244216E-013
          10          35  -3.1526908106258556E-015
          10          36   1.2054682294459874E-013
          10          37  -1.3427326565290131E-015
          10          38  -1.0402033083930730E-015
          10          39   1.1170588410407358E-013
          10          40  0.41824120047063446     
          10          41  -1.8106176280507899E-013
          10          42  0.18704315104868938     
          10          43  -3.8899265752956284E-013
          10          44  -1.9158286068688451E-014
          10          45   8.5212246126635478E-015
          10          46  -1.3693907119361180E-014
          10          47  0.18704315104869648     
          10          48  -1.8320674838312418E-013
          10          49  -4.7038761774588142E-014
          11           1  -2.6120904249553943E-014
          11           2  -4.1269845550944047E-013
          11           3  -5.8695953579931211E-013
          11           4  -1.0137140498516942E-012
          11           5   2.7301775565950805E-013
          11           6   3.8986582950498628E-014
          11           7  -9.9668537312247527E-014
          11           8   1.8583820258683294E-002
          11           9  -6.9805164253089444E-014
          11          10  -6.5881328170648013E-014
          11          11   1.6930263793614047     
          11          12   6.1157676145564464E-015
          11          13   1.6465735025450545E-013
          11          14  -3.4313291120049702E-002
          11          15   1.0580078479982431E-014
          11          16   7.1219072306227553E-013
          11          17  -1.0002405274996564     
          11          18  -1.1045331316239467E-013
          11          19  -2.9353255937003422E-013
          11          20  0.41769591838191711     
          11          21   4.7351012000262661E-014
          11          22   6.4969116471559489E-013
          11          23  -2.7221205359727733E-014
          11          24   6.3788576025521044E-013
          11          25  -2.5008574849766423E-014
          11          26   4.0103097345901388E-014
          11          27   6.9367247401710993E-013
          11          28   1.1587052453105098E-013
          11          29   1.5018575002947124E-014
          11          30   1.0551846536105157E-013
          11          31   1.0770749291181884E-014
          11          32  -1.2321166534955435E-014
          11          33   1.0389153658950070E-013
          11          34  -7.0072647001965268E-014
          11          35  -4.5627088450552508E-015
          11          36  -7.1981119470210949E-014
          11          37  -2.8170969956595202E-016
          11          38   3.0236224037437015E-015
          11          39  -8.4963529602402713E-014
          11          40  -3.2622862744524568E-013
          11          41  0.18704315104859137     
          11          42  -1.4485201232927700E-013
          11          43  0.41824120047040964     
          11          44   1.4974133044631692E-014
          11          45  -3.3404381831657767E-015
          11          46   1.9382065397088834E-014
          11          47  -1.4372357470815412E-013
          11          48  0.18704315104859637     
          11          49   4.1366216008142765E-014
          12           1   1.1531913420890093E-014
          12           2   1.3610820779240804E-013
          12           3   1.9394646452193004E-013
          12           4   3.9236986916587505E-013
          12           5   2.8716649872519598E-014
          12           6  -4.7550379070049912E-014
          12           7  -8.2946453525134447E-014
          12           8   8.1246858199546340E-015
          12           9   1.8583820258647306E-002
          12          10   3.9303629795207105E-014
          12          11   6.1157676145564464E-015
          12          12   1.6930263793611160     
          12          13   1.4460654895742036E-014
          12          14  -3.2921582127088217E-014
          12          15  -3.4313291119422301E-002
          12          16   1.1177170300414001E-013
          12          17   2.7700064464397466E-014
          12          18  -1.0002405274976811     
          12          19  -4.8010206921135009E-014
          12          20  -1.5164952626989090E-014
          12          21  0.41769591838112657     
          12          22  -3.0061599506418552E-013
          12          23  -1.1278640668258375E-014
          12          24  -3.2411509102335939E-013
          12          25   1.1376136628241466E-014
          12          26  -9.5502276142053948E-015
          12          27  -3.2397979950052128E-013
          12          28  -8.1075929994254803E-014
          12          29   3.7598392452886033E-015
          12          30  -7.1536250219176833E-014
          12          31  -2.8792589049134134E-015
          12          32   6.6480120024099284E-015
          12          33  -6.8513247922874166E-014
          12          34   1.8697605300862667E-014
          12          35   2.5454673523077053E-015
          12          36   1.8096315766804614E-014
          12          37  -5.3463249095749808E-016
          12          38  -3.3676940272719085E-015
          12          39   1.5932060066364432E-014
          12          40  -4.6476711368371329E-014
          12          41   1.5959455978988337E-015
          12          42  -1.9081958235745004E-014
          12          43  -6.1721461275254023E-015
          12          44  0.18704315104816685     
          12          45  -8.3118991171846142E-016
          12          46  0.18704315104816413     
          12          47  -2.0657087151932330E-014
          12          48   1.8908485888150329E-015
          12          49  0.41824120046945490     
          13           1   2.2465002118603377E-014
          13           2   2.1148166345243431E-013
          13           3   5.3142072481959040E-013
          13           4  -3.2039037872433030E-014
          13           5   7.6726637519911985E-013
          13           6  -1.5684879811904114E-013
          13           7  -2.1466682375463043E-002
          13           8   4.4914918138905335E-014
          13           9  -2.9551448094133928E-014
          13          10  -3.4313291120184275E-002
          13          11   1.6465735025450545E-013
          13          12   1.4460654895742036E-014
          13          13  0.41889729345797194     
          13          14  -4.0187352143977799E-013
          13          15  -3.8435400695479773E-014
          13          16   2.2288012158202117     
          13          17  -6.9519390244465518E-013
          13          18  -2.7547408798545641E-015
          13          19 -0.93667286030669894     
          13          20   2.6223706366124033E-013
          13          21  -4.6386505747604037E-015
          13          22  -1.6808346129454135E-013
          13          23  -2.4063259010244688E-014
          13          24  -2.2065828823116679E-013
          13          25   1.6121693462680558E-014
          13          26   3.5196684364394828E-014
          13          27  -1.1640255700357032E-013
          13          28  -1.6800262341151100E-013
          13          29  -7.9914784854168488E-016
          13          30  -1.5969027397372196E-013
          13          31  -1.2585175583986235E-014
          13          32  -7.7568486952008803E-015
          13          33  -1.9058344172408645E-013
          13          34  -8.1118544077696081E-014
          13          35   6.2066004766104418E-016
          13          36  -8.7116783850765323E-014
          13          37   1.3418680189133914E-015
          13          38   6.6176248066613162E-015
          13          39  -8.4833257670897072E-014
          13          40 -0.97600045332565144     
          13          41   1.6866217623923119E-013
          13          42 -0.43648067194134921     
          13          43   4.0030869244422835E-013
          13          44   1.1126516374915869E-014
          13          45   1.0265099704271845E-014
          13          46   1.6268236757710778E-014
          13          47 -0.43648067194135615     
          13          48   1.6909813393278746E-013
          13          49   8.8644369622425950E-015
          14           1   6.9599963490590392E-016
          14           2  -6.7417614588058576E-014
          14           3   2.5670755098564203E-014
          14           4  -9.6688878348814504E-014
          14           5   2.0537549636819830E-013
          14           6  -3.7907767282912021E-015
          14           7   1.2413518563764164E-013
          14           8  -2.1466682375537890E-002
          14           9   7.6657213562980583E-014
          14          10   2.4912580678937484E-013
          14          11  -3.4313291120049702E-002
          14          12  -3.2921582127088217E-014
          14          13  -4.0187352143977799E-013
          14          14  0.41889729345772003     
          14          15   2.2316783837572793E-014
          14          16  -2.1342823341985251E-013
          14          17   2.2288012158199222     
          14          18   2.6222080062864024E-014
          14          19   5.9043915590083585E-014
          14          20 -0.93667286030658525     
          14          21  -1.2339955446360385E-014
          14          22   6.5942961337999166E-014
          14          23   1.1445539088152929E-014
          14          24   9.6790002255963992E-014
          14          25   9.1600524387944113E-015
          14          26  -3.6445734957828547E-014
          14          27   2.4587111068460873E-014
          14          28  -4.1648527026036371E-014
          14          29   8.5761332276471295E-015
          14          30  -6.5542943358999640E-014
          14          31  -3.7422318912810893E-015
          14          32   1.5954865377636089E-014
          14          33  -2.7273799875244993E-014
          14          34  -3.1794526067055785E-014
          14          35  -7.8969954443405142E-015
          14          36  -2.7364966806234432E-014
          14          37   4.1225932397928301E-015
          14          38  -3.5455655436646302E-015
          14          39  -4.3195227227415860E-014
          14          40   1.9452126541474823E-013
          14          41 -0.43648067194127060     
          14          42   9.2132356431517669E-014
          14          43 -0.97600045332546725     
          14          44  -1.3160913331366764E-014
          14          45  -5.0555004251953126E-015
          14          46  -4.3311708386450063E-015
          14          47   9.7636200339923197E-014
          14          48 -0.43648067194126577     
          14          49  -9.8549640670237851E-015
          15           1  -2.5280647197210977E-014
          15           2  -3.6064205971609441E-013
          15           3  -6.1525701998685316E-013
          15           4  -6.9117716200665812E-013
          15           5  -4.0929287543828618E-013
          15           6   1.3527376026897624E-013
          15           7   9.4734550065700393E-014
          15           8  -8.4426823171446309E-015
          15           9  -2.1466682375476283E-002
          15          10  -2.9660301992251757E-014
          15          11   1.0580078479982431E-014
          15          12  -3.4313291119422301E-002
          15          13  -3.8435400695479773E-014
          15          14   2.2316783837572793E-014
          15          15  0.41889729345662496     
          15          16  -7.2698791431237344E-014
          15          17   3.2689129181307262E-014
          15          18   2.2288012158186352     
          15          19   3.0888486213243532E-014
          15          20  -1.2031174667637305E-014
          15          21 -0.93667286030613317     
          15          22   5.7576227714134378E-013
          15          23   4.0814486390713643E-015
          15          24   5.9682900225766652E-013
          15          25  -4.4983189623608109E-015
          15          26   5.5013258527167547E-015
          15          27   5.9448008855028558E-013
          15          28   2.2359496186899978E-013
          15          29   2.1846454692928987E-017
          15          30   2.1510930535216278E-013
          15          31   2.8212010849642622E-015
          15          32   3.2183906654176941E-015
          15          33   2.1903499175597259E-013
          15          34   1.3285567676740514E-014
          15          35   2.4001286891973435E-015
          15          36   1.7880845196652123E-014
          15          37  -2.9374910787644744E-015
          15          38  -2.0508300498278475E-015
          15          39   1.6981991120014779E-014
          15          40   3.9881292712707199E-014
          15          41  -5.0536831663895611E-015
          15          42   1.8654348898916671E-014
          15          43  -2.7909966004990972E-014
          15          44 -0.43648067194090162     
          15          45  -5.8567401507833192E-017
          15          46 -0.43648067194090168     
          15          47   1.3261093612104970E-014
          15          48  -5.3316726034149099E-015
          15          49 -0.97600045332463903     
          16           1   9.2571392675420238E-014
          16           2   1.0590999861504696E-012
          16           3   2.9777017396334284E-012
          16           4  -2.0502588713010222E-013
          16           5   4.2114685628384453E-012
          16           6  -8.2971906161362174E-013
          16           7   2.3573831695113040E-002
          16           8  -4.7548336795655566E-014
          16           9   1.3874318360862513E-013
          16          10  -1.0002405275001396     
          16          11   7.1219072306227553E-013
          16          12   1.1177170300414001E-013
          16          13   2.2288012158202117     
          16          14  -2.1342823341985251E-013
          16          15  -7.2698791431237344E-014
          16          16   12.264854760314583     
          16          17   6.6559258105058843E-012
          16          18   4.7584158835435441E-013
          16          19  -5.1529896252261604     
          16          20  -2.9600731588086372E-012
          16          21  -2.2348789485704974E-013
          16          22  -1.2434075071770379E-012
          16          23   5.7236867048619120E-014
          16          24  -1.2317845326220836E-012
          16          25   3.6491552544998941E-015
          16          26  -1.5420586079824562E-013
          16          27  -1.5172688229044900E-012
          16          28  -8.9985262356413285E-013
          16          29  -7.4020989430971059E-014
          16          30  -9.5568559855062712E-013
          16          31  -3.4955517954606674E-014
          16          32   7.5627933104208552E-014
          16          33  -8.2332779772555455E-013
          16          34  -4.5523945362889282E-013
          16          35   2.9027403859823851E-014
          16          36  -4.5311393693273840E-013
          16          37  -2.5043393530418430E-015
          16          38   3.0244049906967518E-016
          16          39  -5.2819925444260621E-013
          16          40  -5.3612271582057174     
          16          41  -1.1242127020971705E-012
          16          42  -2.3976136737131779     
          16          43  -2.4012042354470948E-012
          16          44  -4.4894643558282058E-014
          16          45   5.0824998443055253E-014
          16          46  -1.7479073743943286E-014
          16          47  -2.3976136737132201     
          16          48  -1.1202896249562483E-012
          16          49  -1.7991164114051066E-013
