           1           1   2.0000059852492469     
           1           2   4.8835356160552117E-006
           1           3  -4.5710366671957949E-004
           1           4  -4.2605620872051040E-005
           1           5  -3.3476999077250663E-004
           1           6  -7.6045240499530604E-005
           1           7  -7.9261468626828557E-012
           1           8  -8.0033068011454665E-012
           1           9   6.7240451742548729E-012
           1          10  -4.4193973886676891E-012
           1          11   3.6083269475969030E-011
           1          12  -1.3196149101614289E-010
           1          13  -1.5680252405417313E-012
           1          14  -1.3092724746431236E-012
           1          15  -1.3772808507415630E-013
           1          16  -3.4234866731832112E-010
           1          17  -4.2304495133461211E-012
           1          18   3.4525084496184796E-011
           1          19  -8.2836540372092527E-013
           1          20   1.1659170805413755E-013
           1          21   1.8055447567407111E-012
           1          22  -1.9747075392609432E-005
           1          23   6.5367377369256263E-011
           1          24  -1.9746653261211114E-005
           1          25   6.0554808394159288E-011
           1          26  -8.0778989433369160E-011
           1          27  -1.9746626869174337E-005
           1          28  -1.1859261625845801E-005
           1          29  -1.3998772444369922E-013
           1          30  -1.1859274576126771E-005
           1          31  -7.6991496336133123E-013
           1          32   7.3686335675636284E-013
           1          33  -1.1859278550219467E-005
           1          34   5.9223817726587237E-006
           1          35   1.9205223438546133E-013
           1          36   5.9223827289756908E-006
           1          37  -2.3918004984086227E-013
           1          38   1.8540096472150062E-013
           1          39   5.9223832665278264E-006
           1          40  -6.5702242858424725E-013
           1          41  -5.7840775100486861E-013
           1          42  -1.0577926845764715E-012
           1          43  -8.7256257378365599E-013
           1          44   4.9330159873101411E-013
           1          45   1.6059691606008653E-013
           1          46   5.7087075047049149E-013
           1          47  -7.4776149653201125E-013
           1          48  -3.0184551917008518E-013
           1          49   2.3633602083680917E-013
           2           1   4.8835356160552117E-006
           2           2   1.9996163705660273     
           2           3  -4.8300211630900366E-003
           2           4   5.9281893728291150E-004
           2           5  -5.3544822695477823E-003
           2           6   2.0267031764479690E-004
           2           7   3.6023547396123032E-011
           2           8  -3.3106604822597651E-011
           2           9  -8.5039465899190555E-011
           2          10   1.2193459815053699E-010
           2          11   4.4218912619039555E-010
           2          12  -1.3541192784255595E-009
           2          13  -1.2518256440495314E-011
           2          14  -1.0236585137894360E-011
           2          15   1.1708153797885249E-012
           2          16  -1.9984391993610089E-009
           2          17  -4.2837477539174510E-011
           2          18   2.3136255667616899E-010
           2          19   6.5778954293497218E-012
           2          20   1.1600559797429308E-011
           2          21   2.2223414236087540E-011
           2          22   2.8086379982582700E-005
           2          23   5.0770053774051453E-010
           2          24   2.8090399573766961E-005
           2          25   5.8440004433431447E-010
           2          26  -6.0687946544898823E-010
           2          27   2.8090909799868808E-005
           2          28   4.4134802197132194E-004
           2          29  -6.8996614443349699E-013
           2          30   4.4134793449316170E-004
           2          31  -7.1235006635565129E-012
           2          32   5.3666480122424665E-012
           2          33   4.4134790706475157E-004
           2          34   2.8960965306844304E-004
           2          35   9.1391902494876958E-013
           2          36   2.8960965932513585E-004
           2          37  -1.2015442893012486E-012
           2          38   1.0870215160386750E-012
           2          39   2.8960966277013036E-004
           2          40   8.3158758839226179E-012
           2          41   2.6023286000110109E-012
           2          42  -3.9661161701959732E-013
           2          43   7.3831595112457881E-012
           2          44   7.1129705132861694E-012
           2          45   1.0805906415413324E-012
           2          46   7.7684054565399628E-012
           2          47   1.1650123044333403E-012
           2          48   3.9435422273730681E-012
           2          49   1.1381767398662663E-011
           3           1  -4.5710366671957949E-004
           3           2  -4.8300211630900366E-003
           3           3   1.9687093197237822     
           3           4   1.7460848187171068E-002
           3           5  -4.5021906510992964E-002
           3           6  -1.5304301335368900E-003
           3           7  -2.3801316373198963E-010
           3           8  -2.2606689682334440E-010
           3           9   1.3706800912980248E-010
           3          10   3.3231423310591812E-010
           3          11   1.3783716317663244E-009
           3          12  -4.0887393159502639E-009
           3          13  -5.2143986200388207E-011
           3          14   2.2403704621918554E-012
           3          15   3.2490945810093186E-011
           3          16  -1.2737733274072269E-008
           3          17   2.8241154778198673E-010
           3          18   1.0398522401279981E-009
           3          19  -1.1427340733711761E-010
           3          20  -2.3992669141758704E-010
           3          21  -2.5359040698679887E-011
           3          22   4.9480539045340709E-004
           3          23   1.6741533959032119E-009
           3          24   4.9481937260884359E-004
           3          25   1.7434866890018619E-009
           3          26  -2.3905747770317882E-009
           3          27   4.9482018706093964E-004
           3          28   4.3170373699567806E-003
           3          29  -3.7255729381449085E-011
           3          30   4.3170372618073147E-003
           3          31  -9.6064564726514535E-012
           3          32   1.5071699595623037E-011
           3          33   4.3170372203899391E-003
           3          34   6.8196376786287868E-003
           3          35   1.0372298869455955E-011
           3          36   6.8196375789326049E-003
           3          37  -9.7146922407050189E-012
           3          38   5.1736890009375100E-012
           3          39   6.8196375513037526E-003
           3          40  -1.2395478592263442E-010
           3          41  -9.8390129570089065E-011
           3          42  -5.5131013311405685E-011
           3          43  -2.3947910262303915E-010
           3          44  -9.5771040314222856E-012
           3          45   6.3828608887206527E-012
           3          46  -4.4113547976788958E-012
           3          47  -4.8594505303773582E-011
           3          48  -1.0495878139357896E-010
           3          49  -2.6071550034322428E-011
           4           1  -4.2605620872051040E-005
           4           2   5.9281893728291150E-004
           4           3   1.7460848187171068E-002
           4           4   3.4051098149629833E-004
           4           5   9.8297040729670680E-003
           4           6   6.5850818828736728E-004
           4           7  -5.0532672888982588E-011
           4           8  -3.2630798524708861E-011
           4           9  -1.4391309081114911E-010
           4          10   7.8234207711216480E-010
           4          11  -2.0954631389354842E-010
           4          12   2.3491306907446223E-009
           4          13   5.2595579213771767E-011
           4          14   1.0867039321829457E-011
           4          15  -1.8247218458452225E-011
           4          16   1.9058882699598486E-008
           4          17  -8.9361138411134689E-010
           4          18  -6.9176777767734651E-009
           4          19   3.6959290008733119E-011
           4          20  -4.4428004239412410E-012
           4          21  -4.5160011133576953E-011
           4          22   1.2255222229113152E-005
           4          23  -1.6061900323171072E-009
           4          24   1.2252584447075700E-005
           4          25  -5.1339938793458779E-010
           4          26   2.5115495480924954E-009
           4          27   1.2255315273216918E-005
           4          28  -1.1878024327177216E-004
           4          29   4.0603177377319350E-012
           4          30  -1.1878008587050684E-004
           4          31   1.3970013118512896E-011
           4          32  -1.8173283230023611E-011
           4          33  -1.1878005784361233E-004
           4          34  -1.9014555686628346E-004
           4          35  -3.0553048630187405E-012
           4          36  -1.9014555273839687E-004
           4          37   5.3717824439180549E-012
           4          38  -2.3042064184046942E-012
           4          39  -1.9014555634525577E-004
           4          40   4.0524540165930088E-011
           4          41   2.3901505539517089E-012
           4          42   2.6496461529051021E-011
           4          43   1.3712047500842399E-012
           4          44  -1.5894088349766101E-011
           4          45  -1.9686434655907506E-012
           4          46  -1.7114286069439116E-011
           4          47   2.3488759119779267E-011
           4          48  -5.1105471316751923E-013
           4          49  -2.6754893828452185E-011
           5           1  -3.3476999077250663E-004
           5           2  -5.3544822695477823E-003
           5           3  -4.5021906510992964E-002
           5           4   9.8297040729670680E-003
           5           5   1.9485629629095123     
           5           6   1.4644040162681254E-002
           5           7  -4.3531543816740509E-010
           5           8  -2.3631883645057778E-010
           5           9   4.7702099145004807E-010
           5          10   1.8137998903225938E-010
           5          11   4.0991514433093350E-009
           5          12  -8.0978918737988550E-009
           5          13   4.3450863810358471E-010
           5          14  -1.4422725741469868E-009
           5          15  -5.2239640852893942E-010
           5          16  -3.9194179961102558E-008
           5          17  -5.8470692736504651E-009
           5          18  -1.4769060321285217E-009
           5          19  -4.4465323820411623E-011
           5          20   2.9747869968158444E-009
           5          21   6.3700446884901605E-010
           5          22   4.2800079119862040E-004
           5          23   2.2597134389694999E-009
           5          24   4.2802976399660168E-004
           5          25   2.6268605232898644E-009
           5          26  -4.8786294895311794E-009
           5          27   4.2803049928764045E-004
           5          28   3.0581904701004366E-003
           5          29  -1.4138084362791356E-011
           5          30   3.0581842963545332E-003
           5          31   1.0851015188256724E-010
           5          32   7.4788530194414662E-011
           5          33   3.0581820253577866E-003
           5          34  -4.7948352546299880E-004
           5          35   1.5531540314137091E-010
           5          36  -4.7948140810837730E-004
           5          37  -3.4504204420106183E-011
           5          38   4.9228142927145694E-011
           5          39  -4.7948053429373860E-004
           5          40   2.7029942105011643E-010
           5          41  -5.2257585772579918E-010
           5          42  -5.1416349563562871E-010
           5          43  -4.5005688071780397E-010
           5          44   1.9257345584299160E-010
           5          45   1.7586403451937274E-011
           5          46   1.0853728774826010E-010
           5          47  -1.2805641530438933E-010
           5          48  -1.9911649883407802E-010
           5          49  -5.6941039075465164E-010
           6           1  -7.6045240499530604E-005
           6           2   2.0267031764479690E-004
           6           3  -1.5304301335368900E-003
           6           4   6.5850818828736728E-004
           6           5   1.4644040162681254E-002
           6           6   3.0797169971014228E-003
           6           7   1.6688864696597582E-010
           6           8   1.6017716314639192E-010
           6           9  -3.8547617528833688E-010
           6          10   2.7558067338530974E-010
           6          11  -7.4011721385407865E-011
           6          12   3.4812909718365629E-011
           6          13   8.7507302649465417E-012
           6          14   9.2701709893678798E-011
           6          15   1.0912998675487184E-010
           6          16  -1.5666262452223076E-008
           6          17   3.6008532751081889E-009
           6          18   1.8492750458372027E-008
           6          19  -5.0104926743077257E-011
           6          20  -6.7281294672833437E-011
           6          21   2.0762549084324510E-012
           6          22   3.3984587456800773E-005
           6          23  -3.8901472663183859E-010
           6          24   3.3970322498774669E-005
           6          25  -1.6021097856496606E-009
           6          26  -2.0942646550502203E-010
           6          27   3.3966249352407239E-005
           6          28  -8.2735265467957938E-004
           6          29  -6.1592062492071428E-012
           6          30  -8.2735194727677041E-004
           6          31   1.8164914885093160E-011
           6          32  -1.5547143667535409E-011
           6          33  -8.2735167383393596E-004
           6          34  -1.2549116962199895E-003
           6          35  -1.0445079297658801E-011
           6          36  -1.2549117944521421E-003
           6          37   9.4489398140408293E-012
           6          38  -1.3085113631298579E-011
           6          39  -1.2549118343027103E-003
           6          40  -7.1663347810916873E-011
           6          41   2.7591094798770435E-011
           6          42   2.1285440645988951E-011
           6          43   2.9141116051468238E-011
           6          44   1.3927856817346190E-011
           6          45  -1.0303779690629251E-011
           6          46   9.2689087309630966E-012
           6          47  -1.0974150663222142E-012
           6          48   7.3242535550450602E-012
           6          49   9.3468279552438243E-011
           7           1  -7.9261468626828557E-012
           7           2   3.6023547396123032E-011
           7           3  -2.3801316373198963E-010
           7           4  -5.0532672888982588E-011
           7           5  -4.3531543816740509E-010
           7           6   1.6688864696597582E-010
           7           7   1.9998884277813282     
           7           8   6.9720860045101103E-012
           7           9   7.1459688329504047E-012
           7          10  -6.3439953565691022E-006
           7          11   1.0765266495286521E-010
           7          12   2.5731012899297241E-010
           7          13   8.1910425688701532E-004
           7          14  -6.4262159025587635E-011
           7          15  -1.9479258871604859E-010
           7          16  -2.9006956494803202E-003
           7          17   8.2172936831074116E-010
           7          18   5.2721668251192631E-010
           7          19   1.2698044950952723E-003
           7          20  -2.0089045359929449E-010
           7          21  -2.9074280771750675E-010
           7          22   6.0232627509057140E-010
           7          23  -8.0243850903832556E-011
           7          24  -1.6747061047281442E-010
           7          25  -2.5038781500909358E-011
           7          26  -5.1445234135014290E-011
           7          27  -2.5767453271016325E-010
           7          28   1.8492117789683901E-010
           7          29   2.1605938505787403E-011
           7          30   1.5907949753960114E-010
           7          31  -4.3929943484186795E-011
           7          32  -4.5848819741608034E-011
           7          33   8.6593872283978828E-011
           7          34  -6.9578005356097944E-011
           7          35  -6.5910544427032960E-011
           7          36   2.4347170996191955E-011
           7          37   2.7468820910297201E-011
           7          38   7.2061908716593942E-011
           7          39   6.5481211025529118E-011
           7          40   8.1117381608203018E-004
           7          41  -7.1331024116079933E-011
           7          42   3.6276794652352715E-004
           7          43  -1.1624632910672263E-010
           7          44  -8.6105937187937982E-011
           7          45   4.7312154598005621E-011
           7          46  -6.6615019020839496E-011
           7          47   3.6276792599804301E-004
           7          48  -1.0619762712133497E-010
           7          49  -2.1283226497097342E-010
           8           1  -8.0033068011454665E-012
           8           2  -3.3106604822597651E-011
           8           3  -2.2606689682334440E-010
           8           4  -3.2630798524708861E-011
           8           5  -2.3631883645057778E-010
           8           6   1.6017716314639192E-010
           8           7   6.9720860045101103E-012
           8           8   1.9998884277726194     
           8           9   2.4190641629942230E-011
           8          10   6.9899970524091886E-011
           8          11  -6.3439366250160781E-006
           8          12  -1.3756345593583296E-010
           8          13  -2.9843585921518835E-011
           8          14   8.1910433008720645E-004
           8          15  -8.2286917542234642E-011
           8          16   1.5279302760604465E-010
           8          17  -2.9006967150214877E-003
           8          18   6.2634524981096271E-010
           8          19  -7.9074043966271413E-012
           8          20   1.2698045266920394E-003
           8          21  -1.3166963171778988E-010
           8          22   5.9584928068654002E-010
           8          23  -3.5791680543626653E-011
           8          24  -1.3962990333734497E-010
           8          25  -8.4827422976012329E-011
           8          26   1.6564942841058604E-010
           8          27  -2.3312426630800560E-010
           8          28   1.0981328930438738E-010
           8          29   1.3117828741469585E-011
           8          30   6.5301880204926187E-011
           8          31  -2.5344813561611840E-011
           8          32  -1.0836087270378289E-011
           8          33   8.5800467995789679E-011
           8          34  -3.3641925698364945E-011
           8          35  -3.1317095410283488E-011
           8          36   1.2219503855860506E-011
           8          37   7.7496718044472221E-012
           8          38   1.2971904975278547E-011
           8          39   6.8327092251820910E-012
           8          40  -2.7969515432928050E-013
           8          41   3.6276791680570693E-004
           8          42   1.2656391645934297E-011
           8          43   8.1117377799401220E-004
           8          44  -4.2667189560502196E-011
           8          45  -1.5401984634340216E-012
           8          46  -3.4456701076508751E-011
           8          47  -1.5156009028305952E-011
           8          48   3.6276792481013250E-004
           8          49  -6.9567794182422268E-011
           9           1   6.7240451742548729E-012
           9           2  -8.5039465899190555E-011
           9           3   1.3706800912980248E-010
           9           4  -1.4391309081114911E-010
           9           5   4.7702099145004807E-010
           9           6  -3.8547617528833688E-010
           9           7   7.1459688329504047E-012
           9           8   2.4190641629942230E-011
           9           9   1.9998884277513018     
           9          10  -1.9574141391841486E-010
           9          11   1.6351825993236945E-010
           9          12  -6.3439040190806229E-006
           9          13   9.8928688346670781E-011
           9          14  -2.7952384448886183E-010
           9          15   8.1910446956352974E-004
           9          16   2.0838119574768465E-009
           9          17   1.6075153332629479E-009
           9          18  -2.9006989699492600E-003
           9          19   1.0137439730381968E-010
           9          20  -3.8275957726043134E-010
           9          21   1.2698048631992124E-003
           9          22   8.8264372006906756E-011
           9          23   3.0793494249843427E-011
           9          24   2.0283725310086338E-011
           9          25  -1.6871243890919873E-011
           9          26  -2.7089153287970777E-011
           9          27   8.2190500614311285E-011
           9          28  -1.0744059809637187E-010
           9          29  -4.4648733226824434E-011
           9          30  -2.3666534218143965E-011
           9          31   5.9811483090491667E-011
           9          32   9.2007158035515815E-012
           9          33  -1.2277802113222586E-010
           9          34   7.3271205056394835E-011
           9          35   7.7261723107014675E-011
           9          36   1.9899576074721656E-012
           9          37  -1.4082126097093744E-011
           9          38  -1.6159220726350321E-011
           9          39   7.9454907708410495E-011
           9          40   9.7533684950838846E-011
           9          41  -1.1368238777117825E-011
           9          42  -9.1972716753423048E-012
           9          43  -1.9700270365613789E-010
           9          44   3.6276805535331397E-004
           9          45   4.7651555344415290E-011
           9          46   3.6276806477928054E-004
           9          47   8.9650747696573402E-011
           9          48  -8.4934002138693213E-011
           9          49   8.1117390443854554E-004
          10           1  -4.4193973886676891E-012
          10           2   1.2193459815053699E-010
          10           3   3.3231423310591812E-010
          10           4   7.8234207711216480E-010
          10           5   1.8137998903225938E-010
          10           6   2.7558067338530974E-010
          10           7  -6.3439953565691022E-006
          10           8   6.9899970524091886E-011
          10           9  -1.9574141391841486E-010
          10          10   2.0178870464494518     
          10          11   5.7980046035845560E-010
          10          12  -1.4600237181776176E-009
          10          13  -1.0491565076992681E-002
          10          14  -4.8323903199608050E-010
          10          15   1.3038601585575209E-009
          10          16   3.1802734586952687E-002
          10          17   5.9381119519880857E-009
          10          18  -4.3518400672908038E-009
          10          19  -1.5862987214859424E-002
          10          20  -3.7716113876924591E-010
          10          21   1.6319813978282795E-009
          10          22   6.6552966103659298E-009
          10          23  -4.5240471638794276E-010
          10          24  -2.9825959212690192E-009
          10          25  -1.1761012536681414E-009
          10          26  -4.8034504167041580E-010
          10          27  -4.5627689728530432E-009
          10          28  -2.5184639076612684E-010
          10          29   5.0716696808426573E-011
          10          30  -3.7676021530873476E-011
          10          31  -1.6014945057846905E-010
          10          32  -4.3562655566414765E-011
          10          33  -7.1418261630393575E-010
          10          34  -1.5526576159046535E-010
          10          35  -1.8237232522173396E-010
          10          36  -2.3392047774521135E-010
          10          37   1.2951232458148178E-010
          10          38  -3.5711791966875448E-011
          10          39   5.5691242428726332E-011
          10          40  -9.8238550705682260E-003
          10          41  -3.7764022448602770E-011
          10          42  -4.3933615107237109E-003
          10          43  -3.8995711092707768E-010
          10          44   1.5533271582232268E-010
          10          45  -1.5335919930252883E-010
          10          46   3.1190852575796044E-010
          10          47  -4.3933612608900545E-003
          10          48  -2.9853491728962547E-010
          10          49   6.3943213169500207E-010
          11           1   3.6083269475969030E-011
          11           2   4.4218912619039555E-010
          11           3   1.3783716317663244E-009
          11           4  -2.0954631389354842E-010
          11           5   4.0991514433093350E-009
          11           6  -7.4011721385407865E-011
          11           7   1.0765266495286521E-010
          11           8  -6.3439366250160781E-006
          11           9   1.6351825993236945E-010
          11          10   5.7980046035845560E-010
          11          11   2.0178870472725805     
          11          12  -2.1829578984646141E-009
          11          13  -3.3096989294568546E-010
          11          14  -1.0491564769939090E-002
          11          15   1.0468701351500413E-009
          11          16   1.1079372436406823E-009
          11          17   3.1802722617926209E-002
          11          18   1.3531939371714949E-009
          11          19  -3.8087426998974187E-010
          11          20  -1.5862989495225403E-002
          11          21   1.3490913252656846E-009
          11          22   6.6583900723347743E-009
          11          23  -2.2393897635326830E-010
          11          24  -2.8718862689828270E-009
          11          25  -1.5334187769917803E-009
          11          26   2.0231421904663977E-009
          11          27  -4.9423326868067354E-009
          11          28  -5.1371773739738852E-010
          11          29   1.3955682219884877E-011
          11          30  -8.5718590398662648E-010
          11          31   7.6587484327942422E-011
          11          32  -6.1658328137107333E-011
          11          33  -1.1045084744867959E-009
          11          34  -6.6869356617749166E-010
          11          35  -1.0798019421532374E-010
          11          36  -5.7035028798805547E-010
          11          37  -2.8750968363285583E-011
          11          38   8.1601067264494565E-011
          11          39  -7.1175849547643323E-010
          11          40  -7.9415053039638575E-011
          11          41  -4.3933623821090437E-003
          11          42  -8.7256375328591397E-012
          11          43  -9.8238569836850958E-003
          11          44   1.9174394903237314E-010
          11          45  -1.9991945120542254E-010
          11          46   3.4798359989777323E-010
          11          47   2.0877515473139285E-010
          11          48  -4.3933624681840675E-003
          11          49   5.2660922765143601E-010
          12           1  -1.3196149101614289E-010
          12           2  -1.3541192784255595E-009
          12           3  -4.0887393159502639E-009
          12           4   2.3491306907446223E-009
          12           5  -8.0978918737988550E-009
          12           6   3.4812909718365629E-011
          12           7   2.5731012899297241E-010
          12           8  -1.3756345593583296E-010
          12           9  -6.3439040190806229E-006
          12          10  -1.4600237181776176E-009
          12          11  -2.1829578984646141E-009
          12          12   2.0178870526754240     
          12          13   9.6476962455004151E-010
          12          14   1.6135810931171417E-009
          12          15  -1.0491568251549399E-002
          12          16   2.7724910504500420E-008
          12          17   3.7251100438301804E-009
          12          18   3.1802713042380949E-002
          12          19   1.0181971815209915E-009
          12          20   2.2976847498437619E-009
          12          21  -1.5862994735899871E-002
          12          22   2.7779979783804550E-009
          12          23  -5.4367450574163241E-010
          12          24   1.1132624373352319E-010
          12          25   1.1695809802388828E-009
          12          26  -3.7846863108355504E-010
          12          27  -2.4005051420636527E-010
          12          28   6.8771016598064092E-010
          12          29   1.3969141725327696E-010
          12          30   9.5712582241024070E-010
          12          31   3.5508553581773537E-010
          12          32   1.2869265868605754E-010
          12          33   2.6095896473035949E-009
          12          34   1.6631493589907956E-009
          12          35   3.6684071584779553E-010
          12          36   1.5019058452938355E-009
          12          37  -1.4401115320177970E-011
          12          38  -1.2505274226250565E-010
          12          39   1.6286361704993503E-009
          12          40   1.1689585256924511E-010
          12          41   6.3892659678607993E-010
          12          42   2.4068315173407278E-011
          12          43   1.7022773537325975E-009
          12          44  -4.3933632701112875E-003
          12          45   5.7356426393244919E-010
          12          46  -4.3933635877367282E-003
          12          47  -6.7964916429828783E-010
          12          48   1.1762605205108126E-009
          12          49  -9.8238591019617939E-003
          13           1  -1.5680252405417313E-012
          13           2  -1.2518256440495314E-011
          13           3  -5.2143986200388207E-011
          13           4   5.2595579213771767E-011
          13           5   4.3450863810358471E-010
          13           6   8.7507302649465417E-012
          13           7   8.1910425688701532E-004
          13           8  -2.9843585921518835E-011
          13           9   9.8928688346670781E-011
          13          10  -1.0491565076992681E-002
          13          11  -3.3096989294568546E-010
          13          12   9.6476962455004151E-010
          13          13   6.0589786196599575E-005
          13          14  -1.0327291972562706E-011
          13          15  -9.3011878458587880E-011
          13          16   2.1808936154263693E-003
          13          17  -6.2561990223455800E-009
          13          18   1.1581160169113390E-009
          13          19   8.9300085901549900E-005
          13          20  -3.5114986026158040E-011
          13          21  -1.1652470618664231E-010
          13          22  -9.1667613928536677E-009
          13          23   9.6154745960050559E-010
          13          24   3.6508638491866245E-009
          13          25   9.3138390356388673E-010
          13          26   6.7468225081015712E-010
          13          27   5.5159117994745778E-009
          13          28   5.2260757210734000E-011
          13          29  -4.3520436208590541E-012
          13          30  -8.5432756393027253E-012
          13          31  -1.2168434629565373E-012
          13          32   4.0477572475737817E-012
          13          33  -2.8483798637445895E-011
          13          34   3.3653600460682757E-011
          13          35   1.1841743963711775E-011
          13          36   6.7930319206696704E-012
          13          37   2.2573811746456186E-015
          13          38   5.6416804784676204E-012
          13          39   1.3135251356065492E-011
          13          40   5.8289001913314746E-005
          13          41  -5.0038694451032611E-012
          13          42   2.6067634671562097E-005
          13          43  -2.3262651198205875E-011
          13          44  -3.2199044306519783E-011
          13          45   2.8513152962373066E-012
          13          46  -3.2217861395189789E-011
          13          47   2.6067627460007542E-005
          13          48   7.7369163470132746E-012
          13          49  -6.3336482092418676E-011
          14           1  -1.3092724746431236E-012
          14           2  -1.0236585137894360E-011
          14           3   2.2403704621918554E-012
          14           4   1.0867039321829457E-011
          14           5  -1.4422725741469868E-009
          14           6   9.2701709893678798E-011
          14           7  -6.4262159025587635E-011
          14           8   8.1910433008720645E-004
          14           9  -2.7952384448886183E-010
          14          10  -4.8323903199608050E-010
          14          11  -1.0491564769939090E-002
          14          12   1.6135810931171417E-009
          14          13  -1.0327291972562706E-011
          14          14   6.0589815528095730E-005
          14          15  -5.4166383213875623E-011
          14          16   8.8080021902497553E-011
          14          17   2.1809001393487308E-003
          14          18  -5.2860805198960654E-009
          14          19  -1.4450290854704936E-011
          14          20   8.9300425704122915E-005
          14          21  -9.7280551736168554E-011
          14          22  -8.0604856971706916E-009
          14          23   4.4947001999134861E-010
          14          24   3.1344978339067214E-009
          14          25   1.7173788697362169E-009
          14          26  -2.3879642765604094E-009
          14          27   4.9340377420540296E-009
          14          28   2.5606676783953979E-011
          14          29  -2.0814409860992208E-012
          14          30  -4.8151854842698832E-011
          14          31  -6.1584487719377386E-012
          14          32   9.4751269497061300E-012
          14          33  -5.7475896426864992E-011
          14          34  -3.7358383026502238E-011
          14          35  -1.4890181326919521E-011
          14          36  -2.5177599125357975E-011
          14          37  -3.5294477907161101E-012
          14          38   7.6563008475761537E-012
          14          39  -3.3787415040321275E-011
          14          40  -1.2519393605813675E-012
          14          41   2.6067655641442091E-005
          14          42  -4.6413453735086386E-012
          14          43   5.8289037125731333E-005
          14          44  -1.9040285639154536E-011
          14          45   5.1616698795761377E-012
          14          46  -2.0733477364278296E-011
          14          47  -2.3189393552917170E-012
          14          48   2.6067660425019440E-005
          14          49  -4.4934654593011447E-011
          15           1  -1.3772808507415630E-013
          15           2   1.1708153797885249E-012
          15           3   3.2490945810093186E-011
          15           4  -1.8247218458452225E-011
          15           5  -5.2239640852893942E-010
          15           6   1.0912998675487184E-010
          15           7  -1.9479258871604859E-010
          15           8  -8.2286917542234642E-011
          15           9   8.1910446956352974E-004
          15          10   1.3038601585575209E-009
          15          11   1.0468701351500413E-009
          15          12  -1.0491568251549399E-002
          15          13  -9.3011878458587880E-011
          15          14  -5.4166383213875623E-011
          15          15   6.0589945420628055E-005
          15          16  -3.4957992052686321E-008
          15          17  -1.1208611154901243E-008
          15          18   2.1809192214757036E-003
          15          19  -8.9365429348417148E-011
          15          20  -6.5639370025810637E-011
          15          21   8.9300712799618404E-005
          15          22  -1.1872357933583915E-009
          15          23  -2.8664324418967302E-010
          15          24   1.0503975954363716E-009
          15          25  -3.8730005627370386E-010
          15          26   2.8076813093651507E-010
          15          27   1.2405180226694746E-010
          15          28  -2.0171729935717174E-011
          15          29  -4.8564333548016413E-014
          15          30  -3.0579536766613546E-011
          15          31   2.7918489800971098E-012
          15          32  -6.0656097195069855E-012
          15          33  -4.5004462065662699E-011
          15          34  -4.2175057464165770E-011
          15          35  -3.1821301380390588E-012
          15          36  -3.1169618477071106E-011
          15          37  -8.5096705942167235E-012
          15          38   1.2314635203655622E-011
          15          39  -6.3360816814884606E-011
          15          40  -9.3389418699408815E-011
          15          41  -2.4219354121495200E-011
          15          42  -4.1701988908695384E-011
          15          43  -4.8269351480346255E-011
          15          44   2.6067705632220711E-005
          15          45  -3.6005227623578639E-014
          15          46   2.6067709095165116E-005
          15          47  -4.1940246266687953E-011
          15          48  -2.5275956869248951E-011
          15          49   5.8289152551526076E-005
          16           1  -3.4234866731832112E-010
          16           2  -1.9984391993610089E-009
          16           3  -1.2737733274072269E-008
          16           4   1.9058882699598486E-008
          16           5  -3.9194179961102558E-008
          16           6  -1.5666262452223076E-008
          16           7  -2.9006956494803202E-003
          16           8   1.5279302760604465E-010
          16           9   2.0838119574768465E-009
          16          10   3.1802734586952687E-002
          16          11   1.1079372436406823E-009
          16          12   2.7724910504500420E-008
          16          13   2.1808936154263693E-003
          16          14   8.8080021902497553E-011
          16          15  -3.4957992052686321E-008
          16          16  0.98628134341038953     
          16          17   2.5261334065434342E-008
          16          18   8.7555533202332421E-008
          16          19   2.0931420260144099E-003
          16          20  -1.0716413620318374E-008
          16          21  -4.2884126476760597E-008
          16          22   2.6745870219229205E-008
          16          23  -4.6590741053663303E-009
          16          24  -1.0042758713581262E-008
          16          25  -2.1867901148446570E-009
          16          26  -1.2160779290299395E-009
          16          27  -1.9444362863910242E-008
          16          28   7.8385742633904732E-009
          16          29   4.4415179118587055E-010
          16          30   6.5223585834008010E-009
          16          31   6.1217272961005127E-010
          16          32   3.0132167637643063E-009
          16          33   4.3600582127386404E-009
          16          34   2.3660818663840156E-008
          16          35   4.4410885852909163E-009
          16          36   8.3658280801325974E-009
          16          37  -9.6024936890831154E-011
          16          38   2.1433407153157160E-009
          16          39   1.2931882405225874E-008
          16          40   2.3910832060544352E-003
          16          41   4.0459615680420651E-010
          16          42   1.0693252382788215E-003
          16          43  -4.8680248664812939E-009
          16          44  -1.2668623195633886E-008
          16          45   8.3457972135221802E-010
          16          46  -1.2323820791452565E-008
          16          47   1.0693227866586509E-003
          16          48   5.1611423208899390E-009
          16          49  -2.4018296155110386E-008
