           1           1   1.9934674116106308     
           1           2   6.6003547496311828E-003
           1           3  -2.1965519352762770E-002
           1           4  -6.1382904083053212E-003
           1           5   6.0565121149998603E-015
           1           6   2.8905378239839753E-014
           1           7   2.6899373911095393E-015
           1           8  -6.2396233354430507E-015
           1           9  -9.0840659999735361E-015
           1          10   4.8672353163462304E-015
           1          11   1.3596754455032020E-015
           1          12   2.2567444754042246E-015
           1          13  -2.0205127567161346E-016
           1          14   7.5065504743473672E-004
           1          15  -9.0977305274188760E-005
           1          16   1.0722308475979545E-003
           1          17  -1.2330559212450358E-004
           1          18   5.3185865526196162E-004
           1          19   1.3566646607289711E-003
           1          20   4.9957145947512197E-003
           1          21  -6.7052599485527674E-005
           1          22   5.2327241804758758E-003
           1          23  -9.0879373712518093E-005
           1          24   3.9199342821902804E-004
           1          25   5.4423591768555431E-003
           1          26  -1.0137939735640500E-015
           1          27  -6.8257865049579488E-015
           1          28   1.6753118797532031E-015
           1          29  -9.8605706920109026E-015
           1          30  -1.4206125789215731E-015
           1          31  -2.7633164668574822E-017
           1          32  -1.0094832939223487E-015
           1          33  -1.5356978383285762E-015
           1          34  -4.5172303300583372E-015
           1          35  -1.3775640343633757E-015
           2           1   6.6003547496311828E-003
           2           2   2.8241535152925904E-004
           2           3   1.2637565062295479E-002
           2           4  -1.0233497975871680E-003
           2           5   8.0409833213972130E-016
           2           6   3.5642968219666263E-016
           2           7  -1.3774111611073478E-016
           2           8  -3.3742473295153107E-016
           2           9  -8.5336821529229981E-016
           2          10  -1.4518700469159763E-015
           2          11  -3.6556328230228096E-017
           2          12  -1.7702372211182929E-016
           2          13  -1.2955233855043153E-016
           2          14  -5.7377458960496591E-005
           2          15  -4.7231682140979020E-005
           2          16   1.0957149541613865E-004
           2          17  -6.4015201451800136E-005
           2          18   2.7611917932174313E-004
           2          19   2.5723785392080039E-004
           2          20  -1.0299963685036787E-004
           2          21  -1.0376874438137182E-004
           2          22   2.6378982876795195E-004
           2          23  -1.4064239885701815E-004
           2          24   6.0663815601554570E-004
           2          25   5.8821512996886890E-004
           2          26  -2.5707388676035686E-016
           2          27  -3.2378157548832438E-017
           2          28  -1.4606752086229392E-016
           2          29  -1.4597926585155101E-016
           2          30  -1.4971912964560933E-017
           2          31   4.2732376623800295E-017
           2          32   2.6469100646195346E-017
           2          33  -1.0000891399888576E-016
           2          34  -9.4643048506297978E-017
           2          35  -1.0984083598519953E-016
           3           1  -2.1965519352762770E-002
           3           2   1.2637565062295479E-002
           3           3   1.9001776678631099     
           3           4   6.3505953086681194E-003
           3           5   3.5076147793186526E-014
           3           6   1.0980441973045759E-014
           3           7  -2.4084583553935867E-014
           3           8  -1.4341256541637542E-014
           3           9   4.3193970663964365E-015
           3          10   4.7128746859374893E-014
           3          11  -5.6120995655021793E-015
           3          12  -4.1293337415534711E-015
           3          13  -1.7838426233976418E-015
           3          14   6.0400546979867808E-003
           3          15  -3.5416062790068030E-004
           3          16   7.2918996844678610E-003
           3          17  -4.8000965773646554E-004
           3          18   2.0704436971807905E-003
           3          19   8.3991565622841581E-003
           3          20   4.8617031640427839E-003
           3          21  -1.3088237279576852E-003
           3          22   9.4879783209367852E-003
           3          23  -1.7739071043686881E-003
           3          24   7.6514605160566788E-003
           3          25   1.3579919322409050E-002
           3          26  -1.0187573338903209E-014
           3          27  -7.2380259608837174E-016
           3          28  -7.3225871609340857E-015
           3          29  -4.9372317005427809E-015
           3          30  -1.4641234279384992E-016
           3          31   3.8139640575822567E-015
           3          32   5.7279433442903564E-015
           3          33  -3.5708002844821534E-015
           3          34  -3.4714390499531003E-015
           3          35  -3.5691081315075768E-015
           4           1  -6.1382904083053212E-003
           4           2  -1.0233497975871680E-003
           4           3   6.3505953086681194E-003
           4           4   6.3544444633712796E-003
           4           5  -3.2359085941569692E-015
           4           6  -1.0969972463518117E-015
           4           7  -1.7492967257736342E-016
           4           8   5.5434728071502814E-015
           4           9  -1.3057307947292699E-014
           4          10  -1.3759159707460137E-014
           4          11  -6.0752421742299430E-017
           4          12   1.1576276907508412E-015
           4          13   1.0331809919335850E-015
           4          14   6.1275243846230806E-004
           4          15   2.6661325810080388E-004
           4          16  -3.2964052179870420E-004
           4          17   3.6135281803206841E-004
           4          18  -1.5586367206019932E-003
           4          19  -1.1631871454508640E-003
           4          20   9.2114405170790189E-004
           4          21   5.6933878836975291E-004
           4          22  -1.0912872523191946E-003
           4          23   7.7165020407643200E-004
           4          24  -3.3283878795105325E-003
           4          25  -2.8712828271625634E-003
           4          26   1.0812914500004027E-015
           4          27   4.8664536938087051E-017
           4          28   5.8668578509169714E-016
           4          29   4.6310828893288701E-016
           4          30   8.3235589278741383E-017
           4          31  -6.8502575946914743E-017
           4          32   2.6318424099651320E-017
           4          33   4.4091771839372270E-016
           4          34   2.4791297822318796E-016
           4          35   4.3024822727440704E-016
           5           1   6.0565121149998603E-015
           5           2   8.0409833213972130E-016
           5           3   3.5076147793186526E-014
           5           4  -3.2359085941569692E-015
           5           5   3.1501337191299781E-008
           5           6  -1.3587602894726764E-007
           5           7  -1.8415898077935375E-007
           5           8  -2.4409619024935352E-005
           5           9   1.0528692982179707E-004
           5          10   1.4270006405876778E-004
           5          11   3.3077274164015275E-007
           5          12  -1.4267342091705854E-006
           5          13  -1.9337160106481454E-006
           5          14  -1.9878375992941079E-016
           5          15  -1.4778709392611503E-016
           5          16   3.2301740914902862E-016
           5          17  -2.0059062544766943E-016
           5          18   8.6440435191758686E-016
           5          19   7.8545172621706176E-016
           5          20  -3.8050775757267825E-016
           5          21  -3.2862804269548144E-016
           5          22   7.7635343482708135E-016
           5          23  -4.4406696528708649E-016
           5          24   1.9118215709956092E-015
           5          25   1.7986848529730828E-015
           5          26   2.9673083375513701E-008
           5          27  -4.6412233187771882E-008
           5          28  -5.5523212723287795E-008
           5          29   8.5109236328060195E-008
           5          30  -6.2904546276636580E-008
           5          31  -1.0962699953399784E-007
           5          32   3.2459197623557044E-007
           5          33  -1.1415086323696400E-007
           5          34   4.9237122051322651E-007
           5          35   3.7081618838151182E-007
           6           1   2.8905378239839753E-014
           6           2   3.5642968219666263E-016
           6           3   1.0980441973045759E-014
           6           4  -1.0969972463518117E-015
           6           5  -1.3587602894726764E-007
           6           6   5.8607973148446975E-007
           6           7   7.9434059739488501E-007
           6           8   1.0528702578822310E-004
           6           9  -4.5413849695836219E-004
           6          10  -6.1551412618068770E-004
           6          11  -1.4267358348990149E-006
           6          12   6.1539920520853498E-006
           6          13   8.3407777594656819E-006
           6          14  -5.7034308791094858E-017
           6          15  -4.8930011864841140E-017
           6          16   1.1841573737295182E-016
           6          17  -6.5073927362409480E-017
           6          18   2.8418285221297488E-016
           6          19   2.6971431503646032E-016
           6          20  -4.7085930818618141E-017
           6          21  -9.7297156748759174E-017
           6          22   3.1724912085450236E-016
           6          23  -1.3763918749550690E-016
           6          24   6.0916571427198441E-016
           6          25   6.4343883392660295E-016
           6          26  -1.2799014566275391E-007
           6          27   2.0019181731341682E-007
           6          28   2.3949058458757657E-007
           6          29  -3.6710521171733775E-007
           6          30   2.7132879785051252E-007
           6          31   4.7285870030296882E-007
           6          32  -1.4000760822056833E-006
           6          33   4.9237166991835045E-007
           6          34  -2.1237652803428897E-006
           6          35  -1.5994569005330154E-006
           7           1   2.6899373911095393E-015
           7           2  -1.3774111611073478E-016
           7           3  -2.4084583553935867E-014
           7           4  -1.7492967257736342E-016
           7           5  -1.8415898077935375E-007
           7           6   7.9434059739488501E-007
           7           7   1.0766060499507015E-006
           7           8   1.4270030930896296E-004
           7           9  -6.1551462300224534E-004
           7          10  -8.3423437534166616E-004
           7          11  -1.9337201655955997E-006
           7          12   8.3407861770534300E-006
           7          13   1.1304636608760635E-005
           7          14  -7.9201099350448649E-017
           7          15   8.5940606570630825E-019
           7          16  -7.8853121954265120E-017
           7          17   2.8496159001258111E-018
           7          18  -7.5516701630707029E-018
           7          19  -8.3813559457483358E-017
           7          20  -6.2493236196006294E-017
           7          21   1.6483283513435072E-017
           7          22  -9.3079441483618571E-017
           7          23   1.4522868527413418E-017
           7          24  -4.1659359415168243E-017
           7          25  -1.1479919908995424E-016
           7          26  -1.7347088340505823E-007
           7          27   2.7132910287739750E-007
           7          28   3.2459251499774275E-007
           7          29  -4.9755444100365200E-007
           7          30   3.6774429791166263E-007
           7          31   6.4088696862225860E-007
           7          32  -1.8975869865361872E-006
           7          33   6.6733378653553288E-007
           7          34  -2.8784359719131307E-006
           7          35  -2.1678169054894767E-006
           8           1  -6.2396233354430507E-015
           8           2  -3.3742473295153107E-016
           8           3  -1.4341256541637542E-014
           8           4   5.5434728071502814E-015
           8           5  -2.4409619024935352E-005
           8           6   1.0528702578822310E-004
           8           7   1.4270030930896296E-004
           8           8   1.8914419325254724E-002
           8           9  -8.1584277824402085E-002
           8          10 -0.11057480440768137     
           8          11  -2.5630774205672238E-004
           8          12   1.1055415928602191E-003
           8          13   1.4983894440955788E-003
           8          14   5.6767064282494137E-016
           8          15   1.8313923034477077E-016
           8          16   3.6909477529442062E-016
           8          17   4.7153428340989920E-016
           8          18  -1.4056581727325716E-015
           8          19  -5.0483003985703075E-016
           8          20   1.4785404435570465E-015
           8          21   1.5968665376817416E-015
           8          22  -4.9739227585134418E-016
           8          23   1.1281012387489990E-015
           8          24  -2.0847019661260380E-015
           8          25  -1.5381355418971513E-015
           8          26  -2.2992949667275583E-005
           8          27   3.5963709201616515E-005
           8          28   4.3023585360376800E-005
           8          29  -6.5949074531506199E-005
           8          30   4.8743200970312817E-005
           8          31   8.4947292148941308E-005
           8          32  -2.5151841746735149E-004
           8          33   8.8452723960916429E-005
           8          34  -3.8152646786339145E-004
           8          35  -2.8733643374260484E-004
           9           1  -9.0840659999735361E-015
           9           2  -8.5336821529229981E-016
           9           3   4.3193970663964365E-015
           9           4  -1.3057307947292699E-014
           9           5   1.0528692982179707E-004
           9           6  -4.5413849695836219E-004
           9           7  -6.1551462300224534E-004
           9           8  -8.1584277824402085E-002
           9           9  0.35190054072884352     
           9          10  0.47694647179202826     
           9          11   1.1055418449236064E-003
           9          12  -4.7685742241058964E-003
           9          13  -6.4630596686107251E-003
           9          14  -1.6215627121688813E-015
           9          15  -3.1509504144306023E-016
           9          16  -2.4434683983762881E-015
           9          17  -1.3903062632930815E-015
           9          18   3.2870990818181736E-015
           9          19  -1.5850738106472420E-016
           9          20  -5.0244906165676674E-015
           9          21  -5.8533553815157664E-015
           9          22  -1.5814488967502759E-016
           9          23  -3.4638193737535497E-015
           9          24   2.9444557924774679E-015
           9          25   1.0967407300478849E-015
           9          26   9.9176356482317854E-005
           9          27  -1.5512362249382318E-004
           9          28  -1.8557525244014268E-004
           9          29   2.8446062902161772E-004
           9          30  -2.1024588604224101E-004
           9          31  -3.6640635717832403E-004
           9          32   1.0848838706463437E-003
           9          33  -3.8152646834456119E-004
           9          34   1.6456524948650810E-003
           9          35   1.2393790703492226E-003
          10           1   4.8672353163462304E-015
          10           2  -1.4518700469159763E-015
          10           3   4.7128746859374893E-014
          10           4  -1.3759159707460137E-014
          10           5   1.4270006405876778E-004
          10           6  -6.1551412618068770E-004
          10           7  -8.3423437534166616E-004
          10           8 -0.11057480440768137     
          10           9  0.47694647179202826     
          10          10  0.64642679003482073     
          10          11   1.4983900884683833E-003
          10          12  -6.4630609744308889E-003
          10          13  -8.7596725470805194E-003
          10          14  -1.7020556184368093E-015
          10          15  -2.7324907550679207E-016
          10          16  -3.3597018975504553E-015
          10          17  -1.6758740194556566E-015
          10          18   3.5559503968223062E-015
          10          19  -7.4367828099376240E-016
          10          20  -6.0983688177365403E-015
          10          21  -7.6121178579005657E-015
          10          22  -6.3811694086901229E-016
          10          23  -4.2593383139427976E-015
          10          24   2.1130254055708402E-015
          10          25   5.8492032388716828E-017
          10          26   1.3441813192858462E-004
          10          27  -2.1024595269672242E-004
          10          28  -2.5151840267117375E-004
          10          29   3.8554215658379416E-004
          10          30  -2.8495561089206527E-004
          10          31  -4.9660685072100961E-004
          10          32   1.4703914161006049E-003
          10          33  -5.1709981063207961E-004
          10          34   2.2304261016366095E-003
          10          35   1.6797856394072169E-003
          11           1   1.3596754455032020E-015
          11           2  -3.6556328230228096E-017
          11           3  -5.6120995655021793E-015
          11           4  -6.0752421742299430E-017
          11           5   3.3077274164015275E-007
          11           6  -1.4267358348990149E-006
          11           7  -1.9337201655955997E-006
          11           8  -2.5630774205672238E-004
          11           9   1.1055418449236064E-003
          11          10   1.4983900884683833E-003
          11          11   3.4732051515057873E-006
          11          12  -1.4981103281212094E-005
          11          13  -2.0304552232538239E-005
          11          14  -2.1834867528403141E-017
          11          15   1.7355336416261947E-019
          11          16  -2.8529473639543432E-017
          11          17  -2.7909329410018205E-018
          11          18   3.5251647001419772E-018
          11          19  -2.4988457661611139E-017
          11          20  -2.6351608677463080E-017
          11          21  -1.4307193734610290E-017
          11          22  -2.5491532857073332E-017
          11          23  -5.3496738414196823E-018
          11          24  -1.4612587027559494E-017
          11          25  -3.4310880076456348E-017
          11          26   3.1157557158387174E-007
          11          27  -4.8734126821134972E-007
          11          28  -5.8300906992048652E-007
          11          29   8.9367048986438866E-007
          11          30  -6.6051511106327171E-007
          11          31  -1.1511137756926444E-006
          11          32   3.4083054075395870E-006
          11          33  -1.1986155941313158E-006
          11          34   5.1700338155438240E-006
          11          35   3.8936724028775458E-006
          12           1   2.2567444754042246E-015
          12           2  -1.7702372211182929E-016
          12           3  -4.1293337415534711E-015
          12           4   1.1576276907508412E-015
          12           5  -1.4267342091705854E-006
          12           6   6.1539920520853498E-006
          12           7   8.3407861770534300E-006
          12           8   1.1055415928602191E-003
          12           9  -4.7685742241058964E-003
          12          10  -6.4630609744308889E-003
          12          11  -1.4981103281212094E-005
          12          12   6.4618542738554318E-005
          12          13   8.7580370523907453E-005
          12          14   1.0631535968391863E-016
          12          15   4.7645391701962472E-017
          12          16  -3.5865877308011107E-017
          12          17   7.7628756788311773E-017
          12          18  -2.9811929628842643E-016
          12          19  -2.0243968544564942E-016
          12          20   2.0894020317281203E-016
          12          21   1.7277051849639719E-016
          12          22  -1.8732699481090760E-016
          12          23   1.7359784616866267E-016
          12          24  -5.8622709417229499E-016
          12          25  -4.9650322560040282E-016
          12          26  -1.3439303508394835E-006
          12          27   2.1020669824544768E-006
          12          28   2.5147144235276703E-006
          12          29  -3.8547017305400037E-006
          12          30   2.8490240760325157E-006
          12          31   4.9651413060357438E-006
          12          32  -1.4701168833095677E-005
          12          33   5.1700326432971201E-006
          12          34  -2.2300096648319739E-005
          12          35  -1.6794720111889879E-005
          13           1  -2.0205127567161346E-016
          13           2  -1.2955233855043153E-016
          13           3  -1.7838426233976418E-015
          13           4   1.0331809919335850E-015
          13           5  -1.9337160106481454E-006
          13           6   8.3407777594656819E-006
          13           7   1.1304636608760635E-005
          13           8   1.4983894440955788E-003
          13           9  -6.4630596686107251E-003
          13          10  -8.7596725470805194E-003
          13          11  -2.0304552232538239E-005
          13          12   8.7580370523907453E-005
          13          13   1.1870155184617710E-004
          13          14   9.9769373623273915E-017
          13          15   3.9981502719000149E-017
          13          16  -6.0017593455390561E-018
          13          17   7.1879797237246551E-017
          13          18  -2.6027394249316676E-016
          13          19  -1.5487402542182555E-016
          13          20   2.0323952239484747E-016
          13          21   1.8112746588728529E-016
          13          22  -1.4637335258929113E-016
          13          23   1.6340270535899633E-016
          13          24  -4.8448759120316567E-016
          13          25  -3.9960025285789414E-016
          13          26  -1.8214882771508347E-006
          13          27   2.8490244036344220E-006
          13          28   3.4083037413185559E-006
          13          29  -5.2244478366797912E-006
          13          30   3.8614084074908553E-006
          13          31   6.7294757333906546E-006
          13          32  -1.9925144687127693E-005
          13          33   7.0071740297928687E-006
          13          34  -3.0224307828803938E-005
          13          35  -2.2762627380747759E-005
          14           1   7.5065504743473672E-004
          14           2  -5.7377458960496591E-005
          14           3   6.0400546979867808E-003
          14           4   6.1275243846230806E-004
          14           5  -1.9878375992941079E-016
          14           6  -5.7034308791094858E-017
          14           7  -7.9201099350448649E-017
          14           8   5.6767064282494137E-016
          14           9  -1.6215627121688813E-015
          14          10  -1.7020556184368093E-015
          14          11  -2.1834867528403141E-017
          14          12   1.0631535968391863E-016
          14          13   9.9769373623273915E-017
          14          14   7.6932291656197404E-005
          14          15   2.4246050407878278E-005
          14          16  -8.7697751349143171E-006
          14          17   3.2861751549940712E-005
          14          18  -1.4174383083954557E-004
          14          19  -8.4573258029077331E-005
          14          20   1.0434898370559774E-004
          14          21   4.9760189369827773E-005
          14          22  -7.1537438723109765E-005
          14          23   6.7442199609818877E-005
          14          24  -2.9090097830906676E-004
          14          25  -2.2710898568501726E-004
          14          26   7.2264628452371342E-017
          14          27  -1.5473290253087647E-018
          14          28   3.7351748298973577E-017
          14          29   2.4225280940101725E-017
          14          30   5.1291198057288051E-018
          14          31   4.3704032433503284E-018
          14          32   1.5864452073582809E-017
          14          33   3.0685712605805403E-017
          14          34   9.3508171755635249E-018
          14          35   2.6648374629734624E-017
          15           1  -9.0977305274188760E-005
          15           2  -4.7231682140979020E-005
          15           3  -3.5416062790068030E-004
          15           4   2.6661325810080388E-004
          15           5  -1.4778709392611503E-016
          15           6  -4.8930011864841140E-017
          15           7   8.5940606570630825E-019
          15           8   1.8313923034477077E-016
          15           9  -3.1509504144306023E-016
          15          10  -2.7324907550679207E-016
          15          11   1.7355336416261947E-019
          15          12   4.7645391701962472E-017
          15          13   3.9981502719000149E-017
          15          14   2.4246050407878278E-005
          15          15   1.1433905869699453E-005
          15          16  -1.6169165522132703E-005
          15          17   1.5496881647656962E-005
          15          18  -6.6843283298995940E-005
          15          19  -5.1916426145674448E-005
          15          20   3.7852174390344385E-005
          15          21   2.4527972019064140E-005
          15          22  -4.8846395495421988E-005
          15          23   3.3243852357799420E-005
          15          24  -1.4339196014529721E-004
          15          25  -1.2553128442180313E-004
          15          26   4.9191597727486592E-017
          15          27   1.7206102024518878E-018
          15          28   2.7520878318364020E-017
          15          29   2.0929081237189467E-017
          15          30   3.0786873365281229E-018
          15          31  -4.4816209734585205E-018
          15          32  -2.7415764752713161E-019
          15          33   1.9465954135682195E-017
          15          34   1.2542888863644823E-017
          15          35   1.9930251826482736E-017
          16           1   1.0722308475979545E-003
          16           2   1.0957149541613865E-004
          16           3   7.2918996844678610E-003
          16           4  -3.2964052179870420E-004
          16           5   3.2301740914902862E-016
          16           6   1.1841573737295182E-016
          16           7  -7.8853121954265120E-017
          16           8   3.6909477529442062E-016
          16           9  -2.4434683983762881E-015
          16          10  -3.3597018975504553E-015
          16          11  -2.8529473639543432E-017
          16          12  -3.5865877308011107E-017
          16          13  -6.0017593455390561E-018
          16          14  -8.7697751349143171E-006
          16          15  -1.6169165522132703E-005
          16          16   4.8383075482205875E-005
          16          17  -2.1914789832268823E-005
          16          18   9.4525888256089078E-005
          16          19   9.8934774576679813E-005
          16          20  -2.9446398250201702E-005
          16          21  -3.6938380360117166E-005
          16          22   1.0111901320631285E-004
          16          23  -5.0064231394526214E-005
          16          24   2.1594393515169435E-004
          16          25   2.1660412696831180E-004
          16          26  -1.0215753350358773E-016
          16          27  -6.7758641471958506E-018
          16          28  -5.8905015526303383E-017
          16          29  -5.1317061818685858E-017
          16          30  -4.5965796346520883E-018
          16          31   2.2226963144904635E-017
          16          32   1.0865992922663990E-017
          16          33  -3.6021609059753554E-017
          16          34  -4.4036386771326378E-017
          16          35  -5.0616054632481259E-017
          17           1  -1.2330559212450358E-004
          17           2  -6.4015201451800136E-005
          17           3  -4.8000965773646554E-004
          17           4   3.6135281803206841E-004
          17           5  -2.0059062544766943E-016
          17           6  -6.5073927362409480E-017
          17           7   2.8496159001258111E-018
          17           8   4.7153428340989920E-016
          17           9  -1.3903062632930815E-015
          17          10  -1.6758740194556566E-015
          17          11  -2.7909329410018205E-018
          17          12   7.7628756788311773E-017
          17          13   7.1879797237246551E-017
          17          14   3.2861751549940712E-005
          17          15   1.5496881647656962E-005
          17          16  -2.1914789832268823E-005
          17          17   2.1003613597861444E-005
          17          18  -9.0595677630200198E-005
          17          19  -7.0364643576388883E-005
          17          20   5.1302737105202916E-005
          17          21   3.3243852427555666E-005
          17          22  -6.6203694356900010E-005
          17          23   4.5056873069129474E-005
          17          24  -1.9434550718922758E-004
          17          25  -1.7013813822004090E-004
          17          26   6.6400090650780307E-017
          17          27   2.7566335786800440E-018
          17          28   3.7808239611452762E-017
          17          29   2.7587472291245718E-017
          17          30   4.7481800477085870E-018
          17          31  -5.0711902621306348E-018
          17          32  -3.3411892753524640E-018
          17          33   2.7427412073303491E-017
          17          34   1.2495353861025254E-017
          17          35   2.3619852504593325E-017
          18           1   5.3185865526196162E-004
          18           2   2.7611917932174313E-004
          18           3   2.0704436971807905E-003
          18           4  -1.5586367206019932E-003
          18           5   8.6440435191758686E-016
          18           6   2.8418285221297488E-016
          18           7  -7.5516701630707029E-018
          18           8  -1.4056581727325716E-015
          18           9   3.2870990818181736E-015
          18          10   3.5559503968223062E-015
          18          11   3.5251647001419772E-018
          18          12  -2.9811929628842643E-016
          18          13  -2.6027394249316676E-016
          18          14  -1.4174383083954557E-004
          18          15  -6.6843283298995940E-005
          18          16   9.4525888256089078E-005
          18          17  -9.0595677630200198E-005
          18          18   3.9076974859749087E-004
          18          19   3.0350646726843422E-004
          18          20  -2.2128602838859961E-004
          18          21  -1.4339196078711207E-004
          18          22   2.8555888825171393E-004
          18          23  -1.9434550765130880E-004
          18          24   8.3827779607545817E-004
          18          25   7.3386323960000939E-004
          18          26  -2.8716970554687885E-016
          18          27  -1.0695783499719820E-017
          18          28  -1.6165070734852670E-016
          18          29  -1.2118453283931107E-016
          18          30  -1.8861534554294264E-017
          18          31   2.4695217206468054E-017
          18          32   6.0576797115842673E-018
          18          33  -1.1536579784822609E-016
          18          34  -6.6568799095928052E-017
          18          35  -1.1142406595015047E-016
          19           1   1.3566646607289711E-003
          19           2   2.5723785392080039E-004
          19           3   8.3991565622841581E-003
          19           4  -1.1631871454508640E-003
          19           5   7.8545172621706176E-016
          19           6   2.6971431503646032E-016
          19           7  -8.3813559457483358E-017
          19           8  -5.0483003985703075E-016
          19           9  -1.5850738106472420E-016
          19          10  -7.4367828099376240E-016
          19          11  -2.4988457661611139E-017
          19          12  -2.0243968544564942E-016
          19          13  -1.5487402542182555E-016
          19          14  -8.4573258029077331E-005
          19          15  -5.1916426145674448E-005
          19          16   9.8934774576679813E-005
          19          17  -7.0364643576388883E-005
          19          18   3.0350646726843422E-004
          19          19   2.6124763881016740E-004
          19          20  -1.4778842089804115E-004
          19          21  -1.1362326983403296E-004
          19          22   2.5383365370490463E-004
          19          23  -1.5399867578167744E-004
          19          24   6.6424828769432267E-004
          19          25   6.0906839809549476E-004
          19          26  -2.5558508854812717E-016
          19          27  -1.2728215578481158E-017
          19          28  -1.4563247704179873E-016
          19          29  -1.1569955319612571E-016
          19          30  -1.4998467717624431E-017
          19          31   3.4884998428610732E-017
          19          32   1.5730437750324630E-017
          19          33  -9.8289745097729574E-017
          19          34  -7.7172138539580402E-017
          19          35  -1.0834853065959948E-016
          20           1   4.9957145947512197E-003
          20           2  -1.0299963685036787E-004
          20           3   4.8617031640427839E-003
          20           4   9.2114405170790189E-004
          20           5  -3.8050775757267825E-016
          20           6  -4.7085930818618141E-017
          20           7  -6.2493236196006294E-017
          20           8   1.4785404435570465E-015
          20           9  -5.0244906165676674E-015
          20          10  -6.0983688177365403E-015
          20          11  -2.6351608677463080E-017
          20          12   2.0894020317281203E-016
          20          13   2.0323952239484747E-016
          20          14   1.0434898370559774E-004
          20          15   3.7852174390344385E-005
          20          16  -2.9446398250201702E-005
          20          17   5.1302737105202916E-005
          20          18  -2.2128602838859961E-004
          20          19  -1.4778842089804115E-004
          20          20   1.5936322431074818E-004
          20          21   8.0009118139419199E-005
          20          22  -1.2344352824658061E-004
          20          23   1.0843991933819677E-004
          20          24  -4.6773798661801978E-004
          20          25  -3.7358611210881482E-004
          20          26   1.3226385044257417E-016
          20          27  -1.3352313180527457E-017
          20          28   7.6828519415902441E-017
          20          29   2.5361804756868320E-017
          20          30   9.3340731749983883E-018
          20          31   1.1603790642409909E-018
          20          32   3.2412205969721729E-018
          20          33   5.5530325110275090E-017
          20          34   9.2229624144303933E-019
          20          35   4.0058573702604444E-017
          21           1  -6.7052599485527674E-005
          21           2  -1.0376874438137182E-004
          21           3  -1.3088237279576852E-003
          21           4   5.6933878836975291E-004
          21           5  -3.2862804269548144E-016
          21           6  -9.7297156748759174E-017
          21           7   1.6483283513435072E-017
          21           8   1.5968665376817416E-015
          21           9  -5.8533553815157664E-015
          21          10  -7.6121178579005657E-015
          21          11  -1.4307193734610290E-017
          21          12   1.7277051849639719E-016
          21          13   1.8112746588728529E-016
          21          14   4.9760189369827773E-005
          21          15   2.4527972019064140E-005
          21          16  -3.6938380360117166E-005
          21          17   3.3243852427555666E-005
          21          18  -1.4339196078711207E-004
          21          19  -1.1362326983403296E-004
          21          20   8.0009118139419199E-005
          21          21   5.2988274571917470E-005
          21          22  -1.0728755780032671E-004
          21          23   7.1817367350819787E-005
          21          24  -3.0977255487890187E-004
          21          25  -2.7295147613347229E-004
          21          26   1.0669592211233394E-016
          21          27   5.5510553216511740E-018
          21          28   6.3266357980367289E-017
          21          29   4.0729027694317796E-017
          21          30   1.0253809510831419E-017
          21          31  -5.1147236093013418E-018
          21          32  -1.7812403124390490E-017
          21          33   4.8265089072508232E-017
          21          34   3.0266634999387396E-018
          21          35   2.5946516744759083E-017
          22           1   5.2327241804758758E-003
          22           2   2.6378982876795195E-004
          22           3   9.4879783209367852E-003
          22           4  -1.0912872523191946E-003
          22           5   7.7635343482708135E-016
          22           6   3.1724912085450236E-016
          22           7  -9.3079441483618571E-017
          22           8  -4.9739227585134418E-016
          22           9  -1.5814488967502759E-016
          22          10  -6.3811694086901229E-016
          22          11  -2.5491532857073332E-017
          22          12  -1.8732699481090760E-016
          22          13  -1.4637335258929113E-016
          22          14  -7.1537438723109765E-005
          22          15  -4.8846395495421988E-005
          22          16   1.0111901320631285E-004
          22          17  -6.6203694356900010E-005
          22          18   2.8555888825171393E-004
          22          19   2.5383365370490463E-004
          22          20  -1.2344352824658061E-004
          22          21  -1.0728755780032671E-004
          22          22   2.5578382205155117E-004
          22          23  -1.4541160325282142E-004
          22          24   6.2720934455871066E-004
          22          25   5.9121043208407284E-004
          22          26  -2.4933177559188291E-016
          22          27  -2.5998306926998186E-017
          22          28  -1.3845341512311322E-016
          22          29  -1.3139326648030484E-016
          22          30  -1.7456056035696776E-017
          22          31   3.5714961855695636E-017
          22          32   1.7419993046522160E-017
          22          33  -9.7915846731833559E-017
          22          34  -8.3773665615181895E-017
          22          35  -1.0738346216105537E-016
          23           1  -9.0879373712518093E-005
          23           2  -1.4064239885701815E-004
          23           3  -1.7739071043686881E-003
          23           4   7.7165020407643200E-004
          23           5  -4.4406696528708649E-016
          23           6  -1.3763918749550690E-016
          23           7   1.4522868527413418E-017
          23           8   1.1281012387489990E-015
          23           9  -3.4638193737535497E-015
          23          10  -4.2593383139427976E-015
          23          11  -5.3496738414196823E-018
          23          12   1.7359784616866267E-016
          23          13   1.6340270535899633E-016
          23          14   6.7442199609818877E-005
