           1           1   2.0372576666893289     
           1           2  -4.8489667160464323E-002
           1           3 -0.20201271005305105     
           1           4 -0.11357699360936871     
           1           5  -1.0099667413960053E-014
           1           6  -1.3375735002987998E-014
           1           7   1.4037197620956184E-014
           1           8  -2.1188880738787762E-016
           1           9   4.5380155063206466E-015
           1          10   2.9637203398479572E-017
           1          11   6.9360952928217891E-017
           1          12   5.2056901297053640E-015
           1          13  -2.6780325967727142E-015
           1          14  -1.6206961663219450E-003
           1          15  -9.3026133720109075E-015
           1          16  -1.6206961663217286E-003
           1          17  -2.6322516318398609E-015
           1          18   2.3275165844536352E-015
           1          19  -1.6206961663224530E-003
           1          20  -1.7961586842582707E-003
           1          21   9.4652770805480591E-015
           1          22  -1.7961586842607808E-003
           1          23  -2.3035446461515700E-015
           1          24  -4.8710122354440828E-015
           1          25  -1.7961586842560123E-003
           1          26   2.1318375225232888E-015
           1          27   1.3168378904849161E-015
           1          28   2.8600260315507719E-015
           1          29   7.6863645827415359E-015
           1          30  -2.0390435586207215E-015
           1          31   1.5473048423111031E-015
           1          32  -3.1523308507606555E-015
           1          33  -2.8098686076351854E-015
           1          34   3.4235317539091209E-015
           1          35  -1.1127076305675427E-014
           2           1  -4.8489667160464323E-002
           2           2  0.10446365023114756     
           2           3  0.24723957038544780     
           2           4  0.14510118748212980     
           2           5   1.3992143900316214E-015
           2           6   3.6667852599484446E-016
           2           7  -6.5991335120210500E-016
           2           8  -5.0208539670181326E-016
           2           9  -2.4387018636061400E-017
           2          10   1.3070568696310669E-016
           2          11  -8.8305644771555924E-016
           2          12  -2.2929259972344918E-016
           2          13   4.0945900243185088E-016
           2          14   9.6903026105719492E-005
           2          15   8.1231403871618522E-017
           2          16   9.6903026105646335E-005
           2          17  -1.3182275878370416E-017
           2          18  -1.1238061607549470E-017
           2          19   9.6903026106082577E-005
           2          20  -6.7635517768875543E-005
           2          21  -5.6301853638372493E-017
           2          22  -6.7635517769291552E-005
           2          23   9.5947725048074837E-017
           2          24  -1.6593672118905191E-016
           2          25  -6.7635517769579936E-005
           2          26  -7.3970627074973560E-016
           2          27  -2.2291561318298212E-017
           2          28  -2.7941277306992433E-016
           2          29  -1.4887602502928441E-016
           2          30   3.1983543298230078E-017
           2          31   1.4735078747747662E-016
           2          32  -1.0093710105509766E-016
           2          33  -1.7825020861753490E-016
           2          34  -5.0344639607669056E-017
           2          35   1.3491816973745653E-016
           3           1 -0.20201271005305105     
           3           2  0.24723957038544780     
           3           3  0.58893317762626740     
           3           4  0.34542031592853895     
           3           5   3.7211838346559631E-015
           3           6   1.4401796617375235E-015
           3           7  -2.1562699963272212E-015
           3           8  -1.1688541402003629E-015
           3           9  -2.5362268101778585E-016
           3          10   3.0558357286810644E-016
           3          11  -2.0750057312471553E-015
           3          12  -7.6343283657672582E-016
           3          13   1.0769147793408966E-015
           3          14   2.9758256843126290E-004
           3          15   5.9353197042968252E-016
           3          16   2.9758256843108184E-004
           3          17   8.3062648543285401E-017
           3          18  -1.2716389319081214E-016
           3          19   2.9758256843213698E-004
           3          20  -8.0933484077481705E-005
           3          21  -5.4207949218790584E-016
           3          22  -8.0933484078349257E-005
           3          23   3.2490321061801180E-016
           3          24  -1.7844053099231708E-016
           3          25  -8.0933484079232434E-005
           3          26  -1.8281323189781624E-015
           3          27  -1.0935969070771172E-016
           3          28  -7.7953309988284676E-016
           3          29  -6.8230004624208699E-016
           3          30   1.6336571704562831E-016
           3          31   2.7876025600631088E-016
           3          32  -1.0031655033929835E-016
           3          33  -2.9658881747865532E-016
           3          34  -2.6641528638832573E-016
           3          35   7.9852000878309962E-016
           4           1 -0.11357699360936871     
           4           2  0.14510118748212980     
           4           3  0.34542031592853895     
           4           4  0.20260770943806083     
           4           5   2.1610520241196315E-015
           4           6   8.1320694319585086E-016
           4           7  -1.2310337031434584E-015
           4           8  -6.8675107234634742E-016
           4           9  -1.3740751670829846E-016
           4          10   1.7980899818632540E-016
           4          11  -1.2182332804318340E-015
           4          12  -4.3526207970978115E-016
           4          13   6.2598057743056571E-016
           4          14   1.7075097204469853E-004
           4          15   3.2544212596526399E-016
           4          16   1.7075097204459272E-004
           4          17   4.2221723772558571E-017
           4          18  -6.8854484062803495E-017
           4          19   1.7075097204521060E-004
           4          20  -5.2017113747192804E-005
           4          21  -2.9483077326265816E-016
           4          22  -5.2017113747708694E-005
           4          23   1.8506737096515174E-016
           4          24  -1.1697525617680265E-016
           4          25  -5.2017113748215396E-005
           4          26  -1.0684164375212164E-015
           4          27  -6.0978739854967688E-017
           4          28  -4.5072650486343227E-016
           4          29  -3.8162435157130855E-016
           4          30   9.0862648737128985E-017
           4          31   1.6758946326152308E-016
           4          32  -6.6758454318733245E-017
           4          33  -1.8120592146776689E-016
           4          34  -1.4794129087841985E-016
           4          35   4.4126337852454481E-016
           5           1  -1.0099667413960053E-014
           5           2   1.3992143900316214E-015
           5           3   3.7211838346559631E-015
           5           4   2.1610520241196315E-015
           5           5   2.8260873818366270E-028
           5           6   3.9358321237768064E-028
           5           7  -3.9204849991106326E-029
           5           8   9.0163079029258159E-029
           5           9   2.8931494216409056E-029
           5          10   8.1369160447980790E-029
           5          11   9.8534726435062365E-029
           5          12  -1.5761925974260339E-029
           5          13   7.8772041031085928E-029
           5          14   8.6915966626835337E-018
           5          15   1.1324396011122584E-028
           5          16   8.6915966626928321E-018
           5          17   2.1795079639397913E-029
           5          18  -2.4617019416925308E-029
           5          19   8.6915966627202774E-018
           5          20   7.6436156430430317E-018
           5          21  -1.1173854599188524E-028
           5          22   7.6436156430326779E-018
           5          23   1.3752567345534507E-029
           5          24   4.7516823769593644E-029
           5          25   7.6436156430424478E-018
           5          26  -2.2292552317335694E-029
           5          27  -2.4044906408253216E-029
           5          28  -1.7913260157471961E-029
           5          29  -1.3038498598533917E-028
           5          30   2.7573410163876591E-029
           5          31  -2.1520211695302616E-029
           5          32   4.7558336425497151E-029
           5          33   3.2845203925363506E-029
           5          34  -4.1969203969450899E-029
           5          35   1.3151436744018151E-028
           6           1  -1.3375735002987998E-014
           6           2   3.6667852599484446E-016
           6           3   1.4401796617375235E-015
           6           4   8.1320694319585086E-016
           6           5   3.9358321237768064E-028
           6           6   6.0287758149270879E-028
           6           7  -1.4099383307037265E-028
           6           8   1.1589363290827714E-028
           6           9   1.4555544415019664E-029
           6          10   1.0544247985417565E-028
           6          11   1.2665102877162267E-028
           6          12  -5.3273500930387613E-029
           6          13   1.1800614164518323E-028
           6          14   1.0672240159251406E-017
           6          15   1.9762887028526463E-028
           6          16   1.0672240159273466E-017
           6          17   3.7585116977822453E-029
           6          18  -5.1004817506691920E-029
           6          19   1.0672240159322199E-017
           6          20   1.1709236778582492E-017
           6          21  -1.9084196192650478E-028
           6          22   1.1709236778574139E-017
           6          23   2.5620011152466654E-029
           6          24   9.0021439647919352E-029
           6          25   1.1709236778578040E-017
           6          26  -3.7790617414626991E-029
           6          27  -3.8058730118610593E-029
           6          28  -2.6207727487587810E-029
           6          29  -2.3301415999370826E-028
           6          30   5.1570466927734771E-029
           6          31  -4.1195307962952923E-029
           6          32   8.3622031075545741E-029
           6          33   6.0248206462952506E-029
           6          34  -7.5770606444273433E-029
           6          35   2.3615790320888317E-028
           7           1   1.4037197620956184E-014
           7           2  -6.5991335120210500E-016
           7           3  -2.1562699963272212E-015
           7           4  -1.2310337031434584E-015
           7           5  -3.9204849991106326E-029
           7           6  -1.4099383307037265E-028
           7           7   4.4590873748063827E-028
           7           8   1.0578242813921753E-028
           7           9   1.4525341089034148E-028
           7          10   5.8958878671631826E-029
           7          11   1.3869037619608700E-028
           7          12   1.6135717563656969E-028
           7          13  -3.9532895619968883E-029
           7          14  -1.1350797791506285E-017
           7          15  -1.7166199946279776E-028
           7          16  -1.1350797791526826E-017
           7          17  -3.7315470667899564E-029
           7          18   6.7442969109182510E-029
           7          19  -1.1350797791582885E-017
           7          20  -1.2037230819321520E-017
           7          21   1.5615026073796395E-028
           7          22  -1.2037230819344786E-017
           7          23  -4.2259929797213974E-029
           7          24  -9.3066143654190757E-029
           7          25  -1.2037230819246000E-017
           7          26   7.6732803420976058E-029
           7          27   1.7347984444135138E-029
           7          28   3.8458974546101165E-029
           7          29   1.9264221946519731E-028
           7          30  -5.2413378779574203E-029
           7          31   3.3281312253352812E-029
           7          32  -5.9224769347887050E-029
           7          33  -4.8612411295389894E-029
           7          34   7.3359400749320749E-029
           7          35  -2.2767958489312008E-028
           8           1  -2.1188880738787762E-016
           8           2  -5.0208539670181326E-016
           8           3  -1.1688541402003629E-015
           8           4  -6.8675107234634742E-016
           8           5   9.0163079029258159E-029
           8           6   1.1589363290827714E-028
           8           7   1.0578242813921753E-028
           8           8   6.7569580597110021E-029
           8           9   4.9146534626763931E-029
           8          10   4.6317247612978489E-029
           8          11   8.2734539545457419E-029
           8          12   3.7558084334966034E-029
           8          13   1.7352895062725525E-029
           8          14  -1.1664524787160655E-019
           8          15  -1.5137649383007884E-031
           8          16  -1.1664524787284628E-019
           8          17  -7.5501344496008707E-031
           8          18   7.9095225198049775E-030
           8          19  -1.1664524788053825E-019
           8          20   7.1736350371916999E-019
           8          21  -3.6173582402549839E-030
           8          22   7.1736350371296224E-019
           8          23  -6.1956630896211394E-030
           8          24  -3.7626048298484381E-030
           8          25   7.1736350374448413E-019
           8          26   1.7479015981959709E-029
           8          27  -4.8623897565862436E-030
           8          28   5.0040973943506268E-030
           8          29  -9.2219627337799291E-032
           8          30  -3.0000418000997225E-030
           8          31  -1.1293893101848959E-030
           8          32   4.3432152906190093E-030
           8          33   1.9962488651601452E-030
           8          34   2.8153140807239065E-030
           8          35  -7.9675172529847471E-030
           9           1   4.5380155063206466E-015
           9           2  -2.4387018636061400E-017
           9           3  -2.5362268101778585E-016
           9           4  -1.3740751670829846E-016
           9           5   2.8931494216409056E-029
           9           6   1.4555544415019664E-029
           9           7   1.4525341089034148E-028
           9           8   4.9146534626763931E-029
           9           9   5.4817894948363616E-029
           9          10   3.3093199874229444E-029
           9          11   6.1255428680641143E-029
           9          12   5.2396970954915394E-029
           9          13  -6.8402022778751157E-031
           9          14  -3.5623612240181385E-018
           9          15  -4.1863555785456447E-029
           9          16  -3.5623612240225920E-018
           9          17  -1.0206239006541909E-029
           9          18   1.8749810978969552E-029
           9          19  -3.5623612240358216E-018
           9          20  -4.0973413637103452E-018
           9          21   3.7476839378380071E-029
           9          22  -4.0973413637218168E-018
           9          23  -1.2907297076894988E-029
           9          24  -2.4997550895249862E-029
           9          25  -4.0973413636846125E-018
           9          26   2.2046499565864970E-029
           9          27   2.3135905384114710E-030
           9          28   1.1564998087631036E-029
           9          29   4.3683606848875360E-029
           9          30  -1.3268629428253688E-029
           9          31   7.9021714415563350E-030
           9          32  -1.2810859923972722E-029
           9          33  -1.1836213750052001E-029
           9          34   1.8519355414337955E-029
           9          35  -5.7736866168592214E-029
          10           1   2.9637203398479572E-017
          10           2   1.3070568696310669E-016
          10           3   3.0558357286810644E-016
          10           4   1.7980899818632540E-016
          10           5   8.1369160447980790E-029
          10           6   1.0544247985417565E-028
          10           7   5.8958878671631826E-029
          10           8   4.6317247612978489E-029
          10           9   3.3093199874229444E-029
          10          10   3.5726434987199238E-029
          10          11   5.4703594973337077E-029
          10          12   2.0865157204147466E-029
          10          13   1.8837014118301515E-029
          10          14   5.1582547972867893E-020
          10          15   8.5517452796644010E-030
          10          16   5.1582547973574324E-020
          10          17   5.1307048136111959E-031
          10          18   2.4573871405993475E-030
          10          19   5.1582547973891524E-020
          10          20  -1.7558398964636987E-019
          10          21  -1.0085502187171520E-029
          10          22  -1.7558398965402781E-019
          10          23  -2.9192641486024793E-030
          10          24   4.4667823766281020E-031
          10          25  -1.7558398963311750E-019
          10          26   5.9468881800917430E-030
          10          27  -4.8879083750227082E-030
          10          28   1.7706860660097720E-030
          10          29  -1.2606197892191485E-029
          10          30   7.7247392029738620E-031
          10          31  -2.0453822617859680E-030
          10          32   6.1844883450695777E-030
          10          33   2.9935524205567838E-030
          10          34  -1.8150998243486743E-030
          10          35   5.7468464221723001E-030
          11           1   6.9360952928217891E-017
          11           2  -8.8305644771555924E-016
          11           3  -2.0750057312471553E-015
          11           4  -1.2182332804318340E-015
          11           5   9.8534726435062365E-029
          11           6   1.2665102877162267E-028
          11           7   1.3869037619608700E-028
          11           8   8.2734539545457419E-029
          11           9   6.1255428680641143E-029
          11          10   5.4703594973337077E-029
          11          11   1.0240808680379784E-028
          11          12   4.9315729190683071E-029
          11          13   1.7269760976910030E-029
          11          14  -5.5155039360977492E-019
          11          15  -6.1178416534046413E-030
          11          16  -5.5155039361196105E-019
          11          17  -1.9175526784799434E-030
          11          18   1.1529789925542780E-029
          11          19  -5.5155039362429971E-019
          11          20   8.6740319707224525E-019
          11          21   1.0361849953694474E-030
          11          22   8.6740319706591972E-019
          11          23  -8.6824939044123139E-030
          11          24  -6.9233185270592603E-030
          11          25   8.6740319710580862E-019
          11          26   2.4888654461062539E-029
          11          27  -4.9449925550022004E-030
          11          28   7.5519867598447266E-030
          11          29   7.3711956167919812E-030
          11          30  -5.4143872586323291E-030
          11          31  -5.2736396035665560E-031
          11          32   3.2122900425487128E-030
          11          33   1.1848504777876075E-030
          11          34   5.8972355354145672E-030
          11          35  -1.7255035616925560E-029
          12           1   5.2056901297053640E-015
          12           2  -2.2929259972344918E-016
          12           3  -7.6343283657672582E-016
          12           4  -4.3526207970978115E-016
          12           5  -1.5761925974260339E-029
          12           6  -5.3273500930387613E-029
          12           7   1.6135717563656969E-028
          12           8   3.7558084334966034E-029
          12           9   5.2396970954915394E-029
          12          10   2.0865157204147466E-029
          12          11   4.9315729190683071E-029
          12          12   5.8404952993301504E-029
          12          13  -1.4678414844041055E-029
          12          14  -4.2007388957438367E-018
          12          15  -6.2823331306371744E-029
          12          16  -4.2007388957512739E-018
          12          17  -1.3682580369335811E-029
          12          18   2.4518488121031384E-029
          12          19  -4.2007388957715462E-018
          12          20  -4.4802886472076165E-018
          12          21   5.7246395665885720E-029
          12          22  -4.4802886472161538E-018
          12          23  -1.5388042941576324E-029
          12          24  -3.4020233719289094E-029
          12          25  -4.4802886471804240E-018
          12          26   2.7718503453472361E-029
          12          27   6.4264206819971546E-030
          12          28   1.4039862491556525E-029
          12          29   7.0352878440365208E-029
          12          30  -1.9102978920629134E-029
          12          31   1.2190893177654100E-029
          12          32  -2.1732537280932521E-029
          12          33  -1.7837873180312526E-029
          12          34   2.6783881823880850E-029
          12          35  -8.3164516138791217E-029
          13           1  -2.6780325967727142E-015
          13           2   4.0945900243185088E-016
          13           3   1.0769147793408966E-015
          13           4   6.2598057743056571E-016
          13           5   7.8772041031085928E-029
          13           6   1.1800614164518323E-028
          13           7  -3.9532895619968883E-029
          13           8   1.7352895062725525E-029
          13           9  -6.8402022778751157E-031
          13          10   1.8837014118301515E-029
          13          11   1.7269760976910030E-029
          13          12  -1.4678414844041055E-029
          13          13   2.4516897564801554E-029
          13          14   2.3264399228291141E-018
          13          15   4.1264834296540916E-029
          13          16   2.3264399228337918E-018
          13          17   7.7010664522866799E-030
          13          18  -1.1344108757804601E-029
          13          19   2.3264399228460646E-018
          13          20   1.9858655023011067E-018
          13          21  -3.9372254290464150E-029
          13          22   1.9858655022983234E-018
          13          23   5.9784496216845011E-030
          13          24   1.8464107915266383E-029
          13          25   1.9858655022962364E-018
          13          26  -1.1441487157041367E-029
          13          27  -7.5963684050523073E-030
          13          28  -6.4262656659783551E-030
          13          29  -4.9279564474894885E-029
          13          30   1.1124742536931075E-029
          13          31  -8.0962259292346064E-030
          13          32   1.6803074200949568E-029
          13          33   1.1830417546930010E-029
          13          34  -1.6145437975967771E-029
          13          35   5.0116915575211451E-029
          14           1  -1.6206961663219450E-003
          14           2   9.6903026105719492E-005
          14           3   2.9758256843126290E-004
          14           4   1.7075097204469853E-004
          14           5   8.6915966626835337E-018
          14           6   1.0672240159251406E-017
          14           7  -1.1350797791506285E-017
          14           8  -1.1664524787160655E-019
          14           9  -3.5623612240181385E-018
          14          10   5.1582547972867893E-020
          14          11  -5.5155039360977492E-019
          14          12  -4.2007388957438367E-018
          14          13   2.3264399228291141E-018
          14          14   1.3222415431547966E-006
          14          15   7.3223067357092032E-018
          14          16   1.3222415431545863E-006
          14          17   2.0513533256575523E-018
          14          18  -1.8268880238268599E-018
          14          19   1.3222415431553995E-006
          14          20   1.3665709645971306E-006
          14          21  -7.4354102208406962E-018
          14          22   1.3665709645988587E-006
          14          23   1.8557969295387214E-018
          14          24   3.7162704660023651E-018
          14          25   1.3665709645949668E-006
          14          26  -2.0850249342460386E-018
          14          27  -1.0427020405464102E-018
          14          28  -2.3945858391053205E-018
          14          29  -6.0967769290258734E-018
          14          30   1.6130296416460392E-018
          14          31  -1.1271594923085721E-018
          14          32   2.4088800581349593E-018
          14          33   2.0972311002637575E-018
          14          34  -2.7062979847939451E-018
          14          35   8.7796644095967521E-018
          15           1  -9.3026133720109075E-015
          15           2   8.1231403871618522E-017
          15           3   5.9353197042968252E-016
          15           4   3.2544212596526399E-016
          15           5   1.1324396011122584E-028
          15           6   1.9762887028526463E-028
          15           7  -1.7166199946279776E-028
          15           8  -1.5137649383007884E-031
          15           9  -4.1863555785456447E-029
          15          10   8.5517452796644010E-030
          15          11  -6.1178416534046413E-030
          15          12  -6.2823331306371744E-029
          15          13   4.1264834296540916E-029
          15          14   7.3223067357092032E-018
          15          15   1.0522833144171700E-028
          15          16   7.3223067357200870E-018
          15          17   2.2359902681460576E-029
          15          18  -3.3501401712762347E-029
          15          19   7.3223067357470608E-018
          15          20   8.3464510309194219E-018
          15          21  -9.9556732366787528E-029
          15          22   8.3464510309277142E-018
          15          23   2.0235735692718684E-029
          15          24   5.3249648471201483E-029
          15          25   8.3464510308965203E-018
          15          26  -3.0983370094777595E-029
          15          27  -1.5357093101599949E-029
          15          28  -1.9531756661672068E-029
          15          29  -1.1748693596340377E-028
          15          30   2.9097715762295340E-029
          15          31  -2.1178366312423752E-029
          15          32   4.0232472407544980E-029
          15          33   3.1495376001610204E-029
          15          34  -4.2223826115742764E-029
          15          35   1.3190896613752172E-028
          16           1  -1.6206961663217286E-003
          16           2   9.6903026105646335E-005
          16           3   2.9758256843108184E-004
          16           4   1.7075097204459272E-004
          16           5   8.6915966626928321E-018
          16           6   1.0672240159273466E-017
          16           7  -1.1350797791526826E-017
          16           8  -1.1664524787284628E-019
          16           9  -3.5623612240225920E-018
          16          10   5.1582547973574324E-020
          16          11  -5.5155039361196105E-019
          16          12  -4.2007388957512739E-018
          16          13   2.3264399228337918E-018
          16          14   1.3222415431545863E-006
          16          15   7.3223067357200870E-018
          16          16   1.3222415431543758E-006
          16          17   2.0513533256592710E-018
          16          18  -1.8268880238310812E-018
          16          19   1.3222415431551890E-006
          16          20   1.3665709645970120E-006
          16          21  -7.4354102208503043E-018
          16          22   1.3665709645987399E-006
          16          23   1.8557969295404008E-018
          16          24   3.7162704660078886E-018
          16          25   1.3665709645948483E-006
          16          26  -2.0850249342497904E-018
          16          27  -1.0427020405479413E-018
          16          28  -2.3945858391062257E-018
          16          29  -6.0967769290405551E-018
          16          30   1.6130296416496056E-018
          16          31  -1.1271594923111309E-018
          16          32   2.4088800581394887E-018
          16          33   2.0972311002670531E-018
          16          34  -2.7062979847986482E-018
          16          35   8.7796644096110332E-018
          17           1  -2.6322516318398609E-015
          17           2  -1.3182275878370416E-017
          17           3   8.3062648543285401E-017
          17           4   4.2221723772558571E-017
          17           5   2.1795079639397913E-029
          17           6   3.7585116977822453E-029
          17           7  -3.7315470667899564E-029
          17           8  -7.5501344496008707E-031
          17           9  -1.0206239006541909E-029
          17          10   5.1307048136111959E-031
          17          11  -1.9175526784799434E-030
          17          12  -1.3682580369335811E-029
          17          13   7.7010664522866799E-030
          17          14   2.0513533256575523E-018
          17          15   2.2359902681460576E-029
          17          16   2.0513533256592710E-018
          17          17   5.1507684025883681E-030
          17          18  -6.9040412760152411E-030
          17          19   2.0513533256639510E-018
          17          20   2.4011380367338179E-018
          17          21  -2.1476935995520610E-029
          17          22   2.4011380367369375E-018
          17          23   4.6465925162763718E-030
          17          24   1.1593152376232657E-029
          17          25   2.4011380367287993E-018
          17          26  -6.1115057371823399E-030
          17          27  -3.1509775664351866E-030
          17          28  -4.7154209385636505E-030
          17          29  -2.3405458113224564E-029
          17          30   5.9273108585267324E-030
          17          31  -4.3950874097862438E-030
          17          32   8.3251465219586010E-030
          17          33   6.7928568588641232E-030
          17          34  -8.8342688191499227E-030
          17          35   2.7841001911397564E-029
          18           1   2.3275165844536352E-015
          18           2  -1.1238061607549470E-017
          18           3  -1.2716389319081214E-016
          18           4  -6.8854484062803495E-017
          18           5  -2.4617019416925308E-029
          18           6  -5.1004817506691920E-029
          18           7   6.7442969109182510E-029
          18           8   7.9095225198049775E-030
          18           9   1.8749810978969552E-029
          18          10   2.4573871405993475E-030
          18          11   1.1529789925542780E-029
          18          12   2.4518488121031384E-029
          18          13  -1.1344108757804601E-029
          18          14  -1.8268880238268599E-018
          18          15  -3.3501401712762347E-029
          18          16  -1.8268880238310812E-018
          18          17  -6.9040412760152411E-030
          18          18   1.1911577708415507E-029
          18          19  -1.8268880238411622E-018
          18          20  -2.0987764226371374E-018
          18          21   3.0940134809399479E-029
          18          22  -2.0987764226398745E-018
          18          23  -6.8838043807695688E-030
          18          24  -1.7418834451368231E-029
          18          25  -2.0987764226273174E-018
          18          26   1.1852849553302079E-029
          18          27   4.3241937797540034E-030
          18          28   6.1244769807445707E-030
          18          29   3.8645231897270709E-029
          18          30  -9.8669157125024669E-030
          18          31   6.8467401215241132E-030
          18          32  -1.2550419435928634E-029
          18          33  -9.8779177419559200E-030
          18          34   1.3909352162081935E-029
          18          35  -4.3158565950360504E-029
          19           1  -1.6206961663224530E-003
          19           2   9.6903026106082577E-005
          19           3   2.9758256843213698E-004
          19           4   1.7075097204521060E-004
          19           5   8.6915966627202774E-018
          19           6   1.0672240159322199E-017
          19           7  -1.1350797791582885E-017
          19           8  -1.1664524788053825E-019
          19           9  -3.5623612240358216E-018
          19          10   5.1582547973891524E-020
          19          11  -5.5155039362429971E-019
          19          12  -4.2007388957715462E-018
          19          13   2.3264399228460646E-018
          19          14   1.3222415431553995E-006
          19          15   7.3223067357470608E-018
          19          16   1.3222415431551890E-006
          19          17   2.0513533256639510E-018
          19          18  -1.8268880238411622E-018
          19          19   1.3222415431560021E-006
          19          20   1.3665709645972017E-006
          19          21  -7.4354102208744555E-018
          19          22   1.3665709645989301E-006
          19          23   1.8557969295456313E-018
          19          24   3.7162704660207099E-018
          19          25   1.3665709645950380E-006
          19          26  -2.0850249342629915E-018
          19          27  -1.0427020405516063E-018
          19          28  -2.3945858391110321E-018
          19          29  -6.0967769290749337E-018
          19          30   1.6130296416581306E-018
          19          31  -1.1271594923162689E-018
          19          32   2.4088800581495131E-018
          19          33   2.0972311002740805E-018
          19          34  -2.7062979848102223E-018
          19          35   8.7796644096463841E-018
          20           1  -1.7961586842582707E-003
          20           2  -6.7635517768875543E-005
          20           3  -8.0933484077481705E-005
          20           4  -5.2017113747192804E-005
          20           5   7.6436156430430317E-018
          20           6   1.1709236778582492E-017
          20           7  -1.2037230819321520E-017
          20           8   7.1736350371916999E-019
          20           9  -4.0973413637103452E-018
          20          10  -1.7558398964636987E-019
          20          11   8.6740319707224525E-019
          20          12  -4.4802886472076165E-018
          20          13   1.9858655023011067E-018
          20          14   1.3665709645971306E-006
          20          15   8.3464510309194219E-018
          20          16   1.3665709645970120E-006
          20          17   2.4011380367338179E-018
          20          18  -2.0987764226371374E-018
          20          19   1.3665709645972017E-006
          20          20   1.7015436084257392E-006
          20          21  -8.5205538876581860E-018
          20          22   1.7015436084284627E-006
          20          23   1.9872582269273775E-018
          20          24   4.5941133555019757E-018
          20          25   1.7015436084244405E-006
          20          26  -1.1440102261107201E-018
          20          27  -1.1690441782753443E-018
          20          28  -2.2959126545841907E-018
          20          29  -6.8062372111912389E-018
          20          30   1.8143054751275223E-018
          20          31  -1.5597878768985516E-018
          20          32   2.9645445447180959E-018
          20          33   2.7376000430704804E-018
          20          34  -3.0499629694351331E-018
          20          35   9.9438652315675935E-018
          21           1   9.4652770805480591E-015
          21           2  -5.6301853638372493E-017
          21           3  -5.4207949218790584E-016
          21           4  -2.9483077326265816E-016
          21           5  -1.1173854599188524E-028
          21           6  -1.9084196192650478E-028
          21           7   1.5615026073796395E-028
          21           8  -3.6173582402549839E-030
          21           9   3.7476839378380071E-029
          21          10  -1.0085502187171520E-029
          21          11   1.0361849953694474E-030
          21          12   5.7246395665885720E-029
          21          13  -3.9372254290464150E-029
          21          14  -7.4354102208406962E-018
          21          15  -9.9556732366787528E-029
          21          16  -7.4354102208503043E-018
          21          17  -2.1476935995520610E-029
          21          18   3.0940134809399479E-029
          21          19  -7.4354102208744555E-018
          21          20  -8.5205538876581860E-018
          21          21   9.4752213098415797E-029
          21          22  -8.5205538876667341E-018
          21          23  -1.9086596538079015E-029
          21          24  -5.0306854274242934E-029
          21          25  -8.5205538876378313E-018
          21          26   2.7952674553671564E-029
          21          27   1.4762885858146001E-029
          21          28   1.8789650242227548E-029
          21          29   1.0969521652486990E-028
          21          30  -2.7082914025251127E-029
          21          31   1.9947680540891613E-029
          21          32  -3.8097447653048670E-029
          21          33  -2.9951257132552114E-029
          21          34   3.9632480069476189E-029
          21          35  -1.2409476630135772E-028
          22           1  -1.7961586842607808E-003
          22           2  -6.7635517769291552E-005
          22           3  -8.0933484078349257E-005
          22           4  -5.2017113747708694E-005
          22           5   7.6436156430326779E-018
          22           6   1.1709236778574139E-017
          22           7  -1.2037230819344786E-017
          22           8   7.1736350371296224E-019
          22           9  -4.0973413637218168E-018
          22          10  -1.7558398965402781E-019
          22          11   8.6740319706591972E-019
          22          12  -4.4802886472161538E-018
          22          13   1.9858655022983234E-018
          22          14   1.3665709645988587E-006
          22          15   8.3464510309277142E-018
          22          16   1.3665709645987399E-006
          22          17   2.4011380367369375E-018
          22          18  -2.0987764226398745E-018
          22          19   1.3665709645989301E-006
          22          20   1.7015436084284627E-006
          22          21  -8.5205538876667341E-018
          22          22   1.7015436084311859E-006
          22          23   1.9872582269302460E-018
          22          24   4.5941133555080608E-018
          22          25   1.7015436084271637E-006
          22          26  -1.1440102261106968E-018
          22          27  -1.1690441782757603E-018
          22          28  -2.2959126545868874E-018
          22          29  -6.8062372111956370E-018
          22          30   1.8143054751292792E-018
          22          31  -1.5597878769003970E-018
          22          32   2.9645445447206955E-018
          22          33   2.7376000430738115E-018
          22          34  -3.0499629694382269E-018
          22          35   9.9438652315779827E-018
          23           1  -2.3035446461515700E-015
          23           2   9.5947725048074837E-017
          23           3   3.2490321061801180E-016
          23           4   1.8506737096515174E-016
          23           5   1.3752567345534507E-029
          23           6   2.5620011152466654E-029
          23           7  -4.2259929797213974E-029
          23           8  -6.1956630896211394E-030
          23           9  -1.2907297076894988E-029
          23          10  -2.9192641486024793E-030
          23          11  -8.6824939044123139E-030
          23          12  -1.5388042941576324E-029
          23          13   5.9784496216845011E-030
          23          14   1.8557969295387214E-018
