           1           1   2.2725400148336785     
           1           2 -0.86226189768576011     
           1           3  0.30196279520902125     
           1           4  -7.1618185670083434E-003
           1           5  -5.0429812984380942E-002
           1           6  -2.3494658284223514E-002
           1           7   5.3203411926820636E-010
           1           8   2.8885069474184343E-010
           1           9   4.9376068987139537E-010
           1          10  -1.3659486927087892E-009
           1          11  -6.8166548622482291E-010
           1          12  -1.1885468560745934E-009
           1          13  -1.5961726731542322E-010
           1          14  -2.1367910841735032E-010
           1          15  -2.0855920500922715E-010
           1          16  -7.2987030516693513E-011
           1          17  -7.3348151742059614E-011
           1          18  -3.5367079194703857E-011
           1          19   2.5026464136996306E-011
           1          20   4.1204506531877580E-011
           1          21   1.7013786678389874E-011
           1          22   2.9984586039583322E-004
           1          23   5.8456692465994936E-005
           1          24  -1.1375743556694517E-004
           1          25  -3.1210011990219128E-005
           1          26   2.5874899776940887E-004
           1          27   1.8631406021471289E-004
           1          28   4.7067878089106105E-004
           1          29   2.9164948817543611E-006
           1          30   4.5003463534634274E-004
           1          31  -1.5571055627500548E-006
           1          32   1.2914281055827746E-005
           1          33   4.6501233186151266E-004
           1          34   4.9381234020404142E-004
           1          35  -6.2634818997335089E-005
           1          36   9.3698735235653861E-004
           1          37   3.3441001107936138E-005
           1          38  -2.7725076637413553E-004
           1          39   6.1546345285483427E-004
           1          40   2.8698941149138914E-011
           1          41   1.0277680208503156E-011
           1          42   1.1617457738957377E-011
           1          43   5.3691762695361346E-012
           1          44  -1.9112162343580925E-011
           1          45   9.2604815498267895E-013
           1          46  -2.1736229121439964E-011
           1          47   1.0050803113569745E-011
           1          48   2.6663676603542131E-011
           1          49  -3.8853504438927340E-011
           2           1 -0.86226189768576011     
           2           2   2.7449035926680470     
           2           3  -1.1517272191175694     
           2           4   2.7680137052701212E-002
           2           5  0.19347763781514399     
           2           6   9.0229857308376529E-002
           2           7  -1.2151784775326124E-009
           2           8  -8.0870485605445379E-010
           2           9  -1.4860430012051367E-009
           2          10   3.0863445251075137E-009
           2          11   1.7727415206349585E-009
           2          12   3.4560430897256257E-009
           2          13   5.0040010061430690E-010
           2          14   8.0970511688432803E-010
           2          15   7.2216267382475372E-010
           2          16   2.3799613353138942E-010
           2          17   3.2602862221881011E-010
           2          18   7.1225846315723261E-011
           2          19  -1.2675158082623945E-010
           2          20  -1.9967332071646799E-010
           2          21  -9.8724584034399397E-011
           2          22  -7.1923636373255010E-004
           2          23  -1.0727220771355154E-004
           2          24   3.9754296692470640E-005
           2          25   5.7272521360556184E-005
           2          26  -4.7482194252825970E-004
           2          27  -5.1089799983003014E-004
           2          28  -1.6084196124755161E-003
           2          29  -6.7179471021219317E-006
           2          30  -1.5608525210906751E-003
           2          31   3.5866708835813029E-006
           2          32  -2.9755336051257367E-005
           2          33  -1.5953636902353676E-003
           2          34  -1.8115946221848396E-003
           2          35   2.3591448929259564E-004
           2          36  -3.4808168795097414E-003
           2          37  -1.2595576621718304E-004
           2          38   1.0442672271803663E-003
           2          39  -2.2697945149210358E-003
           2          40  -1.1063928860534863E-010
           2          41  -6.9424479594908373E-011
           2          42  -4.5873134868904900E-011
           2          43  -9.0746386097296710E-011
           2          44   8.0374258130365440E-011
           2          45  -2.6432969654560637E-012
           2          46   9.1274968819204805E-011
           2          47  -3.9341691823573372E-011
           2          48  -1.3255926033480739E-010
           2          49   1.6471584078888531E-010
           3           1  0.30196279520902125     
           3           2  -1.1517272191175694     
           3           3   2.6363941934085062     
           3           4 -0.11507625976019108     
           3           5 -0.54948018030363599     
           3           6 -0.26049688785929320     
           3           7   6.5021877280624335E-009
           3           8   3.4625732588544632E-009
           3           9   5.2169684818148060E-009
           3          10  -1.7330931694365634E-008
           3          11  -9.7049031002712859E-009
           3          12  -1.4366918351517011E-008
           3          13  -1.9854080701527769E-009
           3          14  -2.7171844620644053E-009
           3          15  -2.6171076324793038E-009
           3          16  -1.0819661378401453E-009
           3          17  -1.3824065554578462E-009
           3          18  -8.3816657909719675E-010
           3          19   1.8079757317131417E-010
           3          20   4.8418613121228715E-010
           3          21   3.7925210184773595E-011
           3          22   3.3449329860883335E-003
           3          23   9.1862954596626874E-004
           3          24  -3.1546849470820626E-003
           3          25  -4.9045782867551029E-004
           3          26   4.0661561161637882E-003
           3          27   1.5608121609080054E-003
           3          28   3.2737910679392183E-003
           3          29   8.7539054599579825E-005
           3          30   2.6543126922199990E-003
           3          31  -4.6736880663553713E-005
           3          32   3.8753555287273506E-004
           3          33   3.1037513722607869E-003
           3          34   2.8085836618339196E-003
           3          35  -7.6066051415918747E-004
           3          36   8.1906677992778076E-003
           3          37   4.0611972436491606E-004
           3          38  -3.3670357391616433E-003
           3          39   4.2859588624333707E-003
           3          40   3.8614133607811616E-010
           3          41   3.0275994457719181E-010
           3          42   1.5667539831310222E-010
           3          43   4.8893643968195364E-010
           3          44  -1.4134775085212775E-010
           3          45   1.2742762880188493E-011
           3          46  -1.7894116959537030E-010
           3          47   1.4162075939705892E-010
           3          48   4.9025471449151817E-010
           3          49  -2.9997619639558360E-010
           4           1  -7.1618185670083434E-003
           4           2   2.7680137052701212E-002
           4           3 -0.11507625976019108     
           4           4  0.13830728495841932     
           4           5  0.30018134348253700     
           4           6  0.15095587450700282     
           4           7   2.7028326964222904E-010
           4           8   1.9027451761282057E-009
           4           9   1.7705266246170882E-009
           4          10  -1.2645518017223428E-009
           4          11  -5.7176859819950321E-009
           4          12  -5.5304232105832951E-009
           4          13   1.3408961122123281E-009
           4          14   2.2703124346920067E-009
           4          15   2.8654862796634253E-009
           4          16   1.8906602030266802E-009
           4          17   3.1519437127542533E-009
           4          18   3.9444310702916649E-009
           4          19   6.9871201329523622E-010
           4          20   1.1911427129864305E-009
           4          21   1.7838511719568496E-009
           4          22  -4.2377684553979878E-003
           4          23  -1.4529459168969620E-003
           4          24   6.0424228700299018E-003
           4          25   7.7572661031748581E-004
           4          26  -6.4312478153122190E-003
           4          27  -1.4159202705108173E-003
           4          28   1.0323991280454681E-003
           4          29  -1.8696442547559179E-004
           4          30   2.3552908811001923E-003
           4          31   9.9820309989909206E-005
           4          32  -8.2759389105783185E-004
           4          33   1.3955243324250766E-003
           4          34   3.1793143152973914E-003
           4          35   5.1377605263554346E-004
           4          36  -4.5591984409005474E-004
           4          37  -2.7430702176261060E-004
           4          38   2.2742047575053624E-003
           4          39   2.1814478777234807E-003
           4          40  -1.1197606010468668E-010
           4          41  -7.1041586516937417E-011
           4          42  -5.3394718717639442E-011
           4          43   1.8392922153954036E-010
           4          44   1.0422886055803801E-012
           4          45  -3.3485099110234425E-011
           4          46   5.5226775992826780E-011
           4          47  -1.0612072457098352E-011
           4          48  -3.0180549629419113E-010
           4          49   1.2142474675335274E-010
           5           1  -5.0429812984380942E-002
           5           2  0.19347763781514399     
           5           3 -0.54948018030363599     
           5           4  0.30018134348253700     
           5           5  0.68706439351242310     
           5           6  0.34359779742333013     
           5           7   7.8153438422372412E-009
           5           8   2.7806317222856183E-009
           5           9   2.8132698719707646E-009
           5          10  -2.0225513217774645E-008
           5          11  -8.0759153535040638E-009
           5          12  -8.0766457861521029E-009
           5          13   5.1104601995865478E-010
           5          14   2.1217366453823043E-009
           5          15   2.3406787684782548E-009
           5          16   9.8920311285308185E-010
           5          17   1.1314625762350308E-009
           5          18   1.0106201787829724E-009
           5          19  -3.4242350187581373E-010
           5          20  -5.6116209588591300E-010
           5          21  -3.4055232865510097E-010
           5          22  -1.6282330150903506E-003
           5          23  -6.0842479292888183E-004
           5          24   2.6766134458382730E-003
           5          25   3.2483765486372837E-004
           5          26  -2.6930985599333520E-003
           5          27  -4.4657652874444749E-004
           5          28   2.3374815961630297E-003
           5          29  -2.2205978286369611E-004
           5          30   3.9087456632883929E-003
           5          31   1.1855795511326640E-004
           5          32  -9.8297233942525302E-004
           5          33   2.7687835836516378E-003
           5          34   6.2409336401269260E-003
           5          35   1.1379492616903843E-003
           5          36  -1.8106538514402731E-003
           5          37  -6.0755550443788130E-004
           5          38   5.0370780564576202E-003
           5          39   4.0307847384072025E-003
           5          40  -2.0843727735900500E-010
           5          41  -1.0822566844938464E-010
           5          42  -1.0155165797265640E-010
           5          43  -5.0596585935049273E-011
           5          44   7.8207055906132979E-011
           5          45  -3.8944853221830841E-012
           5          46   1.1557711962273959E-010
           5          47  -6.7752565558455752E-011
           5          48  -3.2439257827166548E-010
           5          49   2.3172004640203815E-010
           6           1  -2.3494658284223514E-002
           6           2   9.0229857308376529E-002
           6           3 -0.26049688785929320     
           6           4  0.15095587450700282     
           6           5  0.34359779742333013     
           6           6  0.17246977757037885     
           6           7  -4.2407192238527410E-009
           6           8  -3.8885597606268096E-009
           6           9  -6.0019678983884928E-009
           6          10   1.1238454181351660E-008
           6          11   1.0049898069059800E-008
           6          12   1.5664484589799575E-008
           6          13  -7.3923671349920648E-010
           6          14  -2.1475888148035403E-009
           6          15  -3.7105912045337592E-009
           6          16  -2.9022974855137119E-009
           6          17  -6.3657127387487687E-009
           6          18  -9.8618825006097246E-009
           6          19  -2.1259071837386281E-009
           6          20  -3.8913641195858677E-009
           6          21  -5.6758404302378729E-009
           6          22  -2.8553690338851186E-004
           6          23  -1.3189539550886214E-004
           6          24   6.4767625748370344E-004
           6          25   7.0418947595365716E-005
           6          26  -5.8381613382619624E-004
           6          27  -2.9374241572425563E-005
           6          28   1.4403022829128976E-003
           6          29   7.9522285636995232E-006
           6          30   1.3840790908753982E-003
           6          31  -4.2459954379777580E-006
           6          32   3.5178560439824182E-005
           6          33   1.4248657752085284E-003
           6          34   3.4621573600416913E-003
           6          35   7.2214797188018117E-004
           6          36  -1.6474144462843426E-003
           6          37  -3.8555748860402727E-004
           6          38   3.1965503269336506E-003
           6          39   2.0595883791556654E-003
           6          40  -1.3796922302468799E-010
           6          41   1.6813286650526410E-011
           6          42  -4.7416748557814958E-011
           6          43  -6.0069471873011062E-010
           6          44   9.9913289716058668E-011
           6          45   8.4282536948486012E-011
           6          46  -4.9731827805343374E-011
           6          47  -1.3047391919968063E-010
           6          48   3.7266100107998618E-010
           6          49  -3.9762821089794197E-011
           7           1   5.3203411926820636E-010
           7           2  -1.2151784775326124E-009
           7           3   6.5021877280624335E-009
           7           4   2.7028326964222904E-010
           7           5   7.8153438422372412E-009
           7           6  -4.2407192238527410E-009
           7           7   2.3390372979679457     
           7           8   1.0232730377316944E-003
           7           9  -5.4630733872772686E-004
           7          10 -0.89899543407576621     
           7          11  -2.8389699580180288E-003
           7          12   1.5156728824214133E-003
           7          13   2.4658884943473992E-002
           7          14   2.9334392933973242E-003
           7          15  -1.5661782919659021E-003
           7          16  0.11258169837206675     
           7          17   5.0770260411952131E-003
           7          18  -2.7106396707852701E-003
           7          19   6.5196970156645939E-002
           7          20   3.4410173976772264E-003
           7          21  -1.8371716140233693E-003
           7          22  -1.9612688837710053E-009
           7          23   2.9002109225228204E-009
           7          24  -2.4712336068571708E-009
           7          25  -1.3519530429812239E-010
           7          26   1.6981824264489119E-009
           7          27   2.3997318478772243E-009
           7          28  -7.2684718404981008E-010
           7          29   1.7920265161692487E-009
           7          30  -2.7946747763924482E-009
           7          31   8.7970882087594174E-010
           7          32  -6.4260145191034300E-010
           7          33  -3.1418320692646067E-009
           7          34  -3.2744126654082971E-010
           7          35  -1.9850081511978872E-009
           7          36   8.7491679382980662E-010
           7          37  -5.3984527178010816E-010
           7          38  -3.9516555917978369E-010
           7          39   2.2042059292263223E-009
           7          40   2.2568878967508732E-003
           7          41  -3.3176354931651697E-004
           7          42   2.3900726476158729E-003
           7          43  -8.5089862829245549E-005
           7          44   1.7712970364923414E-004
           7          45  -8.6371186093561585E-004
           7          46   6.5595639191960291E-005
           7          47   1.3884351638574718E-003
           7          48  -3.1909410644778580E-005
           7          49   9.2323816741598158E-006
           8           1   2.8885069474184343E-010
           8           2  -8.0870485605445379E-010
           8           3   3.4625732588544632E-009
           8           4   1.9027451761282057E-009
           8           5   2.7806317222856183E-009
           8           6  -3.8885597606268096E-009
           8           7   1.0232730377316944E-003
           8           8   2.3306758693231009     
           8           9   4.5299010887853326E-003
           8          10  -2.8389703168211142E-003
           8          11 -0.87579777624897592     
           8          12  -1.2567577255103697E-002
           8          13   2.9334395138670500E-003
           8          14   6.9258018046912569E-004
           8          15   1.2984622575284157E-002
           8          16   5.0770221211840650E-003
           8          17   7.1101975731885064E-002
           8          18   2.2473129077415662E-002
           8          19   3.4410195817934728E-003
           8          20   3.7083524075426422E-002
           8          21   1.5231469157488969E-002
           8          22  -1.7150796919355297E-009
           8          23   1.8315184855124006E-009
           8          24  -2.1047226430799110E-009
           8          25   1.2211732530945366E-010
           8          26   1.1476835077725358E-009
           8          27   1.9918777054219936E-009
           8          28  -4.8588361609174126E-011
           8          29   1.2076855296912910E-009
           8          30  -8.3414029342867618E-010
           8          31   1.9503172025412933E-010
           8          32  -3.8167038550196995E-010
           8          33  -1.9717062482144277E-009
           8          34   3.1910417652181804E-010
           8          35  -1.3765089988526194E-009
           8          36   1.7897873104892927E-009
           8          37  -3.5871715081456497E-010
           8          38   2.9892025952195181E-010
           8          39   1.7910314197231551E-009
           8          40   8.3559128854143803E-006
           8          41   9.8900357306573442E-004
           8          42  -4.5712934502559953E-004
           8          43   6.0166380856014516E-003
           8          44   1.1082858961322683E-005
           8          45   1.8146693473086633E-004
           8          46  -2.0234500626279783E-003
           8          47  -3.1910220406227690E-005
           8          48   1.6491339822002774E-003
           8          49  -7.6543153404155686E-005
           9           1   4.9376068987139537E-010
           9           2  -1.4860430012051367E-009
           9           3   5.2169684818148060E-009
           9           4   1.7705266246170882E-009
           9           5   2.8132698719707646E-009
           9           6  -6.0019678983884928E-009
           9           7  -5.4630733872772686E-004
           9           8   4.5299010887853326E-003
           9           9   2.3367422715271680     
           9          10   1.5156725466827815E-003
           9          11  -1.2567577313340164E-002
           9          12 -0.89262822787441509     
           9          13  -1.5661762403407025E-003
           9          14   1.2984625490866316E-002
           9          15   1.8080159490172245E-002
           9          16  -2.7106468576567656E-003
           9          17   2.2473127998105080E-002
           9          18  0.10119559392312526     
           9          19  -1.8371707830113276E-003
           9          20   1.5231468722735694E-002
           9          21   5.7479875246207006E-002
           9          22  -2.5205666419085882E-009
           9          23   2.7792400122437649E-009
           9          24  -2.1550547708677280E-009
           9          25   1.4994453978704841E-010
           9          26   1.9556439395671019E-009
           9          27   3.0161111016131016E-009
           9          28   7.7447511959730973E-010
           9          29   1.7147491039403822E-009
           9          30  -1.2286762685362390E-009
           9          31   3.3306635531985282E-010
           9          32  -9.3502255559855249E-010
           9          33  -1.7876546261371295E-009
           9          34   7.4591008373703968E-010
           9          35  -2.0576102887485693E-009
           9          36   2.1173481604636248E-009
           9          37  -4.2536397850365014E-010
           9          38   6.5212466429822216E-011
           9          39   3.7531023278596714E-009
           9          40  -4.4576003703866262E-006
           9          41   1.1083006237324353E-005
           9          42   6.5598697239720933E-005
           9          43  -3.7662284904574307E-004
           9          44   1.0038436022480005E-003
           9          45  -2.3486133110781082E-004
           9          46   2.6656094871615257E-003
           9          47   1.9550318159310685E-004
           9          48  -1.6208495423850656E-003
           9          49   3.1368918530602376E-003
          10           1  -1.3659486927087892E-009
          10           2   3.0863445251075137E-009
          10           3  -1.7330931694365634E-008
          10           4  -1.2645518017223428E-009
          10           5  -2.0225513217774645E-008
          10           6   1.1238454181351660E-008
          10           7 -0.89899543407576621     
          10           8  -2.8389703168211142E-003
          10           9   1.5156725466827815E-003
          10          10   2.3846239228733954     
          10          11   7.8727819992138910E-003
          10          12  -4.2031406681042006E-003
          10          13  -7.4174015204930346E-002
          10          14  -8.0807342529669104E-003
          10          15   4.3143450252418640E-003
          10          16 -0.31079429325318669     
          10          17  -1.4022740014947643E-002
          10          18   7.4867838904965501E-003
          10          19 -0.17862999484267650     
          10          20  -9.5301972356881693E-003
          10          21   5.0882067968812889E-003
          10          22   5.4684712882582021E-009
          10          23  -7.3608277784451020E-009
          10          24   6.8104368408149324E-009
          10          25   4.3982342721972309E-010
          10          26  -4.4060652075397190E-009
          10          27  -5.9405568049735618E-009
          10          28   1.7722278896559027E-009
          10          29  -4.9759843138316404E-009
          10          30   7.3227287508924477E-009
          10          31  -2.3912640607137160E-009
          10          32   1.6687824858918902E-009
          10          33   8.2146827483796029E-009
          10          34   7.8167371122044713E-010
          10          35   5.3040056744583229E-009
          10          36  -2.4096921785663508E-009
          10          37   1.4385955585595812E-009
          10          38   1.0520231510801194E-009
          10          39  -5.8934395317843056E-009
          10          40  -4.2804792265157213E-003
          10          41   8.8528726588378852E-004
          10          42  -5.7027654444054233E-003
          10          43   1.6687832165270162E-004
          10          44  -4.7265794121685020E-004
          10          45   2.3698269414108596E-003
          10          46  -1.5918590589981957E-004
          10          47  -2.9545022185189750E-003
          10          48   5.8436843879501685E-005
          10          49   6.3077678096950748E-006
          11           1  -6.8166548622482291E-010
          11           2   1.7727415206349585E-009
          11           3  -9.7049031002712859E-009
          11           4  -5.7176859819950321E-009
          11           5  -8.0759153535040638E-009
          11           6   1.0049898069059800E-008
          11           7  -2.8389699580180288E-003
          11           8 -0.87579777624897592     
          11           9  -1.2567577313340164E-002
          11          10   7.8727819992138910E-003
          11          11   2.3202947011855413     
          11          12   3.4851128210126509E-002
          11          13  -8.0807350622815639E-003
          11          14  -8.1541124300109069E-003
          11          15  -3.5768695660463000E-002
          11          16  -1.4022729781306054E-002
          11          17 -0.19622735973781805     
          11          18  -6.2070749672440334E-002
          11          19  -9.5302036264643692E-003
          11          20 -0.10076736033139846     
          11          21  -4.2184878277039137E-002
          11          22   5.0525332165261355E-009
          11          23  -4.7348625504502633E-009
          11          24   6.2406470104551744E-009
          11          25  -3.5579418055634460E-010
          11          26  -3.0141961193731806E-009
          11          27  -4.7770682808491647E-009
          11          28   5.2737445688899783E-010
          11          29  -3.1456307061088552E-009
          11          30   2.1176861127295060E-009
          11          31  -5.4104949391302133E-010
          11          32   9.0968402223233913E-010
          11          33   5.6756469860469237E-009
          11          34  -8.1195995913974311E-010
          11          35   3.6036474763823765E-009
          11          36  -4.4996254659774157E-009
          11          37   9.4311619590046184E-010
          11          38  -7.9562216687811339E-010
          11          39  -4.6211291827812730E-009
          11          40  -7.9415192621916137E-005
          11          41  -1.6510657044163728E-003
          11          42   1.2157113919477294E-003
          11          43  -1.4054767179444497E-002
          11          44  -1.4282258289900372E-004
          11          45  -4.8954953029165091E-004
          11          46   5.3812578979511427E-003
          11          47   5.8438792019511429E-005
          11          48  -3.4319220478265158E-003
          11          49  -5.2300110753706686E-005
          12           1  -1.1885468560745934E-009
          12           2   3.4560430897256257E-009
          12           3  -1.4366918351517011E-008
          12           4  -5.5304232105832951E-009
          12           5  -8.0766457861521029E-009
          12           6   1.5664484589799575E-008
          12           7   1.5156728824214133E-003
          12           8  -1.2567577255103697E-002
          12           9 -0.89262822787441509     
          12          10  -4.2031406681042006E-003
          12          11   3.4851128210126509E-002
          12          12   2.3669669999359702     
          12          13   4.3143394861994647E-003
          12          14  -3.5768702597310749E-002
          12          15  -5.6051624540587104E-002
          12          16   7.4868029106743336E-003
          12          17  -6.2070745803519817E-002
          12          18 -0.27934588971616997     
          12          19   5.0882047916738331E-003
          12          20  -4.2184876434191068E-002
          12          21 -0.15725683040247873     
          12          22   7.3038156706419485E-009
          12          23  -7.1006972157526676E-009
          12          24   6.2689225183724241E-009
          12          25  -4.4740550855762021E-010
          12          26  -5.0559153427718520E-009
          12          27  -7.2990488360773091E-009
          12          28  -1.7118209940110274E-009
          12          29  -4.5303105353736249E-009
          12          30   3.4869861325070700E-009
          12          31  -9.1540835695936749E-010
          12          32   2.1570996954181558E-009
          12          33   4.8169308949792417E-009
          12          34  -1.9302400060513317E-009
          12          35   5.4258205777447991E-009
          12          36  -5.5032313696718570E-009
          12          37   1.1155401127783910E-009
          12          38  -2.8454240146322571E-011
          12          39  -9.7442593185820427E-009
          12          40   4.2390338998590544E-005
          12          41  -1.4282282971173294E-004
          12          42  -1.5919401065708956E-004
          12          43   7.3861452492438051E-004
          12          44  -1.8423164946532189E-003
          12          45   6.4011053998618407E-004
          12          46  -6.3714309131366236E-003
          12          47  -5.2108452668616061E-004
          12          48   4.3201316742987892E-003
          12          49  -6.5627734939781484E-003
          13           1  -1.5961726731542322E-010
          13           2   5.0040010061430690E-010
          13           3  -1.9854080701527769E-009
          13           4   1.3408961122123281E-009
          13           5   5.1104601995865478E-010
          13           6  -7.3923671349920648E-010
          13           7   2.4658884943473992E-002
          13           8   2.9334395138670500E-003
          13           9  -1.5661762403407025E-003
          13          10  -7.4174015204930346E-002
          13          11  -8.0807350622815639E-003
          13          12   4.3143394861994647E-003
          13          13  0.17463639261471375     
          13          14   7.7299243492479509E-003
          13          15  -4.1270328937362960E-003
          13          16  0.32176847369545469     
          13          17   1.3802234745440133E-002
          13          18  -7.3690632232755651E-003
          13          19  0.18503205298207898     
          13          20   9.9439118550897591E-003
          13          21  -5.3090922923914544E-003
          13          22   1.5946341117160360E-010
          13          23  -1.6625153932753675E-009
          13          24   4.4386949756996399E-010
          13          25  -8.0665402704445137E-010
          13          26  -2.4855146348001773E-010
          13          27  -2.7832483416468045E-010
          13          28   3.1991077430222334E-010
          13          29   3.4583186790380179E-010
          13          30   1.5716809764041589E-010
          13          31   4.3774918822500490E-010
          13          32   5.2460270603213358E-011
          13          33   2.5290595907696332E-010
          13          34   4.3070139058825896E-010
          13          35   5.3566974798803143E-010
          13          36  -2.0280757542721392E-011
          13          37   3.6568768978474367E-010
          13          38  -4.3980635826275390E-012
          13          39   8.7032969773558924E-011
          13          40  -1.6367308282628360E-003
          13          41  -7.6933598378496290E-004
          13          42   3.6991386619124478E-003
          13          43   4.3853873900644272E-004
          13          44   4.1075108884827829E-004
          13          45  -2.7718494566147901E-003
          13          46   1.7204780232035793E-005
          13          47   4.8465220236017871E-004
          13          48   2.1265719461180041E-004
          13          49  -3.3158743618165595E-004
          14           1  -2.1367910841735032E-010
          14           2   8.0970511688432803E-010
          14           3  -2.7171844620644053E-009
          14           4   2.2703124346920067E-009
          14           5   2.1217366453823043E-009
          14           6  -2.1475888148035403E-009
          14           7   2.9334392933973242E-003
          14           8   6.9258018046912569E-004
          14           9   1.2984625490866316E-002
          14          10  -8.0807342529669104E-003
          14          11  -8.1541124300109069E-003
          14          12  -3.5768702597310749E-002
          14          13   7.7299243492479509E-003
          14          14  0.11148225905010209     
          14          15   3.4216004785179180E-002
          14          16   1.3802239699877566E-002
          14          17  0.20900300917872230     
          14          18   6.1094730383491433E-002
          14          19   9.9439185076398168E-003
          14          20  0.10378935211155409     
          14          21   4.4016150366570334E-002
          14          22   1.1807277758326031E-010
          14          23  -5.3884589787342307E-010
          14          24  -9.9863167239625899E-010
          14          25   5.1980225679199221E-011
          14          26  -3.4196359080092791E-010
          14          27   1.0609259025987907E-009
          14          28  -7.9010595429344059E-011
          14          29   4.5127269539214514E-012
          14          30   9.7168928682066940E-010
          14          31   2.1407752734622858E-011
          14          32   7.7988510705227852E-010
          14          33  -2.5543196182624430E-010
          14          34   7.1813570540912411E-010
          14          35   2.5547381688207493E-010
          14          36   1.5258608462009222E-009
          14          37  -6.9995199341542195E-011
          14          38   9.2339789235905794E-010
          14          39  -6.7237599395576384E-010
          14          40   6.9012532648763053E-004
          14          41  -3.2259889402861878E-003
          14          42  -1.1068726341264881E-003
          14          43   4.6270125291124915E-003
          14          44   1.3514416114755929E-003
          14          45   5.4242253636771834E-004
          14          46  -4.8995036349164193E-003
          14          47   2.1265792491410380E-004
          14          48  -1.2527897267922425E-003
          14          49   2.7491111427266415E-003
          15           1  -2.0855920500922715E-010
          15           2   7.2216267382475372E-010
          15           3  -2.6171076324793038E-009
          15           4   2.8654862796634253E-009
          15           5   2.3406787684782548E-009
          15           6  -3.7105912045337592E-009
          15           7  -1.5661782919659021E-003
          15           8   1.2984622575284157E-002
          15           9   1.8080159490172245E-002
          15          10   4.3143450252418640E-003
          15          11  -3.5768695660463000E-002
          15          12  -5.6051624540587104E-002
          15          13  -4.1270328937362960E-003
          15          14   3.4216004785179180E-002
          15          15  0.15730070873734847     
          15          16  -7.3690633645405491E-003
          15          17   6.1094719311576354E-002
          15          18  0.29081456260294103     
          15          19  -5.3090954503486852E-003
          15          20   4.4016144469674855E-002
          15          21  0.16273107285645561     
          15          22  -4.9458823848085930E-010
          15          23  -8.8944372980185214E-010
          15          24   7.7467680124448834E-010
          15          25  -1.0222578768922658E-010
          15          26  -3.4690605123175706E-010
          15          27   1.3894326462643107E-010
          15          28   3.3516271919369559E-011
          15          29  -1.0395724434219540E-010
          15          30   2.9026225190456954E-011
          15          31   1.9482755661716493E-010
          15          32   4.4300350301554576E-010
          15          33   1.1114247151790861E-009
          15          34   1.3806078256051564E-009
          15          35   4.2924045909795576E-010
          15          36  -1.2151076092421593E-011
          15          37   1.5128051048406937E-010
          15          38   6.0713099342649541E-011
          15          39   1.1071527414181239E-009
          15          40  -3.6846064331583651E-004
          15          41   1.3514405468451382E-003
          15          42   1.7205918140168015E-005
          15          43   1.9411745653571592E-003
          15          44  -1.4162807499687063E-003
          15          45  -7.3318853100074041E-004
          15          46   3.7714069362324914E-003
          15          47   4.6021846830002677E-004
          15          48  -3.8155493872049952E-003
          15          49  -3.2668866864993913E-004
          16           1  -7.2987030516693513E-011
          16           2   2.3799613353138942E-010
          16           3  -1.0819661378401453E-009
          16           4   1.8906602030266802E-009
          16           5   9.8920311285308185E-010
          16           6  -2.9022974855137119E-009
          16           7  0.11258169837206675     
          16           8   5.0770221211840650E-003
          16           9  -2.7106468576567656E-003
          16          10 -0.31079429325318669     
          16          11  -1.4022729781306054E-002
          16          12   7.4868029106743336E-003
          16          13  0.32176847369545469     
          16          14   1.3802239699877566E-002
          16          15  -7.3690633645405491E-003
          16          16  0.60580295188338051     
          16          17   2.4430467242367582E-002
          16          18  -1.3043515863350095E-002
          16          19  0.34822664131313719     
          16          20   1.7974263969252367E-002
          16          21  -9.5965285107188318E-003
          16          22  -3.3975775967598030E-010
          16          23  -1.2257803212532471E-009
          16          24   6.2822300809918165E-010
          16          25  -8.3529274887011137E-010
          16          26   2.7963092482880854E-010
          16          27  -1.7059268190032232E-010
          16          28   4.2326670613428985E-010
          16          29   1.1044045590410934E-009
          16          30  -2.3906315334621536E-010
          16          31   1.0481242151761923E-009
          16          32  -6.1408998652632192E-012
          16          33  -1.5550099599013048E-010
          16          34   7.0314121321879916E-010
          16          35   6.1238540850234423E-010
          16          36   1.5092272895110086E-010
          16          37   6.2286890988126261E-010
          16          38  -1.0707387878182568E-010
          16          39   5.9742458759162246E-010
          16          40  -2.7167904779322751E-003
          16          41  -1.4564895488104316E-003
          16          42   7.2179641389051620E-003
          16          43   7.6111818826344875E-004
          16          44   7.7762471450190098E-004
          16          45  -5.2750905115404650E-003
          16          46   9.1702362515287575E-005
          16          47   1.1004937285465498E-003
          16          48   3.7747222357588232E-004
          16          49  -6.2492945917489784E-004
