           1           1   2.0927210389417352     
           1           2   1.8680722773206313     
           1           3   3.2513746589835475     
           1           4   2.1642991499568542     
           1           5   2.9450073855373287     
           1           6 -0.73729340725183956     
           1           7   2.2776498385831229E-014
           1           8   1.2526145946206363E-013
           1           9  -3.7813877736879895E-015
           1          10  -3.5044421842529821E-016
           1          11  -1.7678732684783376E-014
           1          12   2.4969772048830838E-013
           1          13  -3.9699202048232129E-013
           1          14  -3.8387105405588548E-014
           1          15  -5.4205277579255705E-013
           1          16  -9.7663065457341519E-013
           1          17   1.0274113739822620E-013
           1          18   3.0562130679399183E-013
           1          19   2.8582033039309241E-013
           1          20  -1.8343209133537962E-013
           1          21  -1.3986401636004228E-013
           1          22  -2.0236110176970197     
           1          23  -1.8188074218830918E-013
           1          24  -2.0236110176966258     
           1          25   1.0793523140495536E-015
           1          26  -1.8701649189825113E-014
           1          27  -2.0236110176967825     
           1          28  -1.1459200159459031     
           1          29  -5.4257681272997403E-015
           1          30  -1.1459200159461307     
           1          31  -3.2869895371335095E-014
           1          32   8.6689287978852605E-014
           1          33  -1.1459200159460072     
           1          34 -0.22642480828356895     
           1          35   3.9278756219137615E-014
           1          36 -0.22642480828354500     
           1          37  -3.7850117023776503E-014
           1          38  -5.2589387158879435E-014
           1          39 -0.22642480828357653     
           1          40   4.3236918146397264E-013
           1          41   8.0919586147972266E-014
           1          42   2.2875649412243819E-013
           1          43  -6.6131812007566344E-014
           1          44   1.6760613670066269E-013
           1          45   9.3548495215588020E-015
           1          46  -3.1176708489526920E-014
           1          47   2.9849419927286141E-013
           1          48   2.3650711123405465E-014
           1          49   7.2907232032067279E-015
           2           1   1.8680722773206313     
           2           2   36.777986622374861     
           2           3   61.727259489661819     
           2           4   38.690926243389164     
           2           5   50.295398140487990     
           2           6  -12.544981322915362     
           2           7   4.2254505927805430E-013
           2           8   2.4393416429140329E-012
           2           9  -2.4012213809117232E-013
           2          10   3.6752974054804767E-013
           2          11  -4.3518960586850269E-013
           2          12   3.8778938932954487E-012
           2          13  -6.0870355493549014E-012
           2          14  -2.3016264289985373E-013
           2          15  -8.8153588371580915E-012
           2          16  -1.2410225036227186E-011
           2          17   1.0802635236607066E-012
           2          18   3.8591000518772589E-012
           2          19   3.3498643901683826E-012
           2          20  -2.7087020256978641E-012
           2          21  -1.8142032694918941E-012
           2          22  -38.036152856078346     
           2          23  -2.3964453747683290E-012
           2          24  -38.036152856073983     
           2          25  -3.0197045904914227E-013
           2          26  -2.1607552423913820E-013
           2          27  -38.036152856075446     
           2          28  -19.602553616680733     
           2          29  -5.0992306247463131E-013
           2          30  -19.602553616683689     
           2          31  -4.4187195670501975E-013
           2          32   1.4556814429952356E-012
           2          33  -19.602553616682147     
           2          34  -3.8934150146677089     
           2          35   7.9503081910988008E-013
           2          36  -3.8934150146673918     
           2          37  -6.4373263625913642E-013
           2          38  -1.0361419209542963E-012
           2          39  -3.8934150146679429     
           2          40   5.3872026031262437E-012
           2          41   1.4752480074622234E-012
           2          42   3.0235737498909781E-012
           2          43  -1.1123499107992490E-012
           2          44   2.9938940451880066E-012
           2          45   1.6917540396858060E-013
           2          46  -4.4829565948291762E-013
           2          47   4.1969191739394545E-012
           2          48   4.8630234767349495E-013
           2          49   5.2693886134928032E-013
           3           1   3.2513746589835475     
           3           2   61.727259489661819     
           3           3   112.79727760884603     
           3           4   72.646650000675294     
           3           5   97.568041993835735     
           3           6  -24.367030554327911     
           3           7   6.9750499907699373E-013
           3           8   2.6795903085541510E-012
           3           9   5.0142736539820671E-013
           3          10   3.6043622272856817E-013
           3          11  -1.2878927160575829E-012
           3          12   8.8052472199588757E-012
           3          13  -1.4016442329637704E-011
           3          14  -3.5449642653281208E-013
           3          15  -1.9846971193206147E-011
           3          16  -3.0851779614332244E-011
           3          17   9.5128769438581650E-013
           3          18   9.2156719746323263E-012
           3          19   8.6865306679406752E-012
           3          20  -5.5442708963055669E-012
           3          21  -4.2998369339562894E-012
           3          22  -68.043448582158248     
           3          23  -5.8786091855292968E-012
           3          24  -68.043448582146738     
           3          25  -6.2484382134135388E-013
           3          26  -4.0481010788658480E-013
           3          27  -68.043448582151171     
           3          28  -38.065019141613575     
           3          29  -9.1067313577039037E-013
           3          30  -38.065019141620731     
           3          31  -9.9526846906568308E-013
           3          32   3.1679506537293818E-012
           3          33  -38.065019141617078     
           3          34  -7.5315766794808159     
           3          35   1.6997728004824728E-012
           3          36  -7.5315766794801089     
           3          37  -1.4479503557111004E-012
           3          38  -2.2631509809241394E-012
           3          39  -7.5315766794812511     
           3          40   1.3407190935346472E-011
           3          41   3.5500518769782150E-012
           3          42   7.3300398187608546E-012
           3          43  -1.9659530496395704E-012
           3          44   6.5872409752877622E-012
           3          45   3.7382080286110568E-013
           3          46  -1.0922241342968220E-012
           3          47   9.9595159437418750E-012
           3          48   1.3603702407236944E-012
           3          49   9.8417729355526804E-013
           4           1   2.1642991499568542     
           4           2   38.690926243389164     
           4           3   72.646650000675294     
           4           4   47.209532577827659     
           4           5   63.886475950805888     
           4           6  -15.963659911591357     
           4           7   2.6808550524514222E-013
           4           8   8.4376620072239704E-013
           4           9   3.7646155547896981E-013
           4          10   1.4245471853615435E-012
           4          11   1.7114328393142261E-014
           4          12   5.6248876178589568E-012
           4          13  -6.3909357207888257E-012
           4          14  -1.0891661131010468E-014
           4          15  -1.3715862714944166E-011
           4          16  -3.8062957147414288E-012
           4          17   1.0476517173033115E-012
           4          18   4.0668682433548197E-012
           4          19  -4.9792519563058152E-013
           4          20  -3.8800356537746529E-012
           4          21  -2.0904661883324631E-012
           4          22  -43.688640487898496     
           4          23  -1.1636605592372586E-012
           4          24  -43.688640487900059     
           4          25  -1.8260642575716701E-012
           4          26  -4.3585346567127843E-014
           4          27  -43.688640487898027     
           4          28  -24.931718812743220     
           4          29  -1.5590712486504904E-012
           4          30  -24.931718812744791     
           4          31  -1.7725079182204114E-013
           4          32   2.0374566392358976E-012
           4          33  -24.931718812744101     
           4          34  -4.9264146525490853     
           4          35   1.4223669508720856E-012
           4          36  -4.9264146525496102     
           4          37  -1.1233026352149198E-012
           4          38  -1.4874836982972170E-012
           4          39  -4.9264146525498269     
           4          40   1.2738623559701463E-012
           4          41   2.2838068381950562E-012
           4          42   1.4546953700280114E-012
           4          43  -1.5326564051522786E-012
           4          44   4.8461376761588950E-012
           4          45   2.5051865630562402E-013
           4          46  -2.9659190568665289E-013
           4          47   3.2147643340818845E-012
           4          48   8.1395598140963374E-013
           4          49   1.6320704875992403E-012
           5           1   2.9450073855373287     
           5           2   50.295398140487990     
           5           3   97.568041993835735     
           5           4   63.886475950805888     
           5           5   87.722707504489136     
           5           6  -21.920769878435216     
           5           7   6.4737499427844033E-013
           5           8   1.6215480017475492E-012
           5           9   9.8115995855874066E-013
           5          10  -4.7484425193702198E-013
           5          11  -1.8771155660789054E-012
           5          12   8.7811954920070002E-012
           5          13  -1.4710125653031979E-011
           5          14  -3.8012658396647149E-013
           5          15  -1.9539654572682534E-011
           5          16  -3.5908572273388057E-011
           5          17  -2.6614999209596232E-013
           5          18   9.7185596161730970E-012
           5          19   1.0647023760913426E-011
           5          20  -5.0126908681705648E-012
           5          21  -4.4932115662952510E-012
           5          22  -57.795208644417116     
           5          23  -6.5028498581467215E-012
           5          24  -57.795208644402123     
           5          25  -5.5703464720273402E-013
           5          26  -8.6328017431817026E-014
           5          27  -57.795208644409037     
           5          28  -34.243415206956826     
           5          29  -6.3166496615528931E-013
           5          30  -34.243415206965118     
           5          31  -9.9415721495741495E-013
           5          32   2.9755110904221411E-012
           5          33  -34.243415206960726     
           5          34  -6.7621112981266993     
           5          35   1.5928366312478294E-012
           5          36  -6.7621112981257152     
           5          37  -1.4204082078946707E-012
           5          38  -2.1674974665723280E-012
           5          39  -6.7621112981269951     
           5          40   1.5690402339190521E-011
           5          41   3.7110357425444986E-012
           5          42   8.3155504634336057E-012
           5          43  -1.4673273837533144E-012
           5          44   6.3577445298327604E-012
           5          45   3.6439024819595813E-013
           5          46  -1.1889199381872567E-012
           5          47   1.0909723349458909E-011
           5          48   1.5767891318124718E-012
           5          49   7.1584349353049422E-013
           6           1 -0.73729340725183956     
           6           2  -12.544981322915362     
           6           3  -24.367030554327911     
           6           4  -15.963659911591357     
           6           5  -21.920769878435216     
           6           6   5.4779779928987429     
           6           7  -1.5748488090260256E-013
           6           8  -2.9627217596340823E-013
           6           9  -2.2302275529209902E-013
           6          10  -3.8727841691445551E-015
           6          11   3.6966162095374909E-013
           6          12  -2.1476773731040371E-012
           6          13   3.2121162581452827E-012
           6          14   1.3157228600397214E-013
           6          15   4.9494803201717809E-012
           6          16   6.3224134705995198E-012
           6          17   3.6306184086543321E-013
           6          18  -2.0301580698800872E-012
           6          19  -1.6677004631711285E-012
           6          20   1.1405821752810694E-012
           6          21   9.7304671136784409E-013
           6          22   14.439694972228292     
           6          23   1.2720252678892791E-012
           6          24   14.439694972225505     
           6          25   2.3010957935479929E-013
           6          26  -4.8509075454443029E-014
           6          27   14.439694972226762     
           6          28   8.5571078103996108     
           6          29   2.7905645764082130E-013
           6          30   8.5571078104013463     
           6          31   2.1658013341844360E-013
           6          32  -7.1856391251009475E-013
           6          33   8.5571078104004155     
           6          34   1.6896232861286571     
           6          35  -4.3420342449689189E-013
           6          36   1.6896232861285121     
           6          37   3.6438524392028753E-013
           6          38   5.3377729322033786E-013
           6          39   1.6896232861287821     
           6          40  -2.7110287456118849E-012
           6          41  -9.8600258675414675E-013
           6          42  -1.5363091374001283E-012
           6          43   2.3295073782753339E-013
           6          44  -1.6681162801544652E-012
           6          45  -9.1005564951833900E-014
           6          46   2.1576213012796280E-013
           6          47  -2.1837383160734020E-012
           6          48  -4.5286017599816936E-013
           6          49  -3.5983322152415136E-013
           7           1   2.2776498385831229E-014
           7           2   4.2254505927805430E-013
           7           3   6.9750499907699373E-013
           7           4   2.6808550524514222E-013
           7           5   6.4737499427844033E-013
           7           6  -1.5748488090260256E-013
           7           7   2.0048567709086740     
           7           8   4.8448327311814284E-005
           7           9  -4.1132805543529592E-004
           7          10   1.1848397903899069E-002
           7          11  -5.5472196808840544E-004
           7          12   4.7096096219152641E-003
           7          13  -4.9572261313749658E-002
           7          14  -7.3833925079617719E-004
           7          15   6.2685270089001682E-003
           7          16  -3.1421346689035311E-002
           7          17  -3.9613021445975742E-003
           7          18   3.3631598833520411E-002
           7          19   1.2038628017452962E-002
           7          20   1.4843834412865656E-003
           7          21  -1.2602469236239549E-002
           7          22  -3.7596848773731490E-013
           7          23   1.6766408629044322E-015
           7          24  -3.4366562373746832E-013
           7          25  -5.8518000330257053E-014
           7          26  -7.7835679713722069E-015
           7          27  -3.0926316109302888E-013
           7          28  -1.9985041652582151E-013
           7          29   2.2804114432389462E-015
           7          30  -2.0804101801989454E-013
           7          31   2.1608923768074503E-014
           7          32   8.0447171547150855E-015
           7          33  -2.3074770576854866E-013
           7          34  -5.2045731516214018E-014
           7          35   1.9376586162074560E-015
           7          36  -6.2195582683971324E-014
           7          37  -4.5092074576338561E-015
           7          38  -6.0710593851402246E-015
           7          39  -5.4690486115078896E-014
           7          40   2.0215670175409272E-002
           7          41   8.1308418203514807E-004
           7          42   9.0407225445887085E-003
           7          43   1.8181115024573813E-003
           7          44  -6.9031141855507563E-003
           7          45   3.6728353635734831E-015
           7          46  -6.9031141855545892E-003
           7          47   9.0407225446000206E-003
           7          48   8.1308418203464761E-004
           7          49  -1.5435832575355078E-002
           8           1   1.2526145946206363E-013
           8           2   2.4393416429140329E-012
           8           3   2.6795903085541510E-012
           8           4   8.4376620072239704E-013
           8           5   1.6215480017475492E-012
           8           6  -2.9627217596340823E-013
           8           7   4.8448327311814284E-005
           8           8   2.0049890360155920     
           8           9   1.3454718972648840E-004
           8          10  -5.5472196812193200E-004
           8          11   1.0333993496249513E-002
           8          12  -1.5405337198597904E-003
           8          13  -7.3833925073900711E-004
           8          14  -5.1587945350078927E-002
           8          15  -2.0504623538661454E-003
           8          16  -3.9613021446412537E-003
           8          17  -4.2235797482170170E-002
           8          18  -1.1001041745551613E-002
           8          19   1.4843834413100340E-003
           8          20   1.6091030762317063E-002
           8          21   4.1223223091789224E-003
           8          22  -1.5229454775649852E-012
           8          23  -4.1808627318071022E-015
           8          24  -1.5091055619457830E-012
           8          25  -1.0422682521405317E-014
           8          26   7.6729946644714317E-015
           8          27  -1.4889085163352856E-012
           8          28  -4.9329041233473437E-013
           8          29   9.6172681916523462E-016
           8          30  -5.0011583248931680E-013
           8          31   4.0477068560754748E-015
           8          32  -2.9719505757083056E-015
           8          33  -4.9996057980491866E-013
           8          34  -1.8273731336511642E-013
           8          35  -6.3750157929727207E-016
           8          36  -1.7970134579407139E-013
           8          37  -1.4013304005999711E-015
           8          38   9.4129193006710722E-016
           8          39  -1.8320989899264732E-013
           8          40   1.8181115024491273E-003
           8          41   1.1260462053520963E-002
           8          42   8.1308418203167353E-004
           8          43   2.5179158609730259E-002
           8          44   2.2580385697875947E-003
           8          45   6.0779451753187041E-016
           8          46   2.2580385697875977E-003
           8          47   8.1308418203285390E-004
           8          48   1.1260462053520909E-002
           8          49   5.0491277378587746E-003
           9           1  -3.7813877736879895E-015
           9           2  -2.4012213809117232E-013
           9           3   5.0142736539820671E-013
           9           4   3.7646155547896981E-013
           9           5   9.8115995855874066E-013
           9           6  -2.2302275529209902E-013
           9           7  -4.1132805543529592E-004
           9           8   1.3454718972648840E-004
           9           9   2.0038625731544184     
           9          10   4.7096096218881001E-003
           9          11  -1.5405337198286420E-003
           9          12   2.3231728672846695E-002
           9          13   6.2685270089399810E-003
           9          14  -2.0504623538969697E-003
           9          15  -3.4420959591325830E-002
           9          16   3.3631598833408258E-002
           9          17  -1.1001041745416338E-002
           9          18   4.9867686700975439E-002
           9          19  -1.2602469236185491E-002
           9          20   4.1223223091232395E-003
           9          21  -1.8422086848105763E-002
           9          22  -1.5195695019170314E-013
           9          23  -6.0235044836151122E-015
           9          24  -1.6473001021906204E-013
           9          25  -1.1162507681605464E-014
           9          26  -5.3540248116430104E-015
           9          27  -1.6657449902796800E-013
           9          28  -3.5908739430162672E-013
           9          29   2.5057777104390272E-016
           9          30  -3.5298393241692887E-013
           9          31   5.0375913389647278E-015
           9          32  -4.5812724955226724E-015
           9          33  -3.4444478206944819E-013
           9          34  -8.4282183047748185E-014
           9          35  -4.7200414325295880E-015
           9          36  -8.2570350471922489E-014
           9          37  -5.5567974252802558E-015
           9          38   7.5745154185083499E-015
           9          39  -8.5367742794424719E-014
           9          40  -1.5435832575319833E-002
           9          41   2.2580385697654809E-003
           9          42  -6.9031141855433664E-003
           9          43   5.0491277378113741E-003
           9          44  -7.6444039135090298E-003
           9          45  -2.6520001869423693E-015
           9          46  -7.6444039135068510E-003
           9          47  -6.9031141855501275E-003
           9          48   2.2580385697653351E-003
           9          49  -1.7093406798055009E-002
          10           1  -3.5044421842529821E-016
          10           2   3.6752974054804767E-013
          10           3   3.6043622272856817E-013
          10           4   1.4245471853615435E-012
          10           5  -4.7484425193702198E-013
          10           6  -3.8727841691445551E-015
          10           7   1.1848397903899069E-002
          10           8  -5.5472196812193200E-004
          10           9   4.7096096218881001E-003
          10          10   1.7519699476144575     
          10          11   6.3514362419233679E-003
          10          12  -5.3923923976830747E-002
          10          13  0.26365566908942040     
          10          14   8.4538109999298394E-003
          10          15  -7.1773161899232843E-002
          10          16  0.28789483997343379     
          10          17   4.5355979126487894E-002
          10          18 -0.38507390724702256     
          10          19 -0.10643048126304785     
          10          20  -1.6995841751406855E-002
          10          21  0.14429531268432089     
          10          22  -8.4123614799940831E-013
          10          23  -3.3849112178463067E-014
          10          24  -7.4542845856764931E-013
          10          25  -5.3496096218039519E-013
          10          26  -1.2684498078844116E-013
          10          27  -4.6611014756763048E-013
          10          28  -9.3883078749006530E-014
          10          29   2.1879910729582222E-014
          10          30  -1.2735808378142764E-013
          10          31   1.7937610152507372E-013
          10          32   3.4903669167948983E-014
          10          33  -2.1765094959362102E-013
          10          34   1.0417260965583741E-013
          10          35  -5.2681937510456046E-015
          10          36   1.0086086869421436E-013
          10          37  -5.9943815040643637E-014
          10          38  -1.1093606778838734E-014
          10          39   1.3438931826149735E-013
          10          40 -0.17160494329770734     
          10          41  -9.3096229072324801E-003
          10          42  -7.6744063697715137E-002
          10          43  -2.0816949665438469E-002
          10          44   7.9039036019792536E-002
          10          45  -1.2232753517026875E-015
          10          46   7.9039036019792563E-002
          10          47  -7.6744063697738285E-002
          10          48  -9.3096229072356235E-003
          10          49  0.17673665741632577     
          11           1  -1.7678732684783376E-014
          11           2  -4.3518960586850269E-013
          11           3  -1.2878927160575829E-012
          11           4   1.7114328393142261E-014
          11           5  -1.8771155660789054E-012
          11           6   3.6966162095374909E-013
          11           7  -5.5472196808840544E-004
          11           8   1.0333993496249513E-002
          11           9  -1.5405337198286420E-003
          11          10   6.3514362419233679E-003
          11          11   1.7693095223787549     
          11          12   1.7638749251525237E-002
          11          13   8.4538110001856990E-003
          11          14  0.28673477786041729     
          11          15   2.3477312338625423E-002
          11          16   4.5355979126827824E-002
          11          17  0.41171776145304134     
          11          18  0.12595934405939826     
          11          19  -1.6995841751514022E-002
          11          20 -0.15282954086208123     
          11          21  -4.7199622188125033E-002
          11          22   1.5673379308996695E-013
          11          23  -9.0462182725067073E-015
          11          24   2.5909216060504735E-013
          11          25  -5.4860133115152974E-014
          11          26   5.9833478086996995E-014
          11          27   4.1759956053452305E-013
          11          28   5.3433522293692026E-013
          11          29   5.9466075952803046E-015
          11          30   4.9452039595475362E-013
          11          31   2.1358529476596636E-014
          11          32  -1.7004988728387511E-014
          11          33   4.4221227677155752E-013
          11          34   1.9195186700310223E-013
          11          35   6.8796813145253025E-015
          11          36   1.9930693814104850E-013
          11          37  -5.2190427792073510E-015
          11          38   5.1044054506396018E-015
          11          39   2.2110488760045820E-013
          11          40  -2.0816949665659338E-002
          11          41 -0.10215955970179784     
          11          42  -9.3096229073278865E-003
          11          43 -0.22843572004467522     
          11          44  -2.5854011255436800E-002
          11          45  -3.0006010466688618E-015
          11          46  -2.5854011255442982E-002
          11          47  -9.3096229073304539E-003
          11          48 -0.10215955970180066     
          11          49  -5.7811326658206943E-002
          12           1   2.4969772048830838E-013
          12           2   3.8778938932954487E-012
          12           3   8.8052472199588757E-012
          12           4   5.6248876178589568E-012
          12           5   8.7811954920070002E-012
          12           6  -2.1476773731040371E-012
          12           7   4.7096096219152641E-003
          12           8  -1.5405337198597904E-003
          12           9   2.3231728672846695E-002
          12          10  -5.3923923976830747E-002
          12          11   1.7638749251525237E-002
          12          12   1.6216334840290063     
          12          13  -7.1773161899207696E-002
          12          14   2.3477312338739478E-002
          12          15   9.0176823107728399E-002
          12          16 -0.38507390724686846     
          12          17  0.12595934405961423     
          12          18 -0.64284549916155420     
          12          19  0.14429531268426618     
          12          20  -4.7199622188195511E-002
          12          21  0.24233754933019946     
          12          22  -4.6525294016661116E-012
          12          23  -2.0590081958249049E-014
          12          24  -4.6303326897233626E-012
          12          25  -2.9610890574152181E-014
          12          26   1.1680739969624062E-014
          12          27  -4.6564584744718259E-012
          12          28  -3.3627958006846121E-012
          12          29   7.7577149340999968E-015
          12          30  -3.3654419664909439E-012
          12          31   1.8377528471296835E-014
          12          32  -4.2247708940346804E-015
          12          33  -3.3557376442851855E-012
          12          34  -6.9855266879360471E-013
          12          35  -2.7060134549937701E-015
          12          36  -7.0250993509903574E-013
          12          37  -5.9529943380978620E-015
          12          38   2.4672271459945159E-015
          12          39  -7.0245973867123773E-013
          12          40  0.17673665741626485     
          12          41  -2.5854011255496436E-002
          12          42   7.9039036019764891E-002
          12          43  -5.7811326658331927E-002
          12          44  0.11429671524235699     
          12          45   1.9216174772735428E-015
          12          46  0.11429671524234872     
          12          47   7.9039036019773370E-002
          12          48  -2.5854011255500516E-002
          12          49  0.25557522488684004     
          13           1  -3.9699202048232129E-013
          13           2  -6.0870355493549014E-012
          13           3  -1.4016442329637704E-011
          13           4  -6.3909357207888257E-012
          13           5  -1.4710125653031979E-011
          13           6   3.2121162581452827E-012
          13           7  -4.9572261313749658E-002
          13           8  -7.3833925073900711E-004
          13           9   6.2685270089399810E-003
          13          10  0.26365566908942040     
          13          11   8.4538110001856990E-003
          13          12  -7.1773161899207696E-002
          13          13  0.59175880050413143     
          13          14   1.1252088141962669E-002
          13          15  -9.5530636294750282E-002
          13          16   3.3050751359413382     
          13          17   6.0369160714054917E-002
          13          18 -0.51253636326399021     
          13          19  -1.2386509643216530     
          13          20  -2.2621597459080489E-002
          13          21  0.19205818261744048     
          13          22   6.7814029702959041E-012
          13          23   2.7363546311715779E-014
          13          24   6.8649758905773120E-012
          13          25   2.8398037482388998E-013
          13          26   7.9656132559414035E-014
          13          27   6.7448061550104345E-012
          13          28   5.0075444211624838E-012
          13          29  -2.6733359087315808E-015
          13          30   4.9599241008035305E-012
          13          31  -9.9147118827769217E-014
          13          32  -4.5393651834918810E-014
          13          33   5.0019870560870352E-012
          13          34   1.3707752980572565E-012
          13          35   2.1614446714550723E-015
          13          36   1.3938272332815543E-012
          13          37   2.7099907257641745E-014
          13          38   1.4207485651604682E-014
          13          39   1.3700567596636307E-012
          13          40  -1.5123540170014098     
          13          41  -1.2391180441843442E-002
          13          42 -0.67634527761198981     
          13          43  -2.7707521789432990E-002
          13          44  0.10520157121810932     
          13          45  -7.5948862848273883E-015
          13          46  0.10520157121810784     
          13          47 -0.67634527761200691     
          13          48  -1.2391180441845799E-002
          13          49  0.23523786458348447     
          14           1  -3.8387105405588548E-014
          14           2  -2.3016264289985373E-013
          14           3  -3.5449642653281208E-013
          14           4  -1.0891661131010468E-014
          14           5  -3.8012658396647149E-013
          14           6   1.3157228600397214E-013
          14           7  -7.3833925079617719E-004
          14           8  -5.1587945350078927E-002
          14           9  -2.0504623538969697E-003
          14          10   8.4538109999298394E-003
          14          11  0.28673477786041729     
          14          12   2.3477312338739478E-002
          14          13   1.1252088141962669E-002
          14          14  0.62247727364531247     
          14          15   3.1248485183892324E-002
          14          16   6.0369160712841999E-002
          14          17   3.4698844067605421     
          14          18  0.16765286587496681     
          14          19  -2.2621597458600144E-002
          14          20  -1.3004084732532188     
          14          21  -6.2823063958819564E-002
          14          22   2.5724706723329969E-013
          14          23  -2.2911928820851500E-014
          14          24   2.5833744825519536E-013
          14          25  -1.8302206508273136E-014
          14          26  -7.8595542117706878E-014
          14          27   1.4233670179212738E-013
          14          28   7.2739877760188479E-014
          14          29   1.4889031579674069E-014
          14          30   6.7917090301782547E-014
          14          31   2.3214386977534460E-015
          14          32   3.1461767038878792E-014
          14          33   1.0492990080979749E-013
          14          34   2.2487676202717338E-014
          14          35   4.7252661843720875E-015
          14          36   1.9073195006323418E-014
          14          37   6.9783381890209124E-015
          14          38  -1.0530907586419612E-014
          14          39   1.7034714077541453E-014
          14          40  -2.7707521788935607E-002
          14          41 -0.71017350031819138     
          14          42  -1.2391180441639464E-002
          14          43  -1.5879962225304580     
          14          44  -3.4411889913410487E-002
          14          45  -5.4660099692380423E-015
          14          46  -3.4411889913418203E-002
          14          47  -1.2391180441639185E-002
          14          48 -0.71017350031819748     
          14          49  -7.6947325080635329E-002
          15           1  -5.4205277579255705E-013
          15           2  -8.8153588371580915E-012
          15           3  -1.9846971193206147E-011
          15           4  -1.3715862714944166E-011
          15           5  -1.9539654572682534E-011
          15           6   4.9494803201717809E-012
          15           7   6.2685270089001682E-003
          15           8  -2.0504623538661454E-003
          15           9  -3.4420959591325830E-002
          15          10  -7.1773161899232843E-002
          15          11   2.3477312338625423E-002
          15          12   9.0176823107728399E-002
          15          13  -9.5530636294750282E-002
          15          14   3.1248485183892324E-002
          15          15  0.36085710826008000     
          15          16 -0.51253636326432161     
          15          17  0.16765286587437062     
          15          18   2.0662525110255436     
          15          19  0.19205818261757474     
          15          20  -6.2823063958584544E-002
          15          21 -0.77443800504684956     
          15          22   1.0702487060780681E-011
          15          23   2.7018047932986429E-014
          15          24   1.0742930256179658E-011
          15          25  -1.7920384277932431E-013
          15          26  -9.2181987319956323E-014
          15          27   1.0853270345750045E-011
          15          28   7.7500228650935559E-012
          15          29  -9.1823790294980597E-015
          15          30   7.7432479500192834E-012
          15          31   7.3760168425446785E-014
          15          32   3.0135641679839918E-014
          15          33   7.7046678903754803E-012
          15          34   1.4666781244703210E-012
          15          35   1.9411596033667552E-015
          15          36   1.4640638917751593E-012
          15          37  -2.2922061741523640E-014
          15          38  -7.2325322008291492E-015
          15          39   1.4792785095073196E-012
          15          40  0.23523786458361884     
          15          41  -3.4411889913310928E-002
          15          42  0.10520157121816326     
          15          43  -7.6947325080401321E-002
          15          44 -0.42206851611220592     
          15          45   1.6695816216064522E-015
          15          46 -0.42206851611221563     
          15          47  0.10520157121817227     
          15          48  -3.4411889913315070E-002
          15          49 -0.94377389318938154     
          16           1  -9.7663065457341519E-013
          16           2  -1.2410225036227186E-011
          16           3  -3.0851779614332244E-011
          16           4  -3.8062957147414288E-012
          16           5  -3.5908572273388057E-011
          16           6   6.3224134705995198E-012
          16           7  -3.1421346689035311E-002
          16           8  -3.9613021446412537E-003
          16           9   3.3631598833408258E-002
          16          10  0.28789483997343379     
          16          11   4.5355979126827824E-002
          16          12 -0.38507390724686846     
          16          13   3.3050751359413382     
          16          14   6.0369160712841999E-002
          16          15 -0.51253636326432161     
          16          16   19.354512003601457     
          16          17  0.32388971000545991     
          16          18  -2.7498353811599818     
          16          19  -7.2545671750930634     
          16          20 -0.12136830385280666     
          16          21   1.0304213001384639     
          16          22   1.2140646775098223E-011
          16          23   5.8095460742715177E-014
          16          24   1.1728515198989812E-011
          16          25   1.9570458088738221E-013
          16          26  -6.0932536609338349E-014
          16          27   1.1394376103950774E-011
          16          28   9.7326366901024561E-012
          16          29   1.3231367173883637E-014
          16          30   9.7658969474460093E-012
          16          31  -6.6943548297399509E-014
          16          32  -7.6672793871629200E-014
          16          33   9.8777738817092854E-012
          16          34   4.1605509326905742E-012
          16          35   3.3543771280560969E-015
          16          36   4.2095963659907330E-012
          16          37   7.1798649352248780E-015
          16          38   2.5790621270082288E-014
          16          39   4.1060252273427699E-012
          16          40  -8.8265452347003013     
          16          41  -6.6480563792203365E-002
          16          42  -3.9473510302532651     
          16          43 -0.14865505982192598     
          16          44  0.56442239697280294     
          16          45  -4.3580776166270915E-014
          16          46  0.56442239697279373     
          16          47  -3.9473510302533468     
          16          48  -6.6480563792215605E-002
          16          49   1.2620868476545846     
