           1           1   2.3144496795797131     
           1           2 -0.58595122608220040     
           1           3 -0.56911903700307998     
           1           4  0.17630719361308317     
           1           5   1.4834064336858782E-013
           1           6  -1.2097382621377453E-013
           1           7  -2.6297455651234782E-013
           1           8  -2.0495648272283434E-013
           1           9   2.2031555186887199E-013
           1          10   4.7536436503961089E-013
           1          11   5.9344832714752968E-014
           1          12  -7.0894693495890822E-014
           1          13  -1.5183363044448337E-013
           1          14  0.14193640921176634     
           1          15  -1.3241582844544525E-015
           1          16  0.14193640921175213     
           1          17  -1.8812712171840088E-015
           1          18   1.0108084956738854E-015
           1          19  0.14193640921175776     
           1          20   4.9904448472650048E-002
           1          21  -2.5416244279130390E-015
           1          22   4.9904448472654406E-002
           1          23   3.8284859412353790E-015
           1          24  -8.6065813594490135E-016
           1          25   4.9904448472653705E-002
           1          26  -2.2881160049691426E-014
           1          27   1.3906950503500558E-015
           1          28  -1.0196422766170087E-014
           1          29   1.0241227113546940E-014
           1          30   9.6138160566684105E-015
           1          31   7.5165985033438985E-016
           1          32   6.6300827505734768E-015
           1          33  -1.0178991635342653E-014
           1          34   2.8780991752409313E-015
           1          35   1.6031646049510983E-014
           2           1 -0.58595122608220040     
           2           2  0.97779230687707008     
           2           3   1.6104108460983084     
           2           4 -0.46902952870236164     
           2           5  -2.9506659862648965E-013
           2           6   2.7918228500655980E-013
           2           7   6.9972236162684879E-013
           2           8   5.7106447352666223E-013
           2           9  -5.9235420374024658E-013
           2          10  -1.3766223548377733E-012
           2          11  -1.8814043873378729E-013
           2          12   1.9932851265455789E-013
           2          13   4.5202913313350631E-013
           2          14 -0.17523192984614822     
           2          15   2.2898250197637934E-015
           2          16 -0.17523192984613351     
           2          17   2.9568705509233169E-015
           2          18  -2.2440209880736071E-016
           2          19 -0.17523192984613573     
           2          20 -0.16450964438671745     
           2          21   1.4495820491122071E-015
           2          22 -0.16450964438671772     
           2          23   1.3781683017965926E-015
           2          24   3.3997314411047913E-015
           2          25 -0.16450964438672200     
           2          26   6.4416061752844128E-015
           2          27   2.1923245328709102E-015
           2          28   6.1573019473874825E-015
           2          29   6.3815063273902625E-016
           2          30  -9.0422457068129149E-015
           2          31   5.1597196856041900E-016
           2          32  -8.4364498706239417E-015
           2          33   4.7944795782607745E-015
           2          34  -2.8741207215050670E-016
           2          35  -1.5156415372672871E-014
           3           1 -0.56911903700307998     
           3           2   1.6104108460983084     
           3           3   2.7321719699034133     
           3           4 -0.79361259602706657     
           3           5  -4.5385096417644648E-013
           3           6   2.9452710606541837E-013
           3           7   9.6824036920540123E-013
           3           8   8.9235515014068530E-013
           3           9  -6.5288583348651732E-013
           3          10  -1.9055710951073872E-012
           3          11  -2.9541134293831228E-013
           3          12   2.2175771987350032E-013
           3          13   6.2479254405996479E-013
           3          14 -0.28115769248579220     
           3          15   3.7809994115163964E-015
           3          16 -0.28115769248576905     
           3          17   4.8478762484083470E-015
           3          18  -1.9286000202298340E-016
           3          19 -0.28115769248577177     
           3          20 -0.28076221646265032     
           3          21   2.0500642176293673E-015
           3          22 -0.28076221646264998     
           3          23   3.2084553337726753E-015
           3          24   5.8366058862675606E-015
           3          25 -0.28076221646265770     
           3          26   6.2155080414416656E-015
           3          27   5.3066894777461293E-015
           3          28   8.5793573651384352E-015
           3          29   5.7661902211448643E-015
           3          30  -1.2625100240263889E-014
           3          31   1.0637392224002489E-015
           3          32  -1.2155871367868923E-014
           3          33   6.1736244651149578E-015
           3          34   1.2228785339945342E-015
           3          35  -2.0382831355273454E-014
           4           1  0.17630719361308317     
           4           2 -0.46902952870236164     
           4           3 -0.79361259602706657     
           4           4  0.23057530263068698     
           4           5   1.5050532728919350E-013
           4           6  -1.3067404793870025E-013
           4           7  -3.2850031196942265E-013
           4           8  -2.9617484351124526E-013
           4           9   2.7987322694289978E-013
           4          10   6.4796768403173054E-013
           4          11   9.8058098349606343E-014
           4          12  -9.4397001081395120E-014
           4          13  -2.1286663725160960E-013
           4          14   8.2085190166778108E-002
           4          15  -1.1009516983180412E-015
           4          16   8.2085190166771349E-002
           4          17  -1.4125237017350034E-015
           4          18   6.0880183522668290E-017
           4          19   8.2085190166772168E-002
           4          20   8.1509899623122967E-002
           4          21  -6.0606944068425490E-016
           4          22   8.1509899623122883E-002
           4          23  -9.0944158724327839E-016
           4          24  -1.6935777302793086E-015
           4          25   8.1509899623125118E-002
           4          26  -2.1846786077111695E-015
           4          27  -1.2335970652922853E-015
           4          28  -2.6554219583022054E-015
           4          29  -9.5721670242947939E-016
           4          30   4.0115123993892701E-015
           4          31  -3.0411050977867539E-016
           4          32   3.8607647754383929E-015
           4          33  -1.9590519195401487E-015
           4          34  -4.4186280451420144E-017
           4          35   6.6713003661797045E-015
           5           1   1.4834064336858782E-013
           5           2  -2.9506659862648965E-013
           5           3  -4.5385096417644648E-013
           5           4   1.5050532728919350E-013
           5           5   1.4263475264561112     
           5           6 -0.64715482780544575     
           5           7  0.44766972989095738     
           5           8  -2.8577510218082103     
           5           9   1.2966036229778963     
           5          10 -0.89692631304722981     
           5          11  0.95015223756716283     
           5          12 -0.43109802925746626     
           5          13  0.29821231337900328     
           5          14   5.2463647055383795E-014
           5          15   2.8041837603984456E-015
           5          16   5.1618282627357808E-014
           5          17  -6.4625085120065157E-016
           5          18   1.1037903292838552E-016
           5          19   4.8166931361129758E-014
           5          20   3.9053985578820470E-014
           5          21  -3.6985558085594610E-015
           5          22   3.3984238276764842E-014
           5          23  -1.2564093484965157E-015
           5          24   3.2813562190569472E-015
           5          25   3.9464600536909576E-014
           5          26  -2.1014167075480292E-002
           5          27   4.2639295521726241E-003
           5          28  -9.3978212142634739E-003
           5          29   9.5344363299211601E-003
           5          30  -2.9495757566348041E-003
           5          31   1.5444705347803686E-015
           5          32  -2.9495757566359408E-003
           5          33  -9.3978212142603948E-003
           5          34   4.2639295521705398E-003
           5          35  -6.5954518966203799E-003
           6           1  -1.2097382621377453E-013
           6           2   2.7918228500655980E-013
           6           3   2.9452710606541837E-013
           6           4  -1.3067404793870025E-013
           6           5 -0.64715482780544575     
           6           6  0.89576185911539152     
           6           7  0.66734131973746802     
           6           8   1.2966036229783122     
           6           9  -1.7946989220383600     
           6          10  -1.3370481618267800     
           6          11 -0.43109802925764606     
           6          12  0.59670600535904916     
           6          13  0.44454513111883526     
           6          14  -4.6063311954630853E-014
           6          15   2.1439487582729033E-015
           6          16  -1.2978989626569224E-014
           6          17  -4.3402617062497589E-015
           6          18  -3.1776412739480314E-015
           6          19  -4.2198886876748042E-014
           6          20  -7.0185240911249791E-015
           6          21   9.2344089877053917E-015
           6          22  -1.6339276043655898E-014
           6          23   3.5608777737964807E-015
           6          24   1.4692116679265412E-014
           6          25  -1.9735496947210264E-014
           6          26   9.5344363298253149E-003
           6          27  -5.9019345892045716E-003
           6          28   4.2639295521129600E-003
           6          29  -1.3197126940219928E-002
           6          30  -4.3969329321785601E-003
           6          31  -1.3318486264219565E-014
           6          32  -4.3969329321695925E-003
           6          33   4.2639295521122132E-003
           6          34  -5.9019345892035698E-003
           6          35  -9.8318409288629532E-003
           7           1  -2.6297455651234782E-013
           7           2   6.9972236162684879E-013
           7           3   9.6824036920540123E-013
           7           4  -3.2850031196942265E-013
           7           5  0.44766972989095738     
           7           6  0.66734131973746802     
           7           7   1.3988418906352151     
           7           8 -0.89692631304733206     
           7           9  -1.3370481618263792     
           7          10  -2.8026422510386428     
           7          11  0.29821231337905102     
           7          12  0.44454513111865634     
           7          13  0.93182953504450250     
           7          14  -1.1786309095917668E-013
           7          15   5.8186685767877140E-015
           7          16  -7.0855931324772490E-014
           7          17  -6.9010182564060962E-015
           7          18  -4.4865826662587032E-015
           7          19  -1.1644339194273486E-013
           7          20  -7.3139534002971885E-014
           7          21   9.7626554075813769E-015
           7          22  -9.1530077070572501E-014
           7          23   3.9292284181175353E-015
           7          24   2.4421135691583835E-014
           7          25  -9.1125094216021265E-014
           7          26  -6.5954518965994115E-003
           7          27  -4.3969329322169383E-003
           7          28  -2.9495757566460256E-003
           7          29  -9.8318409289531450E-003
           7          30  -9.2165939586444159E-003
           7          31  -1.7755555217286344E-014
           7          32  -9.2165939586325522E-003
           7          33  -2.9495757566441174E-003
           7          34  -4.3969329322175107E-003
           7          35  -2.0608930612548496E-002
           8           1  -2.0495648272283434E-013
           8           2   5.7106447352666223E-013
           8           3   8.9235515014068530E-013
           8           4  -2.9617484351124526E-013
           8           5  -2.8577510218082103     
           8           6   1.2966036229783122     
           8           7 -0.89692631304733206     
           8           8   5.7256319032829763     
           8           9  -2.5978033121084274     
           8          10   1.7970319575382998     
           8          11  -1.9036724763195130     
           8          12  0.86372417013333691     
           8          13 -0.59748169886200697     
           8          14  -1.0000009711978231E-013
           8          15  -5.6183075007864746E-015
           8          16  -9.8306371703512810E-014
           8          17   1.2947924654459565E-015
           8          18  -2.2114932601388141E-016
           8          19  -9.1391435178760428E-014
           8          20  -7.6850640767241743E-014
           8          21   7.4102218744590154E-015
           8          22  -6.6693175448284239E-014
           8          23   2.5172722866471143E-015
           8          24  -6.5743438495841105E-015
           8          25  -7.7673326188770533E-014
           8          26   4.2102822992661534E-002
           8          27  -8.5429734399406956E-003
           8          28   1.8828954851248660E-002
           8          29  -1.9102669341668460E-002
           8          30   5.9096068637400356E-003
           8          31  -3.0944157486555076E-015
           8          32   5.9096068637423133E-003
           8          33   1.8828954851242488E-002
           8          34  -8.5429734399365184E-003
           8          35   1.3214282667621220E-002
           9           1   2.2031555186887199E-013
           9           2  -5.9235420374024658E-013
           9           3  -6.5288583348651732E-013
           9           4   2.7987322694289978E-013
           9           5   1.2966036229778963     
           9           6  -1.7946989220383600     
           9           7  -1.3370481618263792     
           9           8  -2.5978033121084274     
           9           9   3.5957595068252748     
           9          10   2.6788357534149321     
           9          11  0.86372417013342007     
           9          12  -1.1955271523273774     
           9          13 -0.89066603974879555     
           9          14   9.7417014421497593E-014
           9          15  -4.2954971639196678E-015
           9          16   3.1131095888219792E-014
           9          17   8.6959083224004344E-015
           9          18   6.3665463213747968E-015
           9          19   8.9674466052197855E-014
           9          20   2.0651365366384500E-014
           9          21  -1.8501551151399329E-014
           9          22   3.9325908507027706E-014
           9          23  -7.1343777781005911E-015
           9          24  -2.9436312451144143E-014
           9          25   4.6130388886034818E-014
           9          26  -1.9102669341470299E-002
           9          27   1.1824789744504936E-002
           9          28  -8.5429734398184114E-003
           9          29   2.6441033688357825E-002
           9          30   8.8094516565465752E-003
           9          31   2.6684182518311188E-014
           9          32   8.8094516565286069E-003
           9          33  -8.5429734398169178E-003
           9          34   1.1824789744502927E-002
           9          35   1.9698532748544727E-002
          10           1   4.7536436503961089E-013
          10           2  -1.3766223548377733E-012
          10           3  -1.9055710951073872E-012
          10           4   6.4796768403173054E-013
          10           5 -0.89692631304722981     
          10           6  -1.3370481618267800     
          10           7  -2.8026422510386428     
          10           8   1.7970319575382998     
          10           9   2.6788357534149321     
          10          10   5.6152190178834864     
          10          11 -0.59748169886203462     
          10          12 -0.89066603974870406     
          10          13  -1.8669621228568540     
          10          14   2.3092566695858421E-013
          10          15  -1.1657962566942246E-014
          10          16   1.3674472158178147E-013
          10          17   1.3826498527156671E-014
          10          18   8.9890689057962203E-015
          10          19   2.2808123652375460E-013
          10          20   1.4318263520021364E-013
          10          21  -1.9559916464321478E-014
          10          22   1.8002891022661989E-013
          10          23  -7.8723847579352515E-015
          10          24  -4.8928836894139777E-014
          10          25   1.7921750897626395E-013
          10          26   1.3214282667577702E-002
          10          27   8.8094516566261088E-003
          10          28   5.9096068637618446E-003
          10          29   1.9698532748731339E-002
          10          30   1.8465857944413255E-002
          10          31   3.5574048486651413E-014
          10          32   1.8465857944389485E-002
          10          33   5.9096068637580230E-003
          10          34   8.8094516566272589E-003
          10          35   4.1290913626573979E-002
          11           1   5.9344832714752968E-014
          11           2  -1.8814043873378729E-013
          11           3  -2.9541134293831228E-013
          11           4   9.8058098349606343E-014
          11           5  0.95015223756716283     
          11           6 -0.43109802925764606     
          11           7  0.29821231337905102     
          11           8  -1.9036724763195130     
          11           9  0.86372417013342007     
          11          10 -0.59748169886203462     
          11          11  0.63293780639627684     
          11          12 -0.28717318150892251     
          11          13  0.19865221593725504     
          11          14   3.2792488327582264E-014
          11          15   1.8679889894098890E-015
          11          16   3.2229354247037000E-014
          11          17  -4.3049585105215236E-016
          11          18   7.3528283375662103E-017
          11          19   2.9930258782985446E-014
          11          20   2.5453178634938893E-014
          11          21  -2.4637691811344226E-015
          11          22   2.2075999053104103E-014
          11          23  -8.3694901251764090E-016
          11          24   2.1858543559422823E-015
          11          25   2.5726707150234477E-014
          11          26  -1.3998452338601353E-002
          11          27   2.8403892667670330E-003
          11          28  -6.2602982017814363E-003
          11          29   6.3513034830471648E-003
          11          30  -1.9648409332636389E-003
          11          31   1.0288391203821348E-015
          11          32  -1.9648409332643961E-003
          11          33  -6.2602982017793858E-003
          11          34   2.8403892667656443E-003
          11          35  -4.3935178917513451E-003
          12           1  -7.0894693495890822E-014
          12           2   1.9932851265455789E-013
          12           3   2.2175771987350032E-013
          12           4  -9.4397001081395120E-014
          12           5 -0.43109802925746626     
          12           6  0.59670600535904916     
          12           7  0.44454513111865634     
          12           8  0.86372417013333691     
          12           9  -1.1955271523273774     
          12          10 -0.89066603974870406     
          12          11 -0.28717318150892251     
          12          12  0.39749187042098244     
          12          13  0.29613088198873505     
          12          14  -3.2745016975040561E-014
          12          15   1.4281776860947714E-015
          12          16  -1.0706108290221289E-014
          12          17  -2.8912374406145957E-015
          12          18  -2.1167653118363242E-015
          12          19  -3.0170755046194643E-014
          12          20  -7.3606328109887560E-015
          12          21   6.1514421973122263E-015
          12          22  -1.3569591819390024E-014
          12          23   2.3720558431369958E-015
          12          24   9.7870590991792497E-015
          12          25  -1.5831962546670529E-014
          12          26   6.3513034829806693E-003
          12          27  -3.9315357946726262E-003
          12          28   2.8403892667261026E-003
          12          29  -8.7911812928624551E-003
          12          30  -2.9289886135391843E-003
          12          31  -8.8720240265641015E-015
          12          32  -2.9289886135332099E-003
          12          33   2.8403892667256060E-003
          12          34  -3.9315357946719592E-003
          12          35  -6.5494176451992890E-003
          13           1  -1.5183363044448337E-013
          13           2   4.5202913313350631E-013
          13           3   6.2479254405996479E-013
          13           4  -2.1286663725160960E-013
          13           5  0.29821231337900328     
          13           6  0.44454513111883526     
          13           7  0.93182953504450250     
          13           8 -0.59748169886200697     
          13           9 -0.89066603974879555     
          13          10  -1.8669621228568540     
          13          11  0.19865221593725504     
          13          12  0.29613088198873505     
          13          13  0.62073225587128722     
          13          14  -7.5708969716521896E-014
          13          15   3.8760686756556650E-015
          13          16  -4.4395452442601522E-014
          13          17  -4.5970689584370754E-015
          13          18  -2.9887082077160898E-015
          13          19  -7.4763246341170917E-014
          13          20  -4.6720978873502237E-014
          13          21   6.5033301548577478E-015
          13          22  -5.8971720941368310E-014
          13          23   2.6174302574506859E-015
          13          24   1.6267982585518331E-014
          13          25  -5.8701944215646900E-014
          13          26  -4.3935178917366736E-003
          13          27  -2.9289886135659285E-003
          13          28  -1.9648409332707990E-003
          13          29  -6.5494176452620054E-003
          13          30  -6.1395748302030366E-003
          13          31  -1.1827748992466740E-014
          13          32  -6.1395748301951341E-003
          13          33  -1.9648409332695283E-003
          13          34  -2.9289886135663106E-003
          13          35  -1.3728506673284513E-002
          14           1  0.14193640921176634     
          14           2 -0.17523192984614822     
          14           3 -0.28115769248579220     
          14           4   8.2085190166778108E-002
          14           5   5.2463647055383795E-014
          14           6  -4.6063311954630853E-014
          14           7  -1.1786309095917668E-013
          14           8  -1.0000009711978231E-013
          14           9   9.7417014421497593E-014
          14          10   2.3092566695858421E-013
          14          11   3.2792488327582264E-014
          14          12  -3.2745016975040561E-014
          14          13  -7.5708969716521896E-014
          14          14   3.2098174567933263E-002
          14          15  -4.0946010992653115E-016
          14          16   3.2098174567930522E-002
          14          17  -5.3196262688067299E-016
          14          18   5.6698049776592812E-017
          14          19   3.2098174567930994E-002
          14          20   2.8566481407591417E-002
          14          21  -2.9124793035276156E-016
          14          22   2.8566481407591549E-002
          14          23  -1.5944225128021685E-016
          14          24  -5.8714072909762613E-016
          14          25   2.8566481407592256E-002
          14          26  -1.5139349365648413E-015
          14          27  -3.6243580050660474E-016
          14          28  -1.2266308936078638E-015
          14          29   3.9807534455741590E-017
          14          30   1.6691076679636820E-015
          14          31  -7.2515037065114812E-017
          14          32   1.5112503016272607E-015
          14          33  -9.9742980245423360E-016
          14          34   8.1988593527204957E-017
          14          35   2.7792137954528611E-015
          15           1  -1.3241582844544525E-015
          15           2   2.2898250197637934E-015
          15           3   3.7809994115163964E-015
          15           4  -1.1009516983180412E-015
          15           5   2.8041837603984456E-015
          15           6   2.1439487582729033E-015
          15           7   5.8186685767877140E-015
          15           8  -5.6183075007864746E-015
          15           9  -4.2954971639196678E-015
          15          10  -1.1657962566942246E-014
          15          11   1.8679889894098890E-015
          15          12   1.4281776860947714E-015
          15          13   3.8760686756556650E-015
          15          14  -4.0946010992653115E-016
          15          15   3.0258735479441158E-029
          15          16  -4.0946010992631288E-016
          15          17  -2.0636856963106056E-029
          15          18  -1.8031368637206897E-029
          15          19  -4.0946010992649940E-016
          15          20  -3.8644505289472973E-016
          15          21   3.8953415107149721E-029
          15          22  -3.8644505289480615E-016
          15          23   1.7839778164864160E-029
          15          24   1.0624438700887919E-028
          15          25  -3.8644505289481069E-016
          15          26  -4.1313624455752209E-017
          15          27  -1.4125903224368974E-017
          15          28  -1.8476014536066600E-017
          15          29  -3.1586479853321284E-017
          15          30  -3.8337646313865232E-017
          15          31  -6.7316398743860190E-029
          15          32  -3.8337646313818166E-017
          15          33  -1.8476014536060061E-017
          15          34  -1.4125903224378560E-017
          15          35  -8.5725583255157165E-017
          16           1  0.14193640921175213     
          16           2 -0.17523192984613351     
          16           3 -0.28115769248576905     
          16           4   8.2085190166771349E-002
          16           5   5.1618282627357808E-014
          16           6  -1.2978989626569224E-014
          16           7  -7.0855931324772490E-014
          16           8  -9.8306371703512810E-014
          16           9   3.1131095888219792E-014
          16          10   1.3674472158178147E-013
          16          11   3.2229354247037000E-014
          16          12  -1.0706108290221289E-014
          16          13  -4.4395452442601522E-014
          16          14   3.2098174567930522E-002
          16          15  -4.0946010992631288E-016
          16          16   3.2098174567927781E-002
          16          17  -5.3196262688087937E-016
          16          18   5.6698049776417130E-017
          16          19   3.2098174567928260E-002
          16          20   2.8566481407589071E-002
          16          21  -2.9124793035232256E-016
          16          22   2.8566481407589203E-002
          16          23  -1.5944225128004571E-016
          16          24  -5.8714072909670149E-016
          16          25   2.8566481407589911E-002
          16          26  -1.5014803075207917E-015
          16          27  -5.8041952499926297E-016
          16          28  -1.2210610141731797E-015
          16          29  -4.4761889149874004E-016
          16          30   1.3593901034554898E-015
          16          31  -7.2515037065796092E-017
          16          32   1.2015327371195443E-015
          16          33  -9.9185992301953386E-016
          16          34  -1.3599513096548632E-016
          16          35   2.0866642673867305E-015
          17           1  -1.8812712171840088E-015
          17           2   2.9568705509233169E-015
          17           3   4.8478762484083470E-015
          17           4  -1.4125237017350034E-015
          17           5  -6.4625085120065157E-016
          17           6  -4.3402617062497589E-015
          17           7  -6.9010182564060962E-015
          17           8   1.2947924654459565E-015
          17           9   8.6959083224004344E-015
          17          10   1.3826498527156671E-014
          17          11  -4.3049585105215236E-016
          17          12  -2.8912374406145957E-015
          17          13  -4.5970689584370754E-015
          17          14  -5.3196262688067299E-016
          17          15  -2.0636856963106056E-029
          17          16  -5.3196262688087937E-016
          17          17   4.4895308997891475E-029
          17          18   2.3289279734920037E-029
          17          19  -5.3196262688064774E-016
          17          20  -4.9477063480896070E-016
          17          21  -5.1993665240443727E-029
          17          22  -4.9477063480887008E-016
          17          23  -1.8536849477574949E-029
          17          24  -1.1578410269336524E-028
          17          25  -4.9477063480887836E-016
          17          26   9.5211181763068823E-018
          17          27   2.8596820047284598E-017
          17          28   4.2579734929253088E-018
          17          29   6.3944433566081123E-017
          17          30   4.5468957997521266E-017
          17          31   9.7895406305505040E-029
          17          32   4.5468957997458712E-017
          17          33   4.2579734929148264E-018
          17          34   2.8596820047277609E-017
          17          35   1.0167168094858654E-016
          18           1   1.0108084956738854E-015
          18           2  -2.2440209880736071E-016
          18           3  -1.9286000202298340E-016
          18           4   6.0880183522668290E-017
          18           5   1.1037903292838552E-016
          18           6  -3.1776412739480314E-015
          18           7  -4.4865826662587032E-015
          18           8  -2.2114932601388141E-016
          18           9   6.3665463213747968E-015
          18          10   8.9890689057962203E-015
          18          11   7.3528283375662103E-017
          18          12  -2.1167653118363242E-015
          18          13  -2.9887082077160898E-015
          18          14   5.6698049776592812E-017
          18          15  -1.8031368637206897E-029
          18          16   5.6698049776417130E-017
          18          17   2.3289279734920037E-029
          18          18   1.6696032138783428E-029
          18          19   5.6698049776579180E-017
          18          20   1.6026443916260060E-017
          18          21  -4.0613834712190550E-029
          18          22   1.6026443916321964E-017
          18          23  -1.3870643774441039E-029
          18          24  -8.4046247536165422E-029
          18          25   1.6026443916326636E-017
          18          26  -1.6261979612522573E-018
          18          27   2.0936625907838126E-017
          18          28  -7.2725783717282029E-019
          18          29   4.6815718749434703E-017
          18          30   2.9560889599913002E-017
          18          31   6.6012301846026112E-029
          18          32   2.9560889599867704E-017
          18          33  -7.2725783717600829E-019
          18          34   2.0936625907838246E-017
          18          35   6.6100158620790759E-017
          19           1  0.14193640921175776     
          19           2 -0.17523192984613573     
          19           3 -0.28115769248577177     
          19           4   8.2085190166772168E-002
          19           5   4.8166931361129758E-014
          19           6  -4.2198886876748042E-014
          19           7  -1.1644339194273486E-013
          19           8  -9.1391435178760428E-014
          19           9   8.9674466052197855E-014
          19          10   2.2808123652375460E-013
          19          11   2.9930258782985446E-014
          19          12  -3.0170755046194643E-014
          19          13  -7.4763246341170917E-014
          19          14   3.2098174567930994E-002
          19          15  -4.0946010992649940E-016
          19          16   3.2098174567928260E-002
          19          17  -5.3196262688064774E-016
          19          18   5.6698049776579180E-017
          19          19   3.2098174567928732E-002
          19          20   2.8566481407589338E-002
          19          21  -2.9124793035270694E-016
          19          22   2.8566481407589470E-002
          19          23  -1.5944225128018847E-016
          19          24  -5.8714072909754172E-016
          19          25   2.8566481407590178E-002
          19          26  -1.4506320599515526E-015
          19          27  -3.8789746065924624E-016
          19          28  -1.1983209865521457E-015
          19          29  -1.7126468465611984E-017
          19          30   1.6597536519982564E-015
          19          31  -7.2515037065153589E-017
          19          32   1.5018962856618743E-015
          19          33  -9.6911989539853931E-016
          19          34   5.6526933374538214E-017
          19          35   2.7582975798916029E-015
          20           1   4.9904448472650048E-002
          20           2 -0.16450964438671745     
          20           3 -0.28076221646265032     
          20           4   8.1509899623122967E-002
          20           5   3.9053985578820470E-014
          20           6  -7.0185240911249791E-015
          20           7  -7.3139534002971885E-014
          20           8  -7.6850640767241743E-014
          20           9   2.0651365366384500E-014
          20          10   1.4318263520021364E-013
          20          11   2.5453178634938893E-014
          20          12  -7.3606328109887560E-015
          20          13  -4.6720978873502237E-014
          20          14   2.8566481407591417E-002
          20          15  -3.8644505289472973E-016
          20          16   2.8566481407589071E-002
          20          17  -4.9477063480896070E-016
          20          18   1.6026443916260060E-017
          20          19   2.8566481407589338E-002
          20          20   2.8885076979698009E-002
          20          21  -2.0240633408890467E-016
          20          22   2.8885076979697954E-002
          20          23  -3.4727431902262435E-016
          20          24  -6.0116606703412969E-016
          20          25   2.8885076979698752E-002
          20          26  -4.4573606952034983E-016
          20          27  -7.0671254230891899E-016
          20          28  -8.0018698466180798E-016
          20          29  -9.7631704666876247E-016
          20          30   1.0979988972358062E-015
          20          31  -1.1311381085588759E-016
          20          32   1.0610554142436528E-015
          20          33  -5.5108043763165546E-016
          20          34  -2.8954145701794495E-016
          20          35   1.6637195602759643E-015
          21           1  -2.5416244279130390E-015
          21           2   1.4495820491122071E-015
          21           3   2.0500642176293673E-015
          21           4  -6.0606944068425490E-016
          21           5  -3.6985558085594610E-015
          21           6   9.2344089877053917E-015
          21           7   9.7626554075813769E-015
          21           8   7.4102218744590154E-015
          21           9  -1.8501551151399329E-014
          21          10  -1.9559916464321478E-014
          21          11  -2.4637691811344226E-015
          21          12   6.1514421973122263E-015
          21          13   6.5033301548577478E-015
          21          14  -2.9124793035276156E-016
          21          15   3.8953415107149721E-029
          21          16  -2.9124793035232256E-016
          21          17  -5.1993665240443727E-029
          21          18  -4.0613834712190550E-029
          21          19  -2.9124793035270694E-016
          21          20  -2.0240633408890467E-016
          21          21   1.0799034769404334E-028
          21          22  -2.0240633408904136E-016
          21          23   3.8867349613729019E-029
          21          24   1.9858550734297025E-028
          21          25  -2.0240633408907053E-016
          21          26   5.4490275516581557E-017
          21          27  -6.0843043562083694E-017
          21          28   2.4368792033382310E-017
          21          29  -1.3604918136284740E-016
          21          30  -6.4323517512753389E-017
          21          31  -1.6248570513565279E-028
          21          32  -6.4323517512641248E-017
          21          33   2.4368792033381155E-017
          21          34  -6.0843043562081266E-017
          21          35  -1.4383175771045689E-016
          22           1   4.9904448472654406E-002
          22           2 -0.16450964438671772     
          22           3 -0.28076221646264998     
          22           4   8.1509899623122883E-002
          22           5   3.3984238276764842E-014
          22           6  -1.6339276043655898E-014
          22           7  -9.1530077070572501E-014
          22           8  -6.6693175448284239E-014
          22           9   3.9325908507027706E-014
          22          10   1.8002891022661989E-013
          22          11   2.2075999053104103E-014
          22          12  -1.3569591819390024E-014
          22          13  -5.8971720941368310E-014
          22          14   2.8566481407591549E-002
          22          15  -3.8644505289480615E-016
          22          16   2.8566481407589203E-002
          22          17  -4.9477063480887008E-016
          22          18   1.6026443916321964E-017
          22          19   2.8566481407589470E-002
          22          20   2.8885076979697954E-002
          22          21  -2.0240633408904136E-016
          22          22   2.8885076979697898E-002
          22          23  -3.4727431902266813E-016
          22          24  -6.0116606703445224E-016
          22          25   2.8885076979698700E-002
          22          26  -3.7104423260129929E-016
          22          27  -6.4530060811423958E-016
          22          28  -7.6678377971846286E-016
          22          29  -8.3899578717959438E-016
          22          30   1.2191692519898269E-015
          22          31  -1.1311381085564748E-016
          22          32   1.1822257689975085E-015
          22          33  -5.1767723268833509E-016
          22          34  -2.2812952282325844E-016
          22          35   1.9346647103637892E-015
          23           1   3.8284859412353790E-015
          23           2   1.3781683017965926E-015
          23           3   3.2084553337726753E-015
          23           4  -9.0944158724327839E-016
          23           5  -1.2564093484965157E-015
          23           6   3.5608777737964807E-015
          23           7   3.9292284181175353E-015
          23           8   2.5172722866471143E-015
          23           9  -7.1343777781005911E-015
          23          10  -7.8723847579352515E-015
          23          11  -8.3694901251764090E-016
          23          12   2.3720558431369958E-015
          23          13   2.6174302574506859E-015
          23          14  -1.5944225128021685E-016
