           1           1   1.9879567258351261     
           1           2   9.1319072662227486E-003
           1           3  -3.0969080106396957E-002
           1           4  -2.6192703216874353E-003
           1           5   5.4729487418543479E-012
           1           6  -3.1127666880336635E-012
           1           7   2.6559925777492970E-013
           1           8   1.9247436401188113E-010
           1           9  -4.4870098029986642E-011
           1          10  -3.0718851196198899E-011
           1          11   1.4492971290001189E-012
           1          12  -1.1985552558693767E-012
           1          13   3.3154713180112887E-013
           1          14   2.7145845018401085E-003
           1          15  -1.7108803832790060E-004
           1          16   2.4414639716592280E-003
           1          17  -2.1662217540063399E-004
           1          18  -4.9424934336968727E-004
           1          19   2.2375727476824365E-003
           1          20   6.6019767127075135E-003
           1          21  -1.5315657173211141E-004
           1          22   6.3574815081410274E-003
           1          23  -1.9391834928422823E-004
           1          24  -4.4244785824092147E-004
           1          25   6.1749597925516986E-003
           1          26   1.4829264191930915E-012
           1          27  -3.2280134241732143E-013
           1          28   5.7956532092767913E-013
           1          29  -4.4484906935288662E-013
           1          30  -2.0818085944713028E-013
           1          31  -1.5208604648267943E-013
           1          32   2.8379425222779789E-014
           1          33   5.0702917805018806E-013
           1          34  -1.3577624379062914E-013
           1          35  -6.9093988311713023E-014
           2           1   9.1319072662227486E-003
           2           2   4.7722711823807730E-004
           2           3   6.4867593377426619E-003
           2           4  -2.5441849238285745E-003
           2           5   9.9713593517501543E-013
           2           6  -1.2971894832642743E-013
           2           7  -2.0635290577925167E-013
           2           8  -1.2260996514358044E-010
           2           9  -1.5799227872234149E-012
           2          10   4.3627687169788415E-011
           2          11   9.2471897094757628E-013
           2          12   1.0030346329313040E-013
           2          13  -3.5737145772648206E-013
           2          14   2.7878845683174835E-004
           2          15  -1.0439338877852350E-004
           2          16   1.1213754160394621E-004
           2          17  -1.3217711307628678E-004
           2          18  -3.0157785639411039E-004
           2          19  -1.2271483665545713E-005
           2          20   7.4786796791563408E-004
           2          21  -2.2650183427496556E-004
           2          22   3.8628627242667617E-004
           2          23  -2.8678404694741297E-004
           2          24  -6.5433202432806439E-004
           2          25   1.1635660581891345E-004
           2          26  -4.6426491729440324E-013
           2          27   5.3997624622647145E-014
           2          28  -1.2753673205794400E-013
           2          29   3.5434000231735811E-015
           2          30   2.0171953719454607E-013
           2          31   1.1839165237157400E-013
           2          32   2.6782394927785955E-014
           2          33  -1.0763926648502948E-013
           2          34  -6.9548234174188787E-014
           2          35   4.7806621407285903E-014
           3           1  -3.0969080106396957E-002
           3           2   6.4867593377426619E-003
           3           3   1.9077705909616958     
           3           4   2.4058553325431706E-002
           3           5  -2.0871337453713759E-011
           3           6   1.2561346771347028E-011
           3           7  -6.2729290283309399E-012
           3           8   1.1502929683731632E-009
           3           9  -2.2275578117163698E-010
           3          10  -2.1748916276316884E-010
           3          11   7.5723195751629820E-012
           3          12  -4.1212816199345423E-012
           3          13  -2.9287150633641792E-012
           3          14   6.0586248302430621E-003
           3          15  -6.4166644232457317E-004
           3          16   5.0342850440734076E-003
           3          17  -8.1244240307189013E-004
           3          18  -1.8536842373071544E-003
           3          19   4.2695901661916995E-003
           3          20   4.4173001209141666E-003
           3          21  -1.1396504541024977E-003
           3          22   2.5979913969426307E-003
           3          23  -1.4429621610877619E-003
           3          24  -3.2922904517394651E-003
           3          25   1.2398323510284244E-003
           3          26   5.1437224523317499E-012
           3          27  -1.2492658786243941E-013
           3          28   4.9328741993703400E-013
           3          29  -1.2357312192829435E-012
           3          30  -5.0564297427787960E-012
           3          31  -2.4829492250213342E-012
           3          32   2.3647063974140903E-012
           3          33  -6.1768423428694037E-014
           3          34   2.7309131812027489E-015
           3          35   2.0354048536670609E-012
           4           1  -2.6192703216874353E-003
           4           2  -2.5441849238285745E-003
           4           3   2.4058553325431706E-002
           4           4   1.7417476433494932E-002
           4           5   1.9325411972039410E-012
           4           6  -5.1543329707345059E-013
           4           7  -6.2945234352824668E-013
           4           8  -4.8576202118042384E-010
           4           9   2.5975911312428362E-010
           4          10  -3.6425841384695763E-011
           4          11   7.1081451094814767E-012
           4          12  -3.3110006653843973E-012
           4          13  -2.4675558047995707E-013
           4          14  -1.5413389338393185E-003
           4          15   6.4742554623806398E-004
           4          16  -5.0780547877659330E-004
           4          17   8.1973428306877732E-004
           4          18   1.8703215888133591E-003
           4          19   2.6375278099105635E-004
           4          20  -4.5594713995008532E-003
           4          21   1.4395089667950649E-003
           4          22  -2.2614763573528531E-003
           4          23   1.8226263296279466E-003
           4          24   4.1585394569120717E-003
           4          25  -5.4596630422438608E-004
           4          26  -1.7246972449438122E-012
           4          27   8.0438353744209077E-013
           4          28  -8.2423887343547762E-013
           4          29   5.9496361499902561E-013
           4          30  -1.4005683511524441E-013
           4          31   1.7742153523367577E-013
           4          32  -2.0570672330082836E-013
           4          33  -5.0568504960024478E-013
           4          34   2.4285427859454361E-013
           4          35   2.0512692044556026E-013
           5           1   5.4729487418543479E-012
           5           2   9.9713593517501543E-013
           5           3  -2.0871337453713759E-011
           5           4   1.9325411972039410E-012
           5           5   4.4595797313041025E-005
           5           6  -7.5085520433452322E-006
           5           7  -9.5069122323286690E-006
           5           8  -6.5066836922628140E-003
           5           9   1.0955242247537450E-003
           5          10   1.3870920450259415E-003
           5          11   6.2926894550237121E-005
           5          12  -1.0594946647477092E-005
           5          13  -1.3414734540150951E-005
           5          14   7.2668497971699717E-013
           5          15   4.3647221557353201E-013
           5          16   3.1269755431331661E-013
           5          17  -2.1284897957167586E-014
           5          18   2.3025418785933480E-013
           5          19   4.2466139282517393E-013
           5          20   1.3395273647567128E-012
           5          21   5.8708109991205136E-013
           5          22   1.0846691630413907E-012
           5          23  -2.0084638006582894E-012
           5          24  -1.2575509347066585E-012
           5          25   3.5849632076902164E-013
           5          26  -2.4258647799618937E-005
           5          27   5.4258881697775760E-006
           5          28  -8.1374572112819302E-006
           5          29   2.8354769418363581E-006
           5          30   6.8699587532260359E-006
           5          31   5.1171962670026555E-006
           5          32  -1.4512199946482584E-007
           5          33  -6.0264759271525678E-006
           5          34  -1.3655047227421680E-006
           5          35   2.4096246441247364E-006
           6           1  -3.1127666880336635E-012
           6           2  -1.2971894832642743E-013
           6           3   1.2561346771347028E-011
           6           4  -5.1543329707345059E-013
           6           5  -7.5085520433452322E-006
           6           6   3.0755027815618487E-005
           6           7  -2.1691157671395952E-005
           6           8   1.0955241946851728E-003
           6           9  -4.4872665641277421E-003
           6          10   3.1648161435490134E-003
           6          11  -1.0594943283630172E-005
           6          12   4.3396870276159096E-005
           6          13  -3.0607303732926241E-005
           6          14  -1.9091012427018220E-013
           6          15  -4.0453158129223147E-014
           6          16   2.0553707066811097E-014
           6          17   8.3446660790127206E-014
           6          18  -4.0327270414980913E-014
           6          19  -1.0982527848273710E-013
           6          20  -3.0422910730661175E-014
           6          21  -8.0120308103296336E-014
           6          22  -2.7134189980797684E-014
           6          23   3.5185629908328795E-013
           6          24   5.5821506724370017E-013
           6          25   1.5061541423749878E-013
           6          26   4.0844055878172930E-006
           6          27  -8.0877654584409092E-006
           6          28   3.7502734548117616E-006
           6          29  -1.1614110504540652E-005
           6          30   4.5094999929770328E-006
           6          31  -2.0698587559945477E-007
           6          32   1.0834013598516198E-005
           6          33  -1.3655052922314268E-006
           6          34  -8.5435579650341893E-006
           6          35   5.4978477190215647E-006
           7           1   2.6559925777492970E-013
           7           2  -2.0635290577925167E-013
           7           3  -6.2729290283309399E-012
           7           4  -6.2945234352824668E-013
           7           5  -9.5069122323286690E-006
           7           6  -2.1691157671395952E-005
           7           7   2.0422547102998452E-005
           7           8   1.3870919029935278E-003
           7           9   3.1648160403695319E-003
           7          10  -2.9797214497546591E-003
           7          11  -1.3414725959799450E-005
           7          12  -3.0607297289474261E-005
           7          13   2.8817233783068064E-005
           7          14  -8.2277167064920314E-014
           7          15  -1.3034716495379233E-013
           7          16  -1.2388011846234213E-013
           7          17  -7.2730391914381621E-014
           7          18  -8.0234930513080192E-014
           7          19  -7.3022119404004452E-014
           7          20  -3.6236242144459433E-013
           7          21  -1.6517997492762947E-013
           7          22  -3.1702575772848799E-013
           7          23   3.8539549085080877E-013
           7          24  -7.8472172275029923E-014
           7          25  -2.3611741958207880E-013
           7          26   5.1714476712484661E-006
           7          27   4.5095002455547343E-006
           7          28  -1.4512289798357634E-007
           7          29   8.1912946748376298E-006
           7          30  -5.9396861008676608E-006
           7          31  -1.6078775767215451E-006
           7          32  -8.5064607404539488E-006
           7          33   3.1645837127851377E-006
           7          34   7.2203750801315355E-006
           7          35  -5.1763051590316423E-006
           8           1   1.9247436401188113E-010
           8           2  -1.2260996514358044E-010
           8           3   1.1502929683731632E-009
           8           4  -4.8576202118042384E-010
           8           5  -6.5066836922628140E-003
           8           6   1.0955241946851728E-003
           8           7   1.3870919029935278E-003
           8           8  0.94934803775283949     
           8           9 -0.15984084376762669     
           8          10 -0.20238160375768419     
           8          11  -9.1812552582177225E-003
           8          12   1.5458400403572633E-003
           8          13   1.9572569102064195E-003
           8          14  -9.3474594051480882E-011
           8          15  -6.9742341504211326E-011
           8          16  -4.2745617907151495E-011
           8          17  -4.5666736045059638E-012
           8          18  -5.1099970488113145E-011
           8          19  -6.6302852831247612E-011
           8          20  -1.4795554298913614E-010
           8          21  -9.9875330415115395E-011
           8          22  -1.3346829611350754E-010
           8          23   2.7503972277523361E-010
           8          24   1.4240691402327600E-010
           8          25  -4.4461339251622563E-011
           8          26   3.5394220429818403E-003
           8          27  -7.9165617920357511E-004
           8          28   1.1872836336376622E-003
           8          29  -4.1370607479597130E-004
           8          30  -1.0023511391802032E-003
           8          31  -7.4661693403154283E-004
           8          32   2.1173825017632535E-005
           8          33   8.7928403244154612E-004
           8          34   1.9923193012763650E-004
           8          35  -3.5157270325408027E-004
           9           1  -4.4870098029986642E-011
           9           2  -1.5799227872234149E-012
           9           3  -2.2275578117163698E-010
           9           4   2.5975911312428362E-010
           9           5   1.0955242247537450E-003
           9           6  -4.4872665641277421E-003
           9           7   3.1648160403695319E-003
           9           8 -0.15984084376762669     
           9           9  0.65470795013598559     
           9          10 -0.46175778387026772     
           9          11   1.5458395919884221E-003
           9          12  -6.3317557748754794E-003
           9          13   4.4657130464808813E-003
           9          14   1.6680923078599898E-011
           9          15   1.1553940413558054E-011
           9          16  -5.1501949025203780E-012
           9          17  -5.0193155601556331E-012
           9          18   2.2210805983293197E-011
           9          19   2.0607851380950490E-011
           9          20  -3.7756460518645436E-011
           9          21   2.4715499805387272E-011
           9          22  -1.7442462631706615E-011
           9          23  -3.4844702261750157E-011
           9          24  -4.3816225851039625E-011
           9          25  -2.7853645043299803E-011
           9          26  -5.9592918039892435E-004
           9          27   1.1800333922076039E-003
           9          28  -5.4717808639340464E-004
           9          29   1.6945395091674720E-003
           9          30  -6.5795186441827192E-004
           9          31   3.0199979535869260E-005
           9          32  -1.5807206244189949E-003
           9          33   1.9923200072383639E-004
           9          34   1.2465351013333170E-003
           9          35  -8.0215527968861703E-004
          10           1  -3.0718851196198899E-011
          10           2   4.3627687169788415E-011
          10           3  -2.1748916276316884E-010
          10           4  -3.6425841384695763E-011
          10           5   1.3870920450259415E-003
          10           6   3.1648161435490134E-003
          10           7  -2.9797214497546591E-003
          10           8 -0.20238160375768419     
          10           9 -0.46175778387026772     
          10          10  0.43475183939345308     
          10          11   1.9572558587177763E-003
          10          12   4.4657122519499758E-003
          10          13  -4.2045357610361826E-003
          10          14   1.9149141739816903E-011
          10          15   1.5035009737159938E-011
          10          16   1.8860637458851735E-011
          10          17   5.5684382860643556E-012
          10          18   1.9993857620226755E-013
          10          19   6.6934846023199348E-012
          10          20   8.0908439753017905E-011
          10          21   1.5093724461333453E-011
          10          22   5.9915730176739897E-011
          10          23  -6.7634240211274887E-011
          10          24  -1.4569488541776922E-011
          10          25   3.7377437197857206E-011
          10          26  -7.5453246551111070E-004
          10          27  -6.5795192469528284E-004
          10          28   2.1173917957673188E-005
          10          29  -1.1951386835235152E-003
          10          30   8.6662110401853449E-004
          10          31   2.3459500584095802E-004
          10          32   1.2411225281688373E-003
          10          33  -4.6172390665288990E-004
          10          34  -1.0534781130616629E-003
          10          35   7.5524112810481487E-004
          11           1   1.4492971290001189E-012
          11           2   9.2471897094757628E-013
          11           3   7.5723195751629820E-012
          11           4   7.1081451094814767E-012
          11           5   6.2926894550237121E-005
          11           6  -1.0594943283630172E-005
          11           7  -1.3414725959799450E-005
          11           8  -9.1812552582177225E-003
          11           9   1.5458395919884221E-003
          11          10   1.9572558587177763E-003
          11          11   8.8792987149457594E-005
          11          12  -1.4950000769134005E-005
          11          13  -1.8928857580871211E-005
          11          14   7.6407930128133146E-013
          11          15   7.5211107098216720E-013
          11          16   3.9739166341111914E-013
          11          17   1.4244901290684129E-013
          11          18   7.1844085421839504E-013
          11          19   7.1772442226889067E-013
          11          20   9.0138352548657451E-013
          11          21   1.1392442931236108E-012
          11          22   1.0379885724286419E-012
          11          23  -2.4404697318815662E-012
          11          24  -8.7648363565640889E-013
          11          25   3.8376494891730550E-013
          11          26  -3.4230162122733623E-005
          11          27   7.6561993028821381E-006
          11          28  -1.1482358186112326E-005
          11          29   4.0010000872833921E-006
          11          30   9.6938541431425978E-006
          11          31   7.2206191502300492E-006
          11          32  -2.0477504243015380E-007
          11          33  -8.5036580019700238E-006
          11          34  -1.9267947408859532E-006
          11          35   3.4001002088765925E-006
          12           1  -1.1985552558693767E-012
          12           2   1.0030346329313040E-013
          12           3  -4.1212816199345423E-012
          12           4  -3.3110006653843973E-012
          12           5  -1.0594946647477092E-005
          12           6   4.3396870276159096E-005
          12           7  -3.0607297289474261E-005
          12           8   1.5458400403572633E-003
          12           9  -6.3317557748754794E-003
          12          10   4.4657122519499758E-003
          12          11  -1.4950000769134005E-005
          12          12   6.1235137261342923E-005
          12          13  -4.3188420773790404E-005
          12          14  -1.1617478853838661E-013
          12          15  -1.3750389556759381E-013
          12          16   5.3826966876670401E-014
          12          17   1.5920987034553157E-014
          12          18  -2.8923288165115111E-013
          12          19  -2.2598629004419229E-013
          12          20   5.3828773272243422E-013
          12          21  -2.9630893876404292E-013
          12          22   2.5038458021421776E-013
          12          23   2.6445956812061993E-013
          12          24   2.5827103232241044E-013
          12          25   2.8280707782033794E-013
          12          26   5.7633028365214920E-006
          12          27  -1.1412238944246058E-005
          12          28   5.2918231362047871E-006
          12          29  -1.6388086200415447E-005
          12          30   6.3631269136515079E-006
          12          31  -2.9206818787950145E-007
          12          32   1.5287330340605759E-005
          12          33  -1.9267946589056682E-006
          12          34  -1.2055383632992334E-005
          12          35   7.7577353010648619E-006
          13           1   3.3154713180112887E-013
          13           2  -3.5737145772648206E-013
          13           3  -2.9287150633641792E-012
          13           4  -2.4675558047995707E-013
          13           5  -1.3414734540150951E-005
          13           6  -3.0607303732926241E-005
          13           7   2.8817233783068064E-005
          13           8   1.9572569102064195E-003
          13           9   4.4657130464808813E-003
          13          10  -4.2045357610361826E-003
          13          11  -1.8928857580871211E-005
          13          12  -4.3188420773790404E-005
          13          13   4.0662555885896184E-005
          13          14  -1.5070282237185175E-013
          13          15  -1.6422240871110358E-013
          13          16  -1.7795161543566736E-013
          13          17  -7.7678079349096802E-014
          13          18  -5.6293397802020544E-014
          13          19  -8.2706543707138279E-014
          13          20  -6.5005705499096777E-013
          13          21  -1.8846625657928873E-013
          13          22  -5.1486883535396517E-013
          13          23   6.0029658280385931E-013
          13          24   1.8147040630683950E-014
          13          25  -3.4753859988801926E-013
          13          26   7.2971745192064158E-006
          13          27   6.3631287885454493E-006
          13          28  -2.0477429904826688E-007
          13          29   1.1558324727373543E-005
          13          30  -8.3811943714540142E-006
          13          31  -2.2687962742180619E-006
          13          32  -1.2003040204740523E-005
          13          33   4.4653863984439076E-006
          13          34   1.0188309464843330E-005
          13          35  -7.3040250634757698E-006
          14           1   2.7145845018401085E-003
          14           2   2.7878845683174835E-004
          14           3   6.0586248302430621E-003
          14           4  -1.5413389338393185E-003
          14           5   7.2668497971699717E-013
          14           6  -1.9091012427018220E-013
          14           7  -8.2277167064920314E-014
          14           8  -9.3474594051480882E-011
          14           9   1.6680923078599898E-011
          14          10   1.9149141739816903E-011
          14          11   7.6407930128133146E-013
          14          12  -1.1617478853838661E-013
          14          13  -1.5070282237185175E-013
          14          14   1.7579823069393809E-004
          14          15  -6.3964974761901634E-005
          14          16   7.3686193570378773E-005
          14          17  -8.0988899755616087E-005
          14          18  -1.8478583924991869E-004
          14          19  -2.5429646701208962E-006
          14          20   4.5857782661183134E-004
          14          21  -1.4107850332980966E-004
          14          22   2.3336373677893506E-004
          14          23  -1.7862576812446764E-004
          14          24  -4.0755600503235311E-004
          14          25   6.5235855875432343E-005
          14          26  -3.5162259222398738E-013
          14          27   7.3480932012827726E-014
          14          28  -1.0992837867493027E-013
          14          29   4.7036742992467104E-014
          14          30   1.1988803586401440E-013
          14          31   8.3173674090013102E-014
          14          32  -1.8326320418167305E-014
          14          33  -7.5820416678120207E-014
          14          34  -1.7023181283410190E-014
          14          35   1.8494439674482992E-014
          15           1  -1.7108803832790060E-004
          15           2  -1.0439338877852350E-004
          15           3  -6.4166644232457317E-004
          15           4   6.4742554623806398E-004
          15           5   4.3647221557353201E-013
          15           6  -4.0453158129223147E-014
          15           7  -1.3034716495379233E-013
          15           8  -6.9742341504211326E-011
          15           9   1.1553940413558054E-011
          15          10   1.5035009737159938E-011
          15          11   7.5211107098216720E-013
          15          12  -1.3750389556759381E-013
          15          13  -1.6422240871110358E-013
          15          14  -6.3964974761901634E-005
          15          15   2.5444288127611131E-005
          15          16  -2.3346368992744040E-005
          15          17   3.2216145001226356E-005
          15          18   7.3504979250267632E-005
          15          19   6.9764237169547788E-006
          15          20  -1.7831367226379353E-004
          15          21   5.6033736613691441E-005
          15          22  -8.8862858127124878E-005
          15          23   7.0946806232322285E-005
          15          24   1.6187360426626304E-004
          15          25  -2.2085616060018601E-005
          15          26  -2.5725758654010469E-013
          15          27   6.1020424374218853E-014
          15          28  -9.0791621686153578E-014
          15          29   2.7417386200568121E-014
          15          30   6.1031004588091124E-014
          15          31   4.9376351149306751E-014
          15          32   6.7161491248051358E-015
          15          33  -6.9627633659686111E-014
          15          34  -1.5595217629775770E-014
          15          35   3.4411168228377630E-014
          16           1   2.4414639716592280E-003
          16           2   1.1213754160394621E-004
          16           3   5.0342850440734076E-003
          16           4  -5.0780547877659330E-004
          16           5   3.1269755431331661E-013
          16           6   2.0553707066811097E-014
          16           7  -1.2388011846234213E-013
          16           8  -4.2745617907151495E-011
          16           9  -5.1501949025203780E-012
          16          10   1.8860637458851735E-011
          16          11   3.9739166341111914E-013
          16          12   5.3826966876670401E-014
          16          13  -1.7795161543566736E-013
          16          14   7.3686193570378773E-005
          16          15  -2.3346368992744040E-005
          16          16   3.6416651798059771E-005
          16          17  -2.9559876210374221E-005
          16          18  -6.7444384882531594E-005
          16          19   8.5940183036222179E-006
          16          20   1.7392247604053351E-004
          16          21  -5.1627690403529755E-005
          16          22   9.1505360405632908E-005
          16          23  -6.5368115225877398E-005
          16          24  -1.4914515528391523E-004
          16          25   2.9978947632993821E-005
          16          26  -1.5808481617924372E-013
          16          27   1.4091254978332138E-014
          16          28  -4.4998693487776174E-014
          16          29  -1.3437485333439619E-014
          16          30   6.3308946412417287E-014
          16          31   3.6517349998434379E-014
          16          32   2.8640858307201245E-014
          16          33  -4.4054086963488887E-014
          16          34  -3.4392604580293021E-014
          16          35   3.1231501137931387E-014
          17           1  -2.1662217540063399E-004
          17           2  -1.3217711307628678E-004
          17           3  -8.1244240307189013E-004
          17           4   8.1973428306877732E-004
          17           5  -2.1284897957167586E-014
          17           6   8.3446660790127206E-014
          17           7  -7.2730391914381621E-014
          17           8  -4.5666736045059638E-012
          17           9  -5.0193155601556331E-012
          17          10   5.5684382860643556E-012
          17          11   1.4244901290684129E-013
          17          12   1.5920987034553157E-014
          17          13  -7.7678079349096802E-014
          17          14  -8.0988899755616087E-005
          17          15   3.2216145001226356E-005
          17          16  -2.9559876210374221E-005
          17          17   4.0790294211995499E-005
          17          18   9.3067923848458788E-005
          17          19   8.8331604459632611E-006
          17          20  -2.2577087212394243E-004
          17          21   7.0946806398484888E-005
          17          22  -1.1251321742756754E-004
          17          23   8.9828907200265208E-005
          17          24   2.0495537076314462E-004
          17          25  -2.7963580885889096E-005
          17          26  -1.3530688183122784E-014
          17          27  -1.8202104604376493E-015
          17          28  -7.1611898391552293E-015
          17          29  -1.6140025308173495E-014
          17          30  -3.8303557909161832E-015
          17          31  -2.4934695089520203E-015
          17          32   2.4312814806868499E-014
          17          33  -1.3671243299994294E-014
          17          34  -1.3488057998884674E-014
          17          35   2.0173112445003453E-014
          18           1  -4.9424934336968727E-004
          18           2  -3.0157785639411039E-004
          18           3  -1.8536842373071544E-003
          18           4   1.8703215888133591E-003
          18           5   2.3025418785933480E-013
          18           6  -4.0327270414980913E-014
          18           7  -8.0234930513080192E-014
          18           8  -5.1099970488113145E-011
          18           9   2.2210805983293197E-011
          18          10   1.9993857620226755E-013
          18          11   7.1844085421839504E-013
          18          12  -2.8923288165115111E-013
          18          13  -5.6293397802020544E-014
          18          14  -1.8478583924991869E-004
          18          15   7.3504979250267632E-005
          18          16  -6.7444384882531594E-005
          18          17   9.3067923848458788E-005
          18          18   2.1234557427917084E-004
          18          19   2.0153909782190835E-005
          18          20  -5.1512318650817472E-004
          18          21   1.6187360505276975E-004
          18          22  -2.5671233200753440E-004
          18          23   2.0495537127895538E-004
          18          24   4.6763013621802419E-004
          18          25  -6.3802246724327529E-005
          18          26  -1.8253982833349826E-013
          18          27   7.4477449220338494E-014
          18          28  -8.2047888176516933E-014
          18          29   5.0302369856310457E-014
          18          30  -1.0973105078403919E-015
          18          31   2.2224985916190415E-014
          18          32  -1.2796232279431420E-014
          18          33  -5.4038387960533619E-014
          18          34   1.5361249351077487E-014
          18          35   2.4303749692755668E-014
          19           1   2.2375727476824365E-003
          19           2  -1.2271483665545713E-005
          19           3   4.2695901661916995E-003
          19           4   2.6375278099105635E-004
          19           5   4.2466139282517393E-013
          19           6  -1.0982527848273710E-013
          19           7  -7.3022119404004452E-014
          19           8  -6.6302852831247612E-011
          19           9   2.0607851380950490E-011
          19          10   6.6934846023199348E-012
          19          11   7.1772442226889067E-013
          19          12  -2.2598629004419229E-013
          19          13  -8.2706543707138279E-014
          19          14  -2.5429646701208962E-006
          19          15   6.9764237169547788E-006
          19          16   8.5940183036222179E-006
          19          17   8.8331604459632611E-006
          19          18   2.0153909782190835E-005
          19          19   1.6908051439586062E-005
          19          20  -3.8579775682472468E-005
          19          21   1.5149551375614440E-005
          19          22  -1.4395422203744764E-005
          19          23   1.9181520753178021E-005
          19          24   4.3764928230103719E-005
          19          25   3.6587946289960862E-006
          19          26  -2.4262277592721299E-013
          19          27   7.3855642434312953E-014
          19          28  -9.0892999448068363E-014
          19          29   5.0266663151854347E-014
          19          30   4.4167036430825888E-014
          19          31   4.5172650619236311E-014
          19          32  -1.7336791924247507E-014
          19          33  -5.9691305281960440E-014
          19          34   4.4123771930057721E-015
          19          35   1.9977667679159665E-014
          20           1   6.6019767127075135E-003
          20           2   7.4786796791563408E-004
          20           3   4.4173001209141666E-003
          20           4  -4.5594713995008532E-003
          20           5   1.3395273647567128E-012
          20           6  -3.0422910730661175E-014
          20           7  -3.6236242144459433E-013
          20           8  -1.4795554298913614E-010
          20           9  -3.7756460518645436E-011
          20          10   8.0908439753017905E-011
          20          11   9.0138352548657451E-013
          20          12   5.3828773272243422E-013
          20          13  -6.5005705499096777E-013
          20          14   4.5857782661183134E-004
          20          15  -1.7831367226379353E-004
          20          16   1.7392247604053351E-004
          20          17  -2.2577087212394243E-004
          20          18  -5.1512318650817472E-004
          20          19  -3.8579775682472468E-005
          20          20   1.2738655701650735E-003
          20          21  -3.9473054229878176E-004
          20          22   6.4372789764039146E-004
          20          23  -4.9978589669566660E-004
          20          24  -1.1403211611169992E-003
          20          25   1.7331456153689163E-004
          20          26  -5.6720704507141737E-013
          20          27  -4.1456376260245778E-015
          20          28  -1.2287257413667992E-013
          20          29  -8.1863368389459244E-014
          20          30   3.2901985838788769E-013
          20          31   1.6457142258999352E-013
          20          32   9.9239887083785829E-014
          20          33  -1.3537647395591064E-013
          20          34  -1.5552842420856723E-013
          20          35   8.2115303648550799E-014
          21           1  -1.5315657173211141E-004
          21           2  -2.2650183427496556E-004
          21           3  -1.1396504541024977E-003
          21           4   1.4395089667950649E-003
          21           5   5.8708109991205136E-013
          21           6  -8.0120308103296336E-014
          21           7  -1.6517997492762947E-013
          21           8  -9.9875330415115395E-011
          21           9   2.4715499805387272E-011
          21          10   1.5093724461333453E-011
          21          11   1.1392442931236108E-012
          21          12  -2.9630893876404292E-013
          21          13  -1.8846625657928873E-013
          21          14  -1.4107850332980966E-004
          21          15   5.6033736613691441E-005
          21          16  -5.1627690403529755E-005
          21          17   7.0946806398484888E-005
          21          18   1.6187360505276975E-004
          21          19   1.5149551375614440E-005
          21          20  -3.9473054229878176E-004
          21          21   1.2420302498420218E-004
          21          22  -1.9645603173236060E-004
          21          23   1.5725897431219485E-004
          21          24   3.5880511506996513E-004
          21          25  -4.8439212506003769E-005
          21          26  -3.6650629070418800E-013
          21          27   1.0370700111808361E-013
          21          28  -1.3774459328396087E-013
          21          29   5.8520554422652438E-014
          21          30   6.5965577704245681E-014
          21          31   6.4904469140673731E-014
          21          32  -4.4250456087065336E-015
          21          33  -9.9405473979587281E-014
          21          34  -6.0800174207258011E-015
          21          35   4.4998200840212702E-014
          22           1   6.3574815081410274E-003
          22           2   3.8628627242667617E-004
          22           3   2.5979913969426307E-003
          22           4  -2.2614763573528531E-003
          22           5   1.0846691630413907E-012
          22           6  -2.7134189980797684E-014
          22           7  -3.1702575772848799E-013
          22           8  -1.3346829611350754E-010
          22           9  -1.7442462631706615E-011
          22          10   5.9915730176739897E-011
          22          11   1.0379885724286419E-012
          22          12   2.5038458021421776E-013
          22          13  -5.1486883535396517E-013
          22          14   2.3336373677893506E-004
          22          15  -8.8862858127124878E-005
          22          16   9.1505360405632908E-005
          22          17  -1.1251321742756754E-004
          22          18  -2.5671233200753440E-004
          22          19  -1.4395422203744764E-005
          22          20   6.4372789764039146E-004
          22          21  -1.9645603173236060E-004
          22          22   3.3011054775160481E-004
          22          23  -2.4874171989003888E-004
          22          24  -5.6753391549013504E-004
          22          25   9.5987450081808263E-005
          22          26  -5.0384714716751426E-013
          22          27   3.3284808113200357E-014
          22          28  -1.3085827417476985E-013
          22          29  -3.7984611056306584E-014
          22          30   2.3733327342091638E-013
          22          31   1.2985602824898053E-013
          22          32   7.0574884623247296E-014
          22          33  -1.2736475384232416E-013
          22          34  -1.0805340325107382E-013
          22          35   7.5623524485005966E-014
          23           1  -1.9391834928422823E-004
          23           2  -2.8678404694741297E-004
          23           3  -1.4429621610877619E-003
          23           4   1.8226263296279466E-003
          23           5  -2.0084638006582894E-012
          23           6   3.5185629908328795E-013
          23           7   3.8539549085080877E-013
          23           8   2.7503972277523361E-010
          23           9  -3.4844702261750157E-011
          23          10  -6.7634240211274887E-011
          23          11  -2.4404697318815662E-012
          23          12   2.6445956812061993E-013
          23          13   6.0029658280385931E-013
          23          14  -1.7862576812446764E-004
