           1           1   2.3515627381778463     
           1           2 -0.96448902572623563     
           1           3  0.22969755300577116     
           1           4  -2.6864417981019427E-002
           1           5  -2.3752041102244908E-002
           1           6  -1.5147644861888463E-002
           1           7   4.0275499645694857E-012
           1           8   7.3135821305286634E-011
           1           9  -5.2796111514493467E-011
           1          10  -1.5075188474535916E-011
           1          11  -2.2987012019674695E-010
           1          12   1.8070772438292752E-010
           1          13   1.8148550258051816E-011
           1          14   1.5788413629511986E-010
           1          15  -1.2354044337277060E-010
           1          16   1.3673070562538551E-011
           1          17   7.8972253748408295E-011
           1          18  -6.3716494332749641E-011
           1          19  -1.5827428068117477E-012
           1          20  -2.6823946547781233E-012
           1          21   3.0160807598768910E-012
           1          22   4.4936408159418481E-003
           1          23  -3.4606942295787864E-009
           1          24   4.4936283986458797E-003
           1          25   3.1790154893950365E-009
           1          26  -1.2740229345455896E-007
           1          27   4.4936305279493268E-003
           1          28   4.3209895279973341E-003
           1          29  -3.3493444914313135E-009
           1          30   4.3209760289647670E-003
           1          31   3.0689933913346218E-009
           1          32  -1.2530980786102126E-007
           1          33   4.3209781092561341E-003
           1          34   7.8674428023818425E-004
           1          35  -3.1548929625095936E-009
           1          36   7.8673343744745659E-004
           1          37   2.9002581961172331E-009
           1          38  -1.1581025157372912E-007
           1          39   7.8673536875325037E-004
           1          40  -1.0801828898921318E-011
           1          41  -2.2157662452726339E-011
           1          42  -5.0527502907225555E-012
           1          43  -4.6772909149861154E-011
           1          44   1.7808431394020376E-011
           1          45   2.3198614317447202E-013
           1          46   1.6417248731664436E-011
           1          47  -5.2555713003124004E-012
           1          48  -2.1822041834051760E-011
           1          49   3.8851657057603857E-011
           2           1 -0.96448902572623563     
           2           2   2.6786433387026563     
           2           3 -0.90672016517416520     
           2           4  0.14272310523842402     
           2           5   9.1925218956285401E-002
           2           6   6.3648575372759947E-002
           2           7  -1.8312717267573445E-011
           2           8  -1.1705505935636451E-010
           2           9   4.8788203963001055E-011
           2          10   4.3750997850430350E-011
           2          11   8.9002746029184176E-010
           2          12  -6.9308320752365821E-010
           2          13  -6.5746988572795030E-011
           2          14  -9.2540390957892927E-010
           2          15   7.1477315710448789E-010
           2          16  -4.7941983868165821E-011
           2          17  -5.7507807054449715E-010
           2          18   4.4795218088413182E-010
           2          19   5.0349048354589640E-012
           2          20   4.9679183528156711E-011
           2          21  -4.1148712031133767E-011
           2          22  -2.4849570212873959E-002
           2          23   1.4846845411079589E-008
           2          24  -2.4849516944568460E-002
           2          25  -1.3638413408190017E-008
           2          26   5.4669974774987258E-007
           2          27  -2.4849526078462986E-002
           2          28  -2.4938283629993747E-002
           2          29   1.4114495686272035E-008
           2          30  -2.4938226939118551E-002
           2          31  -1.2933822492299881E-008
           2          32   5.2756243048464527E-007
           2          33  -2.4938235705377364E-002
           2          34  -2.3005117753046277E-003
           2          35   1.3332239649898757E-008
           2          36  -2.3004659571966039E-003
           2          37  -1.2256185569215309E-008
           2          38   4.8935359999913535E-007
           2          39  -2.3004741190218100E-003
           2          40   3.6899036539079178E-011
           2          41   1.8766694551727768E-010
           2          42   1.7397559401517058E-011
           2          43   4.0983696831313094E-010
           2          44  -1.4496773631149751E-010
           2          45  -8.3527306132119491E-013
           2          46  -1.3999997006033425E-010
           2          47   1.8037774792585578E-011
           2          48   1.8641231040135649E-010
           2          49  -3.2053671146003979E-010
           3           1  0.22969755300577116     
           3           2 -0.90672016517416520     
           3           3   2.3742909507566843     
           3           4 -0.31938251376672805     
           3           5 -0.30252498847302783     
           3           6 -0.19453949000834814     
           3           7  -2.8301079779888876E-011
           3           8   3.5880412582108648E-009
           3           9  -3.2508628263281437E-009
           3          10  -1.5792134343006561E-010
           3          11  -7.0667479466616525E-009
           3          12   5.4106759161062468E-009
           3          13   7.0426095040777559E-011
           3          14   2.8086595830607865E-009
           3          15  -2.1716415779333701E-009
           3          16   6.9498710555368428E-011
           3          17   2.3228495343018647E-009
           3          18  -1.7693579636972024E-009
           3          19  -6.4578085796968385E-013
           3          20  -2.4837506389206494E-010
           3          21   1.9571582923703022E-010
           3          22   4.4013017665633168E-002
           3          23  -4.6181119861700266E-008
           3          24   4.4012851794024851E-002
           3          25   4.2421342113351355E-008
           3          26  -1.7036096154057363E-006
           3          27   4.4012880193573314E-002
           3          28   4.2563558158125278E-002
           3          29  -4.3137611781424545E-008
           3          30   4.2563386820854247E-002
           3          31   3.9528020481669522E-008
           3          32  -1.6038879250894163E-006
           3          33   4.2563413647288627E-002
           3          34   8.1958342375428785E-003
           3          35  -4.0549783694670708E-008
           3          36   8.1956949637156419E-003
           3          37   3.7277427248082408E-008
           3          38  -1.4871418914728834E-006
           3          39   8.1957197940857665E-003
           3          40  -4.3161815817068727E-011
           3          41  -7.7643108111724197E-010
           3          42  -2.3733190096361589E-011
           3          43  -1.7706550663917366E-009
           3          44   5.8981965285417732E-010
           3          45  -7.2968960866717570E-013
           3          46   6.0349527599402168E-010
           3          47  -1.5855541712386479E-011
           3          48  -7.7362584536248351E-010
           3          49   1.3160624510183750E-009
           4           1  -2.6864417981019427E-002
           4           2  0.14272310523842402     
           4           3 -0.31938251376672805     
           4           4  0.10901017911676542     
           4           5  0.22310472998588407     
           4           6  0.13436144938568298     
           4           7   1.5759874123821845E-012
           4           8  -1.0000535949633353E-009
           4           9   9.0336251507658949E-010
           4          10   4.3327271610004939E-011
           4          11   2.1098414848992797E-009
           4          12  -1.6094201813353654E-009
           4          13  -1.7476112237367683E-011
           4          14  -5.2635558940540420E-010
           4          15   4.1368631966741496E-010
           4          16  -2.0890671900087806E-011
           4          17  -5.2597425937250601E-010
           4          18   4.0483948863788993E-010
           4          19  -2.8537754323376649E-012
           4          20  -1.4205806429904109E-014
           4          21  -4.6684908560674422E-012
           4          22   5.7480307778533263E-003
           4          23   3.5784792293917930E-008
           4          24   5.7481588928570242E-003
           4          25  -3.2871505027403431E-008
           4          26   1.3185246394786874E-006
           4          27   5.7481368888973611E-003
           4          28   5.7365511017142077E-003
           4          29   2.7153145446868221E-008
           4          30   5.7366563483666165E-003
           4          31  -2.4901019118362963E-008
           4          32   1.0078800635292291E-006
           4          33   5.7366395250789438E-003
           4          34  -5.3902250971822555E-003
           4          35   2.7054246119237745E-008
           4          36  -5.3901321190091712E-003
           4          37  -2.4871348913712549E-008
           4          38   9.9266743715500637E-007
           4          39  -5.3901486826293341E-003
           4          40   7.1280441461463933E-012
           4          41   1.0966864570244669E-010
           4          42   3.6501935926180894E-012
           4          43   2.5498965489733420E-010
           4          44  -8.2623127238675828E-011
           4          45   1.1002757751242490E-012
           4          46  -8.7468847291533897E-011
           4          47   2.1356119020493088E-012
           4          48   1.1127971322843776E-010
           4          49  -1.8777681937086467E-010
           5           1  -2.3752041102244908E-002
           5           2   9.1925218956285401E-002
           5           3 -0.30252498847302783     
           5           4  0.22310472998588407     
           5           5  0.54579507092995405     
           5           6  0.32550406433275492     
           5           7  -1.1887568775644478E-010
           5           8   2.3938096012959545E-009
           5           9  -2.3300002344049109E-009
           5          10  -1.1250637623084191E-010
           5          11   7.9282263768789136E-010
           5          12  -4.3552791740876676E-010
           5          13  -5.1769305242914497E-011
           5          14  -1.1631286524677783E-009
           5          15   9.3326315603425311E-010
           5          16  -4.1076143615115031E-011
           5          17  -9.1693616600117569E-010
           5          18   7.1075578853218103E-010
           5          19  -8.2743736398226417E-012
           5          20  -5.9816627257581436E-011
           5          21   3.4196566630139474E-011
           5          22   2.7114026911527478E-002
           5          23   8.8075059457178518E-008
           5          24   2.7114342105069335E-002
           5          25  -8.0904768196468314E-008
           5          26   3.2447526829458689E-006
           5          27   2.7114287948828579E-002
           5          28   2.6752918098793550E-002
           5          29   6.4847946351326253E-008
           5          30   2.6753168420260261E-002
           5          31  -5.9477068172441991E-008
           5          32   2.4062908578527262E-006
           5          33   2.6753128266283999E-002
           5          34  -1.2981377623239546E-002
           5          35   6.5202439268113756E-008
           5          36  -1.2981153520244634E-002
           5          37  -5.9941661283319481E-008
           5          38   2.3925473372360813E-006
           5          39  -1.2981193438645549E-002
           5          40   8.6736126699288010E-012
           5          41   1.1944246907195587E-010
           5          42   4.1020793968455086E-012
           5          43   2.8654156693681607E-010
           5          44  -8.8924047174824188E-011
           5          45   2.9158571152666821E-012
           5          46  -9.9388902505954436E-011
           5          47   1.7011510743846460E-012
           5          48   1.2461235913256127E-010
           5          49  -2.0802560705612408E-010
           6           1  -1.5147644861888463E-002
           6           2   6.3648575372759947E-002
           6           3 -0.19453949000834814     
           6           4  0.13436144938568298     
           6           5  0.32550406433275492     
           6           6  0.19422231049157274     
           6           7  -1.0498793462932988E-010
           6           8   1.4498814274982819E-009
           6           9  -1.5261931557408060E-009
           6          10   3.4326469868301980E-011
           6          11   6.9274664442259790E-010
           6          12  -2.9921126652862418E-010
           6          13  -1.9815466353138683E-011
           6          14  -6.8698941817792958E-010
           6          15   5.6626226783249516E-010
           6          16  -2.4322669768443744E-011
           6          17  -5.5718872541415178E-010
           6          18   4.3240526748456318E-010
           6          19  -4.8866559620128886E-012
           6          20  -3.3922142478120320E-011
           6          21   1.9064539046827050E-011
           6          22   1.5781140622938922E-002
           6          23   5.2511722975475632E-008
           6          24   1.5781328549942797E-002
           6          25  -4.8236683357460608E-008
           6          26   1.9345848302909104E-006
           6          27   1.5781296261121604E-002
           6          28   1.5575144814478935E-002
           6          29   3.8721264350077762E-008
           6          30   1.5575294314903218E-002
           6          31  -3.5514035504230459E-008
           6          32   1.4368412339479776E-006
           6          33   1.5575270337908922E-002
           6          34  -7.7477196852527687E-003
           6          35   3.8915217275048745E-008
           6          36  -7.7475859329071521E-003
           6          37  -3.5775386915820081E-008
           6          38   1.4279559482958995E-006
           6          39  -7.7476097577066621E-003
           6          40   5.3080452413688040E-012
           6          41   7.5530517315123816E-011
           6          42   2.5332166256033047E-012
           6          43   1.8061487701419282E-010
           6          44  -5.6395319057981703E-011
           6          45   1.7316889723753055E-012
           6          46  -6.2671159834436181E-011
           6          47   1.0649212087910087E-012
           6          48   7.8577386943656243E-011
           6          49  -1.3152806726695668E-010
           7           1   4.0275499645694857E-012
           7           2  -1.8312717267573445E-011
           7           3  -2.8301079779888876E-011
           7           4   1.5759874123821845E-012
           7           5  -1.1887568775644478E-010
           7           6  -1.0498793462932988E-010
           7           7   2.2115732612603414     
           7           8  -1.9442175035705571E-009
           7           9   1.7804712923054069E-009
           7          10 -0.63623469525673260     
           7          11   8.0309967033729959E-009
           7          12  -7.3498584975855450E-009
           7          13  -7.4116261548768242E-002
           7          14  -5.6911749328000661E-009
           7          15   5.1986507249827986E-009
           7          16  -3.6733936371003795E-003
           7          17  -2.5233000399462245E-009
           7          18   2.2364499724989732E-009
           7          19   1.3357087558367282E-005
           7          20   2.5351650749115141E-010
           7          21  -2.1364303970681487E-010
           7          22   5.6490329240848466E-011
           7          23   2.1601564724099006E-011
           7          24   5.1000147568394391E-011
           7          25  -1.0315354591414240E-011
           7          26  -1.6495901216783308E-012
           7          27   1.7313386430689383E-011
           7          28  -1.9230223040809425E-011
           7          29   4.6523364816089939E-010
           7          30   4.2037270744046381E-011
           7          31  -3.6466788528155132E-010
           7          32   6.0009510304753839E-013
           7          33   2.2204878055056292E-011
           7          34   4.9535490064579572E-011
           7          35  -7.2784502225984565E-012
           7          36   5.8414797764731428E-011
           7          37   1.1636983686277035E-011
           7          38   8.5532409081757325E-012
           7          39   7.0307697198292637E-011
           7          40   1.3202070783760358E-003
           7          41  -1.5188729549735445E-009
           7          42   5.9040977421580916E-004
           7          43   2.5721224101865960E-009
           7          44   1.4124307776887350E-009
           7          45  -5.5680682582132411E-008
           7          46  -1.0518898491467422E-009
           7          47   5.9041071274427048E-004
           7          48   1.1712034279857251E-009
           7          49  -2.3065271130551139E-009
           8           1   7.3135821305286634E-011
           8           2  -1.1705505935636451E-010
           8           3   3.5880412582108648E-009
           8           4  -1.0000535949633353E-009
           8           5   2.3938096012959545E-009
           8           6   1.4498814274982819E-009
           8           7  -1.9442175035705571E-009
           8           8   2.2115732529233725     
           8           9  -7.9721566126350149E-008
           8          10   7.1913558861582647E-009
           8          11 -0.63623466347299829     
           8          12   3.0088938185460655E-007
           8          13  -4.4660640965753637E-009
           8          14  -7.4116282899910430E-002
           8          15  -2.1394519946282085E-007
           8          16  -2.0121924606716600E-009
           8          17  -3.6734025046120684E-003
           8          18  -9.5901633547163484E-008
           8          19   4.7847407455356107E-011
           8          20   1.3357617098887741E-005
           8          21   9.4791317684258550E-009
           8          22  -9.1015430455955099E-010
           8          23  -1.9001369141880420E-010
           8          24  -6.4038969465092511E-010
           8          25   9.3463474331725878E-011
           8          26  -6.4202056195607167E-011
           8          27  -1.1943321573823726E-010
           8          28  -3.9384676690513463E-010
           8          29   3.4771996356835831E-010
           8          30  -1.2633383115046174E-009
           8          31  -2.6759000288412056E-010
           8          32  -1.5525971547413981E-010
           8          33  -1.9273721551470280E-009
           8          34  -8.2886063287808094E-010
           8          35   8.9392363112317429E-011
           8          36  -1.0294640824780491E-009
           8          37  -1.4859965886178269E-010
           8          38  -1.0148037355427745E-010
           8          39  -1.1842993048307558E-009
           8          40   1.9769491273338198E-009
           8          41   5.9041838476841472E-004
           8          42  -1.6726895911252105E-009
           8          43   1.3202047696685782E-003
           8          44   4.3200709388935845E-008
           8          45   1.4977493825547683E-009
           8          46  -5.3494718202518483E-008
           8          47   9.6681982489237359E-010
           8          48   5.9041364941812315E-004
           8          49   9.6414438226696834E-008
           9           1  -5.2796111514493467E-011
           9           2   4.8788203963001055E-011
           9           3  -3.2508628263281437E-009
           9           4   9.0336251507658949E-010
           9           5  -2.3300002344049109E-009
           9           6  -1.5261931557408060E-009
           9           7   1.7804712923054069E-009
           9           8  -7.9721566126350149E-008
           9           9   2.2115732542409017     
           9          10  -6.5982910860910663E-009
           9          11   3.0127690936469170E-007
           9          12 -0.63623466857506950     
           9          13   4.0908322311741306E-009
           9          14  -2.1445381634755031E-007
           9          15  -7.4116279653176673E-002
           9          16   1.7934913267370030E-009
           9          17  -9.7157121364281438E-008
           9          18  -3.6734021386527513E-003
           9          19  -7.0001750906906664E-012
           9          20   9.8118305193618424E-009
           9          21   1.3357840556602213E-005
           9          22   8.5417606294750515E-010
           9          23   2.9219994875492761E-010
           9          24   6.6222537600285906E-010
           9          25  -8.2461766277006635E-011
           9          26   5.1329168458840191E-011
           9          27   1.6800991195370862E-010
           9          28   2.6511659874370922E-010
           9          29  -5.4287271678589742E-010
           9          30   1.9208163957312287E-009
           9          31   2.6665562833303767E-010
           9          32   3.5178939526945458E-010
           9          33   1.1478518252300977E-009
           9          34   8.7454415130143597E-010
           9          35  -1.2551840639238796E-010
           9          36   1.0169174181083109E-009
           9          37   1.5815066226951093E-010
           9          38   1.1312716561869581E-010
           9          39   1.1551804911758830E-009
           9          40  -1.7509452016288900E-009
           9          41   4.3405514558884325E-008
           9          42  -9.2566843985943539E-010
           9          43   9.7248780352496277E-008
           9          44   5.9041789087524313E-004
           9          45  -1.6269143009605778E-009
           9          46   5.9041244132486967E-004
           9          47   1.5538095032291120E-009
           9          48  -5.2950237198249829E-008
           9          49   1.3202060902771972E-003
          10           1  -1.5075188474535916E-011
          10           2   4.3750997850430350E-011
          10           3  -1.5792134343006561E-010
          10           4   4.3327271610004939E-011
          10           5  -1.1250637623084191E-010
          10           6   3.4326469868301980E-011
          10           7 -0.63623469525673260     
          10           8   7.1913558861582647E-009
          10           9  -6.5982910860910663E-009
          10          10   1.9155350133253768     
          10          11  -2.9564751589569961E-008
          10          12   2.7168761534126804E-008
          10          13  0.21799338117880687     
          10          14   1.7419460395995956E-008
          10          15  -1.6008061306744012E-008
          10          16   9.7094328291925137E-003
          10          17   8.3168619550101990E-009
          10          18  -7.6066032937461150E-009
          10          19   1.5544717798971451E-004
          10          20  -8.6631280004931417E-010
          10          21   7.9192636683116696E-010
          10          22   6.7183685114794570E-011
          10          23   4.7340381320154875E-010
          10          24   7.3906162659474462E-012
          10          25  -3.3995698697209747E-010
          10          26   3.7488899479080970E-011
          10          27   2.8253680683953786E-011
          10          28  -8.4068021037561692E-011
          10          29  -2.5112298511149788E-009
          10          30   8.1129960339037744E-011
          10          31   1.8669371689193437E-009
          10          32  -8.5283795504932903E-011
          10          33   9.5507187324012798E-011
          10          34   1.3916235055767900E-011
          10          35  -1.7714060753967845E-010
          10          36   2.9990447067545324E-011
          10          37   1.2661949345202291E-010
          10          38  -1.6862839395597090E-011
          10          39   1.5390178020110325E-011
          10          40  -2.6858817208584378E-003
          10          41   4.1720995779215084E-009
          10          42  -1.2011486589844247E-003
          10          43  -8.3547059157228588E-009
          10          44  -3.8469310286695531E-009
          10          45   1.6537158601400822E-007
          10          46   3.4960160167080976E-009
          10          47  -1.2011514337112329E-003
          10          48  -3.7910530896942124E-009
          10          49   7.6594780495118711E-009
          11           1  -2.2987012019674695E-010
          11           2   8.9002746029184176E-010
          11           3  -7.0667479466616525E-009
          11           4   2.1098414848992797E-009
          11           5   7.9282263768789136E-010
          11           6   6.9274664442259790E-010
          11           7   8.0309967033729959E-009
          11           8 -0.63623466347299829     
          11           9   3.0127690936469170E-007
          11          10  -2.9564751589569961E-008
          11          11   1.9155348935679850     
          11          12  -1.1047553181713606E-006
          11          13   1.7406231331382776E-008
          11          14  0.21799345015423377     
          11          15   6.4961728914287839E-007
          11          16   8.1426240663335404E-009
          11          17   9.7094659627185928E-003
          11          18   3.1333138088492533E-007
          11          19  -8.3160171044282522E-010
          11          20   1.5544415683562047E-004
          11          21  -3.2714038641495562E-008
          11          22  -9.5611803231913724E-010
          11          23   4.3807723672760209E-011
          11          24   2.7202727392250440E-012
          11          25   9.4482894142725798E-012
          11          26  -4.2870808390398094E-010
          11          27  -1.0226253298758539E-009
          11          28   3.2153709330227885E-009
          11          29  -1.6307789916569488E-010
          11          30  -1.1310189185792621E-009
          11          31  -2.4944914986517118E-011
          11          32   2.0474371633143728E-009
          11          33   3.5392546798236905E-009
          11          34  -1.0770842759199595E-010
          11          35  -4.5677802531055694E-011
          11          36  -4.4719618637988670E-010
          11          37   8.0631303353434064E-012
          11          38   1.7692742802684487E-010
          11          39  -5.1285707045483529E-011
          11          40  -8.2636732359330257E-009
          11          41  -1.2011765210157119E-003
          11          42   4.2232017515853162E-009
          11          43  -2.6858806204042474E-003
          11          44  -1.3893753436247870E-007
          11          45  -4.1140344246880630E-009
          11          46   1.4786092243922386E-007
          11          47  -3.7532529734023930E-009
          11          48  -1.2011628294662385E-003
          11          49  -3.1045150864256057E-007
          12           1   1.8070772438292752E-010
          12           2  -6.9308320752365821E-010
          12           3   5.4106759161062468E-009
          12           4  -1.6094201813353654E-009
          12           5  -4.3552791740876676E-010
          12           6  -2.9921126652862418E-010
          12           7  -7.3498584975855450E-009
          12           8   3.0088938185460655E-007
          12           9 -0.63623466857506950     
          12          10   2.7168761534126804E-008
          12          11  -1.1047553181713606E-006
          12          12   1.9155349142142741     
          12          13  -1.5979266348026038E-008
          12          14   6.4959292945507583E-007
          12          15  0.21799343802445464     
          12          16  -7.6515168331561513E-009
          12          17   3.1365799240012962E-007
          12          18   9.7094602149202444E-003
          12          19   8.0872633592658897E-010
          12          20  -3.2787018128137292E-008
          12          21   1.5544471992322021E-004
          12          22   5.8598201059722330E-010
          12          23  -7.3369466480342027E-011
          12          24   6.3271166077227653E-010
          12          25   1.1939772319125649E-011
          12          26   5.2867594432920802E-010
          12          27  -8.7184778517192360E-011
          12          28  -2.3651541910125643E-009
          12          29   1.0341593021583288E-010
          12          30  -2.6979500494723744E-009
          12          31  -1.1670906457086294E-010
          12          32  -2.7056443365784506E-009
          12          33   8.2946279588341596E-010
          12          34  -2.7683313672228120E-011
          12          35   5.0231945675840988E-011
          12          36  -4.2122893694997863E-011
          12          37   6.8196506115506724E-012
          12          38  -2.1694220420071158E-010
          12          39   2.0088723988673418E-010
          12          40   7.6428733228042432E-009
          12          41  -1.3901417670839084E-007
          12          42   3.5156054873459414E-009
          12          43  -3.1054420438419284E-007
          12          44  -1.2011739164304465E-003
          12          45   4.4780942301217778E-009
          12          46  -1.2011574522449073E-003
          12          47  -3.8401576536068133E-009
          12          48   1.4779271985262320E-007
          12          49  -2.6858810548273729E-003
          13           1   1.8148550258051816E-011
          13           2  -6.5746988572795030E-011
          13           3   7.0426095040777559E-011
          13           4  -1.7476112237367683E-011
          13           5  -5.1769305242914497E-011
          13           6  -1.9815466353138683E-011
          13           7  -7.4116261548768242E-002
          13           8  -4.4660640965753637E-009
          13           9   4.0908322311741306E-009
          13          10  0.21799338117880687     
          13          11   1.7406231331382776E-008
          13          12  -1.5979266348026038E-008
          13          13   2.4809735767749842E-002
          13          14   4.3396058709466338E-009
          13          15  -3.9851546285319990E-009
          13          16   1.1053449087223563E-003
          13          17   1.0492473722127676E-009
          13          18  -9.5958882642470779E-010
          13          19   1.7634746979555285E-005
          13          20  -9.6775209235206501E-011
          13          21   8.8433989561429681E-011
          13          22   7.5298713028265477E-012
          13          23   5.3721592913914646E-011
          13          24   7.4685142301402801E-013
          13          25  -3.8582519012478373E-011
          13          26   4.2554054449821767E-012
          13          27   3.1440439168581859E-012
          13          28  -9.5869755660607713E-012
          13          29  -2.8546909263475091E-010
          13          30   9.1131574015821300E-012
          13          31   2.1224377636175541E-010
          13          32  -9.6833555336760744E-012
          13          33   1.0762271827525679E-011
          13          34   2.4926452780434527E-012
          13          35  -2.0102558792095243E-011
          13          36   4.3096470857733795E-012
          13          37   1.4363716961739867E-011
          13          38  -1.9228075479449107E-012
          13          39   2.6420884851272825E-012
          13          40  -3.0602723003298848E-004
          13          41   4.6232997438185288E-010
          13          42  -1.3685792618503469E-004
          13          43  -9.7841776693096493E-010
          13          44  -4.2643170520453301E-010
          13          45   1.8818666631355473E-008
          13          46   4.1038872085390511E-010
          13          47  -1.3685824194839750E-004
          13          48  -4.4498622883035223E-010
          13          49   8.9684904764113108E-010
          14           1   1.5788413629511986E-010
          14           2  -9.2540390957892927E-010
          14           3   2.8086595830607865E-009
          14           4  -5.2635558940540420E-010
          14           5  -1.1631286524677783E-009
          14           6  -6.8698941817792958E-010
          14           7  -5.6911749328000661E-009
          14           8  -7.4116282899910430E-002
          14           9  -2.1445381634755031E-007
          14          10   1.7419460395995956E-008
          14          11  0.21799345015423377     
          14          12   6.4959292945507583E-007
          14          13   4.3396058709466338E-009
          14          14   2.4809753203948150E-002
          14          15   1.6215806988677526E-007
          14          16   1.0293900037685645E-009
          14          17   1.1053491708910203E-003
          14          18   3.9583398843494605E-008
          14          19  -9.2700880732043460E-011
          14          20   1.7634408551259867E-005
          14          21  -3.6586811951542544E-009
          14          22  -9.2593149321007330E-011
          14          23   5.1317824098995990E-012
          14          24   1.6011007017757688E-011
          14          25   9.9572110440269259E-013
          14          26  -4.8733040773954700E-011
          14          27  -1.0083059608391956E-010
          14          28   3.7905291475125181E-010
          14          29  -1.8813363101365646E-011
          14          30  -1.1361318549095985E-010
          14          31  -2.5999868149644262E-012
          14          32   2.3241476100097644E-010
          14          33   4.1713443636786654E-010
          14          34   1.9602769588308304E-011
          14          35  -5.2640329065933967E-012
          14          36  -1.8772098393605771E-011
          14          37   1.0445775420459086E-012
          14          38   2.0079618553420151E-011
          14          39   2.6305255975195234E-011
          14          40  -9.6802350640392892E-010
          14          41  -1.3686116380922237E-004
          14          42   4.6832947116778142E-010
          14          43  -3.0602725395456002E-004
          14          44  -1.6296770228019830E-008
          14          45  -4.6684516017081388E-010
          14          46   1.6347360787874409E-008
          14          47  -4.4065339394742844E-010
          14          48  -1.3685955849437436E-004
          14          49  -3.6410776994296721E-008
          15           1  -1.2354044337277060E-010
          15           2   7.1477315710448789E-010
          15           3  -2.1716415779333701E-009
          15           4   4.1368631966741496E-010
          15           5   9.3326315603425311E-010
          15           6   5.6626226783249516E-010
          15           7   5.1986507249827986E-009
          15           8  -2.1394519946282085E-007
          15           9  -7.4116279653176673E-002
          15          10  -1.6008061306744012E-008
          15          11   6.4961728914287839E-007
          15          12  0.21799343802445464     
          15          13  -3.9851546285319990E-009
          15          14   1.6215806988677526E-007
          15          15   2.4809750177175800E-002
          15          16  -9.6471587017920698E-010
          15          17   3.9621549913244865E-008
          15          18   1.1053484448264594E-003
          15          19   9.0200072074652351E-011
          15          20  -3.6672304808058427E-009
          15          21   1.7634471077701513E-005
          15          22   5.5069465084823402E-011
          15          23  -8.5757172933670945E-012
          15          24   6.0550109554676834E-011
          15          25   1.4233959299931003E-012
          15          26   6.0065450569835822E-011
          15          27  -2.0752896219116946E-011
          15          28  -2.7832211130604789E-010
          15          29   1.2206027066087480E-011
          15          30  -3.1752137874558226E-010
          15          31  -1.3478886800398254E-011
          15          32  -3.0733311983356025E-010
          15          33   8.3579210111360075E-011
          15          34  -2.8266028213826089E-011
          15          35   5.8109894093547565E-012
          15          36  -3.0021249305358835E-011
          15          37   6.3712810866367915E-013
          15          38  -2.4652739751733034E-011
          15          39  -2.5541445632210540E-012
          15          40   8.9489250654157710E-010
          15          41  -1.6305608082192525E-008
          15          42   4.1263416157173206E-010
          15          43  -3.6420917253072212E-008
          15          44  -1.3686085868845074E-004
          15          45   5.0839021691078428E-010
          15          46  -1.3685893803928536E-004
          15          47  -4.2580351679680417E-010
          15          48   1.6337832233423113E-008
          15          49  -3.0602728432475477E-004
          16           1   1.3673070562538551E-011
          16           2  -4.7941983868165821E-011
          16           3   6.9498710555368428E-011
          16           4  -2.0890671900087806E-011
          16           5  -4.1076143615115031E-011
          16           6  -2.4322669768443744E-011
          16           7  -3.6733936371003795E-003
          16           8  -2.0121924606716600E-009
          16           9   1.7934913267370030E-009
          16          10   9.7094328291925137E-003
          16          11   8.1426240663335404E-009
          16          12  -7.6515168331561513E-009
          16          13   1.1053449087223563E-003
          16          14   1.0293900037685645E-009
          16          15  -9.6471587017920698E-010
          16          16   4.9315560358343627E-005
          16          17   8.3207210186540545E-011
          16          18  -7.6953835015704490E-011
          16          19   7.7335777671892463E-007
          16          20  -3.6692518817149559E-012
          16          21   3.3259852814545874E-012
          16          22  -3.4695654721005015E-013
          16          23   2.3596136542197451E-012
          16          24  -6.4377066400061667E-013
          16          25  -1.6956499876621740E-012
          16          26   1.9374041446713955E-013
          16          27  -5.3212413095784371E-013
          16          28  -1.0872505818141931E-012
          16          29  -1.2645765771475226E-011
          16          30  -2.7550883094677937E-013
          16          31   9.4054382873863986E-012
          16          32  -4.1959572298437103E-013
          16          33  -1.9935041031308702E-013
          16          34   1.0411782780636030E-012
          16          35  -8.8293101696114421E-013
          16          36   1.1198570887961239E-012
          16          37   6.2963862258824430E-013
          16          38  -8.1734512540034692E-014
          16          39   1.0441982379311076E-012
          16          40  -1.3710135312007597E-005
          16          41   1.6159142782453078E-011
          16          42  -6.1312871506462644E-006
          16          43  -5.3393358157237052E-011
          16          44  -1.4852502273179178E-011
          16          45   8.3771455554904911E-010
          16          46   2.2827769718878771E-011
          16          47  -6.1313012098549210E-006
          16          48  -2.4628529384941572E-011
          16          49   4.9119162631989099E-011
