           1           1   1.9997547873836712     
           1           2   3.2989867648992215E-004
           1           3  -5.4338066528435516E-004
           1           4   1.0432170572214686E-002
           1           5  -1.0405635825613159E-002
           1           6   1.4691715044989815E-003
           1           7   7.2428000944290812E-011
           1           8  -2.8369328887226854E-010
           1           9   5.4828157024611607E-010
           1          10   1.7104536755927697E-011
           1          11  -3.6624143526953386E-011
           1          12  -3.7042360627439800E-012
           1          13   1.6171598131941843E-012
           1          14  -5.9987158404568824E-012
           1          15   4.6646111864728676E-012
           1          16   1.9696816257697492E-012
           1          17  -8.7185793743054961E-012
           1          18   7.3362854246315567E-012
           1          19  -1.3342968154228749E-012
           1          20   5.4970234047987787E-012
           1          21  -4.2793586854947588E-012
           1          22  -2.5872634928671476E-004
           1          23  -9.9876298586671854E-010
           1          24  -2.5872412734823699E-004
           1          25   3.3805271079980842E-009
           1          26  -3.0703430135360138E-009
           1          27  -2.5872522114155983E-004
           1          28  -4.5822816742188957E-003
           1          29  -4.2061423394346268E-009
           1          30  -4.5822719941986832E-003
           1          31   1.4709552170460530E-008
           1          32  -1.3249790730890829E-008
           1          33  -4.5822768470121294E-003
           1          34   1.7061829817545139E-003
           1          35  -4.8528874136811667E-010
           1          36   1.7061840130412002E-003
           1          37   1.5716693295221869E-009
           1          38  -1.4440508091853678E-009
           1          39   1.7061835186071310E-003
           1          40  -9.4795234006173953E-013
           1          41   2.2795784714207045E-012
           1          42  -4.7222307041157748E-013
           1          43   5.1447264449183177E-012
           1          44  -2.0309285722563567E-012
           1          45   3.1007214351284755E-014
           1          46  -1.9862484923893263E-012
           1          47  -4.6152944368130911E-013
           1          48   2.2892102377904634E-012
           1          49  -4.4611356069091606E-012
           2           1   3.2989867648992215E-004
           2           2   2.0003204372348602     
           2           3   5.6636039636377851E-004
           2           4  -1.8052014240079364E-002
           2           5  -1.3998187551510386E-002
           2           6   2.4067184956067200E-004
           2           7  -2.9470750913299087E-009
           2           8   3.8451710583544049E-009
           2           9  -3.5054747468802488E-009
           2          10   1.7033119536401310E-010
           2          11  -4.3728719751996827E-010
           2          12  -7.6089925627695999E-011
           2          13   6.7287347263493687E-011
           2          14  -5.1867699717956228E-011
           2          15   4.9050123508284800E-012
           2          16   1.0580897852929135E-010
           2          17  -8.0904321943284426E-011
           2          18   4.4269002550905117E-012
           2          19  -6.1896022472001270E-011
           2          20   4.8716309549194298E-011
           2          21  -2.9029245090065437E-012
           2          22  -6.3324615856142133E-004
           2          23  -2.7317796453432487E-009
           2          24  -6.3324008623881901E-004
           2          25   9.2454342786557877E-009
           2          26  -8.4056361541980259E-009
           2          27  -6.3324307981046533E-004
           2          28   5.7658206946001218E-003
           2          29  -1.9637234772460333E-008
           2          30   5.7658657206685025E-003
           2          31   6.8420457013690848E-008
           2          32  -6.1671786203390732E-008
           2          33   5.7658431972419794E-003
           2          34  -4.4289834625292910E-003
           2          35  -1.4438830956738623E-009
           2          36  -4.4289804471080146E-003
           2          37   4.6010695025850221E-009
           2          38  -4.2513722574630301E-009
           2          39  -4.4289818784040494E-003
           2          40  -5.3940438840583579E-011
           2          41   1.9589888701235893E-011
           2          42  -2.5384680149650516E-011
           2          43   4.4558094711829278E-011
           2          44  -2.9281177564717445E-012
           2          45   1.0239857786872070E-012
           2          46  -1.9721924311727159E-012
           2          47  -2.5209954230289753E-011
           2          48   1.9416451797461932E-011
           2          49  -4.3080039213501686E-012
           3           1  -5.4338066528435516E-004
           3           2   5.6636039636377851E-004
           3           3   1.9822241775975948     
           3           4  -1.7465762718681110E-004
           3           5 -0.17246377919355882     
           3           6   2.6849121740845326E-004
           3           7   7.3796632964943705E-009
           3           8  -2.3939379658013466E-009
           3           9  -8.6476317939167889E-009
           3          10   5.6041570170155032E-010
           3          11  -1.4847376386748426E-009
           3          12  -2.8092805791280114E-010
           3          13  -1.4402485401509362E-010
           3          14   5.3276683491901506E-010
           3          15  -1.5750523897650229E-010
           3          16  -1.8350220085948596E-010
           3          17   6.2121774908493668E-010
           3          18  -2.0917713137982663E-010
           3          19   1.0014418915952598E-010
           3          20  -3.4429858151221109E-010
           3          21   1.1763967455520280E-010
           3          22   1.7951956941514519E-003
           3          23   2.5407909483903569E-008
           3          24   1.7951345523523135E-003
           3          25  -9.2841540218867494E-008
           3          26   8.2583379184885075E-008
           3          27   1.7951660012764229E-003
           3          28   5.5720087534136438E-004
           3          29  -1.5779327757120055E-007
           3          30   5.5756811719533204E-004
           3          31   5.5795839925843649E-007
           3          32  -5.0093045531749482E-007
           3          33   5.5738276138420561E-004
           3          34   9.3332199398029995E-004
           3          35  -2.5857418724866390E-009
           3          36   9.3332379838536195E-004
           3          37   2.9237842802862637E-009
           3          38  -4.1076413573356396E-009
           3          39   9.3332404311828078E-004
           3          40   1.0958854109616763E-010
           3          41  -1.4504963482199317E-010
           3          42   4.5657220344298813E-011
           3          43  -3.2374137847175477E-010
           3          44   3.7549072203883196E-011
           3          45   2.7867459453780149E-012
           3          46   4.2614518860189409E-011
           3          47   4.6129826952808645E-011
           3          48  -1.4541051271590396E-010
           3          49   8.7619937989690751E-011
           4           1   1.0432170572214686E-002
           4           2  -1.8052014240079364E-002
           4           3  -1.7465762718681110E-004
           4           4  0.11646435143580694     
           4           5  0.35308523489580856     
           4           6  -1.5653216777534167E-002
           4           7  -5.1265469470795699E-009
           4           8   1.0784571941524187E-008
           4           9  -1.6120520562990148E-008
           4          10  -5.2622489077894692E-010
           4          11   1.1523500531999363E-009
           4          12  -7.9328787274837147E-011
           4          13  -3.0762163270340396E-011
           4          14  -2.7789886009098276E-011
           4          15   6.7905658407731181E-011
           4          16  -1.7809552168361771E-012
           4          17  -1.1180654884501987E-010
           4          18   1.0720991920197863E-010
           4          19   1.5668122399173102E-011
           4          20   2.8768371084492181E-011
           4          21  -5.6602548005595606E-011
           4          22   1.2742291708916130E-002
           4          23   7.4491842544069788E-008
           4          24   1.2742125975572397E-002
           4          25  -2.5213952456819743E-007
           4          26   2.2901597085619929E-007
           4          27   1.2742207553864774E-002
           4          28  -2.4265482651082599E-002
           4          29   3.1365475000098471E-007
           4          30  -2.4266204489222919E-002
           4          31  -1.0969063219139460E-006
           4          32   9.8803293668155802E-007
           4          33  -2.4265842606450858E-002
           4          34   3.8017207675149572E-002
           4          35   3.6197947790611637E-008
           4          36   3.8017130749854092E-002
           4          37  -1.1722860951213431E-007
           4          38   1.0771417602888301E-007
           4          39   3.8017167628554997E-002
           4          40  -3.7811558997160013E-012
           4          41   8.4466257609737814E-012
           4          42   5.6417123996569284E-013
           4          43   1.5839424620376820E-011
           4          44  -4.0489747569853167E-012
           4          45  -1.0485666879558892E-012
           4          46  -6.3217802122765468E-012
           4          47  -1.0616383291884781E-013
           4          48   7.1142054903823836E-012
           4          49  -1.2173011134600012E-011
           5           1  -1.0405635825613159E-002
           5           2  -1.3998187551510386E-002
           5           3 -0.17246377919355882     
           5           4  0.35308523489580856     
           5           5   1.0870824566351307     
           5           6  -4.7582311003332434E-002
           5           7   1.7482939433010871E-009
           5           8   1.7500245928710819E-008
           5           9  -4.5772186457233753E-008
           5          10  -3.6806783914720424E-011
           5          11  -1.2009873641004620E-010
           5          12  -7.6491441674823466E-010
           5          13  -7.9815219270454302E-011
           5          14  -1.3133033657396208E-010
           5          15   2.1984959698006597E-010
           5          16   8.6969078865352008E-012
           5          17  -4.0119318083933152E-010
           5          18   3.3991668151585303E-010
           5          19   4.0068772894712399E-011
           5          20   1.2216507484104681E-010
           5          21  -1.7971067322456758E-010
           5          22   3.8530366221814320E-002
           5          23   2.2396504987695147E-007
           5          24   3.8529868332730186E-002
           5          25  -7.5748207414782751E-007
           5          26   6.8816497760207096E-007
           5          27   3.8530113289284823E-002
           5          28  -7.3519178298082355E-002
           5          29   9.6582837643603112E-007
           5          30  -7.3521401393319363E-002
           5          31  -3.3782099560589478E-006
           5          32   3.0427620810864845E-006
           5          33  -7.3520286768741838E-002
           5          34  0.11523665664793356     
           5          35   1.1012469427458036E-007
           5          36  0.11523642293786870     
           5          37  -3.5617228271513976E-007
           5          38   3.2738765327582043E-007
           5          39  0.11523653488466423     
           5          40  -2.0596933775307482E-011
           5          41   3.9451637883053534E-011
           5          42  -2.0962252640252519E-012
           5          43   7.8922963394465873E-011
           5          44  -1.5006174225682714E-011
           5          45  -3.4071570394245743E-012
           5          46  -2.2328971678410721E-011
           5          47  -4.1715776618186675E-012
           5          48   3.5434576722108033E-011
           5          49  -4.3304267137794858E-011
           6           1   1.4691715044989815E-003
           6           2   2.4067184956067200E-004
           6           3   2.6849121740845326E-004
           6           4  -1.5653216777534167E-002
           6           5  -4.7582311003332434E-002
           6           6   2.1103998485533719E-003
           6           7   1.9812094664423469E-008
           6           8  -1.5009017438030239E-008
           6           9  -2.5062157626344348E-009
           6          10  -2.1327862191038801E-010
           6          11   2.0350228308145610E-010
           6          12  -2.2122653203306599E-010
           6          13   3.8148255892889106E-012
           6          14   4.0286338183447990E-012
           6          15  -9.1100485213341450E-012
           6          16  -1.2270217194081687E-011
           6          17   2.4635947412126143E-011
           6          18  -1.2678331443739296E-011
           6          19   5.7161444025802328E-012
           6          20  -9.8672898295976516E-012
           6          21   6.5267930495803052E-012
           6          22  -1.7158659875982226E-003
           6          23  -1.0029467513006924E-008
           6          24  -1.7158436740823142E-003
           6          25   3.3946829681840897E-008
           6          26  -3.0833795686968887E-008
           6          27  -1.7158546572059582E-003
           6          28   3.2557715548202455E-003
           6          29  -4.2253894237467846E-008
           6          30   3.2558687977026243E-003
           6          31   1.4777041839031674E-007
           6          32  -1.3310321859782873E-007
           6          33   3.2558200462245055E-003
           6          34  -5.1135691003194161E-003
           6          35  -4.8753709035597186E-009
           6          36  -5.1135587399294170E-003
           6          37   1.5788503577924029E-008
           6          38  -1.4507237807842058E-008
           6          39  -5.1135637066744722E-003
           6          40   4.8563578394116448E-012
           6          41  -2.6254370998584844E-012
           6          42   1.8686777073434114E-012
           6          43  -5.4609186259777688E-012
           6          44   2.6656511264382658E-013
           6          45   1.4079785556907914E-013
           6          46   5.7229986000239339E-013
           6          47   1.9588168176068411E-012
           6          48  -2.4455814605614233E-012
           6          49   1.0143946177163782E-012
           7           1   7.2428000944290812E-011
           7           2  -2.9470750913299087E-009
           7           3   7.3796632964943705E-009
           7           4  -5.1265469470795699E-009
           7           5   1.7482939433010871E-009
           7           6   1.9812094664423469E-008
           7           7   1.9999908417409493     
           7           8  -3.4486875900212253E-010
           7           9   2.2659041928068865E-009
           7          10  -1.7388896353585955E-004
           7          11  -4.7265858292322752E-010
           7          12   3.4442655082558427E-008
           7          13  -2.5102462164697630E-005
           7          14  -3.3456094625440610E-009
           7          15  -1.7787028380782730E-008
           7          16  -1.1727013599486724E-003
           7          17   2.2622294848873672E-008
           7          18   3.0257837506200147E-009
           7          19   7.3355498554878145E-004
           7          20  -1.7594416496251390E-008
           7          21  -5.6231625617826963E-009
           7          22  -6.9832447848743462E-010
           7          23   1.2443812707179333E-009
           7          24   6.0815453621513677E-009
           7          25  -2.7821914413527667E-009
           7          26  -5.0173951324049251E-009
           7          27   6.3886887407306738E-009
           7          28  -9.2170419816270295E-010
           7          29  -3.0384606507200120E-009
           7          30  -8.7254508634630586E-009
           7          31   4.2507690495867401E-009
           7          32   5.4250540400348084E-009
           7          33  -8.3546563438654944E-009
           7          34  -3.9967593878376181E-009
           7          35   3.4669089727608548E-009
           7          36  -7.2873592564625790E-009
           7          37  -1.4999688251040616E-009
           7          38  -4.4689910695066036E-009
           7          39  -7.0416082879738323E-009
           7          40   4.0700839772780972E-004
           7          41  -1.3133379090060655E-009
           7          42   1.8201469347925268E-004
           7          43  -6.7044045920240705E-009
           7          44   5.1372548741043186E-009
           7          45   1.5991538295281854E-009
           7          46   4.7552263599562308E-009
           7          47   1.8201994658537893E-004
           7          48  -1.7374633827665937E-009
           7          49   3.2288942555204468E-009
           8           1  -2.8369328887226854E-010
           8           2   3.8451710583544049E-009
           8           3  -2.3939379658013466E-009
           8           4   1.0784571941524187E-008
           8           5   1.7500245928710819E-008
           8           6  -1.5009017438030239E-008
           8           7  -3.4486875900212253E-010
           8           8   1.9999908412403244     
           8           9  -2.2817032438144731E-009
           8          10  -9.0651461102362781E-009
           8          11  -1.7387437652213397E-004
           8          12  -3.3301627592220594E-008
           8          13   9.1179736450859533E-009
           8          14  -2.5101768791901348E-005
           8          15   1.8898496569198710E-008
           8          16  -1.6670618352898240E-008
           8          17  -1.1727376751832514E-003
           8          18  -1.0807601904179059E-008
           8          19   1.3129576807614353E-008
           8          20   7.3358341991500652E-004
           8          21   1.0935687988848642E-008
           8          22  -4.9470745945375798E-009
           8          23   1.1700786858333991E-009
           8          24  -1.2980232013137488E-008
           8          25   3.7412635456999668E-009
           8          26   6.3847851178327384E-009
           8          27  -1.2084404144404229E-008
           8          28  -4.4403566773523233E-009
           8          29   4.5711557999587105E-009
           8          30   5.5662605501107077E-009
           8          31  -7.5005701462994850E-009
           8          32  -5.0905279338133989E-009
           8          33   3.1753704461823833E-009
           8          34   2.2679349127055148E-009
           8          35  -5.2597973640923241E-009
           8          36   2.7368335223660264E-009
           8          37   3.8236578891078389E-009
           8          38   4.9763473036945725E-009
           8          39   5.1448573421643521E-009
           8          40  -4.0225468995445430E-009
           8          41   1.8202000097275602E-004
           8          42   5.8073626463012595E-009
           8          43   4.0701731959424676E-004
           8          44  -5.2372209321389117E-009
           8          45  -2.3068481438219650E-009
           8          46  -3.5921319497055385E-009
           8          47  -5.2849116617637679E-010
           8          48   1.8201841138604729E-004
           8          49  -6.9229885916002339E-010
           9           1   5.4828157024611607E-010
           9           2  -3.5054747468802488E-009
           9           3  -8.6476317939167889E-009
           9           4  -1.6120520562990148E-008
           9           5  -4.5772186457233753E-008
           9           6  -2.5062157626344348E-009
           9           7   2.2659041928068865E-009
           9           8  -2.2817032438144731E-009
           9           9   1.9999908427648754     
           9          10   2.6237567811725878E-008
           9          11  -2.9185594661065928E-008
           9          12  -1.7387362766730082E-004
           9          13  -1.4552164633303787E-008
           9          14   1.4237839947218095E-008
           9          15  -2.5109563441509245E-005
           9          16   8.2826458399443516E-009
           9          17   4.0772997976433727E-009
           9          18  -1.1726975020001969E-003
           9          19  -7.3032743090468933E-009
           9          20  -4.2011893596806922E-009
           9          21   7.3355202686770397E-004
           9          22   1.3243644471654416E-008
           9          23  -5.0347166723834155E-009
           9          24   1.9892786404267649E-008
           9          25  -3.6784381828396814E-009
           9          26  -5.6689755086897770E-009
           9          27   1.6594985655418308E-008
           9          28   1.2770802848920609E-008
           9          29  -5.5084998378760685E-009
           9          30   3.0282528294187035E-009
           9          31   9.9751727887726681E-009
           9          32   1.7659380072636229E-009
           9          33   8.9284977166285691E-009
           9          34   2.2705347511818433E-009
           9          35   6.0671972178352083E-009
           9          36   7.8452351469141396E-009
           9          37  -6.3713450881334394E-009
           9          38  -3.3168350178546422E-009
           9          39   1.2636068404906347E-009
           9          40   7.1853514047057385E-009
           9          41   2.8829887364659312E-010
           9          42  -5.4294741188411345E-009
           9          43  -1.1234190681230623E-008
           9          44   1.8202214706565295E-004
           9          45   2.4807915662528257E-009
           9          46   1.8201812404125350E-004
           9          47  -7.3503480277148929E-011
           9          48   4.9598308384977352E-009
           9          49   4.0700251042865009E-004
          10           1   1.7104536755927697E-011
          10           2   1.7033119536401310E-010
          10           3   5.6041570170155032E-010
          10           4  -5.2622489077894692E-010
          10           5  -3.6806783914720424E-011
          10           6  -2.1327862191038801E-010
          10           7  -1.7388896353585955E-004
          10           8  -9.0651461102362781E-009
          10           9   2.6237567811725878E-008
          10          10   2.0032408943525537     
          10          11  -1.1773651725781286E-007
          10          12   4.0625562713889467E-007
          10          13  -5.7822618955121297E-006
          10          14   1.0533941010975228E-007
          10          15  -3.6197142074324449E-007
          10          16   8.2637432174203322E-003
          10          17   7.5512130281098064E-008
          10          18  -2.5848389086886432E-007
          10          19  -5.2261789728548754E-003
          10          20  -4.0651272643297693E-008
          10          21   1.3886927295539978E-007
          10          22   5.1532099823509389E-010
          10          23   3.0355396704839164E-010
          10          24   3.7833379118975084E-010
          10          25  -9.1870388925912431E-011
          10          26   9.4437214266164924E-012
          10          27   3.0379570926663164E-010
          10          28  -6.5370781125153665E-010
          10          29  -5.1450394122411409E-010
          10          30  -1.8801844097655011E-010
          10          31   1.9417708646527421E-010
          10          32   6.3156927877513721E-011
          10          33  -1.2482672311301451E-010
          10          34   3.9486817941541395E-010
          10          35   1.5435486840389682E-010
          10          36   2.1094728593348013E-010
          10          37  -6.9401257492318161E-011
          10          38  -6.7425182820538990E-011
          10          39   1.7308888270326418E-010
          10          40  -2.7320450120102632E-003
          10          41   2.0916769189675939E-008
          10          42  -1.2218588608011540E-003
          10          43  -4.2536723812616523E-008
          10          44  -7.0770006720454951E-008
          10          45   7.0599293060847128E-008
          10          46   6.4549972823690979E-008
          10          47  -1.2218332274830043E-003
          10          48  -1.9452393807851470E-008
          10          49   1.4377928744314968E-007
          11           1  -3.6624143526953386E-011
          11           2  -4.3728719751996827E-010
          11           3  -1.4847376386748426E-009
          11           4   1.1523500531999363E-009
          11           5  -1.2009873641004620E-010
          11           6   2.0350228308145610E-010
          11           7  -4.7265858292322752E-010
          11           8  -1.7387437652213397E-004
          11           9  -2.9185594661065928E-008
          11          10  -1.1773651725781286E-007
          11          11   2.0032412026505240     
          11          12  -3.6719043511320911E-007
          11          13   1.0540320384352830E-007
          11          14  -6.0569044391378937E-006
          11          15   3.2760054376821484E-007
          11          16   7.5605159801320527E-008
          11          17   8.2635468103279142E-003
          11          18   2.3422523111663089E-007
          11          19  -4.0777596994773426E-008
          11          20  -5.2260734200121912E-003
          11          21  -1.2595999554480712E-007
          11          22  -1.0074681721905419E-009
          11          23   1.4294627323044758E-010
          11          24  -4.2771812348714096E-010
          11          25  -8.8620660972365861E-012
          11          26  -3.0777324917352287E-010
          11          27  -8.5821320329631284E-010
          11          28   1.2070840639513047E-009
          11          29  -3.3844167816292157E-010
          11          30   2.5539146187117041E-010
          11          31  -3.1060687128483363E-013
          11          32   5.9268994815373073E-010
          11          33   1.0316239131787664E-009
          11          34  -5.9233878469551307E-010
          11          35   1.3181507354090432E-010
          11          36  -2.5438245708454501E-010
          11          37   1.3322614661246103E-011
          11          38  -1.8635239013193596E-010
          11          39  -4.8457623124735730E-010
          11          40  -4.2441243249680071E-008
          11          41  -1.2217589328854675E-003
          11          42   2.0714284729498769E-008
          11          43  -2.7320503248591463E-003
          11          44  -5.8501137341894363E-008
          11          45  -7.7559049670889910E-008
          11          46   6.3777683725778558E-008
          11          47  -1.9485168728853871E-008
          11          48  -1.2217844720729804E-003
          11          49  -1.3065401454976263E-007
          12           1  -3.7042360627439800E-012
          12           2  -7.6089925627695999E-011
          12           3  -2.8092805791280114E-010
          12           4  -7.9328787274837147E-011
          12           5  -7.6491441674823466E-010
          12           6  -2.2122653203306599E-010
          12           7   3.4442655082558427E-008
          12           8  -3.3301627592220594E-008
          12           9  -1.7387362766730082E-004
          12          10   4.0625562713889467E-007
          12          11  -3.6719043511320911E-007
          12          12   2.0032410490847652     
          12          13  -3.6184640239374755E-007
          12          14   3.2750712098998271E-007
          12          15  -5.9203656213410161E-006
          12          16  -2.5855968946894215E-007
          12          17   2.3452896666538449E-007
          12          18   8.2636443833455711E-003
          12          19   1.3894176628999544E-007
          12          20  -1.2622198629805954E-007
          12          21  -5.2261257476904658E-003
          12          22   1.8446426598409918E-010
          12          23  -5.7856309615935260E-012
          12          24   2.9612220566895270E-010
          12          25   1.5310989276196119E-010
          12          26   2.2269272916608070E-010
          12          27  -1.0798799491391368E-010
          12          28   8.1359125222088013E-011
          12          29   3.3632866923419068E-011
          12          30  -4.8865985234476918E-011
          12          31  -3.3408860369747630E-010
          12          32  -4.0290866331655506E-010
          12          33   7.4758310898171721E-010
          12          34   1.6485785708471445E-010
          12          35  -1.8800786785391971E-012
          12          36   1.7027422067735592E-010
          12          37   1.1608997354893470E-010
          12          38   1.4900867853485784E-010
          12          39  -6.8885536306692582E-011
          12          40   1.4354191320780776E-007
          12          41  -5.8505859577242868E-008
          12          42   6.4538395344344326E-008
          12          43  -1.3090629333577895E-007
          12          44  -1.2217825259681183E-003
          12          45   2.2447367137448616E-008
          12          46  -1.2218337464826711E-003
          12          47  -7.0472562385100563E-008
          12          48   6.3994132462237565E-008
          12          49  -2.7320479560429970E-003
          13           1   1.6171598131941843E-012
          13           2   6.7287347263493687E-011
          13           3  -1.4402485401509362E-010
          13           4  -3.0762163270340396E-011
          13           5  -7.9815219270454302E-011
          13           6   3.8148255892889106E-012
          13           7  -2.5102462164697630E-005
          13           8   9.1179736450859533E-009
          13           9  -1.4552164633303787E-008
          13          10  -5.7822618955121297E-006
          13          11   1.0540320384352830E-007
          13          12  -3.6184640239374755E-007
          13          13   3.7946552198474459E-010
          13          14  -3.5788110165748778E-011
          13          15  -1.8218041169634526E-012
          13          16  -9.1097897584619321E-009
          13          17   4.0472469050536127E-010
          13          18  -1.4864041955514763E-009
          13          19   5.8672610912319932E-009
          13          20  -2.5928962618127608E-010
          13          21   9.3980330092085284E-010
          13          22  -3.4604065665642140E-012
          13          23  -1.7547256149875333E-014
          13          24  -3.5478344114128504E-012
          13          25   3.5553147638472322E-014
          13          26   6.3994122115045900E-014
          13          27  -3.5462565950035415E-012
          13          28   6.4377359131409055E-012
          13          29   2.4985820287544547E-014
          13          30   6.5800981833078975E-012
          13          31   7.2170734622941871E-015
          13          32  -1.2585923211841783E-013
          13          33   6.5443423186900265E-012
          13          34  -1.0044144010871909E-011
          13          35  -4.4572810817363591E-014
          13          36  -1.0006333710824349E-011
          13          37   1.6416152180159936E-014
          13          38   6.0016111315210660E-014
          13          39  -1.0003972176842413E-011
          13          40   2.7726508468616881E-009
          13          41  -5.8798596672431079E-011
          13          42   1.2396008324444195E-009
          13          43  -1.3608912130921526E-010
          13          44   2.1424458976877019E-010
          13          45  -1.6018281116272265E-012
          13          46   2.2399006254899390E-010
          13          47   1.2492004399354597E-009
          13          48  -6.9289578910832641E-011
          13          49   4.9093596867737625E-010
          14           1  -5.9987158404568824E-012
          14           2  -5.1867699717956228E-011
          14           3   5.3276683491901506E-010
          14           4  -2.7789886009098276E-011
          14           5  -1.3133033657396208E-010
          14           6   4.0286338183447990E-012
          14           7  -3.3456094625440610E-009
          14           8  -2.5101768791901348E-005
          14           9   1.4237839947218095E-008
          14          10   1.0533941010975228E-007
          14          11  -6.0569044391378937E-006
          14          12   3.2750712098998271E-007
          14          13  -3.5788110165748778E-011
          14          14   3.7407032843734473E-010
          14          15  -2.7085405212676876E-011
          14          16   4.1225872211744264E-010
          14          17  -1.0246910272792506E-008
          14          18   1.3250206303998837E-009
          14          19  -2.6407747494240073E-010
          14          20   6.5857253426644576E-009
          14          21  -8.4048615248304552E-010
          14          22  -2.5062524267179688E-012
          14          23  -1.6165290163988065E-014
          14          24  -2.4061867730302887E-012
          14          25  -4.8965162136643089E-014
          14          26  -7.9446427462148290E-014
          14          27  -2.4213431460012228E-012
          14          28   5.9235491158770428E-012
          14          29  -3.2400952570121210E-014
          14          30   5.7479744760726682E-012
          14          31   1.9963546106653455E-014
          14          32   1.3266264136551496E-013
          14          33   5.8121050209746660E-012
          14          34  -8.8255092221099295E-012
          14          35   6.4498832610323998E-014
          14          36  -8.8293719441700451E-012
          14          37  -4.5777929939573269E-014
          14          38  -6.5602730243707640E-014
          14          39  -8.8644566452612968E-012
          14          40  -1.3611399450061077E-010
          14          41   1.4074158428474646E-009
          14          42  -6.3279666750323657E-011
          14          43   3.1485871909705851E-009
          14          44  -1.9725436632305329E-010
          14          45   5.4464023728831701E-012
          14          46  -2.0152945010166593E-010
          14          47  -7.0398961996729527E-011
          14          48   1.4154980653807937E-009
          14          49  -4.3858277818326356E-010
          15           1   4.6646111864728676E-012
          15           2   4.9050123508284800E-012
          15           3  -1.5750523897650229E-010
          15           4   6.7905658407731181E-011
          15           5   2.1984959698006597E-010
          15           6  -9.1100485213341450E-012
          15           7  -1.7787028380782730E-008
          15           8   1.8898496569198710E-008
          15           9  -2.5109563441509245E-005
          15          10  -3.6197142074324449E-007
          15          11   3.2760054376821484E-007
          15          12  -5.9203656213410161E-006
          15          13  -1.8218041169634526E-012
          15          14  -2.7085405212676876E-011
          15          15   4.0334342855408581E-010
          15          16  -1.4850910287528136E-009
          15          17   1.3224806036637198E-009
          15          18  -9.6592783809430459E-009
          15          19   9.3896528446186866E-010
          15          20  -8.3882566803101859E-010
          15          21   6.2169954512674083E-009
          15          22   7.1112240813704297E-012
          15          23   6.8821058345383754E-014
          15          24   7.0213290152520038E-012
          15          25   4.5292162703893326E-014
          15          26   7.1589553984136492E-014
          15          27   7.0708592348560666E-012
          15          28  -1.4283879073176588E-011
          15          29   6.8905810493444452E-014
          15          30  -1.4174715775822312E-011
          15          31  -1.6085056765465872E-013
          15          32   1.2354116240794086E-014
          15          33  -1.4253637039923420E-011
          15          34   2.2007920221217989E-011
          15          35  -7.3320460785950907E-014
          15          36   2.1935998385460260E-011
          15          37   8.1335558044738967E-014
          15          38   3.9853761678652468E-014
          15          39   2.2023841266572032E-011
          15          40   4.8615991288744652E-010
          15          41  -1.9695718581952204E-010
          15          42   2.2390123246353858E-010
          15          43  -4.4138750556993966E-010
          15          44   1.3306182317630582E-009
          15          45  -1.0444739427886167E-011
          15          46   1.3290652074525962E-009
          15          47   2.1977906888009344E-010
          15          48  -1.9622498542587988E-010
          15          49   2.9535847442139265E-009
          16           1   1.9696816257697492E-012
          16           2   1.0580897852929135E-010
          16           3  -1.8350220085948596E-010
          16           4  -1.7809552168361771E-012
          16           5   8.6969078865352008E-012
          16           6  -1.2270217194081687E-011
          16           7  -1.1727013599486724E-003
          16           8  -1.6670618352898240E-008
          16           9   8.2826458399443516E-009
          16          10   8.2637432174203322E-003
          16          11   7.5605159801320527E-008
          16          12  -2.5855968946894215E-007
          16          13  -9.1097897584619321E-009
          16          14   4.1225872211744264E-010
          16          15  -1.4850910287528136E-009
          16          16   3.4776284930801887E-005
          16          17   6.0514907728185076E-010
          16          18  -2.1483279162918457E-009
          16          19  -2.1988570114234068E-005
          16          20  -3.5369899294598181E-010
          16          21   1.2590238840301658E-009
          16          22   2.1421215639837050E-012
          16          23   5.1591653883786297E-013
          16          24  -2.3832902668956489E-012
          16          25   1.2732352088671068E-012
          16          26   2.9599681115536558E-012
          16          27  -2.8742278855405597E-012
          16          28  -1.6719601990783073E-012
          16          29  -4.4136653452896170E-013
          16          30   5.0536601645631538E-012
          16          31  -1.3428166732203268E-012
          16          32  -3.2342495225949716E-012
          16          33   4.9766607091356217E-012
          16          34   3.1015517246570731E-012
          16          35  -1.3941465304490409E-012
          16          36   4.2660555009466076E-012
          16          37   5.8741863455799488E-013
          16          38   2.3461427843508308E-012
          16          39   3.9706265790213103E-012
          16          40  -1.1508567548425295E-005
          16          41   4.2378145647462721E-011
          16          42  -5.1469965002936431E-006
          16          43  -2.7483261765459395E-010
          16          44  -1.3912695252397018E-010
          16          45   2.8934341821570451E-010
          16          46   4.2630197037087465E-010
          16          47  -5.1468871155793762E-006
          16          48  -1.3122611974886172E-010
          16          49   9.4836112235028094E-010
