           1           1   2.1710803374312047     
           1           2 -0.60351588230368614     
           1           3  -3.3384684007841392E-002
           1           4  0.11099658442173438     
           1           5   6.6936579555428033E-002
           1           6  -2.7118715435976594E-010
           1           7   1.7242642597566604E-010
           1           8  -3.0573333540026893E-010
           1           9   3.0597026272605472E-010
           1          10  -1.8409168663856535E-010
           1          11   3.1807840274137401E-010
           1          12   5.5241726283465597E-010
           1          13  -2.5892502677701104E-010
           1          14   6.8218896154337160E-010
           1          15   4.7641625505100795E-010
           1          16   4.1940799164533528E-012
           1          17   4.8730027334152195E-010
           1          18  -2.2257942697683649E-004
           1          19  -1.1462030011149239E-005
           1          20  -1.4694296909134206E-006
           1          21   2.9068224887671547E-004
           1          22   1.3023563090150557E-005
           1          23  -2.8705846039108103E-004
           1          24  -8.4855853271853326E-004
           1          25  -1.7378436915678477E-005
           1          26  -5.1331665154154195E-004
           1          27   4.4072566190343689E-004
           1          28   1.9745996513301396E-005
           1          29  -9.4632000869547040E-004
           1          30  -2.3182815594275982E-011
           1          31  -2.3312986370767602E-011
           1          32  -3.8081310514390186E-011
           1          33  -1.6860474105543879E-010
           1          34  -2.1466870103910093E-011
           1          35  -2.8317672405125563E-011
           1          36   9.8305930349399553E-012
           1          37  -2.0458830810897113E-011
           1          38  -4.6680201907648711E-011
           1          39   5.9223534241789680E-012
           2           1 -0.60351588230368614     
           2           2   2.1353908294850674     
           2           3  0.10687093577494190     
           2           4 -0.43397339877729069     
           2           5 -0.26287958420019547     
           2           6   2.2857011813894678E-009
           2           7   3.1894507288477768E-009
           2           8   2.3877376172738919E-009
           2           9  -2.1858253990304044E-009
           2          10  -2.9746805711133038E-009
           2          11  -2.2815348504885262E-009
           2          12  -4.2816516100190263E-009
           2          13  -6.7384800755148919E-009
           2          14  -4.8863836797751021E-009
           2          15  -3.1727776604890922E-009
           2          16  -4.9870753420614950E-009
           2          17  -3.2556316556000611E-009
           2          18   1.0993086514270813E-003
           2          19   4.6206124839440622E-005
           2          20   2.0796290771222256E-004
           2          21  -1.1718076023389179E-003
           2          22  -5.2501031158137367E-005
           2          23   1.3592386340087830E-003
           2          24   2.7285634498012477E-003
           2          25   7.9726813658636360E-005
           2          26   1.1905773856782844E-003
           2          27  -2.0219128898304852E-003
           2          28  -9.0588422325884503E-005
           2          29   3.1770627140106137E-003
           2          30  -1.5474623748709037E-011
           2          31  -6.1636249978086952E-012
           2          32   1.5138654031531626E-010
           2          33   6.4662668222219059E-010
           2          34   1.7488483285841492E-010
           2          35   2.2043797075489575E-010
           2          36  -1.5656865557751473E-011
           2          37   1.3474535461840764E-010
           2          38   7.4490386859283281E-011
           2          39  -1.3791587963721735E-010
           3           1  -3.3384684007841392E-002
           3           2  0.10687093577494190     
           3           3   2.6539149576366824E-002
           3           4   9.5983256282494211E-002
           3           5   6.1407096862028596E-002
           3           6  -1.6866733001110506E-008
           3           7  -8.8108297731841386E-009
           3           8  -1.5164068434867229E-008
           3           9   1.6861385733977744E-008
           3          10   8.5635321951292524E-009
           3          11   1.5259379254244403E-008
           3          12   3.4922150351246863E-008
           3          13   1.8018277184460828E-008
           3          14   3.1683643467927943E-008
           3          15   2.2879761204286510E-008
           3          16   1.1748350410905360E-008
           3          17   2.0656691112537203E-008
           3          18   1.2129648287517640E-003
           3          19   6.0615083558160691E-006
           3          20   1.0960304371758591E-003
           3          21  -1.5372749888892235E-004
           3          22  -6.8872814513018028E-006
           3          23   1.2470642529104929E-003
           3          24   1.3459214594236553E-003
           3          25  -2.7243897155989049E-005
           3          26   1.8714765316264325E-003
           3          27   6.9092076021346838E-004
           3          28   3.0955470806253484E-005
           3          29   1.1926619818208597E-003
           3          30   2.2117883339100155E-010
           3          31   1.3118080938626990E-010
           3          32   6.4467478610460251E-011
           3          33  -1.0938846753624592E-010
           3          34   2.3979990822303800E-011
           3          35  -1.9156399568520434E-010
           3          36   6.3763107023168371E-011
           3          37   4.6677312596042038E-011
           3          38   1.3906961100624739E-010
           3          39   2.1398334230403072E-010
           4           1  0.11099658442173438     
           4           2 -0.43397339877729069     
           4           3   9.5983256282494211E-002
           4           4  0.74201586339544945     
           4           5  0.46748139845871495     
           4           6  -7.0283824169084035E-010
           4           7   1.8800088174007356E-008
           4           8  -4.8803321586187378E-010
           4           9   1.5479272354320532E-009
           4          10  -1.9008990018537493E-008
           4          11   1.1547262714714653E-009
           4          12   2.3593086525750147E-009
           4          13  -3.9171585718037722E-008
           4          14   2.2744029932974883E-009
           4          15   3.0783684150181377E-009
           4          16  -2.2493610955624881E-008
           4          17   2.2788511823757596E-009
           4          18   6.2394267266141458E-003
           4          19   1.5203900341599814E-005
           4          20   5.9461108167356480E-003
           4          21  -3.8560602407144984E-004
           4          22  -1.7275102741120488E-005
           4          23   6.3249596598917348E-003
           4          24   6.2161247992764176E-003
           4          25  -1.8431516188462907E-004
           4          26   9.7716995955988567E-003
           4          27   4.6743350649592844E-003
           4          28   2.0942536045594087E-004
           4          29   5.1792674982097976E-003
           4          30  -2.2129262222932646E-010
           4          31  -3.3997470765100895E-010
           4          32  -1.3328908729097886E-010
           4          33  -2.8028561834188581E-010
           4          34   2.3778849358458885E-010
           4          35   5.7297382163487357E-010
           4          36   2.4572873548113740E-010
           4          37   2.6218948535499271E-010
           4          38  -6.5161967653359696E-010
           4          39  -3.4793049193734557E-010
           5           1   6.6936579555428033E-002
           5           2 -0.26287958420019547     
           5           3   6.1407096862028596E-002
           5           4  0.46748139845871495     
           5           5  0.29587898798714118     
           5           6   5.6517303860704453E-008
           5           7   2.6042278261804479E-008
           5           8   5.0321200542030096E-008
           5           9  -5.7218456191287293E-008
           5          10  -2.6447071169600962E-008
           5          11  -5.1029176044838341E-008
           5          12  -1.1884009056676885E-007
           5          13  -5.4763288943872740E-008
           5          14  -1.0555994143382228E-007
           5          15  -7.7025661658737184E-008
           5          16  -3.3431288935891973E-008
           5          17  -6.8791898375242238E-008
           5          18   3.7011066484897719E-003
           5          19  -2.5774625277830870E-005
           5          20   4.1983073554782467E-003
           5          21   6.5364491230016607E-004
           5          22   2.9286074404925855E-005
           5          23   3.5561147251096485E-003
           5          24   3.4522381042207846E-003
           5          25  -1.6821108970446497E-004
           5          26   6.6971566458814066E-003
           5          27   4.2659304395790063E-003
           5          28   1.9112731739424687E-004
           5          29   2.5059730633005435E-003
           5          30  -4.6067743809642753E-010
           5          31  -3.2559267313080832E-010
           5          32  -5.1936973896586088E-010
           5          33  -2.2505264946474810E-010
           5          34  -6.0677442237258313E-010
           5          35   5.2237499585011745E-010
           5          36  -1.9476274309870358E-010
           5          37  -4.3442343410533027E-010
           5          38  -6.1855720865094727E-010
           5          39  -3.6089173327273904E-010
           6           1  -2.7118715435976594E-010
           6           2   2.2857011813894678E-009
           6           3  -1.6866733001110506E-008
           6           4  -7.0283824169084035E-010
           6           5   5.6517303860704453E-008
           6           6   2.0007730671565183     
           6           7  -1.3797386431473480E-003
           6           8   3.4991281271032668E-002
           6           9   9.8278285401447174E-004
           6          10   1.3938954899928692E-003
           6          11  -3.5350159382450376E-002
           6          12 -0.21657954985437949     
           6          13   2.6844052470116246E-003
           6          14  -6.8078547248233728E-002
           6          15 -0.13852253741542972     
           6          16   1.9821192860486597E-003
           6          17  -5.0268002118504226E-002
           6          18  -3.2946517216775696E-009
           6          19   4.8920330080739998E-009
           6          20  -3.1495521461853764E-009
           6          21   1.9936531360051122E-009
           6          22  -9.7715957950636193E-011
           6          23  -4.4127794301895020E-009
           6          24  -2.2167497109898772E-008
           6          25   5.0229788850391877E-010
           6          26  -1.5978184108982454E-008
           6          27   4.5847552416770046E-009
           6          28   1.2707933573338534E-009
           6          29  -1.6355419747538923E-008
           6          30  -1.3330162697907995E-002
           6          31  -1.7923602344982223E-004
           6          32  -4.0575329540009173E-003
           6          33   4.6585979616481821E-006
           6          34   4.5455607142672544E-003
           6          35   1.3926302215754141E-004
           6          36  -5.1797077982809899E-005
           6          37  -7.1113514846534703E-003
           6          38  -3.7844869853560362E-005
           6          39   6.3582148827957949E-004
           7           1   1.7242642597566604E-010
           7           2   3.1894507288477768E-009
           7           3  -8.8108297731841386E-009
           7           4   1.8800088174007356E-008
           7           5   2.6042278261804479E-008
           7           6  -1.3797386431473480E-003
           7           7   2.0315070933796018     
           7           8   1.5677028537653421E-003
           7           9   1.3938967379178891E-003
           7          10  -3.0066442612923058E-002
           7          11  -1.5837930934183846E-003
           7          12   2.6843945667049808E-003
           7          13 -0.27637528964559122     
           7          14  -3.0500849843771247E-003
           7          15   1.9821261351887940E-003
           7          16 -0.18267459774322600     
           7          17  -2.2521660957401492E-003
           7          18  -6.0070413280071787E-009
           7          19   2.9430164706838759E-009
           7          20  -1.0016205993774845E-008
           7          21   1.3666980005215072E-009
           7          22   4.2163731549825698E-010
           7          23  -7.6248733096254555E-009
           7          24  -1.0322167384128636E-008
           7          25  -5.2724618460969201E-009
           7          26  -1.2505255767816669E-008
           7          27  -1.4265884462418611E-009
           7          28   1.3460201290124355E-009
           7          29  -1.3087357394586121E-008
           7          30  -1.8353529515236148E-005
           7          31  -5.7794589995688629E-003
           7          32  -1.4834973660205166E-004
           7          33  -9.1746266018764185E-003
           7          34   3.2764251727364004E-005
           7          35   2.2039311526756531E-003
           7          36   1.6855936263333491E-004
           7          37  -3.7843978075753767E-005
           7          38  -6.2683325667830534E-003
           7          39   2.8478404884220451E-005
           8           1  -3.0573333540026893E-010
           8           2   2.3877376172738919E-009
           8           3  -1.5164068434867229E-008
           8           4  -4.8803321586187378E-010
           8           5   5.0321200542030096E-008
           8           6   3.4991281271032668E-002
           8           7   1.5677028537653421E-003
           8           8   1.9918106274896668     
           8           9  -3.5350164990815870E-002
           8          10  -1.5837870203765092E-003
           8          11   1.0037161683659342E-002
           8          12  -6.8078528899894353E-002
           8          13  -3.0501144320714529E-003
           8          14 -0.19914235611421657     
           8          15  -5.0267995911335565E-002
           8          16  -2.2521466475402983E-003
           8          17 -0.12564721296084894     
           8          18  -3.0348829556068762E-009
           8          19   4.6340559499832984E-009
           8          20  -3.2445546485786168E-009
           8          21   1.6939968232581441E-009
           8          22  -3.4481369940293722E-010
           8          23  -4.3193372365585331E-009
           8          24  -1.9930883783881536E-008
           8          25   1.6196511935066589E-010
           8          26  -1.4583458204177142E-008
           8          27   3.9778254627804524E-009
           8          28   1.2354128624169749E-009
           8          29  -1.4916775312758083E-008
           8          30   4.6557631714189531E-004
           8          31   3.2769906599935123E-005
           8          32  -5.1798043341000420E-005
           8          33  -5.2948278589541391E-006
           8          34  -6.6092080906687322E-003
           8          35  -1.3296012467358862E-004
           8          36  -4.0442646665797503E-003
           8          37   4.7739475154002569E-003
           8          38   2.1388867413921117E-004
           8          39  -1.4735075108069188E-002
           9           1   3.0597026272605472E-010
           9           2  -2.1858253990304044E-009
           9           3   1.6861385733977744E-008
           9           4   1.5479272354320532E-009
           9           5  -5.7218456191287293E-008
           9           6   9.8278285401447174E-004
           9           7   1.3938967379178891E-003
           9           8  -3.5350164990815870E-002
           9           9  0.11527288217920731     
           9          10  -1.3274148792950906E-003
           9          11   3.3664127401734391E-002
           9          12  0.23250833455397896     
           9          13  -2.5858989294384842E-003
           9          14   6.5580232157831667E-002
           9          15  0.13909848818516116     
           9          16  -2.0535139447384488E-003
           9          17   5.2078556796386392E-002
           9          18   2.9771228217490907E-009
           9          19  -5.2696124302593387E-009
           9          20   3.1110133972406982E-009
           9          21  -2.0524917502997218E-009
           9          22   8.8248463843801337E-011
           9          23   4.2809243801145825E-009
           9          24   2.2473124177441271E-008
           9          25  -3.9501073601699885E-010
           9          26   1.6089293208962505E-008
           9          27  -4.6445144022711463E-009
           9          28  -1.2805237987668247E-009
           9          29   1.6468299149823735E-008
           9          30   7.5181009941122751E-004
           9          31   1.3928763303443692E-004
           9          32  -1.7658472752864053E-003
           9          33  -1.3276836568548516E-004
           9          34  -3.5324442664354796E-003
           9          35  -1.4976254873409262E-004
           9          36   1.5048221947041663E-003
           9          37   1.5182194204084057E-003
           9          38  -2.1173948343975010E-005
           9          39   2.6457359898636817E-003
          10           1  -1.8409168663856535E-010
          10           2  -2.9746805711133038E-009
          10           3   8.5635321951292524E-009
          10           4  -1.9008990018537493E-008
          10           5  -2.6447071169600962E-008
          10           6   1.3938954899928692E-003
          10           7  -3.0066442612923058E-002
          10           8  -1.5837870203765092E-003
          10           9  -1.3274148792950906E-003
          10          10  0.14484119429494419     
          10          11   1.5082528665037315E-003
          10          12  -2.5858845225249848E-003
          10          13  0.29010968948914662     
          10          14   2.9381515905625632E-003
          10          15  -2.0535191688174424E-003
          10          16  0.18484079871105502     
          10          17   2.3332836963539938E-003
          10          18   6.1879904976176959E-009
          10          19  -3.1072904967740553E-009
          10          20   9.6706342718626295E-009
          10          21  -1.3323186059726915E-009
          10          22  -3.8857654927791548E-010
          10          23   7.8655458585912806E-009
          10          24   1.0455203585126292E-008
          10          25   5.3438965019757546E-009
          10          26   1.2759420739811818E-008
          10          27   1.4132931417280507E-009
          10          28  -1.3218386427611278E-009
          10          29   1.3103284114009708E-008
          10          30  -1.1075182021150779E-004
          10          31   1.4403224584709174E-003
          10          32   1.0973644038098565E-004
          10          33  -9.9308641994975879E-004
          10          34   3.3852687252401215E-005
          10          35  -2.4773821634863236E-003
          10          36  -1.2468556867266197E-004
          10          37  -2.1174852352815956E-005
          10          38   1.9898524861722993E-003
          10          39   1.1854527973472639E-004
          11           1   3.1807840274137401E-010
          11           2  -2.2815348504885262E-009
          11           3   1.5259379254244403E-008
          11           4   1.1547262714714653E-009
          11           5  -5.1029176044838341E-008
          11           6  -3.5350159382450376E-002
          11           7  -1.5837930934183846E-003
          11           8   1.0037161683659342E-002
          11           9   3.3664127401734391E-002
          11          10   1.5082528665037315E-003
          11          11  0.10665034895428480     
          11          12   6.5580203120881767E-002
          11          13   2.9381931450253073E-003
          11          14  0.21571103221636828     
          11          15   5.2078542453894254E-002
          11          16   2.3332721493349506E-003
          11          17  0.12575941149234010     
          11          18   2.8555340532058216E-009
          11          19  -4.7419242501550279E-009
          11          20   3.1284431058665690E-009
          11          21  -1.8504914640859972E-009
          11          22   5.9263561581078397E-011
          11          23   4.0793449131336334E-009
          11          24   2.0148484393095085E-008
          11          25  -1.3654918585196077E-010
          11          26   1.4679102063277591E-008
          11          27  -4.0076840351348237E-009
          11          28  -1.1560290501849155E-009
          11          29   1.5032571955956833E-008
          11          30   2.8086216969181459E-003
          11          31   3.3847243504781548E-005
          11          32   1.5048229260459329E-003
          11          33   1.5085833876223107E-004
          11          34   5.8324991925248759E-004
          11          35   1.4175113735970539E-004
          11          36  -2.1512848868442676E-003
          11          37  -3.7509576760239010E-003
          11          38  -1.6805519072083611E-004
          11          39   1.4453979392648002E-003
          12           1   5.5241726283465597E-010
          12           2  -4.2816516100190263E-009
          12           3   3.4922150351246863E-008
          12           4   2.3593086525750147E-009
          12           5  -1.1884009056676885E-007
          12           6 -0.21657954985437949     
          12           7   2.6843945667049808E-003
          12           8  -6.8078528899894353E-002
          12           9  0.23250833455397896     
          12          10  -2.5858845225249848E-003
          12          11   6.5580203120881767E-002
          12          12  0.49332490739577445     
          12          13  -4.9777738068557858E-003
          12          14  0.12624085468263252     
          12          15  0.29516379294563933     
          12          16  -4.0571604071884511E-003
          12          17  0.10289301463285215     
          12          18   6.2766410119563650E-009
          12          19  -1.0871015340703613E-008
          12          20   6.4858763758069329E-009
          12          21  -4.2550443990075818E-009
          12          22   2.1383590069047443E-010
          12          23   8.9396919025507359E-009
          12          24   4.6570660094827004E-008
          12          25  -7.8754181994622064E-010
          12          26   3.3423649521751993E-008
          12          27  -9.5455211924201084E-009
          12          28  -2.6783314848347319E-009
          12          29   3.4148298560844732E-008
          12          30   2.8604636167575354E-003
          12          31   3.0874844328559570E-004
          12          32  -3.2674754015903215E-003
          12          33  -2.8093571899348270E-004
          12          34  -7.8300836552891648E-003
          12          35  -3.3616943250797983E-004
          12          36   3.1836452700152854E-003
          12          37   4.1041880442539910E-003
          12          38  -2.4992485390533364E-005
          12          39   5.2242370718430962E-003
          13           1  -2.5892502677701104E-010
          13           2  -6.7384800755148919E-009
          13           3   1.8018277184460828E-008
          13           4  -3.9171585718037722E-008
          13           5  -5.4763288943872740E-008
          13           6   2.6844052470116246E-003
          13           7 -0.27637528964559122     
          13           8  -3.0501144320714529E-003
          13           9  -2.5858989294384842E-003
          13          10  0.29010968948914662     
          13          11   2.9381931450253073E-003
          13          12  -4.9777738068557858E-003
          13          13  0.60420677992114857     
          13          14   5.6558973463988055E-003
          13          15  -4.0571896117465797E-003
          13          16  0.38553825348329340     
          13          17   4.6099400384587187E-003
          13          18   1.2999317204091693E-008
          13          19  -6.5116003926062732E-009
          13          20   2.0459542185718640E-008
          13          21  -2.7606413317447394E-009
          13          22  -7.9921349806746792E-010
          13          23   1.6510024103510442E-008
          13          24   2.1737068712628638E-008
          13          25   1.1312256311760243E-008
          13          26   2.6858134753483066E-008
          13          27   3.0788824622969939E-009
          13          28  -2.8731796098373303E-009
          13          29   2.7578498185828564E-008
          13          30  -2.2292816368512495E-004
          13          31   3.5021889792889011E-003
          13          32   2.3089655221638500E-004
          13          33  -1.0536237260126194E-003
          13          34   5.4198991340481830E-005
          13          35  -5.2236026079480538E-003
          13          36  -2.6235120979491947E-004
          13          37  -2.4995577855691778E-005
          13          38   4.6608824857296213E-003
          13          39   2.3407934448992974E-004
          14           1   6.8218896154337160E-010
          14           2  -4.8863836797751021E-009
          14           3   3.1683643467927943E-008
          14           4   2.2744029932974883E-009
          14           5  -1.0555994143382228E-007
          14           6  -6.8078547248233728E-002
          14           7  -3.0500849843771247E-003
          14           8 -0.19914235611421657     
          14           9   6.5580232157831667E-002
          14          10   2.9381515905625632E-003
          14          11  0.21571103221636828     
          14          12  0.12624085468263252     
          14          13   5.6558973463988055E-003
          14          14  0.46099044325268335     
          14          15  0.10289302625882044     
          14          16   4.6098608449912822E-003
          14          17  0.26880945988415827     
          14          18   6.0068894200330653E-009
          14          19  -9.8102966659277259E-009
          14          20   6.5546010494260434E-009
          14          21  -3.8077912165975483E-009
          14          22   1.8223882371366531E-010
          14          23   8.5342656979853776E-009
          14          24   4.1751952078498315E-008
          14          25  -2.3903668643385147E-010
          14          26   3.0527198989734960E-008
          14          27  -8.2027013308426234E-009
          14          28  -2.4278244707363155E-009
          14          29   3.1179185388420921E-008
          14          30   5.6533542331022486E-003
          14          31   5.4187003843073911E-005
          14          32   3.1836473756160881E-003
          14          33   3.1921301586206128E-004
          14          34   2.1300499128079210E-003
          14          35   3.2206564514343966E-004
          14          36  -4.0829177522806069E-003
          14          37  -8.4057621834189716E-003
          14          38  -3.7660649622756694E-004
          14          39   4.4886096459021878E-003
          15           1   4.7641625505100795E-010
          15           2  -3.1727776604890922E-009
          15           3   2.2879761204286510E-008
          15           4   3.0783684150181377E-009
          15           5  -7.7025661658737184E-008
          15           6 -0.13852253741542972     
          15           7   1.9821261351887940E-003
          15           8  -5.0267995911335565E-002
          15           9  0.13909848818516116     
          15          10  -2.0535191688174424E-003
          15          11   5.2078542453894254E-002
          15          12  0.29516379294563933     
          15          13  -4.0571896117465797E-003
          15          14  0.10289302625882044     
          15          15  0.17854374019434038     
          15          16  -3.0418444288311738E-003
          15          17   7.7143196898553243E-002
          15          18   3.9491996933284594E-009
          15          19  -7.1260048541347801E-009
          15          20   4.1662671878823879E-009
          15          21  -2.7663068728269560E-009
          15          22   7.5409696186074880E-011
          15          23   5.7301542002899891E-009
          15          24   3.0382131332800124E-008
          15          25  -6.0544918751003490E-010
          15          26   2.1654433981764700E-008
          15          27  -6.3976173026105060E-009
          15          28  -1.6965041345711255E-009
          15          29   2.2258279840949086E-008
          15          30   2.0006349598550134E-003
          15          31   1.6974319168981805E-004
          15          32  -1.6380941728554254E-003
          15          33  -1.4192921852872461E-004
          15          34  -4.3048254852162335E-003
          15          35  -1.6436279367271957E-004
          15          36   1.6091448014896503E-003
          15          37   1.9661226803319356E-003
          15          38  -4.1129382148821741E-005
          15          39   3.1775239020664045E-003
          16           1   4.1940799164533528E-012
          16           2  -4.9870753420614950E-009
          16           3   1.1748350410905360E-008
          16           4  -2.2493610955624881E-008
          16           5  -3.3431288935891973E-008
          16           6   1.9821192860486597E-003
          16           7 -0.18267459774322600     
          16           8  -2.2521466475402983E-003
          16           9  -2.0535139447384488E-003
          16          10  0.18484079871105502     
          16          11   2.3332721493349506E-003
          16          12  -4.0571604071884511E-003
          16          13  0.38553825348329340     
          16          14   4.6098608449912822E-003
          16          15  -3.0418444288311738E-003
          16          16  0.24630116078903030     
          16          17   3.4562560818949158E-003
          16          18   8.0872807552821844E-009
          16          19  -4.0704379531058283E-009
          16          20   1.2642829053011323E-008
          16          21  -1.7161209247302894E-009
          16          22  -5.3863915621509438E-010
          16          23   1.0274593870975406E-008
          16          24   1.4008120580206651E-008
          16          25   6.8681398190210742E-009
          16          26   1.6721520562810339E-008
          16          27   1.8647480814131363E-009
          16          28  -1.5922632195696927E-009
          16          29   1.7065919645952410E-008
          16          30  -1.2905631739821498E-004
          16          31   2.1807747331960810E-003
          16          32   1.5245587728668759E-004
          16          33  -5.0253615077810315E-004
          16          34   5.2463930752698806E-005
          16          35  -3.1624100145304125E-003
          16          36  -1.7322440777873155E-004
          16          37  -4.1130134623161313E-005
          16          38   2.8822567650681440E-003
          16          39   1.4237351360393187E-004
          17           1   4.8730027334152195E-010
          17           2  -3.2556316556000611E-009
          17           3   2.0656691112537203E-008
          17           4   2.2788511823757596E-009
          17           5  -6.8791898375242238E-008
          17           6  -5.0268002118504226E-002
          17           7  -2.2521660957401492E-003
          17           8 -0.12564721296084894     
          17           9   5.2078556796386392E-002
          17          10   2.3332836963539938E-003
          17          11  0.12575941149234010     
          17          12  0.10289301463285215     
          17          13   4.6099400384587187E-003
          17          14  0.26880945988415827     
          17          15   7.7143196898553243E-002
          17          16   3.4562560818949158E-003
          17          17  0.15878478230254875     
          17          18   3.7784934416255326E-009
          17          19  -6.4262186200392239E-009
          17          20   4.1763795960008289E-009
          17          21  -2.4904106504711713E-009
          17          22   5.9741024908752009E-011
          17          23   5.4596409392216450E-009
          17          24   2.7248272201375738E-008
          17          25  -2.5655540051132394E-010
          17          26   1.9731037841294152E-008
          17          27  -5.5390711470829123E-009
          17          28  -1.5357509034388236E-009
          17          29   2.0289328569688886E-008
          17          30   3.2728070834365367E-003
          17          31   5.2456834090782344E-005
          17          32   1.6091461416462261E-003
          17          33   1.6126821398527487E-004
          17          34   8.5247947820028640E-004
          17          35   1.5046940193876165E-004
          17          36  -2.0502530927836633E-003
          17          37  -4.4326322765107593E-003
          17          38  -1.9859653735398389E-004
          17          39   2.8386391431179199E-003
          18           1  -2.2257942697683649E-004
          18           2   1.0993086514270813E-003
          18           3   1.2129648287517640E-003
          18           4   6.2394267266141458E-003
          18           5   3.7011066484897719E-003
          18           6  -3.2946517216775696E-009
          18           7  -6.0070413280071787E-009
          18           8  -3.0348829556068762E-009
          18           9   2.9771228217490907E-009
          18          10   6.1879904976176959E-009
          18          11   2.8555340532058216E-009
          18          12   6.2766410119563650E-009
          18          13   1.2999317204091693E-008
          18          14   6.0068894200330653E-009
          18          15   3.9491996933284594E-009
          18          16   8.0872807552821844E-009
          18          17   3.7784934416255326E-009
          18          18   1.1638176022711357E-004
          18          19   7.3446183905862086E-006
          18          20  -2.5302085834727065E-005
          18          21  -1.8626443361358216E-004
          18          22  -8.3452074033458122E-006
          18          23   1.5769871967329262E-004
          18          24   1.6747923059546324E-004
          18          25   8.6518453975485057E-006
          18          26   5.7817087436502275E-007
          18          27  -2.1941631696959630E-004
          18          28  -9.8305245993047168E-006
          18          29   2.1614993107960866E-004
          18          30   1.1640444674978571E-010
          18          31   1.3441587643992870E-010
          18          32  -4.6948764173084355E-013
          18          33  -1.2851688814056146E-010
          18          34  -1.0705039155168589E-010
          18          35  -2.4496329444874450E-010
          18          36  -3.6121336670259005E-011
          18          37  -8.2078956203621928E-011
          18          38   1.7588192200793282E-010
          18          39   1.5711148584424986E-010
          19           1  -1.1462030011149239E-005
          19           2   4.6206124839440622E-005
          19           3   6.0615083558160691E-006
          19           4   1.5203900341599814E-005
          19           5  -2.5774625277830870E-005
          19           6   4.8920330080739998E-009
          19           7   2.9430164706838759E-009
          19           8   4.6340559499832984E-009
          19           9  -5.2696124302593387E-009
          19          10  -3.1072904967740553E-009
          19          11  -4.7419242501550279E-009
          19          12  -1.0871015340703613E-008
          19          13  -6.5116003926062732E-009
          19          14  -9.8102966659277259E-009
          19          15  -7.1260048541347801E-009
          19          16  -4.0704379531058283E-009
          19          17  -6.4262186200392239E-009
          19          18   7.3446183905862086E-006
          19          19   9.8181937638299151E-007
          19          20  -1.1595477327247755E-005
          19          21  -2.4899566628341808E-005
          19          22  -1.1155769635788855E-006
          19          23   1.2867813167228857E-005
          19          24   1.4041882952244886E-005
          19          25   1.4212945094971949E-006
          19          26  -1.3376016921476721E-005
          19          27  -3.6044918083074884E-005
          19          28  -1.6149239016540320E-006
          19          29   2.2037330739646715E-005
          19          30  -3.2737491600142903E-011
          19          31  -5.7907126805651336E-011
          19          32  -4.1573631832735467E-011
          19          33   5.6461973621404856E-011
          19          34  -6.0757574051384034E-011
          19          35   1.1080320067667870E-010
          19          36  -2.1899062616895434E-011
          19          37  -4.0937605488093194E-011
          19          38  -8.5458748247678771E-011
          19          39  -2.7403461070284126E-011
          20           1  -1.4694296909134206E-006
          20           2   2.0796290771222256E-004
          20           3   1.0960304371758591E-003
          20           4   5.9461108167356480E-003
          20           5   4.1983073554782467E-003
          20           6  -3.1495521461853764E-009
          20           7  -1.0016205993774845E-008
          20           8  -3.2445546485786168E-009
          20           9   3.1110133972406982E-009
          20          10   9.6706342718626295E-009
          20          11   3.1284431058665690E-009
          20          12   6.4858763758069329E-009
          20          13   2.0459542185718640E-008
          20          14   6.5546010494260434E-009
          20          15   4.1662671878823879E-009
          20          16   1.2642829053011323E-008
          20          17   4.1763795960008289E-009
          20          18  -2.5302085834727065E-005
          20          19  -1.1595477327247755E-005
          20          20   1.9838394638488287E-004
          20          21   2.9406849416011640E-004
          20          22   1.3175181168014183E-005
          20          23  -9.0532053787490243E-005
          20          24  -1.0340030805229523E-004
          20          25  -1.8766077973114533E-005
          20          26   2.5861214922524069E-004
          20          27   4.7591937544051640E-004
          20          28   2.1322666728610554E-005
          20          29  -2.0896827750163091E-004
          20          30   8.1840611781083927E-011
          20          31   2.4105263181991511E-010
          20          32   2.4071810689758362E-011
          20          33  -2.7919236752269923E-010
          20          34  -5.2366369345945337E-011
          20          35  -4.6856629451818405E-010
          20          36  -4.1732629757777109E-011
          20          37  -6.4712290060417407E-011
          20          38   3.3074891423932476E-010
          20          39   1.2584920557666473E-010
          21           1   2.9068224887671547E-004
          21           2  -1.1718076023389179E-003
          21           3  -1.5372749888892235E-004
          21           4  -3.8560602407144984E-004
