           1           1   2.1433616468265035     
           1           2  0.33538198101879124     
           1           3  -1.0901998905697732     
           1           4  -1.3616301534951238     
           1           5  0.31950745370961203     
           1           6   4.1592063736474360E-014
           1           7   1.6909587817266303E-014
           1           8   3.4012686788995069E-014
           1           9  -4.2258231019730962E-014
           1          10  -2.3595843952759777E-014
           1          11  -5.4466822855263731E-014
           1          12   9.7173225453999117E-014
           1          13  -1.7780012430857300E-014
           1          14   1.3892505801675701E-013
           1          15  -4.7673322696390916E-014
           1          16   9.7527225822929977E-015
           1          17  -6.6434422558109119E-014
           1          18  0.49534445349907885     
           1          19   8.8590660252258327E-016
           1          20  0.49534445349907019     
           1          21  -1.5016700715685589E-016
           1          22   3.6764851183492092E-015
           1          23  0.49534445349907230     
           1          24  0.17281397329919385     
           1          25  -2.7482238819446088E-015
           1          26  0.17281397329920004     
           1          27   1.6221531581236349E-015
           1          28   8.6275994712912865E-015
           1          29  0.17281397329919990     
           1          30  -3.2329951684063361E-014
           1          31   2.5715367180420115E-015
           1          32  -7.5950864579662818E-015
           1          33   9.3428751841004384E-015
           1          34  -2.5965678602962624E-014
           1          35   1.7109035425538114E-015
           1          36  -2.2835331004633480E-014
           1          37  -7.4602161614991034E-015
           1          38   3.3131642383258829E-016
           1          39  -2.2694534038284013E-014
           2           1  0.33538198101879124     
           2           2   1.9415292278435796     
           2           3  -2.2832209925077862     
           2           4  -4.2085085953822574     
           2           5   1.0031774662725532     
           2           6   1.3093969507400533E-013
           2           7   1.1407583596009790E-013
           2           8  -1.5192387276346939E-014
           2           9  -3.4367453727174552E-014
           2          10  -1.2798411264024104E-013
           2          11   3.5772381651654305E-015
           2          12  -3.7847494934781070E-014
           2          13   2.2460681344359868E-013
           2          14   1.7240745844291904E-014
           2          15   7.9984226420172884E-015
           2          16  -9.9225390414431365E-014
           2          17  -9.0773876062780937E-015
           2          18   1.4507204481313187     
           2          19   9.2868738352306608E-015
           2          20   1.4507204481313254     
           2          21  -1.7902127019087364E-015
           2          22   4.1041198055036705E-015
           2          23   1.4507204481313289     
           2          24  0.52495737716868762     
           2          25  -2.6291060758391537E-015
           2          26  0.52495737716868784     
           2          27   3.4331225611629825E-015
           2          28   4.8855281420093098E-015
           2          29  0.52495737716867719     
           2          30   1.8189164250898743E-014
           2          31  -2.4249432900492990E-014
           2          32   1.3060653252636077E-014
           2          33  -4.7969855708744536E-014
           2          34  -3.9968881418274378E-015
           2          35   1.9450880071801932E-015
           2          36  -5.1906734939826682E-015
           2          37   1.5286097417237465E-014
           2          38  -2.5100304043675701E-014
           2          39  -4.5817666159465425E-015
           3           1  -1.0901998905697732     
           3           2  -2.2832209925077862     
           3           3   8.6442365882754366     
           3           4   12.561149430406372     
           3           5  -2.9248387030501442     
           3           6  -1.0099921529648838E-013
           3           7  -3.2716096034561510E-013
           3           8   1.6130254653215071E-015
           3           9   7.1589975558472007E-014
           3          10   5.0633478579910670E-013
           3          11   3.6097019630568182E-014
           3          12  -2.0684408066435889E-013
           3          13  -8.3084297772135790E-013
           3          14   2.4745378419382124E-014
           3          15   1.0498069894177095E-013
           3          16   3.6026506638180520E-013
           3          17   6.4581005675838907E-015
           3          18  -4.4122231852315634     
           3          19  -4.6360174579282712E-014
           3          20  -4.4122231852315981     
           3          21   1.5954446858414865E-014
           3          22  -1.8971590259702821E-014
           3          23  -4.4122231852316061     
           3          24  -1.6079036534162694     
           3          25   3.3170110929625549E-015
           3          26  -1.6079036534162792     
           3          27  -8.2084820814585936E-015
           3          28  -6.2114354263841502E-015
           3          29  -1.6079036534162539     
           3          30   7.8924338955810323E-014
           3          31   9.2980822307286909E-014
           3          32   1.9579253310397725E-014
           3          33   1.6733354875828763E-013
           3          34   3.0204252013458205E-015
           3          35  -1.1596339635227639E-014
           3          36   1.8658063683416607E-015
           3          37   9.6488289474944938E-015
           3          38   9.6347267537910273E-014
           3          39  -3.4759607713983903E-014
           4           1  -1.3616301534951238     
           4           2  -4.2085085953822574     
           4           3   12.561149430406372     
           4           4   18.877871416850915     
           4           5  -4.4109299876947254     
           4           6  -3.5833472614339782E-013
           4           7  -4.0160868666630180E-013
           4           8   3.1837277112643819E-014
           4           9   8.8834799850424102E-014
           4          10   7.3733825455184139E-013
           4          11   5.6780946479061974E-014
           4          12  -1.9762942650582360E-013
           4          13  -1.3259429139266603E-012
           4          14   1.3355126141725354E-013
           4          15   1.1173113924677971E-013
           4          16   5.7272683340755393E-013
           4          17  -3.2002785372729002E-014
           4          18  -6.6104058069035183     
           4          19  -6.6014149650877917E-014
           4          20  -6.6104058069035689     
           4          21   2.1795982110709462E-014
           4          22  -2.6797710695059227E-014
           4          23  -6.6104058069035805     
           4          24  -2.4074536495713836     
           4          25   5.6990369921130343E-015
           4          26  -2.4074536495713961     
           4          27  -1.2701028865867978E-014
           4          28  -1.0205318718115157E-014
           4          29  -2.4074536495713561     
           4          30   7.4241026651028275E-014
           4          31   1.5385456775618014E-013
           4          32   1.0462914034165805E-014
           4          33   2.8786219460305040E-013
           4          34  -1.3488622437134325E-014
           4          35  -1.6070488385921785E-014
           4          36  -1.3783857351698907E-014
           4          37  -3.8426164299871628E-015
           4          38   1.5849054128907707E-013
           4          39  -8.2237080573937917E-014
           5           1  0.31950745370961203     
           5           2   1.0031774662725532     
           5           3  -2.9248387030501442     
           5           4  -4.4109299876947254     
           5           5   1.0310330745872864     
           5           6   4.9111066265460273E-014
           5           7   1.1320973343632845E-013
           5           8   2.0909847731820470E-015
           5           9  -3.8680809310796017E-014
           5          10  -1.7922069145920000E-013
           5          11  -3.3973278510219897E-015
           5          12  -1.8815571753197960E-014
           5          13   2.4421435702157586E-013
           5          14   1.4474443137406347E-014
           5          15  -2.0667900468779944E-016
           5          16  -1.0775105961050339E-013
           5          17  -1.0656424805496684E-014
           5          18   1.5441146600211841     
           5          19   1.5315956459912541E-014
           5          20   1.5441146600211959     
           5          21  -5.0316289545661591E-015
           5          22   6.2251219649040912E-015
           5          23   1.5441146600211990     
           5          24  0.56228392171372987     
           5          25  -1.3592856487499304E-015
           5          26  0.56228392171373265     
           5          27   2.9798099937949856E-015
           5          28   2.4389082259197120E-015
           5          29  0.56228392171372321     
           5          30   8.4195825054676988E-015
           5          31  -2.4571477152645830E-014
           5          32   9.0774112061538944E-015
           5          33  -4.1943711785224417E-014
           5          34  -4.8558307960714306E-015
           5          35   3.7228102093556310E-015
           5          36  -4.8106305672305260E-015
           5          37   1.2400627103225531E-014
           5          38  -2.5651768215456603E-014
           5          39   1.1777130351090018E-015
           6           1   4.1592063736474360E-014
           6           2   1.3093969507400533E-013
           6           3  -1.0099921529648838E-013
           6           4  -3.5833472614339782E-013
           6           5   4.9111066265460273E-014
           6           6   1.6638786742760137     
           6           7  -9.2717884878399416E-003
           6           8  -2.0728086467812181E-004
           6           9  0.22259861526785907     
           6          10  -1.8087392593444225E-002
           6          11  -4.0436323388471111E-004
           6          12 -0.49011355324894024     
           6          13  -9.4103055734320873E-002
           6          14  -2.1037756403331212E-003
           6          15  0.19266646591788478     
           6          16   3.7437155621186949E-002
           6          17   8.3694812484834727E-004
           6          18   1.1102405534873955E-013
           6          19   3.4518182429551247E-015
           6          20   1.0438740137816811E-013
           6          21   2.6780818039640615E-015
           6          22   3.4835270195821622E-015
           6          23   1.1736627297273905E-013
           6          24   5.4732875116794313E-014
           6          25  -4.1972679514416428E-017
           6          26   5.8988707245724766E-014
           6          27   4.7968109523394512E-016
           6          28  -1.2026379211702548E-015
           6          29   5.9488725539143934E-014
           6          30  0.17976905305892832     
           6          31   1.6510600180728054E-002
           6          32   8.0395164578104764E-002
           6          33   3.6918824353430905E-002
           6          34   3.6911233324486334E-004
           6          35   1.6292627999646930E-015
           6          36   3.6911233324600083E-004
           6          37   8.0395164578110703E-002
           6          38   1.6510600180725990E-002
           6          39   8.2536026846393329E-004
           7           1   1.6909587817266303E-014
           7           2   1.1407583596009790E-013
           7           3  -3.2716096034561510E-013
           7           4  -4.0160868666630180E-013
           7           5   1.1320973343632845E-013
           7           6  -9.2717884878399416E-003
           7           7   1.6121129932692182     
           7           8  -1.1932837983904226E-003
           7           9  -1.8087392593256372E-002
           7          10  0.12161419392718661     
           7          11  -2.3278564395058819E-003
           7          12  -9.4103055734868032E-002
           7          13  -1.0155039643146311     
           7          14  -1.2111110163470660E-002
           7          15   3.7437155621422274E-002
           7          16  0.40168329780993123     
           7          17   4.8181805829478602E-003
           7          18   1.5139572758534805E-013
           7          19   3.2175573404634939E-015
           7          20   1.5009640966495799E-013
           7          21   7.7251964253531746E-015
           7          22  -2.5669811091695570E-016
           7          23   1.5079783659868882E-013
           7          24   4.2145625860915707E-014
           7          25  -1.3145250284880682E-016
           7          26   4.4189388575188168E-014
           7          27  -4.9791792766154766E-015
           7          28   2.4552718647603107E-015
           7          29   4.2788074488444591E-014
           7          30   3.6918824353582298E-002
           7          31  0.17257613519801834     
           7          32   1.6510600180807168E-002
           7          33  0.38589196959696170     
           7          34   2.1249224703043502E-003
           7          35  -3.4908000944121714E-015
           7          36   2.1249224702972820E-003
           7          37   1.6510600180795532E-002
           7          38  0.17257613519802556     
           7          39   4.7514710905102297E-003
           8           1   3.4012686788995069E-014
           8           2  -1.5192387276346939E-014
           8           3   1.6130254653215071E-015
           8           4   3.1837277112643819E-014
           8           5   2.0909847731820470E-015
           8           6  -2.0728086467812181E-004
           8           7  -1.1932837983904226E-003
           8           8   1.6654625648188213     
           8           9  -4.0436323389567462E-004
           8          10  -2.3278564395102651E-003
           8          11  0.22568846682316518     
           8          12  -2.1037756402413369E-003
           8          13  -1.2111110163419554E-002
           8          14 -0.47403802043784327     
           8          15   8.3694812480886453E-004
           8          16   4.8181805829283003E-003
           8          17  0.18627111330318966     
           8          18  -9.6871536643190188E-015
           8          19  -5.3801179943612924E-016
           8          20  -1.1911591893677896E-014
           8          21   3.8650377406909703E-016
           8          22   1.5508144903404627E-015
           8          23  -7.9391152193114573E-015
           8          24  -7.0617035763851582E-015
           8          25   3.9611328162852371E-016
           8          26  -6.3564559230193477E-015
           8          27  -1.6022311238463341E-015
           8          28   2.1791933732455597E-016
           8          29  -8.8958130478996309E-015
           8          30   8.2536026843725964E-004
           8          31   2.1249224702907799E-003
           8          32   3.6911233323066387E-004
           8          33   4.7514710904896802E-003
           8          34   7.7574674925919157E-002
           8          35  -8.8824765509542990E-016
           8          36   7.7574674925917700E-002
           8          37   3.6911233322944453E-004
           8          38   2.1249224702915301E-003
           8          39  0.17346224646680358     
           9           1  -4.2258231019730962E-014
           9           2  -3.4367453727174552E-014
           9           3   7.1589975558472007E-014
           9           4   8.8834799850424102E-014
           9           5  -3.8680809310796017E-014
           9           6  0.22259861526785907     
           9           7  -1.8087392593256372E-002
           9           8  -4.0436323389567462E-004
           9           9  0.41267040948048805     
           9          10  -3.5284861303155016E-002
           9          11  -7.8883125636923241E-004
           9          12   2.1352333056863904     
           9          13 -0.18357611538883759     
           9          14  -4.1040427081045659E-003
           9          15 -0.84947950183036269     
           9          16   7.3032353163429140E-002
           9          17   1.6327172836248045E-003
           9          18  -3.3037727670602523E-014
           9          19   3.4552347442159235E-016
           9          20  -2.9526518657425120E-014
           9          21   7.8538759112843623E-015
           9          22   1.5157101012012603E-015
           9          23  -2.7658049572229887E-014
           9          24  -4.7625434613918832E-015
           9          25  -1.5781158977813441E-015
           9          26  -5.1437331013513699E-015
           9          27  -6.6532455478625173E-016
           9          28  -4.3114303983421850E-016
           9          29  -6.4595478345113593E-015
           9          30 -0.83779114579973846     
           9          31   3.2208856771569344E-002
           9          32 -0.37467159059112887     
           9          33   7.2021193218789747E-002
           9          34   7.2006384648795434E-004
           9          35   1.9457779759436565E-015
           9          36   7.2006384648665622E-004
           9          37 -0.37467159059113148     
           9          38   3.2208856771569948E-002
           9          39   1.6101117088847812E-003
          10           1  -2.3595843952759777E-014
          10           2  -1.2798411264024104E-013
          10           3   5.0633478579910670E-013
          10           4   7.3733825455184139E-013
          10           5  -1.7922069145920000E-013
          10           6  -1.8087392593444225E-002
          10           7  0.12161419392718661     
          10           8  -2.3278564395102651E-003
          10           9  -3.5284861303155016E-002
          10          10  0.21567013526253190     
          10          11  -4.5411792317554961E-003
          10          12 -0.18357611538874499     
          10          13   1.1103023937935037     
          10          14  -2.3626337524341109E-002
          10          15   7.3032353163391892E-002
          10          16 -0.44172974545858162     
          10          17   9.3993002432874746E-003
          10          18  -2.4631181636164435E-013
          10          19   7.0773372788762957E-015
          10          20  -2.6248845141757556E-013
          10          21   6.0968050657895258E-015
          10          22   5.7116416456750760E-015
          10          23  -2.5503404614723382E-013
          10          24  -9.5156669383585782E-014
          10          25  -1.1578545677084922E-015
          10          26  -8.8488268894254003E-014
          10          27  -2.6338689674607034E-015
          10          28   6.0177770804885748E-016
          10          29  -9.0859869491759766E-014
          10          30   7.2021193218746657E-002
          10          31 -0.19484507627586239     
          10          32   3.2208856771555619E-002
          10          33 -0.43568683563396154     
          10          34   4.1452959157923129E-003
          10          35   2.6734564853694079E-016
          10          36   4.1452959157939687E-003
          10          37   3.2208856771549887E-002
          10          38 -0.19484507627585740     
          10          39   9.2691634545639598E-003
          11           1  -5.4466822855263731E-014
          11           2   3.5772381651654305E-015
          11           3   3.6097019630568182E-014
          11           4   5.6780946479061974E-014
          11           5  -3.3973278510219897E-015
          11           6  -4.0436323388471111E-004
          11           7  -2.3278564395058819E-003
          11           8  0.22568846682316518     
          11           9  -7.8883125636923241E-004
          11          10  -4.5411792317554961E-003
          11          11  0.41869808776498652     
          11          12  -4.1040427082080265E-003
          11          13  -2.3626337524359279E-002
          11          14   2.1665934336126638     
          11          15   1.6327172836658724E-003
          11          16   9.3993002432945817E-003
          11          17 -0.86195554716510148     
          11          18  -2.1461238825302293E-014
          11          19   1.5923059585125662E-016
          11          20  -2.1886689219111769E-014
          11          21  -2.7217181125318770E-016
          11          22   2.8132554513993532E-015
          11          23  -1.6901662217175344E-014
          11          24  -9.5625833714479489E-015
          11          25   8.1157356589687849E-016
          11          26  -1.0789420333875119E-014
          11          27  -1.8079123393964230E-015
          11          28  -1.1173015922565053E-016
          11          29  -1.2776842285641467E-014
          11          30   1.6101117089223531E-003
          11          31   4.1452959157927734E-003
          11          32   7.2006384650348998E-004
          11          33   9.2691634545710687E-003
          11          34 -0.38017379803555396     
          11          35   1.3904455038432367E-017
          11          36 -0.38017379803555251     
          11          37   7.2006384650571758E-004
          11          38   4.1452959157957546E-003
          11          39 -0.85009445567176722     
          12           1   9.7173225453999117E-014
          12           2  -3.7847494934781070E-014
          12           3  -2.0684408066435889E-013
          12           4  -1.9762942650582360E-013
          12           5  -1.8815571753197960E-014
          12           6 -0.49011355324894024     
          12           7  -9.4103055734868032E-002
          12           8  -2.1037756402413369E-003
          12           9   2.1352333056863904     
          12          10 -0.18357611538874499     
          12          11  -4.1040427082080265E-003
          12          12   12.794277315010810     
          12          13 -0.95508920530256003     
          12          14  -2.1352052691235714E-002
          12          15  -5.0875977083515345     
          12          16  0.37996452859073288     
          12          17   8.4945181981162243E-003
          12          18   7.5059090746367793E-014
          12          19  -1.6850803020018222E-015
          12          20   1.0229929942409748E-013
          12          21   4.2294789774794598E-014
          12          22   5.0072688686916079E-015
          12          23   9.9235623340090294E-014
          12          24   5.2611632628039826E-014
          12          25  -9.0261547598542549E-015
          12          26   4.5894414501375664E-014
          12          27  -4.3343481231940917E-015
          12          28  -1.1991131996438176E-015
          12          29   3.7799508849079935E-014
          12          30  -5.0066978935638424     
          12          31  0.16757262431717437     
          12          32  -2.2390633665627417     
          12          33  0.37470377914126957     
          12          34   3.7462673477789360E-003
          12          35   9.4513000987549025E-015
          12          36   3.7462673477702776E-003
          12          37  -2.2390633665627622     
          12          38  0.16757262431717998     
          12          39   8.3769084515141357E-003
          13           1  -1.7780012430857300E-014
          13           2   2.2460681344359868E-013
          13           3  -8.3084297772135790E-013
          13           4  -1.3259429139266603E-012
          13           5   2.4421435702157586E-013
          13           6  -9.4103055734320873E-002
          13           7  -1.0155039643146311     
          13           8  -1.2111110163419554E-002
          13           9 -0.18357611538883759     
          13          10   1.1103023937935037     
          13          11  -2.3626337524359279E-002
          13          12 -0.95508920530256003     
          13          13   7.4618818230533623     
          13          14 -0.12292045663203760     
          13          15  0.37996452859070945     
          13          16  -2.9662030489709328     
          13          17   4.8901624161435682E-002
          13          18   5.2423051197561209E-013
          13          19   3.7257605377572160E-014
          13          20   4.3263129099747375E-013
          13          21   2.6827644810226432E-014
          13          22   3.3102738542504225E-014
          13          23   4.7473220409537939E-013
          13          24   1.7531089496585952E-013
          13          25  -6.5153860408365770E-015
          13          26   2.1146635000350716E-013
          13          27  -9.8436262013758610E-015
          13          28   8.4768787295032999E-016
          13          29   1.9932505024301542E-013
          13          30  0.37470377914128494     
          13          31  -1.3034821648033370     
          13          32  0.16757262431720110     
          13          33  -2.9146747279588534     
          13          34   2.1566680249065835E-002
          13          35   5.2492262539870886E-015
          13          36   2.1566680249082863E-002
          13          37  0.16757262431718056     
          13          38  -1.3034821648033157     
          13          39   4.8224563085921351E-002
          14           1   1.3892505801675701E-013
          14           2   1.7240745844291904E-014
          14           3   2.4745378419382124E-014
          14           4   1.3355126141725354E-013
          14           5   1.4474443137406347E-014
          14           6  -2.1037756403331212E-003
          14           7  -1.2111110163470660E-002
          14           8 -0.47403802043784327     
          14           9  -4.1040427081045659E-003
          14          10  -2.3626337524341109E-002
          14          11   2.1665934336126638     
          14          12  -2.1352052691235714E-002
          14          13 -0.12292045663203760     
          14          14   12.957434268179323     
          14          15   8.4945181981192774E-003
          14          16   4.8901624161434322E-002
          14          17  -5.1525066764907761     
          14          18  -5.1623742259043891E-014
          14          19   1.4874257056586298E-015
          14          20  -5.1703422703777952E-014
          14          21  -1.9754634545784762E-015
          14          22   1.4520873600239159E-014
          14          23  -2.7275007051024039E-014
          14          24  -2.6647179872918732E-014
          14          25   4.2435364325382390E-015
          14          26  -3.4448920460371058E-014
          14          27  -8.6876162369481516E-015
          14          28  -8.7397273504670705E-016
          14          29  -4.3171674545378566E-014
          14          30   8.3769084514886787E-003
          14          31   2.1566680249055378E-002
          14          32   3.7462673477626778E-003
          14          33   4.8224563085922587E-002
          14          34  -2.2676896337910746     
          14          35   1.0245962562474455E-015
          14          36  -2.2676896337910648     
          14          37   3.7462673477767594E-003
          14          38   2.1566680249071685E-002
          14          39  -5.0707081730284038     
          15           1  -4.7673322696390916E-014
          15           2   7.9984226420172884E-015
          15           3   1.0498069894177095E-013
          15           4   1.1173113924677971E-013
          15           5  -2.0667900468779944E-016
          15           6  0.19266646591788478     
          15           7   3.7437155621422274E-002
          15           8   8.3694812480886453E-004
          15           9 -0.84947950183036269     
          15          10   7.3032353163391892E-002
          15          11   1.6327172836658724E-003
          15          12  -5.0875977083515345     
          15          13  0.37996452859070945     
          15          14   8.4945181981192774E-003
          15          15   2.0230676825693408     
          15          16 -0.15116184141295314     
          15          17  -3.3793865377530741E-003
          15          18  -4.1505556796393476E-014
          15          19   6.6548393713026168E-016
          15          20  -5.2329960323416932E-014
          15          21  -1.6824183349601055E-014
          15          22  -1.9960939909916590E-015
          15          23  -5.1129099008023855E-014
          15          24  -2.5164535094075542E-014
          15          25   3.5897420301087960E-015
          15          26  -2.2498866764062890E-014
          15          27   1.7231134424523008E-015
          15          28   4.7851198678132562E-016
          15          29  -1.9280213976016688E-014
          15          30   1.9909114209512151     
          15          31  -6.6665661018766226E-002
          15          32  0.89036265488551902     
          15          33 -0.14906894980293242     
          15          34  -1.4903829913173244E-003
          15          35  -3.7609687483332105E-015
          15          36  -1.4903829913138860E-003
          15          37  0.89036265488552746     
          15          38  -6.6665661018768432E-002
          15          39  -3.3325976810920379E-003
          16           1   9.7527225822929977E-015
          16           2  -9.9225390414431365E-014
          16           3   3.6026506638180520E-013
          16           4   5.7272683340755393E-013
          16           5  -1.0775105961050339E-013
          16           6   3.7437155621186949E-002
          16           7  0.40168329780993123     
          16           8   4.8181805829283003E-003
          16           9   7.3032353163429140E-002
          16          10 -0.44172974545858162     
          16          11   9.3993002432945817E-003
          16          12  0.37996452859073288     
          16          13  -2.9662030489709328     
          16          14   4.8901624161434322E-002
          16          15 -0.15116184141295314     
          16          16   1.1791101577315619     
          16          17  -1.9454604311996727E-002
          16          18  -2.2434817598682365E-013
          16          19  -1.4821634091911698E-014
          16          20  -1.8791757556757215E-013
          16          21  -1.0679755508435111E-014
          16          22  -1.3164551373891858E-014
          16          23  -2.0466198061313580E-013
          16          24  -7.5502857996579016E-014
          16          25   2.5913349423162480E-015
          16          26  -8.9884581071346593E-014
          16          27   3.9215276948846615E-015
          16          28  -3.4044526710044856E-016
          16          29  -8.5054112729538028E-014
          16          30 -0.14906894980294752     
          16          31  0.51815902373648803     
          16          32  -6.6665661018780853E-002
          16          33   1.1586388002297177     
          16          34  -8.5799037918214763E-003
          16          35  -2.0828855360596534E-015
          16          36  -8.5799037918282382E-003
          16          37  -6.6665661018772665E-002
          16          38  0.51815902373647960     
          16          39  -1.9185248118924223E-002
          17           1  -6.6434422558109119E-014
          17           2  -9.0773876062780937E-015
          17           3   6.4581005675838907E-015
          17           4  -3.2002785372729002E-014
          17           5  -1.0656424805496684E-014
          17           6   8.3694812484834727E-004
          17           7   4.8181805829478602E-003
          17           8  0.18627111330318966     
          17           9   1.6327172836248045E-003
          17          10   9.3993002432874746E-003
          17          11 -0.86195554716510148     
          17          12   8.4945181981162243E-003
          17          13   4.8901624161435682E-002
          17          14  -5.1525066764907761     
          17          15  -3.3793865377530741E-003
          17          16  -1.9454604311996727E-002
          17          17   2.0488905118333181     
          17          18   1.2988554637123789E-014
          17          19  -5.9081869360845305E-016
          17          20   1.3023252495281264E-014
          17          21   7.8511536568382592E-016
          17          22  -5.7770227444639695E-015
          17          23   3.3027424994073667E-015
          17          24   7.8826550565701167E-015
          17          25  -1.6881825228387277E-015
          17          26   1.0984439011748253E-014
          17          27   3.4572165053096678E-015
          17          28   3.4728257083671599E-016
          17          29   1.4456897464668431E-014
          17          30  -3.3325976810807435E-003
          17          31  -8.5799037918175593E-003
          17          32  -1.4903829913103443E-003
          17          33  -1.9185248118925257E-002
          17          34  0.90175108443991392     
          17          35  -4.0627848870437726E-016
          17          36  0.90175108443990992     
          17          37  -1.4903829913159284E-003
          17          38  -8.5799037918240506E-003
          17          39   2.0163767235917831     
          18           1  0.49534445349907885     
          18           2   1.4507204481313187     
          18           3  -4.4122231852315634     
          18           4  -6.6104058069035183     
          18           5   1.5441146600211841     
          18           6   1.1102405534873955E-013
          18           7   1.5139572758534805E-013
          18           8  -9.6871536643190188E-015
          18           9  -3.3037727670602523E-014
          18          10  -2.4631181636164435E-013
          18          11  -2.1461238825302293E-014
          18          12   7.5059090746367793E-014
          18          13   5.2423051197561209E-013
          18          14  -5.1623742259043891E-014
          18          15  -4.1505556796393476E-014
          18          16  -2.2434817598682365E-013
          18          17   1.2988554637123789E-014
          18          18   2.3154525146754557     
          18          19   2.3205308844734556E-014
          18          20   2.3154525146754739     
          18          21  -7.6899694655638509E-015
          18          22   9.4434651096765920E-015
          18          23   2.3154525146754774     
          18          24  0.84327502758389306     
          18          25  -1.9861553121774296E-015
          18          26  0.84327502758389739     
          18          27   4.4401895997297711E-015
          18          28   3.5874588181161958E-015
          18          29  0.84327502758388329     
          18          30  -2.8201803775639665E-014
          18          31  -6.4410782429531000E-014
          18          32  -4.5973290878874678E-015
          18          33  -1.2421804665650051E-013
          18          34   5.5339017705143010E-015
          18          35   5.6705201140515995E-015
          18          36   5.6958015743407597E-015
          18          37   4.2587902571425513E-016
          18          38  -6.6056352079752170E-014
          18          39   3.1075568732369990E-014
          19           1   8.8590660252258327E-016
          19           2   9.2868738352306608E-015
          19           3  -4.6360174579282712E-014
          19           4  -6.6014149650877917E-014
          19           5   1.5315956459912541E-014
          19           6   3.4518182429551247E-015
          19           7   3.2175573404634939E-015
          19           8  -5.3801179943612924E-016
          19           9   3.4552347442159235E-016
          19          10   7.0773372788762957E-015
          19          11   1.5923059585125662E-016
          19          12  -1.6850803020018222E-015
          19          13   3.7257605377572160E-014
          19          14   1.4874257056586298E-015
          19          15   6.6548393713026168E-016
          19          16  -1.4821634091911698E-014
          19          17  -5.9081869360845305E-016
          19          18   2.3205308844734556E-014
          19          19   5.1240145244281643E-028
          19          20   2.3205308844734237E-014
          19          21   1.3177551085030481E-028
          19          22   3.0653395219151613E-028
          19          23   2.3205308844734556E-014
          19          24   8.4830328532111171E-015
          19          25  -5.0905013763530552E-029
          19          26   8.4830328532113900E-015
          19          27  -4.8169691561569529E-029
          19          28   2.2635554157797865E-029
          19          29   8.4830328532111723E-015
          19          30   6.3465414032849096E-016
          19          31  -6.5354517341734858E-015
          19          32   2.8382595999539843E-016
          19          33  -1.4613714341280599E-014
          19          34  -2.5873473159427675E-016
          19          35   8.3529451415215678E-029
          19          36  -2.5873473159421403E-016
          19          37   2.8382595999527655E-016
          19          38  -6.5354517341733343E-015
          19          39  -5.7854844798480382E-016
          20           1  0.49534445349907019     
          20           2   1.4507204481313254     
          20           3  -4.4122231852315981     
          20           4  -6.6104058069035689     
          20           5   1.5441146600211959     
          20           6   1.0438740137816811E-013
          20           7   1.5009640966495799E-013
          20           8  -1.1911591893677896E-014
          20           9  -2.9526518657425120E-014
          20          10  -2.6248845141757556E-013
          20          11  -2.1886689219111769E-014
          20          12   1.0229929942409748E-013
          20          13   4.3263129099747375E-013
          20          14  -5.1703422703777952E-014
          20          15  -5.2329960323416932E-014
          20          16  -1.8791757556757215E-013
          20          17   1.3023252495281264E-014
          20          18   2.3154525146754739     
          20          19   2.3205308844734237E-014
          20          20   2.3154525146754912     
          20          21  -7.6899694655643415E-015
          20          22   9.4434651096762038E-015
          20          23   2.3154525146754956     
          20          24  0.84327502758389961     
          20          25  -1.9861553121773452E-015
          20          26  0.84327502758390382     
          20          27   4.4401895997299770E-015
          20          28   3.5874588181161342E-015
          20          29  0.84327502758388995     
          20          30  -3.8820650790942402E-014
          20          31  -4.8364738368051399E-014
          20          32  -9.3462218416651176E-015
          20          33  -8.8338001365074975E-014
          20          34   5.5551270342394037E-015
          20          35   5.6705201140516122E-015
          20          36   5.7170268380656763E-015
          20          37  -4.3230137280630113E-015
          20          38  -5.0010308018272904E-014
          20          39   3.1123029864899632E-014
          21           1  -1.5016700715685589E-016
          21           2  -1.7902127019087364E-015
          21           3   1.5954446858414865E-014
          21           4   2.1795982110709462E-014
