           1           1   1.9999552014919391     
           1           2  -1.5287215536939651E-003
           1           3   2.5103734883319847E-005
           1           4  -3.1097407098810478E-003
           1           5   3.1965475334442173E-004
           1           6  -5.3989542254702785E-011
           1           7  -1.8116255635024871E-011
           1           8   4.9248537192498848E-011
           1           9   2.3197155972085208E-011
           1          10   6.5351249566753509E-012
           1          11  -1.9582085635172302E-011
           1          12   2.0301125682760355E-009
           1          13   5.8366612798818378E-010
           1          14  -1.7341019823183064E-009
           1          15   6.8140485704803402E-011
           1          16   1.7150867004643411E-011
           1          17  -5.8331855714260945E-011
           1          18   1.9484996013261025E-004
           1          19  -5.6756086125582530E-006
           1          20   1.5597385674424088E-004
           1          21   5.2188309841899976E-005
           1          22  -6.4960943585403465E-006
           1          23   2.0709222455737679E-004
           1          24   3.6866487202399344E-005
           1          25  -6.9431074962516947E-006
           1          26  -1.0691540201267734E-005
           1          27   6.3843182160861311E-005
           1          28  -7.9468279147131417E-006
           1          29   5.1842741816021407E-005
           1          30   5.7185095599385716E-012
           1          31   1.9498642274897001E-012
           1          32   7.1775188599510066E-012
           1          33   4.0085709204882297E-012
           1          34  -1.3559510090263882E-011
           1          35  -9.8650304802253390E-013
           1          36  -6.6787261212071010E-012
           1          37   9.3731807921384495E-012
           1          38  -4.0346402038079695E-013
           1          39  -5.3658454467858241E-012
           2           1  -1.5287215536939651E-003
           2           2   1.9795960984962124     
           2           3   8.5970546261553045E-003
           2           4  -4.3344949915331416E-002
           2           5  -2.7481802965441909E-003
           2           6  -2.3974416986104400E-009
           2           7  -2.3096877999432474E-011
           2           8   2.0662982726864284E-009
           2           9   1.5971647231325423E-010
           2          10   8.6578013394699411E-011
           2          11  -9.5480584153630760E-011
           2          12   1.1565638130133996E-008
           2          13   5.4623551493621505E-009
           2          14  -9.7759908901219478E-009
           2          15   4.3181220541790336E-010
           2          16   9.1359337857126108E-011
           2          17  -3.1888002931798293E-010
           2          18   4.5047635675561342E-003
           2          19  -1.5239895923238080E-004
           2          20   3.4608816756587558E-003
           2          21   1.4013346195923832E-003
           2          22  -1.7443021638547507E-004
           2          23   4.8334855558619817E-003
           2          24   6.1825962420035243E-003
           2          25   5.0722079409029523E-005
           2          26   6.5300234612150057E-003
           2          27  -4.6639561597212182E-004
           2          28   5.8054602369792904E-005
           2          29   6.0731903878234982E-003
           2          30   5.5931802601790446E-011
           2          31  -2.5654295800563040E-011
           2          32   5.6893074095935090E-011
           2          33  -3.5291886198412665E-011
           2          34  -7.2204336387689022E-011
           2          35  -6.1192765787188608E-012
           2          36  -1.6570257970064086E-011
           2          37   6.4564914243977065E-011
           2          38  -3.4799540245184461E-011
           2          39  -1.4791753324731229E-011
           3           1   2.5103734883319847E-005
           3           2   8.5970546261553045E-003
           3           3   1.5448151524346260E-004
           3           4   1.4669875345338597E-002
           3           5   4.8393317150162668E-006
           3           6   3.5944469599281937E-010
           3           7   1.2421363416571038E-010
           3           8  -3.3089744271960957E-010
           3           9   1.3408878169390161E-010
           3          10   1.7772901078848563E-011
           3          11  -1.1551288016171727E-010
           3          12   1.2977601575453132E-008
           3          13   1.7090298450663764E-009
           3          14  -1.1190413794677542E-008
           3          15   3.8633453610299286E-010
           3          16   4.5014489186724851E-011
           3          17  -3.2990127048679800E-010
           3          18   9.3650986808117208E-005
           3          19   6.3286651230535281E-007
           3          20   9.7987078248958700E-005
           3          21  -5.8208644816427056E-006
           3          22   7.2435930183610523E-007
           3          23   9.2285486634956278E-005
           3          24   9.7749634852888076E-005
           3          25   9.2150350122945492E-006
           3          26   1.6086969927411917E-004
           3          27  -8.4734094547467124E-005
           3          28   1.0547193484534871E-005
           3          29   7.7872820115257663E-005
           3          30   5.9489908619284842E-012
           3          31   8.8016175425757192E-012
           3          32   2.9224160814151058E-011
           3          33   4.4115870878481200E-012
           3          34  -6.3793659168302852E-011
           3          35   1.4601979372051701E-012
           3          36  -2.4677705464660039E-011
           3          37   4.7146578109397242E-011
           3          38  -4.4163096976412477E-012
           3          39   1.1610614293151088E-011
           4           1  -3.1097407098810478E-003
           4           2  -4.3344949915331416E-002
           4           3   1.4669875345338597E-002
           4           4   1.8983735262867603     
           4           5  -8.5291948075689322E-004
           4           6   4.8215957111266346E-010
           4           7   1.3244899468972053E-011
           4           8  -3.7239305868813490E-010
           4           9   1.2724416980480715E-011
           4          10   3.9070816366564123E-010
           4          11  -1.3789374796863912E-010
           4          12   7.6399854286005931E-009
           4          13   4.2397216770825691E-009
           4          14  -4.0815831969592271E-009
           4          15  -4.5821291210819030E-011
           4          16   4.6829770859459197E-010
           4          17   3.4437109556528891E-011
           4          18   1.0028524087157447E-002
           4          19  -6.8421584600686586E-005
           4          20   9.5600156953141030E-003
           4          21   6.2894032114609727E-004
           4          22  -7.8312444100950111E-005
           4          23   1.0176054578027708E-002
           4          24   1.0096873821796269E-002
           4          25   8.0846771998676573E-004
           4          26   1.5634627187470961E-002
           4          27  -7.4340318636032590E-003
           4          28   9.2534276027744994E-004
           4          29   8.3530077361035748E-003
           4          30  -8.6127282760342621E-011
           4          31   2.9608500823744015E-011
           4          32  -1.8806620697814190E-011
           4          33   7.2495864405180373E-011
           4          34  -3.5466943164119833E-011
           4          35   2.3442877038145290E-012
           4          36  -5.5436973547426574E-012
           4          37  -2.6139066486202421E-011
           4          38   1.9367920197016161E-011
           4          39   1.7092293702420581E-011
           5           1   3.1965475334442173E-004
           5           2  -2.7481802965441909E-003
           5           3   4.8393317150162668E-006
           5           4  -8.5291948075689322E-004
           5           5   1.3037147058433071E-003
           5           6   9.0008737540178895E-010
           5           7   2.0857165200011036E-011
           5           8  -7.6078216641404681E-010
           5           9  -1.0619107143800781E-009
           5          10  -2.1670029743262068E-010
           5          11   8.9808539684310979E-010
           5          12  -9.9397032622412697E-008
           5          13  -2.0601083596482190E-008
           5          14   8.5558696624890763E-008
           5          15  -3.0422889708919174E-009
           5          16  -5.5775660176961995E-010
           5          17   2.5264801219154759E-009
           5          18  -2.5785024197655192E-004
           5          19   9.7933430720825785E-005
           5          20   4.1295742471928631E-004
           5          21  -9.0050984741229102E-004
           5          22   1.1209102218242028E-004
           5          23  -4.6909065635545861E-004
           5          24  -4.9906298906143051E-004
           5          25   1.4179656749842528E-004
           5          26   4.7219668491170496E-004
           5          27  -1.3038451434914588E-003
           5          28   1.6229517737146915E-004
           5          29  -8.0491727268878620E-004
           5          30  -6.3117252011430396E-011
           5          31  -7.2912876376637308E-011
           5          32  -2.4124596914647602E-010
           5          33  -8.7618530213205397E-011
           5          34   5.0404420948448004E-010
           5          35   1.8676619844305571E-011
           5          36   1.9099656700015355E-010
           5          37  -3.6454098421856765E-010
           5          38   3.7021381246729734E-011
           5          39  -7.3857114405772951E-011
           6           1  -5.3989542254702785E-011
           6           2  -2.3974416986104400E-009
           6           3   3.5944469599281937E-010
           6           4   4.8215957111266346E-010
           6           5   9.0008737540178895E-010
           6           6   2.0236259950813666     
           6           7  -1.2224548210710775E-004
           6           8   1.1241234762716743E-003
           6           9  -1.6532731882965331E-002
           6          10  -4.4974607395417931E-005
           6          11   4.1347599425990998E-004
           6          12   4.1677743044130883E-002
           6          13  -1.8003835222198134E-003
           6          14   1.6554336360770795E-002
           6          15  -1.9483514512793853E-002
           6          16   3.7022344466521528E-004
           6          17  -3.4041262540308714E-003
           6          18   4.8800477404974651E-011
           6          19  -3.0310663027537802E-010
           6          20  -4.2371310567538548E-010
           6          21  -4.9985119723238339E-010
           6          22  -4.7394002600040064E-010
           6          23  -5.6959461606118357E-010
           6          24   8.3605655496758265E-011
           6          25   4.7360380069956099E-010
           6          26  -2.2970873136002131E-010
           6          27  -9.0273710147364577E-011
           6          28   7.1029335398889173E-010
           6          29   3.2786162835953594E-010
           6          30  -1.2325855807558822E-002
           6          31   9.8983403121002112E-005
           6          32  -5.7314483588434325E-003
           6          33   3.5719931614205524E-004
           6          34  -9.1011148883929122E-004
           6          35  -5.0313833764877470E-005
           6          36  -1.4673552436016508E-003
           6          37  -5.3355256398693058E-003
           6          38   1.3977952647688783E-004
           6          39  -3.1486086814028068E-003
           7           1  -1.8116255635024871E-011
           7           2  -2.3096877999432474E-011
           7           3   1.2421363416571038E-010
           7           4   1.3244899468972053E-011
           7           5   2.0857165200011036E-011
           7           6  -1.2224548210710775E-004
           7           7   2.0226591812564747     
           7           8  -1.3993691153100664E-004
           7           9  -4.4972617889618108E-005
           7          10  -1.6888384258114793E-002
           7          11  -5.1473249162616639E-005
           7          12  -1.8004001223111718E-003
           7          13   2.7438404431446819E-002
           7          14  -2.0606205155177569E-003
           7          15   3.7022512809778370E-004
           7          16  -1.6555426361474196E-002
           7          17   4.2374805671814434E-004
           7          18  -2.0089762371871679E-010
           7          19   1.4665864844667046E-010
           7          20   8.4156909412686317E-011
           7          21   9.3223392596657857E-011
           7          22   7.5881903794485414E-011
           7          23  -1.0098781363927812E-010
           7          24   6.8778483146069103E-012
           7          25  -1.0949485297246993E-010
           7          26  -1.1226890762822016E-010
           7          27  -5.5934514637325307E-011
           7          28   3.8446878847265263E-011
           7          29  -1.8261957480137622E-011
           7          30   3.4597323854915608E-004
           7          31  -4.2873262789247350E-003
           7          32   1.1404806056176516E-004
           7          33  -9.9936828530066881E-003
           7          34   1.6541691097226048E-004
           7          35   2.4427455536316968E-004
           7          36   1.3053529697930376E-004
           7          37   1.3978020265554078E-004
           7          38  -4.2300247227864459E-003
           7          39   3.9194180914324777E-004
           8           1   4.9248537192498848E-011
           8           2   2.0662982726864284E-009
           8           3  -3.3089744271960957E-010
           8           4  -3.7239305868813490E-010
           8           5  -7.6078216641404681E-010
           8           6   1.1241234762716743E-003
           8           7  -1.3993691153100664E-004
           8           8   2.0239307461309686     
           8           9   4.1347169550276356E-004
           8          10  -5.1471320302739758E-005
           8          11  -1.6420742632082090E-002
           8          12   1.6554353143036112E-002
           8          13  -2.0606457110990072E-003
           8          14   4.6161797793783307E-002
           8          15  -3.4041324854395512E-003
           8          16   4.2375135042425720E-004
           8          17  -2.0405591568761587E-002
           8          18  -1.1959536663808067E-011
           8          19   3.0487327896158800E-010
           8          20   4.3267998752590646E-010
           8          21   4.1525562192272560E-010
           8          22   4.5972905974063067E-010
           8          23   4.4601985596905636E-010
           8          24  -8.0426891046439337E-011
           8          25  -4.3508150469197463E-010
           8          26   1.8663577299947931E-010
           8          27   7.9675599634635961E-011
           8          28  -6.3108789888477710E-010
           8          29  -2.5774527422238488E-010
           8          30  -3.1811211662030364E-003
           8          31   1.6541784189823687E-004
           8          32  -1.4673567541479066E-003
           8          33   4.0884018637004407E-004
           8          34  -5.7902882067707839E-003
           8          35  -4.9436696835026150E-005
           8          36  -6.1289095351222409E-003
           8          37  -8.6649601682209105E-004
           8          38   1.0786583951957530E-004
           8          39  -1.3023501930433241E-002
           9           1   2.3197155972085208E-011
           9           2   1.5971647231325423E-010
           9           3   1.3408878169390161E-010
           9           4   1.2724416980480715E-011
           9           5  -1.0619107143800781E-009
           9           6  -1.6532731882965331E-002
           9           7  -4.4972617889618108E-005
           9           8   4.1347169550276356E-004
           9           9   2.5836671384974505E-004
           9          10   1.2391637881374034E-006
           9          11  -1.1389388110629676E-005
           9          12   3.0992432635414523E-003
           9          13   1.4037971861579519E-003
           9          14  -1.2907891908999504E-002
           9          15   6.1146718506313201E-004
           9          16  -1.8381539305016510E-005
           9          17   1.6902080381993488E-004
           9          18  -7.3283240146185989E-011
           9          19  -4.7872747659468504E-011
           9          20   1.4068704431095012E-010
           9          21  -4.3812084213112509E-011
           9          22   5.2200392439429068E-011
           9          23   6.4574673910902618E-011
           9          24   3.0360937058404952E-010
           9          25  -2.4867821797889394E-011
           9          26   2.8621949246520561E-010
           9          27   7.5861167105032427E-011
           9          28  -9.7777721376342008E-011
           9          29   3.1076113797713005E-010
           9          30   1.6928835681074536E-004
           9          31   6.3408833305239619E-006
           9          32   1.0343275793108872E-004
           9          33  -1.6446100494198495E-005
           9          34  -5.8303200762423444E-005
           9          35   2.1767801761828644E-005
           9          36   6.5811076497416756E-005
           9          37  -6.7857351552902170E-005
           9          38   1.7628311221342210E-005
           9          39  -1.8645010325955201E-005
          10           1   6.5351249566753509E-012
          10           2   8.6578013394699411E-011
          10           3   1.7772901078848563E-011
          10           4   3.9070816366564123E-010
          10           5  -2.1670029743262068E-010
          10           6  -4.4974607395417931E-005
          10           7  -1.6888384258114793E-002
          10           8  -5.1471320302739758E-005
          10           9   1.2391637881374034E-006
          10          10   2.6816294781594418E-004
          10          11   1.4171143865474745E-006
          10          12   1.4038226709236928E-003
          10          13   1.4202062321703738E-002
          10          14   1.6066837451625062E-003
          10          15  -1.8380622312447423E-005
          10          16   4.6608133605224373E-004
          10          17  -2.1040870088173130E-005
          10          18  -5.1725122637164592E-011
          10          19   1.2527678769644955E-012
          10          20   2.3171158427319141E-011
          10          21   1.0728799234776826E-011
          10          22   3.8684439636357593E-011
          10          23   5.1309661022135221E-012
          10          24   6.7593906843190023E-011
          10          25   1.5040651207259978E-011
          10          26  -2.8510713984168101E-011
          10          27   3.9732551927645046E-011
          10          28  -6.1100469816029966E-011
          10          29   2.6220372998355571E-012
          10          30  -2.3965893201066917E-006
          10          31   6.5642297265528009E-005
          10          32  -1.2508925028269655E-005
          10          33   1.0475824930321836E-004
          10          34   1.3382519833156833E-005
          10          35   2.5261235025624533E-005
          10          36  -1.4317493510222968E-005
          10          37   1.7628515491573125E-005
          10          38   7.1567974762531570E-005
          10          39   2.3207141532613258E-006
          11           1  -1.9582085635172302E-011
          11           2  -9.5480584153630760E-011
          11           3  -1.1551288016171727E-010
          11           4  -1.3789374796863912E-010
          11           5   8.9808539684310979E-010
          11           6   4.1347599425990998E-004
          11           7  -5.1473249162616639E-005
          11           8  -1.6420742632082090E-002
          11           9  -1.1389388110629676E-005
          11          10   1.4171143865474745E-006
          11          11   2.5528186954888732E-004
          11          12  -1.2907899684298559E-002
          11          13   1.6067093424323050E-003
          11          14  -3.9708824130066205E-004
          11          15   1.6902072924455052E-004
          11          16  -2.1040734351199412E-005
          11          17   6.5724975672294878E-004
          11          18   5.8010719444849555E-011
          11          19   4.0606574842718350E-011
          11          20  -1.2166087158514461E-010
          11          21   4.1177012898353825E-011
          11          22  -4.2819533709388267E-011
          11          23  -5.5930806572725517E-011
          11          24  -2.5731920516118366E-010
          11          25   2.4447545913726363E-011
          11          26  -2.5328738292946275E-010
          11          27  -5.8664896081198624E-011
          11          28   8.0771781665452440E-011
          11          29  -2.7023537774657460E-010
          11          30   2.2036750001409553E-005
          11          31   1.3382553418966820E-005
          11          32   6.5811023832955531E-005
          11          33  -1.8824084329973880E-005
          11          34  -5.5956924413277457E-005
          11          35   2.5872615964366636E-005
          11          36   1.2125885860965050E-004
          11          37  -1.1288358682836930E-004
          11          38   1.4051254696660289E-005
          11          39   1.4359699260585896E-004
          12           1   2.0301125682760355E-009
          12           2   1.1565638130133996E-008
          12           3   1.2977601575453132E-008
          12           4   7.6399854286005931E-009
          12           5  -9.9397032622412697E-008
          12           6   4.1677743044130883E-002
          12           7  -1.8004001223111718E-003
          12           8   1.6554353143036112E-002
          12           9   3.0992432635414523E-003
          12          10   1.4038226709236928E-003
          12          11  -1.2907899684298559E-002
          12          12   1.5629124393972438     
          12          13   4.3022111311947060E-002
          12          14 -0.39559800579612014     
          12          15  -6.7431263707567191E-003
          12          16   5.0692610798923066E-003
          12          17  -4.6611593374210614E-002
          12          18  -7.0894084478089393E-009
          12          19  -4.6094954416245424E-009
          12          20   1.3068422151711865E-008
          12          21  -4.7088187521301260E-009
          12          22   4.6294613479369076E-009
          12          23   5.7655443080889294E-009
          12          24   2.8496764909522844E-008
          12          25  -2.0642007216602457E-009
          12          26   2.6958063714806891E-008
          12          27   6.7774129651597186E-009
          12          28  -8.9107997335785352E-009
          12          29   2.9751693837564299E-008
          12          30   4.8533180903882573E-003
          12          31  -1.4967287387942980E-003
          12          32  -5.6484799107186876E-003
          12          33   1.3666348591865225E-003
          12          34   1.3762733765217122E-002
          12          35  -1.6416841329481855E-003
          12          36  -5.5842574361419884E-003
          12          37   7.2700113750611035E-003
          12          38   1.2252095834777428E-004
          12          39  -9.2437273024236280E-003
          13           1   5.8366612798818378E-010
          13           2   5.4623551493621505E-009
          13           3   1.7090298450663764E-009
          13           4   4.2397216770825691E-009
          13           5  -2.0601083596482190E-008
          13           6  -1.8003835222198134E-003
          13           7   2.7438404431446819E-002
          13           8  -2.0606457110990072E-003
          13           9   1.4037971861579519E-003
          13          10   1.4202062321703738E-002
          13          11   1.6067093424323050E-003
          13          12   4.3022111311947060E-002
          13          13   1.9031894733978478     
          13          14   4.9241815384746479E-002
          13          15   5.0692493188022516E-003
          13          16   3.3350198641738223E-002
          13          17   5.8020253436043123E-003
          13          18  -5.4010984609311469E-009
          13          19   1.7627468800308375E-010
          13          20   2.5781837057077115E-009
          13          21   3.4656043127621793E-010
          13          22   3.6232179107633668E-009
          13          23  -1.3755794951925424E-010
          13          24   6.0622967481520151E-009
          13          25   1.2621067611475195E-009
          13          26  -2.4766681712075011E-009
          13          27   2.7907563639126345E-009
          13          28  -6.0033754859988124E-009
          13          29  -3.6295562686025817E-010
          13          30   1.0918308863406860E-003
          13          31   6.0634662079814055E-003
          13          32  -1.1280503610732197E-003
          13          33  -1.8908574285793605E-003
          13          34   2.7311115911195574E-004
          13          35   9.2742940327984018E-003
          13          36  -1.2911283497294345E-003
          13          37   1.2251788377987528E-004
          13          38   8.2390149188467411E-003
          13          39   1.1506071536878139E-003
          14           1  -1.7341019823183064E-009
          14           2  -9.7759908901219478E-009
          14           3  -1.1190413794677542E-008
          14           4  -4.0815831969592271E-009
          14           5   8.5558696624890763E-008
          14           6   1.6554336360770795E-002
          14           7  -2.0606205155177569E-003
          14           8   4.6161797793783307E-002
          14           9  -1.2907891908999504E-002
          14          10   1.6066837451625062E-003
          14          11  -3.9708824130066205E-004
          14          12 -0.39559800579612014     
          14          13   4.9241815384746479E-002
          14          14   1.4557574443972268     
          14          15  -4.6611576911621364E-002
          14          16   5.8019963927063373E-003
          14          17  -1.9368706004708296E-002
          14          18   5.4603700025760706E-009
          14          19   4.1893356782376257E-009
          14          20  -1.0999459686941246E-008
          14          21   3.7434126396018575E-009
          14          22  -3.5074570278256743E-009
          14          23  -5.2164599355614106E-009
          14          24  -2.4496516015327666E-008
          14          25   1.8773333728294272E-009
          14          26  -2.3777117978518030E-008
          14          27  -6.2660779860878417E-009
          14          28   6.9903342548282068E-009
          14          29  -2.6437286982533439E-008
          14          30  -1.0039448172218499E-002
          14          31   2.7309961701938183E-004
          14          32  -5.5842584318681575E-003
          14          33   1.5641708460692699E-003
          14          34   3.5818584640191038E-003
          14          35  -1.5683946198202551E-003
          14          36  -7.1610794164378823E-003
          14          37   1.4830301591392725E-002
          14          38  -1.8460071730764833E-003
          14          39   7.8770680318350286E-003
          15           1   6.8140485704803402E-011
          15           2   4.3181220541790336E-010
          15           3   3.8633453610299286E-010
          15           4  -4.5821291210819030E-011
          15           5  -3.0422889708919174E-009
          15           6  -1.9483514512793853E-002
          15           7   3.7022512809778370E-004
          15           8  -3.4041324854395512E-003
          15           9   6.1146718506313201E-004
          15          10  -1.8380622312447423E-005
          15          11   1.6902072924455052E-004
          15          12  -6.7431263707567191E-003
          15          13   5.0692493188022516E-003
          15          14  -4.6611576911621364E-002
          15          15   2.1044471463214573E-003
          15          16  -1.3561012924023026E-004
          15          17   1.2469366722697370E-003
          15          18  -1.9990021182903386E-010
          15          19  -1.4515996605366317E-010
          15          20   3.8325510802657139E-010
          15          21  -1.1020147275082538E-010
          15          22   1.3806698288134716E-010
          15          23   1.8385098111633854E-010
          15          24   8.8021219367156878E-010
          15          25  -6.5680074103528481E-011
          15          26   7.9939927854597949E-010
          15          27   2.4786618202976441E-010
          15          28  -2.6827987174478516E-010
          15          29   9.0552694673667874E-010
          15          30   3.3339882545802891E-004
          15          31   4.6190288973384599E-005
          15          32   3.5925085594963743E-004
          15          33  -7.8824105938557937E-005
          15          34  -4.2471778226369698E-004
          15          35   1.0765662373198253E-004
          15          36   3.1644067712002598E-004
          15          37  -4.8789510431803573E-004
          15          38   7.0514598544581773E-005
          15          39   5.6615061792682854E-006
          16           1   1.7150867004643411E-011
          16           2   9.1359337857126108E-011
          16           3   4.5014489186724851E-011
          16           4   4.6829770859459197E-010
          16           5  -5.5775660176961995E-010
          16           6   3.7022344466521528E-004
          16           7  -1.6555426361474196E-002
          16           8   4.2375135042425720E-004
          16           9  -1.8381539305016510E-005
          16          10   4.6608133605224373E-004
          16          11  -2.1040734351199412E-005
          16          12   5.0692610798923066E-003
          16          13   3.3350198641738223E-002
          16          14   5.8019963927063373E-003
          16          15  -1.3561012924023026E-004
          16          16   1.0318800854124603E-003
          16          17  -1.5521904868016009E-004
          16          18  -1.6262444362390146E-010
          16          19   1.0942419121695591E-011
          16          20   7.5130144155056217E-011
          16          21   2.6399443841307014E-012
          16          22   1.1752007318632456E-010
          16          23  -5.8922275643649753E-012
          16          24   1.6954688453698958E-010
          16          25   4.7915784740013137E-011
          16          26  -7.5770809219659643E-011
          16          27   7.2703198086577973E-011
          16          28  -1.6321372848506143E-010
          16          29  -2.4464847164417354E-011
          16          30  -1.9345833140782335E-005
          16          31   7.3946202308979194E-005
          16          32  -3.3610104558919003E-005
          16          33   1.9490786578249249E-004
          16          34   5.1946423972511409E-005
          16          35  -1.7605985060308115E-005
          16          36  -3.8469239895553523E-005
          16          37   7.0515378883954320E-005
          16          38   6.9816092557289602E-005
          16          39  -7.0488945032126294E-007
          17           1  -5.8331855714260945E-011
          17           2  -3.1888002931798293E-010
          17           3  -3.2990127048679800E-010
          17           4   3.4437109556528891E-011
          17           5   2.5264801219154759E-009
          17           6  -3.4041262540308714E-003
          17           7   4.2374805671814434E-004
          17           8  -2.0405591568761587E-002
          17           9   1.6902080381993488E-004
          17          10  -2.1040870088173130E-005
          17          11   6.5724975672294878E-004
          17          12  -4.6611593374210614E-002
          17          13   5.8020253436043123E-003
          17          14  -1.9368706004708296E-002
          17          15   1.2469366722697370E-003
          17          16  -1.5521904868016009E-004
          17          17   2.4422028467773822E-003
          17          18   1.6808267014729991E-010
          17          19   1.1862801431646029E-010
          17          20  -3.4041231079921603E-010
          17          21   1.3189824857496384E-010
          17          22  -1.1759262629330435E-010
          17          23  -1.4500274593675272E-010
          17          24  -7.2909283132725131E-010
          17          25   6.4127771841650614E-011
          17          26  -7.1552199249567091E-010
          17          27  -1.5504943522154336E-010
          17          28   2.2222255944035898E-010
          17          29  -7.6055160697663218E-010
          17          30   1.7788635746430689E-004
          17          31   5.1945862560709624E-005
          17          32   3.1644054722283538E-004
          17          33  -9.0220397116302502E-005
          17          34  -3.9805121306012945E-004
          17          35   1.2307594031492203E-004
          17          36   4.4496446634641488E-004
          17          37  -6.5578191442345040E-004
          17          38   8.1629045414673257E-005
          17          39   1.8221908193081070E-004
          18           1   1.9484996013261025E-004
          18           2   4.5047635675561342E-003
          18           3   9.3650986808117208E-005
          18           4   1.0028524087157447E-002
          18           5  -2.5785024197655192E-004
          18           6   4.8800477404974651E-011
          18           7  -2.0089762371871679E-010
          18           8  -1.1959536663808067E-011
          18           9  -7.3283240146185989E-011
          18          10  -5.1725122637164592E-011
          18          11   5.8010719444849555E-011
          18          12  -7.0894084478089393E-009
          18          13  -5.4010984609311469E-009
          18          14   5.4603700025760706E-009
          18          15  -1.9990021182903386E-010
          18          16  -1.6262444362390146E-010
          18          17   1.6808267014729991E-010
          18          18   1.1248624676230443E-004
          18          19  -1.9394236625448678E-005
          18          20  -2.0356297651250648E-005
          18          21   1.7833133705506127E-004
          18          22  -2.2197931656951877E-005
          18          23   1.5431894681524870E-004
          18          24   1.6145252198510791E-004
          18          25  -2.2649839608491249E-005
          18          26   6.3086820494475492E-006
          18          27   2.0826925516968261E-004
          18          28  -2.5924179468997282E-005
          18          29   2.1030804816481259E-004
          18          30  -7.7429336528060690E-012
          18          31  -2.8360922626051771E-012
          18          32  -1.7513880892183709E-011
          18          33  -2.6523305291308798E-011
          18          34   2.8735638205757573E-011
          18          35   1.4979797625531685E-011
          18          36   8.4425108343496788E-012
          18          37  -2.2243530367214161E-011
          18          38   6.2299320380418654E-012
          18          39  -6.9495718124097360E-013
          19           1  -5.6756086125582530E-006
          19           2  -1.5239895923238080E-004
          19           3   6.3286651230535281E-007
          19           4  -6.8421584600686586E-005
          19           5   9.7933430720825785E-005
          19           6  -3.0310663027537802E-010
          19           7   1.4665864844667046E-010
          19           8   3.0487327896158800E-010
          19           9  -4.7872747659468504E-011
          19          10   1.2527678769644955E-012
          19          11   4.0606574842718350E-011
          19          12  -4.6094954416245424E-009
          19          13   1.7627468800308375E-010
          19          14   4.1893356782376257E-009
          19          15  -1.4515996605366317E-010
          19          16   1.0942419121695591E-011
          19          17   1.1862801431646029E-010
          19          18  -1.9394236625448678E-005
          19          19   7.3683794157567503E-006
          19          20   3.1076429602445460E-005
          19          21  -6.7753149265776321E-005
          19          22   8.4335775384320686E-006
          19          23  -3.5287681313629709E-005
          19          24  -3.7415496775750426E-005
          19          25   1.0666410865825211E-005
          19          26   3.5645895888815948E-005
          19          27  -9.8079581120853688E-005
          19          28   1.2208384683128761E-005
          19          29  -6.0422876213593474E-005
          19          30  -4.2055564693638624E-013
          19          31  -4.6610172159742800E-012
          19          32  -1.0617661262129174E-011
          19          33   2.6937052691251055E-012
          19          34   2.5559473708539716E-011
          19          35  -4.4188514761566242E-012
          19          36   9.6815339342509893E-012
          19          37  -1.7578368829996888E-011
          19          38  -8.4773955351328357E-014
          19          39  -7.1385172598306823E-012
          20           1   1.5597385674424088E-004
          20           2   3.4608816756587558E-003
          20           3   9.7987078248958700E-005
          20           4   9.5600156953141030E-003
          20           5   4.1295742471928631E-004
          20           6  -4.2371310567538548E-010
          20           7   8.4156909412686317E-011
          20           8   4.3267998752590646E-010
          20           9   1.4068704431095012E-010
          20          10   2.3171158427319141E-011
          20          11  -1.2166087158514461E-010
          20          12   1.3068422151711865E-008
          20          13   2.5781837057077115E-009
          20          14  -1.0999459686941246E-008
          20          15   3.8325510802657139E-010
          20          16   7.5130144155056217E-011
          20          17  -3.4041231079921603E-010
          20          18  -2.0356297651250648E-005
          20          19   3.1076429602445460E-005
          20          20   1.9250650315289308E-004
          20          21  -2.8575260728264378E-004
          20          22   3.5568946653718863E-005
          20          23  -8.7387799187106272E-005
          20          24  -9.4828968065161989E-005
          20          25   5.0411191184029710E-005
          20          26   2.5047113011329166E-004
          20          27  -4.6354016475248880E-004
          20          28   5.7698810539022526E-005
          20          29  -2.0356561405264110E-004
          20          30   9.4508851211119344E-012
          20          31   7.4705338766057982E-012
          20          32   3.0549824095106108E-011
          20          33   7.8686223967974093E-012
          20          34  -6.3962955524682509E-011
          20          35  -1.4486166755237883E-012
          20          36  -2.5183377301537718E-011
          20          37   4.9327459917902311E-011
          20          38  -6.0059787122734764E-012
          20          39   7.6667551044473967E-012
          21           1   5.2188309841899976E-005
          21           2   1.4013346195923832E-003
          21           3  -5.8208644816427056E-006
          21           4   6.2894032114609727E-004
