           1           1   3.7057754952313116     
           1           2   6.6120617963252872     
           1           3   6.0093895180707637     
           1           4  -6.0821787780481196E-002
           1           5  -2.1713280315376911     
           1           6 -0.72800210450021208     
           1           7   2.4793479853112972     
           1           8   2.2245488299428424E-012
           1           9  -2.0916891226792202E-012
           1          10   3.9430733858649057E-013
           1          11   7.6034442709478363E-012
           1          12  -3.0440069185084218E-013
           1          13   8.1935130221666621E-013
           1          14  -2.7708955149662051E-011
           1          15   2.1147910798337789E-011
           1          16  -4.0193895017938535E-012
           1          17   1.3317517639623356E-010
           1          18  -1.0131564538859434E-010
           1          19   1.9347728065530250E-011
           1          20   1.8674765739833196E-010
           1          21  -1.4189123404804678E-010
           1          22   2.7092248728928357E-011
           1          23   5.5739876096843707E-011
           1          24  -4.2268163638296174E-011
           1          25   8.0749081239565905E-012
           1          26  -4.2864989983471986     
           1          27  -1.5357287218309884E-013
           1          28  -4.2864989983467483     
           1          29  -9.5494380912519054E-014
           1          30   2.6156049827549412E-014
           1          31  -4.2864989983481649     
           1          32  0.86390063969206254     
           1          33   4.2573526911219181E-014
           1          34  0.86390063969200481     
           1          35   3.6439081366277889E-014
           1          36  -2.4969623732976552E-014
           1          37  0.86390063969197883     
           1          38  -2.7166645965165634     
           1          39  -1.3280125675395678E-013
           1          40  -2.7166645965162841     
           1          41  -7.4966989060381017E-014
           1          42   1.7016287247841958E-014
           1          43  -2.7166645965175706     
           1          44  0.79928825586594343     
           1          45   8.6415324461288328E-014
           1          46  0.79928825586572250     
           1          47   4.7257660339763967E-014
           1          48  -2.2696315667500614E-015
           1          49  0.79928825586685814     
           1          50  -7.6571885569536663E-012
           1          51   2.7440168254291650E-012
           1          52  -3.4516736378280697E-012
           1          53   6.1118108569708114E-012
           1          54  -5.3061146681846384E-013
           1          55   5.0604571641925503E-016
           1          56  -5.1455342784744377E-013
           1          57  -3.4282198104573316E-012
           1          58   2.7272607461575193E-012
           1          59  -1.1573788674046008E-012
           1          60   6.8965922558446424E-012
           1          61  -2.6261032105958477E-012
           1          62   3.0916731056006223E-012
           1          63  -5.8802778159888079E-012
           1          64   4.5606447463821343E-013
           1          65   4.8451227056477799E-015
           1          66   4.4953082235805523E-013
           1          67   3.0916156689732606E-012
           1          68  -2.6217521984660556E-012
           1          69   1.0070147413794852E-012
           2           1   6.6120617963252872     
           2           2   27.627276024784052     
           2           3   25.442375538624091     
           2           4  -1.8367930451083263     
           2           5  -7.1440425269153121     
           2           6  -2.1188255419992128     
           2           7   8.9337616928867423     
           2           8   8.4201247626649504E-012
           2           9  -6.7604971969811790E-012
           2          10   1.2986208545688154E-012
           2          11   2.8456186483582930E-011
           2          12  -7.3637526898645939E-013
           2          13   2.8118287528191590E-012
           2          14  -1.0575721548833213E-010
           2          15   7.0182815563334476E-011
           2          16  -1.3926552758328955E-011
           2          17   5.0883588039687839E-010
           2          18  -3.3574481803110985E-010
           2          19   6.6456755568749320E-011
           2          20   7.1355605474485931E-010
           2          21  -4.7017645795777427E-010
           2          22   9.3200372652281977E-011
           2          23   2.1304510230168014E-010
           2          24  -1.3999509954651237E-010
           2          25   2.7792255937421843E-011
           2          26  -16.981265468710060     
           2          27  -6.5267918963212259E-013
           2          28  -16.981265468708514     
           2          29  -3.2750829992402339E-013
           2          30   1.6977283987106823E-013
           2          31  -16.981265468713794     
           2          32   4.3551993996577849     
           2          33   5.8452462396904842E-014
           2          34   4.3551993996575060     
           2          35   1.1518559722260525E-013
           2          36  -4.1838149383801202E-014
           2          37   4.3551993996574740     
           2          38  -9.3317878480600154     
           2          39  -5.9870554052144544E-013
           2          40  -9.3317878480591183     
           2          41  -2.7159513056922681E-013
           2          42   1.3400577864904763E-013
           2          43  -9.3317878480639358     
           2          44   2.8498901054700401     
           2          45   4.9629266984227163E-013
           2          46   2.8498901054693313     
           2          47   1.7734446714756363E-013
           2          48  -9.5501784426345901E-014
           2          49   2.8498901054735528     
           2          50  -2.8885903764494756E-011
           2          51   9.1573277646237802E-012
           2          52  -1.2971960343473714E-011
           2          53   2.0445132469159982E-011
           2          54  -1.8003508164266689E-012
           2          55   5.4409634132402461E-016
           2          56  -1.7816005175436573E-012
           2          57  -1.2868025899163628E-011
           2          58   9.1155137098863657E-012
           2          59  -4.0340910293412248E-012
           2          60   2.6553739924367415E-011
           2          61  -8.7147707583521485E-012
           2          62   1.1819879871892834E-011
           2          63  -1.9523938264544140E-011
           2          64   1.5858522093221510E-012
           2          65   5.5130103578833260E-015
           2          66   1.5883494513871563E-012
           2          67   1.1897623609276385E-011
           2          68  -8.7361209828523685E-012
           2          69   3.5835777908235898E-012
           3           1   6.0093895180707637     
           3           2   25.442375538624091     
           3           3   23.513378219534324     
           3           4  -2.0192444289744640     
           3           5  -6.2109254825400537     
           3           6  -1.7783455617341208     
           3           7   7.9604098305447186     
           3           8   1.7154041379610289E-011
           3           9   8.5711355460648502E-012
           3          10   7.2998054124269076E-013
           3          11   8.8143797990803975E-011
           3          12   2.6687667480981025E-011
           3          13   3.2882240112008395E-012
           3          14  -2.5150950850731265E-010
           3          15  -1.1637363971485645E-010
           3          16  -6.1899369762668853E-012
           3          17   1.2048728405551850E-009
           3          18   5.5810708293506105E-010
           3          19   2.9290899563835333E-011
           3          20   1.6899009625909345E-009
           3          21   7.8205865314280312E-010
           3          22   4.1185189518946553E-011
           3          23   5.0401608341589238E-010
           3          24   2.3309734164315995E-010
           3          25   1.2296191453719830E-011
           3          26  -15.452690346347314     
           3          27  -2.2424832448188684E-012
           3          28  -15.452690346345223     
           3          29  -9.1732024377415354E-013
           3          30   7.0110754243190468E-013
           3          31  -15.452690346358780     
           3          32   4.1620951166674267     
           3          33   1.0957014323145376E-013
           3          34   4.1620951166671478     
           3          35   1.2627906325841416E-013
           3          36  -5.7811448287512108E-014
           3          37   4.1620951166674462     
           3          38  -8.1974432931512897     
           3          39  -2.1654548964943890E-012
           3          40  -8.1974432931497709     
           3          41  -8.5578263111118403E-013
           3          42   6.6000719664804275E-013
           3          43  -8.1974432931627774     
           3          44   2.5236990365784191     
           3          45   1.8160090162269601E-012
           3          46   2.5236990365771863     
           3          47   6.7420653248816420E-013
           3          48  -5.3863730412365274E-013
           3          49   2.5236990365882672     
           3          50  -7.2765546871426502E-011
           3          51  -1.5503848808602659E-011
           3          52  -3.2588602777950876E-011
           3          53  -3.4694315659453990E-011
           3          54  -7.7827012946520026E-013
           3          55   1.7697966311339078E-017
           3          56  -7.6380731824489377E-013
           3          57  -3.2497150524571837E-011
           3          58  -1.5539625521119846E-011
           3          59  -1.7514675761014502E-012
           3          60   5.9663689950685742E-011
           3          61   1.2958667591270730E-011
           3          62   2.6633130958084827E-011
           3          63   2.8941774339958451E-011
           3          64   6.0004293228680003E-013
           3          65   4.8454259017663364E-015
           3          66   6.0282687694377971E-013
           3          67   2.6702583837104422E-011
           3          68   1.2938045519273490E-011
           3          69   1.3769372210455334E-012
           4           1  -6.0821787780481196E-002
           4           2  -1.8367930451083263     
           4           3  -2.0192444289744640     
           4           4   1.4163503662937997     
           4           5 -0.98001189447438875     
           4           6 -0.54267125312255304     
           4           7  0.46084076577611510     
           4           8  -1.0259753523952910E-011
           4           9   1.6271762949221145E-011
           4          10  -5.3385203008075007E-013
           4          11  -4.5675589651946430E-011
           4          12   3.8615918517081962E-011
           4          13   5.8355859676844040E-013
           4          14   1.4232513476609483E-010
           4          15  -2.0746455148899105E-010
           4          16   6.7415072835137105E-012
           4          17  -6.8098403584561655E-010
           4          18   9.9344317280431112E-010
           4          19  -3.2426440684874694E-011
           4          20  -9.5487876030370140E-010
           4          21   1.3919942827052509E-009
           4          22  -4.5371524306793394E-011
           4          23  -2.8462804775388139E-010
           4          24   4.1472834312461192E-010
           4          25  -1.3516146969632000E-011
           4          26  0.39571224579301295     
           4          27   1.1788694390446102E-012
           4          28  0.39571224579203396     
           4          29   7.5679982338547054E-013
           4          30  -4.5836746525350558E-013
           4          31  0.39571224580003295     
           4          32 -0.88729366919592978     
           4          33  -3.2828197915486952E-014
           4          34 -0.88729366919588470     
           4          35  -2.6836990506850163E-014
           4          36   1.7763602023143866E-014
           4          37 -0.88729366919622898     
           4          38 -0.94562741575822296     
           4          39   1.1638171962072398E-012
           4          40 -0.94562741575928255     
           4          41   7.4413219339272213E-013
           4          42  -4.5441022737450375E-013
           4          43 -0.94562741575134845     
           4          44  0.20866520205992151     
           4          45  -9.8406753535064071E-013
           4          46  0.20866520206080155     
           4          47  -6.2821187201002651E-013
           4          48   3.7867268830407340E-013
           4          49  0.20866520205417308     
           4          50   4.2005240069636546E-011
           4          51  -2.7574350591915491E-011
           4          52   1.8777965637958259E-011
           4          53  -6.1664957815388528E-011
           4          54   8.8377387505664238E-013
           4          55   1.8670362332338741E-015
           4          56   8.9386507460701438E-013
           4          57   1.8787690163125883E-011
           4          58  -2.7582466849320986E-011
           4          59   1.9913360522273494E-012
           4          60  -3.4037396748340260E-011
           4          61   2.3627508935123821E-011
           4          62  -1.5224143192399335E-011
           4          63   5.2837181062861684E-011
           4          64  -8.6567814207448432E-013
           4          65   6.5040294251031706E-016
           4          66  -8.6796279901023555E-013
           4          67  -1.5221514618712411E-011
           4          68   2.3632983279187457E-011
           4          69  -1.9414823216260806E-012
           5           1  -2.1713280315376911     
           5           2  -7.1440425269153121     
           5           3  -6.2109254825400537     
           5           4 -0.98001189447438875     
           5           5   3.4836853953798301     
           5           6   1.3167100555674647     
           5           7  -3.4965392804002944     
           5           8   4.2038239313456955E-012
           5           9   1.6388835351186593E-011
           5          10  -1.2207417459393921E-012
           5          11   3.4661131858322425E-011
           5          12   1.5097511842867998E-011
           5          13  -2.8372569962711571E-013
           5          14  -7.1708723354453106E-011
           5          15  -1.8501532205247944E-010
           5          16   1.2620798835876464E-011
           5          17   3.4177892348948393E-010
           5          18   8.8705741509114310E-010
           5          19  -6.0478802213045641E-011
           5          20   4.7956473864941131E-010
           5          21   1.2423622727135228E-009
           5          22  -8.4697413936785949E-011
           5          23   1.4288160576984029E-010
           5          24   3.7012577413878581E-010
           5          25  -2.5236427998901243E-011
           5          26   5.2156255329558592     
           5          27  -9.2191439075011598E-013
           5          28   5.2156255329559738     
           5          29  -4.4384987038392475E-013
           5          30   3.5965721154777245E-013
           5          31   5.2156255329509698     
           5          32 -0.45415249067332264     
           5          33   1.0355977555387809E-014
           5          34 -0.45415249067326469     
           5          35  -1.8937840660354672E-014
           5          36  -2.2274255979046900E-015
           5          37 -0.45415249067294583     
           5          38   4.1740783289849333     
           5          39  -9.2642296636577820E-013
           5          40   4.1740783289853578     
           5          41  -4.5370718764398167E-013
           5          42   3.6889547150352652E-013
           5          43   4.1740783289802348     
           5          44  -1.1845461884735444     
           5          45   7.8784136958609177E-013
           5          46  -1.1845461884739068     
           5          47   4.0126928207604673E-013
           5          48  -3.1219093180583784E-013
           5          49  -1.1845461884697042     
           5          50  -2.1928306741691409E-011
           5          51  -2.4294146229100182E-011
           5          52  -9.7802462701543710E-012
           5          53  -5.4305006415238325E-011
           5          54   1.6503823758371694E-012
           5          55  -2.2770799242672724E-015
           5          56   1.6326413365498804E-012
           5          57  -9.8257113997528694E-012
           5          58  -2.4271020881149716E-011
           5          59   3.6756453919037151E-012
           5          60   1.5563776348137822E-011
           5          61   2.2186084052310441E-011
           5          62   6.9807975504215161E-012
           5          63   4.9616942281295044E-011
           5          64  -1.5573109726154119E-012
           5          65  -2.6261163470598748E-015
           5          66  -1.5554594079584591E-012
           5          67   6.9522999385794393E-012
           5          68   2.2186899591052171E-011
           5          69  -3.4879020586629395E-012
           6           1 -0.72800210450021208     
           6           2  -2.1188255419992128     
           6           3  -1.7783455617341208     
           6           4 -0.54267125312255304     
           6           5   1.3167100555674647     
           6           6  0.52372378888027493     
           6           7  -1.2425825044814292     
           6           8   2.8077483092835391E-012
           6           9   3.0655607844449984E-013
           6          10  -1.6667146525255877E-013
           6          11   2.0133478751569458E-011
           6          12  -3.2473391135199824E-012
           6          13  -5.2657479774561071E-013
           6          14  -5.3964508901486362E-011
           6          15   7.4533873712080640E-012
           6          16   1.5726215549867366E-012
           6          17   2.5789997566893403E-010
           6          18  -3.5702513163054178E-011
           6          19  -7.4825070596995014E-012
           6          20   3.6167736749515928E-010
           6          21  -5.0048941546768815E-011
           6          22  -1.0500840761463243E-011
           6          23   1.0778298605602633E-010
           6          24  -1.4914372642634867E-011
           6          25  -3.1308662718639626E-012
           6          26   1.6897079715601104     
           6          27  -7.4371252592204154E-013
           6          28   1.6897079715599237     
           6          29  -8.8317860988565401E-014
           6          30   2.4980511900015982E-013
           6          31   1.6897079715573340     
           6          32  -1.8285684473514894E-002
           6          33   1.7450748711752524E-014
           6          34  -1.8285684473489092E-002
           6          35  -8.5526974867099270E-015
           6          36  -5.4972984020988511E-015
           6          37  -1.8285684473340655E-002
           6          38   1.5430433463121878     
           6          39  -7.3835758485835188E-013
           6          40   1.5430433463121247     
           6          41  -9.2884185139535183E-014
           6          42   2.5122240757967743E-013
           6          43   1.5430433463094992     
           6          44 -0.42884961924100928     
           6          45   6.2482238075005527E-013
           6          46 -0.42884961924095566     
           6          47   8.5065740498635439E-014
           6          48  -2.1145331970588484E-013
           6          49 -0.42884961923879006     
           6          50  -1.6304630778349839E-011
           6          51   1.0840660673808721E-012
           6          52  -7.2816409944383415E-012
           6          53   2.4312963255271316E-012
           6          54   2.0577622525532966E-013
           6          55  -1.0450207283210899E-015
           6          56   1.9826470258662618E-013
           6          57  -7.2983323577253825E-012
           6          58   1.0930645994668805E-012
           6          59   4.5278357309544548E-013
           6          60   1.2478143746476735E-011
           6          61  -7.2423438655739431E-013
           6          62   5.5874872018615720E-012
           6          63  -1.6176470868029412E-012
           6          64  -1.6900414623867966E-013
           6          65  -9.9334513084907106E-016
           6          66  -1.6800926212877053E-013
           6          67   5.5776236832181839E-012
           6          68  -7.2482425840154036E-013
           6          69  -3.7883667142666844E-013
           7           1   2.4793479853112972     
           7           2   8.9337616928867423     
           7           3   7.9604098305447186     
           7           4  0.46084076577611510     
           7           5  -3.4965392804002944     
           7           6  -1.2425825044814292     
           7           7   3.7490758564330773     
           7           8  -3.7274881657607598E-013
           7           9  -2.8538386031199393E-011
           7          10   1.7670589933529303E-012
           7          11  -1.7395098144671369E-011
           7          12  -3.6775683211527722E-011
           7          13  -3.3695172592199385E-013
           7          14   9.5092668370731022E-012
           7          15   3.4094134418211050E-010
           7          16  -1.8853917076226342E-011
           7          17  -4.3842322124794190E-011
           7          18  -1.6342585639194379E-009
           7          19   9.0441301307448721E-011
           7          20  -6.1900112414860650E-011
           7          21  -2.2890778971810626E-009
           7          22   1.2662267359446783E-010
           7          23  -1.8378287449818890E-011
           7          24  -6.8197499064471012E-010
           7          25   3.7725602266815310E-011
           7          26  -6.0889401141247603     
           7          27   2.6745805594668921E-013
           7          28  -6.0889401141247763     
           7          29   3.5436771445481144E-013
           7          30  -1.6635977520339092E-013
           7          31  -6.0889401141226482     
           7          32  0.92111525957227580     
           7          33   1.1635782130082034E-014
           7          34  0.92111525957220131     
           7          35   2.6658200752173199E-014
           7          36  -6.6601210218149312E-015
           7          37  0.92111525957199358     
           7          38  -4.2943308809220593     
           7          39   2.8370034610740178E-013
           7          40  -4.2943308809223852     
           7          41   3.6774268320229593E-013
           7          42  -1.7919838618941107E-013
           7          43  -4.2943308809200929     
           7          44   1.2460569913466462     
           7          45  -2.4591531045810632E-013
           7          46   1.2460569913469297     
           7          47  -3.3051349344591941E-013
           7          48   1.5447324817410768E-013
           7          49   1.2460569913451018     
           7          50   3.5540748062935633E-012
           7          51   4.4977418209490416E-011
           7          52   1.5629511636021517E-012
           7          53   1.0055496110015792E-010
           7          54  -2.4662001508544620E-012
           7          55   1.7241336646034217E-015
           7          56  -2.4507632518824520E-012
           7          57   1.6100157567252950E-012
           7          58   4.4954958931354966E-011
           7          59  -5.5049695741231488E-012
           7          60  -3.6632493762241427E-013
           7          61  -4.0348618358790255E-011
           7          62  -1.8610550369852862E-013
           7          63  -9.0232625986384218E-011
           7          64   2.3642159255176764E-012
           7          65   2.6636887388119312E-015
           7          66   2.3631915606124965E-012
           7          67  -1.5494930533273512E-013
           7          68  -4.0352083905812300E-011
           7          69   5.2956712026931451E-012
           8           1   2.2245488299428424E-012
           8           2   8.4201247626649504E-012
           8           3   1.7154041379610289E-011
           8           4  -1.0259753523952910E-011
           8           5   4.2038239313456955E-012
           8           6   2.8077483092835391E-012
           8           7  -3.7274881657607598E-013
           8           8   1.9364607837141792     
           8           9  -1.8212835503472743E-002
           8          10   1.4828840425533136E-003
           8          11  0.13721914947962233     
           8          12   2.0223653227277694E-002
           8          13  -1.6466042674241183E-003
           8          14  -1.4277960243900292     
           8          15  0.20758255850256990     
           8          16  -1.6901314651618756E-002
           8          17   6.6136788219956193     
           8          18 -0.99798172564958243     
           8          19   8.1255396806741764E-002
           8          20   9.3059943150887570     
           8          21  -1.3963435405476257     
           8          22  0.11368990588677022     
           8          23   2.7636705981530261     
           8          24 -0.41591003407236538     
           8          25   3.3863280244237348E-002
           8          26  -5.8452328020137798E-012
           8          27   1.4911050267913122E-012
           8          28  -6.1840459604194636E-012
           8          29   3.1245119698660883E-013
           8          30   1.4792548515289665E-013
           8          31  -8.0500966407516424E-012
           8          32   6.5076615959473985E-012
           8          33   1.6531220256008763E-013
           8          34   7.2253342564598301E-012
           8          35   1.1317602340656590E-013
           8          36   2.1565898499384892E-013
           8          37   6.2238158635565286E-012
           8          38   3.3808872328955251E-012
           8          39   1.8214147512874641E-012
           8          40   3.5883446745748945E-012
           8          41   3.2344187076489989E-013
           8          42   2.2656152456744948E-013
           8          43   1.5197359098489152E-012
           8          44  -3.6491490646689309E-013
           8          45  -1.5552831253559147E-012
           8          46  -7.6857676869649417E-013
           8          47  -2.1399010725464109E-013
           8          48  -3.6892094201486179E-013
           8          49   1.5575354769004863E-012
           8          50 -0.17730414728780408     
           8          51   2.7280608295913847E-002
           8          52  -7.9292825205559858E-002
           8          53   6.1001294617015735E-002
           8          54  -2.2211796018893944E-003
           8          55   7.6880885055657918E-014
           8          56  -2.2211796021321130E-003
           8          57  -7.9292825205343156E-002
           8          58   2.7280608295775298E-002
           8          59  -4.9667085802998631E-003
           8          60  0.43087160172772537     
           8          61  -2.6855915881441712E-002
           8          62  0.19269163820761293     
           8          63  -6.0051653508408874E-002
           8          64   2.1866012631189054E-003
           8          65  -1.8526978977782685E-014
           8          66   2.1866012629028491E-003
           8          67  0.19269163820745322     
           8          68  -2.6855915881404003E-002
           8          69   4.8893890635727062E-003
           9           1  -2.0916891226792202E-012
           9           2  -6.7604971969811790E-012
           9           3   8.5711355460648502E-012
           9           4   1.6271762949221145E-011
           9           5   1.6388835351186593E-011
           9           6   3.0655607844449984E-013
           9           7  -2.8538386031199393E-011
           9           8  -1.8212835503472743E-002
           9           9   2.0628353376489112     
           9          10  -1.0498828039199602E-002
           9          11   2.0223653227690052E-002
           9          12  -3.1079926099008837E-003
           9          13   1.1657968223270726E-002
           9          14  0.20758255850301918     
           9          15  -2.8681622556904456     
           9          16  0.11966141050552236     
           9          17 -0.99798172564794718     
           9          18   13.538437758621846     
           9          19 -0.57528870349868588     
           9          20  -1.3963435405456588     
           9          21   18.994891578926804     
           9          22 -0.80492522501581498     
           9          23 -0.41591003407149557     
           9          24   5.6495718639290331     
           9          25 -0.23975223004975121     
           9          26   1.9641158750409430E-012
           9          27  -7.5637941903274312E-013
           9          28   2.0226862829931622E-012
           9          29  -1.8907701548774889E-013
           9          30   4.4066671453806165E-013
           9          31   3.0642405085462743E-012
           9          32   4.8825717227468005E-012
           9          33  -4.8909413433787194E-013
           9          34   4.6700218673238558E-012
           9          35  -2.9978138783454718E-014
           9          36  -3.6003709522069506E-013
           9          37   4.6021950052972172E-012
           9          38   1.2994084818257787E-011
           9          39  -1.2921084707557377E-012
           9          40   1.3121807705094031E-011
           9          41  -1.2340514590903313E-013
           9          42  -1.6088020654184358E-013
           9          43   1.3923009027085451E-011
           9          44  -6.0261619244955234E-012
           9          45   1.2455849872036548E-012
           9          46  -5.9553397385976620E-012
           9          47   8.1602875604214726E-014
           9          48   2.6855062296457918E-013
           9          49  -6.6641625377525530E-012
           9          50   6.1001294617434053E-002
           9          51 -0.26858650788295196     
           9          52   2.7280608295444219E-002
           9          53 -0.60057768946695977     
           9          54   1.5725965089265735E-002
           9          55  -5.5964580764574838E-013
           9          56   1.5725965089988640E-002
           9          57   2.7280608296074139E-002
           9          58 -0.26858650788294985     
           9          59   3.5164326950555325E-002
           9          60  -6.0051653508942399E-002
           9          61  0.37903848076068658     
           9          62  -2.6855915881516243E-002
           9          63  0.84755580906901573     
           9          64  -1.5481150236994489E-002
           9          65  -5.5668145078069377E-014
           9          66  -1.5481150236920047E-002
           9          67  -2.6855915881511511E-002
           9          68  0.37903848076076169     
           9          69  -3.4616904300012297E-002
          10           1   3.9430733858649057E-013
          10           2   1.2986208545688154E-012
          10           3   7.2998054124269076E-013
          10           4  -5.3385203008075007E-013
          10           5  -1.2207417459393921E-012
          10           6  -1.6667146525255877E-013
          10           7   1.7670589933529303E-012
          10           8   1.4828840425533136E-003
          10           9  -1.0498828039199602E-002
          10          10   1.9347431632136334     
          10          11  -1.6466042671629737E-003
          10          12   1.1657968223486560E-002
          10          13  0.13912640666810511     
          10          14  -1.6901314650336927E-002
          10          15  0.11966141050589621     
          10          16  -1.4082192781958427     
          10          17   8.1255396802296542E-002
          10          18 -0.57528870349972805     
          10          19   6.5195609197506439     
          10          20  0.11368990588052891     
          10          21 -0.80492522501747632     
          10          22   9.1743076103400973     
          10          23   3.3863280242520687E-002
          10          24 -0.23975223005023702     
          10          25   2.7244468539465565     
          10          26  -1.0226470319028620E-012
          10          27   1.3938807830567204E-013
          10          28  -1.1167056560525869E-012
          10          29   9.8244884797551323E-014
          10          30  -2.3435398675171222E-014
          10          31  -7.0257735368089608E-013
          10          32  -1.4996291244831748E-013
          10          33   4.4403781235149376E-014
          10          34  -1.0280514788385463E-013
          10          35  -7.0819720416763000E-015
          10          36   2.7258218569375745E-014
          10          37  -2.1885675424201874E-013
          10          38  -1.2982751140084674E-012
          10          39   1.9834766260902045E-013
          10          40  -1.3864531649660130E-012
          10          41   9.0650549039692924E-014
          10          42  -1.8577924752061468E-016
          10          43  -9.8402956222762690E-013
          10          44   5.4676823579593654E-013
          10          45  -1.7596831372704367E-013
          10          46   5.8667576453113488E-013
          10          47  -5.4015051113957869E-014
          10          48  -1.7907896105032983E-014
          10          49   3.0700909703040449E-013
          10          50  -4.9667085801968977E-003
          10          51   1.5725965089184737E-002
          10          52  -2.2211796019108330E-003
          10          53   3.5164326951311393E-002
          10          54  -7.6720038992757172E-002
          10          55   3.5862804765223671E-014
          10          56  -7.6720038992830614E-002
          10          57  -2.2211796019279439E-003
          10          58   1.5725965089176699E-002
          10          59 -0.17155122242422796     
          10          60   4.8893890631168660E-003
          10          61  -1.5481150237136193E-002
          10          62   2.1866012627143440E-003
          10          63  -3.4616904300072873E-002
          10          64  0.19015890398890101     
          10          65   2.6607980610252444E-015
          10          66  0.19015890398887564     
          10          67   2.1866012627063886E-003
          10          68  -1.5481150237144841E-002
          10          69  0.42520823584598710     
          11           1   7.6034442709478363E-012
          11           2   2.8456186483582930E-011
          11           3   8.8143797990803975E-011
          11           4  -4.5675589651946430E-011
          11           5   3.4661131858322425E-011
          11           6   2.0133478751569458E-011
          11           7  -1.7395098144671369E-011
          11           8  0.13721914947962233     
          11           9   2.0223653227690052E-002
          11          10  -1.6466042671629737E-003
          11          11   2.4850046476897854     
          11          12  -2.2456478551692513E-002
          11          13   1.8284002874967501E-003
          11          14  -6.5705862043430141     
          11          15 -0.23050104847540864     
          11          16   1.8767331779882435E-002
          11          17   31.431265392400970     
          11          18   1.1081655211267807     
          11          19  -9.0226531033100854E-002
          11          20   44.076585055333020     
          11          21   1.5505091200698140     
          11          22 -0.12624202483443880     
          11          23   13.137534707484296     
          11          24  0.46182925779387618     
          11          25  -3.7602010770354605E-002
          11          26  -2.8557493464293153E-011
          11          27   3.7328162967147505E-012
          11          28  -2.9662165093777408E-011
          11          29   8.2944764453052914E-013
          11          30   3.2059388136689734E-013
          11          31  -3.4092491724408803E-011
          11          32   3.4634915057307623E-011
          11          33   2.2676612978845992E-013
          11          34   3.6513784652733377E-011
          11          35   3.5002093694281529E-013
          11          36   4.3628358073125212E-013
          11          37   3.3682349173334533E-011
          11          38   2.7278848357185628E-011
          11          39   4.3963734195017565E-012
          11          40   2.7630907387065182E-011
          11          41   9.8433411629461882E-013
          11          42   3.0801513740611405E-013
          11          43   2.2503175611314161E-011
          11          44  -3.9350585410732902E-012
          11          45  -3.6884534526324260E-012
          11          46  -4.8264707890492598E-012
          11          47  -7.1086143597661623E-013
          11          48  -6.7652893959712413E-013
          11          49   1.1429788267396515E-012
          11          50  -2.0055414764834207     
          11          51  -3.0292568222149065E-002
          11          52 -0.89690541462254914     
          11          53  -6.7736241758996008E-002
          11          54   2.4664125486973470E-003
          11          55  -5.6256993038787732E-014
          11          56   2.4664125484249806E-003
          11          57 -0.89690541462165241     
          11          58  -3.0292568222557981E-002
          11          59   5.5150661182948738E-003
          11          60   1.5118365883220983     
          11          61   2.9820986950799745E-002
          11          62  0.67611387647223387     
          11          63   6.6681753979370068E-002
          11          64  -2.4280165302928065E-003
          11          65  -1.0008430066778671E-013
          11          66  -2.4280165308352836E-003
          11          67  0.67611387647183885     
          11          68   2.9820986950939304E-002
          11          69  -5.4292100133795209E-003
          12           1  -3.0440069185084218E-013
          12           2  -7.3637526898645939E-013
          12           3   2.6687667480981025E-011
          12           4   3.8615918517081962E-011
          12           5   1.5097511842867998E-011
          12           6  -3.2473391135199824E-012
          12           7  -3.6775683211527722E-011
          12           8   2.0223653227277694E-002
          12           9  -3.1079926099008837E-003
          12          10   1.1657968223486560E-002
          12          11  -2.2456478551692513E-002
          12          12   2.6408248361151045     
          12          13  -1.2945085163701766E-002
          12          14 -0.23050104847184394     
          12          15  -4.9711939967596006     
          12          16 -0.13287282314104357     
          12          17   1.1081655211167438     
          12          18   23.741967183429985     
          12          19  0.63880438841724130     
          12          20   1.5505091200556811     
          12          21   33.317969331730069     
          12          22  0.89379430355701317     
          12          23  0.46182925779045625     
          12          24   9.9330108190321482     
          12          25  0.26622246492446894     
