           1           1   2.3826800265143504     
           1           2  -1.0198390389904877     
           1           3  0.15145922350043745     
           1           4   2.4460406069373622E-002
           1           5  0.12211539968328514     
           1           6  -2.9818336385690026E-002
           1           7  -1.0411455978240714E-002
           1           8  -2.0839522935168706E-009
           1           9  -3.9272676700774572E-009
           1          10   2.0697632153191804E-008
           1          11   6.2921750329411421E-011
           1          12   1.7271350136430736E-009
           1          13   5.9065155425002969E-010
           1          14   8.8711046318057621E-011
           1          15  -4.6479006549079232E-011
           1          16   4.5337509368919915E-010
           1          17   3.9917587310476956E-011
           1          18   3.1313994856527193E-010
           1          19   1.5820384867109394E-010
           1          20  -7.5969456658266609E-012
           1          21   6.8266798887148545E-011
           1          22   1.8521604321889730E-010
           1          23   1.2968883931336570E-011
           1          24  -1.3348353489919411E-011
           1          25  -2.1248657148551387E-011
           1          26   1.0938234335450389E-004
           1          27   1.0930374311099475E-009
           1          28   1.0938283662372927E-004
           1          29  -8.0118330293033999E-010
           1          30  -1.1222167515182455E-008
           1          31   1.0938187558423562E-004
           1          32  -1.7676875782474579E-003
           1          33   6.9869400426726117E-008
           1          34  -1.7676867289569938E-003
           1          35  -5.0160361392349473E-008
           1          36  -7.4275101052369238E-007
           1          37  -1.7676873682056426E-003
           1          38   2.8298047196052946E-003
           1          39  -8.3336568843759597E-008
           1          40   2.8298042461375509E-003
           1          41   5.9801279578968738E-008
           1          42   8.8657938545455005E-007
           1          43   2.8298038776741656E-003
           1          44  -2.0759243251987796E-003
           1          45  -2.3740039287337913E-008
           1          46  -2.0759243139557054E-003
           1          47   1.7026767906221551E-008
           1          48   2.5257782020278290E-007
           1          49  -2.0759244340091383E-003
           1          50  -8.9265461061929283E-011
           1          51  -4.6529710266156544E-010
           1          52  -5.0646134035571124E-011
           1          53  -1.0268188581281079E-009
           1          54  -1.7106052734975034E-010
           1          55  -4.5722499483221384E-012
           1          56  -1.9157960908106970E-010
           1          57  -5.3521600607384810E-011
           1          58  -4.7196187620246446E-010
           1          59  -5.0521568257656817E-010
           1          60  -5.8544060962261019E-011
           1          61  -5.7730294285949351E-011
           1          62  -2.2848409444034934E-011
           1          63  -5.2820347719902194E-011
           1          64  -1.4783849109769806E-010
           1          65   1.1931119390300513E-012
           1          66  -1.4791875589142820E-010
           1          67  -2.9933249851210360E-011
           1          68  -5.5510404472418537E-011
           1          69  -3.3648768639811284E-010
           2           1  -1.0198390389904877     
           2           2   2.7596130903771865     
           2           3 -0.58796241983890196     
           2           4  -9.2127242272965870E-002
           2           5 -0.46802673246829030     
           2           6  0.11060462474898079     
           2           7   3.4100816212596481E-002
           2           8   1.1624977445384547E-008
           2           9   4.2046995585580890E-008
           2          10  -1.0216762372884055E-007
           2          11   1.3944843730572139E-010
           2          12  -4.6024880622740208E-009
           2          13  -2.7768117493401382E-010
           2          14  -3.4726025793669998E-010
           2          15  -5.1232177908432390E-011
           2          16  -1.7769572425010779E-009
           2          17  -1.1318660654442798E-010
           2          18  -9.3118245382251911E-010
           2          19  -4.1753043719235585E-010
           2          20   3.4579060096548100E-011
           2          21  -1.6368613846850260E-010
           2          22  -5.5192055282012554E-010
           2          23  -4.0175176418878166E-011
           2          24   5.7414046845647718E-011
           2          25   8.2968128975913907E-011
           2          26   8.2423700703557114E-005
           2          27  -2.5167129773545194E-009
           2          28   8.2421909960389648E-005
           2          29   1.8785749588800229E-009
           2          30   2.5447184292597389E-008
           2          31   8.2425468704626012E-005
           2          32   6.4511625093140647E-003
           2          33  -2.4770158952398752E-007
           2          34   6.4511594676098759E-003
           2          35   1.7783342847420991E-007
           2          36   2.6332680455728851E-006
           2          37   6.4511618593737843E-003
           2          38  -1.0487943187089031E-002
           2          39   3.1272358880565851E-007
           2          40  -1.0487941404321213E-002
           2          41  -2.2439627449395315E-007
           2          42  -3.3267721223725263E-006
           2          43  -1.0487940038620670E-002
           2          44   6.4655977986391583E-003
           2          45   7.9065974652379005E-008
           2          46   6.4655977283639733E-003
           2          47  -5.6699344524173846E-008
           2          48  -8.4117496623804804E-007
           2          49   6.4655981663054715E-003
           2          50   1.4779557816802527E-010
           2          51   1.2432225228801637E-009
           2          52   1.1195689993012745E-010
           2          53   2.6498862253029874E-009
           2          54   1.9994476353939259E-010
           2          55   1.7269011646974275E-011
           2          56   2.7826279447970797E-010
           2          57   1.2303807361451704E-010
           2          58   1.2684867898561907E-009
           2          59   9.7658333356974270E-010
           2          60   1.9460222558467642E-010
           2          61   1.5642670500302076E-010
           2          62   7.5914595724221347E-011
           2          63   5.2437246304208597E-011
           2          64   4.9988910081861541E-010
           2          65  -4.2548966219032531E-012
           2          66   4.9991428207443831E-010
           2          67   1.0106360632646342E-010
           2          68   1.5018456736844010E-010
           2          69   1.1373873665249555E-009
           3           1  0.15145922350043745     
           3           2 -0.58796241983890196     
           3           3  0.88830060684500722     
           3           4  0.15166480655242542     
           3           5  0.67999987526641492     
           3           6 -0.17932281130486277     
           3           7  -9.4982505075314846E-002
           3           8   3.1935883320904495E-008
           3           9   1.7432553286998179E-007
           3          10  -2.3111557658844000E-007
           3          11  -4.2694156445371940E-010
           3          12  -4.5871064493283856E-010
           3          13   1.4807752600678316E-009
           3          14   6.2879129595991760E-010
           3          15   1.5025964837071774E-009
           3          16   2.0093607323179656E-009
           3          17   1.4309743593340353E-010
           3          18   1.2863764274398356E-009
           3          19   3.9070131715284029E-010
           3          20  -1.8897510998962256E-010
           3          21  -1.9140145640872984E-010
           3          22   1.1066156003324729E-009
           3          23   8.6295090750162522E-011
           3          24  -3.4676053179324980E-010
           3          25  -3.5228747901840718E-010
           3          26  -5.7963078627039128E-004
           3          27   2.0803526918569323E-007
           3          28  -5.7962351236880854E-004
           3          29  -1.4943426368902939E-007
           3          30  -2.2082608493957078E-006
           3          31  -5.7963262971131625E-004
           3          32  -1.4288715505501306E-002
           3          33   2.7644271148526940E-007
           3          34  -1.4288709212342666E-002
           3          35  -1.9847348898689032E-007
           3          36  -2.9367077635603382E-006
           3          37  -1.4288716087958338E-002
           3          38   1.5082072543741099E-002
           3          39  -4.5839188080885570E-007
           3          40   1.5082071371518476E-002
           3          41   3.2886200524764095E-007
           3          42   4.8774812826308278E-006
           3          43   1.5082067454484522E-002
           3          44  -2.1477314937008676E-002
           3          45  -2.4894708910927328E-007
           3          46  -2.1477314957421140E-002
           3          47   1.7861814548517453E-007
           3          48   2.6487776105116509E-006
           3          49  -2.1477316272540414E-002
           3          50   2.0300472130665765E-011
           3          51  -2.4128236859168750E-010
           3          52   2.8855935581788741E-011
           3          53  -1.0026083039294129E-009
           3          54  -2.1552556035827253E-010
           3          55  -2.2264463759172880E-012
           3          56  -2.6171485914267119E-010
           3          57   1.5078555344518002E-011
           3          58  -2.6599341799446376E-010
           3          59  -1.4715916060137320E-011
           3          60  -2.2759413515052102E-010
           3          61  -2.8642940896502631E-010
           3          62  -9.8760615487333668E-011
           3          63  -2.3998013946364946E-010
           3          64  -3.2353277864190612E-010
           3          65  -1.1153007961839949E-011
           3          66  -3.4200733955960788E-010
           3          67  -1.3612174491377276E-010
           3          68  -2.8415506131299040E-010
           3          69  -7.1927788874642188E-010
           4           1   2.4460406069373622E-002
           4           2  -9.2127242272965870E-002
           4           3  0.15166480655242542     
           4           4   5.4918665808182367E-002
           4           5  0.10560884643720767     
           4           6  -6.0125503273984873E-002
           4           7  -9.0820367210629360E-002
           4           8   2.4517591142958631E-008
           4           9   1.3997990443126183E-007
           4          10  -1.7285345013723925E-007
           4          11  -1.3320413294801371E-010
           4          12  -1.1534272111409629E-009
           4          13  -5.7956326591734555E-010
           4          14   1.4806761905091549E-010
           4          15   5.9880050175591015E-010
           4          16   7.9201642922931318E-011
           4          17   6.8881978357997517E-011
           4          18   9.2161065965637493E-010
           4          19   1.7239688116585612E-011
           4          20  -2.0301977143286746E-010
           4          21  -3.0687935264620742E-010
           4          22   9.4458672487522387E-010
           4          23   7.3897729669210156E-011
           4          24  -3.7857115924455514E-010
           4          25  -3.7328938283969511E-010
           4          26   3.2458664808636954E-005
           4          27   1.4371961234578846E-007
           4          28   3.2470052025004265E-005
           4          29  -1.0308598219243730E-007
           4          30  -1.5231402255435154E-006
           4          31   3.2453013318564183E-005
           4          32  -9.8200333055103277E-003
           4          33   1.2785638112696985E-007
           4          34  -9.8200244035079546E-003
           4          35  -9.1741026211720811E-008
           4          36  -1.3557488658748687E-006
           4          37  -9.8200375266472018E-003
           4          38   3.6586964249995463E-003
           4          39  -1.4748448765725619E-007
           4          40   3.6587002214671129E-003
           4          41   1.0589994600917504E-007
           4          42   1.5718863515962067E-006
           4          43   3.6586917584413153E-003
           4          44  -2.3355259783082886E-002
           4          45  -2.2458687905562990E-007
           4          46  -2.3355259191618346E-002
           4          47   1.6121458537570452E-007
           4          48   2.3901278795281041E-006
           4          49  -2.3355261655001014E-002
           4          50  -3.2361881262731318E-012
           4          51   6.2517102595339608E-011
           4          52   2.3727376830976405E-011
           4          53  -2.1715760598804936E-010
           4          54  -1.5159697778116645E-010
           4          55  -6.9526381744269778E-013
           4          56  -1.5958851790180055E-010
           4          57   1.8114290508434930E-011
           4          58   6.1589744068129424E-011
           4          59   5.5424913444184286E-011
           4          60  -5.3003909626600390E-011
           4          61  -6.2864875046339440E-011
           4          62  -7.3516182659022350E-012
           4          63  -5.0877751206670595E-011
           4          64  -2.3531283659914333E-011
           4          65  -2.6997065466337320E-012
           4          66  -2.9922996447678015E-011
           4          67  -3.5844352391223886E-011
           4          68  -4.2399241895730820E-011
           4          69  -7.2312574774130269E-011
           5           1  0.12211539968328514     
           5           2 -0.46802673246829030     
           5           3  0.67999987526641492     
           5           4  0.10560884643720767     
           5           5  0.52443121302291529     
           5           6 -0.12660794634701722     
           5           7  -4.5694210864746426E-002
           5           8   1.8024061829060059E-008
           5           9   1.0000559372015404E-007
           5          10  -1.3010083362855545E-007
           5          11  -2.9649765339804822E-010
           5          12   4.9858228919910255E-011
           5          13   1.4395048532951242E-009
           5          14   4.7170449582632107E-010
           5          15   1.0435305034066633E-009
           5          16   1.6163392662167129E-009
           5          17   9.4145433835443397E-011
           5          18   7.3294093955031722E-010
           5          19   3.1732232931256756E-010
           5          20  -8.2641624970959446E-011
           5          21  -4.6181961605533803E-011
           5          22   5.7418392045592930E-010
           5          23   4.4686525518720116E-011
           5          24  -1.4950259599003935E-010
           5          25  -1.5611444102242858E-010
           5          26  -4.8866638911193561E-004
           5          27   1.2013210759291713E-007
           5          28  -4.8866295671137088E-004
           5          29  -8.6342834168040591E-008
           5          30  -1.2760510818079791E-006
           5          31  -4.8866807563956714E-004
           5          32  -8.2641823031744648E-003
           5          33   1.8350950197677767E-007
           5          34  -8.2641791282163403E-003
           5          35  -1.3176831712301645E-007
           5          36  -1.9503688346747513E-006
           5          37  -8.2641829473876598E-003
           5          38   1.1159007194049126E-002
           5          39  -3.2566344901479389E-007
           5          40   1.1159005643350362E-002
           5          41   2.3360866198648842E-007
           5          42   3.4642645844201159E-006
           5          43   1.1159003535471747E-002
           5          44  -9.3104218125440071E-003
           5          45  -1.2441897302473159E-007
           5          46  -9.3104218357657979E-003
           5          47   8.9243436534432203E-008
           5          48   1.3236143363920128E-006
           5          49  -9.3104225353303188E-003
           5          50   1.6422819779707349E-011
           5          51  -2.1483727918300556E-010
           5          52   1.6311894335184387E-011
           5          53  -7.6773837023747368E-010
           5          54  -1.3445505957726959E-010
           5          55  -1.6902251738791745E-012
           5          56  -1.7005960008612840E-010
           5          57   6.9364312666904728E-012
           5          58  -2.3500772653339583E-010
           5          59  -3.5653993076296373E-011
           5          60  -1.7094162132358763E-010
           5          61  -2.1729144940661881E-010
           5          62  -7.9501761822601882E-011
           5          63  -1.9074975434585826E-010
           5          64  -2.5809085754730246E-010
           5          65  -8.1795536543870755E-012
           5          66  -2.7099455399082201E-010
           5          67  -1.0015015103772456E-010
           5          68  -2.2274624860396040E-010
           5          69  -5.6397421379002318E-010
           6           1  -2.9818336385690026E-002
           6           2  0.11060462474898079     
           6           3 -0.17932281130486277     
           6           4  -6.0125503273984873E-002
           6           5 -0.12660794634701722     
           6           6   6.6201786139300778E-002
           6           7   9.5022871459677846E-002
           6           8  -2.5745473833457506E-008
           6           9  -1.5041667392734866E-007
           6          10   1.7949328524800696E-007
           6          11   1.5333778982184255E-010
           6          12   1.1465693470085947E-009
           6          13   4.9634685975352894E-010
           6          14  -1.6773250781493635E-010
           6          15  -6.7137562673240433E-010
           6          16  -1.4856285027350185E-010
           6          17  -7.3895312745469999E-011
           6          18  -9.7554869130555877E-010
           6          19  -3.0553844208161032E-011
           6          20   2.1175198419904426E-010
           6          21   3.1720314459606625E-010
           6          22  -9.9180169063340974E-010
           6          23  -7.7567508443335740E-011
           6          24   3.9462414852556964E-010
           6          25   3.8942388092240058E-010
           6          26  -1.6414483410335818E-005
           6          27  -1.5334058361752357E-007
           6          28  -1.6424637109826990E-005
           6          29   1.0999774822212665E-007
           6          30   1.6253656256585976E-006
           6          31  -1.6414135315368606E-005
           6          32   1.0388277456431939E-002
           6          33  -1.3885259667887313E-007
           6          34   1.0388269482387146E-002
           6          35   9.9637920905077517E-008
           6          36   1.4726221816895399E-006
           6          37   1.0388277568029597E-002
           6          38  -4.1463819796616341E-003
           6          39   1.6226545120788460E-007
           6          40  -4.1463849653252983E-003
           6          41  -1.1650294992585354E-007
           6          42  -1.7291432822476099E-006
           6          43  -4.1463799012114774E-003
           6          44   2.4352583178923519E-002
           6          45   2.3520020204074682E-007
           6          46   2.4352582797848816E-002
           6          47  -1.6882988871716633E-007
           6          48  -2.5030413756699008E-006
           6          49   2.4352584387441811E-002
           6          50   2.8197477051467722E-012
           6          51  -6.2742761977907841E-011
           6          52  -2.5224397527921126E-011
           6          53   2.5183023035309625E-010
           6          54   1.5925008175194048E-010
           6          55   7.7300546318518319E-013
           6          56   1.6868613968163171E-010
           6          57  -1.9121369946598070E-011
           6          58  -6.1103606405094581E-011
           6          59  -5.4570554743418335E-011
           6          60   6.0677643726021342E-011
           6          61   7.2898692858423789E-011
           6          62   1.0332594496843122E-011
           6          63   6.3743721862650156E-011
           6          64   3.2653894207859706E-011
           6          65   3.0578327009934500E-012
           6          66   3.9669320189574376E-011
           6          67   4.0359353552074834E-011
           6          68   5.2022946799882017E-011
           6          69   9.4342280057223197E-011
           7           1  -1.0411455978240714E-002
           7           2   3.4100816212596481E-002
           7           3  -9.4982505075314846E-002
           7           4  -9.0820367210629360E-002
           7           5  -4.5694210864746426E-002
           7           6   9.5022871459677846E-002
           7           7  0.20194855477128135     
           7           8  -1.0602150299618606E-008
           7           9  -6.7738645688540647E-008
           7          10   7.0641189734085591E-008
           7          11   2.1021329781982543E-010
           7          12   1.6356264353351254E-009
           7          13  -2.2340878952372509E-010
           7          14  -1.2853636486972256E-010
           7          15  -1.0813750707923427E-009
           7          16  -3.5898372395980485E-010
           7          17  -1.2942604988365461E-010
           7          18  -1.9935532559995433E-009
           7          19  -6.8026066332720298E-012
           7          20   4.5816916926676235E-010
           7          21   7.1551209029262822E-010
           7          22  -2.0638763314806733E-009
           7          23  -1.6146359517067075E-010
           7          24   8.5560718110004750E-010
           7          25   8.4062223569902383E-010
           7          26  -2.6650922076755295E-004
           7          27  -4.4618400848485508E-007
           7          28  -2.6649973393889551E-004
           7          29   3.1994843740314956E-007
           7          30   4.7413581010269581E-006
           7          31  -2.6651517162979462E-004
           7          32   2.0507987848148414E-002
           7          33  -3.4790886025441809E-007
           7          34   2.0507995046271751E-002
           7          35   2.4955748891605752E-007
           7          36   3.6973293316645570E-006
           7          37   2.0507983214877259E-002
           7          38  -4.3923328677642776E-003
           7          39   1.5304622181500752E-007
           7          40  -4.3923242166531377E-003
           7          41  -1.1004103189124729E-007
           7          42  -1.6305659173640611E-006
           7          43  -4.3923327536559368E-003
           7          44   5.2913033656735477E-002
           7          45   4.7445862112544066E-007
           7          46   5.2913037078097573E-002
           7          47  -3.4061150794128028E-007
           7          48  -5.0480350106555115E-006
           7          49   5.2913035413551031E-002
           7          50  -2.1921092310075749E-012
           7          51  -4.7882722394172088E-011
           7          52  -1.7136846654400122E-011
           7          53   1.2911210358104094E-010
           7          54   5.6075669022941669E-011
           7          55   9.9597289199697739E-013
           7          56   6.1355948968830687E-011
           7          57  -7.0896539592875488E-012
           7          58  -5.4011415324243289E-011
           7          59  -8.7619151801232969E-012
           7          60   3.8895489430469195E-011
           7          61   3.1385215640407061E-011
           7          62  -1.9297592579348060E-011
           7          63  -7.2310429601457398E-011
           7          64  -3.0406808152556042E-011
           7          65   3.2421576867419312E-012
           7          66  -2.0194845655973941E-011
           7          67   4.1517996993854006E-011
           7          68  -2.0554000031324992E-011
           7          69   1.2581453562511519E-010
           8           1  -2.0839522935168706E-009
           8           2   1.1624977445384547E-008
           8           3   3.1935883320904495E-008
           8           4   2.4517591142958631E-008
           8           5   1.8024061829060059E-008
           8           6  -2.5745473833457506E-008
           8           7  -1.0602150299618606E-008
           8           8   2.2630928291841936     
           8           9   5.4105264137388488E-009
           8          10   2.2735455337622205E-009
           8          11 -0.67994777873336965     
           8          12  -7.7516763406454086E-010
           8          13   1.2268663108854177E-009
           8          14 -0.16002833983288253     
           8          15  -3.3315503939888175E-008
           8          16   3.3084161910415697E-008
           8          17  -2.8718067646438996E-002
           8          18   7.7719508747970405E-008
           8          19  -5.1356813735142732E-008
           8          20  -2.6916594959361748E-003
           8          21  -5.7882403124812273E-009
           8          22   9.6794917935506115E-009
           8          23  -9.9050638546770674E-004
           8          24   2.5565185254203452E-009
           8          25  -3.3200131985033554E-009
           8          26  -1.4034384070718445E-008
           8          27   8.7033197664725020E-010
           8          28  -1.0754235156501125E-008
           8          29  -4.0340524605008632E-010
           8          30  -1.5023117883839129E-009
           8          31  -2.0318965229859735E-008
           8          32  -1.4065619603495498E-008
           8          33  -4.0005224626721122E-009
           8          34  -1.3605199387588538E-008
           8          35   4.2329982921313766E-012
           8          36   2.5738266383899253E-010
           8          37  -6.8269424917852102E-009
           8          38   1.6588938900264929E-008
           8          39   3.7094595473804489E-009
           8          40   2.1421512865203850E-008
           8          41   3.2800114543310546E-009
           8          42  -3.0620403276328059E-010
           8          43   1.2294764352191657E-008
           8          44   1.0809415277734036E-008
           8          45  -1.5826067500375254E-009
           8          46   9.6902460690556730E-009
           8          47   7.8879771311263250E-011
           8          48   1.1333809102670195E-009
           8          49   1.3718905284744075E-008
           8          50   1.4824856417975829E-003
           8          51  -1.0952767538746750E-007
           8          52  -8.6160697464182667E-004
           8          53   1.8768484337825858E-008
           8          54   7.9298513912518660E-008
           8          55   1.4634681759144956E-006
           8          56   4.3490721011265084E-008
           8          57  -8.6160295460029730E-004
           8          58  -5.7648091259633055E-008
           8          59  -1.8345713779761116E-008
           8          60   2.0503557241533295E-003
           8          61  -3.3724343444423740E-008
           8          62  -3.0227305921683217E-003
           8          63   1.5534927724689454E-007
           8          64   2.3611736638912315E-008
           8          65   2.4835877894177286E-006
           8          66   6.2307582496082418E-008
           8          67  -3.0227352667412189E-003
           8          68  -9.1411028770011877E-008
           8          69  -1.1526791811795419E-007
           9           1  -3.9272676700774572E-009
           9           2   4.2046995585580890E-008
           9           3   1.7432553286998179E-007
           9           4   1.3997990443126183E-007
           9           5   1.0000559372015404E-007
           9           6  -1.5041667392734866E-007
           9           7  -6.7738645688540647E-008
           9           8   5.4105264137388488E-009
           9           9   2.2630928291312036     
           9          10  -1.5478808816113115E-008
           9          11  -5.4500945842653183E-008
           9          12 -0.67994774699479654     
           9          13   3.8641266020005615E-008
           9          14  -1.4796420718648012E-007
           9          15 -0.16002827855750029     
           9          16   4.5790854407425754E-007
           9          17   5.7593009730769944E-008
           9          18  -2.8718027326652587E-002
           9          19  -7.9863102173026696E-007
           9          20  -1.3743411061866118E-008
           9          21  -2.6915988630408835E-003
           9          22   1.2929856246278246E-007
           9          23  -4.1367077094036890E-009
           9          24  -9.9049596006091649E-004
           9          25  -3.8685166953853806E-008
           9          26  -6.7751535630667530E-008
           9          27   2.1635161175380974E-008
           9          28  -4.7040302708544225E-008
           9          29   8.7357987938416321E-009
           9          30  -7.1832481771258887E-009
           9          31  -1.3310314362371151E-007
           9          32  -8.9006717585104979E-008
           9          33  -5.0348359604371263E-008
           9          34  -8.5055706041592199E-008
           9          35  -7.3693546101156631E-009
           9          36  -2.7479259343213887E-009
           9          37  -2.1110009913605897E-008
           9          38   9.6348888535762066E-008
           9          39   5.1898882168692728E-008
           9          40   1.4620458271437319E-007
           9          41   1.6695460751279277E-008
           9          42   1.0168687004166786E-009
           9          43   5.0936811928224785E-008
           9          44   6.1932580643570049E-008
           9          45  -1.6618381874339565E-008
           9          46   4.7288374855594372E-008
           9          47   1.9441881664642294E-008
           9          48   1.1564538908484797E-008
           9          49   9.6163504172251562E-008
           9          50   6.5664667489141221E-008
           9          51  -8.6161937291673362E-004
           9          52  -1.1783786239934642E-007
           9          53   1.4824614150230487E-003
           9          54   5.8725644350796168E-007
           9          55   1.0272864274334586E-007
           9          56   1.1879617068874632E-006
           9          57  -3.0657095733265869E-008
           9          58  -8.6163567051285273E-004
           9          59  -2.5832516110947994E-007
           9          60   2.5207627713023773E-007
           9          61  -3.0227539315101082E-003
           9          62   2.9184687212901423E-008
           9          63   2.0503360415862690E-003
           9          64   9.4519935524378462E-007
           9          65   1.7128818963513219E-007
           9          66   3.5148015291845386E-007
           9          67  -5.7167382015735656E-008
           9          68  -3.0227697398301154E-003
           9          69  -1.6816910907137386E-006
          10           1   2.0697632153191804E-008
          10           2  -1.0216762372884055E-007
          10           3  -2.3111557658844000E-007
          10           4  -1.7285345013723925E-007
          10           5  -1.3010083362855545E-007
          10           6   1.7949328524800696E-007
          10           7   7.0641189734085591E-008
          10           8   2.2735455337622205E-009
          10           9  -1.5478808816113115E-008
          10          10   2.2630928215824193     
          10          11   1.8748816567316078E-008
          10          12   2.3547627671587242E-008
          10          13 -0.67994775522108597     
          10          14   1.2806940098315035E-007
          10          15   3.8170996379183564E-007
          10          16 -0.16002834724325227     
          10          17  -6.3294799518391639E-008
          10          18  -8.0224846001863234E-007
          10          19  -2.8718094711303894E-002
          10          20  -1.2341595697635376E-008
          10          21   1.0049265197889183E-007
          10          22  -2.6916727607110258E-003
          10          23  -1.1192629976684380E-008
          10          24  -2.0644332340772825E-008
          10          25  -9.9049756865572896E-004
          10          26   1.0687089661185152E-007
          10          27  -1.4549505024221368E-008
          10          28   8.8258959382590839E-008
          10          29  -6.3555236917583938E-009
          10          30   1.0379620625677479E-008
          10          31   1.3834724398290862E-007
          10          32   9.5687639632183163E-008
          10          33   3.3752354902403051E-008
          10          34   8.3860833747299677E-008
          10          35   8.3369696019180853E-009
          10          36  -4.4534880993431064E-009
          10          37   6.1872415495168244E-008
          10          38  -1.1823540901473667E-007
          10          39  -2.8865364804624275E-008
          10          40  -1.3365152108325870E-007
          10          41  -3.7680122016490795E-008
          10          42   2.7161661292477988E-009
          10          43  -9.7915196499159358E-008
          10          44  -7.6382631868326139E-008
          10          45   6.4384321500897027E-009
          10          46  -7.4133986701518480E-008
          10          47   1.2438862534816173E-008
          10          48  -5.1709789916996598E-009
          10          49  -8.5345402621156130E-008
          10          50  -2.9660280065056153E-008
          10          51   5.8420156212093905E-007
          10          52   4.7081041199180161E-008
          10          53  -2.1331705199653059E-007
          10          54  -8.6161585650186686E-004
          10          55  -1.3784646277674960E-007
          10          56  -8.6163509227106722E-004
          10          57   6.3597166446110777E-008
          10          58   1.1701485956016869E-006
          10          59   1.4824929770819260E-003
          10          60  -1.9083435554825345E-007
          10          61   9.5355640060923892E-007
          10          62   8.7538188146270301E-009
          10          63  -1.6602466333638522E-006
          10          64  -3.0227415854935302E-003
          10          65  -2.4623764398915019E-007
          10          66  -3.0227292935256500E-003
          10          67  -1.1260359528075903E-009
          10          68   3.5662732548522041E-007
          10          69   2.0503650611943527E-003
          11           1   6.2921750329411421E-011
          11           2   1.3944843730572139E-010
          11           3  -4.2694156445371940E-010
          11           4  -1.3320413294801371E-010
          11           5  -2.9649765339804822E-010
          11           6   1.5333778982184255E-010
          11           7   2.1021329781982543E-010
          11           8 -0.67994777873336965     
          11           9  -5.4500945842653183E-008
          11          10   1.8748816567316078E-008
          11          11   1.7563986335992330     
          11          12   1.6172218310653549E-007
          11          13  -1.1576622277105609E-007
          11          14  0.41236296048220045     
          11          15   5.8187641681593158E-008
          11          16  -4.1842888216704979E-008
          11          17   7.3845980917546294E-002
          11          18  -1.8421587119229177E-007
          11          19   1.3219004973865015E-007
          11          20   6.8206843083378097E-003
          11          21   3.5878045262071276E-008
          11          22  -2.5700963361831684E-008
          11          23   2.5272115083932681E-003
          11          24  -3.2853344479934365E-009
          11          25   2.3554189762032014E-009
          11          26  -6.9701876394613190E-010
          11          27   6.1831635673064660E-010
          11          28   1.0983679604708389E-009
          11          29   8.5910493837864695E-010
          11          30   1.9785190678022260E-010
          11          31  -9.8181483980826367E-010
          11          32   3.7361308487664407E-011
          11          33  -1.1819556826685088E-009
          11          34   1.2156212189370738E-009
          11          35   3.6470063456363387E-010
          11          36   1.2894729383907085E-010
          11          37  -3.0587484312137297E-010
          11          38   1.3049850410520510E-010
          11          39   4.1324639110459309E-009
          11          40   2.9546684255615332E-010
          11          41   1.9396253501787475E-009
          11          42   7.9441985888894595E-011
          11          43  -5.3448539797476642E-010
          11          44   4.1129227417847576E-011
          11          45   8.6399904111470795E-010
          11          46   1.3308691693302086E-010
          11          47   5.0456842643616252E-010
          11          48   2.3119679306413331E-011
          11          49  -5.0983904875405920E-011
          11          50  -5.6509523836491896E-003
          11          51   2.4240365529414254E-007
          11          52   4.0053009961267773E-003
          11          53  -2.1037569586751773E-007
          11          54  -1.7507202443614957E-007
          11          55  -5.2500767115381758E-006
          11          56  -1.2381121526025782E-007
          11          57   4.0053009678023815E-003
          11          58   1.7169111958675995E-007
          11          59   1.5216010291021335E-007
          11          60  -5.8098470594023562E-003
          11          61   4.6373893317397696E-008
          11          62   8.0897523182589613E-003
          11          63  -3.8722938004148638E-007
          11          64  -3.4568973911483265E-008
          11          65  -6.3882802426919493E-006
          11          66  -1.8347143601805891E-007
          11          67   8.0897521895492396E-003
          11          68   2.5460016644335487E-007
          11          69   2.7949932159769504E-007
          12           1   1.7271350136430736E-009
          12           2  -4.6024880622740208E-009
          12           3  -4.5871064493283856E-010
          12           4  -1.1534272111409629E-009
          12           5   4.9858228919910255E-011
          12           6   1.1465693470085947E-009
          12           7   1.6356264353351254E-009
          12           8  -7.7516763406454086E-010
          12           9 -0.67994774699479654     
          12          10   2.3547627671587242E-008
          12          11   1.6172218310653549E-007
          12          12   1.7563986364700810     
          12          13  -1.7176094054700487E-006
          12          14   5.8212613629630419E-008
          12          15  0.41236296057170768     
          12          16  -6.2035640812156106E-007
          12          17  -1.8420543984674194E-007
          12          18   7.3845978750302493E-002
          12          19   1.9588590152867157E-006
          12          20   3.5860590325596349E-008
          12          21   6.8206844624563653E-003
          12          22  -3.8132021316996034E-007
          12          23  -3.2763311473501910E-009
          12          24   2.5272115215581202E-003
          12          25   3.4893416489398042E-008
