           1           1   2.2247555351254533     
           1           2 -0.76422251376848427     
           1           3 -0.10562991628457884     
           1           4 -0.10666918422663024     
           1           5   2.5014849555385424E-003
           1           6  -1.3797359783654048E-002
           1           7   2.6931746071425389E-003
           1           8   4.9265954750673701E-011
           1           9   7.6739031758929437E-011
           1          10  -5.3855478471658929E-010
           1          11  -3.3784597976910885E-011
           1          12  -1.9982914870079175E-011
           1          13  -1.2487248689158857E-010
           1          14  -5.7767324693287618E-011
           1          15  -4.3496761631618038E-011
           1          16  -1.7312298711771237E-010
           1          17   2.1612664700210531E-011
           1          18   1.6588748984614291E-011
           1          19   5.9408976266765122E-011
           1          20  -7.9979034575941930E-012
           1          21  -6.6784322250847233E-012
           1          22  -2.3275438562217443E-011
           1          23   5.9056603449978800E-012
           1          24   4.3469804034492405E-012
           1          25   1.5580535082404005E-011
           1          26   1.6986036427210089E-003
           1          27   1.1864782837652589E-005
           1          28   1.6985655298500648E-003
           1          29  -1.3916219935890974E-006
           1          30  -2.0435184131718848E-006
           1          31   1.6987655816096893E-003
           1          32   1.7692174605836157E-002
           1          33   9.1108336755150040E-006
           1          34   1.7692145335975119E-002
           1          35  -1.0685158634183026E-006
           1          36  -1.5691385592905939E-006
           1          37   1.7692299170533284E-002
           1          38  -9.0919651906224319E-004
           1          39   4.2053805984425473E-006
           1          40  -9.0921033512088919E-004
           1          41  -4.9274278361317058E-007
           1          42  -7.2383518950335020E-007
           1          43  -9.0911950469442482E-004
           1          44  -5.1251433107002442E-004
           1          45  -1.5335473324063263E-007
           1          46  -5.1251398425410273E-004
           1          47   1.8325041579373491E-008
           1          48   2.6698535028764392E-008
           1          49  -5.1250723967632083E-004
           1          50  -3.4913066507622794E-011
           1          51  -1.2969034803210236E-011
           1          52  -1.4943034077791353E-011
           1          53  -2.9457537836454814E-011
           1          54  -4.1187422431638425E-011
           1          55  -2.2522038356204100E-012
           1          56  -3.9224594323249650E-011
           1          57  -1.6447349089384853E-011
           1          58  -1.3862168699869437E-011
           1          59  -8.8875998251628961E-011
           1          60  -2.6704956485434458E-011
           1          61  -9.8870978188312312E-012
           1          62  -1.2464776388276661E-011
           1          63  -2.0710186202146007E-011
           1          64  -3.5315113669880086E-011
           1          65   5.5216911910838979E-013
           1          66  -3.5485258170045523E-011
           1          67  -1.2253752418941106E-011
           1          68  -9.5606516760366247E-012
           1          69  -7.5011396264767705E-011
           2           1 -0.76422251376848427     
           2           2   2.6113926488664729     
           2           3  0.43236728882921582     
           2           4  0.43496762148780788     
           2           5  -7.0719041864894996E-003
           2           6   5.2089692233942129E-002
           2           7  -1.0428673752104659E-002
           2           8  -2.4124333862606849E-010
           2           9  -3.0141061601970943E-010
           2          10   1.3323921495410589E-009
           2          11   2.9666049377018216E-010
           2          12   2.0961767608378928E-010
           2          13   9.4069718968121944E-010
           2          14   1.7805780817531726E-010
           2          15   1.3230022967330102E-010
           2          16   5.4770271935647944E-010
           2          17  -7.8074607965488635E-011
           2          18  -5.9827872624419905E-011
           2          19  -2.1524414845085938E-010
           2          20   8.1379688489433665E-012
           2          21   7.2435637389478133E-012
           2          22   2.9144755443948171E-011
           2          23  -1.8569060146811392E-011
           2          24  -1.3368867088563601E-011
           2          25  -4.8883150868957485E-011
           2          26  -6.4960045619522596E-003
           2          27  -5.0290463722228146E-005
           2          28  -6.4958429211978020E-003
           2          29   5.8984665982746205E-006
           2          30   8.6616154731914116E-006
           2          31  -6.4966969936277397E-003
           2          32  -7.2941184784813567E-002
           2          33  -3.8980981257521279E-005
           2          34  -7.2941059448044993E-002
           2          35   4.5716063735947608E-006
           2          36   6.7135082270325901E-006
           2          37  -7.2941724378978473E-002
           2          38   4.3151634991801871E-003
           2          39  -1.8549617233918570E-005
           2          40   4.3152243662280976E-003
           2          41   2.1736111691358717E-006
           2          42   3.1929239395972553E-006
           2          43   4.3148285708717064E-003
           2          44   2.3701100799663173E-003
           2          45  -7.9889215539118915E-008
           2          46   2.3701109394960165E-003
           2          47   7.9582308693985988E-009
           2          48   1.2569368044550700E-008
           2          49   2.3700710172766416E-003
           2          50   4.4582277695169474E-011
           2          51   1.6606910756554275E-011
           2          52   1.6323570420055380E-011
           2          53   4.0841216201886801E-011
           2          54   4.7994794108230123E-011
           2          55   8.9182057405669452E-012
           2          56   4.0162873510816086E-011
           2          57   2.2325456034055936E-011
           2          58   2.0105658127229671E-011
           2          59   9.9989361475896776E-011
           2          60   7.0354303432607554E-011
           2          61   2.5537248240750637E-011
           2          62   3.2632278868363465E-011
           2          63   5.3519320743710180E-011
           2          64   9.5353554191428783E-011
           2          65  -2.0325787872133576E-012
           2          66   9.6071548795536288E-011
           2          67   3.1821378168123374E-011
           2          68   2.4430152210665748E-011
           2          69   2.0281423052520230E-010
           3           1 -0.10562991628457884     
           3           2  0.43236728882921582     
           3           3  0.46724039490297486     
           3           4  0.45831433059081139     
           3           5  -1.3245539428960430E-002
           3           6   7.2883422208264673E-002
           3           7  -1.5938362455234369E-002
           3           8   9.7488767201331234E-011
           3           9  -3.3821731596636293E-011
           3          10   2.1677178727491818E-009
           3          11   2.8035748886713907E-010
           3          12   2.1518012321275344E-010
           3          13   8.0668615376538038E-010
           3          14   3.1002739811956081E-010
           3          15   2.3716584180602277E-010
           3          16   9.0442905109933653E-010
           3          17  -1.1561381524218392E-010
           3          18  -8.9259507809746596E-011
           3          19  -3.1681010581520554E-010
           3          20  -2.6557800816268019E-011
           3          21  -2.1417357091034637E-011
           3          22  -6.5923226697391998E-011
           3          23  -1.9191257540045991E-011
           3          24  -1.3227975034887118E-011
           3          25  -4.9736258624507267E-011
           3          26  -6.5531220467023596E-003
           3          27  -6.3509553331600067E-005
           3          28  -6.5529185003745443E-003
           3          29   7.4480063795496465E-006
           3          30   1.0938075363251734E-005
           3          31  -6.5539601331458530E-003
           3          32  -7.9069533216746077E-002
           3          33  -5.0518911353589437E-005
           3          34  -7.9069370998707131E-002
           3          35   5.9237100567562020E-006
           3          36   8.7000423674283774E-006
           3          37  -7.9070219126076841E-002
           3          38   4.4887329634679500E-003
           3          39  -2.3441376016027290E-005
           3          40   4.4888095730698536E-003
           3          41   2.7460385207900552E-006
           3          42   4.0345959525599625E-006
           3          43   4.4883296981800651E-003
           3          44   2.3614741313868677E-003
           3          45   3.5434527334790560E-007
           3          46   2.3614737285053236E-003
           3          47  -4.3590029938009614E-008
           3          48  -6.2682637195952244E-008
           3          49   2.3614326117589964E-003
           3          50  -4.9628781674418941E-011
           3          51  -1.2882192446778228E-011
           3          52  -1.7364688834548850E-011
           3          53  -3.7387858181315894E-011
           3          54  -4.7028683261673475E-011
           3          55   3.2474846250051909E-012
           3          56  -5.0410885511178979E-011
           3          57  -1.5940008462076170E-011
           3          58  -1.3428158156743868E-011
           3          59  -1.4035010301990176E-010
           3          60   4.0079018966717110E-011
           3          61   2.0360122377542823E-011
           3          62   2.6535104404144318E-011
           3          63   3.0909197871220789E-011
           3          64   7.3041673835842968E-011
           3          65   1.2887419778830055E-012
           3          66   7.3304041143724849E-011
           3          67   2.5824898122524695E-011
           3          68   2.0345129420884746E-011
           3          69   1.2142750004490313E-010
           4           1 -0.10666918422663024     
           4           2  0.43496762148780788     
           4           3  0.45831433059081139     
           4           4  0.44962084303249172     
           4           5  -1.2277276099951221E-002
           4           6   6.9415819151930735E-002
           4           7  -1.4925535949024887E-002
           4           8   2.5389898682938220E-010
           4           9   1.1625804588741445E-010
           4          10   2.2615373337407675E-009
           4          11   2.6817575306783043E-010
           4          12   2.0540572768956892E-010
           4          13   7.7020344688694004E-010
           4          14   3.0757592788177543E-010
           4          15   2.3544147896236225E-010
           4          16   8.9893251161044851E-010
           4          17  -1.1129172944027477E-010
           4          18  -8.5932818557999775E-011
           4          19  -3.0524084042125733E-010
           4          20  -2.4489428578724091E-011
           4          21  -1.9797378864779597E-011
           4          22  -6.0448241089487754E-011
           4          23  -1.8463380721118732E-011
           4          24  -1.2739466031308991E-011
           4          25  -4.7901272471243730E-011
           4          26  -6.4166058921296155E-003
           4          27  -6.0661304950023208E-005
           4          28  -6.4164114505370611E-003
           4          29   7.1141775895269853E-006
           4          30   1.0447639872661826E-005
           4          31  -6.4174079770941425E-003
           4          32  -7.7577649626885320E-002
           4          33  -4.8198762839505717E-005
           4          34  -7.7577494836941208E-002
           4          35   5.6518214602029103E-006
           4          36   8.3005735216367204E-006
           4          37  -7.7578305490168864E-002
           4          38   4.5001876134068333E-003
           4          39  -2.2337113929083811E-005
           4          40   4.5002606406662378E-003
           4          41   2.6168030704501849E-006
           4          42   3.8446004096279975E-006
           4          43   4.4998016010777703E-003
           4          44   2.3710694784165403E-003
           4          45   3.3887776901321751E-007
           4          46   2.3710690976729222E-003
           4          47  -4.1653999393011489E-008
           4          48  -5.9927980654803385E-008
           4          49   2.3710294692792042E-003
           4          50  -4.8131883834704118E-011
           4          51  -1.2481840799373170E-011
           4          52  -1.6846720853610854E-011
           4          53  -3.6178289814414152E-011
           4          54  -4.5341516179449226E-011
           4          55   3.2124113244886073E-012
           4          56  -4.8681314658867617E-011
           4          57  -1.5444992494268808E-011
           4          58  -1.3020557084351521E-011
           4          59  -1.3702951123047472E-010
           4          60   3.9379412770985058E-011
           4          61   2.0024197078355180E-011
           4          62   2.6086389802173822E-011
           4          63   3.0352897365494590E-011
           4          64   7.1862645254146764E-011
           4          65   1.2500118204701797E-012
           4          66   7.2123828454985104E-011
           4          67   2.5382131470771221E-011
           4          68   1.9996919213600608E-011
           4          69   1.1923336499341901E-010
           5           1   2.5014849555385424E-003
           5           2  -7.0719041864894996E-003
           5           3  -1.3245539428960430E-002
           5           4  -1.2277276099951221E-002
           5           5   5.5094814591898245E-002
           5           6 -0.16073212075416438     
           5           7   5.4965840315136780E-002
           5           8   1.0242915176315633E-011
           5           9   2.9687069496465584E-010
           5          10  -5.3690395866164693E-009
           5          11  -1.1363851340788120E-010
           5          12  -7.5110231666928079E-011
           5          13  -3.1937765367286691E-010
           5          14   2.9220899470363213E-011
           5          15   1.2917711426682639E-011
           5          16   8.8704279108133686E-011
           5          17   1.8367428293818468E-010
           5          18   1.4289851268744738E-010
           5          19   4.9592747908575057E-010
           5          20   1.0811275605950047E-010
           5          21   8.2988320851432348E-011
           5          22   2.9017100252729346E-010
           5          23   3.0501074315570183E-011
           5          24   2.0370615909913976E-011
           5          25   7.5720763255115690E-011
           5          26   1.2496776590939025E-003
           5          27   3.6776234167831212E-005
           5          28   1.2495617231863094E-003
           5          29  -4.3009405508813392E-006
           5          30  -6.3272964809383290E-006
           5          31   1.2500371950943574E-003
           5          32   6.7689736023018908E-004
           5          33   2.8574307641794778E-005
           5          34   6.7680699753754178E-004
           5          35  -3.3394166463458912E-006
           5          36  -4.9145658912368418E-006
           5          37   6.7719427535485534E-004
           5          38   7.5184486173508515E-003
           5          39   3.3056264943786321E-006
           5          40   7.5184372290935759E-003
           5          41  -3.7567104283638770E-007
           5          42  -5.6135703019210709E-007
           5          43   7.5185400340918168E-003
           5          44   4.2000720463890541E-003
           5          45  -1.2499426704130565E-005
           5          46   4.2001114030678641E-003
           5          47   1.4698850092173792E-006
           5          48   2.1556386976113666E-006
           5          49   4.1999510664323210E-003
           5          50   6.3576777531000903E-012
           5          51   1.1647607553249005E-012
           5          52   1.6835307018416292E-012
           5          53   5.6384374014612078E-012
           5          54   2.7166841598862293E-012
           5          55  -2.4958480088160815E-013
           5          56   2.9315682712914791E-012
           5          57   1.6192315199123083E-012
           5          58   1.2373448382044629E-012
           5          59   1.6015150699666968E-011
           5          60  -4.0224002785267698E-012
           5          61  -6.1662390861412055E-013
           5          62  -5.7633214319008057E-013
           5          63  -2.9353586070244478E-012
           5          64  -3.1434439732778924E-012
           5          65   8.1826943397187621E-014
           5          66  -3.0759439565267355E-012
           5          67  -6.5295315867408698E-013
           5          68  -5.9491812292498631E-013
           5          69  -9.3914557318449571E-012
           6           1  -1.3797359783654048E-002
           6           2   5.2089692233942129E-002
           6           3   7.2883422208264673E-002
           6           4   6.9415819151930735E-002
           6           5 -0.16073212075416438     
           6           6  0.47145503074351164     
           6           7 -0.16055731028277589     
           6           8  -1.6539378590030275E-011
           6           9  -3.3497641265530451E-010
           6          10   5.8822425899880289E-009
           6          11   1.3747119925031575E-010
           6          12   9.6596346047149209E-011
           6          13   3.8672773203096833E-010
           6          14   6.2986617503374247E-011
           6          15   5.9217946941729392E-011
           6          16   1.6126254571271433E-010
           6          17  -5.5251669213641066E-010
           6          18  -4.2821910366217757E-010
           6          19  -1.4927721137038727E-009
           6          20  -3.1416122087684514E-010
           6          21  -2.4138720553441098E-010
           6          22  -8.4282490186319476E-010
           6          23  -9.0287476973457936E-011
           6          24  -6.0322660910901374E-011
           6          25  -2.2434234443846051E-010
           6          26  -4.0984774451233493E-003
           6          27   4.2927840119064611E-007
           6          28  -4.0984867329266969E-003
           6          29  -5.5695515844485164E-008
           6          30  -7.3398668606840074E-008
           6          31  -4.0979682143452755E-003
           6          32  -7.7986506438228569E-003
           6          33   7.9631215871900349E-006
           6          34  -7.7986816234478472E-003
           6          35  -9.4259033839540512E-007
           6          36  -1.3742729543702941E-006
           6          37  -7.7981974615285062E-003
           6          38  -2.1466110838361686E-002
           6          39   4.7581926093973701E-005
           6          40  -2.1466262699108375E-002
           6          41  -5.5965557146384672E-006
           6          42  -8.2056154615488874E-006
           6          43  -2.1465520870656719E-002
           6          44  -1.2003172969555298E-002
           6          45   5.0883711921629667E-005
           6          46  -1.2003334808649806E-002
           6          47  -5.9727578341608354E-006
           6          48  -8.7676229590354726E-006
           6          49  -1.2002579963424530E-002
           6          50  -1.8994343727600371E-011
           6          51  -4.9638576454761788E-012
           6          52  -6.3857550075193250E-012
           6          53  -1.5705245136983845E-011
           6          54  -1.3381960899846727E-011
           6          55   9.1498558621169608E-013
           6          56  -1.4275797956561243E-011
           6          57  -5.9458125696045625E-012
           6          58  -5.0041566033215066E-012
           6          59  -4.9774509240178015E-011
           6          60   9.9406004699505811E-012
           6          61   4.4343995522708381E-012
           6          62   5.4042204467591924E-012
           6          63   7.7780516369855661E-012
           6          64   1.7598919001713772E-011
           6          65  -1.4274667872855854E-013
           6          66   1.7403454626394820E-011
           6          67   5.3641328166573141E-012
           6          68   4.0975658533071831E-012
           6          69   2.5528655359619189E-011
           7           1   2.6931746071425389E-003
           7           2  -1.0428673752104659E-002
           7           3  -1.5938362455234369E-002
           7           4  -1.4925535949024887E-002
           7           5   5.4965840315136780E-002
           7           6 -0.16055731028277589     
           7           7   5.4853709922201378E-002
           7           8   5.0067499342510778E-011
           7           9   3.3065015191610396E-010
           7          10  -5.2679380227770490E-009
           7          11  -1.0947492084469170E-010
           7          12  -7.1162260942634387E-011
           7          13  -3.0622849568481125E-010
           7          14   2.4001922036786240E-011
           7          15   8.4509412086622816E-012
           7          16   7.3097304985572846E-011
           7          17   1.8396522344720931E-010
           7          18   1.4316589974421763E-010
           7          19   4.9682339298051295E-010
           7          20   1.0782634542684684E-010
           7          21   8.2770262295540102E-011
           7          22   2.8934853145098187E-010
           7          23   3.0511287130539841E-011
           7          24   2.0382775469153916E-011
           7          25   7.5764936782340830E-011
           7          26   1.2834572856209473E-003
           7          27   3.6959633764105008E-005
           7          28   1.2833407549548658E-003
           7          29  -4.3224411659668411E-006
           7          30  -6.3588737137186084E-006
           7          31   1.2838197061186126E-003
           7          32   1.1383648583948541E-003
           7          33   2.8719401549737994E-005
           7          34   1.1382740246241056E-003
           7          35  -3.3564270928329440E-006
           7          36  -4.9395477096767726E-006
           7          37   1.1386640908387698E-003
           7          38   7.4640447208000208E-003
           7          39   3.4054817151307689E-006
           7          40   7.4640330075392454E-003
           7          41  -3.8738369183145994E-007
           7          42  -5.7855317353455839E-007
           7          43   7.4641377875722071E-003
           7          44   4.1705162606848999E-003
           7          45  -1.2461184481696373E-005
           7          46   4.1705554934765073E-003
           7          47   1.4654025748588704E-006
           7          48   2.1490546693784612E-006
           7          49   4.1703958732670224E-003
           7          50   6.7621077572740127E-012
           7          51   1.1193835603527131E-012
           7          52   1.6688853494196475E-012
           7          53   5.9924465162814085E-012
           7          54   2.8823573969590049E-012
           7          55  -2.6987140900957751E-013
           7          56   3.1158843406487074E-012
           7          57   1.5960248191056077E-012
           7          58   1.1958884441825139E-012
           7          59   1.6728018085958470E-011
           7          60  -4.1097522471403712E-012
           7          61  -8.0812484829027489E-013
           7          62  -8.0185653626486193E-013
           7          63  -2.9728276307206460E-012
           7          64  -3.7064660891493119E-012
           7          65   7.5013745889315527E-014
           7          66  -3.6422228804640710E-012
           7          67  -8.6579706724105659E-013
           7          68  -7.7492169049346986E-013
           7          69  -9.7362745312526718E-012
           8           1   4.9265954750673701E-011
           8           2  -2.4124333862606849E-010
           8           3   9.7488767201331234E-011
           8           4   2.5389898682938220E-010
           8           5   1.0242915176315633E-011
           8           6  -1.6539378590030275E-011
           8           7   5.0067499342510778E-011
           8           8   2.2464902498749670     
           8           9   1.0490700232818104E-006
           8          10  -1.2318047148528522E-007
           8          11 -0.46308060141174778     
           8          12  -2.4738105282861963E-006
           8          13   2.9084720650723781E-007
           8          14  0.28737486509270666     
           8          15   6.2859524677109403E-007
           8          16  -7.3029560712086363E-008
           8          17  -2.3869993834700329E-002
           8          18   1.7845592258438943E-006
           8          19  -2.0848659679852143E-007
           8          20   3.7356977273707717E-003
           8          21   1.9899875394008814E-007
           8          22  -2.3346776087059276E-008
           8          23  -9.1962332208966120E-004
           8          24  -2.5588040512835592E-008
           8          25   2.9926888365635763E-009
           8          26   3.2899532441106401E-010
           8          27   1.7225951223295365E-011
           8          28   1.1937873788298511E-010
           8          29   1.0363131453830323E-010
           8          30   1.8265085890390945E-010
           8          31   3.1887284950957349E-010
           8          32   2.1874113930176578E-010
           8          33   4.8913557995797820E-012
           8          34  -3.6095080531375539E-011
           8          35   2.9309878477957417E-010
           8          36  -8.8623977305547660E-012
           8          37  -2.1328385231697231E-010
           8          38   5.1518071077882646E-011
           8          39  -6.6143480779611520E-011
           8          40   8.0601551399236379E-012
           8          41  -1.4750229925812892E-010
           8          42   3.1876931416487690E-011
           8          43   3.3232748014475927E-011
           8          44  -8.1839917449674325E-011
           8          45   1.1678763649760655E-011
           8          46   1.1744383941880605E-010
           8          47   1.6975976261014387E-010
           8          48  -1.2054918460287266E-010
           8          49   3.0056296867891216E-011
           8          50   1.1005896275290746E-004
           8          51  -5.1150384686497805E-007
           8          52  -5.9120503766154839E-006
           8          53   1.4615141340880721E-006
           8          54  -1.6174558935534396E-006
           8          55   1.0923396619345451E-007
           8          56   4.8149252959383560E-008
           8          57  -5.8870293635454422E-006
           8          58  -9.3543000737028265E-007
           8          59   1.1247248878249480E-006
           8          60  -2.0383483069135221E-003
           8          61  -1.1053893729958139E-006
           8          62  -6.6487318306248646E-004
           8          63   2.4048256164702786E-006
           8          64   7.6383315269618317E-006
           8          65   4.1253275242924229E-008
           8          66   1.6252486147317845E-008
           8          67  -6.6503906150677588E-004
           8          68  -8.7930379914562625E-007
           8          69  -5.8142304728462475E-006
           9           1   7.6739031758929437E-011
           9           2  -3.0141061601970943E-010
           9           3  -3.3821731596636293E-011
           9           4   1.1625804588741445E-010
           9           5   2.9687069496465584E-010
           9           6  -3.3497641265530451E-010
           9           7   3.3065015191610396E-010
           9           8   1.0490700232818104E-006
           9           9   2.2464902457863420     
           9          10  -1.8066774031986494E-007
           9          11  -2.4738547058367200E-006
           9          12 -0.46308059223371795     
           9          13   4.2648808581265648E-007
           9          14   6.2914000509284857E-007
           9          15  0.28737486199072343     
           9          16  -1.0776169646027105E-007
           9          17   1.7846022336764576E-006
           9          18  -2.3870000197655662E-002
           9          19  -3.0687323566574183E-007
           9          20   1.9909610743536952E-007
           9          21   3.7356968742218812E-003
           9          22  -3.4319397409489385E-008
           9          23  -2.5661953584163124E-008
           9          24  -9.1962319908937167E-004
           9          25   4.3994705602645310E-009
           9          26   1.3856924802062926E-010
           9          27   8.4619170277692358E-012
           9          28   5.4879299052684023E-011
           9          29   5.0466882029072585E-011
           9          30   1.9503065179035290E-010
           9          31   1.6563711038822916E-010
           9          32   4.3468854117586132E-012
           9          33   3.8037675187675494E-011
           9          34   1.5277170255874468E-010
           9          35  -5.6562714304912499E-011
           9          36   3.7309867103835574E-010
           9          37  -1.9802461456986392E-010
           9          38   2.9271313979519964E-010
           9          39  -5.9042131282214011E-011
           9          40   1.9172219619119756E-010
           9          41   1.0183228171311337E-011
           9          42  -1.5631675949984113E-010
           9          43   2.5841150240400028E-010
           9          44   1.3017664697677876E-010
           9          45  -8.8126007720691467E-012
           9          46   3.2718131329951835E-010
           9          47   1.0745283272279063E-010
           9          48  -4.0140599775586585E-011
           9          49   2.4937228247037765E-010
           9          50   1.3750603108839663E-006
           9          51  -5.9133134998508308E-006
           9          52  -3.9401017287461404E-007
           9          53   1.1004029372565713E-004
           9          54   1.1639596671790578E-007
           9          55   6.0337478242112516E-008
           9          56  -2.0972904629325999E-006
           9          57  -9.3633745302666889E-007
           9          58  -5.8635025102287894E-006
           9          59   1.4105603689109161E-006
           9          60   2.7995620767314573E-006
           9          61  -6.6487580956892979E-004
           9          62  -1.6324660152119887E-006
           9          63  -2.0382695119843391E-003
           9          64   7.0828501579260178E-008
           9          65   3.4912062198246131E-008
           9          66   9.9709780399172168E-006
           9          67  -8.8122104810830527E-007
           9          68  -6.6514766142038509E-004
           9          69  -7.6443517622310343E-006
          10           1  -5.3855478471658929E-010
          10           2   1.3323921495410589E-009
          10           3   2.1677178727491818E-009
          10           4   2.2615373337407675E-009
          10           5  -5.3690395866164693E-009
          10           6   5.8822425899880289E-009
          10           7  -5.2679380227770490E-009
          10           8  -1.2318047148528522E-007
          10           9  -1.8066774031986494E-007
          10          10   2.2464902677479643     
          10          11   2.9281796159674214E-007
          10          12   4.2567420403037294E-007
          10          13 -0.46308063958921153     
          10          14  -7.0080095461911819E-008
          10          15  -1.0882353620226708E-007
          10          16  0.28737488229044184     
          10          17  -2.1043679657570034E-007
          10          18  -3.0893343879666739E-007
          10          19  -2.3869971770953791E-002
          10          20  -2.2974916397665338E-008
          10          21  -3.4325690701528515E-008
          10          22   3.7357008315767417E-003
          10          23   3.6405346903891608E-009
          10          24   4.8359800417909708E-009
          10          25  -9.1962436246796554E-004
          10          26   2.1508902665264576E-009
          10          27   2.2490683137114213E-010
          10          28   1.7276684547068976E-009
          10          29   2.1968885697914543E-010
          10          30   4.7573582845039436E-010
          10          31   2.4564831530311351E-009
          10          32  -3.0980560628251356E-010
          10          33  -1.3938246364690934E-010
          10          34   3.5727582603563607E-011
          10          35   9.7328766556124977E-011
          10          36  -3.2831109756718915E-010
          10          37   5.8290968629350539E-010
          10          38  -3.2863044341408515E-009
          10          39  -3.3491388082148858E-010
          10          40  -4.3936764960154377E-009
          10          41  -2.4398737226981614E-010
          10          42   7.2699100418781299E-010
          10          43  -4.4361317502092773E-009
          10          44  -4.5847429470934140E-009
          10          45   3.9765285138434770E-010
          10          46  -3.3480411444172926E-009
          10          47   2.0536098507205079E-010
          10          48  -5.3887996889054491E-010
          10          49  -3.9750708795604741E-009
          10          50  -1.4118401569357386E-006
          10          51   1.4652929140955128E-007
          10          52   8.7257426049105182E-008
          10          53  -1.8657033033184526E-006
          10          54  -5.8856688704765452E-006
          10          55  -7.2776551279913735E-007
          10          56  -5.8573603311930060E-006
          10          57   1.7470192411632099E-006
          10          58   2.2680588556120472E-006
          10          59   1.1003429821658398E-004
          10          60   5.2702094776683204E-006
          10          61   1.3154496604592844E-007
          10          62   9.5268543407869327E-008
          10          63   6.8088517596856979E-006
          10          64  -6.6502554220783426E-004
          10          65  -3.6454085434112286E-007
          10          66  -6.6512312609852669E-004
          10          67  -7.3070372601211661E-006
          10          68  -9.4788595301396829E-006
          10          69  -2.0381611711456091E-003
          11           1  -3.3784597976910885E-011
          11           2   2.9666049377018216E-010
          11           3   2.8035748886713907E-010
          11           4   2.6817575306783043E-010
          11           5  -1.1363851340788120E-010
          11           6   1.3747119925031575E-010
          11           7  -1.0947492084469170E-010
          11           8 -0.46308060141174778     
          11           9  -2.4738547058367200E-006
          11          10   2.9281796159674214E-007
          11          11  0.87097121154484758     
          11          12   6.3020676659419736E-006
          11          13  -7.4145433374622762E-007
          11          14 -0.53898643217014430     
          11          15  -1.0379682831296605E-006
          11          16   1.2109520115388000E-007
          11          17   4.4820284961219738E-002
          11          18  -3.4635788146043451E-006
          11          19   4.0516243221516071E-007
          11          20  -6.8373711640574457E-003
          11          21  -2.1533313156904890E-007
          11          22   2.4805128932843027E-008
          11          23   1.6982815251883137E-003
          11          24   1.4850784554666531E-008
          11          25  -1.7137484747701217E-009
          11          26  -5.7931172691540895E-010
          11          27  -2.5308685624585793E-010
          11          28   3.6243764502962141E-011
          11          29  -8.5636495977024386E-010
          11          30   2.6263445404109311E-012
          11          31   4.3855716421095936E-011
          11          32  -1.4547673016916077E-010
          11          33  -1.1563586033729414E-010
          11          34   1.6197454900805782E-010
          11          35  -3.9029397036090594E-010
          11          36   7.4966824425039723E-012
          11          37   1.4587196494905175E-010
          11          38  -1.2345663230923558E-010
          11          39  -2.8289536521464762E-011
          11          40  -2.4794399200891929E-011
          11          41  -4.6780669428795434E-011
          11          42   9.5971666371207644E-012
          11          43  -2.5676300714008073E-011
          11          44  -6.2158952237759688E-011
          11          45  -1.3252209019992750E-011
          11          46  -6.1184061391759020E-012
          11          47  -3.9311064491579587E-011
          11          48   8.2554025573295969E-013
          11          49  -1.4173114232480697E-011
          11          50   2.0525971152783248E-004
          11          51   1.3505805698329099E-006
          11          52   2.8205881132835949E-004
          11          53  -2.8843180291471632E-006
          11          54   5.6310547487852317E-006
          11          55  -2.7147715888975539E-007
          11          56  -1.5330597960216553E-007
          11          57   2.8196574746876431E-004
          11          58   2.5590509034390774E-006
          11          59  -4.0862556193438219E-006
          11          60   3.9900234689311965E-003
          11          61   2.5844549239959799E-006
          11          62   1.2548690444944520E-003
          11          63  -4.5493281648515941E-006
          11          64  -1.6419833274836874E-005
          11          65  -6.9613970227395101E-008
          11          66  -5.0424784792509953E-008
          11          67   1.2552249752256139E-003
          11          68   1.9464998421737866E-006
          11          69   1.2413224932128117E-005
          12           1  -1.9982914870079175E-011
          12           2   2.0961767608378928E-010
          12           3   2.1518012321275344E-010
          12           4   2.0540572768956892E-010
          12           5  -7.5110231666928079E-011
          12           6   9.6596346047149209E-011
          12           7  -7.1162260942634387E-011
          12           8  -2.4738105282861963E-006
          12           9 -0.46308059223371795     
          12          10   4.2567420403037294E-007
          12          11   6.3020676659419736E-006
          12          12  0.87097118844249022     
          12          13  -1.0868504795452442E-006
          12          14  -1.0379732318655273E-006
          12          15 -0.53898642816172981     
          12          16   1.7828265077169038E-007
          12          17  -3.4635689230688343E-006
          12          18   4.4820297601963682E-002
          12          19   5.9596011917226337E-007
          12          20  -2.1532743879184926E-007
          12          21  -6.8373703575655611E-003
          12          22   3.6800015610872869E-008
          12          23   1.4848547298548291E-008
          12          24   1.6982814479642328E-003
          12          25  -2.5321761306593640E-009
