           1           1   4.7279216338929952     
           1           2   9.3873771491573450     
           1           3   5.9586824767496740     
           1           4  -2.3141683703465219     
           1           5  -4.4691523874641259     
           1           6  -1.1470436567302902     
           1           7   5.6090941848301208     
           1           8  -1.7479050564700263E-011
           1           9  -3.4485616720631159E-011
           1          10   5.3254770885436882E-012
           1          11  -8.9544689067890882E-011
           1          12  -1.7298512861201614E-010
           1          13   2.5776843606598324E-011
           1          14  -4.8601882907615289E-010
           1          15  -9.4512678410406669E-010
           1          16   1.4460923027885751E-010
           1          17   4.2785797688493862E-011
           1          18   8.3719714923178799E-011
           1          19  -1.2678673374199222E-011
           1          20   6.2513244222147450E-010
           1          21   1.2161262268270507E-009
           1          22  -1.8603541138394990E-010
           1          23  -1.5194371180023419E-010
           1          24  -2.9546552399172942E-010
           1          25   4.5254128512922675E-011
           1          26  -4.0517828220000931     
           1          27   1.7421973746765510E-013
           1          28  -4.0517828219986711     
           1          29  -3.7130802735437991E-014
           1          30  -3.2616960696240273E-013
           1          31  -4.0517828219994376     
           1          32   1.0640349535110458     
           1          33   7.5421647822975778E-014
           1          34   1.0640349535109828     
           1          35   1.8136461444283860E-014
           1          36  -8.4127435665072781E-014
           1          37   1.0640349535108766     
           1          38  -6.4353276168163784     
           1          39   2.0325674145297247E-013
           1          40  -6.4353276168149796     
           1          41  -1.9965789188918969E-014
           1          42  -3.9833506894055868E-013
           1          43  -6.4353276168157771     
           1          44   4.2155314194297091     
           1          45  -2.1564932780506847E-013
           1          46   4.2155314194285687     
           1          47   4.8365699836797494E-015
           1          48   3.8563358271409756E-013
           1          49   4.2155314194292854     
           1          50   4.3340622983916772E-011
           1          51   3.7516664778976666E-011
           1          52   1.9417861120000583E-011
           1          53   8.3867449864102799E-011
           1          54  -5.5955330021926112E-012
           1          55   6.0014347664703658E-015
           1          56  -5.6064090604885859E-012
           1          57   1.9384880849073351E-011
           1          58   3.7500650397009923E-011
           1          59  -1.2529028697070093E-011
           1          60  -4.5377310665993776E-012
           1          61  -4.2264090257807109E-012
           1          62  -2.0382220368315465E-012
           1          63  -9.4258390251886921E-012
           1          64   6.6733796866494540E-013
           1          65  -9.5076155225132829E-015
           1          66   6.5863588155963712E-013
           1          67  -2.0066063290803398E-012
           1          68  -4.2099398719467641E-012
           1          69   1.4776237064391936E-012
           2           1   9.3873771491573450     
           2           2   34.405637639532372     
           2           3   23.744110784593492     
           2           4  -8.7562749266752107     
           2           5  -14.044195731646013     
           2           6  -1.9338929925729218     
           2           7   16.965571324695038     
           2           8  -5.4521055973682097E-011
           2           9  -1.0890033481848249E-010
           2          10   1.6820697452505818E-011
           2          11  -2.8094963634876144E-010
           2          12  -5.4782590421982891E-010
           2          13   8.1228723201692050E-011
           2          14  -1.5237375834500181E-009
           2          15  -2.9992354068675589E-009
           2          16   4.5564356914753880E-010
           2          17   1.3416462755485375E-010
           2          18   2.6553484806802818E-010
           2          19  -4.0017482333224289E-011
           2          20   1.9599363199266952E-009
           2          21   3.8591827896446636E-009
           2          22  -5.8616742615900986E-010
           2          23  -4.7638669918028441E-010
           2          24  -9.3768544561115658E-010
           2          25   1.4255252914194538E-010
           2          26  -15.274796622731941     
           2          27   5.9721050741572016E-013
           2          28  -15.274796622727365     
           2          29  -1.3222178485217349E-013
           2          30  -1.0681789662160964E-012
           2          31  -15.274796622729818     
           2          32   4.4264597495200997     
           2          33   2.7767596923492800E-013
           2          34   4.4264597495197444     
           2          35   3.3888253425198672E-014
           2          36  -2.4721944145016866E-013
           2          37   4.4264597495195215     
           2          38  -20.611219990609186     
           2          39   7.0175519251437097E-013
           2          40  -20.611219990604681     
           2          41  -1.0503091786952797E-013
           2          42  -1.2902873430384205E-012
           2          43  -20.611219990607193     
           2          44   13.284069370518411     
           2          45  -7.5834929117994044E-013
           2          46   13.284069370514848     
           2          47   6.6403609789465059E-014
           2          48   1.2334813464388789E-012
           2          49   13.284069370517079     
           2          50   1.3598527367725303E-010
           2          51   1.1883598721575951E-010
           2          52   6.0903250529786868E-011
           2          53   2.6561803609878836E-010
           2          54  -1.7639731786143597E-011
           2          55  -2.6080371298486292E-015
           2          56  -1.7675907406631691E-011
           2          57   6.0850975247931106E-011
           2          58   1.1881611178084006E-010
           2          59  -3.9455195369474099E-011
           2          60  -1.4208148503118315E-011
           2          61  -1.3470063122154731E-011
           2          62  -6.3875858362179616E-012
           2          63  -2.9980340183461498E-011
           2          64   2.0979047612424667E-012
           2          65  -1.1976912409632145E-014
           2          66   2.0885793238382781E-012
           2          67  -6.3199359749144013E-012
           2          68  -1.3444375013099655E-011
           2          69   4.6951055088127483E-012
           3           1   5.9586824767496740     
           3           2   23.744110784593492     
           3           3   19.387392102746603     
           3           4  -6.6690753534047609     
           3           5  -6.7322025225645312     
           3           6   1.8105752099417249     
           3           7   7.0591190183891985     
           3           8  -3.7550244975994535E-011
           3           9  -7.8967621489007325E-011
           3          10   1.1596037212123947E-011
           3          11  -1.9623733109682713E-010
           3          12  -4.1619552894325879E-010
           3          13   5.5116043622148074E-011
           3          14  -1.0739883671057640E-009
           3          15  -2.3086352628774913E-009
           3          16   3.0952448099284306E-010
           3          17   9.4365901834633754E-011
           3          18   2.0299974521033996E-010
           3          19  -2.7195342066798990E-011
           3          20   1.3814334854508194E-009
           3          21   2.9700120106577933E-009
           3          22  -3.9819592218434717E-010
           3          23  -3.3588351745440321E-010
           3          24  -7.2220450436815132E-010
           3          25   9.6832500300010239E-011
           3          26  -11.318129516788902     
           3          27   1.3071296800873012E-012
           3          28  -11.318129516781092     
           3          29  -6.7465261762565016E-013
           3          30  -2.1488027763596493E-012
           3          31  -11.318129516784321     
           3          32   3.8568969652776377     
           3          33   1.8807152597170952E-013
           3          34   3.8568969652774343     
           3          35   2.5647177328809071E-014
           3          36  -1.2095333680146234E-013
           3          37   3.8568969652773020     
           3          38  -10.447569281694891     
           3          39   1.3888466062613410E-012
           3          40  -10.447569281686965     
           3          41  -6.7403915178647459E-013
           3          42  -2.3036302544553346E-012
           3          43  -10.447569281690297     
           3          44   6.3903794891709031     
           3          45  -1.2812323068579779E-012
           3          46   6.3903794891644310     
           3          47   5.4110364189189503E-013
           3          48   1.9998089527196979E-012
           3          49   6.3903794891672900     
           3          50   9.5100244613053226E-011
           3          51   9.0390049408851460E-011
           3          52   4.2566563445332368E-011
           3          53   2.0211255037613957E-010
           3          54  -1.1972205630720776E-011
           3          55  -2.0157996677930510E-015
           3          56  -1.1994632704701002E-011
           3          57   4.2543727996455521E-011
           3          58   9.0396308091112000E-011
           3          59  -2.6769244612635593E-011
           3          60  -1.0219223035029215E-011
           3          61  -1.0381670518127704E-011
           3          62  -4.5874862638640408E-012
           3          63  -2.3133111909568171E-011
           3          64   1.4266430327418263E-012
           3          65  -1.1029902561013391E-014
           3          66   1.4295951136685203E-012
           3          67  -4.5348234631995458E-012
           3          68  -1.0362428060729111E-011
           3          69   3.2087058700988180E-012
           4           1  -2.3141683703465219     
           4           2  -8.7562749266752107     
           4           3  -6.6690753534047609     
           4           4   2.3596746858063558     
           4           5   2.9586646671285193     
           4           6 -0.16286655217463508     
           4           7  -3.3505182480286639     
           4           8   2.1618702223729504E-012
           4           9   1.6141502115840153E-011
           4          10  -5.9488769368063606E-013
           4          11   1.9491071832655023E-011
           4          12   1.0753864199608021E-010
           4          13  -2.7564996611737803E-012
           4          14   9.7154844623755484E-011
           4          15   5.8501800033368455E-010
           4          16  -1.5567662492514922E-011
           4          17  -8.5556085006936674E-012
           4          18  -5.1498343096152873E-011
           4          19   1.3726421835183964E-012
           4          20  -1.2486842377863065E-010
           4          21  -7.5253054379948603E-010
           4          22   2.0024780992991398E-011
           4          23   3.0317010612098633E-011
           4          24   1.8292515111743967E-010
           4          25  -4.8642773240587182E-012
           4          26   4.0498028313721415     
           4          27  -9.2330417305677735E-013
           4          28   4.0498028313680035     
           4          29   2.7049572546405243E-013
           4          30   1.0137541396788523E-012
           4          31   4.0498028313696981     
           4          32  -1.2938205120016679     
           4          33  -7.0833912484550543E-014
           4          34  -1.2938205120015900     
           4          35  -9.0659906161541188E-015
           4          36   5.3389202377535114E-014
           4          37  -1.2938205120015358     
           4          38   4.4601094508124612     
           4          39  -9.6646301694348139E-013
           4          40   4.4601094508082575     
           4          41   2.7008794001440827E-013
           4          42   1.0818455806189486E-012
           4          43   4.4601094508099974     
           4          44  -2.8031089744768938     
           4          45   8.4930858202121004E-013
           4          46  -2.8031089744734428     
           4          47  -2.1811432346060874E-013
           4          48  -9.3499737322554376E-013
           4          49  -2.8031089744749242     
           4          50  -9.3882224915745782E-012
           4          51  -2.3372867455435477E-011
           4          52  -4.2160658424777769E-012
           4          53  -5.2250566075424885E-011
           4          54   5.9890278125534314E-013
           4          55   6.0105295894217414E-016
           4          56   6.0758898682017422E-013
           4          57  -4.2052593569353539E-012
           4          58  -2.3371861862919992E-011
           4          59   1.3403656686022873E-012
           4          60   6.1764596363559922E-013
           4          61   2.4884998848403789E-012
           4          62   2.8351412414908316E-013
           4          63   5.5323807653382238E-012
           4          64  -7.3018562381192301E-014
           4          65   3.7333698260274631E-015
           4          66  -7.2530852330386590E-014
           4          67   2.6482114958501906E-013
           4          68   2.4814892940415835E-012
           4          69  -1.6740098651391187E-013
           5           1  -4.4691523874641259     
           5           2  -14.044195731646013     
           5           3  -6.7322025225645312     
           5           4   2.9586646671285193     
           5           5   8.6597927787296989     
           5           6   3.8960860880974009     
           5           7  -11.521399562475972     
           5           8   3.5012889815196934E-011
           5           9   6.1245501153952881E-011
           5          10  -9.6266091834876856E-012
           5          11   1.7430237292489782E-010
           5          12   2.9863526389168977E-010
           5          13  -4.7224506949213557E-011
           5          14   9.4694997710542169E-010
           5          15   1.6170172304966820E-009
           5          16  -2.6455013150991129E-010
           5          17  -8.3475762864419730E-011
           5          18  -1.4394550102282782E-010
           5          19   2.3220641230568085E-011
           5          20  -1.2181059069076554E-009
           5          21  -2.0809492437130999E-009
           5          22   3.4033170362157878E-010
           5          23   2.9604409525434727E-010
           5          24   5.0529178833107371E-010
           5          25  -8.2776780010589799E-011
           5          26   5.4701806165029270     
           5          27   3.1390120147958175E-013
           5          28   5.4701806165032814     
           5          29  -2.3412864111140780E-013
           5          30  -2.2704770675759841E-013
           5          31   5.4701806165036508     
           5          32  -1.0154388415078106     
           5          33  -1.1729854464211872E-013
           5          34  -1.0154388415076310     
           5          35  -1.1714707842459057E-014
           5          36   1.5150801771278253E-013
           5          37  -1.0154388415075146     
           5          38   12.147915154609608     
           5          39   2.7267109114252841E-013
           5          40   12.147915154610089     
           5          41  -2.5651031753035669E-013
           5          42  -1.1941857046653999E-013
           5          43   12.147915154610443     
           5          44  -8.1683798369930720     
           5          45  -1.6102828152485516E-013
           5          46  -8.1683798369935605     
           5          47   2.1739742576325013E-013
           5          48   7.2408190822117894E-015
           5          49  -8.1683798369939158     
           5          50  -8.4352856100851636E-011
           5          51  -6.4726461913781303E-011
           5          52  -3.7784889379333780E-011
           5          53  -1.4462271245719961E-010
           5          54   1.0252250668671008E-011
           5          55   4.5098588595067137E-016
           5          56   1.0269555170908742E-011
           5          57  -3.7749505356803573E-011
           5          58  -6.4698218777482334E-011
           5          59   2.2939449647673982E-011
           5          60   8.9436019868082806E-012
           5          61   7.2309400988253126E-012
           5          62   4.0190374928486015E-012
           5          63   1.6097691123307894E-011
           5          64  -1.2164150781397724E-012
           5          65   2.5655336809830570E-015
           5          66  -1.2030770853183952E-012
           5          67   3.9964658384346380E-012
           5          68   7.2213646839714270E-012
           5          69  -2.7052369643457576E-012
           6           1  -1.1470436567302902     
           6           2  -1.9338929925729218     
           6           3   1.8105752099417249     
           6           4 -0.16286655217463508     
           6           5   3.8960860880974009     
           6           6   3.4076651281805344     
           6           7  -5.8324330829372686     
           6           8   5.5927089469096531E-013
           6           9  -4.1697638143981614E-012
           6          10  -5.1316063223877272E-014
           6          11  -3.3605971891902717E-012
           6          12  -5.8459018869710685E-011
           6          13  -1.1977058309243473E-012
           6          14  -3.0443347027710628E-011
           6          15  -3.5353200843138538E-010
           6          16  -6.3517770752214858E-012
           6          17   2.4116288370739229E-012
           6          18   2.9470920075367964E-011
           6          19   5.4642008865757087E-013
           6          20   3.9141139336193735E-011
           6          21   4.5409472649288449E-010
           6          22   8.1652679526160359E-012
           6          23  -9.6555604399458103E-012
           6          24  -1.1104871516660182E-010
           6          25  -1.9917681080226331E-012
           6          26   4.5293401301181348E-002
           6          27   1.3603302989117395E-013
           6          28   4.5293401301844005E-002
           6          29  -3.6064779973936573E-013
           6          30  -4.2537596196093133E-013
           6          31   4.5293401301835422E-002
           6          32  0.59199239756820254     
           6          33  -2.0512703536911551E-014
           6          34  0.59199239756825872     
           6          35   5.1036056553700027E-016
           6          36   6.7790885749213973E-014
           6          37  0.59199239756829736     
           6          38   5.1223096731147599     
           6          39   1.2108166620962863E-013
           6          40   5.1223096731154971     
           6          41  -3.7545608845196489E-013
           6          42  -3.8953131577896981E-013
           6          43   5.1223096731154643     
           6          44  -3.6613002694038093     
           6          45  -9.6875799129505179E-014
           6          46  -3.6613002694044456     
           6          47   3.0846443037342808E-013
           6          48   2.8688056508242789E-013
           6          49  -3.6613002694044323     
           6          50   1.7927244290961675E-012
           6          51   1.2838769921371085E-011
           6          52   7.7046902375405485E-013
           6          53   2.8785313454353725E-011
           6          54   2.5668439913321937E-013
           6          55  -3.1973926766938123E-016
           6          56   2.6139861670913297E-013
           6          57   7.8787482130082852E-013
           6          58   1.2861078208788384E-011
           6          59   5.8490140485410825E-013
           6          60  -5.2981475495026960E-013
           6          61  -1.5158800272799083E-012
           6          62  -2.2900869566321070E-013
           6          63  -3.4129771204116358E-012
           6          64  -2.7912163610007152E-014
           6          65  -1.9823744776046139E-015
           6          66  -1.7386328759042819E-014
           6          67  -2.2705835416276717E-013
           6          68  -1.5160862432944191E-012
           6          69  -4.5572880168111334E-014
           7           1   5.6090941848301208     
           7           2   16.965571324695038     
           7           3   7.0591190183891985     
           7           4  -3.3505182480286639     
           7           5  -11.521399562475972     
           7           6  -5.8324330829372686     
           7           7   15.583070037183655     
           7           8  -3.8655887038220342E-011
           7           9  -6.6628538242039189E-011
           7          10   1.0231585251331377E-011
           7          11  -1.9052916951370650E-010
           7          12  -3.0907315320970052E-010
           7          13   5.0673593628322778E-011
           7          14  -1.0286606752094744E-009
           7          15  -1.6568341989096110E-009
           7          16   2.8370091543427360E-010
           7          17   9.0802702004848618E-011
           7          18   1.4836990722436553E-010
           7          19  -2.4896564053106068E-011
           7          20   1.3232126945956281E-009
           7          21   2.1325674710892090E-009
           7          22  -3.6496478004818895E-010
           7          23  -3.2152023692106396E-010
           7          24  -5.1747811919558707E-010
           7          25   8.8770291891322163E-011
           7          26  -6.3304631339552522     
           7          27  -2.8081905774945113E-013
           7          28  -6.3304631339560800     
           7          29   3.0964280817153908E-013
           7          30   4.3274588140582893E-013
           7          31  -6.3304631339564610     
           7          32  0.93969820270978399     
           7          33   1.4362077594593444E-013
           7          34  0.93969820270955440     
           7          35   1.3165448415032885E-014
           7          36  -2.0142563643150513E-013
           7          37  0.93969820270940518     
           7          38  -16.027611211419782     
           7          39  -2.2401470921161152E-013
           7          40  -16.027611211420783     
           7          41   3.3874195684666197E-013
           7          42   2.9457830827011044E-013
           7          43  -16.027611211421139     
           7          44   10.862223126096872     
           7          45   1.0896047744194918E-013
           7          46   10.862223126097826     
           7          47  -2.8495046338366990E-013
           7          48  -1.2418839024084332E-013
           7          49   10.862223126098193     
           7          50   9.2125480593547854E-011
           7          51   6.6915517395921473E-011
           7          52   4.1282594565113946E-011
           7          53   1.4947048113110644E-010
           7          54  -1.0999407093623418E-011
           7          55  -3.8917546221870859E-016
           7          56  -1.1021225838210151E-011
           7          57   4.1234921105469050E-011
           7          58   6.6874170485594402E-011
           7          59  -2.4616709072663896E-011
           7          60  -9.5747827594932713E-012
           7          61  -7.4319490999905855E-012
           7          62  -4.3073974245728235E-012
           7          63  -1.6527049309192209E-011
           7          64   1.3039077241897410E-012
           7          65  -2.1892747957061126E-015
           7          66   1.2843840488639158E-012
           7          67  -4.2821015687787045E-012
           7          68  -7.4208094540515571E-012
           7          69   2.8919897509805555E-012
           8           1  -1.7479050564700263E-011
           8           2  -5.4521055973682097E-011
           8           3  -3.7550244975994535E-011
           8           4   2.1618702223729504E-012
           8           5   3.5012889815196934E-011
           8           6   5.5927089469096531E-013
           8           7  -3.8655887038220342E-011
           8           8   1.9824843267736127     
           8           9  -5.1909032627862428E-012
           8          10   1.1900064267322384E-012
           8          11  0.50466679748028764     
           8          12  -1.3834156042947245E-011
           8          13   3.7601477487214406E-011
           8          14   4.9945020272353551     
           8          15   8.2636564258104939E-011
           8          16  -8.1817885799751919E-011
           8          17 -0.51828329934429784     
           8          18   1.2182199693455932E-011
           8          19   2.6449953338669897E-011
           8          20  -6.4987817761802420     
           8          21  -9.3576701942760043E-011
           8          22   1.1689182954910525E-010
           8          23   1.5644841659293200     
           8          24   3.0046409804639001E-011
           8          25  -2.2895352280727653E-011
           8          26   3.3870001481825807E-011
           8          27   1.5303791229991639E-011
           8          28   5.5660516956549805E-011
           8          29  -8.1395062898819379E-012
           8          30   3.6441814741702630E-011
           8          31   1.1832968149562236E-011
           8          32   5.6108354781644842E-012
           8          33  -7.3883037062745879E-012
           8          34   4.0354353041080016E-012
           8          35  -2.2784199926408842E-012
           8          36   6.5397342225022717E-012
           8          37   3.3270129408074591E-012
           8          38   5.3608744205965454E-011
           8          39   1.3421410540004975E-011
           8          40   7.1370903941875104E-011
           8          41  -4.7620732543909336E-012
           8          42   4.5264615657755478E-011
           8          43   3.0312381461885099E-011
           8          44  -3.6271974638644266E-011
           8          45  -8.8347770792132404E-012
           8          46  -4.9184679965998546E-011
           8          47   9.8619865399212357E-012
           8          48  -3.9673965234379318E-011
           8          49  -1.9596987998321303E-011
           8          50 -0.21108959055053628     
           8          51   1.1167428093372818E-011
           8          52  -9.4402134765789264E-002
           8          53   1.2837564344892123E-011
           8          54  -1.0711570519460645E-012
           8          55  -2.6799073423458378E-012
           8          56  -1.7547199804290756E-011
           8          57  -9.4402134749707850E-002
           8          58   1.0156042673516628E-012
           8          59  -9.0000507046993195E-012
           8          60  0.17251207412735847     
           8          61  -1.4845121659723417E-011
           8          62   7.7149744938163317E-002
           8          63  -1.0391770777218302E-011
           8          64  -1.3320376052172757E-011
           8          65  -4.5556793321617072E-013
           8          66  -8.0349962794379127E-012
           8          67   7.7149744937710651E-002
           8          68  -2.7141830449823836E-013
           8          69  -1.9697202202628762E-011
           9           1  -3.4485616720631159E-011
           9           2  -1.0890033481848249E-010
           9           3  -7.8967621489007325E-011
           9           4   1.6141502115840153E-011
           9           5   6.1245501153952881E-011
           9           6  -4.1697638143981614E-012
           9           7  -6.6628538242039189E-011
           9           8  -5.1909032627862428E-012
           9           9   1.9824843267788848     
           9          10   8.0638967725484868E-013
           9          11  -1.5849099810339285E-011
           9          12  0.50466679750280075     
           9          13   1.4331313913374269E-011
           9          14  -1.3978995738739376E-010
           9          15   4.9945020274379868     
           9          16  -1.4932499681190241E-012
           9          17   1.0904444014414686E-011
           9          18 -0.51828329934998707     
           9          19   5.6169513484857516E-012
           9          20   1.7585133349484881E-010
           9          21  -6.4987817764232299     
           9          22   3.2271962879780265E-012
           9          23  -4.4170000990107354E-011
           9          24   1.5644841659925104     
           9          25   1.4669376824377392E-012
           9          26   5.7082605844666044E-011
           9          27   9.0943121660674332E-012
           9          28   8.3109302141602098E-011
           9          29  -2.1990199260739620E-012
           9          30   2.6505750352637241E-011
           9          31   5.2889339867270364E-011
           9          32  -2.2023480239152809E-012
           9          33  -3.9813942983467438E-012
           9          34   2.1066802000465578E-012
           9          35  -1.5415477072586979E-013
           9          36   4.1577957837184254E-012
           9          37  -3.6967562515980693E-012
           9          38   8.5451967954109440E-011
           9          39   9.6492548330255493E-012
           9          40   1.0975964198289909E-010
           9          41  -4.0193682635094900E-013
           9          42   3.1394789868159353E-011
           9          43   7.7356508578524116E-011
           9          44  -5.2976497010926508E-011
           9          45  -6.5363090311621929E-012
           9          46  -7.5441309217022634E-011
           9          47   2.7664510632085888E-012
           9          48  -2.7904148477301197E-011
           9          49  -4.8749344952261697E-011
           9          50   7.9472539660234162E-012
           9          51  -9.4402134761705364E-002
           9          52   1.5793200081049675E-012
           9          53 -0.21108959055677090     
           9          54  -1.6034257255272435E-012
           9          55  -2.1225774154954388E-012
           9          56  -7.4345113398879080E-012
           9          57   8.8366813866258279E-012
           9          58  -9.4402134766910478E-002
           9          59  -4.9709958371837514E-012
           9          60   1.0883585699338631E-012
           9          61   7.7149744927629049E-002
           9          62  -9.0028678956299239E-014
           9          63  0.17251207411707456     
           9          64  -3.9897338904859136E-012
           9          65  -1.2581683704097358E-012
           9          66  -1.8151712771752705E-012
           9          67  -5.5318596925416313E-013
           9          68   7.7149744936270082E-002
           9          69  -4.8302022104262148E-012
          10           1   5.3254770885436882E-012
          10           2   1.6820697452505818E-011
          10           3   1.1596037212123947E-011
          10           4  -5.9488769368063606E-013
          10           5  -9.6266091834876856E-012
          10           6  -5.1316063223877272E-014
          10           7   1.0231585251331377E-011
          10           8   1.1900064267322384E-012
          10           9   8.0638967725484868E-013
          10          10   1.9824843267828114     
          10          11   3.8778424915617882E-012
          10          12   3.1716851367496181E-012
          10          13  0.50466679751493626     
          10          14   3.8834935267572800E-011
          10          15  -1.1546319452208628E-014
          10          16   4.9945020274066687     
          10          17  -3.2635560920368385E-012
          10          18  -4.9793502654459152E-013
          10          19 -0.51828329935563555     
          10          20  -4.9513282363022287E-011
          10          21  -4.6762593797702510E-013
          10          22  -6.4987817763902731     
          10          23   1.2407630478605631E-011
          10          24  -1.5853984791523168E-013
          10          25   1.5644841659820121     
          10          26  -1.0577498694996190E-011
          10          27  -3.3174957149691163E-012
          10          28  -1.2493974356694557E-011
          10          29   5.1327497926631673E-013
          10          30  -4.3286264390473030E-012
          10          31  -7.4682811689644024E-012
          10          32  -5.7398909906942569E-013
          10          33   5.5226115010219020E-013
          10          34  -1.3750060024159475E-012
          10          35   7.4132911810540957E-014
          10          36  -4.1567565334109277E-013
          10          37  -1.0624620084322670E-013
          10          38  -1.5548615143106850E-011
          10          39  -3.4695645278764755E-012
          10          40  -1.6737306711178210E-011
          10          41   1.2889843933798784E-013
          10          42  -4.6264205694756714E-012
          10          43  -1.1073633972502897E-011
          10          44   1.0028129602328161E-011
          10          45   2.7117392927282968E-012
          10          46   1.1805705777121060E-011
          10          47  -6.2818707568221246E-013
          10          48   4.0342898970091097E-012
          10          49   6.8361997141788678E-012
          10          50  -1.7757462167365231E-012
          10          51  -1.7020135301139080E-012
          10          52  -4.9311943417503959E-013
          10          53  -1.3866963133326120E-012
          10          54  -9.4402134769310433E-002
          10          55   1.3662915601779692E-013
          10          56  -9.4402134768438645E-002
          10          57  -1.7276874375582581E-012
          10          58  -6.0400295875966541E-013
          10          59 -0.21108959056450019     
          10          60   3.5244723806112249E-013
          10          61   9.2558339465088503E-013
          10          62   1.6668957880658597E-013
          10          63   6.0420418668263444E-014
          10          64   7.7149744935336190E-002
          10          65   3.3639669050096862E-013
          10          66   7.7149744934894460E-002
          10          67   2.8528221451832861E-013
          10          68  -5.3696370266868477E-013
          10          69  0.17251207412117628     
          11           1  -8.9544689067890882E-011
          11           2  -2.8094963634876144E-010
          11           3  -1.9623733109682713E-010
          11           4   1.9491071832655023E-011
          11           5   1.7430237292489782E-010
          11           6  -3.3605971891902717E-012
          11           7  -1.9052916951370650E-010
          11           8  0.50466679748028764     
          11           9  -1.5849099810339285E-011
          11          10   3.8778424915617882E-012
          11          11   8.0352145317893289     
          11          12  -2.1279422668387877E-011
          11          13   1.7512635785976621E-010
          11          14   43.715400770912780     
          11          15   6.7759131638920548E-010
          11          16  -4.5679193760861820E-010
          11          17  -3.7883080593156611     
          11          18   3.5284886124032873E-011
          11          19   1.3477552407437163E-010
          11          20  -56.194093394468879     
          11          21  -8.0981621408679735E-010
          11          22   6.4479621642022391E-010
          11          23   13.678093638416900     
          11          24   2.3256951919847141E-010
          11          25  -1.2957768191768209E-010
          11          26   1.7268628662181792E-010
          11          27   7.5280587454541221E-011
          11          28   2.7999897794900828E-010
          11          29  -3.9976098324730536E-011
          11          30   1.7891013649725490E-010
          11          31   6.4658992305818094E-011
          11          32   2.4061935102706872E-011
          11          33  -3.6213232805659578E-011
          11          34   1.6406241589626266E-011
          11          35  -1.0999923575205383E-011
          11          36   3.1988797842141442E-011
          11          37   1.2934964036533264E-011
          11          38   2.6659117151591285E-010
          11          39   6.6056226475580703E-011
          11          40   3.5424332172297039E-010
          11          41  -2.3333088712156729E-011
          11          42   2.2217634889673954E-010
          11          43   1.5249453660834832E-010
          11          44  -1.7987558564449240E-010
          11          45  -4.3513557376386034E-011
          11          46  -2.4357346956069856E-010
          11          47   4.8237197581513280E-011
          11          48  -1.9473326429758935E-010
          11          49  -9.8213883755941235E-011
          11          50  -3.9232361143305670     
          11          51   4.4576231594817887E-011
          11          52  -1.7545245287001892     
          11          53   4.0067948958722804E-011
          11          54  -3.1728508709245916E-012
          11          55  -1.3205430231284952E-011
          11          56  -8.4151463575210037E-011
          11          57  -1.7545245286211471     
          11          58  -5.2302606690083047E-012
          11          59  -3.9379166594243897E-011
          11          60  0.37383982108274788     
          11          61  -7.1230479847805890E-011
          11          62  0.16718625052997352     
          11          63  -4.7393727831135334E-011
          11          64  -6.5706391716435878E-011
          11          65  -2.1929588672604718E-012
          11          66  -3.9786500483085422E-011
          11          67  0.16718625052779265     
          11          68   3.2591984666671780E-013
          11          69  -9.7374899810098919E-011
          12           1  -1.7298512861201614E-010
          12           2  -5.4782590421982891E-010
          12           3  -4.1619552894325879E-010
          12           4   1.0753864199608021E-010
          12           5   2.9863526389168977E-010
          12           6  -5.8459018869710685E-011
          12           7  -3.0907315320970052E-010
          12           8  -1.3834156042947245E-011
          12           9  0.50466679750280075     
          12          10   3.1716851367496181E-012
          12          11  -2.1279422668387877E-011
          12          12   8.0352145318962975     
          12          13   6.6474825644038810E-011
          12          14  -3.6514080647976336E-010
          12          15   43.715400771455158     
          12          16   1.4047429885988120E-011
          12          17   2.5519142354824547E-011
          12          18  -3.7883080593194278     
          12          19   2.6956326060199428E-011
          12          20   4.5036330220683247E-010
          12          21  -56.194093395084323     
          12          22  -1.1544543099276595E-011
          12          23  -1.1641265729167834E-010
          12          24   13.678093638579750     
          12          25   1.4522605340519887E-011
