           1           1   2.3942417022555613     
           1           2  -1.0388039978176300     
           1           3  0.13574561482229031     
           1           4   2.9250212447665081E-003
           1           5  0.13069313461010701     
           1           6  -1.5063023913710206E-002
           1           7  -1.2050614070523649E-002
           1           8  -1.2825845321015974E-007
           1           9  -5.1830675021871026E-007
           1          10   7.3929280419930768E-009
           1          11  -4.4478228671675658E-010
           1          12   1.6499458522606318E-010
           1          13   1.0322653626522508E-009
           1          14  -1.8925280500895607E-010
           1          15   2.9638906257043252E-009
           1          16   1.7165240448084956E-009
           1          17  -8.6485881250094582E-012
           1          18  -3.2920010696338630E-010
           1          19  -2.5694380523743008E-010
           1          20   5.0640533529009066E-013
           1          21   4.8273427977895763E-011
           1          22  -3.3886749848152435E-012
           1          23   6.7624809459441107E-012
           1          24  -2.6764835362140130E-011
           1          25  -6.8480207105618559E-011
           1          26  -1.0759499648375151E-004
           1          27  -1.0063141165941701E-007
           1          28  -1.0780938944189553E-004
           1          29   4.1344206164600141E-009
           1          30   1.1442912618594460E-008
           1          31  -1.0756388849224072E-004
           1          32  -4.6262739586711043E-004
           1          33  -5.0113976117084994E-008
           1          34  -4.6273412349941850E-004
           1          35   2.0472715990480415E-009
           1          36   5.7428441291013179E-009
           1          37  -4.6261188985307689E-004
           1          38  -8.6846616084949283E-004
           1          39  -7.0681325793265252E-008
           1          40  -8.6861679700260379E-004
           1          41   2.8999450275133872E-009
           1          42   8.0417999495018934E-009
           1          43  -8.6844420984790935E-004
           1          44  -2.9253835988195904E-003
           1          45  -1.2860705139457335E-008
           1          46  -2.9254110140636397E-003
           1          47   5.2181747747089001E-010
           1          48   1.4862779977206916E-009
           1          49  -2.9253795032914832E-003
           1          50  -3.4082494474713686E-011
           1          51   3.6583112267276593E-010
           1          52  -1.4315247866029287E-011
           1          53   8.1818921197214048E-010
           1          54   2.9763720678166843E-010
           1          55   5.7202324585276307E-013
           1          56   3.0316298508879838E-010
           1          57  -1.5346773789295426E-011
           1          58   3.6664994994125503E-010
           1          59   6.6984674100264079E-010
           1          60  -8.7220646423783829E-011
           1          61   4.7858224782068691E-010
           1          62  -3.7196646115851008E-011
           1          63   1.0621848954991083E-009
           1          64   3.2948085995440553E-010
           1          65  -2.6833934777840823E-012
           1          66   3.2888364186552465E-010
           1          67  -3.9499509173733009E-011
           1          68   4.7469357003774944E-010
           1          69   7.2973275110345735E-010
           2           1  -1.0388039978176300     
           2           2   2.7817897202899067     
           2           3 -0.52932992693573444     
           2           4  -1.8380543486121149E-002
           2           5 -0.49512255081101453     
           2           6   4.4154273898546828E-002
           2           7   4.2112906780543816E-002
           2           8   4.0742990018201308E-007
           2           9   1.6154663237717287E-006
           2          10  -3.8811745465881348E-008
           2          11   1.7604149408501560E-009
           2          12  -7.9231128193634879E-009
           2          13  -8.9362536707830919E-009
           2          14   9.0964593761154976E-010
           2          15  -1.2717909021661977E-008
           2          16  -7.8466166553018473E-009
           2          17   6.6036641254896603E-011
           2          18   4.3420411215731032E-010
           2          19   3.5334928428432121E-010
           2          20  -1.5849416069650476E-011
           2          21   3.7073794818563627E-011
           2          22   1.7199875044319271E-010
           2          23  -1.9841452948884282E-011
           2          24   3.9034064788032836E-011
           2          25   1.9571196651030651E-010
           2          26   1.8779243833024297E-004
           2          27   3.6361453670759010E-007
           2          28   1.8856975616346808E-004
           2          29  -1.5001220954817017E-008
           2          30  -4.1027300583742341E-008
           2          31   1.8768181674272443E-004
           2          32   9.6865834561753075E-004
           2          33   1.8231449292409885E-007
           2          34   9.6904797644793770E-004
           2          35  -7.4798060141909741E-009
           2          36  -2.0720505502676429E-008
           2          37   9.6860287641710474E-004
           2          38   4.3409593718821745E-003
           2          39   2.5385799793736966E-007
           2          40   4.3415025739174211E-003
           2          41  -1.0463977267244906E-008
           2          42  -2.8619433327753723E-008
           2          43   4.3408819602583602E-003
           2          44   1.1540783102558815E-002
           2          45   4.6822992803716138E-008
           2          46   1.1540883655777148E-002
           2          47  -1.9134914756011881E-009
           2          48  -5.3203503947779416E-009
           2          49   1.1540768663146678E-002
           2          50  -2.4289174437335756E-011
           2          51  -3.7441403838844636E-010
           2          52  -1.7839313716984106E-011
           2          53  -8.3366389201742274E-010
           2          54  -3.3649392632899521E-010
           2          55  -4.1893092190655801E-014
           2          56  -3.5439716130329657E-010
           2          57  -1.2093628703653125E-011
           2          58  -3.7725900526067140E-010
           2          59  -7.6218728385105837E-010
           2          60   3.2143627975477828E-010
           2          61  -1.8127342079247940E-009
           2          62   1.3728971018935188E-010
           2          63  -4.0251455467644306E-009
           2          64  -1.2509389325219143E-009
           2          65   9.8569343006250187E-012
           2          66  -1.2504530757465451E-009
           2          67   1.4547791892990427E-010
           2          68  -1.7983968572197438E-009
           2          69  -2.7737590428552116E-009
           3           1  0.13574561482229031     
           3           2 -0.52932992693573444     
           3           3  0.70626457643022045     
           3           4   3.3499125404779485E-002
           3           5  0.62790747102227229     
           3           6  -3.7771580314228934E-002
           3           7  -6.8633980482125795E-002
           3           8  -1.2639540742473774E-007
           3           9  -4.8758518908632987E-007
           3          10  -1.1935433370673891E-008
           3          11  -1.1610305264494353E-009
           3          12   8.1043409576283089E-009
           3          13   6.3238069080658577E-009
           3          14  -6.6646143649200353E-010
           3          15   1.3390767224702261E-008
           3          16   9.0483380953171035E-009
           3          17  -6.0605152446145076E-011
           3          18  -5.1705693995224458E-010
           3          19  -6.0050674781514864E-010
           3          20   3.2743422814013105E-011
           3          21  -1.7420525565564273E-010
           3          22  -3.8317255234681740E-010
           3          23   3.0543515557234819E-011
           3          24  -2.3174328250207301E-011
           3          25  -2.7693164277657070E-010
           3          26   2.9247545074632567E-004
           3          27  -6.4664125636098429E-007
           3          28   2.9111162362728538E-004
           3          29   2.5461410153723315E-008
           3          30   7.4826810220758105E-008
           3          31   2.9268838005238110E-004
           3          32   1.2367995180159025E-003
           3          33  -3.4633481832607757E-007
           3          34   1.2360689548038492E-003
           3          35   1.3640201444041658E-008
           3          36   4.0067152824187661E-008
           3          37   1.2369132956666709E-003
           3          38  -1.0428270057199740E-002
           3          39  -4.7292692377766253E-007
           3          40  -1.0429266581541353E-002
           3          41   1.8529015471279326E-008
           3          42   5.4816760804400849E-008
           3          43  -1.0428112916663620E-002
           3          44  -2.0933503871231929E-002
           3          45  -1.0017376582726753E-007
           3          46  -2.0933713534811001E-002
           3          47   3.8306335313321155E-009
           3          48   1.1810239992326322E-008
           3          49  -2.0933469161074962E-002
           3          50   4.4238722805800552E-011
           3          51  -2.5012912202200025E-010
           3          52   6.3641046547726182E-011
           3          53  -6.0500972780978166E-010
           3          54  -1.3356847989455811E-010
           3          55  -2.0575183263183564E-011
           3          56  -1.4556101662110131E-010
           3          57   3.7439778482806004E-011
           3          58  -2.4850850451536110E-010
           3          59  -3.5247611574954565E-010
           3          60  -1.9662014232566218E-010
           3          61   1.3675250314332973E-009
           3          62  -9.1164782507145706E-011
           3          63   3.0291063898845690E-009
           3          64   9.0830776575770614E-010
           3          65  -8.0337224853931266E-012
           3          66   9.1572700850575397E-010
           3          67  -9.6815449822704025E-011
           3          68   1.3479908551385902E-009
           3          69   2.0139893378285855E-009
           4           1   2.9250212447665081E-003
           4           2  -1.8380543486121149E-002
           4           3   3.3499125404779485E-002
           4           4   3.0564125249880891E-003
           4           5   2.9637525314554922E-002
           4           6   1.6037871622338472E-003
           4           7   1.9162073025396773E-002
           4           8   2.7515835437431921E-008
           4           9   5.5126594805535207E-007
           4          10   4.4170308388359719E-008
           4          11  -1.2336529146996495E-011
           4          12   3.9219709844643323E-009
           4          13   2.0296038106858807E-009
           4          14  -4.7628484873048552E-011
           4          15  -5.0003601485132420E-010
           4          16  -1.5977751700758837E-010
           4          17  -2.0999598931890245E-012
           4          18   2.1521971643899331E-010
           4          19   1.8306982583106822E-010
           4          20  -4.0968255608701269E-012
           4          21   1.2812577292269287E-011
           4          22   7.9948823712912207E-011
           4          23  -8.8409023486604692E-012
           4          24   1.4456845503311368E-011
           4          25   7.9058813046595461E-011
           4          26  -2.2919685047558013E-004
           4          27  -2.3499777980997668E-007
           4          28  -2.2964647657464985E-004
           4          29   8.8046204853528961E-009
           4          30   3.3730135724538343E-008
           4          31  -2.2908772761940686E-004
           4          32  -1.0442367499597476E-003
           4          33  -1.2245753820013587E-007
           4          34  -1.0444712866104187E-003
           4          35   4.5853850284847441E-009
           4          36   1.7551598680821156E-008
           4          37  -1.0441799483648449E-003
           4          38   2.4896390746999468E-003
           4          39  -1.8683638218771905E-007
           4          40   2.4892827880333289E-003
           4          41   6.9989101742252488E-009
           4          42   2.6959093467881151E-008
           4          43   2.4897263956649438E-003
           4          44   4.7778808844092602E-003
           4          45  -6.2944897489404992E-008
           4          46   4.7777611037573258E-003
           4          47   2.4026663271181324E-009
           4          48   9.0512853849897865E-009
           4          49   4.7779096879355951E-003
           4          50   5.5433008732583415E-012
           4          51  -5.1569334476332120E-012
           4          52   5.2911526393782400E-012
           4          53  -1.3321781828984557E-011
           4          54  -1.1427183836137554E-011
           4          55  -1.2646472392799552E-012
           4          56  -1.1700193910939977E-011
           4          57   3.7793997725632928E-012
           4          58  -4.9121384429391871E-012
           4          59  -2.8019593343842429E-011
           4          60  -1.4915477264996872E-011
           4          61   7.3500319672968428E-011
           4          62  -4.3694613307974724E-012
           4          63   1.6858588212829920E-010
           4          64   5.1648653840861542E-011
           4          65  -4.8192844876291470E-013
           4          66   5.5991254599097687E-011
           4          67  -4.0940166563446983E-012
           4          68   7.5046739766591895E-011
           4          69   1.2274026186336803E-010
           5           1  0.13069313461010701     
           5           2 -0.49512255081101453     
           5           3  0.62790747102227229     
           5           4   2.9637525314554922E-002
           5           5  0.55849985937612145     
           5           6  -3.3919281483162228E-002
           5           7  -6.2097016704748924E-002
           5           8  -9.2577237476527007E-008
           5           9  -4.0580627983248326E-007
           5          10  -1.5957388139420564E-008
           5          11  -6.9401563767226357E-010
           5          12   7.0328663680092559E-009
           5          13   5.1879489002753735E-009
           5          14  -7.4218447989552535E-010
           5          15   1.2032088643004880E-008
           5          16   8.2568967117649295E-009
           5          17  -2.8463942548313169E-011
           5          18  -4.8203202275267463E-010
           5          19  -5.7828599932710516E-010
           5          20   2.7442162518665184E-011
           5          21  -1.5267713922876462E-010
           5          22  -3.4302117639057176E-010
           5          23   2.8074770690817372E-011
           5          24  -2.2094432368228992E-011
           5          25  -2.5159758380256728E-010
           5          26   2.6858965085346917E-004
           5          27  -5.3472265347849426E-007
           5          28   2.6746787244837555E-004
           5          29   2.2056362260132198E-008
           5          30   6.3696342401552300E-008
           5          31   2.6876411081157054E-004
           5          32   1.1380345336690048E-003
           5          33  -2.8679463056058742E-007
           5          34   1.1374326616233319E-003
           5          35   1.1817366833460765E-008
           5          36   3.4120942911453422E-008
           5          37   1.1381278452655243E-003
           5          38  -9.3921324522487012E-003
           5          39  -3.8825404051094625E-007
           5          40  -9.3929455852736921E-003
           5          41   1.6010154438984763E-008
           5          42   4.6496505315478646E-008
           5          43  -9.3920045047951855E-003
           5          44  -1.8870720761312042E-002
           5          45  -7.9236162467456243E-008
           5          46  -1.8870884763042248E-002
           5          47   3.2598197867213465E-009
           5          48   9.8686532456657870E-009
           5          49  -1.8870693147803329E-002
           5          50   4.0378650962077437E-011
           5          51  -2.1535762052198190E-010
           5          52   5.6761154656503106E-011
           5          53  -5.2188984581612429E-010
           5          54  -1.1416812932208237E-010
           5          55  -1.8132918151688944E-011
           5          56  -1.2456999842465452E-010
           5          57   3.3605808022661722E-011
           5          58  -2.1392312738377515E-010
           5          59  -3.0265524067297384E-010
           5          60  -1.7634284539293185E-010
           5          61   1.2231635152780727E-009
           5          62  -8.1786932584393508E-011
           5          63   2.7091308622503525E-009
           5          64   8.1258865230478882E-010
           5          65  -7.1722480138587115E-012
           5          66   8.1892302227956771E-010
           5          67  -8.6864354299456498E-011
           5          68   1.2056658480488416E-009
           5          69   1.8013750420302446E-009
           6           1  -1.5063023913710206E-002
           6           2   4.4154273898546828E-002
           6           3  -3.7771580314228934E-002
           6           4   1.6037871622338472E-003
           6           5  -3.3919281483162228E-002
           6           6   9.8760114499906789E-003
           6           7   5.5527037843865118E-002
           6           8  -1.1988951396956799E-008
           6           9  -1.8206512210574907E-007
           6          10  -1.7299678877339580E-008
           6          11   5.4776131289553314E-010
           6          12  -1.9254162810211215E-009
           6          13  -8.4116513108782307E-010
           6          14  -2.0170377730892439E-010
           6          15   9.4239303873557651E-011
           6          16  -1.3137986149161997E-011
           6          17   4.2945224068891014E-011
           6          18  -4.8250394438329788E-011
           6          19   1.4257275360036943E-010
           6          20  -2.2601521400235201E-011
           6          21   7.0966413369490108E-011
           6          22   2.6659705934910499E-010
           6          23  -2.4621002678603466E-011
           6          24   3.0262562030642660E-011
           6          25   2.2096258624835437E-010
           6          26  -5.7840795038668468E-004
           6          27   4.9708449041166101E-007
           6          28  -5.7733845919785177E-004
           6          29  -1.7957426863211012E-008
           6          30  -5.5241848172734698E-008
           6          31  -5.7856972716142387E-004
           6          32  -2.6173930271041167E-003
           6          33   2.6193306215589806E-007
           6          34  -2.6168295817657265E-003
           6          35  -9.4793463015668600E-009
           6          36  -2.9122571016060920E-008
           6          37  -2.6174782022153386E-003
           6          38   7.4602993587088995E-003
           6          39   3.9387586809679027E-007
           6          40   7.4611470647238439E-003
           6          41  -1.4184902886946660E-008
           6          42  -4.3742465154391020E-008
           6          43   7.4601710138373026E-003
           6          44   1.4468299315706919E-002
           6          45   8.9976057702294399E-008
           6          46   1.4468493941829023E-002
           6          47  -3.0468419404336529E-009
           6          48  -9.9236323385276479E-009
           6          49   1.4468269206091400E-002
           6          50  -4.1236172168491975E-012
           6          51   3.3709857214790834E-013
           6          52  -2.7149000232998358E-012
           6          53   3.9504487760763814E-012
           6          54   6.5679291635515495E-014
           6          55   7.1030680603102262E-013
           6          56   1.2729922365321812E-012
           6          57  -1.5984071089270996E-012
           6          58   9.6638994842039710E-013
           6          59   3.9011824982368588E-012
           6          60   4.1227273715441568E-012
           6          61  -6.2485362471834504E-011
           6          62   7.9680769409701709E-012
           6          63  -1.2506804871529381E-010
           6          64  -4.0768120729079162E-011
           6          65   1.1973975811212610E-013
           6          66  -3.2144286623159672E-011
           6          67   9.1396172764797484E-012
           6          68  -5.5610106753907712E-011
           6          69  -7.3043576211410508E-011
           7           1  -1.2050614070523649E-002
           7           2   4.2112906780543816E-002
           7           3  -6.8633980482125795E-002
           7           4   1.9162073025396773E-002
           7           5  -6.2097016704748924E-002
           7           6   5.5527037843865118E-002
           7           7  0.35451695843345976     
           7           8   1.9796239911528872E-008
           7           9   1.5976972404030123E-007
           7          10   3.5887106804733673E-008
           7          11   1.5306909730252131E-009
           7          12  -1.8097647700951607E-010
           7          13   4.5856526941940976E-010
           7          14  -6.7833807943613557E-010
           7          15   4.1840034923992067E-010
           7          16   5.8291139926669160E-010
           7          17   1.0419989964180060E-010
           7          18   2.3779864455875338E-010
           7          19   1.1528963708179964E-009
           7          20  -1.2608484541784862E-010
           7          21   4.1844446506922007E-010
           7          22   1.6746598571595518E-009
           7          23  -1.6067436289542459E-010
           7          24   2.0357557107756857E-010
           7          25   1.4147375532483900E-009
           7          26  -3.8168583324366995E-003
           7          27   8.4514983562220786E-007
           7          28  -3.8151019985766246E-003
           7          29  -3.7047195259048119E-008
           7          30  -1.0186537345737944E-007
           7          31  -3.8171352005652659E-003
           7          32  -1.7302609095732734E-002
           7          33   4.5391489800993776E-007
           7          34  -1.7301664875747889E-002
           7          35  -1.9830588615916287E-008
           7          36  -5.4599859031689108E-008
           7          37  -1.7302757346814333E-002
           7          38   4.7424878514883674E-002
           7          39   6.6290080704258522E-007
           7          40   4.7426254598676831E-002
           7          41  -2.9168613112211497E-008
           7          42  -8.0067684912593103E-008
           7          43   4.7424660620421930E-002
           7          44   9.1661683609544964E-002
           7          45   3.9201540690043379E-008
           7          46   9.1661754974444384E-002
           7          47  -2.2558187551517505E-009
           7          48  -6.2488079986421948E-009
           7          49   9.1661665349244470E-002
           7          50  -5.2927349662166011E-012
           7          51  -3.0258905519734446E-012
           7          52   2.2395805449238854E-012
           7          53   4.2371185828984015E-012
           7          54  -1.3902627632857784E-011
           7          55  -1.5986510019836472E-013
           7          56  -7.5823053179125404E-012
           7          57   3.2235693308210224E-012
           7          58   1.3795383219892555E-012
           7          59  -1.8295440559878431E-011
           7          60  -3.9634248687881529E-011
           7          61  -1.6854600525096946E-011
           7          62   2.2603925441579577E-011
           7          63   5.2447248125069746E-011
           7          64   3.2751519134970286E-014
           7          65  -1.4045919350738343E-012
           7          66   5.9644143219239085E-011
           7          67   2.9168970811484241E-011
           7          68   2.4019689236355286E-011
           7          69   1.1785529714673350E-010
           8           1  -1.2825845321015974E-007
           8           2   4.0742990018201308E-007
           8           3  -1.2639540742473774E-007
           8           4   2.7515835437431921E-008
           8           5  -9.2577237476527007E-008
           8           6  -1.1988951396956799E-008
           8           7   1.9796239911528872E-008
           8           8   2.2712693088117510     
           8           9   3.6234634924044001E-009
           8          10   3.3402881471871027E-008
           8          11 -0.54438265325275670     
           8          12  -6.2133099951383469E-008
           8          13  -1.8804028682073537E-007
           8          14  0.24406146536560852     
           8          15  -2.2846433433278389E-007
           8          16  -1.6872642838308083E-007
           8          17  -4.8255125182350755E-002
           8          18   5.2563851633526807E-008
           8          19  -3.0250988463831194E-007
           8          20   2.8112254675970606E-003
           8          21  -3.6621396907894913E-008
           8          22   1.8700356822345358E-007
           8          23  -9.7126360465363813E-004
           8          24   3.3595950171052264E-008
           8          25  -9.3596561078538003E-008
           8          26   2.8536292856610675E-008
           8          27  -3.8422589124477848E-008
           8          28   7.1906454993660281E-008
           8          29  -9.5929404202802711E-009
           8          30  -1.1401311287158920E-008
           8          31   4.7376167368629126E-008
           8          32   7.3852098733743750E-008
           8          33  -9.6753685420812311E-009
           8          34  -8.4176843028032290E-009
           8          35   5.4231424701827711E-008
           8          36  -4.6644726141928236E-008
           8          37   5.3700401063677551E-008
           8          38  -3.0292977169125846E-008
           8          39   1.8673024083636138E-008
           8          40   3.6267920091800840E-008
           8          41  -5.1595303131618280E-008
           8          42   3.0823677660274529E-008
           8          43  -3.3989070622403962E-008
           8          44  -1.6709376639577501E-008
           8          45   3.8216982820352903E-008
           8          46   4.1459541464332316E-008
           8          47   1.1000189406512995E-008
           8          48   1.9448962032557834E-008
           8          49  -6.4409375839535725E-009
           8          50   1.9355843605070225E-004
           8          51   5.4537096399978128E-009
           8          52   8.6603982558525709E-005
           8          53   1.6544656672562249E-009
           8          54   4.3008336847181448E-008
           8          55  -2.7815175033340071E-008
           8          56   4.2927370963406516E-008
           8          57   8.6561069980131106E-005
           8          58  -4.6996633691606729E-008
           8          59  -1.4142173320124718E-008
           8          60  -1.0351613659336321E-003
           8          61  -3.5851476361950447E-008
           8          62  -4.6297994710147784E-004
           8          63  -1.3762931505613631E-007
           8          64  -1.4105199120623352E-008
           8          65   5.8924017714707076E-009
           8          66  -1.2391789879532048E-008
           8          67  -4.6293613710166092E-004
           8          68  -7.2706743075926284E-008
           8          69   1.2719541522568676E-007
           9           1  -5.1830675021871026E-007
           9           2   1.6154663237717287E-006
           9           3  -4.8758518908632987E-007
           9           4   5.5126594805535207E-007
           9           5  -4.0580627983248326E-007
           9           6  -1.8206512210574907E-007
           9           7   1.5976972404030123E-007
           9           8   3.6234634924044001E-009
           9           9   2.2712691968539778     
           9          10   1.4542092873251319E-007
           9          11  -8.9874844146827574E-007
           9          12 -0.54438260443390507     
           9          13  -7.4432268176054000E-007
           9          14  -1.5078472357631908E-006
           9          15  0.24406096311121317     
           9          16  -4.2811524579151312E-007
           9          17   3.0476173929890770E-007
           9          18  -4.8255099066064441E-002
           9          19  -1.2942459758088983E-006
           9          20  -3.2559496141986972E-007
           9          21   2.8111353166551164E-003
           9          22   7.9117717634994155E-007
           9          23   1.8585446386128849E-007
           9          24  -9.7111917888631646E-004
           9          25  -3.4063125616744952E-007
           9          26   1.2772781817021187E-007
           9          27  -5.6914401006679650E-008
           9          28   4.2995672837001132E-007
           9          29  -6.3604665392538343E-008
           9          30  -6.0993130914372322E-008
           9          31   2.7771137454370063E-007
           9          32   2.0019513499709556E-007
           9          33  -2.6217119154993694E-007
           9          34  -1.7523356573760640E-007
           9          35   1.8931594461454833E-007
           9          36  -1.1087057634826640E-007
           9          37   1.5643957975285211E-008
           9          38   1.9110809051280825E-007
           9          39   3.1449195816000200E-007
           9          40   3.1603620879115744E-007
           9          41  -2.6108421224343614E-007
           9          42   9.7161991868899236E-008
           9          43   1.2489213072298963E-007
           9          44  -3.3561195735772355E-008
           9          45   1.1594020380780067E-008
           9          46   3.3864238593088189E-007
           9          47   3.3563056855435791E-008
           9          48   1.1367075383862488E-007
           9          49   7.5676712683034687E-008
           9          50   1.1661645278217753E-007
           9          51   8.6558541119782141E-005
           9          52   1.9752488760441963E-007
           9          53   1.9356317639192489E-004
           9          54   1.8152737593639682E-007
           9          55  -1.6247861682984317E-007
           9          56   2.0049828336007365E-007
           9          57  -5.8908170797735704E-010
           9          58   8.6315499748182618E-005
           9          59  -5.9990731815322033E-008
           9          60  -7.3562281948725652E-007
           9          61  -4.6303545037483626E-004
           9          62  -5.0630573849581887E-007
           9          63  -1.0354362191978732E-003
           9          64  -8.6924640677316499E-008
           9          65   3.9242955112408199E-008
           9          66   4.6218911098562130E-008
           9          67  -2.9051955067350501E-007
           9          68  -4.6308189502345558E-004
           9          69   6.4994020020987649E-007
          10           1   7.3929280419930768E-009
          10           2  -3.8811745465881348E-008
          10           3  -1.1935433370673891E-008
          10           4   4.4170308388359719E-008
          10           5  -1.5957388139420564E-008
          10           6  -1.7299678877339580E-008
          10           7   3.5887106804733673E-008
          10           8   3.3402881471871027E-008
          10           9   1.4542092873251319E-007
          10          10   2.2712693412630856     
          10          11   4.2112009359131342E-008
          10          12  -3.7794441782136101E-008
          10          13 -0.54438238433714714     
          10          14   1.3782634901496408E-007
          10          15  -1.1654639583169969E-007
          10          16  0.24406206898041938     
          10          17   1.0477103149637755E-007
          10          18  -1.0041456763833926E-007
          10          19  -4.8255167686778580E-002
          10          20  -8.5591301241304766E-008
          10          21   2.9098551061900169E-008
          10          22   2.8112911607956416E-003
          10          23   7.3062677124922381E-008
          10          24  -8.5058233944799063E-009
          10          25  -9.7126151164490001E-004
          10          26  -1.4423074435410418E-008
          10          27   4.3943184539813393E-008
          10          28   5.4774659531842134E-008
          10          29  -7.8433334703221376E-009
          10          30  -1.1670969037647330E-008
          10          31   3.5997288392947280E-008
          10          32   1.8670419538922204E-008
          10          33  -9.0909786717962731E-008
          10          34  -2.9949963491521227E-008
          10          35  -1.7189498372625976E-008
          10          36   1.0203267274698839E-008
          10          37  -5.8840628288512297E-008
          10          38   5.4316671723251219E-008
          10          39   7.4331680024565951E-008
          10          40   2.5526825363274724E-008
          10          41  -1.8972255851691617E-008
          10          42   8.4239141002143793E-009
          10          43   6.8229268358701672E-008
          10          44  -3.1025314222171186E-008
          10          45  -4.7732778231183558E-008
          10          46   1.3930218840680408E-008
          10          47  -1.2159470249081616E-008
          10          48   1.5045799520719175E-008
          10          49  -2.0461255880212067E-008
          10          50   2.8407795280191398E-008
          10          51  -4.3192640256945826E-009
          10          52   2.9549297336729533E-009
          10          53   2.1996494092280311E-008
          10          54   8.6563437584461427E-005
          10          55  -2.6631848721956215E-008
          10          56   8.6564213284784982E-005
          10          57  -4.5838227715977078E-009
          10          58  -2.9967189640591010E-008
          10          59   1.9355997422891075E-004
          10          60  -2.3978464836242377E-009
          10          61  -1.4211675696796244E-008
          10          62   4.7143171876902028E-009
          10          63   4.0978138177010049E-010
          10          64  -4.6286474184151520E-004
          10          65   1.4837342494068876E-008
          10          66  -4.6281206872296997E-004
          10          67   7.3393936225538670E-009
          10          68   1.9442387735733861E-008
          10          69  -1.0349134332512222E-003
          11           1  -4.4478228671675658E-010
          11           2   1.7604149408501560E-009
          11           3  -1.1610305264494353E-009
          11           4  -1.2336529146996495E-011
          11           5  -6.9401563767226357E-010
          11           6   5.4776131289553314E-010
          11           7   1.5306909730252131E-009
          11           8 -0.54438265325275670     
          11           9  -8.9874844146827574E-007
          11          10   4.2112009359131342E-008
          11          11   1.0931176231572084     
          11          12   1.3813849462912587E-008
          11          13  -1.2704375225069472E-010
          11          14 -0.48882663774135687     
          11          15   7.3493774830058563E-008
          11          16  -2.6784531910411957E-009
          11          17   9.6353278665651618E-002
          11          18   7.4959469129170907E-008
          11          19  -4.1565807846534331E-009
          11          20  -5.5201530108420511E-003
          11          21   1.7933840080084519E-008
          11          22  -3.8417114603946893E-010
          11          23   1.9192193741510170E-003
          11          24   2.6933284738556168E-011
          11          25  -5.8605958468133606E-010
          11          26   7.3764544890167437E-010
          11          27   6.8397698855750295E-009
          11          28   1.1599973937633056E-009
          11          29   6.6484148518038775E-009
          11          30  -1.0602185348413015E-009
          11          31  -1.4503436032263242E-009
          11          32   1.5291995510678107E-009
          11          33   5.0592050013890836E-009
          11          34   1.2158527225532733E-009
          11          35   5.8520367617945022E-009
          11          36  -4.3628207099764525E-010
          11          37   2.3243340913192201E-011
          11          38  -1.3434710645547023E-010
          11          39  -1.9989436919635376E-011
          11          40  -1.0991997855807414E-010
          11          41   8.0383875088195879E-010
          11          42  -7.9656979479673266E-010
          11          43  -2.2475146761442072E-009
          11          44   3.9045824652285864E-010
          11          45   7.6933882086750512E-010
          11          46   3.3365693747705331E-010
          11          47   2.1804952924299169E-010
          11          48   3.2370938136697551E-010
          11          49  -7.3956246296760813E-010
          11          50  -5.5811376342296788E-005
          11          51   4.5845407832167372E-009
          11          52  -2.4954016471268189E-005
          11          53   8.3180906930947008E-010
          11          54  -3.5875074654863130E-010
          11          55  -5.4055317892835087E-010
          11          56   1.3936224156454140E-011
          11          57  -2.4960045130350173E-005
          11          58   1.8581215187457890E-010
          11          59  -2.6264950738012085E-010
          11          60   1.9035852223234829E-003
          11          61  -9.3107570834446651E-009
          11          62   8.5128629384640709E-004
          11          63   2.0549628972390961E-008
          11          64   9.6029912541948253E-010
          11          65   1.4431599256432456E-009
          11          66   2.3206972659561229E-010
          11          67   8.5131272021921858E-004
          11          68   9.2610757662805435E-009
          11          69  -6.7186172227992401E-010
          12           1   1.6499458522606318E-010
          12           2  -7.9231128193634879E-009
          12           3   8.1043409576283089E-009
          12           4   3.9219709844643323E-009
          12           5   7.0328663680092559E-009
          12           6  -1.9254162810211215E-009
          12           7  -1.8097647700951607E-010
          12           8  -6.2133099951383469E-008
          12           9 -0.54438260443390507     
          12          10  -3.7794441782136101E-008
          12          11   1.3813849462912587E-008
          12          12   1.0931176657622892     
          12          13  -4.0066062552674251E-009
          12          14   7.1803179271143887E-008
          12          15 -0.48882645277605152     
          12          16  -9.7361521973978048E-009
          12          17   7.9221397976505245E-008
          12          18   9.6353472622767666E-002
          12          19  -1.2196977599327153E-008
          12          20   1.5658386573849116E-008
          12          21  -5.5201128995678809E-003
          12          22   2.3577342946098914E-010
          12          23   1.0504602550511356E-009
          12          24   1.9192211651097831E-003
          12          25  -8.4337651438704420E-010
