           1           1   4.0908608290686077     
           1           2   6.9946922582339939     
           1           3   5.6386178192068481     
           1           4  -5.9883485434251256     
           1           5  -2.5634363949748336     
           1           6   1.2745778154820153     
           1           7   6.6726890325569146     
           1           8   2.5326651336894144E-012
           1           9   3.5438550563697485E-012
           1          10   1.2673874133354775E-012
           1          11  -1.1714017484116709E-011
           1          12  -4.0416829649949779E-011
           1          13  -3.9215892169237130E-013
           1          14   1.1331368433449890E-010
           1          15   2.1477338982859523E-010
           1          16  -1.4551714433872607E-012
           1          17  -3.8690294720219709E-011
           1          18  -7.2322873942517313E-011
           1          19   4.8311713229347807E-013
           1          20  -1.7502424872539260E-010
           1          21  -3.3045025712621920E-010
           1          22   2.2436342374439014E-012
           1          23   6.2071105069473526E-011
           1          24   1.1731051296359949E-010
           1          25  -7.9720478364716155E-013
           1          26  -4.7875138406198099     
           1          27  -3.0987262895300696E-013
           1          28  -4.7875138406199902     
           1          29  -4.6027302412757232E-014
           1          30   1.2434547247936700E-014
           1          31  -4.7875138406196225     
           1          32  0.70119298183295298     
           1          33  -3.6445341228322862E-013
           1          34  0.70119298183260370     
           1          35   1.9792200951569924E-013
           1          36  -5.7725808178967190E-014
           1          37  0.70119298183335443     
           1          38  -3.1142232470044133     
           1          39  -4.4401319979036305E-013
           1          40  -3.1142232470048534     
           1          41   1.0572858565811277E-013
           1          42  -4.8924808184065408E-014
           1          43  -3.1142232470041096     
           1          44   2.4465347625246459     
           1          45   6.3038503819897011E-013
           1          46   2.4465347625252352     
           1          47  -2.0450990241500370E-013
           1          48   6.1326279653217999E-014
           1          49   2.4465347625241374     
           1          50  -5.7667906522597955E-012
           1          51  -4.0234203414550171E-012
           1          52  -2.6007858934767781E-012
           1          53  -9.0633046172780551E-012
           1          54   9.8811292625694309E-014
           1          55   1.8877709415506474E-014
           1          56   1.4754534076912188E-013
           1          57  -2.5145593126868545E-012
           1          58  -4.1560628721047511E-012
           1          59   2.6858177043722031E-013
           1          60   1.2514922625786983E-011
           1          61   1.1623550991704426E-011
           1          62   5.5774527768139132E-012
           1          63   2.5955855595517866E-011
           1          64  -2.5113079351735010E-014
           1          65   3.8637175945704952E-015
           1          66  -3.3153175325331525E-014
           1          67   5.6042364304573143E-012
           1          68   1.1589858324039443E-011
           1          69  -4.7180886802831467E-014
           2           1   6.9946922582339939     
           2           2   25.391291278710629     
           2           3   19.169897458685217     
           2           4  -20.736190357320712     
           2           5  -8.3526339461688064     
           2           6   3.7150480544018576     
           2           7   21.816183755982170     
           2           8   7.6610761926774759E-012
           2           9   1.1095850883982854E-011
           2          10   4.6092124949489316E-012
           2          11  -3.6845981255933469E-011
           2          12  -1.2844982099134981E-010
           2          13  -1.3154866601902597E-012
           2          14   3.4070162994113953E-010
           2          15   6.4783455466840144E-010
           2          16  -6.5214653158174501E-012
           2          17  -1.1629986846589211E-010
           2          18  -2.1791648122019653E-010
           2          19   2.2363558654542614E-012
           2          20  -5.2605981523611823E-010
           2          21  -9.9622592905830372E-010
           2          22   1.0141711615045132E-011
           2          23   1.8653466752749487E-010
           2          24   3.5358606024822474E-010
           2          25  -3.6195262649318471E-012
           2          26  -15.759839597187888     
           2          27  -1.0154707817977486E-012
           2          28  -15.759839597188503     
           2          29  -2.4715803552515870E-013
           2          30   3.0854282607616112E-014
           2          31  -15.759839597187426     
           2          32   3.0530134904438766     
           2          33  -1.2320795181288666E-012
           2          34   3.0530134904426993     
           2          35   5.0591453063107564E-013
           2          36  -1.5494210176892372E-013
           2          37   3.0530134904450517     
           2          38  -9.9521212378750956     
           2          39  -1.4772862141875780E-012
           2          40  -9.9521212378766144     
           2          41   2.0909830701698807E-013
           2          42  -1.5961026078901125E-013
           2          43  -9.9521212378742696     
           2          44   7.8215410795814204     
           2          45   2.0895102331247766E-012
           2          46   7.8215410795834064     
           2          47  -4.4486318886789572E-013
           2          48   2.0942251563119585E-013
           2          49   7.8215410795799656     
           2          50  -1.7456759619264171E-011
           2          51  -1.1936008293046317E-011
           2          52  -7.9137172710561462E-012
           2          53  -2.6944896049188675E-011
           2          54   3.8881110217562240E-013
           2          55   3.5877446149069701E-014
           2          56   5.2002147384643613E-013
           2          57  -7.6208908845333405E-012
           2          58  -1.2412844544866018E-011
           2          59   1.0606802614411014E-012
           2          60   3.7752460751883877E-011
           2          61   3.5344490291155017E-011
           2          62   1.6801945840322501E-011
           2          63   7.8998229764227092E-011
           2          64  -1.3763687247935113E-013
           2          65  -1.6594643754813814E-015
           2          66  -1.8780160760240093E-013
           2          67   1.6874565444414899E-011
           2          68   3.5316410597949261E-011
           2          69  -3.5637133059724074E-013
           3           1   5.6386178192068481     
           3           2   19.169897458685217     
           3           3   15.877805245662923     
           3           4  -15.840576344152975     
           3           5  -7.2182118559554649     
           3           6   4.0067069043008532     
           3           7   18.784130980733124     
           3           8  -2.9544141557078650E-012
           3           9  -9.4547188853669396E-012
           3          10   2.1518178469990481E-012
           3          11  -6.0668128263410497E-011
           3          12  -1.7689273059825459E-010
           3          13  -7.5560026374649563E-013
           3          14  -3.6067887301926116E-010
           3          15  -6.9210600220636528E-010
           3          16  -1.3423286307451599E-012
           3          17   1.2759849078877557E-010
           3          18   2.4815332255339744E-010
           3          19   4.7242409050915913E-013
           3          20   5.6392357277089482E-010
           3          21   1.0864172874799386E-009
           3          22   2.1072615983935754E-012
           3          23  -1.9992411444657680E-010
           3          24  -3.8486502778772729E-010
           3          25  -7.5439084088027545E-013
           3          26  -13.186397250551599     
           3          27  -1.1657625187658995E-012
           3          28  -13.186397250552591     
           3          29  -5.3343115356811939E-014
           3          30   1.7896717303480151E-014
           3          31  -13.186397250551749     
           3          32   1.2046960707528920     
           3          33  -1.2559032896046753E-012
           3          34   1.2046960707515153     
           3          35   5.7772147338686849E-013
           3          36  -1.6615582808163096E-013
           3          37   1.2046960707537457     
           3          38  -8.8616977861193682     
           3          39  -1.6287469429308157E-012
           3          40  -8.8616977861212884     
           3          41   4.1349151208002086E-013
           3          42  -1.7308880921642784E-013
           3          43  -8.8616977861191319     
           3          44   6.9873058746765464     
           3          45   2.2418676594482766E-012
           3          46   6.9873058746790280     
           3          47  -6.7101441758530517E-013
           3          48   2.2648937015246455E-013
           3          49   6.9873058746758527     
           3          50   2.7112460036677953E-011
           3          51   2.6089310252890012E-011
           3          52   1.2021538409407871E-011
           3          53   5.8098574360402957E-011
           3          54   9.8531293054422869E-014
           3          55   4.3598047538006460E-014
           3          56   2.3152110367151182E-013
           3          57   1.2319438524142644E-011
           3          58   2.5595929012671728E-011
           3          59   4.1225637783686966E-013
           3          60  -2.8071170075494315E-011
           3          61  -2.0802629001247525E-011
           3          62  -1.2626010144160630E-011
           3          63  -4.6560147948403679E-011
           3          64   1.7085161105019689E-014
           3          65   2.8719222760769457E-015
           3          66  -2.1407790075470096E-014
           3          67  -1.2548010944716479E-011
           3          68  -2.0843788840589629E-011
           3          69   8.7426785746824241E-015
           4           1  -5.9883485434251256     
           4           2  -20.736190357320712     
           4           3  -15.840576344152975     
           4           4   17.110478584410963     
           4           5   6.9756837072610240     
           4           6  -3.1709812028737563     
           4           7  -18.200808800930993     
           4           8  -2.5403805030280113E-011
           4           9  -4.7799100338388005E-011
           4          10  -2.7484865590722825E-012
           4          11  -3.6371042245678865E-012
           4          12   3.2402445156410815E-011
           4          13   8.1850321125667103E-013
           4          14  -1.5235915705794072E-009
           4          15  -3.1804271461314912E-009
           4          16   2.9872567711333423E-012
           4          17   5.2756862728811294E-010
           4          18   1.0989204925089208E-009
           4          19  -1.0270907286028989E-012
           4          20   2.3645052302531030E-009
           4          21   4.9329773486758348E-009
           4          22  -4.6539597279221087E-012
           4          23  -8.3846184195340247E-010
           4          24  -1.7495410664928571E-009
           4          25   1.6641342242419343E-012
           4          26   13.246263073235786     
           4          27   1.3934984444612041E-012
           4          28   13.246263073236111     
           4          29   6.5266667868114495E-013
           4          30   2.7326603199058851E-013
           4          31   13.246263073236401     
           4          32  -2.4667268089077812     
           4          33   1.1945943831874609E-012
           4          34  -2.4667268089068592     
           4          35  -2.7556385131195433E-013
           4          36   2.2007253196779843E-013
           4          37  -2.4667268089084375     
           4          38   8.3836410523818046     
           4          39   1.7499666112871898E-012
           4          40   8.3836410523828810     
           4          41   2.6271951616778001E-013
           4          42   4.1665454093573601E-013
           4          43   8.3836410523820835     
           4          44  -6.5821019112983210     
           4          45  -2.3366451215392974E-012
           4          46  -6.5821019112997696     
           4          47  -1.3111590682924666E-013
           4          48  -4.9888139345298813E-013
           4          49  -6.5821019112982224     
           4          50   9.2008278882640490E-011
           4          51   8.3896717142372441E-011
           4          52   4.1234266300211784E-011
           4          53   1.8780580839327897E-010
           4          54  -1.9296894245572917E-013
           4          55  -3.0213523345345793E-014
           4          56  -2.9644897160487244E-013
           4          57   4.0998335796816469E-011
           4          58   8.4282636589046186E-011
           4          59  -5.8131153263178638E-013
           4          60  -1.4896543127350459E-010
           4          61  -1.4127993044012324E-010
           4          62  -6.6554201874938164E-011
           4          63  -3.1588495657212892E-010
           4          64   4.0315205786015134E-014
           4          65   3.3235182740199116E-016
           4          66   7.9089617651990566E-014
           4          67  -6.6616139147820936E-011
           4          68  -1.4125840559064975E-010
           4          69   1.2561918800413880E-013
           5           1  -2.5634363949748336     
           5           2  -8.3526339461688064     
           5           3  -7.2182118559554649     
           5           4   6.9756837072610240     
           5           5   3.3478212184531113     
           5           6  -1.9978926053798520     
           5           7  -8.6969764117699526     
           5           8  -8.3019473270728955E-012
           5           9  -1.6252314012609005E-011
           5          10  -1.0796047563399418E-012
           5          11   1.1474069059295294E-011
           5          12   4.7734100259985983E-011
           5          13   3.6086873675802296E-013
           5          14  -5.0439576417780593E-010
           5          15  -1.1045885741958661E-009
           5          16   1.3738722988095601E-013
           5          17   1.7404454607868145E-010
           5          18   3.7985461690569459E-010
           5          19  -5.0085269517434521E-014
           5          20   7.8191589253046525E-010
           5          21   1.7107044692506928E-009
           5          22  -2.2232861419134396E-013
           5          23  -2.7730398786348244E-010
           5          24  -6.0682505678656377E-010
           5          25   8.0988045754552987E-014
           5          26   6.0693623591250185     
           5          27   2.2826697582095183E-013
           5          28   6.0693623591253845     
           5          29  -2.2502029950878760E-013
           5          30  -1.5126263213559790E-013
           5          31   6.0693623591241295     
           5          32 -0.31713527943323228     
           5          33   4.9711481574086622E-013
           5          34 -0.31713527943259034     
           5          35  -3.5963814966338264E-013
           5          36   3.5062938360495000E-014
           5          37 -0.31713527943393227     
           5          38   4.1678029793476181     
           5          39   4.6376970805125302E-013
           5          40   4.1678029793484406     
           5          41  -4.4279236697094981E-013
           5          42  -5.4526746220753095E-014
           5          43   4.1678029793465781     
           5          44  -3.2880222383829256     
           5          45  -7.1017811819466983E-013
           5          46  -3.2880222383840096     
           5          47   6.0170513511135906E-013
           5          48   4.8986907372821252E-014
           5          49  -3.2880222383815396     
           5          50   2.9275823295292131E-011
           5          51   2.7587612850431932E-011
           5          52   1.3141889968708176E-011
           5          53   6.1800119809481112E-011
           5          54  -3.6262171251150096E-014
           5          55  -2.2154680923347546E-014
           5          56  -9.9415956125286677E-014
           5          57   1.2998767257341680E-011
           5          58   2.7826328884066081E-011
           5          59  -1.7198729834023894E-013
           5          60  -5.0866337319187291E-011
           5          61  -5.1041562959587810E-011
           5          62  -2.2714980994504023E-011
           5          63  -1.1411057921053451E-010
           5          64  -3.0019737706351795E-014
           5          65  -2.2085821685242445E-015
           5          66  -1.3597134931995209E-014
           5          67  -2.2753800540212137E-011
           5          68  -5.1020610330405055E-011
           5          69  -5.6378529264276931E-014
           6           1   1.2745778154820153     
           6           2   3.7150480544018576     
           6           3   4.0067069043008532     
           6           4  -3.1709812028737563     
           6           5  -1.9978926053798520     
           6           6   1.5751206078011437     
           6           7   5.1604570923496809     
           6           8   1.1198427695583808E-012
           6           9   4.4458831578890265E-012
           6          10   2.5980709640813113E-013
           6          11  -1.8011018649450021E-011
           6          12  -5.4097031951223950E-011
           6          13  -1.8784499009370770E-013
           6          14   1.0176254147827030E-010
           6          15   3.4652784500519217E-010
           6          16  -1.1538898071611832E-013
           6          17  -3.4348983247214284E-011
           6          18  -1.1722086309568342E-010
           6          19   4.9971041938831942E-014
           6          20  -1.5666421790188914E-010
           6          21  -5.3392482274420541E-010
           6          22   1.8823514516731081E-013
           6          23   5.5602627742300487E-011
           6          24   1.8950540503569031E-010
           6          25  -6.3922342295789961E-014
           6          26  -3.3812237916967081     
           6          27  -2.2693941226865176E-013
           6          28  -3.3812237916984116     
           6          29   9.1599743148938444E-013
           6          30   5.2047812003958704E-013
           6          31  -3.3812237916964891     
           6          32 -0.51080928321991514     
           6          33  -3.7787029093680564E-013
           6          34 -0.51080928322087804     
           6          35   5.0938416558326260E-013
           6          36   9.9781175606317143E-014
           6          37 -0.51080928321958852     
           6          38  -2.5994727891286757     
           6          39  -4.0427255090726417E-013
           6          40  -2.5994727891306830     
           6          41   1.0590051007999434E-012
           6          42   4.3238025732834087E-013
           6          43  -2.5994727891283285     
           6          44   2.0637017118700038     
           6          45   5.8649991050401836E-013
           6          46   2.0637017118724224     
           6          47  -1.2807124192481799E-012
           6          48  -4.8495453941951306E-013
           6          49   2.0637017118694971     
           6          50  -4.4984454037602821E-012
           6          51  -7.0099207257676726E-012
           6          52  -2.0475475445165703E-012
           6          53  -1.5752664433258406E-011
           6          54  -4.1807211976481662E-015
           6          55   1.9465474928415261E-014
           6          56   4.4980712113383318E-014
           6          57  -1.9371792151789536E-012
           6          58  -7.1967812136463167E-012
           6          59   6.1057241409788242E-014
           6          60   1.2163923615290477E-011
           6          61   1.8123795857671525E-011
           6          62   5.4183901518264992E-012
           6          63   4.0505359188796130E-011
           6          64   7.7818645005422801E-015
           6          65   3.1850029503772433E-015
           6          66  -4.4183301943469968E-016
           6          67   5.4488796540601360E-012
           6          68   1.8102394090229646E-011
           6          69   1.5813797727737358E-014
           7           1   6.6726890325569146     
           7           2   21.816183755982170     
           7           3   18.784130980733124     
           7           4  -18.200808800930993     
           7           5  -8.6969764117699526     
           7           6   5.1604570923496809     
           7           7   22.596443896531127     
           7           8   2.1019530898844793E-011
           7           9   4.2853802958294507E-011
           7          10   2.6272926397868843E-012
           7          11  -2.9531692181858593E-011
           7          12  -1.2157314785882411E-010
           7          13  -9.4196297113094877E-013
           7          14   1.3070849731048454E-009
           7          15   2.9296466920064747E-009
           7          16  -1.6579538887989321E-012
           7          17  -4.5101640320028528E-010
           7          18  -1.0077137311217294E-009
           7          19   5.8406731970205845E-013
           7          20  -2.0262485143929985E-009
           7          21  -4.5375637414668442E-009
           7          22   2.6002422030622770E-012
           7          23   7.1860245351626303E-010
           7          24   1.6095610814200142E-009
           7          25  -9.2742976277366277E-013
           7          26  -15.774767354557664     
           7          27  -1.1098454288734060E-012
           7          28  -15.774767354560101     
           7          29   9.7356587695684912E-013
           7          30   5.9985070211960348E-013
           7          31  -15.774767354556849     
           7          32  0.87451333507875306     
           7          33  -1.4528622882863590E-012
           7          34  0.87451333507662010     
           7          35   1.0555105955245043E-012
           7          36  -2.4770801910220635E-014
           7          37  0.87451333508009665     
           7          38  -10.814003203345090     
           7          39  -1.7010954328423434E-012
           7          40  -10.814003203348651     
           7          41   1.5232301810734762E-012
           7          42   3.4154657277597239E-013
           7          43  -10.814003203343828     
           7          44   8.5310503679250917     
           7          45   2.4131875544768755E-012
           7          46   8.5310503679295415     
           7          47  -1.9904399441748860E-012
           7          48  -3.5665691264446242E-013
           7          49   8.5310503679231431     
           7          50  -7.5950955229733423E-011
           7          51  -7.3402232086679632E-011
           7          52  -3.4094224862049685E-011
           7          53  -1.6442399164804728E-010
           7          54   1.2132320348708154E-013
           7          55   5.7173438667794142E-014
           7          56   2.8522569542883154E-013
           7          57  -3.3723280983236437E-011
           7          58  -7.4020537845802762E-011
           7          59   5.0720957021202635E-013
           7          60   1.3176928564332589E-010
           7          61   1.3509692013550290E-010
           7          62   5.8842821268744215E-011
           7          63   3.0202937120644217E-010
           7          64   1.9004818903103513E-014
           7          65   5.5490377560871856E-015
           7          66  -2.3992269736635330E-014
           7          67   5.8943110559462720E-011
           7          68   1.3504276213428293E-010
           7          69   1.3944169944052907E-014
           8           1   2.5326651336894144E-012
           8           2   7.6610761926774759E-012
           8           3  -2.9544141557078650E-012
           8           4  -2.5403805030280113E-011
           8           5  -8.3019473270728955E-012
           8           6   1.1198427695583808E-012
           8           7   2.1019530898844793E-011
           8           8   1.8671950112848248     
           8           9  -7.3052675007775877E-014
           8          10  -3.0446565407709537E-014
           8          11 -0.20881590227397381     
           8          12  -1.2531642391318982E-012
           8          13   3.8240894825538911E-014
           8          14   4.3952924174242689     
           8          15   7.0921046899876814E-013
           8          16  -1.7259423057393958E-012
           8          17  -1.5513019751908699     
           8          18  -2.9909408313020438E-013
           8          19   6.5082314537543499E-013
           8          20  -6.8419180271850539     
           8          21  -1.0649259265616439E-012
           8          22   2.7217603171227825E-012
           8          23   2.4201936530511459     
           8          24   2.5734969758397546E-013
           8          25  -8.5508336522433343E-013
           8          26  -3.4536017285168439E-012
           8          27   5.0611194465785974E-014
           8          28  -4.4828173390779587E-012
           8          29  -1.3618460250685385E-012
           8          30   9.0306706294025661E-013
           8          31  -2.0015328223669127E-012
           8          32   8.6955113496243113E-013
           8          33  -1.6998502599455569E-013
           8          34   2.8545662384828302E-013
           8          35  -4.4336654735788666E-013
           8          36   3.5185771593059731E-013
           8          37   1.7785278938608776E-012
           8          38  -7.8231412326358416E-012
           8          39  -1.0449575817386101E-013
           8          40  -8.8192722880775049E-012
           8          41  -1.1232647293553092E-012
           8          42   9.2111599608974168E-013
           8          43  -6.0864446123929446E-012
           8          44   7.2971089087500522E-012
           8          45   1.8195233709097270E-013
           8          46   8.5842452820518149E-012
           8          47   1.3187147334539705E-012
           8          48  -1.0813568870312162E-012
           8          49   5.1229345953345253E-012
           8          50  -3.9125660386806260E-002
           8          51   3.1986913116264140E-013
           8          52  -1.7497527258022977E-002
           8          53   1.1401990458487639E-013
           8          54  -3.5665914666176959E-014
           8          55  -4.0715997450641497E-014
           8          56   8.3686855188721642E-014
           8          57  -1.7497527257873541E-002
           8          58   2.2738755321104905E-013
           8          59   3.3511995262127176E-013
           8          60  0.51595041593751123     
           8          61   1.5382140010455077E-013
           8          62  0.23074004061114686     
           8          63   4.5635717436768633E-013
           8          64  -1.0083990933929636E-013
           8          65  -3.8231449043982456E-014
           8          66  -5.6380681373506093E-014
           8          67  0.23074004061105222     
           8          68   3.0314639691659169E-013
           8          69  -2.9428195991143532E-013
           9           1   3.5438550563697485E-012
           9           2   1.1095850883982854E-011
           9           3  -9.4547188853669396E-012
           9           4  -4.7799100338388005E-011
           9           5  -1.6252314012609005E-011
           9           6   4.4458831578890265E-012
           9           7   4.2853802958294507E-011
           9           8  -7.3052675007775877E-014
           9           9   1.8671950112850086     
           9          10  -1.2339120610679002E-013
           9          11  -1.3277573485990502E-012
           9          12 -0.20881590227346389     
           9          13  -1.4339121253272337E-013
           9          14   2.3359092446798642E-012
           9          15   4.3952924174253987     
           9          16  -5.8126420343023004E-013
           9          17  -1.0328404801052313E-012
           9          18  -1.5513019751907202     
           9          19   2.6083735865452480E-013
           9          20  -3.8582470565191303E-012
           9          21  -6.8419180271863347     
           9          22   9.5380300878680881E-013
           9          23   1.3267165149031049E-012
           9          24   2.4201936530517090     
           9          25  -3.3582425034921260E-013
           9          26  -1.4354260661175874E-012
           9          27   7.9080372194917711E-013
           9          28  -4.6964971263572244E-012
           9          29  -5.6635734096407196E-013
           9          30   4.9394472375965571E-013
           9          31  -1.3892434146381668E-012
           9          32  -1.4673106659040464E-012
           9          33   2.1313734272479735E-013
           9          34  -2.2679562800654112E-012
           9          35  -1.8958527409443312E-013
           9          36   2.4624771111642469E-013
           9          37  -1.4753098841568543E-012
           9          38  -1.3321201420352145E-011
           9          39   7.1681224556520134E-013
           9          40  -1.6299147479206160E-011
           9          41  -4.5483976066684879E-013
           9          42   4.6198596465985019E-013
           9          43  -1.3174038105463130E-011
           9          44   1.2417048217904211E-011
           9          45  -8.0491505446845263E-013
           9          46   1.5797785999212318E-011
           9          47   5.2866335899275492E-013
           9          48  -5.8051285898742514E-013
           9          49   1.2323110967032788E-011
           9          50   1.2276291090361194E-013
           9          51  -1.7497527258003520E-002
           9          52   1.4829804049431648E-013
           9          53  -3.9125660386972821E-002
           9          54   1.2871973452090878E-014
           9          55   3.3821385416885812E-014
           9          56   2.5456524908530294E-015
           9          57   1.7962020757713159E-013
           9          58  -1.7497527257891103E-002
           9          59   2.4577074316635188E-013
           9          60   6.7756911202445435E-013
           9          61  0.23074004061090297     
           9          62   3.1995239795185914E-013
           9          63  0.51595041593718627     
           9          64  -6.5424120114230672E-014
           9          65  -6.4073438171538774E-014
           9          66  -4.8271770695006730E-014
           9          67   3.4057479063439683E-013
           9          68  0.23074004061097722     
           9          69  -6.7755263204948998E-014
          10           1   1.2673874133354775E-012
          10           2   4.6092124949489316E-012
          10           3   2.1518178469990481E-012
          10           4  -2.7484865590722825E-012
          10           5  -1.0796047563399418E-012
          10           6   2.5980709640813113E-013
          10           7   2.6272926397868843E-012
          10           8  -3.0446565407709537E-014
          10           9  -1.2339120610679002E-013
          10          10   1.8671950112847500     
          10          11   2.3667168485406491E-013
          10          12  -6.3040913635183216E-013
          10          13 -0.20881590227607541     
          10          14  -2.4040491819457984E-012
          10          15  -2.1152524176067656E-013
          10          16   4.3952924174258694     
          10          17   9.0728986823431387E-013
          10          18   7.5007274694835020E-014
          10          19  -1.5513019751909924     
          10          20   3.7864572588445859E-012
          10          21   3.2837968454614125E-013
          10          22  -6.8419180271872184     
          10          23  -1.3237085039186772E-012
          10          24  -1.4725894114888991E-013
          10          25   2.4201936530520509     
          10          26  -1.5340576149449285E-012
          10          27   7.6416482604408546E-014
          10          28  -1.6258728978509394E-012
          10          29  -3.8221012840497046E-014
          10          30   9.7306541911785454E-014
          10          31  -1.4352635061231500E-012
          10          32   7.3774984934084265E-013
          10          33  -3.5308745734023304E-014
          10          34   7.9531172176951453E-013
          10          35   1.0034008401093406E-013
          10          36   1.6047273667261854E-013
          10          37   8.9426043404811898E-013
          10          38  -8.2857614665454565E-013
          10          39   5.1824135096934402E-014
          10          40  -8.2028313592972282E-013
          10          41  -7.1298005879921249E-015
          10          42   2.0697710307408966E-013
          10          43  -6.4185817770526916E-013
          10          44   4.3759814785083595E-013
          10          45  -1.5900796311159087E-014
          10          46   4.5127666768409495E-013
          10          47  -6.2145909743834281E-014
          10          48  -2.7026675465778815E-013
          10          49   1.3092117727143795E-013
          10          50   2.9888418129242787E-014
          10          51   1.0607427479769478E-013
          10          52   1.5351218559774573E-015
          10          53   2.3402699049459349E-013
          10          54  -1.7497527257544318E-002
          10          55  -7.7752030659141707E-015
          10          56  -1.7497527257662612E-002
          10          57   1.6455912153723795E-014
          10          58   1.3798424208774321E-013
          10          59  -3.9125660386209113E-002
          10          60  -3.8712739611181158E-013
          10          61   5.9570892056314630E-014
          10          62  -1.6429175728185036E-013
          10          63   1.8233461615623300E-013
          10          64  0.23074004061122647     
          10          65  -1.2461136544137023E-014
          10          66  0.23074004061131920     
          10          67  -1.7037413146949301E-013
          10          68   7.4975507573531723E-014
          10          69  0.51595041593790980     
          11           1  -1.1714017484116709E-011
          11           2  -3.6845981255933469E-011
          11           3  -6.0668128263410497E-011
          11           4  -3.6371042245678865E-012
          11           5   1.1474069059295294E-011
          11           6  -1.8011018649450021E-011
          11           7  -2.9531692181858593E-011
          11           8 -0.20881590227397381     
          11           9  -1.3277573485990502E-012
          11          10   2.3667168485406491E-013
          11          11  0.27858519037102702     
          11          12  -3.4520997166129610E-012
          11          13   2.7589801104666081E-014
          11          14   8.1380226379572385     
          11          15  -6.6852301478317329E-011
          11          16  -5.7225058038413064E-014
          11          17  -2.8221641237182737     
          11          18   2.3290369634905007E-011
          11          19   9.2278615347474349E-015
          11          20  -12.641239772441848     
          11          21   1.0394618500189240E-010
          11          22   9.4618757293561543E-014
          11          23   4.4837531069700800     
          11          24  -3.6932457095813983E-011
          11          25   2.3625199012238719E-014
          11          26   3.7253383287703093E-011
          11          27   1.0524353853373850E-013
          11          28   3.7368735625794189E-011
          11          29  -7.0714817000287533E-013
          11          30   2.6805460443607838E-014
          11          31   3.8222987382256915E-011
          11          32   8.4979825512686398E-012
          11          33  -1.0713556923327654E-013
          11          34   8.3483991560282231E-012
          11          35  -1.9781532999680129E-013
          11          36   1.5195994386857123E-013
          11          37   9.2126017112174536E-012
          11          38   1.9912868328396642E-011
          11          39  -1.9968788279040025E-014
          11          40   2.0006882740035562E-011
          11          41  -5.3744881083191115E-013
          11          42   9.8965007601396558E-014
          11          43   2.1136119952798761E-011
          11          44  -1.4053566400723589E-011
          11          45   6.4422879355539380E-014
          11          46  -1.4080488318610114E-011
          11          47   6.1488760000170772E-013
          11          48  -1.7738863294858881E-013
          11          49  -1.5648269726376652E-011
          11          50 -0.55184166300542703     
          11          51   2.2331511641228099E-012
          11          52 -0.24679109425942825     
          11          53   4.5447257071801746E-012
          11          54  -3.8879273064225867E-014
          11          55  -2.9568801647105076E-014
          11          56   8.0330707364314813E-015
          11          57 -0.24679109425931747     
          11          58   2.1766893844288728E-012
          11          59   1.7946234776078734E-013
          11          60  0.75377483670271417     
          11          61  -2.6968011160438819E-012
          11          62  0.33709835491924062     
          11          63  -5.9080518261917066E-012
          11          64  -1.3989785892832315E-014
          11          65  -3.9227255688996033E-014
          11          66   3.4744017558309700E-014
          11          67  0.33709835491918416     
          11          68  -2.5681401452773388E-012
          11          69  -5.9394329733561084E-014
          12           1  -4.0416829649949779E-011
          12           2  -1.2844982099134981E-010
          12           3  -1.7689273059825459E-010
          12           4   3.2402445156410815E-011
          12           5   4.7734100259985983E-011
          12           6  -5.4097031951223950E-011
          12           7  -1.2157314785882411E-010
          12           8  -1.2531642391318982E-012
          12           9 -0.20881590227346389     
          12          10  -6.3040913635183216E-013
          12          11  -3.4520997166129610E-012
          12          12  0.27858519037033402     
          12          13   8.5751826650370201E-014
          12          14  -4.9851234257618212E-011
          12          15   8.1380226379515754     
          12          16  -1.1926779009257005E-012
          12          17   1.7137624654732412E-011
          12          18  -2.8221641237159591     
          12          19   4.8024041342222209E-013
          12          20   7.7247985794902821E-011
          12          21  -12.641239772432742     
          12          22   1.9105654559050944E-012
          12          23  -2.7412516704253183E-011
          12          24   4.4837531069669421     
          12          25  -6.6494379449276756E-013
