           1           1   2.0093921801852610     
           1           2   1.0927340432330943E-002
           1           3 -0.28807321026365196     
           1           4 -0.17211885951354911     
           1           5   1.7043246777115247E-011
           1           6  -2.3860526190820566E-011
           1           7   8.0390117592592791E-012
           1           8   1.3823162226062781E-011
           1           9  -2.4940856001115091E-011
           1          10   8.2301097258464915E-012
           1          11   2.3697728648115158E-011
           1          12  -1.2476220157006353E-011
           1          13   1.3690148906596590E-011
           1          14   3.5985372171698921E-003
           1          15   1.1466872916569806E-005
           1          16   3.6557785522370687E-003
           1          17   1.4878799389302902E-004
           1          18  -2.5079338892745607E-005
           1          19   3.3756338610427998E-003
           1          20   6.6859971810258757E-003
           1          21  -3.4123174483007685E-005
           1          22   6.5156581488393034E-003
           1          23  -4.4276403827614138E-004
           1          24   7.4631217010060228E-005
           1          25   7.3493140780608356E-003
           1          26   1.7219722162003154E-012
           1          27  -7.6803521393372442E-013
           1          28   1.0578959078518654E-012
           1          29  -2.0372169828088289E-012
           1          30   1.1050383332642728E-013
           1          31  -2.3482002133294438E-013
           1          32   8.1863640325482311E-013
           1          33   8.0327248597226313E-013
           1          34  -1.1082912180085913E-012
           1          35   8.1124270016303902E-013
           2           1   1.0927340432330943E-002
           2           2   6.3514964741965454E-002
           2           3  0.19094250156362202     
           2           4  0.12625649851398929     
           2           5  -3.7021018772211034E-011
           2           6  -1.0268008976222187E-011
           2           7  -1.5044535459432428E-011
           2           8  -3.2240776025215617E-011
           2           9  -4.0531149939057694E-012
           2          10  -1.4487858590170898E-011
           2          11  -3.3530317987047976E-011
           2          12  -1.0392613366568822E-011
           2          13  -1.6105546543596620E-011
           2          14   6.3119107995781437E-004
           2          15   3.6654729987820414E-008
           2          16   6.3137405206422758E-004
           2          17   4.7560913700580784E-007
           2          18  -8.0167439294050701E-008
           2          19   6.3047855473536535E-004
           2          20   1.0775208667073266E-003
           2          21   3.1496660282932169E-005
           2          22   1.2347486370542660E-003
           2          23   4.0868379117449524E-004
           2          24  -6.8886734629550162E-005
           2          25   4.6526051661191373E-004
           2          26  -7.9146655676865980E-013
           2          27   3.2970607125211075E-013
           2          28  -5.1497275856235336E-013
           2          29   1.0460660876828457E-012
           2          30   5.2104879232580460E-013
           2          31   3.0072209282576264E-013
           2          32  -5.9866393630356165E-013
           2          33  -5.6937430191419407E-013
           2          34   4.3421745591133900E-013
           2          35  -7.6555058567385747E-013
           3           1 -0.28807321026365196     
           3           2  0.19094250156362202     
           3           3  0.62565381422064648     
           3           4  0.41146136785096477     
           3           5   1.7804160193863557E-011
           3           6   1.6136077412301290E-011
           3           7   1.1226007286121792E-011
           3           8   1.1349890205226996E-011
           3           9   2.8525679727345151E-011
           3          10   3.7235687205262055E-012
           3          11  -1.3128349579672169E-011
           3          12  -2.6462920103237976E-013
           3          13  -1.0485791908519042E-011
           3          14   1.3700071821359161E-003
           3          15   7.6746768892099065E-006
           3          16   1.4083182884243844E-003
           3          17   9.9582475389702399E-005
           3          18  -1.6785377362869911E-005
           3          19   1.2208199494090776E-003
           3          20   2.2299331798085104E-003
           3          21   1.2275587840727010E-004
           3          22   2.8427166546075374E-003
           3          23   1.5928145108947914E-003
           3          24  -2.6848089660441515E-004
           3          25  -1.5630573985326093E-004
           3          26  -1.4796861566966619E-012
           3          27   1.1382405318786412E-012
           3          28  -1.7005012644983135E-012
           3          29   3.6066188788300631E-012
           3          30   3.4094780880927604E-013
           3          31   8.1148481952253787E-013
           3          32  -1.9041470465525067E-012
           3          33  -6.8976562711536689E-013
           3          34   2.3330518098452602E-012
           3          35  -5.7363055050176276E-013
           4           1 -0.17211885951354911     
           4           2  0.12625649851398929     
           4           3  0.41146136785096477     
           4           4  0.27239699353001978     
           4           5   7.7400391805426200E-011
           4           6   1.9115959510177237E-010
           4           7   2.1495516930703261E-011
           4           8   6.2634493895520915E-011
           4           9   1.7153307435980369E-010
           4          10   1.4953869715891023E-011
           4          11   2.8561720509153901E-011
           4          12   1.3040093663026107E-010
           4          13  -8.4380411457788462E-013
           4          14   1.0011379565336522E-003
           4          15   2.6606344837882813E-005
           4          16   1.1339538129532341E-003
           4          17   3.4522963548725099E-004
           4          18  -5.8191059633118511E-005
           4          19   4.8394000705979196E-004
           4          20   1.6021961656559963E-003
           4          21   1.3202151767414743E-004
           4          22   2.2612326571127481E-003
           4          23   1.7130404651667878E-003
           4          24  -2.8874588861515984E-004
           4          25  -9.6415653209134655E-004
           4          26  -4.3047280408895257E-013
           4          27   1.3364868237723390E-012
           4          28  -1.6649001153230450E-012
           4          29   3.8661574787684874E-012
           4          30  -1.5419505674900420E-012
           4          31   4.1263906844420713E-013
           4          32  -1.5551063358665454E-012
           4          33   6.3630744688712678E-013
           4          34   3.3228142254991127E-012
           4          35   1.5679150487706287E-012
           5           1   1.7043246777115247E-011
           5           2  -3.7021018772211034E-011
           5           3   1.7804160193863557E-011
           5           4   7.7400391805426200E-011
           5           5  0.41486505599808565     
           5           6   5.6481623510412221E-003
           5           7   7.3287527375189288E-002
           5           8  0.34638822790175294     
           5           9   4.9299443475556218E-003
           5          10   6.3968313332163435E-002
           5          11  0.29645706229869823     
           5          12   5.1135434085276717E-003
           5          13   6.6350596627601288E-002
           5          14  -2.8976117044000801E-011
           5          15   5.8293337363107844E-012
           5          16   7.1075644208035607E-012
           5          17   1.2068606848371484E-011
           5          18   6.3509890088411705E-012
           5          19  -3.3304986549673521E-012
           5          20  -7.0034323733562156E-011
           5          21   2.1907203559019311E-011
           5          22  -5.6162773956715954E-011
           5          23  -1.8753330531939366E-012
           5          24  -2.8616123557511272E-011
           5          25   1.5390880361935428E-011
           5          26   2.7537407377829209E-003
           5          27  -1.3323046725173033E-004
           5          28   5.6260900145946476E-004
           5          29   2.2976090057074634E-004
           5          30  -1.7287274401928394E-003
           5          31   3.1165435186007316E-004
           5          32   1.3306210109040896E-003
           5          33   4.0438933979346468E-003
           5          34   5.1547602961163840E-005
           5          35   2.4880012082909935E-003
           6           1  -2.3860526190820566E-011
           6           2  -1.0268008976222187E-011
           6           3   1.6136077412301290E-011
           6           4   1.9115959510177237E-010
           6           5   5.6481623510412221E-003
           6           6  0.44742182476318765     
           6           7  -1.2353165785572860E-002
           6           8   4.9299441837417843E-003
           6           9  0.37480509017536201     
           6          10  -1.0782341757327261E-002
           6          11   5.1135430318750182E-003
           6          12  0.32593221388814675     
           6          13  -1.1183893465128001E-002
           6          14   1.2503201748033185E-011
           6          15   2.5038051138225245E-012
           6          16   2.8779033288255587E-011
           6          17   7.3414636875624402E-013
           6          18  -4.5617191868705883E-012
           6          19  -8.3639865929825485E-012
           6          20  -2.1758728064233454E-011
           6          21  -3.7092508801316082E-011
           6          22  -1.0039829930567717E-010
           6          23   9.2610130328788824E-011
           6          24   2.3568495500096001E-011
           6          25  -1.1056151589784059E-011
           6          26   2.2199350780299846E-004
           6          27   1.8049701601169131E-003
           6          28  -1.2280949748837491E-004
           6          29   2.5797092611666793E-003
           6          30  -2.0149427409848960E-004
           6          31  -1.6928136315185580E-003
           6          32   2.6859816350842142E-004
           6          33   5.1547577929704404E-005
           6          34   4.3410205207800321E-003
           6          35  -4.1937131495888892E-004
           7           1   8.0390117592592791E-012
           7           2  -1.5044535459432428E-011
           7           3   1.1226007286121792E-011
           7           4   2.1495516930703261E-011
           7           5   7.3287527375189288E-002
           7           6  -1.2353165785572860E-002
           7           7  0.28808581126725885     
           7           8   6.3968313408220248E-002
           7           9  -1.0782341846596363E-002
           7          10  0.23573018354996347     
           7          11   6.6350596715975194E-002
           7          12  -1.1183893665962478E-002
           7          13  0.18167793384248304     
           7          14  -1.1287715380092225E-011
           7          15   2.2324731468657301E-012
           7          16   1.0978648540145356E-012
           7          17   2.0748659692084151E-012
           7          18   2.1222621839849024E-012
           7          19  -3.4447357166498291E-012
           7          20  -3.1988106609024576E-011
           7          21   1.2767441395085136E-011
           7          22  -1.8034906444212128E-011
           7          23  -1.1666644055730156E-011
           7          24  -1.9779382204045764E-011
           7          25   1.6047613754513478E-011
           7          26   2.8804683826554288E-003
           7          27  -2.0149427831227867E-004
           7          28   1.3306210475002036E-003
           7          29  -5.0251273970157635E-004
           7          30  -7.9398284966043602E-004
           7          31  -1.8935406251068015E-004
           7          32  -1.7392169340958133E-003
           7          33  -2.2552773693736415E-003
           7          34   3.8014402611367899E-004
           7          35   4.2847075298805323E-003
           8           1   1.3823162226062781E-011
           8           2  -3.2240776025215617E-011
           8           3   1.1349890205226996E-011
           8           4   6.2634493895520915E-011
           8           5  0.34638822790175294     
           8           6   4.9299441837417843E-003
           8           7   6.3968313408220248E-002
           8           8  0.28924763098317396     
           8           9   4.2909608884612073E-003
           8          10   5.5677206812877716E-002
           8          11  0.24771549564788650     
           8          12   4.4032072527467690E-003
           8          13   5.7133655729042263E-002
           8          14  -2.4246831674608547E-011
           8          15   4.9216963427798323E-012
           8          16   6.0542081476080098E-012
           8          17   1.0291371393427219E-011
           8          18   5.2985053709757223E-012
           8          19  -2.9779835242030493E-012
           8          20  -5.8626838101709061E-011
           8          21   1.8431068637128730E-011
           8          22  -4.6894627056967923E-011
           8          23  -1.3024350138760814E-012
           8          24  -2.4149215155408759E-011
           8          25   1.2681016126083095E-011
           8          26   2.3263551938935319E-003
           8          27  -1.1071768686883482E-004
           8          28   4.8588677383539289E-004
           8          29   1.8863868328007275E-004
           8          30  -1.4366136204636603E-003
           8          31   2.5576853243692638E-004
           8          32   1.0928136661694596E-003
           8          33   3.3429076855054337E-003
           8          34   4.9022437146777645E-005
           8          35   2.1072509310994698E-003
           9           1  -2.4940856001115091E-011
           9           2  -4.0531149939057694E-012
           9           3   2.8525679727345151E-011
           9           4   1.7153307435980369E-010
           9           5   4.9299443475556218E-003
           9           6  0.37480509017536201     
           9           7  -1.0782341846596363E-002
           9           8   4.2909608884612073E-003
           9           9  0.31398130651606182     
           9          10  -9.3848131311381928E-003
           9          11   4.4032070611647166E-003
           9          12  0.27309617402567887     
           9          13  -9.6303084955945712E-003
           9          14   1.0608317377344517E-011
           9          15   2.1513402082369685E-012
           9          16   2.4415439437681691E-011
           9          17   8.4687062236029931E-013
           9          18  -3.8731682747088708E-012
           9          19  -7.2771171458713263E-012
           9          20  -1.8162190465300271E-011
           9          21  -3.1186233034149248E-011
           9          22  -8.4058905540930496E-011
           9          23   7.8532758985162262E-011
           9          24   1.9650081452793248E-011
           9          25  -9.9941927491109030E-012
           9          26   1.8327793911568531E-004
           9          27   1.5136631398348865E-003
           9          28  -1.0352555887071011E-004
           9          29   2.1719542510705613E-003
           9          30  -1.6847190946086508E-004
           9          31  -1.4096373954684707E-003
           9          32   2.2642202642434120E-004
           9          33   4.9022416776793842E-005
           9          34   3.6254794431624321E-003
           9          35  -3.5519299175114583E-004
          10           1   8.2301097258464915E-012
          10           2  -1.4487858590170898E-011
          10           3   3.7235687205262055E-012
          10           4   1.4953869715891023E-011
          10           5   6.3968313332163435E-002
          10           6  -1.0782341757327261E-002
          10           7  0.23573018354996347     
          10           8   5.5677206812877716E-002
          10           9  -9.3848131311381928E-003
          10          10  0.19293227583549966     
          10          11   5.7133655747072021E-002
          10          12  -9.6303085956178439E-003
          10          13  0.14888064651352076     
          10          14  -9.5130682367561681E-012
          10          15   1.8989067869892941E-012
          10          16   1.0038605747208799E-012
          10          17   2.0095294253548685E-012
          10          18   1.7828635848092012E-012
          10          19  -3.0352447708383063E-012
          10          20  -2.6721664256319852E-011
          10          21   1.0763978328232010E-011
          10          22  -1.4918470900671300E-011
          10          23  -9.3563692379046452E-012
          10          24  -1.6557463877840786E-011
          10          25   1.2797716853182421E-011
          10          26   2.3781159534330284E-003
          10          27  -1.6847191298247890E-004
          10          28   1.0928136968400969E-003
          10          29  -4.1257385449471512E-004
          10          30  -6.5935433350175487E-004
          10          31  -1.4928315609181225E-004
          10          32  -1.4045589823502651E-003
          10          33  -1.8000171508332737E-003
          10          34   3.0340648072352841E-004
          10          35   3.5165009094240331E-003
          11           1   2.3697728648115158E-011
          11           2  -3.3530317987047976E-011
          11           3  -1.3128349579672169E-011
          11           4   2.8561720509153901E-011
          11           5  0.29645706229869823     
          11           6   5.1135430318750182E-003
          11           7   6.6350596715975194E-002
          11           8  0.24771549564788650     
          11           9   4.4032070611647166E-003
          11          10   5.7133655747072021E-002
          11          11  0.21300936032227691     
          11          12   4.3341419484118852E-003
          11          13   5.6237504093031902E-002
          11          14  -2.1371846752821517E-011
          11          15   4.4508432779645615E-012
          11          16   4.9119185745618511E-012
          11          17   8.5462234197692352E-012
          11          18   4.8193875202084217E-012
          11          19  -1.3580449069887389E-012
          11          20  -5.0926226112055034E-011
          11          21   1.6310291578364070E-011
          11          22  -4.1747201342956776E-011
          11          23  -3.6431122261793567E-012
          11          24  -2.1439118836716274E-011
          11          25   1.5884551288841652E-011
          11          26   2.1158741725836447E-003
          11          27  -8.8748823246276580E-005
          11          28   4.9905121835838099E-004
          11          29   1.4931103766848027E-004
          11          30  -1.1515573838148580E-003
          11          31   1.9763936392604140E-004
          11          32   8.6618021862418693E-004
          11          33   2.7067496882472873E-003
          11          34   6.2069412982560711E-005
          11          35   1.8920609612552309E-003
          12           1  -1.2476220157006353E-011
          12           2  -1.0392613366568822E-011
          12           3  -2.6462920103237976E-013
          12           4   1.3040093663026107E-010
          12           5   5.1135434085276717E-003
          12           6  0.32593221388814675     
          12           7  -1.1183893665962478E-002
          12           8   4.4032072527467690E-003
          12           9  0.27309617402567887     
          12          10  -9.6303085956178439E-003
          12          11   4.3341419484118852E-003
          12          12  0.23799193771624133     
          12          13  -9.4792553843533276E-003
          12          14   9.4550832900041758E-012
          12          15   2.1242736933325146E-012
          12          16   2.1910477937722667E-011
          12          17   1.2858170029271699E-013
          12          18  -3.3828029521913103E-012
          12          19  -5.7380778318039601E-012
          12          20  -1.6447509937004247E-011
          12          21  -2.8550717246890075E-011
          12          22  -7.6337344832882973E-011
          12          23   6.9826769334793956E-011
          12          24   1.7340868129263927E-011
          12          25  -6.3928844291649984E-012
          12          26   1.4859737827136946E-004
          12          27   1.3294125546747019E-003
          12          28  -8.7791404049889101E-005
          12          29   1.9763134509232210E-003
          12          30  -1.4390714800542365E-004
          12          31  -1.1581882285952938E-003
          12          32   1.9200966178219541E-004
          12          33   6.2069396174767164E-005
          12          34   3.0645259924096482E-003
          12          35  -3.1892110473693240E-004
          13           1   1.3690148906596590E-011
          13           2  -1.6105546543596620E-011
          13           3  -1.0485791908519042E-011
          13           4  -8.4380411457788462E-013
          13           5   6.6350596627601288E-002
          13           6  -1.1183893465128001E-002
          13           7  0.18167793384248304     
          13           8   5.7133655729042263E-002
          13           9  -9.6303084955945712E-003
          13          10  0.14888064651352076     
          13          11   5.6237504093031902E-002
          13          12  -9.4792553843533276E-003
          13          13  0.11572475362568924     
          13          14  -8.7703888154024478E-012
          13          15   1.7328815187035531E-012
          13          16   6.1072867858240554E-013
          13          17   1.9387051493062204E-012
          13          18   1.7834535685070327E-012
          13          19  -1.7820739664958920E-012
          13          20  -2.3007268775591348E-011
          13          21   9.6019915574634185E-012
          13          22  -1.3234679740421834E-011
          13          23  -9.1208020697749360E-012
          13          24  -1.4051382699716386E-011
          13          25   1.2423837186099597E-011
          13          26   1.9281196355099297E-003
          13          27  -1.4390714912293885E-004
          13          28   8.6618024611048977E-004
          13          29  -3.2655989680482368E-004
          13          30  -5.2675887367594019E-004
          13          31  -9.4670627450468278E-005
          13          32  -9.9934395836380669E-004
          13          33  -1.1999351452050572E-003
          13          34   2.0225813081187609E-004
          13          35   2.7377329517124164E-003
          14           1   3.5985372171698921E-003
          14           2   6.3119107995781437E-004
          14           3   1.3700071821359161E-003
          14           4   1.0011379565336522E-003
          14           5  -2.8976117044000801E-011
          14           6   1.2503201748033185E-011
          14           7  -1.1287715380092225E-011
          14           8  -2.4246831674608547E-011
          14           9   1.0608317377344517E-011
          14          10  -9.5130682367561681E-012
          14          11  -2.1371846752821517E-011
          14          12   9.4550832900041758E-012
          14          13  -8.7703888154024478E-012
          14          14   1.5169148756661479E-005
          14          15   8.7946724506427740E-007
          14          16   1.9559349764696552E-005
          14          17   1.1411494659006213E-005
          14          18  -1.9234935221603932E-006
          14          19  -1.9267230571167159E-006
          14          20   2.4733841153870246E-005
          14          21   2.2189392769756860E-006
          14          22   3.5810535020622773E-005
          14          23   2.8791766613429783E-005
          14          24  -4.8530694019171855E-006
          14          25  -1.8399890457193202E-005
          14          26  -2.3794928481089707E-013
          14          27   7.3889462230062622E-014
          14          28  -8.3703942589773374E-014
          14          29   1.6651369472269039E-013
          14          30   8.7010096027025448E-014
          14          31   1.3928290931676140E-014
          14          32  -8.7312339896015654E-014
          14          33  -2.1240355714018055E-013
          14          34   4.1115457786278203E-014
          14          35  -2.0436143701332636E-013
          15           1   1.1466872916569806E-005
          15           2   3.6654729987820414E-008
          15           3   7.6746768892099065E-006
          15           4   2.6606344837882813E-005
          15           5   5.8293337363107844E-012
          15           6   2.5038051138225245E-012
          15           7   2.2324731468657301E-012
          15           8   4.9216963427798323E-012
          15           9   2.1513402082369685E-012
          15          10   1.8989067869892941E-012
          15          11   4.4508432779645615E-012
          15          12   2.1242736933325146E-012
          15          13   1.7328815187035531E-012
          15          14   8.7946724506427740E-007
          15          15   2.8270230339073693E-007
          15          16   2.2906851775214528E-006
          15          17   3.6681932698590785E-006
          15          18  -6.1830165159327027E-007
          15          19  -4.6159532694799205E-006
          15          20   9.3692781028828571E-007
          15          21   6.6886002607311674E-007
          15          22   4.2758013861658113E-006
          15          23   8.6787691347606050E-006
          15          24  -1.4628719918056430E-006
          15          25  -1.2064973156206433E-005
          15          26   7.0165974001223490E-014
          15          27   2.0089789673937960E-014
          15          28   3.7497254522335192E-014
          15          29   7.4335675933803208E-014
          15          30   3.9656880813162811E-014
          15          31   3.5826916217967573E-014
          15          32   1.9809958187544458E-015
          15          33   1.9811383522004142E-014
          15          34  -3.3248226680604142E-014
          15          35   1.7345048712117492E-014
          16           1   3.6557785522370687E-003
          16           2   6.3137405206422758E-004
          16           3   1.4083182884243844E-003
          16           4   1.1339538129532341E-003
          16           5   7.1075644208035607E-012
          16           6   2.8779033288255587E-011
          16           7   1.0978648540145356E-012
          16           8   6.0542081476080098E-012
          16           9   2.4415439437681691E-011
          16          10   1.0038605747208799E-012
          16          11   4.9119185745618511E-012
          16          12   2.1910477937722667E-011
          16          13   6.1072867858240554E-013
          16          14   1.9559349764696552E-005
          16          15   2.2906851775214528E-006
          16          16   3.0994191120553996E-005
          16          17   2.9722700687593089E-005
          16          18  -5.0099854535342440E-006
          16          19  -2.4969039872606120E-005
          16          20   2.9410878779664310E-005
          16          21   5.5578128944069976E-006
          16          22   5.7154851987187840E-005
          16          23   7.2115200764451487E-005
          16          24  -1.2155560967746113E-005
          16          25  -7.8626872239397506E-005
          16          26   1.0818271966480524E-013
          16          27   1.4677632194316988E-013
          16          28   2.3638326598591273E-014
          16          29   4.0488806767650778E-013
          16          30   2.6274627859873805E-014
          16          31   7.8390410236138933E-014
          16          32  -4.5497878705850251E-014
          16          33   3.5223083733977461E-014
          16          34   8.7375999896361060E-014
          16          35   6.3501715745830633E-014
          17           1   1.4878799389302902E-004
          17           2   4.7560913700580784E-007
          17           3   9.9582475389702399E-005
          17           4   3.4522963548725099E-004
          17           5   1.2068606848371484E-011
          17           6   7.3414636875624402E-013
          17           7   2.0748659692084151E-012
          17           8   1.0291371393427219E-011
          17           9   8.4687062236029931E-013
          17          10   2.0095294253548685E-012
          17          11   8.5462234197692352E-012
          17          12   1.2858170029271699E-013
          17          13   1.9387051493062204E-012
          17          14   1.1411494659006213E-005
          17          15   3.6681932698590785E-006
          17          16   2.9722700687593089E-005
          17          17   4.7596505948668361E-005
          17          18  -8.0227501860230893E-006
          17          19  -5.9894130745236882E-005
          17          20   1.2157072090626138E-005
          17          21   8.6787685007164030E-006
          17          22   5.5480502537391282E-005
          17          23   1.1261104753704663E-004
          17          24  -1.8981441360161655E-005
          17          25  -1.5654861244539849E-004
          17          26   1.6960227637228393E-013
          17          27   4.2016306883582040E-015
          17          28   3.8240257488163342E-014
          17          29   4.0903256866858507E-014
          17          30   1.3129309264005542E-013
          17          31   2.9668870607578760E-014
          17          32   1.6605236177472358E-014
          17          33   9.3221290051783039E-014
          17          34   2.5346097874429240E-014
          17          35   2.8376242698450538E-014
          18           1  -2.5079338892745607E-005
          18           2  -8.0167439294050701E-008
          18           3  -1.6785377362869911E-005
          18           4  -5.8191059633118511E-005
          18           5   6.3509890088411705E-012
          18           6  -4.5617191868705883E-012
          18           7   2.1222621839849024E-012
          18           8   5.2985053709757223E-012
          18           9  -3.8731682747088708E-012
          18          10   1.7828635848092012E-012
          18          11   4.8193875202084217E-012
          18          12  -3.3828029521913103E-012
          18          13   1.7834535685070327E-012
          18          14  -1.9234935221603932E-006
          18          15  -6.1830165159327027E-007
          18          16  -5.0099854535342440E-006
          18          17  -8.0227501860230893E-006
          18          18   1.3522950742802223E-006
          18          19   1.0095607629788539E-005
          18          20  -2.0491662227924356E-006
          18          21  -1.4628719107011188E-006
          18          22  -9.3516572928739672E-006
          18          23  -1.8981441694518729E-005
          18          24   3.1994651531618614E-006
          18          25   2.6387449762872206E-005
          18          26   4.5933008699692304E-014
          18          27  -2.1512994809039196E-014
          18          28   2.5642297493818806E-014
          18          29  -5.4210691113536811E-014
          18          30   9.6952135677283214E-016
          18          31  -5.4320058693602208E-015
          18          32   3.0081943721313504E-014
          18          33   4.2952492589162650E-014
          18          34  -2.5619389354849204E-014
          18          35   1.5381483126316855E-014
          19           1   3.3756338610427998E-003
          19           2   6.3047855473536535E-004
          19           3   1.2208199494090776E-003
          19           4   4.8394000705979196E-004
          19           5  -3.3304986549673521E-012
          19           6  -8.3639865929825485E-012
          19           7  -3.4447357166498291E-012
          19           8  -2.9779835242030493E-012
          19           9  -7.2771171458713263E-012
          19          10  -3.0352447708383063E-012
          19          11  -1.3580449069887389E-012
          19          12  -5.7380778318039601E-012
          19          13  -1.7820739664958920E-012
          19          14  -1.9267230571167159E-006
          19          15  -4.6159532694799205E-006
          19          16  -2.4969039872606120E-005
          19          17  -5.9894130745236882E-005
          19          18   1.0095607629788539E-005
          19          19   8.7802309876813605E-005
          19          20   6.5209994168785861E-006
          19          21  -1.0782960828418657E-005
          19          22  -4.7306321018091894E-005
          19          23  -1.3991391907453778E-004
          19          24   2.3583546277006663E-005
          19          25   2.1612986110905848E-004
          19          26  -1.0345554220590511E-013
          19          27  -2.0457713316556070E-014
          19          28   3.8048580755388517E-014
          19          29  -1.0996056666579009E-013
          19          30   7.6070776789322014E-014
          19          31  -4.1273831379831826E-014
          19          32   8.1097911033375689E-014
          19          33  -4.5325757908783535E-014
          19          34  -9.2472403962400055E-014
          19          35  -2.1594866068464437E-013
          20           1   6.6859971810258757E-003
          20           2   1.0775208667073266E-003
          20           3   2.2299331798085104E-003
          20           4   1.6021961656559963E-003
          20           5  -7.0034323733562156E-011
          20           6  -2.1758728064233454E-011
          20           7  -3.1988106609024576E-011
          20           8  -5.8626838101709061E-011
          20           9  -1.8162190465300271E-011
          20          10  -2.6721664256319852E-011
          20          11  -5.0926226112055034E-011
          20          12  -1.6447509937004247E-011
          20          13  -2.3007268775591348E-011
          20          14   2.4733841153870246E-005
          20          15   9.3692781028828571E-007
          20          16   2.9410878779664310E-005
          20          17   1.2157072090626138E-005
          20          18  -2.0491662227924356E-006
          20          19   6.5209994168785861E-006
          20          20   4.2190989185809884E-005
          20          21   2.5372356204942417E-006
          20          22   5.4856582417630066E-005
          20          23   3.2921809383798480E-005
          20          24  -5.5492192565040851E-006
          20          25  -7.1300722799248173E-006
          20          26  -6.1424791771021614E-013
          20          27  -5.3800757988844621E-014
          20          28  -1.6347491096584557E-013
          20          29  -1.8452275579252558E-013
          20          30   4.5970351813528340E-013
          20          31  -1.0088535546842202E-014
          20          32  -7.1933200922520051E-014
          20          33  -4.8467339918859442E-013
          20          34  -1.6164151531655844E-013
          20          35  -7.6347685608934319E-013
          21           1  -3.4123174483007685E-005
          21           2   3.1496660282932169E-005
          21           3   1.2275587840727010E-004
          21           4   1.3202151767414743E-004
          21           5   2.1907203559019311E-011
          21           6  -3.7092508801316082E-011
          21           7   1.2767441395085136E-011
          21           8   1.8431068637128730E-011
          21           9  -3.1186233034149248E-011
          21          10   1.0763978328232010E-011
          21          11   1.6310291578364070E-011
          21          12  -2.8550717246890075E-011
          21          13   9.6019915574634185E-012
          21          14   2.2189392769756860E-006
          21          15   6.6886002607311674E-007
          21          16   5.5578128944069976E-006
          21          17   8.6787685007164030E-006
          21          18  -1.4628719107011188E-006
          21          19  -1.0782960828418657E-005
          21          20   2.5372356204942417E-006
          21          21   1.6163358143719612E-006
          21          22   1.0605801137983502E-005
          21          23   2.0972707045046028E-005
          21          24  -3.5351079455670197E-006
          21          25  -2.8882549350254653E-005
          21          26   2.3483095643780510E-013
          21          27  -1.8997292572767430E-013
          21          28   8.1694849429321879E-014
          21          29  -4.5713921559668367E-013
          21          30   3.5640055494512185E-014
          21          31  -4.4056072432840675E-014
          21          32   6.6903505515179868E-014
          21          33   1.2514805507595022E-013
          21          34  -1.0037927670502403E-013
          21          35   1.6005978194995171E-013
          22           1   6.5156581488393034E-003
          22           2   1.2347486370542660E-003
          22           3   2.8427166546075374E-003
          22           4   2.2612326571127481E-003
          22           5  -5.6162773956715954E-011
          22           6  -1.0039829930567717E-010
          22           7  -1.8034906444212128E-011
          22           8  -4.6894627056967923E-011
          22           9  -8.4058905540930496E-011
          22          10  -1.4918470900671300E-011
          22          11  -4.1747201342956776E-011
          22          12  -7.6337344832882973E-011
          22          13  -1.3234679740421834E-011
          22          14   3.5810535020622773E-005
          22          15   4.2758013861658113E-006
          22          16   5.7154851987187840E-005
          22          17   5.5480502537391282E-005
          22          18  -9.3516572928739672E-006
          22          19  -4.7306321018091894E-005
          22          20   5.4856582417630066E-005
          22          21   1.0605801137983502E-005
          22          22   1.0779954185711091E-004
          22          23   1.3761519015740626E-004
          22          24  -2.3196078168237934E-005
          22          25  -1.5130849087272475E-004
          22          26  -4.4591344971139680E-013
          22          27  -4.4549266367017903E-013
          22          28  -1.7104008613408880E-013
          22          29  -9.8568768443795841E-013
          22          30   3.6388916901243224E-013
          22          31   4.0108264518819084E-014
          22          32  -9.4474906414149881E-014
          22          33  -3.6873207284817190E-013
          22          34  -5.0085029268617606E-013
          22          35  -4.1283599341801880E-013
          23           1  -4.4276403827614138E-004
          23           2   4.0868379117449524E-004
          23           3   1.5928145108947914E-003
          23           4   1.7130404651667878E-003
          23           5  -1.8753330531939366E-012
          23           6   9.2610130328788824E-011
          23           7  -1.1666644055730156E-011
          23           8  -1.3024350138760814E-012
          23           9   7.8532758985162262E-011
          23          10  -9.3563692379046452E-012
          23          11  -3.6431122261793567E-012
          23          12   6.9826769334793956E-011
          23          13  -9.1208020697749360E-012
          23          14   2.8791766613429783E-005
