           1           1   1.9806192240395850     
           1           2   1.1396345286267515E-002
           1           3  -3.7885585521874127E-002
           1           4   3.4403339109018629E-003
           1           5   1.6671202618966753E-010
           1           6  -9.3689993075405023E-012
           1           7  -2.2233568712803062E-011
           1           8  -1.1011226620268312E-008
           1           9   7.3749859519845845E-010
           1          10   1.3902314790771560E-009
           1          11  -2.9065153451195464E-010
           1          12   2.0858398310254386E-011
           1          13   3.5804444809322108E-011
           1          14   4.3320190549966716E-003
           1          15  -4.4770141526158272E-005
           1          16   4.1662489726133171E-003
           1          17  -5.5057702345212721E-005
           1          18  -2.4764042993741925E-004
           1          19   4.0768959272448552E-003
           1          20   7.8638358918975988E-003
           1          21  -4.7719767274396845E-005
           1          22   7.6871440656685365E-003
           1          23  -5.8685113239499251E-005
           1          24  -2.6395593679932314E-004
           1          25   7.5919039891645824E-003
           1          26  -6.0829028289288925E-011
           1          27   4.2022376763038022E-012
           1          28  -2.2758620697400439E-011
           1          29   4.1141139899890160E-012
           1          30   5.8719192454347735E-012
           1          31   6.5747948757426475E-012
           1          32   1.8421289350537621E-012
           1          33  -2.0542234931982669E-011
           1          34   1.5100484057744755E-013
           1          35   5.2716850796695776E-012
           2           1   1.1396345286267515E-002
           2           2   1.1026147103038875E-004
           2           3   4.0138889657688418E-003
           2           4  -2.0278057914864539E-004
           2           5  -1.5783148469922644E-010
           2           6   2.9627567300029184E-011
           2           7   4.4293540654725828E-012
           2           8   1.0642621041062843E-008
           2           9  -1.9985833108821079E-009
           2          10  -2.9902849242809790E-010
           2          11   2.8357707237521231E-010
           2          12  -5.3104570845111010E-011
           2          13  -8.0712037231167896E-012
           2          14   6.8042502782676129E-006
           2          15   8.9134829361655850E-006
           2          16   3.9808192461887887E-005
           2          17   1.0961678042121834E-005
           2          18   4.9303810335300778E-005
           2          19   5.7597905888150474E-005
           2          20   1.4608082829187783E-005
           2          21   1.9701271658219391E-005
           2          22   8.7555911776642534E-005
           2          23   2.4228352526464094E-005
           2          24   1.0897512136958240E-004
           2          25   1.2687610248250425E-004
           2          26   5.9839358029407319E-011
           2          27  -7.0799443242109148E-012
           2          28   2.2730737901744390E-011
           2          29  -9.3916289442058529E-012
           2          30  -3.2915949630103278E-012
           2          31  -6.2864724834188740E-012
           2          32   1.5160602291130339E-012
           2          33   2.0044506787070673E-011
           2          34  -3.4241344479899261E-012
           2          35  -1.2534884958214677E-012
           3           1  -3.7885585521874127E-002
           3           2   4.0138889657688418E-003
           3           3   1.9657568662290790     
           3           4   3.2253400139783291E-003
           3           5   3.8115688318072174E-010
           3           6  -1.5201630839789943E-012
           3           7  -6.8207453019916544E-011
           3           8  -2.6464469734604919E-008
           3           9   1.0203867553308596E-012
           3          10   4.7826525129153001E-009
           3          11  -7.0695635560946234E-010
           3          12  -7.7475331292152357E-012
           3          13   1.3601343893159103E-010
           3          14   2.5478103897411427E-003
           3          15  -4.1308558442872990E-005
           3          16   2.3948584164718372E-003
           3          17  -5.0800691070997236E-005
           3          18  -2.2849307078707561E-004
           3          19   2.3124145952211281E-003
           3          20   5.0495317411078083E-003
           3          21  -6.5196005262845805E-004
           3          22   2.6355210240605353E-003
           3          23  -8.0177153282782413E-004
           3          24  -3.6062360335190804E-003
           3          25   1.3343255077241396E-003
           3          26  -1.4987452204665224E-010
           3          27   3.5142597545080058E-012
           3          28  -5.6067086833487049E-011
           3          29  -8.2608364577428134E-013
           3          30   1.8740535948979151E-011
           3          31   1.5611781008769923E-011
           3          32   1.0250054506405169E-011
           3          33  -5.2052187899604850E-011
           3          34  -6.0217141883286704E-012
           3          35   2.1691585122825734E-011
           4           1   3.4403339109018629E-003
           4           2  -2.0278057914864539E-004
           4           3   3.2253400139783291E-003
           4           4   1.6502161261121003E-003
           4           5  -6.4595705257010739E-011
           4           6  -7.8797092253787869E-011
           4           7   7.5850135776295533E-011
           4           8   4.3684927943355000E-009
           4           9   5.3208052970962322E-009
           4          10  -5.1143419669338340E-009
           4          11   1.1553620561995696E-010
           4          12   1.4071734230756763E-010
           4          13  -1.3541718014250255E-010
           4          14   1.7072287851356517E-004
           4          15  -6.4238399330908094E-005
           4          16  -6.7132531952590220E-005
           4          17  -7.8999495098445023E-005
           4          18  -3.5532663077165018E-004
           4          19  -1.9534084034576466E-004
           4          20   3.1983051003057279E-004
           4          21  -1.5401574092552801E-004
           4          22  -2.5044303985622020E-004
           4          23  -1.8940643751945996E-004
           4          24  -8.5191882649494942E-004
           4          25  -5.5783073752143286E-004
           4          26   2.4598082405662697E-011
           4          27   1.2419406231973728E-011
           4          28   8.1496442893345631E-012
           4          29   2.5054790326519261E-011
           4          30  -1.3930938551609578E-011
           4          31  -2.9136753577632717E-012
           4          32  -1.6438440674586690E-011
           4          33   9.3261400570761211E-012
           4          34   1.5456746767288102E-011
           4          35  -2.1448168989718252E-011
           5           1   1.6671202618966753E-010
           5           2  -1.5783148469922644E-010
           5           3   3.8115688318072174E-010
           5           4  -6.4595705257010739E-011
           5           5   3.2162241875607455E-004
           5           6  -2.7554772937316318E-005
           5           7  -3.3886025213325928E-005
           5           8  -2.4632684293979652E-002
           5           9   2.4707255273526628E-003
           5          10   3.0384663722846632E-003
           5          11  -3.4753254366415277E-004
           5          12   1.8069631458244308E-005
           5          13   2.2222140106779807E-005
           5          14  -1.7269601543898784E-011
           5          15  -1.9863803080360367E-012
           5          16  -8.9001576149745367E-011
           5          17  -3.6175960880831979E-011
           5          18   2.6301965892583447E-011
           5          19  -1.2349784882781512E-010
           5          20  -2.7589340419197832E-010
           5          21  -2.7469079634364807E-011
           5          22  -7.1268123695843861E-012
           5          23   6.6736141588762340E-011
           5          24   8.4908985722170560E-011
           5          25  -1.3985060312973494E-010
           5          26  -8.3733224920940196E-005
           5          27  -1.1718888591238268E-005
           5          28  -6.5145387100855629E-005
           5          29   1.2467907375503985E-005
           5          30  -1.4411800195771230E-005
           5          31  -4.1501582292485993E-005
           5          32   1.6065819372380075E-005
           5          33  -8.0119973130006830E-005
           5          34   1.8819030251673641E-005
           5          35   2.0608016533715999E-005
           6           1  -9.3689993075405023E-012
           6           2   2.9627567300029184E-011
           6           3  -1.5201630839789943E-012
           6           4  -7.8797092253787869E-011
           6           5  -2.7554772937316318E-005
           6           6   2.0381233178101335E-004
           6           7  -1.5241497363736162E-004
           6           8   2.4707365695482149E-003
           6           9  -1.4069076691438455E-002
           6          10   1.3666510601559784E-002
           6          11   1.8070317434412291E-005
           6          12  -2.7027404915474455E-004
           6          13   9.9951771871869879E-005
           6          14   2.0254821892596733E-012
           6          15   6.3876392269757007E-012
           6          16   4.2247787600561343E-012
           6          17   2.3145668716838104E-012
           6          18  -9.1519503588232143E-012
           6          19   1.0004080335168110E-011
           6          20   4.7271195494480098E-011
           6          21  -1.5991282249839007E-011
           6          22   1.8499013916261014E-011
           6          23   2.1387908696243399E-012
           6          24   4.1923954839897363E-012
           6          25   2.3231004870313763E-011
           6          26   4.5097764928602512E-006
           6          27  -2.7158941720666237E-005
           6          28  -1.0419285152315910E-006
           6          29  -9.6085846702467551E-005
           6          30   1.3203106797913363E-005
           6          31   5.9346658690379376E-006
           6          32  -5.7634519137430862E-006
           6          33   1.8819018417860997E-005
           6          34   3.4079777876441290E-007
           6          35   9.2691735504115807E-005
           7           1  -2.2233568712803062E-011
           7           2   4.4293540654725828E-012
           7           3  -6.8207453019916544E-011
           7           4   7.5850135776295533E-011
           7           5  -3.3886025213325928E-005
           7           6  -1.5241497363736162E-004
           7           7   1.4031053218420032E-004
           7           8   3.0384445330353185E-003
           7           9   1.3666512536409315E-002
           7          10  -8.3751009415875353E-003
           7          11   2.2221712229554308E-005
           7          12   9.9952065267329757E-005
           7          13  -2.2863021562204508E-004
           7          14   1.4791587343802544E-012
           7          15  -4.8568064342767552E-012
           7          16   1.2635278172802600E-011
           7          17   4.6365646672507059E-012
           7          18   2.6648323674718541E-012
           7          19   1.4199461013799869E-011
           7          20   1.1444797546090699E-011
           7          21   1.7912011746391605E-011
           7          22  -1.3799787416682697E-011
           7          23  -1.3863083376263542E-011
           7          24  -1.8808937168030062E-011
           7          25   6.3977398652733101E-012
           7          26   5.5458844505873520E-006
           7          27   1.3203116700074160E-005
           7          28   1.6065770641529712E-005
           7          29   6.8964459136024595E-005
           7          30  -2.1658014886007644E-005
           7          31   1.1471180815421842E-005
           7          32   2.0816206405000085E-005
           7          33   5.7961007961556561E-006
           7          34   2.6070047938588242E-005
           7          35  -7.4518268702963140E-005
           8           1  -1.1011226620268312E-008
           8           2   1.0642621041062843E-008
           8           3  -2.6464469734604919E-008
           8           4   4.3684927943355000E-009
           8           5  -2.4632684293979652E-002
           8           6   2.4707365695482149E-003
           8           7   3.0384445330353185E-003
           8           8   1.9717763446672942     
           8           9  -8.1186915360507830E-002
           8          10  -9.9842522981086118E-002
           8          11   2.1444744978421026E-002
           8          12  -5.9662205312949988E-003
           8          13  -7.3371971843537486E-003
           8          14   1.1629751473977445E-009
           8          15   1.3217118232586650E-010
           8          16   6.0008851750601092E-009
           8          17   2.4388593019451514E-009
           8          18  -1.7765708651390013E-009
           8          19   8.3266924512940706E-009
           8          20   1.8600116734944798E-008
           8          21   1.8466728263372901E-009
           8          22   4.8341739985563844E-010
           8          23  -4.4996217147944610E-009
           8          24  -5.7306931600848214E-009
           8          25   9.4300891457462487E-009
           8          26   5.4887459954857335E-003
           8          27   7.8362300883110263E-004
           8          28   5.5022504675024207E-003
           8          29  -1.3264030331898301E-003
           8          30   9.6369406413138983E-004
           8          31   4.5513778324729956E-003
           8          32  -6.2588073907345369E-004
           8          33   7.1444741907029773E-003
           8          34  -4.4418723546703310E-004
           8          35  -1.5718317569879366E-003
           9           1   7.3749859519845845E-010
           9           2  -1.9985833108821079E-009
           9           3   1.0203867553308596E-012
           9           4   5.3208052970962322E-009
           9           5   2.4707255273526628E-003
           9           6  -1.4069076691438455E-002
           9           7   1.3666512536409315E-002
           9           8  -8.1186915360507830E-002
           9           9   1.6246613711933973     
           9          10 -0.44907515868360376     
           9          11  -5.9662432610486441E-003
           9          12  -4.0639858781872686E-003
           9          13  -3.3001528071764541E-002
           9          14  -1.3642064479764069E-010
           9          15  -4.3506729730110218E-010
           9          16  -2.8804655216928507E-010
           9          17  -1.5850917382203435E-010
           9          18   6.1695029545854612E-010
           9          19  -6.7165706833556156E-010
           9          20  -3.1861434242401496E-009
           9          21   1.0661279778316931E-009
           9          22  -1.2564366145579274E-009
           9          23  -1.5210460287263652E-010
           9          24  -2.8339982234139598E-010
           9          25  -1.5604162653401057E-009
           9          26  -1.4159367868513703E-003
           9          27  -2.3398947502831333E-004
           9          28   9.0375232422656364E-004
           9          29   6.5904995100439486E-003
           9          30  -3.4795775881780551E-003
           9          31   1.1824871230285464E-003
           9          32   4.9989944643193673E-003
           9          33  -4.4418518577797519E-004
           9          34   5.2453563177573661E-003
           9          35  -7.0698621289019062E-003
          10           1   1.3902314790771560E-009
          10           2  -2.9902849242809790E-010
          10           3   4.7826525129153001E-009
          10           4  -5.1143419669338340E-009
          10           5   3.0384663722846632E-003
          10           6   1.3666510601559784E-002
          10           7  -8.3751009415875353E-003
          10           8  -9.9842522981086118E-002
          10           9 -0.44907515868360376     
          10          10   1.4375601488503256     
          10          11  -7.3372007088336657E-003
          10          12  -3.3001533455566008E-002
          10          13  -1.7813663597693728E-002
          10          14  -1.0084835465075570E-010
          10          15   3.2403888698095265E-010
          10          16  -8.5549761503787807E-010
          10          17  -3.1748332049805127E-010
          10          18  -1.8117388608604319E-010
          10          19  -9.5301904529121748E-010
          10          20  -7.7532497920904072E-010
          10          21  -1.2164497715998162E-009
          10          22   9.2433437548452694E-010
          10          23   9.2157521785456020E-010
          10          24   1.2655793719862713E-009
          10          25  -4.2424373439707644E-010
          10          26  -1.7413000743166191E-003
          10          27  -3.4795772574043068E-003
          10          28  -6.2588089921142363E-004
          10          29  -7.3368176849112170E-003
          10          30  -1.6837105825331089E-003
          10          31   1.0363058331836318E-003
          10          32   2.1534170057826759E-003
          10          33   1.1910513561139938E-003
          10          34   5.3571531066041300E-003
          10          35   7.5019287427001424E-003
          11           1  -2.9065153451195464E-010
          11           2   2.8357707237521231E-010
          11           3  -7.0695635560946234E-010
          11           4   1.1553620561995696E-010
          11           5  -3.4753254366415277E-004
          11           6   1.8070317434412291E-005
          11           7   2.2221712229554308E-005
          11           8   2.1444744978421026E-002
          11           9  -5.9662432610486441E-003
          11          10  -7.3372007088336657E-003
          11          11   7.2890804466858514E-004
          11          12   1.1290671380298408E-004
          11          13   1.3885066934272235E-004
          11          14   3.1145970669997966E-011
          11          15   3.6536308010068207E-012
          11          16   1.5990296277241459E-010
          11          17   6.5001513935581995E-011
          11          18  -4.7145320199166421E-011
          11          19   2.2195250588761524E-010
          11          20   4.9608750375388368E-010
          11          21   4.9685983294877622E-011
          11          22   1.2438317792119739E-011
          11          23  -1.2009276182924319E-010
          11          24  -1.5231996346323059E-010
          11          25   2.5129215184049587E-010
          11          26   1.5141354938825666E-004
          11          27   7.5877991738702051E-007
          11          28   3.8090938627155089E-005
          11          29   1.9419082381560790E-006
          11          30   9.3328407477626468E-007
          11          31  -4.3863701831747622E-005
          11          32  -2.8117026320411039E-005
          11          33   2.2264238159432167E-005
          11          34  -4.1102811462217977E-005
          11          35  -1.4330368452740327E-005
          12           1   2.0858398310254386E-011
          12           2  -5.3104570845111010E-011
          12           3  -7.7475331292152357E-012
          12           4   1.4071734230756763E-010
          12           5   1.8069631458244308E-005
          12           6  -2.7027404915474455E-004
          12           7   9.9952065267329757E-005
          12           8  -5.9662205312949988E-003
          12           9  -4.0639858781872686E-003
          12          10  -3.3001533455566008E-002
          12          11   1.1290671380298408E-004
          12          12   1.2116414945389595E-003
          12          13   6.2452653432722919E-004
          12          14  -3.7276985510200089E-012
          12          15  -1.1285473800129877E-011
          12          16  -7.4564852376056981E-012
          12          17  -4.0984699546143483E-012
          12          18   1.6525500564495360E-011
          12          19  -1.7990528172750479E-011
          12          20  -8.5222183074038033E-011
          12          21   2.9303247512932008E-011
          12          22  -3.2732424658468522E-011
          12          23  -3.6006203483013550E-012
          12          24  -7.2823141939205564E-012
          12          25  -4.1744351377064538E-011
          12          26   2.7163643343517298E-005
          12          27   1.1437641830094037E-004
          12          28  -3.3079351803202882E-005
          12          29   1.0527521362227544E-004
          12          30   6.0705794288038827E-005
          12          31  -5.7803655401740416E-005
          12          32  -1.8297450714281795E-004
          12          33  -4.1102670267601161E-005
          12          34  -1.5347087181080774E-004
          12          35  -6.4456023863429713E-005
          13           1   3.5804444809322108E-011
          13           2  -8.0712037231167896E-012
          13           3   1.3601343893159103E-010
          13           4  -1.3541718014250255E-010
          13           5   2.2222140106779807E-005
          13           6   9.9951771871869879E-005
          13           7  -2.2863021562204508E-004
          13           8  -7.3371971843537486E-003
          13           9  -3.3001528071764541E-002
          13          10  -1.7813663597693728E-002
          13          11   1.3885066934272235E-004
          13          12   6.2452653432722919E-004
          13          13   1.4718433798140479E-003
          13          14  -2.5320410109208201E-012
          13          15   8.7717087414355788E-012
          13          16  -2.2630179887734667E-011
          13          17  -8.1796315346944025E-012
          13          18  -4.8805628278171231E-012
          13          19  -2.5761204284658237E-011
          13          20  -2.0233687563324127E-011
          13          21  -3.2125696374145197E-011
          13          22   2.4807854451613800E-011
          13          23   2.5319935714479404E-011
          13          24   3.3505288774651810E-011
          13          25  -1.1988461498167676E-011
          13          26   3.3405356202243167E-005
          13          27   6.0705863368457641E-005
          13          28  -2.8116964716746314E-005
          13          29   1.0742188452891706E-005
          13          30   1.3966875628383186E-004
          13          31  -6.8064036036875379E-005
          13          32  -1.1235163181055450E-004
          13          33  -6.3111141013486653E-005
          13          34  -2.8386346188122362E-004
          13          35  -9.0495866515265459E-006
          14           1   4.3320190549966716E-003
          14           2   6.8042502782676129E-006
          14           3   2.5478103897411427E-003
          14           4   1.7072287851356517E-004
          14           5  -1.7269601543898784E-011
          14           6   2.0254821892596733E-012
          14           7   1.4791587343802544E-012
          14           8   1.1629751473977445E-009
          14           9  -1.3642064479764069E-010
          14          10  -1.0084835465075570E-010
          14          11   3.1145970669997966E-011
          14          12  -3.7276985510200089E-012
          14          13  -2.5320410109208201E-012
          14          14   2.9077496454005523E-005
          14          15  -6.4913155669487886E-006
          14          16   5.0421153264804755E-006
          14          17  -7.9829301109322559E-006
          14          18  -3.5905896073727029E-005
          14          19  -7.9133837793516788E-006
          14          20   5.3053006893671759E-005
          14          21  -1.5771193620756549E-005
          14          22  -5.3429376011500557E-006
          14          23  -1.9395196804481206E-005
          14          24  -8.7236387465116134E-005
          14          25  -3.6819402135324898E-005
          14          26   6.5881024686021748E-012
          14          27  -5.9370802078780606E-013
          14          28   2.4605063908023642E-012
          14          29  -6.2129308331302261E-013
          14          30  -5.4472624309279470E-013
          14          31  -7.4128618687268345E-013
          14          32  -5.2422681923275895E-014
          14          33   2.1670468720544126E-012
          14          34  -1.5193552252268406E-013
          14          35  -4.1857816869701528E-013
          15           1  -4.4770141526158272E-005
          15           2   8.9134829361655850E-006
          15           3  -4.1308558442872990E-005
          15           4  -6.4238399330908094E-005
          15           5  -1.9863803080360367E-012
          15           6   6.3876392269757007E-012
          15           7  -4.8568064342767552E-012
          15           8   1.3217118232586650E-010
          15           9  -4.3506729730110218E-010
          15          10   3.2403888698095265E-010
          15          11   3.6536308010068207E-012
          15          12  -1.1285473800129877E-011
          15          13   8.7717087414355788E-012
          15          14  -6.4913155669487886E-006
          15          15   2.5315707999971603E-006
          15          16   2.8823273365714249E-006
          15          17   3.1132907590084144E-006
          15          18   1.4003065648111257E-005
          15          19   7.9348880409800212E-006
          15          20  -1.1935334553845082E-005
          15          21   5.9894200229109329E-006
          15          22   1.0241670168499283E-005
          15          23   7.3657062733725512E-006
          15          24   3.3129728454689440E-005
          15          25   2.2195474473373785E-005
          15          26   7.6177692453027274E-013
          15          27  -1.0951188622845744E-012
          15          28   3.5180437253395647E-013
          15          29  -2.0325772480748973E-012
          15          30   7.9712463012499699E-013
          15          31  -7.8590089347651858E-014
          15          32   1.1120136355994175E-012
          15          33   1.6553329853526232E-013
          15          34  -1.1787734237413936E-012
          15          35   1.3858434082589570E-012
          16           1   4.1662489726133171E-003
          16           2   3.9808192461887887E-005
          16           3   2.3948584164718372E-003
          16           4  -6.7132531952590220E-005
          16           5  -8.9001576149745367E-011
          16           6   4.2247787600561343E-012
          16           7   1.2635278172802600E-011
          16           8   6.0008851750601092E-009
          16           9  -2.8804655216928507E-010
          16          10  -8.5549761503787807E-010
          16          11   1.5990296277241459E-010
          16          12  -7.4564852376056981E-012
          16          13  -2.2630179887734667E-011
          16          14   5.0421153264804755E-006
          16          15   2.8823273365714249E-006
          16          16   1.5714505865021075E-005
          16          17   3.5446462972951995E-006
          16          18   1.5943231329735654E-005
          16          19   2.1467114702118090E-005
          16          20   8.8600678192498243E-006
          16          21   6.4058214021952945E-006
          16          22   3.2578879846665575E-005
          16          23   7.8777909062088428E-006
          16          24   3.5433000027314594E-005
          16          25   4.5363745564278439E-005
          16          26   3.3748338254949282E-011
          16          27  -1.8700079521382074E-012
          16          28   1.2650517389376396E-011
          16          29  -1.3406261298678760E-012
          16          30  -3.5657832468203291E-012
          16          31  -3.5933016833858696E-012
          16          32  -1.5048070734058348E-012
          16          33   1.1458396092136256E-011
          16          34   3.5727124216786578E-013
          16          35  -3.5758067564421994E-012
          17           1  -5.5057702345212721E-005
          17           2   1.0961678042121834E-005
          17           3  -5.0800691070997236E-005
          17           4  -7.8999495098445023E-005
          17           5  -3.6175960880831979E-011
          17           6   2.3145668716838104E-012
          17           7   4.6365646672507059E-012
          17           8   2.4388593019451514E-009
          17           9  -1.5850917382203435E-010
          17          10  -3.1748332049805127E-010
          17          11   6.5001513935581995E-011
          17          12  -4.0984699546143483E-012
          17          13  -8.1796315346944025E-012
          17          14  -7.9829301109322559E-006
          17          15   3.1132907590084144E-006
          17          16   3.5446462972951995E-006
          17          17   3.8286819196022892E-006
          17          18   1.7220776476049380E-005
          17          19   9.7582155762566787E-006
          17          20  -1.4677909370805646E-005
          17          21   7.3657059115220073E-006
          17          22   1.2595064332490090E-005
          17          23   9.0582437085182644E-006
          17          24   4.0742481875057093E-005
          17          25   2.7295687547567543E-005
          17          26   1.3714228969483152E-011
          17          27  -8.5639349876088622E-013
          17          28   5.1554670482681701E-012
          17          29  -7.1788391767921248E-013
          17          30  -1.3489190566196980E-012
          17          31  -1.4550077947278297E-012
          17          32  -4.8108319858223004E-013
          17          33   4.6454153340206505E-012
          17          34  -6.0524845146980446E-016
          17          35  -1.3463906529839653E-012
          18           1  -2.4764042993741925E-004
          18           2   4.9303810335300778E-005
          18           3  -2.2849307078707561E-004
          18           4  -3.5532663077165018E-004
          18           5   2.6301965892583447E-011
          18           6  -9.1519503588232143E-012
          18           7   2.6648323674718541E-012
          18           8  -1.7765708651390013E-009
          18           9   6.1695029545854612E-010
          18          10  -1.8117388608604319E-010
          18          11  -4.7145320199166421E-011
          18          12   1.6525500564495360E-011
          18          13  -4.8805628278171231E-012
          18          14  -3.5905896073727029E-005
          18          15   1.4003065648111257E-005
          18          16   1.5943231329735654E-005
          18          17   1.7220776476049380E-005
          18          18   7.7456197371838571E-005
          18          19   4.3890835732098903E-005
          18          20  -6.6018802755607922E-005
          18          21   3.3129723945459773E-005
          18          22   5.6650511064132929E-005
          18          23   4.0742478331253123E-005
          18          24   1.8325292831249845E-004
          18          25   1.2277147690114350E-004
          18          26  -9.9975102748561118E-012
          18          27   1.9111918575316854E-012
          18          28  -3.8442570870583279E-012
          18          29   2.8938523841484802E-012
          18          30  -1.5507862725892439E-014
          18          31   1.0491897258454234E-012
          18          32  -1.0097761368712449E-012
          18          33  -3.2769663523928589E-012
          18          34   1.3342934414646362E-012
          18          35  -7.8672861557030514E-013
          19           1   4.0768959272448552E-003
          19           2   5.7597905888150474E-005
          19           3   2.3124145952211281E-003
          19           4  -1.9534084034576466E-004
          19           5  -1.2349784882781512E-010
          19           6   1.0004080335168110E-011
          19           7   1.4199461013799869E-011
          19           8   8.3266924512940706E-009
          19           9  -6.7165706833556156E-010
          19          10  -9.5301904529121748E-010
          19          11   2.2195250588761524E-010
          19          12  -1.7990528172750479E-011
          19          13  -2.5761204284658237E-011
          19          14  -7.9133837793516788E-006
          19          15   7.9348880409800212E-006
          19          16   2.1467114702118090E-005
          19          17   9.7582155762566787E-006
          19          18   4.3890835732098903E-005
          19          19   3.7303727380536111E-005
          19          20  -1.4960714529259329E-005
          19          21   1.8359628021149762E-005
          19          22   5.3019415760045662E-005
          19          23   2.2578417689271103E-005
          19          24   1.0155398766396040E-004
          19          25   8.9661927873260669E-005
          19          26   4.6826588929954640E-011
          19          27  -3.3219202598191498E-012
          19          28   1.7607284885599213E-011
          19          29  -3.1847003351129435E-012
          19          30  -4.4176990979171753E-012
          19          31  -4.9715277636716507E-012
          19          32  -1.2623178893737818E-012
          19          33   1.5849448924096958E-011
          19          34  -1.9458155954812539E-013
          19          35  -4.0010302792871900E-012
          20           1   7.8638358918975988E-003
          20           2   1.4608082829187783E-005
          20           3   5.0495317411078083E-003
          20           4   3.1983051003057279E-004
          20           5  -2.7589340419197832E-010
          20           6   4.7271195494480098E-011
          20           7   1.1444797546090699E-011
          20           8   1.8600116734944798E-008
          20           9  -3.1861434242401496E-009
          20          10  -7.7532497920904072E-010
          20          11   4.9608750375388368E-010
          20          12  -8.5222183074038033E-011
          20          13  -2.0233687563324127E-011
          20          14   5.3053006893671759E-005
          20          15  -1.1935334553845082E-005
          20          16   8.8600678192498243E-006
          20          17  -1.4677909370805646E-005
          20          18  -6.6018802755607922E-005
          20          19  -1.4960714529259329E-005
          20          20   9.8984752058626759E-005
          20          21  -2.9658834865070237E-005
          20          22  -1.0832914137769312E-005
          20          23  -3.6474026828117707E-005
          20          24  -1.6405414026982501E-004
          20          25  -7.0026611683997639E-005
          20          26   1.0474192474244129E-010
          20          27  -1.1707641558204101E-011
          20          28   3.9647064622979541E-011
          20          29  -1.4897000535425750E-011
          20          30  -6.4340355947217845E-012
          20          31  -1.1170932076754955E-011
          20          32   1.8808526592681713E-012
          20          33   3.4947498622068219E-011
          20          34  -5.1635705093365066E-012
          20          35  -3.2682827606259406E-012
          21           1  -4.7719767274396845E-005
          21           2   1.9701271658219391E-005
          21           3  -6.5196005262845805E-004
          21           4  -1.5401574092552801E-004
          21           5  -2.7469079634364807E-011
          21           6  -1.5991282249839007E-011
          21           7   1.7912011746391605E-011
          21           8   1.8466728263372901E-009
          21           9   1.0661279778316931E-009
          21          10  -1.2164497715998162E-009
          21          11   4.9685983294877622E-011
          21          12   2.9303247512932008E-011
          21          13  -3.2125696374145197E-011
          21          14  -1.5771193620756549E-005
          21          15   5.9894200229109329E-006
          21          16   6.4058214021952945E-006
          21          17   7.3657059115220073E-006
          21          18   3.3129723945459773E-005
          21          19   1.8359628021149762E-005
          21          20  -2.9658834865070237E-005
          21          21   1.4473377716464736E-005
          21          22   2.3931690706276887E-005
          21          23   1.7799160635534669E-005
          21          24   8.0057680454835865E-005
          21          25   5.2817947675711782E-005
          21          26   1.0461275230293086E-011
          21          27   2.3866515213158121E-012
          21          28   3.6291245969060808E-012
          21          29   5.0208155533572998E-012
          21          30  -3.4832880108194128E-012
          21          31  -1.2405396231038836E-012
          21          32  -3.8243869532297633E-012
          21          33   3.7306569842161734E-012
          21          34   3.2922569406048687E-012
          21          35  -5.0002665962639436E-012
          22           1   7.6871440656685365E-003
          22           2   8.7555911776642534E-005
          22           3   2.6355210240605353E-003
          22           4  -2.5044303985622020E-004
          22           5  -7.1268123695843861E-012
          22           6   1.8499013916261014E-011
          22           7  -1.3799787416682697E-011
          22           8   4.8341739985563844E-010
          22           9  -1.2564366145579274E-009
          22          10   9.2433437548452694E-010
          22          11   1.2438317792119739E-011
          22          12  -3.2732424658468522E-011
          22          13   2.4807854451613800E-011
          22          14  -5.3429376011500557E-006
          22          15   1.0241670168499283E-005
          22          16   3.2578879846665575E-005
          22          17   1.2595064332490090E-005
          22          18   5.6650511064132929E-005
          22          19   5.3019415760045662E-005
          22          20  -1.0832914137769312E-005
          22          21   2.3931690706276887E-005
          22          22   7.7778873196647014E-005
          22          23   2.9430863645708603E-005
          22          24   1.3237515603216105E-004
          22          25   1.2554221934162372E-004
          22          26   2.6153429315225285E-012
          22          27  -3.1477536316763701E-012
          22          28   1.2693555306156852E-012
          22          29  -5.9027059831503803E-012
          22          30   2.2907743005518393E-012
          22          31  -1.2475147769787031E-013
          22          32   3.1823090100563750E-012
          22          33   7.7115987907564817E-013
          22          34  -3.3963074389258976E-012
          22          35   3.9155222315840373E-012
          23           1  -5.8685113239499251E-005
          23           2   2.4228352526464094E-005
          23           3  -8.0177153282782413E-004
          23           4  -1.8940643751945996E-004
          23           5   6.6736141588762340E-011
          23           6   2.1387908696243399E-012
          23           7  -1.3863083376263542E-011
          23           8  -4.4996217147944610E-009
          23           9  -1.5210460287263652E-010
          23          10   9.2157521785456020E-010
          23          11  -1.2009276182924319E-010
          23          12  -3.6006203483013550E-012
          23          13   2.5319935714479404E-011
          23          14  -1.9395196804481206E-005
