           1           1   4.2081726553337528     
           1           2   8.6644097980976191     
           1           3   10.138047542382420     
           1           4  0.97170318881478712     
           1           5  -1.2831653578962485     
           1           6  -1.6150182235201431     
           1           7   1.1454905333481618     
           1           8  -7.6125327245051439E-011
           1           9  -4.7196240022332062E-012
           1          10   2.3625178930281445E-012
           1          11  -2.3708723624602873E-010
           1          12  -1.6080944772741149E-011
           1          13   7.7533481400099196E-012
           1          14   4.3782873725343172E-010
           1          15   2.7676352106983866E-011
           1          16  -1.4306634302743824E-011
           1          17  -2.3358261012198960E-009
           1          18  -1.4700337313309123E-010
           1          19   7.6597396419759156E-011
           1          20   3.2936398552857298E-009
           1          21   2.0728688260527624E-010
           1          22  -1.0797970405170694E-010
           1          23  -1.0066229515224996E-009
           1          24  -6.3290716835238200E-011
           1          25   3.3023011410066367E-011
           1          26  -6.1108073294564429     
           1          27   9.7991688356734709E-014
           1          28  -6.1108073294556551     
           1          29   1.3639101488729721E-014
           1          30  -1.2522450080090600E-014
           1          31  -6.1108073294558887     
           1          32   1.6024273309517358     
           1          33   9.4999315441780663E-015
           1          34   1.6024273309516983     
           1          35  -4.8084114186667400E-016
           1          36  -2.2138941180993838E-014
           1          37   1.6024273309516954     
           1          38  -2.9879447544771351     
           1          39   9.3590449533599346E-014
           1          40  -2.9879447544765085     
           1          41  -8.6325536355175641E-015
           1          42  -3.7642887394969373E-014
           1          43  -2.9879447544767923     
           1          44  0.79824200380425503     
           1          45  -8.1231728434297062E-014
           1          46  0.79824200380374832     
           1          47   7.8667422626550266E-015
           1          48   4.9493757307870895E-014
           1          49  0.79824200380398325     
           1          50   1.6689746308876163E-010
           1          51   4.9060002581557848E-012
           1          52   7.4643395021685395E-011
           1          53   1.0999790157310996E-011
           1          54  -2.4496458121550020E-012
           1          55   3.0366720821033336E-015
           1          56  -2.4494080917221442E-012
           1          57   7.4643093359032041E-011
           1          58   4.8987014815772787E-012
           1          59  -5.4422324944884065E-012
           1          60  -9.3954015446206613E-011
           1          61  -2.5487448325446480E-012
           1          62  -4.2007016083938594E-011
           1          63  -5.7375394710344347E-012
           1          64   1.3546285111621699E-012
           1          65   2.9870539035549961E-015
           1          66   1.3547336477060596E-012
           1          67  -4.2017351193285817E-011
           1          68  -2.5492863739451467E-012
           1          69   3.0627840858585533E-012
           2           1   8.6644097980976191     
           2           2   35.990598478644060     
           2           3   41.266864206947481     
           2           4   3.1115340886044418     
           2           5  -4.5966278501073781     
           2           6  -5.5656247232767067     
           2           7   3.8644947100323366     
           2           8  -2.7780766964806428E-010
           2           9  -1.7427696254934340E-011
           2          10   8.6175911817272868E-012
           2          11  -8.6547882426187141E-010
           2          12  -5.9985932008521558E-011
           2          13   2.8380014332205503E-011
           2          14   1.5963448063270755E-009
           2          15   1.0258186024935355E-010
           2          16  -5.2587925758364595E-011
           2          17  -8.5165133808882002E-009
           2          18  -5.4414790517812683E-010
           2          19   2.8059067217472845E-010
           2          20   1.2008679543487903E-008
           2          21   7.6733913667453289E-010
           2          22  -3.9565905204957356E-010
           2          23  -3.6701313590740808E-009
           2          24  -2.3424160136540708E-010
           2          25   1.2093444881006428E-010
           2          26  -24.200533294374527     
           2          27   3.7638127521844534E-013
           2          28  -24.200533294371670     
           2          29   2.5677114296876757E-014
           2          30  -5.4157206204596671E-014
           2          31  -24.200533294372569     
           2          32   6.9820009421400604     
           2          33  -1.7577172582787242E-014
           2          34   6.9820009421398570     
           2          35  -1.5307731268254901E-015
           2          36  -7.5128630293904719E-014
           2          37   6.9820009421397469     
           2          38  -10.970447880022112     
           2          39   3.4616054290320123E-013
           2          40  -10.970447880019856     
           2          41  -2.1782282957798272E-014
           2          42  -1.2830765280620232E-013
           2          43  -10.970447880020931     
           2          44   2.8827491686000246     
           2          45  -2.7460913503951758E-013
           2          46   2.8827491685982123     
           2          47   3.0178425397772601E-014
           2          48   1.3415690647100865E-013
           2          49   2.8827491685991489     
           2          50   6.0890481145578862E-010
           2          51   1.8241950632292483E-011
           2          52   2.7233849394518262E-010
           2          53   4.0921171763838220E-011
           2          54  -9.0074091937886994E-012
           2          55  -1.1976892037433544E-014
           2          56  -8.9633569322369488E-012
           2          57   2.7237242677659237E-010
           2          58   1.8233639718621534E-011
           2          59  -2.0008299283256463E-011
           2          60  -3.4231009879959463E-010
           2          61  -9.4245128299183059E-012
           2          62  -1.5306595542588487E-010
           2          63  -2.1228175748537838E-011
           2          64   5.0470623745939483E-012
           2          65   1.1205529355842125E-014
           2          66   5.0283442379851741E-012
           2          67  -1.5310395101627887E-010
           2          68  -9.4452381060858743E-012
           2          69   1.1305916051714011E-011
           3           1   10.138047542382420     
           3           2   41.266864206947481     
           3           3   47.602925249106917     
           3           4   3.9089287555239558     
           3           5  -5.5106761585574686     
           3           6  -6.7816614445839258     
           3           7   4.7516183164752768     
           3           8  -3.6916071272200423E-010
           3           9  -2.5656454578620952E-011
           3          10   1.3053866970648889E-011
           3          11  -1.1359005311604677E-009
           3          12  -8.6811062189928528E-011
           3          13   4.0589596937561459E-011
           3          14   2.0990711090486431E-009
           3          15   1.5091909883913884E-010
           3          16  -7.5454097487747438E-011
           3          17  -1.1198988976784761E-008
           3          18  -8.0160873224432434E-010
           3          19   4.0258340245710265E-010
           3          20   1.5791156869312980E-008
           3          21   1.1303792349136562E-009
           3          22  -5.6768515506699011E-010
           3          23  -4.8262160533743939E-009
           3          24  -3.4515917678279536E-010
           3          25   1.7351451300339800E-010
           3          26  -28.192877006937948     
           3          27   9.6357498374001453E-013
           3          28  -28.192877006934694     
           3          29  -3.0866768830018619E-013
           3          30   4.7528912872642411E-013
           3          31  -28.192877006935216     
           3          32   7.8810285629580070     
           3          33  -5.8069015262344623E-016
           3          34   7.8810285629577503     
           3          35  -1.9187751713522495E-014
           3          36  -7.7106590002459499E-014
           3          37   7.8810285629576526     
           3          38  -13.104069154899433     
           3          39   9.3257553502824488E-013
           3          40  -13.104069154896917     
           3          41  -3.7005088018097582E-013
           3          42   3.8774784868409914E-013
           3          43  -13.104069154897651     
           3          44   3.4768954036325725     
           3          45  -7.7539298394284639E-013
           3          46   3.4768954036305675     
           3          47   3.3404285693535033E-013
           3          48  -2.9943146669882130E-013
           3          49   3.4768954036312021     
           3          50   7.9960744601721138E-010
           3          51   2.6593530110889763E-011
           3          52   3.5762910083556585E-010
           3          53   5.9622164497339764E-011
           3          54  -1.2874222560908024E-011
           3          55  -1.3385536678555909E-014
           3          56  -1.2822002721291770E-011
           3          57   3.5766813692027630E-010
           3          58   2.6583758694398765E-011
           3          59  -2.8625440414205677E-011
           3          60  -4.5055990415408719E-010
           3          61  -1.3997428896049888E-011
           3          62  -2.0147360021603583E-010
           3          63  -3.1488419130179550E-011
           3          64   7.2559903571649107E-012
           3          65   1.3997735440700000E-014
           3          66   7.2327165533615456E-012
           3          67  -2.0151874232587928E-010
           3          68  -1.4022911300006867E-011
           3          69   1.6250832227235701E-011
           4           1  0.97170318881478712     
           4           2   3.1115340886044418     
           4           3   3.9089287555239558     
           4           4  0.67594320269515296     
           4           5 -0.68361582233344231     
           4           6 -0.95817121565380481     
           4           7  0.71634669693902464     
           4           8  -3.3640203249684481E-011
           4           9   8.8767851827885556E-012
           4          10   1.8085113276199675E-013
           4          11  -1.1335436746239046E-010
           4          12   4.6429850498904983E-011
           4          13   1.0761189827781829E-012
           4          14   2.0877822805705989E-010
           4          15  -8.4983279701106590E-011
           4          16  -1.9069590298370126E-012
           4          17  -1.1145015041835655E-009
           4          18   4.5506887032203386E-010
           4          19   1.0204243433705823E-011
           4          20   1.5714447956204128E-009
           4          21  -6.4150873260506546E-010
           4          22  -1.4386631212860042E-011
           4          23  -4.8031664285735706E-010
           4          24   1.9616192729130859E-010
           4          25   4.3991115705487714E-012
           4          26  -2.6223855535666920     
           4          27  -7.7100934700930486E-013
           4          28  -2.6223855535658718     
           4          29  -2.2705037299133864E-013
           4          30  -8.2485054363957288E-013
           4          31  -2.6223855535667258     
           4          32  0.45507392343006142     
           4          33  -3.5638170685429882E-014
           4          34  0.45507392343004011     
           4          35  -1.4010365901265770E-014
           4          36  -5.3992149107586942E-014
           4          37  0.45507392343000935     
           4          38  -1.5748813153007861     
           4          39  -7.8159803463994690E-013
           4          40  -1.5748813153000727     
           4          41  -2.3789067137279867E-013
           4          42  -8.4673378291789695E-013
           4          43  -1.5748813153009642     
           4          44  0.45385872959941559     
           4          45   6.7669361986902420E-013
           4          46  0.45385872959882329     
           4          47   2.0852778782606618E-013
           4          48   7.4052226510129274E-013
           4          49  0.45385872959958146     
           4          50   7.9833549507278654E-011
           4          51  -1.4707405042819846E-011
           4          52   3.5707120356215957E-011
           4          53  -3.2866907176129852E-011
           4          54  -3.4435012565608697E-013
           4          55  -6.7854560857349085E-016
           4          56  -3.3838784607074730E-013
           4          57   3.5710293239510676E-011
           4          58  -1.4708360715534966E-011
           4          59  -7.4674175941371180E-013
           4          60  -4.4706658998887446E-011
           4          61   8.0898322293746373E-012
           4          62  -1.9991484821785541E-011
           4          63   1.8061374758791111E-011
           4          64   1.7645381120900737E-013
           4          65   2.3441496491024578E-015
           4          66   1.7261708891374089E-013
           4          67  -1.9996647900195983E-011
           4          68   8.0859348817859050E-012
           4          69   3.9917465814908887E-013
           5           1  -1.2831653578962485     
           5           2  -4.5966278501073781     
           5           3  -5.5106761585574686     
           5           4 -0.68361582233344231     
           5           5  0.78858002561294249     
           5           6   1.0464654950489745     
           5           7 -0.76247451046699444     
           5           8   2.9232872301879664E-011
           5           9  -2.2383148360561227E-012
           5          10   1.6438199398162369E-013
           5          11   9.9383235111152663E-011
           5          12  -1.2346258649675535E-011
           5          13  -2.4522047284384580E-013
           5          14  -1.8226309118638554E-010
           5          15   2.3509735603569760E-011
           5          16   3.4264085679449011E-013
           5          17   9.7265720181445124E-010
           5          18  -1.2635035632532412E-010
           5          19  -1.8493426229420693E-012
           5          20  -1.3714508156754214E-009
           5          21   1.7809853436712391E-010
           5          22   2.6057734781446811E-012
           5          23   4.1915937093719570E-010
           5          24  -5.4496882488014062E-011
           5          25  -7.9789854725638553E-013
           5          26   3.4636573493291474     
           5          27  -4.1520428144588202E-014
           5          28   3.4636573493285789     
           5          29  -3.2979251517305645E-013
           5          30   6.7908581945940360E-014
           5          31   3.4636573493288285     
           5          32 -0.78727076270183083     
           5          33   3.8310902438767272E-015
           5          34 -0.78727076270179441     
           5          35  -9.5065209978126389E-015
           5          36   2.2400507749149059E-014
           5          37 -0.78727076270178231     
           5          38   1.8417647962495094     
           5          39  -3.6861878402913077E-014
           5          40   1.8417647962490578     
           5          41  -3.2308067040705295E-013
           5          42   8.3876597367939007E-014
           5          43   1.8417647962493411     
           5          44 -0.51202850063589511     
           5          45   2.7931870450813123E-014
           5          46 -0.51202850063553029     
           5          47   2.7512054018099551E-013
           5          48  -8.1648186251838817E-014
           5          49 -0.51202850063576866     
           5          50  -6.9870254396394247E-011
           5          51   3.9910549298939499E-012
           5          52  -3.1251912453025742E-011
           5          53   8.9016133380323254E-012
           5          54   8.2972482815894140E-014
           5          55   1.2214448717332330E-015
           5          56   7.5946717510414146E-014
           5          57  -3.1256328622388856E-011
           5          58   3.9923348110529014E-012
           5          59   1.6032008786134322E-013
           5          60   3.8949436311608620E-011
           5          61  -2.2841321929383518E-012
           5          62   1.7415973171941651E-011
           5          63  -5.0774952386547641E-012
           5          64  -2.4815086468021560E-014
           5          65  -2.3938890650894376E-015
           5          66  -2.0922293152620924E-014
           5          67   1.7422148503474019E-011
           5          68  -2.2800602106743421E-012
           5          69  -6.0365617111915393E-014
           6           1  -1.6150182235201431     
           6           2  -5.5656247232767067     
           6           3  -6.7816614445839258     
           6           4 -0.95817121565380481     
           6           5   1.0464654950489745     
           6           6   1.4198992993022814     
           6           7  -1.0457082193322036     
           6           8   4.2951018924608424E-011
           6           9  -2.1153688390997227E-012
           6          10   1.0098241911874292E-013
           6          11   1.4138363340088735E-010
           6          12  -7.1347092709206473E-012
           6          13  -5.9656085151122457E-013
           6          14  -2.6017148709898191E-010
           6          15   1.4725475464907337E-011
           6          16   9.6229953720153924E-013
           6          17   1.3884003230397104E-009
           6          18  -7.9393797413235883E-011
           6          19  -5.1671730638708720E-012
           6          20  -1.9576740822014770E-009
           6          21   1.1191430063427272E-010
           6          22   7.2834807157549900E-012
           6          23   5.9833641775256248E-010
           6          24  -3.4270440594975160E-011
           6          25  -2.2283745123323811E-012
           6          26   4.3637847257616267     
           6          27   5.4168415306195721E-013
           6          28   4.3637847257606230     
           6          29  -5.3423636866860357E-014
           6          30   6.6432296590927633E-013
           6          31   4.3637847257614508     
           6          32 -0.90560037775093161     
           6          33   2.8975917936548481E-014
           6          34 -0.90560037775089164     
           6          35   3.8061104987170437E-015
           6          36   5.5090283438883498E-014
           6          37 -0.90560037775085866     
           6          38   2.4308061830002128     
           6          39   5.5275791153330109E-013
           6          40   2.4308061829993672     
           6          41  -4.0849430536667513E-014
           6          42   6.9133317298489287E-013
           6          43   2.4308061830002448     
           6          44 -0.68560144002139800     
           6          45  -4.8130890762332335E-013
           6          46 -0.68560144002070211     
           6          47   3.0430147126486091E-014
           6          48  -6.0983237738005489E-013
           6          49 -0.68560144002144807     
           6          50  -9.9479803827033902E-011
           6          51   2.3819301392393070E-012
           6          52  -4.4495430618083028E-011
           6          53   5.2959573941902304E-012
           6          54   1.9558036344948093E-013
           6          55   1.3931727287154392E-015
           6          56   1.8632534912252191E-013
           6          57  -4.4500897477929418E-011
           6          58   2.3835299871579625E-012
           6          59   4.0301883642617736E-013
           6          60   5.5704314701402425E-011
           6          61  -1.4905082396239258E-012
           6          62   2.4908357997448313E-011
           6          63  -3.2918326197851865E-012
           6          64  -8.1845457573845042E-014
           6          65  -3.3417355050756081E-015
           6          66  -7.6391757624982785E-014
           6          67   2.4916436385968885E-011
           6          68  -1.4848748941513548E-012
           6          69  -1.8969569866616864E-013
           7           1   1.1454905333481618     
           7           2   3.8644947100323366     
           7           3   4.7516183164752768     
           7           4  0.71634669693902464     
           7           5 -0.76247451046699444     
           7           6  -1.0457082193322036     
           7           7  0.77401944494015473     
           7           8  -2.5970655770172768E-011
           7           9  -8.9943480363482940E-013
           7          10  -2.3585574463623692E-013
           7          11  -8.3225576007203837E-011
           7          12  -1.1823385334435224E-011
           7          13  -7.5845174263494775E-014
           7          14   1.5324324404075241E-010
           7          15   1.9806749558120506E-011
           7          16   2.5010220342122065E-013
           7          17  -8.1757000389286685E-010
           7          18  -1.0563108724419823E-010
           7          19  -1.3115633390155837E-012
           7          20   1.1528138490320327E-009
           7          21   1.4890160445035824E-010
           7          22   1.8511554210284956E-012
           7          23  -3.5233029361324042E-010
           7          24  -4.5488243925380273E-011
           7          25  -5.6423573927041520E-013
           7          26  -3.0965003080787556     
           7          27  -7.0084068341913521E-013
           7          28  -3.0965003080779230     
           7          29  -1.4531630036356445E-013
           7          30  -7.4977588713611375E-013
           7          31  -3.0965003080787250     
           7          32  0.61016711162588322     
           7          33  -3.3352179805958307E-014
           7          34  0.61016711162585757     
           7          35  -1.0511890627478346E-014
           7          36  -5.1615837889347462E-014
           7          37  0.61016711162582693     
           7          38  -1.7663946249866971     
           7          39  -7.1145160478312098E-013
           7          40  -1.7663946249859805     
           7          41  -1.5619031446387396E-013
           7          42  -7.7205343048510400E-013
           7          43  -1.7663946249868219     
           7          44  0.50172846145269356     
           7          45   6.1665517937414195E-013
           7          46  0.50172846145210059     
           7          47   1.3820805282097436E-013
           7          48   6.7614966352728199E-013
           7          49  0.50172846145281658     
           7          50   5.8535268526118633E-011
           7          51   3.6246632427945011E-012
           7          52   2.6182690577080043E-011
           7          53   8.1270454926220554E-012
           7          54   1.8825694600718298E-014
           7          55  -9.3352138058251696E-016
           7          56   2.5544111092673381E-014
           7          57   2.6186532933451291E-011
           7          58   3.6235325143989787E-012
           7          59   6.7401135664464431E-014
           7          60  -3.2831413397174415E-011
           7          61  -1.7854843312370774E-012
           7          62  -1.4680296963734022E-011
           7          63  -4.0228205660876410E-012
           7          64  -3.2087522077649545E-014
           7          65   2.4937272946975402E-015
           7          66  -3.6163678230814012E-014
           7          67  -1.4686141463376328E-011
           7          68  -1.7896706337068514E-012
           7          69  -6.6803298176752038E-014
           8           1  -7.6125327245051439E-011
           8           2  -2.7780766964806428E-010
           8           3  -3.6916071272200423E-010
           8           4  -3.3640203249684481E-011
           8           5   2.9232872301879664E-011
           8           6   4.2951018924608424E-011
           8           7  -2.5970655770172768E-011
           8           8   1.9525144361513016     
           8           9   7.4622252821399873E-013
           8          10   2.7426880211400824E-012
           8          11  0.25012702536115994     
           8          12   2.2594148774147013E-012
           8          13   9.4137059258869726E-012
           8          14  -1.1673113415386025     
           8          15   5.1981752235974519E-012
           8          16  -9.6248009562315959E-013
           8          17   5.9624151541727093     
           8          18  -9.1163521176440606E-011
           8          19   4.4267034482459128E-011
           8          20  -8.4462407473472005     
           8          21   1.1976197811236499E-010
           8          22  -6.0244920163654505E-011
           8          23   2.5708408093480282     
           8          24  -3.8937519875048597E-011
           8          25   2.2670032517879671E-011
           8          26   2.3730463017768149E-010
           8          27   5.9710801690474699E-012
           8          28   2.2619547748736148E-010
           8          29  -1.8699886033963470E-011
           8          30  -8.1730054066576156E-012
           8          31   2.1276882635026235E-010
           8          32  -5.6707297685821146E-011
           8          33   1.1539988753718149E-012
           8          34  -5.6096044693218088E-011
           8          35   1.4254718373508893E-013
           8          36   2.3087087409344383E-013
           8          37  -6.1604529213908037E-011
           8          38   1.1186669069604794E-010
           8          39   4.1620569917272787E-012
           8          40   1.0427397685396493E-010
           8          41  -1.6336960389567794E-011
           8          42  -9.3585075768812697E-012
           8          43   8.4663667628059549E-011
           8          44  -4.3705840356098862E-011
           8          45  -4.3477485592126198E-012
           8          46  -4.0030540415733238E-011
           8          47   1.5188826019703742E-011
           8          48   5.9099397418150701E-012
           8          49  -2.0945284411246371E-011
           8          50 -0.20065895030707448     
           8          51   5.4174720265364598E-013
           8          52  -8.9737410633452364E-002
           8          53   8.0452311479460293E-013
           8          54  -3.7625492999016075E-012
           8          55  -1.6277155488280469E-012
           8          56  -1.8062738804669467E-012
           8          57  -8.9737410636922532E-002
           8          58  -4.2893744112149144E-012
           8          59  -7.5373735031192252E-012
           8          60  0.34543725651743584     
           8          61   5.3473891981070130E-013
           8          62  0.15448423750645726     
           8          63   3.1004920852950481E-012
           8          64  -4.4661843667803715E-013
           8          65   5.9231076315664940E-013
           8          66   1.5260431807107011E-012
           8          67  0.15448423750693535     
           8          68   7.4739520128374572E-013
           8          69  -3.5349223548308828E-012
           9           1  -4.7196240022332062E-012
           9           2  -1.7427696254934340E-011
           9           3  -2.5656454578620952E-011
           9           4   8.8767851827885556E-012
           9           5  -2.2383148360561227E-012
           9           6  -2.1153688390997227E-012
           9           7  -8.9943480363482940E-013
           9           8   7.4622252821399873E-013
           9           9   1.9525144361534437     
           9          10   8.3646978232820826E-013
           9          11   1.7624790515929656E-013
           9          12  0.25012702537306186     
           9          13   3.3140226673999970E-012
           9          14  -5.8116844670052843E-012
           9          15  -1.1673113415364618     
           9          16   1.2105871860512757E-012
           9          17   3.0991209598596386E-011
           9          18   5.9624151541686548     
           9          19  -3.2792657478353838E-012
           9          20  -4.3544723382637911E-011
           9          21  -8.4462407473379510     
           9          22   5.1552095925445302E-012
           9          23   1.3476553206714886E-011
           9          24   2.5708408093440149     
           9          25  -1.4781231794103426E-012
           9          26   1.0700520402882672E-011
           9          27  -5.1707214718561067E-012
           9          28   2.1201632840663020E-011
           9          29   1.1287421114085430E-012
           9          30  -1.0564058622534287E-012
           9          31   1.1999258576572233E-011
           9          32  -7.8084394242653892E-012
           9          33  -4.0241634347297924E-013
           9          34  -8.5560506204669853E-012
           9          35  -1.7160756157251015E-013
           9          36   5.2827795590082808E-013
           9          37  -7.5320283361823696E-012
           9          38  -1.2836868174026861E-012
           9          39  -6.2444211510031411E-012
           9          40   8.5697306721043958E-012
           9          41   2.6311112068149468E-012
           9          42  -2.5211090029676158E-013
           9          43   2.2442445879818169E-013
           9          44   3.5800033681228766E-013
           9          45   5.1342455676419337E-012
           9          46  -7.3241483736337447E-012
           9          47  -1.5990434540388820E-012
           9          48  -4.6144271679990225E-014
           9          49  -1.6043523942203434E-012
           9          50  -1.7936763185844203E-012
           9          51  -8.9737410638150106E-002
           9          52   2.0411450307732786E-013
           9          53 -0.20065895031083186     
           9          54   9.1591664808098807E-014
           9          55  -4.0861559807967397E-013
           9          56  -1.3708773699550038E-012
           9          57  -7.0775330041073705E-013
           9          58  -8.9737410638291965E-002
           9          59  -1.5562447164274555E-012
           9          60   9.4552143892199134E-013
           9          61  0.15448423750496318     
           9          62   6.4957761392036088E-013
           9          63  0.34543725651345653     
           9          64  -5.5949082172768202E-013
           9          65   1.1685864137426682E-013
           9          66  -1.6377350864349453E-013
           9          67   1.0116699145079525E-012
           9          68  0.15448423750544940     
           9          69  -1.4469900971869612E-012
          10           1   2.3625178930281445E-012
          10           2   8.6175911817272868E-012
          10           3   1.3053866970648889E-011
          10           4   1.8085113276199675E-013
          10           5   1.6438199398162369E-013
          10           6   1.0098241911874292E-013
          10           7  -2.3585574463623692E-013
          10           8   2.7426880211400824E-012
          10           9   8.3646978232820826E-013
          10          10   1.9525144361522873     
          10          11   8.6730622683717213E-012
          10          12   1.2690473671916865E-012
          10          13  0.25012702536134651     
          10          14  -1.6184886764136763E-011
          10          15  -5.7695653810085909E-012
          10          16  -1.1673113415419227     
          10          17   8.6189944070724778E-011
          10          18   2.8475943825156950E-011
          10          19   5.9624151541924357     
          10          20  -1.2169110163995356E-010
          10          21  -4.0858927352616099E-011
          10          22  -8.4462407473739898     
          10          23   3.7141012487751368E-011
          10          24   1.2600281928953906E-011
          10          25   2.5708408093558246     
          10          26  -6.9975840025834212E-012
          10          27   1.7115909485200849E-012
          10          28  -9.1962817570277009E-012
          10          29  -1.0349356024390982E-013
          10          30  -6.9350389220507930E-014
          10          31  -6.7445692518009735E-012
          10          32   2.3990597318083252E-012
          10          33   7.6544470173998379E-014
          10          34   2.7560775955141365E-012
          10          35   1.2071457026694762E-013
          10          36  -2.0143339865659956E-013
          10          37   2.5958113370724950E-012
          10          38  -1.6445591369206671E-012
          10          39   1.8315303379333984E-012
          10          40  -3.5737195471523350E-012
          10          41  -5.2417014668923591E-013
          10          42  -3.4721026490467623E-013
          10          43  -1.3130192005546231E-012
          10          44   8.1216978339242660E-013
          10          45  -1.5646943191869640E-012
          10          46   2.1405188286813427E-012
          10          47   2.0768593281075337E-013
          10          48   4.0319565700803808E-013
          10          49   6.0295546483720396E-013
          10          50  -5.8338195385587702E-012
          10          51  -6.7583438845275593E-013
          10          52  -2.8730594292536434E-012
          10          53  -1.8084318764710608E-012
          10          54  -8.9737410636558199E-002
          10          55   2.7480291683746909E-015
          10          56  -8.9737410636131665E-002
          10          57  -2.7079553877040748E-012
          10          58  -5.9166560539836135E-013
          10          59 -0.20065895030777803     
          10          60   3.8454378570307321E-012
          10          61   8.6268232141195651E-013
          10          62   1.6245373102297127E-012
          10          63   2.0097413316877430E-012
          10          64  0.15448423750732621     
          10          65   4.9561913866625949E-015
          10          66  0.15448423750714396     
          10          67   1.5124845820224666E-012
          10          68   6.7980430312752966E-013
          10          69  0.34543725651862012     
          11           1  -2.3708723624602873E-010
          11           2  -8.6547882426187141E-010
          11           3  -1.1359005311604677E-009
          11           4  -1.1335436746239046E-010
          11           5   9.9383235111152663E-011
          11           6   1.4138363340088735E-010
          11           7  -8.3225576007203837E-011
          11           8  0.25012702536115994     
          11           9   1.7624790515929656E-013
          11          10   8.6730622683717213E-012
          11          11   3.6558656381765546     
          11          12  -4.5676795679124975E-012
          11          13   2.9694580128136749E-011
          11          14  -6.4501116955173785     
          11          15   2.6072033421087378E-011
          11          16  -2.0293766667122966E-012
          11          17   34.570931116186536     
          11          18  -3.4042990648686147E-010
          11          19   1.3175682767041482E-010
          11          20  -48.726197157747329     
          11          21   4.5182524388565128E-010
          11          22  -1.7910117833252989E-010
          11          23   14.899492155291345     
          11          24  -1.4538414916387431E-010
          11          25   6.7943206616405289E-011
          11          26   7.3460571796825000E-010
          11          27   1.8525625744218767E-011
          11          28   6.9979996140442905E-010
          11          29  -5.8306565440459580E-011
          11          30  -2.5386226393175968E-011
          11          31   6.5847780105276911E-010
          11          32  -1.7152956870629257E-010
          11          33   3.5723705175792484E-012
          11          34  -1.6954547118794141E-010
          11          35   3.7215504415960740E-013
          11          36   7.1426467862501382E-013
          11          37  -1.8682212084696335E-010
          11          38   3.5482271442059546E-010
          11          39   1.2896041464379137E-011
          11          40   3.3097914206425240E-010
          11          41  -5.1009286455515401E-011
          11          42  -2.9066559055250082E-011
          11          43   2.7033660067859718E-010
          11          44  -1.3637019389808769E-010
          11          45  -1.3466571969198327E-011
          11          46  -1.2481322963435223E-010
          11          47   4.7451155367309534E-011
          11          48   1.8329330064035238E-011
          11          49  -6.5682644792374094E-011
          11          50  -2.5697622495175549     
          11          51   4.4974579616052294E-012
          11          52  -1.1492326151785870     
          11          53   8.7211349253378742E-012
          11          54  -1.1732281812726342E-011
          11          55  -5.0746950292498102E-012
          11          56  -5.6207538623453956E-012
          11          57  -1.1492326151894097     
          11          58  -1.0572820396959100E-011
          11          59  -2.3462787268613274E-011
          11          60   1.3414261254380753     
          11          61   1.4515055823948899E-012
          11          62  0.59990400065363347     
          11          63   9.2441054810875898E-012
          11          64  -1.5671144937279302E-012
          11          65   1.8407942301224225E-012
          11          66   4.6179796098222409E-012
          11          67  0.59990400065512151     
          11          68   2.1429524821314343E-012
          11          69  -1.1356818263585920E-011
          12           1  -1.6080944772741149E-011
          12           2  -5.9985932008521558E-011
          12           3  -8.6811062189928528E-011
          12           4   4.6429850498904983E-011
          12           5  -1.2346258649675535E-011
          12           6  -7.1347092709206473E-012
          12           7  -1.1823385334435224E-011
          12           8   2.2594148774147013E-012
          12           9  0.25012702537306186     
          12          10   1.2690473671916865E-012
          12          11  -4.5676795679124975E-012
          12          12   3.6558656382039465     
          12          13   5.3673454569747077E-012
          12          14  -1.8010926083888844E-011
          12          15  -6.4501116955501896     
          12          16   7.6531281312242395E-012
          12          17   9.9159791489000239E-011
          12          18   34.570931116408076     
          12          19  -2.7774893496257753E-011
          12          20  -1.3933387776887602E-010
          12          21  -48.726197158048372     
          12          22   4.0894621022858276E-011
          12          23   4.3434589258594972E-011
          12          24   14.899492155381955     
          12          25  -1.1888212636535097E-011
