           1           1   2.3757824926180184     
           1           2  -1.0083289370223429     
           1           3  0.14104035055767539     
           1           4   2.7373161857628288E-002
           1           5  0.11772864278621735     
           1           6  -3.1077961920138876E-002
           1           7  -1.0298518922621383E-002
           1           8  -3.5607291019930507E-012
           1           9  -1.9472230664208567E-012
           1          10  -1.0329698073671935E-013
           1          11   5.7426555559631496E-013
           1          12  -8.0796413252556247E-013
           1          13   1.0965771642439883E-013
           1          14   8.1721325389209568E-014
           1          15   2.7586669113921515E-013
           1          16   9.1922722369616685E-015
           1          17  -1.0283980462899847E-012
           1          18   5.6209227541985291E-013
           1          19  -2.9857175088150827E-013
           1          20  -1.1019580097112387E-012
           1          21   5.9590370009760573E-013
           1          22  -2.7157442734863799E-013
           1          23  -3.7462056910152669E-014
           1          24   1.0482610666317957E-014
           1          25  -2.9897805052882630E-014
           1          26   7.9202286788316700E-004
           1          27  -5.9149283531529295E-009
           1          28  -9.8213388711988585E-005
           1          29   1.6830111267976499E-009
           1          30   2.2312482645804498E-008
           1          31   2.4461354151513002E-004
           1          32  -4.9017918666342819E-004
           1          33  -3.7776094576603339E-009
           1          34  -2.4718947366476575E-003
           1          35   1.1456177320547551E-009
           1          36   1.7306039871184267E-008
           1          37  -1.8779244270364958E-003
           1          38   2.6115299146945220E-003
           1          39  -7.7898119092174524E-009
           1          40   3.8687942635159287E-003
           1          41   1.5456542580478474E-009
           1          42   6.1732575763237445E-009
           1          43   3.6156717055867409E-003
           1          44  -2.4121667300605826E-003
           1          45  -2.4417928389522864E-009
           1          46  -2.0701324390116852E-003
           1          47   4.0003621007353384E-010
           1          48  -1.6875330309931886E-010
           1          49  -2.1377691848608817E-003
           1          50  -4.0256559808860705E-013
           1          51   1.3214619522695340E-013
           1          52  -1.8622890450649603E-013
           1          53   2.9651094455271164E-013
           1          54  -1.8183170124118411E-014
           1          55  -3.6240744948795170E-015
           1          56  -1.8128242306179455E-014
           1          57  -1.8340641180533507E-013
           1          58   1.3303120011658917E-013
           1          59  -3.5227381182736937E-014
           1          60  -1.2165020032589579E-013
           1          61   8.2167015593520069E-017
           1          62  -6.3961957954903978E-014
           1          63  -1.5353110354689118E-014
           1          64  -5.3814031936694982E-015
           1          65   1.2367099152476616E-015
           1          66  -7.7658009535494180E-015
           1          67  -6.7396198516575591E-014
           1          68  -1.3037470698605709E-015
           1          69  -8.3323790636818443E-015
           2           1  -1.0083289370223429     
           2           2   2.7457762230045022     
           2           3 -0.54995933422579557     
           2           4 -0.10829986385871596     
           2           5 -0.45219641848949488     
           2           6  0.12106761135102850     
           2           7   3.3920476141246214E-002
           2           8   1.4643258908098180E-011
           2           9   1.0787442976523396E-011
           2          10   4.7392003629428387E-013
           2          11  -6.9685370314303058E-013
           2          12   2.7357333654120615E-012
           2          13  -4.1623936476769463E-013
           2          14  -4.9832932850142491E-013
           2          15  -9.4818950921222742E-013
           2          16   3.1066455688418371E-014
           2          17   3.2748996881881605E-012
           2          18  -1.6734119524250405E-012
           2          19   1.1869552774228545E-012
           2          20   3.3988552848037963E-012
           2          21  -1.7325497754773878E-012
           2          22   1.0945288880434879E-012
           2          23   1.1270355708331748E-013
           2          24  -3.5776157121264018E-014
           2          25   8.4918229266864743E-014
           2          26  -2.6461023645694211E-003
           2          27   2.7747804038848569E-008
           2          28   1.0944200695874790E-003
           2          29  -7.2789806577764952E-009
           2          30  -8.2860560148720412E-008
           2          31  -2.8990608682685683E-004
           2          32   1.7726543566981270E-003
           2          33   1.8571643273452356E-008
           2          34   9.2607064449004815E-003
           2          35  -5.0656981809234849E-009
           2          36  -6.4279938667204654E-008
           2          37   7.0220579297727388E-003
           2          38  -9.8484659968467291E-003
           2          39   3.2021635435997365E-008
           2          40  -1.4327533755954580E-002
           2          41  -6.3235520067516495E-009
           2          42  -2.4129801289307357E-008
           2          43  -1.3434271176125065E-002
           2          44   7.5344244290786264E-003
           2          45   1.0486566206519089E-008
           2          46   6.5223563595207534E-003
           2          47  -1.7532932040787710E-009
           2          48  -2.5693295107436986E-010
           2          49   6.7096367815843204E-003
           2          50   7.5787079110669693E-013
           2          51  -3.7452325004700835E-013
           2          52   3.7101819181966518E-013
           2          53  -8.3784367815046124E-013
           2          54   4.5147160689917069E-014
           2          55   1.1363718070487968E-014
           2          56   6.0093890757919704E-014
           2          57   3.5820977274354885E-013
           2          58  -3.8401653726955622E-013
           2          59   1.1136432300851461E-013
           2          60   3.1929276320657615E-013
           2          61   5.0326844446579080E-014
           2          62   1.8039827212290920E-013
           2          63   1.5937031910337277E-013
           2          64   9.9208143157704343E-015
           2          65   5.6494555352286846E-016
           2          66   3.6778744520996108E-015
           2          67   1.8800332150760383E-013
           2          68   4.0530231030637819E-014
           2          69   3.1161197062133713E-015
           3           1  0.14104035055767539     
           3           2 -0.54995933422579557     
           3           3  0.78275275686333146     
           3           4  0.15093907407221965     
           3           5  0.62639638949889176     
           3           6 -0.16819472210029401     
           3           7  -4.6724489535118638E-002
           3           8   1.9124269404692993E-011
           3           9   1.5714253848073934E-011
           3          10   5.2483205558469018E-013
           3          11  -6.2244138371936608E-013
           3          12  -4.0648133410597946E-014
           3          13   3.6649712281740869E-013
           3          14   1.3601698446340860E-012
           3          15   8.1538207866226733E-013
           3          16  -1.4603793552971667E-014
           3          17  -3.7376573022004940E-012
           3          18   1.9724418815825703E-012
           3          19  -1.5457060186208613E-012
           3          20  -3.7559321861656581E-012
           3          21   1.8887564428662818E-012
           3          22  -1.3930252994088566E-012
           3          23  -1.8371884644234015E-013
           3          24   6.6194832611383339E-014
           3          25  -1.1967038061372852E-013
           3          26   4.8965215006710880E-003
           3          27  -3.1370146719008486E-008
           3          28  -3.3012191325372531E-003
           3          29   9.0405254470002343E-009
           3          30   1.2131237688657775E-007
           3          31  -6.5539444521826330E-004
           3          32  -4.2276567671380378E-003
           3          33  -2.4471654317516370E-008
           3          34  -1.2227221991697672E-002
           3          35   6.9043370462873554E-009
           3          36   9.0559614499795630E-008
           3          37  -9.7582135773203200E-003
           3          38   1.3538289172590159E-002
           3          39  -4.1117000468974869E-008
           3          40   1.8590271538852607E-002
           3          41   8.3037457296441740E-009
           3          42   3.6787837780441522E-008
           3          43   1.7625340131296845E-002
           3          44  -1.0584305937553735E-002
           3          45  -1.4481923962703497E-008
           3          46  -8.8259577148659066E-003
           3          47   2.4416809376978069E-009
           3          48   6.2532899967050381E-010
           3          49  -9.1809949211425941E-003
           3          50  -1.0023847098705633E-013
           3          51   1.5221254134080725E-013
           3          52  -5.5805162816263028E-014
           3          53   2.6142448492661888E-013
           3          54  -2.0381698876699341E-014
           3          55   1.4246744697745687E-015
           3          56  -1.6430324081884826E-014
           3          57  -5.3409813708116226E-014
           3          58   1.1583931163526158E-013
           3          59  -5.3544299658555038E-014
           3          60  -3.2081163100483673E-013
           3          61   1.5988721640014647E-014
           3          62  -1.7862733296011594E-013
           3          63  -9.0815101775530951E-014
           3          64  -3.7781664681416357E-015
           3          65   2.1485536726427644E-015
           3          66   7.2419894893274322E-015
           3          67  -1.9007228222116565E-013
           3          68   1.6839441850988486E-015
           3          69   8.6044661150617779E-015
           4           1   2.7373161857628288E-002
           4           2 -0.10829986385871596     
           4           3  0.15093907407221965     
           4           4   5.4228340888882884E-002
           4           5  0.10607074426438284     
           4           6  -5.7118947281169855E-002
           4           7   6.3028614645140882E-002
           4           8  -9.7832398929235379E-012
           4           9  -1.8493352789851585E-011
           4          10  -3.3688470762825159E-013
           4          11  -3.6999284263376798E-014
           4          12  -1.0350772612141001E-013
           4          13   6.7235737933248985E-014
           4          14   3.0230316810201713E-013
           4          15   5.8089663088969158E-014
           4          16  -3.2559943258438374E-014
           4          17   4.1989230856636314E-012
           4          18  -1.9949131221647740E-012
           4          19   2.0312427301338962E-012
           4          20   3.8162986789724269E-012
           4          21  -1.8642151826377370E-012
           4          22   1.8366958764284675E-012
           4          23   2.9226732159791150E-013
           4          24  -1.1600561918433876E-013
           4          25   1.5237863039331800E-013
           4          26   4.6997300229393457E-004
           4          27  -3.6097682124367175E-008
           4          28  -1.4840842348364425E-003
           4          29   5.3475389870719657E-009
           4          30  -4.6902623680371898E-008
           4          31  -1.3782887199682938E-003
           4          32   5.4029170220383045E-003
           4          33  -2.6387835799843810E-008
           4          34   3.5372355396257479E-003
           4          35   3.9195701939251922E-009
           4          36  -3.4366136379949064E-008
           4          37   3.6995948464649000E-003
           4          38   1.9269350686327547E-003
           4          39  -1.0941853100134428E-008
           4          40  -3.8109297674815499E-004
           4          41   2.0612886536572236E-009
           4          42  -3.0558226798871720E-009
           4          43  -3.2839295995387274E-005
           4          44   2.0080996295345519E-002
           4          45  -7.1200946511862099E-009
           4          46   1.6280001985602185E-002
           4          47   1.5449575007181421E-009
           4          48   9.2577574913258662E-009
           4          49   1.7167996410136197E-002
           4          50  -7.3017703455313927E-015
           4          51   2.2133148760275531E-014
           4          52  -1.7424028342211013E-014
           4          53   5.5490586607934881E-014
           4          54  -5.5496494015564800E-015
           4          55   1.1980190522747667E-015
           4          56  -5.4246111606588221E-015
           4          57  -2.0294225584182933E-014
           4          58   2.8253900308534321E-014
           4          59  -1.2487318753739914E-014
           4          60  -5.6066103443514485E-014
           4          61   6.4360061946321693E-015
           4          62  -4.0261127384148978E-014
           4          63  -4.0705464946747099E-014
           4          64  -5.5604331405403931E-015
           4          65  -1.4172340990034425E-015
           4          66  -5.4862606999327843E-015
           4          67  -3.8138527704184464E-014
           4          68   1.4322477661907640E-014
           4          69  -1.5320562043245498E-014
           5           1  0.11772864278621735     
           5           2 -0.45219641848949488     
           5           3  0.62639638949889176     
           5           4  0.10607074426438284     
           5           5  0.50997121619895203     
           5           6 -0.12013930117135549     
           5           7  -7.9637571343854810E-002
           5           8   2.1113500306730927E-011
           5           9   3.0960562010187133E-011
           5          10   7.6889074956999149E-013
           5          11  -5.4786573634588274E-013
           5          12   2.2813794185245383E-014
           5          13   2.9524957261407819E-013
           5          14   1.0609673225322845E-012
           5          15   7.0431233308509452E-013
           5          16   4.8727898102653666E-015
           5          17  -5.8800060307318069E-012
           5          18   2.9757019258754812E-012
           5          19  -2.6032457478466290E-012
           5          20  -5.6725464771229490E-012
           5          21   2.8238273672533912E-012
           5          22  -2.3497309104354279E-012
           5          23  -3.3908288500629537E-013
           5          24   1.2835285473750738E-013
           5          25  -1.9865175663367485E-013
           5          26   4.1919464732816086E-003
           5          27  -7.4911470019336352E-009
           5          28  -2.1368074624482968E-003
           5          29   5.1125779043532351E-009
           5          30   1.3794473581002764E-007
           5          31   2.1294454212365533E-004
           5          32  -7.0224319327775349E-003
           5          33  -6.8659140009613137E-009
           5          34  -1.3244420144502073E-002
           5          35   3.9981127132756425E-009
           5          36   1.0260274342804898E-007
           5          37  -1.1083293412515433E-002
           5          38   1.1236700285081339E-002
           5          39  -3.1121093466802681E-008
           5          40   1.7210043219933149E-002
           5          41   6.3675605493994777E-009
           5          42   3.5204659848638694E-008
           5          43   1.6122246062913143E-002
           5          44  -2.1441976871456971E-002
           5          45  -9.0251914747946797E-009
           5          46  -1.7608435760798999E-002
           5          47   1.3189164978273979E-009
           5          48  -4.8895422941916047E-009
           5          49  -1.8453285656332846E-002
           5          50  -8.8936595613609067E-014
           5          51   1.2935879902999626E-013
           5          52  -4.3319957540033571E-014
           5          53   2.0792607825722678E-013
           5          54  -1.5490348660052739E-014
           5          55   5.2847794018717365E-016
           5          56  -1.2113843120203438E-014
           5          57  -3.9804049674604742E-014
           5          58   8.9095081155820226E-014
           5          59  -4.2067530712883257E-014
           5          60  -2.6039056196848474E-013
           5          61   1.1718176270022083E-014
           5          62  -1.4015198744548663E-013
           5          63  -5.8127832827461914E-014
           5          64  -2.1618953341872847E-016
           5          65   2.7812014761188679E-015
           5          66   9.8256864624702370E-015
           5          67  -1.5183910355522250E-013
           5          68  -5.7868705121610781E-015
           5          69   1.6792946168642612E-014
           6           1  -3.1077961920138876E-002
           6           2  0.12106761135102850     
           6           3 -0.16819472210029401     
           6           4  -5.7118947281169855E-002
           6           5 -0.12013930117135549     
           6           6   6.0397800844305141E-002
           6           7  -6.0743890089161569E-002
           6           8   9.4166063320136092E-012
           6           9   2.1101621030384185E-011
           6          10   3.6768487409742861E-013
           6          11  -7.2137359940387464E-015
           6          12   1.1530491239679875E-013
           6          13  -8.2984180821482836E-014
           6          14  -3.6347223581555644E-013
           6          15  -8.0812195488112407E-014
           6          16   2.8235327550996475E-014
           6          17  -4.0316978254355767E-012
           6          18   1.9120172669925546E-012
           6          19  -1.9570038398527356E-012
           6          20  -3.6507812878108962E-012
           6          21   1.7856571901155559E-012
           6          22  -1.7690592609313910E-012
           6          23  -2.8261981180517157E-013
           6          24   1.1227864475215684E-013
           6          25  -1.4669912006581481E-013
           6          26  -5.8534743387557550E-004
           6          27   3.5794688704501380E-008
           6          28   1.5374430653777181E-003
           6          29  -5.3859113116499911E-009
           6          30   4.3640911476919977E-008
           6          31   1.3743904398304699E-003
           6          32  -5.2013000659729153E-003
           6          33   2.6188706008608518E-008
           6          34  -3.1681961165851741E-003
           6          35  -3.9513512894742636E-009
           6          36   3.1957896859672407E-008
           6          37  -3.3844143885638630E-003
           6          38  -2.2370786136982840E-003
           6          39   1.1488612795889907E-008
           6          40  -1.0042450876751271E-004
           6          41  -2.1755782592860903E-009
           6          42   2.3952047038043459E-009
           6          43  -4.1377369552138710E-004
           6          44  -1.9462358771801726E-002
           6          45   7.2390293926230591E-009
           6          46  -1.5772796132608589E-002
           6          47  -1.5581365417877392E-009
           6          48  -9.0525882407165838E-009
           6          49  -1.6635279560706154E-002
           6          50   1.0071701063817246E-014
           6          51  -2.4667975446997508E-014
           6          52   1.8481119230075112E-014
           6          53  -6.2480911560895940E-014
           6          54   5.9270764841693010E-015
           6          55  -1.2098746292076819E-015
           6          56   5.7264487793764433E-015
           6          57   2.1098644993337954E-014
           6          58  -3.1865927102528096E-014
           6          59   1.3700999361903721E-014
           6          60   6.3887984767502846E-014
           6          61  -5.9904154064635690E-015
           6          62   4.3685329906748692E-014
           6          63   4.3182851510548824E-014
           6          64   5.4587239242545586E-015
           6          65   1.3385114416765289E-015
           6          66   5.1655165501264909E-015
           6          67   4.1679363381049213E-014
           6          68  -1.3375712324809620E-014
           6          69   1.4918976526726711E-014
           7           1  -1.0298518922621383E-002
           7           2   3.3920476141246214E-002
           7           3  -4.6724489535118638E-002
           7           4   6.3028614645140882E-002
           7           5  -7.9637571343854810E-002
           7           6  -6.0743890089161569E-002
           7           7  0.20938793378128981     
           7           8   1.2230196346306282E-014
           7           9  -4.7018128118855782E-012
           7          10   6.8061687127707210E-016
           7          11  -8.4009838934470029E-014
           7          12   4.1778898325269675E-014
           7          13  -1.0972154825358247E-013
           7          14  -2.0968413158058670E-013
           7          15  -3.2451923522866602E-013
           7          16  -1.2883412930084065E-013
           7          17   1.4316322378182569E-011
           7          18  -6.8453250126556923E-012
           7          19   6.7537328226881164E-012
           7          20   1.3265098687939616E-011
           7          21  -6.4379925410244558E-012
           7          22   6.1116440821264626E-012
           7          23   9.4987061683919928E-013
           7          24  -3.7324421773379448E-013
           7          25   5.1021291675604960E-013
           7          26  -1.5353865755420302E-003
           7          27  -1.8432980934969573E-007
           7          28  -2.9691892241488194E-003
           7          29   2.9350424707192636E-008
           7          30  -1.0435641206656286E-007
           7          31  -2.9242127986124282E-003
           7          32   1.8167227349925760E-002
           7          33  -1.3717853957079029E-007
           7          34   1.7068306297457269E-002
           7          35   2.1990428666915975E-008
           7          36  -7.3285162711338312E-008
           7          37   1.7072431982645627E-002
           7          38  -2.7163191539564461E-003
           7          39  -7.0919341821772566E-008
           7          40  -1.2875348031204197E-002
           7          41   1.2923778793530539E-008
           7          42   2.0645155895499190E-008
           7          43  -1.0557503246545601E-002
           7          44   6.4087848061004649E-002
           7          45  -3.7452075104526384E-008
           7          46   5.2001082749399956E-002
           7          47   7.2958896354525458E-009
           7          48   3.3822329924423184E-008
           7          49   5.4943456667889579E-002
           7          50  -6.2391016011110148E-016
           7          51  -1.0642348380361148E-014
           7          52  -8.1595860681236021E-016
           7          53  -2.6604546410878357E-014
           7          54  -3.2245833064359148E-015
           7          55   2.6251696847764219E-015
           7          56  -5.0249855778895269E-015
           7          57  -4.6077076322205706E-015
           7          58  -7.1331419531434303E-015
           7          59  -3.6964176199102425E-015
           7          60   3.4695097247971722E-014
           7          61   2.4087733216174223E-014
           7          62  -2.3636040694352632E-015
           7          63  -5.0552557996786083E-014
           7          64  -1.4089596200980025E-014
           7          65  -5.3417003464838449E-015
           7          66  -1.9243592291340143E-014
           7          67   8.0270307810187015E-015
           7          68   5.5863299478708440E-014
           7          69  -4.9130868157812416E-014
           8           1  -3.5607291019930507E-012
           8           2   1.4643258908098180E-011
           8           3   1.9124269404692993E-011
           8           4  -9.7832398929235379E-012
           8           5   2.1113500306730927E-011
           8           6   9.4166063320136092E-012
           8           7   1.2230196346306282E-014
           8           8   2.2587803594644709     
           8           9  -1.0825319226322565E-009
           8          10   2.0599572961046991E-010
           8          11 -0.49690345761869370     
           8          12   4.0053261523028037E-009
           8          13  -7.0972874068600317E-010
           8          14 -0.26666998010463727     
           8          15  -1.7158424198466963E-009
           8          16   2.5279609503597788E-010
           8          17  -1.6317844470405435E-002
           8          18   3.7214386524462749E-009
           8          19  -6.6883681187381513E-010
           8          20   2.2774102395717755E-002
           8          21   2.5130496928008470E-009
           8          22  -5.0883594264725773E-010
           8          23  -9.1037246013966336E-004
           8          24   1.4715941706430805E-010
           8          25  -2.3104000669135176E-011
           8          26  -1.4347221488254565E-011
           8          27   2.8432650755021352E-012
           8          28  -1.1436107584530582E-011
           8          29   2.4380919859879748E-013
           8          30   1.6715807741947755E-012
           8          31  -1.4097152143076147E-011
           8          32  -7.2746347645313326E-012
           8          33  -2.8771383784437939E-012
           8          34  -1.1425451838335105E-011
           8          35  -4.9621216893346204E-013
           8          36  -2.7373020851593972E-012
           8          37  -9.6449705784359735E-012
           8          38   1.4182027257628497E-011
           8          39   2.3470508748386197E-012
           8          40   1.6406529154468368E-011
           8          41   1.4733256558776393E-012
           8          42   1.3318836345413881E-012
           8          43   1.5442807589734090E-011
           8          44   2.8454459033765660E-012
           8          45  -1.7994004441654420E-012
           8          46   2.2883104706648440E-012
           8          47   1.2515685924437438E-012
           8          48   1.7130264444671104E-012
           8          49   4.2158007132815692E-012
           8          50   9.6185413725316873E-004
           8          51  -9.2276329411989335E-009
           8          52  -1.0217974352645671E-003
           8          53   3.6242579465462548E-009
           8          54   2.1436099964949783E-009
           8          55  -5.8963952701186072E-010
           8          56  -1.7739891927654698E-010
           8          57  -1.8309811369989610E-003
           8          58   1.4448072887444811E-009
           8          59  -1.1077924133298558E-009
           8          60   4.0869225927327325E-003
           8          61  -1.9819245770026749E-008
           8          62  -3.7509230150460935E-003
           8          63   1.2234163224334728E-008
           8          64   4.8844793941362985E-009
           8          65   1.1467710715879789E-009
           8          66  -6.3437032568255744E-010
           8          67  -4.9059001486946099E-003
           8          68   4.8477136211367141E-009
           8          69  -3.3022429057455619E-009
           9           1  -1.9472230664208567E-012
           9           2   1.0787442976523396E-011
           9           3   1.5714253848073934E-011
           9           4  -1.8493352789851585E-011
           9           5   3.0960562010187133E-011
           9           6   2.1101621030384185E-011
           9           7  -4.7018128118855782E-012
           9           8  -1.0825319226322565E-009
           9           9   2.2586161756104834     
           9          10   1.7393463251580096E-010
           9          11   4.2088975497051972E-009
           9          12 -0.49790494987374045     
           9          13   1.1459725331220144E-009
           9          14  -2.0415928545556967E-009
           9          15 -0.26458873446489029     
           9          16  -2.9278285491918005E-009
           9          17   6.4873357704831930E-009
           9          18  -1.9111054016632611E-002
           9          19  -1.5670043987815082E-009
           9          20   5.0277816105986506E-009
           9          21   2.2341894840549922E-002
           9          22  -3.7525754605832218E-009
           9          23   1.4753528579678279E-010
           9          24  -9.4968733003117042E-004
           9          25   1.1275120599866378E-010
           9          26  -1.4550423615509492E-011
           9          27   1.6314398915941602E-012
           9          28  -1.1073584783070495E-011
           9          29   1.6483370154466804E-012
           9          30  -3.3730885019804291E-013
           9          31  -1.5005088205082401E-011
           9          32  -8.1983947978062109E-012
           9          33   4.4183641687119710E-012
           9          34  -2.0400410041828962E-011
           9          35   1.8055336304127607E-012
           9          36  -1.8776867099245590E-012
           9          37  -1.5493767282989279E-011
           9          38   2.2860651760567057E-011
           9          39  -3.2536311138040740E-012
           9          40   3.5251813227096325E-011
           9          41  -1.6193150661013489E-012
           9          42   2.3870683108415028E-013
           9          43   2.7296166529921371E-011
           9          44   9.4258157509098065E-012
           9          45   2.1258425236945135E-012
           9          46   4.6187364023409576E-012
           9          47   4.1009847022062991E-013
           9          48   5.4455539597976593E-013
           9          49   7.7877091053191983E-012
           9          50  -6.8586421994447142E-009
           9          51  -2.7885095098198823E-003
           9          52   4.7894000564614751E-009
           9          53   3.5658897039330391E-003
           9          54   2.3681497790824220E-009
           9          55   1.6603164862900253E-011
           9          56  -2.3398063003047491E-009
           9          57   1.4804027857087609E-009
           9          58  -4.5844447984027246E-004
           9          59  -1.9014487737792257E-009
           9          60  -1.5435915194705534E-008
           9          61  -6.1801748024243033E-003
           9          62   1.7232768818453697E-008
           9          63   3.3617462910938397E-003
           9          64   7.5935804078810132E-009
           9          65  -2.6653987979173172E-010
           9          66  -1.4260920429728983E-009
           9          67   5.0178058031653290E-009
           9          68  -2.8723990423628791E-003
           9          69  -2.6146911329990902E-009
          10           1  -1.0329698073671935E-013
          10           2   4.7392003629428387E-013
          10           3   5.2483205558469018E-013
          10           4  -3.3688470762825159E-013
          10           5   7.6889074956999149E-013
          10           6   3.6768487409742861E-013
          10           7   6.8061687127707210E-016
          10           8   2.0599572961046991E-010
          10           9   1.7393463251580096E-010
          10          10   2.2586698547536583     
          10          11  -7.4779760599646294E-010
          10          12   1.1131237692369954E-009
          10          13 -0.49766185665546547     
          10          14   3.2394853295547060E-010
          10          15  -2.8899609299562703E-009
          10          16 -0.26515439075682401     
          10          17  -1.3639530523996755E-009
          10          18  -1.6379154154390025E-009
          10          19  -1.8306142943458635E-002
          10          20  -1.1050001060485817E-009
          10          21  -3.8904346076231013E-009
          10          22   2.2513045878666031E-002
          10          23  -2.2461821110809829E-011
          10          24   1.1511604461199400E-010
          10          25  -9.3966581029798031E-004
          10          26  -4.7043744103024933E-013
          10          27   9.8885158896819824E-014
          10          28  -2.9198193402733831E-013
          10          29  -4.0925803109978845E-013
          10          30   1.9995606279980606E-013
          10          31  -7.0414486114760650E-013
          10          32  -2.3265511643255946E-013
          10          33   6.0911629529552348E-014
          10          34  -3.2948033397223884E-013
          10          35   5.7800822292358467E-013
          10          36  -1.2741241688862142E-013
          10          37  -3.9813824877951718E-013
          10          38   5.5702973499771125E-013
          10          39   2.6749790885512042E-014
          10          40   7.8853789614871309E-013
          10          41  -5.6572368329451203E-013
          10          42   2.7590336637214477E-013
          10          43   5.5326255809052843E-013
          10          44   1.6932135795556810E-013
          10          45   3.0437730311456781E-014
          10          46   9.5626287277937695E-014
          10          47   1.8315868543515215E-014
          10          48   1.2804493864405425E-013
          10          49   1.4059296184717441E-013
          10          50   1.6047540284371802E-009
          10          51   2.3742115292048009E-009
          10          52  -1.8739374303570510E-010
          10          53  -5.9467450290258025E-010
          10          54  -3.1410402086940632E-003
          10          55  -2.0559950077478869E-011
          10          56  -1.9486729452768570E-006
          10          57  -1.4880147552763159E-009
          10          58  -4.0905787237440571E-009
          10          59   2.9034674228651898E-003
          10          60   3.7677952742924428E-009
          10          61   7.5498617486200704E-009
          10          62  -6.5076401788130927E-010
          10          63   9.0578418005251869E-010
          10          64  -6.6934025864644649E-003
          10          65   1.9535197294674387E-009
          10          66  -2.2314904859195217E-003
          10          67  -4.6220333437468453E-009
          10          68  -6.1069315809045300E-009
          10          69   3.5345643077029855E-003
          11           1   5.7426555559631496E-013
          11           2  -6.9685370314303058E-013
          11           3  -6.2244138371936608E-013
          11           4  -3.6999284263376798E-014
          11           5  -5.4786573634588274E-013
          11           6  -7.2137359940387464E-015
          11           7  -8.4009838934470029E-014
          11           8 -0.49690345761869370     
          11           9   4.2088975497051972E-009
          11          10  -7.4779760599646294E-010
          11          11  0.95732522482639415     
          11          12  -5.3075097953146037E-009
          11          13   1.1031866303418993E-009
          11          14  0.51110484130895295     
          11          15  -3.0411127119412390E-010
          11          16   6.0123341303076215E-011
          11          17   3.1468569677477201E-002
          11          18  -8.2906310699094204E-009
          11          19   1.5388136729491210E-009
          11          20  -4.3526657402228663E-002
          11          21  -5.6879241189221486E-009
          11          22   1.2046277331600415E-009
          11          23   1.7460891592217750E-003
          11          24  -2.8025007473947855E-010
          11          25   4.2071226478768520E-011
          11          26  -9.7340514632906374E-013
          11          27  -8.3819685214847482E-014
          11          28   1.5714782944262410E-013
          11          29   3.9122441344587572E-013
          11          30  -5.1465960170848119E-013
          11          31   1.6451372176039348E-013
          11          32  -4.9316442493719316E-013
          11          33  -2.8944303144158274E-014
          11          34   4.1358966316987283E-013
          11          35   1.3201800590939905E-013
          11          36  -2.1149384401632165E-013
          11          37   4.4630399834036031E-013
          11          38   5.9126239053178134E-015
          11          39  -7.1505138602335867E-013
          11          40  -4.2558119593587806E-013
          11          41   1.5718892269024440E-013
          11          42  -1.5262669078667187E-013
          11          43  -3.6238865962940890E-013
          11          44  -2.1237830214916165E-013
          11          45  -2.6939178325587198E-013
          11          46  -7.7187736080160386E-014
          11          47   1.7435620007944646E-014
          11          48  -7.6299161327003766E-014
          11          49   2.8705496900849778E-014
          11          50  -5.3436684823062828E-003
          11          51   2.5938295588289649E-008
          11          52   3.4475084280473152E-003
          11          53  -1.4086376049491062E-008
          11          54  -6.1712711805946901E-009
          11          55   1.2841231707365598E-009
          11          56   6.3763648945911545E-010
          11          57   5.5451316070176653E-003
          11          58  -4.7743197685783265E-009
          11          59   3.8615426082530770E-009
          11          60  -8.6847775130672478E-003
          11          61   3.9975543061748354E-008
          11          62   7.6667912950830527E-003
          11          63  -2.4017991426662477E-008
          11          64  -9.8537067820252951E-009
          11          65  -2.6090627323105405E-009
          11          66   1.2808976797160926E-009
          11          67   9.8670422819947604E-003
          11          68  -9.7949516349200653E-009
          11          69   6.6085273842172861E-009
          12           1  -8.0796413252556247E-013
          12           2   2.7357333654120615E-012
          12           3  -4.0648133410597946E-014
          12           4  -1.0350772612141001E-013
          12           5   2.2813794185245383E-014
          12           6   1.1530491239679875E-013
          12           7   4.1778898325269675E-014
          12           8   4.0053261523028037E-009
          12           9 -0.49790494987374045     
          12          10   1.1131237692369954E-009
          12          11  -5.3075097953146037E-009
          12          12  0.95734527626981891     
          12          13   2.8281137857801238E-009
          12          14   4.4245222783774912E-010
          12          15  0.50878343367870726     
          12          16   1.6352929119496060E-009
          12          17  -1.3417032338464966E-008
          12          18   3.7855072327100003E-002
          12          19   2.9675747326856901E-009
          12          20  -1.0334415722491233E-008
          12          21  -4.1570165062227327E-002
          12          22   7.6177460123297433E-009
          12          23  -2.8501700615355895E-010
          12          24   1.7931226085049047E-003
          12          25  -2.4446922345302144E-010
