           1           1   1.9999726673813760     
           1           2   7.9777882469129081E-004
           1           3   9.5877256437892612E-005
           1           4   7.5814354823338140E-004
           1           5  -2.0982107855102138E-003
           1           6   7.6183263455064949E-004
           1           7  -5.8215038924935352E-003
           1           8   1.5305906026434776E-012
           1           9   1.1360680485605868E-013
           1          10   5.1918574367031470E-013
           1          11  -1.9442685634237118E-014
           1          12   7.0279267770214295E-014
           1          13   3.5992335431143171E-014
           1          14  -1.5627749166084017E-014
           1          15   3.4086635636684982E-014
           1          16   4.7614097513349990E-014
           1          17   1.5792029085356445E-013
           1          18  -2.8923400698914334E-013
           1          19  -3.0777321669844244E-013
           1          20  -2.4888729367705020E-013
           1          21   4.3349307492833332E-013
           1          22   4.1457058264008974E-013
           1          23   6.5397545545423186E-014
           1          24  -9.9085541151193812E-014
           1          25  -1.4621754736564915E-013
           1          26   3.6488599078823288E-004
           1          27  -7.9314553315351368E-006
           1          28   3.3094231542872749E-004
           1          29   5.2846921994913350E-007
           1          30  -3.9379978419661710E-006
           1          31   2.5481179133110131E-004
           1          32   1.4133818509877099E-004
           1          33   1.5239448866228527E-006
           1          34   1.4002521361879491E-004
           1          35  -1.4836585340827426E-007
           1          36   6.0698208571908035E-007
           1          37   1.3548360080251472E-004
           1          38   3.7241023381405568E-004
           1          39  -1.4724983053554641E-006
           1          40   1.2413089929419604E-004
           1          41  -3.4289208554536430E-007
           1          42  -1.2810868152638029E-008
           1          43   9.9426695703582586E-006
           1          44  -1.3751253930753705E-003
           1          45   7.1461638072980573E-007
           1          46  -1.0483633389187594E-003
           1          47   4.3641616612880571E-007
           1          48   2.8207823647568719E-007
           1          49  -8.9918546872090870E-004
           1          50  -3.5268158188703235E-015
           1          51  -8.4973697520812063E-015
           1          52  -2.0164432745337531E-015
           1          53  -1.6053196949796675E-014
           1          54   2.9563327145468116E-015
           1          55   7.0866378463881190E-015
           1          56  -3.8082678202286358E-015
           1          57  -3.1752846233078509E-015
           1          58  -7.9510377672872268E-015
           1          59  -1.0178316245023376E-014
           1          60  -1.7676377244517733E-015
           1          61  -1.5113235659921767E-014
           1          62   3.9591098718374864E-015
           1          63  -1.8585523162423593E-014
           1          64  -1.6308781624523054E-014
           1          65   2.6465418653453833E-015
           1          66  -6.9506410022712326E-015
           1          67   3.5418947631275254E-015
           1          68  -1.7311496215377587E-015
           1          69  -1.9638588178440016E-014
           2           1   7.9777882469129081E-004
           2           2   2.0067695312124023     
           2           3   1.4664617592801098E-002
           2           4   1.1647332850436447E-002
           2           5  -5.4841335558558860E-003
           2           6   8.1386853876676754E-003
           2           7  -2.8527619350527091E-002
           2           8   8.2204317824965696E-012
           2           9   5.5877925912060877E-012
           2          10   2.0906896356556837E-012
           2          11   4.1651613128524953E-014
           2          12  -1.2067676739835795E-014
           2          13   2.5396079893811392E-014
           2          14  -1.8037918516719802E-013
           2          15  -1.1036644468801410E-013
           2          16  -2.4241767232208298E-014
           2          17   1.2337379319352490E-012
           2          18   6.6861217407526353E-013
           2          19   1.6015804285608936E-013
           2          20  -1.7901869491036298E-012
           2          21  -8.2419869785734162E-013
           2          22  -2.7989391431148966E-013
           2          23   5.2004944854085095E-013
           2          24   3.4487415429465772E-013
           2          25   4.9461569347748573E-014
           2          26  -3.6324074089385608E-003
           2          27  -1.3148741234114557E-006
           2          28  -4.0799202839615824E-003
           2          29   1.0435894781711174E-006
           2          30  -1.5648551006615853E-005
           2          31  -4.5275498842609289E-003
           2          32   3.7079980857373804E-003
           2          33   4.8399325926293104E-006
           2          34   3.4446995228937746E-003
           2          35  -8.1239480177118012E-007
           2          36   1.5312431780050981E-006
           2          37   3.3110162941626855E-003
           2          38   4.9216222068425245E-003
           2          39  -8.2995136749102311E-006
           2          40   3.5446203640895251E-003
           2          41  -1.8550409239494167E-006
           2          42  -3.5241669235726854E-007
           2          43   2.9125905636997679E-003
           2          44  -6.5634266527094054E-003
           2          45   7.1516870763124262E-006
           2          46  -4.9400297136735893E-003
           2          47   2.1009117238521049E-006
           2          48   1.2510006898254300E-006
           2          49  -4.1980683092090292E-003
           2          50  -9.1262972549219025E-014
           2          51   3.4155031926323586E-014
           2          52  -3.8953110407851131E-014
           2          53   3.4152362103319564E-014
           2          54   8.4398021088572742E-016
           2          55   1.1874082155370443E-016
           2          56  -1.2287420999847607E-015
           2          57  -3.7132620308189740E-014
           2          58   1.8274915481737670E-014
           2          59  -3.7372941162285440E-015
           2          60   2.3863964905034767E-014
           2          61   3.0907867943017538E-014
           2          62   1.3370140924751778E-014
           2          63   6.0002568193775453E-014
           2          64   5.1525267252673181E-015
           2          65  -2.2228081747523890E-015
           2          66   1.5927592201546505E-015
           2          67   8.8256176040208261E-015
           2          68   2.5111346397822022E-014
           2          69   9.3495581441373924E-015
           3           1   9.5877256437892612E-005
           3           2   1.4664617592801098E-002
           3           3   1.9335555274532421     
           3           4 -0.20141504139798655     
           3           5   7.1989273677557277E-003
           3           6   1.0864786788208755E-003
           3           7   1.7731949207321802E-002
           3           8   8.6734721241743552E-012
           3           9  -7.2245321002860264E-011
           3          10   1.0549940101918055E-011
           3          11   1.8386231196663684E-013
           3          12  -1.2387363148432079E-012
           3          13   4.7550482096320776E-013
           3          14  -5.0849916892730304E-013
           3          15   2.7018233210348378E-013
           3          16   8.7411298191966064E-016
           3          17   2.8677910485352910E-012
           3          18  -1.6378575699788350E-012
           3          19   4.3207951645382612E-013
           3          20  -4.4716516978918434E-012
           3          21   3.0194019764135327E-012
           3          22  -8.8909145912445064E-013
           3          23   1.1340288541095204E-012
           3          24  -5.3612166229776877E-013
           3          25   9.1168679618780673E-014
           3          26   3.0012209137460576E-002
           3          27   1.2924958953541617E-003
           3          28   2.1648771481275461E-002
           3          29  -2.1151979532494248E-005
           3          30  -2.0474725482154190E-004
           3          31   1.4561129809808207E-002
           3          32   1.9941785551757452E-002
           3          33   2.3161168714316155E-004
           3          34   3.1856677184220084E-002
           3          35   9.3332426531987735E-006
           3          36   2.0485833642226842E-005
           3          37   3.7208210979128457E-002
           3          38   2.3717651264045137E-003
           3          39   5.8648673129016676E-005
           3          40   6.2894193372743604E-003
           3          41   4.5494589632002027E-006
           3          42   3.0017594621461533E-006
           3          43   8.0668193707802080E-003
           3          44   1.0178847128590237E-002
           3          45  -4.7152507237554488E-005
           3          46   4.2193167882335399E-003
           3          47  -8.7645541115010996E-006
           3          48  -9.0214454217397825E-007
           3          49   1.4849990585884924E-003
           3          50  -5.9285792673142021E-014
           3          51  -1.4983484086573752E-014
           3          52  -3.1604041508976723E-015
           3          53   1.2698725989791954E-013
           3          54  -2.8402331079757074E-015
           3          55   2.2715426175870127E-016
           3          56  -7.8290321649282986E-015
           3          57   6.1982055476157762E-016
           3          58   6.7570661991425287E-014
           3          59  -2.8113832523168634E-014
           3          60   1.3784570041554166E-013
           3          61  -1.0778144791601817E-014
           3          62   6.0636119619655333E-014
           3          63  -3.6095227019556196E-014
           3          64  -1.9194299517432088E-014
           3          65  -4.9285829450969884E-015
           3          66  -1.9605941216583342E-014
           3          67   5.8248958006479138E-014
           3          68  -5.1554048250309155E-015
           3          69  -3.5077281042252884E-014
           4           1   7.5814354823338140E-004
           4           2   1.1647332850436447E-002
           4           3 -0.20141504139798655     
           4           4  0.26882377629301979     
           4           5   6.9563760282301823E-002
           4           6  -3.1589880062841587E-002
           4           7  0.25043930124761848     
           4           8  -4.2612870982756966E-012
           4           9   5.6905432022827225E-011
           4          10  -8.7743734902990781E-012
           4          11   1.1182653753346932E-013
           4          12   5.8673126753086219E-013
           4          13  -2.8322385826175332E-014
           4          14   3.5396235256646311E-014
           4          15  -3.8258333086951754E-014
           4          16  -1.1107632764117803E-014
           4          17  -1.3628118021886496E-012
           4          18   2.8677655843983254E-012
           4          19  -1.1304443744147270E-012
           4          20   3.8394508752392332E-012
           4          21  -7.2441130565094696E-012
           4          22   3.0694852395801158E-012
           4          23   5.5436934749145171E-014
           4          24   3.0732499256813400E-014
           4          25   8.7807230451920541E-014
           4          26  -1.0824364604531102E-002
           4          27   8.9650625742877940E-004
           4          28  -1.9792747857230002E-002
           4          29  -4.0506034045578932E-005
           4          30   1.7849548694498019E-004
           4          31  -2.0408684986666151E-002
           4          32  -2.1507490418082288E-002
           4          33  -1.6040329263480459E-004
           4          34  -3.1377739378287570E-002
           4          35   8.5896520282524846E-008
           4          36  -6.4686352033522095E-005
           4          37  -3.5606477903087227E-002
           4          38  -9.7414593343628196E-003
           4          39  -2.7383149889031849E-005
           4          40  -1.2146634628063140E-002
           4          41  -1.0642209652164820E-006
           4          42  -1.2462024864227361E-005
           4          43  -1.3216774526973094E-002
           4          44   4.6245646590788836E-002
           4          45   1.2389768154424263E-004
           4          46   4.2918726559538017E-002
           4          47  -7.2562806095337406E-006
           4          48  -5.5072314947389004E-006
           4          49   4.1440834336444431E-002
           4          50   1.1554480839774693E-014
           4          51   3.1143431353088860E-014
           4          52  -9.6829434900981434E-015
           4          53  -4.9531500704732587E-014
           4          54  -3.3972625080662766E-015
           4          55   1.1926513217476942E-015
           4          56   2.5477848661880881E-015
           4          57  -2.7465607915963887E-015
           4          58  -2.4629392836428423E-014
           4          59   7.5645234184909859E-015
           4          60  -3.5635214335268387E-014
           4          61   1.0061988621664028E-015
           4          62  -4.4800925477378208E-015
           4          63   4.5024999455102663E-014
           4          64   7.5072305575200385E-015
           4          65   7.3069087231376600E-015
           4          66  -1.1120755031211259E-015
           4          67  -4.4173634966199438E-015
           4          68   2.5636183428520734E-014
           4          69  -1.7559805077523640E-014
           5           1  -2.0982107855102138E-003
           5           2  -5.4841335558558860E-003
           5           3   7.1989273677557277E-003
           5           4   6.9563760282301823E-002
           5           5   2.0024231214320218E-002
           5           6  -8.9684104570022759E-003
           5           7   7.1842716863740927E-002
           5           8   4.8877562879906664E-013
           5           9  -1.5033265227749622E-011
           5          10   7.1379066148090814E-013
           5          11   2.2555449865147256E-013
           5          12  -3.0948440041530245E-013
           5          13   2.5519841076130846E-013
           5          14  -5.1333796790910499E-016
           5          15   3.1228965557567279E-014
           5          16  -6.7441570571167221E-015
           5          17  -3.2531485614580526E-013
           5          18   5.7842801526345448E-013
           5          19  -2.8610104105432583E-013
           5          20   9.8998893697578549E-013
           5          21  -1.7052030850305149E-012
           5          22   8.1359750300188192E-013
           5          23   3.8731294922509571E-014
           5          24  -8.6302243103277394E-014
           5          25   3.6775926070176268E-014
           5          26  -2.0614898667312871E-003
           5          27   5.1517630972674393E-005
           5          28  -5.2244315080703860E-003
           5          29  -7.6594281103896839E-006
           5          30   7.1333572071537334E-005
           5          31  -4.9324681964476400E-003
           5          32  -5.4646935366736080E-003
           5          33  -5.4946933489988236E-005
           5          34  -7.8665262233193201E-003
           5          35   9.6930066687294311E-007
           5          36  -1.7878527151832210E-005
           5          37  -8.8683608132576752E-003
           5          38  -2.7083066536750977E-003
           5          39  -1.0052429132984157E-005
           5          40  -3.2521886320792887E-003
           5          41   1.6849482333286668E-008
           5          42  -3.4704215712370789E-006
           5          43  -3.4892082054553703E-003
           5          44   1.3507004545356308E-002
           5          45   3.0334598580032909E-005
           5          46   1.2350301426847034E-002
           5          47  -2.1572524815210163E-006
           5          48  -2.4685852374170181E-006
           5          49   1.1831145873747100E-002
           5          50  -1.1282764918244539E-015
           5          51  -1.0328518386124805E-014
           5          52   2.5760287734009643E-015
           5          53   9.2305051770014035E-015
           5          54   7.7558101187808907E-016
           5          55   2.2320382814686797E-016
           5          56  -1.3257841396006578E-015
           5          57   2.1715566729171527E-015
           5          58   5.9137111467800711E-015
           5          59   1.2739905078580891E-016
           5          60  -8.1121932438963725E-015
           5          61  -8.7177487932105372E-015
           5          62   1.5350266577610306E-015
           5          63   7.3784311828993913E-015
           5          64   3.4604668000242304E-015
           5          65   1.8597175981256837E-015
           5          66  -2.8836447155408566E-016
           5          67   1.4466982383638874E-015
           5          68   3.7449984892196172E-016
           5          69  -5.4627442604785918E-015
           6           1   7.6183263455064949E-004
           6           2   8.1386853876676754E-003
           6           3   1.0864786788208755E-003
           6           4  -3.1589880062841587E-002
           6           5  -8.9684104570022759E-003
           6           6   4.0516772225744476E-003
           6           7  -3.2239089029923763E-002
           6           8   3.3603634583588358E-012
           6           9  -5.4083384931990921E-011
           6          10   7.2901817215139480E-012
           6          11   2.7179366284078649E-014
           6          12  -6.7124416211348214E-013
           6          13   1.5547377181462806E-013
           6          14   6.4154770509490529E-015
           6          15   5.3352403990177770E-014
           6          16  -6.3081888657177781E-015
           6          17   1.1521830826310646E-013
           6          18  -6.2064880870138317E-013
           6          19   1.8032169069676986E-013
           6          20  -4.0095804781128745E-013
           6          21   1.2728344014360589E-012
           6          22  -4.3775621719888200E-013
           6          23  -3.1040737943494189E-014
           6          24  -1.1544858208156064E-013
           6          25   5.3183821787882787E-015
           6          26   1.0192773853409153E-003
           6          27   6.7772266287132035E-005
           6          28   2.4653050659826522E-003
           6          29   1.1411578575811790E-006
           6          30  -3.8046076607684871E-005
           6          31   2.1135155034830728E-003
           6          32   2.4947408236306863E-003
           6          33   3.2134537518746453E-005
           6          34   3.6163721161818507E-003
           6          35  -6.6909984550550878E-007
           6          36   8.3448437257718048E-006
           6          37   4.0798873799719297E-003
           6          38   1.2363692275088173E-003
           6          39   6.5235339263622488E-006
           6          40   1.4907484002539826E-003
           6          41  -7.5404421732106799E-008
           6          42   1.6799334431463818E-006
           6          43   1.6006894620587213E-003
           6          44  -6.0433815360694783E-003
           6          45  -1.3966060208825769E-005
           6          46  -5.5435999672551533E-003
           6          47   9.6709208783028437E-007
           6          48   9.2859963810164549E-007
           6          49  -5.3185154801455746E-003
           6          50  -8.1944149733669022E-015
           6          51  -3.1326005336858333E-014
           6          52   9.9673006699057382E-015
           6          53   3.3220640402742365E-014
           6          54   3.0463475555387525E-015
           6          55  -3.9558730660486886E-016
           6          56  -3.0771867153182095E-015
           6          57   3.8961788413576173E-015
           6          58   2.0141699336356173E-014
           6          59  -2.5249765374264550E-015
           6          60   5.7977114538404918E-016
           6          61  -1.1814027955569159E-014
           6          62   2.1230760825986426E-016
           6          63  -1.3006658148790378E-014
           6          64   1.3612088051458437E-015
           6          65  -9.2974178453113527E-016
           6          66   1.7598415076138535E-015
           6          67   8.5759779928685670E-017
           6          68  -1.2394886901910513E-014
           6          69   4.3188173339291638E-015
           7           1  -5.8215038924935352E-003
           7           2  -2.8527619350527091E-002
           7           3   1.7731949207321802E-002
           7           4  0.25043930124761848     
           7           5   7.1842716863740927E-002
           7           6  -3.2239089029923763E-002
           7           7  0.25787662960699215     
           7           8  -7.3437640325299767E-012
           7           9   5.0888104605757904E-011
           7          10  -8.3246806585985239E-012
           7          11  -3.9897323445964604E-014
           7          12   6.5990092594009821E-013
           7          13  -9.6990332085556461E-014
           7          14  -1.9207553381204398E-014
           7          15  -7.8142224228184428E-015
           7          16  -9.9986986609787421E-015
           7          17  -1.0837082781012886E-012
           7          18   2.7346190339769366E-012
           7          19  -1.1095782952818335E-012
           7          20   3.4335502964092754E-012
           7          21  -7.0365366799861227E-012
           7          22   3.0370926958810476E-012
           7          23   1.7663731009862030E-013
           7          24  -3.1742276721902511E-014
           7          25   9.7258925691256702E-014
           7          26  -7.4755624060641700E-003
           7          27   1.2195456326422791E-003
           7          28  -1.7424541982125737E-002
           7          29  -4.8930693709343096E-005
           7          30   1.5318566013193649E-004
           7          31  -1.9196389620405711E-002
           7          32  -1.9693082650995414E-002
           7          33  -1.2703811141908690E-004
           7          34  -2.8365412938787794E-002
           7          35   7.6041293510784833E-007
           7          36  -6.3053389461048922E-005
           7          37  -3.2061010894001950E-002
           7          38  -9.7573516533463380E-003
           7          39  -1.8462395011836605E-005
           7          40  -1.1725253927007706E-002
           7          41  -6.2765335702114516E-007
           7          42  -1.2202196076335333E-005
           7          43  -1.2598250392141604E-002
           7          44   4.8444552859275548E-002
           7          45   1.2179412490559641E-004
           7          46   4.4330251757730726E-002
           7          47  -8.5298404555050103E-006
           7          48  -5.4033949890744467E-006
           7          49   4.2493232632087617E-002
           7          50   1.0789412512746579E-014
           7          51   3.1543181070207559E-014
           7          52  -1.2220789411319468E-014
           7          53  -3.8428936451837510E-014
           7          54  -4.3237404253010572E-015
           7          55   1.2469123132142470E-015
           7          56   2.3136584207518110E-015
           7          57  -3.8106582143265516E-015
           7          58  -1.8597348471902588E-014
           7          59   4.7698892057775361E-015
           7          60  -1.9141802757653472E-014
           7          61   1.5930024829406999E-015
           7          62   7.0661803603509061E-016
           7          63   3.9921190446185972E-014
           7          64   4.6372874084366447E-015
           7          65   6.9350973311101694E-015
           7          66  -3.4190427391903249E-015
           7          67   7.5662949738173567E-016
           7          68   2.5761804621923314E-014
           7          69  -2.2360166114008892E-014
           8           1   1.5305906026434776E-012
           8           2   8.2204317824965696E-012
           8           3   8.6734721241743552E-012
           8           4  -4.2612870982756966E-012
           8           5   4.8877562879906664E-013
           8           6   3.3603634583588358E-012
           8           7  -7.3437640325299767E-012
           8           8   2.0001603063692315     
           8           9  -2.0543287707979727E-006
           8          10  -3.7920015570152236E-007
           8          11  -2.8894617078458371E-005
           8          12  -2.9076150934152896E-006
           8          13  -5.1058471718570284E-007
           8          14  -6.8139787144781043E-005
           8          15   1.3079249359050404E-006
           8          16   8.7040050096384162E-007
           8          17   5.9858650264360200E-004
           8          18  -1.0060632777799392E-005
           8          19  -5.1938264557993544E-006
           8          20  -8.0326331576248758E-004
           8          21   1.3934425219796500E-005
           8          22   7.2255580134212667E-006
           8          23   2.5567014018620102E-004
           8          24  -4.3957167622302987E-006
           8          25  -2.2281636060521141E-006
           8          26  -6.5631930612424704E-012
           8          27   2.3747910056548050E-012
           8          28   3.9450033786131453E-013
           8          29   3.9698283962830903E-012
           8          30   5.1482862263201220E-012
           8          31  -8.1373856365919155E-013
           8          32  -1.0036987937280593E-013
           8          33   2.8821794030900852E-012
           8          34   9.6791305916297139E-012
           8          35  -4.9213276313327314E-012
           8          36   5.0686422934200398E-012
           8          37   4.4280081590268257E-012
           8          38   1.7597957334491701E-012
           8          39   2.5059352943703681E-012
           8          40   3.8054409638298549E-012
           8          41  -2.1145819771661736E-012
           8          42   6.1591680605410275E-012
           8          43   9.8838190468216131E-013
           8          44   3.9145457147244358E-012
           8          45  -6.8123058657148735E-012
           8          46  -1.8564338864296911E-012
           8          47   1.0936868106120177E-012
           8          48  -1.0090456416027196E-011
           8          49   1.1359781383706697E-013
           8          50  -1.7486016001015759E-003
           8          51   2.7604888830514535E-006
           8          52   1.0276505346381798E-003
           8          53   4.6591947984395154E-006
           8          54  -8.8859671976994269E-007
           8          55  -5.8739117970767650E-007
           8          56   1.6260448796078686E-006
           8          57   7.1484486444737020E-004
           8          58  -1.1111665547366265E-006
           8          59   5.8639879085162012E-007
           8          60  -3.6012697440875464E-004
           8          61  -1.0191944613575263E-006
           8          62   1.4676200979437721E-004
           8          63   1.6126009582732036E-006
           8          64   1.5306243794637447E-007
           8          65   1.5212326216399293E-007
           8          66   2.0758252697400018E-008
           8          67   1.8159879141921119E-004
           8          68   4.8908261910615171E-007
           8          69  -2.4651414925959799E-007
           9           1   1.1360680485605868E-013
           9           2   5.5877925912060877E-012
           9           3  -7.2245321002860264E-011
           9           4   5.6905432022827225E-011
           9           5  -1.5033265227749622E-011
           9           6  -5.4083384931990921E-011
           9           7   5.0888104605757904E-011
           9           8  -2.0543287707979727E-006
           9           9   1.9998286943417016     
           9          10  -2.7130295118774788E-008
           9          11  -2.8459362183972822E-006
           9          12  -5.3256063744613696E-004
           9          13  -5.8402086376697035E-008
           9          14   1.3869733705742225E-006
           9          15   4.5331591680641999E-004
           9          16  -5.2986981534665933E-007
           9          17  -1.0360621290929784E-005
           9          18  -2.7130724256386003E-003
           9          19   2.7091075182496786E-006
           9          20   1.4418556854801294E-005
           9          21   3.7818218830546783E-003
           9          22  -3.7985949137464461E-006
           9          23  -4.5444011416106132E-006
           9          24  -1.1654370646384839E-003
           9          25   1.1534284668348683E-006
           9          26   9.6085573838946793E-012
           9          27   3.7756204499686701E-013
           9          28   7.8819443361712324E-012
           9          29   1.5957888531023717E-012
           9          30   3.3031685566267502E-012
           9          31   1.3387535994928227E-011
           9          32  -5.0504752573992133E-011
           9          33   2.9193888988384408E-012
           9          34  -6.1269966664193505E-011
           9          35  -1.8833856052651411E-012
           9          36   7.5592474994365796E-012
           9          37  -4.6921061375176035E-011
           9          38  -3.7350635526133273E-011
           9          39  -8.3673571481982447E-013
           9          40  -4.6716364907906315E-011
           9          41  -5.1071029590379123E-013
           9          42   4.4061709926716578E-012
           9          43  -3.6443424911624410E-011
           9          44   8.6574958791631712E-012
           9          45  -1.2141584590918924E-012
           9          46   2.0545253069351678E-011
           9          47   5.0929387660870126E-013
           9          48  -1.0228322740452354E-011
           9          49   4.2447887356249902E-012
           9          50   4.6539228220634051E-006
           9          51   1.5176928594204169E-003
           9          52   2.7935227310588900E-006
           9          53  -9.7765383814921473E-004
           9          54  -4.1984365296248115E-007
           9          55   1.2015163320182563E-006
           9          56   4.7194855378163600E-007
           9          57  -1.0901786843529090E-006
           9          58   4.8756923884248716E-004
           9          59  -3.1017480792204597E-008
           9          60  -3.1143466177486848E-006
           9          61  -1.1196958823746900E-005
           9          62   5.2793945568550153E-006
           9          63  -1.6574643797870995E-004
           9          64   3.0528406908981766E-007
           9          65   3.1332012948799187E-007
           9          66   1.1437854600172712E-007
           9          67   4.8940324522543924E-007
           9          68   9.8910824002792960E-005
           9          69   1.7288497658640874E-008
          10           1   5.1918574367031470E-013
          10           2   2.0906896356556837E-012
          10           3   1.0549940101918055E-011
          10           4  -8.7743734902990781E-012
          10           5   7.1379066148090814E-013
          10           6   7.2901817215139480E-012
          10           7  -8.3246806585985239E-012
          10           8  -3.7920015570152236E-007
          10           9  -2.7130295118774788E-008
          10          10   1.9996780657184992     
          10          11  -5.1185294666946171E-007
          10          12  -5.7812092776598695E-008
          10          13  -7.6038280139735721E-004
          10          14   8.7093198125352656E-007
          10          15  -5.3342595496681756E-007
          10          16   6.9859037075684061E-004
          10          17  -5.1945174034148561E-006
          10          18   2.7190884780697725E-006
          10          19  -4.2604526192919247E-003
          10          20   7.2266277125195447E-006
          10          21  -3.8153441759620934E-006
          10          22   5.9252565838471671E-003
          10          23  -2.2284300164951943E-006
          10          24   1.1584701303218775E-006
          10          25  -1.8294024311544281E-003
          10          26  -2.5162236967299685E-012
          10          27   6.1061992170871421E-013
          10          28  -3.2388948622470676E-013
          10          29   8.6863221695625215E-013
          10          30   8.4543317527303935E-013
          10          31  -1.1279381021150459E-012
          10          32   6.8030047998959250E-012
          10          33   4.1356840997179513E-013
          10          34   1.0779662132708695E-011
          10          35  -9.9816067148096430E-013
          10          36   1.2646630105623902E-014
          10          37   7.6840456825392388E-012
          10          38   4.8288714554848689E-012
          10          39   8.2166433098524115E-013
          10          40   6.5688991812604542E-012
          10          41  -3.2766292084973564E-013
          10          42   9.0574501158518025E-013
          10          43   4.6958721736410003E-012
          10          44  -2.5772772926657216E-013
          10          45  -1.8211991071754980E-012
          10          46  -3.3825762222136071E-012
          10          47   3.3691225266546709E-014
          10          48  -8.3682166493227553E-013
          10          49  -1.2075530278916947E-012
          10          50   2.6642999896880609E-007
          10          51  -4.1581864095248364E-007
          10          52   1.6631930649275045E-006
          10          53   1.5950633077505781E-007
          10          54   1.4319623752555189E-003
          10          55  -4.3670400403281942E-006
          10          56   7.1427674135931033E-004
          10          57  -4.9713228569939720E-007
          10          58   2.1197824481835422E-007
          10          59  -6.4328739072381570E-004
          10          60  -1.9071234428390143E-007
          10          61   3.1151362003457437E-007
          10          62   5.7828708333989016E-008
          10          63  -2.9831391359592763E-008
          10          64  -4.6543515658881607E-005
          10          65   1.1344615802760754E-006
          10          66   2.8324565756203803E-005
          10          67   4.1048634735215395E-008
          10          68   1.7260495284718204E-007
          10          69  -8.3473673341605704E-005
          11           1  -1.9442685634237118E-014
          11           2   4.1651613128524953E-014
          11           3   1.8386231196663684E-013
          11           4   1.1182653753346932E-013
          11           5   2.2555449865147256E-013
          11           6   2.7179366284078649E-014
          11           7  -3.9897323445964604E-014
          11           8  -2.8894617078458371E-005
          11           9  -2.8459362183972822E-006
          11          10  -5.1185294666946171E-007
          11          11   1.9897025892898361     
          11          12   2.4215153633216566E-005
          11          13  -4.2358440906762641E-007
          11          14   1.5104556530172893E-003
          11          15  -1.1630080336403198E-005
          11          16  -2.0217410372395462E-006
          11          17  -1.1180038414895493E-003
          11          18   1.5442127912422522E-004
          11          19   2.9003466274541062E-005
          11          20   4.7576098758466048E-003
          11          21  -1.7741363018965804E-004
          11          22  -3.4690434866983265E-005
          11          23  -1.6643987850923263E-003
          11          24   5.5753928659213527E-005
          11          25   1.0652836177073763E-005
          11          26   1.0322165317965696E-013
          11          27  -6.3823411714877551E-014
          11          28  -4.6988285227623771E-013
          11          29   4.7332904985587801E-014
          11          30   6.9139911103380606E-014
          11          31  -2.9185179615987933E-013
          11          32  -3.0131101321329387E-013
          11          33   1.3730746516614235E-013
          11          34  -1.4228503539271304E-013
          11          35  -4.9814873499975584E-014
          11          36   6.2511373916882884E-014
          11          37  -1.1771124789904000E-013
          11          38   1.9743647694314470E-013
          11          39  -4.3715441879161443E-014
          11          40   5.3687076989096300E-014
          11          41   1.3329487296575235E-014
          11          42   6.1235078586426792E-014
          11          43   1.3590603467293563E-013
          11          44   4.1861776326554696E-014
          11          45  -8.7794494140138233E-014
          11          46   1.3226745719551755E-013
          11          47   2.6010270842150810E-014
          11          48  -3.9793275865069624E-014
          11          49  -6.2760646849586483E-014
          11          50  -7.6441704510226329E-003
          11          51   8.3843844936614710E-006
          11          52   8.2384589363720690E-003
          11          53  -6.7724284589056657E-006
          11          54  -1.4707231782475286E-005
          11          55  -8.4200774453301754E-006
          11          56   1.0089512459940545E-005
          11          57   4.6110224179476689E-003
          11          58  -1.5334587887749209E-005
          11          59   1.3540904132362961E-006
          11          60  -1.2296716430860839E-002
          11          61  -7.3480846997506753E-005
          11          62   1.4387804260399168E-002
          11          63   6.6539679064101832E-005
          11          64  -1.2396406970721914E-005
          11          65  -4.5015155551850943E-006
          11          66   1.4893871978194705E-005
          11          67   1.0652650201264231E-002
          11          68   2.8542882818591016E-006
          11          69   6.5593703001599771E-007
          12           1   7.0279267770214295E-014
          12           2  -1.2067676739835795E-014
          12           3  -1.2387363148432079E-012
          12           4   5.8673126753086219E-013
          12           5  -3.0948440041530245E-013
          12           6  -6.7124416211348214E-013
          12           7   6.5990092594009821E-013
          12           8  -2.9076150934152896E-006
          12           9  -5.3256063744613696E-004
          12          10  -5.7812092776598695E-008
          12          11   2.4215153633216566E-005
          12          12   1.9897007244087892     
          12          13  -5.1621011909767835E-007
          12          14  -1.3219343028672006E-005
          12          15   1.3146799776544242E-003
          12          16   1.2152236270399741E-006
          12          17   1.8587275992295286E-004
          12          18   1.6784286237233381E-002
          12          19   3.1542217303163843E-005
          12          20  -2.0685914433613126E-004
          12          21  -1.5255251309867351E-002
          12          22  -3.2316169249837053E-005
          12          23   6.4434193992677011E-005
          12          24   4.5996659193876504E-003
          12          25   1.0300827122978439E-005
