           1           1   2.4393680637918527     
           1           2  -1.1118273710022839     
           1           3  0.28735639765007448     
           1           4  -3.6258131713345215E-002
           1           5   7.9409952916682028E-003
           1           6  -1.6351084150924733E-002
           1           7  -5.4856158815384793E-012
           1           8  -9.0668680896817132E-011
           1           9  -2.9935758763821262E-012
           1          10  -4.3581537662137196E-012
           1          11  -8.8852464451810583E-011
           1          12   1.8891323913105393E-010
           1          13  -4.0446857356517863E-011
           1          14   3.7652522462736379E-011
           1          15  -9.2991278077304185E-011
           1          16   3.1413762524376039E-012
           1          17   6.7253972639010677E-011
           1          18  -1.5130765489742037E-010
           1          19   3.2723930122080250E-011
           1          20   8.4491822991301520E-013
           1          21   2.9865002220332044E-012
           1          22   2.2598155974293244E-005
           1          23  -2.2558126527616553E-005
           1          24  -4.8986512010642256E-004
           1          25   1.3861759720089454E-004
           1          26  -5.2766863273125474E-006
           1          27  -4.6252818362149504E-004
           1          28  -3.6021689955590406E-004
           1          29  -1.0003470547748693E-005
           1          30  -5.8761393811883821E-004
           1          31   6.1497661567394736E-005
           1          32  -2.3395148681699067E-006
           1          33  -5.7548791392038248E-004
           1          34  -2.7976938696449649E-005
           1          35   2.7463905183708172E-005
           1          36   5.9601817637555969E-004
           1          37  -1.6877910983652494E-004
           1          38   6.4239290669139246E-006
           1          39   5.6273432723773903E-004
           1          40   3.9958169011119315E-012
           1          41  -4.6259076692108843E-012
           1          42   8.8225071211971523E-013
           1          43  -7.9178168658160359E-012
           1          44   5.6572222564072082E-012
           1          45   3.0280216419565200E-012
           1          46   7.7867836561559647E-012
           1          47  -1.5981329111590876E-013
           1          48  -3.3420864803537996E-012
           1          49   1.7974700749821301E-011
           2           1  -1.1118273710022839     
           2           2   2.8702590403477037     
           2           3  -1.0951069193697616     
           2           4  0.14140153654906834     
           2           5  -3.2772866952176280E-002
           2           6   6.3627118932935711E-002
           2           7   5.1009783913889805E-011
           2           8   3.8957664442176473E-010
           2           9  -6.9672092401309010E-011
           2          10  -4.1261407631977116E-011
           2          11   2.7510117116060456E-010
           2          12  -5.9469125446774159E-010
           2          13   1.6906479352591079E-010
           2          14  -1.7296673262461238E-010
           2          15   4.1019895788735787E-010
           2          16  -2.7281098435070935E-011
           2          17  -2.7688611610145362E-010
           2          18   6.1201719158357609E-010
           2          19  -1.1388647024868519E-010
           2          20  -3.8483072646610803E-012
           2          21  -8.7811067319078233E-012
           2          22  -1.1711097750323144E-003
           2          23   1.1113318799807747E-004
           2          24   1.3536323932484848E-003
           2          25  -6.8291639647932885E-004
           2          26   2.5995393262238232E-005
           2          27   1.2189553566462675E-003
           2          28   6.5022955666046794E-004
           2          29   4.2487102064085971E-005
           2          30   1.6160012284302584E-003
           2          31  -2.6118780820358486E-004
           2          32   9.9365768862608490E-006
           2          33   1.5645001280843972E-003
           2          34  -2.7596502319583022E-006
           2          35  -1.0393954169782873E-004
           2          36  -2.3643261660362398E-003
           2          37   6.3875973357759475E-004
           2          38  -2.4311910369295775E-005
           2          39  -2.2383604839544737E-003
           2          40  -1.7198456530792597E-011
           2          41   2.4242192893117639E-011
           2          42  -3.9717735356072752E-012
           2          43   4.5516160817463336E-011
           2          44  -3.2272136266951515E-011
           2          45  -1.1515258493053026E-011
           2          46  -4.1624108665600781E-011
           2          47  -4.6222677729556948E-013
           2          48   1.9651803176749270E-011
           2          49  -9.5585981284741716E-011
           3           1  0.28735639765007448     
           3           2  -1.0951069193697616     
           3           3   2.5797440194971819     
           3           4 -0.37633491931951263     
           3           5  0.10054625176455277     
           3           6 -0.17011596975364632     
           3           7   7.6579909829347323E-011
           3           8   3.9320358418533193E-010
           3           9  -9.5834535091170055E-010
           3          10  -1.4781980297083970E-010
           3          11  -1.2151045133540289E-009
           3          12   2.6093534563880666E-009
           3          13  -4.3089500564145686E-010
           3          14   7.0406361061065833E-010
           3          15  -1.5941745143663557E-009
           3          16  -2.7372374881872960E-011
           3          17   4.4084451098728760E-010
           3          18  -9.9790915411686535E-010
           3          19   3.5071500552200653E-010
           3          20   4.8937538320014312E-012
           3          21   4.2146079039564394E-011
           3          22   4.4200207933629094E-003
           3          23  -2.4835366889165060E-004
           3          24  -1.2218869273286233E-003
           3          25   1.5261059880725962E-003
           3          26  -5.8094024600345107E-005
           3          27  -9.2091908229025412E-004
           3          28   5.3990492406780829E-004
           3          29  -1.0942906145501959E-004
           3          30  -1.9476259699489182E-003
           3          31   6.7273172977569385E-004
           3          32  -2.5592181710183950E-005
           3          33  -1.8149777143182100E-003
           3          34  -9.2092044882462372E-004
           3          35   2.9591266011094351E-004
           3          36   5.8024148910838088E-003
           3          37  -1.8185345571196665E-003
           3          38   6.9215168892937254E-005
           3          39   5.4437938369067077E-003
           3          40   5.6972926054352572E-011
           3          41  -1.2749387248338954E-010
           3          42   1.3953348848777285E-011
           3          43  -2.6468595298032440E-010
           3          44   2.1415426351077138E-010
           3          45   2.8364979810021398E-011
           3          46   2.4412197179905628E-010
           3          47   8.5882817685107621E-012
           3          48  -1.1773963040441716E-010
           3          49   5.5551536572708368E-010
           4           1  -3.6258131713345215E-002
           4           2  0.14140153654906834     
           4           3 -0.37633491931951263     
           4           4  0.68051463776116283     
           4           5 -0.27301818094009511     
           4           6  0.32425502242374926     
           4           7  -3.4807687823064031E-010
           4           8  -1.6601021584378800E-009
           4           9   4.7777440037560437E-010
           4          10   3.5137218617553523E-010
           4          11   1.0401292340313868E-009
           4          12  -1.9914978584281045E-009
           4          13   1.0852036156361507E-009
           4          14  -1.4288347119314595E-009
           4          15   3.6715372768452868E-009
           4          16   6.0892320081191723E-011
           4          17  -8.6019152580101330E-012
           4          18   1.5643763507564038E-010
           4          19  -3.7910228705931562E-010
           4          20  -6.6191601901618486E-012
           4          21  -5.7378965551363057E-011
           4          22  -1.3181267384262653E-002
           4          23   9.1412769386969546E-004
           4          24   7.5867792423984252E-003
           4          25  -5.6175047852800308E-003
           4          26   2.1382436125902084E-004
           4          27   6.4789600848387573E-003
           4          28  -3.3961862518244786E-003
           4          29   2.8967583589751839E-004
           4          30   3.1865987205577538E-003
           4          31  -1.7804311323756554E-003
           4          32   6.7753097920187583E-005
           4          33   2.8355064405791441E-003
           4          34   8.8544326612512714E-003
           4          35  -5.7171482657387886E-004
           4          36  -4.1350327407272281E-003
           4          37   3.5134277608438649E-003
           4          38  -1.3372732523514816E-004
           4          39  -3.4421689945601849E-003
           4          40  -1.4312688388138782E-010
           4          41   2.2621460193320376E-010
           4          42  -3.2798633186346536E-011
           4          43   5.2016213745099094E-010
           4          44  -4.3735268372265861E-010
           4          45   1.1012781251626222E-011
           4          46  -5.8479975467234997E-010
           4          47  -1.1867915117134775E-010
           4          48   2.5875170747943956E-010
           4          49  -1.3780955598522111E-009
           5           1   7.9409952916682028E-003
           5           2  -3.2772866952176280E-002
           5           3  0.10054625176455277     
           5           4 -0.27301818094009511     
           5           5  0.11066033800294223     
           5           6 -0.13025503909163666     
           5           7  -2.1256883101827110E-010
           5           8  -7.1501478392384579E-010
           5           9   3.5397483036826508E-010
           5          10   3.0862023250745193E-010
           5          11   4.0470959808560203E-011
           5          12  -7.8002478968276775E-013
           5          13  -4.4059467239070701E-010
           5          14   5.8389314503152467E-010
           5          15  -1.5039650965482216E-009
           5          16   1.1750957129242099E-010
           5          17   1.3586962315489033E-010
           5          18  -2.8756271194535981E-010
           5          19   1.2744299664646339E-010
           5          20   4.8732248865216950E-012
           5          21   1.5664475792632205E-011
           5          22   8.1435033550217601E-003
           5          23  -5.6177294083724133E-004
           5          24  -4.6197520847461497E-003
           5          25   3.4522594082516023E-003
           5          26  -1.3140258406620889E-004
           5          27  -3.9389486891030293E-003
           5          28   1.8402486595691771E-003
           5          29  -1.4455896416805148E-004
           5          30  -1.4446745309438633E-003
           5          31   8.8847420039800352E-004
           5          32  -3.3811591372716203E-005
           5          33  -1.2694706014924496E-003
           5          34  -3.2331659932607511E-003
           5          35   2.0584603485549889E-004
           5          36   1.4436890728058644E-003
           5          37  -1.2650095123980308E-003
           5          38   4.8148562211145505E-005
           5          39   1.1942234607479336E-003
           5          40   5.6661803559248064E-011
           5          41  -8.9536007579196580E-011
           5          42   1.1880002332343996E-011
           5          43  -2.0933482037953231E-010
           5          44   1.7343942546280998E-010
           5          45  -5.9835689769028688E-012
           5          46   2.3717249029379227E-010
           5          47   4.9422927252905754E-011
           5          48  -1.0460816447136971E-010
           5          49   5.6006005457005454E-010
           6           1  -1.6351084150924733E-002
           6           2   6.3627118932935711E-002
           6           3 -0.17011596975364632     
           6           4  0.32425502242374926     
           6           5 -0.13025503909163666     
           6           6  0.15455816869245864     
           6           7  -2.6338463129495153E-010
           6           8  -1.3004051625659269E-009
           6           9   4.1187598675577830E-010
           6          10   3.1117335151631280E-010
           6          11   4.2727054037128869E-010
           6          12  -7.8748856005094123E-010
           6          13  -7.0036312372523363E-011
           6          14  -6.5442903362172874E-010
           6          15   1.6027758137510257E-009
           6          16   4.8792966503770067E-011
           6          17  -2.2391053102358198E-011
           6          18   1.1494751823511398E-010
           6          19  -7.5243243181848722E-010
           6          20   1.9869770309542890E-011
           6          21  -1.6312675702892071E-010
           6          22  -3.8664549689159883E-003
           6          23   2.7195807005205019E-004
           6          24   2.3118952252531482E-003
           6          25  -1.6711749775559599E-003
           6          26   6.3613774410254851E-005
           6          27   1.9823255715839087E-003
           6          28  -1.2570713539514587E-003
           6          29   1.1592583981026233E-004
           6          30   1.3773975835149525E-003
           6          31  -7.1253034649287656E-004
           6          32   2.7113847762595011E-005
           6          33   1.2368917188072830E-003
           6          34   4.5108536074691310E-003
           6          35  -2.8857904724858240E-004
           6          36  -2.0457142744198598E-003
           6          37   1.7734393198118900E-003
           6          38  -6.7500273610603562E-005
           6          39  -1.6959840419130457E-003
           6          40  -1.8530398222180412E-011
           6          41   1.0768753144873568E-010
           6          42   9.9304194503753135E-012
           6          43   2.4482047816327115E-010
           6          44  -2.0628461904881601E-010
           6          45   4.9397425937774898E-012
           6          46  -2.7162381407433586E-010
           6          47  -3.0621652253021098E-011
           6          48   1.2188674916589418E-010
           6          49  -6.4061956650713541E-010
           7           1  -5.4856158815384793E-012
           7           2   5.1009783913889805E-011
           7           3   7.6579909829347323E-011
           7           4  -3.4807687823064031E-010
           7           5  -2.1256883101827110E-010
           7           6  -2.6338463129495153E-010
           7           7   2.2882848689387245     
           7           8  -1.5968963826550536E-004
           7           9   9.8134729974354469E-004
           7          10 -0.63333639453127077     
           7          11   5.1114552802758722E-004
           7          12  -3.1411201589907657E-003
           7          13   3.6426885148560947E-002
           7          14  -1.4824519315393939E-003
           7          15   9.1102322791366038E-003
           7          16 -0.19908948361533416     
           7          17   1.3031827273140839E-005
           7          18  -8.0146236436241328E-005
           7          19   3.5359515836569773E-002
           7          20  -1.3247638777018850E-003
           7          21   8.1412169108646473E-003
           7          22  -7.8759101413775907E-010
           7          23  -1.1006096226917569E-009
           7          24   1.3695925430433839E-010
           7          25   1.5625618465728718E-009
           7          26  -3.3114832577427055E-010
           7          27   7.6422382790696057E-010
           7          28   2.2893085126180392E-010
           7          29   1.0183674985462991E-012
           7          30  -1.7653862528288519E-011
           7          31  -7.2292954914782144E-011
           7          32   2.3021511936553265E-013
           7          33   3.2237807382475562E-011
           7          34   1.5371332393629888E-010
           7          35  -2.4324795718451658E-011
           7          36   1.0018024092617917E-010
           7          37   4.9343067057984586E-011
           7          38  -2.5339707785935324E-011
           7          39   1.5762890672648402E-010
           7          40  -5.5079069265286437E-003
           7          41   4.6190805868077378E-005
           7          42  -2.8897814968672766E-003
           7          43   1.9788811876032600E-004
           7          44  -2.8385806679810189E-004
           7          45  -9.6606445526212531E-006
           7          46  -5.4367420599605351E-004
           7          47  -2.8397177953072535E-003
           7          48   8.6907272340662540E-005
           7          49  -1.2089444156303955E-003
           8           1  -9.0668680896817132E-011
           8           2   3.8957664442176473E-010
           8           3   3.9320358418533193E-010
           8           4  -1.6601021584378800E-009
           8           5  -7.1501478392384579E-010
           8           6  -1.3004051625659269E-009
           8           7  -1.5968963826550536E-004
           8           8   2.2840954839378802     
           8           9  -3.7352454391422225E-005
           8          10   5.1114435150863898E-004
           8          11 -0.61992698579795580     
           8          12   1.1956015052950785E-004
           8          13  -1.4824474316637701E-003
           8          14  -2.4649526513250610E-003
           8          15  -3.4675410303586430E-004
           8          16   1.3033129977248566E-005
           8          17 -0.19874723069220201     
           8          18   3.0483381725036196E-006
           8          19  -1.3247698285146884E-003
           8          20   6.0439990208165019E-004
           8          21  -3.0987130201413996E-004
           8          22   3.2764353904754616E-010
           8          23   5.6376644713502925E-010
           8          24   3.7970260961521113E-010
           8          25  -5.7352845204053846E-010
           8          26   1.5289751065179876E-011
           8          27  -1.3212311651922013E-011
           8          28   2.6175103348653256E-010
           8          29  -2.0492675636752266E-011
           8          30   2.0976125846655941E-010
           8          31   1.7416304037215822E-010
           8          32   1.6819550719742386E-010
           8          33   3.1855663246170989E-010
           8          34   8.0119173496751142E-010
           8          35  -6.8869038976552517E-011
           8          36   7.0376873531602093E-010
           8          37  -7.1359537297817523E-011
           8          38  -6.0533869996016422E-011
           8          39   7.3569126363220301E-010
           8          40   1.7612426294977585E-004
           8          41  -3.9605108763764391E-004
           8          42   7.5385138205999214E-005
           8          43  -1.2719331489059816E-003
           8          44   1.3867286792339053E-005
           8          45   4.6729620129999969E-005
           8          46   1.7633314281151751E-005
           8          47   8.6906350121314805E-005
           8          48  -5.5960951494781364E-004
           8          49   4.6012285629575729E-005
           9           1  -2.9935758763821262E-012
           9           2  -6.9672092401309010E-011
           9           3  -9.5834535091170055E-010
           9           4   4.7777440037560437E-010
           9           5   3.5397483036826508E-010
           9           6   4.1187598675577830E-010
           9           7   9.8134729974354469E-004
           9           8  -3.7352454391422225E-005
           9           9   2.2843189495104115     
           9          10  -3.1411188801117465E-003
           9          11   1.1956116534595916E-004
           9          12 -0.62064226269545653     
           9          13   9.1102261476461010E-003
           9          14  -3.4675392584853574E-004
           9          15  -3.9044041808835618E-004
           9          16  -8.0147640723843532E-005
           9          17   3.0471768071608228E-006
           9          18 -0.19876547693238611     
           9          19   8.1412236291497301E-003
           9          20  -3.0987023410296045E-004
           9          21   2.4582558509302077E-003
           9          22   3.3912623645806943E-010
           9          23   3.5203839467363655E-011
           9          24   3.0772762545851510E-010
           9          25   4.8236777668661483E-010
           9          26   8.2081555523020112E-011
           9          27   1.4837635329874283E-010
           9          28  -1.4428569017752481E-010
           9          29   6.1469504215802472E-011
           9          30   2.3527784601621108E-013
           9          31  -1.2663283792583455E-010
           9          32  -6.5751678551752027E-011
           9          33   3.1140385789812130E-010
           9          34  -1.3271502436893238E-010
           9          35   6.5646327604516743E-012
           9          36  -1.3217001784462836E-010
           9          37   4.5286103632739065E-011
           9          38   5.2122976517961005E-012
           9          39  -2.1209455345364138E-010
           9          40  -1.0823613304838293E-003
           9          41   1.3867053767373084E-005
           9          42  -5.4367185638851850E-004
           9          43   4.6286969816637015E-005
           9          44  -4.7900373490543900E-004
           9          45  -9.4061258406408094E-006
           9          46  -6.9262541016242571E-004
           9          47  -4.5368119373500378E-004
           9          48   1.7265156706408763E-005
           9          49  -1.5267049117151758E-003
          10           1  -4.3581537662137196E-012
          10           2  -4.1261407631977116E-011
          10           3  -1.4781980297083970E-010
          10           4   3.5137218617553523E-010
          10           5   3.0862023250745193E-010
          10           6   3.1117335151631280E-010
          10           7 -0.63333639453127077     
          10           8   5.1114435150863898E-004
          10           9  -3.1411188801117465E-003
          10          10   1.3952743678997264     
          10          11  -1.5487162953753426E-003
          10          12   9.5172409634530376E-003
          10          13 -0.10578498340344680     
          10          14   4.2625182353275845E-003
          10          15  -2.6194755139334894E-002
          10          16  0.43586461832930334     
          10          17  -1.1997653775060085E-004
          10          18   7.3738846496203562E-004
          10          19 -0.10326812961016135     
          10          20   3.8834089806458654E-003
          10          21  -2.3865139816097444E-002
          10          22   6.3885742734513662E-009
          10          23   7.2566720866307105E-009
          10          24  -7.2051284687394364E-010
          10          25  -1.3225360830842101E-008
          10          26   2.1857536846516585E-009
          10          27  -5.6749508348673258E-009
          10          28   4.1056025599621453E-012
          10          29   5.3251817896114293E-010
          10          30   1.0693132550291804E-010
          10          31  -9.4731986968193730E-010
          10          32   1.5914771141532714E-010
          10          33  -4.0944650359804054E-010
          10          34  -1.7167845370815072E-010
          10          35   1.0223237186254351E-011
          10          36  -2.3198325555961083E-011
          10          37  -1.0518636854240320E-010
          10          38   5.8790292242824386E-011
          10          39  -1.4842301288365228E-010
          10          40   1.3837582216301429E-002
          10          41  -1.2350068672419541E-004
          10          42   7.3113849345207826E-003
          10          43  -5.3173206818288971E-004
          10          44   7.5894754292787111E-004
          10          45   2.7003677148464039E-005
          10          46   1.4608169827772027E-003
          10          47   7.1714516395104781E-003
          10          48  -2.3313851720825957E-004
          10          49   3.2467136679516432E-003
          11           1  -8.8852464451810583E-011
          11           2   2.7510117116060456E-010
          11           3  -1.2151045133540289E-009
          11           4   1.0401292340313868E-009
          11           5   4.0470959808560203E-011
          11           6   4.2727054037128869E-010
          11           7   5.1114552802758722E-004
          11           8 -0.61992698579795580     
          11           9   1.1956116534595916E-004
          11          10  -1.5487162953753426E-003
          11          11   1.3546454150358977     
          11          12  -3.6225770241006121E-004
          11          13   4.2625114647818138E-003
          11          14   6.0410779240406120E-003
          11          15   9.9702799508934116E-004
          11          16  -1.1997965708385983E-004
          11          17  0.43271653274394967     
          11          18  -2.8062716230704529E-005
          11          19   3.8834334884526797E-003
          11          20  -1.3870822548758832E-003
          11          21   9.0835753681311137E-004
          11          22  -7.4889511829929551E-010
          11          23  -4.5047760708330660E-010
          11          24  -3.0083171618317472E-010
          11          25   2.6928541036252621E-009
          11          26   4.2018032531671654E-010
          11          27   1.4250013782413837E-009
          11          28  -2.9699940946092972E-010
          11          29   7.3448714605924478E-011
          11          30   1.8462816737174210E-010
          11          31  -4.8240124475274819E-011
          11          32  -3.4393713682551204E-010
          11          33  -1.8051120467432961E-010
          11          34  -1.8803420438732349E-010
          11          35  -4.0840719099272355E-011
          11          36  -2.2155886829565547E-010
          11          37   5.0744885266458876E-011
          11          38   7.0995427739495038E-011
          11          39  -1.1145873731119358E-010
          11          40  -4.6795788162109776E-004
          11          41   6.9583165577478197E-004
          11          42  -2.0904862617868961E-004
          11          43   2.4041150577022749E-003
          11          44  -3.5598014575568339E-005
          11          45  -1.0259301593697147E-004
          11          46  -4.8898444989037763E-005
          11          47  -2.3313583527887456E-004
          11          48   1.0549178849791603E-003
          11          49  -1.2357096943648035E-004
          12           1   1.8891323913105393E-010
          12           2  -5.9469125446774159E-010
          12           3   2.6093534563880666E-009
          12           4  -1.9914978584281045E-009
          12           5  -7.8002478968276775E-013
          12           6  -7.8748856005094123E-010
          12           7  -3.1411201589907657E-003
          12           8   1.1956015052950785E-004
          12           9 -0.62064226269545653     
          12          10   9.5172409634530376E-003
          12          11  -3.6225770241006121E-004
          12          12   1.3568126286493092     
          12          13  -2.6194747053952729E-002
          12          14   9.9702898217674169E-004
          12          15   7.6206196933220702E-005
          12          16   7.3739272462770193E-004
          12          17  -2.8061968992467152E-005
          12          18  0.43288443869048154     
          12          19  -2.3865168682203855E-002
          12          20   9.0835291626188111E-004
          12          21  -6.8214725426527460E-003
          12          22  -2.1266041789615493E-009
          12          23  -9.1028890942491206E-010
          12          24  -7.1082671007661589E-010
          12          25   1.7802800395245376E-009
          12          26  -6.4078520606725827E-010
          12          27   1.9058789797964689E-009
          12          28   5.0434378966315558E-010
          12          29  -2.0619829766655081E-010
          12          30   2.5435621333665511E-010
          12          31   4.9701226817688938E-010
          12          32   1.4119847929496748E-010
          12          33  -3.8993237534576496E-010
          12          34   1.0806692381824677E-010
          12          35   4.3729685677111276E-011
          12          36   1.6436138360560112E-010
          12          37  -6.6312040052450143E-011
          12          38  -4.4048151900878442E-011
          12          39   3.6795703647311356E-010
          12          40   2.8757821220558311E-003
          12          41  -3.5597823591792534E-005
          12          42   1.4608105845231663E-003
          12          43  -1.2437540779624352E-004
          12          44   9.0877621893739277E-004
          12          45   2.1972980075673703E-005
          12          46   1.4077948055634202E-003
          12          47   1.2565890364990076E-003
          12          48  -4.7822211736182295E-005
          12          49   3.0984467233968211E-003
          13           1  -4.0446857356517863E-011
          13           2   1.6906479352591079E-010
          13           3  -4.3089500564145686E-010
          13           4   1.0852036156361507E-009
          13           5  -4.4059467239070701E-010
          13           6  -7.0036312372523363E-011
          13           7   3.6426885148560947E-002
          13           8  -1.4824474316637701E-003
          13           9   9.1102261476461010E-003
          13          10 -0.10578498340344680     
          13          11   4.2625114647818138E-003
          13          12  -2.6194747053952729E-002
          13          13  0.36298369857543294     
          13          14  -1.3814847187519921E-002
          13          15   8.4897356672464064E-002
          13          16  -1.7800857656410193E-002
          13          17   7.5295235969356268E-004
          13          18  -4.6272246620885360E-003
          13          19  0.34579772822298172     
          13          20  -1.3161925594210091E-002
          13          21   8.0885422212546798E-002
          13          22  -1.3734028397901117E-009
          13          23   2.9304638521878681E-009
          13          24  -6.7104198714033484E-010
          13          25   2.7926500561489156E-009
          13          26  -1.6455547419982053E-010
          13          27   2.0746515631617432E-009
          13          28   3.0204370428377511E-010
          13          29   2.5892570230807051E-010
          13          30  -3.1354755371750261E-010
          13          31   2.3564903727859271E-010
          13          32  -8.6821890405180939E-011
          13          33  -1.4228271516057049E-011
          13          34   7.1436636074378985E-010
          13          35   1.1866842602897533E-010
          13          36  -3.7640517783396292E-010
          13          37  -1.7520301139619101E-010
          13          38   2.3208201176229293E-013
          13          39  -3.4968643406195397E-010
          13          40  -3.1809241949808741E-002
          13          41   3.4916889193840005E-004
          13          42  -1.6742040496789359E-002
          13          43   1.4259700850196939E-003
          13          44  -2.1457972670590212E-003
          13          45  -7.7985563483438396E-005
          13          46  -3.9171944674989143E-003
          13          47  -1.6338004312840854E-002
          13          48   6.2204551193160821E-004
          13          49  -8.6924859071965503E-003
          14           1   3.7652522462736379E-011
          14           2  -1.7296673262461238E-010
          14           3   7.0406361061065833E-010
          14           4  -1.4288347119314595E-009
          14           5   5.8389314503152467E-010
          14           6  -6.5442903362172874E-010
          14           7  -1.4824519315393939E-003
          14           8  -2.4649526513250610E-003
          14           9  -3.4675392584853574E-004
          14          10   4.2625182353275845E-003
          14          11   6.0410779240406120E-003
          14          12   9.9702898217674169E-004
          14          13  -1.3814847187519921E-002
          14          14   5.5471799291851231E-004
          14          15  -3.2313775624500949E-003
          14          16   7.5296341306459798E-004
          14          17   1.9529368140408388E-003
          14          18   1.7612227000671368E-004
          14          19  -1.3162028473581477E-002
          14          20   4.9527576444103867E-004
          14          21  -3.0786746361914970E-003
          14          22   6.8167808643742711E-009
          14          23   1.2136963136018595E-008
          14          24   2.9541247563372466E-010
          14          25  -1.5377882502941349E-008
          14          26   1.2691161451534519E-009
          14          27  -7.1139867935643859E-009
          14          28   6.8359332257983873E-010
          14          29   1.1564305481214576E-009
          14          30   2.6233638757178898E-011
          14          31  -1.4523086531321950E-009
          14          32   1.1382051405970442E-010
          14          33  -6.8788743015685838E-010
          14          34   6.5973311099958791E-011
          14          35   2.3380680190419639E-011
          14          36  -1.2846246138706925E-011
          14          37  -1.0179059232625829E-011
          14          38   4.6189937805443162E-012
          14          39  -2.7720168060261583E-011
          14          40   1.2110068352136638E-003
          14          41  -1.0018653446465606E-005
          14          42   6.3753094855805326E-004
          14          43  -4.3678250821708256E-005
          14          44   8.1647433285228442E-005
          14          45   2.5707416606567167E-006
          14          46   1.4912315725889907E-004
          14          47   6.2203732397637912E-004
          14          48  -1.9015672395165124E-005
          14          49   3.3085489287164543E-004
          15           1  -9.2991278077304185E-011
          15           2   4.1019895788735787E-010
          15           3  -1.5941745143663557E-009
          15           4   3.6715372768452868E-009
          15           5  -1.5039650965482216E-009
          15           6   1.6027758137510257E-009
          15           7   9.1102322791366038E-003
          15           8  -3.4675410303586430E-004
          15           9  -3.9044041808835618E-004
          15          10  -2.6194755139334894E-002
          15          11   9.9702799508934116E-004
          15          12   7.6206196933220702E-005
          15          13   8.4897356672464064E-002
          15          14  -3.2313775624500949E-003
          15          15   1.9886907841491077E-002
          15          16  -4.6272388125414635E-003
          15          17   1.7612031651238153E-004
          15          18   8.9925949464511059E-004
          15          19   8.0885543691971748E-002
          15          20  -3.0786551960341434E-003
          15          21   1.8913901123122381E-002
          15          22  -1.0949044614553180E-009
          15          23   7.7056724352644113E-009
          15          24  -5.5783681845739616E-010
          15          25   8.4177471545378046E-009
          15          26   2.6932666619763861E-009
          15          27   1.6617473915401269E-009
          15          28  -1.1857043757537499E-010
          15          29   7.1675828945580444E-010
          15          30  -6.5653778616812295E-011
          15          31   7.4433764938054968E-010
          15          32   2.4330139242239606E-010
          15          33   1.2878548104712980E-010
          15          34  -1.8836942666953339E-011
          15          35   4.8174460200084433E-011
          15          36  -2.0250860594961340E-011
          15          37  -9.4496832797736876E-011
          15          38   6.4879135061182858E-012
          15          39  -2.3499158048226053E-011
          15          40  -7.4420858309589165E-003
          15          41   8.1646483920593834E-005
          15          42  -3.9171745912519457E-003
          15          43   3.3354315755457480E-004
          15          44  -4.9848663122958382E-004
          15          45  -1.8180021858338797E-005
          15          46  -9.1151659765508603E-004
          15          47  -3.8233393119776965E-003
          15          48   1.4552652808316762E-004
          15          49  -2.0228041302929943E-003
          16           1   3.1413762524376039E-012
          16           2  -2.7281098435070935E-011
          16           3  -2.7372374881872960E-011
          16           4   6.0892320081191723E-011
          16           5   1.1750957129242099E-010
          16           6   4.8792966503770067E-011
          16           7 -0.19908948361533416     
          16           8   1.3033129977248566E-005
          16           9  -8.0147640723843532E-005
          16          10  0.43586461832930334     
          16          11  -1.1997965708385983E-004
          16          12   7.3739272462770193E-004
          16          13  -1.7800857656410193E-002
          16          14   7.5296341306459798E-004
          16          15  -4.6272388125414635E-003
          16          16  0.13681859657666615     
          16          17   5.3612110907284090E-005
          16          18  -3.2939758327357369E-004
          16          19  -1.7746000378917517E-002
          16          20   6.6037809648126773E-004
          16          21  -4.0582944134495529E-003
          16          22  -5.3885545494971840E-009
          16          23  -5.6511050825981225E-009
          16          24   6.4352003654837862E-010
          16          25   1.1686065626228988E-008
          16          26  -1.6357016256486988E-009
          16          27   4.7447247484063766E-009
          16          28  -7.2028307923847808E-010
          16          29  -5.9133452464535713E-010
          16          30   1.0713849641117769E-010
          16          31   1.2865604692059053E-009
          16          32  -1.7758246911717331E-010
          16          33   5.1609199564196155E-010
          16          34  -6.5891502309718179E-011
          16          35  -1.3340336076852630E-011
          16          36  -1.9363446275175755E-011
          16          37   3.9749872007780495E-011
          16          38   1.0535102845879108E-011
          16          39  -2.5639868338821111E-011
          16          40   2.9994968168048407E-003
          16          41  -2.3793800478745687E-005
          16          42   1.5885998410313797E-003
          16          43  -1.0625498423138390E-004
          16          44   1.4621764927226982E-004
          16          45   5.1716147598202240E-006
          16          46   2.9192708269363795E-004
          16          47   1.5617967506119592E-003
          16          48  -4.6724074911890867E-005
          16          49   6.4940291365745003E-004
