           1           1   2.0000323501887278     
           1           2   9.2127896295281654E-005
           1           3   7.9638090741013180E-004
           1           4  -2.4919216491212098E-004
           1           5  -7.7082428920435570E-004
           1           6  -2.3212369052600447E-004
           1           7  -4.4132098977492996E-012
           1           8  -1.9345787583269931E-012
           1           9   3.7843556331800865E-011
           1          10  -8.7830249982656476E-011
           1          11  -2.3222672056744960E-010
           1          12  -8.1809761854273197E-010
           1          13   1.1163199112241900E-012
           1          14  -1.1044886619017045E-011
           1          15  -5.8234853466027036E-011
           1          16   1.7851489756858081E-011
           1          17   2.8581936303283167E-011
           1          18   9.2400399739250631E-011
           1          19  -9.5359804198564978E-013
           1          20  -1.8868232596424369E-011
           1          21  -5.5569986258179406E-011
           1          22  -2.6873190435938981E-004
           1          23   2.6008071492905318E-005
           1          24  -1.0864723711408198E-004
           1          25   1.6826504366734566E-005
           1          26  -2.3218979232406022E-006
           1          27  -1.0683843714973580E-004
           1          28  -1.2968212990975824E-004
           1          29   1.1671755699596140E-006
           1          30  -1.2249850841908037E-004
           1          31   7.5503083618566467E-007
           1          32  -1.0420745235971110E-007
           1          33  -1.2241736403097365E-004
           1          34  -4.4024207860626495E-005
           1          35   3.8534750382980505E-006
           1          36  -2.0306072613406131E-005
           1          37   2.4928903186986100E-006
           1          38  -3.4407484070739916E-007
           1          39  -2.0038226954775225E-005
           1          40  -1.8305328037646931E-012
           1          41  -1.6765942074141263E-012
           1          42  -4.5009711904629118E-013
           1          43  -3.7865450025107353E-012
           1          44   2.6246050051515762E-012
           1          45  -2.1178186771829636E-013
           1          46   3.0093304772519891E-012
           1          47  -9.5044383540604189E-013
           1          48  -1.3715613373982635E-012
           1          49   6.1215162168056865E-012
           2           1   9.2127896295281654E-005
           2           2   1.9980744959458292     
           2           3  -1.3151333468293242E-003
           2           4   2.0595864574780498E-003
           2           5   5.8020809018587095E-003
           2           6   1.7588990394223720E-003
           2           7  -1.2845193619598924E-010
           2           8   1.2555092302179615E-010
           2           9   5.0601591055005707E-010
           2          10  -5.4121028784882075E-010
           2          11  -2.4743799852704692E-009
           2          12  -6.4389016650829460E-009
           2          13  -1.7996629225558532E-010
           2          14  -2.0864018779715129E-010
           2          15  -4.5973582883914713E-010
           2          16   1.1170964495662714E-011
           2          17   2.6059185279061616E-010
           2          18   7.2515839955215564E-010
           2          19   4.2456526640826998E-011
           2          20  -1.6473001290109116E-010
           2          21  -4.3407161174872327E-010
           2          22   5.5278554188538777E-005
           2          23   1.6562620589275899E-004
           2          24   1.0747724928316174E-003
           2          25   1.0715985658312914E-004
           2          26  -1.4787418328596096E-005
           2          27   1.0862911730441414E-003
           2          28   6.5102258295259550E-004
           2          29   5.3373380001996214E-006
           2          30   6.8382696102100237E-004
           2          31   3.4467908991318461E-006
           2          32  -4.7622819541888012E-007
           2          33   6.8419973307774231E-004
           2          34  -1.6317297144172329E-004
           2          35   2.9537627889453256E-005
           2          36   1.8646233395748611E-005
           2          37   1.9110413657872795E-005
           2          38  -2.6374920945340073E-006
           2          39   2.0698739887835330E-005
           2          40   1.2253254804709888E-010
           2          41   1.5177594926377000E-011
           2          42   5.7441440398020501E-011
           2          43   3.3341002468325424E-011
           2          44   2.1269034350236006E-011
           2          45  -4.2735876594046187E-012
           2          46   2.5409121998400145E-011
           2          47   5.2447017844693287E-011
           2          48   1.7165818336496256E-011
           2          49   5.0358535422492323E-011
           3           1   7.9638090741013180E-004
           3           2  -1.3151333468293242E-003
           3           3   2.0168384508352779     
           3           4  -1.9604167236769873E-002
           3           5  -2.2168114824555562E-002
           3           6  -1.3292095542593158E-002
           3           7  -2.4825134344064397E-010
           3           8  -5.4035337221580223E-011
           3           9   8.8797176368190350E-010
           3          10  -4.9989785301397810E-009
           3          11  -1.2330321928481109E-008
           3          12  -4.2742989671968602E-008
           3          13  -1.4352622644330574E-009
           3          14  -6.8698633965514815E-010
           3          15  -3.7192099374521954E-009
           3          16   3.0480473183085437E-010
           3          17   1.4595476559507268E-009
           3          18   4.4942268906859545E-009
           3          19   4.8464324679480964E-010
           3          20  -9.7454689573307272E-010
           3          21  -2.7029614653615773E-009
           3          22  -5.8534980294140922E-003
           3          23   1.6300141688202095E-003
           3          24   4.1793767086276429E-003
           3          25   1.0545306074209943E-003
           3          26  -1.4552967288141376E-004
           3          27   4.2926981195310961E-003
           3          28  -1.0677194815791199E-003
           3          29   9.7312327667946493E-005
           3          30  -4.6922589679074543E-004
           3          31   6.2893045708671964E-005
           3          32  -8.6848127587344057E-006
           3          33  -4.6244764979361903E-004
           3          34   2.8785839723737871E-003
           3          35   1.0896748635831610E-004
           3          36   3.5493855626043277E-003
           3          37   7.0506824121418507E-005
           3          38  -9.7307349368719463E-006
           3          39   3.5569564742851342E-003
           3          40   9.4560002323932428E-010
           3          41  -4.2890204810304081E-011
           3          42   4.7179397114621878E-010
           3          43  -9.6601952377723390E-011
           3          44   3.1238684593143246E-010
           3          45  -1.8811402583912818E-010
           3          46   4.0953637209116411E-010
           3          47   3.2822776100052971E-010
           3          48  -3.9628564328784759E-011
           3          49   8.1541673804353134E-010
           4           1  -2.4919216491212098E-004
           4           2   2.0595864574780498E-003
           4           3  -1.9604167236769873E-002
           4           4   5.0440203183957344E-004
           4           5   8.2530384714824163E-004
           4           6   3.5013672094815775E-004
           4           7  -1.1750435131513425E-009
           4           8  -5.5595249146552639E-010
           4           9  -1.7490575830128103E-009
           4          10   4.7306502917643670E-009
           4          11   3.3154024204707096E-009
           4          12   3.4223448463043391E-008
           4          13   4.6395327736664965E-010
           4          14   2.7934734019714828E-010
           4          15   2.4172154718301341E-009
           4          16  -4.2649005838912015E-010
           4          17  -3.4349773130897312E-010
           4          18  -3.8929436457234786E-009
           4          19   3.4160854592215217E-010
           4          20   2.2260740428938388E-010
           4          21   2.2920562989326393E-009
           4          22   7.3824188092571005E-003
           4          23  -1.7916332371537653E-003
           4          24  -3.6454094159437535E-003
           4          25  -1.1591049109719313E-003
           4          26   1.5998292971872665E-004
           4          27  -3.7699474113619472E-003
           4          28   4.4632282218611479E-004
           4          29  -7.8809575675166334E-005
           4          30  -3.8740874676909737E-005
           4          31  -5.0982667342573299E-005
           4          32   7.0365751870076288E-006
           4          33  -4.4219284553791240E-005
           4          34   9.9985409010290094E-004
           4          35  -2.1996669120556272E-004
           4          36  -3.5403749226095105E-004
           4          37  -1.4230040977139183E-004
           4          38   1.9640753433203029E-005
           4          39  -3.6932693068963556E-004
           4          40  -5.6071397948444152E-011
           4          41  -1.0532964232965471E-011
           4          42  -4.8794255452492237E-011
           4          43  -1.4404499114459969E-011
           4          44  -1.1645799118318723E-010
           4          45   1.4503324795962590E-011
           4          46  -1.3587208427504901E-010
           4          47  -2.1708835163881454E-011
           4          48  -2.4991584013423538E-011
           4          49  -2.6979129327027526E-010
           5           1  -7.7082428920435570E-004
           5           2   5.8020809018587095E-003
           5           3  -2.2168114824555562E-002
           5           4   8.2530384714824163E-004
           5           5   1.9807047752623617     
           5           6  -1.3841381213781324E-003
           5           7   6.7728697921977875E-011
           5           8  -2.5687111632839630E-010
           5           9  -1.4718316713671346E-009
           5          10   1.3185856512023934E-008
           5          11   1.6715157465127928E-008
           5          12   7.7440149298992104E-008
           5          13  -1.3087728234557853E-008
           5          14   7.7708319543011001E-009
           5          15   4.5556217030930258E-009
           5          16  -7.9396646534106908E-009
           5          17   1.4168146505921389E-009
           5          18  -9.2941152425809922E-009
           5          19   5.6528874620888665E-009
           5          20  -6.1009561954769301E-010
           5          21   5.5082768532858775E-009
           5          22   3.6968640685923752E-002
           5          23  -9.0899285385643760E-003
           5          24  -1.8978109555132149E-002
           5          25  -5.8802946255903073E-003
           5          26   8.1158221314383346E-004
           5          27  -1.9609974587005009E-002
           5          28   4.5516560116278110E-003
           5          29  -1.4038692237863734E-003
           5          30  -4.0910725706402229E-003
           5          31  -9.0841675927708998E-004
           5          32   1.2538585251385356E-004
           5          33  -4.1886175345243514E-003
           5          34  -1.4122045850832557E-002
           5          35   3.2646356265462022E-003
           5          36   5.9716107560003548E-003
           5          37   2.1119396105161465E-003
           5          38  -2.9148957231367684E-004
           5          39   6.1985089711940663E-003
           5          40   5.5103008260007708E-009
           5          41  -1.1121542409059034E-009
           5          42   1.8109390946893674E-009
           5          43  -2.8438483578781361E-009
           5          44   4.8491210056506381E-010
           5          45  -3.1158230589175209E-011
           5          46   3.8109859101976530E-010
           5          47   2.3121409183179938E-009
           5          48  -9.1036368800929726E-010
           5          49  -2.0161988658382565E-010
           6           1  -2.3212369052600447E-004
           6           2   1.7588990394223720E-003
           6           3  -1.3292095542593158E-002
           6           4   3.5013672094815775E-004
           6           5  -1.3841381213781324E-003
           6           6   2.4797004446115906E-004
           6           7  -3.5915216644383479E-010
           6           8  -2.6045172691554603E-010
           6           9  -3.9759879746253355E-010
           6          10   1.0381024215540414E-008
           6          11   2.0842479581381726E-008
           6          12   7.3970787886902989E-008
           6          13  -6.9009947379838984E-010
           6          14   1.7676220552607134E-009
           6          15   5.5104685213875983E-009
           6          16  -2.8808956884715587E-009
           6          17  -2.0815345664231906E-009
           6          18  -8.2036352577618283E-009
           6          19  -6.3174242795071783E-010
           6          20   1.5843786783161814E-009
           6          21   5.0789226680608886E-009
           6          22   6.1098029795994191E-003
           6          23  -1.4825393069213622E-003
           6          24  -3.0148174000811344E-003
           6          25  -9.5911850372008411E-004
           6          26   1.3226876667804145E-004
           6          27  -3.1180128260942493E-003
           6          28   3.3730390328071819E-004
           6          29  -5.8151255250946857E-005
           6          30  -2.0610196588940003E-005
           6          31  -3.7618385841944100E-005
           6          32   5.1922905476793941E-006
           6          33  -2.4652421643087789E-005
           6          34   7.6533523245040551E-004
           6          35  -1.6691735825918134E-004
           6          36  -2.6203613097277895E-004
           6          37  -1.0798170419164312E-004
           6          38   1.4903777663152523E-005
           6          39  -2.7363850047044383E-004
           6          40   7.2959488604543078E-011
           6          41  -8.4793588903609622E-011
           6          42   3.2091490151438097E-011
           6          43  -1.9904306936968100E-010
           6          44  -2.8036364394829600E-010
           6          45   9.9879948544660419E-012
           6          46  -2.9985363583350473E-010
           6          47   5.2060426960649267E-011
           6          48  -1.0269977785557648E-010
           6          49  -6.4498410416813627E-010
           7           1  -4.4132098977492996E-012
           7           2  -1.2845193619598924E-010
           7           3  -2.4825134344064397E-010
           7           4  -1.1750435131513425E-009
           7           5   6.7728697921977875E-011
           7           6  -3.5915216644383479E-010
           7           7   1.9996193932326574     
           7           8  -8.6311801467564744E-006
           7           9  -5.5835196455900592E-006
           7          10  -5.2212624157293927E-003
           7          11  -1.4757929445025384E-004
           7          12  -9.5468677138562196E-005
           7          13   6.8049579298991008E-003
           7          14   3.9408532443868340E-004
           7          15   2.5493442791157755E-004
           7          16  -1.9056633186344096E-002
           7          17   4.9407742952896512E-004
           7          18   3.1962443303028769E-004
           7          19   6.6368502918596924E-003
           7          20   3.5868485401160596E-004
           7          21   2.3203924294193777E-004
           7          22   4.5462840493170274E-010
           7          23   2.7725939197877531E-010
           7          24   3.6944625200007153E-010
           7          25   7.9599084959205737E-011
           7          26  -9.8161916570226540E-011
           7          27   1.4307697197141349E-010
           7          28   1.9371063289112010E-010
           7          29   5.4128317675227588E-011
           7          30   3.3764626661822168E-010
           7          31   9.2515359535279545E-012
           7          32  -1.1551423582467186E-011
           7          33   3.1587732609047926E-010
           7          34   2.8902030544995939E-010
           7          35  -1.4815566138548578E-011
           7          36   2.9373034869077935E-010
           7          37   3.3469093294539379E-011
           7          38  -2.7487361519872512E-011
           7          39   2.8028283199112861E-010
           7          40  -7.1009015990548255E-004
           7          41  -5.6416993499877706E-006
           7          42  -2.8284133474687772E-004
           7          43  -4.6199366940614818E-005
           7          44  -3.6487852919370834E-006
           7          45  -1.5465318407337573E-006
           7          46  -1.3242727446949462E-005
           7          47  -2.8163761770820013E-004
           7          48  -2.0638096997670588E-005
           7          49  -2.9963801942436198E-005
           8           1  -1.9345787583269931E-012
           8           2   1.2555092302179615E-010
           8           3  -5.4035337221580223E-011
           8           4  -5.5595249146552639E-010
           8           5  -2.5687111632839630E-010
           8           6  -2.6045172691554603E-010
           8           7  -8.6311801467564744E-006
           8           8   1.9995580336721210     
           8           9   7.7048225092593413E-007
           8          10  -1.4758017522293877E-004
           8          11  -6.2705476703278605E-003
           8          12   1.3174028457071140E-005
           8          13   3.9408319354988325E-004
           8          14   9.6064724332575457E-003
           8          15  -3.5179078046612802E-005
           8          16   4.9380483357486184E-004
           8          17  -1.5546277903752327E-002
           8          18  -4.4105614516324029E-005
           8          19   3.5869522895919158E-004
           8          20   9.1867609089905117E-003
           8          21  -3.2019271237930140E-005
           8          22   6.3956918092296033E-012
           8          23  -4.6913537274315637E-010
           8          24   2.3002105746382243E-010
           8          25  -1.9373249197524730E-010
           8          26  -2.0692344536321595E-010
           8          27   1.2968689947377291E-010
           8          28   1.0597687022731093E-010
           8          29  -1.1162746664353233E-010
           8          30   1.1245848089775155E-010
           8          31   1.6324540245947898E-011
           8          32   8.1118294647854897E-011
           8          33   8.2179084616599255E-011
           8          34   9.0670948550271627E-011
           8          35   3.1700161285145630E-011
           8          36   2.0876737293312027E-010
           8          37   2.1704332525754960E-011
           8          38  -1.1712523444898016E-010
           8          39   1.5835507205950188E-010
           8          40  -3.5315417361521160E-005
           8          41  -4.3120506779246624E-004
           8          42  -2.0239588777730178E-005
           8          43  -9.5782939364284715E-004
           8          44   5.2412050937492850E-007
           8          45   2.9770127618346463E-007
           8          46   1.8069490719873355E-006
           8          47  -2.0635675924731918E-005
           8          48  -4.2834042245494427E-004
           8          49   4.1352580304417358E-006
           9           1   3.7843556331800865E-011
           9           2   5.0601591055005707E-010
           9           3   8.8797176368190350E-010
           9           4  -1.7490575830128103E-009
           9           5  -1.4718316713671346E-009
           9           6  -3.9759879746253355E-010
           9           7  -5.5835196455900592E-006
           9           8   7.7048225092593413E-007
           9           9   1.9995573411039047     
           9          10  -9.5469185562434237E-005
           9          11   1.3174557365965804E-005
           9          12  -6.2823927788997133E-003
           9          13   2.5493408063768539E-004
           9          14  -3.5178799462795851E-005
           9          15   9.6380940964097134E-003
           9          16   3.1944556905071759E-004
           9          17  -4.4105058914425969E-005
           9          18  -1.5506632377052309E-002
           9          19   2.3204396817114701E-004
           9          20  -3.2018911725170510E-005
           9          21   9.2155427913215050E-003
           9          22   1.0699454958682591E-010
           9          23   7.9013458238679882E-010
           9          24  -1.8472470635902536E-010
           9          25   3.7620484670773048E-010
           9          26   7.3192714133358586E-011
           9          27  -3.2683432863983177E-010
           9          28   1.3560482705633103E-010
           9          29  -4.7690505598949998E-011
           9          30   1.8310686299282127E-010
           9          31  -1.2613679664509438E-010
           9          32   6.7378550381862883E-011
           9          33   2.4777927623818652E-010
           9          34   1.4269795647800365E-010
           9          35   5.2661375419158655E-011
           9          36   1.4054744092165823E-010
           9          37   7.3929199446525543E-011
           9          38  -1.3315610839171366E-010
           9          39  -2.5042674478222533E-011
           9          40  -2.2844124118325013E-005
           9          41   5.2397192587836416E-007
           9          42  -1.3241916042686315E-005
           9          43   4.1238722065669308E-006
           9          44  -4.3167634509677383E-004
           9          45   2.6970425309079411E-007
           9          46  -4.3001507265363534E-004
           9          47  -1.3199276684788408E-005
           9          48   1.8216374458857166E-006
           9          49  -9.6150755943537575E-004
          10           1  -8.7830249982656476E-011
          10           2  -5.4121028784882075E-010
          10           3  -4.9989785301397810E-009
          10           4   4.7306502917643670E-009
          10           5   1.3185856512023934E-008
          10           6   1.0381024215540414E-008
          10           7  -5.2212624157293927E-003
          10           8  -1.4758017522293877E-004
          10           9  -9.5469185562434237E-005
          10          10   1.9267839634166424     
          10          11  -2.1146648607172271E-003
          10          12  -1.3679815165078008E-003
          10          13   8.8015406134114044E-002
          10          14   7.1259621855021158E-003
          10          15   4.6097449928340440E-003
          10          16 -0.27095660438165420     
          10          17   7.6514134148167384E-003
          10          18   4.9497574088713803E-003
          10          19   9.6643365801236822E-002
          10          20   4.3686253057408963E-003
          10          21   2.8261621143333550E-003
          10          22   1.3973018535599673E-009
          10          23   1.3507127257971873E-009
          10          24  -2.6990660323900033E-010
          10          25   2.8243714392114959E-009
          10          26  -4.9796067466633355E-010
          10          27  -2.8047508869631316E-009
          10          28  -9.2828055382759816E-010
          10          29   1.2507188999500206E-009
          10          30   7.3722971777066175E-010
          10          31  -3.5473766868076409E-010
          10          32  -1.3737775061400283E-009
          10          33   1.4741601561989042E-009
          10          34  -2.7680550739720388E-009
          10          35  -6.9262647978437795E-010
          10          36  -1.3155606328393881E-009
          10          37   7.3254655590736996E-010
          10          38   1.7085498975660045E-009
          10          39  -2.0561492429173640E-009
          10          40  -4.6667230618866497E-003
          10          41  -4.9958508279239358E-004
          10          42  -1.1694478454528001E-003
          10          43  -1.8557612326644672E-003
          10          44  -3.2314586083490222E-004
          10          45  -2.7651285795891601E-005
          10          46  -5.3517498098593563E-004
          10          47  -1.1479392770052631E-003
          10          48  -8.2960924259485743E-004
          10          49  -1.2015383273242190E-003
          11           1  -2.3222672056744960E-010
          11           2  -2.4743799852704692E-009
          11           3  -1.2330321928481109E-008
          11           4   3.3154024204707096E-009
          11           5   1.6715157465127928E-008
          11           6   2.0842479581381726E-008
          11           7  -1.4757929445025384E-004
          11           8  -6.2705476703278605E-003
          11           9   1.3174557365965804E-005
          11          10  -2.1146648607172271E-003
          11          11   1.9117461839023568     
          11          12   1.8877500147391923E-004
          11          13   7.1258936426565039E-003
          11          14  0.13867807918201105     
          11          15  -6.3613569043969773E-004
          11          16   7.6476215345388397E-003
          11          17 -0.21660676257025724     
          11          18  -6.8303842026727992E-004
          11          19   4.3687402520921929E-003
          11          20  0.12770989044604697     
          11          21  -3.8997404690208580E-004
          11          22  -6.4609725094224063E-010
          11          23  -1.3866927189107501E-008
          11          24   3.2994459405442107E-009
          11          25   1.4580688134891880E-009
          11          26  -2.4459036304077449E-009
          11          27   3.7464384832846686E-011
          11          28   8.9458115538595482E-010
          11          29   4.8743254918808731E-009
          11          30  -9.8327121600923871E-010
          11          31  -3.9018317466442174E-010
          11          32  -1.4341471926741514E-009
          11          33   1.9246449599942704E-009
          11          34  -5.6396425894821501E-009
          11          35  -2.4722962460316791E-009
          11          36  -2.3231959830543105E-009
          11          37   5.0856886390550826E-010
          11          38   4.7230657268871259E-009
          11          39  -4.4554922905835246E-009
          11          40  -1.7060897413359389E-003
          11          41  -7.5288310236710362E-003
          11          42  -7.0032122281516579E-004
          11          43  -1.5764117355406566E-002
          11          44   5.5934592599916150E-005
          11          45   5.0333371213344447E-005
          11          46   6.2528158910925131E-005
          11          47  -8.2957622829676544E-004
          11          48  -7.0445521192664083E-003
          11          49   1.6583402001825416E-004
          12           1  -8.1809761854273197E-010
          12           2  -6.4389016650829460E-009
          12           3  -4.2742989671968602E-008
          12           4   3.4223448463043391E-008
          12           5   7.7440149298992104E-008
          12           6   7.3970787886902989E-008
          12           7  -9.5468677138562196E-005
          12           8   1.3174028457071140E-005
          12           9  -6.2823927788997133E-003
          12          10  -1.3679815165078008E-003
          12          11   1.8877500147391923E-004
          12          12   1.9115764183960520     
          12          13   4.6097122195046360E-003
          12          14  -6.3612814639000485E-004
          12          15  0.13925003344584960     
          12          16   4.9472783471193873E-003
          12          17  -6.8303139046462999E-004
          12          18 -0.21599293260215663     
          12          19   2.8262217744325730E-003
          12          20  -3.8997267240635947E-004
          12          21  0.12806050404746566     
          12          22  -1.0705126590115788E-009
          12          23  -1.7880305275752228E-008
          12          24   4.3744193996052989E-009
          12          25   1.3038580552757950E-008
          12          26  -7.4647765055439854E-009
          12          27  -7.3056929906032489E-009
          12          28   5.6920467701672091E-009
          12          29   1.2038905223656513E-008
          12          30  -6.5935662594247810E-009
          12          31   4.8141332290955311E-010
          12          32  -6.3387093567298535E-009
          12          33   5.7255406945231341E-009
          12          34  -2.1927888169860685E-008
          12          35  -6.1239591667867712E-009
          12          36  -1.0120724819922192E-008
          12          37   1.6528012852886120E-009
          12          38   1.2076797481882832E-008
          12          39  -1.5929266586757784E-008
          12          40  -1.1036264614093466E-003
          12          41   5.5934261435067209E-005
          12          42  -5.3516189983092140E-004
          12          43   1.6567640120265586E-004
          12          44  -7.5791395711577655E-003
          12          45   7.5177905550259536E-005
          12          46  -7.1163528197339121E-003
          12          47  -4.5448492404035618E-004
          12          48   6.2727330417823986E-005
          12          49  -1.5901559047122617E-002
          13           1   1.1163199112241900E-012
          13           2  -1.7996629225558532E-010
          13           3  -1.4352622644330574E-009
          13           4   4.6395327736664965E-010
          13           5  -1.3087728234557853E-008
          13           6  -6.9009947379838984E-010
          13           7   6.8049579298991008E-003
          13           8   3.9408319354988325E-004
          13           9   2.5493408063768539E-004
          13          10   8.8015406134114044E-002
          13          11   7.1258936426565039E-003
          13          12   4.6097122195046360E-003
          13          13  0.14329300824544156     
          13          14  -1.8358127620166510E-002
          13          15  -1.1876020095308443E-002
          13          16  0.14803328407274280     
          13          17  -2.2623771633653960E-002
          13          18  -1.4635636296346524E-002
          13          19  0.12467739141057961     
          13          20  -1.5903653804432986E-002
          13          21  -1.0288311850796983E-002
          13          22  -8.2083023689555214E-009
          13          23  -2.3157930406453315E-008
          13          24  -7.8181924226612939E-009
          13          25  -9.3057528605594292E-009
          13          26   1.1845139068961759E-008
          13          27   1.6076311885013992E-008
          13          28   5.0959895725245269E-010
          13          29  -5.3549790554829360E-011
          13          30  -5.7306034592448349E-010
          13          31  -5.3281772242135763E-010
          13          32   2.5441519507583177E-010
          13          33  -4.3184448743962968E-010
          13          34   6.9885872190250558E-010
          13          35   9.2464892475241373E-011
          13          36  -1.0173500460632730E-009
          13          37  -9.5179753745964641E-010
          13          38   3.6521367635961496E-010
          13          39  -6.5392009517033547E-010
          13          40  -1.6280982703671898E-002
          13          41   4.9368222436587761E-004
          13          42  -8.7622685302562887E-003
          13          43   2.5604114981324258E-003
          13          44   3.1936848776648085E-004
          13          45   6.8068744789974241E-005
          13          46   7.3527779329787368E-004
          13          47  -8.8152701182016083E-003
          13          48   1.1440047432252751E-003
          13          49   1.6598746794375420E-003
          14           1  -1.1044886619017045E-011
          14           2  -2.0864018779715129E-010
          14           3  -6.8698633965514815E-010
          14           4   2.7934734019714828E-010
          14           5   7.7708319543011001E-009
          14           6   1.7676220552607134E-009
          14           7   3.9408532443868340E-004
          14           8   9.6064724332575457E-003
          14           9  -3.5178799462795851E-005
          14          10   7.1259621855021158E-003
          14          11  0.13867807918201105     
          14          12  -6.3612814639000485E-004
          14          13  -1.8358127620166510E-002
          14          14   1.2789384941169546E-002
          14          15   1.6387901336240602E-003
          14          16  -2.2611701291035558E-002
          14          17  -1.2709155542892446E-002
          14          18   2.0196007335288855E-003
          14          19  -1.5904190114405529E-002
          14          20   1.1618542262243334E-002
          14          21   1.4197026330612229E-003
          14          22   8.1207747735561324E-009
          14          23   2.8823829372636527E-008
          14          24  -3.7352905949397541E-009
          14          25   9.4805202168999781E-009
          14          26   1.0230745771265406E-008
          14          27  -4.2144463652361091E-009
          14          28   7.7348170981428820E-011
          14          29   2.1984619287860761E-010
          14          30   2.3190460836664759E-011
          14          31   1.0209593055237196E-011
          14          32  -1.4494017177597311E-010
          14          33   1.8115858826392703E-010
          14          34  -3.1570685261650899E-010
          14          35  -2.0109255498472069E-010
          14          36  -1.1663931749195596E-010
          14          37   1.7095992971811760E-010
          14          38   3.3766696556931497E-010
          14          39  -3.3154290152616278E-010
          14          40   2.0742586414587319E-003
          14          41  -6.2548220951152696E-004
          14          42   1.1457548979094524E-003
          14          43  -1.5293413884354739E-003
          14          44  -4.3247652946947908E-005
          14          45  -6.0195509852625467E-006
          14          46  -1.0228322865789650E-004
          14          47   1.1439105840910671E-003
          14          48  -6.8340474194242414E-004
          14          49  -2.2904659714602165E-004
          15           1  -5.8234853466027036E-011
          15           2  -4.5973582883914713E-010
          15           3  -3.7192099374521954E-009
          15           4   2.4172154718301341E-009
          15           5   4.5556217030930258E-009
          15           6   5.5104685213875983E-009
          15           7   2.5493442791157755E-004
          15           8  -3.5179078046612802E-005
          15           9   9.6380940964097134E-003
          15          10   4.6097449928340440E-003
          15          11  -6.3613569043969773E-004
          15          12  0.13925003344584960     
          15          13  -1.1876020095308443E-002
          15          14   1.6387901336240602E-003
          15          15   1.1316280749991119E-002
          15          16  -1.4627667056954802E-002
          15          17   2.0195798238025375E-003
          15          18  -1.4524585682301184E-002
          15          19  -1.0288540439031586E-002
          15          20   1.4196856391831554E-003
          15          21   1.0342398279063802E-002
          15          22  -1.2910701476672860E-008
          15          23  -5.0934341648143832E-008
          15          24   2.8901510947324559E-009
          15          25  -1.2593909399713221E-008
          15          26   1.9275023793618232E-010
          15          27   9.7160873638246659E-009
          15          28   2.1210853672105216E-010
          15          29   1.1942782536934772E-009
          15          30  -4.4875704787171024E-010
          15          31   2.1177514323964708E-010
          15          32  -5.4094094978214998E-010
          15          33   5.0511742866249293E-010
          15          34  -2.1556502473284053E-009
          15          35  -4.6079331610063949E-010
          15          36  -5.2085975858369770E-010
          15          37   2.6231861548994566E-010
          15          38   8.5896028453756533E-010
          15          39  -9.6456028732168955E-010
          15          40   1.3418576116392188E-003
          15          41  -4.3247813433283331E-005
          15          42   7.3524233159308588E-004
          15          43  -2.2856116264707518E-004
          15          44  -5.8660882002156646E-004
          15          45  -8.0357313340194008E-007
          15          46  -5.9154817295450869E-004
          15          47   7.4596349562269272E-004
          15          48  -1.0294446155622253E-004
          15          49  -1.3233750330725218E-003
          16           1   1.7851489756858081E-011
          16           2   1.1170964495662714E-011
          16           3   3.0480473183085437E-010
          16           4  -4.2649005838912015E-010
          16           5  -7.9396646534106908E-009
          16           6  -2.8808956884715587E-009
          16           7  -1.9056633186344096E-002
          16           8   4.9380483357486184E-004
          16           9   3.1944556905071759E-004
          16          10 -0.27095660438165420     
          16          11   7.6476215345388397E-003
          16          12   4.9472783471193873E-003
          16          13  0.14803328407274280     
          16          14  -2.2611701291035558E-002
          16          15  -1.4627667056954802E-002
          16          16  0.22325315072023955     
          16          17  -2.7449950706920200E-002
          16          18  -1.7757758604475902E-002
          16          19  0.12491942790814657     
          16          20  -1.9244405001386623E-002
          16          21  -1.2449494947498094E-002
          16          22  -2.0368665891558330E-009
          16          23  -2.6246879271438360E-009
          16          24   3.1562439227933607E-009
          16          25  -3.9083778886805303E-009
          16          26  -6.2026864552090594E-009
          16          27  -7.5670272768234295E-010
          16          28   6.5334579987289432E-010
          16          29  -4.0468044174610138E-010
          16          30  -7.9243384942061448E-010
          16          31  -5.7413174934989249E-010
          16          32   5.8653607870749517E-010
          16          33  -7.7973123498737896E-010
          16          34   1.0933670677434417E-009
          16          35   3.5250161304316507E-010
          16          36  -8.0135968755423856E-010
          16          37  -1.1779822617948215E-009
          16          38   4.1636819305929082E-011
          16          39  -2.8853800941178395E-010
          16          40  -1.7847666918417611E-002
          16          41   6.6907186574288768E-004
          16          42  -9.8672984950520012E-003
          16          43   3.3180841230354215E-003
          16          44   4.3282173008199422E-004
          16          45   8.3799534729599496E-005
          16          46   9.5331446293988036E-004
          16          47  -9.9325445522097655E-003
          16          48   1.4826264768363880E-003
          16          49   2.1507545364612577E-003
