           1           1   2.0000162133352823     
           1           2   4.5044789704830667E-005
           1           3  -1.9211997026998630E-004
           1           4  -6.2139235491158768E-005
           1           5   8.8457609142993977E-006
           1           6  -9.1228412351308753E-005
           1           7  -5.6525273416232862E-012
           1           8  -1.1001850387094160E-011
           1           9  -1.8292242558652981E-011
           1          10  -3.7970463991264749E-011
           1          11  -5.3214991865823149E-010
           1          12  -4.3319871584430356E-011
           1          13   5.1653129613551926E-012
           1          14  -2.5924838099028666E-012
           1          15   1.7163759660965865E-011
           1          16  -4.9505195279729453E-010
           1          17   8.1800844204427000E-010
           1          18  -1.3449801487056043E-009
           1          19  -1.4795991403915549E-011
           1          20  -1.3736737258520083E-011
           1          21   9.5684996746677445E-012
           1          22  -3.2160284534374871E-004
           1          23  -3.1669833857528753E-005
           1          24   6.7310460565159135E-005
           1          25   1.7190280404059022E-004
           1          26   1.2062883188024278E-005
           1          27   1.2528655230796845E-005
           1          28  -8.3138599800755005E-005
           1          29  -1.8092090643923675E-006
           1          30  -6.0921336657491748E-005
           1          31   9.8206986071888108E-006
           1          32   6.8916784454253375E-007
           1          33  -6.4051123572509620E-005
           1          34  -5.1658917156610030E-005
           1          35  -2.9534525566338687E-006
           1          36  -1.5389835843273756E-005
           1          37   1.6031936905713845E-005
           1          38   1.1250334054518552E-006
           1          39  -2.0499088193864736E-005
           1          40   6.4916242396235530E-012
           1          41  -4.2607276901910064E-012
           1          42  -8.3242960212874596E-013
           1          43  -1.0103522622026243E-012
           1          44   8.6541410170476883E-012
           1          45   2.9838531689306518E-013
           1          46   4.2305035000647667E-012
           1          47  -1.8008614280275659E-012
           1          48   3.3430235417900261E-012
           1          49   8.0191316848379585E-012
           2           1   4.5044789704830667E-005
           2           2   1.9990673959236345     
           2           3  -4.7211723858500976E-003
           2           4   7.5289802450416150E-004
           2           5  -5.7849377309334045E-003
           2           6   6.8159010596420652E-004
           2           7  -1.5731399667716425E-010
           2           8  -2.7859147035869819E-010
           2           9  -3.6469274394472147E-010
           2          10  -3.0697249779823653E-011
           2          11  -5.1229948893596828E-009
           2          12  -1.6206617580909029E-010
           2          13   1.1197627875007276E-011
           2          14  -8.3055588012403413E-012
           2          15   9.5934786986461822E-011
           2          16  -3.3466364952918017E-009
           2          17   5.5278538226576181E-009
           2          18  -9.0552568267797422E-009
           2          19  -9.6793753681245969E-011
           2          20  -7.5055921128701343E-011
           2          21   6.7378531676669041E-011
           2          22  -1.3053241195052077E-003
           2          23  -2.0849245698471568E-004
           2          24   1.2550026382626229E-003
           2          25   1.1316734046245469E-003
           2          26   7.9412997725204488E-005
           2          27   8.9436656857853425E-004
           2          28   5.2309372411131212E-004
           2          29  -1.3332601765747862E-005
           2          30   6.8679598264549603E-004
           2          31   7.2361812214441016E-005
           2          32   5.0787187109132553E-006
           2          33   6.6373456302628111E-004
           2          34   1.8965698939784015E-004
           2          35  -1.7816774350464433E-005
           2          36   4.0845935939486057E-004
           2          37   9.6716519698377120E-005
           2          38   6.7867799936552297E-006
           2          39   3.7763664800301462E-004
           2          40   5.3645480901948013E-011
           2          41  -2.3010768687630365E-011
           2          42  -2.0855319620806120E-012
           2          43   5.6452459623597376E-012
           2          44   5.6544560184385585E-011
           2          45   3.6825583852338178E-012
           2          46   2.7822648239700835E-011
           2          47  -1.1702933594471622E-011
           2          48   2.3043599050861725E-011
           2          49   5.7330657927174201E-011
           3           1  -1.9211997026998630E-004
           3           2  -4.7211723858500976E-003
           3           3   1.9737661894878984     
           3           4   1.7071606032411146E-002
           3           5  -4.0624070812539638E-002
           3           6  -1.3874783698687426E-003
           3           7  -1.8898661223666797E-010
           3           8  -2.8595796325577475E-010
           3           9  -4.9081474552579728E-010
           3          10   1.9543134028546420E-009
           3          11  -1.8202921630795103E-008
           3          12   5.1318587590858459E-009
           3          13   7.8321928846601780E-010
           3          14   3.4630246581305739E-011
           3          15   1.0167480995258392E-009
           3          16  -1.6833865589104470E-008
           3          17   2.3499712534282326E-008
           3          18  -4.3917691128652712E-008
           3          19  -1.5251784076337536E-010
           3          20  -3.6716792508133046E-010
           3          21   5.8383468481871336E-010
           3          22  -3.8506715530976900E-003
           3          23  -5.2304548022047534E-004
           3          24   2.5724045433067389E-003
           3          25   2.8389513982551031E-003
           3          26   1.9921810561280990E-004
           3          27   1.6677270557919318E-003
           3          28   3.5318978455500878E-003
           3          29   6.3424723334470904E-006
           3          30   3.4537982003201044E-003
           3          31  -3.4516532768168767E-005
           3          32  -2.4150893270288168E-006
           3          33   3.4647976366924981E-003
           3          34   5.6833785271686536E-003
           3          35  -7.8461557748550124E-005
           3          36   6.6469554284723370E-003
           3          37   4.2592658459934005E-004
           3          38   2.9887393852149099E-005
           3          39   6.5112158702399919E-003
           3          40  -1.6088429440373934E-010
           3          41  -1.2781877010210718E-010
           3          42  -1.8103808456089159E-010
           3          43  -4.8754386117610321E-011
           3          44   7.0251275628098488E-011
           3          45   3.5312718948919805E-011
           3          46  -5.7209600108947174E-011
           3          47  -2.7557128503176203E-010
           3          48  -1.2982074125368449E-011
           3          49  -2.9430632274761041E-011
           4           1  -6.2139235491158768E-005
           4           2   7.5289802450416150E-004
           4           3   1.7071606032411146E-002
           4           4   5.0775524874661828E-004
           4           5   1.1233520403741716E-002
           4           6   3.1860147988744050E-004
           4           7  -5.5764918390267649E-010
           4           8   3.1024786651068806E-010
           4           9  -6.2845235683083368E-010
           4          10   2.8006280826862469E-009
           4          11   1.1046070785298944E-008
           4          12   2.2972968372264472E-009
           4          13  -3.6695890679949107E-010
           4          14   2.0338729860796455E-010
           4          15  -1.0560617885842174E-009
           4          16   4.1619665609301584E-008
           4          17  -3.4649782938372519E-008
           4          18   1.0788962612658377E-007
           4          19  -3.0104447000252020E-010
           4          20   6.9053659201546504E-010
           4          21  -1.9395826165052737E-009
           4          22   9.5330949998128356E-003
           4          23   1.2515963752074344E-003
           4          24  -5.8369348335689727E-003
           4          25  -6.7937382040234506E-003
           4          26  -4.7673097731321600E-004
           4          27  -3.6718873213851446E-003
           4          28   2.2311251386589583E-004
           4          29   4.3604148959020010E-005
           4          30  -3.1235233945273990E-004
           4          31  -2.3669182439323800E-004
           4          32  -1.6609784474533662E-005
           4          33  -2.3692030084171732E-004
           4          34   4.2470260946180915E-004
           4          35   7.2578698259347080E-005
           4          36  -4.6657952179688240E-004
           4          37  -3.9397133643482169E-004
           4          38  -2.7646759278141116E-005
           4          39  -3.4102391813391870E-004
           4          40  -5.6355331024398296E-010
           4          41   1.7720930497587381E-010
           4          42  -4.6730080759916816E-011
           4          43   1.1019440278562681E-010
           4          44  -5.6257586993432066E-010
           4          45  -5.0076610276314667E-011
           4          46  -2.7320923800724405E-010
           4          47   1.6270622330544109E-010
           4          48  -1.5762708161800733E-011
           4          49  -6.5936013813510289E-010
           5           1   8.8457609142993977E-006
           5           2  -5.7849377309334045E-003
           5           3  -4.0624070812539638E-002
           5           4   1.1233520403741716E-002
           5           5   1.9432398412597056     
           5           6   3.3424763883287047E-003
           5           7   4.8096420094847265E-010
           5           8  -4.4689924695791032E-010
           5           9   4.6547326628448929E-010
           5          10   2.5601639820460841E-009
           5          11  -3.7337116942722136E-008
           5          12   2.1208230521713899E-009
           5          13  -2.5433681251109583E-009
           5          14   1.2921697514964827E-009
           5          15  -7.9281564335240025E-010
           5          16  -1.3434396879569231E-007
           5          17   3.8556618714390628E-008
           5          18  -1.5157214590394400E-007
           5          19   4.0574982478387842E-009
           5          20   4.8689162600621097E-009
           5          21  -3.0237455725511173E-008
           5          22   3.8447866055163898E-003
           5          23   4.5288402960132852E-004
           5          24  -1.7179230216742697E-003
           5          25  -2.4592955415296859E-003
           5          26  -1.7253740316401596E-004
           5          27  -9.3399576780063987E-004
           5          28   7.9818114897454370E-003
           5          29   5.5906452638216134E-004
           5          30   1.1173007800154688E-003
           5          31  -3.0343117822828353E-003
           5          32  -2.1296920796967005E-004
           5          33   2.0843063673776033E-003
           5          34  -2.3141660720758482E-003
           5          35  -7.6820306133504324E-004
           5          36   7.1196178049104733E-003
           5          37   4.1699967607475852E-003
           5          38   2.9262145212802693E-004
           5          39   5.7906603845044556E-003
           5          40  -3.9080606512408690E-009
           5          41  -1.9934413084209039E-009
           5          42   1.2950592873020388E-009
           5          43   5.1599260821175260E-010
           5          44   3.5927453539289410E-009
           5          45  -9.1183984991744177E-010
           5          46   1.6644058599372366E-009
           5          47   5.0016461013114522E-009
           5          48   5.0627732368809420E-009
           5          49  -1.0060355206873253E-009
           6           1  -9.1228412351308753E-005
           6           2   6.8159010596420652E-004
           6           3  -1.3874783698687426E-003
           6           4   3.1860147988744050E-004
           6           5   3.3424763883287047E-003
           6           6   5.6238086235084581E-004
           6           7  -9.2532282218747100E-012
           6           8   1.4468477893689678E-011
           6           9   2.1506734234335615E-011
           6          10   9.6594458177006229E-010
           6          11   6.7560218634492129E-009
           6          12   4.9063367634456439E-009
           6          13   5.8683150673359346E-010
           6          14  -1.5284345037886756E-010
           6          15   1.2304849724925372E-009
           6          16  -6.8234913533735290E-008
           6          17   7.2529196819915532E-009
           6          18  -1.7025621263698139E-007
           6          19   2.6267278439559023E-009
           6          20  -1.7324810448634186E-010
           6          21   4.7908453498847713E-009
           6          22  -1.4358369390580256E-003
           6          23  -1.8940898564710220E-004
           6          24   8.9027845405305437E-004
           6          25   1.0281636847751712E-003
           6          26   7.2145840347274861E-005
           6          27   5.6261391388176074E-004
           6          28   3.0722012349916833E-004
           6          29   6.9504523733456727E-005
           6          30  -5.4630924638309126E-004
           6          31  -3.7728424800529976E-004
           6          32  -2.6475768828934781E-005
           6          33  -4.2607180729467922E-004
           6          34   6.6952134697224170E-004
           6          35   1.3200007796556907E-004
           6          36  -9.5147044395670934E-004
           6          37  -7.1652345851299130E-004
           6          38  -5.0281734920575576E-005
           6          39  -7.2312002774064111E-004
           6          40   8.9050598949320638E-010
           6          41   3.9175816753544331E-011
           6          42   2.0522490457071350E-010
           6          43  -3.6103562486094540E-011
           6          44   6.5931694615045013E-010
           6          45   1.2167503715467464E-010
           6          46   3.0063911455571545E-010
           6          47  -3.2561865525975241E-010
           6          48  -2.7367331508857112E-010
           6          49   9.9559364015107932E-010
           7           1  -5.6525273416232862E-012
           7           2  -1.5731399667716425E-010
           7           3  -1.8898661223666797E-010
           7           4  -5.5764918390267649E-010
           7           5   4.8096420094847265E-010
           7           6  -9.2532282218747100E-012
           7           7   1.9998801601149307     
           7           8   5.5377943117776302E-007
           7           9  -3.0057927355689585E-006
           7          10   3.9672885203557870E-005
           7          11  -1.6345472611679166E-005
           7          12   8.8733826595217111E-005
           7          13   8.1255409895586374E-004
           7          14  -4.2812585084583107E-006
           7          15   2.3237385080346592E-005
           7          16  -3.1825339139125450E-003
           7          17  -4.0942081442089504E-005
           7          18   2.2224510495390110E-004
           7          19   1.6876379790148350E-003
           7          20   2.5004783065269220E-008
           7          21  -1.3687180779512637E-007
           7          22   4.1322365974198197E-009
           7          23   8.4559390811583902E-010
           7          24   2.2384141573944686E-010
           7          25   5.2905185519611406E-009
           7          26   1.7573258794042339E-010
           7          27  -3.6166289739187726E-009
           7          28   1.9856774394168586E-011
           7          29  -1.4465145224053855E-012
           7          30   9.4206870480282059E-011
           7          31  -1.8384519652549101E-011
           7          32   2.7546774474183386E-011
           7          33   4.6282094201543708E-011
           7          34  -3.4585124528614614E-011
           7          35  -2.0749807260394771E-011
           7          36  -8.1288673553611874E-011
           7          37   3.5361087677759516E-011
           7          38   1.4905649273756521E-011
           7          39  -6.0467730832873393E-011
           7          40   9.7098351008464447E-004
           7          41   1.0584314691443173E-006
           7          42   4.3246311399695707E-004
           7          43   1.5094983981779811E-006
           7          44  -5.7450935237870484E-006
           7          45  -1.7094474898377679E-007
           7          46  -3.6714586312750095E-006
           7          47   4.3323944155299369E-004
           7          48   7.3160230095709873E-007
           7          49  -8.4171745428883815E-006
           8           1  -1.1001850387094160E-011
           8           2  -2.7859147035869819E-010
           8           3  -2.8595796325577475E-010
           8           4   3.1024786651068806E-010
           8           5  -4.4689924695791032E-010
           8           6   1.4468477893689678E-011
           8           7   5.5377943117776302E-007
           8           8   1.9998723083533407     
           8           9  -2.1098028418679557E-007
           8          10  -1.6345956253405778E-005
           8          11   2.7146978962949014E-004
           8          12   6.2261745281930749E-006
           8          13  -4.2812322614580795E-006
           8          14   8.7325540425271309E-004
           8          15   1.6309122700503686E-006
           8          16  -4.0941208630353715E-005
           8          17  -2.6019724506992524E-003
           8          18   1.5597562931730158E-005
           8          19   2.4934123851434315E-008
           8          20   1.6872801709291838E-003
           8          21  -9.2818462850278711E-009
           8          22  -4.6618107895620973E-009
           8          23   8.8210644703344481E-010
           8          24   5.9052219551830191E-011
           8          25  -5.9246047752010581E-009
           8          26  -8.9679953275349082E-010
           8          27   4.8182424377584243E-009
           8          28  -1.5781786657041302E-012
           8          29  -3.4562966106244106E-011
           8          30  -4.5760138845913818E-011
           8          31  -1.0886302057068795E-011
           8          32  -8.4820908422306791E-011
           8          33  -4.3345169837001231E-011
           8          34   2.4589614809262032E-011
           8          35   8.1469600332302756E-011
           8          36   1.7023730454559325E-011
           8          37   7.3862745416078703E-011
           8          38   5.0224664327403469E-011
           8          39   1.1325139565826119E-010
           8          40   1.8014313909494540E-006
           8          41   4.2283253189100384E-004
           8          42   6.6679975508063105E-007
           8          43   9.4557090688484778E-004
           8          44  -4.0678749917648713E-007
           8          45   1.7541414577721129E-008
           8          46  -2.5401580464723611E-007
           8          47   7.3161863382195087E-007
           8          48   4.2286670883388085E-004
           8          49  -5.9064802232720960E-007
           9           1  -1.8292242558652981E-011
           9           2  -3.6469274394472147E-010
           9           3  -4.9081474552579728E-010
           9           4  -6.2845235683083368E-010
           9           5   4.6547326628448929E-010
           9           6   2.1506734234335615E-011
           9           7  -3.0057927355689585E-006
           9           8  -2.1098028418679557E-007
           9           9   1.9998734144378991     
           9          10   8.8733412893258557E-005
           9          11   6.2261968893963528E-006
           9          12   2.3881728849606840E-004
           9          13   2.3237681237028026E-005
           9          14   1.6311646260424007E-006
           9          15   8.6470432990033946E-004
           9          16   2.2224270255698011E-004
           9          17   1.5595770906440310E-005
           9          18  -2.6837561775790355E-003
           9          19  -1.3647215701619039E-007
           9          20  -8.9243672119383526E-009
           9          21   1.6873307354799459E-003
           9          22   2.9435663905427081E-009
           9          23   9.6495047088101941E-011
           9          24   7.5753358805907905E-010
           9          25   3.1668467230935454E-009
           9          26   2.8083256722709136E-010
           9          27  -2.4479771139688393E-009
           9          28   1.1328474706561016E-010
           9          29  -1.0621448992725332E-011
           9          30   1.5888208088893307E-010
           9          31   1.4743193632446147E-011
           9          32   4.8581550956227268E-011
           9          33   1.0559370335412560E-011
           9          34   2.7458970233330766E-011
           9          35  -3.1139155011562155E-011
           9          36  -1.4542327697354428E-010
           9          37   5.4087511615262118E-011
           9          38   4.8116773838966401E-011
           9          39  -4.7958589736389683E-011
           9          40  -9.7776986949841931E-006
           9          41  -4.0669728401283938E-007
           9          42  -3.6713014052236334E-006
           9          43  -5.7469708705459477E-007
           9          44   4.2496562107530026E-004
           9          45   6.0419654244454949E-008
           9          46   4.2422326750296801E-004
           9          47  -3.9193646882152657E-006
           9          48  -2.7497446960092312E-007
           9          49   9.4865016796714680E-004
          10           1  -3.7970463991264749E-011
          10           2  -3.0697249779823653E-011
          10           3   1.9543134028546420E-009
          10           4   2.8006280826862469E-009
          10           5   2.5601639820460841E-009
          10           6   9.6594458177006229E-010
          10           7   3.9672885203557870E-005
          10           8  -1.6345956253405778E-005
          10           9   8.8733412893258557E-005
          10          10   2.0221464465115861     
          10          11  -3.1091122125629701E-004
          10          12   1.6902514455831835E-003
          10          13  -1.0715748219143870E-002
          10          14   3.2359674203068716E-004
          10          15  -1.7566149257549472E-003
          10          16   5.3303440030472340E-002
          10          17  -3.4081228959255346E-004
          10          18   1.8500237634364754E-003
          10          19  -2.7056430887973052E-002
          10          20  -5.9839821058166559E-005
          10          21   3.2483962158962656E-004
          10          22   5.1984517900560129E-008
          10          23   8.2367928244604203E-009
          10          24  -7.9831914293089332E-010
          10          25   7.1064329109503026E-008
          10          26   4.2683637834890083E-009
          10          27  -5.2600596266446991E-008
          10          28  -9.8058009210512299E-011
          10          29   4.5387438790181473E-010
          10          30  -1.9881741065434104E-009
          10          31  -3.4940211548570843E-010
          10          32   1.4075189440832679E-009
          10          33  -9.0386189515645241E-010
          10          34  -2.4070457060483795E-009
          10          35  -1.2864516632541407E-009
          10          36   9.0292454480928017E-011
          10          37  -1.3176701781729527E-010
          10          38  -1.3021084029682817E-009
          10          39  -7.7867356803698650E-010
          10          40  -1.5363102241194658E-002
          10          41   1.8470091265609413E-006
          10          42  -7.3648488580797247E-003
          10          43  -1.5584428923289917E-004
          10          44  -9.9875005742349875E-006
          10          45  -1.6919744326821774E-005
          10          46   3.7823028613137707E-004
          10          47  -7.2880098567225642E-003
          10          48  -6.8920788303708698E-005
          10          49   8.4290287558743261E-004
          11           1  -5.3214991865823149E-010
          11           2  -5.1229948893596828E-009
          11           3  -1.8202921630795103E-008
          11           4   1.1046070785298944E-008
          11           5  -3.7337116942722136E-008
          11           6   6.7560218634492129E-009
          11           7  -1.6345472611679166E-005
          11           8   2.7146978962949014E-004
          11           9   6.2261968893963528E-006
          11          10  -3.1091122125629701E-004
          11          11   2.0265604480427868     
          11          12   1.1847012462489345E-004
          11          13   3.2358853382695587E-004
          11          14  -1.5304507488100461E-002
          11          15  -1.2326307973215401E-004
          11          16  -3.4077168542650946E-004
          11          17   5.8136063774856417E-002
          11          18   1.2984814184304361E-004
          11          19  -5.9855779785691004E-005
          11          20  -2.6207810073845060E-002
          11          21   2.2798028231766887E-005
          11          22  -5.8154656025141556E-008
          11          23   1.1680100505297566E-008
          11          24   2.4399869640343795E-009
          11          25  -8.2538151843658169E-008
          11          26  -9.5759443384659082E-009
          11          27   6.4080583426170267E-008
          11          28   5.3533499007079176E-009
          11          29  -4.5615637072873037E-010
          11          30   7.7952630762450793E-009
          11          31  -7.7867771668955000E-010
          11          32  -1.0721594973860408E-009
          11          33   3.6976483187263713E-009
          11          34   4.5713290032716820E-009
          11          35  -1.1719064228931092E-009
          11          36   4.1805909820608272E-009
          11          37   1.8680765971820076E-009
          11          38   2.1359268921188402E-009
          11          39   4.5057403613285709E-009
          11          40  -1.5185294651371307E-004
          11          41  -5.9073816019192841E-003
          11          42  -3.5268598314555739E-006
          11          43  -1.4258954186566551E-002
          11          44   2.4500317335028723E-005
          11          45  -2.0749257967729722E-004
          11          46   1.3430915257792690E-006
          11          47  -6.8927924075782866E-005
          11          48  -6.3106724350825870E-003
          11          49   5.9147313262667320E-005
          12           1  -4.3319871584430356E-011
          12           2  -1.6206617580909029E-010
          12           3   5.1318587590858459E-009
          12           4   2.2972968372264472E-009
          12           5   2.1208230521713899E-009
          12           6   4.9063367634456439E-009
          12           7   8.8733826595217111E-005
          12           8   6.2261745281930749E-006
          12           9   2.3881728849606840E-004
          12          10   1.6902514455831835E-003
          12          11   1.1847012462489345E-004
          12          12   2.0259382011858236     
          12          13  -1.7566165612244030E-003
          12          14  -1.2326324686997349E-004
          12          15  -1.4658094078301605E-002
          12          16   1.8500096970476359E-003
          12          17   1.2982802295216913E-004
          12          18   5.7455318288716112E-002
          12          19   3.2483354251213164E-004
          12          20   2.2799731103784090E-005
          12          21  -2.6327369293189181E-002
          12          22   3.0572356227342960E-008
          12          23   3.8544867382966349E-009
          12          24   4.1059873677273505E-009
          12          25   4.0715740503146076E-008
          12          26   4.4311413693993057E-009
          12          27  -3.6081560767936154E-008
          12          28   2.3686384956768602E-009
          12          29   1.0254861245245216E-009
          12          30  -3.1266030656532972E-009
          12          31  -1.2840185322146762E-009
          12          32   3.2089575342668507E-009
          12          33   6.4746220863037303E-010
          12          34  -5.1014501021732798E-009
          12          35  -3.3564837333430445E-009
          12          36  -4.0607276719606763E-010
          12          37  -3.6087028208777856E-010
          12          38  -2.8379556471450219E-009
          12          39  -3.3039203312948019E-009
          12          40   8.2425965336406059E-004
          12          41   2.4501520146527102E-005
          12          42   3.7822927387562753E-004
          12          43   5.9368635714145345E-005
          12          44  -6.0358642075729147E-003
          12          45   3.9100631812695873E-005
          12          46  -6.5159894215378635E-003
          12          47   1.5021977328795520E-005
          12          48   1.0504959325149829E-006
          12          49  -1.4421361623303118E-002
          13           1   5.1653129613551926E-012
          13           2   1.1197627875007276E-011
          13           3   7.8321928846601780E-010
          13           4  -3.6695890679949107E-010
          13           5  -2.5433681251109583E-009
          13           6   5.8683150673359346E-010
          13           7   8.1255409895586374E-004
          13           8  -4.2812322614580795E-006
          13           9   2.3237681237028026E-005
          13          10  -1.0715748219143870E-002
          13          11   3.2358853382695587E-004
          13          12  -1.7566165612244030E-003
          13          13   6.9246254349737528E-005
          13          14  -8.8353129522825959E-006
          13          15   4.7961369014709520E-005
          13          16  -1.4741026930435769E-003
          13          17   5.6700807615147979E-004
          13          18  -3.0778147597821308E-003
          13          19   1.6982996036608963E-004
          13          20  -1.6092578721672551E-005
          13          21   8.7354818362594573E-005
          13          22  -5.8528362839222307E-008
          13          23  -8.4153006396762899E-009
          13          24   4.7163163942921386E-010
          13          25  -7.8832484291268263E-008
          13          26  -4.6221388541531642E-009
          13          27   5.8075529494310603E-008
          13          28   1.4048697707974414E-010
          13          29   3.4390606536113783E-011
          13          30  -1.1337312524394195E-010
          13          31   2.2156124414300482E-010
          13          32  -8.4153404956147862E-013
          13          33  -3.3737823593227791E-010
          13          34  -2.7973490033510982E-010
          13          35   1.4863202036147998E-010
          13          36  -2.9621416698960698E-010
          13          37  -3.4903004180459305E-010
          13          38  -1.6081256631044689E-010
          13          39  -2.3232241192467117E-010
          13          40   9.6197566587199887E-005
          13          41  -3.5794338694279345E-006
          13          42   4.1217581499127383E-005
          13          43  -4.0698373700626239E-006
          13          44   1.9429989937706681E-005
          13          45   1.6981240179082451E-006
          13          46   9.9864399314542476E-006
          13          47   3.3505745740568946E-005
          13          48  -2.6739763315715092E-006
          13          49   2.5468938247170089E-005
          14           1  -2.5924838099028666E-012
          14           2  -8.3055588012403413E-012
          14           3   3.4630246581305739E-011
          14           4   2.0338729860796455E-010
          14           5   1.2921697514964827E-009
          14           6  -1.5284345037886756E-010
          14           7  -4.2812585084583107E-006
          14           8   8.7325540425271309E-004
          14           9   1.6311646260424007E-006
          14          10   3.2359674203068716E-004
          14          11  -1.5304507488100461E-002
          14          12  -1.2326324686997349E-004
          14          13  -8.8353129522825959E-006
          14          14   1.9453412082845863E-004
          14          15   3.3660812383937566E-006
          14          16   5.6698521298849814E-004
          14          17  -9.5141651052100314E-003
          14          18  -2.1601904501011867E-004
          14          19  -1.6091566705413166E-005
          14          20   3.9802266802415665E-004
          14          21   6.1304775498991888E-006
          14          22   7.2242521051072464E-008
          14          23  -9.6730371947263401E-009
          14          24   7.8495706734426791E-010
          14          25   9.0813168890142075E-008
          14          26   1.4060780387746218E-008
          14          27  -7.3089127528728498E-008
          14          28  -2.3118613543056992E-010
          14          29  -1.3946476206553426E-010
          14          30   5.7865008245836052E-011
          14          31  -2.9258342382787307E-010
          14          32  -1.0664393534597587E-010
          14          33   2.4904633890210294E-010
          14          34   3.1688885958269805E-010
          14          35  -2.2656300353244331E-010
          14          36   3.2163051218755234E-010
          14          37   3.1238382498380302E-010
          14          38  -1.5264765835491026E-010
          14          39  -1.4322430733568355E-010
          14          40  -8.4842708823958671E-006
          14          41   9.6548153298929673E-005
          14          42   2.3435190895378187E-006
          14          43   1.5050101180145645E-004
          14          44   2.9571517103289937E-006
          14          45  -1.2926471451620994E-005
          14          46  -8.9255669110741178E-007
          14          47  -2.6740158566014350E-006
          14          48   7.1424258613461103E-005
          14          49   1.7875623022775935E-006
          15           1   1.7163759660965865E-011
          15           2   9.5934786986461822E-011
          15           3   1.0167480995258392E-009
          15           4  -1.0560617885842174E-009
          15           5  -7.9281564335240025E-010
          15           6   1.2304849724925372E-009
          15           7   2.3237385080346592E-005
          15           8   1.6309122700503686E-006
          15           9   8.6470432990033946E-004
          15          10  -1.7566149257549472E-003
          15          11  -1.2326307973215401E-004
          15          12  -1.4658094078301605E-002
          15          13   4.7961369014709520E-005
          15          14   3.3660812383937566E-006
          15          15   1.7688498866103104E-004
          15          16  -3.0778016134726466E-003
          15          17  -2.1600720586920416E-004
          15          18  -8.3815632819687520E-003
          15          19   8.7355578233741873E-005
          15          20   6.1305251663934443E-006
          15          21   3.6587787373054215E-004
          15          22  -3.5486274352113289E-008
          15          23  -1.5946981770632810E-009
          15          24  -5.5992526180886281E-009
          15          25  -4.3744589061312497E-008
          15          26  -4.4104427583799385E-009
          15          27   4.1113309145654311E-008
          15          28  -2.3220374782872184E-010
          15          29   3.9104475410806822E-011
          15          30   4.3572018120460141E-011
          15          31   1.6096575349943768E-010
          15          32  -7.0577801888470968E-011
          15          33  -2.2834352690504531E-010
          15          34  -9.8136687212481421E-010
          15          35   3.3044421316801121E-010
          15          36  -2.1295184475170752E-010
          15          37  -3.7440879121593869E-010
          15          38  -4.3984234757469138E-010
          15          39  -2.5964447033293617E-010
          15          40   4.6057128727524052E-005
          15          41   2.9571485758075571E-006
          15          42   9.9863899844158956E-006
          15          43   1.5507481714821855E-006
          15          44   8.1041964655103043E-005
          15          45   1.4178302493505905E-006
          15          46   6.3629956609322650E-005
          15          47  -8.1918376810599020E-006
          15          48  -5.7455702949917954E-007
          15          49   1.5042761222651803E-004
          16           1  -4.9505195279729453E-010
          16           2  -3.3466364952918017E-009
          16           3  -1.6833865589104470E-008
          16           4   4.1619665609301584E-008
          16           5  -1.3434396879569231E-007
          16           6  -6.8234913533735290E-008
          16           7  -3.1825339139125450E-003
          16           8  -4.0941208630353715E-005
          16           9   2.2224270255698011E-004
          16          10   5.3303440030472340E-002
          16          11  -3.4077168542650946E-004
          16          12   1.8500096970476359E-003
          16          13  -1.4741026930435769E-003
          16          14   5.6698521298849814E-004
          16          15  -3.0778016134726466E-003
          16          16  0.14091625742727354     
          16          17  -6.5271068226422216E-002
          16          18  0.35430614214668898     
          16          19  -3.7810266142925368E-003
          16          20   1.4365348375700491E-003
          16          21  -7.7978783763115551E-003
          16          22   1.9585788800128823E-007
          16          23   2.4275698382957149E-008
          16          24  -5.1890669050118443E-009
          16          25   2.4905424092971760E-007
          16          26   1.4237293046798930E-008
          16          27  -1.9197235262007682E-007
          16          28   7.9710650552866560E-009
          16          29  -2.7459139834392652E-009
          16          30   1.0720699416974475E-008
          16          31   6.4424908492715409E-009
          16          32   1.4235940015660182E-009
          16          33   1.4035458055077907E-008
          16          34   3.3885626004079803E-008
          16          35  -1.7326220272357260E-008
          16          36   2.9289821930962820E-008
          16          37   3.1422628856803707E-008
          16          38   1.9318911074752776E-008
          16          39   2.8064001794027947E-008
          16          40  -2.1977763406713256E-003
          16          41   3.0510302384429436E-004
          16          42  -4.6099724645221654E-004
          16          43   3.1168236225385520E-004
          16          44  -1.6561859230880243E-003
          16          45  -1.9228325731516840E-004
          16          46  -7.6927767213384052E-004
          16          47   4.1224154012696208E-004
          16          48   2.4087349273893761E-004
          16          49  -2.0931810176885762E-003
