           1           1   3.0349000291433494     
           1           2  -1.8724061973979005     
           1           3  0.32117394287525386     
           1           4  -1.1660746900754436E-002
           1           5  -4.3129289725503860E-002
           1           6  -2.1071147921846077E-002
           1           7  -1.4020823609477299E-010
           1           8  -7.1810891223357906E-011
           1           9  -1.2865029722939466E-010
           1          10   2.1075417480057103E-010
           1          11   1.3220518756988890E-010
           1          12   4.0247937076590289E-011
           1          13  -1.2317382321339816E-011
           1          14   1.6625236986282743E-011
           1          15  -2.8421549682186582E-011
           1          16  -2.4381145560599056E-012
           1          17   1.3706494822032104E-011
           1          18  -6.0183412126574283E-011
           1          19   2.4899248238347557E-012
           1          20   3.1332198797418914E-012
           1          21   1.0222413414407772E-011
           1          22  -1.9238918370442285E-004
           1          23   3.7347487462399714E-004
           1          24  -3.9215191447758175E-004
           1          25   8.1275978760395631E-005
           1          26  -1.1016213860854074E-004
           1          27   2.5477175157078281E-005
           1          28   2.7435680604485934E-005
           1          29   1.5972966828654649E-004
           1          30  -5.8004902603845583E-005
           1          31   3.4762081754782242E-005
           1          32  -4.7117242342905105E-005
           1          33   1.2061164852046602E-004
           1          34   6.0654091827953057E-004
           1          35  -1.4993037809328340E-004
           1          36   6.8673653626541236E-004
           1          37  -3.2628420556535709E-005
           1          38   4.4224982616570781E-005
           1          39   5.1907969983901214E-004
           1          40   2.2777436555238597E-012
           1          41   4.4379281420920998E-013
           1          42   2.7857926765230676E-012
           1          43   4.8553462579901933E-012
           1          44  -1.4853453604881034E-015
           1          45  -2.2328432181272457E-013
           1          46  -3.8905587014802882E-012
           1          47   2.2994821756191805E-013
           1          48   2.3920976318469775E-012
           1          49  -4.5966364671032275E-012
           2           1  -1.8724061973979005     
           2           2   3.5229186304712208     
           2           3  -1.1509263090075970     
           2           4   4.3378183844879972E-002
           2           5  0.15674308368961271     
           2           6   7.6460992757190038E-002
           2           7   4.4443880071936398E-010
           2           8   3.6502417114680869E-010
           2           9  -2.0743549434435573E-010
           2          10  -9.0996240333701055E-010
           2          11  -8.9449481232020781E-010
           2          12   1.2382670839082075E-009
           2          13   3.5032032076675000E-011
           2          14  -8.3854855926320036E-011
           2          15   1.7918303333327793E-010
           2          16   3.0483612456800218E-012
           2          17  -6.0417839775111438E-011
           2          18   2.4915378907675300E-010
           2          19  -1.1815674472766494E-011
           2          20  -1.5544164377321017E-011
           2          21  -2.6289722131304122E-011
           2          22   3.4284878602319833E-004
           2          23  -6.7287537724152868E-004
           2          24   7.0275137453654918E-004
           2          25  -1.4643065848579363E-004
           2          26   1.9847417486760729E-004
           2          27  -4.9673644598754877E-005
           2          28  -4.7055600980269263E-004
           2          29  -4.8219963872891849E-004
           2          30  -2.1262106106036366E-004
           2          31  -1.0494227429010957E-004
           2          32   1.4224125289125913E-004
           2          33  -7.5183886841516325E-004
           2          34  -2.3122352132481953E-003
           2          35   6.1571980810385448E-004
           2          36  -2.6415748171416857E-003
           2          37   1.3399526962157120E-004
           2          38  -1.8161890946783040E-004
           2          39  -1.9530577648211125E-003
           2          40  -6.2758376851637123E-012
           2          41   7.5046764146029317E-013
           2          42  -8.8696104778639575E-012
           2          43  -1.4175890111229790E-011
           2          44  -4.5881084756632872E-012
           2          45   2.8802231809487350E-013
           2          46   9.1898504561982424E-012
           2          47  -1.8676045610932070E-013
           2          48  -6.1251702288897865E-012
           2          49   5.4684478529040653E-012
           3           1  0.32117394287525386     
           3           2  -1.1509263090075970     
           3           3   2.5055863426483169     
           3           4 -0.12497911849825849     
           3           5 -0.39116408152412629     
           3           6 -0.19254137152618431     
           3           7  -6.8709143149399418E-010
           3           8   1.3485527573885719E-010
           3           9  -2.5909979597954282E-009
           3          10   1.0031746060602173E-009
           3          11  -8.1626143776087795E-010
           3          12   6.4739964259991282E-009
           3          13  -1.8246902722158406E-010
           3          14   2.8899654719848777E-011
           3          15   6.8212379941972330E-011
           3          16  -5.3302854793817451E-011
           3          17   7.7598082210773465E-011
           3          18  -4.4906597930387474E-010
           3          19  -7.1574410381989862E-012
           3          20   1.4748154404313445E-012
           3          21   1.1975707800032523E-010
           3          22  -7.3950979526024929E-005
           3          23   5.2158359537173501E-003
           3          24  -2.8637796469635638E-003
           3          25   1.1350785168530637E-003
           3          26  -1.5384941779848543E-003
           3          27   2.9687019622860883E-003
           3          28   2.4883057129079606E-003
           3          29   1.8171685997258116E-003
           3          30   1.5162965997104741E-003
           3          31   3.9547014912552051E-004
           3          32  -5.3602751204752494E-004
           3          33   3.5483274907801383E-003
           3          34   5.5984096458986422E-003
           3          35  -1.2718782460335101E-003
           3          36   6.2787205523571919E-003
           3          37  -2.7679164597200568E-004
           3          38   3.7516702809667389E-004
           3          39   4.8564659293690955E-003
           3          40   2.6974460096342363E-011
           3          41   1.3509612837767781E-011
           3          42   3.5339726253005134E-011
           3          43   5.6999557567275649E-011
           3          44  -1.1491088116564791E-011
           3          45  -8.9038865588342590E-012
           3          46  -5.5091019929218053E-011
           3          47  -1.3403399406033861E-013
           3          48   3.5627360423950606E-011
           3          49  -8.5840337627738932E-011
           4           1  -1.1660746900754436E-002
           4           2   4.3378183844879972E-002
           4           3 -0.12497911849825849     
           4           4  0.17481062325072869     
           4           5  0.31549845127785447     
           4           6  0.16687134031776879     
           4           7  -2.3841413487462653E-010
           4           8  -1.0301047721821349E-009
           4           9   3.7070359402014476E-009
           4          10   1.8544514998011445E-009
           4          11   3.1988279799996463E-009
           4          12  -7.5580134327977046E-009
           4          13   2.6094804701758263E-010
           4          14   6.6749369392879817E-011
           4          15  -7.2314023927250864E-011
           4          16   1.2075531673616442E-010
           4          17  -4.1412260583772256E-011
           4          18   5.5059826912681004E-010
           4          19   7.4829181590624704E-011
           4          20   6.6787042094710417E-012
           4          21   9.2076071135440531E-011
           4          22   2.8602256067747481E-004
           4          23  -1.0059005187833170E-002
           4          24   5.6663764408155324E-003
           4          25  -2.1890644337733693E-003
           4          26   2.9670737661253305E-003
           4          27  -5.5818774457045122E-003
           4          28   1.1286095877835493E-003
           4          29  -2.4943218220879813E-003
           4          30   2.4627961750877054E-003
           4          31  -5.4282867834733357E-004
           4          32   7.3575721344628503E-004
           4          33  -3.2643673149792326E-004
           4          34   1.0598022554547245E-003
           4          35   1.1703587328517270E-003
           4          36   4.3379678240743091E-004
           4          37   2.5469742374318021E-004
           4          38  -3.4522001623419913E-004
           4          39   1.7425269361327775E-003
           4          40   7.5143139736387725E-012
           4          41  -5.1155519488890458E-012
           4          42  -4.8055953281103893E-011
           4          43  -4.6661558552780781E-011
           4          44  -3.1899412056136248E-012
           4          45   3.1085146578070397E-011
           4          46   7.3283266703991295E-011
           4          47   3.7369076527242046E-011
           4          48  -5.0997085108458761E-011
           4          49   1.1788276759579742E-010
           5           1  -4.3129289725503860E-002
           5           2  0.15674308368961271     
           5           3 -0.39116408152412629     
           5           4  0.31549845127785447     
           5           5  0.58166053000972640     
           5           6  0.30612053495864067     
           5           7  -5.9314011629119882E-010
           5           8   1.2346016897472584E-009
           5           9  -7.8281314020420901E-009
           5          10  -2.5714781964387366E-009
           5          11  -5.0917110231730851E-009
           5          12   1.5461105788478396E-008
           5          13   1.0321073011541149E-010
           5          14  -4.8067148158930660E-010
           5          15   1.3364041178639847E-009
           5          16  -3.7559473488873058E-011
           5          17  -2.7479813932260619E-010
           5          18   1.0856457256407616E-009
           5          19  -7.7318360912426926E-012
           5          20  -4.8491847931723923E-011
           5          21  -3.4953411624817820E-011
           5          22   2.3909134984204431E-004
           5          23  -1.8537336718394467E-003
           5          24   1.2306086903380651E-003
           5          25  -4.0340607842184175E-004
           5          26   5.4679640071291294E-004
           5          27  -8.4228106225694467E-004
           5          28   2.0665630026510322E-003
           5          29  -2.4912464106557220E-003
           5          30   3.3991254306399510E-003
           5          31  -5.4216577028223345E-004
           5          32   7.3486282033479421E-004
           5          33   6.1331990771544380E-004
           5          34   1.8232855327144654E-003
           5          35   3.1857434439823817E-003
           5          36   1.1928430901646117E-004
           5          37   6.9329213068682451E-004
           5          38  -9.3969655807545158E-004
           5          39   3.6816777986374821E-003
           5          40   6.9311098785916260E-011
           5          41   3.9454119014489228E-011
           5          42  -5.2029998410915830E-011
           5          43  -8.0523666701007943E-012
           5          44  -9.3348456242540645E-011
           5          45   4.1548884227219099E-011
           5          46   3.6906877354086169E-011
           5          47   8.4389458343541243E-011
           5          48  -3.6863232198707809E-011
           5          49  -1.0551759031388162E-011
           6           1  -2.1071147921846077E-002
           6           2   7.6460992757190038E-002
           6           3 -0.19254137152618431     
           6           4  0.16687134031776879     
           6           5  0.30612053495864067     
           6           6  0.16174206651213208     
           6           7   1.7546875625166322E-009
           6           8   2.5308471101978868E-009
           6           9  -5.7067592397091573E-009
           6          10  -6.1274016918926000E-009
           6          11  -7.4657555081439971E-009
           6          12   1.3770506363066475E-008
           6          13  -2.4890078980863248E-010
           6          14  -4.9176480912895120E-010
           6          15   7.2899535165158710E-010
           6          16  -3.3742317068431294E-010
           6          17  -1.6955114709156297E-010
           6          18  -4.4179586350047101E-010
           6          19  -2.0130534478059341E-010
           6          20  -1.7663623003161650E-012
           6          21  -8.0607025351326981E-010
           6          22   1.0859379131842540E-004
           6          23   4.4706299750572149E-004
           6          24  -1.3053922344419852E-004
           6          25   9.7301912672880355E-005
           6          26  -1.3187572508221090E-004
           6          27   3.6938343106930572E-004
           6          28   8.9149053622079562E-004
           6          29  -1.7029839935875802E-003
           6          30   1.8024064240072660E-003
           6          31  -3.7061488918025255E-004
           6          32   5.0233833297218472E-004
           6          33  -1.0193070947867467E-004
           6          34   6.7950198674323692E-004
           6          35   6.6943892867714176E-004
           6          36   3.2142995854054796E-004
           6          37   1.4568573876482449E-004
           6          38  -1.9746410611924800E-004
           6          39   1.0700167711156011E-003
           6          40   6.6547305919082169E-011
           6          41   2.9868758353002095E-011
           6          42  -1.4479826435605217E-011
           6          43   2.5662351433818787E-011
           6          44  -6.0207655677360705E-011
           6          45   2.0949805200377731E-011
           6          46   1.8703884734187595E-011
           6          47   6.1808400894891302E-011
           6          48  -1.1775393491960202E-011
           6          49  -2.6822572178483235E-011
           7           1  -1.4020823609477299E-010
           7           2   4.4443880071936398E-010
           7           3  -6.8709143149399418E-010
           7           4  -2.3841413487462653E-010
           7           5  -5.9314011629119882E-010
           7           6   1.7546875625166322E-009
           7           7   2.2947123892408436     
           7           8   3.0151098384780216E-003
           7           9   6.5623093760234152E-004
           7          10 -0.80569437565318691     
           7          11  -9.7710557817475008E-003
           7          12  -2.1266048559365029E-003
           7          13  -3.5697742024344066E-002
           7          14   5.6864927430769945E-003
           7          15   1.2375022884020264E-003
           7          16   1.9442370434227599E-002
           7          17   2.0999933688396505E-002
           7          18   4.5700700630980700E-003
           7          19   2.2509664629111567E-002
           7          20   1.5438365124069875E-002
           7          21   3.3597464860535718E-003
           7          22   5.8758179538320278E-010
           7          23   1.1662260964798543E-010
           7          24  -6.2934517233599640E-010
           7          25   9.0624589467291362E-011
           7          26   1.6134388533316244E-009
           7          27  -1.5346781694348833E-010
           7          28  -1.3510590971351276E-010
           7          29  -8.4721604899222412E-010
           7          30  -2.1783606095848092E-010
           7          31  -6.6044483491143072E-011
           7          32   4.5183373474252424E-010
           7          33   1.8761208569697496E-010
           7          34  -3.3069441091812552E-010
           7          35   5.1973508486957474E-010
           7          36  -1.1930141039115724E-010
           7          37  -8.3116649791438271E-011
           7          38  -3.5412115958335544E-010
           7          39  -6.5687962262037425E-010
           7          40   6.1745093166423824E-003
           7          41   6.1275223030505860E-005
           7          42   2.7776630291958078E-003
           7          43  -8.6036730985498023E-004
           7          44   1.3335592320629428E-005
           7          45  -3.3214080112365591E-005
           7          46  -1.2522805378705219E-004
           7          47   2.9035784876494794E-003
           7          48  -3.0298136575907767E-004
           7          49  -1.4304438704616833E-004
           8           1  -7.1810891223357906E-011
           8           2   3.6502417114680869E-010
           8           3   1.3485527573885719E-010
           8           4  -1.0301047721821349E-009
           8           5   1.2346016897472584E-009
           8           6   2.5308471101978868E-009
           8           7   3.0151098384780216E-003
           8           8   2.2928503148029202     
           8           9  -8.8944313275871089E-004
           8          10  -9.7710557070450812E-003
           8          11 -0.79965987911470338     
           8          12   2.8823723742693744E-003
           8          13   5.6864943123948646E-003
           8          14  -3.9209899228932213E-002
           8          15  -1.6773310216293730E-003
           8          16   2.0999929639350202E-002
           8          17   6.4722020656338740E-003
           8          18  -6.1943186545157531E-003
           8          19   1.5438368827770037E-002
           8          20   1.2974469346629953E-002
           8          21  -4.5538404101545492E-003
           8          22   3.9307402159919023E-010
           8          23  -7.5716323973554515E-011
           8          24  -4.8792541597019139E-011
           8          25   1.0113700465314460E-009
           8          26   6.1594219379742415E-010
           8          27  -8.1697058324643329E-010
           8          28  -5.5680590337796615E-010
           8          29  -7.9852020678273080E-010
           8          30  -6.7100576544869874E-010
           8          31  -1.3553411676810693E-010
           8          32   2.9259987800800380E-010
           8          33  -7.8610870731698481E-011
           8          34  -1.0169554900476633E-009
           8          35   4.2912194281887320E-010
           8          36  -7.2425441118924000E-010
           8          37  -1.1227834021088924E-011
           8          38  -2.5541989055081643E-010
           8          39  -1.3897650092417067E-009
           8          40  -7.6323115793872260E-004
           8          41   3.1128040224359266E-003
           8          42  -6.9043481544822080E-005
           8          43   6.4278797830612834E-003
           8          44   1.3129133904811000E-004
           8          45  -8.2430100319108782E-006
           8          46   2.0361301862833846E-005
           8          47  -3.0298000538209289E-004
           8          48   3.0907079863223292E-003
           8          49   1.9387804151686490E-004
           9           1  -1.2865029722939466E-010
           9           2  -2.0743549434435573E-010
           9           3  -2.5909979597954282E-009
           9           4   3.7070359402014476E-009
           9           5  -7.8281314020420901E-009
           9           6  -5.7067592397091573E-009
           9           7   6.5623093760234152E-004
           9           8  -8.8944313275871089E-004
           9           9   2.2967433511273772     
           9          10  -2.1266052274042614E-003
           9          11   2.8823717120954988E-003
           9          12 -0.81227610097668057     
           9          13   1.2375030331154475E-003
           9          14  -1.6773263089339379E-003
           9          15  -3.1867370807799028E-002
           9          16   4.5700613422269398E-003
           9          17  -6.1943307276827132E-003
           9          18   3.3587721401246114E-002
           9          19   3.3597478714960174E-003
           9          20  -4.5538403321673518E-003
           9          21   3.2908807633153243E-002
           9          22  -9.1879678308785240E-010
           9          23   7.6883316792700027E-011
           9          24   8.0704103009560820E-010
           9          25  -9.3787421676951474E-010
           9          26  -1.3580946151656570E-009
           9          27   1.3577687344750364E-009
           9          28   1.9888258235817086E-009
           9          29   1.0234387503970466E-009
           9          30   2.2455042306193409E-009
           9          31   4.4721594296943601E-011
           9          32  -2.6800613742540309E-010
           9          33   1.3327878385101377E-009
           9          34   3.4644374309889346E-009
           9          35  -1.6211332504640659E-010
           9          36   2.8490986002226299E-009
           9          37  -1.3491182176991830E-010
           9          38  -6.9947633735434261E-012
           9          39   4.0789768985466633E-009
           9          40  -1.6609215495548378E-004
           9          41   1.3129379724735341E-004
           9          42  -1.2522647999742975E-004
           9          43   2.5377996659605546E-004
           9          44   2.5380695849773448E-003
           9          45   2.7672301727611856E-004
           9          46   2.3900585562960505E-003
           9          47   4.4267025759712588E-005
           9          48  -5.9995173519106036E-005
           9          49   6.0349634675525990E-003
          10           1   2.1075417480057103E-010
          10           2  -9.0996240333701055E-010
          10           3   1.0031746060602173E-009
          10           4   1.8544514998011445E-009
          10           5  -2.5714781964387366E-009
          10           6  -6.1274016918926000E-009
          10           7 -0.80569437565318691     
          10           8  -9.7710557070450812E-003
          10           9  -2.1266052274042614E-003
          10          10   2.2046494373533214     
          10          11   3.1556020940628933E-002
          10          12   6.8678507267490099E-003
          10          13   9.1211010731977460E-002
          10          14  -1.7802404292087314E-002
          10          15  -3.8741862804252173E-003
          10          16  -7.2669104635220000E-002
          10          17  -6.8042471852283501E-002
          10          18  -1.4807611300552324E-002
          10          19  -7.2428645668133618E-002
          10          20  -5.0109091531333187E-002
          10          21  -1.0904899638263776E-002
          10          22  -1.5933176107650967E-009
          10          23  -4.6965961627403449E-010
          10          24   1.9549675944925028E-009
          10          25   1.1436378755756802E-010
          10          26  -4.9076567518295314E-009
          10          27   1.5836244140797687E-010
          10          28   1.4085509260415270E-009
          10          29   2.3338757356841010E-009
          10          30   1.7488381860144808E-009
          10          31   2.4538127903501833E-010
          10          32  -1.3816487595383221E-009
          10          33   6.9622264903367387E-010
          10          34   2.1477839939172867E-009
          10          35  -1.3731737376269192E-009
          10          36   1.4587132799784825E-009
          10          37   1.5018913719803706E-010
          10          38   8.8880461712930140E-010
          10          39   2.7458232648055525E-009
          10          40  -1.3804619915470315E-002
          10          41  -2.2188195835120736E-004
          10          42  -6.2599369368435617E-003
          10          43   2.5049549521927224E-003
          10          44  -4.8288752787133352E-005
          10          45   8.9631075080595898E-005
          10          46   3.7865209993119601E-004
          10          47  -6.5997310998561504E-003
          10          48   8.5443132131667282E-004
          10          49   4.0150654784989667E-004
          11           1   1.3220518756988890E-010
          11           2  -8.9449481232020781E-010
          11           3  -8.1626143776087795E-010
          11           4   3.1988279799996463E-009
          11           5  -5.0917110231730851E-009
          11           6  -7.4657555081439971E-009
          11           7  -9.7710557817475008E-003
          11           8 -0.79965987911470338     
          11           9   2.8823717120954988E-003
          11          10   3.1556020940628933E-002
          11          11   2.1851605767899347     
          11          12  -9.3086232498116143E-003
          11          13  -1.7802408713707574E-002
          11          14  0.10220633538804258     
          11          15   5.2511347928325810E-003
          11          16  -6.8042460601623181E-002
          11          17  -3.0644092931436009E-002
          11          18   2.0070389564214919E-002
          11          19  -5.0109103631707147E-002
          11          20  -4.1479775830232997E-002
          11          21   1.4780632008845255E-002
          11          22  -8.5796174665149486E-010
          11          23   1.6221591528695018E-010
          11          24   3.7184755281628793E-012
          11          25  -2.7170216471057797E-009
          11          26  -1.4830549453360028E-009
          11          27   2.3369899888606555E-009
          11          28   2.0613300867004466E-009
          11          29   2.1708868786260798E-009
          11          30   2.3380548719081011E-009
          11          31   3.7015787578336577E-010
          11          32  -7.8549040255525652E-010
          11          33   7.6597385511026886E-010
          11          34   3.2939885022889263E-009
          11          35  -1.1384382654765932E-009
          11          36   2.4529138689251417E-009
          11          37  -9.1643378478804067E-012
          11          38   6.6137939554183891E-010
          11          39   4.2041009432495832E-009
          11          40   2.1892486989199822E-003
          11          41  -7.2354972579502788E-003
          11          42   2.0167315829801356E-004
          11          43  -1.4522445436549522E-002
          11          44  -3.8828208275784777E-004
          11          45   4.0307033494990451E-005
          11          46  -5.9475161654742973E-005
          11          47   8.5442721360322153E-004
          11          48  -7.1274523805774769E-003
          11          49  -5.4419048101244044E-004
          12           1   4.0247937076590289E-011
          12           2   1.2382670839082075E-009
          12           3   6.4739964259991282E-009
          12           4  -7.5580134327977046E-009
          12           5   1.5461105788478396E-008
          12           6   1.3770506363066475E-008
          12           7  -2.1266048559365029E-003
          12           8   2.8823723742693744E-003
          12           9 -0.81227610097668057     
          12          10   6.8678507267490099E-003
          12          11  -9.3086232498116143E-003
          12          12   2.2259053707633405     
          12          13  -3.8741885527944259E-003
          12          14   5.2511222286897898E-003
          12          15   7.9219470022258209E-002
          12          16  -1.4807586910467012E-002
          12          17   2.0070421249837586E-002
          12          18 -0.11850185143675498     
          12          19  -1.0904904968149835E-002
          12          20   1.4780633235801871E-002
          12          21 -0.10618167761449691     
          12          22   2.3017959823522162E-009
          12          23  -2.7032053688492289E-010
          12          24  -3.2635929912853607E-009
          12          25   2.3761937011690632E-009
          12          26   4.3800940201968136E-009
          12          27  -4.0832801877807028E-009
          12          28  -4.2462785389519771E-009
          12          29  -2.7606223884809577E-009
          12          30  -4.9339320793240742E-009
          12          31   5.3075500349297693E-013
          12          32   5.9568731259860015E-010
          12          33  -2.1029680854280625E-009
          12          34  -7.7054870432643451E-009
          12          35   4.5441592702750381E-010
          12          36  -6.1144750783076205E-009
          12          37   3.0725669623441393E-010
          12          38  -1.1617668232033964E-010
          12          39  -9.8422112238743144E-009
          12          40   4.7641729131724390E-004
          12          41  -3.8828825690116742E-004
          12          42   3.7864788851022673E-004
          12          43  -7.3887723186429207E-004
          12          44  -5.5357740219815921E-003
          12          45  -8.3728225313578161E-004
          12          46  -5.0879365707520406E-003
          12          47  -1.4881981596965872E-004
          12          48   2.0169825194221296E-004
          12          49  -1.3466323947200071E-002
          13           1  -1.2317382321339816E-011
          13           2   3.5032032076675000E-011
          13           3  -1.8246902722158406E-010
          13           4   2.6094804701758263E-010
          13           5   1.0321073011541149E-010
          13           6  -2.4890078980863248E-010
          13           7  -3.5697742024344066E-002
          13           8   5.6864943123948646E-003
          13           9   1.2375030331154475E-003
          13          10   9.1211010731977460E-002
          13          11  -1.7802408713707574E-002
          13          12  -3.8741885527944259E-003
          13          13   1.7559286616099394E-002
          13          14   7.9432493583545052E-003
          13          15   1.7286344784365041E-003
          13          16   5.2600305400019934E-002
          13          17   3.6143253505244631E-002
          13          18   7.8655991489643643E-003
          13          19   3.8192585897981218E-002
          13          20   2.6952866837406639E-002
          13          21   5.8655631013185636E-003
          13          22   2.3625194230154294E-010
          13          23   3.1108748551331802E-010
          13          24  -1.1632866031497087E-009
          13          25  -3.0911195093870046E-010
          13          26   3.1528979860694893E-009
          13          27   9.7126769666893208E-010
          13          28   9.4566464260507975E-011
          13          29   1.5470997989568047E-010
          13          30  -2.1688322819107232E-011
          13          31   2.7605288097034738E-011
          13          32   2.6238066208528331E-010
          13          33   1.2139725664368009E-010
          13          34   1.2728382531665226E-010
          13          35  -7.9888053727111018E-011
          13          36   8.5872735223702795E-011
          13          37   8.5389793011528124E-011
          13          38   8.1779510100841022E-011
          13          39   1.5379751896880223E-010
          13          40  -1.5172090010553687E-003
          13          41   1.2941098682404628E-004
          13          42  -5.3116473838647803E-004
          13          43  -5.9595185108119396E-004
          13          44   2.8162196503053628E-005
          13          45   7.3720453753890218E-006
          13          46  -1.3060402300563015E-004
          13          47  -5.5911134024556170E-004
          13          48  -1.2340526469004336E-004
          13          49  -5.2361963042745677E-005
          14           1   1.6625236986282743E-011
          14           2  -8.3854855926320036E-011
          14           3   2.8899654719848777E-011
          14           4   6.6749369392879817E-011
          14           5  -4.8067148158930660E-010
          14           6  -4.9176480912895120E-010
          14           7   5.6864927430769945E-003
          14           8  -3.9209899228932213E-002
          14           9  -1.6773263089339379E-003
          14          10  -1.7802404292087314E-002
          14          11  0.10220633538804258     
          14          12   5.2511222286897898E-003
          14          13   7.9432493583545052E-003
          14          14   1.2653305099117192E-002
          14          15  -2.3430116049085654E-003
          14          16   3.6143260671992687E-002
          14          17   3.0277168099659253E-002
          14          18  -1.0661132926259307E-002
          14          19   2.6952875275036290E-002
          14          20   2.1545697963578112E-002
          14          21  -7.9502573225239351E-003
          14          22  -9.0316965124487000E-010
          14          23   8.7183846733082679E-011
          14          24   9.8004277331337285E-010
          14          25  -5.8068621824859581E-010
          14          26  -4.1008494174713416E-010
          14          27   1.3371451521379920E-011
          14          28   2.2553817220323423E-011
          14          29   1.3382061641544790E-010
          14          30   2.0974244432941892E-010
          14          31  -1.2293014698964863E-012
          14          32  -5.3459705440357082E-011
          14          33   2.7892569025365490E-011
          14          34   1.8209590459918090E-010
          14          35  -5.1966011909281856E-011
          14          36   1.3804352592592034E-010
          14          37   5.0112301848541918E-011
          14          38   4.3934484657487063E-011
          14          39   2.1429201032934320E-010
          14          40  -4.2598332862342557E-004
          14          41  -3.1470992068530310E-004
          14          42  -9.8626913863750313E-005
          14          43  -1.3700402903544229E-003
          14          44   1.0975965269799856E-004
          14          45  -6.2742109278027548E-005
          14          46   2.9093226254151395E-005
          14          47  -1.2340490185651181E-004
          14          48  -4.8289357241810052E-004
          14          49   7.0972870901125627E-005
          15           1  -2.8421549682186582E-011
          15           2   1.7918303333327793E-010
          15           3   6.8212379941972330E-011
          15           4  -7.2314023927250864E-011
          15           5   1.3364041178639847E-009
          15           6   7.2899535165158710E-010
          15           7   1.2375022884020264E-003
          15           8  -1.6773310216293730E-003
          15           9  -3.1867370807799028E-002
          15          10  -3.8741862804252173E-003
          15          11   5.2511347928325810E-003
          15          12   7.9219470022258209E-002
          15          13   1.7286344784365041E-003
          15          14  -2.3430116049085654E-003
          15          15   2.2909786936722656E-002
          15          16   7.8656078665374773E-003
          15          17  -1.0661139115354547E-002
          15          18   7.6946062558965175E-002
          15          19   5.8655701864668026E-003
          15          20  -7.9502645161657406E-003
          15          21   5.6347800068922177E-002
          15          22  -2.0079868622741609E-009
          15          23   2.2223094261540558E-010
          15          24   2.8866703149880540E-009
          15          25   2.3682021305993460E-009
          15          26  -2.7596441663630928E-009
          15          27  -1.1447626796201690E-009
          15          28  -4.1149208861959815E-010
          15          29  -1.3667875763066603E-010
          15          30  -2.0394071876865059E-012
          15          31   1.9208171626714057E-010
          15          32  -2.2229809657599896E-010
          15          33  -1.3563996163095748E-010
          15          34  -4.0589565238712953E-010
          15          35   1.8490008297047816E-011
          15          36  -3.2973169299522450E-010
          15          37   4.9180525972238861E-012
          15          38   1.6065821125385795E-011
          15          39  -4.0266379750279705E-010
          15          40  -9.2703660084120714E-005
          15          41   1.0975968102905465E-004
          15          42  -1.3060515132968625E-004
          15          43   1.7578636940458547E-004
          15          44  -7.9518094403303484E-004
          15          45   2.6218444716029278E-004
          15          46  -9.3541662494640984E-004
          15          47   8.2285097491970554E-005
          15          48  -1.1153006335293305E-004
          15          49  -1.4383505709198866E-003
          16           1  -2.4381145560599056E-012
          16           2   3.0483612456800218E-012
          16           3  -5.3302854793817451E-011
          16           4   1.2075531673616442E-010
          16           5  -3.7559473488873058E-011
          16           6  -3.3742317068431294E-010
          16           7   1.9442370434227599E-002
          16           8   2.0999929639350202E-002
          16           9   4.5700613422269398E-003
          16          10  -7.2669104635220000E-002
          16          11  -6.8042460601623181E-002
          16          12  -1.4807586910467012E-002
          16          13   5.2600305400019934E-002
          16          14   3.6143260671992687E-002
          16          15   7.8656078665374773E-003
          16          16  0.22676097979261714     
          16          17  0.15954774559565618     
          16          18   3.4721260103735482E-002
          16          19  0.16858417743886894     
          16          20  0.11876447430500202     
          16          21   2.5845892663118861E-002
          16          22  -5.9103997041241440E-010
          16          23   1.0891320262354079E-009
          16          24  -3.2310973412959016E-009
          16          25  -1.1799865908304167E-008
          16          26   4.0027869319758910E-009
          16          27   3.8700517246955004E-009
          16          28  -1.0221821933350291E-010
          16          29   1.4566893789271110E-010
          16          30  -2.7634541020656794E-010
          16          31  -9.3757368958701436E-010
          16          32   4.0804915957496258E-010
          16          33   3.4468986950022400E-010
          16          34   5.6391412225639206E-011
          16          35  -4.7221955581968068E-011
          16          36   5.4505979023538904E-011
          16          37   2.4423954947978517E-010
          16          38   1.0212835161431337E-010
          16          39   6.8921194887510860E-011
          16          40  -3.3531275503413506E-003
          16          41   5.3475692294190091E-004
          16          42  -8.8928621575087451E-004
          16          43  -2.9775377318263011E-003
          16          44   1.1637318391630381E-004
          16          45   1.1359857018478429E-005
          16          46  -6.0932531545052407E-004
          16          47  -9.3234736948475967E-004
          16          48  -7.0173802638765848E-004
          16          49  -3.0763871454591348E-004
