           1           1   1.9583779080247881E-006
           1           2  -1.4005573125333650E-003
           1           3  -1.1028107236074089E-007
           1           4   1.5456546916505787E-019
           1           5  -2.9997157965169419E-020
           1           6   1.2194783196172411E-020
           1           7  -1.4792043074151830E-019
           1           8   1.9325623724663201E-019
           1           9  -2.3894857813422798E-019
           1          10  -3.5297805989217332E-007
           1          11   6.5118984009576310E-020
           1          12  -3.5297805989175573E-007
           1          13  -1.4274338076090907E-020
           1          14  -2.2221947559525203E-020
           1          15  -3.5297805989197908E-007
           2           1  -1.4005573125333650E-003
           2           2   1.0016252622401691     
           2           3   7.8868823885293665E-005
           2           4  -1.1053933830504184E-016
           2           5   2.1452825203543267E-017
           2           6  -8.7212446127849644E-018
           2           7   1.0578705984131045E-016
           2           8  -1.3820950244554505E-016
           2           9   1.7088692486471167E-016
           2          10   2.5243646842627990E-004
           2          11  -4.6570617890263182E-017
           2          12   2.5243646842598125E-004
           2          13   1.0208463081676837E-017
           2          14   1.5892290770690235E-017
           2          15   2.5243646842614095E-004
           3           1  -1.1028107236074089E-007
           3           2   7.8868823885293665E-005
           3           3   6.2101981804428283E-009
           3           4  -8.7039613853976635E-021
           3           5   1.6892136776144394E-021
           3           6  -6.8671820825279374E-022
           3           7   8.3297629427868639E-021
           3           8  -1.0882733611642935E-020
           3           9   1.3455781607695406E-020
           3          10   1.9877061932333638E-008
           3          11  -3.6670100077166089E-021
           3          12   1.9877061932310126E-008
           3          13   8.0382305367138325E-022
           3          14   1.2513724734978830E-021
           3          15   1.9877061932322703E-008
           4           1   1.5456546916505787E-019
           4           2  -1.1053933830504184E-016
           4           3  -8.7039613853976635E-021
           4           4   1.2199118546180037E-032
           4           5  -2.3675332403954374E-033
           4           6   9.6247633225379225E-034
           4           7  -1.1674657216553339E-032
           4           8   1.5252797152530645E-032
           4           9  -1.8859076654357847E-032
           4          10  -2.7858882194618329E-020
           4          11   5.1395321984323900E-033
           4          12  -2.7858882194585377E-020
           4          13  -1.1266057244165534E-033
           4          14  -1.7538728027031289E-033
           4          15  -2.7858882194603000E-020
           5           1  -2.9997157965169419E-020
           5           2   2.1452825203543267E-017
           5           3   1.6892136776144394E-021
           5           4  -2.3675332403954374E-033
           5           5   4.5947693869509158E-034
           5           6  -1.8679175065630247E-034
           5           7   2.2657488674923633E-033
           5           8  -2.9601732396422143E-033
           5           9   3.6600587733725295E-033
           5          10   5.4066881460605888E-021
           5          11  -9.9745020706283295E-034
           5          12   5.4066881460541934E-021
           5          13   2.1864501859531379E-034
           5          14   3.4038132706935707E-034
           5          15   5.4066881460576142E-021
           6           1   1.2194783196172411E-020
           6           2  -8.7212446127849644E-018
           6           3  -6.8671820825279374E-022
           6           4   9.6247633225379225E-034
           6           5  -1.8679175065630247E-034
           6           6   7.5936690560219844E-035
           6           7  -9.2109780026910931E-034
           6           8   1.2034030331294500E-033
           6           9  -1.4879283990287391E-033
           6          10  -2.1979878836215558E-021
           6          11   4.0549471514041904E-034
           6          12  -2.1979878836189558E-021
           6          13  -8.8886040530535902E-035
           6          14  -1.3837565853591747E-034
           6          15  -2.1979878836203464E-021
           7           1  -1.4792043074151830E-019
           7           2   1.0578705984131045E-016
           7           3   8.3297629427868639E-021
           7           4  -1.1674657216553339E-032
           7           5   2.2657488674923633E-033
           7           6  -9.2109780026910931E-034
           7           7   1.1172743391915019E-032
           7           8  -1.4597052867002127E-032
           7           9   1.8048292139047641E-032
           7          10   2.6661180381787087E-020
           7          11  -4.9185747677585874E-033
           7          12   2.6661180381755550E-020
           7          13   1.0781709843198950E-033
           7          14   1.6784707596276628E-033
           7          15   2.6661180381772420E-020
           8           1   1.9325623724663201E-019
           8           2  -1.3820950244554505E-016
           8           3  -1.0882733611642935E-020
           8           4   1.5252797152530645E-032
           8           5  -2.9601732396422143E-033
           8           6   1.2034030331294500E-033
           8           7  -1.4597052867002127E-032
           8           8   1.9070871399073090E-032
           8           9  -2.3579873382165042E-032
           8          10  -3.4832506742367878E-020
           8          11   6.4260578979402106E-033
           8          12  -3.4832506742326676E-020
           8          13  -1.4086172308561093E-033
           8          14  -2.1929015600350922E-033
           8          15  -3.4832506742348715E-020
           9           1  -2.3894857813422798E-019
           9           2   1.7088692486471167E-016
           9           3   1.3455781607695406E-020
           9           4  -1.8859076654357847E-032
           9           5   3.6600587733725295E-033
           9           6  -1.4879283990287391E-033
           9           7   1.8048292139047641E-032
           9           8  -2.3579873382165042E-032
           9           9   2.9154956639577541E-032
           9          10   4.3068094864735172E-020
           9          11  -7.9453963276820423E-033
           9          12   4.3068094864684225E-020
           9          13   1.7416622058044690E-033
           9          14   2.7113779985791772E-033
           9          15   4.3068094864711477E-020
          10           1  -3.5297805989217332E-007
          10           2   2.5243646842627990E-004
          10           3   1.9877061932333638E-008
          10           4  -2.7858882194618329E-020
          10           5   5.4066881460605888E-021
          10           6  -2.1979878836215558E-021
          10           7   2.6661180381787087E-020
          10           8  -3.4832506742367878E-020
          10           9   4.3068094864735172E-020
          10          10   6.3620770156106991E-008
          10          11  -1.1737046534104779E-020
          10          12   6.3620770156031738E-008
          10          13   2.5728068825211498E-021
          10          14   4.0052841203147079E-021
          10          15   6.3620770156071998E-008
          11           1   6.5118984009576310E-020
          11           2  -4.6570617890263182E-017
          11           3  -3.6670100077166089E-021
          11           4   5.1395321984323900E-033
          11           5  -9.9745020706283295E-034
          11           6   4.0549471514041904E-034
          11           7  -4.9185747677585874E-033
          11           8   6.4260578979402106E-033
          11           9  -7.9453963276820423E-033
          11          10  -1.1737046534104779E-020
          11          11   2.1653032650457075E-033
          11          12  -1.1737046534090894E-020
          11          13  -4.7464301405532637E-034
          11          14  -7.3891287369038725E-034
          11          15  -1.1737046534098321E-020
          12           1  -3.5297805989175573E-007
          12           2   2.5243646842598125E-004
          12           3   1.9877061932310126E-008
          12           4  -2.7858882194585377E-020
          12           5   5.4066881460541934E-021
          12           6  -2.1979878836189558E-021
          12           7   2.6661180381755550E-020
          12           8  -3.4832506742326676E-020
          12           9   4.3068094864684225E-020
          12          10   6.3620770156031738E-008
          12          11  -1.1737046534090894E-020
          12          12   6.3620770155956484E-008
          12          13   2.5728068825181063E-021
          12          14   4.0052841203099705E-021
          12          15   6.3620770155996732E-008
          13           1  -1.4274338076090907E-020
          13           2   1.0208463081676837E-017
          13           3   8.0382305367138325E-022
          13           4  -1.1266057244165534E-033
          13           5   2.1864501859531379E-034
          13           6  -8.8886040530535902E-035
          13           7   1.0781709843198950E-033
          13           8  -1.4086172308561093E-033
          13           9   1.7416622058044690E-033
          13          10   2.5728068825211498E-021
          13          11  -4.7464301405532637E-034
          13          12   2.5728068825181063E-021
          13          13   1.0404362032251827E-034
          13          14   1.6197261563972414E-034
          13          15   2.5728068825197344E-021
          14           1  -2.2221947559525203E-020
          14           2   1.5892290770690235E-017
          14           3   1.2513724734978830E-021
          14           4  -1.7538728027031289E-033
          14           5   3.4038132706935707E-034
          14           6  -1.3837565853591747E-034
          14           7   1.6784707596276628E-033
          14           8  -2.1929015600350922E-033
          14           9   2.7113779985791772E-033
          14          10   4.0052841203147079E-021
          14          11  -7.3891287369038725E-034
          14          12   4.0052841203099705E-021
          14          13   1.6197261563972414E-034
          14          14   2.5215508779730255E-034
          14          15   4.0052841203125043E-021
          15           1  -3.5297805989197908E-007
          15           2   2.5243646842614095E-004
          15           3   1.9877061932322703E-008
          15           4  -2.7858882194603000E-020
          15           5   5.4066881460576142E-021
          15           6  -2.1979878836203464E-021
          15           7   2.6661180381772420E-020
          15           8  -3.4832506742348715E-020
          15           9   4.3068094864711477E-020
          15          10   6.3620770156071998E-008
          15          11  -1.1737046534098321E-020
          15          12   6.3620770155996732E-008
          15          13   2.5728068825197344E-021
          15          14   4.0052841203125043E-021
          15          15   6.3620770156036992E-008
