           1           1  0.25292131758388864     
           1           2  0.11979486053677325     
           1           3  0.19302358197966846     
           1           4  -7.5075819905171196E-017
           1           5  -4.9098000102248504E-017
           1           6   2.0076125624122200E-017
           1           7   1.8272203346444691E-016
           1           8   1.7311148895008815E-016
           1           9   4.8510901530989102E-017
           1          10   1.2685079994970445E-004
           1          11  -3.5903887066951260E-017
           1          12   1.2685079994962769E-004
           1          13  -1.9583599278957656E-017
           1          14  -5.8599959104974675E-017
           1          15   1.2685079994947764E-004
           2           1  0.11979486053677325     
           2           2   5.6740209754225626E-002
           2           3   9.1424611038938300E-002
           2           4  -3.5559269820112616E-017
           2           5  -2.3255011206924096E-017
           2           6   9.5089520022872971E-018
           2           7   8.6545336411229411E-017
           2           8   8.1993352217970581E-017
           2           9   2.2976935036290393E-017
           2          10   6.0082218589236777E-005
           2          11  -1.7005688508193463E-017
           2          12   6.0082218589200409E-005
           2          13  -9.2756694723949568E-018
           2          14  -2.7755564439967312E-017
           2          15   6.0082218589129339E-005
           3           1  0.19302358197966846     
           3           2   9.1424611038938300E-002
           3           3  0.14731104343509543     
           3           4  -5.7296094360848590E-017
           3           5  -3.7470435225891113E-017
           3           6   1.5321625386347927E-017
           3           7   1.3944914467013321E-016
           3           8   1.3211460385460350E-016
           3           9   3.7022375448715361E-017
           3          10   9.6809537516176684E-005
           3          11  -2.7400999468373374E-017
           3          12   9.6809537516118096E-005
           3          13  -1.4945740900725305E-017
           3          14  -4.4722106140984433E-017
           3          15   9.6809537516003578E-005
           4           1  -7.5075819905171196E-017
           4           2  -3.5559269820112616E-017
           4           3  -5.7296094360848590E-017
           4           4   2.2285107432924205E-032
           4           5   1.4573989446966618E-032
           4           6  -5.9592904471181016E-033
           4           7  -5.4238237441308249E-032
           4           8  -5.1385494477436416E-032
           4           9  -1.4399718226875277E-032
           4          10  -3.7653717380671929E-020
           4          11   1.0657519046175274E-032
           4          12  -3.7653717380649143E-020
           4          13   5.8130915440704724E-033
           4          14   1.7394500464581343E-032
           4          15  -3.7653717380604599E-020
           5           1  -4.9098000102248504E-017
           5           2  -2.3255011206924096E-017
           5           3  -3.7470435225891113E-017
           5           4   1.4573989446966618E-032
           5           5   9.5310811957985494E-033
           5           6  -3.8972500513681324E-033
           5           7  -3.5470661403402204E-032
           5           8  -3.3605027774508329E-032
           5           9  -9.4171114996610807E-033
           5          10  -2.4624735662446323E-020
           5          11   6.9697922963714021E-033
           5          12  -2.4624735662431418E-020
           5          13   3.8016390574975651E-033
           5          14   1.1375635812799838E-032
           5          15  -2.4624735662402291E-020
           6           1   2.0076125624122200E-017
           6           2   9.5089520022872971E-018
           6           3   1.5321625386347927E-017
           6           4  -5.9592904471181016E-033
           6           5  -3.8972500513681324E-033
           6           6   1.5935818456340782E-033
           6           7   1.4503919769082269E-032
           6           8   1.3741063949613868E-032
           6           9   3.8506479508297426E-033
           6          10   1.0069031031621065E-020
           6          11  -2.8499414522911154E-033
           6          12   1.0069031031614971E-020
           6          13  -1.5544866010213595E-033
           6          14  -4.6514866828878054E-033
           6          15   1.0069031031603060E-020
           7           1   1.8272203346444691E-016
           7           2   8.6545336411229411E-017
           7           3   1.3944914467013321E-016
           7           4  -5.4238237441308249E-032
           7           5  -3.5470661403402204E-032
           7           6   1.4503919769082269E-032
           7           7   1.3200683055238548E-031
           7           8   1.2506372961831031E-031
           7           9   3.5046514297854219E-032
           7          10   9.1642872711644668E-020
           7          11  -2.5938625169368084E-032
           7          12   9.1642872711589201E-020
           7          13  -1.4148096004668151E-032
           7          14  -4.2335315152084615E-032
           7          15   9.1642872711480795E-020
           8           1   1.7311148895008815E-016
           8           2   8.1993352217970581E-017
           8           3   1.3211460385460350E-016
           8           4  -5.1385494477436416E-032
           8           5  -3.3605027774508329E-032
           8           6   1.3741063949613868E-032
           8           7   1.2506372961831031E-031
           8           8   1.1848581168559221E-031
           8           9   3.3203189333992235E-032
           8          10   8.6822775808605627E-020
           8          11  -2.4574343549330271E-032
           8          12   8.6822775808553085E-020
           8          13  -1.3403955279719720E-032
           8          14  -4.0108624571401675E-032
           8          15   8.6822775808450385E-020
           9           1   4.8510901530989102E-017
           9           2   2.2976935036290393E-017
           9           3   3.7022375448715361E-017
           9           4  -1.4399718226875277E-032
           9           5  -9.4171114996610807E-033
           9           6   3.8506479508297426E-033
           9           7   3.5046514297854219E-032
           9           8   3.3203189333992235E-032
           9           9   9.3045046176021863E-033
           9          10   2.4330280753998827E-020
           9          11  -6.8864496940117787E-033
           9          12   2.4330280753984102E-020
           9          13  -3.7561802434022316E-033
           9          14  -1.1239609507880014E-032
           9          15   2.4330280753955322E-020
          10           1   1.2685079994970445E-004
          10           2   6.0082218589236777E-005
          10           3   9.6809537516176684E-005
          10           4  -3.7653717380671929E-020
          10           5  -2.4624735662446323E-020
          10           6   1.0069031031621065E-020
          10           7   9.1642872711644668E-020
          10           8   8.6822775808605627E-020
          10           9   2.4330280753998827E-020
          10          10   6.3621072361932712E-008
          10          11  -1.8007326702447713E-020
          10          12   6.3621072361894212E-008
          10          13  -9.8220081176284373E-021
          10          14  -2.9390372312213215E-020
          10          15   6.3621072361818945E-008
          11           1  -3.5903887066951260E-017
          11           2  -1.7005688508193463E-017
          11           3  -2.7400999468373374E-017
          11           4   1.0657519046175274E-032
          11           5   6.9697922963714021E-033
          11           6  -2.8499414522911154E-033
          11           7  -2.5938625169368084E-032
          11           8  -2.4574343549330271E-032
          11           9  -6.8864496940117787E-033
          11          10  -1.8007326702447713E-020
          11          11   5.0967989524600939E-033
          11          12  -1.8007326702436817E-020
          11          13   2.7800240153458456E-033
          11          14   8.3186594705886445E-033
          11          15  -1.8007326702415514E-020
          12           1   1.2685079994962769E-004
          12           2   6.0082218589200409E-005
          12           3   9.6809537516118096E-005
          12           4  -3.7653717380649143E-020
          12           5  -2.4624735662431418E-020
          12           6   1.0069031031614971E-020
          12           7   9.1642872711589201E-020
          12           8   8.6822775808553085E-020
          12           9   2.4330280753984102E-020
          12          10   6.3621072361894212E-008
          12          11  -1.8007326702436817E-020
          12          12   6.3621072361855699E-008
          12          13  -9.8220081176224925E-021
          12          14  -2.9390372312195431E-020
          12          15   6.3621072361780445E-008
          13           1  -1.9583599278957656E-017
          13           2  -9.2756694723949568E-018
          13           3  -1.4945740900725305E-017
          13           4   5.8130915440704724E-033
          13           5   3.8016390574975651E-033
          13           6  -1.5544866010213595E-033
          13           7  -1.4148096004668151E-032
          13           8  -1.3403955279719720E-032
          13           9  -3.7561802434022316E-033
          13          10  -9.8220081176284373E-021
          13          11   2.7800240153458456E-033
          13          12  -9.8220081176224925E-021
          13          13   1.5163504776207180E-033
          13          14   4.5373720485008005E-033
          13          15  -9.8220081176108738E-021
          14           1  -5.8599959104974675E-017
          14           2  -2.7755564439967312E-017
          14           3  -4.4722106140984433E-017
          14           4   1.7394500464581343E-032
          14           5   1.1375635812799838E-032
          14           6  -4.6514866828878054E-033
          14           7  -4.2335315152084615E-032
          14           8  -4.0108624571401675E-032
          14           9  -1.1239609507880014E-032
          14          10  -2.9390372312213215E-020
          14          11   8.3186594705886445E-033
          14          12  -2.9390372312195431E-020
          14          13   4.5373720485008005E-033
          14          14   1.3577167950525701E-032
          14          15  -2.9390372312160662E-020
          15           1   1.2685079994947764E-004
          15           2   6.0082218589129339E-005
          15           3   9.6809537516003578E-005
          15           4  -3.7653717380604599E-020
          15           5  -2.4624735662402291E-020
          15           6   1.0069031031603060E-020
          15           7   9.1642872711480795E-020
          15           8   8.6822775808450385E-020
          15           9   2.4330280753955322E-020
          15          10   6.3621072361818945E-008
          15          11  -1.8007326702415514E-020
          15          12   6.3621072361780445E-008
          15          13  -9.8220081176108738E-021
          15          14  -2.9390372312160662E-020
          15          15   6.3621072361705191E-008
