           1           1  0.45543580053119376     
           1           2  0.33879519864377644     
           1           3  0.29400188090964341     
           1           4  -3.5919666929448985E-016
           1           5   1.6011272077432171E-016
           1           6  -2.2337120886542189E-016
           1           7   9.4296782358245010E-016
           1           8  -4.4869745535382555E-016
           1           9   2.6590366231034085E-016
           1          10   2.1600508364476274E-004
           1          11  -3.2637815799318931E-017
           1          12   2.1600508364443826E-004
           1          13   2.0976839809946371E-016
           1          14   1.6026966105566870E-016
           1          15   2.1600508364470316E-004
           2           1  0.33879519864377644     
           2           2  0.25202714957901329     
           2           3  0.21870574410041871     
           2           4  -2.6720359871663062E-016
           2           5   1.1910655833855851E-016
           2           6  -1.6616417256821572E-016
           2           7   7.0146652502181464E-016
           2           8  -3.3378242276738818E-016
           2           9   1.9780392149007287E-016
           2          10   1.6068452489171424E-004
           2          11  -2.4279133988921704E-017
           2          12   1.6068452489147286E-004
           2          13   1.5604495249127842E-016
           2          14   1.1922335821144582E-016
           2          15   1.6068452489166992E-004
           3           1  0.29400188090964341     
           3           2  0.21870574410041871     
           3           3  0.18978988013583137     
           3           4  -2.3187476122420764E-016
           3           5   1.0335782008387200E-016
           3           6  -1.4419582787585450E-016
           3           7   6.0872303012088032E-016
           3           8  -2.8964865322578963E-016
           3           9   1.7165577630793159E-016
           3          10   1.3943985279886496E-004
           3          11  -2.1071207269451611E-017
           3          12   1.3943985279865547E-004
           3          13   1.3541090851379382E-016
           3          14   1.0346016656077489E-016
           3          15   1.3943985279882650E-004
           4           1  -3.5919666929448985E-016
           4           2  -2.6720359871663062E-016
           4           3  -2.3187476122420764E-016
           4           4   3.1219780448172560E-031
           4           5  -1.6600904530423215E-031
           4           6   1.5010586374157752E-031
           4           7  -7.4729558697111878E-031
           4           8   4.5696412428004834E-031
           4           9  -7.4321146183594163E-032
           4          10  -1.7035331407865188E-019
           4          11  -4.1847895629900129E-032
           4          12  -1.7035331407849439E-019
           4          13  -2.5494401232390634E-031
           4          14  -1.3435653814846843E-031
           4          15  -1.7035331407861322E-019
           5           1   1.6011272077432171E-016
           5           2   1.1910655833855851E-016
           5           3   1.0335782008387200E-016
           5           4  -1.6600904530423215E-031
           5           5   1.1090070349076383E-031
           5           6  -4.2701193218678459E-032
           5           7   3.3644158593401520E-031
           5           8  -2.9943652715341877E-031
           5           9  -9.2626643516818562E-032
           5          10   7.5928624152939687E-020
           5          11   8.1431236734865647E-032
           5          12   7.5928624152960921E-020
           5          13   1.9677264042936433E-031
           5          14   6.7277323330943226E-032
           5          15   7.5928624152930202E-020
           6           1  -2.2337120886542189E-016
           6           2  -1.6616417256821572E-016
           6           3  -1.4419582787585450E-016
           6           4   1.5010586374157752E-031
           6           5  -4.2701193218678459E-032
           6           6   1.3305750190083507E-031
           6           7  -4.5924836906200087E-031
           6           8   1.2711110671188655E-031
           6           9  -2.5250691609998606E-031
           6          10  -1.0594753462013252E-019
           6          11   7.6956483712916218E-032
           6          12  -1.0594753461988461E-019
           6          13  -2.2172543815570260E-032
           6          14  -7.1432778603744612E-032
           6          15  -1.0594753462009576E-019
           7           1   9.4296782358245010E-016
           7           2   7.0146652502181464E-016
           7           3   6.0872303012088032E-016
           7           4  -7.4729558697111878E-031
           7           5   3.3644158593401520E-031
           7           6  -4.5924836906200087E-031
           7           7   1.9528355168832958E-030
           7           8  -9.4181368357408006E-031
           7           9   5.3373763418991337E-031
           7          10   4.4723193172347110E-019
           7          11  -5.9184696434305508E-032
           7          12   4.4723193172281147E-019
           7          13   4.4543147545787054E-031
           7          14   3.3282156032261871E-031
           7          15   4.4723193172334871E-019
           8           1  -4.4869745535382555E-016
           8           2  -3.3378242276738818E-016
           8           3  -2.8964865322578963E-016
           8           4   4.5696412428004834E-031
           8           5  -2.9943652715341877E-031
           8           6   1.2711110671188655E-031
           8           7  -9.4181368357408006E-031
           8           8   8.0968838535115931E-031
           8           9   2.2089678028526056E-031
           8          10  -2.1278329774698530E-019
           8          11  -2.0889314675875585E-031
           8          12  -2.1278329774701667E-019
           8          13  -5.2586405136731407E-031
           8          14  -1.8626473929388856E-031
           8          15  -2.1278329774695634E-019
           9           1   2.6590366231034085E-016
           9           2   1.9780392149007287E-016
           9           3   1.7165577630793159E-016
           9           4  -7.4321146183594163E-032
           9           5  -9.2626643516818562E-032
           9           6  -2.5250691609998606E-031
           9           7   5.3373763418991337E-031
           9           8   2.2089678028526056E-031
           9           9   7.8947135267701340E-031
           9          10   1.2614739846229823E-019
           9          11  -3.3566211570283561E-031
           9          12   1.2614739846164770E-019
           9          13  -2.9678295080894245E-031
           9          14   5.6314548088116496E-032
           9          15   1.2614739846222437E-019
          10           1   2.1600508364476274E-004
          10           2   1.6068452489171424E-004
          10           3   1.3943985279886496E-004
          10           4  -1.7035331407865188E-019
          10           5   7.5928624152939687E-020
          10           6  -1.0594753462013252E-019
          10           7   4.4723193172347110E-019
          10           8  -2.1278329774698530E-019
          10           9   1.2614739846229823E-019
          10          10   1.0244736346497099E-007
          10          11  -1.5496522355333058E-020
          10          12   1.0244736346481704E-007
          10          13   9.9466917114194019E-020
          10          14   7.6011044863267223E-020
          10          15   1.0244736346494271E-007
          11           1  -3.2637815799318931E-017
          11           2  -2.4279133988921704E-017
          11           3  -2.1071207269451611E-017
          11           4  -4.1847895629900129E-032
          11           5   8.1431236734865647E-032
          11           6   7.6956483712916218E-032
          11           7  -5.9184696434305508E-032
          11           8  -2.0889314675875585E-031
          11           9  -3.3566211570283561E-031
          11          10  -1.5496522355333058E-020
          11          11   1.6038978553759002E-031
          11          12  -1.5496522355079629E-020
          11          13   1.9426059016143966E-031
          11          14   7.1139126441313631E-033
          11          15  -1.5496522355309284E-020
          12           1   2.1600508364443826E-004
          12           2   1.6068452489147286E-004
          12           3   1.3943985279865547E-004
          12           4  -1.7035331407849439E-019
          12           5   7.5928624152960921E-020
          12           6  -1.0594753461988461E-019
          12           7   4.4723193172281147E-019
          12           8  -2.1278329774701667E-019
          12           9   1.2614739846164770E-019
          12          10   1.0244736346481704E-007
          12          11  -1.5496522355079629E-020
          12          12   1.0244736346466312E-007
          12          13   9.9466917114349345E-020
          12          14   7.6011044863180123E-020
          12          15   1.0244736346478879E-007
          13           1   2.0976839809946371E-016
          13           2   1.5604495249127842E-016
          13           3   1.3541090851379382E-016
          13           4  -2.5494401232390634E-031
          13           5   1.9677264042936433E-031
          13           6  -2.2172543815570260E-032
          13           7   4.4543147545787054E-031
          13           8  -5.2586405136731407E-031
          13           9  -2.9678295080894245E-031
          13          10   9.9466917114194019E-020
          13          11   1.9426059016143966E-031
          13          12   9.9466917114349345E-020
          13          13   3.7376585489374599E-031
          13          14   9.8447770558979610E-032
          13          15   9.9466917114192394E-020
          14           1   1.6026966105566870E-016
          14           2   1.1922335821144582E-016
          14           3   1.0346016656077489E-016
          14           4  -1.3435653814846843E-031
          14           5   6.7277323330943226E-032
          14           6  -7.1432778603744612E-032
          14           7   3.3282156032261871E-031
          14           8  -1.8626473929388856E-031
          14           9   5.6314548088116496E-032
          14          10   7.6011044863267223E-020
          14          11   7.1139126441313631E-033
          14          12   7.6011044863180123E-020
          14          13   9.8447770558979610E-032
          14          14   5.8588276404684753E-032
          14          15   7.6011044863248554E-020
          15           1   2.1600508364470316E-004
          15           2   1.6068452489166992E-004
          15           3   1.3943985279882650E-004
          15           4  -1.7035331407861322E-019
          15           5   7.5928624152930202E-020
          15           6  -1.0594753462009576E-019
          15           7   4.4723193172334871E-019
          15           8  -2.1278329774695634E-019
          15           9   1.2614739846222437E-019
          15          10   1.0244736346494271E-007
          15          11  -1.5496522355309284E-020
          15          12   1.0244736346478879E-007
          15          13   9.9466917114192394E-020
          15          14   7.6011044863248554E-020
          15          15   1.0244736346491445E-007
