           1           1   1.3374350661135207E-002
           1           2 -0.21311825245069896     
           1           3   4.9890566357228085E-002
           1           4  -2.2102322760101731E-017
           1           5  -7.2682416099053611E-017
           1           6   5.5492425675174238E-017
           1           7   2.7544473150595468E-016
           1           8  -1.1402682787053616E-016
           1           9  -1.5796351563079972E-016
           1          10  -7.7144486600625264E-004
           1          11   3.9487262281294891E-017
           1          12  -7.7144486600642514E-004
           1          13  -4.5788696359026766E-017
           1          14   7.9269984239077375E-017
           1          15  -7.7144486600651144E-004
           2           1 -0.21311825245069896     
           2           2   3.3960070794034856     
           2           3 -0.79499861976294217     
           2           4   3.5219716613399855E-016
           2           5   1.1581832939327219E-015
           2           6  -8.8426339968116320E-016
           2           7  -4.3891700847866371E-015
           2           8   1.8170002345521460E-015
           2           9   2.5171247004934776E-015
           2          10   1.2292857116650570E-002
           2          11  -6.2922354472928616E-016
           2          12   1.2292857116653318E-002
           2          13   7.2963594250512779E-016
           2          14  -1.2631551946606934E-015
           2          15   1.2292857116654692E-002
           3           1   4.9890566357228085E-002
           3           2 -0.79499861976294217     
           3           3  0.18610762305477849     
           3           4  -8.2448668219540438E-017
           3           5  -2.7112844543031516E-016
           3           6   2.0700433356484423E-016
           3           7   1.0274961381773940E-015
           3           8  -4.2535620356587396E-016
           3           9  -5.8925397264337343E-016
           3          10  -2.8777338245116004E-003
           3          11   1.4730000199822756E-016
           3          12  -2.8777338245122440E-003
           3          13  -1.7080634806064611E-016
           3          14   2.9570216222223908E-016
           3          15  -2.8777338245125658E-003
           4           1  -2.2102322760101731E-017
           4           2   3.5219716613399855E-016
           4           3  -8.2448668219540438E-017
           4           4   3.6526085173711627E-032
           4           5   1.2011425902518862E-031
           4           6  -9.1706246836925066E-032
           4           7  -4.5519730359734930E-031
           4           8   1.8843963469784152E-031
           4           9   2.6104898063858343E-031
           4          10   1.2748823365041315E-018
           4          11  -6.5256268357770965E-032
           4          12   1.2748823365044165E-018
           4          13   7.5669957468096136E-032
           4          14  -1.3100081052395198E-031
           4          15   1.2748823365045591E-018
           5           1  -7.2682416099053611E-017
           5           2   1.1581832939327219E-015
           5           3  -2.7112844543031516E-016
           5           4   1.2011425902518862E-031
           5           5   3.9498991344283864E-031
           5           6  -3.0157154358075380E-031
           5           7  -1.4968942489136600E-030
           5           8   6.1967459652639412E-031
           5           9   8.5844690799909290E-031
           5          10   4.1923887124839214E-018
           5          11  -2.1459207257677311E-031
           5          12   4.1923887124848582E-018
           5          13   2.4883698399437082E-031
           5          14  -4.3078980988382476E-031
           5          15   4.1923887124853274E-018
           6           1   5.5492425675174238E-017
           6           2  -8.8426339968116320E-016
           6           3   2.0700433356484423E-016
           6           4  -9.1706246836925066E-032
           6           5  -3.0157154358075380E-031
           6           6   2.3024738810410090E-031
           6           7   1.1428664223026376E-030
           6           8  -4.7311644736287548E-031
           6           9  -6.5541713931608125E-031
           6          10  -3.2008542301606656E-018
           6          11   1.6383927883904279E-031
           6          12  -3.2008542301613813E-018
           6          13  -1.8998498647490535E-031
           6          14   3.2890446946647196E-031
           6          15  -3.2008542301617391E-018
           7           1   2.7544473150595468E-016
           7           2  -4.3891700847866371E-015
           7           3   1.0274961381773940E-015
           7           4  -4.5519730359734930E-031
           7           5  -1.4968942489136600E-030
           7           6   1.1428664223026376E-030
           7           7   5.6727838260483943E-030
           7           8  -2.3483823464076600E-030
           7           9  -3.2532583639443154E-030
           7          10  -1.5887905841008012E-017
           7          11   8.1324010657077269E-031
           7          12  -1.5887905841011565E-017
           7          13  -9.4301813180882238E-031
           7          14   1.6325652047290215E-030
           7          15  -1.5887905841013340E-017
           8           1  -1.1402682787053616E-016
           8           2   1.8170002345521460E-015
           8           3  -4.2535620356587396E-016
           8           4   1.8843963469784152E-031
           8           5   6.1967459652639412E-031
           8           6  -4.7311644736287548E-031
           8           7  -2.3483823464076600E-030
           8           8   9.7216813015079642E-031
           8           9   1.3467628495041337E-030
           8          10   6.5771724681426399E-018
           8          11  -3.3665987779968587E-031
           8          12   6.5771724681441106E-018
           8          13   3.9038454504705076E-031
           8          14  -6.7583878104794445E-031
           8          15   6.5771724681448463E-018
           9           1  -1.5796351563079972E-016
           9           2   2.5171247004934776E-015
           9           3  -5.8925397264337343E-016
           9           4   2.6104898063858343E-031
           9           5   8.5844690799909290E-031
           9           6  -6.5541713931608125E-031
           9           7  -3.2532583639443154E-030
           9           8   1.3467628495041337E-030
           9           9   1.8656959805122946E-030
           9          10   9.1114810907264979E-018
           9          11  -4.6638127940780147E-031
           9          12   9.1114810907285363E-018
           9          13   5.4080707439811796E-031
           9          14  -9.3625221228795758E-031
           9          15   9.1114810907295548E-018
          10           1  -7.7144486600625264E-004
          10           2   1.2292857116650570E-002
          10           3  -2.8777338245116004E-003
          10           4   1.2748823365041315E-018
          10           5   4.1923887124839214E-018
          10           6  -3.2008542301606656E-018
          10           7  -1.5887905841008012E-017
          10           8   6.5771724681426399E-018
          10           9   9.1114810907264979E-018
          10          10   4.4497650492804639E-005
          10          11  -2.2776616623391023E-018
          10          12   4.4497650492814593E-005
          10          13   2.6411341845505461E-018
          10          14  -4.5723657109826529E-018
          10          15   4.4497650492819567E-005
          11           1   3.9487262281294891E-017
          11           2  -6.2922354472928616E-016
          11           3   1.4730000199822756E-016
          11           4  -6.5256268357770965E-032
          11           5  -2.1459207257677311E-031
          11           6   1.6383927883904279E-031
          11           7   8.1324010657077269E-031
          11           8  -3.3665987779968587E-031
          11           9  -4.6638127940780147E-031
          11          10  -2.2776616623391023E-018
          11          11   1.1658464189987271E-031
          11          12  -2.2776616623396119E-018
          11          13  -1.3518938664450974E-031
          11          14   2.3404161727107535E-031
          11          15  -2.2776616623398665E-018
          12           1  -7.7144486600642514E-004
          12           2   1.2292857116653318E-002
          12           3  -2.8777338245122440E-003
          12           4   1.2748823365044165E-018
          12           5   4.1923887124848582E-018
          12           6  -3.2008542301613813E-018
          12           7  -1.5887905841011565E-017
          12           8   6.5771724681441106E-018
          12           9   9.1114810907285363E-018
          12          10   4.4497650492814593E-005
          12          11  -2.2776616623396119E-018
          12          12   4.4497650492824540E-005
          12          13   2.6411341845511366E-018
          12          14  -4.5723657109836759E-018
          12          15   4.4497650492829514E-005
          13           1  -4.5788696359026766E-017
          13           2   7.2963594250512779E-016
          13           3  -1.7080634806064611E-016
          13           4   7.5669957468096136E-032
          13           5   2.4883698399437082E-031
          13           6  -1.8998498647490535E-031
          13           7  -9.4301813180882238E-031
          13           8   3.9038454504705076E-031
          13           9   5.4080707439811796E-031
          13          10   2.6411341845505461E-018
          13          11  -1.3518938664450974E-031
          13          12   2.6411341845511366E-018
          13          13   1.5676310329978984E-031
          13          14  -2.7139031498968239E-031
          13          15   2.6411341845514320E-018
          14           1   7.9269984239077375E-017
          14           2  -1.2631551946606934E-015
          14           3   2.9570216222223908E-016
          14           4  -1.3100081052395198E-031
          14           5  -4.3078980988382476E-031
          14           6   3.2890446946647196E-031
          14           7   1.6325652047290215E-030
          14           8  -6.7583878104794445E-031
          14           9  -9.3625221228795758E-031
          14          10  -4.5723657109826529E-018
          14          11   2.3404161727107535E-031
          14          12  -4.5723657109836759E-018
          14          13  -2.7139031498968239E-031
          14          14   4.6983442863686769E-031
          14          15  -4.5723657109841867E-018
          15           1  -7.7144486600651144E-004
          15           2   1.2292857116654692E-002
          15           3  -2.8777338245125658E-003
          15           4   1.2748823365045591E-018
          15           5   4.1923887124853274E-018
          15           6  -3.2008542301617391E-018
          15           7  -1.5887905841013340E-017
          15           8   6.5771724681448463E-018
          15           9   9.1114810907295548E-018
          15          10   4.4497650492819567E-005
          15          11  -2.2776616623398665E-018
          15          12   4.4497650492829514E-005
          15          13   2.6411341845514320E-018
          15          14  -4.5723657109841867E-018
          15          15   4.4497650492834488E-005
