           1           1   1.9999909348141309     
           1           2  -2.2868765820701652E-005
           1           3  -8.1144837295753127E-004
           1           4   7.1118349719587469E-005
           1           5  -7.9494061309310499E-004
           1           6   7.1191088679825666E-005
           1           7  -1.9041835402991920E-014
           1           8   1.2743758781381043E-014
           1           9  -2.4912402933117479E-015
           1          10   1.7548048083186711E-014
           1          11   3.8972400405330504E-014
           1          12   2.1380883082473241E-016
           1          13  -1.1517210788431115E-014
           1          14  -2.2122827207407029E-014
           1          15  -7.2408069249757709E-015
           1          16  -3.8819330323434309E-014
           1          17  -4.6894886801440015E-013
           1          18   5.6374794751208783E-013
           1          19  -1.7424792471192467E-014
           1          20  -1.9292654075517545E-014
           1          21   1.9446485204669347E-014
           1          22   9.3339185175563277E-006
           1          23   8.0402673987142092E-015
           1          24   9.3339189204120126E-006
           1          25  -9.3794819478528472E-014
           1          26  -1.1137967367546805E-014
           1          27   9.3339184077833023E-006
           1          28   5.3589702019393014E-005
           1          29   2.3824921016237678E-015
           1          30   5.3589701995261567E-005
           1          31   4.8431216140049453E-015
           1          32   7.7227753190366045E-016
           1          33   5.3589702015250203E-005
           1          34   1.8850391009785355E-005
           1          35   1.9079214002837282E-015
           1          36   1.8850391023348748E-005
           1          37  -3.1176024822058700E-015
           1          38   2.6973892795590768E-016
           1          39   1.8850391007820147E-005
           1          40  -3.7395229201482506E-015
           1          41  -4.8637217307997217E-015
           1          42  -1.3988064006699253E-016
           1          43  -1.4899453036756272E-014
           1          44   8.6832566921769276E-015
           1          45   3.2790839815846714E-015
           1          46   5.8672933789984749E-015
           1          47  -4.3034860185184648E-016
           1          48  -1.8108573550594100E-015
           1          49   1.0652719587718364E-014
           2           1  -2.2868765820701652E-005
           2           2   2.0003041170095996     
           2           3  -4.5481156281922163E-003
           2           4  -7.6161413423985386E-005
           2           5  -3.4694740376297948E-003
           2           6  -1.1154892395106257E-004
           2           7  -6.5539416127511485E-014
           2           8   9.9220174810666837E-014
           2           9   4.7861430536484749E-014
           2          10   1.5463429559675910E-013
           2          11   3.6319785792423626E-013
           2          12  -2.0063893036464326E-013
           2          13   8.5123340239411121E-016
           2          14  -1.2009617497287977E-013
           2          15   3.1543453046001459E-015
           2          16  -5.0904653679517422E-013
           2          17  -3.6966484563922635E-012
           2          18   4.4994438611593227E-012
           2          19  -7.2639986889224333E-015
           2          20  -1.3095896459258806E-013
           2          21   4.1097511800565250E-015
           2          22  -1.2029442604454983E-004
           2          23   6.0354585487490838E-014
           2          24  -1.2029442288548250E-004
           2          25  -6.5521025108239828E-013
           2          26  -6.0007740643986907E-014
           2          27  -1.2029442703889639E-004
           2          28  -1.0561243781451597E-004
           2          29   1.0157918193625599E-014
           2          30  -1.0561243781074727E-004
           2          31   7.1257012066951142E-015
           2          32   4.7967969347575727E-015
           2          33  -1.0561243779847643E-004
           2          34  -4.5077396378031691E-005
           2          35  -1.5822485481970050E-014
           2          36  -4.5077396385341490E-005
           2          37  -2.3327778858721102E-015
           2          38  -1.5522292788376372E-016
           2          39  -4.5077396382558370E-005
           2          40  -5.2919810244059036E-015
           2          41  -4.0254548315473737E-014
           2          42  -1.5162229647953262E-014
           2          43  -5.5247034506798452E-014
           2          44   2.7028572191613277E-015
           2          45  -1.5125145635937001E-014
           2          46  -2.1417053421783692E-014
           2          47  -1.6782517587596178E-014
           2          48  -2.7656796634151456E-014
           2          49  -1.7327191432672966E-014
           3           1  -8.1144837295753127E-004
           3           2  -4.5481156281922163E-003
           3           3   1.9644020558683399     
           3           4   1.6569074061971341E-002
           3           5  -4.5755253729629318E-002
           3           6  -1.4905916973893430E-003
           3           7  -6.5452753612291738E-013
           3           8   2.0872676205098180E-013
           3           9  -1.7420722967013876E-013
           3          10   3.6382908819157777E-013
           3          11   9.2909753793512441E-013
           3          12  -6.5057849416289205E-013
           3          13  -7.0584061268527667E-014
           3          14  -8.9025575183824466E-014
           3          15   6.0106425716147584E-014
           3          16  -1.1424940421247925E-012
           3          17  -1.2895114450307371E-011
           3          18   1.4733990765159033E-011
           3          19  -6.6042420432707292E-014
           3          20  -1.3421832256922137E-013
           3          21   1.0364771285982537E-013
           3          22   6.8204325641095455E-004
           3          23   2.9540090337037492E-013
           3          24   6.8204326683968816E-004
           3          25  -2.5520808373855448E-012
           3          26  -4.5779870683567264E-013
           3          27   6.8204325360394754E-004
           3          28   4.7653117301252861E-003
           3          29  -6.8412544468341865E-016
           3          30   4.7653117300703804E-003
           3          31   1.4550927975698523E-014
           3          32  -2.1426645431668945E-014
           3          33   4.7653117300698713E-003
           3          34   6.5064032648588736E-003
           3          35  -6.6467451638902055E-015
           3          36   6.5064032648874037E-003
           3          37  -5.3561771357628410E-015
           3          38   1.6351154757974383E-014
           3          39   6.5064032648610029E-003
           3          40  -5.0444669753145899E-014
           3          41  -6.6315166385949517E-014
           3          42  -2.4359105205728935E-014
           3          43  -9.2431711707947674E-014
           3          44   3.6691304474534555E-014
           3          45  -3.8276446167632201E-015
           3          46   5.4029016443291038E-014
           3          47   6.5561557024133113E-015
           3          48  -6.0724054983294451E-014
           3          49   1.3852215189840619E-013
           4           1   7.1118349719587469E-005
           4           2  -7.6161413423985386E-005
           4           3   1.6569074061971341E-002
           4           4   2.3259364365674670E-004
           4           5   1.3044346507605012E-002
           4           6  -8.6301453160309949E-006
           4           7   3.9897638056803908E-013
           4           8  -1.7091336588438251E-013
           4           9   2.1498320374623389E-013
           4          10  -9.9957102408491048E-014
           4          11  -4.3442381817791617E-013
           4          12  -1.1377857971470112E-013
           4          13   6.1920816018785617E-016
           4          14   3.0453696015743173E-014
           4          15  -2.7319906204013742E-014
           4          16   3.7730035038080118E-013
           4          17   1.4447068379350525E-011
           4          18  -9.1402003470648639E-012
           4          19   2.5578530968143941E-015
           4          20   3.3647715495726865E-014
           4          21  -2.6932034969269076E-014
           4          22   8.1287477437374005E-006
           4          23  -3.2003322386277912E-013
           4          24   8.1287401257227558E-006
           4          25   2.2683062321666119E-012
           4          26   5.0468268305976784E-013
           4          27   8.1287494350848596E-006
           4          28   7.5203377717169531E-005
           4          29   1.6151532092892579E-016
           4          30   7.5203377722553544E-005
           4          31  -1.3038304934593200E-015
           4          32  -9.0412283544305354E-016
           4          33   7.5203377716826693E-005
           4          34   9.0420660167067244E-005
           4          35  -1.0976690536481511E-015
           4          36   9.0420660155329563E-005
           4          37   3.5736879157300847E-015
           4          38   5.2288839229722241E-016
           4          39   9.0420660170645708E-005
           4          40  -1.0408772068474803E-015
           4          41   9.1727513276467967E-015
           4          42   7.5764717176375248E-017
           4          43   2.0958413834310229E-014
           4          44  -9.2154697984406262E-015
           4          45   2.5508852485152537E-016
           4          46  -6.3222134589476698E-015
           4          47   1.2362010482906783E-015
           4          48   8.4167755728011018E-015
           4          49  -1.0735737079710450E-014
           5           1  -7.9494061309310499E-004
           5           2  -3.4694740376297948E-003
           5           3  -4.5755253729629318E-002
           5           4   1.3044346507605012E-002
           5           5   1.9439906220465493     
           5           6   6.0453671953914845E-004
           5           7  -1.4478533324280710E-012
           5           8   3.2912224783420856E-013
           5           9  -4.1326119851832655E-013
           5          10  -3.5383196876431223E-013
           5          11   2.5331531946877239E-013
           5          12   1.7914357534113066E-012
           5          13   5.2740028000249260E-015
           5          14   1.8233274139814441E-013
           5          15  -1.4104241915465784E-012
           5          16  -1.7365997474277271E-012
           5          17  -2.6119315391286533E-011
           5          18   3.2523786191906712E-011
           5          19   2.5101741694569204E-013
           5          20   8.3969007119002119E-014
           5          21  -1.0456778679996384E-012
           5          22   3.2766418907845865E-004
           5          23   7.1721813658558847E-013
           5          24   3.2766420541869656E-004
           5          25  -4.8430250011378590E-012
           5          26  -1.3418175355556399E-012
           5          27   3.2766418469902959E-004
           5          28   4.9533232619824417E-003
           5          29  -1.6597651343967361E-014
           5          30   4.9533232618551182E-003
           5          31   8.2883149925315241E-014
           5          32  -3.9573598576909692E-014
           5          33   4.9533232622195195E-003
           5          34   4.9899640475012524E-003
           5          35  -8.2415862161040720E-014
           5          36   4.9899640473955037E-003
           5          37   3.9980166967765299E-014
           5          38  -5.2430620977644180E-014
           5          39   4.9899640476528742E-003
           5          40  -2.1741255158840252E-013
           5          41   8.7422324664769809E-014
           5          42  -1.6698438757107504E-014
           5          43   1.9075455543189361E-013
           5          44  -5.9634769009946269E-013
           5          45   4.1685773467666274E-014
           5          46  -1.9915035025164427E-013
           5          47   1.1275101890732626E-013
           5          48  -2.8906844829817983E-014
           5          49   2.4808718024094148E-014
           6           1   7.1191088679825666E-005
           6           2  -1.1154892395106257E-004
           6           3  -1.4905916973893430E-003
           6           4  -8.6301453160309949E-006
           6           5   6.0453671953914845E-004
           6           6   1.3072361472416277E-006
           6           7   1.2066966791707172E-013
           6           8  -3.8497212421444682E-014
           6           9   8.9541664036032421E-014
           6          10   6.3608140895523589E-013
           6          11   6.7259003656952519E-013
           6          12  -1.0169425998677424E-012
           6          13   3.3039272866303859E-015
           6          14  -2.1191295536573424E-014
           6          15  -2.5983094832839896E-014
           6          16   2.5908194410281508E-012
           6          17  -9.9324036750181371E-012
           6          18  -1.4612873297376661E-011
           6          19   3.7332591311924907E-015
           6          20  -2.4279041552254680E-014
           6          21  -2.9314562255541976E-014
           6          22  -4.0970710960094365E-007
           6          23   9.2873595056951241E-014
           6          24  -4.0970809537645734E-007
           6          25   3.1905823024052963E-014
           6          26   1.5596208751469260E-013
           6          27  -4.0970634378995013E-007
           6          28  -2.1237778069973424E-006
           6          29  -8.4968582856871527E-017
           6          30  -2.1237778061477264E-006
           6          31  -1.3468803828381965E-017
           6          32  -1.2884985157036163E-016
           6          33  -2.1237778075464950E-006
           6          34  -3.4271759554380576E-006
           6          35   1.1454608482143408E-016
           6          36  -3.4271759569045063E-006
           6          37   6.1131453559068819E-017
           6          38   1.9842844920756847E-016
           6          39  -3.4271759542949790E-006
           6          40   1.7935319532835572E-015
           6          41  -6.5253805506334248E-015
           6          42   8.2815832096816400E-016
           6          43  -1.4638563976284902E-014
           6          44  -7.6225355622036540E-015
           6          45   1.7554379836584071E-017
           6          46  -7.5126109951059805E-015
           6          47   8.4334618652384112E-016
           6          48  -6.5644318394781517E-015
           6          49  -1.6674372577673241E-014
           7           1  -1.9041835402991920E-014
           7           2  -6.5539416127511485E-014
           7           3  -6.5452753612291738E-013
           7           4   3.9897638056803908E-013
           7           5  -1.4478533324280710E-012
           7           6   1.2066966791707172E-013
           7           7   1.9999060478955173     
           7           8   1.2252665791952247E-015
           7           9   2.1192872778511021E-014
           7          10  -8.4948915140686199E-005
           7          11   6.9094815523608492E-014
           7          12   1.8069239555296584E-013
           7          13   5.8784072442020423E-004
           7          14  -3.1238819060079740E-014
           7          15  -3.2154583082683632E-013
           7          16  -2.0642621093226931E-003
           7          17   5.0007978172946638E-015
           7          18   1.8970725039019155E-012
           7          19   7.2309067870887536E-004
           7          20  -1.1167343863913477E-013
           7          21  -4.1386731441925228E-013
           7          22   6.0759459672421616E-014
           7          23   2.8070342139461131E-014
           7          24  -1.2903235798950107E-014
           7          25  -6.7946226762532314E-014
           7          26   1.7155380084729276E-014
           7          27   2.3777539658855740E-014
           7          28   3.1223838994481209E-013
           7          29   3.9798257396058671E-014
           7          30   3.1693108552199286E-013
           7          31   2.8719716455856360E-014
           7          32  -3.5754496942891946E-014
           7          33   3.4408749156515334E-013
           7          34   2.9741196782753192E-013
           7          35  -1.1481403871358803E-014
           7          36   2.0881589990410924E-013
           7          37  -2.7401212506217977E-014
           7          38   4.5398648374237593E-014
           7          39   1.9949514357888916E-013
           7          40   5.5646204944989153E-004
           7          41  -1.0743821265344763E-013
           7          42   2.4885739387056508E-004
           7          43   2.1124248119823157E-014
           7          44  -1.3757566071755970E-013
           7          45  -1.4170095505932772E-015
           7          46  -9.4316729636353466E-014
           7          47   2.4885739386964177E-004
           7          48  -1.7828617132083943E-014
           7          49  -2.8197931133993532E-013
           8           1   1.2743758781381043E-014
           8           2   9.9220174810666837E-014
           8           3   2.0872676205098180E-013
           8           4  -1.7091336588438251E-013
           8           5   3.2912224783420856E-013
           8           6  -3.8497212421444682E-014
           8           7   1.2252665791952247E-015
           8           8   1.9999060478955499     
           8           9   3.2812674968465019E-015
           8          10  -3.5941285356822574E-014
           8          11  -8.4948914935091015E-005
           8          12  -6.0358706494713203E-015
           8          13   3.5534854485690525E-014
           8          14   5.8784072418692815E-004
           8          15  -2.7489813284485703E-014
           8          16  -2.5007220686573683E-013
           8          17  -2.0642621090844779E-003
           8          18   1.2116826639263500E-012
           8          19   3.7822350435509459E-014
           8          20   7.2309067842487966E-004
           8          21  -3.7294060856746399E-014
           8          22   1.4418921517514336E-015
           8          23  -1.3872862138158490E-014
           8          24   1.8584895592893458E-014
           8          25   3.0916114931462213E-014
           8          26   2.9007453532089488E-014
           8          27  -3.7036463861126552E-014
           8          28  -5.8874319128544548E-014
           8          29   8.4662458281846605E-015
           8          30  -6.3369334174792889E-014
           8          31   1.5959791235651771E-015
           8          32   3.6463003319565139E-015
           8          33  -4.7997345084598563E-014
           8          34  -4.9602986266330154E-014
           8          35  -1.1763494537217388E-015
           8          36  -5.2018653423279965E-014
           8          37  -2.5262624912856915E-015
           8          38  -1.6328607305232603E-015
           8          39  -5.5797152963505718E-014
           8          40   3.3420121293198238E-014
           8          41   2.4885739374202293E-004
           8          42   1.8336123926169603E-014
           8          43   5.5646204914065213E-004
           8          44  -1.3903608568272655E-014
           8          45  -2.7761632196982457E-015
           8          46  -6.4219029505671523E-015
           8          47   1.6848320947014641E-014
           8          48   2.4885739375533477E-004
           8          49  -2.4397681248467466E-014
           9           1  -2.4912402933117479E-015
           9           2   4.7861430536484749E-014
           9           3  -1.7420722967013876E-013
           9           4   2.1498320374623389E-013
           9           5  -4.1326119851832655E-013
           9           6   8.9541664036032421E-014
           9           7   2.1192872778511021E-014
           9           8   3.2812674968465019E-015
           9           9   1.9999060478955641     
           9          10  -1.0197620843047149E-013
           9          11  -6.2544060815991718E-014
           9          12  -8.4948914806852395E-005
           9          13   5.6490255613673382E-014
           9          14  -1.3495068887850047E-014
           9          15   5.8784072411767463E-004
           9          16  -2.1003190574003967E-013
           9          17   2.8851171397694525E-013
           9          18  -2.0642621080065311E-003
           9          19   6.3297904445777464E-014
           9          20  -2.6770676118338375E-014
           9          21   7.2309067834244278E-004
           9          22  -4.8555998165644569E-014
           9          23   2.7071123006972942E-014
           9          24  -1.5736679878578053E-013
           9          25  -8.6357619524304805E-014
           9          26  -4.1596990204245504E-014
           9          27   5.7372280234076291E-014
           9          28   9.0143935036500177E-014
           9          29   9.0203455379915001E-015
           9          30   9.5107410372830656E-014
           9          31   1.6433269949097441E-014
           9          32  -1.3870352267682849E-014
           9          33   1.1635545884397602E-013
           9          34   8.0273886217259288E-014
           9          35  -1.0640500876573125E-015
           9          36   6.1579115669240262E-014
           9          37  -1.1865005320471733E-014
           9          38   1.2052157439749060E-014
           9          39   5.8143729753192070E-014
           9          40   6.7085943269747490E-014
           9          41  -2.5437610636691433E-014
           9          42   3.0410814746862997E-014
           9          43   8.7699693628676823E-015
           9          44   2.4885739372563744E-004
           9          45  -2.6467365825264753E-015
           9          46   2.4885739373692377E-004
           9          47   2.1454592380422460E-014
           9          48  -1.9967417560570309E-015
           9          49   5.5646204907446473E-004
          10           1   1.7548048083186711E-014
          10           2   1.5463429559675910E-013
          10           3   3.6382908819157777E-013
          10           4  -9.9957102408491048E-014
          10           5  -3.5383196876431223E-013
          10           6   6.3608140895523589E-013
          10           7  -8.4948915140686199E-005
          10           8  -3.5941285356822574E-014
          10           9  -1.0197620843047149E-013
          10          10   2.0103749139441489     
          10          11  -7.6926721420877018E-014
          10          12  -1.0771536129347486E-012
          10          13  -5.7769346478369716E-003
          10          14   4.8463408455844200E-013
          10          15   3.8832361113905946E-013
          10          16   1.3333489913621415E-002
          10          17  -4.4399252747658394E-012
          10          18   7.8445682566950781E-012
          10          19  -6.8990526077491393E-003
          10          20   8.1850359200651981E-013
          10          21   9.6619303400132740E-013
          10          22   2.8950515531024662E-013
          10          23   4.3057844318734909E-013
          10          24  -8.1972327934792417E-013
          10          25  -4.0598757566693217E-013
          10          26  -4.9876853293278391E-013
          10          27   1.1841342535122729E-013
          10          28  -2.1496626327721804E-014
          10          29   1.2163343714386495E-014
          10          30   1.6974066840150607E-013
          10          31  -9.2033015101822423E-014
          10          32  -4.4236357006179244E-014
          10          33   2.1952332395689999E-013
          10          34   1.6694309059635496E-014
          10          35   5.5046607468047020E-015
          10          36  -4.5821869724637410E-013
          10          37  -1.7573088625679215E-013
          10          38   1.1138804609119667E-014
          10          39  -7.5983355347000238E-014
          10          40  -5.0854514799897766E-003
          10          41  -2.0483823478841628E-014
          10          42  -2.2742830409792116E-003
          10          43   3.6271388729854355E-013
          10          44   5.4422579912614386E-013
          10          45  -6.3550802476382232E-014
          10          46   2.3582249085463251E-013
          10          47  -2.2742830408640658E-003
          10          48   2.7980937654208624E-013
          10          49   2.4190436127604826E-013
          11           1   3.8972400405330504E-014
          11           2   3.6319785792423626E-013
          11           3   9.2909753793512441E-013
          11           4  -4.3442381817791617E-013
          11           5   2.5331531946877239E-013
          11           6   6.7259003656952519E-013
          11           7   6.9094815523608492E-014
          11           8  -8.4948914935091015E-005
          11           9  -6.2544060815991718E-014
          11          10  -7.6926721420877018E-014
          11          11   2.0103749139429663     
          11          12  -1.1512523857945718E-013
          11          13  -6.0270387825140875E-013
          11          14  -5.7769346470861026E-003
          11          15   5.6792973157183751E-013
          11          16  -9.0583043724310613E-013
          11          17   1.3333489907719496E-002
          11          18   8.0485420845405331E-012
          11          19  -2.2338251818799362E-013
          11          20  -6.8990526067826182E-003
          11          21   1.3395215758765187E-012
          11          22   6.0907734002733757E-014
          11          23   9.7541317143836319E-014
          11          24  -4.2254933361252635E-013
          11          25   8.2732676581702497E-013
          11          26   1.8866017568457842E-013
          11          27  -1.9857306600511911E-013
          11          28  -1.9819153899179592E-013
          11          29  -1.7791365632360241E-014
          11          30   9.9413332205560967E-014
          11          31  -7.4291270254686700E-015
          11          32  -6.5900411166123830E-014
          11          33   4.6388031373419148E-014
          11          34  -1.5675715568181194E-013
          11          35   4.2441167412968722E-015
          11          36  -7.9340442751428551E-013
          11          37  -2.7393811970197555E-013
          11          38   2.8595939923133303E-014
          11          39  -2.0565602417366546E-013
          11          40  -2.3200356728703785E-013
          11          41  -2.2742830411470382E-003
          11          42   7.3637855752289153E-014
          11          43  -5.0854514795083440E-003
          11          44   7.0828415824632817E-013
          11          45  -6.3486322543508524E-014
          11          46   3.1763489480140909E-013
          11          47   1.9737614650009130E-013
          11          48  -2.2742830406851230E-003
          11          49   4.3361175237625524E-013
          12           1   2.1380883082473241E-016
          12           2  -2.0063893036464326E-013
          12           3  -6.5057849416289205E-013
          12           4  -1.1377857971470112E-013
          12           5   1.7914357534113066E-012
          12           6  -1.0169425998677424E-012
          12           7   1.8069239555296584E-013
          12           8  -6.0358706494713203E-015
          12           9  -8.4948914806852395E-005
          12          10  -1.0771536129347486E-012
          12          11  -1.1512523857945718E-013
          12          12   2.0103749139453138     
          12          13   1.0342604086250501E-012
          12          14  -4.6800954331205965E-013
          12          15  -5.7769346481224525E-003
          12          16  -1.0919437419152841E-012
          12          17   3.9788328881629198E-012
          12          18   1.3333489920172055E-002
          12          19   5.1243708938690573E-013
          12          20  -1.1971699584324821E-012
          12          21  -6.8990526095036881E-003
          12          22  -7.2102594292032688E-014
          12          23  -1.5984627885480430E-013
          12          24   2.2940759069250373E-014
          12          25  -1.1338756037456956E-012
          12          26  -4.0494876715315439E-013
          12          27   7.7441060014288512E-013
          12          28   3.3619393299598822E-014
          12          29   1.4988408677168719E-014
          12          30  -2.8709889716250199E-013
          12          31   3.1341046898545220E-014
          12          32   5.9675806839530781E-014
          12          33  -3.0125565160107571E-013
          12          34  -4.6284022413813877E-014
          12          35   3.7770538448018257E-015
          12          36   8.8680065143009217E-013
          12          37   4.1763630196215078E-013
          12          38   2.2492192198446134E-014
          12          39   9.8041872459989005E-014
          12          40   4.5341880980483516E-013
          12          41   1.7407626832478763E-013
          12          42  -7.9645370339342245E-014
          12          43  -5.1439404180335271E-013
          12          44  -2.2742830420790297E-003
          12          45   7.0687020848031449E-014
          12          46  -2.2742830415180618E-003
          12          47  -2.3932944646366357E-013
          12          48  -5.3111605565730793E-013
          12          49  -5.0854514803412767E-003
          13           1  -1.1517210788431115E-014
          13           2   8.5123340239411121E-016
          13           3  -7.0584061268527667E-014
          13           4   6.1920816018785617E-016
          13           5   5.2740028000249260E-015
          13           6   3.3039272866303859E-015
          13           7   5.8784072442020423E-004
          13           8   3.5534854485690525E-014
          13           9   5.6490255613673382E-014
          13          10  -5.7769346478369716E-003
          13          11  -6.0270387825140875E-013
          13          12   1.0342604086250501E-012
          13          13   2.4300781935009981E-005
          13          14   1.0167778363703379E-014
          13          15  -2.6449109456685039E-014
          13          16   3.8221223769163634E-003
          13          17   3.5071485375137018E-012
          13          18  -1.1789009899581052E-011
          13          19   2.8600885123473529E-005
          13          20   1.0520498658928712E-014
          13          21  -3.1866720275922723E-014
          13          22  -4.4964138735892767E-013
          13          23  -2.3089949635238969E-013
          13          24   5.8159245295900736E-013
          13          25   5.8690247207859696E-013
          13          26   5.0364306608698099E-013
          13          27  -1.2950883124505525E-013
          13          28   5.5512587823907615E-016
          13          29  -8.0352351657275105E-016
          13          30  -1.2585697147441414E-015
          13          31  -2.4067625234964927E-015
          13          32   5.8894471280676572E-017
          13          33  -6.9751686123823603E-016
          13          34  -2.7697197711525976E-015
          13          35   2.3999127625327920E-015
          13          36  -9.1678311330483229E-016
          13          37  -1.9143250088953772E-015
          13          38  -2.3470047451507513E-015
          13          39   8.3323195896541758E-017
          13          40   1.9847762082501899E-005
          13          41   3.6683003241784148E-015
          13          42   8.8761890434805235E-006
          13          43   7.8045542968117329E-015
          13          44  -1.0163729705034181E-014
          13          45  -2.8626741616187693E-016
          13          46  -8.1441081398513779E-015
          13          47   8.8761890420298830E-006
          13          48   8.0691512429684192E-016
          13          49  -1.7530835900879239E-014
          14           1  -2.2122827207407029E-014
          14           2  -1.2009617497287977E-013
          14           3  -8.9025575183824466E-014
          14           4   3.0453696015743173E-014
          14           5   1.8233274139814441E-013
          14           6  -2.1191295536573424E-014
          14           7  -3.1238819060079740E-014
          14           8   5.8784072418692815E-004
          14           9  -1.3495068887850047E-014
          14          10   4.8463408455844200E-013
          14          11  -5.7769346470861026E-003
          14          12  -4.6800954331205965E-013
          14          13   1.0167778363703379E-014
          14          14   2.4300781954786750E-005
          14          15  -3.2718253562165345E-014
          14          16   1.5249528392434139E-012
          14          17   3.8221223831270642E-003
          14          18  -1.2977358770926983E-011
          14          19   6.6835774212975745E-015
          14          20   2.8600885142461162E-005
          14          21  -3.6442634984869401E-014
          14          22  -1.3004454105648865E-013
          14          23   1.3688990493762147E-013
          14          24  -8.6406115998902082E-014
          14          25  -2.2731766172853680E-013
          14          26  -2.5778186241116058E-013
          14          27   2.2342225584643049E-013
          14          28   9.9654398180061822E-015
          14          29  -3.9337351362907531E-015
          14          30   5.7241685576837501E-015
          14          31  -1.2701263244780420E-015
          14          32  -1.0969872324286911E-015
          14          33   4.7109551733093398E-015
          14          34   1.3525100872342905E-014
          14          35   1.6293396899674767E-015
          14          36   1.5223482162433221E-014
          14          37   4.8875979931534955E-015
          14          38  -1.0439678481904146E-014
          14          39   1.8897807343954115E-014
          14          40   1.1156162925115835E-014
          14          41   8.8761890508406807E-006
          14          42   3.6590059441447567E-015
          14          43   1.9847762093819103E-005
          14          44  -1.1004480420676933E-014
          14          45  -6.9194347677748045E-016
          14          46  -7.0252337721658721E-015
          14          47  -3.0943901001241645E-015
          14          48   8.8761890417023642E-006
          14          49  -1.7060612998219082E-014
          15           1  -7.2408069249757709E-015
          15           2   3.1543453046001459E-015
          15           3   6.0106425716147584E-014
          15           4  -2.7319906204013742E-014
          15           5  -1.4104241915465784E-012
          15           6  -2.5983094832839896E-014
          15           7  -3.2154583082683632E-013
          15           8  -2.7489813284485703E-014
          15           9   5.8784072411767463E-004
          15          10   3.8832361113905946E-013
          15          11   5.6792973157183751E-013
          15          12  -5.7769346481224525E-003
          15          13  -2.6449109456685039E-014
          15          14  -3.2718253562165345E-014
          15          15   2.4300781925805057E-005
          15          16   3.9583741557984442E-013
          15          17  -3.6184782383971714E-012
          15          18   3.8221223741879739E-003
          15          19  -2.9103798275410939E-014
          15          20  -3.9300372530007852E-014
          15          21   2.8600885101880484E-005
          15          22   6.6099031361811996E-014
          15          23  -1.9832694408399179E-013
          15          24   1.2864332043951283E-012
          15          25   7.8526478545985319E-013
          15          26   6.1188401794810808E-013
          15          27  -1.3606417712768774E-012
          15          28  -1.3998605370540012E-014
          15          29   4.9399475337527847E-015
          15          30  -7.5570878201435067E-015
          15          31   2.4568911313954028E-015
          15          32   3.8335297055375170E-015
          15          33  -2.5790434057253832E-015
          15          34  -1.2475514764666425E-014
          15          35  -8.2266034411777433E-016
          15          36   2.8678689041733960E-015
          15          37  -4.6243970094424084E-015
          15          38   6.2162885711764970E-015
          15          39  -5.1478536140394391E-015
          15          40  -1.5804403289269275E-014
          15          41  -1.0231499222957221E-014
          15          42  -7.6373846684350122E-015
          15          43  -2.2455788720480638E-014
          15          44   8.8761890472020085E-006
          15          45  -4.9875294842093321E-016
          15          46   8.8761890415150445E-006
          15          47   1.2177742390093833E-016
          15          48   4.0458385788791807E-015
          15          49   1.9847762073073064E-005
          16           1  -3.8819330323434309E-014
          16           2  -5.0904653679517422E-013
          16           3  -1.1424940421247925E-012
          16           4   3.7730035038080118E-013
          16           5  -1.7365997474277271E-012
          16           6   2.5908194410281508E-012
          16           7  -2.0642621093226931E-003
          16           8  -2.5007220686573683E-013
          16           9  -2.1003190574003967E-013
          16          10   1.3333489913621415E-002
          16          11  -9.0583043724310613E-013
          16          12  -1.0919437419152841E-012
          16          13   3.8221223769163634E-003
          16          14   1.5249528392434139E-012
          16          15   3.9583741557984442E-013
          16          16   1.9804465833660814     
          16          17  -1.1972617341982073E-011
          16          18   2.6545952935830286E-011
          16          19   4.3458653455684306E-003
          16          20   1.5486911069968051E-012
          16          21   4.3163031742537994E-013
          16          22   5.8529980614730503E-013
          16          23   7.2247970299951341E-013
          16          24  -6.3738240540159949E-013
          16          25  -1.6503717332666505E-012
          16          26  -1.5593294539944952E-012
          16          27   7.1868668975510594E-013
          16          28   8.1802780649292043E-014
          16          29  -5.0239413749269917E-013
          16          30  -1.1061373049506981E-013
          16          31  -1.1151589841574939E-012
          16          32   1.9344128093394437E-013
          16          33  -6.7473046908481257E-014
          16          34  -1.0039633092656032E-012
          16          35   1.4114134166501052E-012
          16          36  -1.5032975157156033E-012
          16          37  -1.6730877354452882E-012
          16          38  -1.5672444350427435E-012
          16          39   1.0206565472395931E-013
          16          40   2.5666362902144694E-003
          16          41   4.5557646061655452E-013
          16          42   1.1478346438476270E-003
          16          43   1.3796523737905422E-012
          16          44  -2.2809590994416970E-013
          16          45  -2.4072352925396807E-013
          16          46   3.4477280785091130E-013
          16          47   1.1478346432740700E-003
          16          48  -5.8132851356589195E-013
          16          49   7.0774783874228558E-013
