           1           1   2.2790151379673880     
           1           2 -0.87583644225676549     
           1           3  0.30926840461054184     
           1           4  -6.3834370776615790E-003
           1           5  -5.3705597876205415E-002
           1           6  -2.4906470521068952E-002
           1           7   1.1690737911707745E-014
           1           8  -3.6126655436803929E-014
           1           9  -1.5492021554500063E-014
           1          10  -3.0458667453788895E-014
           1          11   6.1934377471156133E-014
           1          12   8.5350868246657874E-015
           1          13   3.1915525158539833E-014
           1          14  -2.5183332034904621E-014
           1          15  -4.0010099572890075E-014
           1          16   7.4564253409526900E-014
           1          17  -4.8682632581169865E-014
           1          18  -1.4812034144975468E-013
           1          19   2.0933455008079442E-014
           1          20  -3.2790769036193694E-014
           1          21  -2.5465273512042227E-014
           1          22   1.1891868286605468E-004
           1          23   4.3135501368829858E-015
           1          24   1.1891868279015333E-004
           1          25   2.0154942070973984E-014
           1          26   2.3064715770494638E-014
           1          27   1.1891868279684543E-004
           1          28   5.0578643204309405E-004
           1          29  -1.4517675966663987E-014
           1          30   5.0578643203940570E-004
           1          31  -1.4366018238320010E-014
           1          32  -6.3465205848272335E-015
           1          33   5.0578643203566510E-004
           1          34   6.6452175491896908E-004
           1          35   1.0324558261481755E-014
           1          36   6.6452175493671866E-004
           1          37   1.0758648097384611E-014
           1          38   3.3749337757072894E-015
           1          39   6.6452175494655986E-004
           1          40  -1.1642989155373321E-014
           1          41   3.0051506524898898E-015
           1          42   2.6040347367837799E-015
           1          43  -1.5322458892928437E-014
           1          44   2.0969290687852602E-014
           1          45   2.7300385472059390E-015
           1          46   1.9437957977488263E-014
           1          47  -9.4016043647926230E-015
           1          48   3.5742505424445797E-015
           1          49   5.0640895441175190E-014
           2           1 -0.87583644225676549     
           2           2   2.7678481617124349     
           2           3  -1.1773825306718568     
           2           4   2.4720297975215286E-002
           2           5  0.20618125459544598     
           2           6   9.5754326758642067E-002
           2           7  -1.1855890857734332E-014
           2           8   1.1722976863656575E-013
           2           9   5.3983968221177027E-015
           2          10   5.8937755500582195E-014
           2          11  -1.9799516180621887E-013
           2          12   1.4577481009579018E-013
           2          13  -7.1940419884130590E-014
           2          14   4.4093031122174891E-014
           2          15   5.8352889396816728E-014
           2          16  -1.3571450092556801E-013
           2          17   7.5057496987524197E-014
           2          18   2.8032137013030887E-013
           2          19  -4.6771506314818300E-014
           2          20   6.6213384974052957E-014
           2          21   3.2010804776703108E-014
           2          22  -3.9662708987077823E-004
           2          23   4.0165666713195858E-014
           2          24  -3.9662708970848617E-004
           2          25  -5.8443850678553553E-014
           2          26  -1.8288050794236636E-013
           2          27  -3.9662708952319743E-004
           2          28  -1.6826109714720629E-003
           2          29   4.2395206954510588E-014
           2          30  -1.6826109715107744E-003
           2          31   4.1618800276430801E-014
           2          32   1.1136719307110284E-014
           2          33  -1.6826109714950693E-003
           2          34  -2.4314103996791190E-003
           2          35  -2.8934635191277364E-014
           2          36  -2.4314103997403885E-003
           2          37  -2.9959208468525175E-014
           2          38  -1.1147079797190031E-014
           2          39  -2.4314103997371125E-003
           2          40   5.9996196100477233E-015
           2          41  -1.2552050385620338E-014
           2          42  -1.9215255506495315E-014
           2          43   4.2300102068994394E-014
           2          44  -6.7063958612519469E-014
           2          45  -1.2543489652529547E-015
           2          46  -4.5613352728518735E-014
           2          47   1.8997579426574280E-014
           2          48  -2.0510987220232583E-014
           2          49  -1.2896389478835412E-013
           3           1  0.30926840461054184     
           3           2  -1.1773825306718568     
           3           3   2.6637097476506408     
           3           4 -0.10980543650940502     
           3           5 -0.58283187278537518     
           3           6 -0.27453965310592821     
           3           7   3.1481384066068665E-013
           3           8  -2.1420744651221294E-013
           3           9  -1.1347602705030962E-013
           3          10  -4.3089666741793049E-013
           3          11   7.4373165583984559E-013
           3          12   4.6207056883510599E-013
           3          13   3.6007369813450488E-013
           3          14  -4.6682396468809153E-013
           3          15  -6.7055524455049637E-013
           3          16   6.2064063424193836E-013
           3          17  -8.0052156539582028E-013
           3          18  -1.5525196363870662E-012
           3          19   3.0799517496033556E-013
           3          20  -5.2817654202705841E-013
           3          21  -6.4041155080337350E-013
           3          22   5.6016477368773208E-004
           3          23   1.1105168647712683E-013
           3          24   5.6016477310186392E-004
           3          25   1.0735564600696336E-013
           3          26  -6.9150499878441961E-014
           3          27   5.6016477456977674E-004
           3          28   2.8618660831113345E-003
           3          29  -9.8744472308057523E-014
           3          30   2.8618660831851738E-003
           3          31  -1.1207864736777503E-013
           3          32  -5.7967036327439080E-014
           3          33   2.8618660832734379E-003
           3          34   4.6551799640427473E-003
           3          35   7.6643833639271294E-014
           3          36   4.6551799641968384E-003
           3          37   7.1620315686155256E-014
           3          38   1.8069143974262919E-014
           3          39   4.6551799641745412E-003
           3          40   9.1937049077726278E-015
           3          41   3.4984610941891953E-014
           3          42   3.4521249212285862E-014
           3          43  -1.2983808205348566E-013
           3          44   1.4479235034623403E-013
           3          45  -4.2754924613595473E-017
           3          46   9.5542505067856136E-014
           3          47  -5.2712229555265092E-014
           3          48   4.4226029317208966E-014
           3          49   2.3630454716141776E-013
           4           1  -6.3834370776615790E-003
           4           2   2.4720297975215286E-002
           4           3 -0.10980543650940502     
           4           4  0.13315165190358630     
           4           5  0.29902298879066858     
           4           6  0.14812169349889445     
           4           7   1.5697853206711703E-013
           4           8   2.7716868141384261E-013
           4           9   2.2967154939071201E-013
           4          10  -2.7881602208027806E-013
           4          11  -5.9177579280906683E-013
           4          12  -8.5414831166179844E-013
           4          13   2.3956938549856881E-013
           4          14   6.2111955429418701E-013
           4          15   4.4856328858263073E-013
           4          16   4.9338041894205474E-013
           4          17   1.2241765207319297E-012
           4          18   1.0134864875584250E-012
           4          19   1.7778697296757964E-013
           4          20   6.1527137753198678E-013
           4          21   5.4102855576456437E-013
           4          22   1.2176164209602067E-004
           4          23  -1.7016390533392124E-013
           4          24   1.2176164431180767E-004
           4          25  -5.5273732067596413E-013
           4          26  -2.7806025454633355E-013
           4          27   1.2176164400696150E-004
           4          28   1.5661208899945744E-003
           4          29   2.8524744547681936E-015
           4          30   1.5661208901066048E-003
           4          31   1.5163888980802668E-014
           4          32  -1.7413246447024965E-014
           4          33   1.5661208901197612E-003
           4          34   1.6723825854043921E-003
           4          35   1.0222263441991602E-014
           4          36   1.6723825854064397E-003
           4          37  -2.7290752866381951E-014
           4          38   1.1682726255791845E-014
           4          39   1.6723825853971861E-003
           4          40  -3.8587684082930552E-014
           4          41  -3.8753461880900053E-014
           4          42  -2.2554556265568404E-014
           4          43   2.7806118292321422E-014
           4          44  -5.6376026334108188E-014
           4          45  -1.0271378190000312E-015
           4          46  -1.8331696924622087E-014
           4          47   3.6397531213155512E-015
           4          48  -1.8777649753182377E-014
           4          49  -2.8064205862219431E-014
           5           1  -5.3705597876205415E-002
           5           2  0.20618125459544598     
           5           3 -0.58283187278537518     
           5           4  0.29902298879066858     
           5           5  0.71546252128226839     
           5           6  0.35255465896063753     
           5           7   7.5092559067919509E-014
           5           8   3.3148873702064784E-014
           5           9   3.5064989392336710E-014
           5          10  -3.7413417948431385E-013
           5          11   5.2840575053045894E-014
           5          12   1.1243882648477133E-012
           5          13   1.6596117571461102E-013
           5          14  -5.2283446209303396E-013
           5          15  -3.6606260225530596E-013
           5          16   4.4574530495745164E-013
           5          17  -6.7810478950952872E-013
           5          18  -2.9007893496478553E-013
           5          19   6.1583262301790775E-014
           5          20  -4.0729602247786534E-013
           5          21  -1.6041570578631706E-013
           5          22   1.8715441889946316E-004
           5          23   8.6270991568815867E-013
           5          24   1.8715441632805464E-004
           5          25  -5.0555180415647850E-013
           5          26  -1.6595262195708172E-012
           5          27   1.8715441857361162E-004
           5          28   2.9743885208566231E-003
           5          29   1.0883665929877524E-013
           5          30   2.9743885205519025E-003
           5          31   9.7027743092849648E-014
           5          32  -1.0740233833293285E-013
           5          33   2.9743885207921066E-003
           5          34   2.9672171725226544E-003
           5          35   1.3675944243539611E-014
           5          36   2.9672171724959596E-003
           5          37  -6.6682382356317856E-014
           5          38   2.1026333850026836E-014
           5          39   2.9672171724836674E-003
           5          40  -8.4703919782629399E-014
           5          41  -9.0560000622893691E-014
           5          42  -5.3179910380139875E-014
           5          43   6.9408281969373388E-014
           5          44  -1.4385224455922677E-013
           5          45  -2.1897481312758051E-015
           5          46  -5.6079310547292205E-014
           5          47   1.4221971268176862E-014
           5          48  -4.9061213757412565E-014
           5          49  -1.0071748393650140E-013
           6           1  -2.4906470521068952E-002
           6           2   9.5754326758642067E-002
           6           3 -0.27453965310592821     
           6           4  0.14812169349889445     
           6           5  0.35255465896063753     
           6           6  0.17379969653665200     
           6           7  -7.4639696530927842E-013
           6           8  -4.0605957916686407E-013
           6           9   2.1080405893978621E-013
           6          10   2.0226160112301419E-012
           6          11   1.0622857807132998E-012
           6          12  -2.2425551458133014E-013
           6          13  -2.0423625325614301E-012
           6          14  -1.0895638484473160E-012
           6          15   3.8268859079764159E-013
           6          16  -3.6052334828201089E-012
           6          17  -1.8439193146473783E-012
           6          18   8.8544847748292060E-013
           6          19  -1.9859818867335423E-012
           6          20  -9.9702603773648498E-013
           6          21   4.6373277226470503E-013
           6          22   9.6344879013609105E-005
           6          23   5.9760465159884082E-013
           6          24   9.6344871699141117E-005
           6          25   4.8267273221239553E-013
           6          26   7.2716165656685627E-014
           6          27   9.6344873335214853E-005
           6          28   1.4962387118536702E-003
           6          29   6.5720482816452910E-014
           6          30   1.4962387112658810E-003
           6          31   1.0072169194297522E-013
           6          32   1.1287064002559705E-014
           6          33   1.4962387114228408E-003
           6          34   1.5030419395644736E-003
           6          35   7.4954186483704256E-015
           6          36   1.5030419395431517E-003
           6          37  -3.1671754879736664E-014
           6          38   1.1895587912864650E-014
           6          39   1.5030419395376669E-003
           6          40  -5.1431191348619850E-014
           6          41  -4.6672441292319218E-014
           6          42  -3.0438556889309583E-014
           6          43   2.9705578096313367E-014
           6          44  -6.9404443402567018E-014
           6          45  -1.0893785036592582E-015
           6          46  -2.6023075756900301E-014
           6          47   2.5899642740244023E-015
           6          48  -2.5976518080575770E-014
           6          49  -4.5778709204140416E-014
           7           1   1.1690737911707745E-014
           7           2  -1.1855890857734332E-014
           7           3   3.1481384066068665E-013
           7           4   1.5697853206711703E-013
           7           5   7.5092559067919509E-014
           7           6  -7.4639696530927842E-013
           7           7   2.3507202245613001     
           7           8   2.1548735018583898E-014
           7           9   4.7834999850060456E-015
           7          10 -0.91799477730253587     
           7          11  -2.9113864097318753E-014
           7          12  -6.0378785304848748E-014
           7          13   3.0881009590773112E-002
           7          14   1.5581286261223681E-014
           7          15   1.4603769582510751E-013
           7          16  0.12401145482301093     
           7          17   2.3438889718008227E-013
           7          18  -3.4239104607092230E-013
           7          19   6.5384330661879042E-002
           7          20  -2.5912778867098751E-013
           7          21   8.0466883156660174E-014
           7          22  -1.2687872223956827E-013
           7          23   5.2217344354772682E-014
           7          24  -1.6141807728418826E-013
           7          25  -2.5515808303358785E-014
           7          26  -1.2115698695699285E-013
           7          27  -5.1018692012233840E-016
           7          28  -1.4495188060342568E-014
           7          29  -5.2709745119710682E-014
           7          30  -5.8868329645511648E-014
           7          31  -6.4778337873251256E-015
           7          32   1.5034251769374607E-014
           7          33  -7.6281704240143358E-015
           7          34   1.2203342323597319E-013
           7          35  -1.9856968014536650E-013
           7          36   2.8679704743337040E-013
           7          37  -2.7619048807361758E-013
           7          38   1.1788320468571506E-013
           7          39   1.9994906528093001E-013
           7          40   2.9172301718889430E-003
           7          41   1.5746542389232995E-014
           7          42   1.3046249940411835E-003
           7          43  -3.2028524797611535E-014
           7          44   8.3313381421621507E-015
           7          45  -2.0797345439667364E-014
           7          46   1.2266397411155559E-013
           7          47   1.3046249940665870E-003
           7          48  -5.7978276991671115E-014
           7          49   2.6678305560783738E-014
           8           1  -3.6126655436803929E-014
           8           2   1.1722976863656575E-013
           8           3  -2.1420744651221294E-013
           8           4   2.7716868141384261E-013
           8           5   3.3148873702064784E-014
           8           6  -4.0605957916686407E-013
           8           7   2.1548735018583898E-014
           8           8   2.3507202245612397     
           8           9  -2.7603787311480943E-015
           8          10  -5.6326471264966926E-014
           8          11 -0.91799477730247525     
           8          12   7.7255910002627104E-015
           8          13   8.3939799555565742E-014
           8          14   3.0881009590781983E-002
           8          15   6.3838691277684489E-014
           8          16   2.1794024918087018E-013
           8          17  0.12401145482188511     
           8          18   1.4380857615847731E-015
           8          19  -3.8372083288606973E-015
           8          20   6.5384330662509843E-002
           8          21  -2.8651733763318532E-013
           8          22   3.2535522599484060E-013
           8          23   6.5071470765202318E-014
           8          24  -3.5421063816633839E-013
           8          25   4.4168162794799771E-014
           8          26   1.5468478754772706E-013
           8          27  -7.0704354137413943E-014
           8          28   6.6222871009179338E-015
           8          29  -1.6161071193592474E-014
           8          30   7.4837135618789491E-014
           8          31  -2.3997179520237035E-014
           8          32  -1.0128083029447435E-013
           8          33   8.2193107736595441E-014
           8          34   3.9615271877520344E-014
           8          35  -6.7451076740750741E-014
           8          36   2.1864978563990202E-013
           8          37   3.0059626419075486E-013
           8          38  -8.1325261318869878E-014
           8          39   2.4558051827184083E-013
           8          40  -1.0016906602143896E-013
           8          41   1.3046249941142170E-003
           8          42  -1.1126445224147671E-014
           8          43   2.9172301720636687E-003
           8          44  -5.2873744743392112E-015
           8          45  -7.4814162218089849E-015
           8          46   3.9095042849747463E-015
           8          47   4.5967187169279264E-014
           8          48   1.3046249941704195E-003
           8          49   4.4062213459036131E-014
           9           1  -1.5492021554500063E-014
           9           2   5.3983968221177027E-015
           9           3  -1.1347602705030962E-013
           9           4   2.2967154939071201E-013
           9           5   3.5064989392336710E-014
           9           6   2.1080405893978621E-013
           9           7   4.7834999850060456E-015
           9           8  -2.7603787311480943E-015
           9           9   2.3507202245613645     
           9          10   3.0178984311568513E-014
           9          11  -8.5443804809237633E-014
           9          12 -0.91799477730277390     
           9          13  -5.1359957953245328E-014
           9          14   1.3901987200304333E-013
           9          15   3.0881009591232082E-002
           9          16   3.1400229638656185E-013
           9          17  -4.6372627959812007E-013
           9          18  0.12401145482321616     
           9          19  -1.9757979974333040E-013
           9          20   4.0590621142033712E-013
           9          21   6.5384330661635348E-002
           9          22   9.1194466989252746E-014
           9          23  -7.4916028460604870E-014
           9          24  -4.6345535846365396E-014
           9          25   4.4627229282200747E-014
           9          26   1.4186384579951196E-013
           9          27  -4.5909366465918016E-014
           9          28  -5.5562592431932489E-014
           9          29   3.5673819773024669E-016
           9          30  -1.1933739841752446E-014
           9          31  -4.6379229774031942E-014
           9          32  -1.6343838439890946E-013
           9          33   6.2115152025979947E-014
           9          34   7.3105878258940128E-015
           9          35  -1.1887507873646280E-013
           9          36   4.1581310908755875E-014
           9          37   1.7352922673532269E-013
           9          38  -5.8774458245679966E-014
           9          39  -1.1066833964736195E-013
           9          40  -1.3134458798358395E-013
           9          41   2.7878585128360972E-014
           9          42  -4.7582458670902480E-014
           9          43   1.5978153384264317E-013
           9          44   1.3046249940022712E-003
           9          45   2.1189770356415655E-014
           9          46   1.3046249940886466E-003
           9          47   9.8181055977310597E-014
           9          48   1.3214243372759119E-013
           9          49   2.9172301719151807E-003
          10           1  -3.0458667453788895E-014
          10           2   5.8937755500582195E-014
          10           3  -4.3089666741793049E-013
          10           4  -2.7881602208027806E-013
          10           5  -3.7413417948431385E-013
          10           6   2.0226160112301419E-012
          10           7 -0.91799477730253587     
          10           8  -5.6326471264966926E-014
          10           9   3.0178984311568513E-014
          10          10   2.4038101310096271     
          10          11   6.3789251658619150E-014
          10          12   4.9814319336149993E-014
          10          13  -8.9657049134796288E-002
          10          14   2.2135071553464059E-015
          10          15  -3.4208053056872245E-013
          10          16 -0.33542017858006168     
          10          17  -5.3591159288046697E-013
          10          18   9.9738273195981719E-013
          10          19 -0.17589366770920173     
          10          20   7.3489825336281456E-013
          10          21  -1.8343659924369149E-013
          10          22   6.3202134581662567E-013
          10          23  -5.7780498827136972E-014
          10          24  -2.5364432733206861E-013
          10          25   2.1187903049139646E-013
          10          26   4.3751582433012774E-013
          10          27  -3.4984677139860235E-013
          10          28   1.2035639725539453E-013
          10          29   1.5810473525609690E-013
          10          30   1.6918140481697204E-013
          10          31   2.4948678155774781E-014
          10          32  -4.8594852776278821E-014
          10          33   8.1808839170532575E-014
          10          34  -3.0458008093151451E-013
          10          35   5.1602987635482562E-013
          10          36  -7.5466345906992264E-013
          10          37   7.4657706252348393E-013
          10          38  -3.3444480337167136E-013
          10          39  -5.2412636100951831E-013
          10          40  -6.1275887461481569E-003
          10          41  -3.3626571037219388E-014
          10          42  -2.7403409948457275E-003
          10          43   1.1991942812025758E-013
          10          44  -3.3227876017078578E-014
          10          45   5.8224051783991929E-014
          10          46  -3.3283955019197675E-013
          10          47  -2.7403409948834456E-003
          10          48   1.3957131078049662E-013
          10          49  -7.8535255013632843E-014
          11           1   6.1934377471156133E-014
          11           2  -1.9799516180621887E-013
          11           3   7.4373165583984559E-013
          11           4  -5.9177579280906683E-013
          11           5   5.2840575053045894E-014
          11           6   1.0622857807132998E-012
          11           7  -2.9113864097318753E-014
          11           8 -0.91799477730247525     
          11           9  -8.5443804809237633E-014
          11          10   6.3789251658619150E-014
          11          11   2.4038101310097293     
          11          12   2.2854981795994433E-013
          11          13  -1.5853984791647235E-013
          11          14  -8.9657049135148770E-002
          11          15  -3.7467078051189873E-013
          11          16  -5.6740723231030188E-013
          11          17 -0.33542017857771173     
          11          18  -2.7849597628026856E-013
          11          19   7.5196793236642634E-014
          11          20 -0.17589366771122417     
          11          21   5.8709460903916266E-013
          11          22  -9.4585852455798215E-013
          11          23  -1.8627876913291335E-013
          11          24   6.2293090331263406E-013
          11          25  -3.1296627481933906E-014
          11          26  -3.0271994855851360E-013
          11          27   2.0713875392678396E-013
          11          28  -7.6692191614037164E-014
          11          29   1.0891356619181039E-014
          11          30  -2.7682567189961657E-013
          11          31   6.7393603063987769E-014
          11          32   2.8925564290202757E-013
          11          33  -2.7942448827368630E-013
          11          34  -1.2755509100931138E-013
          11          35   1.7918702249698980E-013
          11          36  -5.8147655963323554E-013
          11          37  -7.9313763454852692E-013
          11          38   2.2475599986410232E-013
          11          39  -6.5775436018076155E-013
          11          40   2.9859697613793257E-013
          11          41  -2.7403409950057418E-003
          11          42   7.7658772424868405E-014
          11          43  -6.1275887465780977E-003
          11          44  -2.5903690542387892E-015
          11          45   1.4037576639672778E-014
          11          46  -3.3091839137617748E-014
          11          47  -9.1544068332727324E-014
          11          48  -2.7403409951440240E-003
          11          49  -1.4663120842311680E-013
          12           1   8.5350868246657874E-015
          12           2   1.4577481009579018E-013
          12           3   4.6207056883510599E-013
          12           4  -8.5414831166179844E-013
          12           5   1.1243882648477133E-012
          12           6  -2.2425551458133014E-013
          12           7  -6.0378785304848748E-014
          12           8   7.7255910002627104E-015
          12           9 -0.91799477730277390     
          12          10   4.9814319336149993E-014
          12          11   2.2854981795994433E-013
          12          12   2.4038101310104421     
          12          13  -7.3621664320455693E-015
          12          14  -3.5845285073499156E-013
          12          15  -8.9657049136183081E-002
          12          16  -1.0645165304801196E-012
          12          17   1.1363028573629919E-012
          12          18 -0.33542017858084228     
          12          19   3.7550518250384357E-013
          12          20  -1.0537855310577271E-012
          12          21 -0.17589366770870041     
          12          22  -4.2287272046104021E-013
          12          23   1.9278137842288877E-013
          12          24   1.8012803287912074E-013
          12          25  -1.9025135167308522E-013
          12          26  -4.4461230081793266E-013
          12          27   2.0651160682077266E-013
          12          28  -2.2080598545345308E-013
          12          29  -2.2988536960912652E-015
          12          30  -2.9848952108362140E-013
          12          31   1.3071337777935933E-013
          12          32   4.4455395553579338E-013
          12          33  -5.3128565235105971E-013
          12          34  -3.0133627939505947E-013
          12          35   3.4683010129831248E-013
          12          36  -4.0263304418588179E-013
          12          37  -4.7197685190157743E-013
          12          38   1.8886557455038544E-013
          12          39  -3.6783989841272676E-015
          12          40   3.2051980156360543E-013
          12          41  -6.2283643818611054E-014
          12          42   1.5312835092810839E-013
          12          43  -4.4696955555159623E-013
          12          44  -2.7403409946969602E-003
          12          45  -4.8544095898345707E-014
          12          46  -2.7403409949599338E-003
          12          47  -2.9781607274693631E-013
          12          48  -2.9861001366905671E-013
          12          49  -6.1275887462126054E-003
          13           1   3.1915525158539833E-014
          13           2  -7.1940419884130590E-014
          13           3   3.6007369813450488E-013
          13           4   2.3956938549856881E-013
          13           5   1.6596117571461102E-013
          13           6  -2.0423625325614301E-012
          13           7   3.0881009590773112E-002
          13           8   8.3939799555565742E-014
          13           9  -5.1359957953245328E-014
          13          10  -8.9657049134796288E-002
          13          11  -1.5853984791647235E-013
          13          12  -7.3621664320455693E-015
          13          13  0.19837192331444847     
          13          14   5.4761750689635846E-014
          13          15   3.1608049511078207E-013
          13          16  0.34847815713784125     
          13          17   5.4295457019293281E-013
          13          18  -1.0576262088335397E-012
          13          19  0.18366240406718201     
          13          20  -7.3040878900698658E-013
          13          21   2.3665097659275602E-013
          13          22  -2.3809279803359524E-013
          13          23   4.2409519221189287E-014
          13          24   4.9436042566883961E-013
          13          25  -1.5070021591661295E-013
          13          26  -3.2903646063228566E-013
          13          27  -1.7890029801392473E-013
          13          28  -6.0143608728181109E-015
          13          29  -2.1089264401311496E-013
          13          30  -6.1710551101745744E-014
          13          31  -5.0057487472734422E-014
          13          32   9.5385835007090518E-014
          13          33  -2.9956481948138613E-014
          13          34   3.4361309661140071E-013
          13          35  -5.2800291310484012E-013
          13          36   8.0303048597710035E-013
          13          37  -7.6337308642353992E-013
          13          38   3.3391655055427844E-013
          13          39   5.4354515821195021E-013
          13          40   5.8313261993212353E-004
          13          41   3.1375699564503701E-014
          13          42   2.6078483554665841E-004
          13          43  -8.9160802222224000E-014
          13          44   6.7998063505835676E-014
          13          45  -5.9802274739929898E-014
          13          46   3.4108387772166515E-013
          13          47   2.6078483557437582E-004
          13          48  -1.3093286220858258E-013
          13          49   1.6636021173913745E-013
          14           1  -2.5183332034904621E-014
          14           2   4.4093031122174891E-014
          14           3  -4.6682396468809153E-013
          14           4   6.2111955429418701E-013
          14           5  -5.2283446209303396E-013
          14           6  -1.0895638484473160E-012
          14           7   1.5581286261223681E-014
          14           8   3.0881009590781983E-002
          14           9   1.3901987200304333E-013
          14          10   2.2135071553464059E-015
          14          11  -8.9657049135148770E-002
          14          12  -3.5845285073499156E-013
          14          13   5.4761750689635846E-014
          14          14  0.19837192331510087     
          14          15   5.3658466558914597E-013
          14          16   6.4435262681072913E-013
          14          17  0.34847815713587482     
          14          18   6.7855096541613591E-013
          14          19  -1.7017637299332478E-013
          14          20  0.18366240406950179     
          14          21  -5.0456167022261411E-013
          14          22  -1.7847525207540029E-013
          14          23  -4.8760915508899703E-014
          14          24   5.0706539827190030E-013
          14          25  -1.0982181715823994E-013
          14          26   2.7800589653697025E-013
          14          27  -2.5360112931793429E-013
          14          28   1.8529016836581349E-013
          14          29  -1.5758240371423900E-014
          14          30   4.1864688354503685E-013
          14          31  -7.4550537751909139E-014
          14          32  -3.5281554615338620E-013
          14          33   4.6241411149354303E-013
          14          34   1.9526242709898207E-013
          14          35  -1.9759796177089090E-013
          14          36   6.9491416717518594E-013
          14          37   7.5202665396540385E-013
          14          38  -2.1950676510940949E-013
          14          39   7.0325000378018537E-013
          14          40  -2.6068857901344333E-013
          14          41   2.6078483566145823E-004
          14          42  -8.4045563477491703E-014
          14          43   5.8313262040906493E-004
          14          44  -1.5344543940597893E-014
          14          45  -1.8354366839500520E-014
          14          46  -5.8179518467411581E-014
          14          47   1.3727941580807951E-013
          14          48   2.6078483584838916E-004
          14          49   7.6163400130994929E-014
          15           1  -4.0010099572890075E-014
          15           2   5.8352889396816728E-014
          15           3  -6.7055524455049637E-013
          15           4   4.4856328858263073E-013
          15           5  -3.6606260225530596E-013
          15           6   3.8268859079764159E-013
          15           7   1.4603769582510751E-013
          15           8   6.3838691277684489E-014
          15           9   3.0881009591232082E-002
          15          10  -3.4208053056872245E-013
          15          11  -3.7467078051189873E-013
          15          12  -8.9657049136183081E-002
          15          13   3.1608049511078207E-013
          15          14   5.3658466558914597E-013
          15          15  0.19837192331642722     
          15          16   1.0486542190157877E-012
          15          17  -8.9710877615445384E-013
          15          18  0.34847815713967623     
          15          19  -5.5969118228915704E-014
          15          20   1.1848352160503950E-012
          15          21  0.18366240406719053     
          15          22  -5.1067342866739647E-013
          15          23  -2.2005119671578905E-013
          15          24   5.4247574870698301E-013
          15          25   1.2015181108948190E-013
          15          26   5.5204481477731475E-013
          15          27   8.9897669839022056E-014
          15          28  -7.2994401839945237E-014
          15          29   1.7383130820352231E-014
          15          30   2.0943518087350782E-013
          15          31  -1.1861515529266757E-013
          15          32  -3.5932733686851073E-013
          15          33   3.2672848366004826E-013
          15          34   1.6290066614492083E-013
          15          35  -3.6178045458402004E-013
          15          36   3.1565690694319691E-013
          15          37   5.0867481351918703E-013
          15          38  -2.1228962604812698E-013
          15          39  -1.5932410023499913E-013
          15          40  -1.9871448507947226E-013
          15          41   1.0373599968935797E-013
          15          42  -6.2036178060873026E-014
          15          43   4.8330974910127528E-013
          15          44   2.6078483538247729E-004
          15          45   1.3834808595496212E-014
          15          46   2.6078483574366710E-004
          15          47   3.9119356083465451E-013
          15          48   2.3924705803719110E-013
          15          49   5.8313261995271795E-004
          16           1   7.4564253409526900E-014
          16           2  -1.3571450092556801E-013
          16           3   6.2064063424193836E-013
          16           4   4.9338041894205474E-013
          16           5   4.4574530495745164E-013
          16           6  -3.6052334828201089E-012
          16           7  0.12401145482301093     
          16           8   2.1794024918087018E-013
          16           9   3.1400229638656185E-013
          16          10 -0.33542017858006168     
          16          11  -5.6740723231030188E-013
          16          12  -1.0645165304801196E-012
          16          13  0.34847815713784125     
          16          14   6.4435262681072913E-013
          16          15   1.0486542190157877E-012
          16          16  0.62556462814884495     
          16          17   1.9452495170213524E-012
          16          18  -9.9399655173471047E-013
          16          19  0.32963199554835787     
          16          20  -8.0260104118323738E-013
          16          21   8.9711571504835774E-013
          16          22   1.8214459092336630E-012
          16          23  -4.3989590871618077E-014
          16          24  -8.9299067835083374E-013
          16          25   1.0171529752927598E-012
          16          26   9.4164697802436781E-013
          16          27  -7.9738179589023796E-013
          16          28   1.4630374635495178E-013
          16          29  -3.8398651389060942E-013
          16          30  -2.4596676933924170E-013
          16          31   5.4616406534444152E-015
          16          32   2.7954797362414570E-013
          16          33  -9.4327876057327031E-014
          16          34   6.1903371600479421E-013
          16          35  -9.4861102792767403E-013
          16          36   1.4383550269280763E-012
          16          37  -1.3693341489833356E-012
          16          38   6.0268441847380148E-013
          16          39   9.7583790162976352E-013
          16          40   1.4663547441301924E-003
          16          41   5.7348982333838006E-014
          16          42   6.5577377728148777E-004
          16          43  -1.6090292076151314E-013
          16          44   1.2119035701189940E-013
          16          45  -1.0740237783823986E-013
          16          46   6.1418583977360108E-013
          16          47   6.5577377733208489E-004
          16          48  -2.3530290671654186E-013
          16          49   2.9596851770612165E-013
