           1           1   1.1790961874951860     
           1           2  -7.0144831275948186E-002
           1           3 -0.44868128248412753     
           1           4  -6.2852750941846461E-002
           1           5  -1.1556116333338321E-013
           1           6  -1.7898087387948439E-013
           1           7   3.1362378051138900E-013
           1           8  -5.1951557195408747E-014
           1           9   5.3712683280010939E-014
           1          10  -8.5662824220516733E-014
           1          11  -4.5898977770835358E-014
           1          12   2.1661971203049031E-013
           1          13  -1.3413515935912487E-013
           1          14   2.9921437450859643E-003
           1          15  -2.0265567928563093E-014
           1          16   2.9921437450360555E-003
           1          17   6.1182925402424158E-014
           1          18   3.9771527473118049E-015
           1          19   2.9921437450051024E-003
           1          20  -4.1718108081675279E-004
           1          21  -9.5985186556763511E-015
           1          22  -4.1718108081334449E-004
           1          23  -1.0326729318499549E-014
           1          24  -1.9835668595709077E-014
           1          25  -4.1718108085154126E-004
           1          26   1.9338089528904384E-013
           1          27   5.4769491602888777E-014
           1          28   7.2445709645045825E-014
           1          29  -2.2212812825605427E-014
           1          30  -7.1576858100309540E-014
           1          31   8.8317470089991072E-015
           1          32  -1.0768318658631005E-013
           1          33  -9.6359799751711070E-014
           1          34  -1.6290220992587709E-014
           1          35  -1.1622714385671227E-013
           2           1  -7.0144831275948186E-002
           2           2  0.32661745945451975     
           2           3   9.4568846781519056E-002
           2           4  0.30247310796619792     
           2           5   5.5953216486912491E-015
           2           6   8.3422447716304165E-015
           2           7   2.1837541039152856E-015
           2           8   7.0391759593486323E-016
           2           9   4.5529850806692632E-015
           2          10   4.2155153662182517E-015
           2          11  -7.6324182987936968E-016
           2          12   1.4582604625302064E-016
           2          13  -7.2446346312269023E-016
           2          14  -5.5263275076258638E-004
           2          15   5.2762181415461259E-017
           2          16  -5.5263275076587834E-004
           2          17  -2.7905920130620051E-016
           2          18  -3.0679404005458939E-016
           2          19  -5.5263275076528496E-004
           2          20  -6.0810037638635937E-005
           2          21   1.0254921792532119E-016
           2          22  -6.0810037638473801E-005
           2          23  -2.2893876756337201E-016
           2          24  -2.8378784043675715E-016
           2          25  -6.0810037639012447E-005
           2          26  -1.1239637891044089E-015
           2          27  -5.2072822592536037E-016
           2          28  -6.8116719096099844E-016
           2          29  -3.9734782040581237E-016
           2          30   3.7451782753916267E-016
           2          31  -5.3191150035278862E-018
           2          32   3.7968881241190325E-016
           2          33  -3.6244301899633126E-016
           2          34   8.6669618117229233E-017
           2          35  -7.0026683687301465E-017
           3           1 -0.44868128248412753     
           3           2   9.4568846781519056E-002
           3           3  0.18505693059304917     
           3           4   8.6813797051287236E-002
           3           5   4.3294687047468493E-014
           3           6   6.7163769185369764E-014
           3           7  -1.1341094041872498E-013
           3           8   1.8894929589136374E-014
           3           9  -1.8853558292897857E-014
           3          10   3.1891763648520715E-014
           3          11   1.7050609046562892E-014
           3          12  -7.9124115030220181E-014
           3          13   4.8834195663120611E-014
           3          14  -1.2139984762655274E-003
           3          15   7.3197820434003727E-015
           3          16  -1.2139984762478372E-003
           3          17  -2.2370745087744435E-014
           3          18  -1.4420449991758525E-015
           3          19  -1.2139984762361126E-003
           3          20   1.4317613793214570E-004
           3          21   3.7708839511642951E-015
           3          22   1.4317613793079546E-004
           3          23   4.1045527879289864E-015
           3          24   7.1166942299312753E-015
           3          25   1.4317613794469843E-004
           3          26  -7.1270164253615768E-014
           3          27  -2.0125818192294820E-014
           3          28  -2.6791717298393534E-014
           3          29   8.3419171387676803E-015
           3          30   2.5851974533697843E-014
           3          31  -3.3422293217619074E-015
           3          32   3.9246581621211738E-014
           3          33   3.5057797152404270E-014
           3          34   5.8277795430339948E-015
           3          35   4.2131792674144284E-014
           4           1  -6.2852750941846461E-002
           4           2  0.30247310796619792     
           4           3   8.6813797051287236E-002
           4           4  0.28012119636214800     
           4           5   4.8325975510243210E-015
           4           6   7.2461089401470396E-015
           4           7   3.1257908076016519E-015
           4           8   4.2939770142308329E-016
           4           9   4.2996960073000730E-015
           4          10   3.5703911108026319E-015
           4          11  -6.7933856553767909E-016
           4          12   7.2200844377325775E-016
           4          13  -1.0441389016921948E-015
           4          14  -5.0538085441510620E-004
           4          15  -3.9455318980113841E-017
           4          16  -5.0538085441824074E-004
           4          17  -7.7260002782158323E-017
           4          18  -2.4720358499836380E-016
           4          19  -5.0538085441767468E-004
           4          20  -5.6244626051250601E-005
           4          21   1.5276632343518281E-016
           4          22  -5.6244626051139253E-005
           4          23  -1.0875879541170950E-016
           4          24  -3.4148919673404771E-016
           4          25  -5.6244626051721402E-005
           4          26  -6.4563527783052004E-016
           4          27  -3.3506068076950822E-016
           4          28  -4.9573924673286362E-016
           4          29  -3.2138809871369177E-016
           4          30   2.0882150086387388E-017
           4          31  -2.0441514097805702E-017
           4          32  -2.9224730299995056E-018
           4          33  -6.2340867676978730E-016
           4          34  -1.3375841855776696E-017
           4          35  -4.9194208802290718E-016
           5           1  -1.1556116333338321E-013
           5           2   5.5953216486912491E-015
           5           3   4.3294687047468493E-014
           5           4   4.8325975510243210E-015
           5           5   1.6621522743119416E-026
           5           6   2.3460507931242119E-026
           5           7  -5.0735040185351348E-026
           5           8   9.8931060987804263E-027
           5           9  -4.7103467241653902E-027
           5          10   1.5103308344541702E-026
           5          11   3.8586649961729652E-028
           5          12  -2.8535160328626628E-026
           5          13   1.8026595274099642E-026
           5          14  -3.3640886912399805E-016
           5          15   3.9137515895063220E-027
           5          16  -3.3640886911929407E-016
           5          17  -8.6357078907248924E-027
           5          18  -1.5000221785858509E-027
           5          19  -3.3640886911894466E-016
           5          20   9.6272369820250119E-018
           5          21  -1.8541269564525208E-027
           5          22   9.6272369833659429E-018
           5          23  -3.5273121183463996E-027
           5          24   3.5381898848203142E-027
           5          25   9.6272369876406954E-018
           5          26  -2.0694366549745437E-026
           5          27  -7.1747501793573347E-027
           5          28  -7.2716985843381887E-027
           5          29  -1.0526423358217395E-027
           5          30   1.4346983978710203E-026
           5          31   3.0487094176912601E-028
           5          32   1.6526035254634631E-026
           5          33   1.3682607909287162E-026
           5          34   3.9894771439536023E-027
           5          35   1.9485661154620130E-026
           6           1  -1.7898087387948439E-013
           6           2   8.3422447716304165E-015
           6           3   6.7163769185369764E-014
           6           4   7.2461089401470396E-015
           6           5   2.3460507931242119E-026
           6           6   3.3786380270574914E-026
           6           7  -7.0001174780777604E-026
           6           8   1.3255907414153904E-026
           6           9  -7.5555907872928642E-027
           6          10   2.0498360698534014E-026
           6          11   2.3827292757941527E-027
           6          12  -4.1076853059968824E-026
           6          13   2.5836174771640934E-026
           6          14  -5.0137971028816007E-016
           6          15   5.2325255172418798E-027
           6          16  -5.0137971028077663E-016
           6          17  -1.2244598895940855E-026
           6          18  -1.8437029595096791E-027
           6          19  -5.0137971027907308E-016
           6          20   2.8639699586208485E-017
           6          21  -1.6637229619203410E-027
           6          22   2.8639699587561160E-017
           6          23  -3.5009239014692607E-027
           6          24   4.7956578092345350E-027
           6          25   2.8639699593960202E-017
           6          26  -3.1327733838787692E-026
           6          27  -1.0339558196895373E-026
           6          28  -1.1198240428638290E-026
           6          29  -2.3125563208775542E-028
           6          30   1.9065623853230573E-026
           6          31  -3.4569799159302715E-029
           6          32   2.3033387932114007E-026
           6          33   1.9378174120852328E-026
           6          34   5.1481643290182745E-027
           6          35   2.6703579948145922E-026
           7           1   3.1362378051138900E-013
           7           2   2.1837541039152856E-015
           7           3  -1.1341094041872498E-013
           7           4   3.1257908076016519E-015
           7           5  -5.0735040185351348E-026
           7           6  -7.0001174780777604E-026
           7           7   1.5972992279360517E-025
           7           8  -3.2010675298521446E-026
           7           9   1.2586786812992836E-026
           7          10  -4.8078007794026624E-026
           7          11   3.0986462615992520E-027
           7          12   8.5761953719200396E-026
           7          13  -5.4481073120509477E-026
           7          14   9.3969303267366767E-016
           7          15  -1.2703428349610215E-026
           7          16   9.3969303266078715E-016
           7          17   2.6375691228840776E-026
           7          18   5.2335299185634523E-027
           7          19   9.3969303266259620E-016
           7          20   2.4492694051650309E-018
           7          21   7.9441252562076249E-027
           7          22   2.4492693997847538E-018
           7          23   1.4298703455851075E-026
           7          24  -1.1349438072274571E-026
           7          25   2.4492693874858407E-018
           7          26   5.8507797476192516E-026
           7          27   2.1505534634470129E-026
           7          28   2.0095194723268336E-026
           7          29   6.1635136706813351E-027
           7          30  -4.6830268599484647E-026
           7          31  -2.0308819202659999E-027
           7          32  -5.1422471065078314E-026
           7          33  -4.1888188509980752E-026
           7          34  -1.3384253916724871E-026
           7          35  -6.1731277457351356E-026
           8           1  -5.1951557195408747E-014
           8           2   7.0391759593486323E-016
           8           3   1.8894929589136374E-014
           8           4   4.2939770142308329E-016
           8           5   9.8931060987804263E-027
           8           6   1.3255907414153904E-026
           8           7  -3.2010675298521446E-026
           8           8   6.6470674705599190E-027
           8           9  -1.8943717367777766E-027
           8          10   9.8532569086718384E-027
           8          11  -1.6894301673041901E-027
           8          12  -1.6210292931742067E-026
           8          13   1.0363563595825931E-026
           8          14  -1.6949630094578180E-016
           8          15   2.6432181981635998E-027
           8          16  -1.6949630094372877E-016
           8          17  -5.0991139124712546E-027
           8          18  -1.1805753974479399E-027
           8          19  -1.6949630094479156E-016
           8          20  -9.6069495639996603E-018
           8          21  -2.1067914823501184E-027
           8          22  -9.6069495626340866E-018
           8          23  -3.6534387172417068E-027
           8          24   2.3234529196013254E-027
           8          25  -9.6069495604593142E-018
           8          26  -1.0137323051019281E-026
           8          27  -4.0602126402245270E-027
           8          28  -3.3610780102232639E-027
           8          29  -1.9400840727078574E-027
           8          30   9.8094516676806064E-027
           8          31   6.6904719211544350E-028
           8          32   1.0176933144303997E-026
           8          33   8.1080056638044754E-027
           8          34   2.8885242335788694E-027
           8          35   1.2479292162429705E-026
           9           1   5.3712683280010939E-014
           9           2   4.5529850806692632E-015
           9           3  -1.8853558292897857E-014
           9           4   4.2996960073000730E-015
           9           5  -4.7103467241653902E-027
           9           6  -7.5555907872928642E-027
           9           7   1.2586786812992836E-026
           9           8  -1.8943717367777766E-027
           9           9   2.6976449101720964E-027
           9          10  -3.1825384637712873E-027
           9          11  -2.6308852969099157E-027
           9          12   9.3795288477283386E-027
           9          13  -5.7840431484096578E-027
           9          14   1.2236858537946999E-016
           9          15  -7.3836224887086484E-028
           9          16   1.2236858537702252E-016
           9          17   2.5776840527237537E-027
           9          18   5.6760075287818899E-029
           9          19   1.2236858537528530E-016
           9          20  -2.4554248294319159E-017
           9          21  -7.5759195268520812E-028
           9          22  -2.4554248293969857E-017
           9          23  -9.9273750527949898E-028
           9          24  -7.6323685845564240E-028
           9          25  -2.4554248295719954E-017
           9          26   8.8708305085996685E-027
           9          27   2.3622690504332424E-027
           9          28   3.3700435331454301E-027
           9          29  -1.4108733452842762E-027
           9          30  -2.5453584668893505E-027
           9          31   5.4440228731151460E-028
           9          32  -4.3928469098790946E-027
           9          33  -4.0702914680340160E-027
           9          34  -4.9922464943082768E-028
           9          35  -4.5709577121633469E-027
          10           1  -8.5662824220516733E-014
          10           2   4.2155153662182517E-015
          10           3   3.1891763648520715E-014
          10           4   3.5703911108026319E-015
          10           5   1.5103308344541702E-026
          10           6   2.0498360698534014E-026
          10           7  -4.8078007794026624E-026
          10           8   9.8532569086718384E-027
          10           9  -3.1825384637712873E-027
          10          10   1.4721455745915344E-026
          10          11  -1.8849342891242712E-027
          10          12  -2.4964238898386486E-026
          10          13   1.5909364339316091E-026
          10          14  -2.7292872576605929E-016
          10          15   3.9122843755851027E-027
          10          16  -2.7292872576268533E-016
          10          17  -7.7818023964166938E-027
          10          18  -1.6959943876985929E-027
          10          19  -2.7292872576384096E-016
          10          20  -9.5007768873750542E-018
          10          21  -2.8453962316977117E-027
          10          22  -9.5007768854992971E-018
          10          23  -5.0040633347882294E-027
          10          24   3.4578152947567726E-027
          10          25  -9.5007768820576295E-018
          10          26  -1.6232285150037893E-026
          10          27  -6.2624826846194522E-027
          10          28  -5.4721616638073427E-027
          10          29  -2.4828311246083457E-027
          10          30   1.4482204921582704E-026
          10          31   8.4276483837613333E-028
          10          32   1.5377474450551442E-026
          10          33   1.2357777416595616E-026
          10          34   4.2137762201650952E-027
          10          35   1.8685327639260585E-026
          11           1  -4.5898977770835358E-014
          11           2  -7.6324182987936968E-016
          11           3   1.7050609046562892E-014
          11           4  -6.7933856553767909E-016
          11           5   3.8586649961729652E-028
          11           6   2.3827292757941527E-027
          11           7   3.0986462615992520E-027
          11           8  -1.6894301673041901E-027
          11           9  -2.6308852969099157E-027
          11          10  -1.8849342891242712E-027
          11          11   5.0431406970756993E-027
          11          12  -2.9164945617903053E-027
          11          13   1.5362803912052833E-027
          11          14  -7.7598006551843754E-017
          11          15  -6.9851237390233605E-028
          11          16  -7.7598006549667496E-017
          11          17  -3.6992007542032891E-028
          11          18   7.1211266360528337E-028
          11          19  -7.7598006546351483E-017
          11          20   4.1814636711170845E-017
          11          21   2.5601020576859526E-027
          11          22   4.1814636709726638E-017
          11          23   3.9543869234636735E-027
          11          24  -4.5084844974532924E-028
          11          25   4.1814636710838402E-017
          11          26  -6.3141003571749895E-027
          11          27  -7.6082640469920847E-028
          11          28  -2.7369560673383878E-027
          11          29   3.4077098938118489E-027
          11          30  -2.8783051862021409E-027
          11          31  -1.2639706412966665E-027
          11          32  -3.8242370226695925E-028
          11          33   5.2994598085071482E-028
          11          34  -1.2199856474146765E-027
          11          35  -1.6917936808833435E-027
          12           1   2.1661971203049031E-013
          12           2   1.4582604625302064E-016
          12           3  -7.9124115030220181E-014
          12           4   7.2200844377325775E-016
          12           5  -2.8535160328626628E-026
          12           6  -4.1076853059968824E-026
          12           7   8.5761953719200396E-026
          12           8  -1.6210292931742067E-026
          12           9   9.3795288477283386E-027
          12          10  -2.4964238898386486E-026
          12          11  -2.9164945617903053E-027
          12          12   5.0266710504018766E-026
          12          13  -3.1637826165965303E-026
          12          14   5.9576443053303561E-016
          12          15  -6.4060055696530753E-027
          12          16   5.9576443052390455E-016
          12          17   1.4976155539957979E-026
          12          18   2.2502649366784403E-027
          12          19   5.9576443052185430E-016
          12          20  -3.6782926399362696E-017
          12          21   2.0517770840580980E-027
          12          22  -3.6782926401020049E-017
          12          23   4.2965544803559211E-027
          12          24  -5.8807952095154826E-027
          12          25  -3.6782926408863934E-017
          12          26   3.8277797810157456E-026
          12          27   1.2634951757980335E-026
          12          28   1.3671420677224727E-026
          12          29   2.8669610228154926E-028
          12          30  -2.3337211806293088E-026
          12          31   3.6114004460546058E-029
          12          32  -2.8181485879850520E-026
          12          33  -2.3726876274224717E-026
          12          34  -6.3041635800919740E-027
          12          35  -3.2694125801956283E-026
          13           1  -1.3413515935912487E-013
          13           2  -7.2446346312269023E-016
          13           3   4.8834195663120611E-014
          13           4  -1.0441389016921948E-015
          13           5   1.8026595274099642E-026
          13           6   2.5836174771640934E-026
          13           7  -5.4481073120509477E-026
          13           8   1.0363563595825931E-026
          13           9  -5.7840431484096578E-027
          13          10   1.5909364339316091E-026
          13          11   1.5362803912052833E-027
          13          12  -3.1637826165965303E-026
          13          13   1.9932620723052870E-026
          13          14  -3.7116383083539768E-016
          13          15   4.0978626122644149E-027
          13          16  -3.7116383082974550E-016
          13          17  -9.4561189167456468E-027
          13          18  -1.4676921206598053E-027
          13          19  -3.7116383082865376E-016
          13          20   2.0827416770300366E-017
          13          21  -1.4570051315799988E-027
          13          22   2.0827416771438264E-017
          13          23  -2.9632914834540984E-027
          13          24   3.7508258701589298E-027
          13          25   2.0827416776335728E-017
          13          26  -2.3836720732425139E-026
          13          27  -7.9495561754334515E-027
          13          28  -8.4832705745219987E-027
          13          29  -3.9104599188265448E-028
          13          30   1.4948817700773220E-026
          13          31   5.5192583030122541E-029
          13          32   1.7861011465585409E-026
          13          33   1.4986564251091949E-026
          13          34   4.0655257134974599E-027
          13          35   2.0799181014860920E-026
          14           1   2.9921437450859643E-003
          14           2  -5.5263275076258638E-004
          14           3  -1.2139984762655274E-003
          14           4  -5.0538085441510620E-004
          14           5  -3.3640886912399805E-016
          14           6  -5.0137971028816007E-016
          14           7   9.3969303267366767E-016
          14           8  -1.6949630094578180E-016
          14           9   1.2236858537946999E-016
          14          10  -2.7292872576605929E-016
          14          11  -7.7598006551843754E-017
          14          12   5.9576443053303561E-016
          14          13  -3.7116383083539768E-016
          14          14   8.4049710104397631E-006
          14          15  -6.6313587426297447E-017
          14          16   8.4049710103221780E-006
          14          17   1.7351412442965345E-016
          14          18   1.9544533538751021E-017
          14          19   8.4049710102677696E-006
          14          20  -6.9254208143439556E-007
          14          21  -2.1508652797201176E-019
          14          22  -6.9254208144031579E-007
          14          23   1.3105336295643203E-017
          14          24  -6.2037508160866102E-017
          14          25  -6.9254208153836791E-007
          14          26   4.9302096287753354E-016
          14          27   1.5096035707322963E-016
          14          28   1.8095150891943217E-016
          14          29  -2.7062356098384475E-017
          14          30  -2.3886084299872950E-016
          14          31   1.1914130534058873E-017
          14          32  -3.1645232994631754E-016
          14          33  -2.7300729428546958E-016
          14          34  -6.0475234954021322E-017
          14          35  -3.5489613428572004E-016
          15           1  -2.0265567928563093E-014
          15           2   5.2762181415461259E-017
          15           3   7.3197820434003727E-015
          15           4  -3.9455318980113841E-017
          15           5   3.9137515895063220E-027
          15           6   5.2325255172418798E-027
          15           7  -1.2703428349610215E-026
          15           8   2.6432181981635998E-027
          15           9  -7.3836224887086484E-028
          15          10   3.9122843755851027E-027
          15          11  -6.9851237390233605E-028
          15          12  -6.4060055696530753E-027
          15          13   4.0978626122644149E-027
          15          14  -6.6313587426297447E-017
          15          15   1.0513978074330257E-027
          15          16  -6.6313587425494436E-017
          15          17  -2.0180635298763602E-027
          15          18  -4.7175165132653939E-028
          15          19  -6.6313587425935459E-017
          15          20  -4.0094361469398510E-018
          15          21  -8.4990035004532404E-028
          15          22  -4.0094361463903917E-018
          15          23  -1.4706940240867058E-027
          15          24   9.2347824946828098E-028
          15          25  -4.0094361455348304E-018
          15          26  -3.9788289876009833E-027
          15          27  -1.6039485691901989E-027
          15          28  -1.3151994805260904E-027
          15          29  -7.8847476675658967E-028
          15          30   3.9034787453482127E-027
          15          31   2.7253178813420656E-028
          15          32   4.0344121878573633E-027
          15          33   3.2097967884210220E-027
          15          34   1.1516373758638820E-027
          15          35   4.9546959892505524E-027
          16           1   2.9921437450360555E-003
          16           2  -5.5263275076587834E-004
          16           3  -1.2139984762478372E-003
          16           4  -5.0538085441824074E-004
          16           5  -3.3640886911929407E-016
          16           6  -5.0137971028077663E-016
          16           7   9.3969303266078715E-016
          16           8  -1.6949630094372877E-016
          16           9   1.2236858537702252E-016
          16          10  -2.7292872576268533E-016
          16          11  -7.7598006549667496E-017
          16          12   5.9576443052390455E-016
          16          13  -3.7116383082974550E-016
          16          14   8.4049710103221780E-006
          16          15  -6.6313587425494436E-017
          16          16   8.4049710102045911E-006
          16          17   1.7351412442710385E-016
          16          18   1.9544533538628606E-017
          16          19   8.4049710101501845E-006
          16          20  -6.9254208141380631E-007
          16          21  -2.1508652744438708E-019
          16          22  -6.9254208141972665E-007
          16          23   1.3105336296279000E-017
          16          24  -6.2037508160061809E-017
          16          25  -6.9254208151777876E-007
          16          26   4.9302096286921481E-016
          16          27   1.5096035707093025E-016
          16          28   1.8095150891630153E-016
          16          29  -2.7062356097280982E-017
          16          30  -2.3886084299591800E-016
          16          31   1.1914130533627888E-017
          16          32  -3.1645232994188123E-016
          16          33  -2.7300729428144161E-016
          16          34  -6.0475234953410547E-017
          16          35  -3.5489613428098850E-016
          17           1   6.1182925402424158E-014
          17           2  -2.7905920130620051E-016
          17           3  -2.2370745087744435E-014
          17           4  -7.7260002782158323E-017
          17           5  -8.6357078907248924E-027
          17           6  -1.2244598895940855E-026
          17           7   2.6375691228840776E-026
          17           8  -5.0991139124712546E-027
          17           9   2.5776840527237537E-027
          17          10  -7.7818023964166938E-027
          17          11  -3.6992007542032891E-028
          17          12   1.4976155539957979E-026
          17          13  -9.4561189167456468E-027
          17          14   1.7351412442965345E-016
          17          15  -2.0180635298763602E-027
          17          16   1.7351412442710385E-016
          17          17   4.5131770477273933E-027
          17          18   7.5684214898139450E-028
          17          19   1.7351412442681949E-016
          17          20  -6.8553325994041912E-018
          17          21   8.8520629732296110E-028
          17          22  -6.8553326000556255E-018
          17          23   1.7101623464170688E-027
          17          24  -1.8328877815506597E-027
          17          25  -6.8553326023250427E-018
          17          26   1.0986585097833909E-026
          17          27   3.7619617013730592E-027
          17          28   3.8749431716091313E-027
          17          29   4.3590865206765862E-028
          17          30  -7.3861013071574224E-027
          17          31  -1.1828295942720252E-028
          17          32  -8.6028893780624561E-027
          17          33  -7.1554076030066499E-027
          17          34  -2.0404711714274555E-027
          17          35  -1.0107709150705280E-026
          18           1   3.9771527473118049E-015
          18           2  -3.0679404005458939E-016
          18           3  -1.4420449991758525E-015
          18           4  -2.4720358499836380E-016
          18           5  -1.5000221785858509E-027
          18           6  -1.8437029595096791E-027
          18           7   5.2335299185634523E-027
          18           8  -1.1805753974479399E-027
          18           9   5.6760075287818899E-029
          18          10  -1.6959943876985929E-027
          18          11   7.1211266360528337E-028
          18          12   2.2502649366784403E-027
          18          13  -1.4676921206598053E-027
          18          14   1.9544533538751021E-017
          18          15  -4.7175165132653939E-028
          18          16   1.9544533538628606E-017
          18          17   7.5684214898139450E-028
          18          18   2.4653241710251557E-028
          18          19   1.9544533539088955E-017
          18          20   5.2444366497847520E-018
          18          21   5.5477380840418309E-028
          18          22   5.2444366494442784E-018
          18          23   9.1890391963090239E-028
          18          24  -3.9998634910258598E-028
          18          25   5.2444366492068999E-018
          18          26   1.0069173637107611E-027
          18          27   5.6114079903035121E-028
          18          28   2.7653316859664463E-028
          18          29   6.0481009601583610E-028
          18          30  -1.7763535381153296E-027
          18          31  -2.1644192927289384E-028
          18          32  -1.6104886550478583E-027
          18          33  -1.2083205751674448E-027
          18          34  -5.5630481192535788E-028
          18          35  -2.0837737737332990E-027
          19           1   2.9921437450051024E-003
          19           2  -5.5263275076528496E-004
          19           3  -1.2139984762361126E-003
          19           4  -5.0538085441767468E-004
          19           5  -3.3640886911894466E-016
          19           6  -5.0137971027907308E-016
          19           7   9.3969303266259620E-016
          19           8  -1.6949630094479156E-016
          19           9   1.2236858537528530E-016
          19          10  -2.7292872576384096E-016
          19          11  -7.7598006546351483E-017
          19          12   5.9576443052185430E-016
          19          13  -3.7116383082865376E-016
          19          14   8.4049710102677696E-006
          19          15  -6.6313587425935459E-017
          19          16   8.4049710101501845E-006
          19          17   1.7351412442681949E-016
          19          18   1.9544533539088955E-017
          19          19   8.4049710100957779E-006
          19          20  -6.9254208138646049E-007
          19          21  -2.1508652576897594E-019
          19          22  -6.9254208139238082E-007
          19          23   1.3105336298862507E-017
          19          24  -6.2037508160342791E-017
          19          25  -6.9254208149043293E-007
          19          26   4.9302096286496235E-016
          19          27   1.5096035707039481E-016
          19          28   1.8095150891446550E-016
          19          29  -2.7062356095046046E-017
          19          30  -2.3886084299774303E-016
          19          31   1.1914130532798015E-017
          19          32  -3.1645232994205468E-016
          19          33  -2.7300729428103066E-016
          19          34  -6.0475234954194058E-017
          19          35  -3.5489613428201077E-016
          20           1  -4.1718108081675279E-004
          20           2  -6.0810037638635937E-005
          20           3   1.4317613793214570E-004
          20           4  -5.6244626051250601E-005
          20           5   9.6272369820250119E-018
          20           6   2.8639699586208485E-017
          20           7   2.4492694051650309E-018
          20           8  -9.6069495639996603E-018
          20           9  -2.4554248294319159E-017
          20          10  -9.5007768873750542E-018
          20          11   4.1814636711170845E-017
          20          12  -3.6782926399362696E-017
          20          13   2.0827416770300366E-017
          20          14  -6.9254208143439556E-007
          20          15  -4.0094361469398510E-018
          20          16  -6.9254208141380631E-007
          20          17  -6.8553325994041912E-018
          20          18   5.2444366497847520E-018
          20          19  -6.9254208138646049E-007
          20          20   3.5908671369737568E-007
          20          21   2.0225087215962411E-017
          20          22   3.5908671368605969E-007
          20          23   3.1011250234181101E-017
          20          24  -2.0800487092609323E-018
          20          25   3.5908671369721485E-007
          20          26  -6.1022045204534924E-017
          20          27  -9.3776885693337854E-018
          20          28  -2.5658069032222089E-017
          20          29   2.7647021908555576E-017
          20          30  -1.7344336152999365E-017
          20          31  -1.0266273839748365E-017
          20          32   4.1716115492798172E-018
          20          33   1.0539956127270464E-017
          20          34  -8.2736405952615147E-018
          20          35  -5.2043205617973320E-018
          21           1  -9.5985186556763511E-015
          21           2   1.0254921792532119E-016
          21           3   3.7708839511642951E-015
          21           4   1.5276632343518281E-016
          21           5  -1.8541269564525208E-027
          21           6  -1.6637229619203410E-027
          21           7   7.9441252562076249E-027
          21           8  -2.1067914823501184E-027
          21           9  -7.5759195268520812E-028
          21          10  -2.8453962316977117E-027
          21          11   2.5601020576859526E-027
          21          12   2.0517770840580980E-027
          21          13  -1.4570051315799988E-027
          21          14  -2.1508652797201176E-019
          21          15  -8.4990035004532404E-028
          21          16  -2.1508652744438708E-019
          21          17   8.8520629732296110E-028
          21          18   5.5477380840418309E-028
          21          19  -2.1508652576897594E-019
          21          20   2.0225087215962411E-017
          21          21   1.5572503290651164E-027
          21          22   2.0225087215047924E-017
          21          23   2.4867350481737067E-027
          21          24  -6.7603555403438047E-028
          21          25   2.0225087215088066E-017
          21          26  -6.9050648850624087E-028
          21          27   4.9960194391126694E-028
          21          28  -5.1201468248391621E-028
          21          29   1.8942365854157707E-027
          21          30  -3.2793820959597440E-027
          21          31  -6.9248061537685131E-028
          21          32  -2.2590860543528948E-027
          21          33  -1.4345652064130507E-027
          21          34  -1.1292163158364484E-027
          21          35  -3.3080173960839302E-027
          22           1  -4.1718108081334449E-004
          22           2  -6.0810037638473801E-005
          22           3   1.4317613793079546E-004
          22           4  -5.6244626051139253E-005
          22           5   9.6272369833659429E-018
          22           6   2.8639699587561160E-017
          22           7   2.4492693997847538E-018
          22           8  -9.6069495626340866E-018
          22           9  -2.4554248293969857E-017
          22          10  -9.5007768854992971E-018
          22          11   4.1814636709726638E-017
          22          12  -3.6782926401020049E-017
          22          13   2.0827416771438264E-017
          22          14  -6.9254208144031579E-007
          22          15  -4.0094361463903917E-018
          22          16  -6.9254208141972665E-007
          22          17  -6.8553326000556255E-018
          22          18   5.2444366494442784E-018
          22          19  -6.9254208139238082E-007
          22          20   3.5908671368605969E-007
          22          21   2.0225087215047924E-017
          22          22   3.5908671367474381E-007
          22          23   3.1011250232710812E-017
          22          24  -2.0800487088166280E-018
          22          25   3.5908671368589891E-007
          22          26  -6.1022045204502963E-017
          22          27  -9.3776885697414847E-018
          22          28  -2.5658069032058326E-017
          22          29   2.7647021907463860E-017
          22          30  -1.7344336150892265E-017
          22          31  -1.0266273839350707E-017
          22          32   4.1716115508465828E-018
          22          33   1.0539956128320451E-017
          22          34  -8.2736405945524628E-018
          22          35  -5.2043205595850663E-018
          23           1  -1.0326729318499549E-014
          23           2  -2.2893876756337201E-016
          23           3   4.1045527879289864E-015
          23           4  -1.0875879541170950E-016
          23           5  -3.5273121183463996E-027
          23           6  -3.5009239014692607E-027
          23           7   1.4298703455851075E-026
          23           8  -3.6534387172417068E-027
          23           9  -9.9273750527949898E-028
          23          10  -5.0040633347882294E-027
          23          11   3.9543869234636735E-027
          23          12   4.2965544803559211E-027
          23          13  -2.9632914834540984E-027
          23          14   1.3105336295643203E-017
