           1           1   1.9910451658803692     
           1           2   1.6631409487651780E-003
           1           3  -2.2962882341181698E-002
           1           4   1.7039111673848781E-002
           1           5  -1.4638818068496072E-014
           1           6   1.4437679854290505E-013
           1           7  -3.6952794581682112E-014
           1           8   3.3419808639998953E-015
           1           9  -9.6735941323813762E-014
           1          10   8.3805108029676088E-015
           1          11   1.6039358678843223E-014
           1          12   1.9834808126697894E-014
           1          13   1.3791061151726572E-014
           1          14   3.7634206065224503E-003
           1          15  -1.3555550082833326E-015
           1          16   3.7634206065188395E-003
           1          17   3.7787420903662775E-015
           1          18  -2.8187917855322459E-015
           1          19   3.7634206065265811E-003
           1          20  -5.5944002549745140E-004
           1          21   5.2198544197626749E-015
           1          22  -5.5944002547802607E-004
           1          23   4.4052767730129756E-015
           1          24  -4.7298766341861118E-015
           1          25  -5.5944002548894854E-004
           1          26   7.3937217137846196E-015
           1          27  -3.1428935661970225E-014
           1          28  -1.1426607249064460E-014
           1          29  -4.3007828594311926E-014
           1          30   7.2845713421211607E-015
           1          31   5.5553746638077116E-016
           1          32   8.0944025345764814E-015
           1          33  -6.8552680798450230E-015
           1          34  -1.0731139747808598E-014
           1          35   8.3873831446305161E-015
           2           1   1.6631409487651780E-003
           2           2   7.1880364570954471E-004
           2           3  -6.5644804338561120E-004
           2           4   6.2942176994418254E-004
           2           5   7.3917699607259641E-017
           2           6   1.3062053625750613E-015
           2           7  -5.4319463036770810E-016
           2           8   3.4980166300221408E-016
           2           9  -1.0937176000546744E-015
           2          10   2.3563759547601845E-016
           2          11   9.6915571017280179E-017
           2          12   1.9514604716683919E-016
           2          13   2.4591229182918115E-016
           2          14  -1.3512573717966027E-005
           2          15   6.8972922341626898E-017
           2          16  -1.3512573717829939E-005
           2          17   1.2788353504251691E-016
           2          18  -8.8988120416516781E-017
           2          19  -1.3512573717820558E-005
           2          20  -1.2223388801862670E-005
           2          21   5.3307781243810119E-017
           2          22  -1.2223388801693257E-005
           2          23   1.5591812335593540E-017
           2          24   3.0743784521588455E-017
           2          25  -1.2223388801781846E-005
           2          26  -2.0952008379236670E-016
           2          27  -2.7389811935575008E-016
           2          28  -2.9630168811438459E-016
           2          29  -3.4331016689520551E-016
           2          30   1.7555855709175319E-016
           2          31   6.9355236578432570E-019
           2          32   6.7160979279775638E-017
           2          33  -1.8527533782798389E-016
           2          34   4.0650161947263049E-017
           2          35   4.2676887696317814E-017
           3           1  -2.2962882341181698E-002
           3           2  -6.5644804338561120E-004
           3           3   1.0130570605568490     
           3           4  -5.2234351074382668E-003
           3           5   3.7889383450602468E-015
           3           6  -3.8679188637728825E-014
           3           7  -2.6865643006485145E-014
           3           8   6.7984245098013243E-015
           3           9   4.3158105749966746E-014
           3          10   8.1238044421356019E-015
           3          11  -7.1035458148232455E-015
           3          12  -1.0527486910902017E-015
           3          13   1.6770011980928018E-015
           3          14  -9.8519580347430306E-004
           3          15   8.1325251976751292E-016
           3          16  -9.8519580347853014E-004
           3          17  -1.2632066773338305E-015
           3          18   2.3738854880105922E-015
           3          19  -9.8519580347543496E-004
           3          20  -8.0212629740880818E-005
           3          21   1.7559688234574054E-015
           3          22  -8.0212629729739814E-005
           3          23   4.3490198595970544E-015
           3          24   2.4848754107191358E-015
           3          25  -8.0212629724558330E-005
           3          26  -2.3611005917377440E-016
           3          27   5.4947901237028400E-015
           3          28   2.5643490628021697E-015
           3          29   1.1798848967372818E-014
           3          30  -5.5426720288079829E-016
           3          31  -2.7716495272268787E-015
           3          32   5.2719293301532889E-015
           3          33  -1.4287796559805630E-016
           3          34   2.5804103471961391E-015
           3          35   9.2525067736648663E-015
           4           1   1.7039111673848781E-002
           4           2   6.2942176994418254E-004
           4           3  -5.2234351074382668E-003
           4           4   6.9318013681883550E-004
           4           5  -6.7769076666518209E-017
           4           6   2.4114006206421016E-015
           4           7  -6.3274512234253880E-016
           4           8   2.9453711692703492E-016
           4           9  -1.8785469158206061E-015
           4          10   2.3049217550115897E-016
           4          11   2.3917549097360153E-016
           4          12   3.2582087010619264E-016
           4          13   3.0996704368333921E-016
           4          14   2.2158230610514985E-005
           4          15   4.4708974556682028E-017
           4          16   2.2158230610621714E-005
           4          17   1.4420060683481111E-016
           4          18  -1.0843495916722071E-016
           4          19   2.2158230610676361E-005
           4          20  -1.4438724618976655E-005
           4          21   7.8412365340511237E-017
           4          22  -1.4438724618729965E-005
           4          23   2.8392495312447656E-017
           4          24  -2.1620557055153418E-017
           4          25  -1.4438724618913646E-005
           4          26  -1.2017095740108457E-016
           4          27  -5.0306635355294725E-016
           4          28  -3.5332378385125109E-016
           4          29  -6.8046260336889335E-016
           4          30   2.0908068484431316E-016
           4          31   1.7190031316710888E-017
           4          32   9.7077999640224547E-017
           4          33  -2.1094298343011768E-016
           4          34  -6.0360354665001324E-017
           4          35   6.0842993375387012E-017
           5           1  -1.4638818068496072E-014
           5           2   7.3917699607259641E-017
           5           3   3.7889383450602468E-015
           5           4  -6.7769076666518209E-017
           5           5   1.3147360944475525E-028
           5           6  -1.0504690824576769E-027
           5           7   1.0883866550236835E-028
           5           8   4.3191085774922702E-029
           5           9   7.3985815036780943E-028
           5          10  -3.3993301762439096E-030
           5          11  -1.3289351508736424E-028
           5          12  -1.2681866213693444E-028
           5          13  -6.5785440372375599E-029
           5          14  -3.3163384578990007E-017
           5          15   2.1524887280915165E-029
           5          16  -3.3163384578961898E-017
           5          17  -1.6855012281678551E-029
           5          18   1.8591522446417537E-029
           5          19  -3.3163384579006826E-017
           5          20   2.3469060700862982E-018
           5          21  -2.5709157626005518E-029
           5          22   2.3469060700038734E-018
           5          23  -1.4851949699143870E-029
           5          24   4.7929723746065572E-029
           5          25   2.3469060700928417E-018
           5          26  -8.1511995212090854E-029
           5          27   2.1927888985393714E-028
           5          28   5.7532425181296792E-029
           5          29   3.1957805998206865E-028
           5          30  -3.4376093596377950E-029
           5          31  -1.4154800249387902E-029
           5          32  -3.2470201103778035E-029
           5          33   2.7449320818083375E-029
           5          34   9.3988985067710125E-029
           5          35  -2.3124569198961940E-029
           6           1   1.4437679854290505E-013
           6           2   1.3062053625750613E-015
           6           3  -3.8679188637728825E-014
           6           4   2.4114006206421016E-015
           6           5  -1.0504690824576769E-027
           6           6   1.3706117087980346E-026
           6           7  -2.5404852725872889E-027
           6           8   5.6196459850081968E-028
           6           9  -1.0150228667984208E-026
           6          10   6.8628476657360279E-028
           6          11   1.5442425352308368E-027
           6          12   1.7570403845237700E-027
           6          13   1.3147658301840087E-027
           6          14   2.7935526254761676E-016
           6          15  -1.2987898169186253E-029
           6          16   2.7935526254773208E-016
           6          17   5.1952645235986177E-028
           6          18  -4.2801780583653947E-028
           6          19   2.7935526254818504E-016
           6          20  -5.6545034700293027E-017
           6          21   3.9333195386503496E-028
           6          22  -5.6545034699039872E-017
           6          23   1.8243942981571774E-028
           6          24  -3.7307709890630304E-028
           6          25  -5.6545034700140333E-017
           6          26   1.9184557389515174E-028
           6          27  -2.8627880108496888E-027
           6          28  -1.3798469368905035E-027
           6          29  -4.0184682325651563E-027
           6          30   8.1965876662311839E-028
           6          31   1.3889535660218212E-028
           6          32   4.9425082654329106E-028
           6          33  -7.8027010677989141E-028
           6          34  -7.8499728830522672E-028
           6          35   3.3387272956025724E-028
           7           1  -3.6952794581682112E-014
           7           2  -5.4319463036770810E-016
           7           3  -2.6865643006485145E-014
           7           4  -6.3274512234253880E-016
           7           5   1.0883866550236835E-028
           7           6  -2.5404852725872889E-027
           7           7   1.8122861677987383E-027
           7           8  -5.0569889209874817E-028
           7           9   1.3909284140239117E-027
           7          10  -5.4971942605014827E-028
           7          11  -1.6970850876621223E-028
           7          12  -4.7741310093056351E-028
           7          13  -4.7937880940079474E-028
           7          14  -3.1730731374534609E-017
           7          15  -4.8477039653136671E-029
           7          16  -3.1730731374453313E-017
           7          17  -1.2880790978323361E-028
           7          18   5.2111228376448572E-029
           7          19  -3.1730731374686434E-017
           7          20   2.1440189793806584E-017
           7          21  -1.8280911305974289E-028
           7          22   2.1440189793021396E-017
           7          23  -2.1116356034952199E-028
           7          24  -4.4567451848088192E-030
           7          25   2.1440189793144218E-017
           7          26   2.6198263345159980E-029
           7          27   6.2550029662057354E-028
           7          28   3.5715539813632348E-028
           7          29   7.1537070573636370E-028
           7          30  -2.4746040627685077E-028
           7          31   6.5320219919501077E-029
           7          32  -3.4190387234748315E-028
           7          33   2.6590748716402599E-028
           7          34   9.5184541853825684E-029
           7          35  -4.3828701658882658E-028
           8           1   3.3419808639998953E-015
           8           2   3.4980166300221408E-016
           8           3   6.7984245098013243E-015
           8           4   2.9453711692703492E-016
           8           5   4.3191085774922702E-029
           8           6   5.6196459850081968E-028
           8           7  -5.0569889209874817E-028
           8           8   2.2389410459684808E-028
           8           9  -3.6189081220145881E-028
           8          10   1.8411861375498154E-028
           8          11   1.9005486510739638E-029
           8          12   1.1497337037065040E-028
           8          13   1.5095319741235190E-028
           8          14  -8.4920658291861079E-018
           8          15   3.7704172074418309E-029
           8          16  -8.4920658291541467E-018
           8          17   5.8845423790842978E-029
           8          18  -3.0651273735449422E-029
           8          19  -8.4920658291172459E-018
           8          20  -7.3108591405929200E-018
           8          21   4.5564369101742427E-029
           8          22  -7.3108591404050324E-018
           8          23   4.4288740533622918E-029
           8          24   2.6215531309918799E-029
           8          25  -7.3108591404266151E-018
           8          26  -9.4338061599676585E-029
           8          27  -1.3786275708596022E-028
           8          28  -1.4250944180210247E-028
           8          29  -1.4301146629071096E-028
           8          30   9.1944013941019207E-029
           8          31  -1.8474668207218589E-029
           8          32   8.1053290889959322E-029
           8          33  -1.0104615140470893E-028
           8          34   2.3638123820348134E-029
           8          35   9.7551165665808297E-029
           9           1  -9.6735941323813762E-014
           9           2  -1.0937176000546744E-015
           9           3   4.3158105749966746E-014
           9           4  -1.8785469158206061E-015
           9           5   7.3985815036780943E-028
           9           6  -1.0150228667984208E-026
           9           7   1.3909284140239117E-027
           9           8  -3.6189081220145881E-028
           9           9   7.8023660464420473E-027
           9          10  -3.8760137201896856E-028
           9          11  -1.1753933160911830E-027
           9          12  -1.2428614243284727E-027
           9          13  -9.1789249353879304E-028
           9          14  -1.9821212715529932E-016
           9          15   1.8301337519290120E-030
           9          16  -1.9821212715548880E-016
           9          17  -4.0476291283710902E-028
           9          18   3.5130890810844048E-028
           9          19  -1.9821212715573948E-016
           9          20   3.9832016005899509E-017
           9          21  -2.4713124494941308E-028
           9          22   3.9832016005206914E-017
           9          23  -5.1586832995015588E-029
           9          24   2.8085326507494168E-028
           9          25   3.9832016006052400E-017
           9          26  -6.8606260787328150E-029
           9          27   2.0763052500155603E-027
           9          28   1.0485579737653995E-027
           9          29   2.9718667311380278E-027
           9          30  -6.0619843794476509E-028
           9          31  -1.3970217056734228E-028
           9          32  -2.5829189304508430E-028
           9          33   5.7106737897737943E-028
           9          34   5.5297175353933419E-028
           9          35  -7.6573975813861952E-029
          10           1   8.3805108029676088E-015
          10           2   2.3563759547601845E-016
          10           3   8.1238044421356019E-015
          10           4   2.3049217550115897E-016
          10           5  -3.3993301762439096E-030
          10           6   6.8628476657360279E-028
          10           7  -5.4971942605014827E-028
          10           8   1.8411861375498154E-028
          10           9  -3.8760137201896856E-028
          10          10   1.7823944040118264E-028
          10          11   3.7170490629928903E-029
          10          12   1.3486175869911113E-028
          10          13   1.4975992292104785E-028
          10          14   2.5718139546234417E-018
          10          15   2.3792461730545762E-029
          10          16   2.5718139546180799E-018
          10          17   4.6427671309617649E-029
          10          18  -2.0630289249906766E-029
          10          19   2.5718139546781134E-018
          10          20  -6.9094683306513176E-018
          10          21   5.3045949508549001E-029
          10          22  -6.9094683304250247E-018
          10          23   5.9041144259601141E-029
          10          24   1.1629709632713635E-029
          10          25  -6.9094683304548412E-018
          10          26  -4.0470315957980275E-029
          10          27  -1.7033162380124115E-028
          10          28  -1.2136049864550756E-028
          10          29  -1.8719902710853756E-028
          10          30   8.2011529858010444E-029
          10          31  -2.0598665235782912E-029
          10          32   9.8414633831806165E-029
          10          33  -8.9250319375947742E-029
          10          34  -8.5461605565149749E-030
          10          35   1.2473776023047032E-028
          11           1   1.6039358678843223E-014
          11           2   9.6915571017280179E-017
          11           3  -7.1035458148232455E-015
          11           4   2.3917549097360153E-016
          11           5  -1.3289351508736424E-028
          11           6   1.5442425352308368E-027
          11           7  -1.6970850876621223E-028
          11           8   1.9005486510739638E-029
          11           9  -1.1753933160911830E-027
          11          10   3.7170490629928903E-029
          11          11   1.8521139429994623E-028
          11          12   1.8507234084953098E-028
          11          13   1.2456139965105671E-028
          11          14   3.4846301719298568E-017
          11          15  -8.5730534406284654E-030
          11          16   3.4846301719313705E-017
          11          17   5.2458292938807141E-029
          11          18  -4.8104261994415641E-029
          11          19   3.4846301719354861E-017
          11          20  -5.2186794077216280E-018
          11          21   3.5173661295922562E-029
          11          22  -5.2186794076250765E-018
          11          23   7.0526623117517652E-030
          11          24  -5.0705247192757806E-029
          11          25  -5.2186794077560236E-018
          11          26   3.6767174034865114E-029
          11          27  -3.1522897379851576E-028
          11          28  -1.4015858902946740E-028
          11          29  -4.5682466825189786E-028
          11          30   8.0573740194542790E-029
          11          31   2.3198364909981764E-029
          11          32   3.5596646380461358E-029
          11          33  -7.3547378046427337E-029
          11          34  -9.7580674677526316E-029
          11          35   8.2882097033546497E-030
          12           1   1.9834808126697894E-014
          12           2   1.9514604716683919E-016
          12           3  -1.0527486910902017E-015
          12           4   3.2582087010619264E-016
          12           5  -1.2681866213693444E-028
          12           6   1.7570403845237700E-027
          12           7  -4.7741310093056351E-028
          12           8   1.1497337037065040E-028
          12           9  -1.2428614243284727E-027
          12          10   1.3486175869911113E-028
          12          11   1.8507234084953098E-028
          12          12   2.4248323287831728E-028
          12          13   1.9438757031132375E-028
          12          14   3.3973980010048158E-017
          12          15   3.3812182295671574E-030
          12          16   3.3973980010049538E-017
          12          17   6.9419630585088905E-029
          12          18  -5.1134001229749875E-029
          12          19   3.3973980010125287E-017
          12          20  -8.4356228414052277E-018
          12          21   6.2961798503724468E-029
          12          22  -8.4356228411811419E-018
          12          23   4.3951446870605797E-029
          12          24  -4.0100690705825899E-029
          12          25  -8.4356228413130095E-018
          12          26   2.0190618497152530E-029
          12          27  -3.7796783855676631E-028
          12          28  -1.8664265748956555E-028
          12          29  -5.1220845627512444E-028
          12          30   1.1496427399220937E-028
          12          31   7.4089345598453344E-030
          12          32   9.2109082645935278E-029
          12          33  -1.1273462045243677E-028
          12          34  -9.6197645150451277E-029
          12          35   8.6267965757938916E-029
          13           1   1.3791061151726572E-014
          13           2   2.4591229182918115E-016
          13           3   1.6770011980928018E-015
          13           4   3.0996704368333921E-016
          13           5  -6.5785440372375599E-029
          13           6   1.3147658301840087E-027
          13           7  -4.7937880940079474E-028
          13           8   1.5095319741235190E-028
          13           9  -9.1789249353879304E-028
          13          10   1.4975992292104785E-028
          13          11   1.2456139965105671E-028
          13          12   1.9438757031132375E-028
          13          13   1.7623324457439510E-028
          13          14   1.8693715665049992E-017
          13          15   1.5251969031296954E-029
          13          16   1.8693715665062056E-017
          13          17   6.4684895910209314E-029
          13          18  -4.3256102283407978E-029
          13          19   1.8693715665123066E-017
          13          20  -7.9120292490886168E-018
          13          21   5.5903315252011278E-029
          13          22  -7.9120292488807904E-018
          13          23   4.3312349562980738E-029
          13          24  -1.6455848104861708E-029
          13          25  -7.9120292489723414E-018
          13          26  -1.9950532103089697E-029
          13          27  -2.8868332058748421E-028
          13          28  -1.6843734324449037E-028
          13          29  -3.7604858593073536E-028
          13          30   1.0518138382906909E-028
          13          31  -1.6612502388296642E-030
          13          32   8.6743821672211883E-029
          13          33  -1.0691561745857931E-028
          13          34  -5.3069527266648634E-029
          13          35   8.8695320132677196E-029
          14           1   3.7634206065224503E-003
          14           2  -1.3512573717966027E-005
          14           3  -9.8519580347430306E-004
          14           4   2.2158230610514985E-005
          14           5  -3.3163384578990007E-017
          14           6   2.7935526254761676E-016
          14           7  -3.1730731374534609E-017
          14           8  -8.4920658291861079E-018
          14           9  -1.9821212715529932E-016
          14          10   2.5718139546234417E-018
          14          11   3.4846301719298568E-017
          14          12   3.3973980010048158E-017
          14          13   1.8693715665049992E-017
          14          14   8.4042311079164153E-006
          14          15  -5.0024926408738799E-018
          14          16   8.4042311079102794E-006
          14          17   5.2945747165826001E-018
          14          18  -5.4565886575161820E-018
          14          19   8.4042311079218313E-006
          14          20  -6.9272813084619748E-007
          14          21   6.9725844777552950E-018
          14          22  -6.9272813082390580E-007
          14          23   3.8821935357058569E-018
          14          24  -1.2071656297271393E-017
          14          25  -6.9272813084741721E-007
          14          26   1.9306843990842856E-017
          14          27  -5.8298887104335408E-017
          14          28  -1.6998773154615987E-017
          14          29  -8.4579214211327587E-017
          14          30   1.0136574881487701E-017
          14          31   3.6577871650690937E-018
          14          32   8.7764533529205942E-018
          14          33  -8.4285931046087249E-018
          14          34  -2.3798864396088869E-017
          14          35   6.1601535832975880E-018
          15           1  -1.3555550082833326E-015
          15           2   6.8972922341626898E-017
          15           3   8.1325251976751292E-016
          15           4   4.4708974556682028E-017
          15           5   2.1524887280915165E-029
          15           6  -1.2987898169186253E-029
          15           7  -4.8477039653136671E-029
          15           8   3.7704172074418309E-029
          15           9   1.8301337519290120E-030
          15          10   2.3792461730545762E-029
          15          11  -8.5730534406284654E-030
          15          12   3.3812182295671574E-030
          15          13   1.5251969031296954E-029
          15          14  -5.0024926408738799E-018
          15          15   8.5040142315036507E-030
          15          16  -5.0024926408613490E-018
          15          17   8.6736201514102096E-030
          15          18  -4.6230247333674995E-030
          15          19  -5.0024926408636277E-018
          15          20  -8.5040823565791761E-019
          15          21   2.8090943788242087E-030
          15          22  -8.5040823564640325E-019
          15          23   1.9114768617556437E-030
          15          24   8.7013203417096483E-030
          15          25  -8.5040823564249756E-019
          15          26  -2.6402413918988544E-029
          15          27   1.3709774858731507E-030
          15          28  -1.8392064324934554E-029
          15          29   8.6132405894709225E-030
          15          30   1.1329726132491542E-029
          15          31  -2.7047136441099631E-030
          15          32   4.9947487849294359E-030
          15          33  -1.3202191918162958E-029
          15          34   1.4278657177577702E-029
          15          35   5.7445309591740349E-030
          16           1   3.7634206065188395E-003
          16           2  -1.3512573717829939E-005
          16           3  -9.8519580347853014E-004
          16           4   2.2158230610621714E-005
          16           5  -3.3163384578961898E-017
          16           6   2.7935526254773208E-016
          16           7  -3.1730731374453313E-017
          16           8  -8.4920658291541467E-018
          16           9  -1.9821212715548880E-016
          16          10   2.5718139546180799E-018
          16          11   3.4846301719313705E-017
          16          12   3.3973980010049538E-017
          16          13   1.8693715665062056E-017
          16          14   8.4042311079102794E-006
          16          15  -5.0024926408613490E-018
          16          16   8.4042311079041418E-006
          16          17   5.2945747166044725E-018
          16          18  -5.4565886575371415E-018
          16          19   8.4042311079156954E-006
          16          20  -6.9272813084706485E-007
          16          21   6.9725844777477038E-018
          16          22  -6.9272813082477306E-007
          16          23   3.8821935356821171E-018
          16          24  -1.2071656297266167E-017
          16          25  -6.9272813084828457E-007
          16          26   1.9306843990789026E-017
          16          27  -5.8298887104346538E-017
          16          28  -1.6998773154659787E-017
          16          29  -8.4579214211354359E-017
          16          30   1.0136574881508661E-017
          16          31   3.6577871650794536E-018
          16          32   8.7764533528954369E-018
          16          33  -8.4285931046295465E-018
          16          34  -2.3798864396070029E-017
          16          35   6.1601535832508773E-018
          17           1   3.7787420903662775E-015
          17           2   1.2788353504251691E-016
          17           3  -1.2632066773338305E-015
          17           4   1.4420060683481111E-016
          17           5  -1.6855012281678551E-029
          17           6   5.1952645235986177E-028
          17           7  -1.2880790978323361E-028
          17           8   5.8845423790842978E-029
          17           9  -4.0476291283710902E-028
          17          10   4.6427671309617649E-029
          17          11   5.2458292938807141E-029
          17          12   6.9419630585088905E-029
          17          13   6.4684895910209314E-029
          17          14   5.2945747165826001E-018
          17          15   8.6736201514102096E-030
          17          16   5.2945747166044725E-018
          17          17   3.0070827570334718E-029
          17          18  -2.2892035135359043E-029
          17          19   5.2945747166161806E-018
          17          20  -2.9992389209881817E-018
          17          21   1.6379315596432648E-029
          17          22  -2.9992389209372813E-018
          17          23   5.6002834043541257E-030
          17          24  -5.6408234717649394E-030
          17          25  -2.9992389209772871E-018
          17          26  -2.3092730415084567E-029
          17          27  -1.0808387490375185E-028
          17          28  -7.3926433376124514E-029
          17          29  -1.4714659214757509E-028
          17          30   4.3639475467101906E-029
          17          31   4.1231725774229744E-030
          17          32   1.9926859757558480E-029
          17          33  -4.3808323293000442E-029
          17          34  -1.4479968140564795E-029
          17          35   1.1843510455137115E-029
          18           1  -2.8187917855322459E-015
          18           2  -8.8988120416516781E-017
          18           3   2.3738854880105922E-015
          18           4  -1.0843495916722071E-016
          18           5   1.8591522446417537E-029
          18           6  -4.2801780583653947E-028
          18           7   5.2111228376448572E-029
          18           8  -3.0651273735449422E-029
          18           9   3.5130890810844048E-028
          18          10  -2.0630289249906766E-029
          18          11  -4.8104261994415641E-029
          18          12  -5.1134001229749875E-029
          18          13  -4.3256102283407978E-029
          18          14  -5.4565886575161820E-018
          18          15  -4.6230247333674995E-030
          18          16  -5.4565886575371415E-018
          18          17  -2.2892035135359043E-029
          18          18   1.9518028156870133E-029
          18          19  -5.4565886575413230E-018
          18          20   1.9944239863703762E-018
          18          21  -9.1405772392283141E-030
          18          22   1.9944239863501050E-018
          18          23   2.1912139067895336E-030
          18          24   8.0123390325495430E-030
          18          25   1.9944239863863163E-018
          18          26   1.4813437782384494E-029
          18          27   8.5389430223374565E-029
          18          28   5.5677236951939787E-029
          18          29   1.2268133636450844E-028
          18          30  -3.1493549651566303E-029
          18          31  -6.9997940464540294E-030
          18          32  -6.6307309001231736E-030
          18          33   3.0533945596547515E-029
          18          34   1.4795441631820274E-029
          18          35   4.8039406998900949E-030
          19           1   3.7634206065265811E-003
          19           2  -1.3512573717820558E-005
          19           3  -9.8519580347543496E-004
          19           4   2.2158230610676361E-005
          19           5  -3.3163384579006826E-017
          19           6   2.7935526254818504E-016
          19           7  -3.1730731374686434E-017
          19           8  -8.4920658291172459E-018
          19           9  -1.9821212715573948E-016
          19          10   2.5718139546781134E-018
          19          11   3.4846301719354861E-017
          19          12   3.3973980010125287E-017
          19          13   1.8693715665123066E-017
          19          14   8.4042311079218313E-006
          19          15  -5.0024926408636277E-018
          19          16   8.4042311079156954E-006
          19          17   5.2945747166161806E-018
          19          18  -5.4565886575413230E-018
          19          19   8.4042311079272489E-006
          19          20  -6.9272813084959345E-007
          19          21   6.9725844777740536E-018
          19          22  -6.9272813082730187E-007
          19          23   3.8821935357131801E-018
          19          24  -1.2071656297276667E-017
          19          25  -6.9272813085081318E-007
          19          26   1.9306843990815822E-017
          19          27  -5.8298887104454279E-017
          19          28  -1.6998773154698522E-017
          19          29  -8.4579214211488108E-017
          19          30   1.0136574881536667E-017
          19          31   3.6577871650729085E-018
          19          32   8.7764533529442153E-018
          19          33  -8.4285931046581304E-018
          19          34  -2.3798864396103679E-017
          19          35   6.1601535833131711E-018
          20           1  -5.5944002549745140E-004
          20           2  -1.2223388801862670E-005
          20           3  -8.0212629740880818E-005
          20           4  -1.4438724618976655E-005
          20           5   2.3469060700862982E-018
          20           6  -5.6545034700293027E-017
          20           7   2.1440189793806584E-017
          20           8  -7.3108591405929200E-018
          20           9   3.9832016005899509E-017
          20          10  -6.9094683306513176E-018
          20          11  -5.2186794077216280E-018
          20          12  -8.4356228414052277E-018
          20          13  -7.9120292490886168E-018
          20          14  -6.9272813084619748E-007
          20          15  -8.5040823565791761E-019
          20          16  -6.9272813084706485E-007
          20          17  -2.9992389209881817E-018
          20          18   1.9944239863703762E-018
          20          19  -6.9272813084959345E-007
          20          20   3.5915019011642228E-007
          20          21  -2.4471603984864055E-018
          20          22   3.5915019010735056E-007
          20          23  -1.8560959195884375E-018
          20          24   5.2434994730209716E-019
          20          25   3.5915019011124352E-007
          20          26   1.4899341792090523E-018
          20          27   1.2417676079394697E-017
          20          28   7.7007065179697662E-018
          20          29   1.6063161280374923E-017
          20          30  -4.7932542053814180E-018
          20          31   1.0540792944725536E-019
          20          32  -3.7839655840677002E-018
          20          33   4.9049959493752675E-018
          20          34   1.9622981086617272E-018
          20          35  -3.8411535677036062E-018
          21           1   5.2198544197626749E-015
          21           2   5.3307781243810119E-017
          21           3   1.7559688234574054E-015
          21           4   7.8412365340511237E-017
          21           5  -2.5709157626005518E-029
          21           6   3.9333195386503496E-028
          21           7  -1.8280911305974289E-028
          21           8   4.5564369101742427E-029
          21           9  -2.4713124494941308E-028
          21          10   5.3045949508549001E-029
          21          11   3.5173661295922562E-029
          21          12   6.2961798503724468E-029
          21          13   5.5903315252011278E-029
          21          14   6.9725844777552950E-018
          21          15   2.8090943788242087E-030
          21          16   6.9725844777477038E-018
          21          17   1.6379315596432648E-029
          21          18  -9.1405772392283141E-030
          21          19   6.9725844777740536E-018
          21          20  -2.4471603984864055E-018
          21          21   2.0440820288074545E-029
          21          22  -2.4471603984038978E-018
          21          23   2.0464638942709811E-029
          21          24  -5.5114296840566114E-030
          21          25  -2.4471603984287967E-018
          21          26   4.0382789622325352E-030
          21          27  -9.0267548209780555E-029
          21          28  -4.5520418925807080E-029
          21          29  -1.1346055781323031E-028
          21          30   3.0073146883047272E-029
          21          31  -3.6078019306551232E-030
          21          32   3.5297346745814232E-029
          21          33  -3.0923210635119790E-029
          21          34  -2.0154118270347172E-029
          21          35   4.1657170115520314E-029
          22           1  -5.5944002547802607E-004
          22           2  -1.2223388801693257E-005
          22           3  -8.0212629729739814E-005
          22           4  -1.4438724618729965E-005
          22           5   2.3469060700038734E-018
          22           6  -5.6545034699039872E-017
          22           7   2.1440189793021396E-017
          22           8  -7.3108591404050324E-018
          22           9   3.9832016005206914E-017
          22          10  -6.9094683304250247E-018
          22          11  -5.2186794076250765E-018
          22          12  -8.4356228411811419E-018
          22          13  -7.9120292488807904E-018
          22          14  -6.9272813082390580E-007
          22          15  -8.5040823564640325E-019
          22          16  -6.9272813082477306E-007
          22          17  -2.9992389209372813E-018
          22          18   1.9944239863501050E-018
          22          19  -6.9272813082730187E-007
          22          20   3.5915019010735056E-007
          22          21  -2.4471603984038978E-018
          22          22   3.5915019009827894E-007
          22          23  -1.8560959194928027E-018
          22          24   5.2434994729132322E-019
          22          25   3.5915019010217190E-007
          22          26   1.4899341792312401E-018
          22          27   1.2417676079091002E-017
          22          28   7.7007065178218008E-018
          22          29   1.6063161280015011E-017
          22          30  -4.7932542052777937E-018
          22          31   1.0540792942130745E-019
          22          32  -3.7839655839142606E-018
          22          33   4.9049959492657129E-018
          22          34   1.9622981085960387E-018
          22          35  -3.8411535675075712E-018
          23           1   4.4052767730129756E-015
          23           2   1.5591812335593540E-017
          23           3   4.3490198595970544E-015
          23           4   2.8392495312447656E-017
          23           5  -1.4851949699143870E-029
          23           6   1.8243942981571774E-028
          23           7  -2.1116356034952199E-028
          23           8   4.4288740533622918E-029
          23           9  -5.1586832995015588E-029
          23          10   5.9041144259601141E-029
          23          11   7.0526623117517652E-030
          23          12   4.3951446870605797E-029
          23          13   4.3312349562980738E-029
          23          14   3.8821935357058569E-018
