           1           1   2.3644781122822427     
           1           2   2.4891688725828676     
           1           3  -5.7346365029779562     
           1           4   2.7532462169211107     
           1           5  -1.2312162502280388     
           1           6  -6.6965375952287108E-013
           1           7   3.0323722891599908E-013
           1           8   2.9838855858308355E-015
           1           9   3.2707725986289769E-012
           1          10  -1.4200355652831232E-012
           1          11  -2.8036859660735405E-014
           1          12  -6.4237336387475905E-012
           1          13   2.7528289829696476E-012
           1          14   5.5466317252227322E-014
           1          15   2.6109864293769296E-012
           1          16  -1.1138034344867639E-012
           1          17  -1.9763944769622871E-014
           1          18   1.2236819704024555     
           1          19  -5.3883601893798234E-015
           1          20   1.2236819704024444     
           1          21  -3.6389077285826617E-015
           1          22  -3.3209072120698238E-015
           1          23   1.2236819704024438     
           1          24  0.11130072971585089     
           1          25   1.8060716105137972E-016
           1          26  0.11130072971585647     
           1          27   2.1291519401643358E-015
           1          28   6.8260041305512325E-015
           1          29  0.11130072971585692     
           1          30   7.0335304837803975E-013
           1          31  -1.2820451549796694E-013
           1          32   3.0939535862482248E-013
           1          33  -2.9695683349914752E-013
           1          34   1.7816044266092731E-015
           1          35  -1.4804793760677020E-015
           1          36  -1.8024630015472757E-015
           1          37   3.1228493890851908E-013
           1          38  -1.2691749617438092E-013
           1          39  -1.2228615757539583E-014
           2           1   2.4891688725828676     
           2           2   19.988887050635505     
           2           3  -38.689090812449834     
           2           4   23.884607070898454     
           2           5  -10.352660523779292     
           2           6  -3.5140792660484161E-012
           2           7   1.6618626680013257E-012
           2           8  -2.9685824690097942E-014
           2           9   1.9973488848626682E-011
           2          10  -8.7341909530085764E-012
           2          11  -9.5783032972120179E-014
           2          12  -3.9384487456178420E-011
           2          13   1.7116273512065588E-011
           2          14   2.0073537709950755E-013
           2          15   1.6040238647163437E-011
           2          16  -6.9253720913641096E-012
           2          17  -8.3385649467588952E-014
           2          18   7.5603615586845221     
           2          19  -4.5722277199167077E-014
           2          20   7.5603615586843977     
           2          21  -4.6246520231089318E-014
           2          22  -6.0914985323260679E-014
           2          23   7.5603615586844146     
           2          24 -0.14491138027229322     
           2          25   1.8842938328630251E-014
           2          26 -0.14491138027221717     
           2          27   2.2395362770922700E-014
           2          28   5.9679414529621720E-014
           2          29 -0.14491138027223494     
           2          30   4.3668938007106551E-012
           2          31  -8.3113090925307480E-013
           2          32   1.9393959962248302E-012
           2          33  -1.8839987872152877E-012
           2          34  -1.9332612914393030E-014
           2          35  -5.4901815800838852E-015
           2          36  -4.2095872666315753E-015
           2          37   1.9387254006822668E-012
           2          38  -8.4333892978203018E-013
           2          39  -3.6802372542488121E-014
           3           1  -5.7346365029779562     
           3           2  -38.689090812449834     
           3           3   89.308498014822192     
           3           4  -45.484425773462235     
           3           5   20.171365414228916     
           3           6   1.0645182968366862E-011
           3           7  -4.8759102873099917E-012
           3           8   3.5315066037087910E-014
           3           9  -4.8429868356165272E-011
           3          10   2.1385516183815339E-011
           3          11   1.3023692973260838E-013
           3          12   9.5157847119534890E-011
           3          13  -4.1824024175956956E-011
           3          14  -2.8046506325684713E-013
           3          15  -3.8701163034863335E-011
           3          16   1.6931811969073235E-011
           3          17   1.1831418978449064E-013
           3          18  -18.723177971301524     
           3          19   9.7664517474265648E-014
           3          20  -18.723177971301162     
           3          21   8.4915822538579966E-014
           3          22   1.4964634460226208E-013
           3          23  -18.723177971301205     
           3          24  -1.2865501327950921     
           3          25  -3.5382505342520155E-014
           3          26  -1.2865501327953195     
           3          27  -4.1220116031618603E-014
           3          28  -1.4633913581027288E-013
           3          29  -1.2865501327953144     
           3          30  -1.0425516277835010E-011
           3          31   2.0119964432858645E-012
           3          32  -4.6383771153257098E-012
           3          33   4.5638121103790989E-012
           3          34   2.6808220573829685E-014
           3          35   4.9133704651712675E-015
           3          36   8.8004638838995173E-015
           3          37  -4.6383397732954135E-012
           3          38   2.0342457947115619E-012
           3          39   5.0514146179186917E-014
           4           1   2.7532462169211107     
           4           2   23.884607070898454     
           4           3  -45.484425773462235     
           4           4   28.593167466366847     
           4           5  -12.369224421716190     
           4           6  -1.9870449657598215E-012
           4           7   1.2171319083061559E-012
           4           8  -4.2470210932460646E-014
           4           9   3.0457366025445170E-011
           4          10  -1.2614042981424036E-011
           4          11  -1.3463829984803977E-013
           4          12  -6.0987260520152142E-011
           4          13   2.5065100789028544E-011
           4          14   2.8218958096707918E-013
           4          15   2.5009099048355136E-011
           4          16  -1.0211512382107295E-011
           4          17  -1.1754760174248758E-013
           4          18   8.8206765974868624     
           4          19  -5.4237097903520067E-014
           4          20   8.8206765974867185     
           4          21  -5.5656104795754534E-014
           4          22  -7.1694235458346333E-014
           4          23   8.8206765974867398     
           4          24 -0.25667072545674685     
           4          25   2.2753978122881934E-014
           4          26 -0.25667072545665925     
           4          27   2.6915567829774151E-014
           4          28   6.9941705279764211E-014
           4          29 -0.25667072545668179     
           4          30   6.9114988058711692E-012
           4          31  -1.2453379597614106E-012
           4          32   3.0749420992433553E-012
           4          33  -2.8138406273610611E-012
           4          34  -2.6108718519112906E-014
           4          35  -6.7543047094371628E-015
           4          36  -7.0431726049512357E-015
           4          37   3.0738239756497174E-012
           4          38  -1.2602331454576935E-012
           4          39  -4.9082621391248761E-014
           5           1  -1.2312162502280388     
           5           2  -10.352660523779292     
           5           3   20.171365414228916     
           5           4  -12.369224421716190     
           5           5   5.3653060785342426     
           5           6   1.0703670462195676E-012
           5           7  -6.1485217060313397E-013
           5           8   1.9413734991101822E-014
           5           9  -1.3202466895791600E-011
           5          10   5.4865062926557652E-012
           5          11   6.2802855954619241E-014
           5          12   2.6385982020840350E-011
           5          13  -1.0881534757836536E-011
           5          14  -1.3187672780029687E-013
           5          15  -1.0811253407293632E-011
           5          16   4.4297949719836389E-012
           5          17   5.5004908782253229E-014
           5          18  -3.9527733716532678     
           5          19   2.3794916590483242E-014
           5          20  -3.9527733716532021     
           5          21   2.3970365720635498E-014
           5          22   3.2052031663467470E-014
           5          23  -3.9527733716532110     
           5          24   6.1542358931425956E-002
           5          25  -9.8188798959137044E-015
           5          26   6.1542358931385543E-002
           5          27  -1.1596806377087039E-014
           5          28  -3.1279876921535089E-014
           5          29   6.1542358931394314E-002
           5          30  -2.9801844132877248E-012
           5          31   5.3863417389119497E-013
           5          32  -1.3259071049281356E-012
           5          33   1.2175859522430585E-012
           5          34   1.1655785209396434E-014
           5          35   2.7519969340224813E-015
           5          36   3.7692953422317317E-015
           5          37  -1.3254751410397364E-012
           5          38   5.4503473603700755E-013
           5          39   2.2202432918673218E-014
           6           1  -6.6965375952287108E-013
           6           2  -3.5140792660484161E-012
           6           3   1.0645182968366862E-011
           6           4  -1.9870449657598215E-012
           6           5   1.0703670462195676E-012
           6           6  0.51809315342845552     
           6           7  -5.7731597288413836E-015
           6           8   1.0436096431475678E-014
           6           9   1.8285611308944336     
           6          10   8.4376949899461681E-015
           6          11  -1.2101430968412371E-014
           6          12  -3.8402929407132209     
           6          13  -2.0317081356081460E-014
           6          14   1.5765166949671433E-014
           6          15   1.6071741256621574     
           6          16   7.4384942671897484E-015
           6          17  -5.1070259132728802E-015
           6          18  -2.7063985764630667E-012
           6          19   5.4415004993343486E-015
           6          20  -2.7084829961644506E-012
           6          21  -3.3463811790558817E-015
           6          22  -2.0850817722078848E-015
           6          23  -2.7059830133029992E-012
           6          24  -7.2227699718267222E-013
           6          25  -6.8631312803848503E-015
           6          26  -7.1730816627313554E-013
           6          27   4.9816449470234930E-015
           6          28  -6.3309162407454842E-016
           6          29  -7.1965435992289029E-013
           6          30  0.46252234098097922     
           6          31   3.2127078777671530E-015
           6          32  0.20684627910915776     
           6          33   4.6213033405884758E-015
           6          34  -3.4694469519469572E-016
           6          35   1.2413906671074554E-015
           6          36   3.7470027081171618E-016
           6          37  0.20684627910916220     
           6          38  -1.3877787781803962E-016
           6          39  -9.9920072216147436E-016
           7           1   3.0323722891599908E-013
           7           2   1.6618626680013257E-012
           7           3  -4.8759102873099917E-012
           7           4   1.2171319083061559E-012
           7           5  -6.1485217060313397E-013
           7           6  -5.7731597288413836E-015
           7           7  0.51809315342843498     
           7           8   1.4502288259166461E-014
           7           9  -2.3536728119265771E-014
           7          10   1.8285611308944187     
           7          11   6.1062266354301706E-016
           7          12   1.9428902925497412E-014
           7          13  -3.8402929407132276     
           7          14  -8.9928064994611821E-015
           7          15  -2.4424906519675617E-015
           7          16   1.6071741256621659     
           7          17   6.7723604502121872E-015
           7          18   1.1945552783540758E-012
           7          19  -2.3506245247480476E-015
           7          20   1.1973930147476569E-012
           7          21   4.9791074805863179E-015
           7          22  -3.0880552882887296E-015
           7          23   1.1927020990088221E-012
           7          24   2.8101107006555144E-013
           7          25   4.1755370395504981E-015
           7          26   2.7864762918498200E-013
           7          27  -2.1680305643574583E-015
           7          28   3.5012948933235484E-015
           7          29   2.8410944960603678E-013
           7          30   6.3005156653342830E-015
           7          31  0.20684627910916500     
           7          32  -4.8572257065991921E-017
           7          33  0.46252234098099088     
           7          34  -8.4654505627697897E-016
           7          35  -3.2449133323784929E-016
           7          36   2.5118795932140928E-015
           7          37   8.8123952605767757E-016
           7          38  0.20684627910916398     
           7          39  -1.3877787808335133E-017
           8           1   2.9838855858308355E-015
           8           2  -2.9685824690097942E-014
           8           3   3.5315066037087910E-014
           8           4  -4.2470210932460646E-014
           8           5   1.9413734991101822E-014
           8           6   1.0436096431475678E-014
           8           7   1.4502288259166461E-014
           8           8  0.51809315342858842     
           8           9   7.7715611723788947E-015
           8          10  -6.8833827526772233E-015
           8          11   1.8285611308943706     
           8          12  -1.8651746813708095E-014
           8          13   6.8833827526784089E-015
           8          14  -3.8402929407132600     
           8          15   7.6605388699157968E-015
           8          16  -1.7208456881699791E-015
           8          17   1.6071741256622083     
           8          18  -4.7464916712603426E-015
           8          19   2.1620491014812062E-017
           8          20  -4.2597452672720708E-015
           8          21   3.8556472647539904E-016
           8          22   1.7860684624026772E-015
           8          23  -4.1707704218621453E-015
           8          24   2.4560408005216357E-015
           8          25  -3.1226233778630256E-016
           8          26   3.1101820092262852E-015
           8          27  -4.0390646475552016E-016
           8          28  -1.6715956999134996E-015
           8          29   2.4825275567920164E-015
           8          30   3.6359804056479762E-015
           8          31   7.4246164771795777E-016
           8          32   1.2073675392801202E-015
           8          33  -1.8041124150185068E-016
           8          34  0.20684627910917561     
           8          35  -6.2020879021265860E-018
           8          36  0.20684627910917613     
           8          37   1.4849232954364094E-015
           8          38  -1.2628786905112321E-015
           8          39  0.46252234098100986     
           9           1   3.2707725986289769E-012
           9           2   1.9973488848626682E-011
           9           3  -4.8429868356165272E-011
           9           4   3.0457366025445170E-011
           9           5  -1.3202466895791600E-011
           9           6   1.8285611308944336     
           9           7  -2.3536728119265771E-014
           9           8   7.7715611723788947E-015
           9           9   6.4537347913045870     
           9          10   1.8429702198922498E-014
           9          11  -1.4566126083082700E-013
           9          12  -13.553953292313071     
           9          13  -4.8405723854471513E-014
           9          14   2.7089441800855859E-013
           9          15   5.6723701467923249     
           9          16   1.6431300756690888E-014
           9          17  -1.0791367799357522E-013
           9          18   9.3115032563349804E-012
           9          19   1.9205265000965608E-014
           9          20   9.3041464927464165E-012
           9          21  -1.1810738112867554E-014
           9          22  -7.3591003051150995E-015
           9          23   9.3129699474825421E-012
           9          24  -2.4700098220798321E-013
           9          25  -2.4222777337387954E-014
           9          26  -2.2946396013546300E-013
           9          27   1.7582248014243917E-014
           9          28  -2.2344374333862609E-015
           9          29  -2.3774463029119427E-013
           9          30   1.6324291670164124     
           9          31   1.0075273947563214E-014
           9          32  0.73004451718039887     
           9          33   1.3433698595897236E-014
           9          34  -1.2767564783191648E-014
           9          35   4.3813717805506834E-015
           9          36  -1.0269562977785257E-014
           9          37  0.73004451718041441     
           9          38  -1.7486012647017518E-015
           9          39  -2.9420910152570763E-014
          10           1  -1.4200355652831232E-012
          10           2  -8.7341909530085764E-012
          10           3   2.1385516183815339E-011
          10           4  -1.2614042981424036E-011
          10           5   5.4865062926557652E-012
          10           6   8.4376949899461681E-015
          10           7   1.8285611308944187     
          10           8  -6.8833827526772233E-015
          10           9   1.8429702198922498E-014
          10          10   6.4537347913047398     
          10          11  -2.0250467969162565E-013
          10          12  -1.4477308239187784E-013
          10          13  -13.553953292313526     
          10          14   3.9790393202564697E-013
          10          15   8.0380146975055940E-014
          10          16   5.6723701467925345     
          10          17  -1.5620837956475503E-013
          10          18  -4.2368718755364640E-012
          10          19  -8.2963085128943216E-015
          10          20  -4.2268563514269859E-012
          10          21   1.7573292264745353E-014
          10          22  -1.0899001140656977E-014
          10          23  -4.2434124980032937E-012
          10          24  -2.5517339118492721E-014
          10          25   1.4737165856370963E-014
          10          26  -3.3858881755827487E-014
          10          27  -7.6518602771504502E-015
          10          28   1.2357491519294870E-014
          10          29  -1.4581899499311888E-014
          10          30   4.7961634661733182E-014
          10          31  0.73004451718044772     
          10          32   1.1296519274636961E-014
          10          33   1.6324291670165054     
          10          34  -2.6117996654305757E-014
          10          35  -1.1452616876798838E-015
          10          36  -1.4321877017663374E-014
          10          37   1.4627188348512072E-014
          10          38  0.73004451718044383     
          10          39  -5.1847415249992968E-014
          11           1  -2.8036859660735405E-014
          11           2  -9.5783032972120179E-014
          11           3   1.3023692973260838E-013
          11           4  -1.3463829984803977E-013
          11           5   6.2802855954619241E-014
          11           6  -1.2101430968412371E-014
          11           7   6.1062266354301706E-016
          11           8   1.8285611308943706     
          11           9  -1.4566126083082700E-013
          11          10  -2.0250467969162565E-013
          11          11   6.4537347913024892     
          11          12   2.9753977059955457E-013
          11          13   3.9923619965520064E-013
          11          14  -13.553953292309270     
          11          15  -1.2478906796787272E-013
          11          16  -1.6309176231743322E-013
          11          17   5.6723701467908549     
          11          18  -2.0298733073500711E-014
          11          19   7.6307492656001814E-017
          11          20  -1.8580807350982665E-014
          11          21   1.3608144937084025E-015
          11          22   6.3037609083482668E-015
          11          23  -1.8266778989736446E-014
          11          24   5.5352074681509754E-015
          11          25  -1.1021005966580363E-015
          11          26   7.8439374338680082E-015
          11          27  -1.4255499364957801E-015
          11          28  -5.8997400432805332E-015
          11          29   5.6286899870350304E-015
          11          30  -3.0864200084580715E-014
          11          31  -1.7569279364692834E-014
          11          32  -1.5265566588596508E-014
          11          33  -4.5796699765787101E-014
          11          34  0.73004451718024954     
          11          35  -2.1889686812510239E-017
          11          36  0.73004451718025143     
          11          37  -1.4210854715202610E-014
          11          38  -2.4633073358870393E-014
          11          39   1.6324291670160460     
          12           1  -6.4237336387475905E-012
          12           2  -3.9384487456178420E-011
          12           3   9.5157847119534890E-011
          12           4  -6.0987260520152142E-011
          12           5   2.6385982020840350E-011
          12           6  -3.8402929407132209     
          12           7   1.9428902925497412E-014
          12           8  -1.8651746813708095E-014
          12           9  -13.553953292313071     
          12          10  -1.4477308239187784E-013
          12          11   2.9753977059955457E-013
          12          12   28.465633589053702     
          12          13   3.2329694473338532E-013
          12          14  -5.5067062021411753E-013
          12          15  -11.912953121334063     
          12          16  -1.2789769242166345E-013
          12          17   2.2026824808565060E-013
          12          18  -1.8134614065983235E-011
          12          19  -4.0334360367635518E-014
          12          20  -1.8119163596869425E-011
          12          21   2.4804581828369831E-014
          12          22   1.5455376620572695E-014
          12          23  -1.8137694369706793E-011
          12          24   6.7347444672442708E-013
          12          25   5.0871999432549046E-014
          12          26   6.3664368349298172E-013
          12          27  -3.6925745489261987E-014
          12          28   4.6927029985161694E-015
          12          29   6.5403451533674641E-013
          12          30  -3.4283820761524297     
          12          31  -3.3195668434515199E-014
          12          32  -1.5332190750237129     
          12          33  -5.5067062017371535E-014
          12          34   2.5868196473770729E-014
          12          35  -9.2016344628624926E-015
          12          36   2.0650148258032910E-014
          12          37  -1.5332190750237453     
          12          38  -8.3266726828979314E-015
          12          39   5.9507954119916418E-014
          13           1   2.7528289829696476E-012
          13           2   1.7116273512065588E-011
          13           3  -4.1824024175956956E-011
          13           4   2.5065100789028544E-011
          13           5  -1.0881534757836536E-011
          13           6  -2.0317081356081460E-014
          13           7  -3.8402929407132276     
          13           8   6.8833827526784089E-015
          13           9  -4.8405723854471513E-014
          13          10  -13.553953292313526     
          13          11   3.9923619965520064E-013
          13          12   3.2329694473338532E-013
          13          13   28.465633589054939     
          13          14  -7.7982065249669218E-013
          13          15  -1.7719159471497991E-013
          13          16  -11.912953121334619     
          13          17   3.0464519795713422E-013
          13          18   8.2311887996817680E-012
          13          19   1.7423675084064020E-014
          13          20   8.2101544760896791E-012
          13          21  -3.6906936874665464E-014
          13          22   2.2889777341393482E-014
          13          23   8.2449252320399090E-012
          13          24  -1.5577184127748233E-014
          13          25  -3.0950583520639816E-014
          13          26   1.9414903992170956E-015
          13          27   1.6070222925108870E-014
          13          28  -2.5952858039407366E-014
          13          29  -3.8543488542526411E-014
          13          30  -1.0302869668117781E-013
          13          31  -1.5332190750238304     
          13          32  -2.4813484598573447E-014
          13          33  -3.4283820761526589     
          13          34   5.1819659674377137E-014
          13          35   2.4052465625336777E-015
          13          36   2.7033930649620331E-014
          13          37  -3.1696867351248720E-014
          13          38  -1.5332190750238222     
          13          39   1.0214051826551082E-013
          14           1   5.5466317252227322E-014
          14           2   2.0073537709950755E-013
          14           3  -2.8046506325684713E-013
          14           4   2.8218958096707918E-013
          14           5  -1.3187672780029687E-013
          14           6   1.5765166949671433E-014
          14           7  -8.9928064994611821E-015
          14           8  -3.8402929407132600     
          14           9   2.7089441800855859E-013
          14          10   3.9790393202564697E-013
          14          11  -13.553953292309270     
          14          12  -5.5067062021411753E-013
          14          13  -7.7982065249669218E-013
          14          14   28.465633589046991     
          14          15   2.3181456754174884E-013
          14          16   3.1796787425263761E-013
          14          17  -11.912953121331505     
          14          18   4.4629550718677377E-014
          14          19  -1.6025886169152547E-016
          14          20   4.1021611168070614E-014
          14          21  -2.8579445365617194E-015
          14          22  -1.3238982338224261E-014
          14          23   4.0362097587418444E-014
          14          24  -1.0835331198089395E-014
          14          25   2.3146008464216639E-015
          14          26  -1.5684061294971633E-014
          14          27   2.9939001027989763E-015
          14          28   1.2390469018212079E-014
          14          29  -1.1031660569465402E-014
          14          30   5.5955240441112187E-014
          14          31   3.3778535524219542E-014
          14          32   2.8088642523018376E-014
          14          33   8.9261931179860667E-014
          14          34  -1.5332190750234678     
          14          35   4.5972107970690099E-017
          14          36  -1.5332190750234715     
          14          37   2.5979218776230578E-014
          14          38   4.8627768478581005E-014
          14          39  -3.4283820761518129     
          15           1   2.6109864293769296E-012
          15           2   1.6040238647163437E-011
          15           3  -3.8701163034863335E-011
          15           4   2.5009099048355136E-011
          15           5  -1.0811253407293632E-011
          15           6   1.6071741256621574     
          15           7  -2.4424906519675617E-015
          15           8   7.6605388699157968E-015
          15           9   5.6723701467923249     
          15          10   8.0380146975055940E-014
          15          11  -1.2478906796787272E-013
          15          12  -11.912953121334063     
          15          13  -1.7719159471497991E-013
          15          14   2.3181456754174884E-013
          15          15   4.9856066483507631     
          15          16   7.0832228964937817E-014
          15          17  -9.2814644858671013E-014
          15          18   7.3464489996764232E-012
          15          19   1.6880050912460393E-014
          15          20   7.3399829319643014E-012
          15          21  -1.0380791967661229E-014
          15          22  -6.4681215184401613E-015
          15          23   7.3477381160329418E-012
          15          24  -3.0768890269529254E-013
          15          25  -2.1290084498999072E-014
          15          26  -2.9227511770342109E-013
          15          27   1.5453535351942279E-014
          15          28  -1.9639102941034469E-015
          15          29  -2.9955323304371846E-013
          15          30   1.4347881921353562     
          15          31   1.6125989431959598E-014
          15          32  0.64165678618572630     
          15          33   2.8144153672610494E-014
          15          34  -1.0935696792559650E-014
          15          35   3.8509116494033157E-015
          15          36  -8.6597395920782484E-015
          15          37  0.64165678618573996     
          15          38   5.7454041517088036E-015
          15          39  -2.5091040356531794E-014
          16           1  -1.1138034344867639E-012
          16           2  -6.9253720913641096E-012
          16           3   1.6931811969073235E-011
          16           4  -1.0211512382107295E-011
          16           5   4.4297949719836389E-012
          16           6   7.4384942671897484E-015
          16           7   1.6071741256621659     
          16           8  -1.7208456881699791E-015
          16           9   1.6431300756690888E-014
          16          10   5.6723701467925345     
          16          11  -1.6309176231743322E-013
          16          12  -1.2789769242166345E-013
          16          13  -11.912953121334619     
          16          14   3.1796787425263761E-013
          16          15   7.0832228964937817E-014
          16          16   4.9856066483510135     
          16          17  -1.2412293415308897E-013
          16          18  -3.3232384440372409E-012
          16          19  -7.2918603349706702E-015
          16          20  -3.3144355164611680E-012
          16          21   1.5445663890263280E-014
          16          22  -9.5794405409153705E-015
          16          23  -3.3289871822209539E-012
          16          24   1.6911810681180095E-014
          16          25   1.2952912128437952E-014
          16          26   9.5801927941339911E-015
          16          27  -6.7254365428852561E-015
          16          28   1.0861349009530467E-014
          16          29   2.6523278032069960E-014
          16          30   4.2188474934122887E-014
          16          31  0.64165678618577759     
          16          32   9.9364960696674442E-015
          16          33   1.4347881921354571     
          16          34  -2.1260770921570921E-014
          16          35  -1.0066029078563345E-015
          16          36  -1.0894063429133446E-014
          16          37   1.2850831509308199E-014
          16          38  0.64165678618577437     
          16          39  -4.1799896877135692E-014
          17           1  -1.9763944769622871E-014
          17           2  -8.3385649467588952E-014
          17           3   1.1831418978449064E-013
          17           4  -1.1754760174248758E-013
          17           5   5.5004908782253229E-014
          17           6  -5.1070259132728802E-015
          17           7   6.7723604502121872E-015
          17           8   1.6071741256622083     
          17           9  -1.0791367799357522E-013
          17          10  -1.5620837956475503E-013
          17          11   5.6723701467908549     
          17          12   2.2026824808565060E-013
          17          13   3.0464519795713422E-013
          17          14  -11.912953121331505     
          17          15  -9.2814644858671013E-014
          17          16  -1.2412293415308897E-013
          17          17   4.9856066483498012     
          17          18  -1.9010838276513260E-014
          17          19   6.7068814774031585E-017
          17          20  -1.7500904742221059E-014
          17          21   1.1960583691531214E-015
          17          22   5.5405538568474678E-015
          17          23  -1.7224896328615504E-014
          17          24   4.3494660864731780E-015
          17          25  -9.6866740351162171E-016
          17          26   6.3786741896918552E-015
          17          27  -1.2529561818120713E-015
          17          28  -5.1854484848728910E-015
          17          29   4.4316305178471210E-015
          17          30  -2.2204460492505239E-014
          17          31  -1.2947976024690475E-014
          17          32  -1.1213252548715020E-014
          17          33  -3.4722225095150830E-014
          17          34  0.64165678618563748     
          17          35  -1.9239465210934192E-017
          17          36  0.64165678618563904     
          17          37  -1.0380585280246152E-014
          17          38  -1.9179102750399163E-014
          17          39   1.4347881921351286     
          18           1   1.2236819704024555     
          18           2   7.5603615586845221     
          18           3  -18.723177971301524     
          18           4   8.8206765974868624     
          18           5  -3.9527733716532678     
          18           6  -2.7063985764630667E-012
          18           7   1.1945552783540758E-012
          18           8  -4.7464916712603426E-015
          18           9   9.3115032563349804E-012
          18          10  -4.2368718755364640E-012
          18          11  -2.0298733073500711E-014
          18          12  -1.8134614065983235E-011
          18          13   8.2311887996817680E-012
          18          14   4.4629550718677377E-014
          18          15   7.3464489996764232E-012
          18          16  -3.3232384440372409E-012
          18          17  -1.9010838276513260E-014
          18          18   4.0194100400758836     
          18          19  -1.9882902060167107E-014
          18          20   4.0194100400758019     
          18          21  -1.6168305811982464E-014
          18          22  -3.1970074773872296E-014
          18          23   4.0194100400758108     
          18          24  0.38982943524661440     
          18          25   6.7948940072119363E-015
          18          26  0.38982943524666580     
          18          27   7.8616913728548457E-015
          18          28   3.1284577234294481E-014
          18          29  0.38982943524666724     
          18          30   1.9547773800779769E-012
          18          31  -3.9052607872361008E-013
          18          32   8.6965135098237028E-013
          18          33  -8.8734370127563988E-013
          18          34  -4.2067723488502107E-015
          18          35  -4.6963808631217272E-016
          18          36  -1.7333625946239862E-015
          18          37   8.6978741552131414E-013
          18          38  -3.9472198149172267E-013
          18          39  -8.0164608296490200E-015
          19           1  -5.3883601893798234E-015
          19           2  -4.5722277199167077E-014
          19           3   9.7664517474265648E-014
          19           4  -5.4237097903520067E-014
          19           5   2.3794916590483242E-014
          19           6   5.4415004993343486E-015
          19           7  -2.3506245247480476E-015
          19           8   2.1620491014812062E-017
          19           9   1.9205265000965608E-014
          19          10  -8.2963085128943216E-015
          19          11   7.6307492656001814E-017
          19          12  -4.0334360367635518E-014
          19          13   1.7423675084064020E-014
          19          14  -1.6025886169152547E-016
          19          15   1.6880050912460393E-014
          19          16  -7.2918603349706702E-015
          19          17   6.7068814774031585E-017
          19          18  -1.9882902060167107E-014
          19          19   1.7862363898586931E-028
          19          20  -1.9882902060166776E-014
          19          21   4.5954590369171783E-029
          19          22   1.5449119440916229E-028
          19          23  -1.9882902060166772E-014
          19          24  -6.5123700837136161E-016
          19          25  -1.3438264764110518E-028
          19          26  -6.5123700837152727E-016
          19          27   1.2033117155951601E-029
          19          28  -1.7984838887250364E-028
          19          29  -6.5123700837155409E-016
          19          30   4.8578436768285679E-015
          19          31  -9.3847589628858513E-016
          19          32   2.1724937370912443E-015
          19          33  -2.0984958993462955E-015
          19          34   8.6318803661693012E-018
          19          35   2.2921456810590569E-029
          19          36   8.6318803661321184E-018
          19          37   2.1724937370912881E-015
          19          38  -9.3847589628858730E-016
          19          39   1.9301471272368990E-017
          20           1   1.2236819704024444     
          20           2   7.5603615586843977     
          20           3  -18.723177971301162     
          20           4   8.8206765974867185     
          20           5  -3.9527733716532021     
          20           6  -2.7084829961644506E-012
          20           7   1.1973930147476569E-012
          20           8  -4.2597452672720708E-015
          20           9   9.3041464927464165E-012
          20          10  -4.2268563514269859E-012
          20          11  -1.8580807350982665E-014
          20          12  -1.8119163596869425E-011
          20          13   8.2101544760896791E-012
          20          14   4.1021611168070614E-014
          20          15   7.3399829319643014E-012
          20          16  -3.3144355164611680E-012
          20          17  -1.7500904742221059E-014
          20          18   4.0194100400758019     
          20          19  -1.9882902060166776E-014
          20          20   4.0194100400757211     
          20          21  -1.6168305811982167E-014
          20          22  -3.1970074773871628E-014
          20          23   4.0194100400757300     
          20          24  0.38982943524660241     
          20          25   6.7948940072118653E-015
          20          26  0.38982943524665381     
          20          27   7.8616913728546895E-015
          20          28   3.1284577234293863E-014
          20          29  0.38982943524665525     
          20          30   1.9529165358001888E-012
          20          31  -3.8939312568180655E-013
          20          32   8.6881915612223538E-013
          20          33  -8.8481034125885182E-013
          20          34  -4.0124411134951910E-015
          20          35  -4.6963808631219983E-016
          20          36  -1.5390313592689782E-015
          20          37   8.6895522066117913E-013
          20          38  -3.9358902844991910E-013
          20          39  -7.5819229772437896E-015
          21           1  -3.6389077285826617E-015
          21           2  -4.6246520231089318E-014
          21           3   8.4915822538579966E-014
          21           4  -5.5656104795754534E-014
