           1           1   2.0057240000805714     
           1           2   2.1783865564350139E-002
           1           3 -0.26841956678934803     
           1           4 -0.17916052454081099     
           1           5   1.0953898097058052E-014
           1           6  -8.6705713497853704E-015
           1           7   1.2643489840435323E-014
           1           8  -8.0767322011607140E-016
           1           9  -4.7417777318611823E-015
           1          10   2.2019574726035483E-015
           1          11  -9.2541134497114483E-015
           1          12   8.3014882214230327E-015
           1          13  -1.5200807877480083E-016
           1          14   2.4496107993580178E-003
           1          15  -2.7703429513685435E-016
           1          16   2.4496107993563438E-003
           1          17  -3.0321031843246845E-015
           1          18  -2.3517098307062003E-015
           1          19   2.4496107993564123E-003
           1          20   7.5714120467672980E-003
           1          21  -9.8566305843702114E-015
           1          22   7.5714120467648693E-003
           1          23   3.3492638254324524E-015
           1          24  -5.4821577904498341E-015
           1          25   7.5714120467629004E-003
           1          26  -2.7268789613739323E-015
           1          27  -5.5132167855582637E-016
           1          28  -3.3551065452557547E-015
           1          29   1.8401795339773096E-015
           1          30  -4.0416971510820820E-015
           1          31   4.4764244529803527E-016
           1          32  -1.0416463049174732E-016
           1          33  -7.9053696942100368E-016
           1          34   4.3068362675068843E-015
           1          35  -6.0327873623600340E-015
           2           1   2.1783865564350139E-002
           2           2   4.8991282741703279E-002
           2           3  0.16181805848836020     
           2           4  0.11461332316326434     
           2           5  -1.2633407765423577E-014
           2           6   8.5357998438669595E-015
           2           7  -1.0091768570663354E-014
           2           8   7.3731645003770054E-015
           2           9   9.8571603254591515E-016
           2          10  -2.9575581299953775E-015
           2          11   1.3397162995699723E-014
           2          12  -9.5053372799372844E-015
           2          13  -1.1716536965195342E-015
           2          14   8.0185171551354849E-004
           2          15   2.3874106910411346E-016
           2          16   8.0185171551245453E-004
           2          17   2.5660891046004151E-015
           2          18   1.8046973855943321E-015
           2          19   8.0185171551183296E-004
           2          20   4.3618815542336526E-004
           2          21   7.6621876373406469E-015
           2          22   4.3618815542765610E-004
           2          23  -2.4940002195474422E-015
           2          24   3.5689350968761519E-015
           2          25   4.3618815542928934E-004
           2          26   7.7551697192530278E-015
           2          27  -6.9554805732504166E-017
           2          28   5.2731837120281128E-015
           2          29  -3.9517905887598942E-015
           2          30   2.1260152551059735E-015
           2          31  -2.0252606955323442E-016
           2          32   2.6506997097833878E-016
           2          33   3.0654376678986441E-015
           2          34  -2.9373888352514400E-015
           2          35   3.5797411535088776E-015
           3           1 -0.26841956678934803     
           3           2  0.16181805848836020     
           3           3  0.59978229321152199     
           3           4  0.43678280021193960     
           3           5  -5.5392578763404522E-014
           3           6   4.2046976819895801E-014
           3           7  -2.2330005053281960E-014
           3           8   1.2950185465571298E-014
           3           9   1.5513259491415949E-014
           3          10  -2.2649904641454795E-015
           3          11   3.4252282071122581E-014
           3          12  -1.9160062484368862E-014
           3          13   2.4214422467338632E-015
           3          14   1.8951511947649610E-003
           3          15   8.3113545592172644E-016
           3          16   1.8951511947618762E-003
           3          17   8.3177002823241864E-015
           3          18   6.1310069268566890E-015
           3          19   1.8951511947599517E-003
           3          20  -1.6867710935468735E-003
           3          21   2.5491093643833939E-014
           3          22  -1.6867710935330451E-003
           3          23  -8.2035729936025206E-015
           3          24   1.2385255416327673E-014
           3          25  -1.6867710935273179E-003
           3          26   2.4778352025768327E-014
           3          27  -1.6367556967333249E-016
           3          28   1.6796839065692571E-014
           3          29  -1.1784925588214094E-014
           3          30   7.0707216443837059E-015
           3          31  -7.4335000395522427E-016
           3          32   8.3357141767851508E-016
           3          33   9.9344594747252865E-015
           3          34  -9.7482170304421993E-015
           3          35   1.1864903084552775E-014
           4           1 -0.17916052454081099     
           4           2  0.11461332316326434     
           4           3  0.43678280021193960     
           4           4  0.34553962193366800     
           4           5  -7.0280141097982884E-014
           4           6   1.9904170658798829E-014
           4           7  -3.1484771046212410E-015
           4           8  -2.2264864509143254E-014
           4           9   8.8002054809644695E-015
           4          10   3.1222862808993397E-015
           4          11  -7.4844253464286642E-015
           4          12  -6.9351079053575374E-015
           4          13   4.1699134107381105E-015
           4          14   5.1234577989390422E-004
           4          15   5.3962722685246960E-016
           4          16   5.1234577989236270E-004
           4          17   4.1164666704510267E-015
           4          18   3.5819324616381688E-015
           4          19   5.1234577989136697E-004
           4          20  -4.9143219897970812E-003
           4          21   1.3790962829470139E-014
           4          22  -4.9143219897895126E-003
           4          23  -4.1866760814073187E-015
           4          24   7.5031083173194460E-015
           4          25  -4.9143219897857179E-003
           4          26   1.3614630385042027E-014
           4          27  -2.5830054125316213E-016
           4          28   8.6231145688629309E-015
           4          29  -4.7339542047496798E-015
           4          30   3.3339467097215497E-015
           4          31  -4.8997883058711795E-016
           4          32   3.8766399829776078E-016
           4          33   5.8609951350407507E-015
           4          34  -5.1299976580353843E-015
           4          35   5.7280945187339441E-015
           5           1   1.0953898097058052E-014
           5           2  -1.2633407765423577E-014
           5           3  -5.5392578763404522E-014
           5           4  -7.0280141097982884E-014
           5           5  0.24475343467035793     
           5           6   1.4450246554886936E-014
           5           7   1.7805201757425765E-014
           5           8  0.18410510463561205     
           5           9   1.0789980020575795E-014
           5          10   2.0816681711721078E-015
           5          11  0.16431648753084499     
           5          12  -6.3490879220751503E-015
           5          13  -2.7963742432746343E-015
           5          14  -3.6973872370735174E-015
           5          15   2.7840908157067686E-015
           5          16   7.1215335506113488E-017
           5          17  -1.3952432968508268E-015
           5          18  -1.7208626585135293E-015
           5          19   6.4659546191553820E-016
           5          20   5.9079140746426565E-015
           5          21  -6.0793654642337061E-015
           5          22   4.0449050996494844E-015
           5          23  -2.5174022545601827E-015
           5          24  -2.2331214713350919E-015
           5          25   1.2286019486739446E-014
           5          26   1.6834081716848785E-003
           5          27  -8.9420929428456737E-016
           5          28   7.5284325566095671E-004
           5          29  -9.1295243934144977E-016
           5          30  -2.6581926763913150E-015
           5          31   1.6355901135057052E-015
           5          32  -3.3961548850935917E-015
           5          33   7.5284325565877052E-004
           5          34  -1.9301915751487910E-015
           5          35  -7.0052470768633152E-015
           6           1  -8.6705713497853704E-015
           6           2   8.5357998438669595E-015
           6           3   4.2046976819895801E-014
           6           4   1.9904170658798829E-014
           6           5   1.4450246554886936E-014
           6           6  0.24475343467038804     
           6           7   3.4625080580490688E-015
           6           8   6.9146077752435491E-015
           6           9  0.18410510463562041     
           6          10   2.1024848528836642E-015
           6          11  -2.9143354396410584E-015
           6          12  0.16431648753085548     
           6          13   6.7792993441172706E-015
           6          14  -2.5394381626231594E-015
           6          15   8.8696722873502288E-016
           6          16   2.1774004571556873E-016
           6          17   5.7193025215779190E-016
           6          18  -7.3153174283045340E-016
           6          19  -2.3393867549989971E-015
           6          20  -3.5979413711984501E-015
           6          21   4.6228420764579374E-016
           6          22  -2.6118050560973318E-015
           6          23  -3.4510954587868826E-015
           6          24   2.3071024342457444E-015
           6          25  -1.4427019972748776E-015
           6          26  -3.5298912230701080E-016
           6          27   7.5284325565539638E-004
           6          28  -1.4087445402918433E-015
           6          29   1.6834081716765731E-003
           6          30  -1.9348129869089580E-015
           6          31   2.0265450005935160E-016
           6          32  -2.0301685679783182E-017
           6          33  -1.1337502117681547E-015
           6          34   7.5284325565519233E-004
           6          35   3.2601959326646228E-016
           7           1   1.2643489840435323E-014
           7           2  -1.0091768570663354E-014
           7           3  -2.2330005053281960E-014
           7           4  -3.1484771046212410E-015
           7           5   1.7805201757425765E-014
           7           6   3.4625080580490688E-015
           7           7  0.24475343467036223     
           7           8   1.1615708395140711E-014
           7           9  -1.2628786905113053E-015
           7          10  0.18410510463561192     
           7          11   3.7747582837255630E-015
           7          12  -2.1926904736345035E-015
           7          13  0.16431648753085440     
           7          14  -3.2030790266166929E-015
           7          15   9.3397922650783680E-016
           7          16  -7.0057842545793250E-016
           7          17   8.7402303909590564E-016
           7          18  -9.9159198377430090E-016
           7          19  -2.2881488362612266E-015
           7          20  -4.7308336498053680E-015
           7          21  -1.1295281071908712E-015
           7          22  -5.3200704415987493E-015
           7          23  -8.0237733337748560E-016
           7          24   3.2652599441106159E-015
           7          25  -2.4439767221918576E-015
           7          26   5.3180116560420757E-016
           7          27  -1.3998947400589927E-015
           7          28   7.1936814144379569E-017
           7          29  -1.5436328430760520E-015
           7          30   7.5284325565588665E-004
           7          31   5.7334241174044984E-017
           7          32   7.5284325565768068E-004
           7          33  -7.7032564355019113E-017
           7          34  -1.1119306430468088E-015
           7          35   1.6834081716813147E-003
           8           1  -8.0767322011607140E-016
           8           2   7.3731645003770054E-015
           8           3   1.2950185465571298E-014
           8           4  -2.2264864509143254E-014
           8           5  0.18410510463561205     
           8           6   6.9146077752435491E-015
           8           7   1.1615708395140711E-014
           8           8  0.13848504148078722     
           8           9   5.1382509358432987E-015
           8          10   2.3592239273284912E-016
           8          11  0.12359991667110286     
           8          12  -7.4228817537047560E-015
           8          13  -3.2890357104520255E-015
           8          14  -2.2749543396439555E-015
           8          15   2.0942109827022458E-015
           8          16   5.5981270617551154E-016
           8          17  -1.0495109639808546E-015
           8          18  -1.2944439379804335E-015
           8          19   9.9261733063548528E-016
           8          20   5.6225931642605146E-015
           8          21  -4.5729377257456457E-015
           8          22   4.2212258545856683E-015
           8          23  -1.8936061351304759E-015
           8          24  -1.6797683051823708E-015
           8          25   1.0420244996412437E-014
           8          26   1.2662704325678001E-003
           8          27  -6.8482274972331360E-016
           8          28   5.6629352942216913E-004
           8          29  -7.1394713058170467E-016
           8          30  -2.0049337624145089E-015
           8          31   1.2303013822603883E-015
           8          32  -2.5600723797813973E-015
           8          33   5.6629352942052461E-004
           8          34  -1.4640591798793787E-015
           8          35  -5.2814740428286401E-015
           9           1  -4.7417777318611823E-015
           9           2   9.8571603254591515E-016
           9           3   1.5513259491415949E-014
           9           4   8.8002054809644695E-015
           9           5   1.0789980020575795E-014
           9           6  0.18410510463562041     
           9           7  -1.2628786905113053E-015
           9           8   5.1382509358432987E-015
           9           9  0.13848504148078275     
           9          10  -1.3253287356463469E-015
           9          11  -2.2516710718179051E-015
           9          12  0.12359991667110119     
           9          13   2.5014712523585298E-015
           9          14  -2.1581031122360980E-015
           9          15   6.6718244291250225E-016
           9          16  -8.4135965548627020E-017
           9          17   4.3020960690268923E-016
           9          18  -5.5026287267238077E-016
           9          19  -2.0076231592873749E-015
           9          20  -3.4516130860811796E-015
           9          21   3.4773314839988357E-016
           9          22  -2.7098350198368525E-015
           9          23  -2.5959361567406709E-015
           9          24   1.7354172603696103E-015
           9          25  -1.8304281944980127E-015
           9          26  -2.6610387070943224E-016
           9          27   5.6629352941794269E-004
           9          28  -1.0598686099767748E-015
           9          29   1.2662704325614544E-003
           9          30  -1.4673050101332411E-015
           9          31   1.5243801578743364E-016
           9          32  -2.7159264420759556E-017
           9          33  -8.5301638799372671E-016
           9          34   5.6629352941778917E-004
           9          35   2.1862936808172467E-016
          10           1   2.2019574726035483E-015
          10           2  -2.9575581299953775E-015
          10           3  -2.2649904641454795E-015
          10           4   3.1222862808993397E-015
          10           5   2.0816681711721078E-015
          10           6   2.1024848528836642E-015
          10           7  0.18410510463561192     
          10           8   2.3592239273284912E-016
          10           9  -1.3253287356463469E-015
          10          10  0.13848504148078458     
          10          11  -4.7531423241764412E-015
          10          12  -1.9879931034693570E-015
          10          13  0.12359991667110767     
          10          14  -2.1981551979111459E-015
          10          15   7.0254516940803969E-016
          10          16  -3.1575818212491533E-016
          10          17   6.5744574037769747E-016
          10          18  -7.4588185524087115E-016
          10          19  -1.5099388357734502E-015
          10          20  -2.9053163304123572E-015
          10          21  -8.4963829268780377E-016
          10          22  -3.3485440275196914E-015
          10          23  -6.0355338064104888E-016
          10          24   2.4561494897212102E-015
          10          25  -1.1851278700862611E-015
          10          26   3.2222488566271410E-016
          10          27  -1.0545763481223453E-015
          10          28   1.9298798670229453E-017
          10          29  -1.1645415534666142E-015
          10          30   5.6629352941834493E-004
          10          31   4.3127184240507190E-017
          10          32   5.6629352941969444E-004
          10          33  -9.2699285747484572E-017
          10          34  -8.3797985911404204E-016
          10          35   1.2662704325650961E-003
          11           1  -9.2541134497114483E-015
          11           2   1.3397162995699723E-014
          11           3   3.4252282071122581E-014
          11           4  -7.4844253464286642E-015
          11           5  0.16431648753084499     
          11           6  -2.9143354396410584E-015
          11           7   3.7747582837255630E-015
          11           8  0.12359991667110286     
          11           9  -2.2516710718179051E-015
          11          10  -4.7531423241764412E-015
          11          11  0.11031472596426976     
          11          12  -1.2738074484097688E-014
          11          13  -7.3691053259494734E-015
          11          14  -1.8191272710203235E-015
          11          15   1.8691138059818153E-015
          11          16   7.1094360810656621E-016
          11          17  -9.3670382235008893E-016
          11          18  -1.1553100692967928E-015
          11          19   1.0972280395954542E-015
          11          20   5.5299173497253835E-015
          11          21  -4.0814135288574355E-015
          11          22   4.2791766137641974E-015
          11          23  -1.6900710575484566E-015
          11          24  -1.4992176795934461E-015
          11          25   9.8118914917005268E-015
          11          26   1.1301648053459628E-003
          11          27  -6.3915750947094045E-016
          11          28   5.0542522354427325E-004
          11          29  -6.9968987201351506E-016
          11          30  -1.8097231612584954E-015
          11          31   1.0980619040274996E-015
          11          32  -2.3051764490300556E-015
          11          33   5.0542522354280557E-004
          11          34  -1.3346596505932334E-015
          11          35  -4.7591054361251264E-015
          12           1   8.3014882214230327E-015
          12           2  -9.5053372799372844E-015
          12           3  -1.9160062484368862E-014
          12           4  -6.9351079053575374E-015
          12           5  -6.3490879220751503E-015
          12           6  0.16431648753085548     
          12           7  -2.1926904736345035E-015
          12           8  -7.4228817537047560E-015
          12           9  0.12359991667110119     
          12          10  -1.9879931034693570E-015
          12          11  -1.2738074484097688E-014
          12          12  0.11031472596427030     
          12          13   1.5196177649557090E-015
          12          14  -2.3390552057877757E-015
          12          15   5.9547004836486320E-016
          12          16  -4.8800931831719545E-016
          12          17   3.8396834051940210E-016
          12          18  -4.9111762889580537E-016
          12          19  -2.2047496559153223E-015
          12          20  -4.2664940824519821E-015
          12          21   3.1035689996602075E-016
          12          22  -3.6044463537175822E-015
          12          23  -2.3169108318532747E-015
          12          24   1.5488851826707394E-015
          12          25  -2.8195629528137835E-015
          12          26  -3.4741903364581234E-016
          12          27   5.0542522354051053E-004
          12          28  -9.9512818775225404E-016
          12          29   1.1301648053403204E-003
          12          30  -1.3128604106627111E-015
          12          31   1.3605314947638267E-016
          12          32  -2.7511630126821909E-017
          12          33  -8.1050888656867736E-016
          12          34   5.0542522354037349E-004
          12          35   1.8778381627446938E-016
          13           1  -1.5200807877480083E-016
          13           2  -1.1716536965195342E-015
          13           3   2.4214422467338632E-015
          13           4   4.1699134107381105E-015
          13           5  -2.7963742432746343E-015
          13           6   6.7792993441172706E-015
          13           7  0.16431648753085440     
          13           8  -3.2890357104520255E-015
          13           9   2.5014712523585298E-015
          13          10  0.12359991667110767     
          13          11  -7.3691053259494734E-015
          13          12   1.5196177649557090E-015
          13          13  0.11031472596428045     
          13          14  -1.8877524189814188E-015
          13          15   6.2703179684982945E-016
          13          16  -2.0768566371824625E-016
          13          17   5.8677989952990946E-016
          13          18  -6.6571042019031106E-016
          13          19  -1.2735092913315039E-015
          13          20  -2.3524393077705514E-015
          13          21  -7.5831455190976506E-016
          13          22  -2.7480264834176003E-015
          13          23  -5.3868018347799728E-016
          13          24   2.1921491954312451E-015
          13          25  -8.1714605095736485E-016
          13          26   2.5554645205484074E-016
          13          27  -9.2615260079143279E-016
          13          28   2.9002408113930602E-018
          13          29  -1.0057059351975267E-015
          13          30   5.0542522354088946E-004
          13          31   3.8491640117830673E-017
          13          32   5.0542522354209390E-004
          13          33  -9.7090304546067172E-017
          13          34  -7.3282580091010684E-016
          13          35   1.1301648053436151E-003
          14           1   2.4496107993580178E-003
          14           2   8.0185171551354849E-004
          14           3   1.8951511947649610E-003
          14           4   5.1234577989390422E-004
          14           5  -3.6973872370735174E-015
          14           6  -2.5394381626231594E-015
          14           7  -3.2030790266166929E-015
          14           8  -2.2749543396439555E-015
          14           9  -2.1581031122360980E-015
          14          10  -2.1981551979111459E-015
          14          11  -1.8191272710203235E-015
          14          12  -2.3390552057877757E-015
          14          13  -1.8877524189814188E-015
          14          14   4.2787744683683881E-005
          14          15   4.9899447108290286E-018
          14          16   4.2787744683645019E-005
          14          17   9.1505543562257830E-017
          14          18   4.9179784526780130E-017
          14          19   4.2787744683624439E-005
          14          20   1.3030576624886085E-004
          14          21   2.4053454720140955E-016
          14          22   1.3030576624899494E-004
          14          23  -8.5303644431802408E-017
          14          24   8.9022631441771652E-017
          14          25   1.3030576624902603E-004
          14          26   2.1086675483374693E-016
          14          27  -6.8556395096283400E-018
          14          28   1.6654882023932182E-016
          14          29  -1.9308719086946421E-016
          14          30   7.1403595093857049E-017
          14          31  -3.7374844249187384E-018
          14          32   1.8390744874983887E-018
          14          33   7.0379402229528715E-017
          14          34  -1.0536396715388565E-016
          14          35   1.1290457620371764E-016
          15           1  -2.7703429513685435E-016
          15           2   2.3874106910411346E-016
          15           3   8.3113545592172644E-016
          15           4   5.3962722685246960E-016
          15           5   2.7840908157067686E-015
          15           6   8.8696722873502288E-016
          15           7   9.3397922650783680E-016
          15           8   2.0942109827022458E-015
          15           9   6.6718244291250225E-016
          15          10   7.0254516940803969E-016
          15          11   1.8691138059818153E-015
          15          12   5.9547004836486320E-016
          15          13   6.2703179684982945E-016
          15          14   4.9899447108290286E-018
          15          15   3.9765991870531942E-029
          15          16   4.9899447108852326E-018
          15          17   5.8351418574030358E-030
          15          18  -1.5337718255568692E-029
          15          19   4.9899447108727480E-018
          15          20   7.1250720871315194E-018
          15          21  -2.4740879321534628E-029
          15          22   7.1250720871371709E-018
          15          23  -5.9944194124441057E-029
          15          24   1.6274817553034855E-029
          15          25   7.1250720872550101E-018
          15          26   1.9148908926230426E-017
          15          27   2.7282448437784043E-018
          15          28   8.5636550783528072E-018
          15          29   6.1005390296642610E-018
          15          30   2.8728502320727704E-018
          15          31   1.8412026913299228E-029
          15          32   2.8728502320657184E-018
          15          33   8.5636550783133811E-018
          15          34   2.7282448437486070E-018
          15          35   6.4238864071007490E-018
          16           1   2.4496107993563438E-003
          16           2   8.0185171551245453E-004
          16           3   1.8951511947618762E-003
          16           4   5.1234577989236270E-004
          16           5   7.1215335506113488E-017
          16           6   2.1774004571556873E-016
          16           7  -7.0057842545793250E-016
          16           8   5.5981270617551154E-016
          16           9  -8.4135965548627020E-017
          16          10  -3.1575818212491533E-016
          16          11   7.1094360810656621E-016
          16          12  -4.8800931831719545E-016
          16          13  -2.0768566371824625E-016
          16          14   4.2787744683645019E-005
          16          15   4.9899447108852326E-018
          16          16   4.2787744683606164E-005
          16          17   9.1505543562155722E-017
          16          18   4.9179784526679359E-017
          16          19   4.2787744683585584E-005
          16          20   1.3030576624875834E-004
          16          21   2.4053454720104790E-016
          16          22   1.3030576624889240E-004
          16          23  -8.5303644431797625E-017
          16          24   8.9022631441692223E-017
          16          25   1.3030576624892352E-004
          16          26   2.3678711168183067E-016
          16          27   1.6252344016045372E-018
          16          28   1.7814075983274991E-016
          16          29  -1.7412338620224321E-016
          16          30   7.9101099737083870E-017
          16          31  -3.7374844248856902E-018
          16          32   9.5365791308264721E-018
          16          33   8.1971341823020830E-017
          16          34  -9.6883093242563417E-017
          16          35   1.3011671448174152E-016
          17           1  -3.0321031843246845E-015
          17           2   2.5660891046004151E-015
          17           3   8.3177002823241864E-015
          17           4   4.1164666704510267E-015
          17           5  -1.3952432968508268E-015
          17           6   5.7193025215779190E-016
          17           7   8.7402303909590564E-016
          17           8  -1.0495109639808546E-015
          17           9   4.3020960690268923E-016
          17          10   6.5744574037769747E-016
          17          11  -9.3670382235008893E-016
          17          12   3.8396834051940210E-016
          17          13   5.8677989952990946E-016
          17          14   9.1505543562257830E-017
          17          15   5.8351418574030358E-030
          17          16   9.1505543562155722E-017
          17          17   2.6675721573680344E-028
          17          18   1.5288979539064149E-028
          17          19   9.1505543562084478E-017
          17          20   2.4605337253994635E-016
          17          21   7.2686395600004600E-028
          17          22   2.4605337254033102E-016
          17          23  -2.3804866061209399E-028
          17          24   3.0965435839792192E-028
          17          25   2.4605337254040369E-016
          17          26  -9.5964494651909661E-018
          17          27   1.7592146709724919E-018
          17          28  -4.2916640060062166E-018
          17          29   3.9337223655220494E-018
          17          30   2.6884294850303942E-018
          17          31  -2.2495475488520579E-029
          17          32   2.6884294848464028E-018
          17          33  -4.2916640062486134E-018
          17          34   1.7592146706963416E-018
          17          35   6.0115092085898889E-018
          18           1  -2.3517098307062003E-015
          18           2   1.8046973855943321E-015
          18           3   6.1310069268566890E-015
          18           4   3.5819324616381688E-015
          18           5  -1.7208626585135293E-015
          18           6  -7.3153174283045340E-016
          18           7  -9.9159198377430090E-016
          18           8  -1.2944439379804335E-015
          18           9  -5.5026287267238077E-016
          18          10  -7.4588185524087115E-016
          18          11  -1.1553100692967928E-015
          18          12  -4.9111762889580537E-016
          18          13  -6.6571042019031106E-016
          18          14   4.9179784526780130E-017
          18          15  -1.5337718255568692E-029
          18          16   4.9179784526679359E-017
          18          17   1.5288979539064149E-028
          18          18   1.0981102651459187E-028
          18          19   4.9179784526656180E-017
          18          20   1.0569498822946804E-016
          18          21   4.6211179071085859E-028
          18          22   1.0569498822970497E-016
          18          23  -1.1074241849836192E-028
          18          24   1.7140236934476213E-028
          18          25   1.0569498822970287E-016
          18          26  -1.1836051516471144E-017
          18          27  -2.2501369168787080E-018
          18          28  -5.2932448039131445E-018
          18          29  -5.0314575378217009E-018
          18          30  -3.0500627634245881E-018
          18          31  -2.1544695603767490E-029
          18          32  -3.0500627635473554E-018
          18          33  -5.2932448040409115E-018
          18          34  -2.2501369170380764E-018
          18          35  -6.8201455503235523E-018
          19           1   2.4496107993564123E-003
          19           2   8.0185171551183296E-004
          19           3   1.8951511947599517E-003
          19           4   5.1234577989136697E-004
          19           5   6.4659546191553820E-016
          19           6  -2.3393867549989971E-015
          19           7  -2.2881488362612266E-015
          19           8   9.9261733063548528E-016
          19           9  -2.0076231592873749E-015
          19          10  -1.5099388357734502E-015
          19          11   1.0972280395954542E-015
          19          12  -2.2047496559153223E-015
          19          13  -1.2735092913315039E-015
          19          14   4.2787744683624439E-005
          19          15   4.9899447108727480E-018
          19          16   4.2787744683585584E-005
          19          17   9.1505543562084478E-017
          19          18   4.9179784526656180E-017
          19          19   4.2787744683564998E-005
          19          20   1.3030576624870456E-004
          19          21   2.4053454720088140E-016
          19          22   1.3030576624883865E-004
          19          23  -8.5303644431708817E-017
          19          24   8.9022631441579022E-017
          19          25   1.3030576624886974E-004
          19          26   2.4074456219888396E-016
          19          27  -6.2402963451430467E-018
          19          28   1.7991058605875945E-016
          19          29  -1.9171124215248553E-016
          19          30   7.4217851915574191E-017
          19          31  -3.7374844248812212E-018
          19          32   4.6533313093269341E-018
          19          33   8.3741168049079329E-017
          19          34  -1.0474862398925095E-016
          19          35   1.1919744380310761E-016
          20           1   7.5714120467672980E-003
          20           2   4.3618815542336526E-004
          20           3  -1.6867710935468735E-003
          20           4  -4.9143219897970812E-003
          20           5   5.9079140746426565E-015
          20           6  -3.5979413711984501E-015
          20           7  -4.7308336498053680E-015
          20           8   5.6225931642605146E-015
          20           9  -3.4516130860811796E-015
          20          10  -2.9053163304123572E-015
          20          11   5.5299173497253835E-015
          20          12  -4.2664940824519821E-015
          20          13  -2.3524393077705514E-015
          20          14   1.3030576624886085E-004
          20          15   7.1250720871315194E-018
          20          16   1.3030576624875834E-004
          20          17   2.4605337253994635E-016
          20          18   1.0569498822946804E-016
          20          19   1.3030576624870456E-004
          20          20   5.4320568007572582E-004
          20          21   5.9014657225400296E-016
          20          22   5.4320568007604837E-004
          20          23  -2.2355573180549446E-016
          20          24   1.7333079087083874E-016
          20          25   5.4320568007608621E-004
          20          26   5.9005813259865909E-016
          20          27   1.0206423150378981E-018
          20          28   4.7295143473264021E-016
          20          29  -5.4612787007887115E-016
          20          30   2.1529165886341265E-016
          20          31  -4.3651962269420298E-018
          20          32   1.9656160319987775E-017
          20          33   1.8332534173141685E-016
          20          34  -2.5839961720918607E-016
          20          35   3.4169044274248668E-016
          21           1  -9.8566305843702114E-015
          21           2   7.6621876373406469E-015
          21           3   2.5491093643833939E-014
          21           4   1.3790962829470139E-014
          21           5  -6.0793654642337061E-015
          21           6   4.6228420764579374E-016
          21           7  -1.1295281071908712E-015
          21           8  -4.5729377257456457E-015
          21           9   3.4773314839988357E-016
          21          10  -8.4963829268780377E-016
          21          11  -4.0814135288574355E-015
          21          12   3.1035689996602075E-016
          21          13  -7.5831455190976506E-016
          21          14   2.4053454720140955E-016
          21          15  -2.4740879321534628E-029
          21          16   2.4053454720104790E-016
          21          17   7.2686395600004600E-028
          21          18   4.6211179071085859E-028
          21          19   2.4053454720088140E-016
          21          20   5.9014657225400296E-016
          21          21   2.0802779588440767E-027
          21          22   5.9014657225508853E-016
          21          23  -6.0286516217486616E-028
          21          24   8.3692762646174613E-028
          21          25   5.9014657225518319E-016
          21          26  -4.1813727821578392E-017
          21          27   1.4219516404304813E-018
          21          28  -1.8699673384692882E-017
          21          29   3.1795795370474511E-018
          21          30  -3.4743439598662979E-018
          21          31  -8.0819481156642246E-029
          21          32  -3.4743439603945913E-018
          21          33  -1.8699673385321844E-017
          21          34   1.4219516396791125E-018
          21          35  -7.7688668518704967E-018
          22           1   7.5714120467648693E-003
          22           2   4.3618815542765610E-004
          22           3  -1.6867710935330451E-003
          22           4  -4.9143219897895126E-003
          22           5   4.0449050996494844E-015
          22           6  -2.6118050560973318E-015
          22           7  -5.3200704415987493E-015
          22           8   4.2212258545856683E-015
          22           9  -2.7098350198368525E-015
          22          10  -3.3485440275196914E-015
          22          11   4.2791766137641974E-015
          22          12  -3.6044463537175822E-015
          22          13  -2.7480264834176003E-015
          22          14   1.3030576624899494E-004
          22          15   7.1250720871371709E-018
          22          16   1.3030576624889240E-004
          22          17   2.4605337254033102E-016
          22          18   1.0569498822970497E-016
          22          19   1.3030576624883865E-004
          22          20   5.4320568007604837E-004
          22          21   5.9014657225508853E-016
          22          22   5.4320568007637082E-004
          22          23  -2.2355573180584318E-016
          22          24   1.7333079087128351E-016
          22          25   5.4320568007640876E-004
          22          26   5.7724440217478724E-016
          22          27   4.0539238499156801E-018
          22          28   4.6722095849327158E-016
          22          29  -5.3934524848540121E-016
          22          30   2.1347921057152866E-016
          22          31  -4.3651962269753577E-018
          22          32   1.7843712027824181E-017
          22          33   1.7759486549169923E-016
          22          34  -2.5536633567471694E-016
          22          35   3.3763768641836345E-016
          23           1   3.3492638254324524E-015
          23           2  -2.4940002195474422E-015
          23           3  -8.2035729936025206E-015
          23           4  -4.1866760814073187E-015
          23           5  -2.5174022545601827E-015
          23           6  -3.4510954587868826E-015
          23           7  -8.0237733337748560E-016
          23           8  -1.8936061351304759E-015
          23           9  -2.5959361567406709E-015
          23          10  -6.0355338064104888E-016
          23          11  -1.6900710575484566E-015
          23          12  -2.3169108318532747E-015
          23          13  -5.3868018347799728E-016
          23          14  -8.5303644431802408E-017
