           1           1   1.9843838980806461     
           1           2   1.0492816828469273E-002
           1           3  -3.5827072175439553E-002
           1           4  -1.7923028929688756E-004
           1           5   1.6141019153295838E-013
           1           6   8.4455499270162945E-014
           1           7  -1.8491582976146382E-015
           1           8  -6.7532946701465293E-014
           1           9  -3.2076802863687431E-014
           1          10   3.7192093788786903E-015
           1          11  -1.8970035360882747E-015
           1          12  -3.2898671899885513E-015
           1          13  -5.2433950114896205E-016
           1          14   3.2681398857325539E-003
           1          15  -1.0537372885214125E-015
           1          16   3.2681398857315864E-003
           1          17   9.0877742456163120E-016
           1          18  -1.1281039658568658E-015
           1          19   3.2681398857288277E-003
           1          20   7.0896737343176426E-003
           1          21   1.4809992969091191E-015
           1          22   7.0896737343166885E-003
           1          23  -1.2691684448487701E-016
           1          24  -1.8078518983668000E-015
           1          25   7.0896737343173633E-003
           1          26  -6.3744137780395880E-014
           1          27  -1.4057742130303172E-014
           1          28  -2.7926884661272246E-014
           1          29  -3.6373863232595113E-014
           1          30  -2.6548659269030769E-016
           1          31   1.3832291029420874E-017
           1          32   3.3886375831042556E-016
           1          33  -2.8612734168297912E-014
           1          34  -1.5081657177646309E-014
           1          35  -6.6121318668198888E-016
           2           1   1.0492816828469273E-002
           2           2   6.8384229577048421E-004
           2           3   1.1746629140466369E-003
           2           4  -4.0165272556073623E-003
           2           5   1.0905666161477773E-015
           2           6   5.0165312208715853E-016
           2           7  -2.9228250772527667E-016
           2           8  -1.0709905316978941E-015
           2           9  -3.1916761080904499E-015
           2          10   2.8669332568362533E-015
           2          11  -4.5212769821933145E-017
           2          12   1.1321987147131053E-016
           2          13   1.6903995833305276E-017
           2          14   1.4556167860022283E-004
           2          15  -3.7844128002936198E-018
           2          16   1.4556167860023823E-004
           2          17  -7.6446957364529710E-018
           2          18  -2.9229808274068635E-017
           2          19   1.4556167860021381E-004
           2          20   5.8619848084429495E-004
           2          21  -9.3509004208548417E-018
           2          22   5.8619848084427706E-004
           2          23  -1.8434091553041010E-017
           2          24   5.7395809722853562E-017
           2          25   5.8619848084430070E-004
           2          26  -4.0161731886468119E-016
           2          27  -7.2829492375560407E-017
           2          28  -1.6476611247293849E-016
           2          29  -2.2858193394539089E-016
           2          30   6.3002893457111757E-017
           2          31  -2.7029302473075168E-018
           2          32   2.2270340701182035E-017
           2          33  -1.6597206288446008E-016
           2          34  -6.1770927884557041E-017
           2          35   6.3232382794831669E-017
           3           1  -3.5827072175439553E-002
           3           2   1.1746629140466369E-003
           3           3   1.9158402986047167     
           3           4   3.8560856516405562E-002
           3           5  -2.0669488622825424E-014
           3           6  -7.6284986832798031E-015
           3           7  -5.2966139963248027E-015
           3           8   1.4665733227834112E-014
           3           9   1.3120317009385927E-014
           3          10  -6.4782629530100628E-015
           3          11   5.3725497408622819E-015
           3          12   1.9082890647950877E-015
           3          13  -1.0077052780700952E-015
           3          14   3.4347279247306829E-003
           3          15  -2.8606824998448878E-016
           3          16   3.4347279247272000E-003
           3          17  -6.1765053132058450E-017
           3          18  -6.6534368394826264E-016
           3          19   3.4347279247313013E-003
           3          20  -2.9149292546707395E-003
           3          21   3.2526023916002576E-015
           3          22  -2.9149292546683091E-003
           3          23  -8.7848574844641800E-016
           3          24   2.6475816033284010E-015
           3          25  -2.9149292546657175E-003
           3          26   6.4691812495795495E-015
           3          27   1.0037772423516088E-015
           3          28   3.0108441189602394E-015
           3          29   7.9335383378822668E-016
           3          30   1.0682365427714447E-015
           3          31  -8.1034298730331748E-017
           3          32   1.4313807673346790E-016
           3          33   3.0575128590996302E-015
           3          34   1.3980741432395225E-015
           3          35   2.4514252847157073E-015
           4           1  -1.7923028929688756E-004
           4           2  -4.0165272556073623E-003
           4           3   3.8560856516405562E-002
           4           4   2.8092589561454738E-002
           4           5  -1.8100781439674197E-015
           4           6  -6.5598355901754751E-016
           4           7   1.8968440709006692E-015
           4           8  -1.0767674429565805E-018
           4           9   1.3101590221807514E-014
           4          10  -1.9748587118156176E-014
           4          11   3.8074653010306626E-016
           4          12  -7.9544759134572233E-016
           4          13  -1.2513010272300694E-016
           4          14  -8.2621788652951947E-004
           4          15  -1.1445628822008913E-017
           4          16  -8.2621788652972818E-004
           4          17   8.0210897458013556E-017
           4          18   1.4386822718279973E-016
           4          19  -8.2621788652953269E-004
           4          20  -3.8014958414649093E-003
           4          21   1.8538003238993276E-016
           4          22  -3.8014958414648039E-003
           4          23   9.4947521447370025E-017
           4          24  -3.8336261258583606E-016
           4          25  -3.8014958414648390E-003
           4          26   4.9198657766452765E-016
           4          27  -4.0141803866658075E-018
           4          28   1.3081758956375959E-016
           4          29   3.2355223523062092E-016
           4          30  -4.3424856264207357E-016
           4          31   1.5930546805785222E-017
           4          32  -1.3467250392045028E-016
           4          33   1.4120605133384847E-016
           4          34  -6.2693000123121617E-017
           4          35  -3.9463117971896263E-016
           5           1   1.6141019153295838E-013
           5           2   1.0905666161477773E-015
           5           3  -2.0669488622825424E-014
           5           4  -1.8100781439674197E-015
           5           5   7.4717543251368271E-005
           5           6   8.1992789330577353E-018
           5           7   1.8263893815253481E-016
           5           8  -8.7285880413131220E-003
           5           9   8.5873148869527094E-015
           5          10  -1.7448173982026127E-014
           5          11   7.0763982624240791E-005
           5          12  -8.6397360619998687E-017
           5          13   1.6018155362227172E-016
           5          14   2.7375783147567366E-016
           5          15  -6.4328738735710988E-018
           5          16   2.6660419619613359E-016
           5          17  -1.0999044406354188E-017
           5          18   8.5235784249199603E-018
           5          19   2.6471531590987350E-016
           5          20   8.4173214534042176E-016
           5          21   6.1799746869331065E-018
           5          22   7.8534870309411074E-016
           5          23  -7.2895877328989203E-018
           5          24  -2.1786520920651681E-017
           5          25   7.9529215015815661E-016
           5          26  -2.9412832579195330E-005
           5          27   1.8968032303793853E-017
           5          28  -1.3153833429124114E-005
           5          29  -5.5057141729310938E-019
           5          30  -4.3461472281807035E-017
           5          31   2.7238732333433743E-018
           5          32  -5.3922329180426906E-017
           5          33  -1.3153833429120901E-005
           5          34   2.3420460926772778E-019
           5          35  -6.1664845593073348E-017
           6           1   8.4455499270162945E-014
           6           2   5.0165312208715853E-016
           6           3  -7.6284986832798031E-015
           6           4  -6.5598355901754751E-016
           6           5   8.1992789330577353E-018
           6           6   7.4717543251390253E-005
           6           7   2.8365439337477653E-017
           6           8  -9.5748062256554951E-015
           6           9  -8.7285880413143294E-003
           6          10   5.1907263209917659E-015
           6          11   1.3817817875145371E-016
           6          12   7.0763982624109427E-005
           6          13  -1.7848678264574396E-017
           6          14   1.4722848933080207E-016
           6          15  -9.9150422055404032E-018
           6          16   1.5072857583062108E-016
           6          17  -5.6449283718571299E-019
           6          18  -6.3789954791939685E-019
           6          19   1.3604864430689028E-016
           6          20   4.0995536490078803E-016
           6          21  -4.8483047536099132E-018
           6          22   3.9367824152313544E-016
           6          23   1.3607776052279376E-018
           6          24  -1.0912651684564200E-017
           6          25   4.0681924246672566E-016
           6          26  -2.4484334374774754E-017
           6          27  -1.3153833429111966E-005
           6          28  -4.3139388009844676E-018
           6          29  -2.9412832579199122E-005
           6          30  -1.5486303374627650E-017
           6          31   5.9778097671467840E-018
           6          32  -2.4245894598671337E-017
           6          33  -1.9096357802424755E-018
           6          34  -1.3153833429127609E-005
           6          35  -4.9754715321818636E-018
           7           1  -1.8491582976146382E-015
           7           2  -2.9228250772527667E-016
           7           3  -5.2966139963248027E-015
           7           4   1.8968440709006692E-015
           7           5   1.8263893815253481E-016
           7           6   2.8365439337477653E-017
           7           7   7.4717543251476013E-005
           7           8  -3.8938036822643113E-015
           7           9  -8.5664982052423730E-015
           7          10  -8.7285880413193982E-003
           7          11  -1.3529487859901179E-016
           7          12   1.7918812592574282E-016
           7          13   7.0763982624170074E-005
           7          14  -6.9379071151190019E-017
           7          15   2.0282936280925244E-017
           7          16  -6.4162376283359653E-017
           7          17   1.1001478402604838E-017
           7          18  -6.3515452228068040E-018
           7          19  -6.7807486442715251E-017
           7          20  -3.1890451066091229E-016
           7          21   1.1638006314657945E-017
           7          22  -2.5321296095267387E-016
           7          23  -7.4419505172196191E-018
           7          24   1.4121374403431204E-017
           7          25  -3.0022208201522559E-016
           7          26  -2.2067325858220235E-017
           7          27  -4.0843081683631738E-017
           7          28  -1.9456770314853895E-017
           7          29  -1.7042302898684915E-017
           7          30  -1.3153833429117607E-005
           7          31  -7.7902420907499267E-018
           7          32  -1.3153833429106428E-005
           7          33  -3.0214088744980483E-017
           7          34  -1.1241397759458465E-017
           7          35  -2.9412832579233111E-005
           8           1  -6.7532946701465293E-014
           8           2  -1.0709905316978941E-015
           8           3   1.4665733227834112E-014
           8           4  -1.0767674429565805E-018
           8           5  -8.7285880413131220E-003
           8           6  -9.5748062256554951E-015
           8           7  -3.8938036822643113E-015
           8           8   1.0196835425736410     
           8           9   3.4139358007229630E-015
           8          10   6.9388939039059563E-016
           8          11  -8.2667286103297669E-003
           8          12   1.9324819522381919E-015
           8          13  -2.1929073140691612E-015
           8          14  -1.1445825000884827E-016
           8          15   7.5149561295073568E-016
           8          16   7.2123752685291171E-016
           8          17   1.2849208270805846E-015
           8          18  -9.9573408696764448E-016
           8          19   9.4189866155356672E-016
           8          20  -5.5738316733406167E-015
           8          21  -7.2195164347881824E-016
           8          22   1.0129459200265422E-015
           8          23   8.5157789646814460E-016
           8          24   2.5451260533167064E-015
           8          25  -1.4865882976089744E-016
           8          26   3.4360404202289927E-003
           8          27  -6.9898514060117771E-016
           8          28   1.5366457216160541E-003
           8          29   3.4562196854499466E-015
           8          30   2.0066413808361539E-015
           8          31  -3.1820595667616227E-016
           8          32   3.2285914393359523E-015
           8          33   1.5366457216156788E-003
           8          34   1.4895311546694803E-015
           8          35   3.3745792618611957E-016
           9           1  -3.2076802863687431E-014
           9           2  -3.1916761080904499E-015
           9           3   1.3120317009385927E-014
           9           4   1.3101590221807514E-014
           9           5   8.5873148869527094E-015
           9           6  -8.7285880413143294E-003
           9           7  -8.5664982052423730E-015
           9           8   3.4139358007229630E-015
           9           9   1.0196835425736233     
           9          10   7.2719608112946681E-015
           9          11  -7.1021747510835146E-015
           9          12  -8.2667286103131291E-003
           9          13  -2.8891819492393671E-015
           9          14   8.6340171679315245E-017
           9          15   1.1582864620249310E-015
           9          16  -3.2254389806931017E-016
           9          17   6.5944692689593892E-017
           9          18   7.4520147784913780E-017
           9          19   1.3923823316790768E-015
           9          20  -4.6813070130143843E-015
           9          21   5.6638445339509614E-016
           9          22  -2.7797950216217206E-015
           9          23  -1.5896758130794693E-016
           9          24   1.2748283314330443E-015
           9          25  -4.3149416377345330E-015
           9          26  -8.9728571794842405E-016
           9          27   1.5366457216143953E-003
           9          28  -1.1764135672551493E-015
           9          29   3.4360404202288999E-003
           9          30   2.7338157779221840E-015
           9          31  -6.9833450855232213E-016
           9          32   3.7570857883140130E-015
           9          33  -1.4572761400375036E-015
           9          34   1.5366457216162228E-003
           9          35   2.6489227478165860E-015
          10           1   3.7192093788786903E-015
          10           2   2.8669332568362533E-015
          10           3  -6.4782629530100628E-015
          10           4  -1.9748587118156176E-014
          10           5  -1.7448173982026127E-014
          10           6   5.1907263209917659E-015
          10           7  -8.7285880413193982E-003
          10           8   6.9388939039059563E-016
          10           9   7.2719608112946681E-015
          10          10   1.0196835425736368     
          10          11   1.9487991949340662E-014
          10          12  -1.2878153404782801E-014
          10          13  -8.2667286103155282E-003
          10          14  -9.1240797353095102E-016
          10          15  -2.3694755924823623E-015
          10          16  -1.5218281773681412E-015
          10          17  -1.2852051692682147E-015
          10          18   7.4199470784586452E-016
          10          19  -1.0960022794389634E-015
          10          20   7.7575074727673641E-015
          10          21  -1.3595650810021151E-015
          10          22   8.3346221645791192E-017
          10          23   8.6937708952950883E-016
          10          24  -1.6496749542528461E-015
          10          25   5.5750049952561786E-015
          10          26   1.0473935087295015E-015
          10          27   3.2742363507975794E-015
          10          28   1.5884239453269954E-015
          10          29  -1.3569874390829216E-015
          10          30   1.5366457216141826E-003
          10          31   9.1006490568776202E-016
          10          32   1.5366457216128766E-003
          10          33   2.8451904460907212E-015
          10          34  -1.8393489856218792E-016
          10          35   3.4360404202309217E-003
          11           1  -1.8970035360882747E-015
          11           2  -4.5212769821933145E-017
          11           3   5.3725497408622819E-015
          11           4   3.8074653010306626E-016
          11           5   7.0763982624240791E-005
          11           6   1.3817817875145371E-016
          11           7  -1.3529487859901179E-016
          11           8  -8.2667286103297669E-003
          11           9  -7.1021747510835146E-015
          11          10   1.9487991949340662E-014
          11          11   6.7019618404706515E-005
          11          12   4.1687573532058950E-017
          11          13  -1.4025764463700372E-016
          11          14  -9.2030407573099280E-019
          11          15  -6.0924885268732246E-018
          11          16  -7.6954160587075106E-018
          11          17  -1.0417047367903790E-017
          11          18   8.0725667536567202E-018
          11          19  -9.4843492318386754E-018
          11          20  -8.0180521283874953E-018
          11          21   5.8529711005594452E-018
          11          22  -6.1418053705041511E-017
          11          23  -6.9038707272578626E-018
          11          24  -2.0633721623849029E-017
          11          25  -5.2000748415550545E-017
          11          26  -2.7856499062899356E-005
          11          27  -4.9945297734817757E-018
          11          28  -1.2457819137457403E-005
          11          29  -5.1859592195632373E-017
          11          30   1.3107834858754768E-017
          11          31   2.5797437893480923E-018
          11          32   3.2009375076723231E-018
          11          33  -1.2457819137454360E-005
          11          34  -2.2737328919617579E-017
          11          35   6.2951488639937604E-017
          12           1  -3.2898671899885513E-015
          12           2   1.1321987147131053E-016
          12           3   1.9082890647950877E-015
          12           4  -7.9544759134572233E-016
          12           5  -8.6397360619998687E-017
          12           6   7.0763982624109427E-005
          12           7   1.7918812592574282E-016
          12           8   1.9324819522381919E-015
          12           9  -8.2667286103131291E-003
          12          10  -1.2878153404782801E-014
          12          11   4.1687573532058950E-017
          12          12   6.7019618404437917E-005
          12          13   1.2735987394916158E-016
          12          14   2.1669465620425353E-017
          12          15  -9.3904034288511123E-018
          12          16   2.4984350578921427E-017
          12          17  -5.3462359151578396E-019
          12          18  -6.0414610222886393E-019
          12          19   1.1081184414000059E-017
          12          20   1.2272985981311153E-016
          12          21  -4.5917643757264769E-018
          12          22   1.0731401467520731E-016
          12          23   1.2887742104581691E-018
          12          24  -1.0335225980064716E-017
          12          25   1.1975968033765915E-016
          12          26   1.3878634840789808E-017
          12          27  -1.2457819137419098E-005
          12          28   1.2491194873171906E-017
          12          29  -2.7856499062843028E-005
          12          30  -4.1482168042355501E-017
          12          31   5.6615034178496201E-018
          12          32  -4.9778855760713524E-017
          12          33   1.4768019435392377E-017
          12          34  -1.2457819137433914E-005
          12          35  -6.4674353654653184E-017
          13           1  -5.2433950114896205E-016
          13           2   1.6903995833305276E-017
          13           3  -1.0077052780700952E-015
          13           4  -1.2513010272300694E-016
          13           5   1.6018155362227172E-016
          13           6  -1.7848678264574396E-017
          13           7   7.0763982624170074E-005
          13           8  -2.1929073140691612E-015
          13           9  -2.8891819492393671E-015
          13          10  -8.2667286103155282E-003
          13          11  -1.4025764463700372E-016
          13          12   1.2735987394916158E-016
          13          13   6.7019618404475905E-005
          13          14   1.2225298696670244E-017
          13          15   1.9209696787275057E-017
          13          16   1.7165960406334675E-017
          13          17   1.0419352572951472E-017
          13          18  -6.0154632530101668E-018
          13          19   1.3713725485932757E-017
          13          20  -2.7493816326721932E-017
          13          21   1.1022199617280532E-017
          13          22   3.4721768926991929E-017
          13          23  -7.0481714758571678E-018
          13          24   1.3374164211395329E-017
          13          25  -9.7999388445247515E-018
          13          26  -1.5861538970264565E-017
          13          27  -3.0810823456369443E-017
          13          28  -1.6174305886048862E-017
          13          29   1.4602848010816153E-018
          13          30  -1.2457819137420824E-005
          13          31  -7.3780337516306514E-018
          13          32  -1.2457819137410235E-005
          13          33  -2.6363053450333399E-017
          13          34  -2.7748799351979966E-018
          13          35  -2.7856499062867125E-005
          14           1   3.2681398857325539E-003
          14           2   1.4556167860022283E-004
          14           3   3.4347279247306829E-003
          14           4  -8.2621788652951947E-004
          14           5   2.7375783147567366E-016
          14           6   1.4722848933080207E-016
          14           7  -6.9379071151190019E-017
          14           8  -1.1445825000884827E-016
          14           9   8.6340171679315245E-017
          14          10  -9.1240797353095102E-016
          14          11  -9.2030407573099280E-019
          14          12   2.1669465620425353E-017
          14          13   1.2225298696670244E-017
          14          14   4.2786867995686855E-005
          14          15  -2.4003000879467391E-018
          14          16   4.2786867995682816E-005
          14          17  -1.1561080506166436E-018
          14          18  -8.4079357632912990E-018
          14          19   4.2786867995680953E-005
          14          20   1.3030148615382958E-004
          14          21   4.9344032120134801E-018
          14          22   1.3030148615383202E-004
          14          23  -5.4035948445853402E-018
          14          24   1.5976970885771124E-017
          14          25   1.3030148615383950E-004
          14          26  -1.0556024170798633E-016
          14          27  -2.0223115120936394E-017
          14          28  -4.2559812364619603E-017
          14          29  -7.1683985445231183E-017
          14          30   1.4997215822954752E-017
          14          31  -6.7232466677017867E-019
          14          32   2.9915707073351293E-018
          14          33  -4.4847912124663603E-017
          14          34  -2.0559279157828228E-017
          14          35   1.2820879479096105E-017
          15           1  -1.0537372885214125E-015
          15           2  -3.7844128002936198E-018
          15           3  -2.8606824998448878E-016
          15           4  -1.1445628822008913E-017
          15           5  -6.4328738735710988E-018
          15           6  -9.9150422055404032E-018
          15           7   2.0282936280925244E-017
          15           8   7.5149561295073568E-016
          15           9   1.1582864620249310E-015
          15          10  -2.3694755924823623E-015
          15          11  -6.0924885268732246E-018
          15          12  -9.3904034288511123E-018
          15          13   1.9209696787275057E-017
          15          14  -2.4003000879467391E-018
          15          15   8.0349848936492903E-030
          15          16  -2.4003000879439669E-018
          15          17   3.5003822539329757E-030
          15          18  -1.6735674520197925E-030
          15          19  -2.4003000879418773E-018
          15          20  -2.7287163920064370E-018
          15          21   1.8619182650699122E-030
          15          22  -2.7287163919817362E-018
          15          23  -1.4068655876279482E-030
          15          24   7.8091692471087729E-030
          15          25  -2.7287163919976339E-018
          15          26   2.5323241907344287E-018
          15          27   1.7455179592105388E-018
          15          28   1.1324910820357168E-018
          15          29   3.9030924160083442E-018
          15          30  -3.5707593381990393E-018
          15          31  -3.1454509502690244E-030
          15          32  -3.5707593381940219E-018
          15          33   1.1324910820327166E-018
          15          34   1.7455179592230265E-018
          15          35  -7.9844516171827367E-018
          16           1   3.2681398857315864E-003
          16           2   1.4556167860023823E-004
          16           3   3.4347279247272000E-003
          16           4  -8.2621788652972818E-004
          16           5   2.6660419619613359E-016
          16           6   1.5072857583062108E-016
          16           7  -6.4162376283359653E-017
          16           8   7.2123752685291171E-016
          16           9  -3.2254389806931017E-016
          16          10  -1.5218281773681412E-015
          16          11  -7.6954160587075106E-018
          16          12   2.4984350578921427E-017
          16          13   1.7165960406334675E-017
          16          14   4.2786867995682816E-005
          16          15  -2.4003000879439669E-018
          16          16   4.2786867995678771E-005
          16          17  -1.1561080506156548E-018
          16          18  -8.4079357632915363E-018
          16          19   4.2786867995676914E-005
          16          20   1.3030148615384985E-004
          16          21   4.9344032120059937E-018
          16          22   1.3030148615385229E-004
          16          23  -5.4035948445840375E-018
          16          24   1.5976970885772045E-017
          16          25   1.3030148615385980E-004
          16          26  -1.0274418716906260E-016
          16          27  -2.0839296446003672E-017
          16          28  -4.1300433070477240E-017
          16          29  -7.3061807222443092E-017
          16          30   1.4078829961271130E-017
          16          31  -6.7232466677066169E-019
          16          32   2.0731848456529789E-018
          16          33  -4.3588532830521622E-017
          16          34  -2.1175460482891670E-017
          16          35   1.0767308576100111E-017
          17           1   9.0877742456163120E-016
          17           2  -7.6446957364529710E-018
          17           3  -6.1765053132058450E-017
          17           4   8.0210897458013556E-017
          17           5  -1.0999044406354188E-017
          17           6  -5.6449283718571299E-019
          17           7   1.1001478402604838E-017
          17           8   1.2849208270805846E-015
          17           9   6.5944692689593892E-017
          17          10  -1.2852051692682147E-015
          17          11  -1.0417047367903790E-017
          17          12  -5.3462359151578396E-019
          17          13   1.0419352572951472E-017
          17          14  -1.1561080506166436E-018
          17          15   3.5003822539329757E-030
          17          16  -1.1561080506156548E-018
          17          17   3.9074356085131692E-030
          17          18  -2.2245935425663307E-030
          17          19  -1.1561080506168809E-018
          17          20  -7.7706614611163042E-018
          17          21   1.8214727715391235E-030
          17          22  -7.7706614610984501E-018
          17          23   2.7104754163129858E-031
          17          24   3.1749657549691491E-030
          17          25  -7.7706614611070228E-018
          17          26   4.3298138238748714E-018
          17          27   9.9377528068272917E-020
          17          28   1.9363537892848742E-018
          17          29   2.2221465789181356E-019
          17          30  -1.9367822881268587E-018
          17          31  -1.5310896053410592E-030
          17          32  -1.9367822881224145E-018
          17          33   1.9363537892824599E-018
          17          34   9.9377528074744656E-020
          17          35  -4.3307719753428427E-018
          18           1  -1.1281039658568658E-015
          18           2  -2.9229808274068635E-017
          18           3  -6.6534368394826264E-016
          18           4   1.4386822718279973E-016
          18           5   8.5235784249199603E-018
          18           6  -6.3789954791939685E-019
          18           7  -6.3515452228068040E-018
          18           8  -9.9573408696764448E-016
          18           9   7.4520147784913780E-017
          18          10   7.4199470784586452E-016
          18          11   8.0725667536567202E-018
          18          12  -6.0414610222886393E-019
          18          13  -6.0154632530101668E-018
          18          14  -8.4079357632912990E-018
          18          15  -1.6735674520197925E-030
          18          16  -8.4079357632915363E-018
          18          17  -2.2245935425663307E-030
          18          18   3.3237520229213371E-030
          18          19  -8.4079357632904655E-018
          18          20  -2.4700770310209986E-017
          18          21  -1.6041897832130026E-030
          18          22  -2.4700770310221976E-017
          18          23   8.1818999726285067E-031
          18          24  -6.0070300527412790E-030
          18          25  -2.4700770310218678E-017
          18          26  -3.3553376393106738E-018
          18          27   1.1230059277947835E-019
          18          28  -1.5005543001386080E-018
          18          29   2.5111147649059045E-019
          18          30   1.1181733799383822E-018
          18          31   1.0420137308831028E-030
          18          32   1.1181733799382029E-018
          18          33  -1.5005543001368421E-018
          18          34   1.1230059277514347E-019
          18          35   2.5003088716309563E-018
          19           1   3.2681398857288277E-003
          19           2   1.4556167860021381E-004
          19           3   3.4347279247313013E-003
          19           4  -8.2621788652953269E-004
          19           5   2.6471531590987350E-016
          19           6   1.3604864430689028E-016
          19           7  -6.7807486442715251E-017
          19           8   9.4189866155356672E-016
          19           9   1.3923823316790768E-015
          19          10  -1.0960022794389634E-015
          19          11  -9.4843492318386754E-018
          19          12   1.1081184414000059E-017
          19          13   1.3713725485932757E-017
          19          14   4.2786867995680953E-005
          19          15  -2.4003000879418773E-018
          19          16   4.2786867995676914E-005
          19          17  -1.1561080506168809E-018
          19          18  -8.4079357632904655E-018
          19          19   4.2786867995675044E-005
          19          20   1.3030148615381803E-004
          19          21   4.9344032120113362E-018
          19          22   1.3030148615382047E-004
          19          23  -5.4035948445850405E-018
          19          24   1.5976970885780362E-017
          19          25   1.3030148615382795E-004
          19          26  -1.0200062257627541E-016
          19          27  -1.8254931842846073E-017
          19          28  -4.0967900500860810E-017
          19          29  -6.7282998800853014E-017
          19          30   1.4720542332698955E-017
          19          31  -6.7232466677165913E-019
          19          32   2.7148972170813324E-018
          19          33  -4.3256000260903608E-017
          19          34  -1.8591095879729112E-017
          19          35   1.2202219444213178E-017
          20           1   7.0896737343176426E-003
          20           2   5.8619848084429495E-004
          20           3  -2.9149292546707395E-003
          20           4  -3.8014958414649093E-003
          20           5   8.4173214534042176E-016
          20           6   4.0995536490078803E-016
          20           7  -3.1890451066091229E-016
          20           8  -5.5738316733406167E-015
          20           9  -4.6813070130143843E-015
          20          10   7.7575074727673641E-015
          20          11  -8.0180521283874953E-018
          20          12   1.2272985981311153E-016
          20          13  -2.7493816326721932E-017
          20          14   1.3030148615382958E-004
          20          15  -2.7287163920064370E-018
          20          16   1.3030148615384985E-004
          20          17  -7.7706614611163042E-018
          20          18  -2.4700770310209986E-017
          20          19   1.3030148615381803E-004
          20          20   5.4318306294809274E-004
          20          21  -1.5636902638728915E-017
          20          22   5.4318306294807886E-004
          20          23  -1.4560817515278107E-017
          20          24   4.9464059670794117E-017
          20          25   5.4318306294808883E-004
          20          26  -3.0430475148516246E-016
          20          27  -5.2679851806468315E-017
          20          28  -1.2139396981646405E-016
          20          29  -1.8484824118129279E-016
          20          30   6.8032330878719785E-017
          20          31  -2.2253437709597502E-018
          20          32   2.7456937328615694E-017
          20          33  -1.2568453526235302E-016
          20          34  -4.8574932873122819E-017
          20          35   7.1993334443502626E-017
          21           1   1.4809992969091191E-015
          21           2  -9.3509004208548417E-018
          21           3   3.2526023916002576E-015
          21           4   1.8538003238993276E-016
          21           5   6.1799746869331065E-018
          21           6  -4.8483047536099132E-018
          21           7   1.1638006314657945E-017
          21           8  -7.2195164347881824E-016
          21           9   5.6638445339509614E-016
          21          10  -1.3595650810021151E-015
          21          11   5.8529711005594452E-018
          21          12  -4.5917643757264769E-018
          21          13   1.1022199617280532E-017
          21          14   4.9344032120134801E-018
          21          15   1.8619182650699122E-030
          21          16   4.9344032120059937E-018
          21          17   1.8214727715391235E-030
          21          18  -1.6041897832130026E-030
          21          19   4.9344032120113362E-018
          21          20  -1.5636902638728915E-017
          21          21   9.9974177756663895E-030
          21          22  -1.5636902638718232E-017
          21          23  -2.9313264840901919E-030
          21          24   2.2920732891851376E-030
          21          25  -1.5636902638721335E-017
          21          26  -2.4327695063329593E-018
          21          27   8.5353171915312573E-019
          21          28  -1.0879688235276172E-018
          21          29   1.9085527950320300E-018
          21          30  -2.0488414078988322E-018
          21          31  -1.4196300792297329E-030
          21          32  -2.0488414078973512E-018
          21          33  -1.0879688235298355E-018
          21          34   8.5353171915638768E-019
          21          35  -4.5813435023808484E-018
          22           1   7.0896737343166885E-003
          22           2   5.8619848084427706E-004
          22           3  -2.9149292546683091E-003
          22           4  -3.8014958414648039E-003
          22           5   7.8534870309411074E-016
          22           6   3.9367824152313544E-016
          22           7  -2.5321296095267387E-016
          22           8   1.0129459200265422E-015
          22           9  -2.7797950216217206E-015
          22          10   8.3346221645791192E-017
          22          11  -6.1418053705041511E-017
          22          12   1.0731401467520731E-016
          22          13   3.4721768926991929E-017
          22          14   1.3030148615383202E-004
          22          15  -2.7287163919817362E-018
          22          16   1.3030148615385229E-004
          22          17  -7.7706614610984501E-018
          22          18  -2.4700770310221976E-017
          22          19   1.3030148615382047E-004
          22          20   5.4318306294807886E-004
          22          21  -1.5636902638718232E-017
          22          22   5.4318306294806498E-004
          22          23  -1.4560817515280162E-017
          22          24   4.9464059670828500E-017
          22          25   5.4318306294807485E-004
          22          26  -2.8210920443065582E-016
          22          27  -4.9814305640277102E-017
          22          28  -1.1146780823250667E-016
          22          29  -1.7844069237891327E-016
          22          30   5.6467500653324731E-017
          22          31  -2.2253437709700039E-018
          22          32   1.5892107103238674E-017
          22          33  -1.1575837367840849E-016
          22          34  -4.5709386706888583E-017
          22          35   4.6133617041709414E-017
          23           1  -1.2691684448487701E-016
          23           2  -1.8434091553041010E-017
          23           3  -8.7848574844641800E-016
          23           4   9.4947521447370025E-017
          23           5  -7.2895877328989203E-018
          23           6   1.3607776052279376E-018
          23           7  -7.4419505172196191E-018
          23           8   8.5157789646814460E-016
          23           9  -1.5896758130794693E-016
          23          10   8.6937708952950883E-016
          23          11  -6.9038707272578626E-018
          23          12   1.2887742104581691E-018
          23          13  -7.0481714758571678E-018
          23          14  -5.4035948445853402E-018
