           1           1   2.2840745426417657     
           1           2 -0.52794804476158308     
           1           3 -0.54859449346307620     
           1           4  0.16634662902186151     
           1           5   3.5659658036070620E-012
           1           6   4.7968085604895371E-012
           1           7  -5.4991633538162289E-012
           1           8  -6.9539373752288833E-012
           1           9  -9.3998384224852231E-012
           1          10   1.0758060198732435E-011
           1          11   2.3140543121069231E-012
           1          12   2.9944531016628950E-012
           1          13  -3.4444322607927588E-012
           1          14  0.12269322911838967     
           1          15  -4.8988081526973385E-014
           1          16  0.12269322911841105     
           1          17   4.0956638580504422E-014
           1          18  -6.7231974792005657E-015
           1          19  0.12269322911841139     
           1          20   5.2213966313536968E-002
           1          21  -3.3167844288165558E-014
           1          22   5.2213966313555016E-002
           1          23  -1.5632440057060336E-014
           1          24   3.0990532626993736E-014
           1          25   5.2213966313623558E-002
           1          26  -1.9223474708051484E-013
           1          27  -9.6360454240792495E-014
           1          28  -6.7059110169992775E-014
           1          29  -2.1670542781041189E-013
           1          30   1.3273963250521102E-013
           1          31  -3.4409237359097518E-014
           1          32   1.4080977049209836E-013
           1          33  -5.5602154364035492E-014
           1          34  -6.7167322725103080E-014
           1          35   2.5326520024059520E-013
           2           1 -0.52794804476158308     
           2           2  0.83803757802567780     
           2           3   1.4560131963939429     
           2           4 -0.43788423887326489     
           2           5  -1.0688091027589397E-011
           2           6  -1.4808707729197326E-011
           2           7   1.7223243643733777E-011
           2           8   2.1620507936160017E-011
           2           9   2.9463290134124325E-011
           2          10  -3.3724631210212875E-011
           2          11  -7.2560740828672144E-012
           2          12  -9.4253618418232853E-012
           2          13   1.0816856090245336E-011
           2          14 -0.12198089860089202     
           2          15   1.4843262454944118E-013
           2          16 -0.12198089860098531     
           2          17  -1.1817907166135077E-013
           2          18   2.1706158481422272E-014
           2          19 -0.12198089860097412     
           2          20 -0.14167572127660394     
           2          21   1.1078862258584343E-013
           2          22 -0.14167572127663566     
           2          23   4.2589153134080800E-014
           2          24  -1.0108612864632509E-013
           2          25 -0.14167572127685193     
           2          26   4.0294133049494612E-013
           2          27   2.3850306299801255E-013
           2          28   1.0770140929821285E-013
           2          29   5.7657249595935848E-013
           2          30  -4.1688118629916808E-013
           2          31   1.1605428436750029E-013
           2          32  -4.4845972481883289E-013
           2          33   8.4864627244959800E-014
           2          34   1.7348465456954229E-013
           2          35  -7.8414721087269971E-013
           3           1 -0.54859449346307620     
           3           2   1.4560131963939429     
           3           3   2.5993362814385450     
           3           4 -0.78147228207440433     
           3           5  -1.9284969551808238E-011
           3           6  -2.6669600222789930E-011
           3           7   3.0888573280373599E-011
           3           8   3.9059433622771030E-011
           3           9   5.3091346645983852E-011
           3          10  -6.0481561793309968E-011
           3          11  -1.3110344853197505E-011
           3          12  -1.6987524338139056E-011
           3          13   1.9399506085476409E-011
           3          14 -0.20326922296734215     
           3          15   2.6629892449538022E-013
           3          16 -0.20326922296751132     
           3          17  -2.1165283668684782E-013
           3          18   3.9025666084291135E-014
           3          19 -0.20326922296749045     
           3          20 -0.25314583689881781     
           3          21   1.9940447780613863E-013
           3          22 -0.25314583689887332     
           3          23   7.6110212232757919E-014
           3          24  -1.8180388501492062E-013
           3          25 -0.25314583689926184     
           3          26   7.1555936993871617E-013
           3          27   4.2580155593388307E-013
           3          28   1.8899091890993890E-013
           3          29   1.0322027444813510E-012
           3          30  -7.4815230479412639E-013
           3          31   2.0894524836396874E-013
           3          32  -8.0525081496231483E-013
           3          33   1.4876062445066877E-013
           3          34   3.1061502173869786E-013
           3          35  -1.4063452302004825E-012
           4           1  0.16634662902186151     
           4           2 -0.43788423887326489     
           4           3 -0.78147228207440433     
           4           4  0.23494510274171143     
           4           5   5.7893344944236190E-012
           4           6   8.0557756023148538E-012
           4           7  -9.2765694811698340E-012
           4           8  -1.1725487002615112E-011
           4           9  -1.6037694683387584E-011
           4          10   1.8163471617752084E-011
           4          11   3.9358124433562438E-012
           4          12   5.1320435039225313E-012
           4          13  -5.8258361614261604E-012
           4          14   6.1163562221962425E-002
           4          15  -8.0056200026679823E-014
           4          16   6.1163562222013260E-002
           4          17   6.3629521762646812E-014
           4          18  -1.1731805805849690E-014
           4          19   6.1163562222007001E-002
           4          20   7.6105734396135785E-002
           4          21  -5.9943741112906099E-014
           4          22   7.6105734396152480E-002
           4          23  -2.2881722041353668E-014
           4          24   5.4653249542709603E-014
           4          25   7.6105734396269262E-002
           4          26  -2.1488440605857101E-013
           4          27  -1.2858131479974660E-013
           4          28  -5.6715600858650729E-014
           4          29  -3.1158228360385085E-013
           4          30   2.2477513160969850E-013
           4          31  -6.2811602966748763E-014
           4          32   2.4193880087584350E-013
           4          33  -4.4618707582021768E-014
           4          34  -9.3948100865540730E-014
           4          35   4.2247710831725075E-013
           5           1   3.5659658036070620E-012
           5           2  -1.0688091027589397E-011
           5           3  -1.9284969551808238E-011
           5           4   5.7893344944236190E-012
           5           5   1.6362697904435737     
           5           6   2.0639046037901478E-013
           5           7  -2.3314683632832432E-014
           5           8  -3.3046474849525240     
           5           9  -1.9251267267150327E-013
           5          10   5.1736393174066553E-014
           5          11   1.0789760801917616     
           5          12   4.3909320688413411E-014
           5          13  -2.2204460565160697E-014
           5          14   1.4876806253598045E-012
           5          15   4.5899544874043200E-016
           5          16   1.4840617706139762E-012
           5          17   2.1023406916018215E-015
           5          18  -6.3230585639369789E-016
           5          19   1.4922844316025291E-012
           5          20   1.8812494269753848E-012
           5          21   4.9767539687980256E-015
           5          22   1.8897152847658662E-012
           5          23   6.5016864296533927E-015
           5          24   3.6105162893363597E-015
           5          25   1.8904857281827813E-012
           5          26  -5.3780114960893730E-002
           5          27  -2.9600454033942509E-014
           5          28  -2.4051198578063607E-002
           5          29  -5.8491406166893443E-014
           5          30  -1.2047654512599656E-015
           5          31  -1.4298341147841961E-015
           5          32  -5.2475384846228132E-016
           5          33  -2.4051198578062420E-002
           5          34  -3.0711544419873806E-014
           5          35   2.7339242034116231E-015
           6           1   4.7968085604895371E-012
           6           2  -1.4808707729197326E-011
           6           3  -2.6669600222789930E-011
           6           4   8.0557756023148538E-012
           6           5   2.0639046037901478E-013
           6           6   1.6362697904430565     
           6           7  -1.6764367831575636E-014
           6           8  -3.0153657369320093E-013
           6           9  -3.3046474849518712     
           6          10   3.5305092495823019E-014
           6          11   9.1648910751599837E-014
           6          12   1.0789760801915818     
           6          13  -1.7430501586922957E-014
           6          14   2.0589492420630439E-012
           6          15   1.8819285381602116E-016
           6          16   2.0509057522510906E-012
           6          17   5.4330642686029897E-015
           6          18  -6.5826340855256177E-016
           6          19   2.0583480594227739E-012
           6          20   2.5817993565926067E-012
           6          21   7.7154179247803510E-015
           6          22   2.5886858526566230E-012
           6          23   7.0919751494916200E-015
           6          24  -7.6934018807499910E-016
           6          25   2.5914687757327780E-012
           6          26  -3.5450808958800694E-014
           6          27  -2.4051198578022560E-002
           6          28  -1.4216058886621460E-014
           6          29  -5.3780114960797813E-002
           6          30  -5.3620302603705667E-015
           6          31  -3.5242292519148618E-015
           6          32  -7.1470606793211991E-016
           6          33  -7.1713468504717639E-015
           6          34  -2.4051198578024395E-002
           6          35  -8.2572837383711861E-015
           7           1  -5.4991633538162289E-012
           7           2   1.7223243643733777E-011
           7           3   3.0888573280373599E-011
           7           4  -9.2765694811698340E-012
           7           5  -2.3314683632832432E-014
           7           6  -1.6764367831575636E-014
           7           7   1.6362697904435808     
           7           8   5.1070261476768074E-015
           7           9   3.1530334217422254E-014
           7          10  -3.3046474849525267     
           7          11   5.8841819518566012E-015
           7          12  -1.0158540777115481E-014
           7          13   1.0789760801917576     
           7          14  -2.3763146320644523E-012
           7          15   6.3560457045372674E-016
           7          16  -2.3818854839950018E-012
           7          17   3.6054275931208193E-015
           7          18  -1.2562450894446294E-015
           7          19  -2.3792791242262532E-012
           7          20  -3.0105167457144121E-012
           7          21   4.5013565164549996E-015
           7          22  -3.0081371379380072E-012
           7          23   3.3233006330597142E-015
           7          24  -1.8953712154663975E-015
           7          25  -3.0094648538628114E-012
           7          26   6.6283784059805519E-015
           7          27  -1.4901274633204511E-015
           7          28   3.5587852120993195E-015
           7          29  -1.7937040679942344E-015
           7          30  -2.4051198578066903E-002
           7          31  -1.4775565303843148E-015
           7          32  -2.4051198578065432E-002
           7          33   8.5556561844129224E-015
           7          34  -9.5409790992473561E-016
           7          35  -5.3780114960894743E-002
           8           1  -6.9539373752288833E-012
           8           2   2.1620507936160017E-011
           8           3   3.9059433622771030E-011
           8           4  -1.1725487002615112E-011
           8           5  -3.3046474849525240     
           8           6  -3.0153657369320093E-013
           8           7   5.1070261476768074E-015
           8           8   6.6741408193098586     
           8           9   1.5543122385573444E-013
           8          10  -1.9539925692331444E-014
           8          11  -2.1791245004670259     
           8          12  -1.2434498006446974E-014
           8          13   1.7097434726422504E-014
           8          14  -3.0032515378940266E-012
           8          15  -9.2699759179287900E-016
           8          16  -2.9959428169825728E-012
           8          17  -4.2459348205328707E-015
           8          18   1.2770192117821529E-015
           8          19  -3.0125494891304887E-012
           8          20  -3.8103829570952288E-012
           8          21  -1.0051164900954984E-014
           8          22  -3.8274807950059918E-012
           8          23  -1.3130952996371953E-014
           8          24  -7.2918803761055014E-015
           8          25  -3.8290367999600079E-012
           8          26  0.10861553680447530     
           8          27   5.8087215596348298E-014
           8          28   4.8574344741489910E-002
           8          29   1.1434603265040109E-013
           8          30   3.0531133120347285E-015
           8          31   2.8877253243526802E-015
           8          32   1.6809470421018386E-015
           8          33   4.8574344741487530E-002
           8          34   6.0328478326436022E-014
           8          35  -4.1390502243611923E-015
           9           1  -9.3998384224852231E-012
           9           2   2.9463290134124325E-011
           9           3   5.3091346645983852E-011
           9           4  -1.6037694683387584E-011
           9           5  -1.9251267267150327E-013
           9           6  -3.3046474849518712     
           9           7   3.1530334217422254E-014
           9           8   1.5543122385573444E-013
           9           9   6.6741408193093301     
           9          10  -6.7057471310097563E-014
           9          11  -3.6970426856999282E-014
           9          12  -2.1791245004669211     
           9          13   3.3750780148339601E-014
           9          14  -4.0933884178421356E-012
           9          15  -3.8007854499906517E-016
           9          16  -4.0771436038556918E-012
           9          17  -1.0972739505174352E-014
           9          18   1.3294436713282527E-015
           9          19  -4.0921742557816738E-012
           9          20  -5.1392260905581730E-012
           9          21  -1.5582232581381955E-014
           9          22  -5.1531342137973697E-012
           9          23  -1.4323113448667998E-014
           9          24   1.5537768481287000E-015
           9          25  -5.1587546681979556E-012
           9          26   6.4219463088103613E-014
           9          27   4.8574344741412784E-002
           9          28   2.5410229478081451E-014
           9          29  0.10861553680429448     
           9          30   1.0862838398853309E-014
           9          31   7.1176131232490226E-015
           9          32   1.4710454993242495E-015
           9          33   1.1182027527705886E-014
           9          34   4.8574344741416475E-002
           9          35   1.6736612081731472E-014
          10           1   1.0758060198732435E-011
          10           2  -3.3724631210212875E-011
          10           3  -6.0481561793309968E-011
          10           4   1.8163471617752084E-011
          10           5   5.1736393174066553E-014
          10           6   3.5305092495823019E-014
          10           7  -3.3046474849525267     
          10           8  -1.9539925692331444E-014
          10           9  -6.7057471310097563E-014
          10          10   6.6741408193098399     
          10          11  -8.8817840430009387E-015
          10          12   2.1538326877030889E-014
          10          13  -2.1791245004670108     
          10          14   4.6525021686075117E-012
          10          15  -1.2836813691254070E-015
          10          16   4.6637531871917634E-012
          10          17  -7.2816031302568295E-015
          10          18   2.5371410018139520E-015
          10          19   4.6584893240409821E-012
          10          20   5.8948740313384607E-012
          10          21  -9.0910414514870241E-015
          10          22   5.8900681216410117E-012
          10          23  -6.7118131391483567E-015
          10          24   3.8279345842634704E-015
          10          25   5.8927496067584381E-012
          10          26  -1.3534312567937242E-014
          10          27   2.9837243737000475E-015
          10          28  -7.2511441318010513E-015
          10          29   3.5804692423443555E-015
          10          30   4.8574344741496411E-002
          10          31   2.9841065946322481E-015
          10          32   4.8574344741493448E-002
          10          33  -1.7350704208472861E-014
          10          34   1.9047263729759990E-015
          10          35  0.10861553680447697     
          11           1   2.3140543121069231E-012
          11           2  -7.2560740828672144E-012
          11           3  -1.3110344853197505E-011
          11           4   3.9358124433562438E-012
          11           5   1.0789760801917616     
          11           6   9.1648910751599837E-014
          11           7   5.8841819518566012E-015
          11           8  -2.1791245004670259     
          11           9  -3.6970426856999282E-014
          11          10  -8.8817840430009387E-015
          11          11  0.71148987069570024     
          11          12  -4.4408916601012237E-016
          11          13  -5.8286713732172963E-016
          11          14   1.0073416876066574E-012
          11          15   3.0266714751662255E-016
          11          16   1.0049553710400384E-012
          11          17   1.3863088666385841E-015
          11          18  -4.1695012546728213E-016
          11          19   1.0103774930971618E-012
          11          20   1.2789184390075547E-012
          11          21   3.2817317294761836E-015
          11          22   1.2845009279758141E-012
          11          23   4.2872906286331393E-015
          11          24   2.3808180876616272E-015
          11          25   1.2850089676786466E-012
          11          26  -3.5463257936844794E-002
          11          27  -1.8864250440605277E-014
          11          28  -1.5859651090079599E-002
          11          29  -3.7109204600751315E-014
          11          30  -1.1071872566346942E-015
          11          31  -9.4284990015528643E-016
          11          32  -6.5962859968661849E-016
          11          33  -1.5859651090078818E-002
          11          34  -1.9597171108912129E-014
          11          35   1.1032841343052438E-015
          12           1   2.9944531016628950E-012
          12           2  -9.4253618418232853E-012
          12           3  -1.6987524338139056E-011
          12           4   5.1320435039225313E-012
          12           5   4.3909320688413411E-014
          12           6   1.0789760801915818     
          12           7  -1.0158540777115481E-014
          12           8  -1.2434498006446974E-014
          12           9  -2.1791245004669211     
          12          10   2.1538326877030889E-014
          12          11  -4.4408916601012237E-016
          12          12  0.71148987069568781     
          12          13  -1.0907941280865880E-014
          12          14   1.3093198341955954E-012
          12          15   1.2409664287427321E-016
          12          16   1.3040158597782256E-012
          12          17   3.5826282573481028E-015
          12          18  -4.3406684913895462E-016
          12          19   1.3089234070950512E-012
          12          20   1.6441836025202049E-012
          12          21   5.0876398490127193E-015
          12          22   1.6487246412735843E-012
          12          23   4.6765341463467839E-015
          12          24  -5.0731222038076625E-016
          12          25   1.6505597343918317E-012
          12          26  -2.0343102205161648E-014
          12          27  -1.5859651090054903E-002
          12          28  -8.0170245448582151E-015
          12          29  -3.5463257936786848E-002
          12          30  -3.5492442293799105E-015
          12          31  -2.3239193720122444E-015
          12          32  -4.8312048540187203E-016
          12          33  -3.3723024377978959E-015
          12          34  -1.5859651090056111E-002
          12          35  -5.4713178385925541E-015
          13           1  -3.4444322607927588E-012
          13           2   1.0816856090245336E-011
          13           3   1.9399506085476409E-011
          13           4  -5.8258361614261604E-012
          13           5  -2.2204460565160697E-014
          13           6  -1.7430501586922957E-014
          13           7   1.0789760801917576     
          13           8   1.7097434726422504E-014
          13           9   3.3750780148339601E-014
          13          10  -2.1791245004670108     
          13          11  -5.8286713732172963E-016
          13          12  -1.0907941280865880E-014
          13          13  0.71148987069569203     
          13          14  -1.4920453244272518E-012
          13          15   4.1912533729030215E-016
          13          16  -1.4957188115345459E-012
          13          17   2.3774625399123210E-015
          13          18  -8.2838319836331693E-016
          13          19  -1.4940001463955417E-012
          13          20  -1.8908090548966697E-012
          13          21   2.9682489024207560E-015
          13          22  -1.8892399127625253E-012
          13          23   2.1914246117927601E-015
          13          24  -1.2498306919831603E-015
          13          25  -1.8901154246935544E-012
          13          26   4.5944151288078208E-015
          13          27  -8.8731105636488036E-016
          13          28   2.4459601018386411E-015
          13          29  -9.7491458962715659E-016
          13          30  -1.5859651090081646E-002
          13          31  -9.7431863794977977E-016
          13          32  -1.5859651090080681E-002
          13          33   5.7423683869143814E-015
          13          34  -5.3516219116928602E-016
          13          35  -3.5463257936845183E-002
          14           1  0.12269322911838967     
          14           2 -0.12198089860089202     
          14           3 -0.20326922296734215     
          14           4   6.1163562221962425E-002
          14           5   1.4876806253598045E-012
          14           6   2.0589492420630439E-012
          14           7  -2.3763146320644523E-012
          14           8  -3.0032515378940266E-012
          14           9  -4.0933884178421356E-012
          14          10   4.6525021686075117E-012
          14          11   1.0073416876066574E-012
          14          12   1.3093198341955954E-012
          14          13  -1.4920453244272518E-012
          14          14   1.8832110148511681E-002
          14          15  -2.0559188412288873E-014
          14          16   1.8832110148524379E-002
          14          17   1.6414703170892997E-014
          14          18  -2.9961370201027412E-015
          14          19   1.8832110148522922E-002
          14          20   1.9751479227099810E-002
          14          21  -1.5265378605468497E-014
          14          22   1.9751479227104379E-002
          14          23  -5.9359998627920078E-015
          14          24   1.3945577973260854E-014
          14          25   1.9751479227134269E-002
          14          26  -5.7412637763204350E-014
          14          27  -3.3595462170035547E-014
          14          28  -1.5751777654301863E-014
          14          29  -8.0807697143130358E-014
          14          30   5.7555694138972277E-014
          14          31  -1.5983054008469606E-014
          14          32   6.1874336667744548E-014
          14          33  -1.2496592416972543E-014
          14          34  -2.4408138475140627E-014
          14          35   1.0832000275899296E-013
          15           1  -4.8988081526973385E-014
          15           2   1.4843262454944118E-013
          15           3   2.6629892449538022E-013
          15           4  -8.0056200026679823E-014
          15           5   4.5899544874043200E-016
          15           6   1.8819285381602116E-016
          15           7   6.3560457045372674E-016
          15           8  -9.2699759179287900E-016
          15           9  -3.8007854499906517E-016
          15          10  -1.2836813691254070E-015
          15          11   3.0266714751662255E-016
          15          12   1.2409664287427321E-016
          15          13   4.1912533729030215E-016
          15          14  -2.0559188412288873E-014
          15          15   2.7306413256183392E-026
          15          16  -2.0559188412306253E-014
          15          17  -2.1693322247663234E-026
          15          18   4.0024273672168624E-027
          15          19  -2.0559188412304098E-014
          15          20  -2.5938527100971073E-014
          15          21   2.0462454445583693E-026
          15          22  -2.5938527100976734E-014
          15          23   7.8027648301097849E-027
          15          24  -1.8649959238045304E-026
          15          25  -2.5938527101016581E-014
          15          26  -1.5086037846921635E-017
          15          27  -2.7662086771883152E-018
          15          28  -6.7466812408218121E-018
          15          29  -6.1854306338829152E-018
          15          30  -9.3426230073759059E-018
          15          31   2.1437052186605775E-026
          15          32  -9.3426230132375292E-018
          15          33  -6.7466812449304046E-018
          15          34  -2.7662086889731067E-018
          15          35  -2.0890740105288043E-017
          16           1  0.12269322911841105     
          16           2 -0.12198089860098531     
          16           3 -0.20326922296751132     
          16           4   6.1163562222013260E-002
          16           5   1.4840617706139762E-012
          16           6   2.0509057522510906E-012
          16           7  -2.3818854839950018E-012
          16           8  -2.9959428169825728E-012
          16           9  -4.0771436038556918E-012
          16          10   4.6637531871917634E-012
          16          11   1.0049553710400384E-012
          16          12   1.3040158597782256E-012
          16          13  -1.4957188115345459E-012
          16          14   1.8832110148524379E-002
          16          15  -2.0559188412306253E-014
          16          16   1.8832110148537078E-002
          16          17   1.6414703170906755E-014
          16          18  -2.9961370201052817E-015
          16          19   1.8832110148535624E-002
          16          20   1.9751479227116286E-002
          16          21  -1.5265378605481599E-014
          16          22   1.9751479227120859E-002
          16          23  -5.9359998627970241E-015
          16          24   1.3945577973272734E-014
          16          25   1.9751479227150748E-002
          16          26  -5.7293695015873685E-014
          16          27  -3.3477232540756684E-014
          16          28  -1.5698584840600892E-014
          16          29  -8.0543327655113607E-014
          16          30   5.7637578964350500E-014
          16          31  -1.5983054008483238E-014
          16          32   6.1956221493126482E-014
          16          33  -1.2443399603269029E-014
          16          34  -2.4289908845854289E-014
          16          35   1.0850310279484688E-013
          17           1   4.0956638580504422E-014
          17           2  -1.1817907166135077E-013
          17           3  -2.1165283668684782E-013
          17           4   6.3629521762646812E-014
          17           5   2.1023406916018215E-015
          17           6   5.4330642686029897E-015
          17           7   3.6054275931208193E-015
          17           8  -4.2459348205328707E-015
          17           9  -1.0972739505174352E-014
          17          10  -7.2816031302568295E-015
          17          11   1.3863088666385841E-015
          17          12   3.5826282573481028E-015
          17          13   2.3774625399123210E-015
          17          14   1.6414703170892997E-014
          17          15  -2.1693322247663234E-026
          17          16   1.6414703170906755E-014
          17          17   1.7269029142968109E-026
          17          18  -3.1860505814610646E-027
          17          19   1.6414703170905089E-014
          17          20   2.0614659885488030E-014
          17          21  -1.6209992271269622E-026
          17          22   2.0614659885492574E-014
          17          23  -6.1588422340894329E-027
          17          24   1.4814057820608753E-026
          17          25   2.0614659885524236E-014
          17          26  -6.9098705331178750E-017
          17          27  -7.9859512397682812E-017
          17          28  -3.0901880444860291E-017
          17          29  -1.7857129837771731E-016
          17          30  -5.2995450669721287E-017
          17          31  -1.7046904467292163E-026
          17          32  -5.2995450665045647E-017
          17          33  -3.0901880441553664E-017
          17          34  -7.9859512388318355E-017
          17          35  -1.1850143021742182E-016
          18           1  -6.7231974792005657E-015
          18           2   2.1706158481422272E-014
          18           3   3.9025666084291135E-014
          18           4  -1.1731805805849690E-014
          18           5  -6.3230585639369789E-016
          18           6  -6.5826340855256177E-016
          18           7  -1.2562450894446294E-015
          18           8   1.2770192117821529E-015
          18           9   1.3294436713282527E-015
          18          10   2.5371410018139520E-015
          18          11  -4.1695012546728213E-016
          18          12  -4.3406684913895462E-016
          18          13  -8.2838319836331693E-016
          18          14  -2.9961370201027412E-015
          18          15   4.0024273672168624E-027
          18          16  -2.9961370201052817E-015
          18          17  -3.1860505814610646E-027
          18          18   5.8844952705618143E-028
          18          19  -2.9961370201049737E-015
          18          20  -3.8015031991721640E-015
          18          21   2.9915398807016671E-027
          18          22  -3.8015031991730002E-015
          18          23   1.1350798504821138E-027
          18          24  -2.7343304043528297E-027
          18          25  -3.8015031991788441E-015
          18          26   2.0782319546481268E-017
          18          27   9.6756806542792031E-018
          18          28   9.2941358452371583E-018
          18          29   2.1635479672754266E-017
          18          30   1.8465292385267800E-017
          18          31   3.1469087721564617E-027
          18          32   1.8465292384404500E-017
          18          33   9.2941358446280914E-018
          18          34   9.6756806525539905E-018
          18          35   4.1289649001868561E-017
          19           1  0.12269322911841139     
          19           2 -0.12198089860097412     
          19           3 -0.20326922296749045     
          19           4   6.1163562222007001E-002
          19           5   1.4922844316025291E-012
          19           6   2.0583480594227739E-012
          19           7  -2.3792791242262532E-012
          19           8  -3.0125494891304887E-012
          19           9  -4.0921742557816738E-012
          19          10   4.6584893240409821E-012
          19          11   1.0103774930971618E-012
          19          12   1.3089234070950512E-012
          19          13  -1.4940001463955417E-012
          19          14   1.8832110148522922E-002
          19          15  -2.0559188412304098E-014
          19          16   1.8832110148535624E-002
          19          17   1.6414703170905089E-014
          19          18  -2.9961370201049737E-015
          19          19   1.8832110148534170E-002
          19          20   1.9751479227114257E-002
          19          21  -1.5265378605479914E-014
          19          22   1.9751479227118830E-002
          19          23  -5.9359998627963425E-015
          19          24   1.3945577973271273E-014
          19          25   1.9751479227148719E-002
          19          26  -5.7563953414476959E-014
          19          27  -3.3586625508047350E-014
          19          28  -1.5819448070755384E-014
          19          29  -8.0787937766235202E-014
          19          30   5.7599268609460299E-014
          19          31  -1.5983054008481571E-014
          19          32   6.1917911138235839E-014
          19          33  -1.2564262833423789E-014
          19          34  -2.4399301813145883E-014
          19          35   1.0841743823707246E-013
          20           1   5.2213966313536968E-002
          20           2 -0.14167572127660394     
          20           3 -0.25314583689881781     
          20           4   7.6105734396135785E-002
          20           5   1.8812494269753848E-012
          20           6   2.5817993565926067E-012
          20           7  -3.0105167457144121E-012
          20           8  -3.8103829570952288E-012
          20           9  -5.1392260905581730E-012
          20          10   5.8948740313384607E-012
          20          11   1.2789184390075547E-012
          20          12   1.6441836025202049E-012
          20          13  -1.8908090548966697E-012
          20          14   1.9751479227099810E-002
          20          15  -2.5938527100971073E-014
          20          16   1.9751479227116286E-002
          20          17   2.0614659885488030E-014
          20          18  -3.8015031991721640E-015
          20          19   1.9751479227114257E-002
          20          20   2.4654208382684017E-002
          20          21  -1.9424719714451196E-014
          20          22   2.4654208382689419E-002
          20          23  -7.4125113544032172E-015
          20          24   1.7709761886813978E-014
          20          25   2.4654208382727267E-002
          20          26  -6.9757329275649702E-014
          20          27  -4.1229684638944187E-014
          20          28  -1.8431972651075003E-014
          20          29  -1.0000017070448819E-013
          20          30   7.2901334419525466E-014
          20          31  -2.0354314384025667E-014
          20          32   7.8464307609193936E-014
          20          33  -1.4515658097856659E-014
          20          34  -3.0014555580853535E-014
          20          35   1.3704393079738416E-013
          21           1  -3.3167844288165558E-014
          21           2   1.1078862258584343E-013
          21           3   1.9940447780613863E-013
          21           4  -5.9943741112906099E-014
          21           5   4.9767539687980256E-015
          21           6   7.7154179247803510E-015
          21           7   4.5013565164549996E-015
          21           8  -1.0051164900954984E-014
          21           9  -1.5582232581381955E-014
          21          10  -9.0910414514870241E-015
          21          11   3.2817317294761836E-015
          21          12   5.0876398490127193E-015
          21          13   2.9682489024207560E-015
          21          14  -1.5265378605468497E-014
          21          15   2.0462454445583693E-026
          21          16  -1.5265378605481599E-014
          21          17  -1.6209992271269622E-026
          21          18   2.9915398807016671E-027
          21          19  -1.5265378605479914E-014
          21          20  -1.9424719714451196E-014
          21          21   1.5397607425956810E-026
          21          22  -1.9424719714455358E-014
          21          23   5.9028186079175475E-027
          21          24  -1.3975040414089283E-026
          21          25  -1.9424719714485209E-014
          21          26  -1.6357351466582535E-016
          21          27  -1.1340736698873206E-016
          21          28  -7.3152299632350002E-017
          21          29  -2.5358658172980253E-016
          21          30  -6.6164528684248860E-017
          21          31   1.6043758565990119E-026
          21          32  -6.6164528688617448E-017
          21          33  -7.3152299635373460E-017
          21          34  -1.1340736699755889E-016
          21          35  -1.4794838381665380E-016
          22           1   5.2213966313555016E-002
          22           2 -0.14167572127663566     
          22           3 -0.25314583689887332     
          22           4   7.6105734396152480E-002
          22           5   1.8897152847658662E-012
          22           6   2.5886858526566230E-012
          22           7  -3.0081371379380072E-012
          22           8  -3.8274807950059918E-012
          22           9  -5.1531342137973697E-012
          22          10   5.8900681216410117E-012
          22          11   1.2845009279758141E-012
          22          12   1.6487246412735843E-012
          22          13  -1.8892399127625253E-012
          22          14   1.9751479227104379E-002
          22          15  -2.5938527100976734E-014
          22          16   1.9751479227120859E-002
          22          17   2.0614659885492574E-014
          22          18  -3.8015031991730002E-015
          22          19   1.9751479227118830E-002
          22          20   2.4654208382689419E-002
          22          21  -1.9424719714455358E-014
          22          22   2.4654208382694817E-002
          22          23  -7.4125113544047729E-015
          22          24   1.7709761886817853E-014
          22          25   2.4654208382732665E-002
          22          26  -7.0035580947762153E-014
          22          27  -4.1330907851223307E-014
          22          28  -1.8556410581811510E-014
          22          29  -1.0022651268804681E-013
          22          30   7.2866357046299902E-014
          22          31  -2.0354314384030126E-014
          22          32   7.8429330235969597E-014
          22          33  -1.4640096028592254E-014
          22          34  -3.0115778793130200E-014
          22          35   1.3696571901317180E-013
          23           1  -1.5632440057060336E-014
          23           2   4.2589153134080800E-014
          23           3   7.6110212232757919E-014
          23           4  -2.2881722041353668E-014
          23           5   6.5016864296533927E-015
          23           6   7.0919751494916200E-015
          23           7   3.3233006330597142E-015
          23           8  -1.3130952996371953E-014
          23           9  -1.4323113448667998E-014
          23          10  -6.7118131391483567E-015
          23          11   4.2872906286331393E-015
          23          12   4.6765341463467839E-015
          23          13   2.1914246117927601E-015
          23          14  -5.9359998627920078E-015
