           1           1   2.1209662761257264     
           1           2 -0.40552652056362698     
           1           3 -0.12705280633677105     
           1           4   2.4845928012087147E-002
           1           5   1.7194546716085928E-002
           1           6   2.1112739495076172E-015
           1           7   5.6659124222905367E-016
           1           8   5.2932751644895723E-015
           1           9  -6.6104198493684788E-015
           1          10  -2.2951049112285732E-015
           1          11  -8.6753128621111973E-015
           1          12  -2.7099904517228371E-016
           1          13  -1.4683391441576761E-014
           1          14  -1.6478194282946335E-016
           1          15   2.7607013381009482E-015
           1          16   3.0453427677856680E-015
           1          17   4.6984403975174751E-015
           1          18  -1.2400781589726804E-003
           1          19  -3.0887862608732770E-015
           1          20  -1.2400781589571599E-003
           1          21  -1.3816426822714737E-015
           1          22  -3.2510411346219426E-015
           1          23  -1.2400781589645233E-003
           1          24  -2.9319498972769849E-005
           1          25   1.5190189965483653E-015
           1          26  -2.9319498982813369E-005
           1          27   3.7490040019910609E-016
           1          28   3.8450204714241963E-015
           1          29  -2.9319498979758142E-005
           1          30   3.3660082769091392E-015
           1          31   6.0698063139091614E-016
           1          32   8.1276552082455938E-017
           1          33   8.0299615998041563E-015
           1          34   2.5992191317845767E-015
           1          35   7.2490989233360005E-016
           1          36   2.7326803858331050E-015
           1          37   3.0627348216157815E-015
           1          38   3.4148016934935114E-015
           1          39   3.6658336716461799E-015
           2           1 -0.40552652056362698     
           2           2   1.3599048122520698     
           2           3  0.42579624128550581     
           2           4  -8.4010001316783947E-002
           2           5  -5.8133343208707361E-002
           2           6   1.1171827318082807E-016
           2           7   1.4048366873949643E-015
           2           8  -4.6950454124814981E-015
           2           9   1.9329802136934097E-015
           2          10   4.9097426806360935E-016
           2          11   1.8391651277705232E-015
           2          12  -1.4871229943858401E-015
           2          13   5.4048240065246135E-015
           2          14  -5.9580843333204938E-015
           2          15   3.3683445775258350E-015
           2          16   7.3886402069218088E-016
           2          17  -6.7724336089955975E-015
           2          18   4.1739403544781145E-003
           2          19   5.8666592048103617E-015
           2          20   4.1739403544600066E-003
           2          21  -6.4713844624700093E-015
           2          22   7.1647359387169308E-015
           2          23   4.1739403544614742E-003
           2          24   1.3184945075032914E-004
           2          25  -8.5006928010322182E-016
           2          26   1.3184945075600459E-004
           2          27   3.1417962336461472E-015
           2          28  -1.9578268151083728E-015
           2          29   1.3184945075275659E-004
           2          30  -3.8892648287912130E-015
           2          31   8.1366544433066306E-015
           2          32   9.6961290358481338E-017
           2          33  -6.3849567562040448E-015
           2          34  -1.9216329635787471E-016
           2          35  -4.4701854538209285E-016
           2          36   2.4625938060325828E-015
           2          37  -3.6489644534600489E-015
           2          38  -2.5452469708681933E-015
           2          39  -1.7760874919915408E-015
           3           1 -0.12705280633677105     
           3           2  0.42579624128550581     
           3           3  0.14716189319226086     
           3           4  -9.7196071464248773E-002
           3           5  -7.3875659012329814E-002
           3           6  -1.6366860981246202E-014
           3           7   2.1423864635253471E-015
           3           8  -2.6335855747276894E-015
           3           9   1.1608340457549939E-016
           3          10   1.8127572702053235E-016
           3          11   5.9089826519047728E-016
           3          12  -5.5032086275930497E-016
           3          13   1.6162681695957018E-015
           3          14  -1.7115722285090633E-015
           3          15   1.5046891828978219E-015
           3          16   2.1436499981601839E-018
           3          17  -2.1031763038332269E-015
           3          18   8.7209818042916626E-004
           3          19   1.7741061708765162E-015
           3          20   8.7209818042365136E-004
           3          21  -2.0110224653138109E-015
           3          22   2.0433725864332591E-015
           3          23   8.7209818042439360E-004
           3          24  -3.9177008407048977E-005
           3          25  -9.8835568880863203E-017
           3          26  -3.9177008405566520E-005
           3          27   1.2223990900358526E-015
           3          28  -4.7801587467615788E-016
           3          29  -3.9177008406774525E-005
           3          30  -1.0726175388246587E-015
           3          31   2.3513032327820249E-015
           3          32   1.8654360239512135E-016
           3          33  -1.9484157102427090E-015
           3          34   6.4391023529881933E-017
           3          35  -8.2733196795505581E-017
           3          36   7.6689229978956189E-016
           3          37  -1.1215813252275611E-015
           3          38  -6.5246722726854923E-016
           3          39  -4.4635188882451560E-016
           4           1   2.4845928012087147E-002
           4           2  -8.4010001316783947E-002
           4           3  -9.7196071464248773E-002
           4           4  0.36849848494350668     
           4           5  0.28893581349872977     
           4           6   4.6918190175874868E-014
           4           7  -5.4060824878000034E-015
           4           8   8.8804069603567419E-015
           4           9   2.3267261092769421E-015
           4          10  -3.9457837039200302E-016
           4          11  -1.2623387562151836E-016
           4          12   7.0099361196182757E-016
           4          13  -1.4209569868939548E-016
           4          14  -5.1709615512736678E-016
           4          15  -2.6040546834601133E-015
           4          16   1.3361091815431384E-015
           4          17   3.1097761185347836E-016
           4          18   1.9804665666962201E-003
           4          19  -5.9395142810366847E-017
           4          20   1.9804665666965510E-003
           4          21   2.4600211469297540E-016
           4          22   5.1922612102181386E-016
           4          23   1.9804665666952209E-003
           4          24   4.1024708350462794E-004
           4          25  -9.0169470559099231E-016
           4          26   4.1024708350578749E-004
           4          27  -1.3884631625537105E-015
           4          28  -5.5383737672842059E-016
           4          29   4.1024708350685218E-004
           4          30  -7.3206052846376706E-016
           4          31   5.3957627317463805E-016
           4          32  -8.8386473376771749E-016
           4          33   3.3634485355364022E-016
           4          34  -6.7917784738490008E-016
           4          35  -3.1974634402462638E-016
           4          36  -7.3088372396287500E-017
           4          37   7.2450986782447640E-017
           4          38  -5.2247282972448961E-016
           4          39  -3.7962362984742442E-016
           5           1   1.7194546716085928E-002
           5           2  -5.8133343208707361E-002
           5           3  -7.3875659012329814E-002
           5           4  0.28893581349872977     
           5           5  0.22659927049708301     
           5           6   4.0921582132782426E-015
           5           7  -1.3823462303014052E-015
           5           8  -3.4101634167830887E-015
           5           9   1.8281481476354082E-015
           5          10  -3.3146607938854711E-016
           5          11  -8.0953425267605816E-017
           5          12   5.8038804753699709E-016
           5          13  -8.6617597730471313E-017
           5          14  -4.0364487307506106E-016
           5          15  -2.0337653563044596E-015
           5          16   1.0773479984823632E-015
           5          17   2.0408264406799296E-016
           5          18   1.5807122895407028E-003
           5          19  -1.5072273406793224E-017
           5          20   1.5807122895408596E-003
           5          21   1.4714490946688197E-016
           5          22   4.4186945945480612E-016
           5          23   1.5807122895398476E-003
           5          24   3.2366399654966291E-004
           5          25  -7.2404327761752147E-016
           5          26   3.2366399655060584E-004
           5          27  -1.0690922811006802E-015
           5          28  -4.4414021171974410E-016
           5          29   3.2366399655141032E-004
           5          30  -6.9676990313074567E-016
           5          31   4.7555136623837530E-016
           5          32  -7.3524534350544544E-016
           5          33   2.5159632308673098E-016
           5          34  -5.5794156981176355E-016
           5          35  -2.5988654055115074E-016
           5          36  -5.3805967642127077E-017
           5          37  -2.0576696899807930E-018
           5          38  -4.1764064380063930E-016
           5          39  -3.3877056207286715E-016
           6           1   2.1112739495076172E-015
           6           2   1.1171827318082807E-016
           6           3  -1.6366860981246202E-014
           6           4   4.6918190175874868E-014
           6           5   4.0921582132782426E-015
           6           6   1.9986368799856411     
           6           7   1.2490009027033009E-015
           6           8  -9.4368957093138326E-016
           6           9   2.9616808941153295E-004
           6          10   2.0133044596366292E-015
           6          11   4.1687958932058646E-015
           6          12   1.6584601927320877E-004
           6          13  -4.4045442206680496E-015
           6          14  -5.7088665392224236E-015
           6          15  -1.4242246310562515E-004
           6          16  -2.4874138935659243E-015
           6          17  -9.9485544314322652E-016
           6          18  -1.4783144831547541E-014
           6          19   4.9249521314159861E-016
           6          20  -1.7817326843485587E-014
           6          21   3.8901836010608039E-015
           6          22   1.6428360421242153E-015
           6          23  -1.6401148441911413E-014
           6          24  -6.4348213258187166E-015
           6          25  -2.4835471154084909E-016
           6          26  -5.3305055572671696E-015
           6          27   9.6031504520675364E-016
           6          28  -2.4353574380688423E-015
           6          29  -3.5296729799903774E-015
           6          30   4.7259331002762099E-003
           6          31  -1.4891313551181066E-015
           6          32   2.1135015317037789E-003
           6          33   2.8194948546028664E-015
           6          34   6.7736885978747536E-016
           6          35   9.9551404270251316E-016
           6          36   3.9258147514070751E-015
           6          37   2.1135015317018044E-003
           6          38   1.6973117247624796E-015
           6          39   1.9241064904557130E-015
           7           1   5.6659124222905367E-016
           7           2   1.4048366873949643E-015
           7           3   2.1423864635253471E-015
           7           4  -5.4060824878000034E-015
           7           5  -1.3823462303014052E-015
           7           6   1.2490009027033009E-015
           7           7   1.9986368799856473     
           7           8  -6.8001160258290818E-016
           7           9  -5.2640194466428036E-015
           7          10   2.9616808938567261E-004
           7          11   2.3504824414336749E-015
           7          12   4.0317955137675340E-015
           7          13   1.6584601927611096E-004
           7          14  -1.6369826501272391E-015
           7          15   2.8908921087598771E-015
           7          16  -1.4242246309048204E-004
           7          17   6.1460710652772131E-017
           7          18   6.2272923312338075E-015
           7          19  -1.5002688891947919E-015
           7          20   3.0683261480409466E-015
           7          21   1.1885489967331836E-015
           7          22  -2.3939132167158885E-016
           7          23  -1.1411630393115544E-016
           7          24  -4.8987277907344479E-015
           7          25   4.2518367668222970E-015
           7          26  -2.2143248736006049E-016
           7          27  -7.1658857832874289E-016
           7          28  -5.2216007207473275E-016
           7          29   5.9594878715083515E-015
           7          30  -1.4319329142559182E-015
           7          31   2.1135015317074019E-003
           7          32  -2.0082066977226983E-015
           7          33   4.7259331002815017E-003
           7          34   1.0711375363070537E-015
           7          35  -7.7809440795135405E-016
           7          36  -1.0482879755219221E-015
           7          37   4.7441298936176657E-016
           7          38   2.1135015317034099E-003
           7          39   4.7005585188109025E-016
           8           1   5.2932751644895723E-015
           8           2  -4.6950454124814981E-015
           8           3  -2.6335855747276894E-015
           8           4   8.8804069603567419E-015
           8           5  -3.4101634167830887E-015
           8           6  -9.4368957093138326E-016
           8           7  -6.8001160258290818E-016
           8           8   1.9986368799856451     
           8           9  -2.8626744766715205E-015
           8          10  -4.1345049290065797E-016
           8          11   2.9616808938727170E-004
           8          12   8.9050945437096907E-015
           8          13  -6.7117535487715162E-016
           8          14   1.6584601926999260E-004
           8          15   9.2103330306481433E-015
           8          16  -5.1016286193358058E-016
           8          17  -1.4242246309545959E-004
           8          18  -6.5981958474850268E-015
           8          19   1.7086113111168497E-015
           8          20  -6.6806328528392675E-015
           8          21   6.4156774638610204E-015
           8          22   2.0783986787406193E-016
           8          23  -5.3629045251774286E-015
           8          24   4.6268133102510535E-015
           8          25  -6.0647713515940499E-016
           8          26   4.0676493706717157E-015
           8          27   9.9442538331323090E-016
           8          28  -3.1587437560676805E-015
           8          29   6.0370046357008454E-015
           8          30  -9.7352139370732171E-015
           8          31  -1.9672848419749439E-016
           8          32   1.1214716221646858E-016
           8          33   2.5944957987578151E-016
           8          34   2.1135015317056446E-003
           8          35  -1.2548763794652764E-016
           8          36   2.1135015317105756E-003
           8          37  -3.1207946383365881E-015
           8          38   1.3920884844170752E-015
           8          39   4.7259331002887511E-003
           9           1  -6.6104198493684788E-015
           9           2   1.9329802136934097E-015
           9           3   1.1608340457549939E-016
           9           4   2.3267261092769421E-015
           9           5   1.8281481476354082E-015
           9           6   2.9616808941153295E-004
           9           7  -5.2640194466428036E-015
           9           8  -2.8626744766715205E-015
           9           9   9.0978708069996351E-008
           9          10  -3.0174361330050058E-019
           9          11   1.9165410477888945E-019
           9          12   1.1035070522911803E-006
           9          13   4.3242520881536374E-020
           9          14   4.3107276852248943E-018
           9          15  -1.6896059032867747E-008
           9          16  -2.6737618090418894E-020
           9          17   5.0935145484497085E-020
           9          18   1.7024971054864780E-017
           9          19  -1.0806006167668836E-019
           9          20   1.6563040564184142E-017
           9          21  -7.6866367135548162E-020
           9          22   1.9790022520899671E-019
           9          23   1.6523861943326244E-017
           9          24   1.6729607528622980E-019
           9          25   9.3060937169391050E-020
           9          26   5.6229423448877324E-019
           9          27   4.8713254827227644E-020
           9          28  -7.4134739541450649E-020
           9          29   5.2211001716007531E-019
           9          30   3.9432592197581439E-007
           9          31  -5.7482367919072134E-018
           9          32   1.7634791299751154E-007
           9          33  -1.2435192677735642E-017
           9          34  -3.5302215659235599E-018
           9          35   8.3829774763189004E-020
           9          36  -3.7036850626846365E-018
           9          37   1.7634791299754703E-007
           9          38  -5.6447111057478348E-018
           9          39  -8.1865105694888688E-018
          10           1  -2.2951049112285732E-015
          10           2   4.9097426806360935E-016
          10           3   1.8127572702053235E-016
          10           4  -3.9457837039200302E-016
          10           5  -3.3146607938854711E-016
          10           6   2.0133044596366292E-015
          10           7   2.9616808938567261E-004
          10           8  -4.1345049290065797E-016
          10           9  -3.0174361330050058E-019
          10          10   9.0978708061282142E-008
          10          11   1.5550108267855939E-018
          10          12   4.6519156996677271E-018
          10          13   1.1035070522796287E-006
          10          14   7.0849012081907985E-018
          10          15   3.7819210716698758E-019
          10          16  -1.6896059027625560E-008
          10          17  -1.4953248956002828E-019
          10          18  -8.9678425258945636E-018
          10          19  -2.2888210928024963E-019
          10          20  -1.0180295309271915E-017
          10          21   2.6076848925440966E-019
          10          22   3.8591761599443581E-019
          10          23  -1.0585773210062390E-017
          10          24  -7.4003380752164442E-018
          10          25   5.9370687632825079E-019
          10          26  -6.9227014315739734E-018
          10          27  -2.8887670575039573E-019
          10          28  -3.5610866252228957E-019
          10          29  -5.3158501407546911E-018
          10          30   3.0635113750667045E-018
          10          31   1.7634791297160059E-007
          10          32   1.4139958773866143E-018
          10          33   3.9432592191755679E-007
          10          34  -1.4227149814264756E-018
          10          35   3.3202128963505934E-019
          10          36  -1.4819149536991427E-018
          10          37   1.4563735809375378E-018
          10          38   1.7634791297161163E-007
          10          39  -3.4581950208757301E-018
          11           1  -8.6753128621111973E-015
          11           2   1.8391651277705232E-015
          11           3   5.9089826519047728E-016
          11           4  -1.2623387562151836E-016
          11           5  -8.0953425267605816E-017
          11           6   4.1687958932058646E-015
          11           7   2.3504824414336749E-015
          11           8   2.9616808938727170E-004
          11           9   1.9165410477888945E-019
          11          10   1.5550108267855939E-018
          11          11   9.0978708059764034E-008
          11          12  -5.3823583667643531E-018
          11          13   2.1548544441133889E-017
          11          14   1.1035070522571201E-006
          11          15   9.8886340310785030E-021
          11          16  -4.1580487557186153E-019
          11          17  -1.6896059028468228E-008
          11          18   7.8206199195259225E-018
          11          19  -1.0925785589242074E-019
          11          20   7.7006617636612212E-018
          11          21   1.9095478875731588E-019
          11          22  -1.5495918966220229E-019
          11          23   8.2647771049190626E-018
          11          24   2.1581965513799074E-018
          11          25   1.1519040549343399E-019
          11          26   2.4346178591122625E-018
          11          27   1.4848084581764467E-019
          11          28  -1.0125266406380492E-019
          11          29   1.7748465862966183E-018
          11          30   1.1543487427912517E-017
          11          31   1.1632609935043155E-019
          11          32   5.3992618025819327E-018
          11          33  -3.5030044286349424E-019
          11          34   1.7634791297615080E-007
          11          35  -2.3130015848096108E-019
          11          36   1.7634791297649411E-007
          11          37   5.2401399632769850E-018
          11          38  -4.4876481765668726E-019
          11          39   3.9432592192847134E-007
          12           1  -2.7099904517228371E-016
          12           2  -1.4871229943858401E-015
          12           3  -5.5032086275930497E-016
          12           4   7.0099361196182757E-016
          12           5   5.8038804753699709E-016
          12           6   1.6584601927320877E-004
          12           7   4.0317955137675340E-015
          12           8   8.9050945437096907E-015
          12           9   1.1035070522911803E-006
          12          10   4.6519156996677271E-018
          12          11  -5.3823583667643531E-018
          12          12   2.4733809310352650E-005
          12          13   2.0503914795947751E-017
          12          14  -3.6620198925119848E-017
          12          15   8.4612670189899822E-008
          12          16  -1.2770312081586650E-018
          12          17  -1.4719645913151291E-018
          12          18   2.1534804735969093E-017
          12          19  -4.1070615684470616E-018
          12          20   2.1000985387244266E-017
          12          21  -1.4646112601446417E-017
          12          22  -9.0715304322955825E-019
          12          23   1.5412705244631283E-017
          12          24  -4.3007120851770167E-018
          12          25   2.9547707106471802E-018
          12          26   1.0916404471454387E-018
          12          27  -2.0646353737190679E-018
          12          28   6.3677912485864955E-018
          12          29  -5.7937226268611696E-018
          12          30  -6.6184907541406739E-006
          12          31   5.7245927646805909E-018
          12          32  -2.9598790482126218E-006
          12          33   2.0163089913803411E-018
          12          34   1.5997540697876135E-017
          12          35  -1.3766447855015310E-018
          12          36   1.2634555199480690E-018
          12          37  -2.9598790482052700E-006
          12          38  -2.4571896404265704E-018
          12          39   2.7708988803529101E-017
          13           1  -1.4683391441576761E-014
          13           2   5.4048240065246135E-015
          13           3   1.6162681695957018E-015
          13           4  -1.4209569868939548E-016
          13           5  -8.6617597730471313E-017
          13           6  -4.4045442206680496E-015
          13           7   1.6584601927611096E-004
          13           8  -6.7117535487715162E-016
          13           9   4.3242520881536374E-020
          13          10   1.1035070522796287E-006
          13          11   2.1548544441133889E-017
          13          12   2.0503914795947751E-017
          13          13   2.4733809310453531E-005
          13          14  -5.6029111878501798E-018
          13          15   2.4231627387485428E-018
          13          16   8.4612670218691240E-008
          13          17  -4.9357271580999155E-018
          13          18   2.0566395266240678E-017
          13          19  -2.7489952429173574E-019
          13          20   3.2502108460002973E-018
          13          21   2.0379395261758097E-018
          13          22   9.6348997496248419E-018
          13          23   4.5008760691961760E-018
          13          24  -1.6595904469616749E-017
          13          25  -4.8006106954707290E-019
          13          26  -2.1144515596808266E-017
          13          27  -4.2451608757324635E-018
          13          28  -6.4295349258606545E-018
          13          29  -4.8012773750771058E-018
          13          30  -2.5110344660912592E-017
          13          31  -2.9598790482299547E-006
          13          32  -5.6921805195567423E-018
          13          33  -6.6184907541774394E-006
          13          34  -4.7601134053320824E-018
          13          35   1.0184328766400466E-017
          13          36   9.0304300089151541E-019
          13          37  -1.2944145741703403E-017
          13          38  -2.9598790482164813E-006
          13          39  -1.0612899312622596E-017
          14           1  -1.6478194282946335E-016
          14           2  -5.9580843333204938E-015
          14           3  -1.7115722285090633E-015
          14           4  -5.1709615512736678E-016
          14           5  -4.0364487307506106E-016
          14           6  -5.7088665392224236E-015
          14           7  -1.6369826501272391E-015
          14           8   1.6584601926999260E-004
          14           9   4.3107276852248943E-018
          14          10   7.0849012081907985E-018
          14          11   1.1035070522571201E-006
          14          12  -3.6620198925119848E-017
          14          13  -5.6029111878501798E-018
          14          14   2.4733809310502287E-005
          14          15  -2.2580336656799434E-017
          14          16  -5.8211214334438379E-018
          14          17   8.4612670221054779E-008
          14          18  -1.4862030254833896E-017
          14          19  -8.1624979448920604E-018
          14          20  -1.7337418443464464E-017
          14          21  -1.6874784513249037E-017
          14          22  -4.2387668252546616E-018
          14          23  -8.7771797384007588E-018
          14          24  -9.4380189727043959E-018
          14          25   4.6479576246792867E-018
          14          26  -1.2527118689573459E-018
          14          27   1.0822103595081243E-019
          14          28   8.1424602439482607E-018
          14          29  -2.2891987728694607E-017
          14          30   2.2032915144861736E-017
          14          31   7.6614130079142838E-018
          14          32   4.8863213144867266E-019
          14          33   8.2924525536147229E-019
          14          34  -2.9598790482345748E-006
          14          35  -4.8838211341277786E-018
          14          36  -2.9598790482430413E-006
          14          37   7.5514575434497039E-018
          14          38  -1.0548524808630680E-017
          14          39  -6.6184907542078360E-006
          15           1   2.7607013381009482E-015
          15           2   3.3683445775258350E-015
          15           3   1.5046891828978219E-015
          15           4  -2.6040546834601133E-015
          15           5  -2.0337653563044596E-015
          15           6  -1.4242246310562515E-004
          15           7   2.8908921087598771E-015
          15           8   9.2103330306481433E-015
          15           9  -1.6896059032867747E-008
          15          10   3.7819210716698758E-019
          15          11   9.8886340310785030E-021
          15          12   8.4612670189899822E-008
          15          13   2.4231627387485428E-018
          15          14  -2.2580336656799434E-017
          15          15   1.0525164676152948E-008
          15          16  -2.4833719757334882E-020
          15          17  -6.8046358730637686E-019
          15          18  -7.2086831091607276E-018
          15          19  -5.1275830371909026E-020
          15          20  -6.9935681385847401E-018
          15          21  -3.3560619327552603E-019
          15          22  -1.2113867434208096E-019
          15          23  -7.1167425495738036E-018
          15          24  -4.3471210816291952E-018
          15          25   2.9304410269614515E-020
          15          26  -4.4051367513989523E-018
          15          27  -7.6796676669752058E-020
          15          28   1.9917161623517169E-019
          15          29  -4.5609058640737042E-018
          15          30  -3.6411698694913772E-007
          15          31   2.9424865796387805E-018
          15          32  -1.6283806676625419E-007
          15          33   6.0973625349046131E-018
          15          34   1.2710918032095981E-017
          15          35  -7.6632550569060182E-020
          15          36   1.2420904373427308E-017
          15          37  -1.6283806676608417E-007
          15          38   2.6824780705223200E-018
          15          39   2.8361736877233137E-017
          16           1   3.0453427677856680E-015
          16           2   7.3886402069218088E-016
          16           3   2.1436499981601839E-018
          16           4   1.3361091815431384E-015
          16           5   1.0773479984823632E-015
          16           6  -2.4874138935659243E-015
          16           7  -1.4242246309048204E-004
          16           8  -5.1016286193358058E-016
          16           9  -2.6737618090418894E-020
          16          10  -1.6896059027625560E-008
          16          11  -4.1580487557186153E-019
          16          12  -1.2770312081586650E-018
          16          13   8.4612670218691240E-008
          16          14  -5.8211214334438379E-018
          16          15  -2.4833719757334882E-020
          16          16   1.0525164674209638E-008
          16          17  -1.0397556901219813E-020
          16          18   1.9368811502001655E-017
          16          19   1.0632213162166722E-019
          16          20   1.9527392366379798E-017
          16          21  -7.7130661508466535E-020
          16          22   5.4721400442356828E-020
          16          23   1.9760081461793687E-017
          16          24   7.3755272688967238E-018
          16          25  -3.0623401671094324E-019
          16          26   7.0229663716724302E-018
          16          27   3.4735900203341234E-020
          16          28   1.2296968773278846E-020
          16          29   6.6442680823370161E-018
          16          30  -5.5914183404229194E-018
          16          31  -1.6283806675404802E-007
          16          32  -2.3810489058144532E-018
          16          33  -3.6411698692163519E-007
          16          34   1.1304250250886739E-019
          16          35   9.5426926834715908E-020
          16          36   2.8683480356987657E-019
          16          37  -2.5870485179950832E-018
          16          38  -1.6283806675370976E-007
          16          39   3.9067409458480267E-019
          17           1   4.6984403975174751E-015
          17           2  -6.7724336089955975E-015
          17           3  -2.1031763038332269E-015
          17           4   3.1097761185347836E-016
          17           5   2.0408264406799296E-016
          17           6  -9.9485544314322652E-016
          17           7   6.1460710652772131E-017
          17           8  -1.4242246309545959E-004
          17           9   5.0935145484497085E-020
          17          10  -1.4953248956002828E-019
          17          11  -1.6896059028468228E-008
          17          12  -1.4719645913151291E-018
          17          13  -4.9357271580999155E-018
          17          14   8.4612670221054779E-008
          17          15  -6.8046358730637686E-019
          17          16  -1.0397556901219813E-020
          17          17   1.0525164674936548E-008
          17          18  -2.1680918571321827E-017
          17          19  -1.5414958779275249E-019
          17          20  -2.1684673723144126E-017
          17          21  -5.2508373382394216E-019
          17          22  -3.1412976883638169E-020
          17          23  -2.1745608552634737E-017
          17          24  -1.5779795646629710E-018
          17          25   6.1545044823516812E-020
          17          26  -1.5060224612791693E-018
          17          27  -7.0762283989878651E-020
          17          28   2.5787697199607126E-019
          17          29  -1.7314087888853969E-018
          17          30  -1.3438376231542982E-018
          17          31   7.4569670477209063E-019
          17          32  -9.5719437969295746E-019
          17          33   1.5537793713423043E-018
          17          34  -1.6283806675945106E-007
          17          35  -1.0068531330438867E-020
          17          36  -1.6283806675983707E-007
          17          37  -6.9820826580498750E-019
          17          38   5.6092440826162970E-019
          17          39  -3.6411698693459506E-007
          18           1  -1.2400781589726804E-003
          18           2   4.1739403544781145E-003
          18           3   8.7209818042916626E-004
          18           4   1.9804665666962201E-003
          18           5   1.5807122895407028E-003
          18           6  -1.4783144831547541E-014
          18           7   6.2272923312338075E-015
          18           8  -6.5981958474850268E-015
          18           9   1.7024971054864780E-017
          18          10  -8.9678425258945636E-018
          18          11   7.8206199195259225E-018
          18          12   2.1534804735969093E-017
          18          13   2.0566395266240678E-017
          18          14  -1.4862030254833896E-017
          18          15  -7.2086831091607276E-018
          18          16   1.9368811502001655E-017
          18          17  -2.1680918571321827E-017
          18          18   2.7036565282171265E-005
          18          19   1.9012811205925480E-017
          18          20   2.7036565282111329E-005
          18          21  -2.4095306970140582E-017
          18          22   2.5168348861202257E-017
          18          23   2.7036565282117132E-005
          18          24   3.2438084696386602E-006
          18          25  -1.2617565349228168E-017
          18          26   3.2438084696652066E-006
          18          27   3.5208838813244745E-018
          18          28  -9.3593399960402739E-018
          18          29   3.2438084696556682E-006
          18          30  -6.4125372886692640E-017
          18          31   3.8086170155146297E-017
          18          32  -2.4705010181320364E-017
          18          33   1.1168505575616373E-019
          18          34  -1.5956140167947713E-017
          18          35  -5.8436260857187398E-018
          18          36   1.7627532407548257E-018
          18          37  -3.0337594890262440E-017
          18          38  -4.3303326053734184E-018
          18          39  -2.5010871333638610E-017
          19           1  -3.0887862608732770E-015
          19           2   5.8666592048103617E-015
          19           3   1.7741061708765162E-015
          19           4  -5.9395142810366847E-017
          19           5  -1.5072273406793224E-017
          19           6   4.9249521314159861E-016
          19           7  -1.5002688891947919E-015
          19           8   1.7086113111168497E-015
          19           9  -1.0806006167668836E-019
          19          10  -2.2888210928024963E-019
          19          11  -1.0925785589242074E-019
          19          12  -4.1070615684470616E-018
          19          13  -2.7489952429173574E-019
          19          14  -8.1624979448920604E-018
          19          15  -5.1275830371909026E-020
          19          16   1.0632213162166722E-019
          19          17  -1.5414958779275249E-019
          19          18   1.9012811205925480E-017
          19          19   3.5970511465697259E-029
          19          20   1.9012811205836447E-017
          19          21  -7.8917582813222453E-030
          19          22   4.0853741476798679E-029
          19          23   1.9012811205834247E-017
          19          24   3.9731854199365676E-019
          19          25  -4.5193078300770866E-030
          19          26   3.9731854202162916E-019
          19          27   1.2939229900251286E-029
          19          28  -2.0597453812695684E-029
          19          29   3.9731854202032723E-019
          19          30   2.3409028808565842E-018
          19          31  -1.5674152791396815E-018
          19          32   1.0468835937275383E-018
          19          33  -3.5048471168719697E-018
          19          34   2.8600436304650876E-018
          19          35   4.8489232027726444E-030
          19          36   2.8600436304767780E-018
          19          37   1.0468835936994575E-018
          19          38  -1.5674152791716469E-018
          19          39   6.3952519796426483E-018
          20           1  -1.2400781589571599E-003
          20           2   4.1739403544600066E-003
          20           3   8.7209818042365136E-004
          20           4   1.9804665666965510E-003
          20           5   1.5807122895408596E-003
          20           6  -1.7817326843485587E-014
          20           7   3.0683261480409466E-015
          20           8  -6.6806328528392675E-015
          20           9   1.6563040564184142E-017
          20          10  -1.0180295309271915E-017
          20          11   7.7006617636612212E-018
          20          12   2.1000985387244266E-017
          20          13   3.2502108460002973E-018
          20          14  -1.7337418443464464E-017
          20          15  -6.9935681385847401E-018
          20          16   1.9527392366379798E-017
          20          17  -2.1684673723144126E-017
          20          18   2.7036565282111329E-005
          20          19   1.9012811205836447E-017
          20          20   2.7036565282051389E-005
          20          21  -2.4095306970074262E-017
          20          22   2.5168348861085716E-017
          20          23   2.7036565282057196E-005
          20          24   3.2438084696363245E-006
          20          25  -1.2617565349214335E-017
          20          26   3.2438084696628713E-006
          20          27   3.5208838812904503E-018
          20          28  -9.3593399959839936E-018
          20          29   3.2438084696533325E-006
          20          30  -7.1219945163931545E-017
          20          31   3.6908628101849169E-017
          20          32  -2.7877799354688167E-017
          20          33  -2.5213790308020098E-018
          20          34  -1.5730227774331323E-017
          20          35  -5.8436260857193992E-018
          20          36   1.9886656343466467E-018
          20          37  -3.3510384063568290E-017
          20          38  -5.5078746585460050E-018
          20          39  -2.4505715864964921E-017
          21           1  -1.3816426822714737E-015
          21           2  -6.4713844624700093E-015
          21           3  -2.0110224653138109E-015
          21           4   2.4600211469297540E-016
