           1           1   1.9999993290742317     
           1           2  -7.0476334809828085E-004
           1           3  -1.1600205788197244E-006
           1           4  -4.0890225921862724E-004
           1           5   9.0467046729732063E-006
           1           6  -1.1775557323329490E-014
           1           7   8.2258851428237711E-015
           1           8   2.3949581496668929E-015
           1           9   1.0564557220284335E-013
           1          10  -3.8030357727286659E-014
           1          11  -2.4318737403304129E-014
           1          12  -1.9195973136088534E-013
           1          13   8.8506675515337023E-014
           1          14   4.4312446976035804E-014
           1          15   6.9729670574105533E-014
           1          16  -3.8610139404089265E-014
           1          17  -1.5798604821741964E-014
           1          18   8.3808434928729514E-006
           1          19   3.7714383084259463E-015
           1          20   8.3808434884050898E-006
           1          21  -4.8350419591568223E-015
           1          22  -1.5101062637296009E-015
           1          23   8.3808434923006485E-006
           1          24   1.0098564206494017E-005
           1          25  -3.6190139918605715E-015
           1          26   1.0098564213437456E-005
           1          27   5.9480858007584716E-015
           1          28   1.9859810800269425E-015
           1          29   1.0098564211026782E-005
           1          30   2.1156708772596601E-014
           1          31  -6.8589657957723953E-015
           1          32   1.1832496329769937E-014
           1          33  -1.7345615963364565E-014
           1          34  -1.9381243943630268E-015
           1          35  -4.8295792025441567E-016
           1          36  -2.8141607971662876E-015
           1          37   9.9281035398632280E-015
           1          38  -7.3952570510906593E-015
           1          39  -5.5358328436081505E-015
           2           1  -7.0476334809828085E-004
           2           2   1.9863659800420841     
           2           3   2.1398665365054714E-003
           2           4  -3.2650382636851050E-002
           2           5   1.7902430947755302E-002
           2           6   3.3114374231288311E-015
           2           7   1.5672539815477263E-014
           2           8   9.8966436126209801E-015
           2           9  -1.5591150234807028E-013
           2          10  -1.7123905261745774E-013
           2          11  -1.4494897119474217E-014
           2          12   2.2657438834376678E-013
           2          13   3.5449077840217975E-013
           2          14   2.0441088248392012E-014
           2          15  -6.6290720866770118E-014
           2          16  -1.4289887601715229E-013
           2          17  -5.7018001001664761E-015
           2          18   5.5638913750404549E-003
           2          19  -1.4383548251908104E-015
           2          20   5.5638913750503689E-003
           2          21  -2.2256360190769309E-015
           2          22  -2.2637706945857476E-016
           2          23   5.5638913750427829E-003
           2          24   2.6069717493064717E-004
           2          25   7.9123463711038810E-016
           2          26   2.6069717492686694E-004
           2          27  -7.6288540703392263E-016
           2          28   4.2997929174143497E-016
           2          29   2.6069717492824219E-004
           2          30  -1.3844568320538407E-014
           2          31  -2.2983347564307171E-014
           2          32  -6.3361972125739628E-015
           2          33  -5.0919579968388866E-014
           2          34  -1.1974351490530686E-015
           2          35  -6.9839375633325599E-016
           2          36   1.4859542061557949E-015
           2          37  -5.3068885812222934E-015
           2          38  -2.1596065545700926E-014
           2          39  -2.9132309331703744E-015
           3           1  -1.1600205788197244E-006
           3           2   2.1398665365054714E-003
           3           3   1.2657534149401567E-005
           3           4   1.1527588416928556E-003
           3           5   3.4512865447530810E-005
           3           6   7.1582438081140862E-015
           3           7   2.4769166289614810E-015
           3           8  -5.5660085035662455E-016
           3           9   1.4716019338019100E-016
           3          10   4.0104509164200296E-017
           3          11   3.9443755465289367E-017
           3          12  -3.2556845361399611E-016
           3          13  -3.4032068063064687E-017
           3          14  -4.9558694234120954E-017
           3          15   1.3552718530227515E-016
           3          16  -3.0782523349251973E-020
           3          17   1.3193087874410896E-017
           3          18   1.1968278522923313E-005
           3          19   3.9634062264398468E-018
           3          20   1.1968278522940654E-005
           3          21  -4.3644834574558868E-018
           3          22  -3.3300734299826878E-018
           3          23   1.1968278522933108E-005
           3          24   2.2807269222525493E-006
           3          25  -3.9219065247614554E-018
           3          26   2.2807269222456481E-006
           3          27   2.4449447884536913E-019
           3          28   5.4517086062354325E-018
           3          29   2.2807269222461555E-006
           3          30   1.6863065644933847E-017
           3          31  -2.1069541545488759E-017
           3          32   8.5316730297429496E-018
           3          33  -3.9686473717932506E-017
           3          34  -7.0305575081219749E-018
           3          35  -2.8321492732990914E-019
           3          36  -6.6348003816704722E-018
           3          37   6.8526204720373554E-018
           3          38  -1.8575554838697128E-017
           3          39  -1.7558034266428672E-017
           4           1  -4.0890225921862724E-004
           4           2  -3.2650382636851050E-002
           4           3   1.1527588416928556E-003
           4           4  0.96850906510795920     
           4           5   7.8663698026373713E-003
           4           6   8.1258085649156425E-014
           4           7   1.9176453165136022E-014
           4           8   3.9273279830892729E-014
           4           9   5.6552355238029761E-015
           4          10  -1.4339966107940177E-014
           4          11   9.9015932311108671E-015
           4          12   1.5842144728409640E-015
           4          13   2.0140204157671192E-014
           4          14  -2.2684954304851178E-014
           4          15  -4.1597142917408921E-015
           4          16  -7.9822143818249066E-015
           4          17   7.9026939893385850E-015
           4          18   3.1740797919200398E-003
           4          19   1.4061139628626571E-015
           4          20   3.1740797919208408E-003
           4          21   6.8025143807878754E-016
           4          22  -5.2355974588924061E-016
           4          23   3.1740797919203993E-003
           4          24   6.6305047633048134E-004
           4          25   9.2165079853528720E-016
           4          26   6.6305047633354942E-004
           4          27  -7.2975106070408861E-016
           4          28   5.4795037365025287E-016
           4          29   6.6305047632666506E-004
           4          30  -3.2055601874126115E-016
           4          31   2.6716254124817381E-016
           4          32  -2.0469992151742153E-015
           4          33  -5.1391150833684133E-016
           4          34   4.2513142070893589E-017
           4          35  -2.5650668790708172E-016
           4          36  -4.8654245970445204E-016
           4          37  -6.3139954496239801E-016
           4          38  -2.3626098308035919E-016
           4          39   8.0071566022698340E-016
           5           1   9.0467046729732063E-006
           5           2   1.7902430947755302E-002
           5           3   3.4512865447530810E-005
           5           4   7.8663698026373713E-003
           5           5   2.3320555132777263E-004
           5           6  -1.9585074570807403E-013
           5           7   3.1824398100470537E-014
           5           8   7.1376794225439487E-014
           5           9  -1.9619801769570791E-015
           5          10  -1.6426943272665606E-015
           5          11   4.9330142789833895E-016
           5          12   3.7795044657901822E-015
           5          13   3.2354411968406848E-015
           5          14  -1.1972370892606644E-015
           5          15  -1.4161407196210250E-015
           5          16  -1.2872114884619180E-015
           5          17   5.0564879642252858E-016
           5          18   7.8829962599227582E-005
           5          19   1.0456570260968283E-018
           5          20   7.8829962599328210E-005
           5          21  -1.6340759047827091E-017
           5          22  -7.9517768505869419E-018
           5          23   7.8829962599255880E-005
           5          24   8.6684859991154199E-006
           5          25   1.1414105769063817E-017
           5          26   8.6684859991031057E-006
           5          27  -1.1841649985027830E-017
           5          28   1.1147115486591418E-017
           5          29   8.6684859990619535E-006
           5          30  -5.6276038276056325E-016
           5          31  -1.8442858454989698E-016
           5          32  -2.6687491074634529E-016
           5          33  -4.1273702397782290E-016
           5          34   6.7998426781241251E-017
           5          35  -8.0707861327582886E-018
           5          36   8.7128723478161841E-017
           5          37  -2.4828072341402959E-016
           5          38  -1.7509551222744937E-016
           5          39   1.5456751722611461E-016
           6           1  -1.1775557323329490E-014
           6           2   3.3114374231288311E-015
           6           3   7.1582438081140862E-015
           6           4   8.1258085649156425E-014
           6           5  -1.9585074570807403E-013
           6           6   1.9962340708073385     
           6           7  -4.9861156870001360E-014
           6           8   1.2601031329495527E-014
           6           9   9.9771805960281318E-003
           6          10   5.3661929229602960E-014
           6          11  -1.0428073335400066E-014
           6          12  -2.4491544350886657E-002
           6          13  -1.7607330795189194E-013
           6          14   3.9779464444666957E-013
           6          15   1.0545349742065275E-002
           6          16   2.2419308705508280E-014
           6          17  -2.0631228930118040E-013
           6          18  -6.3218621739375216E-014
           6          19  -4.8798820681364839E-014
           6          20  -1.9693831266762492E-014
           6          21   1.0536469081665998E-014
           6          22  -5.2391227358126611E-014
           6          23   9.2089765761775593E-015
           6          24   9.4869004486656932E-014
           6          25   3.1558236777036141E-014
           6          26   2.5367593180052303E-014
           6          27  -8.9865331850792950E-014
           6          28   1.1190795047124666E-014
           6          29   7.2112536696247151E-015
           6          30   4.7190861373327926E-003
           6          31  -3.0224668186545726E-014
           6          32   2.1104394782681711E-003
           6          33   8.3249056045541121E-014
           6          34  -1.6018829600457363E-013
           6          35  -3.9189557583438185E-016
           6          36  -2.1316526018291815E-014
           6          37   2.1104394783303753E-003
           6          38   3.7413362270993615E-014
           6          39  -6.0694125506716157E-014
           7           1   8.2258851428237711E-015
           7           2   1.5672539815477263E-014
           7           3   2.4769166289614810E-015
           7           4   1.9176453165136022E-014
           7           5   3.1824398100470537E-014
           7           6  -4.9861156870001360E-014
           7           7   1.9962340708073643     
           7           8   1.3698677608919847E-014
           7           9   2.4607423168348727E-013
           7          10   9.9771805959816048E-003
           7          11  -5.0535574667000519E-014
           7          12  -3.9893792886129185E-013
           7          13  -2.4491544350670490E-002
           7          14   1.3526561191664115E-013
           7          15   1.2966246186549977E-013
           7          16   1.0545349741908216E-002
           7          17  -6.3019601100327086E-014
           7          18  -8.7712089204392537E-015
           7          19  -1.4960550520859349E-014
           7          20   1.1549603478862283E-014
           7          21   1.1965906319599388E-014
           7          22  -5.8288346930155206E-015
           7          23   8.2192659326964479E-016
           7          24  -2.0227611368079318E-014
           7          25   1.9214601301943645E-014
           7          26  -4.8527114235102182E-014
           7          27  -1.7390255534616204E-014
           7          28   5.4552405823781953E-015
           7          29  -2.6364344592555969E-014
           7          30   2.1307764309485407E-014
           7          31   2.1104394782297631E-003
           7          32   1.0764188714364773E-014
           7          33   4.7190861374076295E-003
           7          34  -2.4306437760893379E-014
           7          35  -6.8857589806061318E-015
           7          36  -5.5021536541591727E-015
           7          37   2.1771150623939820E-014
           7          38   2.1104394782393053E-003
           7          39  -1.2218080534261800E-014
           8           1   2.3949581496668929E-015
           8           2   9.8966436126209801E-015
           8           3  -5.5660085035662455E-016
           8           4   3.9273279830892729E-014
           8           5   7.1376794225439487E-014
           8           6   1.2601031329495527E-014
           8           7   1.3698677608919847E-014
           8           8   1.9962340708073685     
           8           9   1.0222248394975431E-013
           8          10  -1.7368535944325609E-014
           8          11   9.9771805958824358E-003
           8          12  -1.0733384667171997E-013
           8          13   5.2286562869630579E-014
           8          14  -2.4491544350638807E-002
           8          15  -7.1252682573574803E-015
           8          16  -2.2619515106987140E-015
           8          17   1.0545349741930355E-002
           8          18  -1.0566208352493550E-015
           8          19   1.5082747714819965E-014
           8          20   3.9226890335646266E-015
           8          21   1.0284880699376016E-014
           8          22   1.9051189755793751E-014
           8          23  -2.0577579072644058E-014
           8          24  -4.8336267524600487E-014
           8          25  -4.2418457265068246E-015
           8          26  -5.2586390283205356E-014
           8          27   1.1614975492324271E-014
           8          28  -5.9140152872517702E-015
           8          29  -1.9336770434809778E-014
           8          30   3.4791071933104600E-014
           8          31   6.1809499762210040E-015
           8          32  -1.0709206958725568E-014
           8          33  -2.3578209866579204E-014
           8          34   2.1104394782825811E-003
           8          35  -7.9046103851719169E-015
           8          36   2.1104394782350180E-003
           8          37  -2.5602973517321881E-014
           8          38  -1.3528418057291106E-014
           8          39   4.7190861374224119E-003
           9           1   1.0564557220284335E-013
           9           2  -1.5591150234807028E-013
           9           3   1.4716019338019100E-016
           9           4   5.6552355238029761E-015
           9           5  -1.9619801769570791E-015
           9           6   9.9771805960281318E-003
           9           7   2.4607423168348727E-013
           9           8   1.0222248394975431E-013
           9           9   2.8211703742874518E-004
           9          10   3.5269596420392556E-015
           9          11  -2.9225448829658372E-015
           9          12  -5.4462314614464179E-004
           9          13  -5.8173542544089915E-015
           9          14   3.6930890610171955E-015
           9          15   2.0990242964855660E-004
           9          16   1.9328609333076238E-015
           9          17  -1.4311930309765013E-015
           9          18  -8.4001914179281810E-016
           9          19   3.3928633023192980E-017
           9          20  -1.2742429993020755E-015
           9          21  -1.5018444204995929E-016
           9          22   3.8082923524873051E-016
           9          23  -8.7972133507227384E-016
           9          24  -1.3135545851350646E-015
           9          25   4.9637291795273377E-016
           9          26  -1.3422308993928106E-015
           9          27   9.8618744989466007E-016
           9          28   1.3986584402686738E-016
           9          29  -1.2289085717833557E-015
           9          30   4.5175819751974167E-005
           9          31   5.9816686869217195E-016
           9          32   2.0203240772259439E-005
           9          33   6.4373306233801575E-017
           9          34   3.6319057536546209E-016
           9          35   1.8421160588135673E-017
           9          36   2.3034806890696576E-016
           9          37   2.0203240771671799E-005
           9          38  -1.1038280913095017E-016
           9          39  -7.3532624217041209E-017
          10           1  -3.8030357727286659E-014
          10           2  -1.7123905261745774E-013
          10           3   4.0104509164200296E-017
          10           4  -1.4339966107940177E-014
          10           5  -1.6426943272665606E-015
          10           6   5.3661929229602960E-014
          10           7   9.9771805959816048E-003
          10           8  -1.7368535944325609E-014
          10           9   3.5269596420392556E-015
          10          10   2.8211703741861798E-004
          10          11  -3.4445146165607262E-015
          10          12  -6.3514965132004440E-015
          10          13  -5.4462314612764540E-004
          10          14   5.9798772056212865E-015
          10          15   2.1600499928379485E-015
          10          16   2.0990242964287389E-004
          10          17  -2.2118814311142661E-015
          10          18  -8.6762040706945846E-016
          10          19   1.4619434157636885E-017
          10          20  -6.8611561845072096E-016
          10          21   1.4519135085172230E-016
          10          22   4.0923561866890295E-017
          10          23  -6.6927963355967377E-016
          10          24  -3.8152032742890719E-016
          10          25   1.5557608398671876E-016
          10          26  -6.7920581769674488E-016
          10          27  -2.5870189745425605E-017
          10          28   9.3034778157905516E-017
          10          29  -4.9343560523298759E-016
          10          30   4.9986216705393693E-016
          10          31   2.0203240771908172E-005
          10          32   1.5514269689420832E-016
          10          33   4.5175819750403734E-005
          10          34  -2.9568373278184139E-016
          10          35  -9.3479716603681245E-017
          10          36  -1.8557991347352187E-016
          10          37   1.4439243927776054E-016
          10          38   2.0203240771831352E-005
          10          39  -3.8826690305087874E-016
          11           1  -2.4318737403304129E-014
          11           2  -1.4494897119474217E-014
          11           3   3.9443755465289367E-017
          11           4   9.9015932311108671E-015
          11           5   4.9330142789833895E-016
          11           6  -1.0428073335400066E-014
          11           7  -5.0535574667000519E-014
          11           8   9.9771805958824358E-003
          11           9  -2.9225448829658372E-015
          11          10  -3.4445146165607262E-015
          11          11   2.8211703741421324E-004
          11          12   5.2943692724177863E-015
          11          13   5.8822229491857605E-015
          11          14  -5.4462314611927515E-004
          11          15  -2.1018195085039150E-015
          11          16  -2.0369246318067064E-015
          11          17   2.0990242963980560E-004
          11          18  -9.8801442016339133E-017
          11          19   2.0386982638040130E-017
          11          20   2.9546205151618711E-016
          11          21   2.1653659250505969E-016
          11          22  -1.1358932165002504E-016
          11          23   3.3690571587868368E-017
          11          24   2.4649068230836982E-016
          11          25  -1.1129884007202708E-016
          11          26  -8.3567583780808456E-017
          11          27  -5.4302892685820039E-016
          11          28  -3.5326193079449989E-017
          11          29   2.0871513136546982E-016
          11          30  -5.1024714171184570E-016
          11          31  -3.4562877988096684E-016
          11          32  -1.9823175592066102E-016
          11          33  -1.3962289270472026E-016
          11          34   2.0203240771463940E-005
          11          35  -1.2655481740714286E-016
          11          36   2.0203240771457116E-005
          11          37   3.8169845702109714E-017
          11          38  -7.1792723417616620E-017
          11          39   4.5175819749853251E-005
          12           1  -1.9195973136088534E-013
          12           2   2.2657438834376678E-013
          12           3  -3.2556845361399611E-016
          12           4   1.5842144728409640E-015
          12           5   3.7795044657901822E-015
          12           6  -2.4491544350886657E-002
          12           7  -3.9893792886129185E-013
          12           8  -1.0733384667171997E-013
          12           9  -5.4462314614464179E-004
          12          10  -6.3514965132004440E-015
          12          11   5.2943692724177863E-015
          12          12   1.0680365356829430E-003
          12          13   1.0562331075095148E-014
          12          14  -8.1357582346414673E-015
          12          15  -4.1515103473657966E-004
          12          16  -3.3371291691712050E-015
          12          17   3.3726158394895138E-015
          12          18   1.6096274862951001E-015
          12          19   9.3641989554677927E-017
          12          20   2.2604777452256710E-015
          12          21   2.3948713169615961E-016
          12          22  -5.2556204010240502E-016
          12          23   1.4512734225468802E-015
          12          24   2.0879201093729165E-015
          12          25  -1.0028139287582435E-015
          12          26   2.3612672257583260E-015
          12          27  -1.5067799457640175E-015
          12          28  -2.8988436008307065E-016
          12          29   2.2130458085160129E-015
          12          30  -9.7146486876111050E-005
          12          31  -9.4063324775584265E-016
          12          32  -4.3445229668105329E-005
          12          33  -2.6888939149603588E-016
          12          34  -8.5829001512330605E-017
          12          35  -3.2240872756527605E-017
          12          36  -2.8634562880819023E-016
          12          37  -4.3445229667235034E-005
          12          38   1.3217131556585032E-016
          12          39   4.7122729844715360E-016
          13           1   8.8506675515337023E-014
          13           2   3.5449077840217975E-013
          13           3  -3.4032068063064687E-017
          13           4   2.0140204157671192E-014
          13           5   3.2354411968406848E-015
          13           6  -1.7607330795189194E-013
          13           7  -2.4491544350670490E-002
          13           8   5.2286562869630579E-014
          13           9  -5.8173542544089915E-015
          13          10  -5.4462314612764540E-004
          13          11   5.8822229491857605E-015
          13          12   1.0562331075095148E-014
          13          13   1.0680365356537777E-003
          13          14  -1.0384976894614521E-014
          13          15  -3.5565432206343974E-015
          13          16  -4.1515103472655615E-004
          13          17   3.8952146472489087E-015
          13          18   1.7105402000708014E-015
          13          19   2.1040893013129926E-017
          13          20   1.3158995785974373E-015
          13          21  -3.0203281598126668E-016
          13          22  -5.5843271152101365E-017
          13          23   1.3194381556005797E-015
          13          24   7.6108778262519993E-016
          13          25  -3.4398329937639196E-016
          13          26   1.3923312222929158E-015
          13          27   1.0238137714741049E-016
          13          28  -1.8649345098790202E-016
          13          29   9.8407363279348798E-016
          13          30  -9.9790638964481946E-016
          13          31  -4.3445229667297599E-005
          13          32  -3.2585990770356842E-016
          13          33  -9.7146486873389445E-005
          13          34   6.1005421840944555E-016
          13          35   1.9185550666772983E-016
          13          36   3.5004300771314496E-016
          13          37  -3.4134881835146834E-016
          13          38  -4.3445229667188332E-005
          13          39   7.3390380915418911E-016
          14           1   4.4312446976035804E-014
          14           2   2.0441088248392012E-014
          14           3  -4.9558694234120954E-017
          14           4  -2.2684954304851178E-014
          14           5  -1.1972370892606644E-015
          14           6   3.9779464444666957E-013
          14           7   1.3526561191664115E-013
          14           8  -2.4491544350638807E-002
          14           9   3.6930890610171955E-015
          14          10   5.9798772056212865E-015
          14          11  -5.4462314611927515E-004
          14          12  -8.1357582346414673E-015
          14          13  -1.0384976894614521E-014
          14          14   1.0680365356388472E-003
          14          15   3.6872182756599558E-015
          14          16   3.5644161337988105E-015
          14          17  -4.1515103472129902E-004
          14          18   1.5795966268520992E-016
          14          19  -8.5068774570477902E-017
          14          20  -5.7462930409392024E-016
          14          21  -4.2638238029604934E-016
          14          22   1.4585857575446046E-016
          14          23  -2.0767310950905243E-017
          14          24  -2.9393603327826919E-016
          14          25   2.1583398327719547E-016
          14          26   3.1961190113201440E-016
          14          27   9.5021504789784483E-016
          14          28   8.3043968366908082E-017
          14          29  -3.1756542474583906E-016
          14          30   1.4161505728662297E-015
          14          31   6.3152567478737134E-016
          14          32   6.6247166782769981E-016
          14          33   3.8002480263552806E-016
          14          34  -4.3445229666782386E-005
          14          35   2.5522636377868675E-016
          14          36  -4.3445229666618590E-005
          14          37   2.8011231334936373E-016
          14          38   1.9645219263802814E-016
          14          39  -9.7146486872713581E-005
          15           1   6.9729670574105533E-014
          15           2  -6.6290720866770118E-014
          15           3   1.3552718530227515E-016
          15           4  -4.1597142917408921E-015
          15           5  -1.4161407196210250E-015
          15           6   1.0545349742065275E-002
          15           7   1.2966246186549977E-013
          15           8  -7.1252682573574803E-015
          15           9   2.0990242964855660E-004
          15          10   2.1600499928379485E-015
          15          11  -2.1018195085039150E-015
          15          12  -4.1515103473657966E-004
          15          13  -3.5565432206343974E-015
          15          14   3.6872182756599558E-015
          15          15   1.6210410738188002E-004
          15          16   1.0582014241435555E-015
          15          17  -1.5759829371560830E-015
          15          18  -6.0651926893230455E-016
          15          19  -6.9742577467978341E-017
          15          20  -8.1773188260750757E-016
          15          21  -8.1633868383952677E-017
          15          22   1.5822876812392556E-016
          15          23  -4.9579508364106185E-016
          15          24  -7.1033013334124918E-016
          15          25   3.9591849497540865E-016
          15          26  -8.6177651024583983E-016
          15          27   4.9676686307631758E-016
          15          28   1.1592676445238586E-016
          15          29  -8.1956843218402079E-016
          15          30   3.9541996303649010E-005
          15          31   3.0250783635060363E-016
          15          32   1.7683718333030188E-005
          15          33   1.0124531878972691E-016
          15          34  -1.2766327056295150E-016
          15          35   1.1723659757944852E-017
          15          36   4.6248157738766415E-017
          15          37   1.7683718332750626E-005
          15          38  -4.8569638473525771E-017
          15          39  -3.1973185594069226E-016
          16           1  -3.8610139404089265E-014
          16           2  -1.4289887601715229E-013
          16           3  -3.0782523349251973E-020
          16           4  -7.9822143818249066E-015
          16           5  -1.2872114884619180E-015
          16           6   2.2419308705508280E-014
          16           7   1.0545349741908216E-002
          16           8  -2.2619515106987140E-015
          16           9   1.9328609333076238E-015
          16          10   2.0990242964287389E-004
          16          11  -2.0369246318067064E-015
          16          12  -3.3371291691712050E-015
          16          13  -4.1515103472655615E-004
          16          14   3.5644161337988105E-015
          16          15   1.0582014241435555E-015
          16          16   1.6210410737834958E-004
          16          17  -1.3345406639709375E-015
          16          18  -6.7647226775463573E-016
          16          19  -1.8526679666757949E-017
          16          20  -5.1501762373857352E-016
          16          21   1.2100381683949125E-016
          16          22   1.6625213149227429E-017
          16          23  -5.2400254236686244E-016
          16          24  -3.0000254133245029E-016
          16          25   1.4180351310986732E-016
          16          26  -5.5525062525572010E-016
          16          27  -5.0547561259288743E-017
          16          28   7.3333369742390209E-017
          16          29  -3.8740966685554169E-016
          16          30   2.6689150547125181E-016
          16          31   1.7683718332665157E-005
          16          32   7.5406277640006547E-017
          16          33   3.9541996302606801E-005
          16          34  -2.2203282918183130E-016
          16          35  -7.6352186175356674E-017
          16          36  -1.1178459075600857E-016
          16          37   8.9041276357491794E-017
          16          38   1.7683718332631293E-005
          16          39  -2.3172515257330727E-016
          17           1  -1.5798604821741964E-014
          17           2  -5.7018001001664761E-015
          17           3   1.3193087874410896E-017
          17           4   7.9026939893385850E-015
          17           5   5.0564879642252858E-016
          17           6  -2.0631228930118040E-013
          17           7  -6.3019601100327086E-014
          17           8   1.0545349741930355E-002
          17           9  -1.4311930309765013E-015
          17          10  -2.2118814311142661E-015
          17          11   2.0990242963980560E-004
          17          12   3.3726158394895138E-015
          17          13   3.8952146472489087E-015
          17          14  -4.1515103472129902E-004
          17          15  -1.5759829371560830E-015
          17          16  -1.3345406639709375E-015
          17          17   1.6210410737655306E-004
          17          18  -5.7457211988128740E-017
          17          19   4.2452560991772527E-017
          17          20   2.1885556133437768E-016
          17          21   1.6609953962521195E-016
          17          22  -4.0688775281823350E-017
          17          23  -4.8667984559418821E-018
          17          24   7.3929947992406395E-017
          17          25  -8.3390034323377057E-017
          17          26  -1.5754088378506334E-016
          17          27  -3.4547770668809658E-016
          17          28  -3.5145475180223640E-017
          17          29   1.0345450029192592E-016
          17          30  -6.2497743678008280E-016
          17          31  -2.4035135678765303E-016
          17          32  -3.0912679168284595E-016
          17          33  -1.7990043265793064E-016
          17          34   1.7683718332544848E-005
          17          35  -1.0067431816055242E-016
          17          36   1.7683718332449872E-005
          17          37  -1.7741385659905947E-016
          17          38  -9.2452523708721194E-017
          17          39   3.9541996302441236E-005
          18           1   8.3808434928729514E-006
          18           2   5.5638913750404549E-003
          18           3   1.1968278522923313E-005
          18           4   3.1740797919200398E-003
          18           5   7.8829962599227582E-005
          18           6  -6.3218621739375216E-014
          18           7  -8.7712089204392537E-015
          18           8  -1.0566208352493550E-015
          18           9  -8.4001914179281810E-016
          18          10  -8.6762040706945846E-016
          18          11  -9.8801442016339133E-017
          18          12   1.6096274862951001E-015
          18          13   1.7105402000708014E-015
          18          14   1.5795966268520992E-016
          18          15  -6.0651926893230455E-016
          18          16  -6.7647226775463573E-016
          18          17  -5.7457211988128740E-017
          18          18   2.7036744250682022E-005
          18          19   1.5328821420213629E-018
          18          20   2.7036744250714219E-005
          18          21  -4.7190160982481167E-018
          18          22  -2.9699502397942931E-018
          18          23   2.7036744250691366E-005
          18          24   3.2430249627381831E-006
          18          25   4.0027507717726139E-018
          18          26   3.2430249627364001E-006
          18          27  -4.1389320674187787E-018
          18          28   4.0603192214141846E-018
          18          29   3.2430249627187213E-006
          18          30  -2.0187739105117426E-016
          18          31  -8.7919850213575693E-017
          18          32  -9.6291345202228351E-017
          18          33  -1.9722555082606873E-016
          18          34  -9.6835639662386072E-018
          18          35  -2.6789805521405932E-018
          18          36  -4.1681121140808460E-018
          18          37  -8.9622138717547642E-017
          18          38  -8.5324326824442443E-017
          18          39  -2.0427473638146018E-017
          19           1   3.7714383084259463E-015
          19           2  -1.4383548251908104E-015
          19           3   3.9634062264398468E-018
          19           4   1.4061139628626571E-015
          19           5   1.0456570260968283E-018
          19           6  -4.8798820681364839E-014
          19           7  -1.4960550520859349E-014
          19           8   1.5082747714819965E-014
          19           9   3.3928633023192980E-017
          19          10   1.4619434157636885E-017
          19          11   2.0386982638040130E-017
          19          12   9.3641989554677927E-017
          19          13   2.1040893013129926E-017
          19          14  -8.5068774570477902E-017
          19          15  -6.9742577467978341E-017
          19          16  -1.8526679666757949E-017
          19          17   4.2452560991772527E-017
          19          18   1.5328821420213629E-018
          19          19   1.8125152357242119E-027
          19          20   1.5328821399939742E-018
          19          21  -5.2734423894886532E-028
          19          22   2.3085213920004639E-027
          19          23   1.5328821395540107E-018
          19          24   1.3090722928531023E-018
          19          25  -5.0901108404676652E-028
          19          26   1.3090722951476491E-018
          19          27   4.3111307279986201E-027
          19          28  -2.2476108327901709E-028
          19          29   1.3090722959066307E-018
          19          30  -8.9533793141903297E-017
          19          31  -1.2100187849654703E-017
          19          32  -4.0040729539628169E-017
          19          33  -2.7056842587656940E-017
          19          34   1.3659290734582229E-017
          19          35   2.3753167759926728E-029
          19          36   1.3659290729648172E-017
          19          37  -4.0040729542523701E-017
          19          38  -1.2100187852919742E-017
          19          39   3.0543102605881344E-017
          20           1   8.3808434884050898E-006
          20           2   5.5638913750503689E-003
          20           3   1.1968278522940654E-005
          20           4   3.1740797919208408E-003
          20           5   7.8829962599328210E-005
          20           6  -1.9693831266762492E-014
          20           7   1.1549603478862283E-014
          20           8   3.9226890335646266E-015
          20           9  -1.2742429993020755E-015
          20          10  -6.8611561845072096E-016
          20          11   2.9546205151618711E-016
          20          12   2.2604777452256710E-015
          20          13   1.3158995785974373E-015
          20          14  -5.7462930409392024E-016
          20          15  -8.1773188260750757E-016
          20          16  -5.1501762373857352E-016
          20          17   2.1885556133437768E-016
          20          18   2.7036744250714219E-005
          20          19   1.5328821399939742E-018
          20          20   2.7036744250746417E-005
          20          21  -4.7190160970107376E-018
          20          22  -2.9699502430595790E-018
          20          23   2.7036744250723567E-005
          20          24   3.2430249627408483E-006
          20          25   4.0027507715824684E-018
          20          26   3.2430249627390649E-006
          20          27  -4.1389320745061963E-018
          20          28   4.0603192214774915E-018
          20          29   3.2430249627213856E-006
          20          30  -1.5957204542176562E-016
          20          31  -6.3113112810173080E-017
          20          32  -7.7371819474356260E-017
          20          33  -1.4175599966119621E-016
          20          34   1.0936541034703136E-017
          20          35  -2.6789805524572195E-018
          20          36   1.6451992892667632E-017
          20          37  -7.0702612985242634E-017
          20          38  -6.0517589416021825E-017
          20          39   2.5680482882421668E-017
          21           1  -4.8350419591568223E-015
          21           2  -2.2256360190769309E-015
          21           3  -4.3644834574558868E-018
          21           4   6.8025143807878754E-016
