           1           1   2.0102747000131789     
           1           2   8.1115345211225029E-003
           1           3 -0.29351402750687738     
           1           4 -0.17199363651153682     
           1           5  -3.2453687229074569E-014
           1           6   2.0859095888995019E-014
           1           7  -2.1712816055060637E-014
           1           8   2.1605934055084375E-016
           1           9   3.3925941738523800E-015
           1          10  -9.8603941200701583E-015
           1          11   1.7849404183579785E-014
           1          12   1.9908501914317782E-015
           1          13  -4.2449732332449709E-016
           1          14   3.9807757078654596E-003
           1          15   4.0338864845862713E-015
           1          16   3.9807757078671180E-003
           1          17  -2.4051641992646079E-015
           1          18  -1.8991980750789209E-015
           1          19   3.9807757078641048E-003
           1          20   7.1992205612645393E-003
           1          21  -5.6282143302550719E-015
           1          22   7.1992205612692838E-003
           1          23   5.8960333433212826E-015
           1          24  -7.0944141357952768E-015
           1          25   7.1992205612757248E-003
           1          26   1.1554358429159227E-014
           1          27  -1.0652925532045304E-014
           1          28   5.5912199530457188E-015
           1          29  -1.1552092678046573E-014
           1          30   9.4961290391833839E-015
           1          31   1.5953578385740615E-015
           1          32  -1.3837577534279470E-015
           1          33   2.5951092284836522E-015
           1          34  -4.8775142745068837E-015
           1          35   3.5949282586636465E-015
           2           1   8.1115345211225029E-003
           2           2   6.7591421820464348E-002
           2           3  0.19812977462850256     
           2           4  0.12920486641455109     
           2           5  -1.6752265315065193E-014
           2           6   1.0367205947078590E-014
           2           7   1.8069295224552210E-014
           2           8  -1.2583454905012763E-014
           2           9   4.5614176639829764E-015
           2          10   1.6769153015605469E-014
           2          11  -2.0449729467163739E-014
           2          12  -1.2411430606107161E-015
           2          13   1.2192447709078793E-014
           2          14   5.3680188149350552E-004
           2          15  -8.4384626151467100E-016
           2          16   5.3680188149596991E-004
           2          17   1.0193608769480101E-015
           2          18  -9.0295730060534787E-016
           2          19   5.3680188149629593E-004
           2          20   8.3835895093588438E-004
           2          21   3.3845000328035837E-015
           2          22   8.3835895092893757E-004
           2          23  -1.6343959303028834E-015
           2          24   3.1785172295338782E-015
           2          25   8.3835895092807975E-004
           2          26  -1.8927858527282747E-015
           2          27   9.8993923226556376E-016
           2          28   1.5706134206674160E-015
           2          29  -1.7595337228706322E-015
           2          30   3.0847559973270675E-017
           2          31  -1.1471887050019459E-016
           2          32   3.9440321910161386E-016
           2          33   1.0679277572541917E-015
           2          34  -1.0191830386632840E-015
           2          35   3.6783941448262300E-015
           3           1 -0.29351402750687738     
           3           2  0.19812977462850256     
           3           3  0.63087884944367034     
           3           4  0.40834463643656332     
           3           5   2.1319937677847984E-014
           3           6   1.5132807797590137E-014
           3           7  -1.2743989622349271E-014
           3           8   1.8438303447861571E-014
           3           9   2.6195427831489941E-015
           3          10  -7.8396078051242409E-015
           3          11  -1.7307740245107096E-014
           3          12  -1.2470507295621774E-014
           3          13  -1.2503282394825798E-014
           3          14   9.5508325108324297E-004
           3          15  -3.1265231696228531E-015
           3          16   9.5508325109025147E-004
           3          17   3.3871463286582546E-015
           3          18  -2.3640254428723442E-015
           3          19   9.5508325109168912E-004
           3          20   1.3365192901990642E-003
           3          21   1.0873791710876813E-014
           3          22   1.3365192901778203E-003
           3          23  -5.7528800820560860E-015
           3          24   1.0497634115444512E-014
           3          25   1.3365192901742728E-003
           3          26  -6.9757679993509218E-015
           3          27   4.5668748539296553E-015
           3          28   3.9443654682533853E-015
           3          29  -3.4470555571618138E-015
           3          30  -1.6135314313581242E-015
           3          31  -5.9036798752148279E-016
           3          32   1.1770805255748371E-015
           3          33   2.9344520605891590E-015
           3          34  -2.2724900452011354E-015
           3          35   9.8260174032111387E-015
           4           1 -0.17199363651153682     
           4           2  0.12920486641455109     
           4           3  0.40834463643656332     
           4           4  0.26447911096241483     
           4           5   1.1910776773887503E-013
           4           6  -2.5927226305882918E-014
           4           7  -5.1815909440277097E-014
           4           8   1.0142689693251661E-013
           4           9  -2.8753480338389492E-014
           4          10  -4.1892369402250558E-014
           4          11   6.2613471147463622E-014
           4          12  -3.3251440239579994E-014
           4          13  -3.8404108099330075E-014
           4          14   6.6067017648451225E-004
           4          15  -1.9988845048335920E-015
           4          16   6.6067017648909583E-004
           4          17   2.1843868668223450E-015
           4          18  -1.5589172509160628E-015
           4          19   6.6067017649000374E-004
           4          20   9.4015943428406605E-004
           4          21   7.0326482453309460E-015
           4          22   9.4015943427026654E-004
           4          23  -3.6926695618054772E-015
           4          24   6.7734463981894635E-015
           4          25   9.4015943426801639E-004
           4          26  -3.7391028832678080E-015
           4          27   2.7678693400139035E-015
           4          28   2.9356677089499329E-015
           4          29  -2.5948899834833501E-015
           4          30  -1.0881630091544454E-015
           4          31  -3.6943533393828640E-016
           4          32   6.2607960050191106E-016
           4          33   2.2487352853088820E-015
           4          34  -1.6340545812442701E-015
           4          35   6.1526741778175097E-015
           5           1  -3.2453687229074569E-014
           5           2  -1.6752265315065193E-014
           5           3   2.1319937677847984E-014
           5           4   1.1910776773887503E-013
           5           5  0.45837617200924963     
           5           6   5.3707038816241948E-015
           5           7  -2.7512714328992161E-015
           5           8  0.38836947966459923     
           5           9   1.6750489884032049E-014
           5          10   3.0517255389383990E-014
           5          11  0.32023626811866107     
           5          12   1.9748092050519972E-014
           5          13   3.1318697635285275E-014
           5          14  -3.3115052157204509E-016
           5          15  -5.3850986693098415E-016
           5          16  -6.3581699771328840E-015
           5          17  -1.4276190962273233E-015
           5          18  -1.1208769862594507E-015
           5          19  -6.4488360548963003E-015
           5          20  -2.3463657262317563E-014
           5          21   6.6731310874605134E-015
           5          22  -3.8785361558291662E-014
           5          23  -6.3573173728028561E-015
           5          24  -1.2761408233388638E-015
           5          25  -3.5729516601354734E-014
           5          26   3.0242620217309562E-003
           5          27  -6.9683570979445220E-015
           5          28   1.3524910924709041E-003
           5          29  -1.9678269430611905E-015
           5          30  -1.1267435552284044E-015
           5          31  -1.3810285027783501E-015
           5          32   1.1062683972010157E-014
           5          33   1.3524910924724758E-003
           5          34  -3.0660424286260701E-015
           5          35   2.0372077505839692E-014
           6           1   2.0859095888995019E-014
           6           2   1.0367205947078590E-014
           6           3   1.5132807797590137E-014
           6           4  -2.5927226305882918E-014
           6           5   5.3707038816241948E-015
           6           6  0.45837617200931757     
           6           7  -2.2730081705724103E-014
           6           8  -9.2426066800044282E-015
           6           9  0.38836947966462609     
           6          10  -1.9706458687096529E-014
           6          11  -7.8617667931268898E-015
           6          12  0.32023626811866779     
           6          13  -1.5935169850322950E-014
           6          14  -1.1577607611097371E-015
           6          15   1.9046826646232924E-016
           6          16   1.0285608517013246E-015
           6          17   3.4849119322940436E-016
           6          18  -2.8190686329754296E-016
           6          19   9.4991691266596532E-016
           6          20   5.5634616516729606E-016
           6          21  -7.2255451298299769E-015
           6          22   1.5613825371510271E-014
           6          23   2.5030162163028717E-015
           6          24  -5.8518322380554743E-016
           6          25   8.8578067322097998E-015
           6          26  -6.4860226564600332E-015
           6          27   1.3524910924684183E-003
           6          28  -2.8848451405494302E-015
           6          29   3.0242620217199078E-003
           6          30   1.0657910643439850E-015
           6          31  -9.1317815354502329E-017
           6          32  -2.4966736577453075E-015
           6          33  -2.2073814130718628E-015
           6          34   1.3524910924668080E-003
           6          35  -2.0931742667276709E-015
           7           1  -2.1712816055060637E-014
           7           2   1.8069295224552210E-014
           7           3  -1.2743989622349271E-014
           7           4  -5.1815909440277097E-014
           7           5  -2.7512714328992161E-015
           7           6  -2.2730081705724103E-014
           7           7  0.45837617200937242     
           7           8  -2.2738755323103987E-014
           7           9  -1.4693107841523556E-015
           7          10  0.38836947966464175     
           7          11  -4.9397985701915559E-014
           7          12   1.4819742655269863E-014
           7          13  0.32023626811869405     
           7          14   1.6086693120857531E-015
           7          15  -1.6786761830783131E-015
           7          16   7.7978391892623218E-015
           7          17  -3.8886396870353269E-016
           7          18   1.0809501776738534E-015
           7          19   6.0134912740155958E-015
           7          20   2.8430986386375871E-014
           7          21  -7.4513962272495057E-016
           7          22   1.9695297619534974E-014
           7          23   6.4082488053069073E-015
           7          24   5.5322446243831913E-015
           7          25   2.9678865745213833E-014
           7          26  -1.1986613958347991E-014
           7          27   1.1594464808823562E-014
           7          28  -3.0857071455295260E-015
           7          29   5.8880716058071214E-015
           7          30   1.3524910924673375E-003
           7          31   1.5647608141027159E-015
           7          32   1.3524910924565857E-003
           7          33  -6.0459585471753230E-015
           7          34   1.0188715377033170E-014
           7          35   3.0242620216958983E-003
           8           1   2.1605934055084375E-016
           8           2  -1.2583454905012763E-014
           8           3   1.8438303447861571E-014
           8           4   1.0142689693251661E-013
           8           5  0.38836947966459923     
           8           6  -9.2426066800044282E-015
           8           7  -2.2738755323103987E-014
           8           8  0.32905474137933877     
           8           9   2.5118795932144167E-015
           8          10   8.5695339713254270E-015
           8          11  0.27132735166737221     
           8          12   7.0984884636970946E-015
           8          13   1.2274903316011887E-014
           8          14  -2.1414709300021322E-016
           8          15  -4.5626460405191088E-016
           8          16  -5.3206753832267152E-015
           8          17  -1.2095821597099643E-015
           8          18  -9.4968842894139771E-016
           8          19  -5.3974942472698551E-015
           8          20  -1.9762918267729146E-014
           8          21   5.6539604222774564E-015
           8          22  -3.2744578564576583E-014
           8          23  -5.3863806571912770E-015
           8          24  -1.0812390672832107E-015
           8          25  -3.0155444799613333E-014
           8          26   2.5623737433773533E-003
           8          27  -5.9447618269009572E-015
           8          28   1.1459283747893131E-003
           8          29  -1.7584675035542396E-015
           8          30  -1.0148809960822125E-015
           8          31  -1.1701073542761642E-015
           8          32   9.3129036383629571E-015
           8          33   1.1459283747906445E-003
           8          34  -2.6385144069607236E-015
           8          35   1.7126030411526716E-014
           9           1   3.3925941738523800E-015
           9           2   4.5614176639829764E-015
           9           3   2.6195427831489941E-015
           9           4  -2.8753480338389492E-014
           9           5   1.6750489884032049E-014
           9           6  0.38836947966462609     
           9           7  -1.4693107841523556E-015
           9           8   2.5118795932144167E-015
           9           9  0.32905474137933555     
           9          10  -1.6202317265623378E-015
           9          11   1.8596235662471372E-015
           9          12  0.27132735166735644     
           9          13  -1.0703243846776900E-015
           9          14  -1.0413203854676820E-015
           9          15   1.6137865205460984E-016
           9          16   8.1108982612926184E-016
           9          17   2.9526709581244843E-016
           9          18  -2.3885171779015676E-016
           9          19   7.4445706373016864E-016
           9          20   3.7034035827916891E-016
           9          21  -6.1220051351897790E-015
           9          22   1.3128128359182618E-014
           9          23   2.1207367205587892E-015
           9          24  -4.9580972820301520E-016
           9          25   7.4039397705894536E-015
           9          26  -5.4150477504788519E-015
           9          27   1.1459283747871163E-003
           9          28  -2.4082840756334267E-015
           9          29   2.5623737433677894E-003
           9          30   9.5552092713863113E-016
           9          31  -7.7370967169563755E-017
           9          32  -2.0628572634795450E-015
           9          33  -1.8343074455196007E-015
           9          34   1.1459283747857517E-003
           9          35  -1.6561188184716080E-015
          10           1  -9.8603941200701583E-015
          10           2   1.6769153015605469E-014
          10           3  -7.8396078051242409E-015
          10           4  -4.1892369402250558E-014
          10           5   3.0517255389383990E-014
          10           6  -1.9706458687096529E-014
          10           7  0.38836947966464175     
          10           8   8.5695339713254270E-015
          10           9  -1.6202317265623378E-015
          10          10  0.32905474137932267     
          10          11  -1.8915424782051105E-014
          10          12   1.2254086634300165E-014
          10          13  0.27132735166735722     
          10          14   1.3908687713030238E-015
          10          15  -1.4222961592006431E-015
          10          16   6.6347822921062441E-015
          10          17  -3.2947383553008550E-016
          10          18   9.1585953520164936E-016
          10          19   5.1229535840808701E-015
          10          20   2.4136430766528595E-014
          10          21  -6.3133624625989587E-016
          10          22   1.6734921895258393E-014
          10          23   5.4295343634885114E-015
          10          24   4.6873189657737771E-015
          10          25   2.5193724914153660E-014
          10          26  -9.9393421010979255E-015
          10          27   9.8223566866867396E-015
          10          28  -2.5175309970384974E-015
          10          29   4.9858663205004650E-015
          10          30   1.1459283747861093E-003
          10          31   1.3257786553729522E-015
          10          32   1.1459283747769998E-003
          10          33  -5.0256565402306830E-015
          10          34   8.6312996138392106E-015
          10          35   2.5623737433472433E-003
          11           1   1.7849404183579785E-014
          11           2  -2.0449729467163739E-014
          11           3  -1.7307740245107096E-014
          11           4   6.2613471147463622E-014
          11           5  0.32023626811866107     
          11           6  -7.8617667931268898E-015
          11           7  -4.9397985701915559E-014
          11           8  0.27132735166737221     
          11           9   1.8596235662471372E-015
          11          10  -1.8915424782051105E-014
          11          11  0.22372730893111231     
          11          12   5.6690763194922056E-015
          11          13  -1.1303458169464875E-014
          11          14  -2.1980148847894041E-016
          11          15  -3.7621556357380194E-016
          11          16  -4.4303833994693035E-015
          11          17  -9.9738862713425812E-016
          11          18  -7.8305617538911555E-016
          11          19  -4.4937257335695930E-015
          11          20  -1.6353939936596285E-014
          11          21   4.6620111195917235E-015
          11          22  -2.7057914739308769E-014
          11          23  -4.4413338271581681E-015
          11          24  -8.9153887896804085E-016
          11          25  -2.4923059358586154E-014
          11          26   2.1128462669293513E-003
          11          27  -4.9025182784906418E-015
          11          28   9.4489357577118294E-004
          11          29  -1.4514214483063448E-015
          11          30  -9.2724357922749356E-016
          11          31  -9.6482912017102475E-016
          11          32   7.5885613981876987E-015
          11          33   9.4489357577228069E-004
          11          34  -2.1763190208301531E-015
          11          35   1.3919095910586154E-014
          12           1   1.9908501914317782E-015
          12           2  -1.2411430606107161E-015
          12           3  -1.2470507295621774E-014
          12           4  -3.3251440239579994E-014
          12           5   1.9748092050519972E-014
          12           6  0.32023626811866779     
          12           7   1.4819742655269863E-014
          12           8   7.0984884636970946E-015
          12           9  0.27132735166735644     
          12          10   1.2254086634300165E-014
          12          11   5.6690763194922056E-015
          12          12  0.22372730893108855     
          12          13   1.0317267873372060E-014
          12          14  -8.9876644140344691E-016
          12          15   1.3305506755157675E-016
          12          16   6.2864709494001423E-016
          12          17   2.4345666459673798E-016
          12          18  -1.9696466678834343E-016
          12          19   5.7369756855054587E-016
          12          20   2.4254404014973571E-016
          12          21  -5.0479833033435497E-015
          12          22   1.0762061188626635E-014
          12          23   1.7486738222451792E-015
          12          24  -4.0881667881664362E-016
          12          25   6.0421281838404997E-015
          12          26  -4.4258758984117019E-015
          12          27   9.4489357576932591E-004
          12          28  -1.9682606239301847E-015
          12          29   2.1128462669213637E-003
          12          30   8.3518126225631817E-016
          12          31  -6.3805630282080383E-017
          12          32  -1.6536116009477353E-015
          12          33  -1.4949792705859499E-015
          12          34   9.4489357576820116E-004
          12          35  -1.2597209516837515E-015
          13           1  -4.2449732332449709E-016
          13           2   1.2192447709078793E-014
          13           3  -1.2503282394825798E-014
          13           4  -3.8404108099330075E-014
          13           5   3.1318697635285275E-014
          13           6  -1.5935169850322950E-014
          13           7  0.32023626811869405     
          13           8   1.2274903316011887E-014
          13           9  -1.0703243846776900E-015
          13          10  0.27132735166735722     
          13          11  -1.1303458169464875E-014
          13          12   1.0317267873372060E-014
          13          13  0.22372730893109843     
          13          14   1.1492623561750462E-015
          13          15  -1.1727636875410135E-015
          13          16   5.4731564632476771E-015
          13          17  -2.7166226857931776E-016
          13          18   7.5516292226565614E-016
          13          19   4.2265510884277440E-015
          13          20   1.9909377772364327E-014
          13          21  -5.2057762527564250E-016
          13          22   1.3806418760504798E-014
          13          23   4.4768407744175890E-015
          13          24   3.8649383825386336E-015
          13          25   2.0781152454115532E-014
          13          26  -8.1548808504583459E-015
          13          27   8.0999795629491111E-015
          13          28  -2.0576598693151926E-015
          13          29   4.1131919918668824E-015
          13          30   9.4489357576853531E-004
          13          31   1.0931916714449210E-015
          13          32   9.4489357576102396E-004
          13          33  -4.1257551845405582E-015
          13          34   7.1179160113753193E-015
          13          35   2.1128462669045105E-003
          14           1   3.9807757078654596E-003
          14           2   5.3680188149350552E-004
          14           3   9.5508325108324297E-004
          14           4   6.6067017648451225E-004
          14           5  -3.3115052157204509E-016
          14           6  -1.1577607611097371E-015
          14           7   1.6086693120857531E-015
          14           8  -2.1414709300021322E-016
          14           9  -1.0413203854676820E-015
          14          10   1.3908687713030238E-015
          14          11  -2.1980148847894041E-016
          14          12  -8.9876644140344691E-016
          14          13   1.1492623561750462E-015
          14          14   1.1896625665427736E-005
          14          15   1.3575794389422996E-018
          14          16   1.1896625665449965E-005
          14          17   3.1697501138614336E-018
          14          18  -1.0662119394785293E-017
          14          19   1.1896625665446602E-005
          14          20   2.0494126230695463E-005
          14          21   1.5119145683516543E-017
          14          22   2.0494126230651160E-005
          14          23  -1.1066504961947114E-018
          14          24   1.0673141773645196E-017
          14          25   2.0494126230657102E-005
          14          26   7.0142379882291221E-018
          14          27  -1.6904561685608883E-017
          14          28   2.2595053770466703E-017
          14          29  -4.4512941247586562E-017
          14          30   2.3206890309182194E-017
          14          31   2.2251275535908360E-018
          14          32   4.8035414459088135E-018
          14          33   1.2880256870936005E-017
          14          34  -2.1134652631398282E-017
          14          35   4.5334517693624573E-017
          15           1   4.0338864845862713E-015
          15           2  -8.4384626151467100E-016
          15           3  -3.1265231696228531E-015
          15           4  -1.9988845048335920E-015
          15           5  -5.3850986693098415E-016
          15           6   1.9046826646232924E-016
          15           7  -1.6786761830783131E-015
          15           8  -4.5626460405191088E-016
          15           9   1.6137865205460984E-016
          15          10  -1.4222961592006431E-015
          15          11  -3.7621556357380194E-016
          15          12   1.3305506755157675E-016
          15          13  -1.1727636875410135E-015
          15          14   1.3575794389422996E-018
          15          15   7.6055442796787744E-029
          15          16   1.3575794388578175E-018
          15          17  -2.9692921993754931E-029
          15          18   1.1116720257402750E-029
          15          19   1.3575794388551690E-018
          15          20   4.1386064844234064E-018
          15          21  -1.5105256017729525E-028
          15          22   4.1386064847973958E-018
          15          23   3.7753252217021531E-029
          15          24  -1.5708324595357982E-028
          15          25   4.1386064847832363E-018
          15          26  -3.5529202961674038E-018
          15          27   5.6194511418097567E-019
          15          28  -1.5889142602581730E-018
          15          29   1.2565474752014677E-018
          15          30  -4.9530673431566572E-018
          15          31   1.3027746327529426E-029
          15          32  -4.9530673432086565E-018
          15          33  -1.5889142602336127E-018
          15          34   5.6194511426361290E-019
          15          35  -1.1075395276565265E-017
          16           1   3.9807757078671180E-003
          16           2   5.3680188149596991E-004
          16           3   9.5508325109025147E-004
          16           4   6.6067017648909583E-004
          16           5  -6.3581699771328840E-015
          16           6   1.0285608517013246E-015
          16           7   7.7978391892623218E-015
          16           8  -5.3206753832267152E-015
          16           9   8.1108982612926184E-016
          16          10   6.6347822921062441E-015
          16          11  -4.4303833994693035E-015
          16          12   6.2864709494001423E-016
          16          13   5.4731564632476771E-015
          16          14   1.1896625665449965E-005
          16          15   1.3575794388578175E-018
          16          16   1.1896625665472195E-005
          16          17   3.1697501139342215E-018
          16          18  -1.0662119394758985E-017
          16          19   1.1896625665468832E-005
          16          20   2.0494126230730848E-005
          16          21   1.5119145683537987E-017
          16          22   2.0494126230686549E-005
          16          23  -1.1066504957756783E-018
          16          24   1.0673141774020915E-017
          16          25   2.0494126230692488E-005
          16          26  -3.2749820156346405E-017
          16          27  -1.0453661501045210E-017
          16          28   4.8120263562609554E-018
          16          29  -3.0088289919951547E-017
          16          30   4.1468486637387349E-017
          16          31   2.2251275536218411E-018
          16          32   2.3065137773441967E-017
          16          33  -4.9027705434408979E-018
          16          34  -1.4683752447127875E-017
          16          35   8.6168688459913170E-017
          17           1  -2.4051641992646079E-015
          17           2   1.0193608769480101E-015
          17           3   3.3871463286582546E-015
          17           4   2.1843868668223450E-015
          17           5  -1.4276190962273233E-015
          17           6   3.4849119322940436E-016
          17           7  -3.8886396870353269E-016
          17           8  -1.2095821597099643E-015
          17           9   2.9526709581244843E-016
          17          10  -3.2947383553008550E-016
          17          11  -9.9738862713425812E-016
          17          12   2.4345666459673798E-016
          17          13  -2.7166226857931776E-016
          17          14   3.1697501138614336E-018
          17          15  -2.9692921993754931E-029
          17          16   3.1697501139342215E-018
          17          17   4.7251716800574318E-029
          17          18  -3.0420931147787174E-029
          17          19   3.1697501139430753E-018
          17          20   3.7169269452766987E-018
          17          21   9.4665782308425739E-029
          17          22   3.7169269451051770E-018
          17          23  -9.1331430488764891E-029
          17          24   7.5392183575001892E-029
          17          25   3.7169269450327373E-018
          17          26  -9.4191874386276098E-018
          17          27   1.0282172846530970E-018
          17          28  -4.2123886810507925E-018
          17          29   2.2991637440230494E-018
          17          30  -1.1473412773231584E-018
          17          31  -4.7864079495331172E-030
          17          32  -1.1473412772866963E-018
          17          33  -4.2123886810639620E-018
          17          34   1.0282172845808145E-018
          17          35  -2.5655330893281041E-018
          18           1  -1.8991980750789209E-015
          18           2  -9.0295730060534787E-016
          18           3  -2.3640254428723442E-015
          18           4  -1.5589172509160628E-015
          18           5  -1.1208769862594507E-015
          18           6  -2.8190686329754296E-016
          18           7   1.0809501776738534E-015
          18           8  -9.4968842894139771E-016
          18           9  -2.3885171779015676E-016
          18          10   9.1585953520164936E-016
          18          11  -7.8305617538911555E-016
          18          12  -1.9696466678834343E-016
          18          13   7.5516292226565614E-016
          18          14  -1.0662119394785293E-017
          18          15   1.1116720257402750E-029
          18          16  -1.0662119394758985E-017
          18          17  -3.0420931147787174E-029
          18          18   6.5453618912793014E-029
          18          19  -1.0662119394758179E-017
          18          20  -1.7528508834699094E-017
          18          21  -1.2266682938876539E-028
          18          22  -1.7528508834373612E-017
          18          23   1.8598886408674979E-028
          18          24  -6.9020216273715254E-030
          18          25  -1.7528508834349231E-017
          18          26  -7.3950537645081758E-018
          18          27  -8.3186613397664464E-019
          18          28  -3.3071685829685636E-018
          18          29  -1.8601092239147699E-018
          18          30   3.1893638961999934E-018
          18          31   1.2983111019370017E-029
          18          32   3.1893638960218707E-018
          18          33  -3.3071685829808857E-018
          18          34  -8.3186613398353254E-019
          18          35   7.1316344764533085E-018
          19           1   3.9807757078641048E-003
          19           2   5.3680188149629593E-004
          19           3   9.5508325109168912E-004
          19           4   6.6067017649000374E-004
          19           5  -6.4488360548963003E-015
          19           6   9.4991691266596532E-016
          19           7   6.0134912740155958E-015
          19           8  -5.3974942472698551E-015
          19           9   7.4445706373016864E-016
          19          10   5.1229535840808701E-015
          19          11  -4.4937257335695930E-015
          19          12   5.7369756855054587E-016
          19          13   4.2265510884277440E-015
          19          14   1.1896625665446602E-005
          19          15   1.3575794388551690E-018
          19          16   1.1896625665468832E-005
          19          17   3.1697501139430753E-018
          19          18  -1.0662119394758179E-017
          19          19   1.1896625665465471E-005
          19          20   2.0494126230724106E-005
          19          21   1.5119145683559227E-017
          19          22   2.0494126230679803E-005
          19          23  -1.1066504958046089E-018
          19          24   1.0673141774026133E-017
          19          25   2.0494126230685746E-005
          19          26  -3.3348015446177228E-017
          19          27  -1.0685737187731920E-017
          19          28   4.5445052898849893E-018
          19          29  -3.0607226931281429E-017
          19          30   3.6203552686294424E-017
          19          31   2.2251275536142857E-018
          19          32   1.7800203822396164E-017
          19          33  -5.1702916098040743E-018
          19          34  -1.4915828133830216E-017
          19          35   7.4395938248332809E-017
          20           1   7.1992205612645393E-003
          20           2   8.3835895093588438E-004
          20           3   1.3365192901990642E-003
          20           4   9.4015943428406605E-004
          20           5  -2.3463657262317563E-014
          20           6   5.5634616516729606E-016
          20           7   2.8430986386375871E-014
          20           8  -1.9762918267729146E-014
          20           9   3.7034035827916891E-016
          20          10   2.4136430766528595E-014
          20          11  -1.6353939936596285E-014
          20          12   2.4254404014973571E-016
          20          13   1.9909377772364327E-014
          20          14   2.0494126230695463E-005
          20          15   4.1386064844234064E-018
          20          16   2.0494126230730848E-005
          20          17   3.7169269452766987E-018
          20          18  -1.7528508834699094E-017
          20          19   2.0494126230724106E-005
          20          20   3.5476950944812353E-005
          20          21   2.0669776516286502E-017
          20          22   3.5476950944745885E-005
          20          23   1.2457352985846963E-018
          20          24   1.3019620849777361E-017
          20          25   3.5476950944758360E-005
          20          26  -1.3458766485747126E-016
          20          27  -2.4714923271335627E-017
          20          28  -2.9730647154566806E-017
          20          29  -5.9525929137734068E-017
          20          30   1.1739059530880464E-016
          20          31   4.2609442971545625E-018
          20          32   8.3312205039651738E-017
          20          33  -4.6339405719279713E-017
          20          34  -2.8384074933099121E-017
          20          35   2.4342641943770907E-016
          21           1  -5.6282143302550719E-015
          21           2   3.3845000328035837E-015
          21           3   1.0873791710876813E-014
          21           4   7.0326482453309460E-015
          21           5   6.6731310874605134E-015
          21           6  -7.2255451298299769E-015
          21           7  -7.4513962272495057E-016
          21           8   5.6539604222774564E-015
          21           9  -6.1220051351897790E-015
          21          10  -6.3133624625989587E-016
          21          11   4.6620111195917235E-015
          21          12  -5.0479833033435497E-015
          21          13  -5.2057762527564250E-016
          21          14   1.5119145683516543E-017
          21          15  -1.5105256017729525E-028
          21          16   1.5119145683537987E-017
          21          17   9.4665782308425739E-029
          21          18  -1.2266682938876539E-028
          21          19   1.5119145683559227E-017
          21          20   2.0669776516286502E-017
          21          21   6.4832630212731356E-028
          21          22   2.0669776514781042E-017
          21          23  -4.4953898661822817E-028
          21          24   2.8845007911726366E-028
          21          25   2.0669776514862254E-017
          21          26   4.4027297883797585E-017
          21          27  -2.1319733159155033E-017
          21          28   1.9689606186946329E-017
          21          29  -4.7672372606068189E-017
          21          30  -2.1986159410616321E-018
          21          31  -5.6221377457951154E-029
          21          32  -2.1986159405252325E-018
          21          33   1.9689606186931695E-017
          21          34  -2.1319733159248571E-017
          21          35  -4.9162546994161433E-018
          22           1   7.1992205612692838E-003
          22           2   8.3835895092893757E-004
          22           3   1.3365192901778203E-003
          22           4   9.4015943427026654E-004
          22           5  -3.8785361558291662E-014
          22           6   1.5613825371510271E-014
          22           7   1.9695297619534974E-014
          22           8  -3.2744578564576583E-014
          22           9   1.3128128359182618E-014
          22          10   1.6734921895258393E-014
          22          11  -2.7057914739308769E-014
          22          12   1.0762061188626635E-014
          22          13   1.3806418760504798E-014
          22          14   2.0494126230651160E-005
          22          15   4.1386064847973958E-018
          22          16   2.0494126230686549E-005
          22          17   3.7169269451051770E-018
          22          18  -1.7528508834373612E-017
          22          19   2.0494126230679803E-005
          22          20   3.5476950944745885E-005
          22          21   2.0669776514781042E-017
          22          22   3.5476950944679403E-005
          22          23   1.2457352994096846E-018
          22          24   1.3019620849027908E-017
          22          25   3.5476950944691885E-005
          22          26  -2.3567426809656143E-016
          22          27   1.9713359428048964E-017
          22          28  -7.4937950446390591E-017
          22          29   3.9818731101941735E-017
          22          30   9.1615269383794652E-017
          22          31   4.2609442972502173E-018
          22          32   5.7536879113462832E-017
          22          33  -9.1546709011052616E-017
          22          34   1.6044207766340752E-017
          22          35   1.8579103852472143E-016
          23           1   5.8960333433212826E-015
          23           2  -1.6343959303028834E-015
          23           3  -5.7528800820560860E-015
          23           4  -3.6926695618054772E-015
          23           5  -6.3573173728028561E-015
          23           6   2.5030162163028717E-015
          23           7   6.4082488053069073E-015
          23           8  -5.3863806571912770E-015
          23           9   2.1207367205587892E-015
          23          10   5.4295343634885114E-015
          23          11  -4.4413338271581681E-015
          23          12   1.7486738222451792E-015
          23          13   4.4768407744175890E-015
          23          14  -1.1066504961947114E-018
