           1           1   1.9792742383293427     
           1           2   1.1680808579805402E-002
           1           3  -3.8949004396825242E-002
           1           4   4.6288711453277157E-003
           1           5  -3.3162868416932551E-015
           1           6   1.3566098169715391E-014
           1           7   1.1468459923812697E-014
           1           8   3.1987077647009273E-015
           1           9  -2.6523829847403561E-016
           1          10   9.2484374267822464E-015
           1          11  -1.8902071575627599E-015
           1          12   1.4478163769577654E-015
           1          13  -5.1696390674022766E-015
           1          14   4.4909384629123472E-003
           1          15   3.0553164756285959E-015
           1          16   4.4909384629108536E-003
           1          17  -8.1612692628373354E-016
           1          18  -2.9137240790050646E-015
           1          19   4.4909384629127419E-003
           1          20   7.9576157004466169E-003
           1          21  -5.4368182789924867E-016
           1          22   7.9576157004430225E-003
           1          23   1.0333277937006603E-015
           1          24  -2.1023566924880037E-015
           1          25   7.9576157004401168E-003
           1          26   1.0246379467655504E-015
           1          27  -3.4812303045632802E-015
           1          28   3.3705535267815951E-015
           1          29  -6.4502795538554792E-015
           1          30  -3.6277205111331526E-015
           1          31  -2.4274317698961074E-016
           1          32  -4.9522460682954797E-015
           1          33  -1.1617104990454890E-017
           1          34  -4.6572089808854396E-015
           1          35  -1.2292881773376354E-014
           2           1   1.1680808579805402E-002
           2           2   7.4644130055832950E-005
           2           3   3.1287450985970906E-003
           2           4   2.9830904608314147E-005
           2           5  -1.6069862486809406E-017
           2           6  -2.0981715781911691E-017
           2           7  -6.2037711868756411E-017
           2           8  -3.3019011956540817E-015
           2           9   1.4435513416423434E-014
           2          10   1.7577536511493051E-014
           2          11   8.0194985843655040E-018
           2          12   2.1203969840512143E-017
           2          13  -1.1116100013292244E-017
           2          14   2.9624722072143309E-005
           2          15   1.9605735558391886E-017
           2          16   2.9624722072133883E-005
           2          17  -5.6155339122473766E-018
           2          18  -1.6170345345232771E-017
           2          19   2.9624722072147869E-005
           2          20   5.1421780943482104E-005
           2          21  -4.0763844600659566E-018
           2          22   5.1421780943452817E-005
           2          23   5.5657129604666981E-018
           2          24  -1.2713686476038222E-017
           2          25   5.1421780943438234E-005
           2          26   1.9195545062770664E-018
           2          27  -3.4833650053963460E-018
           2          28   1.7543819582025960E-017
           2          29   3.7535539307774486E-018
           2          30   1.2368374364006029E-018
           2          31  -1.1384857642923991E-018
           2          32  -2.2495574070218515E-018
           2          33  -9.4120674035136545E-019
           2          34  -7.9063790856101460E-018
           2          35  -1.8297701702771774E-017
           3           1  -3.8949004396825242E-002
           3           2   3.1287450985970906E-003
           3           3   1.9765924744205461     
           3           4   1.3874771209556637E-003
           3           5  -1.2517369606025982E-014
           3           6   3.3229594249686313E-015
           3           7  -6.9435204023833712E-017
           3           8   1.4284355708997677E-014
           3           9   2.1439972108691111E-014
           3          10   3.1032691975293087E-014
           3          11   1.3714709538105691E-014
           3          12  -2.8726637991691651E-015
           3          13  -9.6169840045908719E-016
           3          14   1.7477728644685235E-003
           3          15   8.6604993840375638E-016
           3          16   1.7477728644681918E-003
           3          17  -4.5363794032899532E-016
           3          18   6.6033099937279231E-016
           3          19   1.7477728644698268E-003
           3          20   2.4668300954393263E-003
           3          21  -4.9986217522675659E-016
           3          22   2.4668300954346460E-003
           3          23  -3.3356266926644559E-016
           3          24  -1.3855435528513482E-016
           3          25   2.4668300954362159E-003
           3          26   3.7554155796229882E-015
           3          27  -1.8373837743118258E-015
           3          28   1.3268954727881649E-015
           3          29  -1.9762824448341718E-015
           3          30  -1.0946177179900233E-015
           3          31   1.7760538359594590E-016
           3          32   1.4783011563551764E-015
           3          33   2.2610869620012308E-015
           3          34  -3.3373977804429595E-016
           3          35  -2.4144994126346405E-016
           4           1   4.6288711453277157E-003
           4           2   2.9830904608314147E-005
           4           3   1.3874771209556637E-003
           4           4   1.1931866606361336E-005
           4           5   7.4018843163767797E-017
           4           6   1.0337926921725552E-015
           4           7   1.2528815653517965E-015
           4           8  -1.2238945376464427E-014
           4           9  -1.3430360801784083E-013
           4          10  -1.6472258693302652E-013
           4          11  -9.0878802074354815E-018
           4          12  -1.6194154344444683E-016
           4          13  -2.1301940625302239E-016
           4          14   1.1876867798484325E-005
           4          15   7.8368152793460513E-018
           4          16   1.1876867798480561E-005
           4          17  -2.2559742979506008E-018
           4          18  -6.3639399792803952E-018
           4          19   1.1876867798486231E-005
           4          20   2.0573425242480769E-005
           4          21  -1.6538867467987744E-018
           4          22   2.0573425242468816E-005
           4          23   2.1825023993158531E-018
           4          24  -5.0472859586746895E-018
           4          25   2.0573425242463151E-005
           4          26  -3.3415792232828461E-017
           4          27  -1.9892328009268710E-016
           4          28  -8.3546665798717238E-018
           4          29  -4.4007651113770159E-016
           4          30  -2.4163847996539858E-016
           4          31  -4.4005756681017545E-019
           4          32  -2.4283659193021468E-016
           4          33  -1.5616025725017714E-017
           4          34  -2.0056794450397498E-016
           4          35  -5.4851437468051608E-016
           5           1  -3.3162868416932551E-015
           5           2  -1.6069862486809406E-017
           5           3  -1.2517369606025982E-014
           5           4   7.4018843163767797E-017
           5           5   1.1115373921369146E-004
           5           6   9.4815174049751871E-017
           5           7  -1.7131580171397126E-016
           5           8  -1.4939439222415092E-002
           5           9   1.3736299424305098E-014
           5          10   3.8508259081471152E-014
           5          11  -1.8185994029671085E-005
           5          12   1.8843264351208616E-016
           5          13  -3.6580706013953062E-016
           5          14  -1.7301548646822377E-017
           5          15  -5.5708878756660163E-018
           5          16  -3.3058993550760061E-017
           5          17  -7.0910925545359764E-018
           5          18   1.0022880644703141E-017
           5          19  -8.2157725805076721E-019
           5          20  -5.8237413240639091E-017
           5          21  -4.7256007794446765E-017
           5          22   6.0699042447410198E-017
           5          23   7.2830985068383973E-017
           5          24   1.1863440055699234E-016
           5          25  -1.7595150594272325E-016
           5          26  -4.7094513725171473E-005
           5          27  -1.4034171265701282E-017
           5          28  -2.1061306811357313E-005
           5          29  -6.0736497482869606E-018
           5          30   1.2287695207581321E-017
           5          31  -8.4780775689492819E-019
           5          32   1.4704915480808281E-017
           5          33  -2.1061306811335554E-005
           5          34   2.1522048398547704E-018
           5          35   9.4036327254751542E-017
           6           1   1.3566098169715391E-014
           6           2  -2.0981715781911691E-017
           6           3   3.3229594249686313E-015
           6           4   1.0337926921725552E-015
           6           5   9.4815174049751871E-017
           6           6   1.1115373921559879E-004
           6           7   1.3983209528429727E-015
           6           8  -2.6853844668772719E-014
           6           9  -1.4939439222543798E-002
           6          10  -9.8810716553376921E-014
           6          11   1.5666636689120814E-016
           6          12  -1.8185994029751245E-005
           6          13  -3.6590002200549178E-016
           6          14  -7.0245627305036287E-017
           6          15  -2.6257952715005685E-017
           6          16  -4.6941050695014499E-017
           6          17  -5.1900342952520690E-018
           6          18  -5.1800754035780503E-017
           6          19  -5.4710113438973941E-017
           6          20  -3.1515302015418351E-016
           6          21  -2.7699008727950605E-016
           6          22  -4.5037251314078205E-016
           6          23  -2.6798795530629035E-016
           6          24   1.3938078190615928E-016
           6          25  -2.6914154570802380E-016
           6          26  -4.7470267462972754E-017
           6          27  -2.1061306811688869E-005
           6          28   9.9218263067816538E-018
           6          29  -4.7094513725941649E-005
           6          30  -2.4851650210909633E-016
           6          31  -1.3614639798957984E-017
           6          32  -1.5006607440796581E-016
           6          33   6.7290414912249755E-018
           6          34  -2.1061306811546401E-005
           6          35  -4.4238752065902873E-016
           7           1   1.1468459923812697E-014
           7           2  -6.2037711868756411E-017
           7           3  -6.9435204023833712E-017
           7           4   1.2528815653517965E-015
           7           5  -1.7131580171397126E-016
           7           6   1.3983209528429727E-015
           7           7   1.1115373921531764E-004
           7           8  -1.5169723116548184E-014
           7           9  -8.9901827302063531E-014
           7          10  -1.4939439222524564E-002
           7          11   3.5333979394713139E-017
           7          12   2.6798640143468368E-017
           7          13  -1.8185994030213572E-005
           7          14  -1.0329679293238856E-016
           7          15  -5.8113019279562876E-017
           7          16  -1.1407445512542386E-016
           7          17  -1.6933517462896254E-017
           7          18  -3.6662147072924803E-017
           7          19  -3.0706541522647922E-017
           7          20  -4.0345998976329184E-016
           7          21  -4.1868237744093773E-016
           7          22  -5.5628553537200908E-016
           7          23  -2.2114407447515041E-016
           7          24   2.3403081808580567E-016
           7          25  -3.8926448974919969E-016
           7          26   5.7826515792577457E-017
           7          27  -2.6099816786159889E-016
           7          28   3.0272322260158253E-017
           7          29  -5.7590363006882958E-016
           7          30  -2.1061306811665917E-005
           7          31  -1.0211749282461536E-017
           7          32  -2.1061306811552198E-005
           7          33   6.0773555174311981E-017
           7          34  -9.8271280232786230E-017
           7          35  -4.7094513725681291E-005
           8           1   3.1987077647009273E-015
           8           2  -3.3019011956540817E-015
           8           3   1.4284355708997677E-014
           8           4  -1.2238945376464427E-014
           8           5  -1.4939439222415092E-002
           8           6  -2.6853844668772719E-014
           8           7  -1.5169723116548184E-014
           8           8   2.0079112580691532     
           8           9   5.0293103015519591E-014
           8          10  -4.2105208208909062E-014
           8          11   2.4442593009784356E-003
           8          12  -2.3020769860694623E-014
           8          13   5.5402026282597161E-014
           8          14  -2.3702472542354257E-016
           8          15   7.4872879125761592E-016
           8          16   1.8808792275059122E-015
           8          17   9.5300636882381977E-016
           8          18  -1.3470847680469351E-015
           8          19  -2.4518853858535898E-015
           8          20   3.8214923410059042E-015
           8          21   6.3512387996378123E-015
           8          22  -1.2163392791902977E-014
           8          23  -9.7886263628233518E-015
           8          24  -1.5944593033253263E-014
           8          25   1.9642712159480885E-014
           8          26   6.3296622386500032E-003
           8          27   4.5597884192408178E-015
           8          28   2.8307110080471503E-003
           8          29   6.7946950149666563E-015
           8          30   5.5854843319935732E-015
           8          31   1.1394759770499842E-016
           8          32   5.2607115712255403E-015
           8          33   2.8307110080442255E-003
           8          34   2.3844045227844335E-015
           8          35   3.5437148007688712E-015
           9           1  -2.6523829847403561E-016
           9           2   1.4435513416423434E-014
           9           3   2.1439972108691111E-014
           9           4  -1.3430360801784083E-013
           9           5   1.3736299424305098E-014
           9           6  -1.4939439222543798E-002
           9           7  -8.9901827302063531E-014
           9           8   5.0293103015519591E-014
           9           9   2.0079112580692957     
           9          10   1.0438871989038034E-013
           9          11  -2.5384344149240179E-014
           9          12   2.4442593009683512E-003
           9          13   3.3164389203615974E-014
           9          14   1.4045861667591759E-014
           9          15   3.5290518774916180E-015
           9          16   1.0913619992047652E-014
           9          17   6.9754041384334178E-016
           9          18   6.9620329763688515E-015
           9          19   1.1957857427031956E-014
           9          20   5.0355622963339443E-014
           9          21   3.7227596253445964E-014
           9          22   6.8529086138426169E-014
           9          23   3.6017877706935452E-014
           9          24  -1.8733010364403876E-014
           9          25   4.4171637355810358E-014
           9          26  -4.8392279766718005E-015
           9          27   2.8307110080675272E-003
           9          28  -6.3507819879696226E-015
           9          29   6.3296622386994367E-003
           9          30   1.4826003922815967E-014
           9          31   1.8298313650013274E-015
           9          32   1.5941566643140614E-015
           9          33  -5.9217631883171085E-015
           9          34   2.8307110080483793E-003
           9          35   1.7922404012271631E-014
          10           1   9.2484374267822464E-015
          10           2   1.7577536511493051E-014
          10           3   3.1032691975293087E-014
          10           4  -1.6472258693302652E-013
          10           5   3.8508259081471152E-014
          10           6  -9.8810716553376921E-014
          10           7  -1.4939439222524564E-002
          10           8  -4.2105208208909062E-014
          10           9   1.0438871989038034E-013
          10          10   2.0079112580692042     
          10          11  -7.2867601709492025E-015
          10          12  -1.8159220871796777E-014
          10          13   2.4442593010335209E-003
          10          14   1.7450047453190927E-014
          10          15   7.8104493498357054E-015
          10          16   1.8898583340818310E-014
          10          17   2.2758459250424163E-015
          10          18   4.9274019951920569E-015
          10          19   7.6937525775661207E-015
          10          20   6.0528868435207491E-014
          10          21   5.6271377932124023E-014
          10          22   8.1068801721649044E-014
          10          23   2.9721824393200213E-014
          10          24  -3.1454054396245650E-014
          10          25   5.8621005689776867E-014
          10          26  -1.4331743257434137E-014
          10          27   1.8191502991482533E-014
          10          28  -7.0023197309976304E-015
          10          29   3.9641575612370250E-014
          10          30   2.8307110080679570E-003
          10          31   1.3724779154832747E-015
          10          32   2.8307110080526732E-003
          10          33  -1.1101688145165323E-014
          10          34  -3.6791316521123107E-015
          10          35   6.3296622386723031E-003
          11           1  -1.8902071575627599E-015
          11           2   8.0194985843655040E-018
          11           3   1.3714709538105691E-014
          11           4  -9.0878802074354815E-018
          11           5  -1.8185994029671085E-005
          11           6   1.5666636689120814E-016
          11           7   3.5333979394713139E-017
          11           8   2.4442593009784356E-003
          11           9  -2.5384344149240179E-014
          11          10  -7.2867601709492025E-015
          11          11   2.9754419006029751E-006
          11          12  -5.8894518459946723E-017
          11          13   5.8465919788636047E-017
          11          14   8.0955022405264884E-018
          11          15   9.0915084117989388E-019
          11          16   1.0680218430232313E-017
          11          17   1.1521627568509754E-018
          11          18  -1.6366270001594136E-018
          11          19   5.4128923840643419E-018
          11          20   1.5125238178204646E-017
          11          21   7.7145405103417796E-018
          11          22  -4.2575409782475803E-018
          11          23  -1.1902067296932124E-017
          11          24  -1.9373804474799089E-017
          11          25   3.4390790027469686E-017
          11          26   7.7051891237343072E-006
          11          27  -3.0326294140766113E-017
          11          28   3.4458653320325840E-006
          11          29  -7.1955237111016000E-017
          11          30  -3.4061841787055586E-018
          11          31   1.3862627999857339E-019
          11          32  -3.8004250760932320E-018
          11          33   3.4458653320290341E-006
          11          34  -3.2972451537768149E-017
          11          35  -1.8480882480549545E-017
          12           1   1.4478163769577654E-015
          12           2   2.1203969840512143E-017
          12           3  -2.8726637991691651E-015
          12           4  -1.6194154344444683E-016
          12           5   1.8843264351208616E-016
          12           6  -1.8185994029751245E-005
          12           7   2.6798640143468368E-017
          12           8  -2.3020769860694623E-014
          12           9   2.4442593009683512E-003
          12          10  -1.8159220871796777E-014
          12          11  -5.8894518459946723E-017
          12          12   2.9754419005783912E-006
          12          13   1.8099982352081127E-017
          12          14   1.7687752934297996E-017
          12          15   4.2820511834971560E-018
          12          16   1.3871204636010854E-017
          12          17   8.4679049488458082E-019
          12          18   8.4534568815393339E-018
          12          19   1.5148814899065667E-017
          12          20   6.3202668930792889E-017
          12          21   4.5211293198943600E-017
          12          22   8.5260490162259483E-017
          12          23   4.3764754158322338E-017
          12          24  -2.2772568051686051E-017
          12          25   5.5689586416534330E-017
          12          26  -7.8641291680167820E-017
          12          27   3.4458653320429017E-006
          12          28  -4.0257252521510353E-017
          12          29   7.7051891237620560E-006
          12          30  -7.7623158077568151E-018
          12          31   2.2245433803766450E-018
          12          32  -2.3837095322512113E-017
          12          33  -3.9736539017185771E-017
          12          34   3.4458653320196371E-006
          12          35  -3.5858398668181957E-017
          13           1  -5.1696390674022766E-015
          13           2  -1.1116100013292244E-017
          13           3  -9.6169840045908719E-016
          13           4  -2.1301940625302239E-016
          13           5  -3.6580706013953062E-016
          13           6  -3.6590002200549178E-016
          13           7  -1.8185994030213572E-005
          13           8   5.5402026282597161E-014
          13           9   3.3164389203615974E-014
          13          10   2.4442593010335209E-003
          13          11   5.8465919788636047E-017
          13          12   1.8099982352081127E-017
          13          13   2.9754419007368851E-006
          13          14   8.4222238900548321E-018
          13          15   9.4897310614637584E-018
          13          16   1.0183126497164592E-017
          13          17   2.7604118149396657E-018
          13          18   5.9831191243411173E-018
          13          19  -3.4436288603355074E-018
          13          20   5.1234831264237030E-017
          13          21   6.8374876665463690E-017
          13          22   7.6194006455288113E-017
          13          23   3.6090367081108530E-017
          13          24  -3.8226351310401925E-017
          13          25   4.8920316119763668E-017
          13          26   1.5739396819289958E-016
          13          27   6.8683942929160689E-017
          13          28   6.9667506999600542E-017
          13          29   1.5231441748733395E-016
          13          30   3.4458653321354528E-006
          13          31   1.6686629630972138E-018
          13          32   3.4458653321168833E-006
          13          33   6.4687112088422866E-017
          13          34   4.2108919483767457E-017
          13          35   7.7051891239348779E-006
          14           1   4.4909384629123472E-003
          14           2   2.9624722072143309E-005
          14           3   1.7477728644685235E-003
          14           4   1.1876867798484325E-005
          14           5  -1.7301548646822377E-017
          14           6  -7.0245627305036287E-017
          14           7  -1.0329679293238856E-016
          14           8  -2.3702472542354257E-016
          14           9   1.4045861667591759E-014
          14          10   1.7450047453190927E-014
          14          11   8.0955022405264884E-018
          14          12   1.7687752934297996E-017
          14          13   8.4222238900548321E-018
          14          14   1.1896203773541416E-005
          14          15   7.7931923935020376E-018
          14          16   1.1896203773537692E-005
          14          17  -2.2883455854231525E-018
          14          18  -6.0508095009590224E-018
          14          19   1.1896203773543531E-005
          14          20   2.0493654008212460E-005
          14          21  -1.7080674237876552E-018
          14          22   2.0493654008199890E-005
          14          23   2.0535186963114237E-018
          14          24  -4.9374929889052049E-018
          14          25   2.0493654008194702E-005
          14          26   5.0212965025594767E-018
          14          27   1.0104137978137795E-017
          14          28   8.5792272909516084E-018
          14          29   2.7626331499230101E-017
          14          30   1.5215204711138745E-017
          14          31  -3.9014078723729300E-019
          14          32   1.4576794832992124E-017
          14          33   1.7114463866563777E-018
          14          34   8.8117347506997106E-018
          14          35   2.6509347686464857E-017
          15           1   3.0553164756285959E-015
          15           2   1.9605735558391886E-017
          15           3   8.6604993840375638E-016
          15           4   7.8368152793460513E-018
          15           5  -5.5708878756660163E-018
          15           6  -2.6257952715005685E-017
          15           7  -5.8113019279562876E-017
          15           8   7.4872879125761592E-016
          15           9   3.5290518774916180E-015
          15          10   7.8104493498357054E-015
          15          11   9.0915084117989388E-019
          15          12   4.2820511834971560E-018
          15          13   9.4897310614637584E-018
          15          14   7.7931923935020376E-018
          15          15   9.6870001719817531E-029
          15          16   7.7931923935080588E-018
          15          17   3.0882970398283035E-029
          15          18   8.3701785169964711E-029
          15          19   7.7931923934342063E-018
          15          20   1.3513704750059374E-017
          15          21   6.6914797405790191E-028
          15          22   1.3513704750308863E-017
          15          23   4.5414541881699472E-028
          15          24  -3.3532099976358920E-028
          15          25   1.3513704749992213E-017
          15          26   2.3602420597986321E-018
          15          27   4.9751237437091018E-018
          15          28   1.0555323377995333E-018
          15          29   1.1124714887432302E-017
          15          30   1.1010930159348225E-017
          15          31   1.6531001913803455E-029
          15          32   1.1010930159152627E-017
          15          33   1.0555323377581260E-018
          15          34   4.9751237434350681E-018
          15          35   2.4621188331494642E-017
          16           1   4.4909384629108536E-003
          16           2   2.9624722072133883E-005
          16           3   1.7477728644681918E-003
          16           4   1.1876867798480561E-005
          16           5  -3.3058993550760061E-017
          16           6  -4.6941050695014499E-017
          16           7  -1.1407445512542386E-016
          16           8   1.8808792275059122E-015
          16           9   1.0913619992047652E-014
          16          10   1.8898583340818310E-014
          16          11   1.0680218430232313E-017
          16          12   1.3871204636010854E-017
          16          13   1.0183126497164592E-017
          16          14   1.1896203773537692E-005
          16          15   7.7931923935080588E-018
          16          16   1.1896203773533968E-005
          16          17  -2.2883455854236887E-018
          16          18  -6.0508095009511484E-018
          16          19   1.1896203773539806E-005
          16          20   2.0493654008205978E-005
          16          21  -1.7080674237389526E-018
          16          22   2.0493654008193408E-005
          16          23   2.0535186963254776E-018
          16          24  -4.9374929889172535E-018
          16          25   2.0493654008188218E-005
          16          26   1.1697757983680075E-017
          16          27   5.6883541798285169E-018
          16          28   1.1565031635131317E-017
          16          29   1.7752338752258373E-017
          16          30   1.7257309787919965E-017
          16          31  -3.9014078723669760E-019
          16          32   1.6618899909765446E-017
          16          33   4.6972507308386728E-018
          16          34   4.3959509523781647E-018
          16          35   3.1075633455335432E-017
          17           1  -8.1612692628373354E-016
          17           2  -5.6155339122473766E-018
          17           3  -4.5363794032899532E-016
          17           4  -2.2559742979506008E-018
          17           5  -7.0910925545359764E-018
          17           6  -5.1900342952520690E-018
          17           7  -1.6933517462896254E-017
          17           8   9.5300636882381977E-016
          17           9   6.9754041384334178E-016
          17          10   2.2758459250424163E-015
          17          11   1.1521627568509754E-018
          17          12   8.4679049488458082E-019
          17          13   2.7604118149396657E-018
          17          14  -2.2883455854231525E-018
          17          15   3.0882970398283035E-029
          17          16  -2.2883455854236887E-018
          17          17   2.3492890214518144E-029
          17          18   2.6069751122294224E-029
          17          19  -2.2883455854588785E-018
          17          20  -3.9052447964472279E-018
          17          21   2.4613436174072937E-028
          17          22  -3.9052447964179523E-018
          17          23   1.4054915829149594E-028
          17          24  -1.4633734188579437E-028
          17          25  -3.9052447964498526E-018
          17          26   3.0041449419241030E-018
          17          27   9.8336783695909567E-019
          17          28   1.3434944608832760E-018
          17          29   2.1988773303308125E-018
          17          30   3.2083970235466681E-018
          17          31   4.3269600588484678E-030
          17          32   3.2083970234755704E-018
          17          33   1.3434944608610354E-018
          17          34   9.8336783686522989E-019
          17          35   7.1741938433255094E-018
          18           1  -2.9137240790050646E-015
          18           2  -1.6170345345232771E-017
          18           3   6.6033099937279231E-016
          18           4  -6.3639399792803952E-018
          18           5   1.0022880644703141E-017
          18           6  -5.1800754035780503E-017
          18           7  -3.6662147072924803E-017
          18           8  -1.3470847680469351E-015
          18           9   6.9620329763688515E-015
          18          10   4.9274019951920569E-015
          18          11  -1.6366270001594136E-018
          18          12   8.4534568815393339E-018
          18          13   5.9831191243411173E-018
          18          14  -6.0508095009590224E-018
          18          15   8.3701785169964711E-029
          18          16  -6.0508095009511484E-018
          18          17   2.6069751122294224E-029
          18          18   1.1317179000803292E-028
          18          19  -6.0508095010069542E-018
          18          20  -1.0913830328594869E-017
          18          21   6.8257301518851357E-028
          18          22  -1.0913830328231737E-017
          18          23   5.2093800402022943E-028
          18          24  -2.8203473642451425E-028
          18          25  -1.0913830328664734E-017
          18          26  -4.2464677525385071E-018
          18          27   9.8148357773131104E-018
          18          28  -1.8990781118327947E-018
          18          29   2.1946639986097210E-017
          18          30   6.9464833346227164E-018
          18          31   1.9870956033964862E-029
          18          32   6.9464833344166049E-018
          18          33  -1.8990781118418142E-018
          18          34   9.8148357770269973E-018
          18          35   1.5532808940513464E-017
          19           1   4.4909384629127419E-003
          19           2   2.9624722072147869E-005
          19           3   1.7477728644698268E-003
          19           4   1.1876867798486231E-005
          19           5  -8.2157725805076721E-019
          19           6  -5.4710113438973941E-017
          19           7  -3.0706541522647922E-017
          19           8  -2.4518853858535898E-015
          19           9   1.1957857427031956E-014
          19          10   7.6937525775661207E-015
          19          11   5.4128923840643419E-018
          19          12   1.5148814899065667E-017
          19          13  -3.4436288603355074E-018
          19          14   1.1896203773543531E-005
          19          15   7.7931923934342063E-018
          19          16   1.1896203773539806E-005
          19          17  -2.2883455854588785E-018
          19          18  -6.0508095010069542E-018
          19          19   1.1896203773545647E-005
          19          20   2.0493654008215790E-005
          19          21  -1.7080674242961138E-018
          19          22   2.0493654008203220E-005
          19          23   2.0535186960386997E-018
          19          24  -4.9374929885893455E-018
          19          25   2.0493654008198033E-005
          19          26  -1.9606157901723901E-018
          19          27   7.1605255815884048E-018
          19          28   5.4568211910472607E-018
          19          29   2.1044214081129004E-017
          19          30   1.4610309138308702E-018
          19          31  -3.9014078724913467E-019
          19          32   8.2262103582435185E-019
          19          33  -1.4109597132007674E-018
          19          34   5.8681223543472240E-018
          19          35  -4.2459198984007699E-018
          20           1   7.9576157004466169E-003
          20           2   5.1421780943482104E-005
          20           3   2.4668300954393263E-003
          20           4   2.0573425242480769E-005
          20           5  -5.8237413240639091E-017
          20           6  -3.1515302015418351E-016
          20           7  -4.0345998976329184E-016
          20           8   3.8214923410059042E-015
          20           9   5.0355622963339443E-014
          20          10   6.0528868435207491E-014
          20          11   1.5125238178204646E-017
          20          12   6.3202668930792889E-017
          20          13   5.1234831264237030E-017
          20          14   2.0493654008212460E-005
          20          15   1.3513704750059374E-017
          20          16   2.0493654008205978E-005
          20          17  -3.9052447964472279E-018
          20          18  -1.0913830328594869E-017
          20          19   2.0493654008215790E-005
          20          20   3.5476644999447553E-005
          20          21  -2.8637308802971079E-018
          20          22   3.5476644999426791E-005
          20          23   3.7385514976431402E-018
          20          24  -8.6917412572445149E-018
          20          25   3.5476644999417114E-005
          20          26   2.1078120619512568E-017
          20          27   5.4424171641534266E-017
          20          28   2.0743354072815958E-017
          20          29   1.2992587163486379E-016
          20          30   6.9087292483965514E-017
          20          31  -7.4631272878207589E-019
          20          32   6.7144267887875056E-017
          20          33   8.2975161039148065E-018
          20          34   5.1662142204495152E-017
          20          35   1.4049462981046342E-016
          21           1  -5.4368182789924867E-016
          21           2  -4.0763844600659566E-018
          21           3  -4.9986217522675659E-016
          21           4  -1.6538867467987744E-018
          21           5  -4.7256007794446765E-017
          21           6  -2.7699008727950605E-016
          21           7  -4.1868237744093773E-016
          21           8   6.3512387996378123E-015
          21           9   3.7227596253445964E-014
          21          10   5.6271377932124023E-014
          21          11   7.7145405103417796E-018
          21          12   4.5211293198943600E-017
          21          13   6.8374876665463690E-017
          21          14  -1.7080674237876552E-018
          21          15   6.6914797405790191E-028
          21          16  -1.7080674237389526E-018
          21          17   2.4613436174072937E-028
          21          18   6.8257301518851357E-028
          21          19  -1.7080674242961138E-018
          21          20  -2.8637308802971079E-018
          21          21   5.0568903630581592E-027
          21          22  -2.8637308782962250E-018
          21          23   3.4636518771884119E-027
          21          24  -2.4817850872057473E-027
          21          25  -2.8637308806835492E-018
          21          26   2.0021239843762241E-017
          21          27   5.2482227987466142E-017
          21          28   8.9537706567203820E-018
          21          29   1.1735382939077197E-016
          21          30   7.9329670759543626E-017
          21          31   1.3112069816651417E-028
          21          32   7.9329670758052667E-017
          21          33   8.9537706564770847E-018
          21          34   5.2482227985392756E-017
          21          35   1.7738653644874359E-016
          22           1   7.9576157004430225E-003
          22           2   5.1421780943452817E-005
          22           3   2.4668300954346460E-003
          22           4   2.0573425242468816E-005
          22           5   6.0699042447410198E-017
          22           6  -4.5037251314078205E-016
          22           7  -5.5628553537200908E-016
          22           8  -1.2163392791902977E-014
          22           9   6.8529086138426169E-014
          22          10   8.1068801721649044E-014
          22          11  -4.2575409782475803E-018
          22          12   8.5260490162259483E-017
          22          13   7.6194006455288113E-017
          22          14   2.0493654008199890E-005
          22          15   1.3513704750308863E-017
          22          16   2.0493654008193408E-005
          22          17  -3.9052447964179523E-018
          22          18  -1.0913830328231737E-017
          22          19   2.0493654008203220E-005
          22          20   3.5476644999426791E-005
          22          21  -2.8637308782962250E-018
          22          22   3.5476644999406028E-005
          22          23   3.7385514993918461E-018
          22          24  -8.6917412578138784E-018
          22          25   3.5476644999396352E-005
          22          26  -2.9311294047529876E-017
          22          27   8.0044460427182565E-017
          22          28  -1.7914772357815703E-018
          22          29   1.8721457896281219E-016
          22          30   9.8043868823192677E-017
          22          31  -7.4631272872555919E-019
          22          32   9.6100844226450805E-017
          22          33  -1.4237315204644870E-017
          22          34   7.7282430989267310E-017
          22          35   2.0524350289997523E-016
          23           1   1.0333277937006603E-015
          23           2   5.5657129604666981E-018
          23           3  -3.3356266926644559E-016
          23           4   2.1825023993158531E-018
          23           5   7.2830985068383973E-017
          23           6  -2.6798795530629035E-016
          23           7  -2.2114407447515041E-016
          23           8  -9.7886263628233518E-015
          23           9   3.6017877706935452E-014
          23          10   2.9721824393200213E-014
          23          11  -1.1902067296932124E-017
          23          12   4.3764754158322338E-017
          23          13   3.6090367081108530E-017
          23          14   2.0535186963114237E-018
