           1           1   2.2410684147213509     
           1           2 -0.41567705324157611     
           1           3 -0.43908597143907391     
           1           4  0.12816813664266757     
           1           5   5.0537748366242932E-014
           1           6   8.3246973490368113E-014
           1           7   1.3238556879014493E-014
           1           8  -1.3618749382668123E-013
           1           9  -1.9023131614841170E-013
           1          10  -1.8423634435188536E-014
           1          11   4.7912340308362966E-014
           1          12   6.2570873247283022E-014
           1          13   2.9524863067949006E-015
           1          14   8.3440041725349426E-002
           1          15  -1.8387243878300926E-015
           1          16   8.3440041725348496E-002
           1          17  -2.2488697000487511E-015
           1          18  -3.7521425069476934E-015
           1          19   8.3440041725347650E-002
           1          20   4.2696415024243629E-002
           1          21   1.0333901889289170E-015
           1          22   4.2696415024248598E-002
           1          23   1.2208473711132523E-015
           1          24  -1.2850874654284846E-015
           1          25   4.2696415024244726E-002
           1          26   5.5780604144515150E-015
           1          27   5.5391350751144994E-016
           1          28   2.2317038368892967E-015
           1          29  -2.8826748741411086E-015
           1          30   2.9892057091298899E-016
           1          31   2.4927971303084272E-017
           1          32  -2.6390485240331058E-015
           1          33  -3.5254747089671105E-016
           1          34   9.9364675636112494E-016
           1          35  -7.0619306155426817E-015
           2           1 -0.41567705324157611     
           2           2  0.58053607569554555     
           2           3   1.1821426123359238     
           2           4 -0.36279246956452221     
           2           5  -2.0158657641210302E-013
           2           6  -2.4798681262102158E-013
           2           7  -6.9659759896661792E-014
           2           8   4.6235687825092530E-013
           2           9   6.2401867307869384E-013
           2          10   1.4222002003292094E-013
           2          11  -1.5162763677315404E-013
           2          12  -2.1157117493637696E-013
           2          13  -4.4136712004933410E-014
           2          14  -5.3880932723857758E-002
           2          15   1.6646066559028780E-016
           2          16  -5.3880932723857314E-002
           2          17   3.5788554485265829E-015
           2          18   1.3883300130058661E-015
           2          19  -5.3880932723849147E-002
           2          20 -0.10122202667873632     
           2          21  -2.2447921558043040E-015
           2          22 -0.10122202667874429     
           2          23   2.2388128583447641E-016
           2          24   1.3029786640478557E-015
           2          25 -0.10122202667874343     
           2          26  -1.2925142104951844E-015
           2          27  -2.4109934330507712E-015
           2          28   3.7293835214680489E-016
           2          29  -1.1688915166155639E-014
           2          30  -4.5875537873358521E-016
           2          31   8.5122280357262201E-016
           2          32   1.1330022353315196E-015
           2          33   2.9660049174707975E-015
           2          34  -3.9366744589523195E-015
           2          35   3.4572603907092187E-015
           3           1 -0.43908597143907391     
           3           2   1.1821426123359238     
           3           3   2.4925748775810823     
           3           4 -0.76633645698106700     
           3           5  -4.7998955229971639E-013
           3           6  -6.0012218669128113E-013
           3           7  -1.7374157805626316E-013
           3           8   1.1023341355597949E-012
           3           9   1.5059520129585541E-012
           3          10   3.6538370618803852E-013
           3          11  -3.6164251550380764E-013
           3          12  -5.1021483100890903E-013
           3          13  -1.1539726230909486E-013
           3          14 -0.10031453508179869     
           3          15  -2.1461456274770443E-017
           3          16 -0.10031453508179791     
           3          17   7.3533523996542492E-015
           3          18   2.2489424939451413E-015
           3          19 -0.10031453508178025     
           3          20 -0.21236013126172179     
           3          21  -4.6913581711363582E-015
           3          22 -0.21236013126173819     
           3          23   7.4538565764689148E-016
           3          24   2.5794412696222340E-015
           3          25 -0.21236013126173711     
           3          26  -2.7178414638961234E-015
           3          27  -5.8729674260259690E-015
           3          28   8.0861856070277584E-016
           3          29  -2.7765496666849235E-014
           3          30  -1.1709141172857146E-015
           3          31   1.8663193115954984E-015
           3          32   1.6934533426474639E-015
           3          33   5.9363665379226946E-015
           3          34  -9.1165112395405359E-015
           3          35   5.5631126254377288E-015
           4           1  0.12816813664266757     
           4           2 -0.36279246956452221     
           4           3 -0.76633645698106700     
           4           4  0.23562994055524691     
           4           5   1.4726252177392648E-013
           4           6   1.8140062664267215E-013
           4           7   3.6046856413349041E-014
           4           8  -3.3809031352255185E-013
           4           9  -4.5559049945158366E-013
           4          10  -7.0529434919861878E-014
           4          11   1.1090029315923895E-013
           4          12   1.5439029494606886E-013
           4          13   2.1489258699258227E-014
           4          14   3.0633934344011297E-002
           4          15   1.2412491273315380E-017
           4          16   3.0633934344011064E-002
           4          17  -2.2577624776905969E-015
           4          18  -6.8084211206231211E-016
           4          19   3.0633934344005624E-002
           4          20   6.5272952192740707E-002
           4          21   1.4416942408417449E-015
           4          22   6.5272952192745745E-002
           4          23  -2.3343397722346392E-016
           4          24  -7.9042197311090944E-016
           4          25   6.5272952192745426E-002
           4          26   8.1063481171341313E-016
           4          27   1.7769018347503912E-015
           4          28  -2.6006569089488188E-016
           4          29   8.4933388802561071E-015
           4          30   1.9379300959991449E-016
           4          31  -5.7491173156057828E-016
           4          32  -6.7917141680976425E-016
           4          33  -1.8312756604276727E-015
           4          34   2.7745373857576559E-015
           4          35  -2.0621589435727453E-015
           5           1   5.0537748366242932E-014
           5           2  -2.0158657641210302E-013
           5           3  -4.7998955229971639E-013
           5           4   1.4726252177392648E-013
           5           5   1.7782383519114311     
           5           6   1.4276774207289122E-014
           5           7   3.8871683649688293E-014
           5           8  -4.2813825958449625     
           5           9  -3.0767055569924651E-014
           5          10  -1.0652589921278377E-013
           5          11   1.4332734455394109     
           5          12   9.6624097611908155E-015
           5          13   3.8954950376535180E-014
           5          14   1.9830468712844110E-014
           5          15   7.1298589890628471E-016
           5          16   1.7317815579442273E-014
           5          17   2.6084950321757803E-015
           5          18   3.7968677509897642E-015
           5          19   2.1526156070074491E-014
           5          20   3.7169515679765001E-014
           5          21  -3.9162817491897731E-015
           5          22   4.4743503054072573E-014
           5          23  -2.1428945975205940E-015
           5          24  -1.6590703475852917E-015
           5          25   4.4227594325843871E-014
           5          26   3.7860675125174929E-002
           5          27   1.2663481374630692E-015
           5          28   1.6931808650786927E-002
           5          29   9.0121052981340100E-015
           5          30   2.6890382281985481E-015
           5          31   1.6064942797083183E-015
           5          32   2.5647886592317093E-015
           5          33   1.6931808650786955E-002
           5          34   9.4596639549360262E-016
           5          35   3.2608464539674031E-015
           6           1   8.3246973490368113E-014
           6           2  -2.4798681262102158E-013
           6           3  -6.0012218669128113E-013
           6           4   1.8140062664267215E-013
           6           5   1.4276774207289122E-014
           6           6   1.7782383519114544     
           6           7   4.1133763062362050E-014
           6           8  -3.6470826358936392E-014
           6           9  -4.2813825958449891     
           6          10   8.2156503822261584E-015
           6          11   1.1001616284644911E-014
           6          12   1.4332734455394169     
           6          13  -1.1268763699945339E-014
           6          14   2.9231889063351399E-014
           6          15  -1.1423017224890961E-015
           6          16   2.5667191567357195E-014
           6          17  -8.3750887510998050E-016
           6          18   9.0236757170259706E-016
           6          19   2.8195564263457810E-014
           6          20   5.2024652382033772E-014
           6          21  -6.8773755591393308E-016
           6          22   5.7945567640204780E-014
           6          23  -1.4764495307268283E-015
           6          24  -2.6723284039418307E-015
           6          25   5.7760535348981989E-014
           6          26   3.0508364931569609E-015
           6          27   1.6931808650784242E-002
           6          28   1.2357736361989780E-015
           6          29   3.7860675125174763E-002
           6          30  -1.0223592805669313E-014
           6          31  -1.2357089641853212E-015
           6          32  -6.8174632605888519E-015
           6          33   4.1860503778579083E-015
           6          34   1.6931808650783087E-002
           6          35  -1.8230209009040266E-014
           7           1   1.3238556879014493E-014
           7           2  -6.9659759896661792E-014
           7           3  -1.7374157805626316E-013
           7           4   3.6046856413349041E-014
           7           5   3.8871683649688293E-014
           7           6   4.1133763062362050E-014
           7           7   1.7782383519112650     
           7           8  -7.8825834748386114E-015
           7           9  -1.2079226507921703E-013
           7          10  -4.2813825958447085     
           7          11  -4.0939474033052647E-015
           7          12   3.8413716652030416E-014
           7          13   1.4332734455393306     
           7          14   1.4746578521836434E-014
           7          15   4.9091396475641072E-015
           7          16   1.6569585415139760E-014
           7          17  -1.0874721142028715E-015
           7          18   2.1247620905939149E-016
           7          19   4.0136554309104384E-015
           7          20   3.1217464422720173E-014
           7          21  -2.0156403885606823E-015
           7          22   3.4958605570848240E-014
           7          23   2.0376910326623377E-015
           7          24   4.6969999235698579E-015
           7          25   7.2869509178106771E-015
           7          26  -1.7373689292776717E-014
           7          27   2.0018708912772354E-015
           7          28  -5.8390792201379327E-015
           7          29   1.4623718902484484E-015
           7          30   1.6931808650801898E-002
           7          31   1.5656494556893990E-015
           7          32   1.6931808650793762E-002
           7          33  -4.3582758929572307E-015
           7          34  -1.9246756965962675E-015
           7          35   3.7860675125194393E-002
           8           1  -1.3618749382668123E-013
           8           2   4.6235687825092530E-013
           8           3   1.1023341355597949E-012
           8           4  -3.3809031352255185E-013
           8           5  -4.2813825958449625     
           8           6  -3.6470826358936392E-014
           8           7  -7.8825834748386114E-015
           8           8   10.308087727554044     
           8           9   7.9020123777695517E-014
           8          10   5.0404125317982107E-014
           8          11  -3.4508264756651776     
           8          12  -2.4862056857699599E-014
           8          13  -2.4730217873525362E-014
           8          14  -4.6325767324858381E-014
           8          15  -1.7166233173289602E-015
           8          16  -4.0276168077840296E-014
           8          17  -6.2803533733828893E-015
           8          18  -9.1415436464628905E-015
           8          19  -5.0408395692106486E-014
           8          20  -8.5007491742647767E-014
           8          21   9.4290512311712244E-015
           8          22  -1.0324303237793610E-013
           8          23   5.1593486467622576E-015
           8          24   3.9944672792594419E-015
           8          25  -1.0200090268946867E-013
           8          26  -9.1155404096209577E-002
           8          27  -3.0688342492202203E-015
           8          28  -4.0765936015121400E-002
           8          29  -2.1735434632685902E-014
           8          30  -5.6582342977673505E-015
           8          31  -3.8678823016467018E-015
           8          32  -5.3594281790303455E-015
           8          33  -4.0765936015121469E-002
           8          34  -2.2969907226277897E-015
           8          35  -6.0272967172814162E-015
           9           1  -1.9023131614841170E-013
           9           2   6.2401867307869384E-013
           9           3   1.5059520129585541E-012
           9           4  -4.5559049945158366E-013
           9           5  -3.0767055569924651E-014
           9           6  -4.2813825958449891     
           9           7  -1.2079226507921703E-013
           9           8   7.9020123777695517E-014
           9           9   10.308087727554033     
           9          10   3.1974423109204508E-014
           9          11  -2.3363255774455638E-014
           9          12  -3.4508264756651679     
           9          13   9.7699626167013776E-015
           9          14  -7.2200898957618599E-014
           9          15   2.7502672566989809E-015
           9          16  -6.3618340943167646E-014
           9          17   2.0164315531197524E-015
           9          18  -2.1725888503020705E-015
           9          19  -6.9705787457442776E-014
           9          20  -1.3040874905688968E-013
           9          21   1.6558340445383260E-015
           9          22  -1.4466426407857302E-013
           9          23   3.5547795478050220E-015
           9          24   6.4340420431942575E-015
           9          25  -1.4421877035133469E-013
           9          26  -7.2652387578253652E-015
           9          27  -4.0765936015114648E-002
           9          28  -2.9378626267839714E-015
           9          29  -9.1155404096208550E-002
           9          30   2.4409294030469653E-014
           9          31   2.9751595713284726E-015
           9          32   1.6209256159527285E-014
           9          33  -1.0043615245036719E-014
           9          34  -4.0765936015111866E-002
           9          35   4.3437475838459250E-014
          10           1  -1.8423634435188536E-014
          10           2   1.4222002003292094E-013
          10           3   3.6538370618803852E-013
          10           4  -7.0529434919861878E-014
          10           5  -1.0652589921278377E-013
          10           6   8.2156503822261584E-015
          10           7  -4.2813825958447085     
          10           8   5.0404125317982107E-014
          10           9   3.1974423109204508E-014
          10          10   10.308087727553779     
          10          11  -6.3837823915946501E-016
          10          12  -5.8841820305133297E-015
          10          13  -3.4508264756651004     
          10          14  -3.3249194267994683E-014
          10          15  -1.1819509474116400E-014
          10          16  -3.7638364019454208E-014
          10          17   2.6182565336137508E-015
          10          18  -5.1156918447982245E-016
          10          19  -7.4080295700000551E-015
          10          20  -7.0641634452467491E-014
          10          21   4.8529645476323372E-015
          10          22  -7.9649007723310151E-014
          10          23  -4.9060548680511507E-015
          10          24  -1.1308750429233662E-014
          10          25  -1.3025239035381161E-014
          10          26   4.1553566143548437E-014
          10          27  -3.7990444123892075E-015
          10          28   1.3934166320783703E-014
          10          29  -1.2351231148954867E-015
          10          30  -4.0765936015158821E-002
          10          31  -3.7695420996729498E-015
          10          32  -4.0765936015139233E-002
          10          33   1.0368875896782370E-014
          10          34   5.6551985316843911E-015
          10          35  -9.1155404096259524E-002
          11           1   4.7912340308362966E-014
          11           2  -1.5162763677315404E-013
          11           3  -3.6164251550380764E-013
          11           4   1.1090029315923895E-013
          11           5   1.4332734455394109     
          11           6   1.1001616284644911E-014
          11           7  -4.0939474033052647E-015
          11           8  -3.4508264756651776     
          11           9  -2.3363255774455638E-014
          11          10  -6.3837823915946501E-016
          11          11   1.1552291443271787     
          11          12   7.3517580911897085E-015
          11          13   2.8588242884097781E-015
          11          14   1.5321318353407537E-014
          11          15   5.7467198075431665E-016
          11          16   1.3296101087069062E-014
          11          17   2.1024665554088744E-015
          11          18   3.0603038776376706E-015
          11          19   1.6688055078236078E-014
          11          20   2.7837563559493890E-014
          11          21  -3.1565524555978764E-015
          11          22   3.3942254175786536E-014
          11          23  -1.7271891138298603E-015
          11          24  -1.3372231404861761E-015
          11          25   3.3526427872357392E-014
          11          26   3.0515988044447766E-002
          11          27   1.0162769063792876E-015
          11          28   1.3647164733592532E-002
          11          29   7.2530956934935276E-015
          11          30   1.8301332671555315E-015
          11          31   1.2948464355421578E-015
          11          32   1.7301698268523680E-015
          11          33   1.3647164733592553E-002
          11          34   7.5766758318718264E-016
          11          35   1.8739350349239459E-015
          12           1   6.2570873247283022E-014
          12           2  -2.1157117493637696E-013
          12           3  -5.1021483100890903E-013
          12           4   1.5439029494606886E-013
          12           5   9.6624097611908155E-015
          12           6   1.4332734455394169     
          12           7   3.8413716652030416E-014
          12           8  -2.4862056857699599E-014
          12           9  -3.4508264756651679     
          12          10  -5.8841820305133297E-015
          12          11   7.3517580911897085E-015
          12          12   1.1552291443271732     
          12          13  -4.8849813083506888E-015
          12          14   2.4348544106323776E-014
          12          15  -9.2070375373337108E-016
          12          16   2.1475371195112304E-014
          12          17  -6.7503843329470450E-016
          12          18   7.2731502908311807E-016
          12          19   2.3513258546856882E-014
          12          20   4.4168517074966119E-014
          12          21  -5.5432162698098120E-016
          12          22   4.8940819170297685E-014
          12          23  -1.1900293927387289E-015
          12          24  -2.1539167316987961E-015
          12          25   4.8791681756130448E-014
          12          26   2.4177708446426749E-015
          12          27   1.3647164733590244E-002
          12          28   9.7800456969054927E-016
          12          29   3.0515988044447370E-002
          12          30  -8.1904968918244947E-015
          12          31  -9.9599069094313559E-016
          12          32  -5.4452969910911975E-015
          12          33   3.3560936148202547E-015
          12          34   1.3647164733589314E-002
          12          35  -1.4582085539061040E-014
          13           1   2.9524863067949006E-015
          13           2  -4.4136712004933410E-014
          13           3  -1.1539726230909486E-013
          13           4   2.1489258699258227E-014
          13           5   3.8954950376535180E-014
          13           6  -1.1268763699945339E-014
          13           7   1.4332734455393306     
          13           8  -2.4730217873525362E-014
          13           9   9.7699626167013776E-015
          13          10  -3.4508264756651004     
          13          11   2.8588242884097781E-015
          13          12  -4.8849813083506888E-015
          13          13   1.1552291443271567     
          13          14   1.0791557080045233E-014
          13          15   3.9568033665090524E-015
          13          16   1.2260914305637982E-014
          13          17  -8.7651067832164162E-016
          13          18   1.7125741772828626E-016
          13          19   2.1407405892717872E-015
          13          20   2.3054021643581752E-014
          13          21  -1.6246212672084168E-015
          13          22   2.6069409461453737E-014
          13          23   1.6423942516983468E-015
          13          24   3.7858171582664365E-015
          13          25   3.7658483186488104E-015
          13          26  -1.3840491253080955E-014
          13          27   1.1900203045200897E-015
          13          28  -4.6337716649857974E-015
          13          29   2.3245294578089215E-016
          13          30   1.3647164733605104E-002
          13          31   1.2619252011131958E-015
          13          32   1.3647164733598546E-002
          13          33  -3.4400650730792570E-015
          13          34  -1.9741153156616065E-015
          13          35   3.0515988044464593E-002
          14           1   8.3440041725349426E-002
          14           2  -5.3880932723857758E-002
          14           3 -0.10031453508179869     
          14           4   3.0633934344011297E-002
          14           5   1.9830468712844110E-014
          14           6   2.9231889063351399E-014
          14           7   1.4746578521836434E-014
          14           8  -4.6325767324858381E-014
          14           9  -7.2200898957618599E-014
          14          10  -3.3249194267994683E-014
          14          11   1.5321318353407537E-014
          14          12   2.4348544106323776E-014
          14          13   1.0791557080045233E-014
          14          14   6.0363171411306708E-003
          14          15  -5.5141432190868740E-017
          14          16   6.0363171411306170E-003
          14          17  -3.2492161679599575E-016
          14          18  -1.9251834028381522E-016
          14          19   6.0363171411299743E-003
          14          20   8.7072286422052482E-003
          14          21   1.9509648537016186E-016
          14          22   8.7072286422059716E-003
          14          23   1.1102005735600791E-017
          14          24  -1.2906060827611443E-016
          14          25   8.7072286422058155E-003
          14          26   2.9731869395952447E-016
          14          27   2.7662047647508382E-016
          14          28   5.4352774508923848E-017
          14          29   1.0038338138415947E-015
          14          30   1.2880053383103063E-016
          14          31  -6.4359700945806488E-017
          14          32  -6.0442709521173874E-017
          14          33  -2.0310999996580178E-016
          14          34   4.0315661049986097E-016
          14          35  -2.3242040495249974E-016
          15           1  -1.8387243878300926E-015
          15           2   1.6646066559028780E-016
          15           3  -2.1461456274770443E-017
          15           4   1.2412491273315380E-017
          15           5   7.1298589890628471E-016
          15           6  -1.1423017224890961E-015
          15           7   4.9091396475641072E-015
          15           8  -1.7166233173289602E-015
          15           9   2.7502672566989809E-015
          15          10  -1.1819509474116400E-014
          15          11   5.7467198075431665E-016
          15          12  -9.2070375373337108E-016
          15          13   3.9568033665090524E-015
          15          14  -5.5141432190868740E-017
          15          15   1.6141365883765848E-029
          15          16  -5.5141432190861770E-017
          15          17  -6.6963014154002166E-031
          15          18   4.3676726185557407E-030
          15          19  -5.5141432190898445E-017
          15          20  -2.6741475691630912E-018
          15          21  -6.8288304432457290E-030
          15          22  -2.6741475691551533E-018
          15          23   4.5568117137733622E-030
          15          24   1.4703502997651234E-029
          15          25  -2.6741475692285150E-018
          15          26   1.5180263915804208E-017
          15          27  -1.0876626390296511E-017
          15          28   6.7888204064310391E-018
          15          29  -2.4320875974572589E-017
          15          30   4.6743234990570973E-017
          15          31   5.4429123484726008E-030
          15          32   4.6743234990548324E-017
          15          33   6.7888204064346290E-018
          15          34  -1.0876626390306598E-017
          15          35   1.0452105092711592E-016
          16           1   8.3440041725348496E-002
          16           2  -5.3880932723857314E-002
          16           3 -0.10031453508179791     
          16           4   3.0633934344011064E-002
          16           5   1.7317815579442273E-014
          16           6   2.5667191567357195E-014
          16           7   1.6569585415139760E-014
          16           8  -4.0276168077840296E-014
          16           9  -6.3618340943167646E-014
          16          10  -3.7638364019454208E-014
          16          11   1.3296101087069062E-014
          16          12   2.1475371195112304E-014
          16          13   1.2260914305637982E-014
          16          14   6.0363171411306170E-003
          16          15  -5.5141432190861770E-017
          16          16   6.0363171411305623E-003
          16          17  -3.2492161679599629E-016
          16          18  -1.9251834028382027E-016
          16          19   6.0363171411299196E-003
          16          20   8.7072286422051805E-003
          16          21   1.9509648537016516E-016
          16          22   8.7072286422059039E-003
          16          23   1.1102005735608607E-017
          16          24  -1.2906060827610084E-016
          16          25   8.7072286422057495E-003
          16          26   2.4382151014062521E-016
          16          27   2.4267858345763488E-016
          16          28   3.0428106584152239E-017
          16          29   9.2793743376953527E-016
          16          30   1.4615861400816824E-016
          16          31  -6.4359700945804232E-017
          16          32  -4.3084629344049517E-017
          16          33  -2.2703466789057565E-016
          16          34   3.6921471748240991E-016
          16          35  -1.9360655771754716E-016
          17           1  -2.2488697000487511E-015
          17           2   3.5788554485265829E-015
          17           3   7.3533523996542492E-015
          17           4  -2.2577624776905969E-015
          17           5   2.6084950321757803E-015
          17           6  -8.3750887510998050E-016
          17           7  -1.0874721142028715E-015
          17           8  -6.2803533733828893E-015
          17           9   2.0164315531197524E-015
          17          10   2.6182565336137508E-015
          17          11   2.1024665554088744E-015
          17          12  -6.7503843329470450E-016
          17          13  -8.7651067832164162E-016
          17          14  -3.2492161679599575E-016
          17          15  -6.6963014154002166E-031
          17          16  -3.2492161679599629E-016
          17          17   2.6999231675406420E-029
          17          18   1.3128228764717092E-029
          17          19  -3.2492161679593249E-016
          17          20  -6.2881439737140419E-016
          17          21  -1.8119424051224783E-029
          17          22  -6.2881439737144738E-016
          17          23  -2.0910845589772814E-030
          17          24   3.9281863853404767E-030
          17          25  -6.2881439737142628E-016
          17          26   5.5537764593107339E-017
          17          27  -7.9744877853142163E-018
          17          28   2.4837243389720994E-017
          17          29  -1.7831496773734684E-017
          17          30  -1.0354556649258203E-017
          17          31   7.3310555266665927E-030
          17          32  -1.0354556649245491E-017
          17          33   2.4837243389734605E-017
          17          34  -7.9744877853212528E-018
          17          35  -2.3153492544582305E-017
          18           1  -3.7521425069476934E-015
          18           2   1.3883300130058661E-015
          18           3   2.2489424939451413E-015
          18           4  -6.8084211206231211E-016
          18           5   3.7968677509897642E-015
          18           6   9.0236757170259706E-016
          18           7   2.1247620905939149E-016
          18           8  -9.1415436464628905E-015
          18           9  -2.1725888503020705E-015
          18          10  -5.1156918447982245E-016
          18          11   3.0603038776376706E-015
          18          12   7.2731502908311807E-016
          18          13   1.7125741772828626E-016
          18          14  -1.9251834028381522E-016
          18          15   4.3676726185557407E-030
          18          16  -1.9251834028382027E-016
          18          17   1.3128228764717092E-029
          18          18   1.5824618035710843E-029
          18          19  -1.9251834028379904E-016
          18          20  -1.9980448564801997E-016
          18          21  -1.3505648237644482E-029
          18          22  -1.9980448564801839E-016
          18          23  -6.5059109536151934E-030
          18          24  -7.2151587596764563E-031
          18          25  -1.9980448564801624E-016
          18          26   8.0839543393579584E-017
          18          27   8.5920512513539043E-018
          18          28   3.6152542859622931E-017
          18          29   1.9212410664200602E-017
          18          30   2.0231295263505880E-018
          18          31   4.1254882509041008E-030
          18          32   2.0231295263574374E-018
          18          33   3.6152542859631891E-017
          18          34   8.5920512513494439E-018
          18          35   4.5238551482183658E-018
          19           1   8.3440041725347650E-002
          19           2  -5.3880932723849147E-002
          19           3 -0.10031453508178025     
          19           4   3.0633934344005624E-002
          19           5   2.1526156070074491E-014
          19           6   2.8195564263457810E-014
          19           7   4.0136554309104384E-015
          19           8  -5.0408395692106486E-014
          19           9  -6.9705787457442776E-014
          19          10  -7.4080295700000551E-015
          19          11   1.6688055078236078E-014
          19          12   2.3513258546856882E-014
          19          13   2.1407405892717872E-015
          19          14   6.0363171411299743E-003
          19          15  -5.5141432190898445E-017
          19          16   6.0363171411299196E-003
          19          17  -3.2492161679593249E-016
          19          18  -1.9251834028379904E-016
          19          19   6.0363171411292769E-003
          19          20   8.7072286422036800E-003
          19          21   1.9509648537013615E-016
          19          22   8.7072286422044051E-003
          19          23   1.1102005735593748E-017
          19          24  -1.2906060827612429E-016
          19          25   8.7072286422042490E-003
          19          26   3.3342176646229418E-016
          19          27   2.6675292795830774E-016
          19          28   7.0498559371488176E-017
          19          29   9.8176930458671627E-016
          19          30   2.6605122375649433E-017
          19          31  -6.4359700945799659E-017
          19          32  -1.6263812097648855E-016
          19          33  -1.8696421510321127E-016
          19          34   3.9328906198308494E-016
          19          35  -4.6093629195513538E-016
          20           1   4.2696415024243629E-002
          20           2 -0.10122202667873632     
          20           3 -0.21236013126172179     
          20           4   6.5272952192740707E-002
          20           5   3.7169515679765001E-014
          20           6   5.2024652382033772E-014
          20           7   3.1217464422720173E-014
          20           8  -8.5007491742647767E-014
          20           9  -1.3040874905688968E-013
          20          10  -7.0641634452467491E-014
          20          11   2.7837563559493890E-014
          20          12   4.4168517074966119E-014
          20          13   2.3054021643581752E-014
          20          14   8.7072286422052482E-003
          20          15  -2.6741475691630912E-018
          20          16   8.7072286422051805E-003
          20          17  -6.2881439737140419E-016
          20          18  -1.9980448564801997E-016
          20          19   8.7072286422036800E-003
          20          20   1.8105387082496302E-002
          20          21   4.0019585910336140E-016
          20          22   1.8105387082497707E-002
          20          23  -6.0200382213990025E-017
          20          24  -2.2179090755950182E-016
          20          25   1.8105387082497607E-002
          20          26   1.6649104893929977E-016
          20          27   5.0823927436789274E-016
          20          28  -9.7759258224549866E-017
          20          29   2.3667881227795663E-015
          20          30   2.5668910142438323E-016
          20          31  -1.5814064168428770E-016
          20          32   6.7067556810004290E-018
          20          33  -5.3873630109255148E-016
          20          34   7.8425807748312350E-016
          20          35  -1.3842246680063737E-016
          21           1   1.0333901889289170E-015
          21           2  -2.2447921558043040E-015
          21           3  -4.6913581711363582E-015
          21           4   1.4416942408417449E-015
          21           5  -3.9162817491897731E-015
          21           6  -6.8773755591393308E-016
          21           7  -2.0156403885606823E-015
          21           8   9.4290512311712244E-015
          21           9   1.6558340445383260E-015
          21          10   4.8529645476323372E-015
          21          11  -3.1565524555978764E-015
          21          12  -5.5432162698098120E-016
          21          13  -1.6246212672084168E-015
          21          14   1.9509648537016186E-016
          21          15  -6.8288304432457290E-030
          21          16   1.9509648537016516E-016
          21          17  -1.8119424051224783E-029
          21          18  -1.3505648237644482E-029
          21          19   1.9509648537013615E-016
          21          20   4.0019585910336140E-016
          21          21   2.0025255780712597E-029
          21          22   4.0019585910336924E-016
          21          23   1.7070928054334191E-030
          21          24  -5.5710194201915877E-030
          21          25   4.0019585910339946E-016
          21          26  -8.3382000419311738E-017
          21          27  -6.5484138761167410E-018
          21          28  -3.7289564207508926E-017
          21          29  -1.4642698571784054E-017
          21          30  -1.9192273820469170E-017
          21          31  -8.3136290388178757E-030
          21          32  -1.9192273820466613E-017
          21          33  -3.7289564207521621E-017
          21          34  -6.5484138761050429E-018
          21          35  -4.2915228905350383E-017
          22           1   4.2696415024248598E-002
          22           2 -0.10122202667874429     
          22           3 -0.21236013126173819     
          22           4   6.5272952192745745E-002
          22           5   4.4743503054072573E-014
          22           6   5.7945567640204780E-014
          22           7   3.4958605570848240E-014
          22           8  -1.0324303237793610E-013
          22           9  -1.4466426407857302E-013
          22          10  -7.9649007723310151E-014
          22          11   3.3942254175786536E-014
          22          12   4.8940819170297685E-014
          22          13   2.6069409461453737E-014
          22          14   8.7072286422059716E-003
          22          15  -2.6741475691551533E-018
          22          16   8.7072286422059039E-003
          22          17  -6.2881439737144738E-016
          22          18  -1.9980448564801839E-016
          22          19   8.7072286422044051E-003
          22          20   1.8105387082497707E-002
          22          21   4.0019585910336924E-016
          22          22   1.8105387082499112E-002
          22          23  -6.0200382214003411E-017
          22          24  -2.2179090755952570E-016
          22          25   1.8105387082499012E-002
          22          26   3.2774967609266826E-016
          22          27   5.6461630845959029E-016
          22          28  -2.5642207769907331E-017
          22          29   2.4928510033785422E-015
          22          30   2.9231103365164189E-016
          22          31  -1.5814064168429364E-016
          22          32   4.2328687908231652E-017
          22          33  -4.6661925063793132E-016
          22          34   8.4063511157482874E-016
          22          35  -5.8769404850689807E-017
          23           1   1.2208473711132523E-015
          23           2   2.2388128583447641E-016
          23           3   7.4538565764689148E-016
          23           4  -2.3343397722346392E-016
          23           5  -2.1428945975205940E-015
          23           6  -1.4764495307268283E-015
          23           7   2.0376910326623377E-015
          23           8   5.1593486467622576E-015
          23           9   3.5547795478050220E-015
          23          10  -4.9060548680511507E-015
          23          11  -1.7271891138298603E-015
          23          12  -1.1900293927387289E-015
          23          13   1.6423942516983468E-015
          23          14   1.1102005735600791E-017
