           1           1   1.9968144036836277     
           1           2  -1.6397736947078700E-002
           1           3  -4.6324622255760881E-002
           1           4   1.2070490264421028E-002
           1           5  -9.6707063385567654E-003
           1           6  -3.7559347248079548E-003
           1           7   5.4730402029096892E-003
           1           8   4.8111638641489380E-014
           1           9   2.7756306751429389E-011
           1          10  -7.3278825805614280E-012
           1          11   5.4042679804444391E-014
           1          12   7.1698860560740139E-013
           1          13  -1.1952966781979542E-013
           1          14  -1.3624289047956190E-013
           1          15   9.2716481284271936E-013
           1          16  -2.0565230052976375E-013
           1          17   4.9536483936343757E-014
           1          18  -3.1540641821228143E-013
           1          19   6.4117645894026234E-014
           1          20   2.1673629739465883E-013
           1          21  -1.4031272873417946E-012
           1          22   2.6217437826714893E-013
           1          23  -6.9866492115833164E-014
           1          24   4.9699983431229574E-013
           1          25  -1.0585300947741469E-013
           1          26   3.8516959095093659E-003
           1          27   3.4232611898203446E-013
           1          28   3.8115503475377654E-003
           1          29  -2.7371820506436002E-014
           1          30  -1.1283626764253475E-014
           1          31   4.0965718531905289E-003
           1          32  -1.7766025584759260E-002
           1          33   1.0793916776726701E-012
           1          34  -1.7886152184629904E-002
           1          35   2.5213805915647171E-013
           1          36   1.6143442643853325E-013
           1          37  -1.7310596866392813E-002
           1          38  -9.7737960349307471E-003
           1          39   8.5706463817778731E-013
           1          40  -9.8651790303902025E-003
           1          41   2.5925566338070367E-013
           1          42   1.3678990956218709E-013
           1          43  -9.4264428733081482E-003
           1          44   1.0060785307875492E-002
           1          45  -1.3466937587819907E-012
           1          46   1.0207507937735038E-002
           1          47  -3.8674560196121118E-013
           1          48  -2.0839515425231932E-013
           1          49   9.4978083641399161E-003
           1          50  -7.1673343005989470E-015
           1          51  -4.1513080761038708E-014
           1          52  -6.1199083755813234E-015
           1          53  -9.7208881575116837E-014
           1          54  -2.2713353076815098E-014
           1          55  -4.7397812647396282E-015
           1          56  -1.1717217630691065E-014
           1          57   2.6829059021860862E-015
           1          58  -2.7671772857493590E-014
           1          59  -2.6792081413663585E-014
           1          60  -2.1784417320440944E-014
           1          61   2.9934358646767135E-014
           1          62  -1.2024559478665211E-015
           1          63   5.5633955745813687E-014
           1          64  -2.0734998410479058E-014
           1          65   3.3053310347511028E-015
           1          66  -2.3283076887100926E-014
           1          67  -8.8432456323217859E-015
           1          68   3.3200095114626761E-014
           1          69  -4.2790892979107742E-014
           2           1  -1.6397736947078700E-002
           2           2   1.9154774441223230     
           2           3 -0.23798298579702354     
           2           4   7.4113368076982489E-002
           2           5  -5.0204450110222551E-002
           2           6  -1.8202045172847719E-002
           2           7   2.8803938704012599E-002
           2           8   2.2180514000716198E-013
           2           9   2.0624246286038679E-010
           2          10  -4.5773013506860990E-011
           2          11   2.0460879716896495E-013
           2          12   3.0264986636000978E-012
           2          13  -1.6265890777505715E-012
           2          14  -3.1215295803990038E-013
           2          15  -4.3305726123145242E-012
           2          16  -2.9442236425324051E-012
           2          17   1.4767232074381980E-013
           2          18   1.4904725809354515E-012
           2          19   1.0995466092856141E-012
           2          20   7.2701723389196023E-013
           2          21   6.9770930617176195E-012
           2          22   3.6733456067935901E-012
           2          23  -1.5925150395202437E-013
           2          24  -2.2947066280423264E-012
           2          25  -1.5912149783052531E-012
           2          26   1.6711837759051069E-002
           2          27   2.3655521003191142E-012
           2          28   1.6431230691882303E-002
           2          29   6.3517326532790198E-014
           2          30   5.4150643795231486E-014
           2          31   1.8270628282965579E-002
           2          32  -9.4687273880101758E-002
           2          33   7.6146301520254074E-012
           2          34  -9.5530610963788648E-002
           2          35   1.5539751963878041E-012
           2          36   1.0083818604721456E-012
           2          37  -9.1456259635529752E-002
           2          38  -5.1621416452339933E-002
           2          39   6.3741226899754610E-012
           2          40  -5.2306281652206917E-002
           2          41   1.7136295792203656E-012
           2          42   9.4432494031770047E-013
           2          43  -4.9008054623972536E-002
           2          44   5.3440365875548665E-002
           2          45  -9.6894499509237298E-012
           2          46   5.4493882704736818E-002
           2          47  -2.4677836608170529E-012
           2          48  -1.4041696781535977E-012
           2          49   4.9403952366515839E-002
           2          50   2.0472649610343146E-014
           2          51   3.1907571628416005E-013
           2          52   1.6755690984542080E-015
           2          53   7.1834386001847114E-013
           2          54   1.8652800357789713E-013
           2          55  -3.9099398782806404E-015
           2          56   1.7577738181882418E-013
           2          57   2.0240358177750222E-015
           2          58   4.2390934068643036E-013
           2          59   5.0524236140414818E-013
           2          60  -4.6099694989971620E-014
           2          61  -5.8292445782990321E-014
           2          62  -2.6878819555609581E-014
           2          63  -1.3773682001235623E-013
           2          64  -9.2838918021184555E-014
           2          65   1.4166805534713606E-015
           2          66  -8.5952767317996864E-014
           2          67  -2.1185263069807422E-014
           2          68  -4.2321250610833331E-014
           2          69  -2.0219133653182855E-013
           3           1  -4.6324622255760881E-002
           3           2 -0.23798298579702354     
           3           3   1.1968834632926568     
           3           4  -6.4873163222749733E-002
           3           5 -0.16722204601811835     
           3           6  -8.5068256090494593E-003
           3           7  0.21633835731814705     
           3           8   3.4853524645955962E-013
           3           9  -1.4155896230421532E-010
           3          10   5.2871569269502082E-011
           3          11   1.3645800608659488E-012
           3          12   2.9234689230863512E-012
           3          13  -4.1364047222133961E-012
           3          14   5.5339408797553481E-013
           3          15  -7.9850853243175780E-012
           3          16  -3.9031853811481477E-013
           3          17  -3.0283124613854788E-013
           3          18   3.3784783887579654E-012
           3          19   5.5091350444232150E-013
           3          20  -2.3782022468383422E-012
           3          21   1.0567547056911013E-011
           3          22   6.5857659087813899E-012
           3          23   2.6021455309433077E-013
           3          24  -4.4073637290226828E-012
           3          25  -1.4262131334348149E-013
           3          26   5.1211691814793361E-002
           3          27  -2.4763858902134625E-011
           3          28   5.2913332552402034E-002
           3          29  -1.0655146529330880E-012
           3          30  -1.9355629291215926E-013
           3          31   4.4353075378731108E-002
           3          32 -0.24875664522808250     
           3          33  -3.4881342358979848E-011
           3          34 -0.24482410903849089     
           3          35  -2.9583157978238365E-013
           3          36  -2.5569698908996377E-012
           3          37 -0.26322019296240073     
           3          38 -0.15362471851109005     
           3          39  -1.3502293587163656E-011
           3          40 -0.15220744411548326     
           3          41  -4.2795902218647315E-013
           3          42  -9.0647861326810899E-013
           3          43 -0.15886658631477696     
           3          44  0.16942568745530198     
           3          45   2.7736231319645680E-011
           3          46  0.16638326274628779     
           3          47   6.4613651134049677E-013
           3          48   2.0131499634331984E-012
           3          49  0.18108341330728142     
           3          50  -4.6919456568720246E-014
           3          51   2.8084200458186046E-014
           3          52  -1.4620655631027837E-015
           3          53   4.3438314964462431E-014
           3          54  -1.5143612468140596E-013
           3          55  -4.2983371818006800E-015
           3          56  -9.3107330322735588E-014
           3          57   3.5574681217652842E-014
           3          58  -9.6707742842782806E-015
           3          59  -2.5135855220705926E-013
           3          60  -5.3591486997830789E-014
           3          61  -4.8065284001577603E-013
           3          62  -3.0153978098949114E-014
           3          63  -1.0697545685130236E-012
           3          64   8.6453593292930336E-014
           3          65  -1.4488415395988041E-014
           3          66   1.0471423905217374E-013
           3          67  -3.7180096653173953E-014
           3          68  -4.4949768831523873E-013
           3          69   4.9499750053076448E-013
           4           1   1.2070490264421028E-002
           4           2   7.4113368076982489E-002
           4           3  -6.4873163222749733E-002
           4           4  0.11195599547352884     
           4           5   6.5506959218934752E-003
           4           6   2.4824429850473756E-002
           4           7  0.12407323382349512     
           4           8   6.3237705221556489E-014
           4           9  -1.3731110200534236E-010
           4          10   3.1316015926210057E-011
           4          11   1.7519557142765894E-013
           4          12  -1.5993086280195099E-012
           4          13  -3.6123053755468911E-013
           4          14  -3.7420192079179705E-012
           4          15  -5.1320759803423094E-012
           4          16   1.1637793823321135E-011
           4          17   4.2049513463301820E-013
           4          18   2.0378438615241095E-013
           4          19  -1.3346940580342388E-012
           4          20   1.3025540070655847E-011
           4          21   1.8815107105198949E-011
           4          22  -4.8716644057110012E-011
           4          23  -1.1392302840517400E-012
           4          24  -1.4250838751002725E-012
           4          25   4.1700182953422440E-012
           4          26   8.1604812137407012E-003
           4          27   1.1452463550609009E-011
           4          28   8.0888538276750310E-003
           4          29  -1.1972343909058045E-012
           4          30  -2.2892363635991901E-012
           4          31   8.4555126811479472E-003
           4          32   4.1465156080085767E-002
           4          33   1.6482265519600038E-011
           4          34   3.9628885695837050E-002
           4          35  -2.7800509297513214E-013
           4          36   1.2400835250699209E-012
           4          37   4.9007459807669740E-002
           4          38   1.6984063549925949E-002
           4          39   4.3459618217393785E-012
           4          40   1.6500423211921838E-002
           4          41   8.5074955916013603E-015
           4          42   3.5730542423011397E-013
           4          43   1.8955210502507640E-002
           4          44   1.1675516984369914E-003
           4          45  -1.1696626057187907E-012
           4          46   1.3255256571804487E-003
           4          47  -2.4069560131374972E-013
           4          48  -2.0613207240151698E-013
           4          49   7.3460946686406499E-004
           4          50   4.3559984059532848E-015
           4          51  -3.3681085392102513E-015
           4          52  -2.0099376680738976E-015
           4          53  -9.2901855243806349E-015
           4          54   4.1909681855089573E-014
           4          55   2.4359930411378390E-015
           4          56   1.7063338423702519E-014
           4          57  -1.5171877042346555E-014
           4          58  -1.1137745829077325E-013
           4          59   5.8689816930038717E-014
           4          60   1.2920585185860765E-014
           4          61   4.1742168079985947E-014
           4          62  -2.5220913797985882E-014
           4          63   9.3757608897569672E-014
           4          64   1.1072791473510922E-013
           4          65   1.1698474095585923E-014
           4          66   3.7896010417823416E-014
           4          67  -3.9597130130496541E-014
           4          68  -2.1467380749817665E-016
           4          69  -5.4397306878583969E-014
           5           1  -9.6707063385567654E-003
           5           2  -5.0204450110222551E-002
           5           3 -0.16722204601811835     
           5           4   6.5506959218934752E-003
           5           5   2.7244244583820798E-002
           5           6   2.1892822539677187E-003
           5           7  -3.3171998096544170E-002
           5           8  -9.8903733041962569E-014
           5           9  -6.8110224035384096E-011
           5          10   1.4668014776516117E-011
           5          11  -8.5545287584430589E-014
           5          12  -7.4788807638057510E-013
           5          13   6.1703736494681384E-013
           5          14  -7.9392384669778252E-014
           5          15   1.5830636594655889E-012
           5          16   1.1484933095409631E-013
           5          17   4.0254753898031727E-014
           5          18  -6.5171497933483263E-013
           5          19  -1.0348291936188813E-013
           5          20   3.6057335640582870E-013
           5          21  -2.1732801250509684E-012
           5          22  -1.1449872775563904E-012
           5          23  -3.5212905040786983E-014
           5          24   8.7237651084494596E-013
           5          25   5.6106660578741198E-014
           5          26  -8.2146284751677817E-003
           5          27  -1.8438031141206872E-012
           5          28  -8.0622473909545984E-003
           5          29   6.7426704962763799E-014
           5          30   2.2527162896218336E-014
           5          31  -8.1535519842921150E-003
           5          32   4.1527059290724935E-002
           5          33   4.7520280323599744E-012
           5          34   4.0983797016059795E-002
           5          35  -3.2700758795803946E-014
           5          36   3.4095096707851439E-013
           5          37   4.3597297508374808E-002
           5          38   2.5309577448196466E-002
           5          39   1.6954249278672648E-012
           5          40   2.5130948221842347E-002
           5          41  -1.7027577579000723E-014
           5          42   9.2913461858848348E-014
           5          43   2.5987375447824174E-002
           5          44  -2.7693570792040337E-002
           5          45  -3.5862848781030997E-012
           5          46  -2.7294838379029358E-002
           5          47   1.8232946714389263E-014
           5          48  -2.3980238241509476E-013
           5          49  -2.9244057759838724E-002
           5          50   5.5159759250117754E-015
           5          51  -1.7978142060311634E-014
           5          52   5.1180614901667762E-017
           5          53  -4.1996220018303286E-014
           5          54   2.2764190512258768E-014
           5          55   9.0796112279081797E-016
           5          56   1.1422516594513908E-014
           5          57  -4.8326618868667293E-015
           5          58  -6.7237809516950859E-014
           5          59   1.2829934295306293E-014
           5          60   9.6347411933695600E-015
           5          61   8.2454046644224844E-014
           5          62   5.6529240161591731E-015
           5          63   1.8172362787427005E-013
           5          64  -2.1968064424109137E-014
           5          65   2.0891091364166978E-015
           5          66  -2.4485213637476969E-014
           5          67   7.5434559602601739E-015
           5          68   7.7464856542215795E-014
           5          69  -6.2169395648472306E-014
           6           1  -3.7559347248079548E-003
           6           2  -1.8202045172847719E-002
           6           3  -8.5068256090494593E-003
           6           4   2.4824429850473756E-002
           6           5   2.1892822539677187E-003
           6           6   6.1755393678702844E-003
           6           7   2.9054830021937223E-002
           6           8   4.4062305338726496E-014
           6           9  -2.8713309573215933E-010
           6          10   9.9726846917476543E-011
           6          11   4.6243118225485375E-013
           6          12  -2.5663374350800543E-012
           6          13  -3.3953162830577239E-013
           6          14  -8.7343423246392336E-013
           6          15  -4.2216009387003847E-013
           6          16   2.3438179377235771E-012
           6          17   9.6072585803127003E-014
           6          18  -2.4786155964638058E-013
           6          19  -1.5737613195866149E-013
           6          20   3.0467119173006715E-012
           6          21   3.1987019961813753E-012
           6          22  -1.0817547241748901E-011
           6          23  -2.6425066679248944E-013
           6          24   8.3079441564079424E-014
           6          25   7.7001786691654081E-013
           6          26   1.8878398757529000E-003
           6          27   7.7051479016798832E-012
           6          28   1.4737120776564974E-003
           6          29   6.6997927167259482E-014
           6          30  -2.1335053531669838E-013
           6          31   1.7461822362066961E-003
           6          32   1.1102663031466821E-002
           6          33   3.8427793716327359E-012
           6          34   1.0684490554500988E-002
           6          35  -9.4479786814824759E-014
           6          36   2.6961928768152899E-013
           6          37   1.2794078312323719E-002
           6          38   4.6962342531856882E-003
           6          39   9.1671162003967693E-013
           6          40   4.5955335604601034E-003
           6          41  -3.0521348311898521E-014
           6          42   6.6403685615199676E-014
           6          43   5.1024878414833528E-003
           6          44  -4.3065351401676429E-004
           6          45  -1.7799563633778711E-013
           6          46  -4.0996995409684856E-004
           6          47  -1.3495548810421439E-014
           6          48  -1.8743685619066695E-014
           6          49  -4.3671449013554851E-004
           6          50   5.5228353473900865E-017
           6          51  -2.9687530099135000E-015
           6          52  -1.0177011127033596E-015
           6          53  -2.2203965181582637E-014
           6          54   8.2565558069367316E-014
           6          55   6.8417509582358676E-016
           6          56   6.2022994838916769E-014
           6          57  -2.4102152450257547E-015
           6          58  -1.9719998413769080E-013
           6          59  -7.2587266466172363E-014
           6          60   3.3422966830213220E-015
           6          61   3.9388208247741645E-014
           6          62  -6.0034822838311668E-015
           6          63   7.7158311829654610E-014
           6          64   2.3479782253849756E-014
           6          65   2.6878802947438262E-015
           6          66   6.4480170199284148E-015
           6          67  -7.2649818303581804E-015
           6          68   1.7563168939691619E-014
           6          69  -7.5997576641975206E-014
           7           1   5.4730402029096892E-003
           7           2   2.8803938704012599E-002
           7           3  0.21633835731814705     
           7           4  0.12407323382349512     
           7           5  -3.3171998096544170E-002
           7           6   2.9054830021937223E-002
           7           7  0.20917967423596068     
           7           8   1.7060703540536818E-013
           7           9  -1.9215412664387658E-010
           7          10   7.4124053107046947E-011
           7          11   7.3836717824553896E-013
           7          12  -1.2323306623499411E-012
           7          13  -2.0440502557554436E-012
           7          14  -4.5515102249750424E-012
           7          15  -8.4548737193596206E-012
           7          16   1.4375058257815584E-011
           7          17   4.5120486662594440E-013
           7          18   1.1077956884723180E-012
           7          19  -1.4935169987391804E-012
           7          20   1.5736744431925708E-011
           7          21   2.6265893058863324E-011
           7          22  -5.9271960232068532E-011
           7          23  -1.3627970791651655E-012
           7          24  -2.8995067016299915E-012
           7          25   5.1359667743493394E-012
           7          26   2.2936047043837428E-002
           7          27   1.9503975246920865E-012
           7          28   2.3665086017172078E-002
           7          29  -1.8096813821308603E-012
           7          30  -2.7113150482454467E-012
           7          31   2.1098270734746311E-002
           7          32  -9.5384030987074181E-003
           7          33   1.1791216086741442E-011
           7          34  -1.0851072205609963E-002
           7          35  -4.2815541848006512E-013
           7          36   9.2057278208492753E-013
           7          37  -3.6624520516858952E-003
           7          38  -1.6715212611673753E-002
           7          39   2.0345620464519709E-012
           7          40  -1.6965075845259234E-002
           7          41  -1.0112660507999168E-013
           7          42   2.2030964548955088E-013
           7          43  -1.5546853895532734E-002
           7          44   4.3387549983100404E-002
           7          45   5.5915153631208497E-012
           7          46   4.2819041772778683E-002
           7          47  -1.3647431054161551E-013
           7          48   2.3568282799604038E-013
           7          49   4.5755235080006382E-002
           7          50  -6.0928578414232508E-015
           7          51   2.2377432798337666E-015
           7          52  -2.9230222523322029E-015
           7          53  -1.5942762018676655E-015
           7          54   3.7567598062635563E-014
           7          55   1.9732282507929526E-015
           7          56   1.6692389697863444E-014
           7          57  -1.0164855238581056E-014
           7          58  -1.3352808240740586E-013
           7          59  -1.7336066459687084E-014
           7          60   3.1904964948383434E-015
           7          61  -6.8304888980842475E-014
           7          62  -3.9061462119367815E-014
           7          63  -1.5061045284359232E-013
           7          64   1.6690816375513717E-013
           7          65   1.1067525406837350E-014
           7          66   7.8852666710192388E-014
           7          67  -5.8931423809867499E-014
           7          68  -1.1455126492924616E-013
           7          69   3.0077136064278533E-014
           8           1   4.8111638641489380E-014
           8           2   2.2180514000716198E-013
           8           3   3.4853524645955962E-013
           8           4   6.3237705221556489E-014
           8           5  -9.8903733041962569E-014
           8           6   4.4062305338726496E-014
           8           7   1.7060703540536818E-013
           8           8   1.9998603500872592     
           8           9  -4.2322447502343115E-012
           8          10  -1.3071513134645592E-010
           8          11  -2.2909280895610433E-004
           8          12   4.1586789153483003E-013
           8          13  -1.2019222227882057E-012
           8          14  -1.0507616269685000E-003
           8          15   1.6338337526414925E-012
           8          16  -7.5162875067580554E-012
           8          17   3.6103589937569317E-004
           8          18  -4.8065391871711323E-013
           8          19   2.8842262843037539E-012
           8          20   1.5930058747375183E-003
           8          21  -2.3942096608021314E-012
           8          22   1.1728553626117253E-011
           8          23  -5.5093533213522558E-004
           8          24   8.3371319476061994E-013
           8          25  -4.0231660667320017E-012
           8          26  -1.4950055191600527E-013
           8          27  -6.0409850342398769E-013
           8          28  -2.5898055695764240E-013
           8          29  -4.1751149617559366E-013
           8          30  -7.2441775465141701E-015
           8          31  -3.1208478419695488E-013
           8          32   1.0875392721396667E-013
           8          33  -8.8877490516774137E-013
           8          34  -1.0527050004567481E-013
           8          35  -6.6721544280290006E-013
           8          36  -1.6694629295314172E-014
           8          37  -2.3874987784840401E-013
           8          38   3.9742086293086672E-014
           8          39  -9.8362336789508817E-013
           8          40  -1.6320447727196879E-013
           8          41  -7.6989792017026385E-013
           8          42  -1.3718273379701393E-014
           8          43  -2.4759493825026845E-013
           8          44  -1.5769172938581596E-013
           8          45   1.4256189656407385E-012
           8          46   1.5521981376949375E-013
           8          47   1.0843118695059440E-012
           8          48   2.7889142280864038E-014
           8          49   3.2034216015732359E-013
           8          50  -2.0715168347659540E-004
           8          51  -3.5067465897761254E-013
           8          52  -1.1841098344839845E-004
           8          53  -1.3453514768710233E-012
           8          54   3.8395467421307928E-013
           8          55   1.7322333514560497E-013
           8          56   2.4410063638782326E-013
           8          57   8.5957909887170126E-004
           8          58   5.7803268146313920E-013
           8          59   6.2708384017776609E-013
           8          60  -4.2877125869471777E-005
           8          61  -6.6593509180286276E-013
           8          62   2.5750836505319225E-005
           8          63   1.5504523053566275E-013
           8          64  -3.4778514060156823E-013
           8          65  -2.3471386215995950E-014
           8          66  -2.8197228594516608E-013
           8          67  -6.2422519680548451E-005
           8          68   2.5529673795283516E-013
           8          69  -6.0027261308597216E-013
           9           1   2.7756306751429389E-011
           9           2   2.0624246286038679E-010
           9           3  -1.4155896230421532E-010
           9           4  -1.3731110200534236E-010
           9           5  -6.8110224035384096E-011
           9           6  -2.8713309573215933E-010
           9           7  -1.9215412664387658E-010
           9           8  -4.2322447502343115E-012
           9           9   1.9997502408449555     
           9          10  -4.8740622680973643E-011
           9          11  -2.6276979434067277E-010
           9          12  -3.2632434805022228E-004
           9          13   6.7081973784473340E-011
           9          14   1.0583789841589394E-009
           9          15  -2.0317865024912099E-003
           9          16  -8.1345899583001657E-010
           9          17  -3.8583758188371805E-010
           9          18   7.1497558770158452E-004
           9          19   2.2357408467245931E-010
           9          20  -1.6700571660040544E-009
           9          21   3.1003750448302453E-003
           9          22   1.2439884482137935E-009
           9          23   5.6731054796492988E-010
           9          24  -1.0705855912715879E-003
           9          25  -4.5087356898547311E-010
           9          26   7.5460185292311851E-011
           9          27   3.1171982230938895E-011
           9          28   9.7272008129887325E-011
           9          29  -6.5915027114391811E-011
           9          30  -5.3992281432001780E-011
           9          31   1.6309503068204916E-010
           9          32   3.5837254985216539E-011
           9          33   1.5457522414010321E-010
           9          34   2.8650011995885888E-011
           9          35  -1.1928313212106980E-010
           9          36  -4.1516411531757501E-011
           9          37   1.8710608724378859E-010
           9          38  -1.2487951270805452E-010
           9          39   6.3980768356396156E-011
           9          40  -9.4348977675682806E-011
           9          41  -5.8738563373440006E-011
           9          42  -2.9720937696304303E-011
           9          43  -3.3745524592554930E-011
           9          44   1.3461331290251794E-010
           9          45  -1.5843722397206308E-010
           9          46   7.2483371750354603E-011
           9          47   1.4517200378926899E-010
           9          48   3.1003799310192974E-011
           9          49  -8.3533359449401154E-011
           9          50   5.7158486927886884E-011
           9          51   3.9712140342256515E-005
           9          52   2.9535054090127218E-011
           9          53  -1.2743700655386652E-005
           9          54   1.4715668231245531E-012
           9          55  -1.4760867827959137E-011
           9          56  -1.5985677385281911E-011
           9          57   3.2224890624362142E-011
           9          58   8.1393974896814126E-004
           9          59   2.1615160967948752E-011
           9          60   1.5584083133018801E-010
           9          61  -5.2647302133176949E-005
           9          62   8.2508874771470623E-011
           9          63  -2.4126539850162179E-005
           9          64  -3.8584993775350481E-011
           9          65  -2.2371530744243184E-011
           9          66   1.6035775704008809E-011
           9          67   1.1219175426463534E-010
           9          68  -1.2347498961048410E-004
           9          69  -4.5100821208559058E-011
          10           1  -7.3278825805614280E-012
          10           2  -4.5773013506860990E-011
          10           3   5.2871569269502082E-011
          10           4   3.1316015926210057E-011
          10           5   1.4668014776516117E-011
          10           6   9.9726846917476543E-011
          10           7   7.4124053107046947E-011
          10           8  -1.3071513134645592E-010
          10           9  -4.8740622680973643E-011
          10          10   2.0002797567260751     
          10          11  -7.5750268249743543E-011
          10          12   3.7026131242716340E-011
          10          13   1.3711647674451415E-004
          10          14   2.0641284387370343E-010
          10          15  -3.6603040036218173E-011
          10          16   2.7191054568199424E-003
          10          17  -9.7301468039072351E-011
          10          18   4.3499063810233841E-011
          10          19  -9.9973581713210533E-004
          10          20  -3.4292557104845684E-010
          10          21   8.5525129960553082E-011
          10          22  -4.2005759566799295E-003
          10          23   1.0385408355848571E-010
          10          24  -3.9546314234496624E-011
          10          25   1.4462873647806277E-003
          10          26  -3.1063162862878119E-011
          10          27   3.6485940018659699E-011
          10          28  -5.3351899224506873E-011
          10          29  -1.7801743123712041E-011
          10          30   7.0598699555792469E-013
          10          31  -3.4066743159104842E-011
          10          32  -4.6983305381102026E-012
          10          33   5.8384980119839499E-011
          10          34  -5.0812337974059412E-011
          10          35  -5.2549365844263292E-011
          10          36  -1.2826795177492371E-011
          10          37  -2.6461520857377616E-011
          10          38   5.2876116875041221E-011
          10          39   3.3386074672747319E-011
          10          40   3.2926911931541079E-012
          10          41  -3.0530993710243732E-011
          10          42  -1.4281531644986302E-011
          10          43   1.4339837497067815E-011
          10          44  -3.7361162977537891E-011
          10          45  -7.8759013410795780E-011
          10          46   2.9512901628799881E-011
          10          47   5.8554813121151354E-011
          10          48   1.7850976924040179E-011
          10          49  -1.2984161652704013E-011
          10          50   1.3613978229085335E-011
          10          51   4.1314019611897506E-012
          10          52  -6.6909003103235098E-013
          10          53  -8.2736072387294743E-012
          10          54   2.6011921147593882E-004
          10          55   3.9552230124838602E-012
          10          56   5.6338825633829169E-005
          10          57   1.2440860242300596E-012
          10          58  -1.4176642505277566E-012
          10          59  -9.5252888995651366E-004
          10          60   5.5776272925733522E-011
          10          61  -1.7964660887757699E-011
          10          62   2.9804054986947107E-011
          10          63  -2.9199157165414995E-011
          10          64   2.4560508052270925E-004
          10          65  -2.5922985471737599E-012
          10          66   2.6290939580291586E-004
          10          67   2.5835757929238216E-011
          10          68  -1.2863184569182315E-011
          10          69  -1.1773042004567242E-004
          11           1   5.4042679804444391E-014
          11           2   2.0460879716896495E-013
          11           3   1.3645800608659488E-012
          11           4   1.7519557142765894E-013
          11           5  -8.5545287584430589E-014
          11           6   4.6243118225485375E-013
          11           7   7.3836717824553896E-013
          11           8  -2.2909280895610433E-004
          11           9  -2.6276979434067277E-010
          11          10  -7.5750268249743543E-011
          11          11   1.9979647033423951     
          11          12   7.6602564882399655E-012
          11          13  -5.3982090143345597E-013
          11          14   5.2891034507837106E-003
          11          15  -5.5277994211216098E-011
          11          16   1.2066155037353672E-011
          11          17   9.9541964893632524E-004
          11          18   1.3824519483102547E-011
          11          19  -4.1235341443112429E-012
          11          20  -4.7037202840957901E-003
          11          21   7.3349045611800677E-011
          11          22  -1.8112441766590075E-011
          11          23   1.8996002088506585E-003
          11          24  -2.5292995294467975E-011
          11          25   6.2373594354544798E-012
          11          26  -1.0346443575201591E-012
          11          27  -1.4087900849902809E-013
          11          28  -6.7160759237691262E-013
          11          29   1.5512601217036445E-012
          11          30   1.7255953497057378E-015
          11          31  -1.3474405574056968E-012
          11          32  -1.5375081913181271E-012
          11          33   4.8049236343328496E-013
          11          34  -1.6850879019433270E-013
          11          35   5.8702327239006068E-012
          11          36  -8.2014702852643043E-014
          11          37  -3.0724795663531522E-013
          11          38  -5.4816680572368574E-014
          11          39  -3.3425060882571967E-013
          11          40   2.7409658841492256E-013
          11          41   1.5728891110378444E-012
          11          42   2.6563828290074771E-014
          11          43   2.2550614261731351E-013
          11          44   8.9283176740552944E-013
          11          45   7.5551293202717289E-014
          11          46  -3.9550561613495295E-014
          11          47  -4.1956593839868181E-012
          11          48   5.1945498652557187E-016
          11          49   1.2293055896164825E-013
          11          50  -3.5044605754168063E-003
          11          51   7.2773684250629869E-012
          11          52  -2.2429689296869053E-003
          11          53  -5.7880850382114038E-012
          11          54  -6.8514425157907121E-013
          11          55   1.2030255465431165E-012
          11          56  -6.7150462475600511E-013
          11          57   6.6451910660816410E-003
          11          58   5.2399807912878588E-012
          11          59  -1.3482121553044056E-013
          11          60  -3.8264481540894071E-003
          11          61   2.9314457628039634E-013
          11          62  -2.1981201276726450E-003
          11          63  -1.3226956711730429E-011
          11          64  -7.1698102651580648E-013
          11          65   1.4151966872027004E-012
          11          66   1.3641165010370223E-013
          11          67   9.6883126222639879E-003
          11          68   7.9991997197321979E-012
          11          69   2.0184873296185055E-012
          12           1   7.1698860560740139E-013
          12           2   3.0264986636000978E-012
          12           3   2.9234689230863512E-012
          12           4  -1.5993086280195099E-012
          12           5  -7.4788807638057510E-013
          12           6  -2.5663374350800543E-012
          12           7  -1.2323306623499411E-012
          12           8   4.1586789153483003E-013
          12           9  -3.2632434805022228E-004
          12          10   3.7026131242716340E-011
          12          11   7.6602564882399655E-012
          12          12   1.9973744886687594     
          12          13   3.0129911976712543E-012
          12          14  -4.7781704676363670E-011
          12          15   1.2572515966129939E-002
          12          16  -1.0647426336537405E-011
          12          17   1.0989190657110636E-011
          12          18  -5.0437758212643199E-004
          12          19   2.6429826101401119E-012
          12          20   6.1506231590198904E-011
          12          21  -1.3908524350867818E-002
          12          22   1.5323535235773943E-011
          12          23  -2.1363158473293384E-011
          12          24   5.0927197915979156E-003
          12          25  -5.5185178800681152E-012
