           1           1   2.1561619770360130     
           1           2 -0.57916123067234682     
           1           3  -2.4828780417039228E-002
           1           4   9.5389476831620940E-002
           1           5   6.2154916839716273E-002
           1           6  -1.3200330459503988E-015
           1           7  -1.8745375429236616E-015
           1           8   3.1137588924125967E-016
           1           9  -1.6119920132120255E-015
           1          10   5.7483975196145110E-015
           1          11   2.2396959951718579E-014
           1          12  -8.0348441221322518E-015
           1          13  -3.0995564389250619E-014
           1          14  -6.7859166563090466E-014
           1          15  -9.3063463950131551E-016
           1          16  -1.7372583970349906E-015
           1          17   5.7107649825347541E-015
           1          18   2.8455428142918108E-004
           1          19  -2.3284618631318887E-015
           1          20   2.8455428142811639E-004
           1          21  -1.0734394177609355E-015
           1          22  -1.9486689438351593E-015
           1          23   2.8455428142539564E-004
           1          24  -1.0361932103710534E-003
           1          25   2.7975230027756690E-015
           1          26  -1.0361932103707663E-003
           1          27   7.4862544859198932E-016
           1          28   1.5175709048436172E-015
           1          29  -1.0361932103737702E-003
           1          30   6.2540656925172018E-015
           1          31   7.3742055013204439E-015
           1          32   4.3176057438955596E-015
           1          33   1.7239982346502187E-014
           1          34   1.5215641637463048E-014
           1          35   1.4584138077724199E-016
           1          36   1.3026837254341853E-014
           1          37  -4.4466326287756640E-017
           1          38   8.2559097192450512E-015
           1          39   3.4059983400881888E-014
           2           1 -0.57916123067234682     
           2           2   2.1567230952339145     
           2           3   7.8754223257665845E-002
           2           4 -0.39218000183787571     
           2           5 -0.25705906972371695     
           2           6   1.2198492438243665E-014
           2           7  -8.1544340410911259E-015
           2           8  -2.0067914029930626E-014
           2           9  -1.8263654833538741E-014
           2          10  -1.3135768204883266E-014
           2          11   1.3516741413268011E-014
           2          12   6.8258068052490046E-014
           2          13   5.7595713580353543E-014
           2          14  -5.7583707769649846E-014
           2          15  -5.1142315370184963E-015
           2          16   3.3023195174752578E-015
           2          17   3.7910053009506651E-015
           2          18   9.1963519512880550E-004
           2          19  -6.9528889199899139E-016
           2          20   9.1963519512879791E-004
           2          21   9.4048698625597264E-016
           2          22   1.5623356234974070E-015
           2          23   9.1963519512737457E-004
           2          24   4.5240401519661810E-003
           2          25   1.4511533961031840E-015
           2          26   4.5240401519669703E-003
           2          27   4.0893036485801189E-016
           2          28  -2.1242183449916993E-016
           2          29   4.5240401519674282E-003
           2          30  -2.9573547723084742E-014
           2          31  -1.0627347678451743E-014
           2          32  -1.3730608060407099E-014
           2          33  -2.6425424225886620E-014
           2          34   1.3754279955400503E-014
           2          35   1.8751706935395511E-016
           2          36   1.3017205233575229E-014
           2          37  -1.5322403711916275E-014
           2          38  -1.1703900992004549E-014
           2          39   2.6945458401638501E-014
           3           1  -2.4828780417039228E-002
           3           2   7.8754223257665845E-002
           3           3   2.0465745453558438E-002
           3           4   9.1003746248153800E-002
           3           5   6.3014948742536159E-002
           3           6  -4.4019593853634459E-015
           3           7   1.8615633282471193E-014
           3           8   2.4311206531691534E-014
           3           9  -4.5207259632110026E-015
           3          10   4.0180194828601212E-016
           3          11   2.4708005293978378E-015
           3          12   5.6204122629070650E-015
           3          13   7.0993306588771038E-015
           3          14  -3.8281549259590118E-016
           3          15  -4.6205215568110228E-015
           3          16   7.9233665853310071E-016
           3          17   6.8348402753354008E-016
           3          18   9.6411118140517650E-004
           3          19  -8.9495454649691837E-017
           3          20   9.6411118140570689E-004
           3          21   1.1296765598854043E-016
           3          22   1.5318544599488439E-016
           3          23   9.6411118140512868E-004
           3          24   7.9901752395870039E-004
           3          25   7.1807181228745084E-017
           3          26   7.9901752395872424E-004
           3          27  -1.5770257072508181E-016
           3          28  -1.0552278628794798E-016
           3          29   7.9901752395837404E-004
           3          30  -4.5345439146683729E-015
           3          31  -1.0385694393890534E-015
           3          32  -2.0867287257231627E-015
           3          33  -2.5995885576339493E-015
           3          34   2.6271841422798891E-016
           3          35  -3.5121760894888823E-017
           3          36   3.3733220955937444E-016
           3          37  -2.0248076203117139E-015
           3          38  -1.2996407521109526E-015
           3          39   5.3247668186572480E-016
           4           1   9.5389476831620940E-002
           4           2 -0.39218000183787571     
           4           3   9.1003746248153800E-002
           4           4  0.70332316599849687     
           4           5  0.47764498531107913     
           4           6  -3.3106284719174609E-014
           4           7  -4.2528711403968041E-014
           4           8   1.8397249590539110E-016
           4           9  -1.1513683266687624E-014
           4          10  -9.1547806623779690E-015
           4          11  -3.2707113700515454E-015
           4          12   3.6091239343870614E-014
           4          13  -6.0472606326032689E-015
           4          14   1.3802507326679200E-014
           4          15  -4.8147221343987561E-015
           4          16  -1.1459952942146855E-014
           4          17  -4.5124313830695386E-016
           4          18   5.7481443033106953E-003
           4          19  -2.8573169098433778E-016
           4          20   5.7481443033137198E-003
           4          21   3.4592296847624280E-016
           4          22   2.8076722539961596E-016
           4          23   5.7481443033109390E-003
           4          24   3.8828104743017355E-003
           4          25  -1.5138206848600474E-016
           4          26   3.8828104743016349E-003
           4          27  -1.1265071727938345E-015
           4          28  -5.3388886238129980E-016
           4          29   3.8828104742993589E-003
           4          30  -1.5990182739364546E-014
           4          31  -5.8779693647681897E-016
           4          32  -7.3020418431728927E-015
           4          33  -1.9596962261869842E-015
           4          34  -3.0201678401866172E-015
           4          35  -2.9706252045767307E-016
           4          36  -2.4090596090204168E-015
           4          37  -6.3650633052675094E-015
           4          38  -1.7682540207223743E-015
           4          39  -5.8090550184292303E-015
           5           1   6.2154916839716273E-002
           5           2 -0.25705906972371695     
           5           3   6.3014948742536159E-002
           5           4  0.47764498531107913     
           5           5  0.33525966554136766     
           5           6   6.0335867538613543E-015
           5           7  -2.0180622914784630E-014
           5           8  -3.0194923601192593E-014
           5           9  -4.2341262575686004E-015
           5          10  -1.0762411973355369E-014
           5          11  -5.4219080595042563E-015
           5          12   3.4567849172447443E-014
           5          13  -2.7542908213737633E-014
           5          14   5.5263903778774902E-015
           5          15   2.0880177394371619E-015
           5          16  -2.1243462521488304E-014
           5          17  -2.2506284957632445E-015
           5          18   3.0001475754276178E-003
           5          19  -1.7159636802453029E-016
           5          20   3.0001475754301591E-003
           5          21   1.4076086404452720E-016
           5          22   2.1276400816487613E-016
           5          23   3.0001475754278238E-003
           5          24  -5.2743139012228005E-005
           5          25  -3.5233581236788950E-017
           5          26  -5.2743139012523775E-005
           5          27  -7.2396206408318877E-016
           5          28  -3.7432843957656101E-016
           5          29  -5.2743139014170028E-005
           5          30  -1.2205983151775737E-014
           5          31   2.1161952039709884E-016
           5          32  -5.5334397876485597E-015
           5          33   8.9433925827092890E-017
           5          34  -2.0449399431170001E-015
           5          35  -1.6852323028843186E-016
           5          36  -1.2949202694221790E-015
           5          37  -4.7945352504119574E-015
           5          38  -4.8830020887311597E-016
           5          39  -3.2859708740562714E-015
           6           1  -1.3200330459503988E-015
           6           2   1.2198492438243665E-014
           6           3  -4.4019593853634459E-015
           6           4  -3.3106284719174609E-014
           6           5   6.0335867538613543E-015
           6           6   1.9031109574328271     
           6           7   2.2030988144911090E-016
           6           8  -4.7212295108556953E-015
           6           9  0.10349723491182818     
           6          10   8.1992138772912756E-014
           6          11   1.2477774483142849E-014
           6          12 -0.10303475712306227     
           6          13  -2.9937995984184749E-013
           6          14  -5.4576738365164723E-014
           6          15  -9.6172676541315658E-002
           6          16   3.7932561280408442E-014
           6          17   1.4675638634019383E-014
           6          18   8.3217277256173484E-015
           6          19  -7.5997583442237409E-015
           6          20   5.8341466301934730E-015
           6          21   6.9630619365329851E-015
           6          22  -9.3033503983130323E-016
           6          23   1.8988256793009021E-014
           6          24   1.0889123724146974E-014
           6          25   6.4079311816661158E-015
           6          26   6.9586931696792875E-015
           6          27  -4.9116797118894436E-015
           6          28  -1.8566138943187020E-015
           6          29  -4.0712199457821153E-015
           6          30  -1.7784444200232289E-002
           6          31   6.3640268727592486E-014
           6          32  -7.9534452529678550E-003
           6          33   1.4201828732116062E-013
           6          34   1.5007131118916202E-014
           6          35   2.4135237262434084E-015
           6          36   4.9103965319330477E-015
           6          37  -7.9534452529632198E-003
           6          38   6.1810081250328330E-014
           6          39   2.4321431302850945E-014
           7           1  -1.8745375429236616E-015
           7           2  -8.1544340410911259E-015
           7           3   1.8615633282471193E-014
           7           4  -4.2528711403968041E-014
           7           5  -2.0180622914784630E-014
           7           6   2.2030988144911090E-016
           7           7   1.9031109574328315     
           7           8  -4.3165070042622180E-015
           7           9  -6.4556433115870045E-014
           7          10  0.10349723491182122     
           7          11   1.7867394304545100E-014
           7          12   2.1340489596809206E-013
           7          13 -0.10303475712303301     
           7          14  -7.3571628390195361E-014
           7          15  -1.7978159108991831E-014
           7          16  -9.6172676541325705E-002
           7          17   5.8610902183052837E-015
           7          18   1.3887024028168605E-014
           7          19  -2.5465319591648689E-015
           7          20   1.4265432841975838E-014
           7          21   1.1350879208312820E-015
           7          22  -5.5386982255213483E-016
           7          23   1.5979791450436514E-014
           7          24   1.7375664179469045E-014
           7          25   2.4962514517469810E-015
           7          26   1.1850969494141533E-014
           7          27   2.1284478570013580E-015
           7          28  -1.1965394200369371E-015
           7          29   1.8841026949497626E-014
           7          30  -1.0633624514776195E-013
           7          31  -7.9534452529733020E-003
           7          32  -4.7523237515362337E-014
           7          33  -1.7784444200250167E-002
           7          34   1.7976578969028545E-014
           7          35   3.7881373731359405E-016
           7          36   1.6747030601475447E-014
           7          37  -4.9089448868680566E-014
           7          38  -7.9534452529718119E-003
           7          39   3.8254986912879646E-014
           8           1   3.1137588924125967E-016
           8           2  -2.0067914029930626E-014
           8           3   2.4311206531691534E-014
           8           4   1.8397249590539110E-016
           8           5  -3.0194923601192593E-014
           8           6  -4.7212295108556953E-015
           8           7  -4.3165070042622180E-015
           8           8   1.9031109574328560     
           8           9   2.9779957254512367E-014
           8          10   9.6029616008207150E-015
           8          11  0.10349723491175626     
           8          12  -1.0907548871280992E-013
           8          13  -2.3212057005238982E-014
           8          14 -0.10303475712285069     
           8          15   6.3544005127202850E-015
           8          16  -4.7733152608482701E-015
           8          17  -9.6172676541356472E-002
           8          18  -1.6506301811469120E-015
           8          19   4.4434761302890632E-015
           8          20   4.3899963422378286E-016
           8          21  -2.7675337243727376E-015
           8          22   2.6246645988240998E-015
           8          23  -6.0904701432490575E-015
           8          24   5.9127613948531985E-015
           8          25  -4.7413133605410370E-015
           8          26   9.3444352458653206E-015
           8          27   7.7659975163350747E-016
           8          28  -1.8433281040812116E-015
           8          29   1.7051108282553451E-014
           8          30   5.1117645332200146E-014
           8          31   7.1505284739105043E-015
           8          32   2.6967187629752469E-014
           8          33   1.5320578837421227E-014
           8          34  -7.9534452530120297E-003
           8          35  -1.0007941942640634E-015
           8          36  -7.9534452530074136E-003
           8          37   2.3059120124414506E-014
           8          38   6.0913133498525289E-015
           8          39  -1.7784444200339651E-002
           9           1  -1.6119920132120255E-015
           9           2  -1.8263654833538741E-014
           9           3  -4.5207259632110026E-015
           9           4  -1.1513683266687624E-014
           9           5  -4.2341262575686004E-015
           9           6  0.10349723491182818     
           9           7  -6.4556433115870045E-014
           9           8   2.9779957254512367E-014
           9           9   2.9441298115513020E-002
           9          10   3.0003126719192216E-015
           9          11   2.7250938796643755E-015
           9          12   8.9339475881269836E-002
           9          13  -3.1024939832913452E-014
           9          14  -7.6579571134917256E-016
           9          15   5.7986044576382297E-002
           9          16   3.1459616812655901E-015
           9          17  -1.3796472644878833E-017
           9          18   7.3773837950156122E-016
           9          19   7.9734022654044598E-017
           9          20  -3.7277275967358182E-016
           9          21   8.9329329656517889E-016
           9          22   4.4332455218703168E-017
           9          23   4.0784690073520690E-016
           9          24   3.2813496582000608E-016
           9          25   2.1627932424613170E-015
           9          26  -1.3265673856087311E-015
           9          27   6.9321428879779353E-016
           9          28  -1.5923314247643800E-015
           9          29  -2.4502701954514223E-015
           9          30  -4.9958227738009934E-003
           9          31   6.5669456431418483E-015
           9          32  -2.2341998535226337E-003
           9          33   1.4566041040974108E-014
           9          34   2.8718911480502593E-016
           9          35   1.2026181430409891E-016
           9          36  -3.9218091325993350E-016
           9          37  -2.2341998535223254E-003
           9          38   6.4668348191058657E-015
           9          39   3.9706892864037058E-016
          10           1   5.7483975196145110E-015
          10           2  -1.3135768204883266E-014
          10           3   4.0180194828601212E-016
          10           4  -9.1547806623779690E-015
          10           5  -1.0762411973355369E-014
          10           6   8.1992138772912756E-014
          10           7  0.10349723491182122     
          10           8   9.6029616008207150E-015
          10           9   3.0003126719192216E-015
          10          10   2.9441298115518540E-002
          10          11   9.2050119696737635E-016
          10          12   2.6832429981800060E-014
          10          13   8.9339475881276137E-002
          10          14  -5.2317210215728841E-015
          10          15   3.5575938591261799E-015
          10          16   5.7986044576390575E-002
          10          17  -1.5419272363578224E-015
          10          18   1.1718349599250608E-015
          10          19   1.7626119395686010E-016
          10          20   2.2824729099669622E-015
          10          21  -2.9109650544990120E-016
          10          22   9.9472334288486515E-017
          10          23   1.1079377954199304E-015
          10          24   2.0492393840924947E-015
          10          25   6.7556320700852269E-016
          10          26   3.9031417955043016E-015
          10          27  -7.9763424006187680E-016
          10          28  -1.7125533282250616E-016
          10          29   8.3014843136538291E-016
          10          30  -9.5536795298834611E-015
          10          31  -2.2341998535210404E-003
          10          32  -4.3127275432515299E-015
          10          33  -4.9958227737982039E-003
          10          34   7.5468581545463810E-016
          10          35  -1.2860861380510296E-016
          10          36   7.3197008587515363E-016
          10          37  -4.5186344764654825E-015
          10          38  -2.2341998535207810E-003
          10          39   1.9431109451768097E-015
          11           1   2.2396959951718579E-014
          11           2   1.3516741413268011E-014
          11           3   2.4708005293978378E-015
          11           4  -3.2707113700515454E-015
          11           5  -5.4219080595042563E-015
          11           6   1.2477774483142849E-014
          11           7   1.7867394304545100E-014
          11           8  0.10349723491175626     
          11           9   2.7250938796643755E-015
          11          10   9.2050119696737635E-016
          11          11   2.9441298115544353E-002
          11          12  -9.3014788579705015E-015
          11          13  -1.3792809227379729E-015
          11          14   8.9339475881302172E-002
          11          15  -2.0389810987622950E-015
          11          16  -2.6452898235057532E-015
          11          17   5.7986044576442956E-002
          11          18   1.6822488494796911E-016
          11          19   3.1209352088528724E-016
          11          20  -4.9602741649701948E-017
          11          21  -1.6395017219135706E-016
          11          22   6.0693871080239539E-016
          11          23  -4.5417319284654399E-016
          11          24   1.1222206223607323E-015
          11          25  -6.2186108590196503E-016
          11          26   8.4365304526904403E-016
          11          27   1.9934651285959806E-016
          11          28   8.9144643265090965E-016
          11          29   1.0051385393848830E-015
          11          30   3.9453776125986923E-015
          11          31   9.2421882457226174E-018
          11          32   1.9741954661542708E-015
          11          33  -4.1951847811623905E-017
          11          34  -2.2341998535123646E-003
          11          35  -7.2127853381970705E-017
          11          36  -2.2341998535119153E-003
          11          37   1.5931863351334465E-015
          11          38  -3.3622549324790804E-017
          11          39  -4.9958227737778313E-003
          12           1  -8.0348441221322518E-015
          12           2   6.8258068052490046E-014
          12           3   5.6204122629070650E-015
          12           4   3.6091239343870614E-014
          12           5   3.4567849172447443E-014
          12           6 -0.10303475712306227     
          12           7   2.1340489596809206E-013
          12           8  -1.0907548871280992E-013
          12           9   8.9339475881269836E-002
          12          10   2.6832429981800060E-014
          12          11  -9.3014788579705015E-015
          12          12  0.38758088490020753     
          12          13  -2.6666739325889918E-014
          12          14   1.7553141692982297E-014
          12          15  0.25855690142327731     
          12          16   6.7374142530895319E-015
          12          17  -7.3221657246279418E-016
          12          18   1.8920994767631990E-015
          12          19   2.7224989389071552E-015
          12          20  -1.9234531382497022E-015
          12          21   1.2748420400187704E-015
          12          22   4.7365863834116577E-016
          12          23  -2.8453543220580647E-015
          12          24  -1.6082110005957708E-015
          12          25   6.4800109678164535E-015
          12          26  -6.6883780972521415E-015
          12          27   4.2994491210433966E-015
          12          28  -5.6674703152036789E-015
          12          29  -7.7883598406538957E-015
          12          30  -1.5755936778670900E-002
          12          31   6.5987826999534381E-015
          12          32  -7.0462690856324308E-003
          12          33   1.4429886000417263E-014
          12          34  -2.8703697709974399E-015
          12          35  -2.7135036825241770E-016
          12          36  -2.4717285374487042E-015
          12          37  -7.0462690856326841E-003
          12          38   6.7744254635993340E-015
          12          39  -4.3524559295767529E-015
          13           1  -3.0995564389250619E-014
          13           2   5.7595713580353543E-014
          13           3   7.0993306588771038E-015
          13           4  -6.0472606326032689E-015
          13           5  -2.7542908213737633E-014
          13           6  -2.9937995984184749E-013
          13           7 -0.10303475712303301     
          13           8  -2.3212057005238982E-014
          13           9  -3.1024939832913452E-014
          13          10   8.9339475881276137E-002
          13          11  -1.3792809227379729E-015
          13          12  -2.6666739325889918E-014
          13          13  0.38758088490012688     
          13          14   1.8168536778378327E-014
          13          15  -2.0999274618927433E-014
          13          16  0.25855690142325116     
          13          17   4.9231297201487745E-015
          13          18   1.7112294330106363E-015
          13          19   1.4444277137742814E-015
          13          20   6.1522950461846777E-015
          13          21  -1.4778522979522040E-015
          13          22   6.0895078343182067E-016
          13          23   9.1055940227660668E-016
          13          24   4.9842484075539876E-015
          13          25   1.9660766273663528E-015
          13          26   1.3955485517413880E-014
          13          27  -3.7614184376787616E-015
          13          28  -3.5102166740908741E-016
          13          29  -2.7202916678750375E-016
          13          30   1.8954039320056363E-015
          13          31  -7.0462690856225186E-003
          13          32   7.0986062012793426E-016
          13          33  -1.5755936778649601E-002
          13          34  -2.1203491350833613E-015
          13          35  -5.8641465087170860E-016
          13          36  -1.7915790802535474E-015
          13          37   2.8955392491479161E-016
          13          38  -7.0462690856218646E-003
          13          39  -3.2657010115462147E-015
          14           1  -6.7859166563090466E-014
          14           2  -5.7583707769649846E-014
          14           3  -3.8281549259590118E-016
          14           4   1.3802507326679200E-014
          14           5   5.5263903778774902E-015
          14           6  -5.4576738365164723E-014
          14           7  -7.3571628390195361E-014
          14           8 -0.10303475712285069     
          14           9  -7.6579571134917256E-016
          14          10  -5.2317210215728841E-015
          14          11   8.9339475881302172E-002
          14          12   1.7553141692982297E-014
          14          13   1.8168536778378327E-014
          14          14  0.38758088489964315     
          14          15   5.1630628602088677E-015
          14          16   3.9803660224030434E-015
          14          17  0.25855690142311699     
          14          18   7.1611684927230635E-016
          14          19  -1.7987136477852518E-016
          14          20  -5.9809275710441310E-016
          14          21   3.3503159187952787E-016
          14          22   1.7508350861046342E-015
          14          23  -2.2467608124673698E-016
          14          24   2.4285883549466854E-015
          14          25  -9.8538131706520532E-016
          14          26   1.5040667204898692E-016
          14          27   5.2313490661543635E-016
          14          28   3.9730298739154068E-015
          14          29  -1.6006852576969555E-015
          14          30  -1.5330364609078468E-016
          14          31  -1.7871776455967398E-015
          14          32  -4.3988496181644380E-016
          14          33  -3.8895326509767757E-015
          14          34  -7.0462690855661357E-003
          14          35   7.3713732021259816E-017
          14          36  -7.0462690855657394E-003
          14          37  -8.3824370987717782E-016
          14          38  -1.6313525015361655E-015
          14          39  -1.5755936778519098E-002
          15           1  -9.3063463950131551E-016
          15           2  -5.1142315370184963E-015
          15           3  -4.6205215568110228E-015
          15           4  -4.8147221343987561E-015
          15           5   2.0880177394371619E-015
          15           6  -9.6172676541315658E-002
          15           7  -1.7978159108991831E-014
          15           8   6.3544005127202850E-015
          15           9   5.7986044576382297E-002
          15          10   3.5575938591261799E-015
          15          11  -2.0389810987622950E-015
          15          12  0.25855690142327731     
          15          13  -2.0999274618927433E-014
          15          14   5.1630628602088677E-015
          15          15  0.17317238837556997     
          15          16   9.7719598409832263E-016
          15          17  -5.5448293975033277E-015
          15          18   6.7809248643207520E-016
          15          19   1.8230007395641533E-015
          15          20  -1.8084916036973453E-015
          15          21   8.6360220320334155E-016
          15          22   3.1590055348616598E-016
          15          23  -2.4770254138935062E-015
          15          24  -1.3679823904116092E-015
          15          25   4.3393959732188785E-015
          15          26  -4.8243234627776396E-015
          15          27   2.8747079269443991E-015
          15          28  -3.7982059301767520E-015
          15          29  -5.5101350375770486E-015
          15          30  -1.0043471166868960E-002
          15          31   4.3231745432205313E-015
          15          32  -4.4915768172905015E-003
          15          33   9.4347613451053927E-015
          15          34  -2.0950687617932770E-015
          15          35  -1.8763783888950458E-016
          15          36  -1.7906804841756609E-015
          15          37  -4.4915768172906706E-003
          15          38   4.4437916113930724E-015
          15          39  -3.3313062544099971E-015
          16           1  -1.7372583970349906E-015
          16           2   3.3023195174752578E-015
          16           3   7.9233665853310071E-016
          16           4  -1.1459952942146855E-014
          16           5  -2.1243462521488304E-014
          16           6   3.7932561280408442E-014
          16           7  -9.6172676541325705E-002
          16           8  -4.7733152608482701E-015
          16           9   3.1459616812655901E-015
          16          10   5.7986044576390575E-002
          16          11  -2.6452898235057532E-015
          16          12   6.7374142530895319E-015
          16          13  0.25855690142325116     
          16          14   3.9803660224030434E-015
          16          15   9.7719598409832263E-016
          16          16  0.17317238837557039     
          16          17  -2.9109033299675725E-015
          16          18   5.4704449376743914E-016
          16          19   9.8371187681704468E-016
          16          20   3.4652073981019129E-015
          16          21  -9.9765488664392662E-016
          16          22   3.9548255817367292E-016
          16          23  -2.2504188439110570E-017
          16          24   2.2305479599644905E-015
          16          25   1.2876714032821091E-015
          16          26   8.2600562700802069E-015
          16          27  -2.5340241115477007E-015
          16          28  -2.1857404647311603E-016
          16          29  -1.2908865495935741E-015
          16          30  -1.2389810852722011E-015
          16          31  -4.4915768172843918E-003
          16          32  -6.5548225634925994E-016
          16          33  -1.0043471166855989E-002
          16          34  -1.5152557901227261E-015
          16          35  -4.0432677779317482E-016
          16          36  -1.3034109772775586E-015
          16          37  -9.0564398760952104E-016
          16          38  -4.4915768172839850E-003
          16          39  -2.3576289907585018E-015
          17           1   5.7107649825347541E-015
          17           2   3.7910053009506651E-015
          17           3   6.8348402753354008E-016
          17           4  -4.5124313830695386E-016
          17           5  -2.2506284957632445E-015
          17           6   1.4675638634019383E-014
          17           7   5.8610902183052837E-015
          17           8  -9.6172676541356472E-002
          17           9  -1.3796472644878833E-017
          17          10  -1.5419272363578224E-015
          17          11   5.7986044576442956E-002
          17          12  -7.3221657246279418E-016
          17          13   4.9231297201487745E-015
          17          14  0.25855690142311699     
          17          15  -5.5448293975033277E-015
          17          16  -2.9109033299675725E-015
          17          17  0.17317238837560614     
          17          18   5.9142350626157063E-016
          17          19  -1.2048564641971187E-016
          17          20  -3.4873047665612740E-016
          17          21   1.9413219475474170E-016
          17          22   1.1155627991009161E-015
          17          23  -6.8295343318608723E-017
          17          24   1.5878402141848895E-015
          17          25  -6.4791489285911376E-016
          17          26   8.9937550254679230E-017
          17          27   3.5477435328054434E-016
          17          28   2.6954125269986869E-015
          17          29  -1.0989812061574279E-015
          17          30  -9.4817079873884217E-017
          17          31  -1.3374483047399993E-015
          17          32  -3.2162465694044428E-016
          17          33  -2.9605885273762491E-015
          17          34  -4.4915768172502160E-003
          17          35   3.7529209496952538E-017
          17          36  -4.4915768172499775E-003
          17          37  -5.4843752796292522E-016
          17          38  -1.2299774360630311E-015
          17          39  -1.0043471166776509E-002
          18           1   2.8455428142918108E-004
          18           2   9.1963519512880550E-004
          18           3   9.6411118140517650E-004
          18           4   5.7481443033106953E-003
          18           5   3.0001475754276178E-003
          18           6   8.3217277256173484E-015
          18           7   1.3887024028168605E-014
          18           8  -1.6506301811469120E-015
          18           9   7.3773837950156122E-016
          18          10   1.1718349599250608E-015
          18          11   1.6822488494796911E-016
          18          12   1.8920994767631990E-015
          18          13   1.7112294330106363E-015
          18          14   7.1611684927230635E-016
          18          15   6.7809248643207520E-016
          18          16   5.4704449376743914E-016
          18          17   5.9142350626157063E-016
          18          18   1.4007514429885631E-004
          18          19  -7.9469632709399792E-018
          18          20   1.4007514429884360E-004
          18          21   1.7229133430010475E-017
          18          22   4.6825164643877426E-018
          18          23   1.4007514429884951E-004
          18          24   2.7985787023480934E-004
          18          25  -2.4962592703852099E-018
          18          26   2.7985787023482816E-004
          18          27  -1.4624736436935384E-017
          18          28  -3.7167870574697160E-018
          18          29   2.7985787023481433E-004
          18          30  -3.9870174472486517E-016
          18          31  -1.6182463398506257E-016
          18          32  -1.8273027109224541E-016
          18          33  -3.8510467438443925E-016
          18          34   4.4313034691706793E-017
          18          35  -5.4546766459855690E-018
          18          36   1.7453416104918055E-017
          18          37  -1.8983383263172310E-016
          18          38  -1.8715073034880751E-016
          18          39   3.6527971795031587E-017
          19           1  -2.3284618631318887E-015
          19           2  -6.9528889199899139E-016
          19           3  -8.9495454649691837E-017
          19           4  -2.8573169098433778E-016
          19           5  -1.7159636802453029E-016
          19           6  -7.5997583442237409E-015
          19           7  -2.5465319591648689E-015
          19           8   4.4434761302890632E-015
          19           9   7.9734022654044598E-017
          19          10   1.7626119395686010E-016
          19          11   3.1209352088528724E-016
          19          12   2.7224989389071552E-015
          19          13   1.4444277137742814E-015
          19          14  -1.7987136477852518E-016
          19          15   1.8230007395641533E-015
          19          16   9.8371187681704468E-016
          19          17  -1.2048564641971187E-016
          19          18  -7.9469632709399792E-018
          19          19   1.1178090952217661E-028
          19          20  -7.9469632709441299E-018
          19          21  -8.5455012567376386E-029
          19          22   1.9371373426370001E-029
          19          23  -7.9469632710863175E-018
          19          24  -1.1737512021117744E-017
          19          25  -5.5444945677707914E-029
          19          26  -1.1737512021029152E-017
          19          27   5.0915553283570839E-029
          19          28  -3.0878026733695213E-030
          19          29  -1.1737512020971505E-017
          19          30  -7.7884991950203635E-017
          19          31  -1.7551225110302181E-017
          19          32  -3.4831226919134159E-017
          19          33  -3.9245732873339179E-017
          19          34  -5.2249936659277552E-018
          19          35  -2.9698829624169214E-029
          19          36  -5.2249936658249783E-018
          19          37  -3.4831226919181035E-017
          19          38  -1.7551225110290124E-017
          19          39  -1.1683440961204773E-017
          20           1   2.8455428142811639E-004
          20           2   9.1963519512879791E-004
          20           3   9.6411118140570689E-004
          20           4   5.7481443033137198E-003
          20           5   3.0001475754301591E-003
          20           6   5.8341466301934730E-015
          20           7   1.4265432841975838E-014
          20           8   4.3899963422378286E-016
          20           9  -3.7277275967358182E-016
          20          10   2.2824729099669622E-015
          20          11  -4.9602741649701948E-017
          20          12  -1.9234531382497022E-015
          20          13   6.1522950461846777E-015
          20          14  -5.9809275710441310E-016
          20          15  -1.8084916036973453E-015
          20          16   3.4652073981019129E-015
          20          17  -3.4873047665612740E-016
          20          18   1.4007514429884360E-004
          20          19  -7.9469632709441299E-018
          20          20   1.4007514429883089E-004
          20          21   1.7229133429975056E-017
          20          22   4.6825164643944071E-018
          20          23   1.4007514429883680E-004
          20          24   2.7985787023471128E-004
          20          25  -2.4962592704288279E-018
          20          26   2.7985787023473009E-004
          20          27  -1.4624736437020350E-017
          20          28  -3.7167870574368658E-018
          20          29   2.7985787023471621E-004
          20          30  -1.9871743139401558E-016
          20          31  -2.5567073091112990E-016
          20          32  -9.3294567782803478E-017
          20          33  -5.9495092784201308E-016
          20          34   5.0437233499919807E-017
          20          35  -5.4546766459901111E-018
          20          36   2.3577614913164512E-017
          20          37  -1.0039812932228060E-016
          20          38  -2.8099682727486675E-016
          20          39   5.0222097050220167E-017
          21           1  -1.0734394177609355E-015
          21           2   9.4048698625597264E-016
          21           3   1.1296765598854043E-016
          21           4   3.4592296847624280E-016
