           1           1   2.0937914287348858     
           1           2  0.22260826252702468     
           1           3 -0.82851747831443456     
           1           4  -1.1309606613999938     
           1           5  0.30153322790218684     
           1           6   5.9758016292971574E-014
           1           7   1.4828503206924944E-013
           1           8  -2.4549791786466005E-014
           1           9  -1.2069685524960841E-013
           1          10  -1.7349972192344821E-013
           1          11   3.8467759964355331E-014
           1          12   1.8842736931944898E-013
           1          13   4.3738751019734748E-013
           1          14  -7.4329962395082056E-014
           1          15  -8.8755163417659704E-014
           1          16  -2.0979357594541127E-013
           1          17   3.3993951135217288E-014
           1          18  0.42247281210032561     
           1          19  -1.0522060757309951E-014
           1          20  0.42247281210033200     
           1          21  -8.0125148269474026E-016
           1          22  -5.3585859030055972E-015
           1          23  0.42247281210033005     
           1          24  0.11929703332139824     
           1          25   1.3286637201415817E-014
           1          26  0.11929703332138682     
           1          27   3.5913614596642669E-015
           1          28  -2.8884391993412256E-015
           1          29  0.11929703332139660     
           1          30  -5.0877610927569948E-014
           1          31  -6.3931810592620472E-014
           1          32  -2.5242983309431240E-014
           1          33  -1.1522219622926554E-013
           1          34   5.5811405887415575E-015
           1          35   3.4494377584025408E-015
           1          36   8.4051931513678720E-015
           1          37  -2.3503862310437169E-014
           1          38  -4.8306435028591174E-014
           1          39   2.4929895117464015E-014
           2           1  0.22260826252702468     
           2           2   1.8730632948872488     
           2           3  -1.7359917853367814     
           2           4  -3.6129649476049446     
           2           5  0.96942243585889010     
           2           6  -1.9155737633497640E-013
           2           7   5.5207063209679874E-013
           2           8  -6.1268400556038187E-014
           2           9   6.7805996514139305E-015
           2          10  -3.0769110149815985E-013
           2          11  -5.3171677497035852E-014
           2          12   1.7141466126725208E-014
           2          13   1.1093824419157899E-012
           2          14   9.3920210688014889E-014
           2          15   4.0658917024102225E-015
           2          16  -5.2366911471393803E-013
           2          17  -4.8228870607637784E-014
           2          18   1.2532511706382172     
           2          19  -3.4684784949262208E-015
           2          20   1.2532511706382148     
           2          21   3.0775673642013025E-015
           2          22   2.5405545504733679E-016
           2          23   1.2532511706382170     
           2          24  0.37743717781009833     
           2          25   5.9905971908416322E-016
           2          26  0.37743717781010461     
           2          27  -6.8910210868024000E-015
           2          28   1.9393504148727960E-015
           2          29  0.37743717781010289     
           2          30  -1.4214324097752066E-014
           2          31  -1.4383329951045079E-013
           2          32  -4.0667139919438482E-015
           2          33  -3.1409950551323614E-013
           2          34  -1.2600945542532546E-014
           2          35   4.0289846937801104E-015
           2          36  -8.5519373549376054E-015
           2          37  -9.6576603746462550E-015
           2          38  -1.4587666791525842E-013
           2          39  -2.2270623393035476E-014
           3           1 -0.82851747831443456     
           3           2  -1.7359917853367814     
           3           3   7.6751990888696984     
           3           4   12.270609491189200     
           3           5  -3.2193765298523775     
           3           6  -8.1293805977509617E-013
           3           7  -5.7938071134002157E-013
           3           8   1.2086666247680992E-013
           3           9   1.5261561590837451E-012
           3          10   7.6406468054159751E-013
           3          11  -1.2414327384171741E-013
           3          12  -2.8812846482250512E-012
           3          13  -9.0461121687614320E-013
           3          14   2.0058781961688332E-013
           3          15   1.3795060816747524E-012
           3          16   4.6589265398327255E-013
           3          17  -9.7406014634371506E-014
           3          18  -4.3976558735014795     
           3          19   1.2598475819353233E-014
           3          20  -4.3976558735014786     
           3          21  -1.2775349581962416E-014
           3          22   9.6496279653283919E-015
           3          23  -4.3976558735014839     
           3          24  -1.3231199824986015     
           3          25  -1.4574647189818820E-014
           3          26  -1.3231199824986311     
           3          27   2.2279119920188754E-014
           3          28  -5.2455596556006309E-015
           3          29  -1.3231199824986097     
           3          30   7.2838847651071858E-013
           3          31   8.7703071304838173E-014
           3          32   3.2468765977727904E-013
           3          33   1.6946120466733091E-013
           3          34  -1.0739408703831401E-014
           3          35  -2.8791051040449029E-015
           3          36  -3.1622616127663409E-014
           3          37   3.2574170587702652E-013
           3          38   8.0968016225052119E-014
           3          39  -4.8134365548939787E-014
           4           1  -1.1309606613999938     
           4           2  -3.6129649476049446     
           4           3   12.270609491189200     
           4           4   20.114087636050272     
           4           5  -5.2889396986126149     
           4           6  -2.3468738023185932E-012
           4           7  -8.4733678187619840E-013
           4           8   5.7621182299720204E-013
           4           9   3.0720028524325422E-012
           4          10   2.0746844894152228E-012
           4          11  -7.4332520210534539E-013
           4          12  -6.0620498220769185E-012
           4          13  -2.7889843366548874E-012
           4          14   1.2265334376535547E-012
           4          15   2.9084625429231901E-012
           4          16   1.3943290904370379E-012
           4          17  -5.9772084900483103E-013
           4          18  -7.1832074105476762     
           4          19   1.9516840558600532E-014
           4          20  -7.1832074105476718     
           4          21  -2.0763632994421479E-014
           4          22   1.3582336010945442E-014
           4          23  -7.1832074105476824     
           4          24  -2.1622513449942815     
           4          25  -2.0519569037289479E-014
           4          26  -2.1622513449943299     
           4          27   3.7309954761849528E-014
           4          28  -9.1823482337753306E-015
           4          29  -2.1622513449942957     
           4          30   1.5386065500851617E-012
           4          31   2.8864239048810286E-013
           4          32   6.8495190187208755E-013
           4          33   6.0461986405761535E-013
           4          34  -1.1529223211864820E-013
           4          35  -6.1880120768235330E-015
           4          36  -1.4823495577057543E-013
           4          37   6.8987640937369514E-013
           4          38   2.8148972141023464E-013
           4          39  -2.9556975283733954E-013
           5           1  0.30153322790218684     
           5           2  0.96942243585889010     
           5           3  -3.2193765298523775     
           5           4  -5.2889396986126149     
           5           5   1.3910258704411957     
           5           6   7.0577007784115838E-013
           5           7   7.2553155028510531E-013
           5           8  -1.7493443287503446E-013
           5           9  -1.0652799590069442E-012
           5          10  -1.2024380041255525E-012
           5          11   2.1074883492095609E-013
           5          12   1.9845006593705288E-012
           5          13   1.8929679459547687E-012
           5          14  -3.5527888687480235E-013
           5          15  -9.5617912782254702E-013
           5          16  -9.3262230069784462E-013
           5          17   1.7306121662071626E-013
           5          18   1.8882524971143428     
           5          19  -5.1491448098683579E-015
           5          20   1.8882524971143417     
           5          21   5.4456926139371620E-015
           5          22  -3.5375118085530869E-015
           5          23   1.8882524971143444     
           5          24  0.56837994881861409     
           5          25   5.3696863008646331E-015
           5          26  0.56837994881862686     
           5          27  -9.8027686101989349E-015
           5          28   2.4126151178603042E-015
           5          29  0.56837994881861797     
           5          30  -4.9716526639812224E-013
           5          31  -2.0288877159020940E-013
           5          32  -2.2149274434011902E-013
           5          33  -4.4289256771276258E-013
           5          34   3.4025924840596413E-014
           5          35   1.6791490276127194E-015
           5          36   4.2660396200081009E-014
           5          37  -2.2285827635951040E-013
           5          38  -2.0103184256329567E-013
           5          39   8.6021042848171379E-014
           6           1   5.9758016292971574E-014
           6           2  -1.9155737633497640E-013
           6           3  -8.1293805977509617E-013
           6           4  -2.3468738023185932E-012
           6           5   7.0577007784115838E-013
           6           6   9.9441041110495760     
           6           7  -2.0397197819654884E-011
           6           8  -9.8486149791021660E-013
           6           9  -9.8066900144961906     
           6          10   2.5495078270765258E-011
           6          11   1.2892256706642513E-012
           6          12   18.572704935157674     
           6          13  -6.0397575829540554E-011
           6          14  -3.9391545580969023E-012
           6          15  -9.0531948366537662     
           6          16   2.8842733756917495E-011
           6          17   1.9086919544886172E-012
           6          18   8.2665804202923362E-013
           6          19  -9.8102277663932872E-014
           6          20   6.1132842352699962E-013
           6          21  -1.2282000427807317E-013
           6          22   7.8191939082369830E-014
           6          23   6.4834892263104726E-013
           6          24   1.6289017008450607E-013
           6          25   9.8070321661394278E-014
           6          26   3.2419298252730309E-013
           6          27   5.0630146221242352E-014
           6          28  -4.8950732034537911E-014
           6          29   3.0716715984155326E-013
           6          30  -4.5993272692986631     
           6          31   7.2043274124133948E-012
           6          32  -2.0568816849839884     
           6          33   1.6231335719929525E-011
           6          34   5.2069329750659133E-013
           6          35  -6.2453366181392533E-014
           6          36   4.1799202987746768E-013
           6          37  -2.0568816849839373     
           6          38   7.2646957893773877E-012
           6          39   1.0905755465362432E-012
           7           1   1.4828503206924944E-013
           7           2   5.5207063209679874E-013
           7           3  -5.7938071134002157E-013
           7           4  -8.4733678187619840E-013
           7           5   7.2553155028510531E-013
           7           6  -2.0397197819654884E-011
           7           7   9.9441041110977046     
           7           8  -2.0035145417707234E-012
           7           9   2.4658969310920052E-011
           7          10  -9.8066900145574216     
           7          11   2.3974275255994604E-012
           7          12  -6.0731086826137951E-011
           7          13   18.572704935302902     
           7          14  -6.6593783439039544E-012
           7          15   2.8903268667335182E-011
           7          16  -9.0531948367232626     
           7          17   3.1388030195811378E-012
           7          18   6.0973084681299473E-013
           7          19   5.8370481366172726E-014
           7          20   1.0462915992645995E-013
           7          21  -9.8284070170346597E-014
           7          22   7.5717543815458315E-014
           7          23   3.4689810721643891E-013
           7          24  -2.3387580305373040E-013
           7          25   5.6369881974517401E-014
           7          26   2.3508654100268394E-014
           7          27   1.0878961370744426E-013
           7          28  -2.2330884180893483E-014
           7          29  -1.5721859356400816E-013
           7          30   1.6518536538612245E-011
           7          31  -2.0568816850013993     
           7          32   7.3774042430585528E-012
           7          33  -4.5993272693375715     
           7          34   8.7938884689789428E-013
           7          35  -6.3194628853372173E-015
           7          36   7.4565966465614500E-013
           7          37   7.3524172861105829E-012
           7          38  -2.0568816850014571     
           7          39   1.8791208823351613E-012
           8           1  -2.4549791786466005E-014
           8           2  -6.1268400556038187E-014
           8           3   1.2086666247680992E-013
           8           4   5.7621182299720204E-013
           8           5  -1.7493443287503446E-013
           8           6  -9.8486149791021660E-013
           8           7  -2.0035145417707234E-012
           8           8   9.9441041110392661     
           8           9   1.7867235468926879E-012
           8          10   2.9652044708505798E-012
           8          11  -9.8066900144848681     
           8          12  -2.7372028255090441E-012
           8          13  -5.8735121800934653E-012
           8          14   18.572704935128797     
           8          15   1.3479599381138740E-012
           8          16   2.8415290953542893E-012
           8          17  -9.0531948366400528     
           8          18  -1.8649151166453055E-013
           8          19   3.3049096301315327E-015
           8          20  -1.4475693207920207E-013
           8          21   1.6642113662846166E-014
           8          22  -2.3188634452255449E-015
           8          23  -1.5998095995289735E-013
           8          24  -4.5413222842506343E-014
           8          25  -7.6355496603774424E-015
           8          26  -6.8945452907074335E-014
           8          27  -5.2786896225839019E-015
           8          28   1.2438152707500693E-015
           8          29  -6.2295959308860740E-014
           8          30   6.4641174357671360E-013
           8          31   6.7586805293021190E-013
           8          32   2.8283235128934159E-013
           8          33   1.5094200845819361E-012
           8          34  -2.0568816849804916     
           8          35   3.0147443828533933E-015
           8          36  -2.0568816849804841     
           8          37   2.7675214550604288E-013
           8          38   6.7222063419164479E-013
           8          39  -4.5993272692906952     
           9           1  -1.2069685524960841E-013
           9           2   6.7805996514139305E-015
           9           3   1.5261561590837451E-012
           9           4   3.0720028524325422E-012
           9           5  -1.0652799590069442E-012
           9           6  -9.8066900144961906     
           9           7   2.4658969310920052E-011
           9           8   1.7867235468926879E-012
           9           9   11.874341340753055     
           9          10  -3.0794811145540292E-011
           9          11  -2.3269259782909835E-012
           9          12  -21.228087927108767     
           9          13   7.1935235546050106E-011
           9          14   7.0404689023195743E-012
           9          15   10.362176913394165     
           9          16  -3.4387825920134687E-011
           9          17  -3.4115071878559888E-012
           9          18  -1.2044251077174293E-012
           9          19   1.7294807114429034E-013
           9          20  -8.2867283245065282E-013
           9          21   2.1283307410653560E-013
           9          22  -1.3445498107161519E-013
           9          23  -8.8902201382338087E-013
           9          24  -1.1703515570849099E-013
           9          25  -1.7445411399393318E-013
           9          26  -3.9960252459257950E-013
           9          27  -8.1414932550658649E-014
           9          28   8.4003210053106682E-014
           9          29  -3.8138394860511145E-013
           9          30   5.2026913100768244     
           9          31  -8.5258120008369108E-012
           9          32   2.3267142870556987     
           9          33  -1.9253654226503168E-011
           9          34  -9.3350023891436409E-013
           9          35   1.0674267874573684E-013
           9          36  -7.4080021630895685E-013
           9          37   2.3267142870556441     
           9          38  -8.6164825274792682E-012
           9          39  -1.9482688032312900E-012
          10           1  -1.7349972192344821E-013
          10           2  -3.0769110149815985E-013
          10           3   7.6406468054159751E-013
          10           4   2.0746844894152228E-012
          10           5  -1.2024380041255525E-012
          10           6   2.5495078270765258E-011
          10           7  -9.8066900145574216     
          10           8   2.9652044708505798E-012
          10           9  -3.0794811145540292E-011
          10          10   11.874341340830906     
          10          11  -3.5914971083933489E-012
          10          12   7.5464190452123642E-011
          10          13  -21.228087927293416     
          10          14   1.0103925508764267E-011
          10          15  -3.5929426100977954E-011
          10          16   10.362176913482575     
          10          17  -4.7577441118773489E-012
          10          18  -1.1619647299233507E-012
          10          19  -1.0416458884766736E-013
          10          20  -2.9995914803847879E-013
          10          21   1.6436078931831698E-013
          10          22  -1.4328188323126061E-013
          10          23  -6.8578827796294951E-013
          10          24   2.4833772337639575E-013
          10          25  -9.8288592856516322E-014
          10          26  -1.9373820416377756E-013
          10          27  -1.8328716935237176E-013
          10          28   2.7261078719434207E-014
          10          29   1.0541862490724976E-013
          10          30  -2.0497548103293194E-011
          10          31   2.3267142870778312     
          10          32  -9.1248467115612235E-012
          10          33   5.2026913101262107     
          10          34  -1.3423010261897493E-012
          10          35   1.2431008348704861E-014
          10          36  -1.1226268666845309E-012
          10          37  -9.1482169062295830E-012
          10          38   2.3267142870779201     
          10          39  -2.8638279898560159E-012
          11           1   3.8467759964355331E-014
          11           2  -5.3171677497035852E-014
          11           3  -1.2414327384171741E-013
          11           4  -7.4332520210534539E-013
          11           5   2.1074883492095609E-013
          11           6   1.2892256706642513E-012
          11           7   2.3974275255994604E-012
          11           8  -9.8066900144848681     
          11           9  -2.3269259782909835E-012
          11          10  -3.5914971083933489E-012
          11          11   11.874341340740953     
          11          12   3.6021376853545561E-012
          11          13   6.8653043319710783E-012
          11          14  -21.228087927078924     
          11          15  -1.7708794500248537E-012
          11          16  -3.3319618765459413E-012
          11          17   10.362176913379956     
          11          18   2.4081428604787384E-013
          11          19  -7.1967688980426371E-015
          11          20   1.7229268425583349E-013
          11          21  -2.8430730150382220E-014
          11          22   5.7814096410555466E-015
          11          23   1.9419855216082209E-013
          11          24   5.8300331878243704E-014
          11          25   1.4505427767472872E-014
          11          26   1.0134214657294664E-013
          11          27   9.4184890732159744E-015
          11          28  -1.7918165974033557E-015
          11          29   9.0091196635997771E-014
          11          30  -8.5679250153014586E-013
          11          31  -7.8230228284931203E-013
          11          32  -3.7500731686623823E-013
          11          33  -1.7423695949578266E-012
          11          34   2.3267142870521473     
          11          35  -5.8260340659046024E-015
          11          36   2.3267142870521349     
          11          37  -3.6464451250162178E-013
          11          38  -7.7908228371219301E-013
          11          39   5.2026913100685839     
          12           1   1.8842736931944898E-013
          12           2   1.7141466126725208E-014
          12           3  -2.8812846482250512E-012
          12           4  -6.0620498220769185E-012
          12           5   1.9845006593705288E-012
          12           6   18.572704935157674     
          12           7  -6.0731086826137951E-011
          12           8  -2.7372028255090441E-012
          12           9  -21.228087927108767     
          12          10   7.5464190452123642E-011
          12          11   3.6021376853545561E-012
          12          12   38.537406620039263     
          12          13  -1.6547230252683686E-010
          12          14  -1.1161856161567840E-011
          12          15  -18.804244692554814     
          12          16   7.9453665868811692E-011
          12          17   5.4075268568487544E-012
          12          18   2.2995233367297706E-012
          12          19  -2.8394578071559554E-013
          12          20   1.6813786056107425E-012
          12          21  -3.5061012450279759E-013
          12          22   2.2183365049890266E-013
          12          23   1.7820329992292635E-012
          12          24   3.1935804486843093E-013
          12          25   2.8591836060767543E-013
          12          26   7.8385239835321134E-013
          12          27   1.3617694446216498E-013
          12          28  -1.3865042758096935E-013
          12          29   7.5016560201588682E-013
          12          30  -9.4717119807292462     
          12          31   1.9311829912993530E-011
          12          32  -4.2358783704417240     
          12          33   4.3501896529463150E-011
          12          34   1.4873740260268325E-012
          12          35  -1.7632483299200245E-013
          12          36   1.1746541239698877E-012
          12          37  -4.2358783704416227     
          12          38   1.9465831724296847E-011
          12          39   3.1001425385146497E-012
          13           1   4.3738751019734748E-013
          13           2   1.1093824419157899E-012
          13           3  -9.0461121687614320E-013
          13           4  -2.7889843366548874E-012
          13           5   1.8929679459547687E-012
          13           6  -6.0397575829540554E-011
          13           7   18.572704935302902     
          13           8  -5.8735121800934653E-012
          13           9   7.1935235546050106E-011
          13          10  -21.228087927293416     
          13          11   6.8653043319710783E-012
          13          12  -1.6547230252683686E-010
          13          13   38.537406620448607     
          13          14  -1.8588684411180445E-011
          13          15   7.9149353737761937E-011
          13          16  -18.804244692751574     
          13          17   8.7790512706686918E-012
          13          18   1.7129767010775071E-012
          13          19   1.7061357511629694E-013
          13          20   2.8863025241586953E-013
          13          21  -2.7269812349301684E-013
          13          22   2.3210447900700612E-013
          13          23   9.3529392971971041E-013
          13          24  -5.1090585864331768E-013
          13          25   1.6171819391022710E-013
          13          26   2.1863052215055121E-013
          13          27   3.0364154648172650E-013
          13          28  -4.8631968159081667E-014
          13          29  -2.7875070593923677E-013
          13          30   4.4146519773136132E-011
          13          31  -4.2358783704899148     
          13          32   1.9681950513827941E-011
          13          33  -9.4717119808368544     
          13          34   2.4343854839944957E-012
          13          35  -1.9996276870749437E-014
          13          36   2.0685608174281210E-012
          13          37   1.9698728759287589E-011
          13          38  -4.2358783704900649     
          13          39   5.2123765373335296E-012
          14           1  -7.4329962395082056E-014
          14           2   9.3920210688014889E-014
          14           3   2.0058781961688332E-013
          14           4   1.2265334376535547E-012
          14           5  -3.5527888687480235E-013
          14           6  -3.9391545580969023E-012
          14           7  -6.6593783439039544E-012
          14           8   18.572704935128797     
          14           9   7.0404689023195743E-012
          14          10   1.0103925508764267E-011
          14          11  -21.228087927078924     
          14          12  -1.1161856161567840E-011
          14          13  -1.8588684411180445E-011
          14          14   38.537406619969104     
          14          15   5.4761611911757768E-012
          14          16   9.0388360858562056E-012
          14          17  -18.804244692521269     
          14          18  -3.9602826557285242E-013
          14          19   1.1377037232642403E-014
          14          20  -2.8191217735815405E-013
          14          21   4.6968200004563721E-014
          14          22  -8.9499347377545845E-015
          14          23  -3.1945602742459846E-013
          14          24  -9.4341950244846971E-014
          14          25  -2.3480708890355292E-014
          14          26  -1.6450991786294318E-013
          14          27  -1.5427251609075750E-014
          14          28   3.0701246055767404E-015
          14          29  -1.4588716978112123E-013
          14          30   2.6675970460354748E-012
          14          31   2.0871820981607780E-012
          14          32   1.1785568181099659E-012
          14          33   4.6568209358111012E-012
          14          34  -4.2358783704334533     
          14          35   9.4015512913220406E-015
          14          36  -4.2358783704334328     
          14          37   1.1613865251447475E-012
          14          38   2.0808164219454639E-012
          14          39  -9.4717119807102730     
          15           1  -8.8755163417659704E-014
          15           2   4.0658917024102225E-015
          15           3   1.3795060816747524E-012
          15           4   2.9084625429231901E-012
          15           5  -9.5617912782254702E-013
          15           6  -9.0531948366537662     
          15           7   2.8903268667335182E-011
          15           8   1.3479599381138740E-012
          15           9   10.362176913394165     
          15          10  -3.5929426100977954E-011
          15          11  -1.7708794500248537E-012
          15          12  -18.804244692554814     
          15          13   7.9149353737761937E-011
          15          14   5.4761611911757768E-012
          15          15   9.1755781575983395     
          15          16  -3.7991804147097267E-011
          15          17  -2.6532690974856443E-012
          15          18  -1.1052168393171401E-012
          15          19   1.3891415932688008E-013
          15          20  -8.0281981059959707E-013
          15          21   1.7151239688898456E-013
          15          22  -1.0851264851716845E-013
          15          23  -8.5204167741019512E-013
          15          24  -1.4988505964290406E-013
          15          25  -1.3988589298054752E-013
          15          26  -3.7712088609997573E-013
          15          27  -6.6587945641700097E-014
          15          28   6.7821812555764167E-014
          15          29  -3.6069090459715891E-013
          15          30   4.6213775495738210     
          15          31  -9.2485255565044675E-012
          15          32   2.0667428701075807     
          15          33  -2.0836304903681948E-011
          15          34  -7.2940807040178216E-013
          15          35   8.6248616286717739E-014
          15          36  -5.7644752686492071E-013
          15          37   2.0667428701075314     
          15          38  -9.3237709219984375E-012
          15          39  -1.5206260729760945E-012
          16           1  -2.0979357594541127E-013
          16           2  -5.2366911471393803E-013
          16           3   4.6589265398327255E-013
          16           4   1.3943290904370379E-012
          16           5  -9.3262230069784462E-013
          16           6   2.8842733756917495E-011
          16           7  -9.0531948367232626     
          16           8   2.8415290953542893E-012
          16           9  -3.4387825920134687E-011
          16          10   10.362176913482575     
          16          11  -3.3319618765459413E-012
          16          12   7.9453665868811692E-011
          16          13  -18.804244692751574     
          16          14   9.0388360858562056E-012
          16          15  -3.7991804147097267E-011
          16          16   9.1755781576928950     
          16          17  -4.2680655017168778E-012
          16          18  -8.4878306207945024E-013
          16          19  -8.3474300222003122E-014
          16          20  -1.5207513420956344E-013
          16          21   1.3337333469073926E-013
          16          22  -1.1359392148246943E-013
          16          23  -4.6826414559288604E-013
          16          24   2.4610789519078307E-013
          16          25  -7.9112370009723392E-014
          16          26  -1.1075153809210723E-013
          16          27  -1.4851345455323887E-013
          16          28   2.3740246609878474E-014
          16          29   1.3249783309411552E-013
          16          30  -2.1225257662571563E-011
          16          31   2.0667428701307706     
          16          32  -9.4622989998960414E-012
          16          33   4.6213775496256009     
          16          34  -1.1846740493974556E-012
          16          35   9.7882606692599705E-015
          16          36  -1.0057572721704205E-012
          16          37  -9.4707505726710004E-012
          16          38   2.0667428701308439     
          16          39  -2.5359651444761822E-012
          17           1   3.3993951135217288E-014
          17           2  -4.8228870607637784E-014
          17           3  -9.7406014634371506E-014
          17           4  -5.9772084900483103E-013
          17           5   1.7306121662071626E-013
          17           6   1.9086919544886172E-012
          17           7   3.1388030195811378E-012
          17           8  -9.0531948366400528     
          17           9  -3.4115071878559888E-012
          17          10  -4.7577441118773489E-012
          17          11   10.362176913379956     
          17          12   5.4075268568487544E-012
          17          13   8.7790512706686918E-012
          17          14  -18.804244692521269     
          17          15  -2.6532690974856443E-012
          17          16  -4.2680655017168778E-012
          17          17   9.1755781575823079     
          17          18   1.9297520269892475E-013
          17          19  -5.5718330022716022E-015
          17          20   1.3716809317025238E-013
          17          21  -2.2974256732144134E-014
          17          22   4.3858106229122521E-015
          17          23   1.5551445482978055E-013
          17          24   4.5950838795540818E-014
          17          25   1.1491888795164719E-014
          17          26   8.0285622119037543E-014
          17          27   7.5479217044445925E-015
          17          28  -1.5002726330177086E-015
          17          29   7.1176877285024463E-014
          17          30  -1.2924292712435115E-012
          17          31  -9.8679051041550281E-013
          17          32  -5.7095300709519847E-013
          17          33  -2.2015243360956616E-012
          17          34   2.0667428701036226     
          17          35  -4.6016898900970560E-015
          17          36   2.0667428701036124     
          17          37  -5.6253374354497954E-013
          17          38  -9.8374948595200684E-013
          17          39   4.6213775495647349     
          18           1  0.42247281210032561     
          18           2   1.2532511706382172     
          18           3  -4.3976558735014795     
          18           4  -7.1832074105476762     
          18           5   1.8882524971143428     
          18           6   8.2665804202923362E-013
          18           7   6.0973084681299473E-013
          18           8  -1.8649151166453055E-013
          18           9  -1.2044251077174293E-012
          18          10  -1.1619647299233507E-012
          18          11   2.4081428604787384E-013
          18          12   2.2995233367297706E-012
          18          13   1.7129767010775071E-012
          18          14  -3.9602826557285242E-013
          18          15  -1.1052168393171401E-012
          18          16  -8.4878306207945024E-013
          18          17   1.9297520269892475E-013
          18          18   2.5665908028822821     
          18          19  -7.0600487466801477E-015
          18          20   2.5665908028822808     
          18          21   7.4164032637409005E-015
          18          22  -4.9758357987679381E-015
          18          23   2.5665908028822844     
          18          24  0.77250154447177177     
          18          25   7.5364115805915552E-015
          18          26  0.77250154447178909     
          18          27  -1.3264772127974496E-014
          18          28   3.2382631817166640E-015
          18          29  0.77250154447177677     
          18          30  -5.7978205927120989E-013
          18          31  -1.8074114113914760E-013
          18          32  -2.5824491827451391E-013
          18          33  -3.8934297742875933E-013
          18          34   3.6574085477852069E-014
          18          35   2.1504948796046678E-015
          18          36   4.8404659819149202E-014
          18          37  -2.5984148534289939E-013
          18          38  -1.7794183859017459E-013
          18          39   9.5394352492721458E-014
          19           1  -1.0522060757309951E-014
          19           2  -3.4684784949262208E-015
          19           3   1.2598475819353233E-014
          19           4   1.9516840558600532E-014
          19           5  -5.1491448098683579E-015
          19           6  -9.8102277663932872E-014
          19           7   5.8370481366172726E-014
          19           8   3.3049096301315327E-015
          19           9   1.7294807114429034E-013
          19          10  -1.0416458884766736E-013
          19          11  -7.1967688980426371E-015
          19          12  -2.8394578071559554E-013
          19          13   1.7061357511629694E-013
          19          14   1.1377037232642403E-014
          19          15   1.3891415932688008E-013
          19          16  -8.3474300222003122E-014
          19          17  -5.5718330022716022E-015
          19          18  -7.0600487466801477E-015
          19          19   5.0025604721305033E-027
          19          20  -7.0600487466829979E-015
          19          21   2.3963311704515414E-027
          19          22  -8.3128556990323246E-028
          19          23  -7.0600487466796744E-015
          19          24  -2.0886003476027046E-015
          19          25  -2.5138374801143437E-027
          19          26  -2.0886003476030994E-015
          19          27   6.5816538409046676E-028
          19          28   1.4851461967080052E-027
          19          29  -2.0886003476065108E-015
          19          30   6.8441006410443627E-014
          19          31  -1.8382222628778034E-014
          19          32   3.0607748556446115E-014
          19          33  -4.1103899375488976E-014
          19          34  -1.2166488426397500E-015
          19          35   1.9956084449121008E-027
          19          36  -1.2166488426382382E-015
          19          37   3.0607748556446317E-014
          19          38  -1.8382222628780795E-014
          19          39  -2.7205095168876087E-015
          20           1  0.42247281210033200     
          20           2   1.2532511706382148     
          20           3  -4.3976558735014786     
          20           4  -7.1832074105476718     
          20           5   1.8882524971143417     
          20           6   6.1132842352699962E-013
          20           7   1.0462915992645995E-013
          20           8  -1.4475693207920207E-013
          20           9  -8.2867283245065282E-013
          20          10  -2.9995914803847879E-013
          20          11   1.7229268425583349E-013
          20          12   1.6813786056107425E-012
          20          13   2.8863025241586953E-013
          20          14  -2.8191217735815405E-013
          20          15  -8.0281981059959707E-013
          20          16  -1.5207513420956344E-013
          20          17   1.3716809317025238E-013
          20          18   2.5665908028822808     
          20          19  -7.0600487466829979E-015
          20          20   2.5665908028822795     
          20          21   7.4164032637666994E-015
          20          22  -4.9758357987891316E-015
          20          23   2.5665908028822830     
          20          24  0.77250154447177133     
          20          25   7.5364115805736701E-015
          20          26  0.77250154447178865     
          20          27  -1.3264772127996053E-014
          20          28   3.2382631817223722E-015
          20          29  0.77250154447177632     
          20          30  -4.3072595717624045E-013
          20          31  -2.7002582800357235E-014
          20          32  -1.9158500292541517E-013
          20          33  -4.5573110220393446E-014
          20          34   2.4237129704908452E-014
          20          35   2.1504948796107664E-015
          20          36   3.6067704046235984E-014
          20          37  -1.9318156999380879E-013
          20          38  -2.4203280251379631E-014
          20          39   6.7808080749030342E-014
          21           1  -8.0125148269474026E-016
          21           2   3.0775673642013025E-015
          21           3  -1.2775349581962416E-014
          21           4  -2.0763632994421479E-014
