           1           1   2.1639856544321656     
           1           2 -0.59293660463152387     
           1           3  -2.7305881944387728E-002
           1           4  0.10364243257804973     
           1           5   6.3869340021130566E-002
           1           6  -6.3501654754614638E-012
           1           7   2.1114605536235827E-011
           1           8   7.0976202954513277E-012
           1           9   2.6224760271187012E-012
           1          10  -9.5144355206445922E-012
           1          11  -3.2251149772622483E-012
           1          12   2.2278141104559374E-011
           1          13  -6.8594068921479437E-011
           1          14  -7.5609059334543186E-012
           1          15   6.7049560829939000E-012
           1          16  -3.0074264276303113E-011
           1          17  -1.6440900115930849E-011
           1          18   4.9214898312288625E-004
           1          19   1.7778401728084923E-004
           1          20  -5.4287388778974160E-005
           1          21   5.2287216337313334E-005
           1          22   1.3718452286507190E-005
           1          23  -9.1188764489208451E-005
           1          24   7.0069036948945933E-005
           1          25   4.2806061175091421E-004
           1          26  -1.2456170580445718E-003
           1          27   1.2589495830644845E-004
           1          28   3.3030708042993851E-005
           1          29  -1.3344665445320122E-003
           1          30  -3.9631229739962364E-012
           1          31   8.9547108418688784E-012
           1          32  -3.4981602803244068E-012
           1          33   7.4938043361854508E-012
           1          34  -1.8507905881354984E-012
           1          35  -2.4298285716360551E-013
           1          36   4.9393403122624663E-012
           1          37  -4.9390899030695954E-016
           1          38   6.3378004805250553E-012
           1          39   3.5657870675732047E-012
           2           1 -0.59293660463152387     
           2           2   2.1515697391287327     
           2           3   8.6223725398116458E-002
           2           4 -0.41428203834562061     
           2           5 -0.25644954649086626     
           2           6   1.8948732984272009E-011
           2           7  -5.8619320962472744E-011
           2           8  -4.4385442982859255E-011
           2           9  -2.9388685625721238E-012
           2          10   5.3081799243461404E-012
           2          11   3.0086510836503867E-011
           2          12  -6.7731782733062235E-011
           2          13   1.8099397210273170E-010
           2          14   7.8223214195467855E-011
           2          15  -1.4632172470147991E-011
           2          16   7.0694079071876308E-011
           2          17   9.2085183069470253E-011
           2          18  -1.0123394987915733E-003
           2          19  -8.0945966444324110E-004
           2          20   1.4756131444578283E-003
           2          21  -2.3806636302546179E-004
           2          22  -6.2460812726026284E-005
           2          23   1.6436269760261722E-003
           2          24  -1.0783849594310432E-003
           2          25  -1.9746546615081744E-003
           2          26   4.9909089231898619E-003
           2          27  -5.8075669974453356E-004
           2          28  -1.5237151175616262E-004
           2          29   5.4007739040500009E-003
           2          30   1.2977366322772119E-011
           2          31  -3.1258354864999243E-011
           2          32   1.5320567959070758E-011
           2          33  -2.8329713865860024E-011
           2          34   7.4453181934785656E-012
           2          35   9.0343634368107597E-013
           2          36  -1.7272140942932015E-011
           2          37  -2.6898014377703666E-013
           2          38  -2.4545112018362422E-011
           2          39  -1.0320583509416812E-011
           3           1  -2.7305881944387728E-002
           3           2   8.6223725398116458E-002
           3           3   2.5606265095762165E-002
           3           4  0.10291452243925384     
           3           5   6.6668998152236605E-002
           3           6   4.3258529769067994E-011
           3           7  -8.0199735721413177E-011
           3           8  -3.0469667054806449E-010
           3           9  -1.3053162375833582E-011
           3          10   2.8492685405270242E-011
           3          11   1.0324520581511747E-010
           3          12  -2.6712322422905194E-011
           3          13   4.4479089057569175E-011
           3          14   3.0476932939988815E-010
           3          15  -1.8241689761788314E-011
           3          16   2.9936679614497715E-011
           3          17   1.5019588809438192E-010
           3          18   1.0834919045272233E-003
           3          19  -1.3603395301434325E-005
           3          20   1.1253031950691189E-003
           3          21  -4.0008490971893580E-006
           3          22  -1.0496946109600687E-006
           3          23   1.1281267567380719E-003
           3          24   2.6073992976498508E-003
           3          25   6.1125459539760750E-004
           3          26   7.2864871620135835E-004
           3          27   1.7977330102008986E-004
           3          28   4.7166620064134101E-005
           3          29   6.0177495326387215E-004
           3          30   8.8439422985301862E-013
           3          31   6.0919959122402022E-012
           3          32  -5.8868262057061731E-012
           3          33   4.4291941718570921E-012
           3          34  -1.3302831210873704E-011
           3          35  -3.7821052859883723E-012
           3          36   4.0856117593750136E-012
           3          37  -1.1089282565734551E-012
           3          38   5.5251604412215236E-012
           3          39   2.5307853785996991E-012
           4           1  0.10364243257804973     
           4           2 -0.41428203834562061     
           4           3  0.10291452243925384     
           4           4  0.72487481261926412     
           4           5  0.46371402112018784     
           4           6  -5.8085340502500048E-013
           4           7   7.6780764886052976E-011
           4           8  -2.9804784148398380E-010
           4           9   3.0776678702212134E-011
           4          10  -1.2731609085162112E-010
           4          11   5.3393127960310458E-011
           4          12   1.7622506267786466E-010
           4          13  -6.1213818917630422E-010
           4          14   1.8096926902772943E-010
           4          15   6.1615945812668241E-011
           4          16  -2.9447994518155318E-010
           4          17  -1.4589702136131415E-011
           4          18   5.9651945257947134E-003
           4          19   7.5973020615734826E-005
           4          20   5.7316838761193511E-003
           4          21   2.2343936120834251E-005
           4          22   5.8623015691901714E-006
           4          23   5.7159146845889731E-003
           4          24   1.4164735264964019E-002
           4          25   3.8391798097606802E-003
           4          26   2.3646417450059517E-003
           4          27   1.1291236691304714E-003
           4          28   2.9624502826526740E-004
           4          29   1.5677705457997834E-003
           4          30  -2.4242502212871708E-011
           4          31   6.5316178699050404E-011
           4          32  -2.3463266419833795E-011
           4          33   3.2899557488862010E-011
           4          34  -3.3469029571625040E-011
           4          35  -3.2993106394060438E-012
           4          36   2.8286110334459388E-011
           4          37   3.9627152546638967E-012
           4          38   3.9869569547258231E-011
           4          39   3.9574927801150720E-012
           5           1   6.3869340021130566E-002
           5           2 -0.25644954649086626     
           5           3   6.6668998152236605E-002
           5           4  0.46371402112018784     
           5           5  0.30231403683632657     
           5           6  -1.1423255703591212E-010
           5           7   1.9526846058470875E-010
           5           8   9.2101532556844953E-010
           5           9   3.1796260435651467E-011
           5          10  -9.4582897892382643E-012
           5          11  -5.0425951259644267E-010
           5          12   1.6071237928790336E-010
           5          13  -2.0057279357850788E-010
           5          14  -1.3963910582805373E-009
           5          15   5.1034243226631097E-011
           5          16  -8.4025473720308603E-011
           5          17  -8.1770657328076063E-010
           5          18   5.5494558873388361E-003
           5          19   1.0624814659616010E-003
           5          20   2.2838154281827985E-003
           5          21   3.1248149741863154E-004
           5          22   8.1984892293210138E-005
           5          23   2.0632837123405884E-003
           5          24   1.1084818033384743E-002
           5          25   3.9680648767581811E-003
           5          26  -1.1114161017050043E-003
           5          27   1.1670294836210002E-003
           5          28   3.0619027456211991E-004
           5          29  -1.9350390675109738E-003
           5          30  -1.7102911236449854E-011
           5          31   2.2610801111441592E-011
           5          32  -1.7051956750843271E-011
           5          33   2.2552388577213017E-011
           5          34   2.5799392052570315E-011
           5          35   1.1527762272620517E-011
           5          36   9.4737775356555074E-012
           5          37   7.5425794236862167E-012
           5          38   2.4076600667918234E-011
           5          39  -8.6705459277277122E-012
           6           1  -6.3501654754614638E-012
           6           2   1.8948732984272009E-011
           6           3   4.3258529769067994E-011
           6           4  -5.8085340502500048E-013
           6           5  -1.1423255703591212E-010
           6           6   2.0076752762934342     
           6           7   1.5369412044528491E-002
           6           8   4.5202417132503463E-003
           6           9  -1.8534249385357762E-003
           6          10  -1.5165100940405313E-002
           6          11  -4.4601387093197858E-003
           6          12 -0.22771001152133191     
           6          13  -2.7338252233468710E-002
           6          14  -8.0403297324854028E-003
           6          15 -0.18794812178747591     
           6          16  -2.7100293008991760E-002
           6          17  -7.9703438237048382E-003
           6          18  -2.6500839110161408E-011
           6          19  -1.1578870656903058E-011
           6          20   9.6002486929746299E-012
           6          21   2.7041728472694856E-011
           6          22   1.1021165498302981E-011
           6          23  -2.5292314458742463E-011
           6          24   5.9752588703334920E-011
           6          25  -8.2380720621438273E-011
           6          26   2.8957471746744339E-011
           6          27   4.6879727590602345E-011
           6          28   3.3821023073391466E-011
           6          29  -4.6937701285032163E-012
           6          30  -1.5207055407544429E-002
           6          31   1.3237295316114142E-003
           6          32  -1.0502681942056318E-002
           6          33  -8.6304335135369524E-004
           6          34   3.8931627481388195E-004
           6          35   3.4221701282499001E-005
           6          36  -1.2593687066235715E-004
           6          37  -1.0594735022558411E-002
           6          38  -3.7032561584504154E-004
           6          39  -2.4113772824039823E-004
           7           1   2.1114605536235827E-011
           7           2  -5.8619320962472744E-011
           7           3  -8.0199735721413177E-011
           7           4   7.6780764886052976E-011
           7           5   1.9526846058470875E-010
           7           6   1.5369412044528491E-002
           7           7   1.9531279378477064     
           7           8   1.1859632349874418E-003
           7           9  -1.5165100768979966E-002
           7          10   5.1968804202276973E-002
           7          11  -1.1701940313701830E-003
           7          12  -2.7338252434723750E-002
           7          13 -0.13068423679862093     
           7          14  -2.1095189488035209E-003
           7          15  -2.7100292778084224E-002
           7          16  -9.1766891306372042E-002
           7          17  -2.0911569884769030E-003
           7          18  -2.4532677906617987E-011
           7          19   1.7049304771245917E-011
           7          20   6.1968216271196500E-011
           7          21   1.2709440636181205E-011
           7          22  -5.7358652225525321E-011
           7          23   4.5785417345235540E-011
           7          24  -2.4211614741960765E-010
           7          25   7.0772168609100935E-011
           7          26   6.3712075796734493E-011
           7          27  -3.3587910737791668E-011
           7          28  -1.4838923441219323E-010
           7          29   1.9422909665992358E-011
           7          30  -1.5018584184257541E-003
           7          31  -4.5780471738044431E-003
           7          32   2.1807900142836846E-003
           7          33  -2.0061711751961454E-002
           7          34  -9.9175545716780180E-005
           7          35   4.2149519422515140E-004
           7          36   1.6827771489584141E-004
           7          37  -3.7032562856349424E-004
           7          38  -9.2804196628633352E-003
           7          39  -6.3266622820872743E-005
           8           1   7.0976202954513277E-012
           8           2  -4.4385442982859255E-011
           8           3  -3.0469667054806449E-010
           8           4  -2.9804784148398380E-010
           8           5   9.2101532556844953E-010
           8           6   4.5202417132503463E-003
           8           7   1.1859632349874418E-003
           8           8   1.9494443070602900     
           8           9  -4.4601386933843575E-003
           8          10  -1.1701939521471447E-003
           8          11   5.5603468765195833E-002
           8          12  -8.0403302743628415E-003
           8          13  -2.1095188346833211E-003
           8          14 -0.12413199671189781     
           8          15  -7.9703436650680939E-003
           8          16  -2.0911568747260367E-003
           8          17  -8.5271683653496910E-002
           8          18   1.7361076160516355E-010
           8          19  -2.4005216185525807E-011
           8          20  -3.1965144023123700E-011
           8          21  -6.3968300937205354E-011
           8          22   2.2780725972245412E-011
           8          23   8.7314310145109852E-011
           8          24  -2.2530286088368316E-010
           8          25   4.7170822395585622E-011
           8          26  -2.3246322001164804E-010
           8          27  -4.4674617583761600E-011
           8          28  -9.3677314543065767E-011
           8          29  -2.1218441322655367E-010
           8          30  -4.4170404147037164E-004
           8          31  -9.9175638352285838E-005
           8          32  -1.2593675637256354E-004
           8          33  -6.6595535692876934E-005
           8          34  -4.2700039705307110E-003
           8          35   1.4999749713984281E-003
           8          36  -8.8803233936954763E-003
           8          37   6.5840477778723351E-004
           8          38   1.7274375738674313E-004
           8          39  -2.0552996894142160E-002
           9           1   2.6224760271187012E-012
           9           2  -2.9388685625721238E-012
           9           3  -1.3053162375833582E-011
           9           4   3.0776678702212134E-011
           9           5   3.1796260435651467E-011
           9           6  -1.8534249385357762E-003
           9           7  -1.5165100768979966E-002
           9           8  -4.4601386933843575E-003
           9           9  0.11065993017571175     
           9          10   1.3933339960070340E-002
           9          11   4.0978714713448220E-003
           9          12  0.23783102424768687     
           9          13   2.6019754268464184E-002
           9          14   7.6525520114620552E-003
           9          15  0.17718374940981590     
           9          16   2.6962743646920091E-002
           9          17   7.9298900321769037E-003
           9          18  -4.1316972542907202E-012
           9          19   2.6912594365315078E-011
           9          20  -1.2092457464052570E-011
           9          21  -5.5819633757671067E-012
           9          22  -1.7822151854106906E-011
           9          23   3.6687349255649638E-012
           9          24  -2.3482333594200574E-011
           9          25   6.4727537428813233E-011
           9          26  -2.7735547267900572E-011
           9          27  -4.8689963777836562E-011
           9          28  -2.7762056734135709E-011
           9          29   3.0532727426560460E-011
           9          30  -7.9457216213856680E-004
           9          31  -8.3453978631616845E-004
           9          32   3.3841671808066891E-003
           9          33   2.1662849805684555E-003
           9          34  -2.4544273764337256E-004
           9          35  -4.6464875040870378E-005
           9          36   2.9495928988992887E-004
           9          37   3.5091532476983008E-003
           9          38   9.5616239434474044E-004
           9          39   6.2687008817348562E-004
          10           1  -9.5144355206445922E-012
          10           2   5.3081799243461404E-012
          10           3   2.8492685405270242E-011
          10           4  -1.2731609085162112E-010
          10           5  -9.4582897892382643E-012
          10           6  -1.5165100940405313E-002
          10           7   5.1968804202276973E-002
          10           8  -1.1701939521471447E-003
          10           9   1.3933339960070340E-002
          10          10   6.1209327643192486E-002
          10          11   1.0751470258292097E-003
          10          12   2.6019754635462484E-002
          10          13  0.14548471300240418     
          10          14   2.0077787868837756E-003
          10          15   2.6962743562652866E-002
          10          16   8.1490691789416300E-002
          10          17   2.0805431689986612E-003
          10          18   5.7462036742847126E-011
          10          19  -1.8699318378857669E-011
          10          20  -2.5316759760078422E-011
          10          21  -3.1151773926803770E-011
          10          22   7.5495367957588007E-011
          10          23   8.0332614157546290E-013
          10          24   1.6514485815921111E-010
          10          25  -5.8446384651642814E-011
          10          26  -7.3768534483012384E-011
          10          27   2.5623108776775537E-011
          10          28   1.2728438987362090E-010
          10          29  -7.0401270494402059E-011
          10          30   2.6821741655269279E-003
          10          31  -4.4824747263189487E-003
          10          32  -1.5266777947298322E-003
          10          33  -4.1181727670175524E-004
          10          34   1.3079545417081181E-004
          10          35  -4.1215120180950962E-004
          10          36  -1.1780401987864582E-004
          10          37   9.5616240503340567E-004
          10          38   1.1565214868804576E-004
          10          39   1.6447007569739009E-004
          11           1  -3.2251149772622483E-012
          11           2   3.0086510836503867E-011
          11           3   1.0324520581511747E-010
          11           4   5.3393127960310458E-011
          11           5  -5.0425951259644267E-010
          11           6  -4.4601387093197858E-003
          11           7  -1.1701940313701830E-003
          11           8   5.5603468765195833E-002
          11           9   4.0978714713448220E-003
          11          10   1.0751470258292097E-003
          11          11   5.7869882631027478E-002
          11          12   7.6525521645125667E-003
          11          13   2.0077786642472670E-003
          11          14  0.13924848111650115     
          11          15   7.9298899595146438E-003
          11          16   2.0805431112337000E-003
          11          17   7.5028450980345246E-002
          11          18  -1.8834360329333706E-011
          11          19   2.3171233538596335E-011
          11          20   2.6391289666548858E-011
          11          21   6.4399634792909719E-012
          11          22   6.3261216945479719E-011
          11          23   5.3201993177582942E-011
          11          24   6.8636972855653945E-011
          11          25   6.5479069740694238E-012
          11          26   2.0518480589267896E-010
          11          27   4.0309322149625919E-011
          11          28   5.4699215038582252E-011
          11          29   3.4969677929089346E-011
          11          30   7.8884201338061248E-004
          11          31   1.3079547160493575E-004
          11          32   2.9495928741234562E-004
          11          33   1.6715837632271760E-004
          11          34  -4.8887302743188784E-003
          11          35  -1.4553437216710497E-003
          11          36  -4.1558945622534625E-004
          11          37  -4.6275096722240530E-004
          11          38  -1.2141070769443367E-004
          11          39  -2.5397500819256602E-004
          12           1   2.2278141104559374E-011
          12           2  -6.7731782733062235E-011
          12           3  -2.6712322422905194E-011
          12           4   1.7622506267786466E-010
          12           5   1.6071237928790336E-010
          12           6 -0.22771001152133191     
          12           7  -2.7338252434723750E-002
          12           8  -8.0403302743628415E-003
          12           9  0.23783102424768687     
          12          10   2.6019754635462484E-002
          12          11   7.6525521645125667E-003
          12          12  0.53796702765890603     
          12          13   4.4261109063414752E-002
          12          14   1.3017434395709886E-002
          12          15  0.40040323678935669     
          12          16   5.2399526938567538E-002
          12          17   1.5410986743368500E-002
          12          18  -1.5341860294770648E-011
          12          19   6.6264528430306401E-011
          12          20  -2.3136867046067043E-011
          12          21  -1.0458775442893776E-011
          12          22  -4.6779830228955087E-011
          12          23   1.5177255115645344E-011
          12          24  -8.5312932782073640E-011
          12          25   1.6883641908346991E-010
          12          26  -5.9537117714732509E-011
          12          27  -1.1325761905957352E-010
          12          28  -7.4306992504973390E-011
          12          29   8.1026290969236560E-011
          12          30  -1.0135769310054528E-003
          12          31  -1.9627353571845833E-003
          12          32   8.8546163878750923E-003
          12          33   4.8615656863286007E-003
          12          34  -5.7725126316473510E-004
          12          35  -6.0789692131983349E-005
          12          36   6.7601077665096218E-004
          12          37   9.0181347784367705E-003
          12          38   2.1281085828364697E-003
          12          39   1.3924539923276128E-003
          13           1  -6.8594068921479437E-011
          13           2   1.8099397210273170E-010
          13           3   4.4479089057569175E-011
          13           4  -6.1213818917630422E-010
          13           5  -2.0057279357850788E-010
          13           6  -2.7338252233468710E-002
          13           7 -0.13068423679862093     
          13           8  -2.1095188346833211E-003
          13           9   2.6019754268464184E-002
          13          10  0.14548471300240418     
          13          11   2.0077786642472670E-003
          13          12   4.4261109063414752E-002
          13          13  0.38088060322677447     
          13          14   3.4153484920324394E-003
          13          15   5.2399526209710043E-002
          13          16  0.21443288472157643     
          13          17   4.0433379041417651E-003
          13          18   1.5310243936501142E-010
          13          19  -4.5860825189969506E-011
          13          20  -7.9777015344968822E-011
          13          21  -7.7494635880011374E-011
          13          22   2.0007996063626316E-010
          13          23  -1.3936299705097732E-011
          13          24   4.5204332883097192E-010
          13          25  -1.5420772361932112E-010
          13          26  -2.0628816700949404E-010
          13          27   7.5848323202609125E-011
          13          28   3.4442534207812202E-010
          13          29  -1.9604788104346883E-010
          13          30   6.7425710526473155E-003
          13          31  -1.0681042273002780E-002
          13          32  -4.4863689294341791E-003
          13          33   1.4854226168085597E-003
          13          34   3.7209558171479322E-004
          13          35  -1.0887321760227528E-003
          13          36  -3.4618456841923841E-004
          13          37   2.1281086517292410E-003
          13          38   1.4652978464629023E-003
          13          39   3.6533406883750252E-004
          14           1  -7.5609059334543186E-012
          14           2   7.8223214195467855E-011
          14           3   3.0476932939988815E-010
          14           4   1.8096926902772943E-010
          14           5  -1.3963910582805373E-009
          14           6  -8.0403297324854028E-003
          14           7  -2.1095189488035209E-003
          14           8 -0.12413199671189781     
          14           9   7.6525520114620552E-003
          14          10   2.0077787868837756E-003
          14          11  0.13924848111650115     
          14          12   1.3017434395709886E-002
          14          13   3.4153484920324394E-003
          14          14  0.37027241152554174     
          14          15   1.5410986261090182E-002
          14          16   4.0433379099719165E-003
          14          17  0.20187413464989870     
          14          18  -6.9844305232663959E-011
          14          19   6.3358311290412233E-011
          14          20   7.0035633432995192E-011
          14          21   2.6132420492719327E-011
          14          22   1.5774821116713169E-010
          14          23   1.2103612698571105E-010
          14          24   2.0673488795603449E-010
          14          25   1.1824996407157613E-011
          14          26   5.5053242895522873E-010
          14          27   1.1048019594796759E-010
          14          28   1.5204924842156620E-010
          14          29   1.1383071796039752E-010
          14          30   1.9830267591242324E-003
          14          31   3.7209563864583882E-004
          14          32   6.7601074137653427E-004
          14          33   3.7513595696025937E-004
          14          34  -1.1836785002478614E-002
          14          35  -3.8986307522161688E-003
          14          36   1.4603671889394345E-004
          14          37  -1.3695880485364064E-003
          14          38  -3.5933505585709105E-004
          14          39   2.1354530114807177E-003
          15           1   6.7049560829939000E-012
          15           2  -1.4632172470147991E-011
          15           3  -1.8241689761788314E-011
          15           4   6.1615945812668241E-011
          15           5   5.1034243226631097E-011
          15           6 -0.18794812178747591     
          15           7  -2.7100292778084224E-002
          15           8  -7.9703436650680939E-003
          15           9  0.17718374940981590     
          15          10   2.6962743562652866E-002
          15          11   7.9298899595146438E-003
          15          12  0.40040323678935669     
          15          13   5.2399526209710043E-002
          15          14   1.5410986261090182E-002
          15          15  0.30129273219957214     
          15          16   5.0389709080681494E-002
          15          17   1.4819887918017288E-002
          15          18  -2.4476428461001373E-012
          15          19   3.7878623899712975E-011
          15          20  -1.8445389075709456E-011
          15          21  -1.4644897225785155E-011
          15          22  -2.5497773800973769E-011
          15          23   1.0313153985664213E-011
          15          24  -3.0902720089134564E-011
          15          25   9.6833946847056541E-011
          15          26  -4.2304440382478521E-011
          15          27  -8.1155212290992248E-011
          15          28  -4.1508668817997080E-011
          15          29   4.8252554830429502E-011
          15          30   6.7022924265155732E-004
          15          31  -1.4700480371553698E-003
          15          32   6.1547701453590117E-003
          15          33   3.4596954230819419E-003
          15          34  -4.3234919962584792E-004
          15          35  -1.0297429192444518E-004
          15          36   4.6435986738884843E-004
          15          37   6.4317611987131608E-003
          15          38   1.5354983464527586E-003
          15          39   1.0080035117151088E-003
          16           1  -3.0074264276303113E-011
          16           2   7.0694079071876308E-011
          16           3   2.9936679614497715E-011
          16           4  -2.9447994518155318E-010
          16           5  -8.4025473720308603E-011
          16           6  -2.7100293008991760E-002
          16           7  -9.1766891306372042E-002
          16           8  -2.0911568747260367E-003
          16           9   2.6962743646920091E-002
          16          10   8.1490691789416300E-002
          16          11   2.0805431112337000E-003
          16          12   5.2399526938567538E-002
          16          13  0.21443288472157643     
          16          14   4.0433379099719165E-003
          16          15   5.0389709080681494E-002
          16          16  0.12245539478074283     
          16          17   3.8882529237715124E-003
          16          18   8.6798655597739237E-011
          16          19  -2.3331088758117846E-011
          16          20  -4.6306721438088449E-011
          16          21  -4.4005941571085121E-011
          16          22   1.0876416699965869E-010
          16          23  -8.7095810720034505E-012
          16          24   2.5358588474910182E-010
          16          25  -8.0825991405411700E-011
          16          26  -1.1739009574921600E-010
          16          27   3.6719594002177025E-011
          16          28   1.8736577136738587E-010
          16          29  -1.0820600943070736E-010
          16          30   3.9386090122307260E-003
          16          31  -5.8309259161268877E-003
          16          32  -2.1125781413861618E-003
          16          33   1.2138534489199780E-003
          16          34   1.7141264524508400E-004
          16          35  -6.1068706890781755E-004
          16          36  -1.6301422711922610E-004
          16          37   1.5354983655465457E-003
          16          38   9.8214804570694058E-004
          16          39   2.6446696466970575E-004
          17           1  -1.6440900115930849E-011
          17           2   9.2085183069470253E-011
          17           3   1.5019588809438192E-010
          17           4  -1.4589702136131415E-011
          17           5  -8.1770657328076063E-010
          17           6  -7.9703438237048382E-003
          17           7  -2.0911569884769030E-003
          17           8  -8.5271683653496910E-002
          17           9   7.9298900321769037E-003
          17          10   2.0805431689986612E-003
          17          11   7.5028450980345246E-002
          17          12   1.5410986743368500E-002
          17          13   4.0433379041417651E-003
          17          14  0.20187413464989870     
          17          15   1.4819887918017288E-002
          17          16   3.8882529237715124E-003
          17          17  0.11037834363472601     
          17          18  -3.3662264335560942E-011
          17          19   3.8011318775346359E-011
          17          20   3.2091099607674275E-011
          17          21   1.4901557099578163E-011
          17          22   8.5489337399956747E-011
          17          23   5.8722467200072864E-011
          17          24   1.1908153964487852E-010
          17          25   1.0899926589509843E-011
          17          26   2.8945358084087261E-010
          17          27   5.9949987428391058E-011
          17          28   8.3241407784427362E-011
          17          29   5.3124193718570179E-011
          17          30   1.1583663105283666E-003
          17          31   1.7141269090988767E-004
          17          32   4.6435983597244970E-004
          17          33   2.6696259843099419E-004
          17          34  -6.3633400456189005E-003
          17          35  -2.1265253260098326E-003
          17          36   1.7274287455629883E-004
          17          37  -6.3408222575036220E-004
          17          38  -1.6636241396955959E-004
          17          39   1.3730987871082708E-003
          18           1   4.9214898312288625E-004
          18           2  -1.0123394987915733E-003
          18           3   1.0834919045272233E-003
          18           4   5.9651945257947134E-003
          18           5   5.5494558873388361E-003
          18           6  -2.6500839110161408E-011
          18           7  -2.4532677906617987E-011
          18           8   1.7361076160516355E-010
          18           9  -4.1316972542907202E-012
          18          10   5.7462036742847126E-011
          18          11  -1.8834360329333706E-011
          18          12  -1.5341860294770648E-011
          18          13   1.5310243936501142E-010
          18          14  -6.9844305232663959E-011
          18          15  -2.4476428461001373E-012
          18          16   8.6798655597739237E-011
          18          17  -3.3662264335560942E-011
          18          18   5.7993156694037399E-004
          18          19   3.1056317435862848E-004
          18          20  -3.7461462393883978E-004
          18          21   9.1338320877418303E-005
          18          22   2.3964181201265414E-005
          18          23  -4.3907600931115487E-004
          18          24   7.3490506182993527E-004
          18          25   4.9399039660200648E-004
          18          26  -7.8342253000885547E-004
          18          27   1.4528526777688949E-004
          18          28   3.8118091606623671E-005
          18          29  -8.8595660052123498E-004
          18          30   5.8184820852504860E-012
          18          31  -5.8956099335981532E-012
          18          32  -2.9269220698299485E-012
          18          33   7.8789842187299092E-013
          18          34   2.3847675419627803E-012
          18          35  -1.0408768464564946E-013
          18          36  -2.3160787902798968E-012
          18          37  -1.4025936508788480E-012
          18          38  -4.5360261984125828E-013
          18          39  -1.0477632820546757E-012
          19           1   1.7778401728084923E-004
          19           2  -8.0945966444324110E-004
          19           3  -1.3603395301434325E-005
          19           4   7.5973020615734826E-005
          19           5   1.0624814659616010E-003
          19           6  -1.1578870656903058E-011
          19           7   1.7049304771245917E-011
          19           8  -2.4005216185525807E-011
          19           9   2.6912594365315078E-011
          19          10  -1.8699318378857669E-011
          19          11   2.3171233538596335E-011
          19          12   6.6264528430306401E-011
          19          13  -4.5860825189969506E-011
          19          14   6.3358311290412233E-011
          19          15   3.7878623899712975E-011
          19          16  -2.3331088758117846E-011
          19          17   3.8011318775346359E-011
          19          18   3.1056317435862848E-004
          19          19   1.8430915252408506E-004
          19          20  -2.5592897097103653E-004
          19          21   5.4206326011182279E-005
          19          22   1.4221963078611491E-005
          19          23  -2.9418470860798567E-004
          19          24   3.5855841456924106E-004
          19          25   2.7345264960873132E-004
          19          26  -4.8192493254429499E-004
          19          27   8.0423914741808300E-005
          19          28   2.1100598850338524E-005
          19          29  -5.3868355274963500E-004
          19          30  -3.7556932921313770E-012
          19          31  -2.7084343309521648E-012
          19          32   2.9867475606915362E-012
          19          33   1.8214272445508313E-012
          19          34  -2.5417740160120145E-012
          19          35  -1.0337388172989272E-012
          19          36  -8.2903278942637010E-013
          19          37   1.4576060900004889E-012
          19          38  -1.9484137950747757E-013
          19          39   1.0746578667872664E-012
          20           1  -5.4287388778974160E-005
          20           2   1.4756131444578283E-003
          20           3   1.1253031950691189E-003
          20           4   5.7316838761193511E-003
          20           5   2.2838154281827985E-003
          20           6   9.6002486929746299E-012
          20           7   6.1968216271196500E-011
          20           8  -3.1965144023123700E-011
          20           9  -1.2092457464052570E-011
          20          10  -2.5316759760078422E-011
          20          11   2.6391289666548858E-011
          20          12  -2.3136867046067043E-011
          20          13  -7.9777015344968822E-011
          20          14   7.0035633432995192E-011
          20          15  -1.8445389075709456E-011
          20          16  -4.6306721438088449E-011
          20          17   3.2091099607674275E-011
          20          18  -3.7461462393883978E-004
          20          19  -2.5592897097103653E-004
          20          20   4.1200801117538370E-004
          20          21  -7.5270105736127566E-005
          20          22  -1.9748408569061377E-005
          20          23   4.6512936430701863E-004
          20          24  -3.6715918124853022E-004
          20          25  -3.4649297749249656E-004
          20          26   6.9782072260889604E-004
          20          27  -1.0190547371638806E-004
          20          28  -2.6736655796712137E-005
          20          29   7.6973980399462649E-004
          20          30  -2.0472373565183292E-012
          20          31   5.1525322017022377E-012
          20          32   2.4574598332769927E-013
          20          33  -1.1434835481838590E-012
          20          34  -2.7756992861135988E-012
          20          35  -1.4521089055590599E-013
          20          36   1.8386993552132738E-012
          20          37   6.4113187621715294E-014
          20          38   6.1843718640887014E-013
          20          39   3.6313481422263406E-014
          21           1   5.2287216337313334E-005
          21           2  -2.3806636302546179E-004
          21           3  -4.0008490971893580E-006
          21           4   2.2343936120834251E-005
