           1           1   1.9998876610034273     
           1           2  -1.6522754135651022E-003
           1           3   1.9152507874668144E-004
           1           4  -3.9368264425596365E-003
           1           5   4.8704934281847904E-004
           1           6   5.2620439011491787E-013
           1           7  -2.3993204415036739E-012
           1           8   2.5492591641484566E-012
           1           9  -4.2217731194058565E-014
           1          10  -3.7040061316177932E-014
           1          11  -9.9176755158623896E-014
           1          12   4.6683929311573973E-012
           1          13   3.8960436359263407E-012
           1          14   4.3692846761921216E-012
           1          15  -2.8266325119568446E-013
           1          16  -2.3348128118629852E-013
           1          17  -3.3443894393764079E-013
           1          18   3.5604061201595675E-004
           1          19   5.7948703068799761E-005
           1          20   4.3432305384815626E-004
           1          21   7.9087289894167885E-005
           1          22  -3.8614450102444418E-005
           1          23   4.1318618406142670E-004
           1          24   6.4010163485513706E-005
           1          25   8.2222552370081356E-005
           1          26   1.7508395688477558E-004
           1          27   1.1221577526900775E-004
           1          28  -5.4789466327610052E-005
           1          29   1.4509317119005199E-004
           1          30  -1.4982111469568747E-013
           1          31  -2.5634280264791851E-015
           1          32   2.6062151758745669E-014
           1          33  -3.6771568109970731E-014
           1          34   2.4110111790468260E-016
           1          35   4.4883993543354102E-014
           1          36  -6.9200782711608195E-014
           1          37   3.5372471911870752E-014
           1          38  -6.0831340815426096E-014
           1          39  -1.1059795735561004E-013
           2           1  -1.6522754135651022E-003
           2           2   1.9830379051500602     
           2           3   8.5714335948311651E-003
           2           4  -3.9166861249045185E-002
           2           5  -5.9191041581581824E-003
           2           6   8.7305402314554316E-012
           2           7  -1.9168083515001294E-011
           2           8   2.0057873038814917E-011
           2           9  -6.8319186364819235E-012
           2          10  -7.5094441086599876E-013
           2          11  -1.6604546934251088E-012
           2          12   5.2513499242774161E-011
           2          13   4.1509296302073391E-011
           2          14   2.9583990625628375E-011
           2          15  -8.8637392417547888E-012
           2          16  -1.7814702560866795E-012
           2          17  -2.9638177803126577E-012
           2          18   3.0414664745425407E-003
           2          19   9.3105625700889484E-004
           2          20   4.2992229602322359E-003
           2          21   1.2706878902044138E-003
           2          22  -6.2041466096611454E-004
           2          23   3.9596189178984220E-003
           2          24   6.3419101893515779E-003
           2          25  -1.4053477921549133E-005
           2          26   6.3229254611761824E-003
           2          27  -1.9179923858593008E-005
           2          28   9.3646193276356038E-006
           2          29   6.3280514931035904E-003
           2          30  -4.5544676816651156E-012
           2          31   3.9818866369363130E-013
           2          32  -1.2954581376142617E-012
           2          33   8.8343804314123980E-013
           2          34  -2.8267089648095639E-013
           2          35  -5.7324261351411392E-014
           2          36  -1.2981748253756204E-012
           2          37  -1.0585054841542527E-012
           2          38   1.1303774280538276E-013
           2          39  -1.1111305301189931E-012
           3           1   1.9152507874668144E-004
           3           2   8.5714335948311651E-003
           3           3   1.5353949807485987E-004
           3           4   1.4231498225951040E-002
           3           5   1.8272009579004846E-004
           3           6  -3.8242884966575352E-012
           3           7   1.3797032271364585E-011
           3           8  -1.5595270179967517E-011
           3           9   1.2982012157308990E-012
           3          10   2.0811324247004296E-012
           3          11   5.0984096929169963E-013
           3          12  -6.9849960768843777E-011
           3          13  -1.1816898675299504E-010
           3          14  -1.7605102046268116E-011
           3          15   4.0625853783084927E-012
           3          16   6.6904472667969279E-012
           3          17   1.3251357399150973E-012
           3          18   1.0136223805548721E-004
           3          19  -3.6792469042514609E-005
           3          20   5.1659584176573361E-005
           3          21  -5.0213663198625969E-005
           3          22   2.4516872141692619E-005
           3          23   6.5079687902862363E-005
           3          24   1.5265117069804198E-004
           3          25  -1.1501656235757108E-004
           3          26  -2.7237896615524499E-006
           3          27  -1.5697241740392052E-004
           3          28   7.6641942638504241E-005
           3          29   3.9228656486097889E-005
           3          30   1.7130059253634605E-012
           3          31   3.6934849803762495E-013
           3          32  -1.3753913458877496E-012
           3          33   1.6512796320675400E-013
           3          34  -8.9312449963656752E-013
           3          35  -9.5068049720932428E-013
           3          36   1.0862044897988160E-012
           3          37  -2.2148063037304065E-015
           3          38   5.3298335168502046E-013
           3          39   3.4288621843695354E-013
           4           1  -3.9368264425596365E-003
           4           2  -3.9166861249045185E-002
           4           3   1.4231498225951040E-002
           4           4   1.8964679312202954     
           4           5   3.3763211385485006E-003
           4           6   1.3366141665508818E-011
           4           7  -5.4167495766104950E-011
           4           8   5.8465488512100485E-011
           4           9  -3.5481958011510858E-012
           4          10   7.6895670161416653E-013
           4          11  -4.3126038786455181E-012
           4          12   7.2453294002024364E-011
           4          13   5.3617765095533287E-011
           4          14   6.8645123729478523E-011
           4          15  -2.0844471864633957E-012
           4          16  -1.7716432257444886E-013
           4          17  -2.5385295976207913E-012
           4          18   9.5445154548831849E-003
           4          19  -1.3419727507631846E-004
           4          20   9.3632295569143313E-003
           4          21  -1.8315004028689186E-004
           4          22   8.9423209743669414E-005
           4          23   9.4121783556723130E-003
           4          24   1.5595372836435036E-002
           4          25  -7.3853005323223364E-003
           4          26   5.6186290039816449E-003
           4          27  -1.0079317752542311E-002
           4          28   4.9212371557546923E-003
           4          29   8.3124273404466612E-003
           4          30  -2.4601259173117549E-012
           4          31   1.3638392636377820E-012
           4          32   4.8054102827929683E-013
           4          33   1.5395706184688170E-012
           4          34   3.0893268578977461E-013
           4          35   1.2805166529219745E-012
           4          36  -1.4121902724560622E-012
           4          37   1.2438213384330563E-012
           4          38   7.9546880381946483E-013
           4          39  -1.9757652941945745E-012
           5           1   4.8704934281847904E-004
           5           2  -5.9191041581581824E-003
           5           3   1.8272009579004846E-004
           5           4   3.3763211385485006E-003
           5           5   5.6537595639403991E-003
           5           6   1.1076661215716050E-012
           5           7   8.3598296654704594E-012
           5           8  -4.4023418169937393E-012
           5           9  -2.7176404784332660E-012
           5          10  -6.7850384045063606E-012
           5          11   8.0664094390627082E-013
           5          12   1.4800070922674077E-010
           5          13   3.5853828844356793E-010
           5          14  -4.4945503872705059E-011
           5          15  -8.2590239148715453E-012
           5          16  -2.1112640690539385E-011
           5          17   2.5665047059524065E-012
           5          18   5.1746023538739466E-004
           5          19  -1.2123816477040681E-003
           5          20  -1.1203365208808909E-003
           5          21  -1.6546354211395711E-003
           5          22   8.0787742506489716E-004
           5          23  -6.7811868076146338E-004
           5          24   1.9868915126182847E-004
           5          25  -1.8090915034424339E-003
           5          26  -2.2451981861517133E-003
           5          27  -2.4690136826829392E-003
           5          28   1.2054984444237820E-003
           5          29  -1.5853296268916223E-003
           5          30  -3.6070959936261961E-012
           5          31  -2.1388974507106793E-012
           5          32   4.2522200516524196E-012
           5          33  -1.0922409229587662E-012
           5          34   2.9506995684854043E-012
           5          35   2.5406329007187577E-012
           5          36  -2.9217891080752705E-012
           5          37  -1.2685730800579466E-012
           5          38  -1.0274009218022908E-012
           5          39   3.7711275159880236E-013
           6           1   5.2620439011491787E-013
           6           2   8.7305402314554316E-012
           6           3  -3.8242884966575352E-012
           6           4   1.3366141665508818E-011
           6           5   1.1076661215716050E-012
           6           6   2.0367004382976752     
           6           7   1.3944730342677430E-004
           6           8   1.9031531034513770E-004
           6           9  -2.7035684966008475E-002
           6          10   6.6723109488148365E-004
           6          11   9.1062419377735859E-004
           6          12   5.3623701797309853E-002
           6          13   1.7103698254439414E-002
           6          14   2.3342801562521609E-002
           6          15  -3.0516794908592649E-002
           6          16  -1.2646936050616426E-003
           6          17  -1.7260295917932351E-003
           6          18  -3.4518299589980346E-012
           6          19  -2.1060733769207915E-013
           6          20  -2.9608083777819971E-012
           6          21  -6.7875318828177891E-013
           6          22   2.4820380219994951E-013
           6          23  -1.8912581102946079E-012
           6          24  -2.9331615719996601E-012
           6          25  -3.7351190637253035E-013
           6          26  -2.7517175779109699E-012
           6          27  -4.6973103771001568E-013
           6          28  -7.6933201029955363E-013
           6          29  -3.9859287368671679E-012
           6          30  -1.7823792909473814E-002
           6          31  -4.4616670118145048E-004
           6          32  -7.6558606185228575E-003
           6          33  -1.5830336130177793E-003
           6          34  -6.0891974078358755E-004
           6          35  -1.2656422596755328E-005
           6          36  -1.0121936680929896E-003
           6          37  -7.6627885177427595E-003
           6          38  -7.8525705934435509E-004
           6          39  -2.2048501986483607E-003
           7           1  -2.3993204415036739E-012
           7           2  -1.9168083515001294E-011
           7           3   1.3797032271364585E-011
           7           4  -5.4167495766104950E-011
           7           5   8.3598296654704594E-012
           7           6   1.3944730342677430E-004
           7           7   2.0369179593767646     
           7           8  -9.2921484996541829E-005
           7           9   6.6723109633460567E-004
           7          10  -2.5994887242009435E-002
           7          11  -4.4461317131476089E-004
           7          12   1.7103698405199912E-002
           7          13   8.0303347399123662E-002
           7          14  -1.1397146563266670E-002
           7          15  -1.2646936023091567E-003
           7          16  -3.2489560195528906E-002
           7          17   8.4273560771209630E-004
           7          18   9.8551611953604624E-012
           7          19   1.7059691842847261E-012
           7          20   9.6833645654079929E-012
           7          21   1.7602199284289438E-012
           7          22  -1.4253225907991603E-012
           7          23   1.3239034607141069E-011
           7          24   9.4302934836906961E-012
           7          25  -3.1046268667463077E-013
           7          26   1.2106353222702911E-011
           7          27  -1.0979368389548470E-012
           7          28   3.1083212924850259E-012
           7          29   4.7478108334963705E-012
           7          30  -1.7034028531841420E-003
           7          31  -9.0903132025444457E-003
           7          32  -2.8467442734271412E-004
           7          33  -1.9742692692715808E-002
           7          34   6.0181584908278055E-004
           7          35   2.8041979594032625E-004
           7          36   1.8969435284268683E-004
           7          37  -7.8525705824061018E-004
           7          38  -8.8876921271581824E-003
           7          39   1.0765202765478069E-003
           8           1   2.5492591641484566E-012
           8           2   2.0057873038814917E-011
           8           3  -1.5595270179967517E-011
           8           4   5.8465488512100485E-011
           8           5  -4.4023418169937393E-012
           8           6   1.9031531034513770E-004
           8           7  -9.2921484996541829E-005
           8           8   2.0368592268916301     
           8           9   9.1062419239747747E-004
           8          10  -4.4461316059430712E-004
           8          11  -2.6275910517115603E-002
           8          12   2.3342801964821462E-002
           8          13  -1.1397146543153422E-002
           8          14   7.3099636975589022E-002
           8          15  -1.7260295769375312E-003
           8          16   8.4273561752190086E-004
           8          17  -3.1956898675566218E-002
           8          18  -1.1189715671527525E-011
           8          19  -1.7551001034669075E-012
           8          20  -1.1716347710607831E-011
           8          21  -1.7957485032507059E-012
           8          22   8.8161533191565145E-013
           8          23  -1.3532090665304692E-011
           8          24  -1.2034351558295404E-011
           8          25  -2.0514206462548524E-013
           8          26  -1.2812624004513847E-011
           8          27  -1.6399463766707891E-013
           8          28  -3.1252012427911185E-012
           8          29  -8.8014459402382840E-012
           8          30  -2.3247716099799830E-003
           8          31   6.0181585045369630E-004
           8          32  -1.0121936716816606E-003
           8          33   1.0548633064889695E-003
           8          34  -8.7099279649046762E-003
           8          35   1.5511896105675055E-004
           8          36  -8.5003789883208898E-003
           8          37  -4.4802829615369337E-004
           8          38   2.1875023800152878E-004
           8          39  -1.9261583633667832E-002
           9           1  -4.2217731194058565E-014
           9           2  -6.8319186364819235E-012
           9           3   1.2982012157308990E-012
           9           4  -3.5481958011510858E-012
           9           5  -2.7176404784332660E-012
           9           6  -2.7035684966008475E-002
           9           7   6.6723109633460567E-004
           9           8   9.1062419239747747E-004
           9           9   1.2662934864173375E-003
           9          10  -2.6085780865357561E-004
           9          11  -3.5601376198911077E-004
           9          12   1.4602629139005043E-002
           9          13  -1.8257040303638061E-002
           9          14  -2.4916861472862182E-002
           9          15   2.8513974482803567E-003
           9          16  -5.7308723721444883E-004
           9          17  -7.8213855029593288E-004
           9          18   1.9729856681722480E-013
           9          19  -2.6545776939659860E-013
           9          20   5.7163580556933090E-013
           9          21  -6.6171983921659391E-014
           9          22  -9.7210198394214395E-015
           9          23   6.0353243607564047E-013
           9          24   9.7959595169960339E-013
           9          25   4.7163653535873365E-013
           9          26   9.8347585516610420E-013
           9          27   3.5901358573922803E-013
           9          28  -9.7985461235917699E-014
           9          29   1.7778440301999374E-012
           9          30   7.1516975339300291E-004
           9          31  -7.0068790879270366E-005
           9          32   1.6044276829959490E-004
           9          33  -1.1824796532805960E-004
           9          34  -9.5628552840343098E-005
           9          35  -1.0919780270849423E-004
           9          36  -1.1687107728502658E-005
           9          37   1.0066982002322872E-004
           9          38   4.8782461905938616E-005
           9          39  -1.0304767003759353E-004
          10           1  -3.7040061316177932E-014
          10           2  -7.5094441086599876E-013
          10           3   2.0811324247004296E-012
          10           4   7.6895670161416653E-013
          10           5  -6.7850384045063606E-012
          10           6   6.6723109488148365E-004
          10           7  -2.5994887242009435E-002
          10           8  -4.4461316059430712E-004
          10           9  -2.6085780865357561E-004
          10          10   8.5938772200822066E-004
          10          11   1.7382408793778555E-004
          10          12  -1.8257040385822577E-002
          10          13  -1.3876086022872542E-002
          10          14   1.2165683095941016E-002
          10          15  -5.7308724422727914E-004
          10          16   1.9574526107935843E-003
          10          17   3.8187996116666330E-004
          10          18   4.7339935234743034E-013
          10          19  -6.0697655078591986E-013
          10          20   8.6127115515726360E-013
          10          21  -1.7999389425717849E-013
          10          22  -5.1864601968776447E-014
          10          23   8.7710796793754357E-013
          10          24   2.5482178880663661E-012
          10          25   3.5306624655992576E-013
          10          26   1.5530359869572222E-012
          10          27   8.7333753177153827E-013
          10          28  -3.7346359969936242E-013
          10          29   3.4670694357929021E-012
          10          30   4.0055080886850639E-005
          10          31   2.5700557893375536E-004
          10          32  -2.8245461025770279E-004
          10          33   3.7727759156440155E-004
          10          34  -1.3581825471565474E-004
          10          35  -1.1105070428975675E-004
          10          36   1.8821524219599239E-004
          10          37   4.8782463197792942E-005
          10          38   1.7676440873662760E-004
          10          39   5.0313130879026913E-005
          11           1  -9.9176755158623896E-014
          11           2  -1.6604546934251088E-012
          11           3   5.0984096929169963E-013
          11           4  -4.3126038786455181E-012
          11           5   8.0664094390627082E-013
          11           6   9.1062419377735859E-004
          11           7  -4.4461317131476089E-004
          11           8  -2.6275910517115603E-002
          11           9  -3.5601376198911077E-004
          11          10   1.7382408793778555E-004
          11          11   9.6925543562020075E-004
          11          12  -2.4916861608677419E-002
          11          13   1.2165682888511494E-002
          11          14  -6.1866119402661495E-003
          11          15  -7.8213854503124511E-004
          11          16   3.8187996173383364E-004
          11          17   2.1988246770723741E-003
          11          18   1.7244754032154801E-013
          11          19  -1.9327190399365963E-014
          11          20   2.1119465055534138E-013
          11          21   6.7643401995157892E-014
          11          22  -2.9518863838759096E-014
          11          23   1.0475121173826778E-013
          11          24   1.3019467830004513E-014
          11          25   3.8907337745885168E-013
          11          26   2.6604744208699023E-013
          11          27  -3.8807972770656936E-014
          11          28  -1.0047236356209736E-015
          11          29  -1.0668054839264167E-013
          11          30   5.4666416486824014E-005
          11          31  -1.3581825907351642E-004
          11          32  -1.1687107618468314E-005
          11          33   7.8795207909685758E-005
          11          34   1.7115992409007220E-004
          11          35  -1.5151633659648486E-005
          11          36   1.5069170573375800E-004
          11          37  -3.0722419961320849E-004
          11          38   1.5000253011450659E-004
          11          39   5.1718250089155472E-004
          12           1   4.6683929311573973E-012
          12           2   5.2513499242774161E-011
          12           3  -6.9849960768843777E-011
          12           4   7.2453294002024364E-011
          12           5   1.4800070922674077E-010
          12           6   5.3623701797309853E-002
          12           7   1.7103698405199912E-002
          12           8   2.3342801964821462E-002
          12           9   1.4602629139005043E-002
          12          10  -1.8257040385822577E-002
          12          11  -2.4916861608677419E-002
          12          12   1.4895336139561930     
          12          13 -0.16391256800213372     
          12          14 -0.22370475626501068     
          12          15   3.4129305926854661E-002
          12          16  -4.9998675212380134E-002
          12          17  -6.8237241014960662E-002
          12          18  -1.6306773409293075E-011
          12          19   1.5927574328534528E-011
          12          20  -2.8616715203933894E-011
          12          21   1.9405071061986234E-012
          12          22   2.7179517878250601E-012
          12          23  -2.5873663792530503E-011
          12          24  -6.3569892420019550E-011
          12          25  -2.3264920544290148E-011
          12          26  -4.9391396741577450E-011
          12          27  -2.1277935889192346E-011
          12          28   9.9162660347500848E-012
          12          29  -8.5395690460919969E-011
          12          30  -3.0358221046167090E-003
          12          31   6.1738648881210032E-003
          12          32   9.0517734054369747E-003
          12          33  -1.0578197693666183E-002
          12          34   8.4259733506258268E-003
          12          35  -2.6843587337941565E-003
          12          36  -7.2454815624944649E-003
          12          37   7.5824028745584936E-003
          12          38  -6.0570315593440607E-003
          12          39  -1.5197961278451251E-002
          13           1   3.8960436359263407E-012
          13           2   4.1509296302073391E-011
          13           3  -1.1816898675299504E-010
          13           4   5.3617765095533287E-011
          13           5   3.5853828844356793E-010
          13           6   1.7103698254439414E-002
          13           7   8.0303347399123662E-002
          13           8  -1.1397146543153422E-002
          13           9  -1.8257040303638061E-002
          13          10  -1.3876086022872542E-002
          13          11   1.2165682888511494E-002
          13          12 -0.16391256800213372     
          13          13   1.2338503660436186     
          13          14  0.10922407450218991     
          13          15  -4.9998674549918742E-002
          13          16  -4.3862417435296890E-002
          13          17   3.3316902029307364E-002
          13          18  -2.7052373956282199E-011
          13          19   2.9117531687441038E-011
          13          20  -5.2961828782146172E-011
          13          21   7.8040228648289934E-012
          13          22   3.2804167623225589E-012
          13          23  -5.8132161242321524E-011
          13          24  -1.3493912689231057E-010
          13          25  -2.0998798119781462E-011
          13          26  -9.3222580624112404E-011
          13          27  -4.6766452156564466E-011
          13          28   1.6926179482537033E-011
          13          29  -1.9212116752552536E-010
          13          30  -1.2643421997569721E-002
          13          31  -8.9934903414287688E-003
          13          32   8.9446542347365269E-003
          13          33   1.0917718473501883E-003
          13          34   5.3839449347430658E-003
          13          35   9.8644309949212118E-003
          13          36  -5.9603213491652386E-003
          13          37  -6.0570315401355934E-003
          13          38  -1.8658139832327153E-003
          13          39   7.4204199878020859E-003
          14           1   4.3692846761921216E-012
          14           2   2.9583990625628375E-011
          14           3  -1.7605102046268116E-011
          14           4   6.8645123729478523E-011
          14           5  -4.4945503872705059E-011
          14           6   2.3342801562521609E-002
          14           7  -1.1397146563266670E-002
          14           8   7.3099636975589022E-002
          14           9  -2.4916861472862182E-002
          14          10   1.2165683095941016E-002
          14          11  -6.1866119402661495E-003
          14          12 -0.22370475626501068     
          14          13  0.10922407450218991     
          14          14   1.3028868288779762     
          14          15  -6.8237240163608631E-002
          14          16   3.3316902311159274E-002
          14          17  -2.2804046878366187E-002
          14          18   1.8075115474603182E-012
          14          19   1.4817523471127860E-012
          14          20  -4.5290139642884188E-012
          14          21  -4.8645216055158096E-013
          14          22  -8.8590634875711056E-013
          14          23  -1.2921185118891012E-012
          14          24   1.3402517740427554E-011
          14          25  -1.9968325300229859E-011
          14          26  -7.0673179851783507E-012
          14          27   5.9820650162954586E-012
          14          28  -1.8198427036755706E-012
          14          29   6.0098642419449778E-012
          14          30  -1.7255501829795378E-002
          14          31   5.3839449564757561E-003
          14          32  -7.2454814726217566E-003
          14          33   7.0488423592602531E-003
          14          34  -5.5904996945386008E-003
          14          35   6.3639776586134353E-003
          14          36   3.0065472158539515E-003
          14          37   1.1186454117764942E-002
          14          38  -5.4617975533727469E-003
          14          39  -6.5767852357811346E-004
          15           1  -2.8266325119568446E-013
          15           2  -8.8637392417547888E-012
          15           3   4.0625853783084927E-012
          15           4  -2.0844471864633957E-012
          15           5  -8.2590239148715453E-012
          15           6  -3.0516794908592649E-002
          15           7  -1.2646936023091567E-003
          15           8  -1.7260295769375312E-003
          15           9   2.8513974482803567E-003
          15          10  -5.7308724422727914E-004
          15          11  -7.8213854503124511E-004
          15          12   3.4129305926854661E-002
          15          13  -4.9998674549918742E-002
          15          14  -6.8237240163608631E-002
          15          15   7.1005435138416870E-003
          15          16  -1.3037452213125189E-003
          15          17  -1.7793266666315086E-003
          15          18   6.2914726143306286E-013
          15          19  -8.6057174545949943E-013
          15          20   1.7138598078563159E-012
          15          21  -2.4907933431299125E-013
          15          22  -1.7562358359347203E-014
          15          23   1.8198678872411934E-012
          15          24   3.1327022410211187E-012
          15          25   1.3592644559807230E-012
          15          26   2.9602914710479537E-012
          15          27   1.0045838294478912E-012
          15          28  -2.9080397655150407E-013
          15          29   5.3798289710428664E-012
          15          30   1.6269329935099126E-003
          15          31  -2.1663392320535598E-004
          15          32   2.3482889121112391E-004
          15          33  -2.8591193715978946E-004
          15          34  -2.9565786019193255E-004
          15          35  -3.0182549653033348E-004
          15          36   9.6878688984791315E-007
          15          37   6.9614948310983736E-005
          15          38   1.6707639630109163E-004
          15          39  -2.2097118532158805E-004
          16           1  -2.3348128118629852E-013
          16           2  -1.7814702560866795E-012
          16           3   6.6904472667969279E-012
          16           4  -1.7716432257444886E-013
          16           5  -2.1112640690539385E-011
          16           6  -1.2646936050616426E-003
          16           7  -3.2489560195528906E-002
          16           8   8.4273561752190086E-004
          16           9  -5.7308723721444883E-004
          16          10   1.9574526107935843E-003
          16          11   3.8187996173383364E-004
          16          12  -4.9998675212380134E-002
          16          13  -4.3862417435296890E-002
          16          14   3.3316902311159274E-002
          16          15  -1.3037452213125189E-003
          16          16   5.0668631849435106E-003
          16          17   8.6875810831082609E-004
          16          18   1.6056859448337252E-012
          16          19  -1.7487010839142147E-012
          16          20   2.9273862386946131E-012
          16          21  -4.1030208257910332E-013
          16          22  -2.3995001859743876E-013
          16          23   3.0348116312614832E-012
          16          24   7.9983187653194822E-012
          16          25   1.2118414616066151E-012
          16          26   5.1980750439951130E-012
          16          27   2.8322557670512243E-012
          16          28  -1.1563192705891483E-012
          16          29   1.0909974855404922E-011
          16          30   1.7334267610189614E-004
          16          31   5.8517509099176583E-004
          16          32  -8.3278863066957710E-004
          16          33   6.6794111303188043E-004
          16          34  -4.1105119254856705E-004
          16          35  -3.5282953767695052E-004
          16          36   5.5493345931745220E-004
          16          37   1.6707640160137493E-004
          16          38   3.3023339955407140E-004
          16          39   1.0788940444981607E-004
          17           1  -3.3443894393764079E-013
          17           2  -2.9638177803126577E-012
          17           3   1.3251357399150973E-012
          17           4  -2.5385295976207913E-012
          17           5   2.5665047059524065E-012
          17           6  -1.7260295917932351E-003
          17           7   8.4273560771209630E-004
          17           8  -3.1956898675566218E-002
          17           9  -7.8213855029593288E-004
          17          10   3.8187996116666330E-004
          17          11   2.1988246770723741E-003
          17          12  -6.8237241014960662E-002
          17          13   3.3316902029307364E-002
          17          14  -2.2804046878366187E-002
          17          15  -1.7793266666315086E-003
          17          16   8.6875810831082609E-004
          17          17   5.6159727461240249E-003
          17          18   3.2907277697711445E-013
          17          19  -1.2088079507996301E-013
          17          20   4.2223786815033117E-013
          17          21   1.2087710054705929E-013
          17          22  -4.4438189066359531E-014
          17          23   8.5266125727558432E-014
          17          24  -1.7331234869212258E-013
          17          25   1.1146301282198102E-012
          17          26   5.3002518467858423E-013
          17          27  -2.5041958165002898E-013
          17          28   3.8235497743007746E-015
          17          29  -4.8162658048146983E-013
          17          30   2.3657478357550204E-004
          17          31  -4.1105119637199723E-004
          17          32   9.6879258883924083E-007
          17          33   1.9051904597149993E-004
          17          34   3.2536497046197605E-004
          17          35  -6.6421117699024727E-005
          17          36   2.3563721746757568E-004
          17          37  -9.0952019272003170E-004
          17          38   4.4407416457281575E-004
          17          39   1.0680774749847117E-003
          18           1   3.5604061201595675E-004
          18           2   3.0414664745425407E-003
          18           3   1.0136223805548721E-004
          18           4   9.5445154548831849E-003
          18           5   5.1746023538739466E-004
          18           6  -3.4518299589980346E-012
          18           7   9.8551611953604624E-012
          18           8  -1.1189715671527525E-011
          18           9   1.9729856681722480E-013
          18          10   4.7339935234743034E-013
          18          11   1.7244754032154801E-013
          18          12  -1.6306773409293075E-011
          18          13  -2.7052373956282199E-011
          18          14   1.8075115474603182E-012
          18          15   6.2914726143306286E-013
          18          16   1.6056859448337252E-012
          18          17   3.2907277697711445E-013
          18          18   1.0140347635668538E-004
          18          19  -1.0799678770295226E-004
          18          20  -4.4488527313783464E-005
          18          21  -1.4739196326649112E-004
          18          22   7.1964275854794903E-005
          18          23  -5.0965525612835212E-006
          18          24   1.0717963089210098E-004
          18          25  -1.9972353178183234E-004
          18          26  -1.6262530136789869E-004
          18          27  -2.7257887836782291E-004
          18          28   1.3308691489511004E-004
          18          29  -8.9775874375432844E-005
          18          30   3.2191992397808405E-013
          18          31   1.0132833225597382E-013
          18          32  -3.4256363593251423E-013
          18          33  -3.1824675809809966E-014
          18          34  -1.6606013530320285E-013
          18          35  -2.0935353457403343E-013
          18          36   2.9764618636014544E-013
          18          37   6.4081349240605448E-014
          18          38   6.5435061848110490E-014
          18          39   1.3627472681155458E-013
          19           1   5.7948703068799761E-005
          19           2   9.3105625700889484E-004
          19           3  -3.6792469042514609E-005
          19           4  -1.3419727507631846E-004
          19           5  -1.2123816477040681E-003
          19           6  -2.1060733769207915E-013
          19           7   1.7059691842847261E-012
          19           8  -1.7551001034669075E-012
          19           9  -2.6545776939659860E-013
          19          10  -6.0697655078591986E-013
          19          11  -1.9327190399365963E-014
          19          12   1.5927574328534528E-011
          19          13   2.9117531687441038E-011
          19          14   1.4817523471127860E-012
          19          15  -8.6057174545949943E-013
          19          16  -1.7487010839142147E-012
          19          17  -1.2088079507996301E-013
          19          18  -1.0799678770295226E-004
          19          19   2.6049153720151532E-004
          19          20   2.4389916481854727E-004
          19          21   3.5551389702654572E-004
          19          22  -1.7358002132555227E-004
          19          23   1.4888452561383014E-004
          19          24  -3.8716301607677811E-005
          19          25   3.8648162925572255E-004
          19          26   4.8337866045489587E-004
          19          27   5.2746277838187092E-004
          19          28  -2.5753423858884824E-004
          19          29   3.4240896632498595E-004
          19          30  -3.5215546215199712E-013
          19          31  -1.4274301162105244E-013
          19          32   3.5165933305856973E-013
          19          33  -1.0077264579725512E-013
          19          34   2.4720587688166944E-013
          19          35   2.2053537033033683E-013
          19          36  -2.2741775373842230E-013
          19          37  -2.5505007706775557E-014
          19          38  -1.4718362164620169E-013
          19          39   1.4652797866152444E-014
          20           1   4.3432305384815626E-004
          20           2   4.2992229602322359E-003
          20           3   5.1659584176573361E-005
          20           4   9.3632295569143313E-003
          20           5  -1.1203365208808909E-003
          20           6  -2.9608083777819971E-012
          20           7   9.6833645654079929E-012
          20           8  -1.1716347710607831E-011
          20           9   5.7163580556933090E-013
          20          10   8.6127115515726360E-013
          20          11   2.1119465055534138E-013
          20          12  -2.8616715203933894E-011
          20          13  -5.2961828782146172E-011
          20          14  -4.5290139642884188E-012
          20          15   1.7138598078563159E-012
          20          16   2.9273862386946131E-012
          20          17   4.2223786815033117E-013
          20          18  -4.4488527313783464E-005
          20          19   2.4389916481854727E-004
          20          20   2.8499292157139989E-004
          20          21   3.3286894183925388E-004
          20          22  -1.6252359887337534E-004
          20          23   1.9603037346442920E-004
          20          24   5.4878087021615641E-005
          20          25   3.2237143678094996E-004
          20          26   4.9036709933999295E-004
          20          27   4.3996640671507250E-004
          20          28  -2.1481404603495964E-004
          20          29   3.7278168427593792E-004
          20          30   7.3585640664276579E-013
          20          31   1.7034007759843873E-013
          20          32  -6.1020821932465229E-013
          20          33   2.3153014954433401E-014
          20          34  -3.7981315110293819E-013
          20          35  -4.1820657586742437E-013
          20          36   5.0835111114180264E-013
          20          37   5.4032715457686963E-014
          20          38   1.7850164205146432E-013
          20          39   1.7179642530398690E-013
          21           1   7.9087289894167885E-005
          21           2   1.2706878902044138E-003
          21           3  -5.0213663198625969E-005
          21           4  -1.8315004028689186E-004
