           1           1   1.9966151808909642     
           1           2  -1.0796944814027369E-002
           1           3  -3.5674531764420161E-002
           1           4  -5.0302523989377880E-002
           1           5  -3.9094618806336436E-003
           1           6   7.1934971803050071E-003
           1           7  -2.1278851756354336E-003
           1           8  -3.7171305474726868E-013
           1           9   9.1142375582964762E-014
           1          10   2.8884354820395940E-013
           1          11   2.8113341033805502E-014
           1          12  -6.6106192225638515E-014
           1          13  -9.7338742561266612E-015
           1          14  -1.0848658188278754E-014
           1          15   5.4515879052704896E-015
           1          16   2.1736298851624050E-014
           1          17  -1.1316190896568306E-014
           1          18  -2.6632800638980725E-014
           1          19  -1.2890177276761747E-014
           1          20  -3.9695508537314997E-014
           1          21   6.4801397197861998E-014
           1          22  -2.8729651455630951E-015
           1          23  -2.8239547923824869E-014
           1          24   8.4873567208334155E-015
           1          25  -2.3046253180059590E-014
           1          26   1.5996566359356000E-002
           1          27  -1.1604953241630284E-004
           1          28   1.5935521114794082E-002
           1          29   1.1709722660887444E-004
           1          30   1.5854200087048331E-004
           1          31   1.5931714354219573E-002
           1          32   6.5863048307494322E-003
           1          33  -2.3021780720493708E-005
           1          34   6.5742218519275093E-003
           1          35   2.3194297057141809E-005
           1          36   3.1429046034056761E-005
           1          37   6.5734446160298637E-003
           1          38  -7.0893103914666052E-004
           1          39   1.2305874334857453E-004
           1          40  -6.4419563988647103E-004
           1          41  -1.2418140267056487E-004
           1          42  -1.6811155777471517E-004
           1          43  -6.4016586626430253E-004
           1          44  -4.8052416635848300E-004
           1          45  -1.3357719518764834E-004
           1          46  -5.5079438087149912E-004
           1          47   1.3479823415192706E-004
           1          48   1.8248006656564753E-004
           1          49  -5.5516713048013101E-004
           1          50  -1.0342753050961162E-014
           1          51   1.1250110481151656E-014
           1          52  -1.1601930410556974E-014
           1          53   3.1264775755961142E-014
           1          54   5.3016970130456783E-015
           1          55  -5.7700002122185437E-015
           1          56  -4.0463059379492228E-015
           1          57  -1.0452839001112085E-015
           1          58   1.8504088913562484E-014
           1          59   1.0217669190239802E-014
           1          60  -2.1109937882787017E-015
           1          61   6.4340657823057537E-015
           1          62  -2.6861663193736159E-015
           1          63   3.0779396681435314E-014
           1          64  -5.6908341398087662E-015
           1          65   7.1493779932535335E-015
           1          66  -8.7672819042547280E-016
           1          67   2.8961529603792660E-016
           1          68   1.3119499092075088E-014
           1          69  -1.1581577601945798E-014
           2           1  -1.0796944814027369E-002
           2           2   1.9655819858422592     
           2           3 -0.11379003754266324     
           2           4 -0.15919306088769347     
           2           5  -1.1450349588088557E-002
           2           6   2.2916629269939086E-002
           2           7  -6.6145694864684305E-003
           2           8  -1.2740012213134300E-012
           2           9   1.9133290384851628E-013
           2          10   9.6666004037545597E-013
           2          11   2.3401521032948555E-013
           2          12  -1.6736131444695590E-013
           2          13   4.4081107077810983E-014
           2          14   1.1580601683094044E-014
           2          15   6.6455065990759971E-014
           2          16   1.1005799818372218E-014
           2          17   4.4653704914422286E-014
           2          18  -3.0433625864177627E-014
           2          19   1.5998143847146226E-014
           2          20  -1.9856594678299874E-013
           2          21   1.3522516731920237E-013
           2          22  -6.9919916893004286E-016
           2          23  -8.8656061838217250E-014
           2          24   1.9116786353136976E-014
           2          25   1.0754285315518334E-014
           2          26   5.0267497867690476E-002
           2          27  -2.9736024367364272E-004
           2          28   5.0111001740749311E-002
           2          29   3.0014759915635768E-004
           2          30   4.0631517125307176E-004
           2          31   5.0101311654732125E-002
           2          32   2.0950407636605203E-002
           2          33  -1.5846066640888958E-006
           2          34   2.0949681061526313E-002
           2          35   1.4516856048663875E-006
           2          36   2.0845322073398463E-006
           2          37   2.0949537554502903E-002
           2          38  -1.7504646910218066E-003
           2          39   4.9937954527929588E-004
           2          40  -1.4877677874646452E-003
           2          41  -5.0393139573294522E-004
           2          42  -6.8220361374926814E-004
           2          43  -1.4714122432306330E-003
           2          44  -1.7924230934970465E-003
           2          45  -5.5426735709135117E-004
           2          46  -2.0839981252674445E-003
           2          47   5.5932681088199931E-004
           2          48   7.5718322723509134E-004
           2          49  -2.1021469165223190E-003
           2          50  -1.2345604083337065E-013
           2          51   3.2651410259687340E-014
           2          52  -5.7915373563881184E-014
           2          53   6.5810354397999510E-014
           2          54  -1.6077775309553291E-014
           2          55  -7.8660014567488586E-016
           2          56  -2.0743401909538579E-014
           2          57  -5.2846104355801005E-014
           2          58   3.4709429151176988E-014
           2          59  -2.9341227331609683E-014
           2          60  -8.2601646476479500E-014
           2          61   7.5224528949062723E-015
           2          62  -4.2413890107785170E-014
           2          63   3.2806860630370619E-014
           2          64  -1.3824336897021277E-014
           2          65  -8.5815155903634896E-015
           2          66  -1.0720806094679762E-015
           2          67  -4.3581824750962622E-014
           2          68   1.5905404104900861E-014
           2          69  -9.9590726817324133E-015
           3           1  -3.5674531764420161E-002
           3           2 -0.11379003754266324     
           3           3   1.5284180020922049     
           3           4 -0.76495327342765917     
           3           5  -5.5963721042604476E-002
           3           6   1.7943142872915960E-002
           3           7  -1.7701448104731295E-002
           3           8  -1.5174968093803220E-012
           3           9   7.9915121829922067E-013
           3          10   1.4484734194956156E-012
           3          11   2.8531820469902248E-013
           3          12  -2.1320793954958981E-013
           3          13  -9.9879285483314373E-014
           3          14   5.8949093107589088E-014
           3          15   1.3374655218832596E-013
           3          16  -2.3452285536678096E-013
           3          17  -1.0269125529489184E-013
           3          18  -2.1723210588001272E-014
           3          19   3.7730052616175401E-014
           3          20  -3.9826360731029895E-013
           3          21   1.7176331097552896E-013
           3          22   2.5062527788415737E-013
           3          23  -3.7464051799189604E-013
           3          24  -1.9935570135851747E-014
           3          25   2.6328606650911787E-013
           3          26  0.14683364750160841     
           3          27   1.1355970997409550E-003
           3          28  0.14742605027813005     
           3          29  -1.1390835546822467E-003
           3          30  -1.5469614113012026E-003
           3          31  0.14746751766888883     
           3          32   8.9225815317516902E-002
           3          33  -5.4801640010355840E-003
           3          34   8.6344735725434149E-002
           3          35   5.5277100934931394E-003
           3          36   7.4851008711766774E-003
           3          37   8.6163754906436810E-002
           3          38  -1.7064339263440143E-002
           3          39   2.5530548095779922E-003
           3          40  -1.5721451644394049E-002
           3          41  -2.5761336496710483E-003
           3          42  -3.4875958893961371E-003
           3          43  -1.5637714655359916E-002
           3          44   7.3435354592058331E-003
           3          45  -8.3449601332058194E-004
           3          46   6.9045191139285120E-003
           3          47   8.4214293206806893E-004
           3          48   1.1399642321410180E-003
           3          49   6.8772122836911215E-003
           3          50  -4.1912213862819538E-014
           3          51   1.1432410370814374E-014
           3          52  -3.1979238143262787E-014
           3          53   3.0405368190063338E-014
           3          54  -1.0117002822326238E-014
           3          55  -5.6247981248010348E-015
           3          56   1.3039027209068454E-014
           3          57  -2.3007851389301951E-014
           3          58   1.1608378249631110E-016
           3          59   8.6963955307494848E-015
           3          60  -1.3721988938999065E-013
           3          61  -4.8759274408333934E-014
           3          62  -7.6650970528601956E-014
           3          63   3.0782188394927832E-014
           3          64   6.3072571413011409E-014
           3          65  -5.8392005295205612E-014
           3          66   7.5361370283518969E-014
           3          67  -8.9342793430073697E-014
           3          68   3.9997495733109180E-014
           3          69   1.7181125703498084E-013
           4           1  -5.0302523989377880E-002
           4           2 -0.15919306088769347     
           4           3 -0.76495327342765917     
           4           4  0.68431177477912630     
           4           5   1.8132345043004920E-002
           4           6   5.9465004348708654E-002
           4           7   6.1951437320599632E-004
           4           8   4.5919478264133164E-013
           4           9  -4.1761180446435632E-013
           4          10  -7.0500379801008143E-013
           4          11  -3.7610998328482310E-013
           4          12   2.2732809668674617E-013
           4          13   1.7907316122938724E-013
           4          14  -4.2855917058521729E-013
           4          15  -3.2423491520631068E-014
           4          16   4.4758268937662541E-013
           4          17   2.3860891234210676E-013
           4          18   7.1021253442395497E-014
           4          19  -9.8575327989100785E-014
           4          20   4.8235203722174543E-013
           4          21  -1.0517982482903954E-014
           4          22  -5.1068529607880941E-013
           4          23   7.3739508041254168E-013
           4          24   1.9675033555969372E-013
           4          25  -5.6854340090343548E-013
           4          26   7.0821557509730418E-002
           4          27   8.2746563951928837E-003
           4          28   7.5176162279191550E-002
           4          29  -8.3520524132889677E-003
           4          30  -1.1306158879139447E-002
           4          31   7.5445920273671113E-002
           4          32   6.4245672954457475E-002
           4          33   8.6221597147169808E-003
           4          34   6.8778726295744413E-002
           4          35  -8.6971977379652447E-003
           4          36  -1.1776751354040544E-002
           4          37   6.9063327534061275E-002
           4          38  -5.2540840862424507E-003
           4          39  -1.5929418766408518E-003
           4          40  -6.0922010133194473E-003
           4          41   1.6076554706489408E-003
           4          42   2.1762439864334219E-003
           4          43  -6.1442513919705089E-003
           4          44  -1.2550550402992400E-002
           4          45  -2.1164753462009491E-004
           4          46  -1.2661481420724175E-002
           4          47   2.1302846549516784E-004
           4          48   2.8893292851066949E-004
           4          49  -1.2668752984201306E-002
           4          50  -9.2760861143585278E-015
           4          51  -3.6996529033260200E-014
           4          52   1.3005342254477881E-015
           4          53  -6.0985727294175313E-014
           4          54   2.4275548188243513E-014
           4          55  -1.2245279458512473E-014
           4          56  -3.2210446942173584E-014
           4          57  -1.8079994818828429E-014
           4          58  -2.7243796167068232E-015
           4          59  -1.6170625431808219E-014
           4          60   2.2488726249034177E-013
           4          61   8.6352157921596890E-014
           4          62   1.4805107270063028E-013
           4          63  -4.6946934071430226E-014
           4          64  -1.0111775672808810E-013
           4          65   1.3647553265267540E-013
           4          66  -1.5597085366384413E-013
           4          67   1.6558912614504925E-013
           4          68  -1.0812690458017081E-013
           4          69  -3.2373787177719612E-013
           5           1  -3.9094618806336436E-003
           5           2  -1.1450349588088557E-002
           5           3  -5.5963721042604476E-002
           5           4   1.8132345043004920E-002
           5           5   2.9117169372511334E-003
           5           6  -4.3767709127519958E-003
           5           7   1.0728925973725080E-003
           5           8   3.8654714701413767E-013
           5           9  -5.8586206139961277E-013
           5          10  -1.2269102729249916E-012
           5          11   1.9170329823605667E-013
           5          12  -6.8454677838145285E-014
           5          13   5.2858132491847640E-014
           5          14   5.5736389995905816E-014
           5          15  -1.2278966360288091E-014
           5          16   1.9099043368058893E-014
           5          17  -7.2066789056581553E-015
           5          18   1.3326504625125011E-015
           5          19  -3.2952760910233676E-015
           5          20  -3.0703116499685555E-014
           5          21  -5.8715108233416571E-015
           5          22  -1.9346309759542567E-014
           5          23   1.7656626916135391E-014
           5          24  -4.5040115502940078E-015
           5          25   8.7703114223843321E-016
           5          26  -1.2149730245337560E-002
           5          27  -8.7100540725081456E-004
           5          28  -1.2602295603603725E-002
           5          29   8.7092698066229134E-004
           5          30   1.1851446167359214E-003
           5          31  -1.2635803312301623E-002
           5          32  -8.2625862167830660E-003
           5          33  -1.9303847178267616E-004
           5          34  -8.3651995861544048E-003
           5          35   1.9634952142957943E-004
           5          36   2.6450245253070449E-004
           5          37  -8.3705605876672334E-003
           5          38   1.2088701753610841E-003
           5          39  -7.5328600885476218E-005
           5          40   1.1692020067268541E-003
           5          41   7.6077747771808324E-005
           5          42   1.0292897262215790E-004
           5          43   1.1667734377186654E-003
           5          44   1.9550256809916522E-004
           5          45   6.8118312990270082E-005
           5          46   2.3139781409369105E-004
           5          47  -6.8831218644795295E-005
           5          48  -9.3106923475367356E-005
           5          49   2.3357180978570788E-004
           5          50   2.2911175792413632E-015
           5          51   9.2651945060430178E-016
           5          52   4.1104411725454762E-015
           5          53  -2.5426740669221854E-015
           5          54   1.4799212221724427E-016
           5          55   3.1463061655359674E-015
           5          56  -9.7258423752946568E-016
           5          57   4.1501387467091163E-015
           5          58   4.9588684495403390E-016
           5          59   2.2794795317533930E-015
           5          60   8.7349158406354345E-016
           5          61   2.5641051201203607E-015
           5          62   1.0633012056946267E-015
           5          63  -1.6387390436031230E-015
           5          64  -2.2040627931970884E-015
           5          65   6.8275060092025170E-016
           5          66  -9.8338289640080820E-016
           5          67   1.6014141043498689E-015
           5          68  -1.2862533260607583E-015
           5          69  -2.1655521517275291E-015
           6           1   7.1934971803050071E-003
           6           2   2.2916629269939086E-002
           6           3   1.7943142872915960E-002
           6           4   5.9465004348708654E-002
           6           5  -4.3767709127519958E-003
           6           6   2.0282014825578391E-002
           6           7  -2.6597671489454813E-003
           6           8   3.6800340033560849E-012
           6           9  -1.4071087938599017E-012
           6          10   1.7754927036431085E-012
           6          11   6.2784807063802803E-013
           6          12   3.1547296453023713E-013
           6          13  -1.7126146635405183E-013
           6          14  -1.8379826969709940E-013
           6          15   2.0569950792772450E-014
           6          16   2.5800737337882670E-014
           6          17   5.0231438367285330E-014
           6          18   5.7290861385170110E-015
           6          19  -6.5003792588136245E-015
           6          20   1.5542819996740815E-013
           6          21   1.4464557847584486E-014
           6          22  -3.8389225129433150E-014
           6          23   7.6049852591745810E-014
           6          24   4.2045593685656025E-014
           6          25  -9.1557839843422837E-014
           6          26   4.1268730116262663E-002
           6          27   3.4099861306515458E-003
           6          28   4.3059241209127158E-002
           6          29  -3.4364008720879830E-003
           6          30  -4.6553601945736817E-003
           6          31   4.3173828321934726E-002
           6          32   3.0385233459426626E-002
           6          33   1.7339227930765677E-003
           6          34   3.1298107253277710E-002
           6          35  -1.7508759160057914E-003
           6          36  -2.3691859470029776E-003
           6          37   3.1354187746614852E-002
           6          38  -3.8010433143463021E-003
           6          39  -4.4526127224876969E-005
           6          40  -3.8244763479159906E-003
           6          41   4.4938079819734341E-005
           6          42   6.0854904005691563E-005
           6          43  -3.8259303322460839E-003
           6          44  -2.4270507824460741E-003
           6          45  -1.9828090344118856E-004
           6          46  -2.5313239272422138E-003
           6          47   2.0005338056132551E-004
           6          48   2.7087248879585440E-004
           6          49  -2.5378396387957815E-003
           6          50  -2.5880362223417055E-014
           6          51  -6.5118690895916825E-017
           6          52  -4.1822594751890540E-015
           6          53  -1.0913270973403137E-014
           6          54   4.7261233968563267E-015
           6          55   3.1374780774754509E-015
           6          56  -1.4516661186810636E-014
           6          57  -2.0912944722119763E-015
           6          58   5.2139137981183960E-015
           6          59   1.0904673234514442E-015
           6          60   2.7526856814879029E-014
           6          61   9.3929440581617995E-015
           6          62   2.0326895711852610E-014
           6          63  -3.3955112337161458E-015
           6          64  -9.4015381382004226E-015
           6          65   2.2943372885090330E-014
           6          66  -2.4612322066431719E-014
           6          67   2.3587655920586600E-014
           6          68  -1.2389514705320460E-014
           6          69  -4.4076441399574309E-014
           7           1  -2.1278851756354336E-003
           7           2  -6.6145694864684305E-003
           7           3  -1.7701448104731295E-002
           7           4   6.1951437320599632E-004
           7           5   1.0728925973725080E-003
           7           6  -2.6597671489454813E-003
           7           7   5.6016670509848585E-004
           7           8  -8.4807983320213894E-013
           7           9   4.7388801375293566E-013
           7          10   6.7455960140356240E-013
           7          11  -1.8065997812872097E-013
           7          12   1.7690744765249648E-014
           7          13  -4.1169129027878207E-014
           7          14   4.4605972463029044E-015
           7          15  -1.9710138925353738E-015
           7          16  -1.1740306991431931E-014
           7          17  -4.3472058900104183E-015
           7          18  -1.7760857029330762E-015
           7          19   2.9397142336103085E-015
           7          20   3.7527514892960503E-016
           7          21  -6.2604323705998579E-015
           7          22   1.4384305195398195E-014
           7          23  -1.7392231451369800E-014
           7          24  -6.5583664646323892E-015
           7          25   1.2730765325127399E-014
           7          26  -7.0872556200045553E-003
           7          27  -2.4838530576082438E-004
           7          28  -7.2172982293762945E-003
           7          29   2.4973588016803921E-004
           7          30   3.3887097975992690E-004
           7          31  -7.2259987627415695E-003
           7          32  -4.9172005585412090E-003
           7          33  -1.0132856937808211E-004
           7          34  -4.9704896397784401E-003
           7          35   1.0223244568017764E-004
           7          36   1.3842572828355192E-004
           7          37  -4.9738204563622400E-003
           7          38   6.9267395927256046E-004
           7          39  -2.8075769549023353E-005
           7          40   6.7791370722807324E-004
           7          41   2.8319727462623385E-005
           7          42   3.8348714593521860E-005
           7          43   6.7698674818355035E-004
           7          44   2.1230274966000274E-004
           7          45   3.4710476524044451E-005
           7          46   2.3055115320136228E-004
           7          47  -3.5011658202157424E-005
           7          48  -4.7412149785018047E-005
           7          49   2.3169739903999275E-004
           7          50   4.7879332162096574E-015
           7          51  -4.3745596662675035E-016
           7          52   3.8902624720287447E-016
           7          53   2.0458284260943503E-015
           7          54  -5.4669643139959085E-016
           7          55  -1.6420409533737240E-015
           7          56   2.5072807535003962E-015
           7          57   9.8392805195161521E-017
           7          58  -8.5824625238965037E-016
           7          59  -7.9017917492976959E-016
           7          60  -2.5440328213651253E-015
           7          61  -2.2752020166497933E-015
           7          62  -2.7831167428219988E-015
           7          63   6.9897174820997538E-016
           7          64   1.9461480648995076E-015
           7          65  -3.7828768956494307E-015
           7          66   3.8822285613244630E-015
           7          67  -3.3261970478493384E-015
           7          68   2.6747118178293905E-015
           7          69   6.6889803733247860E-015
           8           1  -3.7171305474726868E-013
           8           2  -1.2740012213134300E-012
           8           3  -1.5174968093803220E-012
           8           4   4.5919478264133164E-013
           8           5   3.8654714701413767E-013
           8           6   3.6800340033560849E-012
           8           7  -8.4807983320213894E-013
           8           8   2.0000015263925133     
           8           9   2.0362663422359030E-005
           8          10  -2.0544812689731427E-005
           8          11   3.8957122167243498E-004
           8          12   1.8800064322819598E-004
           8          13  -1.8968502870735527E-004
           8          14   2.2057082177895930E-003
           8          15   1.1804059601410354E-004
           8          16  -1.1896516289692843E-004
           8          17   3.3492125446554122E-005
           8          18   7.0939282947312993E-005
           8          19  -7.1584289901919119E-005
           8          20   2.5151831410519365E-003
           8          21  -8.6470205218162942E-005
           8          22   8.7422075393594285E-005
           8          23   6.0070485768669486E-004
           8          24  -3.4129735324469220E-005
           8          25   3.4477852379160454E-005
           8          26  -5.0898246793201332E-013
           8          27  -1.7390157464201916E-013
           8          28  -7.4118944762295442E-013
           8          29   3.6997564298778578E-014
           8          30  -1.0520531808192571E-013
           8          31  -5.7564217660515923E-013
           8          32  -2.0943819296181822E-012
           8          33  -3.8670284482425186E-014
           8          34  -1.6428918736120927E-012
           8          35   1.7820957428873548E-013
           8          36  -2.9466917123530153E-013
           8          37  -1.9261469315464375E-012
           8          38  -2.2853098916189915E-013
           8          39  -6.1680006853434706E-014
           8          40   4.8565600236514615E-014
           8          41   2.3145239103014801E-013
           8          42  -1.2270998754136240E-013
           8          43  -5.1678933602295159E-014
           8          44   4.7826151648124734E-013
           8          45  -7.6770946892635347E-015
           8          46   1.1358605150366033E-015
           8          47  -3.2819518654175620E-013
           8          48   2.8934751330420565E-013
           8          49   9.5733166083034449E-014
           8          50  -3.3342272603843092E-004
           8          51   1.0224865565709412E-004
           8          52   9.5802557917076242E-005
           8          53  -3.2442134658591836E-004
           8          54   8.7350138892768959E-005
           8          55   3.1592535142918078E-004
           8          56  -1.5568549045848011E-004
           8          57   2.2766620742888186E-004
           8          58   1.6421024983879288E-005
           8          59   2.8903644138348483E-004
           8          60  -6.4090251338435664E-005
           8          61  -7.9569712148334129E-005
           8          62  -6.4271618104388766E-005
           8          63  -7.3747450388335795E-005
           8          64   5.6330727725668664E-005
           8          65  -2.7395237040805761E-005
           8          66   7.1397269130490565E-005
           8          67  -8.1149263677828844E-005
           8          68  -5.3423344920132468E-005
           8          69   7.9230045614998986E-005
           9           1   9.1142375582964762E-014
           9           2   1.9133290384851628E-013
           9           3   7.9915121829922067E-013
           9           4  -4.1761180446435632E-013
           9           5  -5.8586206139961277E-013
           9           6  -1.4071087938599017E-012
           9           7   4.7388801375293566E-013
           9           8   2.0362663422359030E-005
           9           9   2.0000138995532883     
           9          10  -2.7818343506557590E-005
           9          11   1.8798712579859650E-004
           9          12   5.0382858646466199E-004
           9          13  -2.5682519596188942E-004
           9          14   1.1679552481384146E-004
           9          15   2.2758002962719034E-003
           9          16  -1.5976120150295673E-004
           9          17   7.0962702221941961E-005
           9          18   7.6608807236489237E-005
           9          19  -9.6935243293107075E-005
           9          20  -8.7948275236237290E-005
           9          21   2.4607619003364127E-003
           9          22   1.1989020558847346E-004
           9          23  -3.4474622783325665E-005
           9          24   5.7953172009529231E-004
           9          25   4.7035359609268381E-005
           9          26   2.3953403638047445E-013
           9          27   1.2067405123102660E-013
           9          28  -1.2154880541444660E-013
           9          29  -1.0352805660511586E-013
           9          30   1.1643526795761283E-013
           9          31   5.4068055325953367E-013
           9          32   4.8904055245292920E-013
           9          33   3.4009947761408505E-013
           9          34   4.9018798378708199E-013
           9          35   2.3944941464136767E-013
           9          36   4.4449490477227949E-014
           9          37   1.1400297117059708E-012
           9          38  -4.5280753132539895E-013
           9          39   3.0889339479889980E-013
           9          40  -4.5557178225626306E-013
           9          41   2.1116509918589792E-013
           9          42   1.1265304402229443E-013
           9          43   2.1645519512698455E-013
           9          44   2.6611985923505739E-013
           9          45  -4.9169218865349705E-013
           9          46   4.0970686274931835E-013
           9          47  -3.8607025329739348E-013
           9          48  -1.1528186622430791E-013
           9          49  -6.2164858516877570E-013
           9          50   9.5445555925537909E-006
           9          51   6.8651664795491474E-005
           9          52  -3.4585569438884227E-004
           9          53  -1.1345684754197809E-004
           9          54   3.3467241652160632E-004
           9          55  -2.3183912271901373E-004
           9          56   3.8903891442806349E-005
           9          57   1.6409222669137223E-005
           9          58  -2.3264433320424678E-004
           9          59   4.3944327143136689E-005
           9          60  -1.1565719604941566E-004
           9          61  -8.7221647884975050E-005
           9          62  -2.3277682701305692E-005
           9          63  -1.7182550840982936E-004
           9          64   2.7924443511729870E-005
           9          65   3.8377353515253897E-005
           9          66   8.6336234197634723E-005
           9          67  -5.3407875179497610E-005
           9          68  -5.4426787463340781E-005
           9          69   1.5092124366414346E-004
          10           1   2.8884354820395940E-013
          10           2   9.6666004037545597E-013
          10           3   1.4484734194956156E-012
          10           4  -7.0500379801008143E-013
          10           5  -1.2269102729249916E-012
          10           6   1.7754927036431085E-012
          10           7   6.7455960140356240E-013
          10           8  -2.0544812689731427E-005
          10           9  -2.7818343506557590E-005
          10          10   2.0000146691509721     
          10          11  -1.8967869781862459E-004
          10          12  -2.5682827791436997E-004
          10          13   5.1093866310867675E-004
          10          14  -1.1838105495139816E-004
          10          15  -1.6004492633542097E-004
          10          16   2.2806119559681277E-003
          10          17  -7.1595206782273170E-005
          10          18  -9.6929879291556849E-005
          10          19   7.9288375330165524E-005
          10          20   8.8115331462204505E-005
          10          21   1.1955332162677441E-004
          10          22   2.4578927395935350E-003
          10          23   3.4639615680083621E-005
          10          24   4.6956752481379374E-005
          10          25   5.7833374052340192E-004
          10          26  -4.6467308893911003E-013
          10          27  -1.0180561282591676E-013
          10          28  -3.5998482474927360E-013
          10          29  -1.1671175111922929E-014
          10          30   1.6418128223666125E-013
          10          31  -5.8909559069044881E-013
          10          32   7.9613520572014602E-013
          10          33  -7.1564553041037309E-014
          10          34   1.0231669229654342E-012
          10          35  -1.2910025496108127E-013
          10          36   1.9859429351084120E-013
          10          37   4.8714198827267395E-013
          10          38  -3.0478007634939420E-013
          10          39  -1.6013798640462181E-014
          10          40  -4.9584984917496980E-013
          10          41   1.0907114230393520E-013
          10          42   2.1698815575713537E-013
          10          43  -3.8896467143334176E-013
          10          44  -1.2547118732849503E-012
          10          45   1.3857154760450572E-013
          10          46  -1.3565885904985905E-012
          10          47   6.2165092336000297E-015
          10          48  -2.5957394776679984E-013
          10          49  -1.0726913852181400E-012
          10          50   1.3233720161998910E-004
          10          51   3.3466888619958170E-004
          10          52  -1.5568088291621675E-004
          10          53   1.2003307219157606E-004
          10          54   1.9881135394019027E-004
          10          55   7.0583235307142462E-005
          10          56  -2.3434843686624237E-004
          10          57   2.9760488977938096E-004
          10          58  -6.3188625346939547E-005
          10          59  -2.1813195736019423E-004
          10          60   9.8856935825152847E-005
          10          61   2.7927568049472653E-005
          10          62   7.1389552708104603E-005
          10          63   1.4135340862874937E-004
          10          64  -1.0553854349619422E-004
          10          65  -1.8012290036332004E-005
          10          66  -5.5866124595033438E-005
          10          67   2.9968779311716438E-005
          10          68   9.9187840346463976E-005
          10          69  -1.6366197671142564E-004
          11           1   2.8113341033805502E-014
          11           2   2.3401521032948555E-013
          11           3   2.8531820469902248E-013
          11           4  -3.7610998328482310E-013
          11           5   1.9170329823605667E-013
          11           6   6.2784807063802803E-013
          11           7  -1.8065997812872097E-013
          11           8   3.8957122167243498E-004
          11           9   1.8798712579859650E-004
          11          10  -1.8967869781862459E-004
          11          11   2.0125947367942714     
          11          12  -1.4005547788605854E-003
          11          13   1.4132844659129618E-003
          11          14   9.2118383451623275E-003
          11          15  -2.0258094279277257E-003
          11          16   2.0452539268263304E-003
          11          17  -9.9745600173159719E-003
          11          18  -1.9096819940612898E-003
          11          19   1.9265477901482609E-003
          11          20   1.7329288319888697E-002
          11          21   1.6254654239439155E-003
          11          22  -1.6382304267663053E-003
          11          23   6.9430293763988842E-004
          11          24   3.7381917116694765E-004
          11          25  -3.7676334408017474E-004
          11          26   9.3225978617470816E-014
          11          27  -7.9168683196266822E-014
          11          28  -3.4388854351636917E-013
          11          29  -4.5350852160655539E-014
          11          30  -2.5242806337429504E-014
          11          31  -3.8980640385712101E-013
          11          32  -6.8425373767928713E-014
          11          33  -4.9665677219301464E-014
          11          34  -7.6560321619390336E-014
          11          35   3.4228987267905748E-014
          11          36  -3.9417231136779787E-015
          11          37  -8.5329159331290500E-014
          11          38   2.5481405297561450E-013
          11          39  -8.6009095183142676E-014
          11          40  -1.4156706813612051E-013
          11          41   3.8717637282083225E-014
          11          42  -2.4273996499714332E-014
          11          43  -1.5354620497091272E-013
          11          44  -1.8416319243553023E-013
          11          45   1.1553855811405868E-013
          11          46   1.7642044898858631E-013
          11          47  -5.1157882961435407E-014
          11          48   2.0778018753466614E-014
          11          49   1.7581058057827887E-013
          11          50  -1.2312861882839178E-002
          11          51   8.4176566693488879E-003
          11          52   1.8493524885548540E-003
          11          53  -6.3915062185316675E-003
          11          54  -4.0811265802453318E-003
          11          55   2.9431210763688851E-003
          11          56  -4.1106220381932762E-003
          11          57   5.0084161204494810E-003
          11          58   8.8065066762883391E-004
          11          59   5.5619387593017801E-003
          11          60  -4.7139734040004353E-003
          11          61   1.4976952046052631E-003
          11          62  -2.4955810045997734E-004
          11          63  -3.6670210397356500E-004
          11          64   6.3337256326479038E-006
          11          65   2.7575814842204457E-003
          11          66  -2.2425062425523207E-003
          11          67   7.9501920329142959E-004
          11          68   1.1244222364950526E-003
          11          69   6.4833037060952540E-005
          12           1  -6.6106192225638515E-014
          12           2  -1.6736131444695590E-013
          12           3  -2.1320793954958981E-013
          12           4   2.2732809668674617E-013
          12           5  -6.8454677838145285E-014
          12           6   3.1547296453023713E-013
          12           7   1.7690744765249648E-014
          12           8   1.8800064322819598E-004
          12           9   5.0382858646466199E-004
          12          10  -2.5682827791436997E-004
          12          11  -1.4005547788605854E-003
          12          12   2.0117446388157245     
          12          13   1.9131255914363876E-003
          12          14  -2.0382952237716630E-003
          12          15   7.9532340207734576E-003
          12          16   2.7820822509149381E-003
          12          17  -1.9094676361776875E-003
          12          18  -1.1133613516383166E-002
          12          19   2.6082338462972625E-003
          12          20   1.6107399809126236E-003
          12          21   1.8282727190783783E-002
          12          22  -2.2027217839900265E-003
          12          23   3.7039463938609194E-004
          12          24   9.1349522767860140E-004
          12          25  -5.0653633157691775E-004
