           1           1   1.9999981183310682     
           1           2  -1.6222128865582737E-005
           1           3  -6.3379352238208389E-004
           1           4   1.7362870789156169E-006
           1           5  -5.2766622620613606E-004
           1           6  -1.5290970683748415E-005
           1           7   8.9626211406587235E-012
           1           8  -2.2559234644776897E-011
           1           9  -2.8497515063482898E-012
           1          10  -4.0973793043253915E-011
           1          11   1.0884290463272319E-010
           1          12   8.7287750783898888E-011
           1          13   5.3072287698087323E-013
           1          14  -5.9279513777807558E-012
           1          15  -1.2220640369891476E-012
           1          16   9.3275039763285950E-011
           1          17   1.8504020636272877E-010
           1          18  -2.0713548562627650E-010
           1          19  -3.7797774697159392E-013
           1          20  -1.6430580040597792E-011
           1          21  -3.4988146105053561E-012
           1          22  -1.2533967099861287E-004
           1          23  -4.2803344630397154E-005
           1          24  -2.5700450679998252E-005
           1          25  -7.1353584995607382E-005
           1          26   2.1542860312686617E-004
           1          27   1.7338988528382788E-004
           1          28   2.8007382153250666E-005
           1          29   2.7992577598061321E-006
           1          30   2.1491543366561145E-005
           1          31   4.6656663043856395E-006
           1          32  -1.4085770384438217E-005
           1          33   8.4782784564527785E-006
           1          34   2.9453402384299360E-005
           1          35   5.1932924756078840E-006
           1          36   1.7364948287054755E-005
           1          37   8.6559340926722748E-006
           1          38  -2.6132541958987267E-005
           1          39  -6.7779038962683854E-006
           1          40   2.8589908568559082E-012
           1          41   9.3623885486297362E-013
           1          42   1.4187783545659219E-012
           1          43  -1.9393801450112320E-012
           1          44  -5.6216218028729096E-013
           1          45  -2.6071591137028367E-013
           1          46  -5.4842027672716850E-012
           1          47  -1.3973230623745708E-012
           1          48  -2.3363961864589676E-012
           1          49   2.3579632857466482E-012
           2           1  -1.6222128865582737E-005
           2           2   1.9999790402955964     
           2           3  -4.6730100960582621E-003
           2           4   2.5980368358618009E-004
           2           5  -4.2909769303528765E-003
           2           6   2.9960271721290133E-005
           2           7   2.6299332661934033E-010
           2           8  -7.1750530741497345E-010
           2           9  -6.5352844562317566E-010
           2          10  -3.4876740665640337E-010
           2          11   9.1312333053355175E-010
           2          12   7.2514917129404326E-010
           2          13  -6.8931789035644260E-012
           2          14  -4.0440061716059490E-011
           2          15  -7.8620373314173124E-012
           2          16   1.7005599634831881E-009
           2          17   1.1080595111255369E-009
           2          18  -1.6016617739758675E-009
           2          19  -1.0869319601044014E-010
           2          20   1.9274976324333581E-011
           2          21   8.2755892337162411E-011
           2          22  -9.1017941947824413E-004
           2          23  -2.7032476031234532E-004
           2          24  -2.8090238845622246E-004
           2          25  -4.5064494536168947E-004
           2          26   1.3605831827936724E-003
           2          27   9.7656035620496571E-004
           2          28   2.4687353048054967E-004
           2          29   1.5609344350221341E-005
           2          30   2.1054243238623473E-004
           2          31   2.6016157554776534E-005
           2          32  -7.8538656536762482E-005
           2          33   1.3798804428386184E-004
           2          34   2.3085907162605880E-004
           2          35   3.6854787864509130E-005
           2          36   1.4507097771720848E-004
           2          37   6.1428070547579845E-005
           2          38  -1.8545503427670453E-004
           2          39  -2.6265246896798037E-005
           2          40  -4.0829398340956641E-011
           2          41   8.0155205172613131E-011
           2          42  -2.1282847304680303E-011
           2          43   1.4233061702614038E-010
           2          44   5.6446378550645170E-011
           2          45  -1.2396259536645348E-011
           2          46   1.1651135922440098E-011
           2          47  -5.0973693402267055E-011
           2          48   5.0441207459656817E-011
           2          49   1.3363163212676263E-010
           3           1  -6.3379352238208389E-004
           3           2  -4.6730100960582621E-003
           3           3   1.9663376815745124     
           3           4   1.7555176661705873E-002
           3           5  -4.6114955362879483E-002
           3           6  -2.1180911345473835E-003
           3           7   1.8436156899383098E-010
           3           8  -4.4744956809463980E-010
           3           9   2.2529993833579959E-010
           3          10  -7.7825095147470842E-010
           3          11   1.7153558731340785E-009
           3          12   1.3034143321168683E-009
           3          13   1.3215922713583654E-010
           3          14  -3.0906075467188818E-010
           3          15  -1.2374704064616745E-010
           3          16   4.0034904829170647E-010
           3          17   3.3128091311693231E-009
           3          18  -7.2151954698837261E-009
           3          19  -3.2119681420732307E-010
           3          20   6.9659787133217487E-010
           3          21   9.8613337735086263E-010
           3          22  -1.1506107777974530E-003
           3          23  -5.6755919508852544E-004
           3          24   1.7070316983220849E-004
           3          25  -9.4631754204451421E-004
           3          26   2.8573212811404927E-003
           3          27   2.8124627850499287E-003
           3          28   4.9474254857569911E-003
           3          29   1.0618020206493872E-004
           3          30   4.7002882458658298E-003
           3          31   1.7697296883414178E-004
           3          32  -5.3425292389672663E-004
           3          33   4.2067365654411921E-003
           3          34   6.9196188677839165E-003
           3          35  -4.8235291555430130E-006
           3          36   6.9308420104733440E-003
           3          37  -8.0400057100397113E-006
           3          38   2.4265012979541025E-005
           3          39   6.9532603520640734E-003
           3          40  -3.6660972438558529E-010
           3          41   5.3678659279151037E-010
           3          42  -1.5691899391674891E-010
           3          43   1.0390174007276201E-009
           3          44   3.8475787968469053E-010
           3          45   1.8967924967654987E-012
           3          46   2.4851465540043778E-010
           3          47  -1.4097431452969123E-010
           3          48   4.8744647792694067E-010
           3          49   9.7439342222385907E-010
           4           1   1.7362870789156169E-006
           4           2   2.5980368358618009E-004
           4           3   1.7555176661705873E-002
           4           4   3.2208865910950623E-004
           4           5   1.1037501107393367E-002
           4           6   2.9644289259261934E-004
           4           7   7.5247116476537188E-010
           4           8  -2.1210437280272262E-009
           4           9  -2.9171792091959106E-009
           4          10   7.6761688630111102E-010
           4          11  -2.0255439709655697E-009
           4          12  -1.7600623841564321E-009
           4          13  -7.9132174950903752E-011
           4          14   1.3987813106688882E-010
           4          15   7.5951410214839336E-012
           4          16   5.5764672224141178E-009
           4          17  -7.2123767489545997E-009
           4          18   8.2667505450090035E-009
           4          19  -3.1164443149606874E-010
           4          20   5.0117193466450317E-010
           4          21  -1.0991194446254420E-010
           4          22   4.1336197798674734E-003
           4          23   1.3290258002125192E-003
           4          24   1.0398438457266540E-003
           4          25   2.2155055016661492E-003
           4          26  -6.6890168105801983E-003
           4          27  -5.1419008999833340E-003
           4          28  -1.0353367972839884E-004
           4          29  -2.7967267910185801E-005
           4          30  -3.8434096069450611E-005
           4          31  -4.6614164563881935E-005
           4          32   1.4072953478772807E-004
           4          33   9.1577944582825797E-005
           4          34  -1.8171912221224756E-004
           4          35  -5.3960927652150813E-005
           4          36  -5.6114418151775567E-005
           4          37  -8.9938848476266614E-005
           4          38   2.7152748248734362E-004
           4          39   1.9473530416049478E-004
           4          40   6.3884209706490874E-011
           4          41  -1.9611818171033017E-011
           4          42  -3.9139813285171371E-011
           4          43   3.0273030272817777E-012
           4          44   7.1680403883923521E-011
           4          45  -9.6154210946741659E-011
           4          46   1.7994201366128038E-010
           4          47  -2.8293463570161782E-011
           4          48  -1.0137350023244656E-011
           4          49  -1.6389415734203324E-010
           5           1  -5.2766622620613606E-004
           5           2  -4.2909769303528765E-003
           5           3  -4.6114955362879483E-002
           5           4   1.1037501107393367E-002
           5           5   1.9364490444851725     
           5           6   7.2870507672582012E-003
           5           7  -6.5059542331323955E-010
           5           8   2.0368366152590681E-009
           5           9   3.7963502794772442E-009
           5          10  -2.7233840574480618E-011
           5          11   1.5097258372525924E-010
           5          12   4.7860403724440008E-010
           5          13  -9.2705330088999675E-010
           5          14   1.2326252352876832E-010
           5          15  -7.4862410227813017E-010
           5          16   3.3959202238458573E-009
           5          17   1.7747871540921417E-008
           5          18  -4.9582530110449325E-009
           5          19   2.7702511063674097E-009
           5          20  -1.1235635682775883E-009
           5          21  -7.2379850515831398E-010
           5          22   3.6058290506829210E-003
           5          23   1.0356677340930265E-003
           5          24   1.1956050807095068E-003
           5          25   1.7255281116474583E-003
           5          26  -5.2085239031487603E-003
           5          27  -3.6122718350574297E-003
           5          28   5.0184219005102882E-003
           5          29   1.3165856414846513E-004
           5          30   4.7119589686257686E-003
           5          31   2.1945930965635262E-004
           5          32  -6.6256548175964124E-004
           5          33   4.0996761156699641E-003
           5          34  -5.0114950891213088E-003
           5          35  -2.6704579987756492E-003
           5          36   1.2045610594030344E-003
           5          37  -4.4510139258146933E-003
           5          38   1.3437782731453692E-002
           5          39   1.3619317664176067E-002
           5          40   3.2505462781671563E-010
           5          41  -3.3726929705544505E-010
           5          42   1.2538479170239837E-010
           5          43  -3.0973786670124825E-009
           5          44  -4.4459131286530045E-010
           5          45  -1.3025803274636129E-010
           5          46  -6.9010709605835153E-010
           5          47  -1.1469587006112413E-011
           5          48  -3.8033564316214622E-010
           5          49  -1.1523582171438635E-009
           6           1  -1.5290970683748415E-005
           6           2   2.9960271721290133E-005
           6           3  -2.1180911345473835E-003
           6           4   2.9644289259261934E-004
           6           5   7.2870507672582012E-003
           6           6   2.1311969209082348E-003
           6           7  -1.6757348547906446E-011
           6           8   2.1083995798343551E-011
           6           9  -1.1151557108420298E-010
           6          10  -2.2083122062425026E-010
           6          11   2.3640194025210965E-010
           6          12   5.0278173178987186E-010
           6          13   9.0800155343115686E-011
           6          14   5.3197873533820945E-011
           6          15   3.5116635997805962E-011
           6          16  -1.2633270646758359E-008
           6          17   7.6933670299762604E-009
           6          18  -5.0209059383996792E-009
           6          19   5.0513579202810525E-010
           6          20  -3.8210897584715487E-010
           6          21   4.2881900433221031E-010
           6          22  -2.0382127587556081E-004
           6          23  -7.4227433356705046E-005
           6          24  -3.1014072338401916E-005
           6          25  -1.2374949180169942E-004
           6          26   3.7364453374933598E-004
           6          27   3.1435491081726848E-004
           6          28  -1.0552025287900028E-003
           6          29  -1.9423387264755400E-004
           6          30  -6.0308318311508172E-004
           6          31  -3.2374039283668786E-004
           6          32   9.7738236562916643E-004
           6          33   2.9988647148485763E-004
           6          34  -1.6520502287028030E-003
           6          35  -3.1723166824225592E-004
           6          36  -9.1362765540083796E-004
           6          37  -5.2874882488213504E-004
           6          38   1.5963110526034600E-003
           6          39   5.6115573074106719E-004
           6          40  -1.5891506611204437E-010
           6          41  -6.4198413126450199E-011
           6          42   5.6524011474792247E-011
           6          43  -7.2845870791715134E-011
           6          44  -1.2987088322303771E-010
           6          45   1.6697940568082929E-010
           6          46  -1.6130699874845610E-010
           6          47   1.3126923073002115E-010
           6          48   8.2598031608525329E-011
           6          49   1.0577202631523551E-010
           7           1   8.9626211406587235E-012
           7           2   2.6299332661934033E-010
           7           3   1.8436156899383098E-010
           7           4   7.5247116476537188E-010
           7           5  -6.5059542331323955E-010
           7           6  -1.6757348547906446E-011
           7           7   1.9998762419147029     
           7           8  -5.7269229916112086E-007
           7           9  -9.5477422886464028E-007
           7          10   8.6919775874250175E-006
           7          11  -1.2001972010306732E-005
           7          12  -2.0004654731729245E-005
           7          13   9.0699320034883933E-004
           7          14   5.3808941903443662E-006
           7          15   8.9685229068099724E-006
           7          16  -1.9100518821470510E-003
           7          17   2.7735826158926578E-004
           7          18   4.6228883494624240E-004
           7          19   1.0915064298330712E-003
           7          20   2.2037055553012409E-005
           7          21   3.6731220598614162E-005
           7          22   8.2229012239541815E-010
           7          23  -3.5869363718423804E-009
           7          24   6.9233408280134372E-009
           7          25  -2.6861921442795883E-009
           7          26   3.9849305734539907E-009
           7          27  -8.8919711978148868E-009
           7          28   1.0643279405515122E-010
           7          29  -1.0484799942941911E-010
           7          30   5.6057886293677467E-011
           7          31  -9.0459402425769281E-011
           7          32   3.7107247432102882E-011
           7          33   6.7807012105605857E-012
           7          34   1.3447909876043734E-010
           7          35   9.0893679753810141E-012
           7          36   1.4707555172421658E-010
           7          37   2.2888765636690756E-011
           7          38  -1.4717372996457784E-011
           7          39   1.2084300185264892E-010
           7          40   8.0286391612137897E-004
           7          41   9.7773576221518539E-006
           7          42   3.5400647974964975E-004
           7          43   1.1538699198554226E-005
           7          44   1.6297029605479831E-005
           7          45  -1.1004737546262005E-005
           7          46   6.5217441595390648E-006
           7          47   3.4383946868807205E-004
           7          48   5.8473295877408732E-007
           7          49   1.5098945739017419E-005
           8           1  -2.2559234644776897E-011
           8           2  -7.1750530741497345E-010
           8           3  -4.4744956809463980E-010
           8           4  -2.1210437280272262E-009
           8           5   2.0368366152590681E-009
           8           6   2.1083995798343551E-011
           8           7  -5.7269229916112086E-007
           8           8   1.9998777841222646     
           8           9   2.8869037646050551E-006
           8          10  -1.2001673579363336E-005
           8          11   4.0950151524350297E-005
           8          12   6.0393765778506676E-005
           8          13   5.3805550995227858E-006
           8          14   8.9253036554793621E-004
           8          15  -2.7076463674512278E-005
           8          16   2.7735692557592258E-004
           8          17  -2.6555363827931765E-003
           8          18  -1.3956592429486370E-003
           8          19   2.2036567960755064E-005
           8          20   1.0322750100828391E-003
           8          21  -1.1089367486344092E-004
           8          22   3.1087923186388974E-009
           8          23  -5.6141493971113632E-009
           8          24   1.1520571000328427E-008
           8          25  -4.6726450224866304E-009
           8          26   5.7738926230282556E-009
           8          27  -1.1493633389386334E-008
           8          28  -6.5711200189025924E-011
           8          29   3.2964149415239956E-011
           8          30  -3.3828565824710789E-010
           8          31   2.6526448864404789E-011
           8          32  -1.4289662411865449E-010
           8          33  -1.2472929651026202E-010
           8          34  -4.3676119893826200E-010
           8          35   1.9068814944474826E-011
           8          36  -2.7757205365476207E-010
           8          37  -4.6030729863538014E-011
           8          38   9.9523166182291467E-011
           8          39  -4.2485832407775271E-010
           8          40   1.2780426029870842E-005
           8          41   3.4410221821876732E-004
           8          42   8.1109592567525256E-006
           8          43   7.5964390905366855E-004
           8          44  -2.8074325089596277E-005
           8          45   4.3828080343107966E-007
           8          46  -4.0817119897193938E-005
           8          47   5.8470659658323670E-007
           8          48   3.4226768309467278E-004
           8          49  -4.5585361814420335E-005
           9           1  -2.8497515063482898E-012
           9           2  -6.5352844562317566E-010
           9           3   2.2529993833579959E-010
           9           4  -2.9171792091959106E-009
           9           5   3.7963502794772442E-009
           9           6  -1.1151557108420298E-010
           9           7  -9.5477422886464028E-007
           9           8   2.8869037646050551E-006
           9           9   1.9998808654865070     
           9          10  -2.0004143720958183E-005
           9          11   6.0393794252768239E-005
           9          12   1.0538010921002145E-004
           9          13   8.9680101210148791E-006
           9          14  -2.7076510475281169E-005
           9          15   8.6364552360810101E-004
           9          16   4.6229092644808607E-004
           9          17  -1.3956568406710771E-003
           9          18  -4.1443934707868380E-003
           9          19   3.6730238776826872E-005
           9          20  -1.1089354945071069E-004
           9          21   9.1396817364543530E-004
           9          22   1.2744616024758159E-009
           9          23  -4.1540166098796884E-010
           9          24   1.7105270373850959E-009
           9          25  -5.5615610036376867E-010
           9          26   3.9795613548668349E-010
           9          27   3.3310382147268328E-010
           9          28  -3.5706843442098913E-010
           9          29  -5.5071190723791966E-011
           9          30  -4.7399252576902373E-010
           9          31   6.0288676649317075E-011
           9          32  -1.8352840487621768E-010
           9          33  -5.8816269316834024E-010
           9          34  -7.3273556381836256E-010
           9          35   9.6845712644939696E-011
           9          36  -6.1912630866074239E-010
           9          37  -5.8839918509019101E-011
           9          38   1.2524884550485581E-010
           9          39  -5.6365287167064177E-010
           9          40   2.1303075139477305E-005
           9          41  -2.8074183968852816E-005
           9          42   6.5215486856061017E-006
           9          43  -5.8067089073617851E-005
           9          44   3.1414933729463558E-004
           9          45  -3.5796865800986864E-006
           9          46   3.2248186566121307E-004
           9          47   7.9728682249872672E-006
           9          48  -2.4071419827577630E-005
           9          49   6.9329631166054105E-004
          10           1  -4.0973793043253915E-011
          10           2  -3.4876740665640337E-010
          10           3  -7.7825095147470842E-010
          10           4   7.6761688630111102E-010
          10           5  -2.7233840574480618E-011
          10           6  -2.2083122062425026E-010
          10           7   8.6919775874250175E-006
          10           8  -1.2001673579363336E-005
          10           9  -2.0004143720958183E-005
          10          10   2.0185978792942119     
          10          11   3.8846900262457444E-005
          10          12   6.4750023121405264E-005
          10          13  -1.1015770022874558E-002
          10          14   2.0723069700127921E-004
          10          15   3.4540292963963575E-004
          10          16   4.2601263054497004E-002
          10          17   4.1484087179936005E-003
          10          18   6.9144212877903372E-003
          10          19  -1.5516917845121259E-002
          10          20  -2.7274823894028418E-004
          10          21  -4.5461010960925520E-004
          10          22   2.8374993558847535E-008
          10          23  -8.1127679141970263E-008
          10          24   1.6490663936130521E-007
          10          25  -6.0807737837101231E-008
          10          26   9.1145296694424942E-008
          10          27  -1.9261533245307802E-007
          10          28   4.6947661883427396E-010
          10          29  -1.0622159924271990E-009
          10          30   7.4405100108219839E-011
          10          31  -9.0488687349592198E-010
          10          32   1.4076960850977482E-010
          10          33  -9.4229090635866738E-010
          10          34   9.6361292505032473E-011
          10          35  -5.2037731630202359E-011
          10          36   5.9791051290879329E-010
          10          37  -8.8935835433053464E-011
          10          38   2.3750225288480505E-010
          10          39  -3.3687361738532147E-010
          10          40  -1.0279612408149973E-002
          10          41  -7.0160107862728141E-005
          10          42  -4.7657029742464128E-003
          10          43  -4.5746562554744045E-004
          10          44  -1.1693984032549209E-004
          10          45  -3.6533618350545504E-004
          10          46  -3.6274915224092868E-004
          10          47  -5.1032322365609072E-003
          10          48  -2.5244611102004491E-004
          10          49  -8.0573487839901326E-004
          11           1   1.0884290463272319E-010
          11           2   9.1312333053355175E-010
          11           3   1.7153558731340785E-009
          11           4  -2.0255439709655697E-009
          11           5   1.5097258372525924E-010
          11           6   2.3640194025210965E-010
          11           7  -1.2001972010306732E-005
          11           8   4.0950151524350297E-005
          11           9   6.0393794252768239E-005
          11          10   3.8846900262457444E-005
          11          11   2.0184934681946820     
          11          12  -1.9547515382758456E-004
          11          13   2.0723037187431751E-004
          11          14  -1.1572739249051335E-002
          11          15  -1.0427495186467574E-003
          11          16   4.1483822872998097E-003
          11          17   3.1451221897951902E-002
          11          18  -2.0874690835256310E-002
          11          19  -2.7274735223678412E-004
          11          20  -1.4783865543278461E-002
          11          21   1.3724112702085611E-003
          11          22   2.6853083145333303E-008
          11          23  -7.4706924367385914E-008
          11          24   1.3771399816695991E-007
          11          25  -6.0985712502130530E-008
          11          26   7.5687990082855161E-008
          11          27  -1.6624917107539698E-007
          11          28   1.3295797872898899E-009
          11          29   3.6338150803685835E-010
          11          30  -5.9830841542426646E-010
          11          31   3.8913276813112483E-011
          11          32  -8.8975212660449992E-010
          11          33   1.4164181321340907E-009
          11          34  -2.5779095572449530E-011
          11          35  -2.7334819583031233E-010
          11          36   8.4293820072906906E-010
          11          37  -2.1658212703981555E-010
          11          38   5.0990396117237542E-010
          11          39  -6.8322595783109399E-010
          11          40  -4.4447227784627806E-004
          11          41  -4.0586144490931293E-003
          11          42  -8.7593540241342113E-005
          11          43  -9.4365849421595063E-003
          11          44   1.0074078988328457E-003
          11          45   8.7463164532552051E-005
          11          46   4.4071791176356274E-004
          11          47  -2.5244588667637275E-004
          11          48  -4.4247225650052378E-003
          11          49   2.4324615989980295E-003
          12           1   8.7287750783898888E-011
          12           2   7.2514917129404326E-010
          12           3   1.3034143321168683E-009
          12           4  -1.7600623841564321E-009
          12           5   4.7860403724440008E-010
          12           6   5.0278173178987186E-010
          12           7  -2.0004654731729245E-005
          12           8   6.0393765778506676E-005
          12           9   1.0538010921002145E-004
          12          10   6.4750023121405264E-005
          12          11  -1.9547515382758456E-004
          12          12   2.0182849378441778     
          12          13   3.4540322651825618E-004
          12          14  -1.0427497689340941E-003
          12          15  -1.2685142458121992E-002
          12          16   6.9144347799467380E-003
          12          17  -2.0874679224802795E-002
          12          18   9.1823018048726741E-003
          12          19  -4.5461084496409309E-004
          12          20   1.3724140795428553E-003
          12          21  -1.3319777666819304E-002
          12          22   3.9409879575480444E-009
          12          23  -1.2923744519412563E-008
          12          24   2.1730811704317783E-008
          12          25  -1.0657950788648006E-008
          12          26   1.2008237466246244E-008
          12          27  -2.6983665628394729E-008
          12          28   1.0274196116486296E-009
          12          29   1.2740930519521414E-010
          12          30   9.9066603670230262E-010
          12          31  -2.9965014421963059E-011
          12          32  -5.8933662187482274E-010
          12          33  -8.6159163467078446E-011
          12          34  -2.4586730126124619E-010
          12          35  -9.9447059904283454E-011
          12          36  -1.0463256328604860E-010
          12          37  -1.9213563681989787E-011
          12          38   1.8674620682810170E-010
          12          39   8.5554779584050831E-011
          12          40  -7.4083067080699388E-004
          12          41   1.0074086466884051E-003
          12          42  -3.6274935195936263E-004
          12          43   2.3018945443905197E-003
          12          44  -2.9839129897326925E-003
          12          45   1.2279219079083016E-005
          12          46  -3.0124926262015800E-003
          12          47  -2.0401816345715855E-004
          12          48   6.1589255363182576E-004
          12          49  -7.5438187940357181E-003
          13           1   5.3072287698087323E-013
          13           2  -6.8931789035644260E-012
          13           3   1.3215922713583654E-010
          13           4  -7.9132174950903752E-011
          13           5  -9.2705330088999675E-010
          13           6   9.0800155343115686E-011
          13           7   9.0699320034883933E-004
          13           8   5.3805550995227858E-006
          13           9   8.9680101210148791E-006
          13          10  -1.1015770022874558E-002
          13          11   2.0723037187431751E-004
          13          12   3.4540322651825618E-004
          13          13   1.7510774814838683E-004
          13          14  -7.1022123164298488E-005
          13          15  -1.1837505147938006E-004
          13          16  -8.9195299748335739E-003
          13          17  -3.9122285894868528E-003
          13          18  -6.5207714758184973E-003
          13          19   6.1112402986917842E-004
          13          20  -1.7697291502096824E-004
          13          21  -2.9496861138677161E-004
          13          22  -1.6068245616233374E-008
          13          23   4.8239340515833531E-008
          13          24  -9.9123019674782838E-008
          13          25   3.5813880321267865E-008
          13          26  -5.4252142319496838E-008
          13          27   1.1523404477951968E-007
          13          28  -6.5267626458842990E-011
          13          29   3.6117290870931843E-011
          13          30  -1.0224586459153849E-010
          13          31   7.8139371563801698E-012
          13          32  -7.7099301091923962E-011
          13          33   1.1450271005152722E-010
          13          34  -1.2130292884152314E-010
          13          35   1.5833031606527488E-010
          13          36  -2.6374389149614021E-010
          13          37   2.1178428663940585E-010
          13          38  -1.0727412642256458E-010
          13          39   2.2795671910664623E-010
          13          40  -4.5750400850321673E-005
          13          41  -5.8451031961424277E-005
          13          42   3.0142777554340132E-005
          13          43  -2.2366586564964794E-005
          13          44  -9.7423841101983044E-005
          13          45   1.1061888967475242E-004
          13          46   9.3425128245760814E-006
          13          47   1.3234025631774087E-004
          13          48   4.7233907898222612E-005
          13          49   1.4437418807995270E-005
          14           1  -5.9279513777807558E-012
          14           2  -4.0440061716059490E-011
          14           3  -3.0906075467188818E-010
          14           4   1.3987813106688882E-010
          14           5   1.2326252352876832E-010
          14           6   5.3197873533820945E-011
          14           7   5.3808941903443662E-006
          14           8   8.9253036554793621E-004
          14           9  -2.7076510475281169E-005
          14          10   2.0723069700127921E-004
          14          11  -1.1572739249051335E-002
          14          12  -1.0427497689340941E-003
          14          13  -7.1022123164298488E-005
          14          14   3.6599907322572219E-004
          14          15   3.5737880011090043E-004
          14          16  -3.9121962044066216E-003
          14          17   1.5957814271558143E-003
          14          18   1.9686351943639289E-002
          14          19  -1.7697287040132113E-004
          14          20   1.0867858468243633E-003
          14          21   8.9051933453852415E-004
          14          22  -3.3128329067189915E-008
          14          23   9.0240614096320229E-008
          14          24  -1.6645246517680003E-007
          14          25   7.4599119581377978E-008
          14          26  -9.1016206107721116E-008
          14          27   1.9961085512070424E-007
          14          28  -9.1442015891938621E-011
          14          29   4.1721980511271449E-011
          14          30  -1.6895616863767768E-010
          14          31   3.9640889783334645E-011
          14          32  -5.0334313841779385E-011
          14          33   1.9839976395295798E-010
          14          34  -1.8459816470020985E-010
          14          35   2.2351852746088842E-010
          14          36  -5.0283138934004728E-010
          14          37   2.0284894339425002E-010
          14          38  -2.0052803207737968E-010
          14          39   6.3082717288614947E-010
          14          40  -3.7901044304416806E-005
          14          41   1.9928775494610856E-005
          14          42  -3.7607694544926862E-005
          14          43   1.3907714896640723E-004
          14          44   7.6676848123158749E-005
          14          45   3.4738969483224005E-006
          14          46   1.8924219190966408E-004
          14          47   4.7233244643257251E-005
          14          48   5.3858503961412855E-006
          14          49  -4.3585527787352515E-005
          15           1  -1.2220640369891476E-012
          15           2  -7.8620373314173124E-012
          15           3  -1.2374704064616745E-010
          15           4   7.5951410214839336E-012
          15           5  -7.4862410227813017E-010
          15           6   3.5116635997805962E-011
          15           7   8.9685229068099724E-006
          15           8  -2.7076463674512278E-005
          15           9   8.6364552360810101E-004
          15          10   3.4540292963963575E-004
          15          11  -1.0427495186467574E-003
          15          12  -1.2685142458121992E-002
          15          13  -1.1837505147938006E-004
          15          14   3.5737880011090043E-004
          15          15   7.4724485564121249E-004
          15          16  -6.5207797363607458E-003
          15          17   1.9686305243293512E-002
          15          18   2.2596942177458289E-002
          15          19  -2.9496470675500737E-004
          15          20   8.9051512845345917E-004
          15          21   2.0367789294013163E-003
          15          22  -9.1582344673743227E-009
          15          23   2.7307955680947909E-008
          15          24  -4.7796336487539725E-008
          15          25   2.2129937948801703E-008
          15          26  -2.5892440805621807E-008
          15          27   5.6976371788030322E-008
          15          28  -2.7488388451539353E-011
          15          29   1.0805307753153923E-011
          15          30  -7.4343142757935504E-011
          15          31   1.7943268092995810E-011
          15          32   4.4213876084059861E-013
          15          33  -3.2095719300957841E-011
          15          34   3.5447390124117136E-011
          15          35   9.2023452855442232E-011
          15          36  -1.5434522968756767E-010
          15          37   6.3303267422560973E-011
          15          38  -1.3450971203790881E-010
          15          39   7.5337945337430641E-011
          15          40  -6.3173183905859223E-005
          15          41   7.6676374595737929E-005
          15          42   9.3429292351416174E-006
          15          43   1.1254694604933760E-004
          15          44   1.0172676804274233E-004
          15          45   5.0153289470702778E-005
          15          46  -1.5013267332945060E-005
          15          47   6.7022751772583106E-006
          15          48  -2.0231963391178278E-005
          15          49   2.5825882143375438E-004
          16           1   9.3275039763285950E-011
          16           2   1.7005599634831881E-009
          16           3   4.0034904829170647E-010
          16           4   5.5764672224141178E-009
          16           5   3.3959202238458573E-009
          16           6  -1.2633270646758359E-008
          16           7  -1.9100518821470510E-003
          16           8   2.7735692557592258E-004
          16           9   4.6229092644808607E-004
          16          10   4.2601263054497004E-002
          16          11   4.1483822872998097E-003
          16          12   6.9144347799467380E-003
          16          13  -8.9195299748335739E-003
          16          14  -3.9121962044066216E-003
          16          15  -6.5207797363607458E-003
          16          16   1.1070686715446523     
          16          17  -5.6582175158424605E-002
          16          18  -9.4308510706210463E-002
          16          19  -4.6946985551340484E-002
          16          20  -1.2728664236677612E-002
          16          21  -2.1215768146120879E-002
          16          22   6.6483906239470645E-008
          16          23  -1.9982380920571323E-007
          16          24   3.9497001820969408E-007
          16          25  -1.5140008669367865E-007
          16          26   2.2169617814607394E-007
          16          27  -4.6699622128261867E-007
          16          28   6.7119839906416258E-009
          16          29   3.1719736575901056E-009
          16          30   1.5927381364170951E-009
          16          31   4.0405316155546864E-009
          16          32   1.6816753671439511E-009
          16          33   7.0914107179591148E-010
          16          34   8.8976845745745624E-009
          16          35  -8.9529217525266034E-010
          16          36  -1.5871701954207840E-009
          16          37  -1.0283949662333370E-008
          16          38  -6.6010300157855636E-009
          16          39   1.1273599695285843E-008
          16          40   1.3134240516109296E-002
          16          41   3.7520914197502401E-003
          16          42  -2.1351480108656751E-004
          16          43  -2.2296058280019022E-003
          16          44   6.2538118713918942E-003
          16          45  -1.3184449334472544E-002
          16          46  -2.1911825377181138E-003
          16          47  -1.2394251712275820E-002
          16          48  -2.1614816769617469E-003
          16          49  -4.7683387966502349E-003
