           1           1   2.0727051590965666     
           1           2  0.21237292892055704     
           1           3 -0.73890527716389265     
           1           4 -0.92082498892735576     
           1           5  0.25366316690572405     
           1           6   4.9911865405910272E-013
           1           7   1.2389588542486597E-012
           1           8   2.1010223889388791E-012
           1           9  -1.0000664977367852E-012
           1          10  -1.8247085193855453E-012
           1          11  -2.2523115977021325E-012
           1          12   1.8096307223689294E-012
           1          13   3.4679131250545068E-012
           1          14   4.2893137322169797E-012
           1          15  -9.3513381533415530E-013
           1          16  -1.7949110612402559E-012
           1          17  -2.2192082121243990E-012
           1          18  0.38064107634455324     
           1          19   2.9527958331803087E-015
           1          20  0.38064107634455363     
           1          21  -4.7186377104035770E-016
           1          22   5.9314730433848025E-016
           1          23  0.38064107634455130     
           1          24   8.3270008221994637E-002
           1          25  -1.8563677666015046E-015
           1          26   8.3270008221993624E-002
           1          27   1.6389545174284798E-015
           1          28  -1.6074256625956720E-015
           1          29   8.3270008221996608E-002
           1          30  -5.0360336860391984E-013
           1          31  -4.3404877049051115E-013
           1          32  -2.2228920299083513E-013
           1          33  -9.6218587202836860E-013
           1          34  -5.3403964204952125E-013
           1          35  -2.1886344674569233E-015
           1          36  -5.3202075748684133E-013
           1          37  -2.2390488167473468E-013
           1          38  -4.2746651516392759E-013
           1          39  -1.1900204635915552E-012
           2           1  0.21237292892055704     
           2           2   2.1999058870116182     
           2           3  -2.0102153736971387     
           2           4  -3.4110839202006860     
           2           5  0.95742385041770039     
           2           6  -3.5295177250985989E-012
           2           7   1.7836167549252472E-012
           2           8   1.7074186650001419E-011
           2           9   1.1587972381110945E-012
           2          10  -2.2293489762648894E-012
           2          11  -1.1601620060608778E-011
           2          12  -3.0064251090391605E-012
           2          13   4.2868126966481373E-012
           2          14   2.4206587561171936E-011
           2          15   1.5532585803477741E-012
           2          16  -2.2129539474007809E-012
           2          17  -1.2499583562001551E-011
           2          18   1.3197161700999303     
           2          19   5.7896112050348389E-015
           2          20   1.3197161700999274     
           2          21  -3.1759439523205410E-015
           2          22  -9.6804892562523599E-015
           2          23   1.3197161700999245     
           2          24  0.29812596259083834     
           2          25   1.6752922043258624E-015
           2          26  0.29812596259083946     
           2          27   3.2494743226112834E-015
           2          28  -2.8723051086813540E-017
           2          29  0.29812596259084589     
           2          30   8.5452917142128923E-013
           2          31  -5.3853934268859830E-013
           2          32   3.7838396589893241E-013
           2          33  -1.1861440768867588E-012
           2          34  -3.0338693996653141E-012
           2          35  -5.5612476365112790E-015
           2          36  -3.0282411147635841E-012
           2          37   3.8902017194607159E-013
           2          38  -5.3593998424168854E-013
           2          39  -6.7821296801940938E-012
           3           1 -0.73890527716389265     
           3           2  -2.0102153736971387     
           3           3   7.7869211834763110     
           3           4   11.084617381004703     
           3           5  -3.0021791095122978     
           3           6  -6.1021504720090604E-012
           3           7  -1.3000345736753988E-011
           3           8  -1.9707321436296540E-011
           3           9   1.1003118694691822E-011
           3          10   1.9192072322183657E-011
           3          11   2.2418933392786888E-011
           3          12  -2.0181109314453539E-011
           3          13  -3.6525031483619730E-011
           3          14  -4.2837796342643321E-011
           3          15   1.0438319587264370E-011
           3          16   1.8890298961146244E-011
           3          17   2.2163955591107243E-011
           3          18  -4.3966122442563575     
           3          19  -1.3329172321245620E-014
           3          20  -4.3966122442563336     
           3          21   8.9935728893232711E-015
           3          22   2.5144930572361937E-015
           3          23  -4.3966122442563522     
           3          24  -1.0293480839522733     
           3          25  -3.2604641142636849E-015
           3          26  -1.0293480839522944     
           3          27  -1.6125355717711729E-014
           3          28   9.9083562559794645E-015
           3          29  -1.0293480839522826     
           3          30   5.5954697599989464E-012
           3          31   4.5535403279045355E-012
           3          32   2.4945814818076162E-012
           3          33   1.0150691625644092E-011
           3          34   5.3297336529469689E-012
           3          35   6.3430563232992270E-015
           3          36   5.3220198544486221E-012
           3          37   2.5014346094704534E-012
           3          38   4.5344981943248930E-012
           3          39   1.1906599342301633E-011
           4           1 -0.92082498892735576     
           4           2  -3.4110839202006860     
           4           3   11.084617381004703     
           4           4   15.968048964901101     
           4           5  -4.3355243655346660     
           4           6  -3.0499713615773537E-012
           4           7  -2.0285325513393380E-011
           4           8  -3.4440514627639341E-011
           4           9   1.1417667242000110E-011
           4          10   2.9462927375736987E-011
           4          11   3.6886171177780347E-011
           4          12  -1.9951637782684526E-011
           4          13  -5.6067980379508672E-011
           4          14  -7.1152584589679597E-011
           4          15   1.0326092839649324E-011
           4          16   2.8997519418046392E-011
           4          17   3.6805240712691506E-011
           4          18  -6.3216156409708333     
           4          19  -1.9627499947013434E-014
           4          20  -6.3216156409707995     
           4          21   1.3108616621355154E-014
           4          22   6.5973579603678292E-015
           4          23  -6.3216156409708244     
           4          24  -1.4768820263242670     
           4          25  -5.0638505511415286E-015
           4          26  -1.4768820263242957     
           4          27  -2.2647399948475573E-014
           4          28   1.3229354637507200E-014
           4          29  -1.4768820263242817     
           4          30   5.5074289210905137E-012
           4          31   6.9888574257447625E-012
           4          32   2.4539570193765229E-012
           4          33   1.5580058257959499E-011
           4          34   8.8594523383375752E-012
           4          35   1.0206156752601219E-014
           4          36   8.8473682933558881E-012
           4          37   2.4595791205783890E-012
           4          38   6.9628397557910492E-012
           4          39   1.9795166214580109E-011
           5           1  0.25366316690572405     
           5           2  0.95742385041770039     
           5           3  -3.0021791095122978     
           5           4  -4.3355243655346660     
           5           5   1.1778190647469078     
           5           6   1.2094337264414726E-012
           5           7   5.3628582815762186E-012
           5           8   1.0222832444466942E-011
           5           9  -3.4053044614610323E-012
           5          10  -7.7434123928463040E-012
           5          11  -1.0476151180265686E-011
           5          12   6.0405920007517361E-012
           5          13   1.4748841351481460E-011
           5          14   2.0346350085134449E-011
           5          15  -3.1255707353938730E-012
           5          16  -7.6275744060514152E-012
           5          17  -1.0522760994731127E-011
           5          18   1.7157717951832161     
           5          19   5.3660129199301701E-015
           5          20   1.7157717951832074     
           5          21  -3.5666655496715689E-015
           5          22  -1.9653315408479257E-015
           5          23   1.7157717951832137     
           5          24  0.40061997611381400     
           5          25   1.3839782682520227E-015
           5          26  0.40061997611382172     
           5          27   6.1158621613808319E-015
           5          28  -3.5339108276665314E-015
           5          29  0.40061997611381805     
           5          30  -1.6697689403738394E-012
           5          31  -1.8387817971057271E-012
           5          32  -7.4440607517450382E-013
           5          33  -4.0985662588235835E-012
           5          34  -2.5349304648277600E-012
           5          35  -2.8455318269820730E-015
           5          36  -2.5315826153316290E-012
           5          37  -7.4568326485451365E-013
           5          38  -1.8317721675593533E-012
           5          39  -5.6641826786121214E-012
           6           1   4.9911865405910272E-013
           6           2  -3.5295177250985989E-012
           6           3  -6.1021504720090604E-012
           6           4  -3.0499713615773537E-012
           6           5   1.2094337264414726E-012
           6           6   9.2705940516617531     
           6           7  -1.3210586795217680     
           6           8  0.97981083636214872     
           6           9  -7.5620313539018555     
           6          10   1.9848853070831609     
           6          11  -1.4721618070136921     
           6          12   15.398407933565114     
           6          13  -3.7122473674781529     
           6          14   2.7533222061168172     
           6          15  -7.9532501119538299     
           6          16   1.9214726764749288     
           6          17  -1.4251295414558780     
           6          18   1.8330724853639024E-012
           6          19   4.8407998039582377E-014
           6          20   1.8509878017429967E-012
           6          21   5.2445244032230311E-014
           6          22  -5.0800192205591204E-015
           6          23   1.7704720737864023E-012
           6          24   1.0467619877846622E-013
           6          25  -5.4572133907352435E-014
           6          26   8.2699907821341743E-014
           6          27  -1.8408360539034156E-014
           6          28   2.8575614188057849E-014
           6          29   1.5757702572242061E-013
           6          30  -4.3066539641036323     
           6          31  0.46068399325906012     
           6          32  -1.9259942038608933     
           6          33   1.0301207250732964     
           6          34 -0.34168290608937507     
           6          35  -4.2950790561177181E-014
           6          36 -0.34168290608948187     
           6          37  -1.9259942038609741     
           6          38  0.46068399325902992     
           6          39 -0.76402620476561689     
           7           1   1.2389588542486597E-012
           7           2   1.7836167549252472E-012
           7           3  -1.3000345736753988E-011
           7           4  -2.0285325513393380E-011
           7           5   5.3628582815762186E-012
           7           6  -1.3210586795217680     
           7           7   9.2915558010989550     
           7           8  0.97206815332730145     
           7           9   1.9848853070832133     
           7          10  -7.5935262973990572     
           7          11  -1.4605284571623769     
           7          12  -3.7122473674777976     
           7          13   15.457311599520359     
           7          14   2.7315648419977765     
           7          15   1.9214726764747063     
           7          16  -7.9837388626951080     
           7          17  -1.4138678510219356     
           7          18   7.7081427379707913E-012
           7          19  -3.3209772581360651E-014
           7          20   7.7366591682281989E-012
           7          21   4.0504031761923121E-014
           7          22  -8.7092281462252249E-015
           7          23   7.7494568664156745E-012
           7          24   1.9645666291061048E-012
           7          25   2.5119041192584995E-014
           7          26   1.9556685898274260E-012
           7          27  -4.7815605614918616E-015
           7          28   1.8336654853618103E-014
           7          29   1.9700813836602187E-012
           7          30   1.0301207250731605     
           7          31  -1.9333040551083767     
           7          32  0.46068399325904441     
           7          33  -4.3229992883983144     
           7          34 -0.33898285181151999     
           7          35  -9.6970126456225829E-015
           7          36 -0.33898285181154070     
           7          37  0.46068399325900972     
           7          38  -1.9333040551083935     
           7          39 -0.75798869985730988     
           8           1   2.1010223889388791E-012
           8           2   1.7074186650001419E-011
           8           3  -1.9707321436296540E-011
           8           4  -3.4440514627639341E-011
           8           5   1.0222832444466942E-011
           8           6  0.97981083636214872     
           8           7  0.97206815332730145     
           8           8   9.8812057609994817     
           8           9  -1.4721618070133067     
           8          10  -1.4605284571619672     
           8          11  -8.4794729702269365     
           8          12   2.7533222061178222     
           8          13   2.7315648419986172     
           8          14   17.114260337153620     
           8          15  -1.4251295414564928     
           8          16  -1.4138678510223011     
           8          17  -8.8413815277757060     
           8          18   1.2958801400976997E-011
           8          19  -1.0551705606204630E-013
           8          20   1.3138666032773452E-011
           8          21   1.1109946712136406E-013
           8          22   3.0522574556253904E-014
           8          23   1.2919615276898028E-011
           8          24   2.9562108971479238E-012
           8          25   1.5179041403178639E-013
           8          26   2.8055597999056399E-012
           8          27  -2.9748967286034227E-014
           8          28   1.1086052180393166E-013
           8          29   2.9376065821984061E-012
           8          30 -0.76402620476604499     
           8          31 -0.33898285181164284     
           8          32 -0.34168290608949359     
           8          33 -0.75798869985756367     
           8          34  -2.1389287577522138     
           8          35   8.9283017191905895E-014
           8          36  -2.1389287577521636     
           8          37 -0.34168290608956142     
           8          38 -0.33898285181174809     
           8          39  -4.7827901013630356     
           9           1  -1.0000664977367852E-012
           9           2   1.1587972381110945E-012
           9           3   1.1003118694691822E-011
           9           4   1.1417667242000110E-011
           9           5  -3.4053044614610323E-012
           9           6  -7.5620313539018555     
           9           7   1.9848853070832133     
           9           8  -1.4721618070133067     
           9           9   7.3955652633000399     
           9          10  -2.9822821221695190     
           9          11   2.2119171431865485     
           9          12  -14.613709278194229     
           9          13   5.5776366108377990     
           9          14  -4.1368554457879441     
           9          15   7.5535051418678449     
           9          16  -2.8870049019151245     
           9          17   2.1412513549730789     
           9          18  -4.9809665501176931E-012
           9          19  -2.6095486521058549E-014
           9          20  -5.0116956938664966E-012
           9          21  -5.7915424336063137E-014
           9          22   4.7712827064655702E-015
           9          23  -4.9172698886508026E-012
           9          24  -9.3886696549757176E-013
           9          25   2.3424622493262327E-014
           9          26  -8.9686186578361899E-013
           9          27   4.0989756596836962E-015
           9          28  -3.4453553264873414E-014
           9          29  -9.6117379384698127E-013
           9          30   4.0761952226401235     
           9          31 -0.69217583109883507     
           9          32   1.8229299214765760     
           9          33  -1.5477522107194399     
           9          34  0.51337718035626467     
           9          35   2.9571663689004548E-014
           9          36  0.51337718035634605     
           9          37   1.8229299214766623     
           9          38 -0.69217583109881597     
           9          39   1.1479462733738652     
          10           1  -1.8247085193855453E-012
          10           2  -2.2293489762648894E-012
          10           3   1.9192072322183657E-011
          10           4   2.9462927375736987E-011
          10           5  -7.7434123928463040E-012
          10           6   1.9848853070831609     
          10           7  -7.5935262973990572     
          10           8  -1.4605284571619672     
          10           9  -2.9822821221695190     
          10          10   7.4428862881442539     
          10          11   2.1944380822260587     
          10          12   5.5776366108372777     
          10          13  -14.702211797346752     
          10          14  -4.1041650944587511     
          10          15  -2.8870049019148167     
          10          16   7.5993143661777163     
          10          17   2.1243307107795792     
          10          18  -1.1247248291585729E-011
          10          19   5.0764869876406704E-014
          10          20  -1.1304886573866005E-011
          10          21  -5.5764678223108725E-014
          10          22   1.1550225031820472E-014
          10          23  -1.1299920747587614E-011
          10          24  -2.8744972572931460E-012
          10          25  -4.0887719848895458E-014
          10          26  -2.8525414812759586E-012
          10          27   6.0325892686154495E-015
          10          28  -3.1086325948737302E-014
          10          29  -2.8837794772797810E-012
          10          30  -1.5477522107192230     
          10          31   1.8339129433231738     
          10          32 -0.69217583109882019     
          10          33   4.1007540060873113     
          10          34  0.50932035975664924     
          10          35   3.8019714011651660E-015
          10          36  0.50932035975667289     
          10          37 -0.69217583109877934     
          10          38   1.8339129433232029     
          10          39   1.1388749467405286     
          11           1  -2.2523115977021325E-012
          11           2  -1.1601620060608778E-011
          11           3   2.2418933392786888E-011
          11           4   3.6886171177780347E-011
          11           5  -1.0476151180265686E-011
          11           6  -1.4721618070136921     
          11           7  -1.4605284571623769     
          11           8  -8.4794729702269365     
          11           9   2.2119171431865485     
          11          10   2.1944380822260587     
          11          11   8.7740175702127541     
          11          12  -4.1368554457904771     
          11          13  -4.1041650944611039     
          11          14  -17.191770554207231     
          11          15   2.1412513549744969     
          11          16   2.1243307107807459     
          11          17   8.8879189914228931     
          11          18  -1.3935977994190472E-011
          11          19   1.1180250771095302E-013
          11          20  -1.4128380909714789E-011
          11          21  -1.4468389097672748E-013
          11          22  -8.5728325631694645E-015
          11          23  -1.3914316554759212E-011
          11          24  -3.3595285430198149E-012
          11          25  -1.4295549926789059E-013
          11          26  -3.2050703240321777E-012
          11          27   1.2635696392533208E-014
          11          28  -1.1820360316278843E-013
          11          29  -3.3413511015075455E-012
          11          30   1.1479462733747685     
          11          31  0.50932035975699741     
          11          32  0.51337718035653279     
          11          33   1.1388749467412129     
          11          34   2.1428632249263679     
          11          35  -5.4811953742129269E-014
          11          36   2.1428632249263715     
          11          37  0.51337718035664948     
          11          38  0.50932035975708878     
          11          39   4.7915878374197645     
          12           1   1.8096307223689294E-012
          12           2  -3.0064251090391605E-012
          12           3  -2.0181109314453539E-011
          12           4  -1.9951637782684526E-011
          12           5   6.0405920007517361E-012
          12           6   15.398407933565114     
          12           7  -3.7122473674777976     
          12           8   2.7533222061178222     
          12           9  -14.613709278194229     
          12          10   5.5776366108372777     
          12          11  -4.1368554457904771     
          12          12   29.011858440546906     
          12          13  -10.431618769831045     
          12          14   7.7369864563289230     
          12          15  -14.993859282809979     
          12          16   5.3994436397835583     
          12          17  -4.0046921992139293     
          12          18   8.8551496849732970E-012
          12          19   5.8001344759013289E-014
          12          20   8.9118695568316893E-012
          12          21   1.1243460311105572E-013
          12          22  -9.4877514401771972E-015
          12          23   8.7300340086110362E-012
          12          24   1.5968877904797720E-012
          12          25  -5.5359008566656016E-014
          12          26   1.5200992649462582E-012
          12          27  -1.2311659569405280E-014
          12          28   6.6109369731588911E-014
          12          29   1.6498814942345268E-012
          12          30  -8.0956960364833410     
          12          31   1.2945472958356545     
          12          32  -3.6205053325503531     
          12          33   2.8946957535771021     
          12          34 -0.96014771206205229     
          12          35  -6.2200469254204823E-014
          12          36 -0.96014771206222005     
          12          37  -3.6205053325505223     
          12          38   1.2945472958356137     
          12          39  -2.1469555526118191     
          13           1   3.4679131250545068E-012
          13           2   4.2868126966481373E-012
          13           3  -3.6525031483619730E-011
          13           4  -5.6067980379508672E-011
          13           5   1.4748841351481460E-011
          13           6  -3.7122473674781529     
          13           7   15.457311599520359     
          13           8   2.7315648419986172     
          13           9   5.5776366108377990     
          13          10  -14.702211797346752     
          13          11  -4.1041650944611039     
          13          12  -10.431618769831045     
          13          13   29.177380973546509     
          13          14   7.6758470694677898     
          13          15   5.3994436397834837     
          13          16  -15.079534345114695     
          13          17  -3.9730462312379902     
          13          18   2.1406642168213004E-011
          13          19  -9.4772377041825485E-014
          13          20   2.1511523808056409E-011
          13          21   1.0529847221770844E-013
          13          22  -2.1904644050772757E-014
          13          23   2.1507007122656386E-011
          13          24   5.4635730880866226E-012
          13          25   7.5850153242489573E-014
          13          26   5.4242032324006594E-012
          13          27  -1.1509589641237650E-014
          13          28   5.7442292763174720E-014
          13          29   5.4807367757085122E-012
          13          30   2.8946957535769706     
          13          31  -3.6410464156002753     
          13          32   1.2945472958357467     
          13          33  -8.1416272945141230     
          13          34 -0.95256041140663006     
          13          35  -9.2338765419763205E-015
          13          36 -0.95256041140667580     
          13          37   1.2945472958356681     
          13          38  -3.6410464156003290     
          13          39  -2.1299898325804163     
          14           1   4.2893137322169797E-012
          14           2   2.4206587561171936E-011
          14           3  -4.2837796342643321E-011
          14           4  -7.1152584589679597E-011
          14           5   2.0346350085134449E-011
          14           6   2.7533222061168172     
          14           7   2.7315648419977765     
          14           8   17.114260337153620     
          14           9  -4.1368554457879441     
          14          10  -4.1041650944587511     
          14          11  -17.191770554207231     
          14          12   7.7369864563289230     
          14          13   7.6758470694677898     
          14          14   33.833497832454739     
          14          15  -4.0046921992141362     
          14          16  -3.9730462312378840     
          14          17  -17.489557287347871     
          14          18   2.6854217373498488E-011
          14          19  -2.1831511780001869E-013
          14          20   2.7229409693410360E-011
          14          21   2.7498203383979634E-013
          14          22   2.3385784890104816E-014
          14          23   2.6806366648456310E-011
          14          24   6.4270945866715738E-012
          14          25   2.8414563044433972E-013
          14          26   6.1240415769360404E-012
          14          27  -2.9954070006340069E-014
          14          28   2.3060771930138086E-013
          14          29   6.3911705349359098E-012
          14          30  -2.1469555526121984     
          14          31 -0.95256041140672953     
          14          32 -0.96014771206197291     
          14          33  -2.1299898325804736     
          14          34  -4.2188631113392079     
          14          35   1.1815602607438001E-013
          14          36  -4.2188631113391990     
          14          37 -0.96014771206218807     
          14          38 -0.95256041140691350     
          14          39  -9.4336647047206785     
          15           1  -9.3513381533415530E-013
          15           2   1.5532585803477741E-012
          15           3   1.0438319587264370E-011
          15           4   1.0326092839649324E-011
          15           5  -3.1255707353938730E-012
          15           6  -7.9532501119538299     
          15           7   1.9214726764747063     
          15           8  -1.4251295414564928     
          15           9   7.5535051418678449     
          15          10  -2.8870049019148167     
          15          11   2.1412513549744969     
          15          12  -14.993859282809979     
          15          13   5.3994436397834837     
          15          14  -4.0046921992141362     
          15          15   7.7491229570532667     
          15          16  -2.7947715750036850     
          15          17   2.0728431800894338     
          15          18  -4.5818784522489383E-012
          15          19  -2.9897025439882027E-014
          15          20  -4.6112470528272727E-012
          15          21  -5.8140727929229698E-014
          15          22   4.9032447373370362E-015
          15          23  -4.5171992904048404E-012
          15          24  -8.2691598311131862E-013
          15          25   2.8497442355055816E-014
          15          26  -7.8714594157210031E-013
          15          27   6.3095753970503665E-015
          15          28  -3.4195775424820586E-014
          15          29  -8.5419286009210496E-013
          15          30   4.1839600097541743     
          15          31 -0.67006236684126264     
          15          32   1.8711237993901413     
          15          33  -1.4983050014214896     
          15          34  0.49697593168757309     
          15          35   3.2101721137819986E-014
          15          36  0.49697593168765991     
          15          37   1.8711237993902285     
          15          38 -0.67006236684124165     
          15          39   1.1112719664347959     
          16           1  -1.7949110612402559E-012
          16           2  -2.2129539474007809E-012
          16           3   1.8890298961146244E-011
          16           4   2.8997519418046392E-011
          16           5  -7.6275744060514152E-012
          16           6   1.9214726764749288     
          16           7  -7.9837388626951080     
          16           8  -1.4138678510223011     
          16           9  -2.8870049019151245     
          16          10   7.5993143661777163     
          16          11   2.1243307107807459     
          16          12   5.3994436397835583     
          16          13  -15.079534345114695     
          16          14  -3.9730462312378840     
          16          15  -2.7947715750036850     
          16          16   7.7934686794627579     
          16          17   2.0564631125002926     
          16          18  -1.1071060943044032E-011
          16          19   4.9056844154515159E-014
          16          20  -1.1125387605791887E-011
          16          21  -5.4489256188160105E-014
          16          22   1.1333818430935382E-014
          16          23  -1.1122985071819889E-011
          16          24  -2.8258413171327635E-012
          16          25  -3.9268725685862589E-014
          16          26  -2.8054403820707246E-012
          16          27   5.9543263394667976E-015
          16          28  -2.9741790722003550E-014
          16          29  -2.8347279675605561E-012
          16          30  -1.4983050014214425     
          16          31   1.8817559383395408     
          16          32 -0.67006236684131992     
          16          33   4.2077341951910920     
          16          34  0.49304871740076561     
          16          35   4.7507013444544035E-015
          16          36  0.49304871740078932     
          16          37 -0.67006236684127940     
          16          38   1.8817559383395683     
          16          39   1.1024904483272084     
          17           1  -2.2192082121243990E-012
          17           2  -1.2499583562001551E-011
          17           3   2.2163955591107243E-011
          17           4   3.6805240712691506E-011
          17           5  -1.0522760994731127E-011
          17           6  -1.4251295414558780     
          17           7  -1.4138678510219356     
          17           8  -8.8413815277757060     
          17           9   2.1412513549730789     
          17          10   2.1243307107795792     
          17          11   8.8879189914228931     
          17          12  -4.0046921992139293     
          17          13  -3.9730462312379902     
          17          14  -17.489557287347871     
          17          15   2.0728431800894338     
          17          16   2.0564631125002926     
          17          17   9.0409052791215085     
          17          18  -1.3891345642510322E-011
          17          19   1.1287574978051344E-013
          17          20  -1.4085338439628285E-011
          17          21  -1.4227223265775175E-013
          17          22  -1.2004883020533501E-014
          17          23  -1.3866677426325869E-011
          17          24  -3.3252355424304225E-012
          17          25  -1.4684727601807543E-013
          17          26  -3.1685664106005648E-012
          17          27   1.5418620277357254E-014
          17          28  -1.1923409400909239E-013
          17          29  -3.3066672570014265E-012
          17          30   1.1112719664349346     
          17          31  0.49304871740083051     
          17          32  0.49697593168750615     
          17          33   1.1024904483272682     
          17          34   2.1808359518645282     
          17          35  -6.0945890970239998E-014
          17          36   2.1808359518645233     
          17          37  0.49697593168761761     
          17          38  0.49304871740092543     
          17          39   4.8764974361445157     
          18           1  0.38064107634455324     
          18           2   1.3197161700999303     
          18           3  -4.3966122442563575     
          18           4  -6.3216156409708333     
          18           5   1.7157717951832161     
          18           6   1.8330724853639024E-012
          18           7   7.7081427379707913E-012
          18           8   1.2958801400976997E-011
          18           9  -4.9809665501176931E-012
          18          10  -1.1247248291585729E-011
          18          11  -1.3935977994190472E-011
          18          12   8.8551496849732970E-012
          18          13   2.1406642168213004E-011
          18          14   2.6854217373498488E-011
          18          15  -4.5818784522489383E-012
          18          16  -1.1071060943044032E-011
          18          17  -1.3891345642510322E-011
          18          18   2.5034484822030496     
          18          19   7.7517066611748321E-015
          18          20   2.5034484822030363     
          18          21  -5.1794078272415844E-015
          18          22  -2.4305943498629117E-015
          18          23   2.5034484822030461     
          18          24  0.58503357313272608     
          18          25   1.9748276027807053E-015
          18          26  0.58503357313273752     
          18          27   9.0019085273756016E-015
          18          28  -5.3028765870074070E-015
          18          29  0.58503357313273185     
          18          30  -2.4483097326169573E-012
          18          31  -2.6686351141778493E-012
          18          32  -1.0911993966385940E-012
          18          33  -5.9485639792338805E-012
          18          34  -3.3434762041010969E-012
          18          35  -3.9826912372616830E-015
          18          36  -3.3387453321057341E-012
          18          37  -1.0936836959346459E-012
          18          38  -2.6582316172065214E-012
          18          39  -7.4701773485266702E-012
          19           1   2.9527958331803087E-015
          19           2   5.7896112050348389E-015
          19           3  -1.3329172321245620E-014
          19           4  -1.9627499947013434E-014
          19           5   5.3660129199301701E-015
          19           6   4.8407998039582377E-014
          19           7  -3.3209772581360651E-014
          19           8  -1.0551705606204630E-013
          19           9  -2.6095486521058549E-014
          19          10   5.0764869876406704E-014
          19          11   1.1180250771095302E-013
          19          12   5.8001344759013289E-014
          19          13  -9.4772377041825485E-014
          19          14  -2.1831511780001869E-013
          19          15  -2.9897025439882027E-014
          19          16   4.9056844154515159E-014
          19          17   1.1287574978051344E-013
          19          18   7.7517066611748321E-015
          19          19   1.9758736385047466E-027
          19          20   7.7517066611721989E-015
          19          21  -1.7560094545299887E-027
          19          22  -9.3192637075850165E-029
          19          23   7.7517066611745544E-015
          19          24   1.7949680719955432E-015
          19          25  -2.3588797710914501E-027
          19          26   1.7949680719975540E-015
          19          27   1.7013859014670047E-029
          19          28  -1.4710510236445995E-027
          19          29   1.7949680719961900E-015
          19          30  -1.6341869288481335E-014
          19          31   1.1759047526496118E-014
          19          32  -7.3083061216944051E-015
          19          33   2.6294029619894663E-014
          19          34   2.7203225018956381E-014
          19          35  -9.7974646781557348E-028
          19          36   2.7203225018955848E-014
          19          37  -7.3083061216932250E-015
          19          38   1.1759047526497165E-014
          19          39   6.0828260349608804E-014
          20           1  0.38064107634455363     
          20           2   1.3197161700999274     
          20           3  -4.3966122442563336     
          20           4  -6.3216156409707995     
          20           5   1.7157717951832074     
          20           6   1.8509878017429967E-012
          20           7   7.7366591682281989E-012
          20           8   1.3138666032773452E-011
          20           9  -5.0116956938664966E-012
          20          10  -1.1304886573866005E-011
          20          11  -1.4128380909714789E-011
          20          12   8.9118695568316893E-012
          20          13   2.1511523808056409E-011
          20          14   2.7229409693410360E-011
          20          15  -4.6112470528272727E-012
          20          16  -1.1125387605791887E-011
          20          17  -1.4085338439628285E-011
          20          18   2.5034484822030363     
          20          19   7.7517066611721989E-015
          20          20   2.5034484822030234     
          20          21  -5.1794078272382870E-015
          20          22  -2.4305943498628233E-015
          20          23   2.5034484822030327     
          20          24  0.58503357313272308     
          20          25   1.9748276027838864E-015
          20          26  0.58503357313273452     
          20          27   9.0019085273753160E-015
          20          28  -5.3028765870047517E-015
          20          29  0.58503357313272875     
          20          30  -2.4640288898360535E-012
          20          31  -2.6816157321095612E-012
          20          32  -1.0982292174567714E-012
          20          33  -5.9775895233191394E-012
          20          34  -3.3902212967984003E-012
          20          35  -3.9826912372605296E-015
          20          36  -3.3854904248030379E-012
          20          37  -1.1007135167528256E-012
          20          38  -2.6712122351382353E-012
          20          39  -7.5747025534123719E-012
          21           1  -4.7186377104035770E-016
          21           2  -3.1759439523205410E-015
          21           3   8.9935728893232711E-015
          21           4   1.3108616621355154E-014
