           1           1   2.1475168229482624     
           1           2 -0.56510161501494016     
           1           3  -1.5417241325460521E-002
           1           4   8.5796574425783007E-002
           1           5   5.4613123430706671E-002
           1           6   5.0579588961949742E-013
           1           7  -1.6615254808034849E-011
           1           8  -1.5577011479602469E-013
           1           9  -6.7191069131888832E-013
           1          10  -4.6237788851936832E-012
           1          11  -1.6734056697743659E-014
           1          12   1.2729789171462231E-012
           1          13  -7.4849240488875369E-013
           1          14  -9.8051943890638135E-013
           1          15   1.2415041655761854E-013
           1          16  -1.6817686849773444E-012
           1          17  -9.3879957082854771E-013
           1          18   6.7392740026485398E-004
           1          19  -4.7275762918434940E-007
           1          20   6.9500410160381839E-004
           1          21   1.2630171128272596E-005
           1          22   2.4524958500276597E-007
           1          23   6.8933782613610857E-004
           1          24  -7.3082398444037472E-004
           1          25  -2.9563137859016847E-006
           1          26  -5.9902352054376452E-004
           1          27   7.8980885914859029E-005
           1          28   1.5336365208793739E-006
           1          29  -6.3445715480992307E-004
           1          30  -3.0935569558626028E-013
           1          31  -4.4513916143459630E-013
           1          32  -2.3562620778358756E-013
           1          33  -6.5248053267306818E-013
           1          34   6.1628686215232748E-015
           1          35  -1.5272708873954573E-014
           1          36   6.1068519467136475E-014
           1          37  -1.0399198058023883E-013
           1          38  -4.3989785034364204E-013
           1          39   1.9458085594021016E-013
           2           1 -0.56510161501494016     
           2           2   2.1725743408782412     
           2           3   4.4683237890016103E-002
           2           4 -0.36228809800775075     
           2           5 -0.23041597836753769     
           2           6  -9.7595609012636547E-013
           2           7  -1.6468258677230108E-010
           2           8  -5.0434473538754647E-012
           2           9   2.3318477439692518E-012
           2          10  -1.6831805086278912E-011
           2          11  -3.0142787597632252E-013
           2          12  -4.2652951128453911E-012
           2          13   2.8351192446837216E-012
           2          14   4.5678845344150718E-012
           2          15  -2.7660965412630867E-013
           2          16   4.2217157444157839E-012
           2          17   4.6372624545831309E-012
           2          18   9.3660396432869789E-005
           2          19  -9.5855205321867685E-006
           2          20   5.2100963917782591E-004
           2          21   2.5608680159520253E-004
           2          22   4.9726459737519123E-006
           2          23   4.0611986614230060E-004
           2          24   3.3263069400248689E-003
           2          25   4.6095693200637854E-007
           2          26   3.3057566571567196E-003
           2          27  -1.2314996734451300E-005
           2          28  -2.3913504808422900E-007
           2          29   3.3112817520520666E-003
           2          30   7.7983477651205763E-013
           2          31   9.7174127883950501E-013
           2          32   7.3709551061037414E-013
           2          33   9.3365367763028558E-013
           2          34   9.2590980140075128E-014
           2          35   1.0520074803026236E-013
           2          36  -1.4528194314534516E-013
           2          37   1.9760207519960331E-013
           2          38   9.8951983824116243E-013
           2          39  -5.6540714887782740E-013
           3           1  -1.5417241325460521E-002
           3           2   4.4683237890016103E-002
           3           3   2.5277028539935027E-002
           3           4  0.11477982586040320     
           3           5   7.7267808669349444E-002
           3           6  -1.9990647641812120E-012
           3           7   3.1323804092410318E-010
           3           8   3.4530853864467434E-012
           3           9   3.7501916371581785E-014
           3          10   4.1031480907831731E-011
           3          11   4.5915618111167197E-013
           3          12   1.7047593718878530E-012
           3          13  -3.6876396215846945E-011
           3          14  -4.3850333279955234E-013
           3          15   1.2393575564222859E-012
           3          16  -3.1468485577247726E-011
           3          17  -6.3510820263436727E-013
           3          18   1.6713080907633229E-003
           3          19   2.1350993058638011E-005
           3          20   7.1942234009944464E-004
           3          21  -5.7041303139263012E-004
           3          22  -1.1076170537840048E-005
           3          23   9.7532971873926519E-004
           3          24   1.1392600790297981E-003
           3          25  -3.8084323485799125E-006
           3          26   1.3090502252036296E-003
           3          27   1.0174609343565223E-004
           3          28   1.9756875251982455E-006
           3          29   1.2634033074095357E-003
           3          30   2.8063625950776437E-013
           3          31   1.2841004240674122E-012
           3          32  -1.0139862491364623E-013
           3          33   2.4396495311797401E-012
           3          34  -7.8151668914196770E-014
           3          35  -2.9631062094619137E-013
           3          36   3.9453758734510058E-014
           3          37   1.9388641718961712E-013
           3          38   9.5069298294661283E-013
           3          39   6.8921727170281467E-014
           4           1   8.5796574425783007E-002
           4           2 -0.36228809800775075     
           4           3  0.11477982586040320     
           4           4  0.67589107035764995     
           4           5  0.44895924099815371     
           4           6   7.1446678774730039E-012
           4           7  -9.3028082947903420E-010
           4           8  -2.0614553919344461E-011
           4           9   1.0209850346749307E-012
           4          10  -1.4382050644873136E-010
           4          11  -3.9402638740968410E-012
           4          12   3.9861556731850740E-012
           4          13  -2.7725243997074642E-011
           4          14  -3.5643416063608257E-012
           4          15   1.7441833413032353E-012
           4          16  -2.5321213955876922E-011
           4          17  -6.4364249920156539E-012
           4          18   7.6048694623676531E-003
           4          19   6.8044569296768595E-005
           4          20   4.5712559480175609E-003
           4          21  -1.8178783923642802E-003
           4          22  -3.5299218521929503E-005
           4          23   5.3868205163278143E-003
           4          24   3.7366383636270612E-003
           4          25  -9.0286015319307206E-005
           4          26   7.7618351003828964E-003
           4          27   2.4120810378142725E-003
           4          28   4.6837327497116976E-005
           4          29   6.6796906068168072E-003
           4          30   1.4612187697389477E-012
           4          31  -2.2631174984281916E-012
           4          32  -9.1006362802765990E-013
           4          33  -1.5664767324160895E-012
           4          34  -6.5182345456564946E-013
           4          35  -2.4785876088893228E-013
           4          36   5.8543737699592015E-014
           4          37   1.0106552965740857E-012
           4          38  -2.4012531493677593E-012
           4          39  -3.0930522154295786E-014
           5           1   5.4613123430706671E-002
           5           2 -0.23041597836753769     
           5           3   7.7267808669349444E-002
           5           4  0.44895924099815371     
           5           5  0.30114231087977211     
           5           6   6.0901800887862314E-012
           5           7  -2.0993068914708793E-010
           5           8   7.3418616346743120E-012
           5           9  -5.0504916471771068E-014
           5          10  -1.4728218485554033E-011
           5          11  -1.2858352852919312E-012
           5          12  -2.0589665911787070E-012
           5          13   1.1726557019638784E-010
           5          14  -1.2411454364421771E-011
           5          15  -4.3772066946026604E-012
           5          16   1.0973586818505254E-010
           5          17  -1.2363422160114355E-011
           5          18   6.0229096166847318E-003
           5          19   9.5388790883544326E-005
           5          20   1.7702160155379032E-003
           5          21  -2.5484065269163773E-003
           5          22  -4.9484465367695662E-005
           5          23   2.9135208682957345E-003
           5          24   3.8248210193551806E-003
           5          25   2.4441212056185591E-005
           5          26   2.7351640966268732E-003
           5          27  -6.5297123054893109E-004
           5          28  -1.2679260512258120E-005
           5          29   3.0281097115914301E-003
           5          30   8.9799734188554630E-013
           5          31  -2.6962149563888073E-012
           5          32  -4.7835666953088444E-013
           5          33  -1.8410545910050320E-012
           5          34  -4.0050251273504823E-013
           5          35   5.2278423741642209E-013
           5          36   1.4132109157505454E-013
           5          37   6.0015937190362041E-013
           5          38  -1.9432610240046777E-012
           5          39   2.0787707035028807E-013
           6           1   5.0579588961949742E-013
           6           2  -9.7595609012636547E-013
           6           3  -1.9990647641812120E-012
           6           4   7.1446678774730039E-012
           6           5   6.0901800887862314E-012
           6           6   1.6992032446653913     
           6           7  -7.6479758567138487E-004
           6           8   2.0432168659190394E-002
           6           9  0.24733566438592219     
           6          10   3.0394273479932878E-004
           6          11  -8.1201579241326448E-003
           6          12  -2.6056789367203029E-002
           6          13   1.6306872630275572E-003
           6          14  -4.3565434275831511E-002
           6          15  -2.2435333223490915E-002
           6          16   1.5922905139088522E-003
           6          17  -4.2539628873037812E-002
           6          18  -6.0789610422311887E-012
           6          19   7.9313397110365909E-012
           6          20  -1.8469403343375920E-011
           6          21  -2.5292396471084755E-012
           6          22   3.2359852696785976E-012
           6          23   4.4770850578495266E-012
           6          24   2.7441521092543644E-012
           6          25  -1.1526298554929131E-011
           6          26   9.0296767260295475E-012
           6          27  -6.8669546512994614E-013
           6          28  -6.5050885682069170E-012
           6          29  -1.3271158093402604E-011
           6          30   6.2274095333415495E-003
           6          31   1.8209129507687609E-005
           6          32   2.2371480686424576E-003
           6          33   2.1186614616905645E-005
           6          34  -4.8647591365175841E-004
           6          35   8.6486159230770240E-006
           6          36  -2.5288083192436412E-004
           6          37   2.0373279081479239E-003
           6          38  -6.4061700516152581E-007
           6          39  -3.6478130626578839E-004
           7           1  -1.6615254808034849E-011
           7           2  -1.6468258677230108E-010
           7           3   3.1323804092410318E-010
           7           4  -9.3028082947903420E-010
           7           5  -2.0993068914708793E-010
           7           6  -7.6479758567138487E-004
           7           7   1.7385744982618214     
           7           8   3.9675090600615537E-004
           7           9   3.0394276229864974E-004
           7          10  0.23168873500024900     
           7          11  -1.5767512919234505E-004
           7          12   1.6306871062709109E-003
           7          13 -0.11000409095048529     
           7          14  -8.4594519014364548E-004
           7          15   1.5922905813032023E-003
           7          16 -0.10440598767037519     
           7          17  -8.2602624703955504E-004
           7          18   2.2065029359251730E-010
           7          19  -3.7477149761938097E-011
           7          20   3.3980431258747847E-010
           7          21   4.2296352618343799E-012
           7          22   1.6949933728615432E-011
           7          23   2.7697905469855862E-010
           7          24   1.8079148145044508E-010
           7          25   6.7027306528704181E-011
           7          26   1.7065451886408017E-010
           7          27   1.3649603845775545E-011
           7          28  -2.8310035941477311E-013
           7          29   1.5748358211192655E-010
           7          30  -6.8321644646359661E-006
           7          31   2.9417877122884283E-003
           7          32   5.5800373585428022E-005
           7          33   3.9128197884754313E-003
           7          34   1.4590645006295710E-005
           7          35  -7.1425338106312504E-004
           7          36  -2.8947223906245991E-005
           7          37  -6.4057864782015786E-007
           7          38   2.0703051534512085E-003
           7          39  -7.0831638501146689E-006
           8           1  -1.5577011479602469E-013
           8           2  -5.0434473538754647E-012
           8           3   3.4530853864467434E-012
           8           4  -2.0614553919344461E-011
           8           5   7.3418616346743120E-012
           8           6   2.0432168659190394E-002
           8           7   3.9675090600615537E-004
           8           8   1.7279898375519185     
           8           9  -8.1201579515283000E-003
           8          10  -1.5767519431973500E-004
           8          11  0.23589529477674592     
           8          12  -4.3565434214374907E-002
           8          13  -8.4594507657125484E-004
           8          14  -8.7435490456908585E-002
           8          15  -4.2539629293660154E-002
           8          16  -8.2602621549626503E-004
           8          17  -8.2368791656900670E-002
           8          18  -1.8784508979541065E-012
           8          19   9.7169653239367014E-012
           8          20  -2.0190697647274680E-011
           8          21  -4.5806115749947803E-012
           8          22   9.0334920087452164E-012
           8          23   2.1844937937197142E-011
           8          24   1.4117466939658306E-011
           8          25  -1.8364851717309579E-011
           8          26   2.2888688542593798E-011
           8          27  -2.5244239994197588E-012
           8          28  -1.3257058788180839E-011
           8          29  -1.9999005696687891E-011
           8          30   1.8252709220499953E-004
           8          31   1.4590645407683150E-005
           8          32  -2.5288084443336062E-004
           8          33  -1.0990920156873814E-005
           8          34   2.5525304745298823E-003
           8          35   1.5065532916434871E-005
           8          36   1.8808680444541957E-003
           8          37  -1.2207670230861890E-003
           8          38  -2.3704611553719780E-005
           8          39   4.8186066745577842E-003
           9           1  -6.7191069131888832E-013
           9           2   2.3318477439692518E-012
           9           3   3.7501916371581785E-014
           9           4   1.0209850346749307E-012
           9           5  -5.0504916471771068E-014
           9           6  0.24733566438592219     
           9           7   3.0394276229864974E-004
           9           8  -8.1201579515283000E-003
           9           9   3.7563927972898051E-002
           9          10  -6.3439081395944692E-006
           9          11   1.6948035634525751E-004
           9          12   6.4493131844695472E-003
           9          13  -5.0161559084920297E-004
           9          14   1.3401161984236494E-002
           9          15   6.1547096157079295E-003
           9          16  -4.4707335922472953E-004
           9          17   1.1944011231822368E-002
           9          18  -7.5209093315131181E-013
           9          19   1.2302270031416023E-012
           9          20  -2.9916753333405116E-012
           9          21  -3.8778302220511405E-013
           9          22   4.3751698970341535E-013
           9          23   8.3758055246842445E-013
           9          24   1.1382332936116522E-012
           9          25  -1.5974522968362245E-012
           9          26   7.1163625739181201E-013
           9          27  -6.0536188851359759E-014
           9          28  -9.1818463868121501E-013
           9          29  -1.6487461386664899E-012
           9          30   5.6934838169563073E-004
           9          31   1.1376096412139595E-005
           9          32   2.4856593387019788E-004
           9          33   1.6853413858757739E-005
           9          34  -3.0392390689944562E-004
           9          35  -4.3846932726591414E-006
           9          36  -2.0143313016094549E-004
           9          37   3.4987128405499174E-004
           9          38   1.0441976941266405E-005
           9          39  -5.0804705193195816E-004
          10           1  -4.6237788851936832E-012
          10           2  -1.6831805086278912E-011
          10           3   4.1031480907831731E-011
          10           4  -1.4382050644873136E-010
          10           5  -1.4728218485554033E-011
          10           6   3.0394273479932878E-004
          10           7  0.23168873500024900     
          10           8  -1.5767519431973500E-004
          10           9  -6.3439081395944692E-006
          10          10   3.7890504013840157E-002
          10          11   3.2910046519607687E-006
          10          12  -5.0161562923010201E-004
          10          13   3.2272339615858750E-002
          10          14   2.6022110016216848E-004
          10          15  -4.4707339494949068E-004
          10          16   2.9169917476498927E-002
          10          17   2.3192648187075478E-004
          10          18   3.1371825517177899E-011
          10          19  -5.6952258064303330E-012
          10          20   5.0596142533555781E-011
          10          21   5.0917566336332006E-013
          10          22   3.0971682713564609E-012
          10          23   3.9345675334977403E-011
          10          24   2.1417613509696183E-011
          10          25   9.0518883761287679E-012
          10          26   2.3334538679855762E-011
          10          27   6.9901755122035210E-013
          10          28   5.0544317752492876E-013
          10          29   1.6135638872595004E-011
          10          30   2.4899633534296326E-005
          10          31  -3.1848985299018123E-004
          10          32   5.8098270252895785E-007
          10          33  -3.1211160906021536E-004
          10          34  -9.5115309967997233E-006
          10          35   1.0721055548768393E-004
          10          36  -3.0137960540846312E-007
          10          37   1.0441984255710399E-005
          10          38  -1.8767889055665814E-004
          10          39  -9.8651479379121591E-006
          11           1  -1.6734056697743659E-014
          11           2  -3.0142787597632252E-013
          11           3   4.5915618111167197E-013
          11           4  -3.9402638740968410E-012
          11           5  -1.2858352852919312E-012
          11           6  -8.1201579241326448E-003
          11           7  -1.5767512919234505E-004
          11           8  0.23589529477674592     
          11           9   1.6948035634525751E-004
          11          10   3.2910046519607687E-006
          11          11   3.7802706638393239E-002
          11          12   1.3401161990177558E-002
          11          13   2.6022111103563396E-004
          11          14   2.5330013568343163E-002
          11          15   1.1944011353520701E-002
          11          16   2.3192646769779941E-004
          11          17   2.2982451666309418E-002
          11          18  -2.9976353197449960E-013
          11          19   1.5230094303002566E-012
          11          20  -3.1513300305143294E-012
          11          21  -3.5994694468506796E-013
          11          22   1.2886649481936103E-012
          11          23   3.6760131821912696E-012
          11          24   2.9490356541400810E-012
          11          25  -2.5610231345626640E-012
          11          26   2.7166613909140121E-012
          11          27   2.2985300489386525E-013
          11          28  -1.8455240171677769E-012
          11          29  -2.2724093596391155E-012
          11          30  -6.6521855201721782E-004
          11          31  -9.5115316067145773E-006
          11          32  -2.0143313092732478E-004
          11          33  -8.7429821598093605E-006
          11          34  -6.4735818056885751E-005
          11          35  -6.6181536549596691E-007
          11          36  -3.5230237258074488E-005
          11          37  -9.3056263525568363E-005
          11          38  -1.8069479172388155E-006
          11          39  -1.5655863075621245E-004
          12           1   1.2729789171462231E-012
          12           2  -4.2652951128453911E-012
          12           3   1.7047593718878530E-012
          12           4   3.9861556731850740E-012
          12           5  -2.0589665911787070E-012
          12           6  -2.6056789367203029E-002
          12           7   1.6306871062709109E-003
          12           8  -4.3565434214374907E-002
          12           9   6.4493131844695472E-003
          12          10  -5.0161562923010201E-004
          12          11   1.3401161990177558E-002
          12          12   6.8772489874729656E-002
          12          13  -4.9544008056475655E-003
          12          14  0.13236176142359266     
          12          15   6.3068858637561259E-002
          12          16  -4.5442168870353881E-003
          12          17  0.12140328672488584     
          12          18   1.0844774166621389E-012
          12          19   4.5240079981869546E-013
          12          20  -1.9564805324197092E-012
          12          21  -3.9681803678565280E-013
          12          22  -2.7064627498356275E-013
          12          23   9.9806133998374434E-013
          12          24   4.7873470716923532E-012
          12          25   7.7116171902474725E-013
          12          26  -5.0281898156263640E-012
          12          27  -3.5656748988675890E-014
          12          28   2.4826099108550056E-013
          12          29   1.4062182895850584E-012
          12          30  -2.4391666708261000E-003
          12          31   5.8436383240627459E-005
          12          32  -5.8301278094588494E-004
          12          33   9.3354746348452876E-005
          12          34  -1.5611864057886880E-003
          12          35  -3.7685509455255091E-005
          12          36  -1.1161126036386200E-003
          12          37   2.8768501435629646E-004
          12          38   7.1102884203706670E-005
          12          39  -3.0780304243449596E-003
          13           1  -7.4849240488875369E-013
          13           2   2.8351192446837216E-012
          13           3  -3.6876396215846945E-011
          13           4  -2.7725243997074642E-011
          13           5   1.1726557019638784E-010
          13           6   1.6306872630275572E-003
          13           7 -0.11000409095048529     
          13           8  -8.4594507657125484E-004
          13           9  -5.0161559084920297E-004
          13          10   3.2272339615858750E-002
          13          11   2.6022111103563396E-004
          13          12  -4.9544008056475655E-003
          13          13  0.32382360530351351     
          13          14   2.5701746446940717E-003
          13          15  -4.5442170970076256E-003
          13          16  0.29700382907828704     
          13          17   2.3573854082361702E-003
          13          18  -8.6190898749195103E-012
          13          19  -7.7615708403759657E-013
          13          20   5.8825005457852635E-013
          13          21  -1.4653188421643384E-012
          13          22   3.8081520051166392E-012
          13          23  -1.2023025187762374E-011
          13          24  -3.5421869444721596E-011
          13          25  -6.1842512390262988E-012
          13          26  -1.4494516718912649E-011
          13          27  -9.9140635145935690E-012
          13          28   3.5680758236165246E-012
          13          29  -4.8687737243643168E-011
          13          30   1.7465990779527089E-004
          13          31  -5.1105101935276171E-003
          13          32  -5.0645892816344714E-005
          13          33  -6.1126904555501380E-003
          13          34  -7.8260633015567155E-005
          13          35   1.4243053721740883E-003
          13          36   2.6273352229419514E-005
          13          37   7.1102894607061754E-005
          13          38  -3.3726709217537462E-003
          13          39  -5.9768608838346879E-005
          14           1  -9.8051943890638135E-013
          14           2   4.5678845344150718E-012
          14           3  -4.3850333279955234E-013
          14           4  -3.5643416063608257E-012
          14           5  -1.2411454364421771E-011
          14           6  -4.3565434275831511E-002
          14           7  -8.4594519014364548E-004
          14           8  -8.7435490456908585E-002
          14           9   1.3401161984236494E-002
          14          10   2.6022110016216848E-004
          14          11   2.5330013568343163E-002
          14          12  0.13236176142359266     
          14          13   2.5701746446940717E-003
          14          14  0.25525503274635358     
          14          15  0.12140328797247828     
          14          16   2.3573853183956367E-003
          14          17  0.23411216670937515     
          14          18  -3.4716550014221342E-013
          14          19   7.4683819729801074E-013
          14          20  -1.0981342409546422E-012
          14          21   2.0366547214091352E-012
          14          22  -3.2935087157629935E-013
          14          23   2.8428486302248005E-012
          14          24   5.0734375196539152E-012
          14          25   1.0727626756918872E-012
          14          26  -5.1117057361208357E-012
          14          27   4.3253407651667926E-012
          14          28   7.0673783997192651E-013
          14          29   3.8740597476587335E-012
          14          30  -4.6662127841280389E-003
          14          31  -7.8260639589456551E-005
          14          32  -1.1161125961399166E-003
          14          33  -4.8429272673693425E-005
          14          34  -3.0226287403931529E-003
          14          35  -1.9450157795780828E-005
          14          36  -2.1554874511949553E-003
          14          37   5.6958332242177355E-004
          14          38   1.1060056569447791E-005
          14          39  -5.9478309833075060E-003
          15           1   1.2415041655761854E-013
          15           2  -2.7660965412630867E-013
          15           3   1.2393575564222859E-012
          15           4   1.7441833413032353E-012
          15           5  -4.3772066946026604E-012
          15           6  -2.2435333223490915E-002
          15           7   1.5922905813032023E-003
          15           8  -4.2539629293660154E-002
          15           9   6.1547096157079295E-003
          15          10  -4.4707339494949068E-004
          15          11   1.1944011353520701E-002
          15          12   6.3068858637561259E-002
          15          13  -4.5442170970076256E-003
          15          14  0.12140328797247828     
          15          15   5.7863499762178264E-002
          15          16  -4.1692050354920811E-003
          15          17  0.11138446525413934     
          15          18   6.2169606289170659E-013
          15          19   4.1088685084639356E-013
          15          20  -1.4016523488822525E-012
          15          21   1.3339317259969757E-013
          15          22  -2.2461372386904381E-013
          15          23   1.1879013863244921E-012
          15          24   3.9742421210220132E-012
          15          25   6.2798143284661977E-013
          15          26  -3.6228720260266445E-012
          15          27   7.7463824507975081E-013
          15          28   2.2420671450540734E-013
          15          29   1.8307858481040141E-012
          15          30  -2.2183369135748915E-003
          15          31   5.3465934842836968E-005
          15          32  -5.2809769859622302E-004
          15          33   8.5216450609909485E-005
          15          34  -1.4283957971869138E-003
          15          35  -3.4563313408046701E-005
          15          36  -1.0188171061674433E-003
          15          37   2.7046387818939683E-004
          15          38   6.5017561854601247E-005
          15          39  -2.8119507520903233E-003
          16           1  -1.6817686849773444E-012
          16           2   4.2217157444157839E-012
          16           3  -3.1468485577247726E-011
          16           4  -2.5321213955876922E-011
          16           5   1.0973586818505254E-010
          16           6   1.5922905139088522E-003
          16           7 -0.10440598767037519     
          16           8  -8.2602621549626503E-004
          16           9  -4.4707335922472953E-004
          16          10   2.9169917476498927E-002
          16          11   2.3192646769779941E-004
          16          12  -4.5442168870353881E-003
          16          13  0.29700382907828704     
          16          14   2.3573853183956367E-003
          16          15  -4.1692050354920811E-003
          16          16  0.27249296248339094     
          16          17   2.1628420240585194E-003
          16          18  -6.8895576547790229E-012
          16          19  -8.9346113454027988E-013
          16          20   2.0692184858159393E-012
          16          21  -1.3372197448029037E-012
          16          22   3.5826379224292614E-012
          16          23  -9.7775679962074988E-012
          16          24  -3.1715786388261576E-011
          16          25  -5.3416149802670616E-012
          16          26  -1.2494021072110785E-011
          16          27  -9.0307031609392250E-012
          16          28   3.2869334949257009E-012
          16          29  -4.4017990612717893E-011
          16          30   1.5974714214621368E-004
          16          31  -4.6685418818210971E-003
          16          32  -4.6527450157250211E-005
          16          33  -5.5706761250819883E-003
          16          34  -7.1656360523334107E-005
          16          35   1.3047127070216864E-003
          16          36   2.4136844709072933E-005
          16          37   6.5017570361748788E-005
          16          38  -3.0766213380544701E-003
          16          39  -5.4601928091058610E-005
          17           1  -9.3879957082854771E-013
          17           2   4.6372624545831309E-012
          17           3  -6.3510820263436727E-013
          17           4  -6.4364249920156539E-012
          17           5  -1.2363422160114355E-011
          17           6  -4.2539628873037812E-002
          17           7  -8.2602624703955504E-004
          17           8  -8.2368791656900670E-002
          17           9   1.1944011231822368E-002
          17          10   2.3192648187075478E-004
          17          11   2.2982451666309418E-002
          17          12  0.12140328672488584     
          17          13   2.3573854082361702E-003
          17          14  0.23411216670937515     
          17          15  0.11138446525413934     
          17          16   2.1628420240585194E-003
          17          17  0.21479143517059732     
          17          18   1.2821731676495823E-013
          17          19   7.2096456835062959E-013
          17          20  -1.7210448340424657E-012
          17          21   1.2353147540818225E-012
          17          22  -2.7935056043975753E-013
          17          23   2.3659305965963862E-012
          17          24   5.4373246493094136E-012
          17          25   9.4789082361488302E-013
          17          26  -5.7043834713155162E-012
          17          27   2.8231274166335892E-012
          17          28   5.8775237508097641E-013
          17          29   2.8801465040243880E-012
          17          30  -4.2678033703151992E-003
          17          31  -7.1656367064889477E-005
          17          32  -1.0188170887446830E-003
          17          33  -4.4207402954552055E-005
          17          34  -2.7568529061637449E-003
          17          35  -1.7795199185976410E-005
          17          36  -1.9634941492958232E-003
          17          37   5.2483504797224323E-004
          17          38   1.0191140651245785E-005
          17          39  -5.4236126839552236E-003
          18           1   6.7392740026485398E-004
          18           2   9.3660396432869789E-005
          18           3   1.6713080907633229E-003
          18           4   7.6048694623676531E-003
          18           5   6.0229096166847318E-003
          18           6  -6.0789610422311887E-012
          18           7   2.2065029359251730E-010
          18           8  -1.8784508979541065E-012
          18           9  -7.5209093315131181E-013
          18          10   3.1371825517177899E-011
          18          11  -2.9976353197449960E-013
          18          12   1.0844774166621389E-012
          18          13  -8.6190898749195103E-012
          18          14  -3.4716550014221342E-013
          18          15   6.2169606289170659E-013
          18          16  -6.8895576547790229E-012
          18          17   1.2821731676495823E-013
          18          18   4.0941353843475161E-004
          18          19   1.7373537236346723E-005
          18          20  -3.6514629903198299E-004
          18          21  -4.6415135226812759E-004
          18          22  -9.0127997232066357E-006
          18          23  -1.5691173985173942E-004
          18          24   4.8852885148044053E-004
          18          25   2.6892269672069010E-005
          18          26  -7.1040220127096447E-004
          18          27  -7.1845378265284604E-004
          18          28  -1.3950794692123417E-005
          18          29  -3.8807862472385146E-004
          18          30  -8.4713587383482266E-014
          18          31   6.0011623999740652E-013
          18          32   3.2195821313553459E-014
          18          33   1.0407661851913547E-012
          18          34  -5.2339434423517018E-015
          18          35  -3.2851835459599392E-014
          18          36   1.7665303242207288E-014
          18          37  -1.2608838020176025E-014
          18          38   5.6524553504578056E-013
          18          39   4.4980395860235121E-014
          19           1  -4.7275762918434940E-007
          19           2  -9.5855205321867685E-006
          19           3   2.1350993058638011E-005
          19           4   6.8044569296768595E-005
          19           5   9.5388790883544326E-005
          19           6   7.9313397110365909E-012
          19           7  -3.7477149761938097E-011
          19           8   9.7169653239367014E-012
          19           9   1.2302270031416023E-012
          19          10  -5.6952258064303330E-012
          19          11   1.5230094303002566E-012
          19          12   4.5240079981869546E-013
          19          13  -7.7615708403759657E-013
          19          14   7.4683819729801074E-013
          19          15   4.1088685084639356E-013
          19          16  -8.9346113454027988E-013
          19          17   7.2096456835062959E-013
          19          18   1.7373537236346723E-005
          19          19   8.8101854755667191E-007
          19          20  -2.1904680542769455E-005
          19          21  -2.3537288044347385E-005
          19          22  -4.5704242636944791E-007
          19          23  -1.1345028762661920E-005
          19          24   2.3398392077693275E-005
          19          25   1.4677501497936649E-006
          19          26  -4.2037929895207728E-005
          19          27  -3.9212407971822547E-005
          19          28  -7.6141885526687766E-007
          19          29  -2.4445867614470391E-005
          19          30   1.2600860874522435E-014
          19          31  -8.6196313229405550E-014
          19          32   8.9819509806189345E-015
          19          33  -1.5777904073784365E-013
          19          34   3.2932612538159576E-015
          19          35   1.2455754874694408E-014
          19          36   6.7459963993212398E-015
          19          37   8.5646936509086282E-015
          19          38  -7.0719618823502911E-014
          19          39   1.3281102320387260E-014
          20           1   6.9500410160381839E-004
          20           2   5.2100963917782591E-004
          20           3   7.1942234009944464E-004
          20           4   4.5712559480175609E-003
          20           5   1.7702160155379032E-003
          20           6  -1.8469403343375920E-011
          20           7   3.3980431258747847E-010
          20           8  -2.0190697647274680E-011
          20           9  -2.9916753333405116E-012
          20          10   5.0596142533555781E-011
          20          11  -3.1513300305143294E-012
          20          12  -1.9564805324197092E-012
          20          13   5.8825005457852635E-013
          20          14  -1.0981342409546422E-012
          20          15  -1.4016523488822525E-012
          20          16   2.0692184858159393E-012
          20          17  -1.7210448340424657E-012
          20          18  -3.6514629903198299E-004
          20          19  -2.1904680542769455E-005
          20          20   6.1142429790844526E-004
          20          21   5.8520535911960568E-004
          20          22   1.1363402352244112E-005
          20          23   3.4888068398329555E-004
          20          24  -5.5463549852649270E-004
          20          25  -3.8544048450356420E-005
          20          26   1.1637637463767451E-003
          20          27   1.0297426680518054E-003
          20          28   1.9995341470533813E-005
          20          29   7.0178504641332567E-004
          20          30   5.0561560495549961E-014
          20          31   8.8938268638802028E-013
          20          32  -8.4423721078133089E-014
          20          33   1.5561940075658500E-012
          20          34  -1.4552519839606882E-014
          20          35  -2.0745363304227589E-013
          20          36  -4.7928508482328561E-014
          20          37  -3.3072000573719917E-016
          20          38   6.3283346652308522E-013
          20          39  -9.9093994605183426E-014
          21           1   1.2630171128272596E-005
          21           2   2.5608680159520253E-004
          21           3  -5.7041303139263012E-004
          21           4  -1.8178783923642802E-003
