           1           1   1.9983118136176028     
           1           2  -5.3719958411268167E-003
           1           3  -2.8437081494854920E-002
           1           4  -2.8284740417994399E-002
           1           5  -9.1241600997573474E-003
           1           6  -7.8592218969483481E-004
           1           7  -8.3618507000773597E-004
           1           8  -4.9093622750195804E-011
           1           9  -1.7666260031963979E-010
           1          10   1.0072379790419603E-010
           1          11   9.9661418987969656E-013
           1          12   8.0923392452528858E-012
           1          13  -5.9621358399200674E-012
           1          14  -1.2857296281327374E-014
           1          15  -3.4885447650772447E-014
           1          16  -5.6225529769858149E-014
           1          17   1.1672035350261653E-014
           1          18   4.4200117564126122E-014
           1          19  -4.3199532858170998E-014
           1          20   4.3062417236029539E-014
           1          21   3.6333999380393319E-013
           1          22  -2.5437734489503330E-013
           1          23   1.0000243074689152E-014
           1          24  -9.4576083106953122E-014
           1          25   4.5156619217276656E-014
           1          26   1.2095031506127941E-002
           1          27  -3.5126336155372905E-004
           1          28   1.2404955886507946E-002
           1          29  -7.2460214408285152E-004
           1          30   1.6670150113102614E-004
           1          31   1.2162406837919561E-002
           1          32   6.9329414545557782E-003
           1          33   3.0544861814856808E-005
           1          34   6.9087089545934992E-003
           1          35   6.1016597977419249E-005
           1          36  -1.5544178139166818E-005
           1          37   6.9277002462580298E-003
           1          38  -1.1360667248565242E-003
           1          39   2.3102382041305394E-005
           1          40  -1.1673524228250805E-003
           1          41   5.5613741469469039E-005
           1          42  -6.6630129672322722E-006
           1          43  -1.1430625188895264E-003
           1          44  -2.3161811375479067E-003
           1          45   8.3716500654985605E-006
           1          46  -2.3100628866567501E-003
           1          47   7.4235442260584447E-006
           1          48  -9.3060287155763310E-006
           1          49  -2.3146057716349803E-003
           1          50  -3.6797825831079743E-015
           1          51  -3.7674596341239529E-013
           1          52   1.4080090103328710E-013
           1          53  -5.4592197213694492E-013
           1          54   3.0089703995335839E-013
           1          55  -9.0729648313866545E-014
           1          56   5.0134073681659809E-014
           1          57   3.5233220380261273E-014
           1          58  -2.6180128464973376E-013
           1          59   6.9121898632364575E-013
           1          60   1.1358143193023391E-014
           1          61  -6.7620714999724603E-014
           1          62   1.1020762006127861E-014
           1          63  -1.4235772386275137E-013
           1          64   7.5339738984981326E-014
           1          65  -8.5061702562037519E-015
           1          66   6.2795510475680357E-014
           1          67   1.9464403374107745E-014
           1          68  -6.4034072708395103E-014
           1          69   1.6313865702791342E-013
           2           1  -5.3719958411268167E-003
           2           2   1.9828318544556978     
           2           3  -9.4700667777596434E-002
           2           4  -9.3553663410272492E-002
           2           5  -3.1289241765376549E-002
           2           6  -4.0170908000075429E-003
           2           7  -1.8382726957144415E-003
           2           8  -1.0490196705208570E-010
           2           9  -3.8639050198287606E-010
           2          10   2.2237006782538302E-010
           2          11   1.2792705845123416E-012
           2          12   2.3203144992401500E-011
           2          13  -1.8630979255070481E-011
           2          14  -4.4210181016016297E-013
           2          15  -8.2456755887470446E-013
           2          16   2.3616949565167258E-014
           2          17  -4.4138471105559117E-013
           2          18  -8.2231411057051328E-013
           2          19   1.8054508804003470E-013
           2          20  -3.1328603183939173E-013
           2          21   3.2121639715937682E-013
           2          22  -5.5534252722240618E-013
           2          23   1.3671375096057676E-013
           2          24  -1.5667285976389024E-013
           2          25   1.3461829360183411E-013
           2          26   4.0422216193613345E-002
           2          27  -1.3176195794556756E-003
           2          28   4.1575362159894214E-002
           2          29  -2.7111920674371516E-003
           2          30   6.2902761536919613E-004
           2          31   4.0672730737206300E-002
           2          32   2.5257784585913129E-002
           2          33   8.1306572408868660E-005
           2          34   2.5187936766002887E-002
           2          35   1.6630242891866169E-004
           2          36  -3.9240887366303691E-005
           2          37   2.5242551355178923E-002
           2          38  -3.5266945026602462E-003
           2          39   8.5416143908531478E-005
           2          40  -3.6482410510616905E-003
           2          41   2.0990552326430963E-004
           2          42  -2.2316665977515818E-005
           2          43  -3.5539425947056997E-003
           2          44  -8.3275078946784264E-003
           2          45   1.0422999035608210E-005
           2          46  -8.2811233667367708E-003
           2          47  -1.9031352318438029E-005
           2          48  -2.6889525389021554E-005
           2          49  -8.3164195880416781E-003
           2          50   1.1802030860821168E-012
           2          51  -5.4582081136447656E-013
           2          52   8.4721182879577747E-013
           2          53  -4.5857608477939460E-013
           2          54   8.8185419831342864E-013
           2          55  -2.1660739105461714E-013
           2          56   2.9309887678521933E-013
           2          57   6.0732973235265644E-013
           2          58  -2.6371283206613617E-013
           2          59   2.0562151827370225E-012
           2          60   7.4980392661381942E-013
           2          61   3.1710989652688605E-013
           2          62   3.5281022362617989E-013
           2          63   7.0123396953896138E-013
           2          64   1.1765009966373423E-013
           2          65  -2.0393967538687137E-014
           2          66   7.8219504704767633E-014
           2          67   3.8748053389010352E-013
           2          68   3.1854024560306023E-013
           2          69   2.4562218904978691E-013
           3           1  -2.8437081494854920E-002
           3           2  -9.4700667777596434E-002
           3           3   1.4178426020808521     
           3           4 -0.54976147893766125     
           3           5 -0.12475138901089636     
           3           6  -3.9127513616420750E-002
           3           7  -9.8252203051339988E-003
           3           8  -6.3109255044479520E-010
           3           9  -2.1690626362256255E-009
           3          10   1.2097558058596117E-009
           3          11   7.1406271797588299E-014
           3          12   1.2911660066232167E-011
           3          13  -1.1338354192967132E-011
           3          14   1.6005266077695668E-012
           3          15   5.9634951605432168E-012
           3          16  -3.9139856260908092E-012
           3          17   2.7028106381407663E-012
           3          18   1.0634187736641909E-011
           3          19  -5.7994000695194330E-012
           3          20   1.9473120407742491E-012
           3          21   7.8277680444719063E-012
           3          22  -4.8433365426508297E-012
           3          23   3.9232378455856059E-013
           3          24   1.1269145384238241E-012
           3          25  -1.2649019064051954E-012
           3          26  0.19719386491095131     
           3          27  -1.3856405188975299E-002
           3          28  0.20904745265479951     
           3          29  -2.8312777394880813E-002
           3          30   6.7228131680833409E-003
           3          31  0.19976408587878774     
           3          32  0.12919198490289538     
           3          33   1.4183232346787335E-003
           3          34  0.12855583413866600     
           3          35   2.4765818618332951E-003
           3          36  -9.1507106763772294E-004
           3          37  0.12906397473558551     
           3          38  -2.2351169961812967E-002
           3          39   2.1180053707204021E-004
           3          40  -2.2560133078320620E-002
           3          41   4.5314281825943104E-004
           3          42  -9.1963459039390348E-005
           3          43  -2.2396846252914875E-002
           3          44  -1.9536084326541032E-002
           3          45   1.6145329718775982E-004
           3          46  -1.9799734373116738E-002
           3          47   4.2157954874432195E-004
           3          48  -2.8781363959934776E-005
           3          49  -1.9595595962400306E-002
           3          50   9.8936076027787074E-013
           3          51   3.1489861004678264E-012
           3          52   2.1414369482496867E-012
           3          53   1.0014500994459635E-011
           3          54  -1.9510231097807395E-012
           3          55  -1.1432095977051173E-012
           3          56  -5.0142094857239120E-012
           3          57   9.8093449482143650E-013
           3          58   4.4119556682316104E-012
           3          59  -4.5663984328153094E-012
           3          60  -1.2230317925342254E-012
           3          61  -1.6198293402710799E-012
           3          62  -4.9318262727011704E-013
           3          63  -3.4294019671165288E-012
           3          64   8.2766007330370336E-013
           3          65  -7.9693107769837886E-014
           3          66   6.0689295111783649E-013
           3          67  -3.3030575355388891E-013
           3          68  -1.5630110446604236E-012
           3          69   1.7531324529361297E-012
           4           1  -2.8284740417994399E-002
           4           2  -9.3553663410272492E-002
           4           3 -0.54976147893766125     
           4           4  0.43686564287317087     
           4           5  -3.4802987722907089E-002
           4           6  0.13412412915300009     
           4           7   1.2161252473851813E-002
           4           8   4.5757330773752564E-010
           4           9   1.4533912078843715E-009
           4          10  -7.6991292765378802E-010
           4          11   1.3532199481839144E-011
           4          12   4.9300045293113913E-011
           4          13  -2.7896305220424358E-011
           4          14  -1.7371948005865530E-012
           4          15  -8.2898386195202800E-012
           4          16   6.8086028412206539E-012
           4          17  -1.1471290689171554E-012
           4          18  -5.9376097507110619E-012
           4          19   3.3078198127614737E-012
           4          20  -1.5928964710480612E-012
           4          21  -7.2934169533232156E-012
           4          22   6.2317751241803104E-012
           4          23  -6.1288103549951377E-013
           4          24  -8.1681793699158096E-013
           4          25   2.1345383512170930E-012
           4          26  -4.6027022349784154E-003
           4          27   3.4376625334391536E-002
           4          28  -3.4988298381688966E-002
           4          29   7.0955401009016830E-002
           4          30  -1.6295845043217128E-002
           4          31  -1.1206565517221212E-002
           4          32   6.3848790280484659E-003
           4          33  -2.1164162826537904E-003
           4          34   7.2324622557908627E-003
           4          35  -3.6206674156607083E-003
           4          36   1.4043315712840869E-003
           4          37   6.5530992715141269E-003
           4          38   9.1641967847482068E-003
           4          39  -8.1332658141477837E-004
           4          40   9.8162222038352311E-003
           4          41  -1.6299425231138269E-003
           4          42   4.1184313802473753E-004
           4          43   9.3047897588204934E-003
           4          44  -1.7865650005581372E-002
           4          45  -1.2656305997900490E-003
           4          46  -1.6637472578822161E-002
           4          47  -2.6928638409142434E-003
           4          48   5.5711570221311443E-004
           4          49  -1.7597043965919372E-002
           4          50  -4.7865630955126913E-013
           4          51  -1.6313899244154821E-012
           4          52  -9.5703495901762783E-013
           4          53  -5.2058062359486295E-012
           4          54   8.9856326717649278E-013
           4          55   5.6407259685931126E-013
           4          56   2.6586994479461974E-012
           4          57  -6.3538205156453744E-013
           4          58  -2.2882184700708425E-012
           4          59   2.4286367819584580E-012
           4          60   4.6567566659131873E-013
           4          61   7.2898573275612663E-013
           4          62   2.7243201994633948E-013
           4          63   1.5371314777980010E-012
           4          64  -5.4411562696417258E-013
           4          65   7.0674716471214538E-015
           4          66  -3.8777255579051150E-013
           4          67  -5.3875410112634367E-014
           4          68   7.0294096552096152E-013
           4          69  -1.0564961889761795E-012
           5           1  -9.1241600997573474E-003
           5           2  -3.1289241765376549E-002
           5           3 -0.12475138901089636     
           5           4  -3.4802987722907089E-002
           5           5   4.7723376173792027E-002
           5           6  -4.5467830519976861E-002
           5           7  -2.7215755386012569E-003
           5           8  -2.9454681638489790E-010
           5           9  -8.5438361437689609E-010
           5          10   4.2439453956448954E-010
           5          11  -1.3324200285765618E-011
           5          12  -5.8723182418693707E-011
           5          13   3.6347224000916661E-011
           5          14   2.3154855113927865E-013
           5          15   2.0916136895445141E-012
           5          16  -1.9551957389656085E-012
           5          17  -2.0123382099153226E-013
           5          18  -2.2627018341299234E-013
           5          19   1.1575368795949534E-013
           5          20   6.1771322322602055E-014
           5          21   7.6562679576436928E-013
           5          22  -1.1580817258241825E-012
           5          23   1.8241491536164146E-013
           5          24   1.4199701090339601E-013
           5          25  -6.1360960693737015E-013
           5          26  -4.3254491470915875E-002
           5          27   4.4242806551577484E-003
           5          28  -4.6923388910507693E-002
           5          29   8.9550423155469530E-003
           5          30  -2.1902212884019508E-003
           5          31  -4.4049787251642755E-002
           5          32  -3.5451625126246021E-002
           5          33   1.0248061470748096E-003
           5          34  -3.6254078103310439E-002
           5          35   2.0400449706835431E-003
           5          36  -5.2675779999848639E-004
           5          37  -3.5624026476085160E-002
           5          38   1.8691623167048747E-003
           5          39   2.3075838588311031E-004
           5          40   1.6809395855807397E-003
           5          41   4.6486193678450414E-004
           5          42  -1.1563575889998124E-004
           5          43   1.8285661017973095E-003
           5          44   1.2737868109474654E-002
           5          45   4.0343156996314097E-004
           5          46   1.2404080072250138E-002
           5          47   8.1620469597598611E-004
           5          48  -2.0031011583431204E-004
           5          49   1.2665788329929317E-002
           5          50  -1.5293035265529307E-013
           5          51  -1.6603413150993382E-013
           5          52   2.5758160484409509E-013
           5          53   4.6072169942905398E-013
           5          54   1.1065615850018922E-014
           5          55  -2.2756249440174826E-013
           5          56  -6.1088197014948372E-013
           5          57  -4.7912668028298669E-014
           5          58   2.3165531645196520E-013
           5          59   6.2492357166161792E-014
           5          60   1.4673853076541373E-013
           5          61   1.0222487658148410E-013
           5          62   1.1862451144982360E-014
           5          63   2.4922623148381694E-013
           5          64  -5.1606312921670695E-014
           5          65   2.3427074314371014E-014
           5          66   3.1962057290715494E-014
           5          67   1.6870451566224254E-014
           5          68   1.4457746454185276E-013
           5          69  -4.9903402308627617E-014
           6           1  -7.8592218969483481E-004
           6           2  -4.0170908000075429E-003
           6           3  -3.9127513616420750E-002
           6           4  0.13412412915300009     
           6           5  -4.5467830519976861E-002
           6           6   7.0692199948854104E-002
           6           7   4.8863540882961463E-003
           6           8   9.7356971319677816E-010
           6           9   3.3732548045123455E-009
           6          10  -1.8917732986723050E-009
           6          11  -1.3029682061472320E-011
           6          12  -7.2179185710489072E-011
           6          13   4.7083623422746263E-011
           6          14  -3.1877488676426870E-013
           6          15  -2.3349305671755224E-012
           6          16   2.3058284516436483E-012
           6          17  -6.6928427145780481E-013
           6          18  -2.9533873569789429E-012
           6          19   1.5757840755627907E-012
           6          20  -1.2279528016173948E-012
           6          21  -5.7799368982279311E-012
           6          22   4.4668188826088628E-012
           6          23  -2.5376801899325341E-013
           6          24   4.1942257856224754E-014
           6          25   7.6183798805256540E-013
           6          26   2.8644013587360111E-002
           6          27  -3.8310728679161613E-003
           6          28   3.1735833991638901E-002
           6          29  -7.6931017778991374E-003
           6          30   1.9326950392894071E-003
           6          31   2.9310318435816267E-002
           6          32   2.8235254662057403E-002
           6          33  -1.6568124945744505E-003
           6          34   2.9474675140957536E-002
           6          35  -3.2558560151820203E-003
           6          36   8.7439027521267563E-004
           6          37   2.8500417016775227E-002
           6          38   1.0248452880013568E-003
           6          39  -3.1954692140397063E-004
           6          40   1.2901867371197277E-003
           6          41  -6.4716549264798187E-004
           6          42   1.5828765816060396E-004
           6          43   1.0821560901673186E-003
           6          44  -1.4242359227144447E-002
           6          45  -6.0448030181450363E-004
           6          46  -1.3727949658048499E-002
           6          47  -1.2333630281722771E-003
           6          48   2.9445850949086323E-004
           6          49  -1.4130960885299828E-002
           6          50   7.5726759795471222E-013
           6          51   4.7164248048333829E-013
           6          52  -2.3417576677026766E-012
           6          53  -3.5493096350002935E-012
           6          54  -3.9490776823475317E-013
           6          55   1.6379142848224786E-012
           6          56   4.1868990206129463E-012
           6          57  -4.1264900844434002E-013
           6          58  -1.3640488220245556E-012
           6          59  -5.9577565030494765E-013
           6          60   3.0088698015864415E-013
           6          61   2.8936813527432864E-013
           6          62  -1.6527978281726663E-014
           6          63   3.4100126715094263E-013
           6          64  -2.1055552458106945E-013
           6          65   1.8125627168702386E-013
           6          66   5.3377240921720159E-014
           6          67  -1.1806181559809592E-013
           6          68   2.7691439654598911E-013
           6          69  -4.8072075562929862E-013
           7           1  -8.3618507000773597E-004
           7           2  -1.8382726957144415E-003
           7           3  -9.8252203051339988E-003
           7           4   1.2161252473851813E-002
           7           5  -2.7215755386012569E-003
           7           6   4.8863540882961463E-003
           7           7   5.2050193182542870E-004
           7           8  -2.4537819646455337E-010
           7           9  -8.5145662360525782E-010
           7          10   4.7899712570249794E-010
           7          11   3.8571481922023600E-012
           7          12   2.0721550784057965E-011
           7          13  -1.3510808917740310E-011
           7          14  -9.2963041334973139E-014
           7          15  -5.8968259897986795E-013
           7          16   4.4518854763101987E-013
           7          17   9.3235789183081877E-014
           7          18   2.2853136829666203E-013
           7          19  -1.2006035031621059E-013
           7          20   1.4990871530904205E-013
           7          21   4.7282794791392496E-013
           7          22  -2.0026217862169065E-013
           7          23  -3.6266683632501786E-014
           7          24  -8.2199876594577859E-014
           7          25   1.1241935807977395E-013
           7          26   9.4678797134898620E-005
           7          27  -2.2595068747593007E-003
           7          28   2.0582340627249241E-003
           7          29  -4.6390676454998170E-003
           7          30   1.0839017292187494E-003
           7          31   5.2124693871814852E-004
           7          32   1.2628219565972499E-003
           7          33  -1.8943919478523629E-004
           7          34   1.4309414541059549E-003
           7          35  -3.9160461190167092E-004
           7          36   8.9677361721210658E-005
           7          37   1.2992467011320146E-003
           7          38   1.8981917177309638E-004
           7          39  -2.4322038849969860E-005
           7          40   2.1295054927534079E-004
           7          41  -5.1412007188989389E-005
           7          42   1.0905091090176978E-005
           7          43   1.9485848784406659E-004
           7          44  -9.3122812622043914E-004
           7          45  -2.8886909656916149E-005
           7          46  -9.1104921823598499E-004
           7          47  -5.5718461691892410E-005
           7          48   1.5800780220692905E-005
           7          49  -9.2693352580127644E-004
           7          50  -2.5932281513740703E-013
           7          51  -2.2693559835459021E-013
           7          52   5.7374724592368199E-013
           7          53   6.2807990311984732E-013
           7          54   1.9123713426463501E-013
           7          55  -4.0921980940249471E-013
           7          56  -1.0001305244173676E-012
           7          57   9.1850960987432252E-014
           7          58   2.1515029346509516E-013
           7          59   3.0594424157424401E-013
           7          60  -5.1716793385483422E-014
           7          61  -1.2511646334700316E-014
           7          62   1.6759557835540986E-014
           7          63   1.1892385526678695E-014
           7          64   1.7547791375784954E-014
           7          65  -3.2236467625460759E-014
           7          66  -5.5286328262595017E-014
           7          67   2.9263928051954517E-014
           7          68  -2.2334012882210478E-014
           7          69   1.3515769330437958E-014
           8           1  -4.9093622750195804E-011
           8           2  -1.0490196705208570E-010
           8           3  -6.3109255044479520E-010
           8           4   4.5757330773752564E-010
           8           5  -2.9454681638489790E-010
           8           6   9.7356971319677816E-010
           8           7  -2.4537819646455337E-010
           8           8   1.9999328908952552     
           8           9   3.6388536130007066E-006
           8          10   1.0918140819826766E-005
           8          11  -4.9919057482593300E-004
           8          12   4.1835832988909995E-005
           8          13   1.0295237059120975E-004
           8          14   4.3621904925566287E-004
           8          15   2.1171703513982100E-005
           8          16   4.8968882632669463E-005
           8          17  -1.5386598269783439E-004
           8          18   3.2161708245453786E-005
           8          19   7.3083424283075719E-005
           8          20  -7.4152449409120688E-004
           8          21   2.1410048367668676E-005
           8          22   4.9612995113790136E-005
           8          23   1.6309272112694173E-004
           8          24  -9.8687499994939929E-007
           8          25  -3.0505470242873802E-006
           8          26   3.9376058222155298E-012
           8          27  -1.2106828332703054E-011
           8          28   5.3757546621750859E-011
           8          29   5.2798066654462815E-011
           8          30  -1.2737537964160148E-011
           8          31   6.7265356471306341E-011
           8          32  -5.2923461469370373E-010
           8          33   4.1258535836252751E-012
           8          34  -4.9587385029836700E-010
           8          35   1.2325019944870697E-010
           8          36  -8.9903093626559823E-011
           8          37  -3.1717897659357417E-010
           8          38  -1.6854419947465846E-010
           8          39  -1.6597057761621564E-011
           8          40  -1.9350778865325648E-010
           8          41   9.7340775096947970E-011
           8          42  -3.2554242646608015E-011
           8          43  -2.9314038121329041E-011
           8          44  -1.3974242239181060E-010
           8          45  -6.2574001213865027E-011
           8          46  -1.6263566867772611E-010
           8          47  -1.3251886117822687E-010
           8          48   1.2396614533741649E-010
           8          49  -4.0427310093209053E-010
           8          50  -2.8311968320314529E-004
           8          51   5.5769958676090228E-004
           8          52   3.3043292078233099E-004
           8          53  -2.9100098040768030E-004
           8          54  -1.0211785110851831E-004
           8          55   8.2192813811041114E-005
           8          56   1.5850197508992039E-004
           8          57   5.5287020910445056E-004
           8          58  -1.9286778595127649E-004
           8          59  -1.0103591990106351E-004
           8          60   1.5153161970200065E-004
           8          61  -4.3370001799650679E-005
           8          62   4.5660672525066473E-005
           8          63  -1.3569136758986395E-005
           8          64  -2.8173149665723387E-005
           8          65  -4.5056254789616526E-006
           8          66  -3.9479976243794686E-005
           8          67   3.2369528069137274E-005
           8          68  -3.3332314169273030E-006
           8          69  -6.3150950778984545E-005
           9           1  -1.7666260031963979E-010
           9           2  -3.8639050198287606E-010
           9           3  -2.1690626362256255E-009
           9           4   1.4533912078843715E-009
           9           5  -8.5438361437689609E-010
           9           6   3.3732548045123455E-009
           9           7  -8.5145662360525782E-010
           9           8   3.6388536130007066E-006
           9           9   1.9999237860484422     
           9          10   1.1673213325987614E-007
           9          11   4.1909116658565859E-005
           9          12  -5.6809742269298591E-004
           9          13  -1.0978969613788920E-005
           9          14   2.1130150821001188E-005
           9          15   4.0625069941896305E-004
           9          16  -7.1391938386089829E-006
           9          17   3.2163267941694524E-005
           9          18  -1.9728529302071100E-004
           9          19  -1.1629640213142098E-005
           9          20   2.1463255104005097E-005
           9          21  -7.7191570189878191E-004
           9          22  -7.2855485502989282E-006
           9          23  -1.0004282519237626E-006
           9          24   1.6569432385696246E-004
           9          25  -6.3981334496801542E-008
           9          26   1.3321646091763045E-011
           9          27  -4.8572292308836992E-011
           9          28   1.3080958527084793E-010
           9          29   1.6254135605979644E-010
           9          30  -5.4873867460626946E-011
           9          31   2.3266488678003937E-010
           9          32  -1.8237968509269099E-009
           9          33  -5.9706757739857264E-011
           9          34  -1.6884033326952535E-009
           9          35   4.5519515754012077E-010
           9          36  -3.1027608929462157E-010
           9          37  -1.1359187539700155E-009
           9          38  -5.2943690979930393E-010
           9          39  -9.0182614109983720E-011
           9          40  -6.0898275447726628E-010
           9          41   3.2452863860289738E-010
           9          42  -1.0750500438831095E-010
           9          43  -1.1057670832059762E-010
           9          44  -4.5156100263286321E-010
           9          45  -1.1685667897456409E-010
           9          46  -4.9018421804519224E-010
           9          47  -4.7771279114959578E-010
           9          48   4.5088891000614113E-010
           9          49  -1.2659331007861286E-009
           9          50   4.1002067460576305E-004
           9          51   3.4387558071468277E-004
           9          52  -3.8343789638032395E-004
           9          53   3.3241980659209902E-004
           9          54   6.9517921382093687E-005
           9          55   1.9868292724249494E-004
           9          56   5.1893277926806484E-004
           9          57  -1.9225057493040676E-004
           9          58  -2.1859104235597449E-004
           9          59  -4.4018299322334808E-004
           9          60  -5.1432871552614392E-005
           9          61   6.1960009599919407E-005
           9          62   7.2831028045404098E-006
           9          63   1.6559088377709899E-004
           9          64   1.0286434215594988E-006
           9          65  -1.2777621749883132E-005
           9          66  -2.4796823455815648E-005
           9          67  -3.1874982170224864E-006
           9          68   9.2564202140623769E-005
           9          69   3.3237976722341874E-005
          10           1   1.0072379790419603E-010
          10           2   2.2237006782538302E-010
          10           3   1.2097558058596117E-009
          10           4  -7.6991292765378802E-010
          10           5   4.2439453956448954E-010
          10           6  -1.8917732986723050E-009
          10           7   4.7899712570249794E-010
          10           8   1.0918140819826766E-005
          10           9   1.1673213325987614E-007
          10          10   1.9999308157787137     
          10          11   1.0295239617346774E-004
          10          12  -1.0893472803471388E-005
          10          13  -5.1465998572811436E-004
          10          14   4.8967465944681730E-005
          10          15  -7.1874201747496332E-006
          10          16   4.2954118500680455E-004
          10          17   7.3082967349638166E-005
          10          18  -1.1628567863504147E-005
          10          19  -1.6349042269979712E-004
          10          20   4.9614084466589569E-005
          10          21  -7.2246070012702998E-006
          10          22  -7.4826155664737908E-004
          10          23  -3.0508136537323798E-006
          10          24  -7.9410592083907214E-008
          10          25   1.6368174613902079E-004
          10          26  -3.9114873964700649E-012
          10          27   3.3094839515725677E-011
          10          28  -6.4814251361365779E-011
          10          29  -8.9698419900602259E-011
          10          30   3.0113799772636797E-011
          10          31  -1.2214428251642592E-010
          10          32   1.0205272145746669E-009
          10          33   5.7318987285352036E-011
          10          34   9.3140540190851223E-010
          10          35  -2.6611660496002529E-010
          10          36   1.7002839606672071E-010
          10          37   6.5570354319435188E-010
          10          38   2.8375920211385588E-010
          10          39   6.6065922695659408E-011
          10          40   3.1007475319416730E-010
          10          41  -1.8415747586372763E-010
          10          42   5.2269387979820916E-011
          10          43   7.4859574422651191E-011
          10          44   2.3840355959515295E-010
          10          45   2.9705667019001973E-011
          10          46   2.6332882314823217E-010
          10          47   2.7968061398139073E-010
          10          48  -2.5132475733903005E-010
          10          49   6.5289781032189915E-010
          10          50  -9.6816328655690502E-005
          10          51   6.9908853404724122E-005
          10          52   1.5871898399849276E-004
          10          53   3.8422392162104071E-004
          10          54   5.5596487397533778E-004
          10          55  -2.1804627062251328E-004
          10          56  -2.2894108666024666E-004
          10          57  -1.0799555856153308E-004
          10          58  -5.8751609731744702E-004
          10          59   1.4304766290036230E-004
          10          60  -6.3469833037735877E-005
          10          61   1.1216018328966007E-006
          10          62  -3.9428568130389646E-005
          10          63  -1.1151492007856777E-005
          10          64   3.5968626575136893E-005
          10          65   1.1014279211037198E-005
          10          66   7.9861531068864828E-005
          10          67  -2.7796056784058984E-005
          10          68   3.4665374617085617E-005
          10          69   1.3919146497465680E-004
          11           1   9.9661418987969656E-013
          11           2   1.2792705845123416E-012
          11           3   7.1406271797588299E-014
          11           4   1.3532199481839144E-011
          11           5  -1.3324200285765618E-011
          11           6  -1.3029682061472320E-011
          11           7   3.8571481922023600E-012
          11           8  -4.9919057482593300E-004
          11           9   4.1909116658565859E-005
          11          10   1.0295239617346774E-004
          11          11   2.0016395622927297     
          11          12  -7.1158374789909162E-006
          11          13  -1.6781734723529673E-004
          11          14  -1.2703828482962500E-002
          11          15   4.4851514146609049E-004
          11          16   9.0472788331726127E-004
          11          17   2.0934877874894058E-002
          11          18   3.1730443863792267E-004
          11          19   5.0088639329656424E-004
          11          20   3.8826037383026667E-002
          11          21   4.1812256018423487E-004
          11          22   7.0943237122416238E-004
          11          23  -4.5696756585150424E-003
          11          24  -1.1143424927187120E-004
          11          25  -2.2041464056847342E-004
          11          26  -3.7287641686869571E-012
          11          27  -1.8971867559957239E-011
          11          28   5.8103405034137759E-012
          11          29   1.3193108503889939E-011
          11          30  -1.0073127490087053E-012
          11          31   5.7060474783102824E-012
          11          32   5.6592949538017704E-012
          11          33   9.0134650451887992E-012
          11          34   1.2334333772320401E-012
          11          35  -2.4416946668008134E-012
          11          36  -5.5814657256000727E-013
          11          37   2.6999451952579857E-012
          11          38  -4.2812010250284527E-012
          11          39  -4.3978550480288819E-012
          11          40  -2.4167929919918407E-012
          11          41   3.0261422046119814E-012
          11          42  -4.7727504952446943E-013
          11          43  -9.2663310967389749E-013
          11          44  -3.9200405512798918E-012
          11          45  -2.3422225451546478E-013
          11          46  -3.9716739446388684E-012
          11          47  -1.4970876106247043E-012
          11          48   1.1034305181620078E-012
          11          49  -6.0497976717636233E-012
          11          50  -6.4945619051977946E-003
          11          51   8.2566543315341807E-003
          11          52   4.0443880520755456E-003
          11          53  -4.1657961346612208E-003
          11          54  -1.7463093209018760E-003
          11          55   1.4430898038299692E-003
          11          56   2.6861448901299521E-003
          11          57   7.4558248965121542E-003
          11          58  -2.8355199858552276E-003
          11          59  -9.0849676076815481E-004
          11          60  -1.2571949608502688E-002
          11          61   7.0780710857849399E-003
          11          62   3.2382708041772267E-004
          11          63  -3.2315548965817795E-003
          11          64  -1.1860439619446796E-003
          11          65   1.1748348299686572E-003
          11          66   2.4438695424977780E-003
          11          67   3.1017869873352318E-003
          11          68  -2.3313603715270671E-003
          11          69  -1.9880479253729698E-004
          12           1   8.0923392452528858E-012
          12           2   2.3203144992401500E-011
          12           3   1.2911660066232167E-011
          12           4   4.9300045293113913E-011
          12           5  -5.8723182418693707E-011
          12           6  -7.2179185710489072E-011
          12           7   2.0721550784057965E-011
          12           8   4.1835832988909995E-005
          12           9  -5.6809742269298591E-004
          12          10  -1.0893472803471388E-005
          12          11  -7.1158374789909162E-006
          12          12   2.0018910847301230     
          12          13  -7.8530650531871693E-005
          12          14   5.3188789772870885E-004
          12          15  -1.2994461750880809E-002
          12          16  -3.2484544714487303E-004
          12          17   3.1879709838932143E-004
          12          18   2.0856967413323917E-002
          12          19  -2.3510202316554311E-004
          12          20   3.2038163160692844E-004
          12          21   3.8485491540163695E-002
          12          22  -1.6286155341985881E-004
          12          23  -8.6952867234520582E-005
          12          24  -4.4319048682160793E-003
          12          25   2.8460126179319064E-005
