           1           1   6.9309392054849468     
           1           2   15.934870500452558     
           1           3   22.800217647970634     
           1           4  -5.5195115685182783     
           1           5  -13.576560639841448     
           1           6  -20.493810753430871     
           1           7   5.8334612704885798     
           1           8  -2.5152114472626944E-013
           1           9  -4.3815003569132279E-012
           1          10  -3.9953213051375784E-013
           1          11   3.1323458822585714E-013
           1          12   1.6039260852941971E-012
           1          13  -2.0031505500448847E-013
           1          14  -1.1813912927314455E-013
           1          15  -1.2597905354899298E-011
           1          16   5.3284768520211973E-015
           1          17   1.0312842758047789E-014
           1          18  -9.1747378477201139E-015
           1          19   2.7965335676291944E-014
           1          20   1.5888637356646646E-013
           1          21   1.5231819863078815E-011
           1          22   7.8008251296306430E-015
           1          23  -3.4783922977433869E-014
           1          24  -3.8243695352875466E-012
           1          25   1.3320128108835021E-014
           1          26  -3.2111937410489930     
           1          27   8.0411217736661345E-015
           1          28  -3.2111937410486306     
           1          29   3.2388964793790597E-014
           1          30   1.2401861945133745E-013
           1          31  -3.2111937410485645     
           1          32   15.608343941712118     
           1          33  -4.4658839745455320E-014
           1          34   15.608343941712391     
           1          35   1.8633949869127932E-014
           1          36   4.3234971581445831E-014
           1          37   15.608343941712324     
           1          38  -4.8859615852230283     
           1          39   5.9791008207570409E-015
           1          40  -4.8859615852225975     
           1          41   5.5725029563421553E-014
           1          42   1.4438596576673470E-013
           1          43  -4.8859615852226383     
           1          44  -1.6950217449771587     
           1          45   2.4177123325624633E-014
           1          46  -1.6950217449776916     
           1          47  -4.4041654012966084E-014
           1          48  -1.4242210435891807E-013
           1          49  -1.6950217449776508     
           1          50  -1.3529965042672567E-013
           1          51  -3.9455741460695191E-013
           1          52  -5.2262130952075164E-014
           1          53  -9.0517579508867084E-013
           1          54   4.8787321868780071E-014
           1          55  -1.1674385131893121E-014
           1          56   1.2051752638304089E-014
           1          57  -7.2656028092605870E-014
           1          58  -4.0401539419217877E-013
           1          59   6.7010535776244831E-014
           1          60  -4.6142512346293386E-014
           1          61   1.0837796552367300E-013
           1          62   2.9035112678003981E-015
           1          63   2.4268116403308223E-013
           1          64   5.0230242076479577E-015
           1          65   1.1434346619250841E-014
           1          66  -2.8850167312208446E-015
           1          67  -2.9575764603744405E-014
           1          68   1.1023624476384476E-013
           1          69  -2.6706848482480450E-015
           2           1   15.934870500452558     
           2           2   53.478292246989632     
           2           3   73.905462355705907     
           2           4  -18.878637221996136     
           2           5  -43.328144119775871     
           2           6  -64.693068492905965     
           2           7   18.407793794786375     
           2           8  -8.3527624066221505E-013
           2           9  -1.4540180499306918E-011
           2          10  -1.3114295331182077E-012
           2          11   1.0532580035687455E-012
           2          12   5.4082460159658050E-012
           2          13  -5.6502851419198604E-013
           2          14  -3.6216203079856740E-013
           2          15  -4.0461973728562941E-011
           2          16   3.6894518920267741E-014
           2          17   5.6100966944387696E-014
           2          18  -2.0461970051235608E-014
           2          19   9.8325746969320364E-014
           2          20   5.4199840882552882E-013
           2          21   4.8965173864546150E-011
           2          22   3.7109529248692940E-014
           2          23  -1.0995447371462760E-013
           2          24  -1.2299117971557081E-011
           2          25   3.2752121743956181E-014
           2          26  -10.658464525122657     
           2          27   8.3866215166645087E-015
           2          28  -10.658464525121506     
           2          29   9.0287862272361415E-014
           2          30   3.5986538490093270E-013
           2          31  -10.658464525121335     
           2          32   50.199577399239629     
           2          33  -1.7314537330095273E-013
           2          34   50.199577399240496     
           2          35   4.8565848474052567E-014
           2          36   1.0901781611632249E-013
           2          37   50.199577399240219     
           2          38  -15.891772192801414     
           2          39  -6.5907857398568004E-015
           2          40  -15.891772192800055     
           2          41   1.5015547579317594E-013
           2          42   4.1299065488684913E-013
           2          43  -15.891772192800222     
           2          44  -5.2658131165988280     
           2          45   1.3205609191560944E-013
           2          46  -5.2658131166005226     
           2          47  -1.0872879217445531E-013
           2          48  -3.9492865426093516E-013
           2          49  -5.2658131166003175     
           2          50  -4.4693386290575390E-013
           2          51  -1.3262951169513672E-012
           2          52  -1.7038418256405831E-013
           2          53  -3.0168849168233225E-012
           2          54   1.4474686934257782E-013
           2          55  -3.5144319768268935E-014
           2          56   3.1231549464823334E-014
           2          57  -2.5552849947017826E-013
           2          58  -1.3501601755864582E-012
           2          59   1.7469358726311892E-013
           2          60  -1.8955007887561938E-013
           2          61   3.2652071149269103E-013
           2          62  -1.0231813436538643E-014
           2          63   7.3577529485002039E-013
           2          64   4.6440012450280924E-015
           2          65   2.4174116925295336E-014
           2          66  -2.0026399485150090E-014
           2          67  -1.0283749981696136E-013
           2          68   3.3779556997163005E-013
           2          69  -3.3642773603573125E-014
           3           1   22.800217647970634     
           3           2   73.905462355705907     
           3           3   105.17927084787163     
           3           4  -24.924960791305004     
           3           5  -62.830039679649303     
           3           6  -95.264452328115638     
           3           7   27.122928992916592     
           3           8  -8.6512508940080467E-013
           3           9  -1.7015910632596869E-011
           3          10  -1.5287631194206870E-012
           3          11   1.4881426333989480E-012
           3          12   5.9054857365822214E-012
           3          13  -1.0963995889532875E-012
           3          14  -5.5315541064505506E-013
           3          15  -5.8180442530491157E-011
           3          16   3.2379886490180835E-014
           3          17   4.5601450849399713E-014
           3          18  -1.8543715581554897E-013
           3          19   1.2489909833991981E-013
           3          20   7.4387435236727421E-013
           3          21   6.9997781053308038E-011
           3          22   2.8730095355729375E-014
           3          23  -1.4489324155612956E-013
           3          24  -1.7550025486554879E-011
           3          25   5.7686801548014975E-014
           3          26  -14.773519383443023     
           3          27   8.3210838750923512E-015
           3          28  -14.773519383441288     
           3          29   1.8663136331668198E-013
           3          30   5.4338817043755641E-013
           3          31  -14.773519383440957     
           3          32   72.111064463725938     
           3          33  -2.4056535025254772E-013
           3          34   72.111064463727189     
           3          35   8.5840667805589518E-014
           3          36   1.6024025819357909E-013
           3          37   72.111064463726819     
           3          38  -22.511713120585540     
           3          39  -1.7421963227923858E-014
           3          40  -22.511713120583515     
           3          41   2.8495600609793422E-013
           3          42   6.2278973935104509E-013
           3          43  -22.511713120583693     
           3          44  -7.8826454677744984     
           3          45   1.8781204432135525E-013
           3          46  -7.8826454677769888     
           3          47  -2.2116392528221503E-013
           3          48  -5.9081053062839405E-013
           3          49  -7.8826454677767606     
           3          50  -6.1989105395279393E-013
           3          51  -1.5078453419025901E-012
           3          52  -2.3789399840338399E-013
           3          53  -3.4459296467237983E-012
           3          54   2.7213052723460507E-013
           3          55  -5.4930905153378523E-014
           3          56   9.9579211454937763E-014
           3          57  -3.6042410481063873E-013
           3          58  -1.5428810899433227E-012
           3          59   3.7842402869607811E-013
           3          60  -2.3285388669145275E-013
           3          61   6.2817241936439216E-013
           3          62   7.6713494048339412E-015
           3          63   1.4140591815419827E-012
           3          64   2.9230102384610857E-014
           3          65   3.8931194634566090E-014
           3          66  -5.7988906627531961E-015
           3          67  -1.2791585823521583E-013
           3          68   6.4402774715971012E-013
           3          69  -1.6366746035524093E-015
           4           1  -5.5195115685182783     
           4           2  -18.878637221996136     
           4           3  -24.924960791305004     
           4           4   7.1287562296795102     
           4           5   14.157390025910617     
           4           6   20.567851301617182     
           4           7  -5.8459355240714075     
           4           8   3.6193033724426280E-013
           4           9   5.8385859110418617E-012
           4          10   3.6988569752527109E-013
           4          11  -6.2946870663942032E-013
           4          12  -1.7890312843842197E-012
           4          13   8.5844384862982563E-014
           4          14   1.1361538975111027E-013
           4          15   1.3434056201876879E-011
           4          16  -8.9492077842013088E-015
           4          17  -1.2152378715547803E-014
           4          18  -5.9187677960149044E-014
           4          19  -2.3686259073808549E-014
           4          20  -1.9308412702655886E-013
           4          21  -1.6362761902081549E-011
           4          22  -1.0998639000185956E-014
           4          23   5.0762381896259588E-014
           4          24   4.1044148990452945E-012
           4          25  -8.0475611118517484E-015
           4          26   3.7481616101368465     
           4          27   1.0669723720558019E-013
           4          28   3.7481616101364512     
           4          29   6.1409752929061122E-014
           4          30   1.0282714916487835E-013
           4          31   3.7481616101359032     
           4          32  -16.669225419548489     
           4          33   8.2401773537114978E-014
           4          34  -16.669225419548795     
           4          35   3.9068351289659164E-015
           4          36   7.2424679132582652E-015
           4          37  -16.669225419548802     
           4          38   5.4006574417829443     
           4          39   1.1704322113965432E-013
           4          40   5.4006574417824735     
           4          41   5.0614188168598207E-014
           4          42   1.0008446798969670E-013
           4          43   5.4006574417819948     
           4          44   1.6244434885203038     
           4          45  -1.5280782406696684E-013
           4          46   1.6244434885208889     
           4          47  -5.6942717428979902E-014
           4          48  -8.6011905376532785E-014
           4          49   1.6244434885213130     
           4          50   2.7162707560193672E-013
           4          51   4.5004721601032555E-013
           4          52   1.1053620470359305E-013
           4          53   1.0237139268156127E-012
           4          54  -2.6679761221830127E-014
           4          55   9.9307470836726757E-015
           4          56   7.2879741138738845E-015
           4          57   1.3812982784728389E-013
           4          58   4.5786212836934175E-013
           4          59  -1.7154731704744255E-014
           4          60   8.9127167646033795E-014
           4          61  -8.1026916214481002E-014
           4          62   1.7002132682420987E-014
           4          63  -1.8238803479658264E-013
           4          64   2.2097320352112802E-016
           4          65  -6.6935079174105843E-015
           4          66   8.6029408738960593E-015
           4          67   4.7066713944257763E-014
           4          68  -8.4750080422707522E-014
           4          69   1.3605493925563857E-014
           5           1  -13.576560639841448     
           5           2  -43.328144119775871     
           5           3  -62.830039679649303     
           5           4   14.157390025910617     
           5           5   37.970807934042682     
           5           6   58.109880545553970     
           5           7  -16.550547113234479     
           5           8   4.2634151613954955E-013
           5           9   8.7694078333602392E-012
           5          10   8.9362106076534489E-013
           5          11  -5.8585407086967728E-013
           5          12  -2.9257887642971742E-012
           5          13   6.8167506642184368E-013
           5          14   3.3897759906821968E-013
           5          15   3.4979015609943931E-011
           5          16  -1.6703982078152466E-014
           5          17  -3.4802548449059067E-014
           5          18   1.7468813015460942E-013
           5          19  -7.2353395247095308E-014
           5          20  -4.3310682022882363E-013
           5          21  -4.1929647306077720E-011
           5          22  -1.4568142863269161E-014
           5          23   7.2171136920993473E-014
           5          24   1.0502988583657907E-011
           5          25  -3.5322945954852892E-014
           5          26   8.6769133670878738     
           5          27  -1.2800303728334938E-013
           5          28   8.6769133670868221     
           5          29  -1.1945832549002012E-013
           5          30  -5.1300684561390232E-013
           5          31   8.6769133670870602     
           5          32  -43.327703764872354     
           5          33   1.1673178061116491E-013
           5          34  -43.327703764873092     
           5          35  -5.4683850477702731E-014
           5          36  -1.3291141250289078E-013
           5          37  -43.327703764872780     
           5          38   13.408150927519554     
           5          39  -1.1902311388862113E-013
           5          40   13.408150927518337     
           5          41  -1.8208092354523865E-013
           5          42  -5.7337642952768848E-013
           5          43   13.408150927518918     
           5          44   4.8547550556428272     
           5          45   9.8758035503567586E-015
           5          46   4.8547550556443202     
           5          47   1.4321599729200375E-013
           5          48   5.3734355223399586E-013
           5          49   4.8547550556437447     
           5          50   2.3707741977993433E-013
           5          51   7.7157033278831774E-013
           5          52   8.3505433454163427E-014
           5          53   1.7698845756535025E-012
           5          54  -1.7053638814563780E-013
           5          55   3.4662650925113949E-014
           5          56  -6.3315637846732245E-014
           5          57   1.5748411663341966E-013
           5          58   7.9281677837236326E-013
           5          59  -2.3678178113569362E-013
           5          60   1.1127266000796502E-013
           5          61  -4.3522474076676338E-013
           5          62  -1.9200835242123731E-014
           5          63  -9.7941314580265330E-013
           5          64  -2.0331684022414709E-014
           5          65  -2.4815348616465767E-014
           5          66   5.4890126963921493E-016
           5          67   6.3074731263439787E-014
           5          68  -4.4469561024296662E-013
           5          69  -3.7906001604475694E-015
           6           1  -20.493810753430871     
           6           2  -64.693068492905965     
           6           3  -95.264452328115638     
           6           4   20.567851301617182     
           6           5   58.109880545553970     
           6           6   89.582510709608371     
           6           7  -25.521594838637942     
           6           8   5.0184232575257052E-013
           6           9   1.1488444392565526E-011
           6          10   1.2810706966778853E-012
           6          11  -7.4872714682173414E-013
           6          12  -4.2164888312894977E-012
           6          13   1.4254447610865456E-012
           6          14   5.2918870275006428E-013
           6          15   5.3322207964256406E-011
           6          16  -2.4132993116482963E-014
           6          17  -4.5749765923253198E-014
           6          18   3.8150050425201897E-013
           6          19  -1.2452736273345100E-013
           6          20  -6.4344044660356933E-013
           6          21  -6.3715638706520064E-011
           6          22  -1.2990816549228123E-014
           6          23   9.9374369600352822E-014
           6          24   1.5965284631394832E-011
           6          25  -6.6783186773266414E-014
           6          26   12.974575515059218     
           6          27  -9.1650330121558956E-014
           6          28   12.974575515057612     
           6          29  -3.3858133013208890E-013
           6          30  -7.8620490490228370E-013
           6          31   12.974575515057850     
           6          32  -66.002598960914867     
           6          33   1.9508307300374623E-013
           6          34  -66.002598960916004     
           6          35  -1.1681246223976508E-013
           6          36  -2.0212195358167051E-013
           6          37  -66.002598960915535     
           6          38   20.281334816930769     
           6          39  -6.9138696463101467E-014
           6          40   20.281334816928918     
           6          41  -4.4796947206515168E-013
           6          42  -8.7888246789438344E-013
           6          43   20.281334816929686     
           6          44   7.5398158876828099     
           6          45  -8.4977771159826638E-014
           6          46   7.5398158876850765     
           6          47   3.7610247524430434E-013
           6          48   8.2145173711752862E-013
           6          49   7.5398158876843144     
           6          50   2.9439904956722782E-013
           6          51   1.1095410290591428E-012
           6          52   9.8703845004300447E-014
           6          53   2.5487801521446556E-012
           6          54  -3.3748566828234047E-013
           6          55   5.4823947114641561E-014
           6          56  -1.6982858338034589E-013
           6          57   2.1195001735358246E-013
           6          58   1.1421081704465642E-012
           6          59  -5.2662132511204146E-013
           6          60   1.4522320603481697E-013
           6          61  -7.2365758790256290E-013
           6          62  -4.2292760708715860E-014
           6          63  -1.6283390714280465E-012
           6          64  -4.4846303947703163E-014
           6          65  -3.9476684938882411E-014
           6          66  -1.3247010138270194E-014
           6          67   8.3964059131763409E-014
           6          68  -7.3804726027414493E-013
           6          69  -3.5060966793698497E-014
           7           1   5.8334612704885798     
           7           2   18.407793794786375     
           7           3   27.122928992916592     
           7           4  -5.8459355240714075     
           7           5  -16.550547113234479     
           7           6  -25.521594838637942     
           7           7   7.2710491700825610     
           7           8  -1.4819700246066537E-013
           7           9  -3.3751789037724318E-012
           7          10  -3.7891942647285525E-013
           7          11   2.5006953259558627E-013
           7          12   1.3330339418997382E-012
           7          13  -4.3384939655921504E-013
           7          14  -1.5095764968578401E-013
           7          15  -1.5179693995151436E-011
           7          16   7.9695930012314675E-015
           7          17   1.1191965941912866E-014
           7          18  -1.0840108428528657E-013
           7          19   3.8178591495344798E-014
           7          20   1.8377010006771700E-013
           7          21   1.8149881969664928E-011
           7          22   4.1535219703052420E-015
           7          23  -2.9494485710820767E-014
           7          24  -4.5509509806325647E-012
           7          25   1.9894549670566535E-014
           7          26  -3.6920018839609416     
           7          27   2.2944369814580968E-014
           7          28  -3.6920018839604873     
           7          29   1.1114708290689231E-013
           7          30   2.2479220729164176E-013
           7          31  -3.6920018839605508     
           7          32   18.795149613471903     
           7          33  -5.6150009608762936E-014
           7          34   18.795149613472223     
           7          35   3.6253713144671969E-014
           7          36   5.7724645839096826E-014
           7          37   18.795149613472091     
           7          38  -5.7738004607741811     
           7          39   1.6303177777461849E-014
           7          40  -5.7738004607736571     
           7          41   1.4330739185721069E-013
           7          42   2.5124728721059414E-013
           7          43  -5.7738004607738702     
           7          44  -2.1486621631449045     
           7          45   2.7287429082072156E-014
           7          46  -2.1486621631455485     
           7          47  -1.2164733116536216E-013
           7          48  -2.3479450614582566E-013
           7          49  -2.1486621631453358     
           7          50  -9.9674117604987705E-014
           7          51  -3.4228451862482574E-013
           7          52  -3.5205929832901277E-014
           7          53  -7.8466717975868920E-013
           7          54   1.0132748634151959E-013
           7          55  -1.5634219687435042E-014
           7          56   5.3536988183741821E-014
           7          57  -6.7461536130893404E-014
           7          58  -3.5156034815712012E-013
           7          59   1.6155571884657586E-013
           7          60  -4.3725193868576986E-014
           7          61   1.9935785190325221E-013
           7          62   1.1007323398010876E-014
           7          63   4.4868855545035430E-013
           7          64   1.3025287045849595E-014
           7          65   1.1259468382820765E-014
           7          66   4.0293163525726936E-015
           7          67  -2.4955673261733021E-014
           7          68   2.0345537844652070E-013
           7          69   1.0534233015958702E-014
           8           1  -2.5152114472626944E-013
           8           2  -8.3527624066221505E-013
           8           3  -8.6512508940080467E-013
           8           4   3.6193033724426280E-013
           8           5   4.2634151613954955E-013
           8           6   5.0184232575257052E-013
           8           7  -1.4819700246066537E-013
           8           8   1.9800121228751228     
           8           9   4.7986039377083035E-014
           8          10   5.1679580753693581E-015
           8          11  0.23054296827593873     
           8          12  -6.7226633331321556E-014
           8          13   2.8642019311852608E-014
           8          14 -0.10940364853082982     
           8          15  -2.5154892664707800E-014
           8          16   1.0552729480181502E-014
           8          17 -0.16567531212454012     
           8          18  -3.3186554361779642E-014
           8          19   3.5047268906462906E-014
           8          20 -0.10052248862298620     
           8          21  -1.4696283685680155E-014
           8          22   1.0373114449650368E-014
           8          23  -9.8344866046764866E-005
           8          24   4.0376662991249188E-015
           8          25   2.0512779842774074E-014
           8          26   1.5964817333612088E-013
           8          27   2.4710413956307465E-015
           8          28   1.4947983383438763E-013
           8          29  -1.5570922194989889E-014
           8          30   1.4512744627418840E-014
           8          31   1.4544956279523305E-013
           8          32  -5.5582982675689261E-013
           8          33   7.1618529482749194E-015
           8          34  -5.1372844934074502E-013
           8          35   3.4089171023130517E-015
           8          36   3.7695404575871781E-014
           8          37  -5.4707265879493044E-013
           8          38   1.9418780450201421E-013
           8          39   1.6567109830016708E-014
           8          40   2.0020945330551657E-013
           8          41  -2.1525156297163151E-014
           8          42   1.1122520697725321E-014
           8          43   1.8818069528356070E-013
           8          44   4.5541949489312797E-014
           8          45  -2.0614242348561028E-014
           8          46   3.0510139970455279E-014
           8          47   1.0824242204975420E-014
           8          48  -3.9940234080647674E-014
           8          49   5.0832095253702758E-014
           8          50  -5.3130377702210761E-002
           8          51   5.7083854245083595E-015
           8          52  -2.3760650735836927E-002
           8          53   2.8654731582325454E-014
           8          54  -2.4769249151734739E-014
           8          55   4.6433245568155792E-016
           8          56   4.5343503257689161E-015
           8          57  -2.3760650735832944E-002
           8          58   8.0552494470705660E-015
           8          59  -1.0932227345605640E-014
           8          60  0.13064679315495004     
           8          61   3.0777228435621137E-014
           8          62   5.8427062964953931E-002
           8          63   2.0089144784534141E-014
           8          64  -1.7322921526050039E-014
           8          65  -4.8459290231650808E-015
           8          66  -1.2850777299927512E-014
           8          67   5.8427062964947082E-002
           8          68   1.1334973300816889E-014
           8          69  -1.9627582979048095E-014
           9           1  -4.3815003569132279E-012
           9           2  -1.4540180499306918E-011
           9           3  -1.7015910632596869E-011
           9           4   5.8385859110418617E-012
           9           5   8.7694078333602392E-012
           9           6   1.1488444392565526E-011
           9           7  -3.3751789037724318E-012
           9           8   4.7986039377083035E-014
           9           9   1.9800121228750232     
           9          10   2.0774614667429285E-014
           9          11   2.0880346063290014E-013
           9          12  0.23054296827530824     
           9          13   4.9817788783101976E-013
           9          14  -2.0700862788733823E-013
           9          15 -0.10940364853107884     
           9          16   1.4366356411790745E-013
           9          17  -8.6969243384608552E-015
           9          18 -0.16567531212494316     
           9          19   3.8854162942580928E-013
           9          20  -1.4186599757350803E-013
           9          21 -0.10052248862313391     
           9          22   1.1232016700188021E-013
           9          23   2.3421569164786297E-013
           9          24  -9.8344866045318161E-005
           9          25   2.5479629257169057E-013
           9          26   2.7682109616132653E-012
           9          27   6.8368777640563665E-014
           9          28   2.5743031387150203E-012
           9          29   1.6725061879769237E-014
           9          30   4.3637422289736148E-014
           9          31   2.4189194890289457E-012
           9          32  -1.1035146385400157E-011
           9          33   1.9908567716990802E-013
           9          34  -1.0464435980923403E-011
           9          35   1.3732142675593307E-013
           9          36   2.3431878217969745E-013
           9          37  -1.1090239552879577E-011
           9          38   3.4465512966153502E-012
           9          39   3.0050839107549433E-013
           9          40   3.4486749588128244E-012
           9          41  -6.7254907251329012E-015
           9          42  -6.4889124060443098E-014
           9          43   3.1322216941236406E-012
           9          44   1.2503847853873697E-012
           9          45  -4.1889888778060540E-013
           9          46   1.0926705314938500E-012
           9          47  -6.0981852118765499E-014
           9          48  -1.3563161253471424E-013
           9          49   1.6175509773602446E-012
           9          50  -1.3258725985610529E-013
           9          51  -2.3760650735813359E-002
           9          52  -5.3531357406717802E-014
           9          53  -5.3130377701892370E-002
           9          54  -3.1423214724712888E-013
           9          55   5.2598812518435156E-014
           9          56  -1.7283483672025955E-014
           9          57  -9.1143567438342905E-014
           9          58  -2.3760650735736282E-002
           9          59  -2.0868376471305809E-013
           9          60   1.2886758497197298E-013
           9          61   5.8427062965309036E-002
           9          62  -1.2107195451136654E-014
           9          63  0.13064679315510469     
           9          64  -1.9512158815765406E-013
           9          65  -2.6792754104079166E-014
           9          66  -1.4351188423397670E-013
           9          67  -3.6694791611069234E-014
           9          68   5.8427062965112131E-002
           9          69  -2.6768431221624322E-013
          10           1  -3.9953213051375784E-013
          10           2  -1.3114295331182077E-012
          10           3  -1.5287631194206870E-012
          10           4   3.6988569752527109E-013
          10           5   8.9362106076534489E-013
          10           6   1.2810706966778853E-012
          10           7  -3.7891942647285525E-013
          10           8   5.1679580753693581E-015
          10           9   2.0774614667429285E-014
          10          10   1.9800121228751157     
          10          11  -1.2455314557513873E-014
          10          12  -3.5138558729386091E-014
          10          13  0.23054296827592613     
          10          14  -2.5655503112579037E-014
          10          15  -4.8443779369912786E-015
          10          16 -0.10940364853079668     
          10          17  -1.9597496368762076E-014
          10          18  -2.0178953993865891E-014
          10          19 -0.16567531212449493     
          10          20  -2.2978147162789102E-014
          10          21   2.1219801631978597E-015
          10          22 -0.10052248862296140     
          10          23   1.2913444185497241E-014
          10          24  -6.9442064945523411E-015
          10          25  -9.8344866037929080E-005
          10          26   1.8815282121467339E-013
          10          27   3.8135651848228427E-014
          10          28   1.8402332705803406E-013
          10          29   3.3366456831602369E-014
          10          30   4.3758839572435178E-015
          10          31   2.2250583148672029E-013
          10          32  -1.0656684043560427E-012
          10          33   1.8586346048368282E-014
          10          34  -1.0020678120215159E-012
          10          35   1.8545525223804233E-014
          10          36   2.7822365377656769E-014
          10          37  -1.0420836991373862E-012
          10          38   2.7537733156541295E-013
          10          39   6.0530779217557034E-014
          10          40   2.8948546175519365E-013
          10          41   3.0382041993438505E-014
          10          42  -6.5832884911142723E-015
          10          43   3.1559444057124054E-013
          10          44   1.8489464289467872E-013
          10          45  -6.4264430944550449E-014
          10          46   1.5167392486180115E-013
          10          47  -3.4294090345109739E-014
          10          48  -1.1027341098121134E-014
          10          49   1.4331261344135119E-013
          10          50   1.0984269049885303E-014
          10          51   4.1416522988946751E-015
          10          52   1.9084126640090267E-015
          10          53   1.7911019889460514E-014
          10          54  -2.3760650735849376E-002
          10          55   6.7561229855165288E-015
          10          56  -2.3760650735815125E-002
          10          57  -3.4629417389185371E-015
          10          58   1.4554329963445292E-014
          10          59  -5.3130377702201970E-002
          10          60   3.1409445357122829E-014
          10          61   2.2356140376433929E-014
          10          62   7.1458952036892095E-015
          10          63  -8.8345129822806808E-015
          10          64   5.8427062964931810E-002
          10          65   6.1897618980184148E-015
          10          66   5.8427062964943835E-002
          10          67   1.0079556547056288E-015
          10          68   1.7202493769741406E-015
          10          69  0.13064679315490002     
          11           1   3.1323458822585714E-013
          11           2   1.0532580035687455E-012
          11           3   1.4881426333989480E-012
          11           4  -6.2946870663942032E-013
          11           5  -5.8585407086967728E-013
          11           6  -7.4872714682173414E-013
          11           7   2.5006953259558627E-013
          11           8  0.23054296827593873     
          11           9   2.0880346063290014E-013
          11          10  -1.2455314557513873E-014
          11          11   8.4074338158893198     
          11          12  -6.4740964325627658E-014
          11          13  -2.4248658636594554E-013
          11          14 -0.12059798546768073     
          11          15   7.1716629623841116E-014
          11          16  -4.1005176684705938E-014
          11          17 -0.51797424487457788     
          11          18   6.6245321945005936E-014
          11          19   5.5068796744882731E-015
          11          20   6.7183684123597875E-002
          11          21   4.9594384478538644E-014
          11          22   4.1634976174174507E-014
          11          23 -0.28053525881619840     
          11          24  -2.1410336611266205E-014
          11          25  -7.7646222784716316E-015
          11          26  -2.9674844655018215E-013
          11          27  -6.4786186125596210E-014
          11          28  -3.0672845187187248E-013
          11          29  -1.5385687083118548E-013
          11          30   6.2263425098033234E-014
          11          31  -2.4119374568198477E-013
          11          32   9.2135901261525948E-013
          11          33  -4.6420345058576192E-014
          11          34   8.4096960276016152E-013
          11          35  -5.2526567930973097E-014
          11          36   3.9308929284209742E-014
          11          37   9.0727655234221035E-013
          11          38  -2.7877448782279431E-013
          11          39  -9.2679106087082986E-014
          11          40  -3.0870287711658255E-013
          11          41  -1.5998676932732475E-013
          11          42   8.4750283213681389E-014
          11          43  -2.1063797452391383E-013
          11          44  -9.7809667905932349E-014
          11          45   1.0656395775827147E-013
          11          46  -2.4634808499670446E-014
          11          47   1.7563424510333146E-013
          11          48  -9.5586076143554963E-014
          11          49  -1.3580653644978529E-013
          11          50  -3.5852753594996223     
          11          51   2.3927826950723020E-014
          11          52  -1.6033807156020166     
          11          53   2.5811221649602167E-014
          11          54   5.5389720587940265E-014
          11          55   8.7419361353459914E-015
          11          56   4.2226638852227773E-014
          11          57  -1.6033807156020197     
          11          58   2.5020269059719972E-014
          11          59   9.7800240128621945E-014
          11          60 -0.45041066361310600     
          11          61  -4.7363029703718962E-014
          11          62 -0.20144158696713776     
          11          63  -5.1289647442360665E-014
          11          64   1.1013542508542548E-014
          11          65  -1.6958026676296810E-015
          11          66   7.7730790554179147E-015
          11          67 -0.20144158696714756     
          11          68  -4.4722712810646247E-014
          11          69   2.1086864893105896E-014
          12           1   1.6039260852941971E-012
          12           2   5.4082460159658050E-012
          12           3   5.9054857365822214E-012
          12           4  -1.7890312843842197E-012
          12           5  -2.9257887642971742E-012
          12           6  -4.2164888312894977E-012
          12           7   1.3330339418997382E-012
          12           8  -6.7226633331321556E-014
          12           9  0.23054296827530824     
          12          10  -3.5138558729386091E-014
          12          11  -6.4740964325627658E-014
          12          12   8.4074338158894601     
          12          13  -1.5304424394457684E-013
          12          14  -1.4926441701570123E-014
          12          15 -0.12059798546760134     
          12          16  -1.8058731593439938E-013
          12          17  -2.9703127978065338E-014
          12          18 -0.51797424487445443     
          12          19  -1.6048100348609035E-013
          12          20   1.1551476340915210E-013
          12          21   6.7183684123669110E-002
          12          22   1.5678002516020263E-013
          12          23  -1.1617859858826714E-013
          12          24 -0.28053525881624142     
          12          25  -1.9547731489044666E-013
