           1           1   1.9975253446861494     
           1           2  -8.6177697212452796E-003
           1           3  -3.3331985309202478E-002
           1           4   1.0492572887358946E-003
           1           5  -2.4916398626301621E-002
           1           6   1.5512105355745074E-003
           1           7  -1.8346958784035867E-002
           1           8   1.7374175936184202E-010
           1           9  -1.3843421799521796E-010
           1          10  -7.4902266139083593E-011
           1          11   2.0748297780801993E-010
           1          12   1.5902372850511931E-011
           1          13  -1.3441073396310751E-010
           1          14  -3.3291442309239603E-012
           1          15   1.8170654396861861E-012
           1          16   4.3692049680860262E-012
           1          17  -3.7214302447767135E-012
           1          18   2.2004998893496983E-012
           1          19   2.0070271396231918E-012
           1          20  -1.8499932125624248E-013
           1          21   2.3611070772569580E-012
           1          22   2.3399684441574768E-012
           1          23  -3.9645583243866929E-012
           1          24   8.4088452592270799E-013
           1          25   3.2211840355443331E-012
           1          26   1.6775264106661761E-002
           1          27  -1.5839629644123652E-010
           1          28   1.6312521266281049E-002
           1          29   1.7909428989029940E-011
           1          30  -7.0748732067869174E-009
           1          31   1.6775264080928044E-002
           1          32   8.0467424976944819E-003
           1          33  -3.2775628242440825E-010
           1          34   7.7547695055854493E-003
           1          35  -4.9195914378153400E-011
           1          36  -4.4614985536458675E-009
           1          37   8.0467424995369144E-003
           1          38  -8.8149307475186693E-004
           1          39  -3.4046200629151490E-010
           1          40  -1.2105961678987021E-003
           1          41  -7.1011576760373707E-011
           1          42  -5.1484342698610146E-009
           1          43  -8.8149307180932814E-004
           1          44  -8.1815348527356363E-003
           1          45   4.2936843455218861E-010
           1          46  -7.7584170456837962E-003
           1          47   8.6318553443064888E-011
           1          48   6.5877105495973917E-009
           1          49  -8.1815348558105568E-003
           1          50  -1.1994474087813784E-011
           1          51  -2.0737296407464534E-012
           1          52  -3.8657891915896163E-012
           1          53  -4.3205445290761218E-012
           1          54  -1.6616647380072935E-012
           1          55  -1.5339264132559815E-013
           1          56  -4.9493656729521248E-012
           1          57  -8.4673381318547406E-012
           1          58  -3.0328631430070493E-012
           1          59  -5.9444403027014146E-012
           1          60   7.5297565194598510E-013
           1          61  -1.2790366898932923E-012
           1          62   9.6182349953708929E-014
           1          63  -3.1020038359177478E-012
           1          64  -1.5661792785635035E-012
           1          65  -8.0605727226863663E-014
           1          66  -2.3329080531976937E-012
           1          67  -2.9914493376710618E-012
           1          68  -1.2608847584413425E-012
           1          69  -5.7968610821473415E-012
           2           1  -8.6177697212452796E-003
           2           2   1.9697480745455638     
           2           3 -0.11929842957173906     
           2           4   8.7595634719631263E-003
           2           5  -9.0836915993154993E-002
           2           6   7.3975416160426627E-003
           2           7  -6.9880354876321049E-002
           2           8   5.1950461358676606E-010
           2           9  -5.2590541508270859E-010
           2          10  -4.7290532428484490E-010
           2          11   6.5957635735411271E-010
           2          12   9.0543812295430847E-011
           2          13  -3.8607586382913981E-010
           2          14   2.0039890286453507E-012
           2          15   5.7767391190966484E-012
           2          16  -9.1741232969319091E-013
           2          17  -1.3991252682428623E-011
           2          18   1.3809440608202286E-011
           2          19   1.3038859217366085E-011
           2          20   1.2023141116759673E-011
           2          21   7.7720911838449701E-012
           2          22  -7.2810297426987946E-012
           2          23  -6.5511208683046533E-012
           2          24  -1.9175245648128967E-012
           2          25  -4.1533726885742092E-012
           2          26   5.9451539550445777E-002
           2          27  -1.0119644070959313E-009
           2          28   5.7434835117857477E-002
           2          29   2.8550233481034897E-011
           2          30  -3.0395083901634152E-008
           2          31   5.9451539466521749E-002
           2          32   3.1069222305186647E-002
           2          33  -1.4834440289977513E-009
           2          34   2.9717727173251357E-002
           2          35  -2.2300884765496895E-010
           2          36  -2.0485844091882761E-008
           2          37   3.1069222312828854E-002
           2          38  -2.3196930636576562E-003
           2          39  -1.4723675096032455E-009
           2          40  -3.7697514592336633E-003
           2          41  -3.1349749557536131E-010
           2          42  -2.2557835812508413E-008
           2          43  -2.3196930506973945E-003
           2          44  -3.0690268033713358E-002
           2          45   1.7148699436875528E-009
           2          46  -2.8943237096526027E-002
           2          47   3.6942316244957680E-010
           2          48   2.7217555492617289E-008
           2          49  -3.0690268048216125E-002
           2          50  -7.3947214530460892E-011
           2          51  -1.5909340293899973E-011
           2          52  -2.4133382002667802E-011
           2          53  -3.2957509779348989E-011
           2          54  -8.6434538627447034E-012
           2          55  -4.9726737783594497E-013
           2          56  -2.5071385565344605E-011
           2          57  -4.3161193690739865E-011
           2          58  -2.0279886512270493E-011
           2          59  -2.7145594230447576E-011
           2          60  -1.0214114787382856E-011
           2          61  -8.3492231731880613E-012
           2          62  -4.2555825114586933E-012
           2          63  -1.9949958781443697E-011
           2          64  -7.1843091717184453E-012
           2          65  -8.5153705007748461E-014
           2          66  -1.0850074890819752E-011
           2          67  -1.5760177732232509E-011
           2          68  -9.5365340958880588E-012
           2          69  -2.3123733739332196E-011
           3           1  -3.3331985309202478E-002
           3           2 -0.11929842957173906     
           3           3   1.4082936024594330     
           3           4  -9.0134202463070606E-002
           3           5 -0.32466569830827607     
           3           6   2.8072876351174541E-002
           3           7 -0.21802485720144277     
           3           8  -1.9063169156189012E-009
           3           9   2.1100387751742425E-010
           3          10  -1.7664190044250584E-009
           3          11   5.2198178825891001E-009
           3          12   1.6340876885958639E-011
           3          13  -2.0670127449608781E-009
           3          14   2.7385708660148113E-010
           3          15  -6.6018280953015745E-011
           3          16  -2.3916717445288945E-010
           3          17   4.8538165323031477E-010
           3          18  -1.4305644784265648E-010
           3          19  -3.8165436570426139E-011
           3          20   4.1647024354554539E-010
           3          21  -9.4335399769922131E-011
           3          22  -3.0552564497824196E-010
           3          23   2.2321363187324969E-010
           3          24  -1.0853037684342207E-010
           3          25  -2.2856159863259391E-010
           3          26  0.24967860455023522     
           3          27  -2.3453892618202627E-008
           3          28  0.21539125868950051     
           3          29  -5.2719891094996720E-010
           3          30  -5.0457252039895057E-007
           3          31  0.24967860411045811     
           3          32  0.14973415819263891     
           3          33   1.6622055636443135E-008
           3          34  0.16107325221094432     
           3          35   1.7136468884978207E-009
           3          36   1.6791866411640280E-007
           3          37  0.14973415820590341     
           3          38  -1.1784029320068943E-002
           3          39   3.1440942861389686E-009
           3          40  -1.0353941748408870E-002
           3          41   3.1177742254623110E-010
           3          42   2.0907738236862292E-008
           3          43  -1.1784029284629065E-002
           3          44  -9.6873355261507005E-002
           3          45  -1.2379473855149725E-008
           3          46 -0.10490111405225222     
           3          47  -1.1690813551425685E-009
           3          48  -1.1671494788832256E-007
           3          49  -9.6873355306444586E-002
           3          50   4.0636881708041166E-011
           3          51  -2.5603002497247355E-011
           3          52   1.8589020146582342E-010
           3          53   5.4861634262409141E-011
           3          54   5.9445861646883435E-011
           3          55   2.0351231713363603E-011
           3          56  -1.8657091412728113E-010
           3          57   3.2416195021509989E-011
           3          58  -4.4049542891184268E-011
           3          59   6.7588891083284146E-011
           3          60  -2.7964254493676633E-010
           3          61   3.4166074627310039E-011
           3          62  -1.5285743540557865E-010
           3          63   1.0756818314601939E-010
           3          64   2.5135244100205109E-011
           3          65   3.2589323449547826E-011
           3          66   1.1483851672160653E-010
           3          67  -1.0863891519802400E-010
           3          68   8.3940274587564974E-011
           3          69   1.1957309867487531E-010
           4           1   1.0492572887358946E-003
           4           2   8.7595634719631263E-003
           4           3  -9.0134202463070606E-002
           4           4   1.0331067938761112     
           4           5  -9.8896017905799785E-002
           4           6   4.0248995155632870E-002
           4           7  0.16441891147819993     
           4           8  -1.7504001411304108E-009
           4           9   1.4233719159301263E-009
           4          10  -2.9918353279826046E-010
           4          11   2.3586203916025460E-008
           4          12   2.9810166653649947E-010
           4          13  -6.5446566845516739E-009
           4          14   3.0261588543902018E-009
           4          15  -1.5037696874991039E-009
           4          16  -5.5489189307605751E-009
           4          17  -6.2426548153474252E-010
           4          18   2.5927595304498983E-010
           4          19   1.1169835020829290E-009
           4          20   3.9186044712774294E-009
           4          21  -1.6781100617668590E-009
           4          22  -6.2654950036750278E-009
           4          23   3.5076613712865599E-009
           4          24  -1.5951193906539100E-009
           4          25  -5.6720566410909142E-009
           4          26 -0.11143426350624377     
           4          27   2.4287739055680724E-007
           4          28   4.1972474705293750E-002
           4          29  -2.2092930652881583E-008
           4          30   1.9693506193396067E-006
           4          31 -0.11143426413348156     
           4          32  -1.5748538089411779E-002
           4          33  -2.5959337972063586E-008
           4          34  -4.8781680268121748E-002
           4          35  -5.8393550125757038E-009
           4          36  -5.0098092752008258E-007
           4          37  -1.5748538280374594E-002
           4          38   1.6388336370550097E-002
           4          39  -8.4108181707413809E-009
           4          40   8.1146345668775093E-003
           4          41  -8.6931665641974648E-010
           4          42  -1.1966683238382330E-007
           4          43   1.6388336298868284E-002
           4          44  -3.3367674362762112E-002
           4          45  -2.4720704731096502E-008
           4          46  -5.6011711165120819E-002
           4          47  -1.4914722608216701E-009
           4          48  -3.1397796060797735E-007
           4          49  -3.3367674484030461E-002
           4          50  -3.8153518617887213E-011
           4          51   1.1190335760972068E-011
           4          52  -6.2244060511281035E-011
           4          53   1.0071811708392891E-011
           4          54   5.5083812173782461E-011
           4          55  -7.0480362580551024E-012
           4          56   4.6084803329165931E-011
           4          57  -6.3444561646419139E-012
           4          58   6.9899987306641927E-012
           4          59   4.0971168137998933E-011
           4          60  -5.1010920117580308E-010
           4          61   1.4317308426039326E-010
           4          62   1.0998267964113399E-012
           4          63   2.7272961290986254E-010
           4          64   2.7396895951265776E-010
           4          65   4.4192361328185902E-011
           4          66   1.5956940589085962E-010
           4          67  -2.0647842906845055E-010
           4          68  -1.6416111418516884E-010
           4          69   7.0273747024917616E-010
           5           1  -2.4916398626301621E-002
           5           2  -9.0836915993154993E-002
           5           3 -0.32466569830827607     
           5           4  -9.8896017905799785E-002
           5           5   9.7972859556641895E-002
           5           6  -1.2466963586744415E-002
           5           7   3.7754548511133690E-002
           5           8  -1.9135608759368809E-009
           5           9   8.9742361243207532E-011
           5          10  -1.3912827920430900E-009
           5          11  -3.6292569224754805E-009
           5          12  -5.2390488280992540E-012
           5          13   1.3266662411650164E-009
           5          14  -5.5373220142585670E-010
           5          15   1.5919723520329165E-010
           5          16   8.7177207482771763E-010
           5          17  -6.7300254952606985E-011
           5          18  -7.3191433663720419E-012
           5          19  -9.2437931996031977E-011
           5          20  -6.5924382157214686E-010
           5          21   1.9518916102874662E-010
           5          22   9.4844738668989277E-010
           5          23  -4.6199153552768264E-010
           5          24   2.2333026782302113E-010
           5          25   7.2389725262946779E-010
           5          26  -7.0160852803337129E-002
           5          27   4.0774258848151118E-008
           5          28  -2.2477751764241865E-002
           5          29  -2.1134596629296545E-009
           5          30   6.6700140793957050E-007
           5          31  -7.0160852282799793E-002
           5          32  -3.7603133572194206E-002
           5          33   6.2571017289231456E-009
           5          34  -3.2978242532858582E-002
           5          35   5.7758294353663113E-011
           5          36   6.2123137102851333E-008
           5          37  -3.7603133537826197E-002
           5          38   8.2331351215070661E-004
           5          39   1.1536028466411201E-009
           5          40   1.8542111598100859E-003
           5          41   2.9894831611851434E-011
           5          42   1.4287952328876435E-008
           5          43   8.2331350874162239E-004
           5          44   2.9930207642346975E-002
           5          45   6.4377269391204385E-009
           5          46   3.4135632213701708E-002
           5          47   4.7716475671126889E-010
           5          48   5.8404963450326500E-008
           5          49   2.9930207667438816E-002
           5          50   2.7709489553113306E-012
           5          51   4.8829023071710915E-012
           5          52  -1.3545864723057493E-011
           5          53  -1.1084219738338691E-011
           5          54  -2.7674766957316807E-011
           5          55  -4.4969939200931772E-012
           5          56   4.6614850637097289E-011
           5          57  -2.9974037411320670E-011
           5          58   8.1011930735866047E-012
           5          59  -1.2647248382172427E-011
           5          60   1.3624985913004861E-010
           5          61  -2.1116127317515037E-011
           5          62   5.1462470850622194E-011
           5          63  -6.3843832668251453E-011
           5          64  -5.3819845270079778E-011
           5          65  -1.6984115596333961E-011
           5          66  -8.6965357501849960E-012
           5          67   3.4552152619107027E-011
           5          68   3.2556251676779289E-012
           5          69  -1.3510968603615886E-010
           6           1   1.5512105355745074E-003
           6           2   7.3975416160426627E-003
           6           3   2.8072876351174541E-002
           6           4   4.0248995155632870E-002
           6           5  -1.2466963586744415E-002
           6           6   2.5185791164605079E-003
           6           7   1.3767806079096946E-003
           6           8  -2.0598857216048151E-009
           6           9   3.4909654538267705E-010
           6          10  -1.5169629848214370E-009
           6          11  -2.5687535317080581E-010
           6          12  -6.7589527774763380E-011
           6          13   1.1539451592807105E-009
           6          14   1.7177110841825807E-010
           6          15  -5.1988377628930603E-011
           6          16  -2.9292868274297569E-010
           6          17  -2.4332825511716248E-011
           6          18   1.0297125633334685E-011
           6          19   5.0210423545032852E-011
           6          20   1.8020810542672824E-010
           6          21  -6.4350549525060277E-011
           6          22  -2.8431517915878016E-010
           6          23   1.4774892565869599E-010
           6          24  -7.0852777051522547E-011
           6          25  -2.3947212768192381E-010
           6          26   7.2512349953392464E-003
           6          27  -8.4272604547769526E-009
           6          28  -5.2764985820400092E-003
           6          29   6.2717022026183747E-010
           6          30  -1.7702360290225997E-007
           6          31   7.2512347722868114E-003
           6          32   3.2893003599275489E-003
           6          33  -2.8978205405476479E-009
           6          34   1.0739070857042356E-003
           6          35  -1.3912764955474699E-010
           6          36  -3.0987607589947909E-008
           6          37   3.2893003474951223E-003
           6          38   4.7384871556760188E-004
           6          39  -5.5602262697209590E-010
           6          40   4.0354668694520993E-005
           6          41  -2.5751195401395273E-011
           6          42  -6.0679732284747966E-009
           6          43   4.7384871448968196E-004
           6          44  -3.9132812830944032E-003
           6          45  -1.4860047404151926E-009
           6          46  -4.8965623148796260E-003
           6          47  -9.5270275565847692E-011
           6          48  -1.3350784991038447E-008
           6          49  -3.9132812883423736E-003
           6          50   1.7887605836314967E-011
           6          51   1.3000189954474445E-013
           6          52   1.6761298513164094E-011
           6          53   1.4472808215457272E-012
           6          54   1.0809902378317542E-011
           6          55   2.9714814426320578E-013
           6          56  -1.3728569700234941E-011
           6          57  -2.5825129623878626E-011
           6          58  -7.4049336031381771E-013
           6          59   1.1326524445698352E-013
           6          60  -2.0807208723692351E-011
           6          61   5.2892646950334758E-012
           6          62   7.3901365646397311E-012
           6          63   1.5710414589805600E-011
           6          64   1.8798201380725817E-011
           6          65   3.8211334534065853E-012
           6          66  -7.2968516400973008E-012
           6          67  -3.4611696934284831E-011
           6          68  -5.7677254437138380E-012
           6          69   3.9582529938504318E-011
           7           1  -1.8346958784035867E-002
           7           2  -6.9880354876321049E-002
           7           3 -0.21802485720144277     
           7           4  0.16441891147819993     
           7           5   3.7754548511133690E-002
           7           6   1.3767806079096946E-003
           7           7   6.1413906389119449E-002
           7           8   4.6029748032120269E-009
           7           9  -5.1136833267600039E-010
           7          10   2.8740084276396835E-009
           7          11  -1.2593120764563704E-008
           7          12   1.1487550725982115E-010
           7          13   6.6280356040455729E-009
           7          14   5.6799417581454947E-010
           7          15  -1.9909727659722727E-010
           7          16  -9.1573875246002676E-010
           7          17  -2.7322370510735721E-010
           7          18   6.3767509089678250E-011
           7          19   2.0112428171119012E-010
           7          20   3.5506424614442950E-010
           7          21  -2.2232715902430675E-010
           7          22  -8.5549584277246950E-010
           7          23   4.9530653152845396E-010
           7          24  -2.2473379423964848E-010
           7          25  -8.1344141589265788E-010
           7          26  -4.7256122809477510E-002
           7          27  -1.8710330874984002E-008
           7          28  -4.7138292976846581E-002
           7          29  -9.5777772871755489E-010
           7          30   1.9978900935738239E-008
           7          31  -4.7256122305652841E-002
           7          32  -2.5849443076093853E-002
           7          33  -1.0642921072517569E-008
           7          34  -3.3849627897341895E-002
           7          35  -9.5718500053808568E-010
           7          36  -1.1507331621616761E-007
           7          37  -2.5849443111782958E-002
           7          38   4.4497442688584644E-003
           7          39  -2.0249971587628998E-009
           7          40   3.0304525240652295E-003
           7          41  -1.4826139424406691E-010
           7          42  -2.0094194832643429E-008
           7          43   4.4497442511055169E-003
           7          44   1.0916574911760575E-002
           7          45  -2.0514992913088877E-009
           7          46   8.6836449060059186E-003
           7          47  -1.0293603950223450E-010
           7          48  -3.0286951040178445E-008
           7          49   1.0916574896535677E-002
           7          50  -3.3525160383599294E-011
           7          51   5.6690056694824301E-012
           7          52   5.6190791596192856E-012
           7          53  -7.4095955757176375E-012
           7          54  -1.0739438289257285E-012
           7          55  -3.8347066960615225E-012
           7          56   1.7296096672609245E-011
           7          57  -8.3569419304068843E-012
           7          58   1.3476190176513137E-011
           7          59   1.1577601291172430E-011
           7          60  -6.5766378358710969E-011
           7          61   1.5364432606893554E-011
           7          62   5.6328151217032127E-011
           7          63   2.9873066582597479E-011
           7          64   3.8633883841057400E-011
           7          65   3.3490630619982641E-012
           7          66  -2.7737406625816367E-011
           7          67  -3.2742618360957160E-012
           7          68  -4.0267604865032288E-011
           7          69   1.2316117131951888E-010
           8           1   1.7374175936184202E-010
           8           2   5.1950461358676606E-010
           8           3  -1.9063169156189012E-009
           8           4  -1.7504001411304108E-009
           8           5  -1.9135608759368809E-009
           8           6  -2.0598857216048151E-009
           8           7   4.6029748032120269E-009
           8           8   1.9999550513183280     
           8           9   2.2843355878362894E-007
           8          10   2.8775580638377159E-011
           8          11  -5.5929117199025565E-004
           8          12   7.7925626984195462E-010
           8          13  -6.0185393771333253E-010
           8          14   9.3304256972248948E-004
           8          15  -4.2819805979747565E-010
           8          16  -6.0621560780319476E-012
           8          17  -1.0346652264241272E-004
           8          18  -1.3420417467206147E-009
           8          19  -8.8520755481389248E-010
           8          20  -1.2298551994671576E-003
           8          21  -8.6989759411940493E-010
           8          22  -2.6817708858008473E-010
           8          23   2.9389712096871052E-004
           8          24   5.1507777244259470E-010
           8          25  -4.4007309397780664E-010
           8          26   2.2206185281079612E-010
           8          27   4.2474399826046973E-010
           8          28   8.2239038918534652E-011
           8          29  -7.1090280424929780E-011
           8          30  -3.2526153690010530E-010
           8          31   1.0109647571074955E-009
           8          32  -3.3145225757907154E-010
           8          33   1.5619617414058277E-009
           8          34  -1.1285057140077757E-009
           8          35   2.0608082241215861E-010
           8          36   1.4027911413339936E-010
           8          37  -1.9469438799566925E-010
           8          38  -1.6588655272230188E-009
           8          39   8.7228760151539215E-010
           8          40  -2.0446006224593581E-009
           8          41  -1.0660987769774217E-010
           8          42   2.0637237273010324E-010
           8          43  -1.2856299674232988E-009
           8          44  -3.0144373232675103E-010
           8          45  -1.4018659116300947E-009
           8          46   5.3056905439208179E-010
           8          47  -2.9068702934737312E-010
           8          48  -4.1060977063937499E-010
           8          49  -1.5052914933435812E-009
           8          50   6.4525259312000289E-004
           8          51  -2.8801204101916655E-010
           8          52   6.3484593305649121E-005
           8          53  -1.2616097887272416E-009
           8          54  -2.0638448508181976E-010
           8          55   1.1631010081221020E-008
           8          56  -8.7092708169056220E-011
           8          57  -7.1097616836753703E-004
           8          58   7.7198595810895845E-010
           8          59   1.3097659697069973E-010
           8          60  -3.7871528766111602E-006
           8          61   4.1560045740855116E-010
           8          62   8.1973002415067301E-005
           8          63   7.2926870074000374E-010
           8          64   3.8438636944692483E-010
           8          65   1.0137205026077215E-009
           8          66   5.0183033088992488E-010
           8          67   1.0955039803305013E-005
           8          68   3.6774690920205917E-010
           8          69   6.5134620545619867E-010
           9           1  -1.3843421799521796E-010
           9           2  -5.2590541508270859E-010
           9           3   2.1100387751742425E-010
           9           4   1.4233719159301263E-009
           9           5   8.9742361243207532E-011
           9           6   3.4909654538267705E-010
           9           7  -5.1136833267600039E-010
           9           8   2.2843355878362894E-007
           9           9   1.9997433706715304     
           9          10   7.1469755389870620E-008
           9          11   1.1826851812516347E-009
           9          12  -1.0502936499821537E-003
           9          13  -5.1161006583855326E-009
           9          14  -1.5901008517612761E-010
           9          15   9.1760994281512220E-004
           9          16  -4.2721857423499417E-010
           9          17  -4.1738778498621674E-010
           9          18  -3.3602509762639850E-005
           9          19   9.1397705154480867E-011
           9          20  -3.1909303687708065E-010
           9          21  -1.2413048165745241E-003
           9          22  -4.4527579817276924E-010
           9          23   2.6901930191004348E-012
           9          24   3.4731876212699389E-004
           9          25   5.7410231716593168E-010
           9          26  -1.6611160440805006E-010
           9          27   1.8137802220700750E-011
           9          28  -8.2406495155064805E-011
           9          29  -4.9490158878976597E-011
           9          30   1.3081405290354940E-011
           9          31  -4.4206118213190910E-011
           9          32  -3.6827777761065171E-010
           9          33  -2.7560236265591306E-011
           9          34  -1.6404822088336879E-010
           9          35  -2.2384566554420867E-010
           9          36  -7.0780658949530505E-011
           9          37  -1.6317953956911318E-010
           9          38   5.3954864519444695E-011
           9          39   4.5192975041451500E-012
           9          40   3.1088525101455593E-010
           9          41  -1.7047570035614144E-010
           9          42  -4.3725798991150530E-011
           9          43   3.0477957852373877E-010
           9          44   7.1332709483043668E-011
           9          45  -1.4275723000615704E-011
           9          46  -4.7768430686837249E-010
           9          47   2.2036085883825960E-010
           9          48   1.5600781179624701E-011
           9          49  -4.1549201158066226E-010
           9          50  -2.4743231742119898E-010
           9          51   4.4652510095349266E-004
           9          52  -1.3386100047973200E-009
           9          53   3.7942455233951002E-004
           9          54   1.4395258832249753E-008
           9          55  -9.7636261287163897E-011
           9          56  -5.6307889125221867E-009
           9          57   7.6879621697974375E-010
           9          58   4.4652498729259990E-004
           9          59   3.7181077700003051E-009
           9          60   1.3605238773858458E-010
           9          61   1.0011618824806430E-005
           9          62   2.9666763112302006E-010
           9          63   2.0972764068528471E-004
           9          64   2.8496236556353396E-010
           9          65  -6.3262120490668358E-011
           9          66   2.3875553133215445E-009
           9          67   7.9772787940388757E-011
           9          68   1.0011757585076577E-005
           9          69   6.6569041724842569E-010
          10           1  -7.4902266139083593E-011
          10           2  -4.7290532428484490E-010
          10           3  -1.7664190044250584E-009
          10           4  -2.9918353279826046E-010
          10           5  -1.3912827920430900E-009
          10           6  -1.5169629848214370E-009
          10           7   2.8740084276396835E-009
          10           8   2.8775580638377159E-011
          10           9   7.1469755389870620E-008
          10          10   1.9999550513230577     
          10          11   1.1673118225690001E-010
          10          12  -5.3337263456919115E-009
          10          13  -5.5929098223316139E-004
          10          14   2.3831428774262650E-010
          10          15  -6.6186928528599638E-010
          10          16   9.3304234218733947E-004
          10          17  -4.8331547475077053E-010
          10          18  -3.3392710816959660E-010
          10          19  -1.0346577424993214E-004
          10          20  -1.2161052921062939E-010
          10          21  -8.7289451053453911E-010
          10          22  -1.2298549663583829E-003
          10          23  -4.6395790331246402E-010
          10          24   8.6941551084550425E-010
          10          25   2.9389755396631102E-004
          10          26   2.3559147909115013E-010
          10          27   7.9004269507138243E-011
          10          28   2.9525845683018037E-011
          10          29   1.9895686132911763E-010
          10          30  -6.3495603642068734E-011
          10          31   6.1268718430141511E-010
          10          32  -1.1518431731300856E-009
          10          33   5.2472064939301324E-010
          10          34  -1.4988815972783605E-009
          10          35   2.2876227686476487E-010
          10          36   1.1085446740955445E-010
          10          37  -7.7146173703943636E-010
          10          38  -1.3481770672846411E-009
          10          39   1.1171959963676022E-010
          10          40  -1.5919713290386126E-009
          10          41   5.9932091364237640E-011
          10          42   5.4271077171653928E-011
          10          43  -9.9004362288290602E-010
          10          44   1.5401012906808504E-010
          10          45  -3.8328080466303987E-010
          10          46   8.0727090214723061E-010
          10          47  -4.1744750299628772E-010
          10          48  -3.2196015224902311E-010
          10          49  -5.6784997369486156E-010
          10          50  -1.9068764270013370E-010
          10          51   1.4227921339349251E-008
          10          52  -3.2666821746912258E-010
          10          53   2.7064071812058918E-009
          10          54  -7.1097633054057060E-004
          10          55   1.0456900402812818E-009
          10          56   6.3484920657580924E-005
          10          57   3.2147617876357059E-010
          10          58  -4.3295951891049764E-009
          10          59   6.4525251841287970E-004
          10          60   2.9708727502240012E-010
          10          61   3.4734614995521330E-010
          10          62   8.9018433162856683E-012
          10          63   9.9871441873028934E-010
          10          64   1.0954665280389267E-005
          10          65   4.2166104930567179E-011
          10          66   8.1972844582985452E-005
          10          67   1.5434450887465320E-010
          10          68   2.6945747432439205E-009
          10          69  -3.7877728224160298E-006
          11           1   2.0748297780801993E-010
          11           2   6.5957635735411271E-010
          11           3   5.2198178825891001E-009
          11           4   2.3586203916025460E-008
          11           5  -3.6292569224754805E-009
          11           6  -2.5687535317080581E-010
          11           7  -1.2593120764563704E-008
          11           8  -5.5929117199025565E-004
          11           9   1.1826851812516347E-009
          11          10   1.1673118225690001E-010
          11          11   1.9944177812034032     
          11          12   3.2160165580661184E-008
          11          13   7.2354923227560254E-010
          11          14  -1.3821927156347797E-002
          11          15   9.0617276180170455E-009
          11          16   3.6458606028121451E-009
          11          17   1.5735994461409990E-002
          11          18   1.4330783799609652E-008
          11          19   1.6012056425782753E-009
          11          20   2.6606719652917381E-002
          11          21   7.0201027603873634E-009
          11          22   1.6309726621797662E-009
          11          23  -1.0211659048929447E-003
          11          24   2.6097500196271249E-009
          11          25  -1.5193657744444947E-009
          11          26  -6.0300812241667958E-009
          11          27   6.1941117856617652E-010
          11          28  -2.7971848652423541E-009
          11          29   8.6175133519151382E-010
          11          30  -6.0266422800044720E-010
          11          31  -1.3510003765318902E-009
          11          32  -6.7384447573445590E-009
          11          33   6.9959690531379087E-010
          11          34  -6.7936701719857173E-009
          11          35  -2.2339190669449142E-009
          11          36   1.0655479368822252E-009
          11          37  -4.7810597852241331E-009
          11          38  -1.4896867723093360E-009
          11          39   3.3252274263310739E-010
          11          40  -1.7079001544710768E-009
          11          41  -7.8177176266262394E-010
          11          42  -5.0211023233174556E-010
          11          43  -1.8570174344278602E-009
          11          44   2.9172867160001200E-009
          11          45   2.0676121179751492E-010
          11          46  -2.9744410773032410E-010
          11          47   2.1370207456684629E-009
          11          48  -1.3822578696383616E-010
          11          49  -1.0650937100993041E-009
          11          50   1.0729588989668581E-002
          11          51  -9.8163730516824314E-009
          11          52  -3.2250821506239532E-003
          11          53  -1.6123150815254067E-009
          11          54  -3.5237694805538167E-009
          11          55   4.7798515215318135E-008
          11          56  -6.8080920780534151E-010
          11          57  -6.6587448821315842E-003
          11          58   1.2906819090909141E-008
          11          59   2.8464483860176476E-009
          11          60   6.1254866958739196E-003
          11          61  -9.5530631918664653E-009
          11          62  -1.7014031714564729E-003
          11          63  -3.9206998794640819E-009
          11          64  -3.5495547894439734E-009
          11          65   1.0991034103915148E-007
          11          66  -1.3239529497047026E-009
          11          67  -9.0175330124243076E-003
          11          68   1.0156127549849577E-008
          11          69   1.5338658736458389E-010
          12           1   1.5902372850511931E-011
          12           2   9.0543812295430847E-011
          12           3   1.6340876885958639E-011
          12           4   2.9810166653649947E-010
          12           5  -5.2390488280992540E-012
          12           6  -6.7589527774763380E-011
          12           7   1.1487550725982115E-010
          12           8   7.7925626984195462E-010
          12           9  -1.0502936499821537E-003
          12          10  -5.3337263456919115E-009
          12          11   3.2160165580661184E-008
          12          12   1.9977011361766228     
          12          13   2.5585127930152907E-008
          12          14   8.1271710634786877E-009
          12          15  -8.9955973505403391E-003
          12          16   6.0001871095860418E-008
          12          17   1.3633460822598258E-008
          12          18   2.0077902117290672E-002
          12          19   5.5472930364836632E-008
          12          20   8.0614718896949559E-009
          12          21   3.0613060192859903E-002
          12          22   4.7943613705709154E-008
          12          23   9.9678858143249909E-010
          12          24  -1.9303805201868435E-003
          12          25  -1.0100378142822686E-008
