           1           1   2.3645943254651733     
           1           2 -0.98695350138098348     
           1           3  0.11436734113507024     
           1           4   9.0690047165580771E-004
           1           5  0.11767482634290741     
           1           6  -1.2555105249120044E-002
           1           7  -8.1149526845601429E-003
           1           8  -9.4865060134707722E-012
           1           9   3.4823480749902435E-011
           1          10  -2.9245907060991883E-011
           1          11  -6.3097879220494810E-013
           1          12  -3.5294662787421031E-012
           1          13  -1.9992950193153443E-012
           1          14   4.6359771101259199E-013
           1          15   1.6077090368823090E-012
           1          16  -9.4844326512347522E-013
           1          17   3.8318821479556107E-012
           1          18   1.4067994473265922E-012
           1          19  -1.7303510958827899E-012
           1          20  -5.7371589598253167E-012
           1          21   2.2182254107582112E-013
           1          22   2.4149509349995066E-012
           1          23   1.7140439710041178E-012
           1          24   1.0079002564888013E-013
           1          25  -6.3698485167552799E-013
           1          26   2.3178314794393253E-003
           1          27   3.5422748784161838E-013
           1          28   2.3178314775478557E-003
           1          29   9.4561892681628303E-010
           1          30   6.7687154878116507E-011
           1          31  -2.5385758480587408E-003
           1          32   2.3464438166623030E-003
           1          33   1.5491901669182100E-013
           1          34   2.3464438153310415E-003
           1          35   8.6129682506691760E-010
           1          36   9.5916811547714571E-011
           1          37  -2.1351870569732653E-003
           1          38  -2.9209589298189132E-003
           1          39   7.1458698668618894E-013
           1          40  -2.9209589306294767E-003
           1          41   1.6309811673284739E-010
           1          42  -7.0586944854008127E-011
           1          43  -3.6011524389098081E-003
           1          44  -3.3612909999518039E-003
           1          45   1.6451913731390950E-013
           1          46  -3.3612909997717370E-003
           1          47  -2.6649375369904172E-011
           1          48  -2.1330794109266218E-011
           1          49  -3.1799841513508701E-003
           1          50   2.4053582276898187E-013
           1          51   5.5939584540653363E-013
           1          52   4.3488445458950965E-014
           1          53   1.1325092004897426E-012
           1          54   1.2578332147486581E-013
           1          55  -7.8393015142025509E-014
           1          56   3.3261183550019831E-013
           1          57   2.9495856013563620E-014
           1          58   6.2236684307363869E-013
           1          59   3.6208961595605784E-013
           1          60   2.7167138299599130E-013
           1          61   4.5528738043186029E-013
           1          62   1.8888984121299546E-014
           1          63   8.7401973054505834E-013
           1          64  -3.0984215793849626E-014
           1          65   5.3449450575201583E-014
           1          66  -9.3172104071934518E-014
           1          67  -4.2754221952069049E-014
           1          68   2.5600785532190574E-013
           1          69  -4.0593668825550791E-014
           2           1 -0.98695350138098348     
           2           2   2.7090811501830605     
           2           3 -0.45062530096011283     
           2           4  -8.3283755050939882E-003
           2           5 -0.45996208751143458     
           2           6   4.1849366347457215E-002
           2           7   2.8848018470850903E-002
           2           8   3.4342430956414350E-011
           2           9  -1.3022254168373305E-010
           2          10   1.2023264985399293E-010
           2          11   4.0463222325136278E-012
           2          12   1.0205991910871440E-011
           2          13   8.9383725497380062E-012
           2          14  -2.8582986144343946E-012
           2          15  -4.0125527990986230E-012
           2          16   2.8343349008050613E-012
           2          17  -1.4427785945056654E-011
           2          18  -2.2023998129945848E-012
           2          19   5.7408319635094796E-012
           2          20   2.0906744263371541E-011
           2          21  -2.2302097257649893E-012
           2          22  -8.4363500560736061E-012
           2          23  -6.1046706249906111E-012
           2          24  -4.8424671913564257E-013
           2          25   2.3049061085116767E-012
           2          26  -8.3765332562844314E-003
           2          27  -1.2309969375671100E-012
           2          28  -8.3765332490541924E-003
           2          29  -3.6734164303727209E-009
           2          30  -2.8290300623720528E-010
           2          31   1.0538878486590601E-002
           2          32  -8.8910775494544878E-003
           2          33  -5.8704128202984959E-013
           2          34  -8.8910775443054434E-003
           2          35  -3.3086858411008783E-009
           2          36  -3.7061763057050812E-010
           2          37   8.3346935386822037E-003
           2          38   9.4116356633556168E-003
           2          39  -2.6798810394372084E-012
           2          40   9.4116356664442954E-003
           2          41  -6.5676342101536715E-010
           2          42   2.5880148646291474E-010
           2          43   1.2206196473366501E-002
           2          44   1.2145414407618365E-002
           2          45  -5.9919488472090961E-013
           2          46   1.2145414407024050E-002
           2          47   5.7656518944843853E-011
           2          48   7.0767939662923259E-011
           2          49   1.1694958582832359E-002
           2          50  -1.2217628238854725E-012
           2          51  -1.2350319723946222E-012
           2          52  -2.7889429518350732E-013
           2          53  -2.2499180278936780E-012
           2          54  -5.5036061371962100E-013
           2          55   3.1563599695722235E-013
           2          56  -1.3811046941466003E-012
           2          57  -2.2884836296145399E-013
           2          58  -1.4695897661759467E-012
           2          59  -1.5559654344724455E-012
           2          60  -1.2710054281365837E-012
           2          61  -1.0955167742054976E-012
           2          62  -1.7522548110750145E-013
           2          63  -1.8738910885482657E-012
           2          64   5.0844570577525686E-014
           2          65  -2.0271579646519435E-013
           2          66   2.8573953404973363E-013
           2          67   5.4148835778932292E-014
           2          68  -3.2345234336624786E-013
           2          69   1.4158786809435171E-014
           3           1  0.11436734113507024     
           3           2 -0.45062530096011283     
           3           3  0.56256421155452574     
           3           4   1.4450216441849779E-002
           3           5  0.56479903599709225     
           3           6  -4.2284378723555074E-002
           3           7  -4.6457808705205807E-002
           3           8   6.4584793456990178E-011
           3           9  -2.4559828588173563E-010
           3          10   4.8457207122988019E-010
           3          11   4.3052515064825059E-012
           3          12   3.1735482615665709E-012
           3          13  -3.4746609737167006E-013
           3          14  -2.0565381911214333E-012
           3          15  -5.1044514299663994E-012
           3          16  -6.7531680828437871E-012
           3          17   2.0998650606211659E-011
           3          18  -4.2384276208631050E-012
           3          19  -1.0174172398412213E-011
           3          20  -3.2047817376659802E-011
           3          21   6.9324773012668683E-012
           3          22   1.3572500920299289E-011
           3          23   9.6018237453972154E-012
           3          24   1.1283573776768445E-012
           3          25  -3.5503238911097152E-012
           3          26   1.1876669542904965E-002
           3          27   1.3773215759098835E-012
           3          28   1.1876669533311283E-002
           3          29   5.4444960850380588E-009
           3          30   4.6724484609837292E-010
           3          31  -1.6256702088375357E-002
           3          32   1.0659267651305832E-002
           3          33   2.0478470907777342E-012
           3          34   1.0659267643473464E-002
           3          35   4.4043515462905388E-009
           3          36   3.2711621524877079E-010
           3          37  -1.1965215310861733E-002
           3          38  -1.2309422867489404E-002
           3          39   3.5129868389637043E-012
           3          40  -1.2309422871465501E-002
           3          41   1.1722713644035382E-009
           3          42  -3.0272744737975994E-010
           3          43  -1.7599606396674683E-002
           3          44  -1.9068634745136169E-002
           3          45   1.1279387449901522E-012
           3          46  -1.9068634744270719E-002
           3          47  -2.0596186466589432E-010
           3          48  -1.5140514210218637E-010
           3          49  -1.7710921850158878E-002
           3          50   1.3333610002218149E-012
           3          51   5.7320426185966432E-013
           3          52  -4.0915508468678796E-013
           3          53  -5.7962385260243007E-013
           3          54   6.0796682861994731E-014
           3          55  -4.0661590100782243E-013
           3          56   1.1657345017368421E-012
           3          57   9.9886938174404272E-014
           3          58   3.9359945836346418E-013
           3          59   3.9425079947093956E-014
           3          60   1.6006216893200999E-012
           3          61   4.5029152975170557E-013
           3          62  -3.2374937335061529E-013
           3          63   2.8390251567428800E-013
           3          64  -2.2020911040641563E-013
           3          65   2.9709860892463870E-013
           3          66  -4.7685248638871834E-013
           3          67  -7.1791670796670633E-014
           3          68  -6.8359403620905523E-013
           3          69  -3.0092524079761654E-013
           4           1   9.0690047165580771E-004
           4           2  -8.3283755050939882E-003
           4           3   1.4450216441849779E-002
           4           4   1.1854898087477416E-003
           4           5   1.4423320598655866E-002
           4           6  -1.8683352022753038E-003
           4           7  -1.2371864580893424E-003
           4           8   1.2326722316811532E-010
           4           9  -3.5293854962452900E-010
           4          10   9.4124197558819093E-010
           4          11  -4.2158688929302707E-011
           4          12   2.9630371637625667E-011
           4          13  -3.2208510510849198E-012
           4          14   2.8829255952730366E-011
           4          15  -2.1126714851839253E-011
           4          16   4.6359569068831058E-012
           4          17   2.8913085179653048E-012
           4          18  -2.0245596959489632E-012
           4          19  -6.7669590581632259E-014
           4          20   9.5692483785647152E-013
           4          21  -2.4801808611728420E-013
           4          22   2.6350609437238901E-013
           4          23   3.1788999146287395E-014
           4          24   2.1283390409209469E-013
           4          25  -8.4908390202635434E-014
           4          26  -4.7300803661063304E-003
           4          27  -2.9329296080474038E-012
           4          28  -4.7300803591199736E-003
           4          29  -3.0052117536811307E-009
           4          30   6.5688596265813054E-011
           4          31   1.0046385117473572E-002
           4          32  -3.9971621411799448E-003
           4          33  -2.5390449559506126E-012
           4          34  -3.9971621350613695E-003
           4          35  -2.6377583522269275E-009
           4          36   4.9459562779625872E-011
           4          37   8.9848514742343968E-003
           4          38  -3.0630193338296550E-003
           4          39  -1.5442816998762702E-012
           4          40  -3.0630193300189247E-003
           4          41  -1.7891134988894407E-009
           4          42  -1.5462600161845592E-011
           4          43   5.8187023340558882E-003
           4          44  -8.7526081445438240E-004
           4          45  -4.2812923156861314E-013
           4          46  -8.7526081343042024E-004
           4          47  -5.2027247123524798E-010
           4          48  -3.0949721834893562E-011
           4          49   1.7408527356122642E-003
           4          50  -1.5581851215223188E-014
           4          51   8.8380216207461931E-013
           4          52  -3.8796237196894038E-013
           4          53  -1.8171151429531823E-013
           4          54  -3.4769080699671035E-013
           4          55   1.2078010721323697E-014
           4          56  -3.4938893867518473E-013
           4          57   2.9775016416542357E-013
           4          58  -2.8108299986136366E-013
           4          59  -9.1518189629781830E-013
           4          60  -4.4538516171710992E-013
           4          61   4.8909789482365418E-013
           4          62  -2.7489481271364262E-013
           4          63   1.6948984847404297E-013
           4          64  -1.3292111354264626E-013
           4          65   2.7109273914318607E-014
           4          66  -1.7066411054831718E-013
           4          67   2.2220098013437278E-013
           4          68  -1.4681949347628075E-013
           4          69  -8.9352356583642841E-014
           5           1  0.11767482634290741     
           5           2 -0.45996208751143458     
           5           3  0.56479903599709225     
           5           4   1.4423320598655866E-002
           5           5  0.56709115011788302     
           5           6  -4.2292468584467703E-002
           5           7  -4.4866049805995879E-002
           5           8   4.5851241517381299E-011
           5           9  -1.8293588326002472E-010
           5          10   3.0291671441669867E-010
           5          11   7.1720535918157482E-012
           5          12  -4.9520787278420675E-012
           5          13  -2.5616093104675219E-013
           5          14  -4.0823028978609200E-012
           5          15   5.5254163195300206E-013
           5          16  -7.3603434654117663E-012
           5          17   2.0215676827402120E-011
           5          18  -3.5027864030532402E-012
           5          19  -9.9045425536919215E-012
           5          20  -3.1229414420180586E-011
           5          21   6.7048600541921927E-012
           5          22   1.3167844773757289E-011
           5          23   9.3113023703192025E-012
           5          24   1.0639545724360214E-012
           5          25  -3.4364872829610678E-012
           5          26   1.2163779205294900E-002
           5          27   1.5400406314406503E-012
           5          28   1.2163779195211586E-002
           5          29   5.6512676972168397E-009
           5          30   4.4581362182695311E-010
           5          31  -1.6923348193287238E-002
           5          32   1.0992872460121350E-002
           5          33   2.1806629901051175E-012
           5          34   1.0992872451875035E-002
           5          35   4.5850719465271070E-009
           5          36   3.0979624719106163E-010
           5          37  -1.2467579895661024E-002
           5          38  -1.1569497723876970E-002
           5          39   3.5769491811351747E-012
           5          40  -1.1569497728113757E-002
           5          41   1.3052806652344716E-009
           5          42  -3.0811499371120215E-010
           5          43  -1.7491546850784627E-002
           5          44  -1.8424135020593081E-002
           5          45   1.1281956216797876E-012
           5          46  -1.8424135019853717E-002
           5          47  -1.4215253046945557E-010
           5          48  -1.4472679091467130E-010
           5          49  -1.7391261252651207E-002
           5          50   1.3019012850595872E-012
           5          51   4.7845611464572836E-013
           5          52  -3.1227323061172715E-013
           5          53  -6.0821015641961078E-013
           5          54   1.2845797034192139E-013
           5          55  -4.1126281195942355E-013
           5          56   1.2410031360693668E-012
           5          57   5.9129435789381759E-014
           5          58   4.4407007753717204E-013
           5          59   2.2976299243437482E-013
           5          60   1.6203852276516266E-012
           5          61   4.1640421095319869E-013
           5          62  -2.5505073955262943E-013
           5          63   2.0366763296295163E-013
           5          64  -1.9934134286153495E-013
           5          65   2.9186374896631784E-013
           5          66  -4.4979370992729055E-013
           5          67  -9.9067981936108349E-014
           5          68  -6.7099905833672256E-013
           5          69  -2.9049294843777924E-013
           6           1  -1.2555105249120044E-002
           6           2   4.1849366347457215E-002
           6           3  -4.2284378723555074E-002
           6           4  -1.8683352022753038E-003
           6           5  -4.2292468584467703E-002
           6           6   4.7211220375589450E-003
           6           7   1.5070129341379534E-002
           6           8  -1.4471703896785783E-010
           6           9   4.2700497412728155E-010
           6          10  -1.0748664375818358E-009
           6          11   4.1963907981673565E-011
           6          12  -3.6484819831350232E-011
           6          13   4.5353518033066657E-012
           6          14  -2.9002410805670283E-011
           6          15   2.6183707704275346E-011
           6          16  -5.2525518771595135E-012
           6          17  -8.6257071708909040E-012
           6          18   3.7959157938932570E-012
           6          19   2.4833303998358938E-012
           6          20   7.8431124172647674E-012
           6          21  -1.6820833678135497E-012
           6          22  -3.8844894130334323E-012
           6          23  -2.7588866948602093E-012
           6          24  -5.6537662349899377E-013
           6          25   1.1075200213240588E-012
           6          26   2.9068289098136287E-003
           6          27   2.1949889295612447E-012
           6          28   2.9068289051434959E-003
           6          29   2.1021979181335682E-009
           6          30  -1.1980236375303423E-010
           6          31  -7.3195628865717994E-003
           6          32   2.9526285660189900E-003
           6          33   1.8018935880149516E-012
           6          34   2.9526285619490022E-003
           6          35   1.8660072174985093E-009
           6          36  -8.9558459348504124E-011
           6          37  -6.1573835713808183E-003
           6          38   7.2767482714421027E-003
           6          39   7.7447143146580755E-013
           6          40   7.2767482687933214E-003
           6          41   1.5035318765226743E-009
           6          42   4.7500542264066250E-011
           6          43  -2.8182191200021734E-004
           6          44   6.2834757468932948E-003
           6          45   9.0740839238366004E-014
           6          46   6.2834757456160569E-003
           6          47   6.5017040577562336E-010
           6          48   8.2431825219504673E-011
           6          49   2.9007277989912521E-003
           6          50  -2.4469993196653169E-013
           6          51  -1.1589661442269149E-012
           6          52   6.7219433899184060E-013
           6          53   2.7368261681169166E-013
           6          54   3.7567577432159422E-013
           6          55   2.8851575756647472E-015
           6          56   3.2612703461900409E-013
           6          57  -4.0457252816471286E-013
           6          58   4.0068653102184810E-013
           6          59   9.9196240557954156E-013
           6          60   2.5661501752251559E-013
           6          61  -6.9408904276267974E-013
           6          62   5.0584521665772730E-013
           6          63  -2.3166427503665776E-013
           6          64   1.6992204643319974E-013
           6          65  -7.3883452462336918E-014
           6          66   2.5175422378188403E-013
           6          67  -2.3634898133226692E-013
           6          68   3.0116356640305560E-013
           6          69   8.3607420362782407E-014
           7           1  -8.1149526845601429E-003
           7           2   2.8848018470850903E-002
           7           3  -4.6457808705205807E-002
           7           4  -1.2371864580893424E-003
           7           5  -4.4866049805995879E-002
           7           6   1.5070129341379534E-002
           7           7  0.19834123956097890     
           7           8  -2.3390553694438796E-011
           7           9  -5.8271141239935707E-011
           7          10   2.5489131829235022E-010
           7          11   5.4660969317677182E-011
           7          12   5.5446083598621601E-011
           7          13  -2.5204368169997820E-012
           7          14  -4.0230854949882441E-011
           7          15  -3.6189676789579548E-011
           7          16   6.2908437913108983E-012
           7          17  -7.9400196327857354E-011
           7          18   1.0885799218137186E-011
           7          19   3.4592785815098676E-011
           7          20   1.1614694688833427E-010
           7          21  -2.3477989494785578E-011
           7          22  -5.0072698600569929E-011
           7          23  -3.8200446596542418E-011
           7          24  -5.1177047918515527E-012
           7          25   1.4485760272976383E-011
           7          26  -5.6780349460576192E-004
           7          27  -5.4861308812190056E-013
           7          28  -5.6780349478434519E-004
           7          29   1.2231702448088553E-009
           7          30   1.1477479091735555E-010
           7          31  -7.1723450919925881E-003
           7          32   7.2780923791349976E-003
           7          33  -1.3056419842778716E-012
           7          34   7.2780923796207948E-003
           7          35   1.2323263243850941E-009
           7          36   1.8698266008939839E-010
           7          37   5.0879948016511025E-004
           7          38   6.9523596285393854E-002
           7          39  -3.7198837378953380E-012
           7          40   6.9523596284502678E-002
           7          41   3.1346445925311324E-009
           7          42   7.6542471745547060E-010
           7          43   5.2241373211084449E-002
           7          44   7.7716181142177154E-002
           7          45  -3.0658406382952919E-012
           7          46   7.7716181134240836E-002
           7          47   4.0422268050372125E-009
           7          48   9.7476437185959040E-010
           7          49   5.5592133335588600E-002
           7          50   1.4842327875842000E-012
           7          51  -1.4336442794173778E-013
           7          52  -1.3632694954617311E-012
           7          53   5.3177781298886913E-013
           7          54  -2.5571891292116950E-013
           7          55   6.4038470050717957E-015
           7          56  -3.0894165591089012E-013
           7          57   5.3720136663358364E-013
           7          58  -1.5348247500010787E-013
           7          59  -4.8634022007835286E-013
           7          60   8.6823026566448796E-013
           7          61  -3.4307348328808373E-013
           7          62  -1.2463737882521641E-012
           7          63   3.5903130694702516E-013
           7          64   1.0322324212932269E-013
           7          65  -7.4242548647981258E-013
           7          66   8.1476934634299089E-013
           7          67   1.1635301576517701E-012
           7          68   1.0055444624017637E-012
           7          69  -7.8533306007466979E-013
           8           1  -9.4865060134707722E-012
           8           2   3.4342430956414350E-011
           8           3   6.4584793456990178E-011
           8           4   1.2326722316811532E-010
           8           5   4.5851241517381299E-011
           8           6  -1.4471703896785783E-010
           8           7  -2.3390553694438796E-011
           8           8   2.2385515376875551     
           8           9   1.7414472374610805E-012
           8          10   3.2850615715503191E-010
           8          11 -0.43793118105395767     
           8          12   3.2789595574335148E-011
           8          13  -3.3526055407412529E-010
           8          14  0.29597034670539712     
           8          15   5.3753749016419077E-011
           8          16   8.5236764868359919E-012
           8          17   3.2877481214768411E-002
           8          18  -8.3286448382432373E-011
           8          19  -4.3328243957120988E-010
           8          20  -4.1827439403272345E-003
           8          21   4.0267381016243656E-011
           8          22  -9.5239057950334975E-011
           8          23  -7.4494830312892989E-004
           8          24   6.2237761350008924E-012
           8          25   1.6660279811425106E-011
           8          26  -4.5306750422491598E-011
           8          27   4.2129422414437420E-012
           8          28  -4.0325711440459010E-011
           8          29   1.6027804723084799E-014
           8          30   6.3335083169393495E-012
           8          31  -4.3504522011292900E-011
           8          32  -6.9077011997544086E-012
           8          33   4.0982902310597620E-012
           8          34  -2.6287268999370219E-011
           8          35  -7.9148095988804927E-012
           8          36   8.1598673375470157E-012
           8          37  -1.1299269977922676E-011
           8          38  -1.0381479675200390E-010
           8          39  -1.1248271596017743E-011
           8          40  -1.1685754827183689E-010
           8          41  -4.2715842885595125E-012
           8          42   9.9361380466616640E-012
           8          43  -1.2435470506944617E-010
           8          44   1.5008584386454687E-012
           8          45  -2.8864338634330271E-012
           8          46   1.2245444030864496E-011
           8          47   6.6316693828512217E-013
           8          48   5.5212638262294061E-012
           8          49   1.5582369467975503E-011
           8          50  -3.0380591212240994E-003
           8          51   1.6094415941350370E-011
           8          52   1.5646218582282022E-003
           8          53  -1.3649389981445763E-011
           8          54  -7.5135143361281220E-010
           8          55   2.8672870825380078E-011
           8          56   4.5097988379976014E-010
           8          57   1.1665754043784916E-003
           8          58   2.5496170521498575E-012
           8          59  -3.3057234241335818E-011
           8          60  -5.4534710012108028E-003
           8          61   3.3012776313988291E-011
           8          62   1.6009535135109887E-003
           8          63  -3.8434821333348379E-011
           8          64  -4.8918507104678177E-010
           8          65   1.8846835371741266E-010
           8          66   6.0475948750736494E-010
           8          67  -8.3765139949573881E-004
           8          68   1.2084405962640614E-012
           8          69  -5.6143588382169492E-011
           9           1   3.4823480749902435E-011
           9           2  -1.3022254168373305E-010
           9           3  -2.4559828588173563E-010
           9           4  -3.5293854962452900E-010
           9           5  -1.8293588326002472E-010
           9           6   4.2700497412728155E-010
           9           7  -5.8271141239935707E-011
           9           8   1.7414472374610805E-012
           9           9   2.2385515376836600     
           9          10   4.3445549321014422E-010
           9          11  -8.4383063092484752E-011
           9          12 -0.43793118114424523     
           9          13  -3.7120513700603018E-010
           9          14  -1.0710297855562846E-010
           9          15  0.29597034656868559     
           9          16  -6.2635200811669914E-011
           9          17   7.5220461309391575E-010
           9          18   3.2877481693696212E-002
           9          19  -3.3570153716102595E-010
           9          20  -5.1360626960574605E-010
           9          21  -4.1827442530926497E-003
           9          22   1.1939862255441490E-010
           9          23  -5.2861266232141873E-011
           9          24  -7.4494834930077455E-004
           9          25   6.9487546851118574E-012
           9          26   1.8175960193826934E-010
           9          27  -1.1553032524876018E-011
           9          28   1.8124684264799827E-010
           9          29  -1.5283958695813119E-012
           9          30  -1.9274059445600890E-011
           9          31   1.6739234734626951E-010
           9          32   5.2680921587884539E-011
           9          33  -2.3137211528927889E-011
           9          34   8.7572797692658679E-011
           9          35   3.0469906936761975E-011
           9          36  -1.4576862676605805E-011
           9          37   5.3394635431871453E-011
           9          38   3.1340742309169760E-010
           9          39   2.2062934266656346E-011
           9          40   3.2454313755551045E-010
           9          41  -1.7351559330359842E-012
           9          42   8.0046109410375198E-012
           9          43   3.2465811715198468E-010
           9          44   3.6424610022003470E-011
           9          45   8.5641675826715493E-012
           9          46   3.4696057648213326E-011
           9          47   9.3984477446043527E-012
           9          48  -1.9557109416039032E-011
           9          49   1.4904923259107978E-011
           9          50   1.9211086043043045E-011
           9          51   1.5646218805555551E-003
           9          52   1.2384411973074267E-011
           9          53  -3.0380591216345350E-003
           9          54   1.6422218947176325E-010
           9          55   8.4327098286350670E-011
           9          56  -3.0873611173706543E-010
           9          57   2.7478651984630444E-012
           9          58   1.1665754055162493E-003
           9          59  -2.0388857674415346E-011
           9          60   1.6450753888017350E-010
           9          61   1.6009535212510580E-003
           9          62   3.4175517124261646E-011
           9          63  -5.4534708880386411E-003
           9          64   1.9111967325192367E-010
           9          65   4.1479005394793758E-010
           9          66  -2.0638758162369146E-010
           9          67   6.5406522223332166E-011
           9          68  -8.3765136474728676E-004
           9          69  -1.5314476593290529E-010
          10           1  -2.9245907060991883E-011
          10           2   1.2023264985399293E-010
          10           3   4.8457207122988019E-010
          10           4   9.4124197558819093E-010
          10           5   3.0291671441669867E-010
          10           6  -1.0748664375818358E-009
          10           7   2.5489131829235022E-010
          10           8   3.2850615715503191E-010
          10           9   4.3445549321014422E-010
          10          10   2.2379643191389542     
          10          11  -3.7298293394466517E-010
          10          12  -4.2874993067088266E-010
          10          13 -0.43607888375689718     
          10          14  -1.2884439427712433E-010
          10          15  -1.8246524605723301E-010
          10          16  0.29635789454132200     
          10          17   1.2915047072411204E-010
          10          18   2.4971399214407298E-010
          10          19   3.5682881272763020E-002
          10          20  -4.8002579519538319E-010
          10          21  -4.1346495341267704E-010
          10          22  -3.6388488828577779E-003
          10          23  -3.5342211797739297E-011
          10          24  -6.1106287451352567E-011
          10          25  -8.0537186003784935E-004
          10          26  -3.2062740897222985E-010
          10          27  -3.6521079456264841E-011
          10          28  -3.4132145401879214E-010
          10          29   3.6488638480565379E-011
          10          30   3.3549957681344157E-011
          10          31  -2.7460742963014167E-010
          10          32  -2.0154409542564065E-010
          10          33  -4.7755447581637039E-013
          10          34  -1.1827075804396442E-010
          10          35  -5.5150150393098139E-012
          10          36  -8.2974407381522895E-011
          10          37  -1.4833030730850959E-010
          10          38  -7.7583809959341105E-010
          10          39   1.3078036872393373E-011
          10          40  -8.7954988051956839E-010
          10          41  -3.6539007666778594E-011
          10          42   7.2281490201608927E-011
          10          43  -8.6292914097478482E-010
          10          44  -6.7735769952550675E-011
          10          45  -2.7235805204611716E-011
          10          46  -1.2034735377098795E-010
          10          47   5.9188956063120779E-011
          10          48  -5.3846812659496557E-011
          10          49  -1.2281060500054262E-010
          10          50  -6.5189166195667538E-011
          10          51   1.9599120429547590E-010
          10          52   4.4531661356253710E-010
          10          53  -9.7592581419641048E-011
          10          54  -1.3516800719503696E-003
          10          55   2.7725547678838577E-011
          10          56  -1.3516800476538076E-003
          10          57  -8.4022648637853109E-010
          10          58  -3.7440841810992688E-010
          10          59   2.8727478400844527E-003
          10          60   1.1296773567489518E-010
          10          61   1.4921297356819473E-010
          10          62   6.3485029811460560E-010
          10          63  -7.1244178886609778E-011
          10          64  -2.3673524648226774E-003
          10          65   1.2623620304951078E-011
          10          66  -2.3673525092361958E-003
          10          67  -5.1796245793740688E-010
          10          68  -1.8963258027289000E-010
          10          69  -1.3769760762160120E-003
          11           1  -6.3097879220494810E-013
          11           2   4.0463222325136278E-012
          11           3   4.3052515064825059E-012
          11           4  -4.2158688929302707E-011
          11           5   7.1720535918157482E-012
          11           6   4.1963907981673565E-011
          11           7   5.4660969317677182E-011
          11           8 -0.43793118105395767     
          11           9  -8.4383063092484752E-011
          11          10  -3.7298293394466517E-010
          11          11  0.80592157932456221     
          11          12  -2.7649413637526858E-011
          11          13   1.0220339409847724E-009
          11          14 -0.54242512363130602     
          11          15  -8.5065473469409023E-011
          11          16  -1.2851477795907326E-010
          11          17  -5.9742942303681712E-002
          11          18   2.0437620887997092E-011
          11          19   7.4513187848538865E-010
          11          20   7.3736905058474998E-003
          11          21   1.2142191821722411E-011
          11          22   1.8747344230957864E-010
          11          23   1.3371826054999572E-003
          11          24   8.1358022093503048E-012
          11          25  -2.5604585864018430E-011
          11          26  -1.0515345557277751E-011
          11          27   1.0574452335044085E-011
          11          28  -8.0727984078784777E-012
          11          29   8.1862307348318404E-012
          11          30  -1.0714518396253849E-011
          11          31  -5.0178946183333940E-012
          11          32  -1.3618961690925178E-011
          11          33  -3.3968472590146806E-013
          11          34   5.6193697156501816E-012
          11          35   8.9302254959200765E-012
          11          36  -1.2548422345904243E-011
          11          37  -5.2264526314494280E-012
          11          38   2.6101120924028168E-011
          11          39   1.3723188671674726E-011
          11          40   4.8540645247971905E-011
          11          41   9.8435516002897492E-012
          11          42  -2.7567607397988785E-011
          11          43   6.1924317150285168E-011
          11          44  -1.4514629922546572E-011
          11          45   7.2899886554150199E-013
          11          46  -3.7455517826115859E-011
          11          47  -4.2734218653597145E-012
          11          48   6.9708969214169031E-013
          11          49  -2.9473668078488002E-011
          11          50   6.8311372375739208E-003
          11          51  -5.1085581062245144E-011
          11          52  -4.2439155153252573E-003
          11          53   3.3866575484102835E-011
          11          54   1.4974228627347641E-009
          11          55  -1.6300596542068028E-010
          11          56  -1.1458283665694844E-009
          11          57  -2.0615860712812680E-003
          11          58  -8.1065718984022136E-012
          11          59   2.8928615382752140E-011
          11          60   1.0129226460182422E-002
          11          61  -5.6590216963421729E-011
          11          62  -2.9608947674081149E-003
          11          63   2.4296139662170065E-011
          11          64   8.6120689580194508E-010
          11          65  -3.5195299249175441E-010
          11          66  -1.1347921858327811E-009
          11          67   1.7109558924142047E-003
          11          68  -1.1164258580024473E-011
          11          69   1.2616196051130965E-010
          12           1  -3.5294662787421031E-012
          12           2   1.0205991910871440E-011
          12           3   3.1735482615665709E-012
          12           4   2.9630371637625667E-011
          12           5  -4.9520787278420675E-012
          12           6  -3.6484819831350232E-011
          12           7   5.5446083598621601E-011
          12           8   3.2789595574335148E-011
          12           9 -0.43793118114424523     
          12          10  -4.2874993067088266E-010
          12          11  -2.7649413637526858E-011
          12          12  0.80592157942988063     
          12          13   7.8549282162644242E-010
          12          14   6.0473863050622432E-011
          12          15 -0.54242512357413197     
          12          16  -2.0198492231189351E-010
          12          17   2.4836051672257099E-011
          12          18  -5.9742942368971499E-002
          12          19   1.5191159306079783E-010
          12          20  -1.1015218690039440E-011
          12          21   7.3736905199592133E-003
          12          22   6.4706351645715496E-011
          12          23  -4.4280312693910325E-012
          12          24   1.3371825943039504E-003
          12          25   7.0961542292052988E-013
