           1           1   2.1174173922519399     
           1           2   1.4838621906437188     
           1           3  0.22805773824497691     
           1           4  0.57962883976705193     
           1           5  0.54712409890530334     
           1           6 -0.54802938910692967     
           1           7  0.33244188366658323     
           1           8   4.5308243362788704E-014
           1           9  -4.4057638856132609E-014
           1          10  -8.7588490006563190E-015
           1          11   1.5421919906842016E-013
           1          12  -1.1443992283526808E-013
           1          13  -5.3707173043646913E-014
           1          14  -3.4806346344335709E-015
           1          15   5.7011321489403105E-014
           1          16   5.3466428234096642E-015
           1          17   3.5236969686458833E-014
           1          18  -2.4686964381043834E-013
           1          19  -1.7947774687983830E-015
           1          20  -5.0998559009215143E-014
           1          21   3.5836656248668060E-013
           1          22   5.1139750771037363E-015
           1          23   1.7261455099706569E-014
           1          24  -1.2436531788053569E-013
           1          25  -2.5762892194690872E-015
           1          26 -0.47902354414555326     
           1          27   1.3112983493342340E-013
           1          28 -0.47902354414585124     
           1          29   3.3442898243125116E-013
           1          30   2.8639072533144413E-013
           1          31 -0.47902354414584103     
           1          32 -0.29565394312007709     
           1          33   4.8608631736593185E-014
           1          34 -0.29565394312009835     
           1          35  -9.6887396011954278E-017
           1          36  -1.7281326356606476E-015
           1          37 -0.29565394312006726     
           1          38 -0.79480064990293031     
           1          39   6.9685285872710207E-014
           1          40 -0.79480064990315635     
           1          41   2.8535064691499140E-013
           1          42   2.5319157868431425E-013
           1          43 -0.79480064990315236     
           1          44  0.53799425290153813     
           1          45  -5.4553876328295814E-014
           1          46  0.53799425290176528     
           1          47  -2.8793949006461926E-013
           1          48  -2.5168843128584555E-013
           1          49  0.53799425290176828     
           1          50  -4.6596526454073505E-014
           1          51   9.5416614635622200E-015
           1          52  -1.6885672379927255E-014
           1          53   3.9691465091945866E-014
           1          54   5.3858944498090835E-015
           1          55  -4.1340566287815284E-016
           1          56   8.3160120201952269E-015
           1          57  -6.7726117917090552E-015
           1          58   2.4133191807700702E-014
           1          59   1.9771465239578696E-014
           1          60  -4.9047110957659821E-014
           1          61   4.8658716650601759E-015
           1          62  -1.7964044741952359E-014
           1          63   1.8953691795503072E-014
           1          64   5.6779056965701890E-015
           1          65  -4.9772106550656164E-016
           1          66   2.8951087688603729E-015
           1          67  -1.8021678386882142E-014
           1          68   4.6413216092074204E-015
           1          69   1.5300196902592760E-014
           2           1   1.4838621906437188     
           2           2   21.702698903722805     
           2           3   7.8580131416306278     
           2           4   12.609804189779611     
           2           5   4.8051771017353175     
           2           6  -7.5483976880806773     
           2           7   4.4833925157023407     
           2           8   8.1225113708902114E-013
           2           9  -7.2071305801367843E-013
           2          10  -8.0660039725355955E-014
           2          11   1.9742291054750273E-012
           2          12  -1.0013424995791402E-012
           2          13  -4.9166631094920917E-013
           2          14  -8.2037025023545967E-014
           2          15   1.1318000427059909E-012
           2          16   4.9603979617984446E-014
           2          17   6.5812989614294322E-013
           2          18  -4.8670267242953587E-012
           2          19  -1.0990507561183273E-014
           2          20  -9.6441760091080065E-013
           2          21   7.1756415499860502E-012
           2          22   5.1397872953602949E-014
           2          23   3.4747574634812030E-013
           2          24  -2.5529160099017208E-012
           2          25  -3.1806906777408469E-014
           2          26  -7.0778805345204905     
           2          27   1.5344050521893975E-012
           2          28  -7.0778805345235645     
           2          29   3.4344951353987863E-012
           2          30   3.0959324271357100E-012
           2          31  -7.0778805345236719     
           2          32  -6.6238769426326609     
           2          33   4.1612117576484452E-013
           2          34  -6.6238769426328314     
           2          35   1.0781611145059040E-014
           2          36  -9.4549800759140914E-014
           2          37  -6.6238769426326494     
           2          38  -6.8615606036659038     
           2          39   9.3308382727518661E-013
           2          40  -6.8615606036682824     
           2          41   2.9234465451407635E-012
           2          42   2.7524538622643770E-012
           2          43  -6.8615606036683996     
           2          44   5.3707918686708718     
           2          45  -8.1790727921901355E-013
           2          46   5.3707918686732583     
           2          47  -2.9426493939858180E-012
           2          48  -2.7871451562770580E-012
           2          49   5.3707918686733800     
           2          50  -5.7485880050977605E-013
           2          51   1.1035491434927721E-013
           2          52  -2.1423460368007996E-013
           2          53   4.1974128625198794E-013
           2          54   5.3468931181153483E-014
           2          55  -3.0936985512906214E-015
           2          56   7.3480386864627915E-014
           2          57  -1.2848388190633959E-013
           2          58   2.4234730490016067E-013
           2          59   1.8193768424263770E-013
           2          60  -5.9992431753142947E-013
           2          61  -4.2516938518297670E-014
           2          62  -2.3658619130663007E-013
           2          63  -2.0553037102867639E-014
           2          64   5.3739727209035283E-014
           2          65  -2.7818690944659102E-015
           2          66   2.3930223719950134E-014
           2          67  -2.2421974019513528E-013
           2          68  -4.1509540460633539E-014
           2          69   1.3917002657967898E-013
           3           1  0.22805773824497691     
           3           2   7.8580131416306278     
           3           3   3.1265945982654402     
           3           4   4.8907710626956966     
           3           5   1.2116734002720220     
           3           6  -2.5307515262829439     
           3           7   1.4834554885449209     
           3           8   3.9558979318539765E-013
           3           9  -2.7665896614961513E-013
           3          10  -1.8073001691031577E-014
           3          11   4.0682965294029515E-012
           3          12  -2.8576379182744597E-012
           3          13  -2.3389493579934393E-014
           3          14  -6.9095544493798829E-014
           3          15   4.6590860140362683E-013
           3          16   1.4779181424171206E-014
           3          17   4.9404507920497556E-013
           3          18  -2.0600768474366182E-012
           3          19   6.0804621185145006E-015
           3          20  -6.9632130106085141E-013
           3          21   3.0217747790932999E-012
           3          22   3.4222055098865847E-015
           3          23   2.3689035384932402E-013
           3          24  -1.0675677626755652E-012
           3          25  -5.9491355725108010E-015
           3          26  -2.4588561617502136     
           3          27   1.5074226427909123E-012
           3          28  -2.4588561617519225     
           3          29   1.8792802899379757E-012
           3          30   2.2229013598150175E-012
           3          31  -2.4588561617531246     
           3          32  -2.6150762023119234     
           3          33   8.6683791838938220E-014
           3          34  -2.6150762023119167     
           3          35   9.0761976680131693E-016
           3          36  -3.7272526596017724E-014
           3          37  -2.6150762023119216     
           3          38  -1.7030247627028441     
           3          39   1.2176772618478775E-012
           3          40  -1.7030247627042785     
           3          41   1.6171500036354958E-012
           3          42   1.9436574549051006E-012
           3          43  -1.7030247627053066     
           3          44   1.4924149359335048     
           3          45  -1.1977082234829856E-012
           3          46   1.4924149359349634     
           3          47  -1.6217126375159255E-012
           3          48  -1.9597383938588534E-012
           3          49   1.4924149359359644     
           3          50  -1.2079417213056991E-012
           3          51   3.8272670242665690E-013
           3          52  -5.2528506756670375E-013
           3          53   9.0582036818955614E-013
           3          54   9.9520047557486581E-016
           3          55  -2.2770954774673288E-015
           3          56   8.0092420586105142E-015
           3          57  -5.0837069956276687E-013
           3          58   4.2072270785194718E-013
           3          59   1.4786567806034753E-014
           3          60  -1.1635147053685002E-012
           3          61   2.9893221251527677E-013
           3          62  -5.1285468142084113E-013
           3          63   6.8954697883638078E-013
           3          64   2.6288092747509080E-016
           3          65  -1.3750432604786033E-015
           3          66  -1.0081923407876792E-014
           3          67  -5.0828944505942734E-013
           3          68   2.9759787915083149E-013
           3          69   5.8350392737375729E-015
           4           1  0.57962883976705193     
           4           2   12.609804189779611     
           4           3   4.8907710626956966     
           4           4   7.9318929391144017     
           4           5   2.0045509088140312     
           4           6  -4.1337994818490937     
           4           7   2.4180632961482456     
           4           8   4.8479071613156866E-013
           4           9  -4.4474088130500861E-013
           4          10  -4.8479839706267947E-014
           4          11   4.1148599956781704E-012
           4          12  -3.3440493678775578E-012
           4          13  -2.2675248214237694E-013
           4          14  -7.0338121676538861E-014
           4          15   7.3835284875444493E-013
           4          16   3.4993037098359097E-014
           4          17   6.2781328868177746E-013
           4          18  -3.2622277298889240E-012
           4          19  -5.9970699493305114E-017
           4          20  -8.9219875068167989E-013
           4          21   4.7839960374908997E-012
           4          22   2.3905625658616535E-014
           4          23   3.1319732899605566E-013
           4          24  -1.6918566196452076E-012
           4          25  -1.6153986122682191E-014
           4          26  -4.1943481869287353     
           4          27   2.0054118752247632E-012
           4          28  -4.1943481869315482     
           4          29   3.1166037841803623E-012
           4          30   3.3117778549692445E-012
           4          31  -4.1943481869325421     
           4          32  -4.3420322866641996     
           4          33   1.3354821768223797E-013
           4          34  -4.3420322866642049     
           4          35  -4.0450276909960203E-015
           4          36  -4.4080538768357714E-014
           4          37  -4.3420322866642120     
           4          38  -2.8678889782856865     
           4          39   1.6189604199019478E-012
           4          40  -2.8678889782880845     
           4          41   2.6914339968381880E-012
           4          42   2.8934534500920399E-012
           4          43  -2.8678889782889185     
           4          44   2.4778704850863025     
           4          45  -1.5843304406127112E-012
           4          46   2.4778704850887201     
           4          47  -2.7010798258478799E-012
           4          48  -2.9100242746697055E-012
           4          49   2.4778704850895137     
           4          50  -1.2191736430096730E-012
           4          51   4.3966933171752451E-013
           4          52  -5.1467814543764749E-013
           4          53   1.0796044216091979E-012
           4          54   2.8441937044667098E-014
           4          55  -7.0198130412551607E-015
           4          56   4.3926793675974233E-014
           4          57  -4.9633827861723224E-013
           4          58   5.1467225664779134E-013
           4          59   7.8031290765928786E-014
           4          60  -1.1950166477640094E-012
           4          61   3.2004642944244814E-013
           4          62  -5.1992764798519466E-013
           4          63   7.5804560905103245E-013
           4          64   2.1359550444629123E-014
           4          65  -3.8492398844048197E-015
           4          66   6.4508391956666560E-016
           4          67  -5.1308016124504742E-013
           4          68   3.1375338024738488E-013
           4          69   6.1132061377921868E-014
           5           1  0.54712409890530334     
           5           2   4.8051771017353175     
           5           3   1.2116734002720220     
           5           4   2.0045509088140312     
           5           5   2.2479650845128605     
           5           6  -2.0991124132961998     
           5           7   1.2967374697787404     
           5           8   1.0812420271185123E-014
           5           9  -6.8331610841650768E-014
           5          10  -2.0383117192029328E-014
           5          11  -1.2966303699180032E-012
           5          12   8.8832550648876161E-013
           5          13  -1.8133772744934237E-013
           5          14  -6.1044608703012696E-015
           5          15   1.7223204360120829E-013
           5          16   8.1944190241280371E-015
           5          17  -2.0708298156588642E-014
           5          18  -6.9528558698668489E-013
           5          19  -7.9784369970512759E-015
           5          20   1.5503817884473167E-014
           5          21   1.0264086837286929E-012
           5          22   1.8991698753611991E-014
           5          23  -5.9471521362932113E-015
           5          24  -3.6335630796650001E-013
           5          25  -1.0954122427120884E-014
           5          26  -1.6403017811279592     
           5          27  -2.4726686221015915E-013
           5          28  -1.6403017811281151     
           5          29   1.8255646982518852E-013
           5          30  -2.8011286303025614E-014
           5          31  -1.6403017811276630     
           5          32 -0.87196337914592803     
           5          33   2.4037333624291066E-013
           5          34 -0.87196337914611288     
           5          35   9.5860539120393685E-015
           5          36  -3.2603132835318147E-014
           5          37 -0.87196337914590016     
           5          38  -3.2377677883249345     
           5          39  -4.5103394277028605E-013
           5          40  -3.2377677883248488     
           5          41   1.1914149988968132E-013
           5          42   8.5324862860841463E-015
           5          43  -3.2377677883245131     
           5          44   2.1835632194642263     
           5          45   5.2330027124747451E-013
           5          46   2.1835632194641050     
           5          47  -1.2886087987937964E-013
           5          48  -1.7808202855463735E-014
           5          49   2.1835632194638386     
           5          50   3.6897556008765000E-013
           5          51  -1.3137932945762167E-013
           5          52   1.7101748299175729E-013
           5          53  -2.3797124103981225E-013
           5          54   1.5257832007414060E-014
           5          55   4.5228635589233071E-015
           5          56   1.6947036044386852E-014
           5          57   2.2939349094317513E-013
           5          58  -8.9664294367098041E-014
           5          59   7.5413761412331703E-014
           5          60   3.5828966217706058E-013
           5          61  -1.4447695810069365E-013
           5          62   1.7484398793056979E-013
           5          63  -2.9888589216718405E-013
           5          64   2.2451747397126542E-014
           5          65   1.4920070949358377E-015
           5          66   1.7840353947837651E-014
           5          67   1.7787846649041994E-013
           5          68  -1.3716917884386679E-013
           5          69   5.4559523994874298E-014
           6           1 -0.54802938910692967     
           6           2  -7.5483976880806773     
           6           3  -2.5307515262829439     
           6           4  -4.1337994818490937     
           6           5  -2.0991124132961998     
           6           6   2.7929417226619622     
           6           7  -1.6753016885174064     
           6           8  -2.9959055327959236E-013
           6           9   1.7829967588141110E-013
           6          10   2.8051095569088538E-014
           6          11  -1.3065758398683163E-012
           6          12   4.0727978821933778E-013
           6          13   1.4249314116779000E-013
           6          14   3.8055502665989192E-014
           6          15  -3.7226705583871474E-013
           6          16  -1.7377093727653554E-014
           6          17  -2.5967059717147047E-013
           6          18   1.6018387270077374E-012
           6          19   1.1664896928560344E-015
           6          20   3.7521958029600514E-013
           6          21  -2.3551985350714711E-012
           6          22  -1.5416402345383000E-014
           6          23  -1.2836534227311857E-013
           6          24   8.3450837133692276E-013
           6          25   1.1115057168707422E-014
           6          26   2.5410047891720118     
           6          27  -5.8680129197799154E-013
           6          28   2.5410047891730470     
           6          29  -1.2481726178323865E-012
           6          30  -1.0597721224169165E-012
           6          31   2.5410047891732996     
           6          32   2.1284666106614276     
           6          33  -1.9446519498083943E-013
           6          34   2.1284666106615422     
           6          35  -4.2495867346874820E-015
           6          36   3.5111797960515479E-014
           6          37   2.1284666106614152     
           6          38   3.0172090419379556     
           6          39  -3.2192985093554459E-013
           6          40   3.0172090419387052     
           6          41  -1.0547661469596265E-012
           6          42  -9.4715336996472845E-013
           6          43   3.0172090419389477     
           6          44  -2.2347879202095382     
           6          45   2.6541744585150433E-013
           6          46  -2.2347879202102732     
           6          47   1.0642245304010654E-012
           6          48   9.5847257616123711E-013
           6          49  -2.2347879202105432     
           6          50   3.8861358167386993E-013
           6          51  -4.4704708851716344E-014
           6          52   1.5878835823167394E-013
           6          53  -1.6954763173441670E-013
           6          54  -1.2985106306241026E-014
           6          55  -8.8316908189641913E-017
           6          56  -1.9787525508732890E-014
           6          57   1.1688599000823475E-013
           6          58  -9.7820136962616955E-014
           6          59  -5.9225026971762979E-014
           6          60   3.8523173546828605E-013
           6          61   5.7505004110513155E-015
           6          62   1.5803938038372871E-013
           6          63  -1.7523937723594683E-014
           6          64  -1.4982919879518335E-014
           6          65   5.4548718195757513E-016
           6          66  -4.4896462165056497E-015
           6          67   1.5369216567819918E-013
           6          68   3.7247096138782136E-015
           6          69  -4.1151939101270724E-014
           7           1  0.33244188366658323     
           7           2   4.4833925157023407     
           7           3   1.4834554885449209     
           7           4   2.4180632961482456     
           7           5   1.2967374697787404     
           7           6  -1.6753016885174064     
           7           7   1.0071563728934456     
           7           8   4.1124520728188420E-014
           7           9  -1.3981114591546521E-013
           7          10  -2.0747547713588649E-014
           7          11  -3.4390781179910910E-014
           7          12  -5.1113041928319929E-013
           7          13  -1.5151715953170589E-013
           7          14  -1.1605347846090141E-014
           7          15   2.2185858636372053E-013
           7          16   1.0752072389668271E-014
           7          17   9.4486040279343992E-014
           7          18  -9.5589996989760079E-013
           7          19  -5.5844848484189550E-015
           7          20  -1.4127495500437742E-013
           7          21   1.4032918791249763E-012
           7          22   1.5622823066894370E-014
           7          23   5.1292845000574802E-014
           7          24  -4.9555721404933732E-013
           7          25  -8.5957704926596780E-015
           7          26  -1.5049061067247880     
           7          27   3.1052508346155868E-013
           7          28  -1.5049061067254768     
           7          29   6.9310561088779212E-013
           7          30   7.5718721206680508E-013
           7          31  -1.5049061067253837     
           7          32  -1.2337242523802392     
           7          33   1.2223716670529535E-013
           7          34  -1.2337242523803129     
           7          35   3.0800922654528869E-015
           7          36  -2.2415934606032344E-014
           7          37  -1.2337242523802312     
           7          38  -1.8631758944197618     
           7          39   1.5114213091715749E-013
           7          40  -1.8631758944202632     
           7          41   5.8326230287242244E-013
           7          42   6.7375809740672028E-013
           7          43  -1.8631758944201995     
           7          44   1.3683171657514515     
           7          45  -1.1557284651412560E-013
           7          46   1.3683171657519431     
           7          47  -5.8901787785575265E-013
           7          48  -6.8105710004527024E-013
           7          49   1.3683171657518984     
           7          50   2.8878663013268278E-016
           7          51   6.1243987093780991E-014
           7          52   8.6951939909722451E-015
           7          53   1.7855723981561336E-013
           7          54   1.6235541743662795E-014
           7          55   3.7942615545301899E-016
           7          56   2.0032448250156905E-014
           7          57   3.5565302925969847E-014
           7          58   9.2921513750661138E-014
           7          59   5.5605871403660259E-014
           7          60  -4.6954612808160842E-016
           7          61   3.0798267113048603E-014
           7          62   8.4865621226843130E-015
           7          63   8.7009894350498076E-014
           7          64   1.7494670729042916E-014
           7          65  -1.8363133546332300E-016
           7          66   1.1471024466486664E-014
           7          67   1.1094136645350985E-014
           7          68   3.2433391992413823E-014
           7          69   4.3525892381913742E-014
           8           1   4.5308243362788704E-014
           8           2   8.1225113708902114E-013
           8           3   3.9558979318539765E-013
           8           4   4.8479071613156866E-013
           8           5   1.0812420271185123E-014
           8           6  -2.9959055327959236E-013
           8           7   4.1124520728188420E-014
           8           8   1.9331432240207467     
           8           9   2.2620794126737558E-014
           8          10  -9.0795426732625894E-015
           8          11   1.3751590478562965     
           8          12  -4.9515946898282222E-014
           8          13  -2.1670165661902180E-014
           8          14  -4.8423546340377918E-002
           8          15  -8.6177592839576227E-014
           8          16  -9.7152104069908438E-015
           8          17   9.5938989127749896E-002
           8          18  -2.2967738821931383E-014
           8          19  -1.4860508656955312E-014
           8          20 -0.14500890277362638     
           8          21   5.8841820305110475E-015
           8          22   4.7323256424647163E-015
           8          23   3.5790295524325104E-002
           8          24  -2.7255975254546795E-014
           8          25   5.2583805365548740E-016
           8          26   4.8907337856281824E-013
           8          27  -7.3231469778544489E-016
           8          28  -5.3649975631666170E-013
           8          29   1.6860949352117037E-013
           8          30   6.3507122382278117E-013
           8          31  -4.9927971015569937E-013
           8          32  -3.0139449313822275E-013
           8          33   1.3184697248709877E-013
           8          34  -3.7900604637100735E-013
           8          35   4.3951508851788691E-014
           8          36   2.9270741170107975E-014
           8          37  -2.9629261912251596E-013
           8          38   5.7524334967809234E-013
           8          39  -2.3139563979284443E-014
           8          40  -2.0599851430642839E-013
           8          41   1.2590429769534530E-013
           8          42   5.2158131102557351E-013
           8          43  -3.1915620128560044E-013
           8          44  -5.5861266082800999E-013
           8          45   8.1726869957969937E-014
           8          46   2.4327796671061931E-013
           8          47  -1.2084877692846102E-013
           8          48  -5.1824979920343883E-013
           8          49   3.5358027380780479E-013
           8          50 -0.23100474404770066     
           8          51   1.2462253451417431E-014
           8          52 -0.10331056154911658     
           8          53  -7.7715611723761194E-015
           8          54  -4.9292167569880948E-014
           8          55  -6.9408019659667797E-015
           8          56  -3.7365943672540022E-015
           8          57 -0.10331056154915008     
           8          58  -2.0261570199409151E-014
           8          59   3.9980171950837360E-014
           8          60 -0.36766087558814314     
           8          61   3.3334446314370432E-014
           8          62 -0.16437785420508907     
           8          63   5.3124171728313923E-014
           8          64   2.3670301829703312E-015
           8          65   1.3441505292909558E-014
           8          66  -1.1729332782817206E-014
           8          67 -0.16437785420510240     
           8          68   3.2723823650826552E-014
           8          69   3.1754113227755410E-014
           9           1  -4.4057638856132609E-014
           9           2  -7.2071305801367843E-013
           9           3  -2.7665896614961513E-013
           9           4  -4.4474088130500861E-013
           9           5  -6.8331610841650768E-014
           9           6   1.7829967588141110E-013
           9           7  -1.3981114591546521E-013
           9           8   2.2620794126737558E-014
           9           9   1.9331432240207129     
           9          10  -5.2319260035460541E-015
           9          11   1.0325074129013952E-013
           9          12   1.3751590478559570     
           9          13   7.6882944455291917E-015
           9          14  -2.6818824938601635E-015
           9          15  -4.8423546340447189E-002
           9          16   4.2194980148790830E-015
           9          17   1.9220736113823042E-014
           9          18   9.5938989127718435E-002
           9          19   2.1856648435569781E-014
           9          20  -9.5479180117763794E-015
           9          21 -0.14500890277361578     
           9          22  -4.9090939646667664E-014
           9          23  -7.4384942649885441E-015
           9          24   3.5790295524310699E-002
           9          25   3.7849064160599959E-014
           9          26   2.7007596902029453E-013
           9          27  -3.1541084193744268E-014
           9          28   1.0727859795188762E-013
           9          29   8.4081565871650036E-014
           9          30   7.3547732791282005E-014
           9          31   1.4986820246066786E-013
           9          32   2.1234031002421029E-013
           9          33  -1.6830694191755091E-014
           9          34   2.2479336573985120E-013
           9          35   2.1078926230775432E-015
           9          36  -5.1809007657342019E-014
           9          37   2.0458743959788404E-013
           9          38   1.3365782137274204E-013
           9          39  -2.2648748374981578E-014
           9          40   1.4627540134828134E-016
           9          41   6.1944777498908898E-014
           9          42   8.0579637183000538E-014
           9          43   5.3573054888517380E-014
           9          44  -1.5078049357241915E-013
           9          45   1.3108263101662601E-014
           9          46  -2.0794096319357299E-014
           9          47  -7.0425385747254539E-014
           9          48  -1.1563420269267495E-013
           9          49  -6.0320378310059832E-014
           9          50  -6.2838623193783873E-014
           9          51 -0.10331056154912149     
           9          52  -1.3905543383430092E-014
           9          53 -0.23100474404756266     
           9          54  -4.0020070590784995E-015
           9          55   1.0691940807853295E-014
           9          56  -1.4203048459560116E-014
           9          57  -8.3821838359198893E-015
           9          58 -0.10331056154912718     
           9          59   4.5987519348145369E-015
           9          60  -2.8255175976710221E-014
           9          61 -0.16437785420503570     
           9          62  -1.9956258867637176E-014
           9          63 -0.36766087558799126     
           9          64  -5.0662599115902612E-015
           9          65   2.6113627886803858E-015
           9          66   4.9847279082193599E-015
           9          67  -1.2351231148954851E-014
           9          68 -0.16437785420506032     
           9          69   4.1425196606326240E-015
          10           1  -8.7588490006563190E-015
          10           2  -8.0660039725355955E-014
          10           3  -1.8073001691031577E-014
          10           4  -4.8479839706267947E-014
          10           5  -2.0383117192029328E-014
          10           6   2.8051095569088538E-014
          10           7  -2.0747547713588649E-014
          10           8  -9.0795426732625894E-015
          10           9  -5.2319260035460541E-015
          10          10   1.9331432240207596     
          10          11  -1.4953316362919967E-014
          10          12  -4.5970172113385527E-014
          10          13   1.3751590478562263     
          10          14   8.5043734207591098E-015
          10          15   2.4063867218313396E-015
          10          16  -4.8423546340404543E-002
          10          17   2.7248168998905078E-015
          10          18  -1.9515639103825801E-017
          10          19   9.5938989127765897E-002
          10          20   2.7920374345847751E-015
          10          21   5.4938692484171967E-015
          10          22 -0.14500890277366971     
          10          23  -6.2038048309622161E-016
          10          24  -1.4955484767260317E-015
          10          25   3.5790295524356260E-002
          10          26   5.0984216635421142E-013
          10          27   1.3907754794573105E-013
          10          28  -1.8790054998733988E-013
          10          29   6.6257396487943435E-013
          10          30   6.2787106564986130E-013
          10          31  -1.9998417735320226E-013
          10          32   2.7964444008616260E-014
          10          33   5.7293691608885291E-015
          10          34   2.5486329735700909E-014
          10          35   2.7524640767206384E-015
          10          36   1.2713637866336654E-015
          10          37   3.4822841097902608E-014
          10          38   4.4116251929596046E-013
          10          39   1.1840568849458263E-013
          10          40  -1.5784083366168316E-013
          10          41   5.6922833333786681E-013
          10          42   5.3973761130872190E-013
          10          43  -1.7770924922412148E-013
          10          44  -4.3357572581582456E-013
          10          45  -1.1687476225934228E-013
          10          46   1.6478563593456488E-013
          10          47  -5.7173875403818431E-013
          10          48  -5.3958698509816659E-013
          10          49   1.9093316263774100E-013
          10          50   6.6613381477509653E-015
          10          51   1.7016769937594518E-014
          10          52   7.3352782181679462E-015
          10          53   1.1633055629900454E-014
          10          54 -0.10331056154917344     
          10          55   5.4773512263156255E-015
          10          56 -0.10331056154916354     
          10          57   4.7158457694428183E-015
          10          58   1.7132129048746922E-014
          10          59 -0.23100474404764151     
          10          60   4.9005938196344438E-015
          10          61   1.1039780201116462E-014
          10          62  -3.7756256454635632E-015
          10          63   4.1563974484405371E-015
          10          64 -0.16437785420510084     
          10          65  -3.6766041334879996E-015
          10          66 -0.16437785420510315     
          10          67  -2.6489227478166333E-015
          10          68   3.7018998977345418E-015
          10          69 -0.36766087558809363     
          11           1   1.5421919906842016E-013
          11           2   1.9742291054750273E-012
          11           3   4.0682965294029515E-012
          11           4   4.1148599956781704E-012
          11           5  -1.2966303699180032E-012
          11           6  -1.3065758398683163E-012
          11           7  -3.4390781179910910E-014
          11           8   1.3751590478562965     
          11           9   1.0325074129013952E-013
          11          10  -1.4953316362919967E-014
          11          11   15.722338306810084     
          11          12  -2.7711166694644049E-013
          11          13   9.6728181020467319E-014
          11          14 -0.20690492470538757     
          11          15  -5.2156889918109315E-013
          11          16   5.5349388267123084E-014
          11          17   1.1198299267045966     
          11          18  -1.4621637234312393E-013
          11          19  -7.2122863237211707E-014
          11          20  -1.5173823622911702     
          11          21   8.2489570729635525E-014
          11          22  -3.2786273695961736E-014
          11          23  0.45740846809804747     
          11          24  -2.2862267634593061E-013
          11          25   1.3011900584780644E-013
          11          26   2.0861352949938209E-012
          11          27   1.3328334178426627E-014
          11          28  -3.0270046035751378E-012
          11          29   7.4924859628457052E-013
          11          30   3.2646498480725389E-012
          11          31  -2.9331288986318673E-012
          11          32  -2.3224366849791146E-012
          11          33   5.4229098269246270E-013
          11          34  -2.8271247984341884E-012
          11          35   1.7660522833441941E-013
          11          36   3.3477094263184817E-014
          11          37  -2.3630822390525980E-012
          11          38   4.1704533294961961E-012
          11          39  -8.6357830894205413E-014
          11          40   3.3227949066448574E-013
          11          41   4.9423885118795421E-013
          11          42   2.7165538169779531E-012
          11          43  -2.3762593945159679E-013
          11          44  -3.1257389805433749E-012
          11          45   3.1675690566019643E-013
          11          46   6.5980616816161791E-013
          11          47  -5.3497191127100680E-013
          11          48  -2.7866635183149506E-012
          11          49   1.3768893940249574E-012
          11          50  -4.6175845980009500     
          11          51   8.4043882964124640E-014
          11          52  -2.0650866377193782     
          11          53  -1.2789769243681816E-013
          11          54  -2.7843352623513325E-013
          11          55   5.3352592335958954E-015
          11          56  -7.5366796137288121E-014
          11          57  -2.0650866377194803     
          11          58  -1.0902390101819062E-013
          11          59   1.6948942249683728E-013
          11          60  -4.4368506112369142     
          11          61   2.5635049638594925E-013
          11          62  -1.9838403415022783     
          11          63   3.5926817076870172E-013
          11          64  -4.2323783366882272E-014
          11          65   7.7365369387436421E-014
          11          66  -9.0254193008121471E-014
          11          67  -1.9838403415023063     
          11          68   1.3522516439934442E-013
          11          69   8.6972096191572923E-014
          12           1  -1.1443992283526808E-013
          12           2  -1.0013424995791402E-012
          12           3  -2.8576379182744597E-012
          12           4  -3.3440493678775578E-012
          12           5   8.8832550648876161E-013
          12           6   4.0727978821933778E-013
          12           7  -5.1113041928319929E-013
          12           8  -4.9515946898282222E-014
          12           9   1.3751590478559570     
          12          10  -4.5970172113385527E-014
          12          11  -2.7711166694644049E-013
          12          12   15.722338306807851     
          12          13  -1.2045919817183019E-013
          12          14   3.3251179587522656E-014
          12          15 -0.20690492470571331     
          12          16  -1.2706068835965935E-013
          12          17  -2.8643754035328256E-014
          12          18   1.1198299267043836     
          12          19   3.0185923205472415E-013
          12          20   4.6074255521942677E-014
          12          21  -1.5173823622911249     
          12          22  -4.8370682459442084E-013
          12          23  -1.6181500583911455E-014
          12          24  0.45740846809806246     
          12          25   1.7054760381718369E-013
