           1           1   2.2081641284811830     
           1           2 -0.83587850782356665     
           1           3  0.36554324860815529     
           1           4   8.0406630957457009E-002
           1           5   2.2699304739688964E-013
           1           6   1.1653836547988329E-013
           1           7   1.8499725847041532E-013
           1           8   2.5819162875068562E-014
           1           9  -1.1660544449402181E-014
           1          10  -1.6937140425152292E-014
           1          11  -1.9620538337711587E-015
           1          12  -7.3624789944960337E-015
           1          13   1.9618669722587466E-014
           1          14  -8.4159755815417653E-002
           1          15   5.0982426283173101E-015
           1          16  -8.4159755815441148E-002
           1          17   1.1270012607252809E-014
           1          18  -8.7618605637050302E-015
           1          19  -8.4159755815452056E-002
           2           1 -0.83587850782356665     
           2           2   3.7145819507558775     
           2           3  -2.6074280730843586     
           2           4 -0.51618967616352740     
           2           5  -7.8914881515083764E-013
           2           6  -4.1041066931776376E-013
           2           7  -6.4199877947566163E-013
           2           8  -3.2918508096578465E-014
           2           9   4.5098598359923024E-014
           2          10   9.8534211591678966E-014
           2          11   5.7705373956214723E-015
           2          12   5.0809811408252043E-014
           2          13  -7.8796012197597301E-014
           2          14  0.52192681527810814     
           2          15  -1.9372642252807912E-014
           2          16  0.52192681527822060     
           2          17  -4.1835891377770628E-014
           2          18   2.8137324039048116E-014
           2          19  0.52192681527825913     
           3           1  0.36554324860815529     
           3           2  -2.6074280730843586     
           3           3   4.2590186625892157     
           3           4  0.74502867930554983     
           3           5   1.2784888392334017E-013
           3           6   6.8112182143234343E-014
           3           7   9.2386610624912754E-014
           3           8  -1.3209082443681392E-013
           3           9  -8.0404710661794473E-014
           3          10  -1.1070852905471663E-013
           3          11  -4.6317067705200044E-014
           3          12  -4.7020566478452883E-014
           3          13   1.0615524785767839E-014
           3          14 -0.70119783525480384     
           3          15   4.7971171586638770E-015
           3          16 -0.70119783525484425     
           3          17   8.0140172211492722E-015
           3          18  -2.4531375936979182E-014
           3          19 -0.70119783525486201     
           4           1   8.0406630957457009E-002
           4           2 -0.51618967616352740     
           4           3  0.74502867930554983     
           4           4  0.16614017533011968     
           4           5   5.5619908668698859E-014
           4           6   2.8804040954306285E-014
           4           7   4.3725086463580859E-014
           4           8   2.3183964125650782E-014
           4           9   4.0721845034184938E-015
           4          10   1.5636541748042318E-014
           4          11   2.6519083639550297E-014
           4          12   1.0459011413038907E-014
           4          13   3.8802431301986046E-014
           4          14 -0.10348454773397947     
           4          15   2.9144593095559559E-015
           4          16 -0.10348454773399163     
           4          17   2.1369654066381057E-015
           4          18  -6.5861050063227069E-015
           4          19 -0.10348454773399859     
           5           1   2.2699304739688964E-013
           5           2  -7.8914881515083764E-013
           5           3   1.2784888392334017E-013
           5           4   5.5619908668698859E-014
           5           5   2.2849138197699359     
           5           6  -2.9568361648024677E-015
           5           7   6.2450045135165055E-016
           5           8  0.67243390314107354     
           5           9  -1.8509499488672532E-015
           5          10   4.1078251911130792E-015
           5          11  0.13215112494752884     
           5          12   1.7139067942650854E-015
           5          13  -3.9065972678997696E-015
           5          14  -8.3693009139019218E-014
           5          15  -9.5626589217258826E-015
           5          16  -5.6806848623943581E-014
           5          17  -5.5232602317765476E-015
           5          18   2.4480640896158068E-015
           5          19  -6.3147159601656363E-014
           6           1   1.1653836547988329E-013
           6           2  -4.1041066931776376E-013
           6           3   6.8112182143234343E-014
           6           4   2.8804040954306285E-014
           6           5  -2.9568361648024677E-015
           6           6   2.2849138197699412     
           6           7  -6.8868521996279242E-016
           6           8  -1.1136924715771102E-015
           6           9  0.67243390314107521     
           6          10  -1.7451318168326679E-015
           6          11  -1.7377592420597665E-015
           6          12  0.13215112494753223     
           6          13   3.9855271860567143E-016
           6          14  -3.5327767207618980E-014
           6          15  -1.2794368149881181E-014
           6          16  -4.5490511885213695E-014
           6          17   1.5830524362242969E-015
           6          18  -9.2639908433247276E-015
           6          19  -3.4131824443958676E-014
           7           1   1.8499725847041532E-013
           7           2  -6.4199877947566163E-013
           7           3   9.2386610624912754E-014
           7           4   4.3725086463580859E-014
           7           5   6.2450045135165055E-016
           7           6  -6.8868521996279242E-016
           7           7   2.2849138197699421     
           7           8   3.2196467714129540E-015
           7           9  -8.2225892761300656E-016
           7          10  0.67243390314106999     
           7          11  -2.3696322681843185E-015
           7          12   4.0766001685454967E-016
           7          13  0.13215112494753853     
           7          14  -4.2053856491088407E-014
           7          15   1.2279178340370411E-015
           7          16  -4.6370047428084862E-014
           7          17  -1.0482875219553019E-014
           7          18  -1.1557670451205591E-014
           7          19  -5.6968934376543188E-014
           8           1   2.5819162875068562E-014
           8           2  -3.2918508096578465E-014
           8           3  -1.3209082443681392E-013
           8           4   2.3183964125650782E-014
           8           5  0.67243390314107354     
           8           6  -1.1136924715771102E-015
           8           7   3.2196467714129540E-015
           8           8   1.4958185094470404     
           8           9  -2.0816681711721685E-016
           8          10   1.3239409568654992E-014
           8          11  0.43016322023118042     
           8          12   4.7913062406479412E-015
           8          13  -1.3662682096793333E-014
           8          14  -2.5806085938586986E-014
           8          15  -2.5938135788539078E-014
           8          16   4.6296710616055700E-014
           8          17  -1.9677607374225651E-014
           8          18   9.3536579443641807E-015
           8          19   2.6265983596888110E-014
           9           1  -1.1660544449402181E-014
           9           2   4.5098598359923024E-014
           9           3  -8.0404710661794473E-014
           9           4   4.0721845034184938E-015
           9           5  -1.8509499488672532E-015
           9           6  0.67243390314107521     
           9           7  -8.2225892761300656E-016
           9           8  -2.0816681711721685E-016
           9           9   1.4958185094470369     
           9          10  -9.5756735873919752E-016
           9          11  -4.6698755973295647E-015
           9          12  0.43016322023117831     
           9          13  -2.2013640910145682E-015
           9          14   1.8198611391405305E-014
           9          15  -3.3554530473454926E-014
           9          16  -8.2822380032401434E-015
           9          17   1.4239458437021480E-015
           9          18  -2.4134189166419097E-014
           9          19   1.9469438351474911E-014
          10           1  -1.6937140425152292E-014
          10           2   9.8534211591678966E-014
          10           3  -1.1070852905471663E-013
          10           4   1.5636541748042318E-014
          10           5   4.1078251911130792E-015
          10           6  -1.7451318168326679E-015
          10           7  0.67243390314106999     
          10           8   1.3239409568654992E-014
          10           9  -9.5756735873919752E-016
          10          10   1.4958185094470198     
          10          11  -2.3384072456167360E-015
          10          12   2.9993368899638995E-015
          10          13  0.43016322023118742     
          10          14   4.4666778065065247E-014
          10          15   3.0133433782595164E-015
          10          16   3.2031839496629725E-014
          10          17  -2.7441447734606926E-014
          10          18  -3.2549754153020548E-014
          10          19   3.6388777433229039E-015
          11           1  -1.9620538337711587E-015
          11           2   5.7705373956214723E-015
          11           3  -4.6317067705200044E-014
          11           4   2.6519083639550297E-014
          11           5  0.13215112494752884     
          11           6  -1.7377592420597665E-015
          11           7  -2.3696322681843185E-015
          11           8  0.43016322023118042     
          11           9  -4.6698755973295647E-015
          11          10  -2.3384072456167360E-015
          11          11  0.24536897979615685     
          11          12  -4.7661527502462775E-016
          11          13  -4.1867551092700239E-015
          11          14  -1.3506257688453474E-014
          11          15  -1.5490922380098065E-014
          11          16   3.2120609963437613E-014
          11          17  -1.4024958629344632E-014
          11          18   7.2901631822667168E-016
          11          19   2.6564457179929752E-014
          12           1  -7.3624789944960337E-015
          12           2   5.0809811408252043E-014
          12           3  -4.7020566478452883E-014
          12           4   1.0459011413038907E-014
          12           5   1.7139067942650854E-015
          12           6  0.13215112494753223     
          12           7   4.0766001685454967E-016
          12           8   4.7913062406479412E-015
          12           9  0.43016322023117831     
          12          10   2.9993368899638995E-015
          12          11  -4.7661527502462775E-016
          12          12  0.24536897979616099     
          12          13  -4.2576619313505759E-016
          12          14   1.8535312587256808E-014
          12          15  -2.4000247270428894E-014
          12          16  -1.1486645580333090E-015
          12          17   1.6340877316761763E-015
          12          18  -1.8024548917684270E-014
          12          19   1.9482289551581545E-014
          13           1   1.9618669722587466E-014
          13           2  -7.8796012197597301E-014
          13           3   1.0615524785767839E-014
          13           4   3.8802431301986046E-014
          13           5  -3.9065972678997696E-015
          13           6   3.9855271860567143E-016
          13           7  0.13215112494753853     
          13           8  -1.3662682096793333E-014
          13           9  -2.2013640910145682E-015
          13          10  0.43016322023118742     
          13          11  -4.1867551092700239E-015
          13          12  -4.2576619313505759E-016
          13          13  0.24536897979616781     
          13          14   1.2040905714627011E-014
          13          15   3.3629684568470793E-016
          13          16   9.1341430018275904E-015
          13          17  -2.3217374453143628E-014
          13          18  -1.5265739918307213E-014
          13          19  -1.9043248631826318E-014
          14           1  -8.4159755815417653E-002
          14           2  0.52192681527810814     
          14           3 -0.70119783525480384     
          14           4 -0.10348454773397947     
          14           5  -8.3693009139019218E-014
          14           6  -3.5327767207618980E-014
          14           7  -4.2053856491088407E-014
          14           8  -2.5806085938586986E-014
          14           9   1.8198611391405305E-014
          14          10   4.4666778065065247E-014
          14          11  -1.3506257688453474E-014
          14          12   1.8535312587256808E-014
          14          13   1.2040905714627011E-014
          14          14  0.13438728807458389     
          14          15  -9.8329641094464642E-016
          14          16  0.13438728807459466     
          14          17  -3.9801570330964645E-015
          14          18   3.8386248392081374E-015
          14          19  0.13438728807459743     
          15           1   5.0982426283173101E-015
          15           2  -1.9372642252807912E-014
          15           3   4.7971171586638770E-015
          15           4   2.9144593095559559E-015
          15           5  -9.5626589217258826E-015
          15           6  -1.2794368149881181E-014
          15           7   1.2279178340370411E-015
          15           8  -2.5938135788539078E-014
          15           9  -3.3554530473454926E-014
          15          10   3.0133433782595164E-015
          15          11  -1.5490922380098065E-014
          15          12  -2.4000247270428894E-014
          15          13   3.3629684568470793E-016
          15          14  -9.8329641094464642E-016
          15          15   3.9634811142785205E-027
          15          16  -9.8329641094746955E-016
          15          17   1.4696663708617153E-027
          15          18   1.3524888596090346E-027
          15          19  -9.8329641094995920E-016
          16           1  -8.4159755815441148E-002
          16           2  0.52192681527822060     
          16           3 -0.70119783525484425     
          16           4 -0.10348454773399163     
          16           5  -5.6806848623943581E-014
          16           6  -4.5490511885213695E-014
          16           7  -4.6370047428084862E-014
          16           8   4.6296710616055700E-014
          16           9  -8.2822380032401434E-015
          16          10   3.2031839496629725E-014
          16          11   3.2120609963437613E-014
          16          12  -1.1486645580333090E-015
          16          13   9.1341430018275904E-015
          16          14  0.13438728807459466     
          16          15  -9.8329641094746955E-016
          16          16  0.13438728807460543     
          16          17  -3.9801570331025601E-015
          16          18   3.8386248392118451E-015
          16          19  0.13438728807460820     
          17           1   1.1270012607252809E-014
          17           2  -4.1835891377770628E-014
          17           3   8.0140172211492722E-015
          17           4   2.1369654066381057E-015
          17           5  -5.5232602317765476E-015
          17           6   1.5830524362242969E-015
          17           7  -1.0482875219553019E-014
          17           8  -1.9677607374225651E-014
          17           9   1.4239458437021480E-015
          17          10  -2.7441447734606926E-014
          17          11  -1.4024958629344632E-014
          17          12   1.6340877316761763E-015
          17          13  -2.3217374453143628E-014
          17          14  -3.9801570330964645E-015
          17          15   1.4696663708617153E-027
          17          16  -3.9801570331025601E-015
          17          17   4.7649709874496572E-027
          17          18   5.6031076513673524E-028
          17          19  -3.9801570331000625E-015
          18           1  -8.7618605637050302E-015
          18           2   2.8137324039048116E-014
          18           3  -2.4531375936979182E-014
          18           4  -6.5861050063227069E-015
          18           5   2.4480640896158068E-015
          18           6  -9.2639908433247276E-015
          18           7  -1.1557670451205591E-014
          18           8   9.3536579443641807E-015
          18           9  -2.4134189166419097E-014
          18          10  -3.2549754153020548E-014
          18          11   7.2901631822667168E-016
          18          12  -1.8024548917684270E-014
          18          13  -1.5265739918307213E-014
          18          14   3.8386248392081374E-015
          18          15   1.3524888596090346E-027
          18          16   3.8386248392118451E-015
          18          17   5.6031076513673524E-028
          18          18   3.0776927610355121E-027
          18          19   3.8386248392124123E-015
          19           1  -8.4159755815452056E-002
          19           2  0.52192681527825913     
          19           3 -0.70119783525486201     
          19           4 -0.10348454773399859     
          19           5  -6.3147159601656363E-014
          19           6  -3.4131824443958676E-014
          19           7  -5.6968934376543188E-014
          19           8   2.6265983596888110E-014
          19           9   1.9469438351474911E-014
          19          10   3.6388777433229039E-015
          19          11   2.6564457179929752E-014
          19          12   1.9482289551581545E-014
          19          13  -1.9043248631826318E-014
          19          14  0.13438728807459743     
          19          15  -9.8329641094995920E-016
          19          16  0.13438728807460820     
          19          17  -3.9801570331000625E-015
          19          18   3.8386248392124123E-015
          19          19  0.13438728807461098     
