           1           1   2.2899009189413961     
           1           2 -0.93390621841143384     
           1           3  -4.8910432391435582E-002
           1           4 -0.54036966037796286     
           1           5 -0.10934183726803375     
           1           6  -2.9580457606907107E-014
           1           7   2.7411412563260969E-014
           1           8  -3.1566962854845973E-014
           1           9  -6.1159236912049525E-014
           1          10   2.1022964086223454E-014
           1          11   1.9959791545938735E-014
           1          12   5.6461800176574481E-015
           1          13  -1.6995922798901940E-015
           1          14  -9.1956165920399374E-015
           1          15  -2.6850542969799759E-015
           1          16  -3.7566999453328367E-015
           1          17   1.8774190459200818E-015
           1          18  0.25774674832706718     
           1          19  -2.3799648996395283E-013
           1          20  0.25774674832708161     
           1          21  -8.5119937271517896E-014
           1          22  -3.2793203136830369E-014
           1          23  0.25774674832713040     
           1          24   6.1097207000866474E-002
           1          25   9.2108060326101208E-015
           1          26   6.1097207000868584E-002
           1          27   8.9031847368987681E-015
           1          28  -4.0699286493009356E-015
           1          29   6.1097207000878589E-002
           1          30  0.17477256003968583     
           1          31  -6.9101588551466473E-015
           1          32  0.17477256003968117     
           1          33  -6.7959175170095528E-015
           1          34   3.1689371879909431E-015
           1          35  0.17477256003967789     
           2           1 -0.93390621841143384     
           2           2   2.9929508031214729     
           2           3 -0.33051406653159798     
           2           4   1.5956495742285564     
           2           5  0.32668147092463490     
           2           6   7.5890299524827263E-014
           2           7  -8.4000321446724655E-014
           2           8   8.8393136368064581E-014
           2           9   2.0981359308652955E-013
           2          10  -6.3370051663640403E-014
           2          11  -4.2036472362812479E-014
           2          12  -1.3160231156313323E-014
           2          13   3.8417952127241484E-015
           2          14   2.6672555381923990E-014
           2          15   4.9334542756596452E-015
           2          16   1.2106688636836275E-014
           2          17  -6.4099692283502722E-015
           2          18 -0.63803886452568426     
           2          19   9.3477435000425416E-012
           2          20 -0.63803886452575376     
           2          21   3.5192734645063655E-012
           2          22   1.1600685970901245E-012
           2          23 -0.63803886452600356     
           2          24 -0.19781410438315727     
           2          25  -3.2180615980281532E-013
           2          26 -0.19781410438316130     
           2          27  -1.3597805745250683E-013
           2          28  -2.5570156542349574E-014
           2          29 -0.19781410438316838     
           2          30 -0.52717894553793743     
           2          31   3.4099292763329284E-013
           2          32 -0.52717894553791944     
           2          33   1.4037264689583585E-013
           2          34   2.9266431114329084E-014
           2          35 -0.52717894553791766     
           3           1  -4.8910432391435582E-002
           3           2 -0.33051406653159798     
           3           3   3.8441380989762655     
           3           4  -4.6080223649048477     
           3           5 -0.96301383982293909     
           3           6   2.0694344221120894E-013
           3           7   1.6721873390426044E-014
           3           8   1.2389548268941768E-013
           3           9  -2.4464900287297189E-013
           3          10  -1.6094409692545694E-013
           3          11  -4.0259143693397049E-013
           3          12  -1.6848809700099480E-014
           3          13   1.0139812282126803E-014
           3          14  -4.4780326867492261E-014
           3          15   4.9029031817423889E-016
           3          16  -7.4938287028090374E-015
           3          17  -1.8426070144490932E-014
           3          18  0.12034112467363693     
           3          19   4.6469225703175021E-011
           3          20  0.12034112467218247     
           3          21   1.7514343897745836E-011
           3          22   5.6495279471091186E-012
           3          23  0.12034112467215752     
           3          24  0.10844359049484344     
           3          25  -1.5834630974448524E-012
           3          26  0.10844359049510097     
           3          27  -5.1613837517890874E-013
           3          28  -2.1889691403544623E-013
           3          29  0.10844359049512747     
           3          30   1.4233029336719865     
           3          31   1.7308963954693920E-012
           3          32   1.4233029336718928     
           3          33   6.5202196471579745E-013
           3          34   2.0208445399294531E-013
           3          35   1.4233029336719212     
           4           1 -0.54036966037796286     
           4           2   1.5956495742285564     
           4           3  -4.6080223649048477     
           4           4   8.4027272695635986     
           4           5   1.7087445920894291     
           4           6  -1.7211993284221748E-013
           4           7   1.1096031441170911E-013
           4           8   2.8833328887187700E-013
           4           9   5.1889556458569048E-013
           4          10  -3.3588797645773729E-013
           4          11  -9.5707542764293332E-013
           4          12  -9.4219946943201931E-014
           4          13   7.5555452463185897E-014
           4          14   2.7738903360815585E-013
           4          15   2.4580073572967788E-014
           4          16  -1.2536803574069633E-014
           4          17  -4.4789798077790233E-014
           4          18 -0.34045904361577156     
           4          19  -1.6526108767257272E-010
           4          20 -0.34045904361578438     
           4          21  -6.2450231839418891E-011
           4          22  -2.0394660173171898E-011
           4          23 -0.34045904361526552     
           4          24  -7.4090780490556618E-002
           4          25   5.6626144652105549E-012
           4          26  -7.4090780490587010E-002
           4          27   1.9749029348966765E-012
           4          28   7.5699429133410082E-013
           4          29  -7.4090780490874086E-002
           4          30  -2.5035118151998299     
           4          31  -6.1565475858806258E-012
           4          32  -2.5035118151997935     
           4          33  -2.3220521014975170E-012
           4          34  -7.5420540883367850E-013
           4          35  -2.5035118151998157     
           5           1 -0.10934183726803375     
           5           2  0.32668147092463490     
           5           3 -0.96301383982293909     
           5           4   1.7087445920894291     
           5           5  0.35056706574353946     
           5           6  -3.1679220098190268E-013
           5           7  -1.4983952509405211E-013
           5           8  -4.2112754311463430E-013
           5           9   8.6242852122067353E-013
           5          10   4.1930166478826086E-013
           5          11   1.1566232820715893E-012
           5          12  -9.0043877857218432E-014
           5          13  -3.7018249869963199E-014
           5          14  -7.9738729897597800E-014
           5          15   3.7332683419382937E-014
           5          16   1.9420719640904035E-014
           5          17   4.9532871886133903E-014
           5          18  -7.1834977283121271E-002
           5          19   3.0199202586979229E-011
           5          20  -7.1834977283245602E-002
           5          21   1.1445444206967438E-011
           5          22   3.6581553063966910E-012
           5          23  -7.1834977282826826E-002
           5          24  -1.9191687322082006E-002
           5          25  -1.0550558007805682E-012
           5          26  -1.9191687322060710E-002
           5          27  -4.2891442319058191E-013
           5          28  -1.1646857531016528E-013
           5          29  -1.9191687322174529E-002
           5          30 -0.51631771304809171     
           5          31   1.1306286440380509E-012
           5          32 -0.51631771304809460     
           5          33   4.2891035375698208E-013
           5          34   1.3791193966173000E-013
           5          35 -0.51631771304807728     
           6           1  -2.9580457606907107E-014
           6           2   7.5890299524827263E-014
           6           3   2.0694344221120894E-013
           6           4  -1.7211993284221748E-013
           6           5  -3.1679220098190268E-013
           6           6   2.3726111448538849     
           6           7  -1.0109209631947020E-014
           6           8   5.2614161133541049E-015
           6           9 -0.99434502759672250     
           6          10   5.2074664423207334E-014
           6          11  -5.3464177033974686E-014
           6          12  0.24581776053480442     
           6          13  -1.8695548574216498E-013
           6          14   9.7678809177527543E-014
           6          15  -7.7970342215639796E-002
           6          16   5.2435920289067910E-014
           6          17   5.4832874659137265E-014
           6          18  -2.5683834195910764E-014
           6          19   9.9022299221232079E-012
           6          20   4.1494349072234306E-013
           6          21   3.4864900538110962E-012
           6          22   1.1141050581828060E-012
           6          23  -2.4293187621699940E-013
           6          24  -5.2656350483225078E-014
           6          25  -3.7007273306709196E-013
           6          26   4.8488396049724151E-014
           6          27   4.0843835650528677E-014
           6          28   7.7045261729275223E-014
           6          29  -2.4770403087344757E-014
           6          30   2.3620445028718893E-013
           6          31   3.5214253482667429E-013
           6          32   1.1137931328805229E-013
           6          33   6.5716499299646331E-014
           6          34   9.1963878390835092E-014
           6          35   4.3574669244047017E-014
           7           1   2.7411412563260969E-014
           7           2  -8.4000321446724655E-014
           7           3   1.6721873390426044E-014
           7           4   1.1096031441170911E-013
           7           5  -1.4983952509405211E-013
           7           6  -1.0109209631947020E-014
           7           7   2.3726111448538370     
           7           8  -4.7255629059089718E-014
           7           9   2.0522212902062167E-014
           7          10 -0.99434502759661680     
           7          11   7.0475634208720791E-014
           7          12   6.9303069938532319E-014
           7          13  0.24581776053459797     
           7          14   8.1187661175638559E-014
           7          15  -1.2416738641764108E-013
           7          16  -7.7970342215404387E-002
           7          17   1.6793207035980637E-014
           7          18  -2.1549776923932522E-014
           7          19  -1.3651010314796359E-011
           7          20   2.9372384160029681E-013
           7          21  -5.4558589923112152E-012
           7          22  -1.7649159460748267E-012
           7          23  -2.7027598064375147E-013
           7          24  -1.0452150806033434E-013
           7          25   4.4587811547128949E-013
           7          26  -3.1168893888157432E-014
           7          27   2.9484334830760881E-013
           7          28   1.4343216103650170E-013
           7          29  -2.7690577225112888E-014
           7          30   1.0218375745663183E-013
           7          31  -5.2506254873971818E-013
           7          32  -1.6571387331269953E-014
           7          33  -2.4105269418372770E-013
           7          34  -4.0106609139697204E-014
           7          35  -6.2204564095382764E-014
           8           1  -3.1566962854845973E-014
           8           2   8.8393136368064581E-014
           8           3   1.2389548268941768E-013
           8           4   2.8833328887187700E-013
           8           5  -4.2112754311463430E-013
           8           6   5.2614161133541049E-015
           8           7  -4.7255629059089718E-014
           8           8   2.3726111448538338     
           8           9  -2.4048470938267535E-014
           8          10   1.2699671977881410E-013
           8          11 -0.99434502759673038     
           8          12   1.6919625387818769E-013
           8          13  -3.5744020602489748E-013
           8          14  0.24581776053498980     
           8          15  -3.2319719814112067E-013
           8          16   1.8175684465406372E-013
           8          17  -7.7970342215436458E-002
           8          18  -2.2929365779810084E-013
           8          19  -1.6688878191759418E-011
           8          20   2.6183307486833406E-013
           8          21  -7.0562228059262483E-012
           8          22  -2.2925356131309758E-012
           8          23  -6.2872229200931541E-014
           8          24  -2.5861223257020779E-013
           8          25   5.0859003594840676E-013
           8          26   1.8724587015206953E-014
           8          27   5.4861935074469193E-013
           8          28   3.1246731448612865E-013
           8          29  -1.9613277076759871E-013
           8          30   2.7770230427572383E-013
           8          31  -6.6878515967938616E-013
           8          32  -8.2541084666101427E-014
           8          33  -3.6484686935824772E-013
           8          34  -7.7391176263629046E-015
           8          35  -1.1589133375076080E-013
           9           1  -6.1159236912049525E-014
           9           2   2.0981359308652955E-013
           9           3  -2.4464900287297189E-013
           9           4   5.1889556458569048E-013
           9           5   8.6242852122067353E-013
           9           6 -0.99434502759672250     
           9           7   2.0522212902062167E-014
           9           8  -2.4048470938267535E-014
           9           9   2.6584843550499495     
           9          10  -1.1683883155795531E-013
           9          11   1.6780326968302820E-013
           9          12 -0.73829129974221530     
           9          13   4.5576042916294861E-013
           9          14  -2.7837454464639318E-013
           9          15  0.20911365986109970     
           9          16  -1.3250685303384346E-013
           9          17  -1.5504958527082827E-013
           9          18  -3.3359556274130213E-014
           9          19  -3.1959862377774190E-011
           9          20  -1.1748280871171471E-012
           9          21  -1.1393209609597864E-011
           9          22  -3.7179815002460280E-012
           9          23   4.4537283805748078E-013
           9          24   1.1220548547408893E-013
           9          25   1.1663462783524883E-012
           9          26  -1.6782195079156333E-013
           9          27  -7.9803476192549654E-014
           9          28  -1.4862395674427469E-013
           9          29   5.6009476895644739E-014
           9          30  -6.0144782573137396E-013
           9          31  -1.1391478988949706E-012
           9          32  -3.3092849087006106E-013
           9          33  -2.5076961078338074E-013
           9          34  -3.1273156283001807E-013
           9          35  -1.2073795098786121E-013
          10           1   2.1022964086223454E-014
          10           2  -6.3370051663640403E-014
          10           3  -1.6094409692545694E-013
          10           4  -3.3588797645773729E-013
          10           5   4.1930166478826086E-013
          10           6   5.2074664423207334E-014
          10           7 -0.99434502759661680     
          10           8   1.2699671977881410E-013
          10           9  -1.1683883155795531E-013
          10          10   2.6584843550497421     
          10          11  -1.7800387728881829E-013
          10          12  -1.5359935471867351E-013
          10          13 -0.73829129974174068     
          10          14  -2.1902792186154886E-013
          10          15   2.9986169790938155E-013
          10          16  0.20911365986055044     
          10          17  -4.6848808495445711E-014
          10          18   1.2394021877803824E-013
          10          19   3.4931049253443261E-011
          10          20  -7.5511632294599009E-013
          10          21   1.4009422021598924E-011
          10          22   4.5343259703416934E-012
          10          23   8.1752894872267546E-013
          10          24   2.6883707241693282E-013
          10          25  -1.1206091400413340E-012
          10          26   1.0629191813802472E-013
          10          27  -7.7412462684693253E-013
          10          28  -3.6830289354703996E-013
          10          29   7.0473707115977166E-014
          10          30  -2.3931457691174024E-013
          10          31   1.3513266464192474E-012
          10          32   3.6080055379167615E-014
          10          33   6.2003893980512562E-013
          10          34   8.6535299101091525E-014
          10          35   1.7678732440352580E-013
          11           1   1.9959791545938735E-014
          11           2  -4.2036472362812479E-014
          11           3  -4.0259143693397049E-013
          11           4  -9.5707542764293332E-013
          11           5   1.1566232820715893E-012
          11           6  -5.3464177033974686E-014
          11           7   7.0475634208720791E-014
          11           8 -0.99434502759673038     
          11           9   1.6780326968302820E-013
          11          10  -1.7800387728881829E-013
          11          11   2.6584843550504456     
          11          12  -4.2096881444261569E-013
          11          13   9.0832376373825975E-013
          11          14 -0.73829129974281738     
          11          15   8.3277829069315277E-013
          11          16  -4.7209957254733328E-013
          11          17  0.20911365986065242     
          11          18   7.2227403455056325E-013
          11          19   4.3698702076674242E-011
          11          20  -5.2590354051010109E-013
          11          21   1.8529107740293145E-011
          11          22   6.0029421653525908E-012
          11          23   7.7485637593183039E-014
          11          24   7.0323280363118710E-013
          11          25  -1.3041064397229648E-012
          11          26  -1.1812627435434498E-014
          11          27  -1.4687648846991074E-012
          11          28  -8.0760409572184434E-013
          11          29   5.6883758587007145E-013
          11          30  -6.5769782091751256E-013
          11          31   1.7605134076359497E-012
          11          32   2.4037455062275998E-013
          11          33   9.5724785774541649E-013
          11          34  -1.9020020459889922E-014
          11          35   3.4153506540081381E-013
          12           1   5.6461800176574481E-015
          12           2  -1.3160231156313323E-014
          12           3  -1.6848809700099480E-014
          12           4  -9.4219946943201931E-014
          12           5  -9.0043877857218432E-014
          12           6  0.24581776053480442     
          12           7   6.9303069938532319E-014
          12           8   1.6919625387818769E-013
          12           9 -0.73829129974221530     
          12          10  -1.5359935471867351E-013
          12          11  -4.2096881444261569E-013
          12          12   1.5061451946043038     
          12          13  -2.2426721803252356E-014
          12          14   6.3862543154414103E-014
          12          15 -0.26682030084413427     
          12          16  -4.2223167552629764E-015
          12          17   3.6153811339780818E-015
          12          18  -3.0948946662514892E-015
          12          19   1.8586820890248976E-011
          12          20  -1.0175576577042702E-013
          12          21   6.9285433540974260E-012
          12          22   2.2588039504586917E-012
          12          23   2.1029447826734390E-013
          12          24  -6.2278790043819170E-014
          12          25  -4.0021756032145683E-013
          12          26   1.0065664245900616E-013
          12          27   2.8204847227889155E-015
          12          28   1.7257244126306461E-014
          12          29   4.6586184164091587E-014
          12          30   6.8876100588557927E-014
          12          31   7.1427667276205241E-013
          12          32   3.8208953613998010E-014
          12          33   2.5994625415283166E-013
          12          34   1.0796039875681401E-013
          12          35   6.1171793975284040E-014
          13           1  -1.6995922798901940E-015
          13           2   3.8417952127241484E-015
          13           3   1.0139812282126803E-014
          13           4   7.5555452463185897E-014
          13           5  -3.7018249869963199E-014
          13           6  -1.8695548574216498E-013
          13           7  0.24581776053459797     
          13           8  -3.5744020602489748E-013
          13           9   4.5576042916294861E-013
          13          10 -0.73829129974174068     
          13          11   9.0832376373825975E-013
          13          12  -2.2426721803252356E-014
          13          13   1.5061451946042108     
          13          14  -6.5386498492632969E-014
          13          15  -1.5581069432235707E-014
          13          16 -0.26682030084405733     
          13          17   4.2077886507177329E-014
          13          18   1.5506461636079280E-014
          13          19   6.3423295594324211E-012
          13          20   1.7871084407894554E-013
          13          21   2.3348906700680131E-012
          13          22   8.0737333929699256E-013
          13          23  -2.2496968756485029E-013
          13          24  -2.1258734293857241E-014
          13          25  -2.9988584616267887E-013
          13          26  -3.5024444608329715E-014
          13          27  -1.1230999553042741E-013
          13          28  -2.6841672636093164E-014
          13          29  -6.3340870656394649E-015
          13          30   1.4477933259293876E-014
          13          31   2.2485683685915139E-013
          13          32  -3.7562857462881153E-015
          13          33   7.0655945453491790E-014
          13          34   3.3265058809119617E-014
          13          35  -4.0141184454081030E-014
          14           1  -9.1956165920399374E-015
          14           2   2.6672555381923990E-014
          14           3  -4.4780326867492261E-014
          14           4   2.7738903360815585E-013
          14           5  -7.9738729897597800E-014
          14           6   9.7678809177527543E-014
          14           7   8.1187661175638559E-014
          14           8  0.24581776053498980     
          14           9  -2.7837454464639318E-013
          14          10  -2.1902792186154886E-013
          14          11 -0.73829129974281738     
          14          12   6.3862543154414103E-014
          14          13  -6.5386498492632969E-014
          14          14   1.5061451946044115     
          14          15  -9.4015290295926340E-014
          14          16   3.7196807867300484E-014
          14          17 -0.26682030084411168     
          14          18  -7.8521706982259533E-014
          14          19  -2.6940420202439081E-011
          14          20   1.0775604150068238E-013
          14          21  -1.0387391279448089E-011
          14          22  -3.3578048904064409E-012
          14          23  -6.9239595820908544E-014
          14          24  -5.3773808444012705E-014
          14          25   8.9782577746251972E-013
          14          26  -2.5912550881061922E-014
          14          27   4.2211984838095070E-013
          14          28   1.7725540990241690E-013
          14          29  -4.9555557042242432E-014
          14          30   1.8290219285769711E-014
          14          31  -1.0207822632265002E-012
          14          32  -6.7052700817739294E-014
          14          33  -4.1623295595776652E-013
          14          34  -1.0162910458836930E-013
          14          35  -8.2175476650672130E-014
          15           1  -2.6850542969799759E-015
          15           2   4.9334542756596452E-015
          15           3   4.9029031817423889E-016
          15           4   2.4580073572967788E-014
          15           5   3.7332683419382937E-014
          15           6  -7.7970342215639796E-002
          15           7  -1.2416738641764108E-013
          15           8  -3.2319719814112067E-013
          15           9  0.20911365986109970     
          15          10   2.9986169790938155E-013
          15          11   8.3277829069315277E-013
          15          12 -0.26682030084413427     
          15          13  -1.5581069432235707E-014
          15          14  -9.4015290295926340E-014
          15          15   5.0061183036582330E-002
          15          16   9.9368755254065725E-015
          15          17   2.8307651313433517E-014
          15          18   1.4331548744608705E-014
          15          19  -1.5492868826226828E-012
          15          20   8.6040452815953670E-014
          15          21  -5.5380204734542120E-013
          15          22  -2.2831958395375544E-013
          15          23  -1.3728423911297874E-013
          15          24   1.0820522381687751E-014
          15          25   1.5829351220596783E-014
          15          26  -3.8288711863588580E-014
          15          27  -3.3081337267248090E-014
          15          28  -1.5139065995985572E-014
          15          29   1.4266517277920791E-014
          15          30  -2.5473065664940303E-014
          15          31  -5.9580479788481891E-014
          15          32  -7.5574321253057363E-015
          15          33  -1.6064001563422245E-014
          15          34  -1.7110050234311050E-014
          15          35  -1.9300927091657954E-014
          16           1  -3.7566999453328367E-015
          16           2   1.2106688636836275E-014
          16           3  -7.4938287028090374E-015
          16           4  -1.2536803574069633E-014
          16           5   1.9420719640904035E-014
          16           6   5.2435920289067910E-014
          16           7  -7.7970342215404387E-002
          16           8   1.8175684465406372E-013
          16           9  -1.3250685303384346E-013
          16          10  0.20911365986055044     
          16          11  -4.7209957254733328E-013
          16          12  -4.2223167552629764E-015
          16          13 -0.26682030084405733     
          16          14   3.7196807867300484E-014
          16          15   9.9368755254065725E-015
          16          16   5.0061183036533896E-002
          16          17  -2.2195136088170357E-014
          16          18   2.7706580233852300E-014
          16          19   8.7338021664023205E-012
          16          20   5.3773953237806395E-014
          16          21   3.3393751057523524E-012
          16          22   1.0564926409661858E-012
          16          23  -7.6013894249191658E-014
          16          24   5.1964882053402157E-015
          16          25  -2.8669655624889253E-013
          16          26  -1.0275258576217600E-014
          16          27  -1.1837894235741674E-013
          16          28  -4.2370451442330858E-014
          16          29   2.5550408045988046E-014
          16          30  -9.9360612084596234E-015
          16          31   3.2939146148270952E-013
          16          32   5.2207520139360096E-015
          16          33   1.3005648012472520E-013
          16          34   3.6687659508451270E-014
          16          35   1.7143633486748887E-017
          17           1   1.8774190459200818E-015
          17           2  -6.4099692283502722E-015
          17           3  -1.8426070144490932E-014
          17           4  -4.4789798077790233E-014
          17           5   4.9532871886133903E-014
          17           6   5.4832874659137265E-014
          17           7   1.6793207035980637E-014
          17           8  -7.7970342215436458E-002
          17           9  -1.5504958527082827E-013
          17          10  -4.6848808495445711E-014
          17          11  0.20911365986065242     
          17          12   3.6153811339780818E-015
          17          13   4.2077886507177329E-014
          17          14 -0.26682030084411168     
          17          15   2.8307651313433517E-014
          17          16  -2.2195136088170357E-014
          17          17   5.0061183036541820E-002
          17          18   5.9097463247153698E-014
          17          19   2.6854295272006484E-011
          17          20   6.5588263643125472E-014
          17          21   1.0248522969279833E-011
          17          22   3.3295179650636930E-012
          17          23  -1.1034714661562001E-013
          17          24   2.3419225106941433E-014
          17          25  -9.1814063038184116E-013
          17          26  -1.3036952545051969E-014
          17          27  -3.8743050329357322E-013
          17          28  -1.4152670951818487E-013
          17          29   4.5969917099184934E-014
          17          30  -2.6248951151750381E-014
          17          31   1.0088885620160086E-012
          17          32   1.6639690095662806E-014
          17          33   3.9461709129513628E-013
          17          34   1.1389420735862110E-013
          17          35   7.6299220734838444E-015
          18           1  0.25774674832706718     
          18           2 -0.63803886452568426     
          18           3  0.12034112467363693     
          18           4 -0.34045904361577156     
          18           5  -7.1834977283121271E-002
          18           6  -2.5683834195910764E-014
          18           7  -2.1549776923932522E-014
          18           8  -2.2929365779810084E-013
          18           9  -3.3359556274130213E-014
          18          10   1.2394021877803824E-013
          18          11   7.2227403455056325E-013
          18          12  -3.0948946662514892E-015
          18          13   1.5506461636079280E-014
          18          14  -7.8521706982259533E-014
          18          15   1.4331548744608705E-014
          18          16   2.7706580233852300E-014
          18          17   5.9097463247153698E-014
          18          18   2.3206994456078167     
          18          19  -5.2405441515069433E-011
          18          20 -0.91042767187726548     
          18          21  -2.0546313995508746E-011
          18          22  -4.6224309144244856E-012
          18          23 -0.91042767187698392     
          18          24 -0.17945327161205921     
          18          25   1.7778981083702613E-012
          18          26  0.17613242805129781     
          18          27   8.1917206089752518E-013
          18          28   1.2195042291537714E-013
          18          29  0.17613242805133236     
          18          30  0.22832303121555303     
          18          31  -1.9542904445508649E-012
          18          32   6.3788456554459749E-002
          18          33  -8.1246518292033697E-013
          18          34  -1.8803816883473843E-013
          18          35   6.3788456554467299E-002
          19           1  -2.3799648996395283E-013
          19           2   9.3477435000425416E-012
          19           3   4.6469225703175021E-011
          19           4  -1.6526108767257272E-010
          19           5   3.0199202586979229E-011
          19           6   9.9022299221232079E-012
          19           7  -1.3651010314796359E-011
          19           8  -1.6688878191759418E-011
          19           9  -3.1959862377774190E-011
          19          10   3.4931049253443261E-011
          19          11   4.3698702076674242E-011
          19          12   1.8586820890248976E-011
          19          13   6.3423295594324211E-012
          19          14  -2.6940420202439081E-011
          19          15  -1.5492868826226828E-012
          19          16   8.7338021664023205E-012
          19          17   2.6854295272006484E-011
          19          18  -5.2405441515069433E-011
          19          19   2.1491392229968942     
          19          20   1.5267698671101324E-010
          19          21   2.6370017280727768E-012
          19          22  -2.8800989371193148E-012
          19          23  -1.3457528857902830E-010
          19          24   4.7377441673944666E-011
          19          25 -0.22992451881807077     
          19          26   3.8216255868016802E-011
          19          27  -1.0644186920758327E-011
          19          28   9.4737334296875160E-012
          19          29   4.9313475625329658E-011
          19          30   2.4919006623788036E-011
          19          31  0.11005960912373702     
          19          32   3.7358410044425603E-011
          19          33   1.0191840427163807E-011
          19          34  -1.1167585085847415E-011
          19          35   1.9364320696396576E-011
          20           1  0.25774674832708161     
          20           2 -0.63803886452575376     
          20           3  0.12034112467218247     
          20           4 -0.34045904361578438     
          20           5  -7.1834977283245602E-002
          20           6   4.1494349072234306E-013
          20           7   2.9372384160029681E-013
          20           8   2.6183307486833406E-013
          20           9  -1.1748280871171471E-012
          20          10  -7.5511632294599009E-013
          20          11  -5.2590354051010109E-013
          20          12  -1.0175576577042702E-013
          20          13   1.7871084407894554E-013
          20          14   1.0775604150068238E-013
          20          15   8.6040452815953670E-014
          20          16   5.3773953237806395E-014
          20          17   6.5588263643125472E-014
          20          18 -0.91042767187726548     
          20          19   1.5267698671101324E-010
          20          20   2.3206994456090348     
          20          21   5.1583268936713553E-011
          20          22   1.7608076491438321E-011
          20          23 -0.91042767187648255     
          20          24  0.17613242805157109     
          20          25  -5.4427727786260155E-012
          20          26 -0.17945327161220126     
          20          27  -1.0218624924219111E-012
          20          28  -7.7124500824366493E-013
          20          29  0.17613242805143187     
          20          30   6.3788456554484507E-002
          20          31   5.7179452505174527E-012
          20          32  0.22832303121564490     
          20          33   1.6854618757210101E-012
          20          34   5.9783188284843330E-013
          20          35   6.3788456554577849E-002
          21           1  -8.5119937271517896E-014
          21           2   3.5192734645063655E-012
          21           3   1.7514343897745836E-011
          21           4  -6.2450231839418891E-011
          21           5   1.1445444206967438E-011
          21           6   3.4864900538110962E-012
          21           7  -5.4558589923112152E-012
          21           8  -7.0562228059262483E-012
          21           9  -1.1393209609597864E-011
          21          10   1.4009422021598924E-011
          21          11   1.8529107740293145E-011
          21          12   6.9285433540974260E-012
          21          13   2.3348906700680131E-012
          21          14  -1.0387391279448089E-011
          21          15  -5.5380204734542120E-013
          21          16   3.3393751057523524E-012
          21          17   1.0248522969279833E-011
          21          18  -2.0546313995508746E-011
          21          19   2.6370017280727768E-012
          21          20   5.1583268936713553E-011
          21          21   2.1491392230021007     
          21          22  -6.2046201509913792E-013
          21          23  -4.3968732552940250E-011
          21          24   1.8081634854639471E-011
          21          25   1.7781488087527662E-012
          21          26   1.5517954256650224E-011
          21          27 -0.22992451882719298     
          21          28   3.5696849122481487E-012
          21          29   1.7450153260944535E-011
          21          30   9.3453991121513450E-012
          21          31  -1.9874917683856056E-012
          21          32   1.3709442348264336E-011
          21          33  0.11005960913327922     
          21          34  -4.2126521455210830E-012
          21          35   7.7463529696669320E-012
          22           1  -3.2793203136830369E-014
          22           2   1.1600685970901245E-012
          22           3   5.6495279471091186E-012
          22           4  -2.0394660173171898E-011
          22           5   3.6581553063966910E-012
          22           6   1.1141050581828060E-012
          22           7  -1.7649159460748267E-012
          22           8  -2.2925356131309758E-012
          22           9  -3.7179815002460280E-012
          22          10   4.5343259703416934E-012
          22          11   6.0029421653525908E-012
          22          12   2.2588039504586917E-012
          22          13   8.0737333929699256E-013
          22          14  -3.3578048904064409E-012
          22          15  -2.2831958395375544E-013
          22          16   1.0564926409661858E-012
          22          17   3.3295179650636930E-012
          22          18  -4.6224309144244856E-012
          22          19  -2.8800989371193148E-012
          22          20   1.7608076491438321E-011
          22          21  -6.2046201509913792E-013
          22          22   2.1491392229990556     
          22          23  -1.7091229396892701E-011
          22          24   5.8342794860458284E-012
          22          25   7.4294997237657242E-013
          22          26   4.8013706429133540E-012
          22          27  -1.2874250276962484E-012
          22          28 -0.22992451882195089     
          22          29   5.9852926425517719E-012
          22          30   3.1488696725400476E-012
          22          31  -7.6625077810588865E-013
          22          32   4.5167430650212588E-012
          22          33   1.1950950212086568E-012
          22          34  0.11005960912795497     
          22          35   2.4287069129181938E-012
          23           1  0.25774674832713040     
          23           2 -0.63803886452600356     
          23           3  0.12034112467215752     
          23           4 -0.34045904361526552     
          23           5  -7.1834977282826826E-002
          23           6  -2.4293187621699940E-013
          23           7  -2.7027598064375147E-013
          23           8  -6.2872229200931541E-014
          23           9   4.4537283805748078E-013
          23          10   8.1752894872267546E-013
          23          11   7.7485637593183039E-014
          23          12   2.1029447826734390E-013
          23          13  -2.2496968756485029E-013
          23          14  -6.9239595820908544E-014
