           1           1   2.1195877164414756     
           1           2  0.27808976543292097     
           1           3  0.23421125359068307     
           1           4  -5.0584566454203512E-014
           1           5   1.7631067014046738E-013
           1           6   4.3496739528621478E-014
           1           7  -5.1637187891196400E-014
           1           8   1.1781113207198307E-013
           1           9   3.3339885409698472E-014
           1          10   1.6154801800962706E-002
           1          11   3.1309414955398322E-004
           1          12   1.6782433382915535E-002
           1          13   1.4205750076200360E-004
           1          14   3.8169429828298612E-004
           1          15   1.6203867935340319E-002
           2           1  0.27808976543292097     
           2           2  0.72484564450179145     
           2           3  0.48560014514637923     
           2           4  -2.0423591317285681E-014
           2           5   9.2700858969501500E-015
           2           6   4.0400403574932115E-016
           2           7   6.8855325143597779E-015
           2           8   3.3234528754182662E-014
           2           9  -1.6784825485528117E-015
           2          10   4.0351980501455893E-002
           2          11   2.2126054751441856E-003
           2          12   4.4787390942248040E-002
           2          13   1.0039063482385297E-003
           2          14   2.6973959693042879E-003
           2          15   4.0698726028163407E-002
           3           1  0.23421125359068307     
           3           2  0.48560014514637923     
           3           3  0.33093850548006504     
           3           4  -4.4932519763877221E-015
           3           5   3.7669666923283992E-014
           3           6   1.3144333690690519E-014
           3           7  -3.4034088957609100E-015
           3           8   6.1160486376612766E-015
           3           9  -8.4093382211546429E-015
           3          10   2.8181689283516685E-002
           3          11  -2.1749995333084776E-005
           3          12   2.8138089020074156E-002
           3          13  -9.8684386316870779E-006
           3          14  -2.6515503952593590E-005
           3          15   2.8178280760108525E-002
           4           1  -5.0584566454203512E-014
           4           2  -2.0423591317285681E-014
           4           3  -4.4932519763877221E-015
           4           4   4.6144576781877590E-002
           4           5  0.12398586404215843     
           4           6   5.6255033652968370E-002
           4           7  -3.1937204182341188E-002
           4           8  -8.5812074484125186E-002
           4           9  -3.8934770269973322E-002
           4          10  -1.0108799143320064E-015
           4          11  -8.0172766373691875E-016
           4          12   7.0585376439602125E-017
           4          13   9.0809682377678960E-016
           4          14  -1.0922996288214849E-015
           4          15   2.3280070656530324E-016
           5           1   1.7631067014046738E-013
           5           2   9.2700858969501500E-015
           5           3   3.7669666923283992E-014
           5           4  0.12398586404215843     
           5           5  0.33313761994059182     
           5           6  0.15115165075960163     
           5           7  -8.5812074392965926E-002
           5           8 -0.23056846420883798     
           5           9 -0.10461383481799402     
           5          10   9.1617139031274549E-016
           5          11  -2.0225573368007051E-015
           5          12   4.0857766274975302E-015
           5          13   2.4996772475352543E-015
           5          14  -2.7744600433084492E-015
           5          15   4.2784411303309405E-015
           6           1   4.3496739528621478E-014
           6           2   4.0400403574932115E-016
           6           3   1.3144333690690519E-014
           6           4   5.6255033652968370E-002
           6           5  0.15115165075960163     
           6           6   6.8580731084729590E-002
           6           7  -3.8934770266761169E-002
           6           8 -0.10461383492049592     
           6           9  -4.7465530395071939E-002
           6          10   5.3469654118745213E-017
           6          11  -7.2769580617276908E-016
           6          12   1.8724262653462206E-015
           6          13   1.2203556627847642E-015
           6          14  -1.0272243988233534E-015
           6          15   1.6087759411187600E-015
           7           1  -5.1637187891196400E-014
           7           2   6.8855325143597779E-015
           7           3  -3.4034088957609100E-015
           7           4  -3.1937204182341188E-002
           7           5  -8.5812074392965926E-002
           7           6  -3.8934770266761169E-002
           7           7   2.2104114548627329E-002
           7           8   5.9391545772852210E-002
           7           9   2.6947212318848997E-002
           7          10   3.5524196904440187E-016
           7          11   4.4302061473541614E-016
           7          12  -6.1749759725961674E-016
           7          13  -6.7925981482069305E-016
           7          14   6.1961893380652069E-016
           7          15  -5.2305471360038092E-016
           8           1   1.1781113207198307E-013
           8           2   3.3234528754182662E-014
           8           3   6.1160486376612766E-015
           8           4  -8.5812074484125186E-002
           8           5 -0.23056846420883798     
           8           6 -0.10461383492049592     
           8           7   5.9391545772852210E-002
           8           8  0.15957914539073220     
           8           9   7.2404465257581416E-002
           8          10   1.7106316693317432E-015
           8          11   1.3615329871257197E-015
           8          12  -5.5987141137662411E-016
           8          13  -1.7474347836587645E-015
           8          14   1.8735414144983072E-015
           8          15  -6.2243731689538358E-016
           9           1   3.3339885409698472E-014
           9           2  -1.6784825485528117E-015
           9           3  -8.4093382211546429E-015
           9           4  -3.8934770269973322E-002
           9           5 -0.10461383481799402     
           9           6  -4.7465530395071939E-002
           9           7   2.6947212318848997E-002
           9           8   7.2404465257581416E-002
           9           9   3.2851451713193439E-002
           9          10  -6.2192165639869767E-017
           9          11   4.5285670638094916E-016
           9          12  -1.4229277881727126E-015
           9          13  -8.6766706477255522E-016
           9          14   6.4903565434428805E-016
           9          15  -1.1465974408513771E-015
          10           1   1.6154801800962706E-002
          10           2   4.0351980501455893E-002
          10           3   2.8181689283516685E-002
          10           4  -1.0108799143320064E-015
          10           5   9.1617139031274549E-016
          10           6   5.3469654118745213E-017
          10           7   3.5524196904440187E-016
          10           8   1.7106316693317432E-015
          10           9  -6.2192165639869767E-017
          10          10   2.5337845334805617E-003
          10          11  -2.5354987568635562E-004
          10          12   2.0255159854116783E-003
          10          13  -1.1504099280141138E-004
          10          14  -3.0910364284548596E-004
          10          15   2.4940498011994396E-003
          11           1   3.1309414955398322E-004
          11           2   2.2126054751441856E-003
          11           3  -2.1749995333084776E-005
          11           4  -8.0172766373691875E-016
          11           5  -2.0225573368007051E-015
          11           6  -7.2769580617276908E-016
          11           7   4.4302061473541614E-016
          11           8   1.3615329871257197E-015
          11           9   4.5285670638094916E-016
          11          10  -2.5354987568635562E-004
          11          11   5.0417727453007551E-004
          11          12   7.5712879302944184E-004
          11          13   2.2875599523309407E-004
          11          14   6.1464448281154348E-004
          11          15  -1.7453840350329817E-004
          12           1   1.6782433382915535E-002
          12           2   4.4787390942248040E-002
          12           3   2.8138089020074156E-002
          12           4   7.0585376439602125E-017
          12           5   4.0857766274975302E-015
          12           6   1.8724262653462206E-015
          12           7  -6.1749759725961674E-016
          12           8  -5.5987141137662411E-016
          12           9  -1.4229277881727126E-015
          12          10   2.0255159854116783E-003
          12          11   7.5712879302944184E-004
          12          12   3.5432637276430886E-003
          12          13   3.4352550037984608E-004
          12          14   9.2301866611912389E-004
          12          15   2.1441684188227778E-003
          13           1   1.4205750076200360E-004
          13           2   1.0039063482385297E-003
          13           3  -9.8684386316870779E-006
          13           4   9.0809682377678960E-016
          13           5   2.4996772475352543E-015
          13           6   1.2203556627847642E-015
          13           7  -6.7925981482069305E-016
          13           8  -1.7474347836587645E-015
          13           9  -8.6766706477255522E-016
          13          10  -1.1504099280141138E-004
          13          11   2.2875599523309407E-004
          13          12   3.4352550037984608E-004
          13          13   1.0379147970097924E-004
          13          14   2.7887732645454186E-004
          13          15  -7.9191800727227438E-005
          14           1   3.8169429828298612E-004
          14           2   2.6973959693042879E-003
          14           3  -2.6515503952593590E-005
          14           4  -1.0922996288214849E-015
          14           5  -2.7744600433084492E-015
          14           6  -1.0272243988233534E-015
          14           7   6.1961893380652069E-016
          14           8   1.8735414144983072E-015
          14           9   6.4903565434428805E-016
          14          10  -3.0910364284548596E-004
          14          11   6.1464448281154348E-004
          14          12   9.2301866611912389E-004
          14          13   2.7887732645454186E-004
          14          14   7.4931548749949430E-004
          14          15  -2.1278044878363827E-004
          15           1   1.6203867935340319E-002
          15           2   4.0698726028163407E-002
          15           3   2.8178280760108525E-002
          15           4   2.3280070656530324E-016
          15           5   4.2784411303309405E-015
          15           6   1.6087759411187600E-015
          15           7  -5.2305471360038092E-016
          15           8  -6.2243731689538358E-016
          15           9  -1.1465974408513771E-015
          15          10   2.4940498011994396E-003
          15          11  -1.7453840350329817E-004
          15          12   2.1441684188227778E-003
          15          13  -7.9191800727227438E-005
          15          14  -2.1278044878363827E-004
          15          15   2.4666972468781489E-003
