           1           1   2.1607207013236063     
           1           2 -0.55363151872537553     
           1           3  -4.0662959015645005E-002
           1           4   1.5113918291789851E-015
           1           5   1.1837383836237995E-015
           1           6   3.7979335478612339E-015
           1           7  -2.3373639918312505E-016
           1           8   3.4465249175012631E-015
           1           9  -3.3839703288234370E-016
           2           1 -0.55363151872537553     
           2           2   1.9379938439405080     
           2           3   8.6941529951666124E-002
           2           4   2.3544342660779081E-015
           2           5  -4.3398938392408000E-015
           2           6   3.1233735843171015E-015
           2           7   5.0002291395366055E-015
           2           8  -3.0555974522185860E-015
           2           9   5.2390918646751370E-015
           3           1  -4.0662959015645005E-002
           3           2   8.6941529951666124E-002
           3           3   8.3682495539291898E-002
           3           4  -1.3994387919181328E-015
           3           5   2.7311922104158047E-015
           3           6  -3.4036238309018983E-015
           3           7  -1.4767614720458620E-016
           3           8  -2.3936584532633429E-016
           3           9   4.4760688004080379E-016
           4           1   1.5113918291789851E-015
           4           2   2.3544342660779081E-015
           4           3  -1.3994387919181328E-015
           4           4   3.4633709405207173E-029
           4           5  -6.2965288531293328E-029
           4           6   7.6867768306623189E-029
           4           7   1.5089025765676519E-029
           4           8   1.1584036396724455E-030
           4           9   4.3198365595366545E-030
           5           1   1.1837383836237995E-015
           5           2  -4.3398938392408000E-015
           5           3   2.7311922104158047E-015
           5           4  -6.2965288531293328E-029
           5           5   1.2274129257739079E-028
           5           6  -1.4050443235883108E-028
           5           7  -2.6299633246553408E-029
           5           8   2.7659037857349044E-030
           5           9  -5.1764106092447293E-030
           6           1   3.7979335478612339E-015
           6           2   3.1233735843171015E-015
           6           3  -3.4036238309018983E-015
           6           4   7.6867768306623189E-029
           6           5  -1.4050443235883108E-028
           6           6   1.7417117877125739E-028
           6           7   2.8260452651420792E-029
           6           8   5.5295706568317512E-030
           6           9   2.6749565384636628E-030
           7           1  -2.3373639918312505E-016
           7           2   5.0002291395366055E-015
           7           3  -1.4767614720458620E-016
           7           4   1.5089025765676519E-029
           7           5  -2.6299633246553408E-029
           7           6   2.8260452651420792E-029
           7           7   1.5814981267094868E-029
           7           8  -5.6627821717478531E-030
           7           9   1.3687669654154426E-029
           8           1   3.4465249175012631E-015
           8           2  -3.0555974522185860E-015
           8           3  -2.3936584532633429E-016
           8           4   1.1584036396724455E-030
           8           5   2.7659037857349044E-030
           8           6   5.5295706568317512E-030
           8           7  -5.6627821717478531E-030
           8           8   8.3869189769077207E-030
           8           9  -6.7227855540786155E-030
           9           1  -3.3839703288234370E-016
           9           2   5.2390918646751370E-015
           9           3   4.4760688004080379E-016
           9           4   4.3198365595366545E-030
           9           5  -5.1764106092447293E-030
           9           6   2.6749565384636628E-030
           9           7   1.3687669654154426E-029
           9           8  -6.7227855540786155E-030
           9           9   1.5883217006607239E-029
