           1           1   2.3147249736039641     
           1           2  -1.0449939071659204     
           1           3 -0.48175194095939916     
           1           4 -0.17495262217489305     
           1           5  -6.5366881077974073E-002
           1           6  -1.1289657091825495E-013
           1           7  -2.5677817201674631E-016
           1           8  -4.2669901258136147E-014
           1           9  -1.8176291994117508E-014
           1          10   2.0785789342668663E-014
           1          11  -1.3226681006610825E-014
           1          12   1.0460085099756855E-014
           1          13  -1.0718223579846756E-015
           1          14   4.7480412654246489E-015
           1          15  -2.8608258565006323E-015
           1          16   4.0856199818655901E-015
           1          17  -2.7800247623012773E-015
           1          18  0.44624770013687992     
           1          19   1.1751474460275190E-015
           1          20  0.44624770013691029     
           1          21  -2.2976886798504946E-016
           1          22  -2.9533879410679244E-015
           1          23  0.44624770013689852     
           1          24  -7.0059162194397208E-003
           1          25  -1.4165242372586098E-015
           1          26  -7.0059162194497171E-003
           1          27  -3.2948079859057819E-015
           1          28  -1.1920592459999867E-015
           1          29  -7.0059162194508031E-003
           1          30   5.6965125617556484E-002
           1          31   9.3540512275365254E-016
           1          32   5.6965125617560966E-002
           1          33   9.6331065911943554E-016
           1          34   3.1704518583006786E-015
           1          35   5.6965125617564144E-002
           2           1  -1.0449939071659204     
           2           2   3.4664594088640346     
           2           3   1.0441052368398949     
           2           4  0.56557052693455767     
           2           5  0.23716794320595058     
           2           6   3.4761036145006973E-013
           2           7   2.5052160274936309E-014
           2           8   1.2539509381897077E-013
           2           9   8.0709732282447597E-014
           2          10  -1.1073539047703667E-013
           2          11   7.2271210615802481E-014
           2          12  -2.9840303577456638E-014
           2          13   5.7960549574636914E-015
           2          14  -1.6826995956420374E-014
           2          15   4.9321626638069129E-015
           2          16  -1.2051438748480098E-014
           2          17   8.2904223463129603E-015
           2          18  -1.3475465654827619     
           2          19  -2.5318583466840267E-015
           2          20  -1.3475465654829737     
           2          21   7.7668265373175951E-016
           2          22  -2.9245631255738598E-017
           2          23  -1.3475465654829721     
           2          24   5.6388175061173190E-002
           2          25   7.0092937390311124E-015
           2          26   5.6388175061207975E-002
           2          27   1.6334180313561327E-014
           2          28   5.8750252896601370E-017
           2          29   5.6388175061219015E-002
           2          30 -0.20126731662087993     
           2          31  -4.4774594100341475E-015
           2          32 -0.20126731662089337     
           2          33  -6.6111407887423974E-015
           2          34  -1.1490774979294094E-014
           2          35 -0.20126731662090086     
           3           1 -0.48175194095939916     
           3           2   1.0441052368398949     
           3           3   1.7038188191712376     
           3           4 -0.50891829075717221     
           3           5 -0.13556488245217835     
           3           6   4.1017245201739305E-013
           3           7   5.4213176235044905E-014
           3           8   2.9434633611569392E-013
           3           9   7.5331409420923227E-014
           3          10  -1.4581962888065679E-013
           3          11   5.2139465830414861E-014
           3          12   8.4129661184747761E-014
           3          13   5.1924344685270034E-014
           3          14   5.7146831754749472E-014
           3          15  -2.3346157922103321E-014
           3          16   1.2171160819048617E-014
           3          17  -5.4996734309681176E-015
           3          18 -0.32555003494539164     
           3          19   5.6019822636055422E-014
           3          20 -0.32555003494832563     
           3          21  -1.0030715297028063E-014
           3          22  -6.5800111779541738E-014
           3          23 -0.32555003494925905     
           3          24 -0.13852300420314487     
           3          25   4.5752341333771128E-015
           3          26 -0.13852300420300348     
           3          27   1.6774323410867471E-015
           3          28   9.0363753731320819E-015
           3          29 -0.13852300420302271     
           3          30   7.1735814787824564E-002
           3          31  -1.4269106701004058E-014
           3          32   7.1735814787662291E-002
           3          33   2.1238796502561089E-014
           3          34   3.9129959863206584E-014
           3          35   7.1735814787657004E-002
           4           1 -0.17495262217489305     
           4           2  0.56557052693455767     
           4           3 -0.50891829075717221     
           4           4   1.5863970936931131     
           4           5  0.43934075022794095     
           4           6  -9.1055625770811002E-016
           4           7  -2.4160690696818548E-013
           4           8  -4.9099005039665469E-014
           4           9  -3.6731779992263073E-013
           4          10   5.8056908472361371E-013
           4          11  -3.1114133353679845E-013
           4          12  -1.5443246414230626E-013
           4          13  -2.0910579674700143E-013
           4          14  -9.1096348693830315E-014
           4          15   2.5789765068180725E-014
           4          16  -2.4130050865199269E-015
           4          17   5.5950750139435223E-015
           4          18 -0.43103877679446334     
           4          19  -1.2611691479718947E-013
           4          20 -0.43103877679346181     
           4          21  -1.3668981274169220E-015
           4          22   9.3250994627259673E-014
           4          23 -0.43103877679277908     
           4          24  0.36162761346535388     
           4          25   6.5043953546203266E-015
           4          26  0.36162761346530981     
           4          27   1.0883847825924194E-014
           4          28  -1.8043260083970165E-014
           4          29  0.36162761346534777     
           4          30 -0.31637688808020814     
           4          31   1.6680269210719989E-014
           4          32 -0.31637688808010811     
           4          33  -3.6488694964610090E-014
           4          34  -6.9687883617130544E-014
           4          35 -0.31637688808012787     
           5           1  -6.5366881077974073E-002
           5           2  0.23716794320595058     
           5           3 -0.13556488245217835     
           5           4  0.43934075022794095     
           5           5  0.13645906939685593     
           5           6  -6.0952898209927263E-014
           5           7   7.9457453554896099E-016
           5           8  -6.0360134428926856E-014
           5           9   4.3191628530809925E-014
           5          10   7.7351965902896435E-015
           5          11   2.4515785923417340E-014
           5          12  -6.3151992935067069E-014
           5          13  -8.5829815494650511E-014
           5          14  -2.6697086507790153E-014
           5          15   1.1272662879896698E-014
           5          16   1.4263525421828968E-015
           5          17   5.8178254426841585E-015
           5          18 -0.19382649041846009     
           5          19  -3.4365599049466463E-014
           5          20 -0.19382649041797551     
           5          21   3.1232555662797913E-014
           5          22   6.0188245040358061E-014
           5          23 -0.19382649041756844     
           5          24  0.11256943430242784     
           5          25   5.2916218210092973E-015
           5          26  0.11256943430242927     
           5          27   3.7631049712767996E-015
           5          28  -7.3604444936143068E-015
           5          29  0.11256943430244623     
           5          30 -0.10275639674217646     
           5          31   2.7004720274628221E-015
           5          32 -0.10275639674214820     
           5          33  -7.1990016340347065E-015
           5          34  -1.4036385733127212E-014
           5          35 -0.10275639674214485     
           6           1  -1.1289657091825495E-013
           6           2   3.4761036145006973E-013
           6           3   4.1017245201739305E-013
           6           4  -9.1055625770811002E-016
           6           5  -6.0952898209927263E-014
           6           6   2.4133100634298277     
           6           7   4.1558393975178725E-003
           6           8  -3.2634805323336759E-003
           6           9  -1.0946800370972634     
           6          10  -1.4238706128762159E-002
           6          11   1.1181312801566977E-002
           6          12  0.37533183562220540     
           6          13   3.2231165837118644E-002
           6          14  -2.5310357832028858E-002
           6          15  -5.4360485074806397E-002
           6          16   5.2331194983411145E-003
           6          17  -4.1094426353992285E-003
           6          18  -2.0232965019857427E-013
           6          19   2.2178186675988593E-014
           6          20  -1.6164404627535749E-013
           6          21  -5.5385214044852651E-014
           6          22   4.4438731053189432E-014
           6          23  -8.7875906293497560E-014
           6          24  -2.0234842516011679E-014
           6          25  -1.9863057123609608E-014
           6          26  -5.3748168778224201E-014
           6          27  -2.3834852885430432E-014
           6          28  -2.0593539152285806E-015
           6          29   3.8481168708996230E-015
           6          30   1.5624047085849759E-015
           6          31   1.6653000799147541E-014
           6          32   6.4834303992027603E-014
           6          33  -1.7211993861905570E-014
           6          34   4.9305120408841389E-015
           6          35   1.4539666116005206E-014
           7           1  -2.5677817201674631E-016
           7           2   2.5052160274936309E-014
           7           3   5.4213176235044905E-014
           7           4  -2.4160690696818548E-013
           7           5   7.9457453554896099E-016
           7           6   4.1558393975178725E-003
           7           7   2.4065030606613145     
           7           8   6.8909294695972323E-003
           7           9  -1.4238706128759489E-002
           7          10  -1.0713579346848028     
           7          11  -2.3609651453366309E-002
           7          12   3.2231165837100909E-002
           7          13  0.32253921923352646     
           7          14   5.3443521094429854E-002
           7          15   5.2331194983557547E-003
           7          16  -6.2932004689891019E-002
           7          17   8.6772018645233963E-003
           7          18   2.1384446602232493E-013
           7          19  -2.7039914543191132E-014
           7          20  -4.4558183395102929E-014
           7          21   5.6892434350853715E-014
           7          22  -6.1315307773263488E-014
           7          23  -2.7686164917641855E-013
           7          24   6.3320611392350989E-014
           7          25   3.8879077929471474E-015
           7          26   9.0795652163639440E-014
           7          27   2.6940314301144700E-014
           7          28  -1.9907000371103919E-014
           7          29   5.8338880472337718E-014
           7          30   8.3272035865729015E-014
           7          31   8.7229709354901118E-015
           7          32   3.5396946469818595E-014
           7          33   2.4806864897391059E-015
           7          34   7.1999473149169987E-015
           7          35   7.1712986621610463E-014
           8           1  -4.2669901258136147E-014
           8           2   1.2539509381897077E-013
           8           3   2.9434633611569392E-013
           8           4  -4.9099005039665469E-014
           8           5  -6.0360134428926856E-014
           8           6  -3.2634805323336759E-003
           8           7   6.8909294695972323E-003
           8           8   2.4098669497168972     
           8           9   1.1181312801571679E-002
           8          10  -2.3609651453367079E-002
           8          11  -1.0828832664242518     
           8          12  -2.5310357831927012E-002
           8          13   5.3443521094394986E-002
           8          14  0.34862830873806416     
           8          15  -4.1094426354537786E-003
           8          16   8.6772018645571158E-003
           8          17  -5.8696125551343827E-002
           8          18  -3.4360937892647876E-014
           8          19   1.6796151397934409E-014
           8          20  -1.0290066228110597E-013
           8          21  -3.2506695315600630E-014
           8          22   2.4669787484088036E-014
           8          23  -1.4466071001572183E-013
           8          24  -1.7221389600165963E-015
           8          25  -1.8674991392348600E-014
           8          26  -3.6609440082983044E-014
           8          27  -2.2234417021764868E-014
           8          28  -4.5817927425313317E-015
           8          29   1.9249993042719751E-014
           8          30   1.9288268351328095E-014
           8          31   1.7199488301546722E-014
           8          32   7.1641743747778159E-014
           8          33  -1.5683624769216394E-014
           8          34   2.5936950573309424E-015
           8          35   2.7273966401549174E-014
           9           1  -1.8176291994117508E-014
           9           2   8.0709732282447597E-014
           9           3   7.5331409420923227E-014
           9           4  -3.6731779992263073E-013
           9           5   4.3191628530809925E-014
           9           6  -1.0946800370972634     
           9           7  -1.4238706128759489E-002
           9           8   1.1181312801571679E-002
           9           9   2.9170784874116671     
           9          10   4.8784549360177544E-002
           9          11  -3.8309331012699011E-002
           9          12  -1.1787598617411785     
           9          13 -0.11043018140116753     
           9          14   8.6718160330970143E-002
           9          15  0.12568645432148212     
           9          16  -1.7929675222263353E-002
           9          17   1.4079741886445132E-002
           9          18  -1.2409034997110233E-014
           9          19  -2.1183691581518872E-014
           9          20  -6.7612942241937899E-014
           9          21   1.5058321456565302E-013
           9          22  -1.5062451757668010E-013
           9          23  -1.1441581898338650E-013
           9          24   1.0428320026475393E-013
           9          25   1.9705303473907519E-014
           9          26   1.5077199219468766E-013
           9          27   1.6049069804510904E-014
           9          28  -3.7294886941392294E-014
           9          29   1.2389892639020278E-013
           9          30   1.0823440475791626E-013
           9          31   1.6329313418996031E-014
           9          32   2.2800713795058079E-014
           9          33   5.7113561551553674E-015
           9          34   6.6366720856634409E-015
           9          35   1.2058020969605606E-013
          10           1   2.0785789342668663E-014
          10           2  -1.1073539047703667E-013
          10           3  -1.4581962888065679E-013
          10           4   5.8056908472361371E-013
          10           5   7.7351965902896435E-015
          10           6  -1.4238706128762159E-002
          10           7  -1.0713579346848028     
          10           8  -2.3609651453367079E-002
          10           9   4.8784549360177544E-002
          10          10   2.8371724730564902     
          10          11   8.0891212746960969E-002
          10          12 -0.11043018140114648     
          10          13 -0.99788219092095420     
          10          14 -0.18310779569684324     
          10          15  -1.7929675222320460E-002
          10          16  0.15505413127004908     
          10          17  -2.9729764687908951E-002
          10          18  -4.4846984939289479E-013
          10          19   6.8520215589077072E-014
          10          20   1.2010952364008035E-013
          10          21  -1.4425886768841942E-013
          10          22   1.5999412849901467E-013
          10          23   6.1981623283997556E-013
          10          24  -1.4835560156233864E-013
          10          25  -6.3764144225267741E-015
          10          26  -2.3410978281079205E-013
          10          27  -7.8922060965515956E-014
          10          28   4.8593222252082861E-014
          10          29  -1.3240552501120032E-013
          10          30  -2.1619473910084901E-013
          10          31  -1.4586030936483349E-014
          10          32  -8.0932168204573282E-014
          10          33  -5.8586011500213765E-015
          10          34  -1.3645723378110960E-014
          10          35  -1.7711937700083959E-013
          11           1  -1.3226681006610825E-014
          11           2   7.2271210615802481E-014
          11           3   5.2139465830414861E-014
          11           4  -3.1114133353679845E-013
          11           5   2.4515785923417340E-014
          11           6   1.1181312801566977E-002
          11           7  -2.3609651453366309E-002
          11           8  -1.0828832664242518     
          11           9  -3.8309331012699011E-002
          11          10   8.0891212746960969E-002
          11          11   2.8766604792033563     
          11          12   8.6718160330863464E-002
          11          13 -0.18310779569673635     
          11          14  -1.0872684359342129     
          11          15   1.4079741886522178E-002
          11          16  -2.9729764687974523E-002
          11          17  0.14054119357408523     
          11          18  -2.7616873398551319E-013
          11          19  -2.4143610749564798E-014
          11          20  -5.6331393669982381E-014
          11          21   8.5131680779900897E-014
          11          22  -8.4796104656685528E-014
          11          23   1.8048508840348549E-013
          11          24   7.4643560302130660E-014
          11          25   1.7811937872156855E-014
          11          26   1.2677740687288708E-013
          11          27   1.6219023496410571E-014
          11          28  -3.0222377835034093E-014
          11          29   1.0507112934758647E-013
          11          30   8.6457070792678098E-014
          11          31   1.4838404297085042E-014
          11          32   2.7214373227668949E-014
          11          33   3.8047177353162765E-016
          11          34   1.3412392696162319E-014
          11          35   1.0581983473979491E-013
          12           1   1.0460085099756855E-014
          12           2  -2.9840303577456638E-014
          12           3   8.4129661184747761E-014
          12           4  -1.5443246414230626E-013
          12           5  -6.3151992935067069E-014
          12           6  0.37533183562220540     
          12           7   3.2231165837100909E-002
          12           8  -2.5310357831927012E-002
          12           9  -1.1787598617411785     
          12          10 -0.11043018140114648     
          12          11   8.6718160330863464E-002
          12          12   2.3325064725562710     
          12          13  0.24997309853701008     
          12          14 -0.19629785048153525     
          12          15  -4.8395802466244003E-002
          12          16   4.0586155109061557E-002
          12          17  -3.1871329570475747E-002
          12          18   4.1020172075454417E-013
          12          19   6.2891312761193253E-015
          12          20   2.5533035824565901E-014
          12          21  -2.5087142085949807E-014
          12          22   2.0924129466314161E-014
          12          23  -3.7439464801877903E-013
          12          24  -3.6274371848943709E-015
          12          25  -2.2178651093776834E-014
          12          26  -1.1643749071664266E-014
          12          27   4.1376020304475627E-014
          12          28   8.9871208139457993E-015
          12          29  -4.6380680640916439E-014
          12          30   5.7263782879441853E-014
          12          31   3.8558148995016171E-015
          12          32   5.3867316632872382E-014
          12          33   3.8573037084184632E-016
          12          34   3.8591028602999740E-015
          12          35   1.6768009858162430E-014
          13           1  -1.0718223579846756E-015
          13           2   5.7960549574636914E-015
          13           3   5.1924344685270034E-014
          13           4  -2.0910579674700143E-013
          13           5  -8.5829815494650511E-014
          13           6   3.2231165837118644E-002
          13           7  0.32253921923352646     
          13           8   5.3443521094394986E-002
          13           9 -0.11043018140116753     
          13          10 -0.99788219092095420     
          13          11 -0.18310779569673635     
          13          12  0.24997309853701008     
          13          13   1.9230663063139450     
          13          14  0.41448834436214421     
          13          15   4.0586155109053612E-002
          13          16 -0.11487336422090619     
          13          17   6.7297194512630901E-002
          13          18  -3.2845781404285451E-013
          13          19   1.7568056761103829E-014
          13          20  -2.0727010440902140E-014
          13          21  -9.8111171429583882E-015
          13          22   8.4594848753865748E-015
          13          23   3.4599281662124018E-013
          13          24   2.0953795363479571E-014
          13          25  -7.5897770684939482E-014
          13          26   8.9309587727968522E-014
          13          27   1.0567332897686658E-013
          13          28  -3.3590476224367066E-015
          13          29   9.6242187923101684E-015
          13          30   1.1676428173977925E-013
          13          31  -1.1651754486311041E-014
          13          32   9.1719720286694923E-014
          13          33   1.2858988006910026E-014
          13          34  -1.4339810263620406E-014
          13          35   1.0454928825699027E-013
          14           1   4.7480412654246489E-015
          14           2  -1.6826995956420374E-014
          14           3   5.7146831754749472E-014
          14           4  -9.1096348693830315E-014
          14           5  -2.6697086507790153E-014
          14           6  -2.5310357832028858E-002
          14           7   5.3443521094429854E-002
          14           8  0.34862830873806416     
          14           9   8.6718160330970143E-002
          14          10 -0.18310779569684324     
          14          11  -1.0872684359342129     
          14          12 -0.19629785048153525     
          14          13  0.41448834436214421     
          14          14   2.1254037139778248     
          14          15  -3.1871329570482505E-002
          14          16   6.7297194512684164E-002
          14          17  -8.2021439514307876E-002
          14          18   2.4841416758434886E-014
          14          19  -1.7677754817775542E-015
          14          20   5.6383344093073606E-015
          14          21  -2.2373462812310258E-014
          14          22   9.8292719819560730E-015
          14          23  -1.0410356362340374E-014
          14          24  -5.5174765355219156E-015
          14          25  -1.3703739535016081E-014
          14          26  -1.1686824157665940E-014
          14          27   4.0007421710594533E-014
          14          28  -3.6230257189547648E-015
          14          29  -2.4171202244965347E-014
          14          30   2.1249160575367680E-014
          14          31  -1.2855129804216697E-015
          14          32   2.3221614064113267E-014
          14          33   3.2362847281520899E-015
          14          34  -8.1822161566492894E-015
          14          35   2.1592806059805191E-014
          15           1  -2.8608258565006323E-015
          15           2   4.9321626638069129E-015
          15           3  -2.3346157922103321E-014
          15           4   2.5789765068180725E-014
          15           5   1.1272662879896698E-014
          15           6  -5.4360485074806397E-002
          15           7   5.2331194983557547E-003
          15           8  -4.1094426354537786E-003
          15           9  0.12568645432148212     
          15          10  -1.7929675222320460E-002
          15          11   1.4079741886522178E-002
          15          12  -4.8395802466244003E-002
          15          13   4.0586155109053612E-002
          15          14  -3.1871329570482505E-002
          15          15   4.9532949580988639E-002
          15          16   6.5896530313811538E-003
          15          17  -5.1746957294568499E-003
          15          18  -2.9291401787198921E-014
          15          19   2.0195012575016345E-015
          15          20  -9.8259244611785670E-015
          15          21   6.4769586931541906E-015
          15          22  -1.3061769635413689E-014
          15          23   2.2954973623547031E-014
          15          24   6.6345557586791923E-015
          15          25   2.9832655767778740E-015
          15          26   8.9594515050205425E-015
          15          27  -4.8739273212750915E-015
          15          28  -1.7851055238217743E-016
          15          29   1.0211966793888457E-014
          15          30  -4.4729507703211927E-015
          15          31   2.8186180740697038E-015
          15          32  -4.9502881563806121E-015
          15          33  -6.9476199742635965E-016
          15          34   1.5131468023983171E-015
          15          35  -3.8557968935104940E-015
          16           1   4.0856199818655901E-015
          16           2  -1.2051438748480098E-014
          16           3   1.2171160819048617E-014
          16           4  -2.4130050865199269E-015
          16           5   1.4263525421828968E-015
          16           6   5.2331194983411145E-003
          16           7  -6.2932004689891019E-002
          16           8   8.6772018645571158E-003
          16           9  -1.7929675222263353E-002
          16          10  0.15505413127004908     
          16          11  -2.9729764687974523E-002
          16          12   4.0586155109061557E-002
          16          13 -0.11487336422090619     
          16          14   6.7297194512684164E-002
          16          15   6.5896530313811538E-003
          16          16   3.8739513613515700E-002
          16          17   1.0926513256366451E-002
          16          18  -2.0521012532527819E-013
          16          19  -3.3135244358646939E-015
          16          20   1.0700410122711933E-014
          16          21  -7.4606040961410288E-015
          16          22   1.3121247079841244E-015
          16          23   2.1297848708907849E-013
          16          24  -1.8251545127699375E-014
          16          25   8.6677752299732536E-015
          16          26  -2.2088142268807998E-014
          16          27  -1.3845398047383628E-014
          16          28   1.0727657426728939E-015
          16          29  -3.5137642062819421E-015
          16          30  -2.0988799828241690E-014
          16          31   1.9058915221064543E-015
          16          32  -7.0251491747388747E-015
          16          33  -2.0104761591791336E-015
          16          34   9.6740097061906325E-016
          16          35  -5.9426809294920315E-015
          17           1  -2.7800247623012773E-015
          17           2   8.2904223463129603E-015
          17           3  -5.4996734309681176E-015
          17           4   5.5950750139435223E-015
          17           5   5.8178254426841585E-015
          17           6  -4.1094426353992285E-003
          17           7   8.6772018645233963E-003
          17           8  -5.8696125551343827E-002
          17           9   1.4079741886445132E-002
          17          10  -2.9729764687908951E-002
          17          11  0.14054119357408523     
          17          12  -3.1871329570475747E-002
          17          13   6.7297194512630901E-002
          17          14  -8.2021439514307876E-002
          17          15  -5.1746957294568499E-003
          17          16   1.0926513256366451E-002
          17          17   4.4073420820238261E-002
          17          18   3.0507483478727678E-013
          17          19   6.2399832856459693E-015
          17          20  -6.9711395985474909E-015
          17          21   1.0204201974482239E-014
          17          22   8.7646639728711650E-016
          17          23  -3.0330022453272278E-013
          17          24   1.1646500875447003E-014
          17          25   2.0616896037852842E-015
          17          26   3.1964591469513674E-015
          17          27  -3.8643551580300791E-015
          17          28  -8.3101524997198214E-016
          17          29  -2.9093604106914409E-015
          17          30   7.7615751985991679E-015
          17          31   6.5848740849030684E-016
          17          32  -3.5248840800854142E-015
          17          33   3.6202389588549173E-017
          17          34  -2.1425545347306551E-016
          17          35  -8.6829420517095573E-015
          18           1  0.44624770013687992     
          18           2  -1.3475465654827619     
          18           3 -0.32555003494539164     
          18           4 -0.43103877679446334     
          18           5 -0.19382649041846009     
          18           6  -2.0232965019857427E-013
          18           7   2.1384446602232493E-013
          18           8  -3.4360937892647876E-014
          18           9  -1.2409034997110233E-014
          18          10  -4.4846984939289479E-013
          18          11  -2.7616873398551319E-013
          18          12   4.1020172075454417E-013
          18          13  -3.2845781404285451E-013
          18          14   2.4841416758434886E-014
          18          15  -2.9291401787198921E-014
          18          16  -2.0521012532527819E-013
          18          17   3.0507483478727678E-013
          18          18   2.8703245881619970     
          18          19  -9.3640326790972768E-013
          18          20 -0.25670798303857789     
          18          21   6.6779685519729704E-012
          18          22  -8.1166898166542062E-012
          18          23 -0.25670798303837866     
          18          24 -0.24498076570284871     
          18          25   5.6998073640218883E-014
          18          26  -3.9890003709733841E-002
          18          27   1.3878541649765357E-013
          18          28  -1.7371967779112315E-014
          18          29  -3.9890003710161256E-002
          18          30  0.24891004698290337     
          18          31  -4.7952144069162609E-014
          18          32  0.11390477273387416     
          18          33   3.0563960696821933E-013
          18          34  -3.3560783389382134E-013
          18          35  0.11390477273467428     
          19           1   1.1751474460275190E-015
          19           2  -2.5318583466840267E-015
          19           3   5.6019822636055422E-014
          19           4  -1.2611691479718947E-013
          19           5  -3.4365599049466463E-014
          19           6   2.2178186675988593E-014
          19           7  -2.7039914543191132E-014
          19           8   1.6796151397934409E-014
          19           9  -2.1183691581518872E-014
          19          10   6.8520215589077072E-014
          19          11  -2.4143610749564798E-014
          19          12   6.2891312761193253E-015
          19          13   1.7568056761103829E-014
          19          14  -1.7677754817775542E-015
          19          15   2.0195012575016345E-015
          19          16  -3.3135244358646939E-015
          19          17   6.2399832856459693E-015
          19          18  -9.3640326790972768E-013
          19          19   2.0796648390833132     
          19          20  -4.2374666181890929E-013
          19          21  -2.5639213076512154E-015
          19          22   6.5728672633625239E-015
          19          23   1.3509020056132359E-012
          19          24   1.3040046328854189E-014
          19          25 -0.13064010090514483     
          19          26   7.9099580599470117E-014
          19          27   3.5071771873782082E-015
          19          28   6.4571828786198650E-015
          19          29  -2.9831911072834430E-014
          19          30  -1.1967147787792613E-014
          19          31   9.1162073610991406E-002
          19          32   2.2320905036568756E-014
          19          33  -1.3022569134623559E-014
          19          34  -3.4136647496229027E-015
          19          35   7.6525654051854531E-014
          20           1  0.44624770013691029     
          20           2  -1.3475465654829737     
          20           3 -0.32555003494832563     
          20           4 -0.43103877679346181     
          20           5 -0.19382649041797551     
          20           6  -1.6164404627535749E-013
          20           7  -4.4558183395102929E-014
          20           8  -1.0290066228110597E-013
          20           9  -6.7612942241937899E-014
          20          10   1.2010952364008035E-013
          20          11  -5.6331393669982381E-014
          20          12   2.5533035824565901E-014
          20          13  -2.0727010440902140E-014
          20          14   5.6383344093073606E-015
          20          15  -9.8259244611785670E-015
          20          16   1.0700410122711933E-014
          20          17  -6.9711395985474909E-015
          20          18 -0.25670798303857789     
          20          19  -4.2374666181890929E-013
          20          20   2.8703245881639301     
          20          21  -1.5787133152601349E-013
          20          22   5.4584329109752239E-013
          20          23 -0.25670798303703168     
          20          24  -3.9890003710103303E-002
          20          25   5.0584546634165855E-014
          20          26 -0.24498076570266211     
          20          27  -8.3165574273185333E-015
          20          28  -5.2079522198109733E-014
          20          29  -3.9890003710167023E-002
          20          30  0.11390477273395626     
          20          31  -2.8545484198266684E-014
          20          32  0.24891004698227681     
          20          33  -2.2456660543117066E-015
          20          34   3.5909905980287811E-014
          20          35  0.11390477273401203     
          21           1  -2.2976886798504946E-016
          21           2   7.7668265373175951E-016
          21           3  -1.0030715297028063E-014
          21           4  -1.3668981274169220E-015
          21           5   3.1232555662797913E-014
          21           6  -5.5385214044852651E-014
          21           7   5.6892434350853715E-014
          21           8  -3.2506695315600630E-014
          21           9   1.5058321456565302E-013
          21          10  -1.4425886768841942E-013
          21          11   8.5131680779900897E-014
          21          12  -2.5087142085949807E-014
          21          13  -9.8111171429583882E-015
          21          14  -2.2373462812310258E-014
          21          15   6.4769586931541906E-015
          21          16  -7.4606040961410288E-015
          21          17   1.0204201974482239E-014
          21          18   6.6779685519729704E-012
          21          19  -2.5639213076512154E-015
          21          20  -1.5787133152601349E-013
          21          21   2.0796648390833252     
          21          22  -7.5287006389171032E-016
          21          23  -6.5241539174537460E-012
          21          24   2.0623291611821511E-013
          21          25   1.1097893440690340E-015
          21          26   2.1832006307969886E-014
          21          27 -0.13064010090515821     
          21          28  -3.8775406493955252E-015
          21          29  -2.1139913269671238E-013
          21          30   1.8614840281916611E-013
          21          31  -1.9591533261819871E-015
          21          32  -1.9068015674046699E-014
          21          33   9.1162073610993377E-002
          21          34   1.1475629471218640E-014
          21          35  -1.9762394616173742E-013
          22           1  -2.9533879410679244E-015
          22           2  -2.9245631255738598E-017
          22           3  -6.5800111779541738E-014
          22           4   9.3250994627259673E-014
          22           5   6.0188245040358061E-014
          22           6   4.4438731053189432E-014
          22           7  -6.1315307773263488E-014
          22           8   2.4669787484088036E-014
          22           9  -1.5062451757668010E-013
          22          10   1.5999412849901467E-013
          22          11  -8.4796104656685528E-014
          22          12   2.0924129466314161E-014
          22          13   8.4594848753865748E-015
          22          14   9.8292719819560730E-015
          22          15  -1.3061769635413689E-014
          22          16   1.3121247079841244E-015
          22          17   8.7646639728711650E-016
          22          18  -8.1166898166542062E-012
          22          19   6.5728672633625239E-015
          22          20   5.4584329109752239E-013
          22          21  -7.5287006389171032E-016
          22          22   2.0796648390833297     
          22          23   7.6087047486556768E-012
          22          24  -2.7226147664182208E-013
          22          25  -1.6337300436492585E-014
          22          26  -9.9953976449396434E-014
          22          27  -1.5022705315456090E-015
          22          28 -0.13064010090516862     
          22          29   3.0523683273574114E-013
          22          30  -2.5402495138325903E-013
          22          31   4.7826326239044912E-015
          22          32  -2.0001141704592811E-014
          22          33   1.8811991891331680E-014
          22          34   9.1162073611004521E-002
          22          35   1.9267130870055086E-013
          23           1  0.44624770013689852     
          23           2  -1.3475465654829721     
          23           3 -0.32555003494925905     
          23           4 -0.43103877679277908     
          23           5 -0.19382649041756844     
          23           6  -8.7875906293497560E-014
          23           7  -2.7686164917641855E-013
          23           8  -1.4466071001572183E-013
          23           9  -1.1441581898338650E-013
          23          10   6.1981623283997556E-013
          23          11   1.8048508840348549E-013
          23          12  -3.7439464801877903E-013
          23          13   3.4599281662124018E-013
          23          14  -1.0410356362340374E-014
