           1           1   2.2735841587498524     
           1           2 -0.76630609120766024     
           1           3 -0.15337912940957285     
           1           4  -1.0480380894518397E-014
           1           5   7.2102873971658534E-015
           1           6  -4.8220827776810913E-015
           1           7   1.5499016092379889E-015
           1           8   2.1437080910858980E-015
           1           9  -3.8974058342773359E-015
           1          10   9.9960911941887484E-002
           1          11  -2.3186430336122584E-004
           1          12   9.8542791597348592E-002
           1          13  -5.2279395880573578E-004
           1          14  -3.8114116874134523E-003
           1          15   9.2640343803027297E-002
           2           1 -0.76630609120766024     
           2           2   1.9785394885049996     
           2           3  0.30824501500222323     
           2           4   1.1427818177350598E-014
           2           5  -5.3743139796660685E-015
           2           6   8.2648846336735409E-015
           2           7  -2.6201090495316451E-015
           2           8  -1.2093007424157652E-014
           2           9   3.1656179727931844E-015
           2          10 -0.14921358305473414     
           2          11   5.0058479818742424E-004
           2          12 -0.14614843061732680     
           2          13   1.1287145816243087E-003
           2          14   8.2289001800464369E-003
           2          15 -0.13339004443337496     
           3           1 -0.15337912940957285     
           3           2  0.30824501500222323     
           3           3  0.25939304963357884     
           3           4   8.5899684966652141E-015
           3           5  -1.7486425764193146E-014
           3           6   1.8757805774151493E-014
           3           7   9.4705983586221992E-016
           3           8  -8.1323451664714975E-015
           3           9   4.1760355544514592E-015
           3          10  -7.6901350789263185E-005
           3          11   4.6171683852767761E-004
           3          12   2.7501471748290762E-003
           3          13   1.0410746167957370E-003
           3          14   7.5899591055951614E-003
           3          15   1.4517427278651802E-002
           4           1  -1.0480380894518397E-014
           4           2   1.1427818177350598E-014
           4           3   8.5899684966652141E-015
           4           4  0.88857557604816584     
           4           5  -2.0025322875287271E-002
           4           6  -4.5161737125532342E-002
           4           7   9.2745484615569251E-002
           4           8  -2.0901522894782969E-003
           4           9  -4.7137770930157667E-003
           4          10  -4.9136038252192461E-016
           4          11  -5.5806912255447119E-017
           4          12  -9.1410904984495950E-017
           4          13   1.9680908536702464E-016
           4          14  -1.1293864275088672E-016
           4          15  -4.5267922532460269E-017
           5           1   7.2102873971658534E-015
           5           2  -5.3743139796660685E-015
           5           3  -1.7486425764193146E-014
           5           4  -2.0025322875287271E-002
           5           5  0.74532064646833751     
           5           6 -0.32926732253936936     
           5           7  -2.0901522894785710E-003
           5           8   7.7793185423935152E-002
           5           9  -3.4367428297769953E-002
           5          10  -1.4705605063500555E-015
           5          11  -2.2023450555398537E-016
           5          12  -1.3259836294940858E-015
           5          13  -1.3110295951690507E-016
           5          14  -6.0732142068042637E-016
           5          15  -2.2266646237766792E-015
           6           1  -4.8220827776810913E-015
           6           2   8.2648846336735409E-015
           6           3   1.8757805774151493E-014
           6           4  -4.5161737125532342E-002
           6           5 -0.32926732253936936     
           6           6  0.14874820696048599     
           6           7  -4.7137770930149626E-003
           6           8  -3.4367428297769544E-002
           6           9   1.5525662545894233E-002
           6          10   1.3885778900538849E-015
           6          11   1.2179235065264186E-016
           6          12   1.4271569551631552E-015
           6          13   9.2935222716042634E-017
           6          14   6.1715397333466203E-016
           6          15   2.3523920513708734E-015
           7           1   1.5499016092379889E-015
           7           2  -2.6201090495316451E-015
           7           3   9.4705983586221992E-016
           7           4   9.2745484615569251E-002
           7           5  -2.0901522894785710E-003
           7           6  -4.7137770930149626E-003
           7           7   9.6803526322791142E-003
           7           8  -2.1816060696845403E-004
           7           9  -4.9200265306168672E-004
           7          10   3.7125622728438689E-016
           7          11  -5.6666068171814559E-018
           7          12   4.1396979491412069E-016
           7          13   2.0898891137161414E-017
           7          14  -9.1863945265920815E-018
           7          15   4.2281783828036678E-016
           8           1   2.1437080910858980E-015
           8           2  -1.2093007424157652E-014
           8           3  -8.1323451664714975E-015
           8           4  -2.0901522894782969E-003
           8           5   7.7793185423935152E-002
           8           6  -3.4367428297769544E-002
           8           7  -2.1816060696845403E-004
           8           8   8.1196995240622877E-003
           8           9  -3.5871161422680272E-003
           8          10   2.2241081525392693E-016
           8          11  -3.4299134434105840E-017
           8          12   1.6823213387935441E-016
           8          13  -3.9190292422016975E-017
           8          14  -2.4934376904008263E-016
           8          15  -2.1410262561114271E-016
           9           1  -3.8974058342773359E-015
           9           2   3.1656179727931844E-015
           9           3   4.1760355544514592E-015
           9           4  -4.7137770930157667E-003
           9           5  -3.4367428297769953E-002
           9           6   1.5525662545894233E-002
           9           7  -4.9200265306168672E-004
           9           8  -3.5871161422680272E-003
           9           9   1.6204981721427768E-003
           9          10   7.1168396585304242E-017
           9          11   1.6738333849575515E-017
           9          12   9.9847053465267187E-017
           9          13   1.8778395057109064E-017
           9          14   1.3060066610418934E-016
           9          15   2.9902991245401790E-016
          10           1   9.9960911941887484E-002
          10           2 -0.14921358305473414     
          10           3  -7.6901350789263185E-005
          10           4  -4.9136038252192461E-016
          10           5  -1.4705605063500555E-015
          10           6   1.3885778900538849E-015
          10           7   3.7125622728438689E-016
          10           8   2.2241081525392693E-016
          10           9   7.1168396585304242E-017
          10          10   1.6030049690256013E-002
          10          11   2.7654481719297637E-006
          10          12   1.6046970450995179E-002
          10          13   6.2354192699307731E-006
          10          14   4.5459200701594598E-005
          10          15   1.6117398824008412E-002
          11           1  -2.3186430336122584E-004
          11           2   5.0058479818742424E-004
          11           3   4.6171683852767761E-004
          11           4  -5.5806912255447119E-017
          11           5  -2.2023450555398537E-016
          11           6   1.2179235065264186E-016
          11           7  -5.6666068171814559E-018
          11           8  -3.4299134434105840E-017
          11           9   1.6738333849575515E-017
          11          10   2.7654481719297637E-006
          11          11   8.2733715286428287E-007
          11          12   7.8312396397252237E-006
          11          13   1.8654723452791667E-006
          11          14   1.3600235475652744E-005
          11          15   2.8917059667421328E-005
          12           1   9.8542791597348592E-002
          12           2 -0.14614843061732680     
          12           3   2.7501471748290762E-003
          12           4  -9.1410904984495950E-017
          12           5  -1.3259836294940858E-015
          12           6   1.4271569551631552E-015
          12           7   4.1396979491412069E-016
          12           8   1.6823213387935441E-016
          12           9   9.9847053465267187E-017
          12          10   1.6046970450995179E-002
          12          11   7.8312396397252237E-006
          12          12   1.6094909092681246E-002
          12          13   1.7657720169686663E-005
          12          14   1.2873354264751309E-004
          12          15   1.6294446107872344E-002
          13           1  -5.2279395880573578E-004
          13           2   1.1287145816243087E-003
          13           3   1.0410746167957370E-003
          13           4   1.9680908536702464E-016
          13           5  -1.3110295951690507E-016
          13           6   9.2935222716042634E-017
          13           7   2.0898891137161414E-017
          13           8  -3.9190292422016975E-017
          13           9   1.8778395057109064E-017
          13          10   6.2354192699307731E-006
          13          11   1.8654723452791667E-006
          13          12   1.7657720169686663E-005
          13          13   4.2062502077492322E-006
          13          14   3.0665688204982292E-005
          13          15   6.5201836942971729E-005
          14           1  -3.8114116874134523E-003
          14           2   8.2289001800464369E-003
          14           3   7.5899591055951614E-003
          14           4  -1.1293864275088672E-016
          14           5  -6.0732142068042637E-016
          14           6   6.1715397333466203E-016
          14           7  -9.1863945265920815E-018
          14           8  -2.4934376904008263E-016
          14           9   1.3060066610418934E-016
          14          10   4.5459200701594598E-005
          14          11   1.3600235475652744E-005
          14          12   1.2873354264751309E-004
          14          13   3.0665688204982292E-005
          14          14   2.2356835343614743E-004
          14          15   4.7535416422971993E-004
          15           1   9.2640343803027297E-002
          15           2 -0.13339004443337496     
          15           3   1.4517427278651802E-002
          15           4  -4.5267922532460269E-017
          15           5  -2.2266646237766792E-015
          15           6   2.3523920513708734E-015
          15           7   4.2281783828036678E-016
          15           8  -2.1410262561114271E-016
          15           9   2.9902991245401790E-016
          15          10   1.6117398824008412E-002
          15          11   2.8917059667421328E-005
          15          12   1.6294446107872344E-002
          15          13   6.5201836942971729E-005
          15          14   4.7535416422971993E-004
          15          15   1.7031384163351485E-002
