           1           1   2.2051496625169591     
           1           2 -0.85487784608055772     
           1           3  0.47652809809165086     
           1           4   4.6190522246818619E-002
           1           5   1.0247615887931313E-013
           1           6   5.6604310629185083E-014
           1           7  -5.5474222762702454E-014
           1           8   8.6304427263459625E-015
           1           9   5.6270788544808137E-015
           1          10  -1.8215690988484461E-014
           1          11   9.6149129882946899E-016
           1          12  -4.2390917580776822E-015
           1          13   4.6524513288436071E-015
           1          14 -0.11517030720155891     
           1          15  -1.1796775182946759E-015
           1          16 -0.11517030720154869     
           1          17   1.3484584119962679E-014
           1          18   3.9607879628389011E-015
           1          19 -0.11517030720154778     
           2           1 -0.85487784608055772     
           2           2   3.9731716748435222     
           2           3  -3.4281324353274827     
           2           4 -0.29159671521281855     
           2           5  -3.6460364352731349E-013
           2           6  -1.9064929809348435E-013
           2           7   2.2053132894418222E-013
           2           8  -1.7660177066342272E-014
           2           9   9.4438927623115628E-015
           2          10   5.8858570513149002E-014
           2          11  -1.7169271144249830E-014
           2          12   2.0202727127122227E-014
           2          13  -3.1476468983980640E-014
           2          14  0.73001792390539788     
           2          15   5.3171888639562094E-015
           2          16  0.73001792390537523     
           2          17  -5.2562789639565024E-014
           2          18  -1.5745968640911332E-014
           2          19  0.73001792390536624     
           3           1  0.47652809809165086     
           3           2  -3.4281324353274827     
           3           3   6.1559833368918477     
           3           4  0.44829954101606834     
           3           5   6.7951199506253829E-014
           3           6   3.2117317264246804E-014
           3           7  -6.4367399215026105E-014
           3           8  -3.9835813546622793E-014
           3           9  -7.5782768662349843E-014
           3          10   2.1661585362368641E-014
           3          11   1.6774842601960859E-014
           3          12  -8.3048211493424274E-015
           3          13   1.2990749612950721E-014
           3          14  -1.1177016538133140     
           3          15  -1.3979338708205130E-014
           3          16  -1.1177016538133042     
           3          17   1.4436620859296903E-014
           3          18   1.6172114750718736E-014
           3          19  -1.1177016538133038     
           4           1   4.6190522246818619E-002
           4           2 -0.29159671521281855     
           4           3  0.44829954101606834     
           4           4   7.2440462421516374E-002
           4           5   7.9690912013171319E-015
           4           6  -3.3832070535735941E-015
           4           7  -2.2730045888327051E-014
           4           8   1.0158632669214270E-014
           4           9  -7.4576335594233859E-015
           4          10  -7.4223432532399393E-015
           4          11   1.3274699807396672E-014
           4          12  -8.7007526678406317E-016
           4          13  -5.9159828195424566E-015
           4          14  -5.8492083358746852E-002
           4          15  -4.4454397745247921E-016
           4          16  -5.8492083358746311E-002
           4          17   2.2046332766338657E-015
           4          18   5.0934008947162914E-016
           4          19  -5.8492083358746505E-002
           5           1   1.0247615887931313E-013
           5           2  -3.6460364352731349E-013
           5           3   6.7951199506253829E-014
           5           4   7.9690912013171319E-015
           5           5   2.2761460254033317     
           5           6   8.0909193108987983E-003
           5           7   2.2633952028039417E-004
           5           8  0.68026677829629245     
           5           9   1.8518998723781110E-002
           5          10   5.1805995414834494E-004
           5          11   9.5507369716235010E-002
           5          12   1.1905241405673088E-002
           5          13   3.3304331992718185E-004
           5          14  -3.3676932628584537E-014
           5          15  -5.9411926337144124E-015
           5          16  -2.6150156590310943E-014
           5          17   6.3781467090719532E-016
           5          18  -2.0099451872997488E-016
           5          19  -3.3177990843540906E-014
           6           1   5.6604310629185083E-014
           6           2  -1.9064929809348435E-013
           6           3   3.2117317264246804E-014
           6           4  -3.3832070535735941E-015
           6           5   8.0909193108987983E-003
           6           6   2.1822607358947250     
           6           7  -2.6457580798172056E-003
           6           8   1.8518998723778005E-002
           6           9  0.46537629554861815     
           6          10  -6.0557754466234633E-003
           6          11   1.1905241405672486E-002
           6          12  -4.2638493947949038E-002
           6          13  -3.8930543527793439E-003
           6          14  -1.9271872452550865E-014
           6          15  -2.1543730760035681E-015
           6          16  -1.8904254980781898E-014
           6          17  -1.8470265045130697E-016
           6          18  -1.2366630043995423E-015
           6          19  -2.3768998628592869E-014
           7           1  -5.5474222762702454E-014
           7           2   2.2053132894418222E-013
           7           3  -6.4367399215026105E-014
           7           4  -2.2730045888327051E-014
           7           5   2.2633952028039417E-004
           7           6  -2.6457580798172056E-003
           7           7   2.2767641742133753     
           7           8   5.1805995414427874E-004
           7           9  -6.0557754466256074E-003
           7          10  0.68168163569189955     
           7          11   3.3304331992629020E-004
           7          12  -3.8930543527733443E-003
           7          13   9.6416933948100206E-002
           7          14   2.7277456242304397E-014
           7          15  -7.1643530470780324E-015
           7          16   2.3845238956463088E-014
           7          17  -4.7346225505863918E-015
           7          18  -3.6561380494565125E-015
           7          19   1.9728744004701504E-014
           8           1   8.6304427263459625E-015
           8           2  -1.7660177066342272E-014
           8           3  -3.9835813546622793E-014
           8           4   1.0158632669214270E-014
           8           5  0.68026677829629245     
           8           6   1.8518998723778005E-002
           8           7   5.1805995414427874E-004
           8           8   1.5644632636174087     
           8           9   4.2387434672521415E-002
           8          10   1.1857678047516307E-003
           8          11  0.38514941080003090     
           8          12   2.7249456078612469E-002
           8          13   7.6229023918700581E-004
           8          14  -5.8454762288869555E-015
           8          15  -8.2249529247536316E-015
           8          16   1.2359617385459651E-014
           8          17   5.5559438870032746E-015
           8          18   2.1200217732556772E-015
           8          19   9.1196597099685761E-015
           9           1   5.6270788544808137E-015
           9           2   9.4438927623115628E-015
           9           3  -7.5782768662349843E-014
           9           4  -7.4576335594233859E-015
           9           5   1.8518998723781110E-002
           9           6  0.46537629554861815     
           9           7  -6.0557754466256074E-003
           9           8   4.2387434672521415E-002
           9           9   1.0726085777851211     
           9          10  -1.3860835024828919E-002
           9          11   2.7249456078613385E-002
           9          12   6.8952576474137883E-002
           9          13  -8.9106646377629210E-003
           9          14   7.9267623380205175E-015
           9          15  -9.5168278371648348E-016
           9          16   8.9401897104073377E-015
           9          17   1.0824002786436761E-015
           9          18   7.8950214965583608E-016
           9          19   9.5277547906454872E-015
          10           1  -1.8215690988484461E-014
          10           2   5.8858570513149002E-014
          10           3   2.1661585362368641E-014
          10           4  -7.4223432532399393E-015
          10           5   5.1805995414834494E-004
          10           6  -6.0557754466234633E-003
          10           7  0.68168163569189955     
          10           8   1.1857678047516307E-003
          10           9  -1.3860835024828919E-002
          10          10   1.5677016771149035     
          10          11   7.6229023918579150E-004
          10          12  -8.9106646377639532E-003
          10          13  0.38723127791574252     
          10          14  -9.6538137796753268E-016
          10          15  -3.4498839074505329E-016
          10          16  -3.2696258188134374E-015
          10          17  -9.1535966547265217E-015
          10          18  -7.1245331181911499E-015
          10          19   7.5540014983148091E-015
          11           1   9.6149129882946899E-016
          11           2  -1.7169271144249830E-014
          11           3   1.6774842601960859E-014
          11           4   1.3274699807396672E-014
          11           5   9.5507369716235010E-002
          11           6   1.1905241405672486E-002
          11           7   3.3304331992629020E-004
          11           8  0.38514941080003090     
          11           9   2.7249456078613385E-002
          11          10   7.6229023918579150E-004
          11          11  0.21213548742487262     
          11          12   1.7517758796136991E-002
          11          13   4.9005075566184051E-004
          11          14  -8.0901654463327437E-015
          11          15  -4.6599783324778917E-015
          11          16   1.6905921133496818E-015
          11          17   3.8301079414775316E-015
          11          18   3.4199773369492247E-016
          11          19   2.1786780200398159E-015
          12           1  -4.2390917580776822E-015
          12           2   2.0202727127122227E-014
          12           3  -8.3048211493424274E-015
          12           4  -8.7007526678406317E-016
          12           5   1.1905241405673088E-002
          12           6  -4.2638493947949038E-002
          12           7  -3.8930543527733443E-003
          12           8   2.7249456078612469E-002
          12           9   6.8952576474137883E-002
          12          10  -8.9106646377639532E-003
          12          11   1.7517758796136991E-002
          12          12   8.8631777008427448E-003
          12          13  -5.7283665915118034E-003
          12          14   1.6386475978007792E-015
          12          15  -2.7798906997508607E-016
          12          16   2.5827847795777003E-015
          12          17   5.2280585928105669E-016
          12          18   1.7952895594466672E-016
          12          19   2.5895223452874679E-015
          13           1   4.6524513288436071E-015
          13           2  -3.1476468983980640E-014
          13           3   1.2990749612950721E-014
          13           4  -5.9159828195424566E-015
          13           5   3.3304331992718185E-004
          13           6  -3.8930543527793439E-003
          13           7   9.6416933948100206E-002
          13           8   7.6229023918700581E-004
          13           9  -8.9106646377629210E-003
          13          10  0.38723127791574252     
          13          11   4.9005075566184051E-004
          13          12  -5.7283665915118034E-003
          13          13  0.21347384977138908     
          13          14  -8.0609611929669356E-015
          13          15   6.6402518561927133E-016
          13          16  -8.0165056610805262E-015
          13          17  -6.2178722534787628E-015
          13          18  -4.5871290992555719E-015
          13          19  -1.3414452161261414E-015
          14           1 -0.11517030720155891     
          14           2  0.73001792390539788     
          14           3  -1.1177016538133140     
          14           4  -5.8492083358746852E-002
          14           5  -3.3676932628584537E-014
          14           6  -1.9271872452550865E-014
          14           7   2.7277456242304397E-014
          14           8  -5.8454762288869555E-015
          14           9   7.9267623380205175E-015
          14          10  -9.6538137796753268E-016
          14          11  -8.0901654463327437E-015
          14          12   1.6386475978007792E-015
          14          13  -8.0609611929669356E-015
          14          14  0.22572397978922926     
          14          15   2.5380533609058759E-015
          14          16  0.22572397978922648     
          14          17  -6.0884771971574537E-015
          14          18  -4.0766523065206746E-015
          14          19  0.22572397978922562     
          15           1  -1.1796775182946759E-015
          15           2   5.3171888639562094E-015
          15           3  -1.3979338708205130E-014
          15           4  -4.4454397745247921E-016
          15           5  -5.9411926337144124E-015
          15           6  -2.1543730760035681E-015
          15           7  -7.1643530470780324E-015
          15           8  -8.2249529247536316E-015
          15           9  -9.5168278371648348E-016
          15          10  -3.4498839074505329E-016
          15          11  -4.6599783324778917E-015
          15          12  -2.7798906997508607E-016
          15          13   6.6402518561927133E-016
          15          14   2.5380533609058759E-015
          15          15   3.0753678883902774E-028
          15          16   2.5380533609057366E-015
          15          17   1.7699948568673564E-028
          15          18  -4.7560893749629979E-029
          15          19   2.5380533609057027E-015
          16           1 -0.11517030720154869     
          16           2  0.73001792390537523     
          16           3  -1.1177016538133042     
          16           4  -5.8492083358746311E-002
          16           5  -2.6150156590310943E-014
          16           6  -1.8904254980781898E-014
          16           7   2.3845238956463088E-014
          16           8   1.2359617385459651E-014
          16           9   8.9401897104073377E-015
          16          10  -3.2696258188134374E-015
          16          11   1.6905921133496818E-015
          16          12   2.5827847795777003E-015
          16          13  -8.0165056610805262E-015
          16          14  0.22572397978922648     
          16          15   2.5380533609057366E-015
          16          16  0.22572397978922368     
          16          17  -6.0884771971571050E-015
          16          18  -4.0766523065206793E-015
          16          19  0.22572397978922285     
          17           1   1.3484584119962679E-014
          17           2  -5.2562789639565024E-014
          17           3   1.4436620859296903E-014
          17           4   2.2046332766338657E-015
          17           5   6.3781467090719532E-016
          17           6  -1.8470265045130697E-016
          17           7  -4.7346225505863918E-015
          17           8   5.5559438870032746E-015
          17           9   1.0824002786436761E-015
          17          10  -9.1535966547265217E-015
          17          11   3.8301079414775316E-015
          17          12   5.2280585928105669E-016
          17          13  -6.2178722534787628E-015
          17          14  -6.0884771971574537E-015
          17          15   1.7699948568673564E-028
          17          16  -6.0884771971571050E-015
          17          17   2.9568436611827331E-027
          17          18   6.8496365623771827E-028
          17          19  -6.0884771971570798E-015
          18           1   3.9607879628389011E-015
          18           2  -1.5745968640911332E-014
          18           3   1.6172114750718736E-014
          18           4   5.0934008947162914E-016
          18           5  -2.0099451872997488E-016
          18           6  -1.2366630043995423E-015
          18           7  -3.6561380494565125E-015
          18           8   2.1200217732556772E-015
          18           9   7.8950214965583608E-016
          18          10  -7.1245331181911499E-015
          18          11   3.4199773369492247E-016
          18          12   1.7952895594466672E-016
          18          13  -4.5871290992555719E-015
          18          14  -4.0766523065206746E-015
          18          15  -4.7560893749629979E-029
          18          16  -4.0766523065206793E-015
          18          17   6.8496365623771827E-028
          18          18   2.9433276837245330E-028
          18          19  -4.0766523065207259E-015
          19           1 -0.11517030720154778     
          19           2  0.73001792390536624     
          19           3  -1.1177016538133038     
          19           4  -5.8492083358746505E-002
          19           5  -3.3177990843540906E-014
          19           6  -2.3768998628592869E-014
          19           7   1.9728744004701504E-014
          19           8   9.1196597099685761E-015
          19           9   9.5277547906454872E-015
          19          10   7.5540014983148091E-015
          19          11   2.1786780200398159E-015
          19          12   2.5895223452874679E-015
          19          13  -1.3414452161261414E-015
          19          14  0.22572397978922562     
          19          15   2.5380533609057027E-015
          19          16  0.22572397978922285     
          19          17  -6.0884771971570798E-015
          19          18  -4.0766523065207259E-015
          19          19  0.22572397978922201     
