           1           1   2.2389164027300037     
           1           2 -0.78280420458921185     
           1           3  0.47634958069964489     
           1           4  -2.2719509906973063E-003
           1           5   3.5432702511513869E-003
           1           6  -4.6283128532455086E-015
           1           7  -3.6509814585606642E-014
           1           8  -7.0216696725348469E-014
           1           9  -5.8504718914873533E-015
           1          10   4.1656752835182813E-015
           1          11   2.3194920044302016E-015
           1          12   1.0864531011714665E-014
           1          13  -4.3662262562671731E-015
           1          14   7.4013724718328865E-016
           1          15 -0.10205345594411924     
           1          16   4.8338864053544305E-015
           1          17 -0.10205345594411369     
           1          18  -2.9417465459825988E-015
           1          19   1.2185154354176507E-014
           1          20 -0.10205345594410836     
           1          21  -5.0166955073981936E-003
           1          22  -6.4662687334756520E-015
           1          23  -5.0166955073907143E-003
           1          24   8.5048905060884884E-015
           1          25  -7.2573463326724968E-015
           1          26  -5.0166955074022711E-003
           2           1 -0.78280420458921185     
           2           2   2.5681617316670744     
           2           3  -1.7349935144070865     
           2           4   7.5948260869558876E-003
           2           5  -1.3832948990382033E-002
           2           6   1.7714570361908859E-014
           2           7   1.1113801954986208E-013
           2           8   2.1457771270965966E-013
           2           9   1.9442413457380980E-014
           2          10  -1.4200082913215225E-014
           2          11  -1.1932534350403479E-014
           2          12  -3.8015429786382943E-014
           2          13   1.2835610158006451E-014
           2          14   3.5349199902456835E-016
           2          15  0.36839292960114550     
           2          16  -1.0497455098886212E-014
           2          17  0.36839292960112702     
           2          18   3.6163206467213074E-015
           2          19  -3.4444973173978448E-014
           2          20  0.36839292960111369     
           2          21   1.3570549319252532E-003
           2          22   1.2970498830904515E-014
           2          23   1.3570549319048388E-003
           2          24  -2.5986021064710375E-014
           2          25   1.4794679288038981E-014
           2          26   1.3570549319365302E-003
           3           1  0.47634958069964489     
           3           2  -1.7349935144070865     
           3           3   13.206204601046581     
           3           4 -0.22462653598001520     
           3           5   9.6141440097080033E-003
           3           6   9.0969173915843325E-015
           3           7  -1.0444065520598492E-014
           3           8   2.3219683191697717E-015
           3           9  -1.9204391179974047E-014
           3          10  -1.4309083821230243E-014
           3          11  -3.3083120629418178E-014
           3          12   4.4262837555263760E-015
           3          13   1.4459522807396058E-015
           3          14   2.7083690011402303E-015
           3          15  -3.8970129431002318     
           3          16  -4.1259912750431586E-014
           3          17  -3.8970129431004703     
           3          18  -3.6288306722845722E-014
           3          19   3.6663819072334656E-014
           3          20  -3.8970129431004441     
           3          21 -0.89394379455397521     
           3          22   7.8765989449178256E-015
           3          23 -0.89394379455394080     
           3          24   2.4234061699149738E-015
           3          25  -5.9969968745835919E-015
           3          26 -0.89394379455394812     
           4           1  -2.2719509906973063E-003
           4           2   7.5948260869558876E-003
           4           3 -0.22462653598001520     
           4           4   1.0022221087372558E-002
           4           5   1.1828990388482714E-003
           4           6  -6.7548629561886585E-016
           4           7   2.0788046062794020E-014
           4           8   5.9265488769912272E-015
           4           9  -1.0764490460183569E-015
           4          10  -1.9166292732888233E-014
           4          11  -2.0294900513784283E-014
           4          12   6.6712793970404230E-017
           4          13   8.0396001045599912E-016
           4          14   1.6767217895281622E-015
           4          15   9.6085212946774926E-002
           4          16  -6.1955934109457753E-014
           4          17   9.6085212946796353E-002
           4          18   4.0516879107157415E-014
           4          19  -3.7308369187930786E-015
           4          20   9.6085212946786583E-002
           4          21   3.5860397704752266E-002
           4          22  -1.4716758243125340E-015
           4          23   3.5860397704748873E-002
           4          24  -4.1278843730761056E-016
           4          25   2.7610722976309001E-015
           4          26   3.5860397704750802E-002
           5           1   3.5432702511513869E-003
           5           2  -1.3832948990382033E-002
           5           3   9.6141440097080033E-003
           5           4   1.1828990388482714E-003
           5           5   3.2861100797846758E-004
           5           6  -2.2394295214060628E-015
           5           7  -1.5639527109946271E-014
           5           8  -4.5940797839699882E-015
           5           9   5.7861995101319126E-015
           5          10   1.6532130082130690E-014
           5          11   1.2375476236516649E-014
           5          12  -2.5650909231692956E-016
           5          13  -7.8183464548012202E-016
           5          14  -9.9660094135294624E-016
           5          15   3.7580102806227273E-003
           5          16   6.9986073366027794E-014
           5          17   3.7580102805794555E-003
           5          18  -2.8023695151550332E-014
           5          19  -8.3264027717820716E-015
           5          20   3.7580102805636331E-003
           5          21   3.9972193870894913E-003
           5          22   1.2485344371540137E-015
           5          23   3.9972193870957953E-003
           5          24   3.8938570427214017E-016
           5          25  -8.4114426397022997E-016
           5          26   3.9972193870981146E-003
           6           1  -4.6283128532455086E-015
           6           2   1.7714570361908859E-014
           6           3   9.0969173915843325E-015
           6           4  -6.7548629561886585E-016
           6           5  -2.2394295214060628E-015
           6           6   2.3063273760272374     
           6           7   1.2004286453769259E-015
           6           8   2.6714741530036637E-016
           6           9 -0.85429701280431569     
           6          10  -1.3565537582164624E-015
           6          11   8.0491169285322035E-016
           6          12   6.8325202838357621E-002
           6          13   2.8930850770605957E-015
           6          14  -1.8453120975718826E-015
           6          15   1.3341839012141003E-014
           6          16  -1.9210800880212095E-015
           6          17   2.7947938026385077E-015
           6          18   4.7468717322159389E-016
           6          19   5.9464375486603510E-016
           6          20  -2.4140545078224348E-014
           6          21  -3.7830537371695512E-015
           6          22  -2.4167645429200371E-017
           6          23   9.7494436836777976E-016
           6          24  -9.9410345162658848E-016
           6          25   7.6857012681803405E-016
           6          26   2.9515335323765628E-015
           7           1  -3.6509814585606642E-014
           7           2   1.1113801954986208E-013
           7           3  -1.0444065520598492E-014
           7           4   2.0788046062794020E-014
           7           5  -1.5639527109946271E-014
           7           6   1.2004286453769259E-015
           7           7   2.3063273760272440     
           7           8   3.1225022567651553E-017
           7           9  -3.3167912860712705E-015
           7          10 -0.85429701280432568     
           7          11  -9.0899510141246815E-016
           7          12  -2.1174468428635898E-015
           7          13   6.8325202838362922E-002
           7          14  -1.7785252437496442E-015
           7          15   5.0635071422981156E-014
           7          16  -2.8870595738843145E-015
           7          17  -4.3819114421933362E-015
           7          18  -5.4350805040932445E-015
           7          19  -2.9955361427506764E-016
           7          20  -3.9992996533036727E-014
           7          21  -6.6010647341527570E-015
           7          22  -8.1804433062992899E-016
           7          23  -2.8551074690483494E-015
           7          24   1.5191279211527903E-015
           7          25  -1.6913957898109737E-015
           7          26   1.9801390334057398E-015
           8           1  -7.0216696725348469E-014
           8           2   2.1457771270965966E-013
           8           3   2.3219683191697717E-015
           8           4   5.9265488769912272E-015
           8           5  -4.5940797839699882E-015
           8           6   2.6714741530036637E-016
           8           7   3.1225022567651553E-017
           8           8   2.3063273760272391     
           8           9   1.9428902930946156E-016
           8          10  -1.4641066137243469E-015
           8          11 -0.85429701280431825     
           8          12   4.4018608202877179E-016
           8          13  -6.8087896433388070E-017
           8          14   6.8325202838362173E-002
           8          15  -1.1148093216849452E-015
           8          16   2.0504464417885425E-014
           8          17   5.2899489761894193E-015
           8          18   6.5855862414353830E-016
           8          19  -1.4617419322069090E-016
           8          20  -4.9253012185056398E-015
           8          21  -2.3947809191054397E-015
           8          22  -7.8947496178895587E-016
           8          23  -2.0406231150940688E-015
           8          24  -1.2869000710889063E-016
           8          25  -3.9730337523700266E-016
           8          26   1.3328292307278091E-015
           9           1  -5.8504718914873533E-015
           9           2   1.9442413457380980E-014
           9           3  -1.9204391179974047E-014
           9           4  -1.0764490460183569E-015
           9           5   5.7861995101319126E-015
           9           6 -0.85429701280431569     
           9           7  -3.3167912860712705E-015
           9           8   1.9428902930946156E-016
           9           9   2.3796448327775899     
           9          10   1.5404344466768689E-015
           9          11  -1.1934897514715299E-015
           9          12 -0.16383122634054387     
           9          13  -8.0048814798951467E-015
           9          14   5.1590676175613518E-015
           9          15  -5.1910186855857708E-014
           9          16  -1.8820749950477720E-015
           9          17  -5.1431391615390648E-015
           9          18   4.1900605919682356E-015
           9          19   5.5873125265201957E-015
           9          20   7.6741496012020301E-014
           9          21   8.8948634765998538E-015
           9          22   1.2607042576445879E-015
           9          23  -2.6500128944359642E-016
           9          24   1.4506023314769641E-016
           9          25  -2.6325583923294177E-015
           9          26  -1.1138928221031812E-014
          10           1   4.1656752835182813E-015
          10           2  -1.4200082913215225E-014
          10           3  -1.4309083821230243E-014
          10           4  -1.9166292732888233E-014
          10           5   1.6532130082130690E-014
          10           6  -1.3565537582164624E-015
          10           7 -0.85429701280432568     
          10           8  -1.4641066137243469E-015
          10           9   1.5404344466768689E-015
          10          10   2.3796448327775925     
          10          11  -6.1062266354289341E-016
          10          12   4.7418666215806474E-015
          10          13 -0.16383122634054878     
          10          14   2.1484550250080585E-015
          10          15  -1.3042343016611857E-013
          10          16   2.6630029110668303E-014
          10          17   3.3845476879318849E-014
          10          18   1.0733055011688086E-014
          10          19  -7.8319842483781674E-015
          10          20   1.1989822892263626E-013
          10          21   2.2216674387471312E-014
          10          22  -1.6804376788178262E-015
          10          23  -6.4008129793843235E-015
          10          24   4.8377694840238489E-016
          10          25  -3.9066784604999036E-015
          10          26  -1.3386924660684395E-014
          11           1   2.3194920044302016E-015
          11           2  -1.1932534350403479E-014
          11           3  -3.3083120629418178E-014
          11           4  -2.0294900513784283E-014
          11           5   1.2375476236516649E-014
          11           6   8.0491169285322035E-016
          11           7  -9.0899510141246815E-016
          11           8 -0.85429701280431825     
          11           9  -1.1934897514715299E-015
          11          10  -6.1062266354289341E-016
          11          11   2.3796448327775899     
          11          12  -2.7877006258939275E-015
          11          13   1.2290515827330613E-015
          11          14 -0.16383122634054695     
          11          15   1.0454888833338343E-014
          11          16  -5.1566164524529239E-014
          11          17  -2.1533186473809099E-015
          11          18  -1.0975215165966628E-015
          11          19   1.6794718387416258E-015
          11          20   3.5687897043983000E-014
          11          21   7.8269252722279416E-015
          11          22  -1.5295711286685617E-016
          11          23   6.5677646427193164E-015
          11          24  -2.1515146501926422E-016
          11          25  -1.0607638116177699E-015
          11          26  -2.8146077632316908E-015
          12           1   1.0864531011714665E-014
          12           2  -3.8015429786382943E-014
          12           3   4.4262837555263760E-015
          12           4   6.6712793970404230E-017
          12           5  -2.5650909231692956E-016
          12           6   6.8325202838357621E-002
          12           7  -2.1174468428635898E-015
          12           8   4.4018608202877179E-016
          12           9 -0.16383122634054387     
          12          10   4.7418666215806474E-015
          12          11  -2.7877006258939275E-015
          12          12   1.2812906899869206E-002
          12          13   5.6703773622665574E-017
          12          14   6.1257422745494701E-017
          12          15   1.1685312737721935E-014
          12          16  -2.1065553878638307E-014
          12          17  -6.3726144783703167E-015
          12          18  -8.1389175732629872E-016
          12          19   6.7547135913919835E-015
          12          20  -1.0299558388070878E-014
          12          21  -2.0919049953022389E-015
          12          22  -5.3544550530309266E-016
          12          23   6.8516931155436115E-016
          12          24   5.5615578536896574E-016
          12          25  -5.4608668171748447E-016
          12          26   1.2485589743295894E-015
          13           1  -4.3662262562671731E-015
          13           2   1.2835610158006451E-014
          13           3   1.4459522807396058E-015
          13           4   8.0396001045599912E-016
          13           5  -7.8183464548012202E-016
          13           6   2.8930850770605957E-015
          13           7   6.8325202838362922E-002
          13           8  -6.8087896433388070E-017
          13           9  -8.0048814798951467E-015
          13          10 -0.16383122634054878     
          13          11   1.2290515827330613E-015
          13          12   5.6703773622665574E-017
          13          13   1.2812906899869783E-002
          13          14  -2.6926160953247850E-016
          13          15  -3.6783551064828757E-015
          13          16  -8.0017887508743723E-014
          13          17   1.9925420112332806E-015
          13          18   9.7967781501271558E-015
          13          19   3.1102650483384357E-015
          13          20   3.9860849082866038E-017
          13          21   2.4062959550827368E-016
          13          22  -1.1757576129623621E-015
          13          23  -3.8448128682987750E-016
          13          24  -1.9505782185236241E-016
          13          25   2.4458280122577656E-016
          13          26  -4.0237160452949651E-016
          14           1   7.4013724718328865E-016
          14           2   3.5349199902456835E-016
          14           3   2.7083690011402303E-015
          14           4   1.6767217895281622E-015
          14           5  -9.9660094135294624E-016
          14           6  -1.8453120975718826E-015
          14           7  -1.7785252437496442E-015
          14           8   6.8325202838362173E-002
          14           9   5.1590676175613518E-015
          14          10   2.1484550250080585E-015
          14          11 -0.16383122634054695     
          14          12   6.1257422745494701E-017
          14          13  -2.6926160953247850E-016
          14          14   1.2812906899869886E-002
          14          15  -8.4632303363436559E-014
          14          16  -4.9091952315657432E-014
          14          17   1.1118502697285873E-014
          14          18   2.0949066814267356E-014
          14          19   1.3008224698743732E-014
          14          20   7.0443785527999681E-014
          14          21   1.1605399204412399E-014
          14          22  -9.8278935395075609E-016
          14          23  -2.1262121644415791E-015
          14          24   5.6793800194038689E-016
          14          25   8.1067660603013323E-016
          14          26  -1.0250688136680347E-014
          15           1 -0.10205345594411924     
          15           2  0.36839292960114550     
          15           3  -3.8970129431002318     
          15           4   9.6085212946774926E-002
          15           5   3.7580102806227273E-003
          15           6   1.3341839012141003E-014
          15           7   5.0635071422981156E-014
          15           8  -1.1148093216849452E-015
          15           9  -5.1910186855857708E-014
          15          10  -1.3042343016611857E-013
          15          11   1.0454888833338343E-014
          15          12   1.1685312737721935E-014
          15          13  -3.6783551064828757E-015
          15          14  -8.4632303363436559E-014
          15          15   2.4061891731642677     
          15          16   6.8271199723749117E-013
          15          17  0.75974616089253766     
          15          18   1.0586734862598272E-012
          15          19  -4.1756924896664423E-014
          15          20  0.75974616089253599     
          15          21  0.20261615366539323     
          15          22  -1.6893276968596433E-014
          15          23  0.44257917860806650     
          15          24  -2.5889417336638560E-013
          15          25   6.6097919045373480E-014
          15          26  0.44257917860800383     
          16           1   4.8338864053544305E-015
          16           2  -1.0497455098886212E-014
          16           3  -4.1259912750431586E-014
          16           4  -6.1955934109457753E-014
          16           5   6.9986073366027794E-014
          16           6  -1.9210800880212095E-015
          16           7  -2.8870595738843145E-015
          16           8   2.0504464417885425E-014
          16           9  -1.8820749950477720E-015
          16          10   2.6630029110668303E-014
          16          11  -5.1566164524529239E-014
          16          12  -2.1065553878638307E-014
          16          13  -8.0017887508743723E-014
          16          14  -4.9091952315657432E-014
          16          15   6.8271199723749117E-013
          16          16   2.0791756080960919     
          16          17  -8.6199340303083035E-013
          16          18  -1.2934098235916094E-014
          16          19  -1.2378986724614645E-014
          16          20   2.5748181527076098E-013
          16          21  -4.2003039778025244E-014
          16          22 -0.13420271620762556     
          16          23  -1.3032951223636656E-014
          16          24   3.3999712767257932E-014
          16          25   1.8532050893897180E-014
          16          26   2.9719034727043987E-014
          17           1 -0.10205345594411369     
          17           2  0.36839292960112702     
          17           3  -3.8970129431004703     
          17           4   9.6085212946796353E-002
          17           5   3.7580102805794555E-003
          17           6   2.7947938026385077E-015
          17           7  -4.3819114421933362E-015
          17           8   5.2899489761894193E-015
          17           9  -5.1431391615390648E-015
          17          10   3.3845476879318849E-014
          17          11  -2.1533186473809099E-015
          17          12  -6.3726144783703167E-015
          17          13   1.9925420112332806E-015
          17          14   1.1118502697285873E-014
          17          15  0.75974616089253766     
          17          16  -8.6199340303083035E-013
          17          17   2.4061891731644947     
          17          18   6.9730606929607879E-014
          17          19   3.9910503671587671E-014
          17          20  0.75974616089266789     
          17          21  0.44257917860805673     
          17          22  -3.2548941801766151E-014
          17          23  0.20261615366541663     
          17          24   2.2438242021848081E-014
          17          25  -1.5283965349719759E-014
          17          26  0.44257917860803569     
          18           1  -2.9417465459825988E-015
          18           2   3.6163206467213074E-015
          18           3  -3.6288306722845722E-014
          18           4   4.0516879107157415E-014
          18           5  -2.8023695151550332E-014
          18           6   4.7468717322159389E-016
          18           7  -5.4350805040932445E-015
          18           8   6.5855862414353830E-016
          18           9   4.1900605919682356E-015
          18          10   1.0733055011688086E-014
          18          11  -1.0975215165966628E-015
          18          12  -8.1389175732629872E-016
          18          13   9.7967781501271558E-015
          18          14   2.0949066814267356E-014
          18          15   1.0586734862598272E-012
          18          16  -1.2934098235916094E-014
          18          17   6.9730606929607879E-014
          18          18   2.0791756080961021     
          18          19   2.7755575601988251E-016
          18          20  -1.0938033637812842E-012
          18          21  -2.4780781106415666E-013
          18          22   5.2388648967610639E-016
          18          23   1.5219906662286253E-014
          18          24 -0.13420271620763818     
          18          25   6.3191639422256275E-015
          18          26   2.1143767670843233E-013
          19           1   1.2185154354176507E-014
          19           2  -3.4444973173978448E-014
          19           3   3.6663819072334656E-014
          19           4  -3.7308369187930786E-015
          19           5  -8.3264027717820716E-015
          19           6   5.9464375486603510E-016
          19           7  -2.9955361427506764E-016
          19           8  -1.4617419322069090E-016
          19           9   5.5873125265201957E-015
          19          10  -7.8319842483781674E-015
          19          11   1.6794718387416258E-015
          19          12   6.7547135913919835E-015
          19          13   3.1102650483384357E-015
          19          14   1.3008224698743732E-014
          19          15  -4.1756924896664423E-014
          19          16  -1.2378986724614645E-014
          19          17   3.9910503671587671E-014
          19          18   2.7755575601988251E-016
          19          19   2.0791756080961012     
          19          20  -4.6078807105620515E-014
          19          21   6.0454317764253436E-015
          19          22   1.1443970771022034E-014
          19          23   3.2983229828156585E-015
          19          24  -6.9783588629648614E-015
          19          25 -0.13420271620763941     
          19          26   8.3230175114880573E-016
          20           1 -0.10205345594410836     
          20           2  0.36839292960111369     
          20           3  -3.8970129431004441     
          20           4   9.6085212946786583E-002
          20           5   3.7580102805636331E-003
          20           6  -2.4140545078224348E-014
          20           7  -3.9992996533036727E-014
          20           8  -4.9253012185056398E-015
          20           9   7.6741496012020301E-014
          20          10   1.1989822892263626E-013
          20          11   3.5687897043983000E-014
          20          12  -1.0299558388070878E-014
          20          13   3.9860849082866038E-017
          20          14   7.0443785527999681E-014
          20          15  0.75974616089253599     
          20          16   2.5748181527076098E-013
          20          17  0.75974616089266789     
          20          18  -1.0938033637812842E-012
          20          19  -4.6078807105620515E-014
          20          20   2.4061891731644605     
          20          21  0.44257917860810286     
          20          22   4.3479989365921313E-014
          20          23  0.44257917860801477     
          20          24   2.3418605087876245E-013
          20          25  -4.1790841128781762E-014
          20          26  0.20261615366547173     
          21           1  -5.0166955073981936E-003
          21           2   1.3570549319252532E-003
          21           3 -0.89394379455397521     
          21           4   3.5860397704752266E-002
          21           5   3.9972193870894913E-003
          21           6  -3.7830537371695512E-015
          21           7  -6.6010647341527570E-015
          21           8  -2.3947809191054397E-015
          21           9   8.8948634765998538E-015
          21          10   2.2216674387471312E-014
          21          11   7.8269252722279416E-015
          21          12  -2.0919049953022389E-015
          21          13   2.4062959550827368E-016
          21          14   1.1605399204412399E-014
          21          15  0.20261615366539323     
          21          16  -4.2003039778025244E-014
          21          17  0.44257917860805673     
          21          18  -2.4780781106415666E-013
          21          19   6.0454317764253436E-015
          21          20  0.44257917860810286     
          21          21  0.15363015030821534     
          21          22   2.9914679178874692E-015
          21          23  0.11865642032761556     
          21          24   3.5478963980823493E-014
          21          25  -9.6517768675947637E-015
          21          26  0.11865642032761964     
          22           1  -6.4662687334756520E-015
          22           2   1.2970498830904515E-014
          22           3   7.8765989449178256E-015
          22           4  -1.4716758243125340E-015
          22           5   1.2485344371540137E-015
          22           6  -2.4167645429200371E-017
          22           7  -8.1804433062992899E-016
          22           8  -7.8947496178895587E-016
          22           9   1.2607042576445879E-015
          22          10  -1.6804376788178262E-015
          22          11  -1.5295711286685617E-016
          22          12  -5.3544550530309266E-016
          22          13  -1.1757576129623621E-015
          22          14  -9.8278935395075609E-016
          22          15  -1.6893276968596433E-014
          22          16 -0.13420271620762556     
          22          17  -3.2548941801766151E-014
          22          18   5.2388648967610639E-016
          22          19   1.1443970771022034E-014
          22          20   4.3479989365921313E-014
          22          21   2.9914679178874692E-015
          22          22   2.2284271323393029E-002
          22          23   2.4198231346032165E-015
          22          24   5.0609202159974448E-016
          22          25   1.2492719532202717E-016
          22          26  -5.2201358934795530E-015
          23           1  -5.0166955073907143E-003
          23           2   1.3570549319048388E-003
          23           3 -0.89394379455394080     
          23           4   3.5860397704748873E-002
          23           5   3.9972193870957953E-003
          23           6   9.7494436836777976E-016
          23           7  -2.8551074690483494E-015
          23           8  -2.0406231150940688E-015
          23           9  -2.6500128944359642E-016
          23          10  -6.4008129793843235E-015
          23          11   6.5677646427193164E-015
          23          12   6.8516931155436115E-016
          23          13  -3.8448128682987750E-016
          23          14  -2.1262121644415791E-015
          23          15  0.44257917860806650     
          23          16  -1.3032951223636656E-014
          23          17  0.20261615366541663     
          23          18   1.5219906662286253E-014
          23          19   3.2983229828156585E-015
          23          20  0.44257917860801477     
          23          21  0.11865642032761556     
          23          22   2.4198231346032165E-015
          23          23  0.15363015030820232     
          23          24  -1.9871750523112928E-015
          23          25   4.4519290971079167E-016
          23          26  0.11865642032762437     
          24           1   8.5048905060884884E-015
          24           2  -2.5986021064710375E-014
          24           3   2.4234061699149738E-015
          24           4  -4.1278843730761056E-016
          24           5   3.8938570427214017E-016
          24           6  -9.9410345162658848E-016
          24           7   1.5191279211527903E-015
          24           8  -1.2869000710889063E-016
          24           9   1.4506023314769641E-016
          24          10   4.8377694840238489E-016
          24          11  -2.1515146501926422E-016
          24          12   5.5615578536896574E-016
          24          13  -1.9505782185236241E-016
          24          14   5.6793800194038689E-016
          24          15  -2.5889417336638560E-013
          24          16   3.3999712767257932E-014
          24          17   2.2438242021848081E-014
          24          18 -0.13420271620763818     
          24          19  -6.9783588629648614E-015
          24          20   2.3418605087876245E-013
          24          21   3.5478963980823493E-014
          24          22   5.0609202159974448E-016
          24          23  -1.9871750523112928E-015
          24          24   2.2284271323390361E-002
          24          25  -1.9481757788560623E-016
          24          26  -3.2926596202393826E-014
          25           1  -7.2573463326724968E-015
          25           2   1.4794679288038981E-014
          25           3  -5.9969968745835919E-015
          25           4   2.7610722976309001E-015
          25           5  -8.4114426397022997E-016
          25           6   7.6857012681803405E-016
          25           7  -1.6913957898109737E-015
          25           8  -3.9730337523700266E-016
          25           9  -2.6325583923294177E-015
          25          10  -3.9066784604999036E-015
          25          11  -1.0607638116177699E-015
          25          12  -5.4608668171748447E-016
          25          13   2.4458280122577656E-016
          25          14   8.1067660603013323E-016
          25          15   6.6097919045373480E-014
          25          16   1.8532050893897180E-014
          25          17  -1.5283965349719759E-014
          25          18   6.3191639422256275E-015
          25          19 -0.13420271620763941     
          25          20  -4.1790841128781762E-014
          25          21  -9.6517768675947637E-015
          25          22   1.2492719532202717E-016
          25          23   4.4519290971079167E-016
          25          24  -1.9481757788560623E-016
          25          25   2.2284271323392068E-002
          25          26   4.9854462937372329E-015
          26           1  -5.0166955074022711E-003
          26           2   1.3570549319365302E-003
          26           3 -0.89394379455394812     
          26           4   3.5860397704750802E-002
          26           5   3.9972193870981146E-003
          26           6   2.9515335323765628E-015
          26           7   1.9801390334057398E-015
          26           8   1.3328292307278091E-015
          26           9  -1.1138928221031812E-014
          26          10  -1.3386924660684395E-014
          26          11  -2.8146077632316908E-015
          26          12   1.2485589743295894E-015
          26          13  -4.0237160452949651E-016
          26          14  -1.0250688136680347E-014
          26          15  0.44257917860800383     
          26          16   2.9719034727043987E-014
          26          17  0.44257917860803569     
          26          18   2.1143767670843233E-013
          26          19   8.3230175114880573E-016
          26          20  0.20261615366547173     
          26          21  0.11865642032761964     
          26          22  -5.2201358934795530E-015
          26          23  0.11865642032762437     
          26          24  -3.2926596202393826E-014
          26          25   4.9854462937372329E-015
          26          26  0.15363015030819027     
