           1           1   2.2425036521573234     
           1           2 -0.79973991545334666     
           1           3  0.24543139784694767     
           1           4  -4.0066895028263320E-002
           1           5  -2.4232747009455130E-002
           1           6   3.6142660528836767E-009
           1           7  -1.5814836305480416E-010
           1           8  -1.3102405051421061E-008
           1           9  -3.6609002628217951E-011
           1          10   2.3117232973493765E-012
           1          11   8.2775351080899827E-008
           1          12   4.3466910833802548E-010
           1          13  -2.4254296014085896E-011
           1          14  -3.2156251910227934E-007
           1          15   1.6556757175972069E-002
           1          16   9.0396825970859366E-011
           1          17   1.6556757190811996E-002
           1          18  -9.9894477326001323E-009
           1          19   7.0088344139498601E-010
           1          20   1.6556757293710131E-002
           1          21  -4.9770350138979877E-004
           1          22  -2.1066706321770205E-010
           1          23  -4.9770349929111881E-004
           1          24   2.4718896835015731E-008
           1          25  -1.7439540607839191E-009
           1          26  -4.9770354467711271E-004
           2           1 -0.79973991545334666     
           2           2   2.6424476857294321     
           2           3  -1.0439777102093881     
           2           4  0.12341671443846434     
           2           5   7.0178873286597415E-002
           2           6  -6.3186343187877907E-009
           2           7   1.2900998439042743E-010
           2           8   3.9195105143178332E-008
           2           9   1.9360775218972971E-010
           2          10  -1.5302433012320820E-011
           2          11  -2.4189838860666008E-007
           2          12  -1.2959043679588494E-009
           2          13   7.1028828479871340E-011
           2          14   9.6623561825616689E-007
           2          15  -7.6334900782056032E-003
           2          16  -3.0879650157131858E-010
           2          17  -7.6334901326784712E-003
           2          18   3.4763063306585820E-008
           2          19  -2.4462307641611414E-009
           2          20  -7.6334904561914871E-003
           2          21  -1.0383065422082402E-003
           2          22   7.1408350352140026E-010
           2          23  -1.0383065550114935E-003
           2          24  -8.3705371711523018E-008
           2          25   5.9048392503816295E-009
           2          26  -1.0383064142282144E-003
           3           1  0.24543139784694767     
           3           2  -1.0439777102093881     
           3           3   2.6337850298738372     
           3           4 -0.43098956461670546     
           3           5 -0.24948617484284846     
           3           6  -8.8517108617038692E-008
           3           7   6.5505199252349191E-009
           3           8  -7.6694242793483096E-007
           3           9  -2.4930265318074418E-009
           3          10   4.1695917252622986E-011
           3          11   2.2911928660917992E-006
           3          12   1.0413635170424143E-008
           3          13  -6.5770289268144426E-010
           3          14  -6.8355463171525492E-006
           3          15   8.8098895528922125E-003
           3          16   1.4146573566155915E-009
           3          17   8.8098900455416285E-003
           3          18  -1.3812974884942890E-007
           3          19   9.6641257278965289E-009
           3          20   8.8098920218110006E-003
           3          21  -7.8466854692598505E-003
           3          22  -2.2019001003338237E-009
           3          23  -7.8466853425759528E-003
           3          24   2.6682403738121579E-007
           3          25  -1.8841160520868165E-008
           3          26  -7.8466854648775019E-003
           4           1  -4.0066895028263320E-002
           4           2  0.12341671443846434     
           4           3 -0.43098956461670546     
           4           4  0.91526794650369658     
           4           5  0.53000004630550679     
           4           6  -6.1250533857575421E-008
           4           7   4.8961425533682832E-009
           4           8   7.4804297509374708E-007
           4           9   4.3143767036921247E-009
           4          10  -2.6213677250611548E-010
           4          11  -2.5117107653441774E-006
           4          12  -1.3735258644569209E-008
           4          13   8.4666968818403250E-010
           4          14   9.3352258435990893E-006
           4          15  -5.0920665994432124E-002
           4          16  -1.1955936826753743E-009
           4          17  -5.0920665403368523E-002
           4          18   9.8309514243686530E-008
           4          19  -6.4874509066498806E-009
           4          20  -5.0920666992193067E-002
           4          21   3.1277517063508793E-002
           4          22   2.5778321467526927E-009
           4          23   3.1277517475359486E-002
           4          24  -3.1579168835766816E-007
           4          25   2.2414750123861276E-008
           4          26   3.1277518410741688E-002
           5           1  -2.4232747009455130E-002
           5           2   7.0178873286597415E-002
           5           3 -0.24948617484284846     
           5           4  0.53000004630550679     
           5           5  0.31796162412646001     
           5           6   3.0560670770565373E-008
           5           7  -2.4393339229138121E-009
           5           8  -6.2254080380682627E-007
           5           9  -3.3690196485227058E-009
           5          10   2.2927485303610964E-010
           5          11   2.0677025549557813E-006
           5          12   1.0281481647242613E-008
           5          13  -7.5793713888034657E-010
           5          14  -6.1419555116799217E-006
           5          15  -3.1173700948836515E-002
           5          16  -1.2008822590506820E-010
           5          17  -3.1173702035477251E-002
           5          18   5.0866062602848278E-008
           5          19  -3.8309005910349390E-009
           5          20  -3.1173702356840041E-002
           5          21   1.6727161819001177E-002
           5          22   1.6130922672759777E-009
           5          23   1.6727161455717669E-002
           5          24  -1.7551870017413562E-007
           5          25   1.2284102872083583E-008
           5          26   1.6727162233710558E-002
           6           1   3.6142660528836767E-009
           6           2  -6.3186343187877907E-009
           6           3  -8.8517108617038692E-008
           6           4  -6.1250533857575421E-008
           6           5   3.0560670770565373E-008
           6           6   2.2949669284882956     
           6           7   8.6093935348707234E-010
           6           8  -3.6067954954374461E-009
           6           9 -0.82180143572174424     
           6          10  -2.7185994545032494E-009
           6          11   1.8347187769817214E-008
           6          12  -7.7816863863100138E-003
           6          13  -1.0529389058281412E-008
           6          14  -3.7586572105337666E-008
           6          15   3.6786670193209934E-008
           6          16   1.2072362410058784E-008
           6          17   1.3711980522462345E-008
           6          18   4.7263052013244816E-007
           6          19  -5.0662847705812441E-009
           6          20   4.5609298400259388E-008
           6          21   2.4608651699946808E-008
           6          22   2.1412985841950349E-008
           6          23   2.5609335800847181E-008
           6          24   1.0772665110487852E-007
           6          25  -9.6486500852601099E-009
           6          26   1.5262439049199388E-008
           7           1  -1.5814836305480416E-010
           7           2   1.2900998439042743E-010
           7           3   6.5505199252349191E-009
           7           4   4.8961425533682832E-009
           7           5  -2.4393339229138121E-009
           7           6   8.6093935348707234E-010
           7           7   2.2949669176646177     
           7           8   1.7302252730552033E-009
           7           9   7.9848743564825643E-010
           7          10 -0.82180142214025320     
           7          11  -1.3172929947695788E-009
           7          12   1.2210014343249467E-009
           7          13  -7.7816730785532206E-003
           7          14   2.5833959121933291E-009
           7          15  -2.6076434266746372E-009
           7          16  -1.9112427105060376E-009
           7          17  -1.1122375005259499E-009
           7          18   4.3048718633087105E-010
           7          19   4.7797217820795410E-007
           7          20  -3.4242253828904259E-009
           7          21  -1.9491951224887805E-009
           7          22  -1.7513997231308869E-009
           7          23  -2.1068112762273210E-009
           7          24   8.9625079389528851E-010
           7          25   1.1933166622052276E-007
           7          26  -1.1390553310462295E-009
           8           1  -1.3102405051421061E-008
           8           2   3.9195105143178332E-008
           8           3  -7.6694242793483096E-007
           8           4   7.4804297509374708E-007
           8           5  -6.2254080380682627E-007
           8           6  -3.6067954954374461E-009
           8           7   1.7302252730552033E-009
           8           8   2.2949669183708856     
           8           9   6.1030936733196039E-009
           8          10  -3.7287177623842272E-009
           8          11 -0.82180142332866979     
           8          12  -3.0338363209910166E-008
           8          13  -8.9159471043424450E-009
           8          14  -7.7816716255272138E-003
           8          15   3.4649343084888628E-007
           8          16   5.6521358161483318E-009
           8          17   3.3854010876655278E-007
           8          18  -1.7931742125867014E-009
           8          19  -1.2881779226052383E-008
           8          20  -9.1175009153856812E-008
           8          21   2.0388662743514687E-007
           8          22   8.4447527928038143E-009
           8          23   2.1407280640732980E-007
           8          24  -1.5034233836272068E-008
           8          25   3.2495754160985920E-010
           8          26   1.1472613720096483E-007
           9           1  -3.6609002628217951E-011
           9           2   1.9360775218972971E-010
           9           3  -2.4930265318074418E-009
           9           4   4.3143767036921247E-009
           9           5  -3.3690196485227058E-009
           9           6 -0.82180143572174424     
           9           7   7.9848743564825643E-010
           9           8   6.1030936733196039E-009
           9           9   2.2906672240332435     
           9          10   3.7021639582319159E-010
           9          11  -3.6360601873654199E-008
           9          12   9.4946687548647692E-003
           9          13  -1.0092696656361791E-009
           9          14   6.0025836205865917E-008
           9          15  -1.7734121365957369E-009
           9          16  -2.1226659115220512E-010
           9          17   7.2707497084103016E-011
           9          18  -1.4688857914119672E-006
           9          19   2.2129331187976032E-012
           9          20   2.5277697108927549E-009
           9          21  -3.7354606262199095E-010
           9          22   5.5255000289328052E-010
           9          23   1.5193499275792694E-009
           9          24  -4.0351360736127962E-007
           9          25  -1.5156640212294706E-010
           9          26   1.4348925637464875E-009
          10           1   2.3117232973493765E-012
          10           2  -1.5302433012320820E-011
          10           3   4.1695917252622986E-011
          10           4  -2.6213677250611548E-010
          10           5   2.2927485303610964E-010
          10           6  -2.7185994545032494E-009
          10           7 -0.82180142214025320     
          10           8  -3.7287177623842272E-009
          10           9   3.7021639582319159E-010
          10          10   2.2906672247604378     
          10          11   2.4923682517820684E-009
          10          12  -5.0600925862266177E-010
          10          13   9.4946686769804122E-003
          10          14  -4.2261575857418504E-009
          10          15  -8.3373941121136154E-011
          10          16   3.5007067789567934E-009
          10          17   2.3155018677767037E-010
          10          18  -8.4008324377968669E-011
          10          19  -1.4688822062688432E-006
          10          20  -5.1448230253395536E-011
          10          21  -6.3872930412856151E-011
          10          22   5.1012666002667604E-010
          10          23   3.7966715022181491E-011
          10          24   7.9244638046504499E-012
          10          25  -4.0311092808240613E-007
          10          26  -1.3795570990662586E-010
          11           1   8.2775351080899827E-008
          11           2  -2.4189838860666008E-007
          11           3   2.2911928660917992E-006
          11           4  -2.5117107653441774E-006
          11           5   2.0677025549557813E-006
          11           6   1.8347187769817214E-008
          11           7  -1.3172929947695788E-009
          11           8 -0.82180142332866979     
          11           9  -3.6360601873654199E-008
          11          10   2.4923682517820684E-009
          11          11   2.2906672260721050     
          11          12   5.9749709561185935E-008
          11          13  -4.4117076059942399E-009
          11          14   9.4946646066024227E-003
          11          15  -1.0403947751836694E-006
          11          16   3.3476546969370659E-011
          11          17  -1.0405393497143452E-006
          11          18   4.9538743523364756E-009
          11          19  -7.2347169585058299E-010
          11          20   3.7789141607577600E-007
          11          21  -6.2070237781007964E-007
          11          22   7.8453408718833317E-011
          11          23  -6.2059899147883713E-007
          11          24   5.3066193468216965E-010
          11          25  -3.5717053583437897E-010
          11          26  -3.6545704308912424E-007
          12           1   4.3466910833802548E-010
          12           2  -1.2959043679588494E-009
          12           3   1.0413635170424143E-008
          12           4  -1.3735258644569209E-008
          12           5   1.0281481647242613E-008
          12           6  -7.7816863863100138E-003
          12           7   1.2210014343249467E-009
          12           8  -3.0338363209910166E-008
          12           9   9.4946687548647692E-003
          12          10  -5.0600925862266177E-010
          12          11   5.9749709561185935E-008
          12          12   6.6906080187602556E-005
          12          13   1.7904845889415316E-011
          12          14   4.1684597813040560E-010
          12          15   4.7180771058870223E-009
          12          16   3.7720517158290944E-010
          12          17  -3.5903097229259547E-009
          12          18   4.1248725826447259E-006
          12          19   5.2165406932260426E-011
          12          20  -7.5866182080450026E-009
          12          21   4.1563255485736971E-010
          12          22   9.3059348854616201E-011
          12          23  -3.6650993489184997E-009
          12          24   1.4421947827051751E-006
          12          25   3.6790888563761623E-011
          12          26  -5.2465862467186211E-009
          13           1  -2.4254296014085896E-011
          13           2   7.1028828479871340E-011
          13           3  -6.5770289268144426E-010
          13           4   8.4666968818403250E-010
          13           5  -7.5793713888034657E-010
          13           6  -1.0529389058281412E-008
          13           7  -7.7816730785532206E-003
          13           8  -8.9159471043424450E-009
          13           9  -1.0092696656361791E-009
          13          10   9.4946686769804122E-003
          13          11  -4.4117076059942399E-009
          13          12   1.7904845889415316E-011
          13          13   6.6906013786408050E-005
          13          14  -2.9821092210973983E-012
          13          15   5.1465357975089094E-011
          13          16  -6.3625057826323919E-009
          13          17  -1.3708721640455040E-010
          13          18   5.3059672301907996E-010
          13          19   4.1246271189795832E-006
          13          20   5.4603833400920723E-010
          13          21   1.6509549897541588E-010
          13          22  -2.2242577681692240E-009
          13          23   4.5348782248174022E-011
          13          24   1.8395943484421580E-010
          13          25   1.4420878542524848E-006
          13          26   3.6414016556756900E-010
          14           1  -3.2156251910227934E-007
          14           2   9.6623561825616689E-007
          14           3  -6.8355463171525492E-006
          14           4   9.3352258435990893E-006
          14           5  -6.1419555116799217E-006
          14           6  -3.7586572105337666E-008
          14           7   2.5833959121933291E-009
          14           8  -7.7816716255272138E-003
          14           9   6.0025836205865917E-008
          14          10  -4.2261575857418504E-009
          14          11   9.4946646066024227E-003
          14          12   4.1684597813040560E-010
          14          13  -2.9821092210973983E-012
          14          14   6.6918300827412716E-005
          14          15   2.4735077479146782E-006
          14          16  -9.8431394769737068E-012
          14          17   2.4735692765709039E-006
          14          18  -1.1200437850783611E-008
          14          19   7.1663560517762906E-010
          14          20  -1.1531142300934855E-006
          14          21   2.4002549827632056E-006
          14          22  -1.9064968668834519E-011
          14          23   2.4002507249894400E-006
          14          24  -4.1622617630060770E-009
          14          25   2.5657965274897248E-010
          14          26   4.9116045143602403E-007
          15           1   1.6556757175972069E-002
          15           2  -7.6334900782056032E-003
          15           3   8.8098895528922125E-003
          15           4  -5.0920665994432124E-002
          15           5  -3.1173700948836515E-002
          15           6   3.6786670193209934E-008
          15           7  -2.6076434266746372E-009
          15           8   3.4649343084888628E-007
          15           9  -1.7734121365957369E-009
          15          10  -8.3373941121136154E-011
          15          11  -1.0403947751836694E-006
          15          12   4.7180771058870223E-009
          15          13   5.1465357975089094E-011
          15          14   2.4735077479146782E-006
          15          15   1.3871545186242384     
          15          16  -7.4535399749175036E-008
          15          17 -0.68858556071608945     
          15          18  -4.0248884082001279E-004
          15          19   4.6575807617922626E-007
          15          20 -0.68858530856257483     
          15          21  0.53612817307808358     
          15          22  -3.3037824460063078E-008
          15          23 -0.27040548742868953     
          15          24  -1.7321756056747878E-004
          15          25   2.1184878026829891E-007
          15          26 -0.27040537860488184     
          16           1   9.0396825970859366E-011
          16           2  -3.0879650157131858E-010
          16           3   1.4146573566155915E-009
          16           4  -1.1955936826753743E-009
          16           5  -1.2008822590506820E-010
          16           6   1.2072362410058784E-008
          16           7  -1.9112427105060376E-009
          16           8   5.6521358161483318E-009
          16           9  -2.1226659115220512E-010
          16          10   3.5007067789567934E-009
          16          11   3.3476546969370659E-011
          16          12   3.7720517158290944E-010
          16          13  -6.3625057826323919E-009
          16          14  -9.8431394769737068E-012
          16          15  -7.4535399749175036E-008
          16          16  0.72101947039922110     
          16          17   2.8359876366950367E-008
          16          18   7.4738194083180322E-009
          16          19  -1.0709623046819065E-007
          16          20   4.5810389864534937E-008
          16          21  -3.2566414082703187E-008
          16          22  0.25226680449324396     
          16          23   1.1831451510395536E-008
          16          24  -4.5606090931921428E-009
          16          25   6.4543384402069349E-008
          16          26   2.0652856437437288E-008
          17           1   1.6556757190811996E-002
          17           2  -7.6334901326784712E-003
          17           3   8.8098900455416285E-003
          17           4  -5.0920665403368523E-002
          17           5  -3.1173702035477251E-002
          17           6   1.3711980522462345E-008
          17           7  -1.1122375005259499E-009
          17           8   3.3854010876655278E-007
          17           9   7.2707497084103016E-011
          17          10   2.3155018677767037E-010
          17          11  -1.0405393497143452E-006
          17          12  -3.5903097229259547E-009
          17          13  -1.3708721640455040E-010
          17          14   2.4735692765709039E-006
          17          15 -0.68858556071608945     
          17          16   2.8359876366950367E-008
          17          17   1.3871547613307356     
          17          18  -6.6169660118428299E-006
          17          19   2.7143305765990599E-005
          17          20 -0.68858555172116898     
          17          21 -0.27040548744543347     
          17          22   1.1697110676048583E-008
          17          23  0.53612827756106551     
          17          24  -3.0088706648901668E-006
          17          25   1.1681088914112694E-005
          17          26 -0.27040548371785400     
          18           1  -9.9894477326001323E-009
          18           2   3.4763063306585820E-008
          18           3  -1.3812974884942890E-007
          18           4   9.8309514243686530E-008
          18           5   5.0866062602848278E-008
          18           6   4.7263052013244816E-007
          18           7   4.3048718633087105E-010
          18           8  -1.7931742125867014E-009
          18           9  -1.4688857914119672E-006
          18          10  -8.4008324377968669E-011
          18          11   4.9538743523364756E-009
          18          12   4.1248725826447259E-006
          18          13   5.3059672301907996E-010
          18          14  -1.1200437850783611E-008
          18          15  -4.0248884082001279E-004
          18          16   7.4738194083180322E-009
          18          17  -6.6169660118428299E-006
          18          18  0.72101980189566384     
          18          19  -1.0683559280680505E-008
          18          20   4.0912412546221860E-004
          18          21  -1.7324377322035245E-004
          18          22  -4.3477615226566800E-009
          18          23  -2.9899883523982603E-006
          18          24  0.25226694707156705     
          18          25  -5.8088183257338578E-009
          18          26   1.7625639368840318E-004
          19           1   7.0088344139498601E-010
          19           2  -2.4462307641611414E-009
          19           3   9.6641257278965289E-009
          19           4  -6.4874509066498806E-009
          19           5  -3.8309005910349390E-009
          19           6  -5.0662847705812441E-009
          19           7   4.7797217820795410E-007
          19           8  -1.2881779226052383E-008
          19           9   2.2129331187976032E-012
          19          10  -1.4688822062688432E-006
          19          11  -7.2347169585058299E-010
          19          12   5.2165406932260426E-011
          19          13   4.1246271189795832E-006
          19          14   7.1663560517762906E-010
          19          15   4.6575807617922626E-007
          19          16  -1.0709623046819065E-007
          19          17   2.7143305765990599E-005
          19          18  -1.0683559280680505E-008
          19          19  0.72101947198410055     
          19          20  -2.7610362973127573E-005
          19          21   2.1031863111729983E-007
          19          22   6.4577921150675001E-008
          19          23   1.1682986841974941E-005
          19          24  -5.5844076062294548E-009
          19          25  0.25226680508141464     
          19          26  -1.1895102614190950E-005
          20           1   1.6556757293710131E-002
          20           2  -7.6334904561914871E-003
          20           3   8.8098920218110006E-003
          20           4  -5.0920666992193067E-002
          20           5  -3.1173702356840041E-002
          20           6   4.5609298400259388E-008
          20           7  -3.4242253828904259E-009
          20           8  -9.1175009153856812E-008
          20           9   2.5277697108927549E-009
          20          10  -5.1448230253395536E-011
          20          11   3.7789141607577600E-007
          20          12  -7.5866182080450026E-009
          20          13   5.4603833400920723E-010
          20          14  -1.1531142300934855E-006
          20          15 -0.68858530856257483     
          20          16   4.5810389864534937E-008
          20          17 -0.68858555172116898     
          20          18   4.0912412546221860E-004
          20          19  -2.7610362973127573E-005
          20          20   1.3871545082026313     
          20          21 -0.27040537915949392     
          20          22   2.0783886648271792E-008
          20          23 -0.27040548386552965     
          20          24   1.7628290727843775E-004
          20          25  -1.1896920204799193E-005
          20          26  0.53612816795709017     
          21           1  -4.9770350138979877E-004
          21           2  -1.0383065422082402E-003
          21           3  -7.8466854692598505E-003
          21           4   3.1277517063508793E-002
          21           5   1.6727161819001177E-002
          21           6   2.4608651699946808E-008
          21           7  -1.9491951224887805E-009
          21           8   2.0388662743514687E-007
          21           9  -3.7354606262199095E-010
          21          10  -6.3872930412856151E-011
          21          11  -6.2070237781007964E-007
          21          12   4.1563255485736971E-010
          21          13   1.6509549897541588E-010
          21          14   2.4002549827632056E-006
          21          15  0.53612817307808358     
          21          16  -3.2566414082703187E-008
          21          17 -0.27040548744543347     
          21          18  -1.7324377322035245E-004
          21          19   2.1031863111729983E-007
          21          20 -0.27040537915949392     
          21          21  0.21093665547181051     
          21          22  -1.4009755078699071E-008
          21          23 -0.10356767422630866     
          21          24  -7.3676880447426396E-005
          21          25   9.4324424671558182E-008
          21          26 -0.10356762797341468     
          22           1  -2.1066706321770205E-010
          22           2   7.1408350352140026E-010
          22           3  -2.2019001003338237E-009
          22           4   2.5778321467526927E-009
          22           5   1.6130922672759777E-009
          22           6   2.1412985841950349E-008
          22           7  -1.7513997231308869E-009
          22           8   8.4447527928038143E-009
          22           9   5.5255000289328052E-010
          22          10   5.1012666002667604E-010
          22          11   7.8453408718833317E-011
          22          12   9.3059348854616201E-011
          22          13  -2.2242577681692240E-009
          22          14  -1.9064968668834519E-011
          22          15  -3.3037824460063078E-008
          22          16  0.25226680449324396     
          22          17   1.1697110676048583E-008
          22          18  -4.3477615226566800E-009
          22          19   6.4577921150675001E-008
          22          20   2.0783886648271792E-008
          22          21  -1.4009755078699071E-008
          22          22   8.8261889258007598E-002
          22          23   5.0304140779035672E-009
          22          24  -4.0314777530903765E-009
          22          25   5.8286265237958983E-008
          22          26   9.2798937158014660E-009
          23           1  -4.9770349929111881E-004
          23           2  -1.0383065550114935E-003
          23           3  -7.8466853425759528E-003
          23           4   3.1277517475359486E-002
          23           5   1.6727161455717669E-002
          23           6   2.5609335800847181E-008
          23           7  -2.1068112762273210E-009
          23           8   2.1407280640732980E-007
          23           9   1.5193499275792694E-009
          23          10   3.7966715022181491E-011
          23          11  -6.2059899147883713E-007
          23          12  -3.6650993489184997E-009
          23          13   4.5348782248174022E-011
          23          14   2.4002507249894400E-006
          23          15 -0.27040548742868953     
          23          16   1.1831451510395536E-008
          23          17  0.53612827756106551     
          23          18  -2.9899883523982603E-006
          23          19   1.1682986841974941E-005
          23          20 -0.27040548386552965     
          23          21 -0.10356767422630866     
          23          22   5.0304140779035672E-009
          23          23  0.21093669993029143     
          23          24  -1.3403587574524381E-006
          23          25   4.9684319842012725E-006
          23          26 -0.10356767267609769     
          24           1   2.4718896835015731E-008
          24           2  -8.3705371711523018E-008
          24           3   2.6682403738121579E-007
          24           4  -3.1579168835766816E-007
          24           5  -1.7551870017413562E-007
          24           6   1.0772665110487852E-007
          24           7   8.9625079389528851E-010
          24           8  -1.5034233836272068E-008
          24           9  -4.0351360736127962E-007
          24          10   7.9244638046504499E-012
          24          11   5.3066193468216965E-010
          24          12   1.4421947827051751E-006
          24          13   1.8395943484421580E-010
          24          14  -4.1622617630060770E-009
          24          15  -1.7321756056747878E-004
          24          16  -4.5606090931921428E-009
          24          17  -3.0088706648901668E-006
          24          18  0.25226694707156705     
          24          19  -5.5844076062294548E-009
          24          20   1.7628290727843775E-004
          24          21  -7.3676880447426396E-005
          24          22  -4.0314777530903765E-009
          24          23  -1.3403587574524381E-006
          24          24   8.8261949857633429E-002
          24          25  -2.7287047683392826E-009
          24          26   7.4986614919501484E-005
          25           1  -1.7439540607839191E-009
          25           2   5.9048392503816295E-009
          25           3  -1.8841160520868165E-008
          25           4   2.2414750123861276E-008
          25           5   1.2284102872083583E-008
          25           6  -9.6486500852601099E-009
          25           7   1.1933166622052276E-007
          25           8   3.2495754160985920E-010
          25           9  -1.5156640212294706E-010
          25          10  -4.0311092808240613E-007
          25          11  -3.5717053583437897E-010
          25          12   3.6790888563761623E-011
          25          13   1.4420878542524848E-006
          25          14   2.5657965274897248E-010
          25          15   2.1184878026829891E-007
          25          16   6.4543384402069349E-008
          25          17   1.1681088914112694E-005
          25          18  -5.8088183257338578E-009
          25          19  0.25226680508141464     
          25          20  -1.1896920204799193E-005
          25          21   9.4324424671558182E-008
          25          22   5.8286265237958983E-008
          25          23   4.9684319842012725E-006
          25          24  -2.7287047683392826E-009
          25          25   8.8261889482116662E-002
          25          26  -5.0606675377420703E-006
          26           1  -4.9770354467711271E-004
          26           2  -1.0383064142282144E-003
          26           3  -7.8466854648775019E-003
          26           4   3.1277518410741688E-002
          26           5   1.6727162233710558E-002
          26           6   1.5262439049199388E-008
          26           7  -1.1390553310462295E-009
          26           8   1.1472613720096483E-007
          26           9   1.4348925637464875E-009
          26          10  -1.3795570990662586E-010
          26          11  -3.6545704308912424E-007
          26          12  -5.2465862467186211E-009
          26          13   3.6414016556756900E-010
          26          14   4.9116045143602403E-007
          26          15 -0.27040537860488184     
          26          16   2.0652856437437288E-008
          26          17 -0.27040548371785400     
          26          18   1.7625639368840318E-004
          26          19  -1.1895102614190950E-005
          26          20  0.53612816795709017     
          26          21 -0.10356762797341468     
          26          22   9.2798937158014660E-009
          26          23 -0.10356767267609769     
          26          24   7.4986614919501484E-005
          26          25  -5.0606675377420703E-006
          26          26  0.21093665327147978     
