           1           1   2.2331453932769105     
           1           2 -0.77576790044733568     
           1           3  0.47663893825331971     
           1           4  -5.6474305744156912E-002
           1           5   1.9268017066078676E-002
           1           6   4.6483771745094262E-014
           1           7  -1.9233738884228073E-014
           1           8  -2.0746280474140052E-014
           1           9   2.4732715654124821E-015
           1          10   2.6173716303836060E-015
           1          11  -5.0618651417210070E-015
           1          12   2.9357455728328228E-015
           1          13  -2.0031832310202470E-016
           1          14   3.0576315735546179E-015
           1          15 -0.10078332145511219     
           1          16  -2.8904517358495550E-015
           1          17 -0.10078332145511522     
           1          18  -4.7065150020326728E-015
           1          19  -2.1829768244525676E-015
           1          20 -0.10078332145511201     
           1          21   2.0752761812738021E-002
           1          22   9.1409096823955825E-015
           1          23   2.0752761812743117E-002
           1          24   9.7101475281017221E-015
           1          25   1.9401787262961617E-015
           1          26   2.0752761812737556E-002
           2           1 -0.77576790044733568     
           2           2   2.5855502276782865     
           2           3  -1.7785315779419741     
           2           4  0.19961851945461700     
           2           5  -6.7273300769766509E-002
           2           6  -1.5321212451370774E-013
           2           7   5.2796501714273089E-014
           2           8   6.9412412462937682E-014
           2           9  -6.4646499381052893E-015
           2          10  -1.0603532213515836E-014
           2          11   1.9825266961985471E-014
           2          12  -1.3789069525039929E-014
           2          13   6.0073047615683741E-017
           2          14  -1.5299531462950240E-014
           2          15  0.37816686537209387     
           2          16   8.0448100987444252E-015
           2          17  0.37816686537210531     
           2          18   1.9514590681225957E-014
           2          19   5.1012060706374215E-015
           2          20  0.37816686537209532     
           2          21  -7.5223197009443576E-002
           2          22  -2.1410272852466797E-014
           2          23  -7.5223197009454540E-002
           2          24  -3.5138463440713277E-014
           2          25  -4.6109740608516054E-015
           2          26  -7.5223197009446768E-002
           3           1  0.47663893825331971     
           3           2  -1.7785315779419741     
           3           3   7.1538082298334764     
           3           4 -0.61595913099808941     
           3           5  0.21069744643520083     
           3           6   1.3775320416346472E-014
           3           7  -7.9745624427370526E-016
           3           8   1.6789405713604253E-014
           3           9   1.0130672033730614E-013
           3          10   3.9807330026522561E-014
           3          11  -6.1320884186335411E-014
           3          12   8.5116156986464118E-015
           3          13  -1.3640542030628995E-014
           3          14   8.9832666335981811E-015
           3          15  -1.4241137741078012     
           3          16   5.8260823397239081E-014
           3          17  -1.4241137741078251     
           3          18  -5.2809341199807729E-014
           3          19  -1.1918526352804287E-014
           3          20  -1.4241137741077787     
           3          21  0.23923755788370027     
           3          22   5.7416654858939144E-015
           3          23  0.23923755788374107     
           3          24   1.7985698381929405E-014
           3          25  -1.0283525730751874E-014
           3          26  0.23923755788373791     
           4           1  -5.6474305744156912E-002
           4           2  0.19961851945461700     
           4           3 -0.61595913099808941     
           4           4   5.5224329207339204E-002
           4           5  -1.8706785412729365E-002
           4           6  -1.5497806120116153E-014
           4           7   8.0609110396446932E-015
           4           8  -7.3713845194914697E-016
           4           9  -5.3360480460422651E-015
           4          10  -6.8516186451427130E-015
           4          11  -5.8132858540026071E-015
           4          12  -1.5154879049343347E-015
           4          13   1.5518999120151786E-015
           4          14   6.7817431835403437E-016
           4          15  0.12701950679757679     
           4          16  -3.2319509421548996E-015
           4          17  0.12701950679757934     
           4          18  -8.9413479299401377E-015
           4          19   8.2158199624303699E-016
           4          20  0.12701950679757457     
           4          21  -2.1251209888537886E-002
           4          22  -9.5381819832253986E-016
           4          23  -2.1251209888541685E-002
           4          24  -6.8218518786200021E-016
           4          25   8.4007582220260930E-016
           4          26  -2.1251209888541067E-002
           5           1   1.9268017066078676E-002
           5           2  -6.7273300769766509E-002
           5           3  0.21069744643520083     
           5           4  -1.8706785412729365E-002
           5           5   6.3606185905594609E-003
           5           6   1.7992655313768693E-015
           5           7   2.6721294612410537E-015
           5           8  -2.4624365079823069E-015
           5           9   1.0160532545385168E-015
           5          10   7.1411533281873679E-016
           5          11   1.0157484794285258E-015
           5          12   5.7294888870873979E-016
           5          13  -3.3469310384080144E-016
           5          14  -6.6447223060706980E-017
           5          15  -4.2864171301837339E-002
           5          16  -3.7737385471571898E-015
           5          17  -4.2864171301838123E-002
           5          18   6.3478938380875771E-015
           5          19  -2.5692109012653501E-016
           5          20  -4.2864171301836604E-002
           5          21   7.2205170373473423E-003
           5          22   5.8374010448034525E-016
           5          23   7.2205170373485792E-003
           5          24  -3.2182118758142889E-016
           5          25  -3.7357404280406844E-016
           5          26   7.2205170373483962E-003
           6           1   4.6483771745094262E-014
           6           2  -1.5321212451370774E-013
           6           3   1.3775320416346472E-014
           6           4  -1.5497806120116153E-014
           6           5   1.7992655313768693E-015
           6           6   2.2856520563418661     
           6           7   6.9388939039078545E-017
           6           8   1.5022705301959189E-015
           6           9 -0.83108932651366696     
           6          10  -1.3877787807817297E-016
           6          11  -5.6066262743570437E-015
           6          12   9.6496197602212896E-002
           6          13   5.8104562827843035E-015
           6          14  -5.6317797647587058E-015
           6          15  -1.5493550239769126E-014
           6          16  -1.4593034464524826E-016
           6          17   1.4181688555435427E-015
           6          18   1.6109744632130985E-015
           6          19  -2.3428477855507214E-018
           6          20  -4.6028257084509713E-015
           6          21   2.7360057458998497E-015
           6          22   2.3539317790914756E-015
           6          23   2.0263428198951592E-015
           6          24  -8.8162223640824935E-016
           6          25  -4.6547173134965728E-015
           6          26   9.0619707982996102E-015
           7           1  -1.9233738884228073E-014
           7           2   5.2796501714273089E-014
           7           3  -7.9745624427370526E-016
           7           4   8.0609110396446932E-015
           7           5   2.6721294612410537E-015
           7           6   6.9388939039078545E-017
           7           7   2.2856520563418603     
           7           8  -6.5572547391923920E-016
           7           9   1.4085954624931417E-015
           7          10 -0.83108932651366241     
           7          11   3.0253577421035800E-015
           7          12  -3.7127419194593598E-015
           7          13   9.6496197602206638E-002
           7          14   2.5465740627339599E-015
           7          15   4.1313365517398529E-015
           7          16  -5.6551020447650681E-015
           7          17  -4.6042107172640566E-015
           7          18   5.9938233243190965E-015
           7          19   1.8875805740880118E-015
           7          20   2.9968187463113399E-016
           7          21  -3.0101421955468538E-015
           7          22  -4.0202495509530995E-016
           7          23  -2.4788661553999965E-015
           7          24  -4.6846482130470167E-015
           7          25   5.4254070965265163E-016
           7          26  -6.3238487397370749E-015
           8           1  -2.0746280474140052E-014
           8           2   6.9412412462937682E-014
           8           3   1.6789405713604253E-014
           8           4  -7.3713845194914697E-016
           8           5  -2.4624365079823069E-015
           8           6   1.5022705301959189E-015
           8           7  -6.5572547391923920E-016
           8           8   2.2856520563418679     
           8           9   4.7184478546567457E-016
           8          10  -4.0384362520739785E-015
           8          11 -0.83108932651367085     
           8          12   4.1503259162745094E-015
           8          13   9.5271013300646246E-015
           8          14   9.6496197602203987E-002
           8          15  -1.9034678109820134E-014
           8          16  -1.2436595861571630E-015
           8          17   2.7998452011898602E-015
           8          18   1.2162624731319451E-015
           8          19  -9.3382830310270506E-016
           8          20  -4.9161903887089304E-015
           8          21  -3.7463894996077947E-015
           8          22   5.9760141779025292E-015
           8          23  -4.3609437271887990E-015
           8          24   1.5296061892254647E-016
           8          25  -4.4462210009081782E-015
           8          26   5.5534101805216662E-015
           9           1   2.4732715654124821E-015
           9           2  -6.4646499381052893E-015
           9           3   1.0130672033730614E-013
           9           4  -5.3360480460422651E-015
           9           5   1.0160532545385168E-015
           9           6 -0.83108932651366696     
           9           7   1.4085954624931417E-015
           9           8   4.7184478546567457E-016
           9           9   2.4130967145227373     
           9          10  -1.4988010832438464E-015
           9          11   2.1371793224034370E-015
           9          12 -0.24352557655462709     
           9          13   1.3669620990697731E-015
           9          14   1.1102230246252167E-016
           9          15  -1.7664757746988341E-014
           9          16  -1.0087661027378094E-015
           9          17  -2.6302369752835523E-014
           9          18  -7.5699698812855911E-015
           9          19  -1.8696715232129141E-015
           9          20  -3.1037771789980050E-014
           9          21   1.4245271426201642E-015
           9          22   5.1135627093714947E-016
           9          23   4.4726565090354687E-015
           9          24   4.4296994686366869E-015
           9          25   1.6097634978130726E-015
           9          26   3.3504300837333985E-015
          10           1   2.6173716303836060E-015
          10           2  -1.0603532213515836E-014
          10           3   3.9807330026522561E-014
          10           4  -6.8516186451427130E-015
          10           5   7.1411533281873679E-016
          10           6  -1.3877787807817297E-016
          10           7 -0.83108932651366241     
          10           8  -4.0384362520739785E-015
          10           9  -1.4988010832438464E-015
          10          10   2.4130967145227369     
          10          11   2.3314683517126970E-015
          10          12   2.0938112355039939E-015
          10          13 -0.24352557655463264     
          10          14  -4.3021142204225005E-015
          10          15  -1.9359788204364079E-014
          10          16   5.4249993656065525E-016
          10          17  -7.2450443002724235E-016
          10          18  -9.5094429631486480E-015
          10          19  -1.0782183801006906E-014
          10          20  -1.3489536614032467E-014
          10          21   4.3747907874050966E-015
          10          22  -3.1244887035860412E-016
          10          23  -1.4320830258844103E-015
          10          24   1.6774021369323576E-015
          10          25   2.4778946757953206E-015
          10          26   1.9481173322250566E-015
          11           1  -5.0618651417210070E-015
          11           2   1.9825266961985471E-014
          11           3  -6.1320884186335411E-014
          11           4  -5.8132858540026071E-015
          11           5   1.0157484794285258E-015
          11           6  -5.6066262743570437E-015
          11           7   3.0253577421035800E-015
          11           8 -0.83108932651367085     
          11           9   2.1371793224034370E-015
          11          10   2.3314683517126970E-015
          11          11   2.4130967145227382     
          11          12  -3.0704605524789430E-015
          11          13  -2.4910629115027072E-015
          11          14 -0.24352557655463108     
          11          15   2.3417343015878210E-014
          11          16  -3.9334891699601145E-015
          11          17   2.4618673266797380E-014
          11          18  -6.1522446226635012E-015
          11          19  -4.4319664822783005E-015
          11          20   1.2418673696026992E-014
          11          21   3.4991576565328907E-015
          11          22  -2.2977700445651860E-015
          11          23   1.2867576966843656E-016
          11          24  -1.2237516501408759E-015
          11          25  -3.4832022223423153E-015
          11          26  -2.4923096284888023E-016
          12           1   2.9357455728328228E-015
          12           2  -1.3789069525039929E-014
          12           3   8.5116156986464118E-015
          12           4  -1.5154879049343347E-015
          12           5   5.7294888870873979E-016
          12           6   9.6496197602212896E-002
          12           7  -3.7127419194593598E-015
          12           8   4.1503259162745094E-015
          12           9 -0.24352557655462709     
          12          10   2.0938112355039939E-015
          12          11  -3.0704605524789430E-015
          12          12   2.6528919566715180E-002
          12          13  -2.1684043449710160E-016
          12          14   2.9880611873700132E-016
          12          15  -2.7496605555832803E-015
          12          16  -2.2419039176331941E-017
          12          17  -1.8589867006811842E-015
          12          18   2.6135444807778486E-015
          12          19  -6.8799980773987394E-016
          12          20  -1.3526992980030331E-015
          12          21   6.0007015344960914E-016
          12          22  -1.1921742195038514E-016
          12          23   3.1917697181831408E-016
          12          24  -4.4577999822251614E-016
          12          25  -1.4678887520340356E-016
          12          26   4.1624496222972682E-016
          13           1  -2.0031832310202470E-016
          13           2   6.0073047615683741E-017
          13           3  -1.3640542030628995E-014
          13           4   1.5518999120151786E-015
          13           5  -3.3469310384080144E-016
          13           6   5.8104562827843035E-015
          13           7   9.6496197602206638E-002
          13           8   9.5271013300646246E-015
          13           9   1.3669620990697731E-015
          13          10 -0.24352557655463264     
          13          11  -2.4910629115027072E-015
          13          12  -2.1684043449710160E-016
          13          13   2.6528919566716009E-002
          13          14   7.3161962599323151E-016
          13          15   3.7594933158478362E-015
          13          16  -3.5688085710081003E-015
          13          17   2.2466556438026153E-015
          13          18   5.5870685300358038E-015
          13          19   3.7394877310281784E-015
          13          20   2.9328029263432622E-015
          13          21  -8.2961271054841116E-016
          13          22   1.1020956840235151E-016
          13          23  -3.1133810312412751E-016
          13          24  -7.2941873798556120E-016
          13          25  -4.1055639259611054E-016
          13          26  -4.7584065971986577E-016
          14           1   3.0576315735546179E-015
          14           2  -1.5299531462950240E-014
          14           3   8.9832666335981811E-015
          14           4   6.7817431835403437E-016
          14           5  -6.6447223060706980E-017
          14           6  -5.6317797647587058E-015
          14           7   2.5465740627339599E-015
          14           8   9.6496197602203987E-002
          14           9   1.1102230246252167E-016
          14          10  -4.3021142204225005E-015
          14          11 -0.24352557655463108     
          14          12   2.9880611873700132E-016
          14          13   7.3161962599323151E-016
          14          14   2.6528919566716169E-002
          14          15  -2.3279962566430981E-015
          14          16  -4.3297652221700098E-015
          14          17  -2.4334933450547318E-015
          14          18  -1.1657455827379899E-016
          14          19  -1.0165332243599102E-015
          14          20  -2.4507727344308188E-015
          14          21  -4.7726417376545529E-016
          14          22   5.8764496005008884E-016
          14          23  -8.2912043857262726E-017
          14          24   3.6581716843623581E-017
          14          25   3.6297962747681129E-016
          14          26   2.2978839867544153E-016
          15           1 -0.10078332145511219     
          15           2  0.37816686537209387     
          15           3  -1.4241137741078012     
          15           4  0.12701950679757679     
          15           5  -4.2864171301837339E-002
          15           6  -1.5493550239769126E-014
          15           7   4.1313365517398529E-015
          15           8  -1.9034678109820134E-014
          15           9  -1.7664757746988341E-014
          15          10  -1.9359788204364079E-014
          15          11   2.3417343015878210E-014
          15          12  -2.7496605555832803E-015
          15          13   3.7594933158478362E-015
          15          14  -2.3279962566430981E-015
          15          15  0.29748602311036232     
          15          16  -8.1905952497376900E-014
          15          17  0.29748602311036887     
          15          18   9.9474149612811709E-014
          15          19  -2.0664493839727621E-014
          15          20  0.29748602311035688     
          15          21  -4.8794304807948809E-002
          15          22   3.6193670442536193E-015
          15          23  -4.8794304807958398E-002
          15          24  -2.1898724156705814E-014
          15          25   1.2719574859426568E-015
          15          26  -4.8794304807957073E-002
          16           1  -2.8904517358495550E-015
          16           2   8.0448100987444252E-015
          16           3   5.8260823397239081E-014
          16           4  -3.2319509421548996E-015
          16           5  -3.7737385471571898E-015
          16           6  -1.4593034464524826E-016
          16           7  -5.6551020447650681E-015
          16           8  -1.2436595861571630E-015
          16           9  -1.0087661027378094E-015
          16          10   5.4249993656065525E-016
          16          11  -3.9334891699601145E-015
          16          12  -2.2419039176331941E-017
          16          13  -3.5688085710081003E-015
          16          14  -4.3297652221700098E-015
          16          15  -8.1905952497376900E-014
          16          16   2.1325214971143978     
          16          17   5.6656560697491157E-014
          16          18  -5.5511151231257827E-017
          16          19   2.1475876632592872E-015
          16          20  -2.1781612108927621E-014
          16          21   1.0347873274251422E-014
          16          22 -0.23539967434553263     
          16          23  -3.6708066337396677E-015
          16          24   2.3462135012586316E-015
          16          25  -1.2909595267784901E-015
          16          26   3.1531963971064822E-016
          17           1 -0.10078332145511522     
          17           2  0.37816686537210531     
          17           3  -1.4241137741078251     
          17           4  0.12701950679757934     
          17           5  -4.2864171301838123E-002
          17           6   1.4181688555435427E-015
          17           7  -4.6042107172640566E-015
          17           8   2.7998452011898602E-015
          17           9  -2.6302369752835523E-014
          17          10  -7.2450443002724235E-016
          17          11   2.4618673266797380E-014
          17          12  -1.8589867006811842E-015
          17          13   2.2466556438026153E-015
          17          14  -2.4334933450547318E-015
          17          15  0.29748602311036887     
          17          16   5.6656560697491157E-014
          17          17  0.29748602311037547     
          17          18  -2.8920254762992651E-014
          17          19   2.7053554113017666E-014
          17          20  0.29748602311036354     
          17          21  -4.8794304807949725E-002
          17          22  -6.2522188137135626E-015
          17          23  -4.8794304807959314E-002
          17          24   2.2783723302949207E-015
          17          25   1.1715498814974364E-016
          17          26  -4.8794304807957996E-002
          18           1  -4.7065150020326728E-015
          18           2   1.9514590681225957E-014
          18           3  -5.2809341199807729E-014
          18           4  -8.9413479299401377E-015
          18           5   6.3478938380875771E-015
          18           6   1.6109744632130985E-015
          18           7   5.9938233243190965E-015
          18           8   1.2162624731319451E-015
          18           9  -7.5699698812855911E-015
          18          10  -9.5094429631486480E-015
          18          11  -6.1522446226635012E-015
          18          12   2.6135444807778486E-015
          18          13   5.5870685300358038E-015
          18          14  -1.1657455827379899E-016
          18          15   9.9474149612811709E-014
          18          16  -5.5511151231257827E-017
          18          17  -2.8920254762992651E-014
          18          18   2.1325214971143884     
          18          19   1.1102230246251565E-016
          18          20  -1.4249686338214617E-014
          18          21  -1.7850294517752177E-014
          18          22  -2.4277455046295415E-015
          18          23   5.8173855327273269E-015
          18          24 -0.23539967434552489     
          18          25  -1.7659484985443896E-015
          18          26   8.8358908119996898E-015
          19           1  -2.1829768244525676E-015
          19           2   5.1012060706374215E-015
          19           3  -1.1918526352804287E-014
          19           4   8.2158199624303699E-016
          19           5  -2.5692109012653501E-016
          19           6  -2.3428477855507214E-018
          19           7   1.8875805740880118E-015
          19           8  -9.3382830310270506E-016
          19           9  -1.8696715232129141E-015
          19          10  -1.0782183801006906E-014
          19          11  -4.4319664822783005E-015
          19          12  -6.8799980773987394E-016
          19          13   3.7394877310281784E-015
          19          14  -1.0165332243599102E-015
          19          15  -2.0664493839727621E-014
          19          16   2.1475876632592872E-015
          19          17   2.7053554113017666E-014
          19          18   1.1102230246251565E-016
          19          19   2.1325214971143946     
          19          20  -4.6650463011559015E-016
          19          21   4.7400144830779785E-016
          19          22  -1.4769001993597541E-015
          19          23  -5.3619075286977942E-015
          19          24   2.2204460492503131E-016
          19          25 -0.23539967434553180     
          19          26   3.1834620400926224E-015
          20           1 -0.10078332145511201     
          20           2  0.37816686537209532     
          20           3  -1.4241137741077787     
          20           4  0.12701950679757457     
          20           5  -4.2864171301836604E-002
          20           6  -4.6028257084509713E-015
          20           7   2.9968187463113399E-016
          20           8  -4.9161903887089304E-015
          20           9  -3.1037771789980050E-014
          20          10  -1.3489536614032467E-014
          20          11   1.2418673696026992E-014
          20          12  -1.3526992980030331E-015
          20          13   2.9328029263432622E-015
          20          14  -2.4507727344308188E-015
          20          15  0.29748602311035688     
          20          16  -2.1781612108927621E-014
          20          17  0.29748602311036354     
          20          18  -1.4249686338214617E-014
          20          19  -4.6650463011559015E-016
          20          20  0.29748602311035155     
          20          21  -4.8794304807947969E-002
          20          22  -1.5577581117208500E-015
          20          23  -4.8794304807957552E-002
          20          24   3.3765321054152927E-015
          20          25   5.6560198551723393E-015
          20          26  -4.8794304807956233E-002
          21           1   2.0752761812738021E-002
          21           2  -7.5223197009443576E-002
          21           3  0.23923755788370027     
          21           4  -2.1251209888537886E-002
          21           5   7.2205170373473423E-003
          21           6   2.7360057458998497E-015
          21           7  -3.0101421955468538E-015
          21           8  -3.7463894996077947E-015
          21           9   1.4245271426201642E-015
          21          10   4.3747907874050966E-015
          21          11   3.4991576565328907E-015
          21          12   6.0007015344960914E-016
          21          13  -8.2961271054841116E-016
          21          14  -4.7726417376545529E-016
          21          15  -4.8794304807948809E-002
          21          16   1.0347873274251422E-014
          21          17  -4.8794304807949725E-002
          21          18  -1.7850294517752177E-014
          21          19   4.7400144830779785E-016
          21          20  -4.8794304807947969E-002
          21          21   8.1990451632842631E-003
          21          22  -4.2716755084557926E-016
          21          23   8.1990451632856856E-003
          21          24   3.8903984047326548E-015
          21          25   1.0293069080358505E-016
          21          26   8.1990451632854774E-003
          22           1   9.1409096823955825E-015
          22           2  -2.1410272852466797E-014
          22           3   5.7416654858939144E-015
          22           4  -9.5381819832253986E-016
          22           5   5.8374010448034525E-016
          22           6   2.3539317790914756E-015
          22           7  -4.0202495509530995E-016
          22           8   5.9760141779025292E-015
          22           9   5.1135627093714947E-016
          22          10  -3.1244887035860412E-016
          22          11  -2.2977700445651860E-015
          22          12  -1.1921742195038514E-016
          22          13   1.1020956840235151E-016
          22          14   5.8764496005008884E-016
          22          15   3.6193670442536193E-015
          22          16 -0.23539967434553263     
          22          17  -6.2522188137135626E-015
          22          18  -2.4277455046295415E-015
          22          19  -1.4769001993597541E-015
          22          20  -1.5577581117208500E-015
          22          21  -4.2716755084557926E-016
          22          22   3.3577289233645398E-002
          22          23   7.4410658513167311E-016
          22          24   1.9266272605067414E-016
          22          25   3.8135456164462012E-016
          22          26   5.0065078799633246E-016
          23           1   2.0752761812743117E-002
          23           2  -7.5223197009454540E-002
          23           3  0.23923755788374107     
          23           4  -2.1251209888541685E-002
          23           5   7.2205170373485792E-003
          23           6   2.0263428198951592E-015
          23           7  -2.4788661553999965E-015
          23           8  -4.3609437271887990E-015
          23           9   4.4726565090354687E-015
          23          10  -1.4320830258844103E-015
          23          11   1.2867576966843656E-016
          23          12   3.1917697181831408E-016
          23          13  -3.1133810312412751E-016
          23          14  -8.2912043857262726E-017
          23          15  -4.8794304807958398E-002
          23          16  -3.6708066337396677E-015
          23          17  -4.8794304807959314E-002
          23          18   5.8173855327273269E-015
          23          19  -5.3619075286977942E-015
          23          20  -4.8794304807957552E-002
          23          21   8.1990451632856856E-003
          23          22   7.4410658513167311E-016
          23          23   8.1990451632871063E-003
          23          24  -3.0424852573482973E-016
          23          25   2.1333855556956928E-016
          23          26   8.1990451632868982E-003
          24           1   9.7101475281017221E-015
          24           2  -3.5138463440713277E-014
          24           3   1.7985698381929405E-014
          24           4  -6.8218518786200021E-016
          24           5  -3.2182118758142889E-016
          24           6  -8.8162223640824935E-016
          24           7  -4.6846482130470167E-015
          24           8   1.5296061892254647E-016
          24           9   4.4296994686366869E-015
          24          10   1.6774021369323576E-015
          24          11  -1.2237516501408759E-015
          24          12  -4.4577999822251614E-016
          24          13  -7.2941873798556120E-016
          24          14   3.6581716843623581E-017
          24          15  -2.1898724156705814E-014
          24          16   2.3462135012586316E-015
          24          17   2.2783723302949207E-015
          24          18 -0.23539967434552489     
          24          19   2.2204460492503131E-016
          24          20   3.3765321054152927E-015
          24          21   3.8903984047326548E-015
          24          22   1.9266272605067414E-016
          24          23  -3.0424852573482973E-016
          24          24   3.3577289233644045E-002
          24          25   3.1181654480683108E-016
          24          26  -1.0931355053007768E-015
          25           1   1.9401787262961617E-015
          25           2  -4.6109740608516054E-015
          25           3  -1.0283525730751874E-014
          25           4   8.4007582220260930E-016
          25           5  -3.7357404280406844E-016
          25           6  -4.6547173134965728E-015
          25           7   5.4254070965265163E-016
          25           8  -4.4462210009081782E-015
          25           9   1.6097634978130726E-015
          25          10   2.4778946757953206E-015
          25          11  -3.4832022223423153E-015
          25          12  -1.4678887520340356E-016
          25          13  -4.1055639259611054E-016
          25          14   3.6297962747681129E-016
          25          15   1.2719574859426568E-015
          25          16  -1.2909595267784901E-015
          25          17   1.1715498814974364E-016
          25          18  -1.7659484985443896E-015
          25          19 -0.23539967434553180     
          25          20   5.6560198551723393E-015
          25          21   1.0293069080358505E-016
          25          22   3.8135456164462012E-016
          25          23   2.1333855556956928E-016
          25          24   3.1181654480683108E-016
          25          25   3.3577289233645675E-002
          25          26  -1.0185709640471096E-015
          26           1   2.0752761812737556E-002
          26           2  -7.5223197009446768E-002
          26           3  0.23923755788373791     
          26           4  -2.1251209888541067E-002
          26           5   7.2205170373483962E-003
          26           6   9.0619707982996102E-015
          26           7  -6.3238487397370749E-015
          26           8   5.5534101805216662E-015
          26           9   3.3504300837333985E-015
          26          10   1.9481173322250566E-015
          26          11  -2.4923096284888023E-016
          26          12   4.1624496222972682E-016
          26          13  -4.7584065971986577E-016
          26          14   2.2978839867544153E-016
          26          15  -4.8794304807957073E-002
          26          16   3.1531963971064822E-016
          26          17  -4.8794304807957996E-002
          26          18   8.8358908119996898E-015
          26          19   3.1834620400926224E-015
          26          20  -4.8794304807956233E-002
          26          21   8.1990451632854774E-003
          26          22   5.0065078799633246E-016
          26          23   8.1990451632868982E-003
          26          24  -1.0931355053007768E-015
          26          25  -1.0185709640471096E-015
          26          26   8.1990451632866900E-003
