           1           1   2.2316348525140199     
           1           2 -0.77446598665684208     
           1           3  0.24786003638927950     
           1           4  -1.8746923484385305E-002
           1           5  -6.7527554177161638E-003
           1           6  -2.0162092456158692E-012
           1           7   2.6837803974075888E-012
           1           8  -5.1110770325117022E-014
           1           9   8.5693783925620556E-012
           1          10  -8.4826631305636858E-012
           1          11   5.2911661779729598E-013
           1          12  -5.5505011255235166E-011
           1          13   1.5516373198196580E-011
           1          14  -1.1109071868663085E-012
           1          15   3.9074068735594665E-003
           1          16  -5.5055789030285609E-004
           1          17   5.0231988614197736E-003
           1          18   3.5129339294377027E-005
           1          19  -1.7896173061139305E-005
           1          20   5.2017836231554957E-003
           1          21  -5.6047584827423535E-003
           1          22   1.4178626144637388E-003
           1          23  -1.6438044606865382E-003
           1          24  -8.3956033780464747E-005
           1          25   3.5307599882067393E-005
           1          26  -1.2261786731954920E-003
           2           1 -0.77446598665684208     
           2           2   2.5949492035296315     
           2           3  -1.0087952407640746     
           2           4   6.7194431935986079E-002
           2           5   1.6431866260743704E-002
           2           6   1.2260455526541964E-011
           2           7  -7.7234156452019867E-012
           2           8   7.2655663784970571E-013
           2           9  -4.2407976372524990E-011
           2          10   2.4535464448252294E-011
           2          11  -1.5497257209214481E-012
           2          12   1.6356499167987272E-010
           2          13  -4.7743529870273442E-011
           2          14   2.7722632150860251E-012
           2          15   1.3793715598360802E-002
           2          16   2.1902090232434742E-003
           2          17   1.1693530001454710E-002
           2          18  -1.4170785604381643E-004
           2          19   6.1257215644684279E-005
           2          20   1.0662441077632957E-002
           2          21   1.1200932267834137E-002
           2          22  -4.0514033787178994E-003
           2          23  -7.4227083836300896E-004
           2          24   2.3769312456558840E-004
           2          25  -1.0587168522796682E-004
           2          26  -2.1691210871112743E-003
           3           1  0.24786003638927950     
           3           2  -1.0087952407640746     
           3           3   2.7032888121379148     
           3           4 -0.28812591698135454     
           3           5  -7.2048087983673487E-002
           3           6   4.4312662472463598E-010
           3           7   6.8639567656151415E-011
           3           8  -5.2575987893573414E-012
           3           9  -1.1754895154860235E-009
           3          10  -1.8757555710299296E-010
           3          11   1.4471420783307119E-011
           3          12  -3.6638843878745594E-010
           3          13   2.4578450246838208E-011
           3          14  -2.2742387289415062E-012
           3          15  -6.0527999615605038E-002
           3          16  -2.6135342889352063E-002
           3          17  -3.7469386974823070E-002
           3          18   1.6550016225141983E-003
           3          19  -7.5663766567064599E-004
           3          20  -3.8635501271528497E-002
           3          21  -5.5656096104947088E-002
           3          22   1.3366146026360807E-002
           3          23  -3.0834637700759070E-003
           3          24  -7.9361275994517880E-004
           3          25   3.2245994660938076E-004
           3          26   9.4020894600880481E-004
           4           1  -1.8746923484385305E-002
           4           2   6.7194431935986079E-002
           4           3 -0.28812591698135454     
           4           4  0.55097032648924371     
           4           5  0.15018045936834845     
           4           6  -1.4168058380450754E-010
           4           7   4.2448678545840362E-011
           4           8  -2.3870339750957741E-012
           4           9   4.7231499855827407E-010
           4          10  -1.5273310662801723E-010
           4          11   8.2894966919273213E-012
           4          12  -8.0072792825717208E-010
           4          13   5.6188109118835437E-010
           4          14  -3.1973558956835538E-011
           4          15   2.4631615472552729E-002
           4          16  -1.0898430227764789E-002
           4          17  -3.1711693439978407E-002
           4          18   7.2778146806784267E-004
           4          19  -1.3697045963056021E-005
           4          20  -2.4566373905317088E-002
           4          21  0.11545612352970396     
           4          22  -4.1486066717184848E-002
           4          23   2.3881787883890181E-002
           4          24   2.5103812886225004E-003
           4          25  -8.8834231936096722E-004
           4          26   1.7919314955087480E-002
           5           1  -6.7527554177161638E-003
           5           2   1.6431866260743704E-002
           5           3  -7.2048087983673487E-002
           5           4  0.15018045936834845     
           5           5   4.0985745888993806E-002
           5           6   4.9675853198451436E-010
           5           7  -2.1266044919913682E-010
           5           8   1.2617421543094121E-011
           5           9  -1.7044111057403128E-009
           5          10   7.1991594146866087E-010
           5          11  -4.2490212739875641E-011
           5          12   5.1051126297637124E-009
           5          13  -2.0364107016200574E-009
           5          14   1.1949909918565643E-010
           5          15   5.8153136026216504E-003
           5          16  -6.5855184829266191E-003
           5          17  -1.1022089250557627E-002
           5          18   4.8776438972197904E-004
           5          19  -1.1643829794618939E-004
           5          20  -3.9843389979124346E-003
           5          21   3.1289517311839828E-002
           5          22  -1.2141110069655080E-002
           5          23   5.7290394926495167E-003
           5          24   7.5695667807377360E-004
           5          25  -2.6830447741812080E-004
           5          26   5.8233991235431175E-003
           6           1  -2.0162092456158692E-012
           6           2   1.2260455526541964E-011
           6           3   4.4312662472463598E-010
           6           4  -1.4168058380450754E-010
           6           5   4.9675853198451436E-010
           6           6   2.2815122314198244     
           6           7  -4.2484921393399575E-003
           6           8   2.4885181795240646E-004
           6           9 -0.82247757758961648     
           6          10   1.4383668047605500E-002
           6          11  -8.4233738307659407E-004
           6          12  0.10377240227225093     
           6          13  -4.0860454745390469E-002
           6          14   2.3877742609782308E-003
           6          15  -2.8611199915421321E-009
           6          16   4.8865014916288341E-010
           6          17   1.0697432432602683E-009
           6          18  -2.4024119608986598E-011
           6          19  -5.5029926258031989E-012
           6          20   1.0843563780910177E-009
           6          21  -1.4529793647501293E-009
           6          22   1.9333421943401586E-010
           6          23   7.7187695888493068E-010
           6          24  -9.2096852347585128E-012
           6          25  -4.5813366004778200E-012
           6          26   7.5811988435306139E-010
           7           1   2.6837803974075888E-012
           7           2  -7.7234156452019867E-012
           7           3   6.8639567656151415E-011
           7           4   4.2448678545840362E-011
           7           5  -2.1266044919913682E-010
           7           6  -4.2484921393399575E-003
           7           7   2.2727529960621062     
           7           8  -1.0489152057891782E-004
           7           9   1.4415198305694649E-002
           7          10 -0.79281088245937559     
           7          11   3.5453212825237922E-004
           7          12  -4.1124827184018151E-002
           7          13   1.9972250948189961E-002
           7          14  -9.9679082157661403E-004
           7          15   1.0634180326175218E-009
           7          16  -3.6049085003282100E-011
           7          17  -6.1568939493651788E-010
           7          18   8.9425883148466092E-012
           7          19   2.4306302333376472E-012
           7          20  -4.9833833720750454E-010
           7          21   6.1173363549803198E-010
           7          22  -1.9248748439210165E-010
           7          23  -2.9527380821966487E-010
           7          24   4.9726429241930762E-012
           7          25   4.4975367633993765E-013
           7          26  -3.0726450951252350E-010
           8           1  -5.1110770325117022E-014
           8           2   7.2655663784970571E-013
           8           3  -5.2575987893573414E-012
           8           4  -2.3870339750957741E-012
           8           5   1.2617421543094121E-011
           8           6   2.4885181795240646E-004
           8           7  -1.0489152057891782E-004
           8           8   2.2709787480469998     
           8           9  -8.4448292285418296E-004
           8          10   3.5465400282337287E-004
           8          11 -0.78681034084427570     
           8          12   2.4110759598553917E-003
           8          13  -1.0000101765457951E-003
           8          14   3.0315759711964149E-003
           8          15  -6.1201421694200814E-011
           8          16   1.0607528870430320E-011
           8          17   2.9940019448326845E-011
           8          18   1.2463689358563749E-010
           8          19   7.7027330323310045E-013
           8          20   3.5572018718021291E-011
           8          21  -3.5770880290265994E-011
           8          22   6.2074934018036845E-012
           8          23   1.8038240125870405E-011
           8          24  -9.8508319568867807E-011
           8          25   1.9592601142556199E-011
           8          26   1.7378432360984419E-011
           9           1   8.5693783925620556E-012
           9           2  -4.2407976372524990E-011
           9           3  -1.1754895154860235E-009
           9           4   4.7231499855827407E-010
           9           5  -1.7044111057403128E-009
           9           6 -0.82247757758961648     
           9           7   1.4415198305694649E-002
           9           8  -8.4448292285418296E-004
           9           9   2.4068220828352440     
           9          10  -4.8802712240534174E-002
           9          11   2.8584057921904825E-003
           9          12 -0.36366315468046390     
           9          13  0.13861731825966803     
           9          14  -8.1014737163272576E-003
           9          15   9.2453468521578925E-009
           9          16  -1.6058583458218443E-009
           9          17  -3.6249255579548004E-009
           9          18   7.9673169382676326E-011
           9          19   1.8864185796544094E-011
           9          20  -3.6720415399389151E-009
           9          21   5.0032758756611920E-009
           9          22  -6.9203726483200193E-010
           9          23  -2.6377478454332993E-009
           9          24   3.2191232712974236E-011
           9          25   1.5284117168825294E-011
           9          26  -2.5958543884315876E-009
          10           1  -8.4826631305636858E-012
          10           2   2.4535464448252294E-011
          10           3  -1.8757555710299296E-010
          10           4  -1.5273310662801723E-010
          10           5   7.1991594146866087E-010
          10           6   1.4383668047605500E-002
          10           7 -0.79281088245937559     
          10           8   3.5465400282337287E-004
          10           9  -4.8802712240534174E-002
          10          10   2.3063464936385065     
          10          11  -1.1986643057971182E-003
          10          12  0.13920445479468754     
          10          13  -7.9900290165123039E-002
          10          14   3.3692805676676695E-003
          10          15  -3.5227528628538823E-009
          10          16   8.2808834321825612E-011
          10          17   2.0031871792762027E-009
          10          18  -2.9200121712362288E-011
          10          19  -7.1573627486677187E-012
          10          20   1.6350601465937792E-009
          10          21  -2.0987818812457656E-009
          10          22   6.1060999691883031E-010
          10          23   1.0208952314760218E-009
          10          24  -1.7252129718896780E-011
          10          25  -1.7867468700287645E-012
          10          26   1.0440824770923188E-009
          11           1   5.2911661779729598E-013
          11           2  -1.5497257209214481E-012
          11           3   1.4471420783307119E-011
          11           4   8.2894966919273213E-012
          11           5  -4.2490212739875641E-011
          11           6  -8.4233738307659407E-004
          11           7   3.5453212825237922E-004
          11           8 -0.78681034084427570     
          11           9   2.8584057921904825E-003
          11          10  -1.1986643057971182E-003
          11          11   2.2860532582212869     
          11          12  -8.1595644255536299E-003
          11          13   3.3790337484497328E-003
          11          14  -2.2617027042721609E-002
          11          15   2.0383617678585007E-010
          11          16  -3.4559990142721835E-011
          11          17  -9.9401285128184069E-011
          11          18  -4.4760106777785512E-010
          11          19  -1.3819743680443216E-011
          11          20  -1.1547558363120246E-010
          11          21   1.2345187048877433E-010
          11          22  -2.0789251182985800E-011
          11          23  -6.1904035337581672E-011
          11          24   2.8724915846210043E-010
          11          25  -6.0779462867511401E-011
          11          26  -5.9528663497217217E-011
          12           1  -5.5505011255235166E-011
          12           2   1.6356499167987272E-010
          12           3  -3.6638843878745594E-010
          12           4  -8.0072792825717208E-010
          12           5   5.1051126297637124E-009
          12           6  0.10377240227225093     
          12           7  -4.1124827184018151E-002
          12           8   2.4110759598553917E-003
          12           9 -0.36366315468046390     
          12          10  0.13920445479468754     
          12          11  -8.1595644255536299E-003
          12          12  0.96278470874084121     
          12          13 -0.39508322591351580     
          12          14   2.3106659344858307E-002
          12          15  -2.1590706321377178E-008
          12          16   3.8788776283217611E-009
          12          17   1.0434888592272695E-008
          12          18  -1.9053182284525070E-010
          12          19  -5.4847691063489241E-011
          12          20   1.0544965595848372E-008
          12          21  -1.5132008345297916E-008
          12          22   2.5450949321612842E-009
          12          23   7.5277535820607658E-009
          12          24  -1.2383213372023788E-010
          12          25  -3.9680097554811935E-011
          12          26   7.5121338673497396E-009
          13           1   1.5516373198196580E-011
          13           2  -4.7743529870273442E-011
          13           3   2.4578450246838208E-011
          13           4   5.6188109118835437E-010
          13           5  -2.0364107016200574E-009
          13           6  -4.0860454745390469E-002
          13           7   1.9972250948189961E-002
          13           8  -1.0000101765457951E-003
          13           9  0.13861731825966803     
          13          10  -7.9900290165123039E-002
          13          11   3.3790337484497328E-003
          13          12 -0.39508322591351580     
          13          13  0.16244256289899500     
          13          14  -9.4857576827013391E-003
          13          15   9.1262736870260209E-009
          13          16  -3.2058337183051230E-010
          13          17  -4.7605006904200004E-009
          13          18   7.6452137582606897E-011
          13          19   4.4265082289791952E-012
          13          20  -4.0908912405357081E-009
          13          21   6.3322235315858563E-009
          13          22  -7.3962125628777451E-010
          13          23  -3.2252243888911301E-009
          13          24   5.2157814596756789E-011
          13          25   1.0417607713934920E-011
          13          26  -2.9711760852334931E-009
          14           1  -1.1109071868663085E-012
          14           2   2.7722632150860251E-012
          14           3  -2.2742387289415062E-012
          14           4  -3.1973558956835538E-011
          14           5   1.1949909918565643E-010
          14           6   2.3877742609782308E-003
          14           7  -9.9679082157661403E-004
          14           8   3.0315759711964149E-003
          14           9  -8.1014737163272576E-003
          14          10   3.3692805676676695E-003
          14          11  -2.2617027042721609E-002
          14          12   2.3106659344858307E-002
          14          13  -9.4857576827013391E-003
          14          14   8.2219592437735348E-004
          14          15  -5.3003923375005510E-010
          14          16   9.0469186175742012E-011
          14          17   2.4493662324551130E-010
          14          18   1.0251317297260330E-009
          14          19   2.4936168789092367E-010
          14          20   2.6956675023613182E-010
          14          21  -3.6913996075979352E-010
          14          22   6.1832433061946041E-011
          14          23   1.7699189969810527E-010
          14          24   2.4691585745147274E-010
          14          25   7.4790147492365090E-011
          14          26   1.8465218730448483E-010
          15           1   3.9074068735594665E-003
          15           2   1.3793715598360802E-002
          15           3  -6.0527999615605038E-002
          15           4   2.4631615472552729E-002
          15           5   5.8153136026216504E-003
          15           6  -2.8611199915421321E-009
          15           7   1.0634180326175218E-009
          15           8  -6.1201421694200814E-011
          15           9   9.2453468521578925E-009
          15          10  -3.5227528628538823E-009
          15          11   2.0383617678585007E-010
          15          12  -2.1590706321377178E-008
          15          13   9.1262736870260209E-009
          15          14  -5.3003923375005510E-010
          15          15   3.5092227544178789E-002
          15          16  0.16084404554183437     
          15          17  -1.2377644485972776E-002
          15          18  -7.8375180719771828E-003
          15          19  -9.4534950876745932E-004
          15          20  -1.4825878802965934E-002
          15          21   1.4169633345005020E-002
          15          22   3.8276542930959376E-002
          15          23  -1.6409952689523818E-003
          15          24  -1.7776610577138197E-003
          15          25  -4.3444367204773735E-004
          15          26  -1.8694127136653612E-003
          16           1  -5.5055789030285609E-004
          16           2   2.1902090232434742E-003
          16           3  -2.6135342889352063E-002
          16           4  -1.0898430227764789E-002
          16           5  -6.5855184829266191E-003
          16           6   4.8865014916288341E-010
          16           7  -3.6049085003282100E-011
          16           8   1.0607528870430320E-011
          16           9  -1.6058583458218443E-009
          16          10   8.2808834321825612E-011
          16          11  -3.4559990142721835E-011
          16          12   3.8788776283217611E-009
          16          13  -3.2058337183051230E-010
          16          14   9.0469186175742012E-011
          16          15  0.16084404554183437     
          16          16  0.78863118580069858     
          16          17  -8.2055005083788352E-002
          16          18   1.6149973320214342E-003
          16          19   5.9691406526829493E-004
          16          20  -4.5813938983106053E-002
          16          21   4.2365762155280456E-002
          16          22  0.19763130604381018     
          16          23  -2.1491275570118533E-002
          16          24   5.8226191553654625E-004
          16          25  -1.8462113485669866E-004
          16          26  -4.0123168467289527E-003
          17           1   5.0231988614197736E-003
          17           2   1.1693530001454710E-002
          17           3  -3.7469386974823070E-002
          17           4  -3.1711693439978407E-002
          17           5  -1.1022089250557627E-002
          17           6   1.0697432432602683E-009
          17           7  -6.1568939493651788E-010
          17           8   2.9940019448326845E-011
          17           9  -3.6249255579548004E-009
          17          10   2.0031871792762027E-009
          17          11  -9.9401285128184069E-011
          17          12   1.0434888592272695E-008
          17          13  -4.7605006904200004E-009
          17          14   2.4493662324551130E-010
          17          15  -1.2377644485972776E-002
          17          16  -8.2055005083788352E-002
          17          17  0.55111234619337535     
          17          18   2.3989891779981959E-003
          17          19   9.5653269760565202E-004
          17          20 -0.53746990122350879     
          17          21  -1.1571285001997155E-002
          17          22  -3.2355998404913260E-002
          17          23  0.18666027274654109     
          17          24  -4.0167661825402578E-004
          17          25   3.8721007050269589E-004
          17          26 -0.18524301903452012     
          18           1   3.5129339294377027E-005
          18           2  -1.4170785604381643E-004
          18           3   1.6550016225141983E-003
          18           4   7.2778146806784267E-004
          18           5   4.8776438972197904E-004
          18           6  -2.4024119608986598E-011
          18           7   8.9425883148466092E-012
          18           8   1.2463689358563749E-010
          18           9   7.9673169382676326E-011
          18          10  -2.9200121712362288E-011
          18          11  -4.4760106777785512E-010
          18          12  -1.9053182284525070E-010
          18          13   7.6452137582606897E-011
          18          14   1.0251317297260330E-009
          18          15  -7.8375180719771828E-003
          18          16   1.6149973320214342E-003
          18          17   2.3989891779981959E-003
          18          18  0.81179036647686864     
          18          19  -6.5742646421597150E-003
          18          20   3.3379730654141192E-003
          18          21  -2.0556032195324708E-003
          18          22   5.7345562660940895E-004
          18          23   1.6291515168466615E-004
          18          24  0.19808579812154672     
          18          25   4.9193094359867729E-003
          18          26   7.6772945015181923E-004
          19           1  -1.7896173061139305E-005
          19           2   6.1257215644684279E-005
          19           3  -7.5663766567064599E-004
          19           4  -1.3697045963056021E-005
          19           5  -1.1643829794618939E-004
          19           6  -5.5029926258031989E-012
          19           7   2.4306302333376472E-012
          19           8   7.7027330323310045E-013
          19           9   1.8864185796544094E-011
          19          10  -7.1573627486677187E-012
          19          11  -1.3819743680443216E-011
          19          12  -5.4847691063489241E-011
          19          13   4.4265082289791952E-012
          19          14   2.4936168789092367E-010
          19          15  -9.4534950876745932E-004
          19          16   5.9691406526829493E-004
          19          17   9.5653269760565202E-004
          19          18  -6.5742646421597150E-003
          19          19  0.79313522403034120     
          19          20   8.5071069558305911E-004
          19          21  -3.1689926847628476E-004
          19          22  -2.0407307700025755E-004
          19          23   5.0678177325830221E-004
          19          24   5.1453736673049057E-003
          19          25  0.21244311103125935     
          19          26   4.4934847996104586E-004
          20           1   5.2017836231554957E-003
          20           2   1.0662441077632957E-002
          20           3  -3.8635501271528497E-002
          20           4  -2.4566373905317088E-002
          20           5  -3.9843389979124346E-003
          20           6   1.0843563780910177E-009
          20           7  -4.9833833720750454E-010
          20           8   3.5572018718021291E-011
          20           9  -3.6720415399389151E-009
          20          10   1.6350601465937792E-009
          20          11  -1.1547558363120246E-010
          20          12   1.0544965595848372E-008
          20          13  -4.0908912405357081E-009
          20          14   2.6956675023613182E-010
          20          15  -1.4825878802965934E-002
          20          16  -4.5813938983106053E-002
          20          17 -0.53746990122350879     
          20          18   3.3379730654141192E-003
          20          19   8.5071069558305911E-004
          20          20  0.55579225653484099     
          20          21  -7.8294366734041106E-003
          20          22   4.5706779194848238E-003
          20          23 -0.18801907371165871     
          20          24   1.5484224696210216E-003
          20          25   2.9501814665174053E-004
          20          26  0.18553325869778164     
          21           1  -5.6047584827423535E-003
          21           2   1.1200932267834137E-002
          21           3  -5.5656096104947088E-002
          21           4  0.11545612352970396     
          21           5   3.1289517311839828E-002
          21           6  -1.4529793647501293E-009
          21           7   6.1173363549803198E-010
          21           8  -3.5770880290265994E-011
          21           9   5.0032758756611920E-009
          21          10  -2.0987818812457656E-009
          21          11   1.2345187048877433E-010
          21          12  -1.5132008345297916E-008
          21          13   6.3322235315858563E-009
          21          14  -3.6913996075979352E-010
          21          15   1.4169633345005020E-002
          21          16   4.2365762155280456E-002
          21          17  -1.1571285001997155E-002
          21          18  -2.0556032195324708E-003
          21          19  -3.1689926847628476E-004
          21          20  -7.8294366734041106E-003
          21          21   2.6759546141841607E-002
          21          22   2.4569198305640430E-003
          21          23   3.8076902088309702E-003
          21          24  -2.5093154820417891E-006
          21          25  -3.0973500571433385E-004
          21          26   3.6092808775873998E-003
          22           1   1.4178626144637388E-003
          22           2  -4.0514033787178994E-003
          22           3   1.3366146026360807E-002
          22           4  -4.1486066717184848E-002
          22           5  -1.2141110069655080E-002
          22           6   1.9333421943401586E-010
          22           7  -1.9248748439210165E-010
          22           8   6.2074934018036845E-012
          22           9  -6.9203726483200193E-010
          22          10   6.1060999691883031E-010
          22          11  -2.0789251182985800E-011
          22          12   2.5450949321612842E-009
          22          13  -7.3962125628777451E-010
          22          14   6.1832433061946041E-011
          22          15   3.8276542930959376E-002
          22          16  0.19763130604381018     
          22          17  -3.2355998404913260E-002
          22          18   5.7345562660940895E-004
          22          19  -2.0407307700025755E-004
          22          20   4.5706779194848238E-003
          22          21   2.4569198305640430E-003
          22          22   5.2624686730981855E-002
          22          23  -1.1916376571383681E-002
          22          24   4.1581669507115485E-005
          22          25  -7.7204649789673851E-005
          22          26   2.5642278218332287E-003
          23           1  -1.6438044606865382E-003
          23           2  -7.4227083836300896E-004
          23           3  -3.0834637700759070E-003
          23           4   2.3881787883890181E-002
          23           5   5.7290394926495167E-003
          23           6   7.7187695888493068E-010
          23           7  -2.9527380821966487E-010
          23           8   1.8038240125870405E-011
          23           9  -2.6377478454332993E-009
          23          10   1.0208952314760218E-009
          23          11  -6.1904035337581672E-011
          23          12   7.5277535820607658E-009
          23          13  -3.2252243888911301E-009
          23          14   1.7699189969810527E-010
          23          15  -1.6409952689523818E-003
          23          16  -2.1491275570118533E-002
          23          17  0.18666027274654109     
          23          18   1.6291515168466615E-004
          23          19   5.0678177325830221E-004
          23          20 -0.18801907371165871     
          23          21   3.8076902088309702E-003
          23          22  -1.1916376571383681E-002
          23          23   6.5798911099988838E-002
          23          24  -1.4917199549366322E-004
          23          25   1.1594928332691768E-004
          23          26  -6.2689523633437327E-002
          24           1  -8.3956033780464747E-005
          24           2   2.3769312456558840E-004
          24           3  -7.9361275994517880E-004
          24           4   2.5103812886225004E-003
          24           5   7.5695667807377360E-004
          24           6  -9.2096852347585128E-012
          24           7   4.9726429241930762E-012
          24           8  -9.8508319568867807E-011
          24           9   3.2191232712974236E-011
          24          10  -1.7252129718896780E-011
          24          11   2.8724915846210043E-010
          24          12  -1.2383213372023788E-010
          24          13   5.2157814596756789E-011
          24          14   2.4691585745147274E-010
          24          15  -1.7776610577138197E-003
          24          16   5.8226191553654625E-004
          24          17  -4.0167661825402578E-004
          24          18  0.19808579812154672     
          24          19   5.1453736673049057E-003
          24          20   1.5484224696210216E-003
          24          21  -2.5093154820417891E-006
          24          22   4.1581669507115485E-005
          24          23  -1.4917199549366322E-004
          24          24   4.8403804816623271E-002
          24          25   3.0048016394084915E-003
          24          26   5.5191454480517561E-004
          25           1   3.5307599882067393E-005
          25           2  -1.0587168522796682E-004
          25           3   3.2245994660938076E-004
          25           4  -8.8834231936096722E-004
          25           5  -2.6830447741812080E-004
          25           6  -4.5813366004778200E-012
          25           7   4.4975367633993765E-013
          25           8   1.9592601142556199E-011
          25           9   1.5284117168825294E-011
          25          10  -1.7867468700287645E-012
          25          11  -6.0779462867511401E-011
          25          12  -3.9680097554811935E-011
          25          13   1.0417607713934920E-011
          25          14   7.4790147492365090E-011
          25          15  -4.3444367204773735E-004
          25          16  -1.8462113485669866E-004
          25          17   3.8721007050269589E-004
          25          18   4.9193094359867729E-003
          25          19  0.21244311103125935     
          25          20   2.9501814665174053E-004
          25          21  -3.0973500571433385E-004
          25          22  -7.7204649789673851E-005
          25          23   1.1594928332691768E-004
          25          24   3.0048016394084915E-003
          25          25   5.6959976364214980E-002
          25          26   9.2293382033716760E-005
          26           1  -1.2261786731954920E-003
          26           2  -2.1691210871112743E-003
          26           3   9.4020894600880481E-004
          26           4   1.7919314955087480E-002
          26           5   5.8233991235431175E-003
          26           6   7.5811988435306139E-010
          26           7  -3.0726450951252350E-010
          26           8   1.7378432360984419E-011
          26           9  -2.5958543884315876E-009
          26          10   1.0440824770923188E-009
          26          11  -5.9528663497217217E-011
          26          12   7.5121338673497396E-009
          26          13  -2.9711760852334931E-009
          26          14   1.8465218730448483E-010
          26          15  -1.8694127136653612E-003
          26          16  -4.0123168467289527E-003
          26          17 -0.18524301903452012     
          26          18   7.6772945015181923E-004
          26          19   4.4934847996104586E-004
          26          20  0.18553325869778164     
          26          21   3.6092808775873998E-003
          26          22   2.5642278218332287E-003
          26          23  -6.2689523633437327E-002
          26          24   5.5191454480517561E-004
          26          25   9.2293382033716760E-005
          26          26   6.3678453235099020E-002
