           1           1   2.2461080558410549     
           1           2 -0.80466453888288159     
           1           3  0.24314481182442652     
           1           4  -1.4162357343204488E-002
           1           5  -1.1841883756620762E-002
           1           6  -1.6020855742796223E-010
           1           7   1.8837855109695134E-009
           1           8   2.9694800537393535E-009
           1           9   1.2540789499233389E-009
           1          10  -2.1966977759647964E-009
           1          11   3.6065133964129526E-010
           1          12  -1.4722270970158420E-011
           1          13  -2.9653969578501731E-011
           1          14   1.0520668237069218E-010
           1          15   1.2874424346610213E-002
           1          16   2.9375162946339727E-008
           1          17   1.2874407493689299E-002
           1          18   1.1389202720436665E-008
           1          19   1.5808446234794768E-008
           1          20   1.2874436680803044E-002
           1          21   1.8567077099250419E-005
           1          22   8.7733933625294676E-009
           1          23   1.8562046303942305E-005
           1          24   3.3641566519129948E-009
           1          25   4.6861994602977952E-009
           1          26   1.8570620826185308E-005
           2           1 -0.80466453888288159     
           2           2   2.6340767819037563     
           2           3 -0.99745538163038328     
           2           4   4.6000595458746359E-002
           2           5   3.3225465227485068E-002
           2           6   7.9110488796616466E-010
           2           7  -6.2173327106713112E-009
           2           8  -8.8270385777607770E-009
           2           9  -4.8799440732880054E-009
           2          10   8.1526139186107941E-009
           2          11  -1.0243218224952167E-009
           2          12   1.9681548495841339E-011
           2          13   1.1853864018912795E-010
           2          14  -3.0189126794588958E-010
           2          15  -6.0175489767692655E-003
           2          16  -8.7336492115288311E-008
           2          17  -6.0174995870406443E-003
           2          18  -3.3771434328374568E-008
           2          19  -4.6362919265898128E-008
           2          20  -6.0175858299156715E-003
           2          21  -2.5925129021666243E-003
           2          22  -2.5212816223150651E-008
           2          23  -2.5924987226345940E-003
           2          24  -9.6115864243245653E-009
           2          25  -1.3199761235429058E-008
           2          26  -2.5925230756310945E-003
           3           1  0.24314481182442652     
           3           2 -0.99745538163038328     
           3           3   2.4584551239543995     
           3           4 -0.14850260581629948     
           3           5 -0.11234208994872667     
           3           6  -1.6447165987223011E-009
           3           7   6.7144319280671300E-009
           3           8  -1.2949044630249649E-009
           3           9   1.0162911845503672E-008
           3          10  -2.0456524401086372E-008
           3          11   3.4058593941696839E-009
           3          12  -1.5654933225694662E-010
           3          13  -2.5064757975997093E-010
           3          14   1.1757250583259233E-009
           3          15   9.8877580746898393E-004
           3          16   4.1975529100413819E-007
           3          17   9.8852073443052128E-004
           3          18   1.6495429835689506E-007
           3          19   2.3966792793965296E-007
           3          20   9.8894626808689393E-004
           3          21   1.4206214903188141E-003
           3          22   1.3692617483149613E-007
           3          23   1.4205373569611021E-003
           3          24   5.3658559350230064E-008
           3          25   7.8789230619502737E-008
           3          26   1.4206755343496059E-003
           4           1  -1.4162357343204488E-002
           4           2   4.6000595458746359E-002
           4           3 -0.14850260581629948     
           4           4  0.36468794306020913     
           4           5  0.27083390795580997     
           4           6  -3.1750093302733347E-009
           4           7   1.8010233942078600E-009
           4           8   7.7493428378274762E-009
           4           9   1.8543629953895254E-008
           4          10  -1.3405437992063150E-009
           4          11  -1.5907231952144269E-008
           4          12   1.2038347137121331E-009
           4          13  -2.3595091984463884E-010
           4          14  -3.0987788795931201E-009
           4          15  -2.0668184658908181E-002
           4          16  -6.9421635952745610E-007
           4          17  -2.0667801769701680E-002
           4          18  -2.7104923674071217E-007
           4          19  -3.6635629378547976E-007
           4          20  -2.0668510306378469E-002
           4          21   1.2444842461685656E-002
           4          22  -2.4220176299412464E-007
           4          23   1.2444975208766402E-002
           4          24  -9.4354141966933367E-008
           4          25  -1.2713417889217791E-007
           4          26   1.2444728386097066E-002
           5           1  -1.1841883756620762E-002
           5           2   3.3225465227485068E-002
           5           3 -0.11234208994872667     
           5           4  0.27083390795580997     
           5           5  0.20113823127439487     
           5           6   2.6397149828698750E-009
           5           7  -2.5708894517231701E-009
           5           8  -2.6291937760795518E-009
           5           9  -1.2412839901209330E-008
           5          10   5.4115672924046408E-009
           5          11   5.3215317680413485E-009
           5          12   7.5878578325526419E-010
           5          13  -1.2884843556352225E-010
           5          14  -2.2100958937695259E-009
           5          15  -1.5346877099579961E-002
           5          16  -1.4200428661550937E-007
           5          17  -1.5346744611742524E-002
           5          18  -5.4619376996469724E-008
           5          19  -1.0848773356381005E-007
           5          20  -1.5346879799935896E-002
           5          21   9.2382594553331605E-003
           5          22  -4.2223569247838902E-008
           5          23   9.2383036410817066E-003
           5          24  -1.6062098643020704E-008
           5          25  -3.5152626460329085E-008
           5          26   9.2382644391405880E-003
           6           1  -1.6020855742796223E-010
           6           2   7.9110488796616466E-010
           6           3  -1.6447165987223011E-009
           6           4  -3.1750093302733347E-009
           6           5   2.6397149828698750E-009
           6           6   2.3001176555454297     
           6           7   8.8216831869184418E-010
           6           8  -6.3965898991302619E-010
           6           9 -0.82984737877439652     
           6          10  -2.8130182761952029E-009
           6          11  -3.2190407828928076E-010
           6          12  -7.9607768860538476E-003
           6          13   8.2408307653780724E-009
           6          14  -1.1042826820617363E-009
           6          15  -4.5634640473109822E-009
           6          16   2.5350006932138461E-009
           6          17   5.1358459306836483E-010
           6          18   3.5291898515605092E-010
           6          19   4.5703849553959622E-009
           6          20   1.8684650728376262E-009
           6          21   1.5000651088159783E-009
           6          22   2.6716561143155556E-009
           6          23   9.4078056739378756E-010
           6          24  -8.8493844354547956E-010
           6          25  -9.7737301703856780E-010
           6          26   7.7916572047557764E-010
           7           1   1.8837855109695134E-009
           7           2  -6.2173327106713112E-009
           7           3   6.7144319280671300E-009
           7           4   1.8010233942078600E-009
           7           5  -2.5708894517231701E-009
           7           6   8.8216831869184418E-010
           7           7   2.3001176536963253     
           7           8   9.7728970514824656E-010
           7           9  -3.4802108613041367E-009
           7          10 -0.82984737430902411     
           7          11  -2.3376001501867496E-009
           7          12   4.5044229654539020E-009
           7          13  -7.9607836125837259E-003
           7          14   7.1308306670596208E-009
           7          15  -3.1571895018851839E-010
           7          16   9.3058513593125775E-010
           7          17  -8.3540885158831753E-010
           7          18  -1.6570552998855375E-009
           7          19  -5.1381020902003025E-009
           7          20   1.7648491434820065E-009
           7          21  -3.3071192243072939E-009
           7          22  -1.9523444688837187E-009
           7          23  -3.1883070778267781E-009
           7          24   3.1612062984749624E-009
           7          25   8.4447761594870150E-010
           7          26  -8.3162713995793273E-010
           8           1   2.9694800537393535E-009
           8           2  -8.8270385777607770E-009
           8           3  -1.2949044630249649E-009
           8           4   7.7493428378274762E-009
           8           5  -2.6291937760795518E-009
           8           6  -6.3965898991302619E-010
           8           7   9.7728970514824656E-010
           8           8   2.3001176561423531     
           8           9   1.8226403548006611E-009
           8          10  -2.7802140537728319E-009
           8          11 -0.82984738016691895     
           8          12   8.6527927108491685E-010
           8          13   1.9979355014825389E-009
           8          14  -7.9607738053566884E-003
           8          15   1.0262397694457290E-009
           8          16  -2.2499632975304235E-009
           8          17  -3.1958197240046985E-010
           8          18   2.0322117504747007E-010
           8          19  -3.8105471056264335E-009
           8          20  -1.7869694740039599E-009
           8          21  -4.0667597877816081E-009
           8          22   1.8801443260875860E-009
           8          23  -2.2560342796396869E-009
           8          24   1.0059811765875592E-010
           8          25  -1.1240892285003020E-010
           8          26   2.7624785237814285E-010
           9           1   1.2540789499233389E-009
           9           2  -4.8799440732880054E-009
           9           3   1.0162911845503672E-008
           9           4   1.8543629953895254E-008
           9           5  -1.2412839901209330E-008
           9           6 -0.82984737877439652     
           9           7  -3.4802108613041367E-009
           9           8   1.8226403548006611E-009
           9           9   2.2954858654956207     
           9          10   1.0649010423386259E-008
           9          11   6.6333774511885023E-010
           9          12   1.0594626958280926E-002
           9          13  -2.3426517041485669E-008
           9          14   2.1430182075182336E-009
           9          15   1.0708421699105203E-008
           9          16  -7.4432617386203480E-009
           9          17  -4.2582250768862714E-009
           9          18  -1.5127772384439760E-009
           9          19  -1.2144085091554436E-008
           9          20  -7.8353871160837028E-009
           9          21  -8.3634682549503415E-009
           9          22  -4.9773337920060837E-009
           9          23  -6.0292262105216926E-009
           9          24   3.7799539154144817E-009
           9          25   2.6300791236742092E-009
           9          26  -3.1638495344373845E-009
          10           1  -2.1966977759647964E-009
          10           2   8.1526139186107941E-009
          10           3  -2.0456524401086372E-008
          10           4  -1.3405437992063150E-009
          10           5   5.4115672924046408E-009
          10           6  -2.8130182761952029E-009
          10           7 -0.82984737430902411     
          10           8  -2.7802140537728319E-009
          10           9   1.0649010423386259E-008
          10          10   2.2954858547284696     
          10          11   6.6545829432054484E-009
          10          12  -1.3833242868876026E-008
          10          13   1.0594645770970801E-002
          10          14  -1.8357418169399447E-008
          10          15   1.3999083081230053E-009
          10          16  -2.2601360396157884E-009
          10          17   3.9247953084057024E-009
          10          18   3.8739385063380604E-009
          10          19   1.4587046072283838E-008
          10          20  -4.6924202412850408E-009
          10          21   8.1618709583575748E-009
          10          22   6.7757971784778090E-009
          10          23   6.3878943005708622E-009
          10          24  -8.0968131171278975E-009
          10          25  -2.7294099876109053E-009
          10          26   1.7261506570630590E-009
          11           1   3.6065133964129526E-010
          11           2  -1.0243218224952167E-009
          11           3   3.4058593941696839E-009
          11           4  -1.5907231952144269E-008
          11           5   5.3215317680413485E-009
          11           6  -3.2190407828928076E-010
          11           7  -2.3376001501867496E-009
          11           8 -0.82984738016691895     
          11           9   6.6333774511885023E-010
          11          10   6.6545829432054484E-009
          11          11   2.2954858683992532     
          11          12  -4.5247785443376076E-009
          11          13  -4.9154411347207007E-009
          11          14   1.0594621821039265E-002
          11          15  -5.7495405825961788E-009
          11          16   6.5823975066229688E-009
          11          17   1.9416357688575257E-009
          11          18  -5.5121753837141112E-010
          11          19   9.8660092185382095E-009
          11          20   5.1683003416017471E-009
          11          21   8.8234385970862363E-009
          11          22  -3.4565710817360710E-009
          11          23   4.1272208119857490E-009
          11          24   1.2108732673983671E-009
          11          25  -1.0167333562353496E-009
          11          26  -1.9274540827034653E-009
          12           1  -1.4722270970158420E-011
          12           2   1.9681548495841339E-011
          12           3  -1.5654933225694662E-010
          12           4   1.2038347137121331E-009
          12           5   7.5878578325526419E-010
          12           6  -7.9607768860538476E-003
          12           7   4.5044229654539020E-009
          12           8   8.6527927108491685E-010
          12           9   1.0594626958280926E-002
          12          10  -1.3833242868876026E-008
          12          11  -4.5247785443376076E-009
          12          12   6.1312396431916847E-005
          12          13  -9.3948570939803164E-011
          12          14   3.4651430610962919E-011
          12          15  -7.9485016271290613E-009
          12          16  -2.2391771878348095E-009
          12          17  -2.0975358258380528E-009
          12          18   4.0231247540723275E-009
          12          19  -4.3833519835951771E-009
          12          20   9.8482648076310488E-009
          12          21  -3.1165332424275325E-009
          12          22  -8.3418537750811084E-010
          12          23  -7.6615560927687132E-010
          12          24   1.5874959012409625E-009
          12          25  -1.6896301617455624E-009
          12          26   3.8966916622801160E-009
          13           1  -2.9653969578501731E-011
          13           2   1.1853864018912795E-010
          13           3  -2.5064757975997093E-010
          13           4  -2.3595091984463884E-010
          13           5  -1.2884843556352225E-010
          13           6   8.2408307653780724E-009
          13           7  -7.9607836125837259E-003
          13           8   1.9979355014825389E-009
          13           9  -2.3426517041485669E-008
          13          10   1.0594645770970801E-002
          13          11  -4.9154411347207007E-009
          13          12  -9.3948570939803164E-011
          13          13   6.1312539792193310E-005
          13          14  -7.6194505309665590E-011
          13          15  -1.3227111639658604E-008
          13          16  -1.1611740174858302E-009
          13          17  -5.9433717559883799E-009
          13          18   3.5632822380338312E-009
          13          19  -4.2050016357013724E-009
          13          20   1.9214151176033128E-008
          13          21  -5.0995339075492925E-009
          13          22  -3.4607100125124337E-010
          13          23  -2.2738741059580730E-009
          13          24   1.3353323655445994E-009
          13          25  -1.7398312702975140E-009
          13          26   7.4453089152132575E-009
          14           1   1.0520668237069218E-010
          14           2  -3.0189126794588958E-010
          14           3   1.1757250583259233E-009
          14           4  -3.0987788795931201E-009
          14           5  -2.2100958937695259E-009
          14           6  -1.1042826820617363E-009
          14           7   7.1308306670596208E-009
          14           8  -7.9607738053566884E-003
          14           9   2.1430182075182336E-009
          14          10  -1.8357418169399447E-008
          14          11   1.0594621821039265E-002
          14          12   3.4651430610962919E-011
          14          13  -7.6194505309665590E-011
          14          14   6.1312389349802357E-005
          14          15   6.8362660567837911E-010
          14          16   4.2597695613371579E-009
          14          17   1.6124738115290605E-009
          14          18  -1.6818922604941592E-009
          14          19  -3.8946521075879762E-009
          14          20  -1.7807771889687839E-009
          14          21   1.6068880855247018E-010
          14          22   1.6497810717604410E-009
          14          23   5.0098657355186027E-010
          14          24  -6.5628047961377355E-010
          14          25  -1.5302716984688501E-009
          14          26  -9.0970048185610100E-010
          15           1   1.2874424346610213E-002
          15           2  -6.0175489767692655E-003
          15           3   9.8877580746898393E-004
          15           4  -2.0668184658908181E-002
          15           5  -1.5346877099579961E-002
          15           6  -4.5634640473109822E-009
          15           7  -3.1571895018851839E-010
          15           8   1.0262397694457290E-009
          15           9   1.0708421699105203E-008
          15          10   1.3999083081230053E-009
          15          11  -5.7495405825961788E-009
          15          12  -7.9485016271290613E-009
          15          13  -1.3227111639658604E-008
          15          14   6.8362660567837911E-010
          15          15   1.4253709711393316     
          15          16  -3.2885936493272039E-008
          15          17 -0.71077666107220794     
          15          18  -9.5690369757023700E-009
          15          19  -1.4599472779522571E-008
          15          20 -0.71077667618417117     
          15          21  0.54482206011176859     
          15          22  -5.9016474067354759E-009
          15          23 -0.27349756074686760     
          15          24  -1.0905506880712886E-008
          15          25  -1.1903319062308223E-008
          15          26 -0.27349758531654167     
          16           1   2.9375162946339727E-008
          16           2  -8.7336492115288311E-008
          16           3   4.1975529100413819E-007
          16           4  -6.9421635952745610E-007
          16           5  -1.4200428661550937E-007
          16           6   2.5350006932138461E-009
          16           7   9.3058513593125775E-010
          16           8  -2.2499632975304235E-009
          16           9  -7.4432617386203480E-009
          16          10  -2.2601360396157884E-009
          16          11   6.5823975066229688E-009
          16          12  -2.2391771878348095E-009
          16          13  -1.1611740174858302E-009
          16          14   4.2597695613371579E-009
          16          15  -3.2885936493272039E-008
          16          16   1.4240984489943032     
          16          17  -3.6149119312610476E-008
          16          18   1.5800130484107795E-008
          16          19   1.6611777189657822E-008
          16          20  -1.5649067694620103E-008
          16          21  -9.6179537771415239E-008
          16          22  0.54554641334039033     
          16          23  -9.1826516889349043E-008
          16          24  -6.0873944430524796E-009
          16          25  -1.0468460911089280E-008
          16          26  -1.0148687665859067E-007
          17           1   1.2874407493689299E-002
          17           2  -6.0174995870406443E-003
          17           3   9.8852073443052128E-004
          17           4  -2.0667801769701680E-002
          17           5  -1.5346744611742524E-002
          17           6   5.1358459306836483E-010
          17           7  -8.3540885158831753E-010
          17           8  -3.1958197240046985E-010
          17           9  -4.2582250768862714E-009
          17          10   3.9247953084057024E-009
          17          11   1.9416357688575257E-009
          17          12  -2.0975358258380528E-009
          17          13  -5.9433717559883799E-009
          17          14   1.6124738115290605E-009
          17          15 -0.71077666107220794     
          17          16  -3.6149119312610476E-008
          17          17   1.4253710233464991     
          17          18  -5.6312604895717452E-009
          17          19  -2.6238098491857730E-008
          17          20 -0.71077666170816067     
          17          21 -0.27349752603103350     
          17          22  -6.4321802358733794E-009
          17          23  0.54482211142658521     
          17          24  -6.8799221698615348E-009
          17          25  -6.0126395613436181E-009
          17          26 -0.27349752990294374     
          18           1   1.1389202720436665E-008
          18           2  -3.3771434328374568E-008
          18           3   1.6495429835689506E-007
          18           4  -2.7104923674071217E-007
          18           5  -5.4619376996469724E-008
          18           6   3.5291898515605092E-010
          18           7  -1.6570552998855375E-009
          18           8   2.0322117504747007E-010
          18           9  -1.5127772384439760E-009
          18          10   3.8739385063380604E-009
          18          11  -5.5121753837141112E-010
          18          12   4.0231247540723275E-009
          18          13   3.5632822380338312E-009
          18          14  -1.6818922604941592E-009
          18          15  -9.5690369757023700E-009
          18          16   1.5800130484107795E-008
          18          17  -5.6312604895717452E-009
          18          18   1.4240984904084213     
          18          19   4.1238000434589214E-008
          18          20  -2.0174226757153204E-008
          18          21  -3.3658264891453579E-008
          18          22  -1.3401791819826367E-008
          18          23  -4.1997479037300948E-008
          18          24  0.54554638818675349     
          18          25  -2.1543933798572193E-008
          18          26  -3.6396470550011780E-008
          19           1   1.5808446234794768E-008
          19           2  -4.6362919265898128E-008
          19           3   2.3966792793965296E-007
          19           4  -3.6635629378547976E-007
          19           5  -1.0848773356381005E-007
          19           6   4.5703849553959622E-009
          19           7  -5.1381020902003025E-009
          19           8  -3.8105471056264335E-009
          19           9  -1.2144085091554436E-008
          19          10   1.4587046072283838E-008
          19          11   9.8660092185382095E-009
          19          12  -4.3833519835951771E-009
          19          13  -4.2050016357013724E-009
          19          14  -3.8946521075879762E-009
          19          15  -1.4599472779522571E-008
          19          16   1.6611777189657822E-008
          19          17  -2.6238098491857730E-008
          19          18   4.1238000434589214E-008
          19          19   1.4240984661539646     
          19          20  -2.2104765660549770E-008
          19          21  -4.9174454841855491E-008
          19          22  -9.5330814360710763E-009
          19          23  -4.1902141895979668E-008
          19          24  -2.8308320002391128E-008
          19          25  0.54554640290481904     
          19          26  -4.6531678576322322E-008
          20           1   1.2874436680803044E-002
          20           2  -6.0175858299156715E-003
          20           3   9.8894626808689393E-004
          20           4  -2.0668510306378469E-002
          20           5  -1.5346879799935896E-002
          20           6   1.8684650728376262E-009
          20           7   1.7648491434820065E-009
          20           8  -1.7869694740039599E-009
          20           9  -7.8353871160837028E-009
          20          10  -4.6924202412850408E-009
          20          11   5.1683003416017471E-009
          20          12   9.8482648076310488E-009
          20          13   1.9214151176033128E-008
          20          14  -1.7807771889687839E-009
          20          15 -0.71077667618417117     
          20          16  -1.5649067694620103E-008
          20          17 -0.71077666170816067     
          20          18  -2.0174226757153204E-008
          20          19  -2.2104765660549770E-008
          20          20   1.4253709460783357     
          20          21 -0.27349762408427125     
          20          22  -1.9837935546007679E-008
          20          23 -0.27349761509776149     
          20          24   4.2429929977691846E-009
          20          25  -6.2711966874212648E-009
          20          26  0.54482201538695729     
          21           1   1.8567077099250419E-005
          21           2  -2.5925129021666243E-003
          21           3   1.4206214903188141E-003
          21           4   1.2444842461685656E-002
          21           5   9.2382594553331605E-003
          21           6   1.5000651088159783E-009
          21           7  -3.3071192243072939E-009
          21           8  -4.0667597877816081E-009
          21           9  -8.3634682549503415E-009
          21          10   8.1618709583575748E-009
          21          11   8.8234385970862363E-009
          21          12  -3.1165332424275325E-009
          21          13  -5.0995339075492925E-009
          21          14   1.6068880855247018E-010
          21          15  0.54482206011176859     
          21          16  -9.6179537771415239E-008
          21          17 -0.27349752603103350     
          21          18  -3.3658264891453579E-008
          21          19  -4.9174454841855491E-008
          21          20 -0.27349762408427125     
          21          21  0.20951970050878116     
          21          22  -3.1929202598794992E-008
          21          23 -0.10409465026488313     
          21          24  -1.4802070303109498E-008
          21          25  -2.0359557456847832E-008
          21          26 -0.10409469350865297     
          22           1   8.7733933625294676E-009
          22           2  -2.5212816223150651E-008
          22           3   1.3692617483149613E-007
          22           4  -2.4220176299412464E-007
          22           5  -4.2223569247838902E-008
          22           6   2.6716561143155556E-009
          22           7  -1.9523444688837187E-009
          22           8   1.8801443260875860E-009
          22           9  -4.9773337920060837E-009
          22          10   6.7757971784778090E-009
          22          11  -3.4565710817360710E-009
          22          12  -8.3418537750811084E-010
          22          13  -3.4607100125124337E-010
          22          14   1.6497810717604410E-009
          22          15  -5.9016474067354759E-009
          22          16  0.54554641334039033     
          22          17  -6.4321802358733794E-009
          22          18  -1.3401791819826367E-008
          22          19  -9.5330814360710763E-009
          22          20  -1.9837935546007679E-008
          22          21  -3.1929202598794992E-008
          22          22  0.20907623741258541     
          22          23  -2.9950350898598135E-008
          22          24  -9.2484001080457787E-009
          22          25  -9.8879988034144992E-009
          22          26  -4.2696950409656724E-008
          23           1   1.8562046303942305E-005
          23           2  -2.5924987226345940E-003
          23           3   1.4205373569611021E-003
          23           4   1.2444975208766402E-002
          23           5   9.2383036410817066E-003
          23           6   9.4078056739378756E-010
          23           7  -3.1883070778267781E-009
          23           8  -2.2560342796396869E-009
          23           9  -6.0292262105216926E-009
          23          10   6.3878943005708622E-009
          23          11   4.1272208119857490E-009
          23          12  -7.6615560927687132E-010
          23          13  -2.2738741059580730E-009
          23          14   5.0098657355186027E-010
          23          15 -0.27349756074686760     
          23          16  -9.1826516889349043E-008
          23          17  0.54482211142658521     
          23          18  -4.1997479037300948E-008
          23          19  -4.1902141895979668E-008
          23          20 -0.27349761509776149     
          23          21 -0.10409465026488313     
          23          22  -2.9950350898598135E-008
          23          23  0.20951972925384160     
          23          24  -1.7289316987650295E-008
          23          25  -1.3145885610894085E-008
          23          26 -0.10409467190724847     
          24           1   3.3641566519129948E-009
          24           2  -9.6115864243245653E-009
          24           3   5.3658559350230064E-008
          24           4  -9.4354141966933367E-008
          24           5  -1.6062098643020704E-008
          24           6  -8.8493844354547956E-010
          24           7   3.1612062984749624E-009
          24           8   1.0059811765875592E-010
          24           9   3.7799539154144817E-009
          24          10  -8.0968131171278975E-009
          24          11   1.2108732673983671E-009
          24          12   1.5874959012409625E-009
          24          13   1.3353323655445994E-009
          24          14  -6.5628047961377355E-010
          24          15  -1.0905506880712886E-008
          24          16  -6.0873944430524796E-009
          24          17  -6.8799221698615348E-009
          24          18  0.54554638818675349     
          24          19  -2.8308320002391128E-008
          24          20   4.2429929977691846E-009
          24          21  -1.4802070303109498E-008
          24          22  -9.2484001080457787E-009
          24          23  -1.7289316987650295E-008
          24          24  0.20907621291291534     
          24          25  -2.4477964718640101E-008
          24          26  -8.3694676750103200E-009
          25           1   4.6861994602977952E-009
          25           2  -1.3199761235429058E-008
          25           3   7.8789230619502737E-008
          25           4  -1.2713417889217791E-007
          25           5  -3.5152626460329085E-008
          25           6  -9.7737301703856780E-010
          25           7   8.4447761594870150E-010
          25           8  -1.1240892285003020E-010
          25           9   2.6300791236742092E-009
          25          10  -2.7294099876109053E-009
          25          11  -1.0167333562353496E-009
          25          12  -1.6896301617455624E-009
          25          13  -1.7398312702975140E-009
          25          14  -1.5302716984688501E-009
          25          15  -1.1903319062308223E-008
          25          16  -1.0468460911089280E-008
          25          17  -6.0126395613436181E-009
          25          18  -2.1543933798572193E-008
          25          19  0.54554640290481904     
          25          20  -6.2711966874212648E-009
          25          21  -2.0359557456847832E-008
          25          22  -9.8879988034144992E-009
          25          23  -1.3145885610894085E-008
          25          24  -2.4477964718640101E-008
          25          25  0.20907622727073893     
          25          26  -1.5636610034505430E-008
          26           1   1.8570620826185308E-005
          26           2  -2.5925230756310945E-003
          26           3   1.4206755343496059E-003
          26           4   1.2444728386097066E-002
          26           5   9.2382644391405880E-003
          26           6   7.7916572047557764E-010
          26           7  -8.3162713995793273E-010
          26           8   2.7624785237814285E-010
          26           9  -3.1638495344373845E-009
          26          10   1.7261506570630590E-009
          26          11  -1.9274540827034653E-009
          26          12   3.8966916622801160E-009
          26          13   7.4453089152132575E-009
          26          14  -9.0970048185610100E-010
          26          15 -0.27349758531654167     
          26          16  -1.0148687665859067E-007
          26          17 -0.27349752990294374     
          26          18  -3.6396470550011780E-008
          26          19  -4.6531678576322322E-008
          26          20  0.54482201538695729     
          26          21 -0.10409469350865297     
          26          22  -4.2696950409656724E-008
          26          23 -0.10409467190724847     
          26          24  -8.3694676750103200E-009
          26          25  -1.5636610034505430E-008
          26          26  0.20951967193614540     
